,Rk,Date,G#,Week,Age,Tm,Unnamed: 6_level_1,Opp,Result,Int,Tgt,Cmp,Cmp%,Yds,Yds/Cmp,Yds/Tgt,TD,Rat,DADOT,Air,YAC,Bltz,Hrry,QBKD,Sk,Prss,Comb,MTkl,MTkl%,Year
0,1.0,2023-09-10,1.0,1.0,22.002,CLE,,CIN,W 24-3,0,0,0,,0,,,0,,,0,0,0,0,0,0.0,0,1.0,0,0.0%,2023
1,2.0,2023-09-18,2.0,2.0,22.01,CLE,@,PIT,L 22-26,0,0,0,,0,,,0,,,0,0,0,0,0,0.0,0,1.0,0,0.0%,2023
2,3.0,2023-09-24,3.0,3.0,22.016,CLE,,TEN,W 27-3,0,4,3,75.0%,56,18.7,14.0,0,116.7,9.5,31,25,1,0,0,0.0,0,1.0,2,66.7%,2023
3,4.0,2023-10-01,4.0,4.0,22.023,CLE,,BAL,L 3-28,0,0,0,,0,,,0,,,0,0,0,0,0,,0,,0,,2023
4,5.0,2023-10-15,5.0,6.0,22.037,CLE,,SFO,W 19-17,0,0,0,,0,,,0,,,0,0,0,0,0,,0,,0,,2023
5,6.0,2023-10-22,6.0,7.0,22.044,CLE,@,IND,W 39-38,0,0,0,,0,,,0,,,0,0,0,0,0,,0,,0,,2023
6,7.0,2023-10-29,7.0,8.0,22.051,CLE,@,SEA,L 20-24,0,3,2,66.7%,11,5.5,3.7,0,72.9,3.3,8,3,1,0,0,0.0,0,2.0,0,0.0%,2023
7,8.0,2023-11-05,8.0,9.0,22.058,CLE,,ARI,W 27-0,0,4,2,50.0%,3,1.5,0.8,0,56.2,-1.0,-2,5,1,0,0,0.0,0,4.0,0,0.0%,2023
8,9.0,2023-12-10,13.0,14.0,22.093,CLE,,JAX,W 31-27,0,6,4,66.7%,40,10.0,6.7,0,85.4,7.5,15,25,2,0,0,0.0,0,2.0,2,50.0%,2023
9,10.0,2023-12-17,14.0,15.0,22.1,CLE,,CHI,W 20-17,0,3,1,33.3%,5,5.0,1.7,0,42.4,6.7,5,0,1,0,0,1.0,1,1.0,0,0.0%,2023
10,11.0,2023-12-24,15.0,16.0,22.107,CLE,@,HOU,W 36-22,0,1,1,100.0%,2,2.0,2.0,0,79.2,1.0,1,1,0,0,0,0.0,0,1.0,0,0.0%,2023
11,12.0,2023-12-28,16.0,17.0,22.111,CLE,,NYJ,W 37-20,0,0,0,,0,,,0,,,0,0,0,0,0,,0,,0,,2023
12,13.0,2024-01-07,17.0,18.0,22.121,CLE,@,CIN,L 14-31,0,5,5,100.0%,56,11.2,11.2,1,152.9,7.2,36,20,1,0,0,0.0,0,5.0,2,28.6%,2023
13,,13 Games,,,,,,,9-4-0,0,26,18,69.2%,173,9.6,6.7,1,100.3,5.6,94,79,7,0,0,1.0,1,18.0,6,25.0%,2023
