,Rk,Date,G#,Week,Age,Tm,Unnamed: 6_level_1,Opp,Result,Tgt,Rec,Yds,TD,1D,YBC,YBC/R,YAC,YAC/R,ADOT,BrkTkl,Rec/Br,Drop,Drop%,Int,Rat
0,1.0,2023-09-10,1.0,1.0,27.062,CLE,,CIN,W 24-3,3,2,24,0,1.0,2,1.0,22,11.0,2.3,0,,0,0.0,0,91.0
1,2.0,2023-09-18,2.0,2.0,27.07,CLE,@,PIT,L 22-26,4,4,48,0,1.0,9,2.3,39,9.8,2.3,0,,0,0.0,0,116.7
2,3.0,2023-09-24,3.0,3.0,27.076,CLE,,TEN,W 27-3,4,4,20,0,,4,1.0,16,4.0,1.0,0,,0,0.0,0,87.5
3,4.0,2023-10-01,4.0,4.0,27.083,CLE,,BAL,L 3-28,7,6,46,0,3.0,24,4.0,22,3.7,6.0,0,,0,0.0,0,94.0
4,5.0,2023-10-15,5.0,6.0,27.097,CLE,,SFO,W 19-17,4,3,24,0,1.0,5,1.7,19,6.3,4.8,0,,0,0.0,0,89.6
5,6.0,2023-10-22,6.0,7.0,27.104,CLE,@,IND,W 39-38,9,5,54,0,4.0,12,2.4,42,8.4,2.6,1,5.0,1,11.1,0,73.4
6,7.0,2023-10-29,7.0,8.0,27.111,CLE,@,SEA,L 20-24,8,4,77,1,2.0,1,0.3,76,19.0,5.6,0,,0,0.0,1,83.9
7,8.0,2023-11-05,8.0,9.0,27.118,CLE,,ARI,W 27-0,6,4,26,1,1.0,3,0.8,23,5.8,1.0,1,4.0,1,16.7,0,115.3
8,9.0,2023-11-12,9.0,10.0,27.125,CLE,@,BAL,W 33-31,9,6,58,0,2.0,0,0.0,58,9.7,0.6,2,3.0,2,22.2,1,44.9
9,10.0,2023-11-19,10.0,11.0,27.132,CLE,,PIT,W 13-10,15,7,56,0,4.0,22,3.1,34,4.9,3.7,0,,5,33.3,0,56.5
10,11.0,2023-11-26,11.0,12.0,27.139,CLE,@,DEN,L 12-29,9,6,59,0,3.0,41,6.8,18,3.0,7.4,0,,1,11.1,0,85.0
11,12.0,2023-12-03,12.0,13.0,27.146,CLE,@,LAR,L 19-36,6,2,17,0,1.0,-1,-0.5,18,9.0,7.0,1,2.0,0,0.0,0,42.4
12,13.0,2023-12-10,13.0,14.0,27.153,CLE,,JAX,W 31-27,8,6,91,2,4.0,52,8.7,39,6.5,6.9,2,3.0,1,12.5,0,151.6
13,,13 Games,,,,,,,8-5-0,92,59,600,4,27.0,174,2.9,426,7.2,4.1,7,8.4,11,12.0,2,88.1
