,Rk,Date,G#,Week,Age,Tm,Unnamed: 6_level_1,Opp,Result,Int,Tgt,Cmp,Cmp%,Yds,Yds/Cmp,Yds/Tgt,TD,Rat,DADOT,Air,YAC,Bltz,Hrry,QBKD,Sk,Prss,Comb,MTkl,MTkl%
0,1.0,2023-09-10,1.0,1.0,24.355,CLE,,CIN,W 24-3,0,8,4,50.0%,18,4.5,2.3,0,56.2,6.8,17,1,1,0,1,0.0,1,8,0,0.0%
1,2.0,2023-09-18,2.0,2.0,24.363,CLE,@,PIT,L 22-26,1,2,1,50.0%,0,0.0,0.0,0,16.7,0.0,-3,3,3,0,0,0.0,0,6,1,14.3%
2,3.0,2023-09-24,3.0,3.0,25.004,CLE,,TEN,W 27-3,0,2,2,100.0%,8,4.0,4.0,0,83.3,3.0,6,2,3,0,0,0.0,0,2,1,33.3%
3,4.0,2023-10-01,4.0,4.0,25.011,CLE,,BAL,L 3-28,0,0,0,,0,,,0,,,0,0,1,0,0,0.0,0,5,0,0.0%
4,5.0,2023-10-15,5.0,6.0,25.025,CLE,,SFO,W 19-17,0,1,1,100.0%,1,1.0,1.0,0,79.2,3.0,3,-2,0,0,0,0.0,0,6,1,14.3%
5,6.0,2023-10-22,6.0,7.0,25.032,CLE,@,IND,W 39-38,0,4,3,75.0%,59,19.7,14.8,1,156.2,5.0,14,45,2,1,0,0.0,1,10,2,16.7%
6,7.0,2023-10-29,7.0,8.0,25.039,CLE,@,SEA,L 20-24,0,1,1,100.0%,7,7.0,7.0,0,95.8,1.0,1,6,1,0,0,0.0,0,6,0,0.0%
7,8.0,2023-11-05,8.0,9.0,25.046,CLE,,ARI,W 27-0,0,3,2,66.7%,10,5.0,3.3,0,71.5,-2.0,-1,11,2,0,0,0.5,1,10,0,0.0%
8,9.0,2023-11-12,9.0,10.0,25.053,CLE,@,BAL,W 33-31,0,2,2,100.0%,44,22.0,22.0,0,118.7,9.5,19,25,3,0,0,0.0,0,6,0,0.0%
9,10.0,2023-11-19,10.0,11.0,25.06,CLE,,PIT,W 13-10,0,4,4,100.0%,43,10.8,10.8,0,111.5,1.3,5,38,4,1,0,0.0,1,7,0,0.0%
10,11.0,2023-11-26,11.0,12.0,25.067,CLE,@,DEN,L 12-29,0,1,0,0.0%,0,,0.0,0,39.6,8.0,0,0,5,1,0,0.0,1,4,1,20.0%
11,12.0,2023-12-03,12.0,13.0,25.074,CLE,@,LAR,L 19-36,0,1,1,100.0%,9,9.0,9.0,0,104.2,1.0,1,8,3,0,1,0.0,1,4,0,0.0%
12,13.0,2023-12-10,13.0,14.0,25.081,CLE,,JAX,W 31-27,0,4,3,75.0%,35,11.7,8.8,1,140.6,11.0,30,5,5,0,0,1.0,1,6,0,0.0%
13,,13 Games,,,,,,,8-5-0,1,33,24,72.7%,234,9.8,7.1,2,99.8,4.7,92,142,33,3,2,1.5,7,80,6,7.0%
