,Rk,Date,G#,Week,Age,Tm,Unnamed: 6_level_1,Opp,Result,Int,Tgt,Cmp,Cmp%,Yds,Yds/Cmp,Yds/Tgt,TD,Rat,DADOT,Air,YAC,Bltz,Hrry,QBKD,Sk,Prss,Comb,MTkl,MTkl%,Year
0,1.0,2023-11-05,8.0,9.0,27.045,CLE,,ARI,W 27-0,0,0,0,,0.0,,,0.0,,,0.0,0.0,0,0,0,0.0,0,0,0,,2023
1,2.0,2023-11-12,9.0,10.0,27.052,CLE,@,BAL,W 33-31,0,0,0,,0.0,,,0.0,,,0.0,0.0,0,0,0,0.0,0,0,0,,2023
2,3.0,2023-11-19,10.0,11.0,27.059,CLE,,PIT,W 13-10,0,0,0,,0.0,,,0.0,,,0.0,0.0,0,0,0,0.0,0,0,0,,2023
3,4.0,2023-11-26,11.0,12.0,27.066,CLE,@,DEN,L 12-29,0,0,0,,0.0,,,0.0,,,0.0,0.0,0,0,0,0.0,0,0,0,,2023
4,5.0,2023-12-03,12.0,13.0,27.073,CLE,@,LAR,L 19-36,0,0,0,,0.0,,,0.0,,,0.0,0.0,0,0,0,0.0,0,0,0,,2023
5,6.0,2023-12-10,13.0,14.0,27.08,CLE,,JAX,W 31-27,0,0,0,,0.0,,,0.0,,,0.0,0.0,0,0,0,0.0,0,0,0,,2023
6,7.0,2023-12-17,14.0,15.0,27.087,CLE,,CHI,W 20-17,0,0,0,,0.0,,,0.0,,,0.0,0.0,0,0,0,0.0,0,0,0,,2023
7,8.0,2023-12-24,15.0,16.0,27.094,CLE,@,HOU,W 36-22,0,0,0,,0.0,,,0.0,,,0.0,0.0,0,0,0,0.0,0,0,0,,2023
8,9.0,2023-12-28,16.0,17.0,27.098,CLE,,NYJ,W 37-20,0,0,0,,0.0,,,0.0,,,0.0,0.0,0,0,0,0.0,0,0,0,,2023
9,10.0,2024-01-07,17.0,18.0,27.108,CLE,@,CIN,L 14-31,0,0,0,,0.0,,,0.0,,,0.0,0.0,0,0,0,0.0,0,1,0,0.0%,2023
10,,10 Games,,,,,,,7-3-0,0,0,0,,,,,,,,,,0,0,0,0.0,0,1,0,0.0%,2023
