,Rk,Date,G#,Week,Age,Tm,Unnamed: 6_level_1,Opp,Result,Tgt,Rec,Yds,TD,1D,YBC,YBC/R,YAC,YAC/R,ADOT,BrkTkl,Rec/Br,Drop,Drop%,Int,Rat,Year
0,1.0,2023-09-10,1.0,1.0,31.144,CLE,,CIN,W 24-3,1.0,1.0,12.0,0.0,1.0,1.0,1.0,11.0,11.0,1.0,1.0,1.0,0.0,0.0,0.0,116.7,2023
1,2.0,2023-09-18,2.0,2.0,31.152,CLE,@,PIT,L 22-26,1.0,1.0,2.0,0.0,,0.0,0.0,2.0,2.0,0.0,0.0,,0.0,0.0,0.0,79.2,2023
2,3.0,2023-09-24,3.0,3.0,31.158,CLE,,TEN,W 27-3,,,,,,,,,,,,,,0.0,,,2023
3,4.0,2023-10-01,4.0,4.0,31.165,CLE,,BAL,L 3-28,2.0,1.0,6.0,0.0,,1.0,1.0,5.0,5.0,-0.5,0.0,,0.0,0.0,0.0,56.2,2023
4,5.0,2023-10-15,5.0,6.0,31.179,CLE,,SFO,W 19-17,2.0,0.0,0.0,0.0,,0.0,,0.0,,8.5,0.0,,0.0,0.0,0.0,39.6,2023
5,6.0,2023-10-22,6.0,7.0,31.186,CLE,@,IND,W 39-38,,,,,,,,,,,,,,0.0,,,2023
6,7.0,2023-10-29,7.0,8.0,31.193,CLE,@,SEA,L 20-24,1.0,1.0,6.0,0.0,,4.0,4.0,2.0,2.0,4.0,0.0,,0.0,0.0,0.0,91.7,2023
7,8.0,2023-11-05,8.0,9.0,31.2,CLE,,ARI,W 27-0,3.0,1.0,11.0,0.0,1.0,1.0,1.0,10.0,10.0,2.7,0.0,,0.0,0.0,0.0,45.1,2023
8,9.0,2023-11-12,9.0,10.0,31.207,CLE,@,BAL,W 33-31,1.0,1.0,8.0,0.0,,5.0,5.0,3.0,3.0,5.0,0.0,,0.0,0.0,0.0,100.0,2023
9,10.0,2023-11-19,10.0,11.0,31.214,CLE,,PIT,W 13-10,,,,,,,,,,,,,,0.0,,,2023
10,11.0,2023-11-26,11.0,12.0,31.221,CLE,@,DEN,L 12-29,,,,,,,,,,,,,,0.0,,,2023
11,12.0,2023-12-03,12.0,13.0,31.228,CLE,@,LAR,L 19-36,1.0,1.0,6.0,0.0,,5.0,5.0,1.0,1.0,5.0,0.0,,0.0,0.0,0.0,91.7,2023
12,13.0,2023-12-10,13.0,14.0,31.235,CLE,,JAX,W 31-27,1.0,1.0,3.0,0.0,,3.0,3.0,0.0,0.0,3.0,0.0,,0.0,0.0,0.0,79.2,2023
13,14.0,2023-12-17,14.0,15.0,31.242,CLE,,CHI,W 20-17,1.0,1.0,8.0,0.0,,6.0,6.0,2.0,2.0,6.0,0.0,,0.0,0.0,0.0,100.0,2023
14,15.0,2023-12-24,15.0,16.0,31.249,CLE,@,HOU,W 36-22,2.0,2.0,18.0,0.0,1.0,14.0,7.0,4.0,2.0,7.0,1.0,2.0,0.0,0.0,0.0,104.2,2023
15,16.0,2023-12-28,16.0,17.0,31.253,CLE,,NYJ,W 37-20,1.0,1.0,28.0,0.0,1.0,22.0,22.0,6.0,6.0,22.0,0.0,,0.0,0.0,0.0,118.7,2023
16,17.0,2024-01-07,17.0,18.0,31.263,CLE,@,CIN,L 14-31,6.0,3.0,24.0,0.0,2.0,12.0,4.0,12.0,4.0,4.2,1.0,3.0,2.0,33.3,0.0,60.4,2023
17,,17 Games,,,,,,,11-6-0,23.0,15.0,132.0,0.0,6.0,74.0,4.9,58.0,3.9,4.7,3.0,5.0,2.0,8.7,0.0,80.3,2023
