,Rk,Date,G#,Week,Age,Tm,Unnamed: 6_level_1,Opp,Result,Int,Tgt,Cmp,Cmp%,Yds,Yds/Cmp,Yds/Tgt,TD,Rat,DADOT,Air,YAC,Bltz,Hrry,QBKD,Sk,Prss,Comb,MTkl,MTkl%,Year
0,1.0,2020-09-14,1.0,1.0,22.083,NYG,,PIT,L 16-26,0,7,5,71.4%,56,11.2,8.0,0,94.9,7.6,10,46,2,0,0,0.0,0,3.0,2,40.0%,2020
1,2.0,2020-09-20,2.0,2.0,22.089,NYG,@,CHI,L 13-17,0,3,1,33.3%,12,12.0,4.0,0,46.5,11.3,12,0,0,0,0,0.0,0,2.0,1,33.3%,2020
2,3.0,2020-09-27,3.0,3.0,22.096,NYG,,SFO,L 9-36,0,4,3,75.0%,40,13.3,10.0,0,106.2,7.0,20,20,0,0,0,0.0,0,3.0,0,0.0%,2020
3,4.0,2020-10-04,4.0,4.0,22.103,NYG,@,LAR,L 9-17,0,1,1,100.0%,4,4.0,4.0,0,83.3,4.0,4,0,5,1,0,0.0,1,1.0,0,0.0%,2020
4,5.0,2020-10-11,5.0,5.0,22.11,NYG,@,DAL,L 34-37,0,6,4,66.7%,44,11.0,7.3,0,88.2,6.0,24,20,4,0,0,0.5,1,3.0,1,25.0%,2020
5,6.0,2020-10-18,6.0,6.0,22.117,NYG,,WAS,W 20-19,0,0,0,,0,,,0,,,0,0,0,0,0,,0,,0,,2020
6,7.0,2020-11-02,8.0,8.0,22.132,NYG,,TAM,L 23-25,0,3,3,100.0%,26,8.7,8.7,0,102.8,3.3,10,16,2,0,0,0.0,0,4.0,0,0.0%,2020
7,8.0,2020-11-08,9.0,9.0,22.138,NYG,@,WAS,W 23-20,0,9,8,88.9%,61,7.6,6.8,0,94.9,1.4,14,47,1,0,0,0.0,0,5.0,1,16.7%,2020
8,9.0,2020-11-15,10.0,10.0,22.145,NYG,,PHI,W 27-17,0,4,3,75.0%,25,8.3,6.3,0,90.6,3.5,13,12,2,0,0,0.0,0,1.0,0,0.0%,2020
9,10.0,2020-11-29,11.0,12.0,22.159,NYG,@,CIN,W 19-17,0,4,3,75.0%,22,7.3,5.5,0,87.5,2.8,9,13,2,0,1,0.0,1,3.0,1,25.0%,2020
10,11.0,2020-12-06,12.0,13.0,22.166,NYG,@,SEA,W 17-12,1,3,2,66.7%,33,16.5,11.0,0,63.9,7.7,20,13,5,0,0,0.0,0,5.0,1,16.7%,2020
11,12.0,2021-01-03,16.0,17.0,22.194,NYG,,DAL,W 23-19,0,0,0,,0,,,0,,,0,0,0,0,0,,0,,0,,2020
12,,12 Games,,,,,,,6-6-0,1,44,33,75.0%,323,9.8,7.3,0,85.7,5.1,136,187,23,1,1,0.5,3,30.0,7,18.9%,2020
