,No.,Player,Age,Pos,Games Played,Games Started,Passes Intercepted on Defense,Yards Interceptions were Returned,Interceptions Returned for Touchdowns,Longest Interception Return,Passes Defended by Defensive Player,# Forced Fumble by Opp.,# Fumbled both Lost and Recovered by Own Team,Fumbles Recovered by Original Fumbler,Yards Recovered Fumbles were Returned,Fumbles Recovered for Touchdown,Sacks,Tackles Solo+Assisted,Solo Tackles,Assisted Tackles,Tackles for Loss,Quarterback Hits,Safeties Scored by Player/Team,Team,Year
41,41,Antoine Bethea,32,SS,16,16,1,0,0,0,3,1,0,1,5,0,0.0,110,95,15,3,1,0,49ers,2016
50,50,Nick Bellore,27,LILB,14,10,1,4,0,4,5,1,0,1,0,0,1.0,83,60,23,4,3,0,49ers,2016
51,51,Gerald Hodges,25,RILB,15,12,2,27,0,21,2,1,0,1,0,0,3.0,83,55,28,3,4,0,49ers,2016
99,99,DeForest Buckner,22,LDE,15,15,0,0,0,0,1,0,0,2,0,0,6.0,73,43,30,7,18,0,49ers,2016
35,35,Eric Reid,25,FS,10,10,1,13,0,13,5,1,0,0,0,0,0.0,62,48,14,0,5,0,49ers,2016
26,26,Tramaine Brock,28,LCB,16,16,1,39,0,39,14,1,0,0,0,0,0.0,59,49,10,5,0,0,49ers,2016
29,29,Jaquiski Tartt,24,FS,15,6,0,0,0,0,3,0,0,0,0,0,1.0,61,47,14,4,3,0,49ers,2016
57,57,Michael Wilhoite,30,RILB,16,6,0,0,0,0,2,1,0,1,0,0,0.5,55,44,11,1,1,0,49ers,2016
55,55,Ahmad Brooks,32,LOLB,16,16,0,0,0,0,4,1,0,0,0,0,6.0,53,41,12,10,8,0,49ers,2016
25,25,Jimmie Ward,25,RCB,11,10,1,8,0,8,12,1,0,1,0,0,1.0,53,43,10,2,1,0,49ers,2016
58,58,Eli Harold,22,ROLB,16,13,0,0,0,0,0,1,0,1,19,0,3.0,37,23,14,3,6,0,49ers,2016
53,53,NaVorro Bowman,28,LB,4,4,1,0,0,0,2,1,0,0,0,0,1.0,35,24,11,4,2,0,49ers,2016
33,33,Rashard Robinson,21,RCB,14,6,1,0,0,0,8,0,0,0,0,0,0.0,28,25,3,0,0,0,49ers,2016
90,90,Glenn Dorsey,31,NT,12,7,0,0,0,0,0,0,0,0,0,0,1.0,24,20,4,3,3,0,49ers,2016
98,98,Ronald Blair,23,DE,16,0,0,0,0,0,0,0,0,0,0,0,3.0,16,11,5,3,8,0,49ers,2016
91,91,Arik Armstead,23,DE,8,4,0,0,0,0,0,1,0,0,0,0,2.5,15,9,6,2,4,0,49ers,2016
59,59,Aaron Lynch,23,DE,7,3,0,0,0,0,0,0,0,0,0,0,1.5,13,12,1,5,6,0,49ers,2016
36,36,Dontae Johnson,25,DB,15,0,0,0,0,0,3,0,0,0,0,0,0.0,15,11,4,1,2,0,49ers,2016
13,13,Aaron Burbridge,23,WR,16,3,0,0,0,0,0,0,1,0,0,0,0.0,12,9,3,0,0,0,49ers,2016
54,54,Ray-Ray Armstrong,25,DB,2,0,1,5,0,5,2,0,0,1,0,0,0.0,8,7,1,1,0,0,49ers,2016
81,81,Rod Streater,28,WR,16,2,0,0,0,0,0,0,0,0,0,0,0.0,8,5,3,0,0,0,49ers,2016
7,7,Colin Kaepernick,29,QB,12,11,0,0,0,0,0,0,9,3,-4,0,0.0,0,0,0,0,0,0,49ers,2016
20,20,Marcus Cromartie,26,DB,10,0,0,0,0,0,0,0,0,1,0,0,0.0,5,5,0,1,0,0,49ers,2016
24,24,Shaun Draughn,29,RB,16,1,0,0,0,0,0,0,1,1,0,0,0.0,4,3,1,0,0,0,49ers,2016
84,84,Blake Bell,25,TE,13,0,0,0,0,0,0,0,0,0,0,0,0.0,5,3,2,0,0,0,49ers,2016
28,28,Carlos Hyde,26,RB,13,13,0,0,0,0,0,0,5,2,0,0,0.0,0,0,0,0,0,0,49ers,2016
88,88,Garrett Celek,28,TE,16,6,0,0,0,0,0,1,2,0,0,0,0.0,2,2,0,0,0,0,49ers,2016
43,43,Chris Davis,26,DB,4,0,0,0,0,0,0,0,1,0,0,0,0.5,3,1,2,0,1,0,49ers,2016
17,17,Jeremy Kerley,28,WR,16,13,0,0,0,0,0,0,4,0,0,0,0.0,0,0,0,0,0,0,49ers,2016
65,65,Joshua Garnett,22,RG,15,11,0,0,0,0,0,0,0,3,0,0,0.0,0,0,0,0,0,0,49ers,2016
85,85,Je'Ron Hamm,24,TE,5,0,0,0,0,0,0,0,0,0,0,0,0.0,2,1,1,0,0,0,49ers,2016
38,38,JaCorey Shepherd,23,DB,11,0,0,0,0,0,0,0,0,0,0,0,0.0,2,1,1,0,0,0,49ers,2016
32,32,DuJuan Harris,28,RB,10,1,0,0,0,0,0,0,2,0,0,0,0.0,0,0,0,0,0,0,49ers,2016
5,5,Bradley Pinion,22,P,16,0,0,0,0,0,0,0,0,0,0,0,0.0,1,1,0,0,0,0,49ers,2016
68,68,Zane Beadles,30,LG,16,16,0,0,0,0,0,0,0,1,0,0,0.0,0,0,0,0,0,0,49ers,2016
77,77,Trent Brown,23,RT,16,16,0,0,0,0,0,0,0,1,0,0,0.0,0,0,0,0,0,0,49ers,2016
22,22,Mike Davis,23,RB,8,1,0,0,0,0,0,0,1,0,0,0,0.0,0,0,0,0,0,0,49ers,2016
67,67,Daniel Kilgore,29,C,13,13,0,0,0,0,0,0,1,0,0,0,0.0,0,0,0,0,0,0,49ers,2016
19,19,Keshawn Martin,26,WR,1,0,0,0,0,0,0,0,1,0,0,0,0.0,0,0,0,0,0,0,49ers,2016
89,89,Vance McDonald,26,WR,11,11,0,0,0,0,0,0,0,0,0,0,0.0,1,0,1,0,0,0,49ers,2016
11,11,Quinton Patton,26,WR,14,14,0,0,0,0,0,0,1,0,0,0,0.0,0,0,0,0,0,0,49ers,2016
46,46,Marcus Ball,29,DB,5,0,0,0,0,0,0,0,0,0,0,0,0.0,4,3,1,0,0,0,49ers,2016
45,45,Carl Bradford,24,LB,2,0,0,0,0,0,0,0,0,0,0,0,0.0,4,4,0,1,1,0,49ers,2016
95,95,Tank Carradine,26,DE,13,0,0,0,0,0,0,0,0,0,0,0,0.0,18,10,8,0,0,0,49ers,2016
92,92,Quinton Dial,26,RDE,14,11,0,0,0,0,2,0,0,0,0,0,0.0,36,24,12,1,1,0,49ers,2016
96,96,Taylor Hart,25,DE,1,0,0,0,0,0,0,0,0,0,0,0,0.0,2,1,1,0,0,0,49ers,2016
63,63,Tony Jerod-Eddie,26,DE,9,0,0,0,0,0,0,0,0,0,0,0,0.0,3,1,2,0,0,0,49ers,2016
93,93,Chris Jones,26,RDE,6,6,0,0,0,0,0,0,0,0,0,0,0.0,17,12,5,3,1,0,49ers,2016
86,86,Kyle Nelson,30,LS,16,0,0,0,0,0,0,0,0,0,0,0,0.0,5,3,2,0,0,0,49ers,2016
64,64,Mike Purcell,25,NT,15,5,0,0,0,0,0,1,0,0,0,0,0.0,26,17,9,1,0,0,49ers,2016
27,27,Keith Reaser,25,DB,15,0,0,0,0,0,5,2,0,0,0,0,0.0,26,23,3,1,1,0,49ers,2016
56,56,Shayne Skov,26,LB,9,0,0,0,0,0,0,0,0,0,0,0,0.0,8,5,3,0,0,0,49ers,2016
40,40,Vinnie Sunseri,25,DB,6,0,0,0,0,0,0,0,0,0,0,0,0.0,6,4,2,0,0,0,49ers,2016
