,Rk,Date,G#,Week,Age,Tm,Unnamed: 6_level_1,Opp,Result,Int,Tgt,Cmp,Cmp%,Yds,Yds/Cmp,Yds/Tgt,TD,Rat,DADOT,Air,YAC,Bltz,Hrry,QBKD,Sk,Prss,Comb,MTkl,MTkl%,Year
0,1.0,2019-09-08,1.0,1.0,25.124,BUF,@,NYJ,W 17-16,0,0,0,,0.0,,,0.0,,,0.0,0.0,0,0,0,,0,,0,,2019
1,2.0,2019-09-15,2.0,2.0,25.131,BUF,@,NYG,W 28-14,0,0,0,,0.0,,,0.0,,,0.0,0.0,0,0,0,0.0,0,0.0,0,,2019
2,3.0,2019-09-22,3.0,3.0,25.138,BUF,,CIN,W 21-17,0,0,0,,0.0,,,0.0,,,0.0,0.0,0,0,0,0.0,0,0.0,0,,2019
3,4.0,2019-10-27,7.0,8.0,25.173,BUF,,PHI,L 13-31,0,0,0,,0.0,,,0.0,,,0.0,0.0,0,0,0,0.0,0,0.0,0,,2019
4,5.0,2019-11-03,8.0,9.0,25.18,BUF,,WAS,W 24-9,0,0,0,,0.0,,,0.0,,,0.0,0.0,0,0,0,0.0,0,1.0,0,0.0%,2019
5,6.0,2019-11-10,9.0,10.0,25.187,BUF,@,CLE,L 16-19,0,0,0,,0.0,,,0.0,,,0.0,0.0,0,0,0,0.0,0,0.0,0,,2019
6,7.0,2019-11-17,10.0,11.0,25.194,BUF,@,MIA,W 37-20,0,0,0,,0.0,,,0.0,,,0.0,0.0,0,0,0,,0,,0,,2019
7,8.0,2019-11-24,11.0,12.0,25.201,BUF,,DEN,W 20-3,0,0,0,,0.0,,,0.0,,,0.0,0.0,0,0,0,0.0,0,0.0,0,,2019
8,9.0,2019-11-28,12.0,13.0,25.205,BUF,@,DAL,W 26-15,0,0,0,,0.0,,,0.0,,,0.0,0.0,0,0,0,0.0,0,0.0,0,,2019
9,10.0,2019-12-08,13.0,14.0,25.215,BUF,,BAL,L 17-24,0,0,0,,0.0,,,0.0,,,0.0,0.0,0,0,0,0.0,0,0.0,0,,2019
10,11.0,2019-12-15,14.0,15.0,25.222,BUF,@,PIT,W 17-10,0,0,0,,0.0,,,0.0,,,0.0,0.0,0,0,0,,0,,0,,2019
11,12.0,2019-12-21,15.0,16.0,25.228,BUF,@,NWE,L 17-24,0,0,0,,0.0,,,0.0,,,0.0,0.0,0,0,0,0.0,0,2.0,0,0.0%,2019
12,13.0,2019-12-29,16.0,17.0,25.236,BUF,,NYJ,L 6-13,0,0,0,,0.0,,,0.0,,,0.0,0.0,0,0,0,0.0,0,1.0,0,0.0%,2019
13,,13 Games,,,,,,,8-5-0,0,0,0,,,,,,,,,,0,0,0,0.0,0,4.0,0,0.0%,2019
