,Rk,Date,G#,Week,Age,Tm,Unnamed: 6_level_1,Opp,Result,Int,Tgt,Cmp,Cmp%,Yds,Yds/Cmp,Yds/Tgt,TD,Rat,DADOT,Air,YAC,Bltz,Hrry,QBKD,Sk,Prss,Comb,MTkl,MTkl%,Year
0,1.0,2021-09-12,1.0,1.0,27.196,MIN,@,CIN,L 24-27,0,0,0,,0.0,,,0.0,,,0.0,0.0,0,0,1,0.0,1,4,0,0.0%,2021
1,2.0,2021-09-19,2.0,2.0,27.203,MIN,@,ARI,L 33-34,0,0,0,,0.0,,,0.0,,,0.0,0.0,0,0,0,0.0,0,1,1,50.0%,2021
2,3.0,2021-09-26,3.0,3.0,27.21,MIN,,SEA,W 30-17,0,0,0,,0.0,,,0.0,,,0.0,0.0,0,2,0,0.0,2,2,2,50.0%,2021
3,4.0,2021-10-03,4.0,4.0,27.217,MIN,,CLE,L 7-14,0,0,0,,0.0,,,0.0,,,0.0,0.0,0,0,0,1.0,1,3,0,0.0%,2021
4,5.0,2021-10-10,5.0,5.0,27.224,MIN,,DET,W 19-17,0,0,0,,0.0,,,0.0,,,0.0,0.0,0,0,0,0.0,0,1,0,0.0%,2021
5,6.0,2021-10-17,6.0,6.0,27.231,MIN,@,CAR,W 34-28,0,0,0,,0.0,,,0.0,,,0.0,0.0,0,0,0,0.5,1,4,0,0.0%,2021
6,7.0,2021-10-31,7.0,8.0,27.245,MIN,,DAL,L 16-20,0,0,0,,0.0,,,0.0,,,0.0,0.0,0,0,0,0.0,0,3,0,0.0%,2021
7,8.0,2021-11-07,8.0,9.0,27.252,MIN,@,BAL,L 31-34,0,0,0,,0.0,,,0.0,,,0.0,0.0,0,0,0,0.0,0,3,2,40.0%,2021
8,9.0,2021-11-14,9.0,10.0,27.259,MIN,@,LAC,W 27-20,0,0,0,,0.0,,,0.0,,,0.0,0.0,0,0,0,0.0,0,2,0,0.0%,2021
9,10.0,2021-11-21,10.0,11.0,27.266,MIN,,GNB,W 34-31,0,0,0,,0.0,,,0.0,,,0.0,0.0,0,1,0,0.0,1,3,0,0.0%,2021
10,11.0,2021-12-05,12.0,13.0,27.28,MIN,@,DET,L 27-29,0,0,0,,0.0,,,0.0,,,0.0,0.0,0,0,0,0.0,0,1,0,0.0%,2021
11,12.0,2021-12-09,13.0,14.0,27.284,MIN,,PIT,W 36-28,0,0,0,,0.0,,,0.0,,,0.0,0.0,0,1,0,0.0,1,2,0,0.0%,2021
12,13.0,2021-12-20,14.0,15.0,27.295,MIN,@,CHI,W 17-9,0,0,0,,0.0,,,0.0,,,0.0,0.0,0,2,0,0.0,2,0,0,,2021
13,14.0,2021-12-26,15.0,16.0,27.301,MIN,,LAR,L 23-30,0,0,0,,0.0,,,0.0,,,0.0,0.0,0,0,2,0.0,2,3,0,0.0%,2021
14,15.0,2022-01-02,16.0,17.0,27.308,MIN,@,GNB,L 10-37,0,0,0,,0.0,,,0.0,,,0.0,0.0,0,0,1,0.0,1,1,0,0.0%,2021
15,16.0,2022-01-09,17.0,18.0,27.315,MIN,,CHI,W 31-17,0,0,0,,0.0,,,0.0,,,0.0,0.0,0,1,0,1.0,2,6,0,0.0%,2021
16,,16 Games,,,,,,,8-8-0,0,0,0,,,,,,,,,,0,7,4,2.5,14,39,5,11.4%,2021
