,Rk,Date,G#,Week,Age,Tm,Unnamed: 6_level_1,Opp,Result,Int,Tgt,Cmp,Cmp%,Yds,Yds/Cmp,Yds/Tgt,TD,Rat,DADOT,Air,YAC,Bltz,Hrry,QBKD,Sk,Prss,Comb,MTkl,MTkl%,Year
0,1.0,2021-09-12,1.0,1.0,32.222,MIN,@,CIN,L 24-27,0,0,0,,0,,,0,,,0,0,2,0,0,1.0,1,6,2,25.0%,2021
1,2.0,2021-09-19,2.0,2.0,32.229,MIN,@,ARI,L 33-34,0,3,3,100.0%,45,15.0,15.0,0,118.7,11.7,35,10,0,1,0,0.0,1,9,0,0.0%,2021
2,3.0,2021-09-26,3.0,3.0,32.236,MIN,,SEA,W 30-17,0,1,0,0.0%,0,,0.0,0,39.6,43.0,0,0,2,0,0,0.0,0,8,0,0.0%,2021
3,4.0,2021-10-03,4.0,4.0,32.243,MIN,,CLE,L 7-14,0,4,2,50.0%,43,21.5,10.8,0,88.5,18.5,37,6,2,0,0,0.0,0,8,0,0.0%,2021
4,5.0,2021-10-10,5.0,5.0,32.25,MIN,,DET,W 19-17,0,2,2,100.0%,25,12.5,12.5,0,118.7,8.0,16,9,0,0,0,0.0,0,9,0,0.0%,2021
5,6.0,2021-10-17,6.0,6.0,32.257,MIN,@,CAR,W 34-28,0,2,1,50.0%,21,21.0,10.5,0,87.5,15.5,16,5,4,0,0,0.0,0,9,0,0.0%,2021
6,7.0,2021-10-31,7.0,8.0,32.271,MIN,,DAL,L 16-20,0,6,3,50.0%,62,20.7,10.3,0,86.8,19.0,52,10,3,0,0,0.0,0,9,0,0.0%,2021
7,8.0,2021-11-21,10.0,11.0,32.292,MIN,,GNB,W 34-31,0,1,1,100.0%,5,5.0,5.0,0,87.5,5.0,5,0,6,0,1,1.0,2,4,1,20.0%,2021
8,9.0,2021-11-28,11.0,12.0,32.299,MIN,@,SFO,L 26-34,1,5,3,60.0%,42,14.0,8.4,0,47.5,11.2,31,11,1,0,0,0.0,0,11,0,0.0%,2021
9,10.0,2021-12-05,12.0,13.0,32.306,MIN,@,DET,L 27-29,0,2,2,100.0%,33,16.5,16.5,1,158.3,15.5,31,2,2,0,0,0.0,0,5,0,0.0%,2021
10,11.0,2021-12-09,13.0,14.0,32.31,MIN,,PIT,W 36-28,0,2,2,100.0%,11,5.5,5.5,0,89.6,2.5,5,6,1,0,0,1.0,1,5,1,16.7%,2021
11,12.0,2021-12-20,14.0,15.0,32.321,MIN,@,CHI,W 17-9,0,3,3,100.0%,13,4.3,4.3,0,84.7,2.3,7,6,2,0,0,0.0,0,8,1,11.1%,2021
12,13.0,2021-12-26,15.0,16.0,32.327,MIN,,LAR,L 23-30,0,3,3,100.0%,17,5.7,5.7,0,90.3,6.0,18,-1,2,0,1,0.0,1,9,0,0.0%,2021
13,14.0,2022-01-02,16.0,17.0,32.334,MIN,@,GNB,L 10-37,0,4,3,75.0%,40,13.3,10.0,0,106.2,6.8,19,21,5,0,0,0.0,0,8,2,20.0%,2021
14,15.0,2022-01-09,17.0,18.0,32.341,MIN,,CHI,W 31-17,0,2,1,50.0%,11,11.0,5.5,0,66.7,8.5,11,0,8,0,0,0.0,0,6,0,0.0%,2021
15,,15 Games,,,,,,,7-8-0,1,40,29,72.5%,368,12.7,9.2,1,98.7,12.0,283,85,40,1,2,3.0,6,114,7,5.8%,2021
