,Rk,Date,G#,Week,Age,Tm,Unnamed: 6_level_1,Opp,Result,Cmp,Att,Yds,1D,1D%,IAY,IAY/PA,CAY,CAY/Cmp,CAY/PA,YAC,YAC/Cmp,Drops,Drop%,BadTh,Bad%,Sk,Bltz,Hrry,Hits,Prss,Prss%,Scrm,Yds/Scr
0,1.0,2018-09-09,1.0,1.0,26.134,JAX,@,NYG,W 20-15,18,33,176,13,38.2,230,7.0,88,4.9,2.7,88,4.9,2,6.3%,5,15.6%,1,15,6,1,8,22.9%,1,3.0
1,2.0,2018-09-16,2.0,2.0,26.141,JAX,,NWE,W 31-20,29,45,376,22,48.9,351,7.8,171,5.9,3.8,205,7.1,2,4.8%,8,19.0%,0,18,2,4,6,12.0%,5,7.2
2,3.0,2018-09-23,3.0,3.0,26.148,JAX,,TEN,L 6-9,21,34,155,6,16.2,144,4.2,48,2.3,1.4,107,5.1,3,9.1%,5,15.2%,3,8,7,2,12,29.3%,4,6.0
3,4.0,2018-09-30,4.0,4.0,26.155,JAX,,NYJ,W 31-12,29,38,388,16,40.0,138,3.6,128,4.4,3.4,260,9.0,0,0.0%,3,8.3%,2,16,0,2,4,9.5%,2,14.0
4,5.0,2018-10-07,5.0,5.0,26.162,JAX,@,KAN,L 14-30,33,61,430,20,30.3,647,10.6,282,8.5,4.6,148,4.5,3,5.0%,17,28.3%,5,14,3,6,14,20.6%,2,14.0
5,6.0,2018-10-14,6.0,6.0,26.169,JAX,@,DAL,L 7-40,15,26,149,7,24.1,221,8.5,86,5.7,3.3,63,4.2,2,8.0%,4,16.0%,3,6,2,3,8,25.8%,2,4.5
6,7.0,2018-10-21,7.0,7.0,26.176,JAX,,HOU,L 7-20,6,12,61,2,16.7,75,6.3,27,4.5,2.3,34,5.7,2,18.2%,3,27.3%,0,5,0,4,4,23.5%,5,5.6
7,8.0,2018-10-28,8.0,8.0,26.183,JAX,,PHI,L 18-24,24,41,286,10,22.2,257,6.3,143,6.0,3.5,143,6.0,4,9.8%,6,14.6%,4,13,2,2,8,15.7%,6,5.7
8,9.0,2018-11-11,9.0,10.0,26.197,JAX,@,IND,L 26-29,26,38,320,13,34.2,150,3.9,60,2.3,1.6,260,10.0,3,7.9%,3,7.9%,0,2,2,1,3,7.5%,2,4.0
9,10.0,2018-11-18,10.0,11.0,26.204,JAX,,PIT,L 16-20,10,18,104,5,20.8,151,8.4,52,5.2,2.9,52,5.2,1,5.6%,5,27.8%,6,12,1,1,8,30.8%,2,8.5
10,11.0,2018-11-25,11.0,12.0,26.211,JAX,@,BUF,L 21-24,12,23,127,6,23.1,176,7.7,57,4.8,2.5,70,5.8,1,4.5%,6,27.3%,3,6,2,3,8,25.8%,5,7.8
11,12.0,2018-12-23,15.0,16.0,26.239,JAX,@,MIA,W 17-7,5,6,39,2,28.6,33,5.5,25,5.0,4.2,14,2.8,0,0.0%,0,0.0%,1,3,0,0,1,14.3%,0,
12,13.0,2018-12-30,16.0,17.0,26.246,JAX,@,HOU,L 3-20,15,28,107,4,12.9,271,9.7,46,3.1,1.6,61,4.1,1,3.6%,5,17.9%,3,10,3,2,8,22.9%,4,3.8
13,,13 Games,,,,,,,4-9-0,243,403,2718,126,29.0,2844,7.1,1213,5.0,3.0,1505,6.2,24,6.1%,70,17.9%,31,128,30,31,92,19.4%,40,6.7
