,Rk,Date,G#,Week,Age,Tm,Unnamed: 6_level_1,Opp,Result,Tgt,Rec,Yds,TD,1D,YBC,YBC/R,YAC,YAC/R,ADOT,BrkTkl,Rec/Br,Drop,Drop%,Int,Rat,Att,Yds,TD,1D,YBC,YBC/Att,YAC,YAC/Att,BrkTkl,Att/Br,Year
0,1.0,2018-09-09,1.0,1.0,24.292,JAX,@,NYG,W 20-15,6,5,51,0,4.0,41,8.2,10,2.0,9.2,0,,1,16.7,0,102.1,0,0,0,0.0,0,,0,,0,,2018
1,2.0,2018-09-16,2.0,2.0,24.299,JAX,,NWE,W 31-20,5,4,82,1,3.0,13,3.3,69,17.3,3.4,0,,0,0.0,0,158.3,1,-6,0,0.0,-6,-6.0,0,0.0,0,,2018
2,3.0,2018-09-23,3.0,3.0,24.306,JAX,,TEN,L 6-9,4,3,31,0,3.0,4,1.3,27,9.0,4.3,1,3.0,0,0.0,0,96.9,0,0,0,0.0,0,,0,,0,,2018
3,4.0,2018-09-30,4.0,4.0,24.313,JAX,,NYJ,W 31-12,13,9,130,0,6.0,49,5.4,81,9.0,4.4,3,3.0,0,0.0,1,69.4,1,11,0,1.0,9,9.0,2,2.0,0,,2018
4,5.0,2018-10-07,5.0,5.0,24.32,JAX,@,KAN,L 14-30,5,3,55,0,2.0,31,10.3,24,8.0,8.8,0,,1,20.0,0,97.9,0,0,0,0.0,0,,0,,0,,2018
5,6.0,2018-10-14,6.0,6.0,24.327,JAX,@,DAL,L 7-40,5,3,38,1,2.0,26,8.7,12,4.0,12.6,0,,1,20.0,1,83.7,0,0,0,0.0,0,,0,,0,,2018
6,7.0,2018-10-21,7.0,7.0,24.334,JAX,,HOU,L 7-20,4,4,17,0,2.0,13,3.3,4,1.0,3.3,0,,0,0.0,0,84.4,0,0,0,0.0,0,,0,,0,,2018
7,8.0,2018-10-28,8.0,8.0,24.341,JAX,,PHI,L 18-24,6,2,31,1,2.0,25,12.5,6,3.0,7.5,0,,0,0.0,0,91.0,1,9,0,1.0,9,9.0,0,0.0,0,,2018
8,9.0,2018-11-11,9.0,10.0,24.355,JAX,@,IND,L 26-29,10,5,30,0,3.0,4,0.8,26,5.2,4.3,0,,2,20.0,0,56.2,2,13,0,1.0,12,6.0,1,0.5,0,,2018
9,10.0,2018-11-18,10.0,11.0,24.362,JAX,,PIT,L 16-20,4,2,19,0,1.0,19,9.5,0,0.0,14.8,0,,0,0.0,0,63.5,0,0,0,0.0,0,,0,,0,,2018
10,11.0,2018-11-25,11.0,12.0,25.004,JAX,@,BUF,L 21-24,4,3,44,1,2.0,33,11.0,11,3.7,19.3,0,,0,0.0,0,150.0,1,43,0,1.0,43,43.0,0,0.0,0,,2018
11,12.0,2018-12-02,12.0,13.0,25.011,JAX,,IND,W 6-0,5,3,25,0,2.0,10,3.3,15,5.0,14.0,1,3.0,0,0.0,0,72.9,1,-1,0,0.0,-1,-1.0,0,0.0,0,,2018
12,13.0,2018-12-06,13.0,14.0,25.015,JAX,@,TEN,L 9-30,10,7,88,1,5.0,77,11.0,11,1.6,10.5,0,,1,10.0,0,130.4,0,0,0,0.0,0,,0,,0,,2018
13,14.0,2018-12-16,14.0,15.0,25.025,JAX,,WAS,L 13-16,5,3,21,0,1.0,-1,-0.3,22,7.3,6.0,0,,0,0.0,1,30.0,1,20,0,1.0,15,15.0,5,5.0,1,1.0,2018
14,15.0,2018-12-23,15.0,16.0,25.032,JAX,@,MIA,W 17-7,8,7,45,0,2.0,15,2.1,30,4.3,2.9,0,,0,0.0,0,90.1,1,9,0,0.0,4,4.0,5,5.0,0,,2018
15,16.0,2018-12-30,16.0,17.0,25.039,JAX,@,HOU,L 3-20,7,3,10,0,,-4,-1.3,14,4.7,13.6,0,,0,0.0,0,50.3,0,0,0,,0,,0,,0,,2018
16,,16 Games,,,,,,,5-11-0,101,66,717,5,40.0,355,5.4,362,5.5,8.0,5,13.2,6,5.9,3,90.2,9,98,0,5.0,85,9.4,13,1.4,1,9.0,2018
