,Rk,Date,G#,Week,Age,Tm,Unnamed: 6_level_1,Opp,Result,Tgt,Rec,Yds,TD,1D,YBC,YBC/R,YAC,YAC/R,ADOT,BrkTkl,Rec/Br,Drop,Drop%,Int,Rat,Year
0,1.0,2019-09-05,1.0,1.0,26.255,GNB,@,CHI,W 10-3,8,4,36,0,3,17,4.3,19,4.8,7.9,1,4.0,0,0.0,0,62.5,2019
1,2.0,2019-09-15,2.0,2.0,26.265,GNB,,MIN,W 21-16,9,7,106,0,7,84,12.0,22,3.1,14.1,0,,0,0.0,0,115.7,2019
2,3.0,2019-09-22,3.0,3.0,26.272,GNB,,DEN,W 27-16,4,4,56,0,3,46,11.5,10,2.5,11.5,0,,0,0.0,0,118.7,2019
3,4.0,2019-09-26,4.0,4.0,26.276,GNB,,PHI,L 27-34,15,10,180,0,7,81,8.1,99,9.9,9.4,0,,0,0.0,0,107.6,2019
4,5.0,2019-11-03,9.0,9.0,26.314,GNB,@,LAC,L 11-26,11,7,41,0,3,37,5.3,4,0.6,10.1,0,,1,9.1,0,70.6,2019
5,6.0,2019-11-10,10.0,10.0,26.321,GNB,,CAR,W 24-16,10,7,118,0,5,84,12.0,34,4.9,16.4,0,,0,0.0,0,109.6,2019
6,7.0,2019-11-24,11.0,12.0,26.335,GNB,@,SFO,L 8-37,12,7,43,1,4,-1,-0.1,44,6.3,8.0,0,,1,8.3,0,93.4,2019
7,8.0,2019-12-01,12.0,13.0,26.342,GNB,@,NYG,W 31-13,10,6,64,2,5,45,7.5,19,3.2,7.4,1,6.0,1,10.0,0,118.3,2019
8,9.0,2019-12-08,13.0,14.0,26.349,GNB,,WAS,W 20-15,6,4,41,0,2,29,7.3,12,3.0,6.3,0,,0,0.0,0,86.1,2019
9,10.0,2019-12-15,14.0,15.0,26.356,GNB,,CHI,W 21-13,13,7,103,1,4,60,8.6,43,6.1,10.4,1,7.0,4,30.8,0,105.6,2019
10,11.0,2019-12-23,15.0,16.0,26.364,GNB,@,MIN,W 23-10,16,13,116,0,6,50,3.8,66,5.1,4.4,0,,0,0.0,1,70.8,2019
11,12.0,2019-12-29,16.0,17.0,27.005,GNB,@,DET,W 23-20,13,7,93,1,5,77,11.0,16,2.3,15.7,0,,0,0.0,0,102.4,2019
12,,12 Games,,,,,,,9-3-0,127,83,997,5,54,609,7.3,388,4.7,10.0,3,27.7,7,5.5,1,99.1,2019
