,Rk,Date,G#,Week,Age,Tm,Unnamed: 6_level_1,Opp,Result,Int,Tgt,Cmp,Cmp%,Yds,Yds/Cmp,Yds/Tgt,TD,Rat,DADOT,Air,YAC,Bltz,Hrry,QBKD,Sk,Prss,Comb,MTkl,MTkl%
0,1.0,2019-09-05,1.0,1.0,23.155,GNB,@,CHI,W 10-3,0,0,0,,0,,,0,,,0,0,0,0,0,,0,,0,
1,2.0,2019-09-15,2.0,2.0,23.165,GNB,,MIN,W 21-16,0,0,0,,0,,,0,,,0,0,0,0,0,,0,,0,
2,3.0,2019-09-22,3.0,3.0,23.172,GNB,,DEN,W 27-16,0,0,0,,0,,,0,,,0,0,0,0,0,0.0,0,1.0,0,0.0%
3,4.0,2019-09-26,4.0,4.0,23.176,GNB,,PHI,L 27-34,0,0,0,,0,,,0,,,0,0,0,0,0,,0,,0,
4,5.0,2019-10-06,5.0,5.0,23.186,GNB,@,DAL,W 34-24,0,3,2,66.7%,20,10.0,6.7,0,85.4,5.7,17,3,0,0,0,0.0,0,2.0,0,0.0%
5,6.0,2019-10-14,6.0,6.0,23.194,GNB,,DET,W 23-22,0,0,0,,0,,,0,,,0,0,0,0,0,,0,,0,
6,7.0,2019-10-20,7.0,7.0,23.2,GNB,,OAK,W 42-24,0,2,2,100.0%,36,18.0,18.0,1,158.3,14.0,28,8,0,0,0,0.0,0,1.0,1,50.0%
7,8.0,2019-10-27,8.0,8.0,23.207,GNB,@,KAN,W 31-24,0,0,0,,0,,,0,,,0,0,0,0,0,,0,,0,
8,9.0,2019-11-24,11.0,12.0,23.235,GNB,@,SFO,L 8-37,0,0,0,,0,,,0,,,0,0,0,0,0,0.0,0,2.0,0,0.0%
9,10.0,2019-12-01,12.0,13.0,23.242,GNB,@,NYG,W 31-13,0,1,1,100.0%,6,6.0,6.0,0,91.7,6.0,6,0,0,0,0,0.0,0,2.0,0,0.0%
10,11.0,2019-12-08,13.0,14.0,23.249,GNB,,WAS,W 20-15,0,1,1,100.0%,1,1.0,1.0,0,79.2,1.0,1,0,0,0,0,0.0,0,1.0,0,0.0%
11,12.0,2019-12-15,14.0,15.0,23.256,GNB,,CHI,W 21-13,0,0,0,,0,,,0,,,0,0,0,0,0,0.0,0,1.0,0,0.0%
12,13.0,2019-12-23,15.0,16.0,23.264,GNB,@,MIN,W 23-10,0,0,0,,0,,,0,,,0,0,0,0,0,0.0,0,1.0,0,0.0%
13,14.0,2019-12-29,16.0,17.0,23.27,GNB,@,DET,W 23-20,0,0,0,,0,,,0,,,0,0,0,0,0,,0,,0,
14,,14 Games,,,,,,,12-2-0,0,7,6,85.7%,63,10.5,9.0,1,143.7,7.4,52,11,0,0,0,0.0,0,11.0,1,8.3%
