,Rk,Date,G#,Week,Age,Tm,Unnamed: 6_level_1,Opp,Result,Cmp,Att,Yds,1D,1D%,IAY,IAY/PA,CAY,CAY/Cmp,CAY/PA,YAC,YAC/Cmp,Drops,Drop%,BadTh,Bad%,Sk,Bltz,Hrry,Hits,Prss,Prss%,Scrm,Yds/Scr,Year
0,1.0,2021-09-19,2.0,2.0,22.333,HOU,@,CLE,L 21-31,8,18,102,5,26.3,218,12.1,46,5.8,2.6,56,7.0,2,11.8%,4,23.5%,1,3,0,2,3,15.8%,0,,2021
1,2.0,2021-09-23,3.0,3.0,22.337,HOU,,CAR,L 9-24,19,28,168,10,31.3,190,6.8,126,6.6,4.5,42,2.2,1,4.0%,4,16.0%,4,15,3,4,11,34.4%,0,,2021
2,3.0,2021-10-03,4.0,4.0,22.347,HOU,@,BUF,L 0-40,11,21,87,4,16.7,180,8.6,53,4.8,2.5,34,3.1,0,0.0%,2,10.0%,3,2,4,1,8,32.0%,1,2.0,2021
3,4.0,2021-10-10,5.0,5.0,22.354,HOU,,NWE,L 22-25,21,29,312,10,31.3,251,8.7,152,7.2,5.2,160,7.6,1,3.7%,4,14.8%,3,9,3,2,8,25.0%,0,,2021
4,5.0,2021-10-17,6.0,6.0,22.361,HOU,@,IND,L 3-31,29,43,243,12,26.7,279,6.5,130,4.5,3.0,113,3.9,1,2.4%,9,21.4%,2,13,4,3,9,19.6%,1,3.0,2021
5,6.0,2021-10-24,7.0,7.0,23.003,HOU,@,ARI,L 5-31,23,32,135,6,17.6,164,5.1,77,3.3,2.4,58,2.5,2,6.5%,4,12.9%,2,13,1,3,6,17.6%,0,,2021
6,7.0,2021-10-31,8.0,8.0,23.01,HOU,,LAR,L 22-38,29,38,310,13,30.2,256,6.7,192,6.6,5.1,118,4.1,0,0.0%,5,13.5%,5,17,3,1,9,20.9%,0,,2021
7,8.0,2021-12-05,12.0,13.0,23.045,HOU,,IND,L 0-31,6,14,49,3,18.8,63,4.5,13,2.2,0.9,36,6.0,1,7.7%,3,23.1%,2,8,2,4,8,44.4%,2,5.5,2021
8,9.0,2021-12-12,13.0,14.0,23.052,HOU,,SEA,L 13-33,33,49,331,16,31.4,264,5.4,100,3.0,2.0,231,7.0,0,0.0%,11,22.9%,2,8,3,2,7,13.2%,2,4.0,2021
9,10.0,2021-12-19,14.0,15.0,23.059,HOU,@,JAX,W 30-16,19,30,209,8,25.8,211,7.0,101,5.3,3.4,108,5.7,1,3.3%,5,16.7%,1,11,1,2,4,12.9%,0,,2021
10,11.0,2021-12-26,15.0,16.0,23.066,HOU,,LAC,W 41-29,21,27,254,14,50.0,209,7.7,137,6.5,5.1,117,5.6,1,3.7%,2,7.4%,1,8,1,1,3,10.7%,0,,2021
11,12.0,2022-01-02,16.0,17.0,23.073,HOU,@,SFO,L 7-23,21,32,163,6,17.1,194,6.1,95,4.5,3.0,68,3.2,1,3.3%,6,20.0%,3,5,1,4,8,22.2%,1,4.0,2021
12,13.0,2022-01-09,17.0,18.0,23.08,HOU,,TEN,L 25-28,23,33,301,11,31.4,373,11.3,197,8.6,6.0,104,4.5,1,3.1%,7,21.9%,2,9,4,1,7,18.4%,3,4.7,2021
13,,13 Games,,,,,,,2-11-0,263,394,2664,118,27.8,2852,7.2,1419,5.4,3.6,1245,4.7,12,3.2%,66,17.4%,31,121,30,30,91,20.9%,10,4.2,2021
