,Rk,Date,G#,Week,Age,Tm,Unnamed: 6_level_1,Opp,Result,Int,Tgt,Cmp,Cmp%,Yds,Yds/Cmp,Yds/Tgt,TD,Rat,DADOT,Air,YAC,Bltz,Hrry,QBKD,Sk,Prss,Comb,MTkl,MTkl%
0,1.0,2021-09-12,1.0,1.0,26.272,HOU,,JAX,W 37-21,0,7,6,85.7%,37,6.2,5.3,0,88.7,1.3,9,28,1,0,0,0.0,0,8,2,20.0%
1,2.0,2021-09-19,2.0,2.0,26.279,HOU,@,CLE,L 21-31,0,1,1,100.0%,33,33.0,33.0,1,158.3,-3.0,-3,36,0,0,0,0.0,0,1,1,50.0%
2,3.0,2021-09-23,3.0,3.0,26.283,HOU,,CAR,L 9-24,0,5,1,20.0%,11,11.0,2.2,0,39.6,2.2,6,5,2,0,0,0.0,0,2,0,0.0%
3,4.0,2021-10-03,4.0,4.0,26.293,HOU,@,BUF,L 0-40,0,7,6,85.7%,101,16.8,14.4,1,158.3,15.0,86,15,0,0,0,0.0,0,9,1,10.0%
4,5.0,2021-10-10,5.0,5.0,26.3,HOU,,NWE,L 22-25,0,6,6,100.0%,69,11.5,11.5,0,114.6,7.7,46,23,2,0,0,0.0,0,9,0,0.0%
5,6.0,2021-10-17,6.0,6.0,26.307,HOU,@,IND,L 3-31,0,0,0,,0,,,0,,,0,0,0,0,0,0.0,0,1,0,0.0%
6,7.0,2021-10-24,7.0,7.0,26.314,HOU,@,ARI,L 5-31,0,7,7,100.0%,47,6.7,6.7,1,134.2,3.3,23,24,0,0,0,0.0,0,6,1,14.3%
7,8.0,2021-11-07,9.0,9.0,26.328,HOU,@,MIA,L 9-17,0,13,8,61.5%,71,8.9,5.5,0,76.1,10.7,53,18,0,0,0,0.0,0,6,1,14.3%
8,9.0,2021-11-21,10.0,11.0,26.342,HOU,@,TEN,W 22-13,2,8,4,50.0%,34,8.5,4.3,0,21.9,13.9,30,4,0,0,0,0.0,0,8,1,11.1%
9,10.0,2021-11-28,11.0,12.0,26.349,HOU,,NYJ,L 14-21,0,7,6,85.7%,93,15.5,13.3,0,118.7,5.9,39,54,0,0,0,0.0,0,5,1,16.7%
10,11.0,2021-12-05,12.0,13.0,26.356,HOU,,IND,L 0-31,0,3,2,66.7%,22,11.0,7.3,0,88.2,7.7,19,3,0,0,0,0.0,0,6,0,0.0%
11,12.0,2021-12-12,13.0,14.0,26.363,HOU,,SEA,L 13-33,0,6,4,66.7%,49,12.3,8.2,1,131.2,13.0,38,11,0,0,0,0.0,0,5,0,0.0%
12,13.0,2021-12-19,14.0,15.0,27.005,HOU,@,JAX,W 30-16,0,9,2,22.2%,20,10.0,2.2,0,39.6,6.4,5,15,0,0,0,0.0,0,3,1,25.0%
13,14.0,2021-12-26,15.0,16.0,27.012,HOU,,LAC,W 41-29,0,6,4,66.7%,50,12.5,8.3,0,92.4,13.5,38,12,0,0,0,0.0,0,10,0,0.0%
14,15.0,2022-01-02,16.0,17.0,27.019,HOU,@,SFO,L 7-23,1,6,3,50.0%,20,6.7,3.3,0,18.1,9.0,7,13,0,0,0,0.0,0,8,0,0.0%
15,16.0,2022-01-09,17.0,18.0,27.026,HOU,,TEN,L 25-28,0,9,6,66.7%,95,15.8,10.6,1,138.7,8.2,51,44,1,0,0,0.0,0,6,0,0.0%
16,,16 Games,,,,,,,4-12-0,3,100,66,66.0%,752,11.4,7.5,5,92.6,8.5,447,305,6,0,0,0.0,0,93,9,8.8%
