,Rk,Date,G#,Week,Age,Tm,Unnamed: 6_level_1,Opp,Result,Int,Tgt,Cmp,Cmp%,Yds,Yds/Cmp,Yds/Tgt,TD,Rat,DADOT,Air,YAC,Bltz,Hrry,QBKD,Sk,Prss,Comb,MTkl,MTkl%
0,1.0,2021-09-12,1.0,1.0,35.207,HOU,,JAX,W 37-21,0,0,0,,0.0,,,0.0,,,0.0,0.0,0,0,0,,0,,0,
1,2.0,2021-09-19,2.0,2.0,35.214,HOU,@,CLE,L 21-31,0,0,0,,0.0,,,0.0,,,0.0,0.0,0,0,0,,0,,0,
2,3.0,2021-09-23,3.0,3.0,35.218,HOU,,CAR,L 9-24,0,0,0,,0.0,,,0.0,,,0.0,0.0,0,0,0,,0,,0,
3,4.0,2021-10-03,4.0,4.0,35.228,HOU,@,BUF,L 0-40,0,0,0,,0.0,,,0.0,,,0.0,0.0,0,0,0,,0,,0,
4,5.0,2021-10-10,5.0,5.0,35.235,HOU,,NWE,L 22-25,0,0,0,,0.0,,,0.0,,,0.0,0.0,0,0,0,,0,,0,
5,6.0,2021-10-17,6.0,6.0,35.242,HOU,@,IND,L 3-31,0,0,0,,0.0,,,0.0,,,0.0,0.0,0,0,0,0.0,0,1.0,0,0.0%
6,7.0,2021-10-24,7.0,7.0,35.249,HOU,@,ARI,L 5-31,0,0,0,,0.0,,,0.0,,,0.0,0.0,0,0,0,,0,,0,
7,8.0,2021-10-31,8.0,8.0,35.256,HOU,,LAR,L 22-38,0,0,0,,0.0,,,0.0,,,0.0,0.0,0,0,0,,0,,0,
8,9.0,2021-11-07,9.0,9.0,35.263,HOU,@,MIA,L 9-17,0,0,0,,0.0,,,0.0,,,0.0,0.0,0,0,0,,0,,0,
9,10.0,2021-11-21,10.0,11.0,35.277,HOU,@,TEN,W 22-13,0,0,0,,0.0,,,0.0,,,0.0,0.0,0,0,0,,0,,0,
10,11.0,2021-11-28,11.0,12.0,35.284,HOU,,NYJ,L 14-21,0,0,0,,0.0,,,0.0,,,0.0,0.0,0,0,0,,0,,0,
11,12.0,2021-12-05,12.0,13.0,35.291,HOU,,IND,L 0-31,0,0,0,,0.0,,,0.0,,,0.0,0.0,0,0,0,,0,,0,
12,13.0,2021-12-12,13.0,14.0,35.298,HOU,,SEA,L 13-33,0,0,0,,0.0,,,0.0,,,0.0,0.0,0,0,0,,0,,0,
13,14.0,2021-12-19,14.0,15.0,35.305,HOU,@,JAX,W 30-16,0,0,0,,0.0,,,0.0,,,0.0,0.0,0,0,0,,0,,0,
14,15.0,2021-12-26,15.0,16.0,35.312,HOU,,LAC,W 41-29,0,0,0,,0.0,,,0.0,,,0.0,0.0,0,0,0,,0,,0,
15,16.0,2022-01-02,16.0,17.0,35.319,HOU,@,SFO,L 7-23,0,0,0,,0.0,,,0.0,,,0.0,0.0,0,0,0,0.0,0,1.0,0,0.0%
16,17.0,2022-01-09,17.0,18.0,35.326,HOU,,TEN,L 25-28,0,0,0,,0.0,,,0.0,,,0.0,0.0,0,0,0,,0,,0,
17,,17 Games,,,,,,,4-13-0,0,0,0,,,,,,,,,,0,0,0,0.0,0,2.0,0,0.0%
