,Rk,Date,G#,Week,Age,Tm,Unnamed: 6_level_1,Opp,Result,Tgt,Rec,Yds,TD,1D,YBC,YBC/R,YAC,YAC/R,ADOT,BrkTkl,Rec/Br,Drop,Drop%,Int,Rat,Year
0,1.0,2021-09-12,1.0,1.0,27.131,HOU,,JAX,W 37-21,5.0,4.0,67.0,0.0,3.0,33.0,8.3,34.0,8.5,13.2,1.0,4.0,0.0,0.0,0.0,118.7,2021
1,2.0,2021-09-19,2.0,2.0,27.138,HOU,@,CLE,L 21-31,1.0,0.0,0.0,0.0,,0.0,,0.0,,4.0,0.0,,0.0,0.0,0.0,39.6,2021
2,3.0,2021-09-23,3.0,3.0,27.142,HOU,,CAR,L 9-24,,,,,,,,,,,,,,0.0,,,2021
3,4.0,2021-10-03,4.0,4.0,27.152,HOU,@,BUF,L 0-40,2.0,1.0,6.0,0.0,,5.0,5.0,1.0,1.0,4.5,0.0,,0.0,0.0,1.0,16.7,2021
4,5.0,2021-10-10,5.0,5.0,27.159,HOU,,NWE,L 22-25,4.0,2.0,22.0,0.0,1.0,11.0,5.5,11.0,5.5,2.5,0.0,,1.0,25.0,0.0,66.7,2021
5,6.0,2021-10-17,6.0,6.0,27.166,HOU,@,IND,L 3-31,3.0,2.0,8.0,0.0,,0.0,0.0,8.0,4.0,4.3,0.0,,0.0,0.0,0.0,70.1,2021
6,7.0,2021-10-24,7.0,7.0,27.173,HOU,@,ARI,L 5-31,3.0,3.0,11.0,0.0,,1.0,0.3,10.0,3.3,0.3,0.0,,0.0,0.0,0.0,81.9,2021
7,8.0,2021-11-21,10.0,11.0,27.201,HOU,@,TEN,W 22-13,4.0,2.0,10.0,0.0,,5.0,2.5,5.0,2.5,1.8,0.0,,0.0,0.0,0.0,56.2,2021
8,9.0,2021-11-28,11.0,12.0,27.208,HOU,,NYJ,L 14-21,1.0,0.0,0.0,0.0,,0.0,,0.0,,8.0,0.0,,0.0,0.0,0.0,39.6,2021
9,10.0,2021-12-05,12.0,13.0,27.215,HOU,,IND,L 0-31,5.0,4.0,23.0,0.0,2.0,2.0,0.5,21.0,5.3,1.0,0.0,,0.0,0.0,0.0,85.8,2021
10,11.0,2021-12-12,13.0,14.0,27.222,HOU,,SEA,L 13-33,,,,,,,,,,,,,,0.0,,,2021
11,12.0,2021-12-19,14.0,15.0,27.229,HOU,@,JAX,W 30-16,2.0,2.0,5.0,0.0,,1.0,0.5,4.0,2.0,0.5,1.0,2.0,0.0,0.0,0.0,79.2,2021
12,13.0,2021-12-26,15.0,16.0,27.236,HOU,,LAC,W 41-29,3.0,2.0,10.0,0.0,,3.0,1.5,7.0,3.5,6.0,0.0,,0.0,0.0,0.0,71.5,2021
13,14.0,2022-01-02,16.0,17.0,27.243,HOU,@,SFO,L 7-23,1.0,1.0,9.0,0.0,,4.0,4.0,5.0,5.0,4.0,0.0,,0.0,0.0,0.0,104.2,2021
14,15.0,2022-01-09,17.0,18.0,27.25,HOU,,TEN,L 25-28,,,,,,,,,,,,,,0.0,,,2021
15,,15 Games,,,,,,,4-11-0,34.0,23.0,171.0,0.0,6.0,65.0,2.8,106.0,4.6,4.3,2.0,11.5,1.0,2.9,1.0,67.2,2021
