,Rk,Date,G#,Week,Age,Tm,Unnamed: 6_level_1,Opp,Result,Int,Tgt,Cmp,Cmp%,Yds,Yds/Cmp,Yds/Tgt,TD,Rat,DADOT,Air,YAC,Bltz,Hrry,QBKD,Sk,Prss,Comb,MTkl,MTkl%,Year
0,1.0,2020-09-14,1.0,1.0,23.253,DEN,,TEN,L 14-16,0,0,0,,0,,,0,,,0,0,0,0,1,0.0,1,3,0,0.0%,2020
1,2.0,2020-09-20,2.0,2.0,23.259,DEN,@,PIT,L 21-26,0,0,0,,0,,,0,,,0,0,0,0,1,0.0,1,1,0,0.0%,2020
2,3.0,2020-10-25,6.0,7.0,23.294,DEN,,KAN,L 16-43,0,0,0,,0,,,0,,,0,0,0,0,0,1.0,1,2,0,0.0%,2020
3,4.0,2020-11-01,7.0,8.0,23.301,DEN,,LAC,W 31-30,0,0,0,,0,,,0,,,0,0,0,0,0,0.0,0,3,0,0.0%,2020
4,5.0,2020-11-08,8.0,9.0,23.308,DEN,@,ATL,L 27-34,0,1,1,100.0%,12,12.0,12.0,0,116.7,2.0,2,10,0,0,0,1.0,1,2,0,0.0%,2020
5,6.0,2020-11-15,9.0,10.0,23.315,DEN,@,LVR,L 12-37,0,0,0,,0,,,0,,,0,0,0,0,0,0.0,0,5,0,0.0%,2020
6,7.0,2020-11-22,10.0,11.0,23.322,DEN,,MIA,W 20-13,0,0,0,,0,,,0,,,0,0,0,0,0,1.0,1,3,0,0.0%,2020
7,8.0,2020-11-29,11.0,12.0,23.329,DEN,,NOR,L 3-31,0,1,1,100.0%,8,8.0,8.0,0,100.0,-4.0,-4,12,0,1,1,0.0,2,9,0,0.0%,2020
8,9.0,2020-12-06,12.0,13.0,23.336,DEN,@,KAN,L 16-22,0,0,0,,0,,,0,,,0,0,0,0,0,0.0,0,2,0,0.0%,2020
9,10.0,2020-12-13,13.0,14.0,23.343,DEN,@,CAR,W 32-27,0,0,0,,0,,,0,,,0,0,0,2,0,1.0,3,1,0,0.0%,2020
10,11.0,2020-12-19,14.0,15.0,23.349,DEN,,BUF,L 19-48,0,0,0,,0,,,0,,,0,0,0,2,0,0.0,2,1,1,50.0%,2020
11,12.0,2020-12-27,15.0,16.0,23.357,DEN,@,LAC,L 16-19,0,0,0,,0,,,0,,,0,0,0,0,0,1.0,1,3,0,0.0%,2020
12,13.0,2021-01-03,16.0,17.0,23.364,DEN,,LVR,L 31-32,0,0,0,,0,,,0,,,0,0,0,1,0,1.5,3,6,0,0.0%,2020
13,,13 Games,,,,,,,3-10-0,0,2,2,100.0%,20,10.0,10.0,0,108.3,-1.0,-2,22,0,6,3,6.5,16,41,1,2.4%,2020
