,Rk,Date,G#,Week,Age,Tm,Unnamed: 6_level_1,Opp,Result,Tgt,Rec,Yds,TD,1D,YBC,YBC/R,YAC,YAC/R,ADOT,BrkTkl,Rec/Br,Drop,Drop%,Int,Rat,Att,Yds,TD,1D,YBC,YBC/Att,YAC,YAC/Att,BrkTkl,Att/Br,Year
0,1.0,2020-09-20,2.0,2.0,21.074,DEN,@,PIT,L 21-26,7.0,3.0,48.0,0.0,2.0,45.0,15.0,3.0,1.0,16.6,0.0,,0.0,0.0,0.0,66.4,1.0,9.0,0.0,0.0,9.0,9.0,0.0,0.0,0.0,,2020
1,2.0,2020-09-27,3.0,3.0,21.081,DEN,,TAM,L 10-28,5.0,3.0,30.0,0.0,1.0,26.0,8.7,4.0,1.3,9.0,0.0,,1.0,20.0,1.0,37.5,1.0,-2.0,0.0,0.0,-2.0,-2.0,0.0,0.0,0.0,,2020
2,3.0,2020-10-01,4.0,4.0,21.085,DEN,@,NYJ,W 37-28,,,,,,,,,,,,,,0.0,,,,,,,,,,,,,2020
3,4.0,2020-10-25,6.0,7.0,21.109,DEN,,KAN,L 16-43,3.0,2.0,24.0,0.0,0.0,7.0,3.5,17.0,8.5,7.0,0.0,,1.0,33.3,1.0,51.4,1.0,10.0,0.0,1.0,8.0,8.0,2.0,2.0,0.0,,2020
4,5.0,2020-11-01,7.0,8.0,21.116,DEN,,LAC,W 31-30,3.0,3.0,13.0,1.0,1.0,10.0,3.3,3.0,1.0,3.3,0.0,,0.0,0.0,0.0,124.3,0.0,0.0,0.0,0.0,0.0,,0.0,,0.0,,2020
5,6.0,2020-11-08,8.0,9.0,21.123,DEN,@,ATL,L 27-34,10.0,6.0,75.0,0.0,4.0,43.0,7.2,32.0,5.3,10.2,0.0,,1.0,10.0,0.0,83.3,1.0,15.0,0.0,1.0,15.0,15.0,0.0,0.0,0.0,,2020
6,7.0,2020-11-15,9.0,10.0,21.13,DEN,@,LVR,L 12-37,10.0,4.0,50.0,0.0,3.0,27.0,6.8,23.0,5.8,7.5,2.0,2.0,2.0,20.0,1.0,16.7,0.0,0.0,0.0,0.0,0.0,,0.0,,0.0,,2020
7,8.0,2020-11-22,10.0,11.0,21.137,DEN,,MIA,W 20-13,6.0,4.0,35.0,0.0,2.0,19.0,4.8,16.0,4.0,8.0,0.0,,0.0,0.0,0.0,81.9,0.0,0.0,0.0,0.0,0.0,,0.0,,0.0,,2020
8,9.0,2020-11-29,11.0,12.0,21.144,DEN,,NOR,L 3-31,0.0,0.0,0.0,0.0,,0.0,,0.0,,,0.0,,0.0,0.0,,,2.0,-8.0,0.0,,-8.0,-4.0,0.0,0.0,0.0,,2020
9,10.0,2020-12-06,12.0,13.0,21.151,DEN,@,KAN,L 16-22,5.0,2.0,16.0,0.0,2.0,4.0,2.0,12.0,6.0,13.6,2.0,1.0,1.0,20.0,0.0,48.7,2.0,13.0,0.0,0.0,13.0,6.5,0.0,0.0,0.0,,2020
10,11.0,2020-12-13,13.0,14.0,21.158,DEN,@,CAR,W 32-27,3.0,2.0,86.0,2.0,2.0,73.0,36.5,13.0,6.5,30.0,0.0,,0.0,0.0,0.0,149.3,0.0,0.0,0.0,0.0,0.0,,0.0,,0.0,,2020
11,12.0,2020-12-19,14.0,15.0,21.164,DEN,,BUF,L 19-48,4.0,1.0,4.0,0.0,,3.0,3.0,1.0,1.0,2.0,0.0,,1.0,25.0,0.0,39.6,0.0,0.0,0.0,,0.0,,0.0,,0.0,,2020
12,13.0,2020-12-27,15.0,16.0,21.172,DEN,@,LAC,L 16-19,0.0,0.0,0.0,0.0,,0.0,,0.0,,,0.0,,0.0,0.0,,,1.0,3.0,0.0,,3.0,3.0,0.0,0.0,0.0,,2020
13,,13 Games,,,,,,,4-9-0,56.0,30.0,381.0,3.0,17.0,257.0,8.6,124.0,4.1,10.4,4.0,7.5,7.0,12.5,3.0,70.6,9.0,40.0,0.0,2.0,38.0,4.2,2.0,0.2,0.0,,2020
