,Rk,Date,G#,Week,Age,Tm,Unnamed: 6_level_1,Opp,Result,Int,Tgt,Cmp,Cmp%,Yds,Yds/Cmp,Yds/Tgt,TD,Rat,DADOT,Air,YAC,Bltz,Hrry,QBKD,Sk,Prss,Comb,MTkl,MTkl%,Year
0,1.0,2022-09-11,1.0,1.0,25.336,NYJ,,BAL,L 9-24,0,0,0,,0,,,0,,,0,0,0,0,0,,0,,0,,2022
1,2.0,2022-09-18,2.0,2.0,25.343,NYJ,@,CLE,W 31-30,1,1,0,0.0%,0,,0.0,0,0.0,18.0,0,0,0,0,0,0.0,0,1.0,0,0.0%,2022
2,3.0,2022-09-25,3.0,3.0,25.35,NYJ,,CIN,L 12-27,0,0,0,,0,,,0,,,0,0,0,0,0,0.0,0,1.0,0,0.0%,2022
3,4.0,2022-10-02,4.0,4.0,25.357,NYJ,@,PIT,W 24-20,0,1,1,100.0%,27,27.0,27.0,0,118.7,20.0,20,7,0,0,0,0.0,0,0.0,0,,2022
4,5.0,2022-10-09,5.0,5.0,25.364,NYJ,,MIA,W 40-17,0,0,0,,0,,,0,,,0,0,0,0,0,,0,,0,,2022
5,6.0,2022-10-16,6.0,6.0,26.006,NYJ,@,GNB,W 27-10,0,0,0,,0,,,0,,,0,0,0,0,0,0.0,0,1.0,0,0.0%,2022
6,7.0,2022-10-30,8.0,8.0,26.02,NYJ,,NWE,L 17-22,0,0,0,,0,,,0,,,0,0,0,0,0,,0,,0,,2022
7,8.0,2022-11-06,9.0,9.0,26.027,NYJ,,BUF,W 20-17,0,0,0,,0,,,0,,,0,0,0,0,0,0.0,0,0.0,0,,2022
8,9.0,2022-11-20,10.0,11.0,26.041,NYJ,@,NWE,L 3-10,0,0,0,,0,,,0,,,0,0,0,0,0,0.0,0,0.0,0,,2022
9,10.0,2022-11-27,11.0,12.0,26.048,NYJ,,CHI,W 31-10,0,0,0,,0,,,0,,,0,0,0,0,0,,0,,0,,2022
10,11.0,2022-12-18,14.0,15.0,26.069,NYJ,,DET,L 17-20,0,0,0,,0,,,0,,,0,0,0,0,0,0.0,0,1.0,0,0.0%,2022
11,12.0,2022-12-22,15.0,16.0,26.073,NYJ,,JAX,L 3-19,0,0,0,,0,,,0,,,0,0,0,0,0,,0,,0,,2022
12,13.0,2023-01-01,16.0,17.0,26.083,NYJ,@,SEA,L 6-23,0,0,0,,0,,,0,,,0,0,0,0,0,0.0,0,1.0,0,0.0%,2022
13,14.0,2023-01-08,17.0,18.0,26.09,NYJ,@,MIA,L 6-11,0,0,0,,0,,,0,,,0,0,0,0,0,,0,,0,,2022
14,,14 Games,,,,,,,6-8-0,1,2,1,50.0%,27,27.0,13.5,0,56.2,19.0,20,7,0,0,0,0.0,0,5.0,0,0.0%,2022
