,Rk,Date,G#,Week,Age,Tm,Unnamed: 6_level_1,Opp,Result,Att,Yds,TD,1D,YBC,YBC/Att,YAC,YAC/Att,BrkTkl,Att/Br,Tgt,Rec,Yds,TD,1D,YBC,YBC/R,YAC,YAC/R,ADOT,BrkTkl,Rec/Br,Drop,Drop%,Int,Rat,Year
0,1.0,2022-09-11,1.0,1.0,24.359,NYJ,,BAL,L 9-24,,,,,,,,,,,,,,,,,,,,,,,,0.0,,,2022
1,2.0,2022-09-18,2.0,2.0,25.001,NYJ,@,CLE,W 31-30,0.0,0.0,0.0,,0.0,,0.0,,0.0,,3.0,1.0,4.0,0.0,,-2.0,-2.0,6.0,6.0,0.3,0.0,,1.0,33.3,0.0,42.4,2022
2,3.0,2022-09-25,3.0,3.0,25.008,NYJ,,CIN,L 12-27,,,,,,,,,,,,,,,,,,,,,,,,0.0,,,2022
3,4.0,2022-10-02,4.0,4.0,25.015,NYJ,@,PIT,W 24-20,0.0,0.0,0.0,,0.0,,0.0,,0.0,,0.0,0.0,0.0,0.0,,0.0,,0.0,,,0.0,,0.0,0.0,,,2022
4,5.0,2022-10-09,5.0,5.0,25.022,NYJ,,MIA,W 40-17,0.0,0.0,0.0,,0.0,,0.0,,0.0,,0.0,0.0,0.0,0.0,,0.0,,0.0,,,0.0,,0.0,0.0,,,2022
5,6.0,2022-10-16,6.0,6.0,25.029,NYJ,@,GNB,W 27-10,,,,,,,,,,,,,,,,,,,,,,,,0.0,,,2022
6,7.0,2022-10-23,7.0,7.0,25.036,NYJ,@,DEN,W 16-9,1.0,3.0,0.0,,1.0,1.0,2.0,2.0,0.0,,1.0,1.0,6.0,0.0,,5.0,5.0,1.0,1.0,5.0,0.0,,0.0,0.0,0.0,91.7,2022
7,8.0,2022-10-30,8.0,8.0,25.043,NYJ,,NWE,L 17-22,2.0,6.0,0.0,,2.0,1.0,4.0,2.0,0.0,,2.0,0.0,0.0,0.0,,0.0,,0.0,,1.5,0.0,,0.0,0.0,1.0,0.0,2022
8,9.0,2022-11-06,9.0,9.0,25.05,NYJ,,BUF,W 20-17,2.0,17.0,0.0,,13.0,6.5,4.0,2.0,0.0,,0.0,0.0,0.0,0.0,,0.0,,0.0,,,0.0,,0.0,0.0,,,2022
9,10.0,2022-11-20,10.0,11.0,25.064,NYJ,@,NWE,L 3-10,4.0,4.0,0.0,,0.0,0.0,4.0,1.0,0.0,,1.0,0.0,0.0,0.0,,0.0,,0.0,,26.0,0.0,,0.0,0.0,0.0,39.6,2022
10,11.0,2022-11-27,11.0,12.0,25.071,NYJ,,CHI,W 31-10,5.0,62.0,1.0,2.0,16.0,3.2,46.0,9.2,5.0,1.0,2.0,1.0,16.0,0.0,1.0,2.0,2.0,14.0,14.0,1.5,0.0,,0.0,0.0,0.0,77.1,2022
11,12.0,2022-12-04,12.0,13.0,25.078,NYJ,@,MIN,L 22-27,1.0,3.0,0.0,,3.0,3.0,0.0,0.0,0.0,,7.0,6.0,38.0,0.0,,8.0,1.3,30.0,5.0,1.7,0.0,,0.0,0.0,0.0,89.3,2022
12,13.0,2022-12-11,13.0,14.0,25.085,NYJ,@,BUF,L 12-20,,,,,,,,,,,,,,,,,,,,,,,,0.0,,,2022
13,14.0,2022-12-18,14.0,15.0,25.092,NYJ,,DET,L 17-20,,,,,,,,,,,,,,,,,,,,,,,,0.0,,,2022
14,15.0,2022-12-22,15.0,16.0,25.096,NYJ,,JAX,L 3-19,2.0,7.0,0.0,,5.0,2.5,2.0,1.0,0.0,,0.0,0.0,0.0,0.0,,0.0,,0.0,,,0.0,,0.0,0.0,,,2022
15,16.0,2023-01-01,16.0,17.0,25.106,NYJ,@,SEA,L 6-23,8.0,46.0,0.0,3.0,26.0,3.3,20.0,2.5,1.0,8.0,5.0,1.0,11.0,0.0,1.0,2.0,2.0,9.0,9.0,-0.2,0.0,,0.0,0.0,0.0,39.6,2022
16,17.0,2023-01-08,17.0,18.0,25.113,NYJ,@,MIA,L 6-11,5.0,12.0,0.0,0.0,6.0,1.2,6.0,1.2,1.0,5.0,3.0,2.0,13.0,0.0,1.0,0.0,0.0,13.0,6.5,-0.3,1.0,2.0,0.0,0.0,0.0,75.7,2022
17,,17 Games,,,,,,,7-10-0,30.0,160.0,1.0,5.0,72.0,2.4,88.0,2.9,7.0,4.3,24.0,12.0,88.0,0.0,3.0,15.0,1.3,73.0,6.1,2.0,1.0,12.0,1.0,4.2,1.0,41.7,2022
