,Rk,Date,G#,Week,Age,Tm,Unnamed: 6_level_1,Opp,Result,Tgt,Rec,Yds,TD,1D,YBC,YBC/R,YAC,YAC/R,ADOT,BrkTkl,Rec/Br,Drop,Drop%,Int,Rat,Att,Yds,TD,1D,YBC,YBC/Att,YAC,YAC/Att,BrkTkl,Att/Br,Year
0,1.0,2022-09-11,1.0,1.0,27.043,NYJ,,BAL,L 9-24,7,4,16,1,1.0,16,4.0,0,0.0,1.6,0,,1,14.3,0,101.8,0,0,0,0.0,0,,0,,0,,2022
1,2.0,2022-09-18,2.0,2.0,27.05,NYJ,@,CLE,W 31-30,9,6,40,0,1.0,5,0.8,35,5.8,2.0,0,,1,11.1,0,76.2,0,0,0,0.0,0,,0,,0,,2022
2,3.0,2022-09-25,3.0,3.0,27.057,NYJ,,CIN,L 12-27,8,8,84,0,3.0,22,2.8,62,7.8,2.8,0,,0,0.0,0,110.4,0,0,0,0.0,0,,0,,0,,2022
3,4.0,2022-10-02,4.0,4.0,27.064,NYJ,@,PIT,W 24-20,5,3,52,0,3.0,28,9.3,24,8.0,8.0,0,,1,20.0,1,55.8,0,0,0,0.0,0,,0,,0,,2022
4,5.0,2022-10-09,5.0,5.0,27.071,NYJ,,MIA,W 40-17,1,0,0,0,,0,,0,,39.0,0,,0,0.0,0,39.6,0,0,0,,0,,0,,0,,2022
5,6.0,2022-10-16,6.0,6.0,27.078,NYJ,@,GNB,W 27-10,2,1,16,0,1.0,8,8.0,8,8.0,7.0,0,,0,0.0,0,77.1,1,1,0,1.0,0,0.0,1,1.0,0,,2022
6,7.0,2022-10-23,7.0,7.0,27.085,NYJ,@,DEN,W 16-9,6,4,22,0,1.0,9,2.3,13,3.3,7.5,0,,0,0.0,0,72.9,0,0,0,0.0,0,,0,,0,,2022
7,8.0,2022-10-30,8.0,8.0,27.092,NYJ,,NWE,L 17-22,10,6,79,2,5.0,51,8.5,28,4.7,14.9,1,6.0,0,0.0,1,85.0,0,0,0,0.0,0,,0,,0,,2022
8,9.0,2022-11-06,9.0,9.0,27.099,NYJ,,BUF,W 20-17,2,1,7,0,1.0,4,4.0,3,3.0,6.0,0,,0,0.0,0,58.3,0,0,0,0.0,0,,0,,0,,2022
9,10.0,2022-11-20,10.0,11.0,27.113,NYJ,@,NWE,L 3-10,3,2,15,0,,6,3.0,9,4.5,6.3,0,,0,0.0,0,78.5,0,0,0,,0,,0,,0,,2022
10,11.0,2022-11-27,11.0,12.0,27.12,NYJ,,CHI,W 31-10,3,3,50,0,2.0,28,9.3,22,7.3,9.3,0,,0,0.0,0,118.7,0,0,0,0.0,0,,0,,0,,2022
11,12.0,2022-12-04,12.0,13.0,27.127,NYJ,@,MIN,L 22-27,7,2,9,0,,2,1.0,7,3.5,6.3,0,,0,0.0,0,39.6,0,0,0,,0,,0,,0,,2022
12,13.0,2022-12-11,13.0,14.0,27.134,NYJ,@,BUF,L 12-20,8,5,28,0,,13,2.6,15,3.0,6.1,0,,1,12.5,0,68.7,0,0,0,,0,,0,,0,,2022
13,14.0,2022-12-18,14.0,15.0,27.141,NYJ,,DET,L 17-20,2,1,7,0,1.0,6,6.0,1,1.0,6.0,0,,0,0.0,0,58.3,1,2,0,1.0,2,2.0,0,0.0,0,,2022
14,15.0,2022-12-22,15.0,16.0,27.145,NYJ,,JAX,L 3-19,4,4,34,0,1.0,5,1.3,29,7.3,1.3,0,,0,0.0,0,102.1,0,0,0,0.0,0,,0,,0,,2022
15,16.0,2023-01-01,16.0,17.0,27.155,NYJ,@,SEA,L 6-23,6,6,80,0,4.0,46,7.7,34,5.7,7.7,1,6.0,0,0.0,0,118.7,0,0,0,0.0,0,,0,,0,,2022
16,17.0,2023-01-08,17.0,18.0,27.162,NYJ,@,MIA,L 6-11,4,2,13,0,1.0,10,5.0,3,1.5,10.3,0,,0,0.0,0,57.3,0,0,0,0.0,0,,0,,0,,2022
17,,17 Games,,,,,,,7-10-0,87,58,552,3,25.0,259,4.5,293,5.1,6.8,2,29.0,4,4.6,2,86.0,2,3,0,2.0,2,1.0,1,0.5,0,,2022
