,Rk,Date,G#,Week,Age,Tm,Unnamed: 6_level_1,Opp,Result,Tgt,Rec,Yds,TD,1D,YBC,YBC/R,YAC,YAC/R,ADOT,BrkTkl,Rec/Br,Drop,Drop%,Int,Rat,Att,Yds,TD,1D,YBC,YBC/Att,YAC,YAC/Att,BrkTkl,Att/Br,Year
0,1.0,2021-09-12,1.0,1.0,24.12,IND,,SEA,L 16-28,0.0,0.0,0.0,0.0,,0.0,,0.0,,,0.0,,0.0,0.0,,,0.0,0.0,0.0,,0.0,,0.0,,0.0,,2021
1,2.0,2021-09-19,2.0,2.0,24.127,IND,,LAR,L 24-27,2.0,1.0,10.0,0.0,1.0,-4.0,-4.0,14.0,14.0,12.0,0.0,,0.0,0.0,0.0,64.6,0.0,0.0,0.0,0.0,0.0,,0.0,,0.0,,2021
2,3.0,2021-09-26,3.0,3.0,24.134,IND,@,TEN,L 16-25,0.0,0.0,0.0,0.0,,0.0,,0.0,,,0.0,,0.0,0.0,,,1.0,-7.0,0.0,,-7.0,-7.0,0.0,0.0,1.0,1.0,2021
3,4.0,2021-10-03,4.0,4.0,24.141,IND,@,MIA,W 27-17,1.0,1.0,17.0,0.0,1.0,16.0,16.0,1.0,1.0,16.0,0.0,,0.0,0.0,0.0,118.7,0.0,0.0,0.0,0.0,0.0,,0.0,,0.0,,2021
4,5.0,2021-10-11,5.0,5.0,24.149,IND,@,BAL,L 25-31,2.0,2.0,13.0,0.0,1.0,10.0,5.0,3.0,1.5,5.0,0.0,,0.0,0.0,0.0,93.7,0.0,0.0,0.0,0.0,0.0,,0.0,,0.0,,2021
5,6.0,2021-10-17,6.0,6.0,24.155,IND,,HOU,W 31-3,1.0,1.0,7.0,0.0,,4.0,4.0,3.0,3.0,4.0,0.0,,0.0,0.0,0.0,95.8,0.0,0.0,0.0,,0.0,,0.0,,0.0,,2021
6,7.0,2021-10-24,7.0,7.0,24.162,IND,@,SFO,W 30-18,4.0,2.0,0.0,0.0,,-6.0,-3.0,6.0,3.0,11.3,0.0,,0.0,0.0,0.0,56.2,0.0,0.0,0.0,,0.0,,0.0,,0.0,,2021
7,8.0,2021-10-31,8.0,8.0,24.169,IND,,TEN,L 31-34,4.0,0.0,0.0,0.0,,0.0,,0.0,,24.0,0.0,,1.0,25.0,0.0,39.6,0.0,0.0,0.0,,0.0,,0.0,,0.0,,2021
8,9.0,2021-11-04,9.0,9.0,24.173,IND,,NYJ,W 45-30,2.0,2.0,23.0,0.0,2.0,23.0,11.5,0.0,0.0,11.5,0.0,,0.0,0.0,0.0,114.6,0.0,0.0,0.0,0.0,0.0,,0.0,,0.0,,2021
9,10.0,2021-11-14,10.0,10.0,24.183,IND,,JAX,W 23-17,1.0,1.0,16.0,0.0,1.0,3.0,3.0,13.0,13.0,3.0,0.0,,0.0,0.0,0.0,118.7,0.0,0.0,0.0,0.0,0.0,,0.0,,0.0,,2021
10,11.0,2021-11-21,11.0,11.0,24.19,IND,@,BUF,W 41-15,0.0,0.0,0.0,0.0,,0.0,,0.0,,,0.0,,0.0,0.0,,,0.0,0.0,0.0,,0.0,,0.0,,0.0,,2021
11,12.0,2021-11-28,12.0,12.0,24.197,IND,,TAM,L 31-38,1.0,1.0,62.0,1.0,1.0,52.0,52.0,10.0,10.0,52.0,0.0,,0.0,0.0,0.0,158.3,0.0,0.0,0.0,0.0,0.0,,0.0,,0.0,,2021
12,13.0,2021-12-05,13.0,13.0,24.204,IND,@,HOU,W 31-0,1.0,1.0,2.0,1.0,1.0,2.0,2.0,0.0,0.0,2.0,0.0,,0.0,0.0,0.0,118.7,0.0,0.0,0.0,0.0,0.0,,0.0,,0.0,,2021
13,14.0,2021-12-18,14.0,15.0,24.217,IND,,NWE,W 27-17,0.0,0.0,0.0,0.0,0.0,0.0,,0.0,,,0.0,,0.0,0.0,,,2.0,39.0,0.0,1.0,34.0,17.0,5.0,2.5,0.0,,2021
14,15.0,2021-12-25,15.0,16.0,24.224,IND,@,ARI,W 22-16,2.0,1.0,23.0,0.0,1.0,23.0,23.0,0.0,0.0,14.0,0.0,,1.0,50.0,0.0,91.7,0.0,0.0,0.0,0.0,0.0,,0.0,,0.0,,2021
15,16.0,2022-01-02,16.0,17.0,24.232,IND,,LVR,L 20-23,1.0,0.0,0.0,0.0,,0.0,,0.0,,1.0,0.0,,0.0,0.0,0.0,39.6,0.0,0.0,0.0,,0.0,,0.0,,0.0,,2021
16,17.0,2022-01-09,17.0,18.0,24.239,IND,@,JAX,L 11-26,,,,,,,,,,,,,,0.0,,,,,,,,,,,,,2021
17,,17 Games,,,,,,,9-8-0,22.0,13.0,173.0,2.0,9.0,123.0,9.5,50.0,3.8,13.8,0.0,,2.0,9.1,0.0,114.4,3.0,32.0,0.0,1.0,27.0,9.0,5.0,1.7,1.0,3.0,2021
