,Rk,Date,G#,Week,Age,Tm,Unnamed: 6_level_1,Opp,Result,Int,Tgt,Cmp,Cmp%,Yds,Yds/Cmp,Yds/Tgt,TD,Rat,DADOT,Air,YAC,Bltz,Hrry,QBKD,Sk,Prss,Comb,MTkl,MTkl%,Year
0,1.0,2021-09-19,2.0,2.0,26.07,IND,,LAR,L 24-27,0,0,0,,0,,,0,,,0,0,0,0,0,,0,,0,,2021
1,2.0,2021-09-26,3.0,3.0,26.077,IND,@,TEN,L 16-25,0,0,0,,0,,,0,,,0,0,0,0,0,,0,,0,,2021
2,3.0,2021-10-03,4.0,4.0,26.084,IND,@,MIA,W 27-17,0,0,0,,0,,,0,,,0,0,0,1,0,2.0,3,3.0,0,0.0%,2021
3,4.0,2021-10-11,5.0,5.0,26.092,IND,@,BAL,L 25-31,0,0,0,,0,,,0,,,0,0,0,0,0,0.0,0,1.0,1,50.0%,2021
4,5.0,2021-10-31,8.0,8.0,26.112,IND,,TEN,L 31-34,0,0,0,,0,,,0,,,0,0,0,0,0,1.0,1,1.0,1,50.0%,2021
5,6.0,2021-11-04,9.0,9.0,26.116,IND,,NYJ,W 45-30,0,1,0,0.0%,0,,0.0,0,39.6,4.0,0,0,0,1,0,0.0,1,0.0,0,,2021
6,7.0,2021-11-14,10.0,10.0,26.126,IND,,JAX,W 23-17,0,0,0,,0,,,0,,,0,0,0,0,0,0.0,0,0.0,0,,2021
7,8.0,2021-11-21,11.0,11.0,26.133,IND,@,BUF,W 41-15,0,0,0,,0,,,0,,,0,0,0,0,0,,0,,0,,2021
8,9.0,2021-11-28,12.0,12.0,26.14,IND,,TAM,L 31-38,0,0,0,,0,,,0,,,0,0,0,0,0,,0,,0,,2021
9,10.0,2021-12-05,13.0,13.0,26.147,IND,@,HOU,W 31-0,0,0,0,,0,,,0,,,0,0,1,2,0,2.0,4,2.0,0,0.0%,2021
10,11.0,2021-12-18,14.0,15.0,26.16,IND,,NWE,W 27-17,0,1,1,100.0%,7,7.0,7.0,1,135.4,7.0,7,0,0,0,1,0.0,1,0.0,0,,2021
11,12.0,2022-01-02,16.0,17.0,26.175,IND,,LVR,L 20-23,0,0,0,,0,,,0,,,0,0,0,0,1,0.5,2,1.0,0,0.0%,2021
12,13.0,2022-01-09,17.0,18.0,26.182,IND,@,JAX,L 11-26,0,0,0,,0,,,0,,,0,0,1,0,0,0.0,0,1.0,0,0.0%,2021
13,,13 Games,,,,,,,6-7-0,0,2,1,50.0%,7,7.0,3.5,1,97.9,5.5,7,0,2,4,2,5.5,12,9.0,2,18.2%,2021
