,Rk,Date,G#,Week,Age,Tm,Unnamed: 6_level_1,Opp,Result,Int,Tgt,Cmp,Cmp%,Yds,Yds/Cmp,Yds/Tgt,TD,Rat,DADOT,Air,YAC,Bltz,Hrry,QBKD,Sk,Prss,Comb,MTkl,MTkl%,Year
0,1.0,2021-09-12,1.0,1.0,27.358,IND,,SEA,L 16-28,0,0,0,,0.0,,,0.0,,,0.0,0.0,0,0,0,0.0,0,0,0,,2021
1,2.0,2021-09-19,2.0,2.0,28.0,IND,,LAR,L 24-27,0,0,0,,0.0,,,0.0,,,0.0,0.0,0,0,0,0.0,0,0,0,,2021
2,3.0,2021-09-26,3.0,3.0,28.007,IND,@,TEN,L 16-25,0,0,0,,0.0,,,0.0,,,0.0,0.0,0,0,0,0.0,0,0,0,,2021
3,4.0,2021-10-03,4.0,4.0,28.014,IND,@,MIA,W 27-17,0,0,0,,0.0,,,0.0,,,0.0,0.0,0,0,0,0.0,0,0,0,,2021
4,5.0,2021-10-11,5.0,5.0,28.022,IND,@,BAL,L 25-31,0,0,0,,0.0,,,0.0,,,0.0,0.0,0,0,0,0.0,0,0,0,,2021
5,6.0,2021-10-17,6.0,6.0,28.028,IND,,HOU,W 31-3,0,0,0,,0.0,,,0.0,,,0.0,0.0,0,0,0,0.0,0,0,0,,2021
6,7.0,2021-10-24,7.0,7.0,28.035,IND,@,SFO,W 30-18,0,0,0,,0.0,,,0.0,,,0.0,0.0,0,0,0,0.0,0,0,0,,2021
7,8.0,2021-10-31,8.0,8.0,28.042,IND,,TEN,L 31-34,0,0,0,,0.0,,,0.0,,,0.0,0.0,0,0,0,0.0,0,1,0,0.0%,2021
8,9.0,2021-11-04,9.0,9.0,28.046,IND,,NYJ,W 45-30,0,0,0,,0.0,,,0.0,,,0.0,0.0,0,0,0,0.0,0,0,0,,2021
9,10.0,2021-11-14,10.0,10.0,28.056,IND,,JAX,W 23-17,0,0,0,,0.0,,,0.0,,,0.0,0.0,0,0,0,0.0,0,0,0,,2021
10,11.0,2021-11-21,11.0,11.0,28.063,IND,@,BUF,W 41-15,0,0,0,,0.0,,,0.0,,,0.0,0.0,0,0,0,0.0,0,0,0,,2021
11,12.0,2021-11-28,12.0,12.0,28.07,IND,,TAM,L 31-38,0,0,0,,0.0,,,0.0,,,0.0,0.0,0,0,0,0.0,0,1,0,0.0%,2021
12,13.0,2021-12-05,13.0,13.0,28.077,IND,@,HOU,W 31-0,0,0,0,,0.0,,,0.0,,,0.0,0.0,0,0,0,0.0,0,0,0,,2021
13,14.0,2021-12-18,14.0,15.0,28.09,IND,,NWE,W 27-17,0,0,0,,0.0,,,0.0,,,0.0,0.0,0,0,0,0.0,0,0,0,,2021
14,15.0,2021-12-25,15.0,16.0,28.097,IND,@,ARI,W 22-16,0,0,0,,0.0,,,0.0,,,0.0,0.0,0,0,0,0.0,0,0,0,,2021
15,16.0,2022-01-02,16.0,17.0,28.105,IND,,LVR,L 20-23,0,0,0,,0.0,,,0.0,,,0.0,0.0,0,0,0,0.0,0,0,0,,2021
16,17.0,2022-01-09,17.0,18.0,28.112,IND,@,JAX,L 11-26,0,0,0,,0.0,,,0.0,,,0.0,0.0,0,0,0,0.0,0,1,0,0.0%,2021
17,,17 Games,,,,,,,9-8-0,0,0,0,,,,,,,,,,0,0,0,0.0,0,3,0,0.0%,2021
