,Rk,Date,G#,Week,Age,Tm,Unnamed: 6_level_1,Opp,Result,Int,Tgt,Cmp,Cmp%,Yds,Yds/Cmp,Yds/Tgt,TD,Rat,DADOT,Air,YAC,Bltz,Hrry,QBKD,Sk,Prss,Comb,MTkl,MTkl%,Year
0,1.0,2022-09-08,1.0,1.0,25.283,BUF,@,LAR,W 31-10,1,4,2,50.0%,15,7.5,3.8,0,19.8,8.3,5,10,0,0,0,0.0,0,5,0,0.0%,2022
1,2.0,2022-09-19,2.0,2.0,25.294,BUF,,TEN,W 41-7,0,4,2,50.0%,26,13.0,6.5,0,70.8,11.3,24,2,0,0,0,0.0,0,3,1,25.0%,2022
2,3.0,2022-10-02,4.0,4.0,25.307,BUF,@,BAL,W 23-20,0,6,4,66.7%,18,4.5,3.0,0,70.1,5.5,15,3,1,0,0,0.0,0,3,1,25.0%,2022
3,4.0,2022-10-09,5.0,5.0,25.314,BUF,,PIT,W 38-3,0,7,3,42.9%,27,9.0,3.9,0,53.9,7.1,23,4,0,0,0,0.0,0,6,0,0.0%,2022
4,5.0,2022-10-16,6.0,6.0,25.321,BUF,@,KAN,W 24-20,0,6,3,50.0%,44,14.7,7.3,0,74.3,7.2,21,23,0,0,0,0.0,0,2,2,50.0%,2022
5,6.0,2022-10-30,7.0,8.0,25.335,BUF,,GNB,W 27-17,0,5,2,40.0%,10,5.0,2.0,0,47.9,12.8,3,7,0,0,0,0.0,0,3,0,0.0%,2022
6,7.0,2022-11-06,8.0,9.0,25.342,BUF,@,NYJ,L 17-20,0,2,2,100.0%,14,7.0,7.0,0,95.8,6.5,13,1,0,0,0,0.0,0,6,0,0.0%,2022
7,8.0,2022-11-13,9.0,10.0,25.349,BUF,,MIN,L 30-33,1,7,3,42.9%,49,16.3,7.0,1,67.0,10.1,48,1,1,0,0,0.0,0,4,0,0.0%,2022
8,9.0,2022-11-20,10.0,11.0,25.356,BUF,,CLE,W 31-23,0,9,6,66.7%,85,14.2,9.4,1,134.0,10.0,65,20,1,0,0,0.0,0,4,1,20.0%,2022
9,10.0,2022-11-24,11.0,12.0,25.36,BUF,@,DET,W 28-25,0,9,6,66.7%,76,12.7,8.4,1,129.9,14.4,65,11,0,0,0,0.0,0,7,0,0.0%,2022
10,11.0,2022-12-01,12.0,13.0,26.002,BUF,@,NWE,W 24-10,0,3,1,33.3%,15,15.0,5.0,0,50.7,18.3,8,7,0,0,0,0.0,0,1,0,0.0%,2022
11,12.0,2022-12-11,13.0,14.0,26.012,BUF,,NYJ,W 20-12,0,10,6,60.0%,89,14.8,8.9,0,89.2,11.1,75,14,1,0,0,0.0,0,6,2,25.0%,2022
12,13.0,2022-12-17,14.0,15.0,26.018,BUF,,MIA,W 32-29,0,1,1,100.0%,3,3.0,3.0,0,79.2,2.0,2,1,0,0,0,0.0,0,3,0,0.0%,2022
13,14.0,2022-12-24,15.0,16.0,26.025,BUF,@,CHI,W 35-13,0,2,2,100.0%,28,14.0,14.0,0,118.7,10.5,21,7,0,0,0,0.0,0,3,0,0.0%,2022
14,15.0,2023-01-08,16.0,18.0,26.04,BUF,,NWE,W 35-23,0,3,3,100.0%,39,13.0,13.0,0,118.7,8.0,24,15,0,0,0,0.0,0,1,0,0.0%,2022
15,,15 Games,,,,,,,13-2-0,2,78,46,59.0%,538,11.7,6.9,3,82.1,10.1,412,126,4,0,0,0.0,0,57,7,10.9%,2022
