,Rk,Date,G#,Week,Age,Tm,Unnamed: 6_level_1,Opp,Result,Int,Tgt,Cmp,Cmp%,Yds,Yds/Cmp,Yds/Tgt,TD,Rat,DADOT,Air,YAC,Bltz,Hrry,QBKD,Sk,Prss,Comb,MTkl,MTkl%
0,1.0,2022-09-08,1.0,1.0,25.005,BUF,@,LAR,W 31-10,0,0,0,,0.0,,,0.0,,,0.0,0.0,0,0,0,0.0,0,0,0,
1,2.0,2022-09-19,2.0,2.0,25.016,BUF,,TEN,W 41-7,0,0,0,,0.0,,,0.0,,,0.0,0.0,0,0,0,0.0,0,0,0,
2,3.0,2022-09-25,3.0,3.0,25.022,BUF,@,MIA,L 19-21,0,0,0,,0.0,,,0.0,,,0.0,0.0,0,0,0,0.0,0,0,0,
3,4.0,2022-10-02,4.0,4.0,25.029,BUF,@,BAL,W 23-20,0,0,0,,0.0,,,0.0,,,0.0,0.0,0,0,0,0.0,0,1,0,0.0%
4,5.0,2022-10-09,5.0,5.0,25.036,BUF,,PIT,W 38-3,0,0,0,,0.0,,,0.0,,,0.0,0.0,0,0,0,0.0,0,0,0,
5,6.0,2022-10-16,6.0,6.0,25.043,BUF,@,KAN,W 24-20,0,0,0,,0.0,,,0.0,,,0.0,0.0,0,0,0,0.0,0,0,0,
6,7.0,2022-10-30,7.0,8.0,25.057,BUF,,GNB,W 27-17,0,0,0,,0.0,,,0.0,,,0.0,0.0,0,0,0,0.0,0,1,0,0.0%
7,8.0,2022-11-06,8.0,9.0,25.064,BUF,@,NYJ,L 17-20,0,0,0,,0.0,,,0.0,,,0.0,0.0,0,0,0,0.0,0,0,0,
8,9.0,2022-11-13,9.0,10.0,25.071,BUF,,MIN,L 30-33,0,0,0,,0.0,,,0.0,,,0.0,0.0,0,0,0,0.0,0,0,0,
9,10.0,2022-11-20,10.0,11.0,25.078,BUF,,CLE,W 31-23,0,0,0,,0.0,,,0.0,,,0.0,0.0,0,0,0,0.0,0,0,0,
10,11.0,2022-11-24,11.0,12.0,25.082,BUF,@,DET,W 28-25,0,0,0,,0.0,,,0.0,,,0.0,0.0,0,0,0,0.0,0,1,0,0.0%
11,12.0,2022-12-01,12.0,13.0,25.089,BUF,@,NWE,W 24-10,0,0,0,,0.0,,,0.0,,,0.0,0.0,0,0,0,0.0,0,0,0,
12,13.0,2022-12-11,13.0,14.0,25.099,BUF,,NYJ,W 20-12,0,0,0,,0.0,,,0.0,,,0.0,0.0,0,0,0,0.0,0,0,0,
13,14.0,2022-12-17,14.0,15.0,25.105,BUF,,MIA,W 32-29,0,0,0,,0.0,,,0.0,,,0.0,0.0,0,0,0,0.0,0,0,0,
14,15.0,2022-12-24,15.0,16.0,25.112,BUF,@,CHI,W 35-13,0,0,0,,0.0,,,0.0,,,0.0,0.0,0,0,0,0.0,0,0,0,
15,16.0,2023-01-08,16.0,18.0,25.127,BUF,,NWE,W 35-23,0,0,0,,0.0,,,0.0,,,0.0,0.0,0,0,0,0.0,0,0,0,
16,,16 Games,,,,,,,13-3-0,0,0,0,,,,,,,,,,0,0,0,0.0,0,3,0,0.0%
