,Rk,Date,G#,Week,Age,Tm,Unnamed: 6_level_1,Opp,Result,Int,Tgt,Cmp,Cmp%,Yds,Yds/Cmp,Yds/Tgt,TD,Rat,DADOT,Air,YAC,Bltz,Hrry,QBKD,Sk,Prss,Comb,MTkl,MTkl%
0,1.0,2022-09-08,1.0,1.0,31.136,BUF,@,LAR,W 31-10,1,3,3,100.0%,33,11.0,11.0,1,112.5,10.7,32,1,0,0,0,0.0,0,2,0,0.0%
1,2.0,2022-09-19,2.0,2.0,31.147,BUF,,TEN,W 41-7,1,0,0,,0,,,0,,,0,0,0,0,0,0.0,0,4,0,0.0%
2,3.0,2022-10-02,4.0,4.0,31.16,BUF,@,BAL,W 23-20,2,3,1,33.3%,9,9.0,3.0,0,2.8,4.0,5,4,2,0,0,0.0,0,6,0,0.0%
3,4.0,2022-10-16,6.0,6.0,31.174,BUF,@,KAN,W 24-20,0,4,4,100.0%,55,13.8,13.8,0,118.7,9.0,36,19,0,0,0,0.0,0,4,0,0.0%
4,5.0,2022-10-30,7.0,8.0,31.188,BUF,,GNB,W 27-17,0,2,2,100.0%,3,1.5,1.5,0,79.2,-3.5,-7,10,0,0,0,0.0,0,5,1,16.7%
5,6.0,2022-11-20,10.0,11.0,31.209,BUF,,CLE,W 31-23,0,3,1,33.3%,-4,-4.0,-1.3,0,42.4,12.0,-4,0,1,0,0,0.0,0,5,0,0.0%
6,7.0,2022-11-24,11.0,12.0,31.213,BUF,@,DET,W 28-25,0,1,1,100.0%,7,7.0,7.0,0,95.8,5.0,5,2,1,0,0,0.0,0,10,0,0.0%
7,8.0,2022-12-01,12.0,13.0,31.22,BUF,@,NWE,W 24-10,0,4,3,75.0%,15,5.0,3.8,0,80.2,3.0,-1,16,1,0,0,0.0,0,5,1,16.7%
8,9.0,2022-12-11,13.0,14.0,31.23,BUF,,NYJ,W 20-12,0,3,2,66.7%,12,6.0,4.0,0,74.3,8.3,8,4,1,0,0,0.0,0,7,0,0.0%
9,10.0,2022-12-17,14.0,15.0,31.236,BUF,,MIA,W 32-29,0,2,1,50.0%,5,5.0,2.5,0,56.2,3.0,3,2,4,0,0,0.0,0,5,1,16.7%
10,11.0,2022-12-24,15.0,16.0,31.243,BUF,@,CHI,W 35-13,0,2,1,50.0%,5,5.0,2.5,0,56.2,3.5,-2,7,0,0,0,0.0,0,1,0,0.0%
11,12.0,2023-01-08,16.0,18.0,31.258,BUF,,NWE,W 35-23,0,4,2,50.0%,6,3.0,1.5,1,95.8,5.8,6,0,2,0,0,0.0,0,9,0,0.0%
12,,12 Games,,,,,,,12-0-0,4,31,21,67.7%,146,7.0,4.7,2,60.1,6.0,81,65,12,0,0,0.0,0,63,3,4.5%
