,Rk,Date,G#,Week,Age,Tm,Unnamed: 6_level_1,Opp,Result,Tgt,Rec,Yds,TD,1D,YBC,YBC/R,YAC,YAC/R,ADOT,BrkTkl,Rec/Br,Drop,Drop%,Int,Rat,Year
0,1.0,2023-10-22,7.0,7.0,22.36,ARI,@,SEA,L 10-20,1,1,0,0,,0,0.0,0,0.0,0.0,0,,0,0.0,0.0,79.2,2023
1,2.0,2023-10-29,8.0,8.0,23.002,ARI,,BAL,L 24-31,0,0,0,0,,0,,0,,,0,,0,0.0,,,2023
2,3.0,2023-11-05,9.0,9.0,23.009,ARI,@,CLE,L 0-27,0,0,0,0,,0,,0,,,0,,0,0.0,,,2023
3,4.0,2023-11-12,10.0,10.0,23.016,ARI,,ATL,W 25-23,1,0,0,0,,0,,0,,18.0,0,,1,100.0,0.0,39.6,2023
4,5.0,2023-11-19,11.0,11.0,23.023,ARI,@,HOU,L 16-21,2,1,2,0,,1,1.0,1,1.0,3.0,0,,1,50.0,0.0,56.2,2023
5,6.0,2023-11-26,12.0,12.0,23.03,ARI,,LAR,L 14-37,2,1,26,0,1.0,15,15.0,11,11.0,12.0,0,,0,0.0,0.0,95.8,2023
6,7.0,2023-12-03,13.0,13.0,23.037,ARI,@,PIT,W 24-10,2,1,21,0,1.0,5,5.0,16,16.0,5.0,0,,0,0.0,0.0,87.5,2023
7,8.0,2023-12-17,14.0,15.0,23.051,ARI,,SFO,L 29-45,4,4,44,1,3.0,31,7.8,13,3.3,7.8,0,,0,0.0,0.0,152.1,2023
8,9.0,2023-12-24,15.0,16.0,23.058,ARI,@,CHI,L 16-27,3,2,17,0,1.0,6,3.0,11,5.5,0.3,0,,0,0.0,0.0,81.2,2023
9,10.0,2023-12-31,16.0,17.0,23.065,ARI,@,PHI,W 35-31,2,2,21,0,2.0,16,8.0,5,2.5,8.0,0,,0,0.0,0.0,110.4,2023
10,11.0,2024-01-07,17.0,18.0,23.072,ARI,,SEA,L 20-21,2,2,32,0,1.0,22,11.0,10,5.0,11.0,0,,0,0.0,0.0,118.7,2023
11,,11 Games,,,,,,,3-8-0,19,14,163,1,9.0,96,6.9,67,4.8,6.7,0,,2,10.5,0.0,116.8,2023
