,Rk,Date,G#,Week,Age,Tm,Unnamed: 6_level_1,Opp,Result,Int,Tgt,Cmp,Cmp%,Yds,Yds/Cmp,Yds/Tgt,TD,Rat,DADOT,Air,YAC,Bltz,Hrry,QBKD,Sk,Prss,Comb,MTkl,MTkl%,Year
0,1.0,2023-09-10,1.0,1.0,27.071,ARI,@,WAS,L 16-20,0,2,1,50.0%,6,6.0,3.0,0,56.2,6.0,6,0,2,0,0,0.0,0,1,0,0.0%,2023
1,2.0,2023-10-08,5.0,5.0,27.099,ARI,,CIN,L 20-34,0,1,1,100.0%,5,5.0,5.0,0,87.5,4.0,4,1,1,1,0,0.0,1,5,1,16.7%,2023
2,3.0,2023-10-15,6.0,6.0,27.106,ARI,@,LAR,L 9-26,0,3,2,66.7%,15,7.5,5.0,0,78.5,5.3,11,4,1,0,0,0.0,0,6,0,0.0%,2023
3,4.0,2023-10-22,7.0,7.0,27.113,ARI,@,SEA,L 10-20,0,3,2,66.7%,14,7.0,4.7,0,77.1,-1.0,2,12,0,0,0,0.0,0,6,0,0.0%,2023
4,5.0,2023-10-29,8.0,8.0,27.12,ARI,,BAL,L 24-31,0,1,1,100.0%,24,24.0,24.0,0,118.7,0.0,0,24,3,0,0,0.0,0,4,0,0.0%,2023
5,6.0,2023-11-05,9.0,9.0,27.127,ARI,@,CLE,L 0-27,0,3,3,100.0%,22,7.3,7.3,0,97.2,-2.3,-7,29,0,0,0,0.5,1,6,2,25.0%,2023
6,7.0,2023-11-12,10.0,10.0,27.134,ARI,,ATL,W 25-23,0,0,0,,0,,,0,,,0,0,0,0,0,0.0,0,4,1,20.0%,2023
7,8.0,2023-11-19,11.0,11.0,27.141,ARI,@,HOU,L 16-21,0,4,4,100.0%,35,8.8,8.8,0,103.1,4.3,17,18,1,0,0,0.0,0,7,2,22.2%,2023
8,9.0,2023-11-26,12.0,12.0,27.148,ARI,,LAR,L 14-37,0,3,3,100.0%,24,8.0,8.0,2,139.6,0.7,2,22,1,0,0,0.0,0,5,1,16.7%,2023
9,10.0,2023-12-03,13.0,13.0,27.155,ARI,@,PIT,W 24-10,0,8,5,62.5%,27,5.4,3.4,0,68.2,5.3,12,15,3,0,0,0.0,0,12,2,14.3%,2023
10,11.0,2023-12-17,14.0,15.0,27.169,ARI,,SFO,L 29-45,0,1,1,100.0%,13,13.0,13.0,0,118.7,4.0,4,9,0,0,0,0.0,0,5,0,0.0%,2023
11,,11 Games,,,,,,,2-9-0,0,29,23,79.3%,185,8.0,6.4,2,116.2,3.0,51,134,12,1,0,0.5,2,61,9,12.9%,2023
