,Rk,Date,G#,Week,Age,Tm,Unnamed: 6_level_1,Opp,Result,Cmp,Att,Yds,1D,1D%,IAY,IAY/PA,CAY,CAY/Cmp,CAY/PA,YAC,YAC/Cmp,Drops,Drop%,BadTh,Bad%,Sk,Bltz,Hrry,Hits,Prss,Prss%,Scrm,Yds/Scr,Year
0,1.0,2023-09-10,1.0,1.0,28.227,ARI,@,WAS,L 16-20,21,30,132,9,27.3,192,6.4,79,3.8,2.6,53,2.5,0,0.0%,1,3.3%,3,9,1,1,5,15.2%,0,,2023
1,2.0,2023-09-17,2.0,2.0,28.234,ARI,,NYG,L 28-31,21,31,228,11,35.5,309,10.0,142,6.8,4.6,86,4.1,1,3.2%,6,19.4%,0,16,1,6,7,21.9%,1,23.0,2023
2,3.0,2023-09-24,3.0,3.0,28.241,ARI,,DAL,W 28-16,17,21,189,8,34.8,131,6.2,83,4.9,4.0,106,6.2,1,4.8%,2,9.5%,2,13,1,2,5,20.0%,2,25.5,2023
3,4.0,2023-10-01,4.0,4.0,28.248,ARI,@,SFO,L 16-35,28,41,265,13,31.0,339,8.3,186,6.6,4.5,79,2.8,3,7.3%,10,24.4%,1,3,1,6,8,17.0%,5,6.6,2023
4,5.0,2023-10-08,5.0,5.0,28.255,ARI,,CIN,L 20-34,15,32,166,10,28.6,312,9.8,82,5.5,2.6,84,5.6,1,3.3%,6,20.0%,3,11,4,4,11,31.4%,0,,2023
5,6.0,2023-10-15,6.0,6.0,28.262,ARI,@,LAR,L 9-26,21,41,235,12,27.9,426,10.4,138,6.6,3.4,97,4.6,0,0.0%,10,26.3%,2,9,1,8,11,23.9%,3,17.7,2023
6,7.0,2023-10-22,7.0,7.0,28.269,ARI,@,SEA,L 10-20,19,33,146,7,18.9,232,7.0,86,4.5,2.6,60,3.2,2,6.1%,6,18.2%,4,5,0,3,7,18.4%,1,5.0,2023
7,8.0,2023-10-29,8.0,8.0,28.276,ARI,,BAL,L 24-31,25,37,208,12,30.8,244,6.6,115,4.6,3.1,93,3.7,0,0.0%,8,22.2%,2,6,1,5,8,19.5%,2,9.0,2023
8,9.0,2023-11-05,9.0,9.0,28.283,MIN,@,ATL,W 31-28,20,30,158,10,30.3,198,6.6,92,4.6,3.1,66,3.3,1,3.4%,2,6.9%,3,4,2,1,6,15.8%,5,13.4,2023
9,10.0,2023-11-12,10.0,10.0,28.29,MIN,,NOR,W 27-19,23,34,268,12,34.3,267,7.9,157,6.8,4.6,111,4.8,2,6.3%,2,6.3%,1,9,3,3,7,17.1%,6,5.5,2023
10,11.0,2023-11-19,11.0,11.0,28.297,MIN,@,DEN,L 20-21,20,32,221,9,26.5,234,7.3,128,6.4,4.0,93,4.7,1,3.2%,4,12.9%,2,16,0,8,10,26.3%,4,4.3,2023
11,12.0,2023-11-27,12.0,12.0,28.305,MIN,,CHI,L 10-12,22,32,185,8,23.5,261,8.2,122,5.5,3.8,63,2.9,1,3.3%,3,10.0%,2,10,7,6,15,41.7%,2,5.5,2023
12,13.0,2023-12-10,13.0,14.0,28.318,MIN,@,LVR,W 3-0,10,23,63,5,17.9,162,7.0,42,4.2,1.8,21,2.1,2,9.1%,7,31.8%,5,10,1,5,11,33.3%,5,4.2,2023
13,,13 Games,,,,,,,4-9-0,262,417,2464,126,28.2,3307,7.9,1452,5.5,3.5,1012,3.9,15,3.7%,67,16.6%,30,121,23,58,111,23.0%,36,9.2,2023
