,Rk,Date,G#,Week,Age,Tm,Unnamed: 6_level_1,Opp,Result,Att,Yds,TD,1D,YBC,YBC/Att,YAC,YAC/Att,BrkTkl,Att/Br,Tgt,Rec,Yds,TD,1D,YBC,YBC/R,YAC,YAC/R,ADOT,BrkTkl,Rec/Br,Drop,Drop%,Int,Rat
0,1.0,2020-09-13,1.0,1.0,28.157,SFO,,ARI,L 20-24,15,56,0,3,39,2.6,17,1.1,0,,5,4,95,1,3,14,3.5,81,20.3,2.8,0,,0,0.0,0.0,158.3
1,2.0,2020-09-20,2.0,2.0,28.164,SFO,@,NYJ,W 31-13,8,92,1,1,85,10.6,7,0.9,0,,2,2,15,0,1,6,3.0,9,4.5,3.0,0,,0,0.0,0.0,97.9
2,3.0,2020-10-11,5.0,5.0,28.185,SFO,,MIA,L 17-43,11,90,0,3,63,5.7,27,2.5,1,11.0,3,3,29,0,1,19,6.3,10,3.3,6.3,0,,0,0.0,0.0,106.9
3,4.0,2020-10-18,6.0,6.0,28.192,SFO,,LAR,W 24-16,17,65,0,2,42,2.5,23,1.4,0,,2,2,11,0,0,-3,-1.5,14,7.0,-1.5,1,2.0,0,0.0,0.0,89.6
4,5.0,2020-11-29,11.0,12.0,28.234,SFO,@,LAR,W 23-20,16,43,1,3,25,1.6,18,1.1,0,,2,2,0,0,0,-11,-5.5,11,5.5,-5.5,0,,0,0.0,0.0,79.2
5,6.0,2020-12-07,12.0,13.0,28.242,SFO,,BUF,L 24-34,9,42,0,2,24,2.7,18,2.0,1,9.0,1,1,1,0,0,0,0.0,1,1.0,0.0,0,,0,0.0,0.0,79.2
6,7.0,2020-12-13,13.0,14.0,28.248,SFO,,WAS,L 15-23,14,65,0,4,26,1.9,39,2.8,2,7.0,4,2,5,0,0,-5,-2.5,10,5.0,-1.3,0,,0,0.0,0.0,56.2
7,8.0,2020-12-20,14.0,15.0,28.255,SFO,@,DAL,L 33-41,14,68,0,4,42,3.0,26,1.9,1,14.0,0,0,0,0,0,0,,0,,,0,,0,0.0,,
8,,8 Games,,,,,,,3-5-0,104,521,2,22,346,3.3,175,1.7,5,20.8,19,16,156,1,5,20,1.3,136,8.5,1.1,1,16.0,0,0.0,0.0,118.4
