,Rk,Date,G#,Week,Age,Tm,Unnamed: 6_level_1,Opp,Result,Int,Tgt,Cmp,Cmp%,Yds,Yds/Cmp,Yds/Tgt,TD,Rat,DADOT,Air,YAC,Bltz,Hrry,QBKD,Sk,Prss,Comb,MTkl,MTkl%,Year
0,1.0,2020-09-13,1.0,1.0,25.231,SFO,,ARI,L 20-24,0,0,0,,0.0,,,0.0,,,0.0,0.0,0,0,0,0.0,0,1.0,0,0.0%,2020
1,2.0,2020-09-20,2.0,2.0,25.238,SFO,@,NYJ,W 31-13,0,0,0,,0.0,,,0.0,,,0.0,0.0,0,0,0,0.0,0,0.0,0,,2020
2,3.0,2020-09-27,3.0,3.0,25.245,SFO,@,NYG,W 36-9,0,0,0,,0.0,,,0.0,,,0.0,0.0,0,0,0,0.0,0,0.0,0,,2020
3,4.0,2020-10-04,4.0,4.0,25.252,SFO,,PHI,L 20-25,0,0,0,,0.0,,,0.0,,,0.0,0.0,0,0,0,,0,,0,,2020
4,5.0,2020-10-11,5.0,5.0,25.259,SFO,,MIA,L 17-43,0,0,0,,0.0,,,0.0,,,0.0,0.0,0,0,0,0.0,0,1.0,0,0.0%,2020
5,6.0,2020-10-18,6.0,6.0,25.266,SFO,,LAR,W 24-16,0,0,0,,0.0,,,0.0,,,0.0,0.0,0,0,0,,0,,0,,2020
6,7.0,2020-10-25,7.0,7.0,25.273,SFO,@,NWE,W 33-6,0,0,0,,0.0,,,0.0,,,0.0,0.0,0,0,0,,0,,0,,2020
7,8.0,2020-11-01,8.0,8.0,25.28,SFO,@,SEA,L 27-37,0,0,0,,0.0,,,0.0,,,0.0,0.0,0,0,0,0.0,0,0.0,0,,2020
8,9.0,2020-11-05,9.0,9.0,25.284,SFO,,GNB,L 17-34,0,0,0,,0.0,,,0.0,,,0.0,0.0,0,0,0,0.0,0,0.0,0,,2020
9,10.0,2020-11-15,10.0,10.0,25.294,SFO,@,NOR,L 13-27,0,0,0,,0.0,,,0.0,,,0.0,0.0,0,0,0,0.0,0,0.0,0,,2020
10,11.0,2020-11-29,11.0,12.0,25.308,SFO,@,LAR,W 23-20,0,0,0,,0.0,,,0.0,,,0.0,0.0,0,0,0,0.0,0,0.0,0,,2020
11,12.0,2020-12-07,12.0,13.0,25.316,SFO,,BUF,L 24-34,0,0,0,,0.0,,,0.0,,,0.0,0.0,0,0,0,0.0,0,0.0,0,,2020
12,13.0,2020-12-13,13.0,14.0,25.322,SFO,,WAS,L 15-23,0,0,0,,0.0,,,0.0,,,0.0,0.0,0,0,0,0.0,0,0.0,0,,2020
13,14.0,2020-12-20,14.0,15.0,25.329,SFO,@,DAL,L 33-41,0,0,0,,0.0,,,0.0,,,0.0,0.0,0,0,0,0.0,0,0.0,0,,2020
14,15.0,2020-12-26,15.0,16.0,25.335,SFO,@,ARI,W 20-12,0,0,0,,0.0,,,0.0,,,0.0,0.0,0,0,0,,0,,0,,2020
15,16.0,2021-01-03,16.0,17.0,25.343,SFO,,SEA,L 23-26,0,0,0,,0.0,,,0.0,,,0.0,0.0,0,0,0,0.0,0,0.0,0,,2020
16,,16 Games,,,,,,,6-10-0,0,0,0,,,,,,,,,,0,0,0,0.0,0,2.0,0,0.0%,2020
