,Rk,Date,G#,Week,Age,Tm,Unnamed: 6_level_1,Opp,Result,Int,Tgt,Cmp,Cmp%,Yds,Yds/Cmp,Yds/Tgt,TD,Rat,DADOT,Air,YAC,Bltz,Hrry,QBKD,Sk,Prss,Comb,MTkl,MTkl%,Year
0,1.0,2020-09-13,1.0,1.0,25.241,BUF,,NYJ,W 27-17,0,3,2,66.7%,13,6.5,4.3,0,75.7,5.7,5,8,0,0,0,0.0,0,0,1,100.0%,2020
1,2.0,2020-09-20,2.0,2.0,25.248,BUF,@,MIA,W 31-28,0,7,3,42.9%,37,12.3,5.3,1,99.4,10.1,33,4,0,0,0,0.0,0,4,0,0.0%,2020
2,3.0,2020-09-27,3.0,3.0,25.255,BUF,,LAR,W 35-32,0,2,2,100.0%,47,23.5,23.5,1,158.3,18.0,36,11,0,0,0,0.0,0,1,0,0.0%,2020
3,4.0,2020-10-04,4.0,4.0,25.262,BUF,@,LVR,W 30-23,0,5,3,60.0%,37,12.3,7.4,0,82.9,12.2,36,1,2,0,0,0.0,0,8,0,0.0%,2020
4,5.0,2020-10-19,6.0,6.0,25.277,BUF,,KAN,L 17-26,0,0,0,,0,,,0,,,0,0,0,0,0,0.0,0,5,1,16.7%,2020
5,6.0,2020-10-25,7.0,7.0,25.283,BUF,@,NYJ,W 18-10,0,3,2,66.7%,35,17.5,11.7,0,106.2,10.3,26,9,1,0,0,0.5,1,4,0,0.0%,2020
6,7.0,2020-11-01,8.0,8.0,25.29,BUF,,NWE,W 24-21,0,1,0,0.0%,0,,0.0,0,39.6,3.0,0,0,1,0,0,0.0,0,4,1,20.0%,2020
7,8.0,2020-11-08,9.0,9.0,25.297,BUF,,SEA,W 44-34,1,7,3,42.9%,65,21.7,9.3,0,36.9,12.6,63,2,0,0,0,0.0,0,7,0,0.0%,2020
8,9.0,2020-11-15,10.0,10.0,25.304,BUF,@,ARI,L 30-32,0,5,3,60.0%,49,16.3,9.8,1,132.5,13.0,45,4,0,0,0,0.0,0,3,1,25.0%,2020
9,10.0,2020-11-29,11.0,12.0,25.318,BUF,,LAC,W 27-17,1,9,6,66.7%,59,9.8,6.6,0,45.4,7.8,47,12,0,0,0,0.0,0,8,0,0.0%,2020
10,11.0,2020-12-07,12.0,13.0,25.326,BUF,@,SFO,W 34-24,1,5,2,40.0%,24,12.0,4.8,0,15.8,8.0,18,6,0,0,0,0.0,0,4,0,0.0%,2020
11,12.0,2020-12-13,13.0,14.0,25.332,BUF,,PIT,W 26-15,0,10,7,70.0%,53,7.6,5.3,1,115.8,6.3,15,38,3,0,1,0.0,1,4,1,20.0%,2020
12,13.0,2020-12-19,14.0,15.0,25.338,BUF,@,DEN,W 48-19,0,3,2,66.7%,6,3.0,2.0,0,70.1,3.3,-3,9,2,0,1,1.0,2,3,1,25.0%,2020
13,14.0,2020-12-28,15.0,16.0,25.347,BUF,@,NWE,W 38-9,0,5,2,40.0%,29,14.5,5.8,0,59.6,7.6,4,25,1,0,0,0.0,0,2,1,33.3%,2020
14,,14 Games,,,,,,,12-2-0,3,65,37,56.9%,454,12.3,7.0,4,79.9,9.1,325,129,10,0,2,1.5,4,57,7,10.9%,2020
