,Rk,Date,G#,Week,Age,Tm,Unnamed: 6_level_1,Opp,Result,Int,Tgt,Cmp,Cmp%,Yds,Yds/Cmp,Yds/Tgt,TD,Rat,DADOT,Air,YAC,Bltz,Hrry,QBKD,Sk,Prss,Comb,MTkl,MTkl%,Year
0,1.0,2020-09-13,1.0,1.0,23.212,BUF,,NYJ,W 27-17,0,0,0,,0.0,,,0.0,,,0.0,0.0,0,0,0,0.0,0,0,0,,2020
1,2.0,2020-09-20,2.0,2.0,23.219,BUF,@,MIA,W 31-28,0,0,0,,0.0,,,0.0,,,0.0,0.0,0,0,0,0.0,0,0,0,,2020
2,3.0,2020-09-27,3.0,3.0,23.226,BUF,,LAR,W 35-32,0,0,0,,0.0,,,0.0,,,0.0,0.0,0,0,0,0.0,0,0,0,,2020
3,4.0,2020-10-04,4.0,4.0,23.233,BUF,@,LVR,W 30-23,0,0,0,,0.0,,,0.0,,,0.0,0.0,0,0,0,0.0,0,1,0,0.0%,2020
4,5.0,2020-10-13,5.0,5.0,23.242,BUF,@,TEN,L 16-42,0,0,0,,0.0,,,0.0,,,0.0,0.0,0,0,0,0.0,0,0,0,,2020
5,6.0,2020-10-19,6.0,6.0,23.248,BUF,,KAN,L 17-26,0,0,0,,0.0,,,0.0,,,0.0,0.0,0,0,0,0.0,0,0,0,,2020
6,7.0,2020-10-25,7.0,7.0,23.254,BUF,@,NYJ,W 18-10,0,0,0,,0.0,,,0.0,,,0.0,0.0,0,0,0,0.0,0,0,0,,2020
7,8.0,2020-11-01,8.0,8.0,23.261,BUF,,NWE,W 24-21,0,0,0,,0.0,,,0.0,,,0.0,0.0,0,0,0,0.0,0,0,0,,2020
8,9.0,2020-11-08,9.0,9.0,23.268,BUF,,SEA,W 44-34,0,0,0,,0.0,,,0.0,,,0.0,0.0,0,0,0,0.0,0,0,0,,2020
9,10.0,2020-11-15,10.0,10.0,23.275,BUF,@,ARI,L 30-32,0,0,0,,0.0,,,0.0,,,0.0,0.0,0,0,0,0.0,0,0,0,,2020
10,11.0,2020-11-29,11.0,12.0,23.289,BUF,,LAC,W 27-17,0,0,0,,0.0,,,0.0,,,0.0,0.0,0,0,0,0.0,0,0,0,,2020
11,12.0,2020-12-07,12.0,13.0,23.297,BUF,@,SFO,W 34-24,0,0,0,,0.0,,,0.0,,,0.0,0.0,0,0,0,0.0,0,0,0,,2020
12,13.0,2020-12-13,13.0,14.0,23.303,BUF,,PIT,W 26-15,0,0,0,,0.0,,,0.0,,,0.0,0.0,0,0,0,0.0,0,0,0,,2020
13,14.0,2020-12-19,14.0,15.0,23.309,BUF,@,DEN,W 48-19,0,0,0,,0.0,,,0.0,,,0.0,0.0,0,0,0,0.0,0,0,0,,2020
14,15.0,2020-12-28,15.0,16.0,23.318,BUF,@,NWE,W 38-9,0,0,0,,0.0,,,0.0,,,0.0,0.0,0,0,0,0.0,0,0,0,,2020
15,16.0,2021-01-03,16.0,17.0,23.324,BUF,,MIA,W 56-26,0,0,0,,0.0,,,0.0,,,0.0,0.0,0,0,0,0.0,0,0,0,,2020
16,,16 Games,,,,,,,13-3-0,0,0,0,,,,,,,,,,0,0,0,0.0,0,1,0,0.0%,2020
