,Rk,Date,G#,Week,Age,Tm,Unnamed: 6_level_1,Opp,Result,Int,Tgt,Cmp,Cmp%,Yds,Yds/Cmp,Yds/Tgt,TD,Rat,DADOT,Air,YAC,Bltz,Hrry,QBKD,Sk,Prss,Comb,MTkl,MTkl%
0,1.0,2023-09-10,1.0,1.0,29.032,MIA,@,LAC,W 36-34,0,0,0,,0,,,0,,,0,0,0,0,0,0.0,0,1.0,0,0.0%
1,2.0,2023-09-17,2.0,2.0,29.039,MIA,@,NWE,W 24-17,0,0,0,,0,,,0,,,0,0,1,0,0,0.0,0,0.0,0,
2,3.0,2023-09-24,3.0,3.0,29.046,MIA,,DEN,W 70-20,0,2,1,50.0%,6,6.0,3.0,0,56.2,-0.5,4,2,0,0,0,0.0,0,2.0,0,0.0%
3,4.0,2023-10-01,4.0,4.0,29.053,MIA,@,BUF,L 20-48,0,1,1,100.0%,2,2.0,2.0,0,79.2,1.0,1,1,1,0,0,0.0,0,1.0,2,66.7%
4,5.0,2023-10-08,5.0,5.0,29.06,MIA,,NYG,W 31-16,0,0,0,,0,,,0,,,0,0,0,0,0,,0,,0,
5,6.0,2023-10-15,6.0,6.0,29.067,MIA,,CAR,W 42-21,0,2,1,50.0%,7,7.0,3.5,0,58.3,0.0,-4,11,1,0,0,0.0,0,3.0,0,0.0%
6,7.0,2023-10-22,7.0,7.0,29.074,MIA,@,PHI,L 17-31,0,0,0,,0,,,0,,,0,0,0,0,0,,0,,0,
7,8.0,2023-10-29,8.0,8.0,29.081,MIA,,NWE,W 31-17,0,0,0,,0,,,0,,,0,0,0,0,0,,0,,0,
8,9.0,2023-11-05,9.0,9.0,29.088,MIA,@,KAN,L 14-21,0,0,0,,0,,,0,,,0,0,0,0,0,0.0,0,2.0,0,0.0%
9,10.0,2023-11-19,10.0,11.0,29.102,MIA,,LVR,W 20-13,0,0,0,,0,,,0,,,0,0,0,0,0,0.0,0,1.0,0,0.0%
10,11.0,2023-11-24,11.0,12.0,29.107,MIA,@,NYJ,W 34-13,0,2,1,50.0%,7,7.0,3.5,0,58.3,1.0,1,6,1,0,0,0.0,0,0.0,1,100.0%
11,12.0,2023-12-03,12.0,13.0,29.116,MIA,@,WAS,W 45-15,0,3,3,100.0%,24,8.0,8.0,0,100.0,3.3,10,14,0,0,0,0.0,0,8.0,0,0.0%
12,13.0,2023-12-11,13.0,14.0,29.124,MIA,,TEN,L 27-28,0,4,4,100.0%,49,12.3,12.3,0,117.7,0.8,3,46,1,0,0,0.0,0,5.0,1,16.7%
13,,13 Games,,,,,,,9-4-0,0,14,11,78.6%,95,8.6,6.8,0,94.9,1.1,15,80,5,0,0,0.0,0,23.0,4,14.8%
