,Rk,Date,G#,Week,Age,Tm,Unnamed: 6_level_1,Opp,Result,Int,Tgt,Cmp,Cmp%,Yds,Yds/Cmp,Yds/Tgt,TD,Rat,DADOT,Air,YAC,Bltz,Hrry,QBKD,Sk,Prss,Comb,MTkl,MTkl%,Year
0,1.0,2023-10-29,8.0,8.0,29.005,MIA,,NWE,W 31-17,1,3,1,33.3%,24,24.0,8.0,0,23.6,11.0,18,6,0,0,0,0.0,0,1,1,50.0%,2023
1,2.0,2023-11-05,9.0,9.0,29.012,MIA,@,KAN,L 14-21,0,3,2,66.7%,13,6.5,4.3,0,75.7,1.7,3,10,1,0,0,0.0,0,4,0,0.0%,2023
2,3.0,2023-11-19,10.0,11.0,29.026,MIA,,LVR,W 20-13,2,10,2,20.0%,23,11.5,2.3,0,0.0,22.6,22,1,0,0,0,0.0,0,1,0,0.0%,2023
3,4.0,2023-11-24,11.0,12.0,29.031,MIA,@,NYJ,W 34-13,0,4,3,75.0%,25,8.3,6.3,0,90.6,4.8,23,2,0,0,0,0.0,0,3,0,0.0%,2023
4,5.0,2023-12-03,12.0,13.0,29.04,MIA,@,WAS,W 45-15,0,3,1,33.3%,11,11.0,3.7,0,45.1,6.0,11,0,0,0,0,0.0,0,1,1,50.0%,2023
5,6.0,2023-12-11,13.0,14.0,29.048,MIA,,TEN,L 27-28,0,3,2,66.7%,58,29.0,19.3,0,109.7,18.7,38,20,0,0,0,0.0,0,2,0,0.0%,2023
6,7.0,2023-12-17,14.0,15.0,29.054,MIA,,NYJ,W 30-0,0,1,0,0.0%,0,,0.0,0,39.6,18.0,0,0,0,0,0,0.0,0,0,0,,2023
7,8.0,2023-12-24,15.0,16.0,29.061,MIA,,DAL,W 22-20,0,5,4,80.0%,26,6.5,5.2,1,127.9,4.0,23,3,0,0,0,0.0,0,4,1,20.0%,2023
8,9.0,2023-12-31,16.0,17.0,29.068,MIA,@,BAL,L 19-56,0,3,3,100.0%,39,13.0,13.0,0,118.7,7.0,21,18,0,0,0,0.0,0,2,0,0.0%,2023
9,10.0,2024-01-07,17.0,18.0,29.075,MIA,,BUF,L 14-21,0,4,3,75.0%,40,13.3,10.0,0,106.2,16.0,19,21,1,0,0,0.0,0,4,0,0.0%,2023
10,,10 Games,,,,,,,6-4-0,3,39,21,53.8%,259,12.3,6.6,1,51.1,12.3,178,81,2,0,0,0.0,0,22,3,12.0%,2023
