,Rk,Date,G#,Week,Age,Tm,Unnamed: 6_level_1,Opp,Result,Int,Tgt,Cmp,Cmp%,Yds,Yds/Cmp,Yds/Tgt,TD,Rat,DADOT,Air,YAC,Bltz,Hrry,QBKD,Sk,Prss,Comb,MTkl,MTkl%
0,1.0,2023-09-10,1.0,1.0,24.285,MIA,@,LAC,W 36-34,0,6,6,100.0%,49,8.2,8.2,0,100.7,3.2,19,30,1,0,0,1.0,1,9,1,10.0%
1,2.0,2023-09-17,2.0,2.0,24.292,MIA,@,NWE,W 24-17,0,4,3,75.0%,13,4.3,3.3,0,78.1,0.0,6,7,2,0,0,0.0,0,4,1,20.0%
2,3.0,2023-09-24,3.0,3.0,24.299,MIA,,DEN,W 70-20,0,7,4,57.1%,41,10.3,5.9,0,74.1,20.3,32,9,1,0,0,0.0,0,3,1,25.0%
3,4.0,2023-10-01,4.0,4.0,24.306,MIA,@,BUF,L 20-48,0,5,4,80.0%,101,25.3,20.2,2,158.3,12.4,56,45,1,0,0,0.0,0,2,1,33.3%
4,5.0,2023-10-08,5.0,5.0,24.313,MIA,,NYG,W 31-16,0,5,5,100.0%,22,4.4,4.4,0,85.0,2.6,13,9,1,0,1,0.0,1,7,0,0.0%
5,6.0,2023-10-15,6.0,6.0,24.32,MIA,,CAR,W 42-21,0,8,6,75.0%,42,7.0,5.3,1,126.0,8.4,24,18,1,0,1,0.0,1,4,1,20.0%
6,7.0,2023-10-22,7.0,7.0,24.327,MIA,@,PHI,L 17-31,0,10,8,80.0%,101,12.6,10.1,1,142.1,10.4,82,19,1,0,0,0.0,0,6,0,0.0%
7,8.0,2023-10-29,8.0,8.0,24.334,MIA,,NWE,W 31-17,0,7,6,85.7%,34,5.7,4.9,0,86.9,2.3,13,21,1,0,0,0.0,0,4,1,20.0%
8,9.0,2023-11-05,9.0,9.0,24.341,MIA,@,KAN,L 14-21,0,8,7,87.5%,65,9.3,8.1,1,140.1,6.4,12,53,1,0,0,0.0,0,4,1,20.0%
9,10.0,2023-11-19,10.0,11.0,24.355,MIA,,LVR,W 20-13,0,5,4,80.0%,20,5.0,4.0,0,83.3,2.4,7,13,0,0,0,0.0,0,3,1,25.0%
10,11.0,2023-11-24,11.0,12.0,24.36,MIA,@,NYJ,W 34-13,0,3,3,100.0%,17,5.7,5.7,1,129.9,2.3,7,10,0,0,0,0.0,0,5,1,16.7%
11,12.0,2023-12-03,12.0,13.0,25.004,MIA,@,WAS,W 45-15,0,2,1,50.0%,6,6.0,3.0,0,56.2,2.5,-5,11,0,0,0,0.0,0,3,0,0.0%
12,13.0,2023-12-11,13.0,14.0,25.012,MIA,,TEN,L 27-28,0,5,5,100.0%,31,6.2,6.2,1,132.1,2.4,12,19,2,0,1,0.0,1,5,0,0.0%
13,,13 Games,,,,,,,9-4-0,0,75,62,82.7%,542,8.7,7.2,7,127.9,6.8,278,264,12,0,3,1.0,4,59,9,13.2%
