,Rk,Date,G#,Week,Age,Tm,Unnamed: 6_level_1,Opp,Result,Int,Tgt,Cmp,Cmp%,Yds,Yds/Cmp,Yds/Tgt,TD,Rat,DADOT,Air,YAC,Bltz,Hrry,QBKD,Sk,Prss,Comb,MTkl,MTkl%
0,1.0,2023-09-10,1.0,1.0,30.068,MIA,@,LAC,W 36-34,0,5,3,60.0%,16,5.3,3.2,0,65.4,4.0,7,9,0,0,0,0.0,0,6,1,14.3%
1,2.0,2023-09-17,2.0,2.0,30.075,MIA,@,NWE,W 24-17,1,11,7,63.6%,55,7.9,5.0,0,38.1,9.9,32,23,1,0,0,0.0,0,6,0,0.0%
2,3.0,2023-09-24,3.0,3.0,30.082,MIA,,DEN,W 70-20,0,4,3,75.0%,35,11.7,8.8,1,140.6,9.5,34,1,1,0,1,0.0,1,3,0,0.0%
3,4.0,2023-10-01,4.0,4.0,30.089,MIA,@,BUF,L 20-48,0,2,1,50.0%,8,8.0,4.0,0,60.4,14.0,8,0,1,0,0,0.0,0,3,0,0.0%
4,5.0,2023-10-08,5.0,5.0,30.096,MIA,,NYG,W 31-16,0,6,4,66.7%,46,11.5,7.7,0,89.6,13.3,20,26,0,0,0,0.0,0,4,0,0.0%
5,6.0,2023-10-15,6.0,6.0,30.103,MIA,,CAR,W 42-21,0,4,3,75.0%,17,5.7,4.3,0,82.3,10.3,17,0,0,0,0,0.0,0,5,1,16.7%
6,7.0,2023-11-05,9.0,9.0,30.124,MIA,@,KAN,L 14-21,0,3,1,33.3%,1,1.0,0.3,0,42.4,18.7,1,0,0,0,0,0.0,0,2,0,0.0%
7,8.0,2023-11-19,10.0,11.0,30.138,MIA,,LVR,W 20-13,0,8,7,87.5%,75,10.7,9.4,0,105.7,8.1,52,23,0,0,0,0.0,0,8,1,11.1%
8,9.0,2023-11-24,11.0,12.0,30.143,MIA,@,NYJ,W 34-13,0,1,0,0.0%,0,,0.0,0,39.6,-3.0,0,0,0,0,0,0.0,0,0,0,
9,10.0,2023-12-03,12.0,13.0,30.152,MIA,@,WAS,W 45-15,0,3,2,66.7%,12,6.0,4.0,0,74.3,15.0,11,1,0,0,0,0.0,0,1,1,50.0%
10,11.0,2023-12-11,13.0,14.0,30.16,MIA,,TEN,L 27-28,0,10,4,40.0%,77,19.3,7.7,0,67.5,16.3,60,17,0,0,0,0.0,0,3,0,0.0%
11,,11 Games,,,,,,,8-3-0,1,57,35,61.4%,342,9.8,6.0,1,76.8,11.3,242,100,3,0,1,0.0,1,41,4,8.9%
