,Rk,Date,G#,Week,Age,Tm,Unnamed: 6_level_1,Opp,Result,Int,Tgt,Cmp,Cmp%,Yds,Yds/Cmp,Yds/Tgt,TD,Rat,DADOT,Air,YAC,Bltz,Hrry,QBKD,Sk,Prss,Comb,MTkl,MTkl%
0,1.0,2020-09-13,1.0,1.0,26.104,TAM,@,NOR,L 23-34,0,0,0,,0.0,,,0.0,,,0.0,0.0,0,0,0,0.0,0,0,0,
1,2.0,2020-09-20,2.0,2.0,26.111,TAM,,CAR,W 31-17,0,0,0,,0.0,,,0.0,,,0.0,0.0,0,0,0,0.0,0,0,0,
2,3.0,2020-09-27,3.0,3.0,26.118,TAM,@,DEN,W 28-10,0,0,0,,0.0,,,0.0,,,0.0,0.0,0,0,0,0.0,0,0,0,
3,4.0,2020-10-04,4.0,4.0,26.125,TAM,,LAC,W 38-31,0,0,0,,0.0,,,0.0,,,0.0,0.0,0,0,0,0.0,0,1,0,0.0%
4,5.0,2020-10-08,5.0,5.0,26.129,TAM,@,CHI,L 19-20,0,0,0,,0.0,,,0.0,,,0.0,0.0,0,0,0,0.0,0,0,0,
5,6.0,2020-10-18,6.0,6.0,26.139,TAM,,GNB,W 38-10,0,0,0,,0.0,,,0.0,,,0.0,0.0,0,0,0,0.0,0,0,0,
6,7.0,2020-10-25,7.0,7.0,26.146,TAM,@,LVR,W 45-20,0,0,0,,0.0,,,0.0,,,0.0,0.0,0,0,0,0.0,0,0,0,
7,8.0,2020-11-02,8.0,8.0,26.154,TAM,@,NYG,W 25-23,0,0,0,,0.0,,,0.0,,,0.0,0.0,0,0,0,0.0,0,0,0,
8,9.0,2020-11-08,9.0,9.0,26.16,TAM,,NOR,L 3-38,0,0,0,,0.0,,,0.0,,,0.0,0.0,0,0,0,0.0,0,0,0,
9,10.0,2020-11-15,10.0,10.0,26.167,TAM,@,CAR,W 46-23,0,0,0,,0.0,,,0.0,,,0.0,0.0,0,0,0,0.0,0,0,0,
10,11.0,2020-11-23,11.0,11.0,26.175,TAM,,LAR,L 24-27,0,0,0,,0.0,,,0.0,,,0.0,0.0,0,0,0,0.0,0,0,0,
11,12.0,2020-11-29,12.0,12.0,26.181,TAM,,KAN,L 24-27,0,0,0,,0.0,,,0.0,,,0.0,0.0,0,0,0,0.0,0,0,0,
12,13.0,2020-12-13,13.0,14.0,26.195,TAM,,MIN,W 26-14,0,0,0,,0.0,,,0.0,,,0.0,0.0,0,0,0,0.0,0,0,0,
13,14.0,2020-12-20,14.0,15.0,26.202,TAM,@,ATL,W 31-27,0,0,0,,0.0,,,0.0,,,0.0,0.0,0,0,0,0.0,0,0,0,
14,15.0,2020-12-26,15.0,16.0,26.208,TAM,@,DET,W 47-7,0,0,0,,0.0,,,0.0,,,0.0,0.0,0,0,0,0.0,0,0,0,
15,16.0,2021-01-03,16.0,17.0,26.216,TAM,,ATL,W 44-27,0,0,0,,0.0,,,0.0,,,0.0,0.0,0,0,0,0.0,0,0,0,
16,,16 Games,,,,,,,11-5-0,0,0,0,,,,,,,,,,0,0,0,0.0,0,1,0,0.0%
