,Rk,Date,G#,Week,Age,Tm,Unnamed: 6_level_1,Opp,Result,Int,Tgt,Cmp,Cmp%,Yds,Yds/Cmp,Yds/Tgt,TD,Rat,DADOT,Air,YAC,Bltz,Hrry,QBKD,Sk,Prss,Comb,MTkl,MTkl%
0,1.0,2020-09-13,1.0,1.0,23.334,TAM,@,NOR,L 23-34,0,4,3,75.0%,56,18.7,14.0,0,116.7,12.0,45,11,0,0,0,0.0,0,7,0,0.0%
1,2.0,2020-09-20,2.0,2.0,23.341,TAM,,CAR,W 31-17,0,8,4,50.0%,46,11.5,5.8,0,67.7,10.4,39,7,0,0,0,0.0,0,6,0,0.0%
2,3.0,2020-09-27,3.0,3.0,23.348,TAM,@,DEN,W 28-10,0,7,5,71.4%,28,5.6,4.0,0,78.3,4.4,15,13,0,0,0,0.0,0,8,0,0.0%
3,4.0,2020-10-04,4.0,4.0,23.355,TAM,,LAC,W 38-31,0,1,1,100.0%,3,3.0,3.0,0,79.2,0.0,0,3,0,0,0,0.0,0,2,0,0.0%
4,5.0,2020-10-08,5.0,5.0,23.359,TAM,@,CHI,L 19-20,0,7,3,42.9%,24,8.0,3.4,1,91.7,14.0,23,1,0,0,0,0.0,0,3,0,0.0%
5,6.0,2020-10-18,6.0,6.0,24.003,TAM,,GNB,W 38-10,1,2,0,0.0%,0,,0.0,0,0.0,5.0,0,0,0,0,0,0.0,0,2,0,0.0%
6,7.0,2020-10-25,7.0,7.0,24.01,TAM,@,LVR,W 45-20,0,7,4,57.1%,68,17.0,9.7,0,90.2,16.9,52,16,0,0,0,0.0,0,4,0,0.0%
7,8.0,2020-11-02,8.0,8.0,24.018,TAM,@,NYG,W 25-23,0,9,5,55.6%,53,10.6,5.9,0,72.9,12.7,25,28,1,0,0,0.0,0,7,0,0.0%
8,9.0,2020-11-08,9.0,9.0,24.024,TAM,,NOR,L 3-38,0,3,2,66.7%,17,8.5,5.7,1,120.8,7.7,16,1,1,1,0,0.0,1,2,0,0.0%
9,10.0,2020-11-15,10.0,10.0,24.031,TAM,@,CAR,W 46-23,0,4,2,50.0%,11,5.5,2.8,0,56.2,13.5,1,10,3,0,0,0.0,0,3,1,25.0%
10,11.0,2020-11-23,11.0,11.0,24.039,TAM,,LAR,L 24-27,0,2,2,100.0%,13,6.5,6.5,1,133.3,2.5,5,8,1,0,0,0.0,0,4,0,0.0%
11,12.0,2020-12-20,14.0,15.0,24.066,TAM,@,ATL,W 31-27,0,6,4,66.7%,2,0.5,0.3,0,70.1,3.0,1,1,0,0,0,0.0,0,6,1,14.3%
12,13.0,2020-12-26,15.0,16.0,24.072,TAM,@,DET,W 47-7,0,3,3,100.0%,42,14.0,14.0,0,118.7,5.0,15,27,0,0,0,0.0,0,2,0,0.0%
13,14.0,2021-01-03,16.0,17.0,24.08,TAM,,ATL,W 44-27,0,7,5,71.4%,37,7.4,5.3,0,83.6,5.9,21,16,1,0,0,0.0,0,6,0,0.0%
14,,14 Games,,,,,,,10-4-0,1,70,43,61.4%,400,9.3,5.7,3,85.4,9.4,258,142,7,1,0,0.0,1,62,2,3.1%
