,Rk,Date,G#,Week,Age,Tm,Unnamed: 6_level_1,Opp,Result,Int,Tgt,Cmp,Cmp%,Yds,Yds/Cmp,Yds/Tgt,TD,Rat,DADOT,Air,YAC,Bltz,Hrry,QBKD,Sk,Prss,Comb,MTkl,MTkl%
0,1.0,2020-10-08,5.0,5.0,29.063,TAM,@,CHI,L 19-20,0,0,0,,0,,,0,,,0,0,0,0,0,,0,,0,
1,2.0,2020-10-18,6.0,6.0,29.073,TAM,,GNB,W 38-10,0,0,0,,0,,,0,,,0,0,0,0,0,,0,,0,
2,3.0,2020-10-25,7.0,7.0,29.08,TAM,@,LVR,W 45-20,0,0,0,,0,,,0,,,0,0,0,0,0,,0,,0,
3,4.0,2020-11-02,8.0,8.0,29.088,TAM,@,NYG,W 25-23,0,0,0,,0,,,0,,,0,0,0,0,0,,0,,0,
4,5.0,2020-11-08,9.0,9.0,29.094,TAM,,NOR,L 3-38,0,0,0,,0,,,0,,,0,0,0,0,0,,0,,0,
5,6.0,2020-11-15,10.0,10.0,29.101,TAM,@,CAR,W 46-23,0,1,1,100.0%,24,24.0,24.0,1,158.3,-2.0,-2,26,0,0,0,0.0,0,0.0,0,
6,7.0,2020-11-23,11.0,11.0,29.109,TAM,,LAR,L 24-27,0,1,1,100.0%,-3,-3.0,-3.0,0,79.2,-3.0,-3,0,0,0,0,0.0,0,1.0,0,0.0%
7,8.0,2020-11-29,12.0,12.0,29.115,TAM,,KAN,L 24-27,0,7,5,71.4%,34,6.8,4.9,0,81.8,6.9,15,19,0,0,0,0.0,0,4.0,2,33.3%
8,9.0,2020-12-13,13.0,14.0,29.129,TAM,,MIN,W 26-14,0,0,0,,0,,,0,,,0,0,0,0,0,,0,,0,
9,10.0,2020-12-20,14.0,15.0,29.136,TAM,@,ATL,W 31-27,0,1,1,100.0%,13,13.0,13.0,0,118.7,13.0,13,0,0,0,0,0.0,0,2.0,0,0.0%
10,11.0,2020-12-26,15.0,16.0,29.142,TAM,@,DET,W 47-7,0,5,4,80.0%,22,5.5,4.4,0,85.0,7.4,7,15,1,0,0,0.0,0,2.0,0,0.0%
11,12.0,2021-01-03,16.0,17.0,29.15,TAM,,ATL,W 44-27,0,6,4,66.7%,40,10.0,6.7,0,85.4,5.0,21,19,7,0,1,0.0,1,2.0,0,0.0%
12,,12 Games,,,,,,,8-4-0,0,21,16,76.2%,130,8.1,6.2,1,107.2,5.9,51,79,8,0,1,0.0,1,11.0,2,15.4%
