,Rk,Date,G#,Week,Age,Tm,Unnamed: 6_level_1,Opp,Result,Int,Tgt,Cmp,Cmp%,Yds,Yds/Cmp,Yds/Tgt,TD,Rat,DADOT,Air,YAC,Bltz,Hrry,QBKD,Sk,Prss,Comb,MTkl,MTkl%
0,1.0,2020-09-13,1.0,1.0,27.301,TAM,@,NOR,L 23-34,0,3,0,0.0%,0,,0.0,0,39.6,0.3,0,0,9,4,0,0.0,4,3.0,1,25.0%
1,2.0,2020-09-20,2.0,2.0,27.308,TAM,,CAR,W 31-17,0,1,1,100.0%,10,10.0,10.0,0,108.3,3.0,3,7,11,2,0,0.0,2,5.0,1,16.7%
2,3.0,2020-09-27,3.0,3.0,27.315,TAM,@,DEN,W 28-10,0,2,2,100.0%,12,6.0,6.0,0,91.7,3.5,7,5,14,1,0,2.0,3,6.0,0,0.0%
3,4.0,2020-10-04,4.0,4.0,27.322,TAM,,LAC,W 38-31,0,1,1,100.0%,9,9.0,9.0,0,104.2,-4.0,-4,13,2,6,0,1.0,7,7.0,1,12.5%
4,5.0,2020-10-08,5.0,5.0,27.326,TAM,@,CHI,L 19-20,0,3,3,100.0%,54,18.0,18.0,0,118.7,16.3,49,5,3,1,1,0.0,2,3.0,0,0.0%
5,6.0,2020-10-18,6.0,6.0,27.336,TAM,,GNB,W 38-10,0,0,0,,0,,,0,,,0,0,0,0,0,,0,,0,
6,7.0,2020-10-25,7.0,7.0,27.343,TAM,@,LVR,W 45-20,0,2,2,100.0%,12,6.0,6.0,0,91.7,4.0,8,4,11,2,0,0.0,2,6.0,0,0.0%
7,8.0,2020-11-02,8.0,8.0,27.351,TAM,@,NYG,W 25-23,0,0,0,,0,,,0,,,0,0,15,3,2,0.0,5,3.0,0,0.0%
8,9.0,2020-11-08,9.0,9.0,27.357,TAM,,NOR,L 3-38,0,1,1,100.0%,6,6.0,6.0,0,91.7,-4.0,-4,10,11,0,1,1.0,2,4.0,0,0.0%
9,10.0,2020-11-15,10.0,10.0,27.364,TAM,@,CAR,W 46-23,0,3,3,100.0%,2,0.7,0.7,0,79.2,-2.7,-8,10,7,0,1,1.0,2,3.0,1,25.0%
10,11.0,2020-11-23,11.0,11.0,28.006,TAM,,LAR,L 24-27,0,1,1,100.0%,12,12.0,12.0,0,116.7,6.0,6,6,12,2,0,0.0,2,4.0,0,0.0%
11,12.0,2020-11-29,12.0,12.0,28.012,TAM,,KAN,L 24-27,0,0,0,,0,,,0,,,0,0,2,0,2,1.0,3,3.0,0,0.0%
12,13.0,2020-12-13,13.0,14.0,28.026,TAM,,MIN,W 26-14,0,2,2,100.0%,23,11.5,11.5,0,114.6,2.5,5,18,8,2,1,2.0,5,4.0,1,20.0%
13,14.0,2020-12-20,14.0,15.0,28.033,TAM,@,ATL,W 31-27,0,3,3,100.0%,13,4.3,4.3,0,84.7,1.3,4,9,16,0,1,0.0,1,3.0,1,25.0%
14,15.0,2020-12-26,15.0,16.0,28.039,TAM,@,DET,W 47-7,0,1,0,0.0%,0,,0.0,0,39.6,5.0,0,0,1,1,1,0.0,2,3.0,0,0.0%
15,,15 Games,,,,,,,10-5-0,0,23,19,82.6%,153,8.1,6.7,0,94.4,3.1,66,87,122,24,10,8.0,42,57.0,6,9.5%
