,Rk,Date,G#,Week,Age,Tm,Unnamed: 6_level_1,Opp,Result,Int,Tgt,Cmp,Cmp%,Yds,Yds/Cmp,Yds/Tgt,TD,Rat,DADOT,Air,YAC,Bltz,Hrry,QBKD,Sk,Prss,Comb,MTkl,MTkl%,Year
0,1.0,2023-09-10,1.0,1.0,25.037,BAL,,HOU,W 25-9,0,0,0,,0.0,,,0.0,,,0.0,0.0,0,0,0,0.0,0,0,0,,2023
1,2.0,2023-09-17,2.0,2.0,25.044,BAL,@,CIN,W 27-24,0,0,0,,0.0,,,0.0,,,0.0,0.0,0,0,0,0.0,0,0,0,,2023
2,3.0,2023-09-24,3.0,3.0,25.051,BAL,,IND,L 19-22,0,1,0,0.0%,0.0,,0.0,0.0,39.6,-2.0,0.0,0.0,0,0,0,0.0,0,0,0,,2023
3,4.0,2023-10-01,4.0,4.0,25.058,BAL,@,CLE,W 28-3,0,0,0,,0.0,,,0.0,,,0.0,0.0,0,0,0,0.0,0,0,0,,2023
4,5.0,2023-10-08,5.0,5.0,25.065,BAL,@,PIT,L 10-17,0,0,0,,0.0,,,0.0,,,0.0,0.0,0,0,0,0.0,0,1,0,0.0%,2023
5,6.0,2023-10-15,6.0,6.0,25.072,BAL,@,TEN,W 24-16,0,0,0,,0.0,,,0.0,,,0.0,0.0,0,0,0,0.0,0,0,0,,2023
6,7.0,2023-10-22,7.0,7.0,25.079,BAL,,DET,W 38-6,0,0,0,,0.0,,,0.0,,,0.0,0.0,0,0,0,0.0,0,0,0,,2023
7,8.0,2023-10-29,8.0,8.0,25.086,BAL,@,ARI,W 31-24,0,0,0,,0.0,,,0.0,,,0.0,0.0,0,0,0,0.0,0,0,0,,2023
8,9.0,2023-11-05,9.0,9.0,25.093,BAL,,SEA,W 37-3,0,0,0,,0.0,,,0.0,,,0.0,0.0,0,0,0,0.0,0,0,0,,2023
9,10.0,2023-11-12,10.0,10.0,25.1,BAL,,CLE,L 31-33,0,0,0,,0.0,,,0.0,,,0.0,0.0,0,0,0,0.0,0,1,0,0.0%,2023
10,11.0,2023-11-16,11.0,11.0,25.104,BAL,,CIN,W 34-20,0,0,0,,0.0,,,0.0,,,0.0,0.0,0,0,0,0.0,0,0,0,,2023
11,12.0,2023-11-26,12.0,12.0,25.114,BAL,@,LAC,W 20-10,0,0,0,,0.0,,,0.0,,,0.0,0.0,0,0,0,0.0,0,0,0,,2023
12,13.0,2023-12-10,13.0,14.0,25.128,BAL,,LAR,W 37-31,0,0,0,,0.0,,,0.0,,,0.0,0.0,0,0,0,0.0,0,0,0,,2023
13,14.0,2023-12-17,14.0,15.0,25.135,BAL,@,JAX,W 23-7,0,0,0,,0.0,,,0.0,,,0.0,0.0,0,0,0,0.0,0,0,0,,2023
14,15.0,2023-12-25,15.0,16.0,25.143,BAL,@,SFO,W 33-19,0,0,0,,0.0,,,0.0,,,0.0,0.0,0,0,0,0.0,0,0,0,,2023
15,16.0,2023-12-31,16.0,17.0,25.149,BAL,,MIA,W 56-19,0,0,0,,0.0,,,0.0,,,0.0,0.0,0,0,0,0.0,0,0,0,,2023
16,17.0,2024-01-06,17.0,18.0,25.155,BAL,,PIT,L 10-17,0,0,0,,0.0,,,0.0,,,0.0,0.0,0,0,0,0.0,0,0,0,,2023
17,,17 Games,,,,,,,13-4-0,0,1,0,0.0%,,,,,,-2.0,,,0,0,0,0.0,0,2,0,0.0%,2023
