,Rk,Date,G#,Week,Age,Tm,Unnamed: 6_level_1,Opp,Result,Int,Tgt,Cmp,Cmp%,Yds,Yds/Cmp,Yds/Tgt,TD,Rat,DADOT,Air,YAC,Bltz,Hrry,QBKD,Sk,Prss,Comb,MTkl,MTkl%
0,1.0,2023-09-10,1.0,1.0,29.251,BAL,,HOU,W 25-9,0,9,5,55.6%,56,11.2,6.2,0,74.3,11.3,39,17,0,0,0,0.0,0,7.0,1,12.5%
1,2.0,2023-09-17,2.0,2.0,29.258,BAL,@,CIN,W 27-24,0,3,1,33.3%,4,4.0,1.3,1,81.9,5.7,4,0,0,0,0,0.0,0,2.0,0,0.0%
2,3.0,2023-09-24,3.0,3.0,29.265,BAL,,IND,L 19-22,0,6,2,33.3%,19,9.5,3.2,0,43.1,18.3,17,2,0,0,0,0.0,0,2.0,0,0.0%
3,4.0,2023-10-01,4.0,4.0,29.272,BAL,@,CLE,W 28-3,0,3,2,66.7%,20,10.0,6.7,0,85.4,13.3,19,1,0,0,0,0.0,0,2.0,0,0.0%
4,5.0,2023-10-08,5.0,5.0,29.279,BAL,@,PIT,L 10-17,0,2,1,50.0%,21,21.0,10.5,0,87.5,19.5,20,1,0,0,0,0.0,0,2.0,2,50.0%
5,6.0,2023-10-15,6.0,6.0,29.286,BAL,@,TEN,W 24-16,0,1,0,0.0%,0,,0.0,0,39.6,9.0,0,0,0,0,0,0.0,0,0.0,0,
6,7.0,2023-10-22,7.0,7.0,29.293,BAL,,DET,W 38-6,0,0,0,,0,,,0,,,0,0,0,0,0,0.0,0,1.0,0,0.0%
7,8.0,2023-10-29,8.0,8.0,29.3,BAL,@,ARI,W 31-24,0,0,0,,0,,,0,,,0,0,0,0,0,,0,,0,
8,9.0,2023-11-05,9.0,9.0,29.307,BAL,,SEA,W 37-3,0,0,0,,0,,,0,,,0,0,0,0,0,,0,,0,
9,10.0,2023-11-12,10.0,10.0,29.314,BAL,,CLE,L 31-33,0,0,0,,0,,,0,,,0,0,0,0,0,,0,,0,
10,11.0,2023-11-16,11.0,11.0,29.318,BAL,,CIN,W 34-20,0,3,0,0.0%,0,,0.0,0,39.6,24.0,0,0,0,0,0,0.0,0,0.0,0,
11,12.0,2023-11-26,12.0,12.0,29.328,BAL,@,LAC,W 20-10,0,4,2,50.0%,17,8.5,4.3,0,61.5,8.8,14,3,0,0,0,0.0,0,2.0,0,0.0%
12,13.0,2023-12-10,13.0,14.0,29.342,BAL,,LAR,W 37-31,0,0,0,,0,,,0,,,0,0,0,0,0,,0,,0,
13,,13 Games,,,,,,,10-3-0,0,31,13,41.9%,137,10.5,4.4,1,66.2,13.7,113,24,0,0,0,0.0,0,18.0,3,14.3%
