,Rk,Date,G#,Week,Age,Tm,Unnamed: 6_level_1,Opp,Result,Tgt,Rec,Yds,TD,1D,YBC,YBC/R,YAC,YAC/R,ADOT,BrkTkl,Rec/Br,Drop,Drop%,Int,Rat,Att,Yds,TD,1D,YBC,YBC/Att,YAC,YAC/Att,BrkTkl,Att/Br
0,1.0,2020-09-13,1.0,1.0,33.18,NOR,,TAM,W 34-23,5,3,15,1,2.0,9,3.0,6,2.0,4.8,1,3.0,0,0.0,0,104.2,0,0,0,0.0,0,,0,,0,
1,2.0,2020-09-21,2.0,2.0,33.188,NOR,@,LVR,L 24-34,3,1,18,0,1.0,17,17.0,1,1.0,7.3,0,,1,33.3,0,54.9,0,0,0,0.0,0,,0,,0,
2,3.0,2020-09-27,3.0,3.0,33.194,NOR,,GNB,L 30-37,5,4,56,1,4.0,54,13.5,2,0.5,12.2,0,,0,0.0,0,152.9,0,0,0,0.0,0,,0,,0,
3,4.0,2020-10-04,4.0,4.0,33.201,NOR,@,DET,W 35-29,9,6,93,0,5.0,74,12.3,19,3.2,11.6,1,6.0,0,0.0,1,61.1,0,0,0,0.0,0,,0,,0,
4,5.0,2020-10-12,5.0,5.0,33.209,NOR,,LAC,W 30-27,14,12,122,0,5.0,104,8.7,18,1.5,8.1,0,,0,0.0,0,103.0,0,0,0,0.0,0,,0,,0,
5,6.0,2020-11-08,8.0,9.0,33.236,NOR,@,TAM,W 38-3,5,4,38,1,3.0,34,8.5,4,1.0,6.8,0,,0,0.0,0,137.9,0,0,0,0.0,0,,0,,0,
6,7.0,2020-11-15,9.0,10.0,33.243,NOR,,SFO,W 27-13,1,1,5,0,1.0,1,1.0,4,4.0,1.0,0,,0,0.0,0,87.5,0,0,0,0.0,0,,0,,0,
7,8.0,2020-11-22,10.0,11.0,33.25,NOR,,ATL,W 24-9,5,4,66,0,2.0,44,11.0,22,5.5,8.8,0,,0,0.0,0,118.7,0,0,0,0.0,0,,0,,0,
8,9.0,2020-11-29,11.0,12.0,33.257,NOR,@,DEN,W 31-3,1,1,4,0,,3,3.0,1,1.0,3.0,0,,0,0.0,0,83.3,0,0,0,,0,,0,,0,
9,10.0,2020-12-06,12.0,13.0,33.264,NOR,@,ATL,W 21-16,6,5,39,0,1.0,35,7.0,4,0.8,6.2,1,5.0,0,0.0,0,93.7,0,0,0,0.0,0,,0,,0,
10,11.0,2020-12-13,13.0,14.0,33.271,NOR,@,PHI,L 21-24,5,3,48,1,1.0,43,14.3,5,1.7,13.6,0,,0,0.0,0,131.7,0,0,0,0.0,0,,0,,0,
11,12.0,2020-12-20,14.0,15.0,33.278,NOR,,KAN,L 29-32,5,4,76,0,2.0,47,11.8,29,7.3,13.2,0,,0,0.0,0,118.7,0,0,0,0.0,0,,0,,0,
12,13.0,2020-12-25,15.0,16.0,33.283,NOR,,MIN,W 52-33,5,4,83,0,3.0,60,15.0,23,5.8,12.0,0,,1,20.0,1,79.2,1,12,0,1.0,9,9.0,3,3.0,0,
13,14.0,2021-01-03,16.0,17.0,33.292,NOR,@,CAR,W 33-7,13,9,63,1,3.0,31,3.4,32,3.6,6.5,0,,1,7.7,0,105.6,0,0,0,0.0,0,,0,,0,
14,,14 Games,,,,,,,10-4-0,82,61,726,5,33.0,556,9.1,170,2.8,8.8,3,20.3,3,3.7,2,111.1,1,12,0,1.0,9,9.0,3,3.0,0,
