,Rk,Date,G#,Week,Age,Tm,Unnamed: 6_level_1,Opp,Result,Cmp,Att,Yds,1D,1D%,IAY,IAY/PA,CAY,CAY/Cmp,CAY/PA,YAC,YAC/Cmp,Drops,Drop%,BadTh,Bad%,Sk,Bltz,Hrry,Hits,Prss,Prss%,Scrm,Yds/Scr,Year
0,1.0,2020-09-13,1.0,1.0,30.021,NOR,,TAM,W 34-23,1,1,38,1.0,100.0,21.0,21.0,21,21.0,21.0,17,17.0,0,0.0%,0,0.0%,0,1,0,0,0,0.0%,1,13.0,2020
1,2.0,2020-09-21,2.0,2.0,30.029,NOR,@,LVR,L 24-34,0,0,0,,,,,0,,,0,,0,0.0%,0,0.0%,0,0,0,0,0,,0,,2020
2,3.0,2020-09-27,3.0,3.0,30.035,NOR,,GNB,L 30-37,0,0,0,,,,,0,,,0,,0,0.0%,0,0.0%,0,0,0,0,0,0.0%,1,8.0,2020
3,4.0,2020-10-04,4.0,4.0,30.042,NOR,@,DET,W 35-29,0,0,0,,,,,0,,,0,,0,0.0%,0,0.0%,0,0,0,0,0,,0,,2020
4,5.0,2020-10-12,5.0,5.0,30.05,NOR,,LAC,W 30-27,0,1,0,0.0,0.0,9.0,9.0,0,,0.0,0,,0,0.0%,0,0.0%,0,0,0,1,1,100.0%,0,,2020
5,6.0,2020-10-25,6.0,7.0,30.063,NOR,,CAR,W 27-24,1,1,0,0.0,0.0,-1.0,-1.0,-1,-1.0,-1.0,1,1.0,0,0.0%,0,0.0%,0,0,0,0,0,0.0%,0,,2020
6,7.0,2020-11-01,7.0,8.0,30.07,NOR,@,CHI,W 26-23,0,0,0,0.0,,,,0,,,0,,0,0.0%,0,0.0%,0,0,0,0,0,,0,,2020
7,8.0,2020-11-08,8.0,9.0,30.077,NOR,@,TAM,W 38-3,2,2,48,2.0,100.0,18.0,9.0,18,9.0,9.0,30,15.0,0,0.0%,0,0.0%,0,2,0,0,0,0.0%,1,23.0,2020
8,9.0,2020-11-15,9.0,10.0,30.084,NOR,,SFO,W 27-13,0,0,0,0.0,0.0,,,0,,,0,,0,0.0%,0,0.0%,1,0,0,0,1,100.0%,0,,2020
9,10.0,2020-11-22,10.0,11.0,30.091,NOR,,ATL,W 24-9,18,23,233,9.0,34.6,142.0,6.2,130,7.2,5.7,103,5.7,2,8.7%,1,4.3%,3,8,2,2,7,23.3%,4,4.8,2020
10,11.0,2020-11-29,11.0,12.0,30.098,NOR,@,DEN,W 31-3,9,16,78,4.0,21.1,105.0,6.6,32,3.6,2.0,46,5.1,0,0.0%,3,21.4%,3,3,4,1,8,38.1%,2,2.0,2020
11,12.0,2020-12-06,12.0,13.0,30.105,NOR,@,ATL,W 21-16,27,37,232,13.0,33.3,300.0,8.1,182,6.7,4.9,50,1.9,2,5.4%,5,13.5%,2,18,0,3,5,11.6%,4,15.0,2020
12,13.0,2020-12-13,13.0,14.0,30.112,NOR,@,PHI,L 21-24,28,38,291,15.0,34.9,253.0,6.7,178,6.4,4.7,113,4.0,2,5.4%,7,18.9%,5,8,4,7,16,34.8%,3,7.3,2020
13,14.0,2020-12-20,14.0,15.0,30.119,NOR,,KAN,L 29-32,0,0,0,0.0,,,,0,,,0,,0,0.0%,0,0.0%,0,0,0,0,0,,0,,2020
14,15.0,2020-12-25,15.0,16.0,30.124,NOR,,MIN,W 52-33,2,2,8,1.0,50.0,-4.0,-2.0,-4,-2.0,-2.0,12,6.0,0,0.0%,0,0.0%,0,1,0,0,0,0.0%,0,,2020
15,16.0,2021-01-03,16.0,17.0,30.133,NOR,@,CAR,W 33-7,0,0,0,0.0,,,,0,,,0,,0,0.0%,0,0.0%,0,0,0,0,0,0.0%,1,10.0,2020
16,,16 Games,,,,,,,12-4-0,88,121,928,45.0,33.3,843.0,7.0,556,6.3,4.6,372,4.2,6,5.1%,16,13.6%,14,41,10,14,38,25.0%,17,9.4,2020
