,Rk,Date,G#,Week,Age,Tm,Unnamed: 6_level_1,Opp,Result,Int,Tgt,Cmp,Cmp%,Yds,Yds/Cmp,Yds/Tgt,TD,Rat,DADOT,Air,YAC,Bltz,Hrry,QBKD,Sk,Prss,Comb,MTkl,MTkl%,Year
0,1.0,2021-09-12,1.0,1.0,24.304,DET,,SFO,L 33-41,0,0,0,,0,,,0,,,0,0,0,0,0,,0,,0,,2021
1,2.0,2021-09-26,3.0,3.0,24.318,DET,,BAL,L 17-19,0,0,0,,0,,,0,,,0,0,0,0,0,1.0,1,1.0,0,0.0%,2021
2,3.0,2021-10-03,4.0,4.0,24.325,DET,@,CHI,L 14-24,0,0,0,,0,,,0,,,0,0,0,0,0,0.0,0,4.0,1,20.0%,2021
3,4.0,2021-10-10,5.0,5.0,24.332,DET,@,MIN,L 17-19,0,0,0,,0,,,0,,,0,0,1,1,0,0.0,1,0.0,0,,2021
4,5.0,2021-10-17,6.0,6.0,24.339,DET,,CIN,L 11-34,0,0,0,,0,,,0,,,0,0,1,0,0,1.0,1,2.0,0,0.0%,2021
5,6.0,2021-10-24,7.0,7.0,24.346,DET,@,LAR,L 19-28,0,0,0,,0,,,0,,,0,0,4,0,0,0.0,0,0.0,1,100.0%,2021
6,7.0,2021-10-31,8.0,8.0,24.353,DET,,PHI,L 6-44,0,0,0,,0,,,0,,,0,0,0,0,0,0.0,0,7.0,1,12.5%,2021
7,8.0,2021-11-21,10.0,11.0,25.009,DET,@,CLE,L 10-13,0,0,0,,0,,,0,,,0,0,0,1,0,0.5,2,4.0,1,20.0%,2021
8,9.0,2021-11-25,11.0,12.0,25.013,DET,,CHI,L 14-16,0,0,0,,0,,,0,,,0,0,2,0,1,0.0,1,5.0,2,28.6%,2021
9,10.0,2021-12-05,12.0,13.0,25.023,DET,,MIN,W 29-27,0,0,0,,0,,,0,,,0,0,3,0,0,0.0,0,1.0,1,50.0%,2021
10,11.0,2021-12-12,13.0,14.0,25.03,DET,@,DEN,L 10-38,0,0,0,,0,,,0,,,0,0,0,0,0,0.0,0,0.0,0,,2021
11,12.0,2021-12-19,14.0,15.0,25.037,DET,,ARI,W 30-12,0,0,0,,0,,,0,,,0,0,7,1,0,0.0,1,1.0,1,50.0%,2021
12,13.0,2021-12-26,15.0,16.0,25.044,DET,@,ATL,L 16-20,0,0,0,,0,,,0,,,0,0,2,0,0,1.0,1,2.0,1,33.3%,2021
13,14.0,2022-01-02,16.0,17.0,25.051,DET,@,SEA,L 29-51,0,1,1,100.0%,1,1.0,1.0,1,118.7,-3.0,-3,4,4,1,0,1.0,2,4.0,1,20.0%,2021
14,,14 Games,,,,,,,2-12-0,0,1,1,100.0%,1,1.0,1.0,1,118.7,-3.0,-3,4,24,4,1,4.5,10,31.0,10,24.4%,2021
