,Rk,Date,G#,Week,Age,Tm,Unnamed: 6_level_1,Opp,Result,Int,Tgt,Cmp,Cmp%,Yds,Yds/Cmp,Yds/Tgt,TD,Rat,DADOT,Air,YAC,Bltz,Hrry,QBKD,Sk,Prss,Comb,MTkl,MTkl%,Year
0,1.0,2021-09-12,1.0,1.0,22.106,DET,,SFO,L 33-41,0,0,0,,0,,,0,,,0,0,0,0,0,0.0,0,2.0,0,0.0%,2021
1,2.0,2021-09-20,2.0,2.0,22.114,DET,@,GNB,L 17-35,0,0,0,,0,,,0,,,0,0,0,0,0,,0,,0,,2021
2,3.0,2021-09-26,3.0,3.0,22.12,DET,,BAL,L 17-19,0,0,0,,0,,,0,,,0,0,0,0,0,0.0,0,4.0,0,0.0%,2021
3,4.0,2021-10-03,4.0,4.0,22.127,DET,@,CHI,L 14-24,0,0,0,,0,,,0,,,0,0,0,0,0,0.0,0,5.0,0,0.0%,2021
4,5.0,2021-10-10,5.0,5.0,22.134,DET,@,MIN,L 17-19,0,2,2,100.0%,9,4.5,4.5,0,85.4,3.0,6,3,0,0,0,0.0,0,6.0,1,14.3%,2021
5,6.0,2021-10-17,6.0,6.0,22.141,DET,,CIN,L 11-34,0,2,1,50.0%,0,,0.0,0,56.2,8.5,0,0,0,0,0,0.0,0,9.0,0,0.0%,2021
6,7.0,2021-10-24,7.0,7.0,22.148,DET,@,LAR,L 19-28,0,1,1,100.0%,14,14.0,14.0,0,118.7,5.0,5,9,2,0,0,0.0,0,1.0,1,50.0%,2021
7,8.0,2021-10-31,8.0,8.0,22.155,DET,,PHI,L 6-44,0,0,0,,0,,,0,,,0,0,0,0,0,0.0,0,7.0,0,0.0%,2021
8,9.0,2021-11-14,9.0,10.0,22.169,DET,@,PIT,T 16-16,0,0,0,,0,,,0,,,0,0,2,0,0,0.0,0,4.0,1,20.0%,2021
9,10.0,2021-11-21,10.0,11.0,22.176,DET,@,CLE,L 10-13,0,1,1,100.0%,9,9.0,9.0,0,104.2,-6.0,-6,15,0,0,0,0.0,0,2.0,0,0.0%,2021
10,11.0,2021-11-25,11.0,12.0,22.18,DET,,CHI,L 14-16,0,1,1,100.0%,12,12.0,12.0,0,116.7,9.0,9,3,0,0,0,0.0,0,2.0,0,0.0%,2021
11,12.0,2021-12-05,12.0,13.0,22.19,DET,,MIN,W 29-27,0,2,2,100.0%,30,15.0,15.0,0,118.7,4.0,8,22,0,0,0,0.0,0,2.0,0,0.0%,2021
12,13.0,2021-12-12,13.0,14.0,22.197,DET,@,DEN,L 10-38,0,2,1,50.0%,32,32.0,16.0,0,95.8,21.0,29,3,1,0,0,0.0,0,5.0,0,0.0%,2021
13,14.0,2021-12-19,14.0,15.0,22.204,DET,,ARI,W 30-12,0,3,3,100.0%,36,12.0,12.0,0,116.7,5.3,16,20,3,0,0,0.0,0,5.0,2,28.6%,2021
14,15.0,2021-12-26,15.0,16.0,22.211,DET,@,ATL,L 16-20,0,0,0,,0,,,0,,,0,0,0,0,0,1.0,1,3.0,0,0.0%,2021
15,16.0,2022-01-02,16.0,17.0,22.218,DET,@,SEA,L 29-51,0,2,1,50.0%,11,11.0,5.5,0,66.7,1.5,5,6,2,0,0,0.0,0,5.0,0,0.0%,2021
16,17.0,2022-01-09,17.0,18.0,22.225,DET,,GNB,W 37-30,0,6,6,100.0%,152,25.3,25.3,2,158.3,6.5,39,113,1,0,0,1.0,1,5.0,1,16.7%,2021
17,,17 Games,,,,,,,3-13-1,0,22,19,86.4%,305,16.1,13.9,2,149.1,6.3,111,194,11,0,0,2.0,2,67.0,6,8.2%,2021
