,Rk,Date,G#,Week,Age,Tm,Unnamed: 6_level_1,Opp,Result,Int,Tgt,Cmp,Cmp%,Yds,Yds/Cmp,Yds/Tgt,TD,Rat,DADOT,Air,YAC,Bltz,Hrry,QBKD,Sk,Prss,Comb,MTkl,MTkl%,Year
0,1.0,2021-09-12,1.0,1.0,25.267,DET,,SFO,L 33-41,0,4,4,100.0%,45,11.3,11.3,0,113.5,4.8,19,26,1,0,0,0.0,0,7,1,12.5%,2021
1,2.0,2021-09-20,2.0,2.0,25.275,DET,@,GNB,L 17-35,0,2,1,50.0%,10,10.0,5.0,0,64.6,11.0,2,8,1,0,0,0.0,0,7,0,0.0%,2021
2,3.0,2021-09-26,3.0,3.0,25.281,DET,,BAL,L 17-19,0,5,4,80.0%,118,29.5,23.6,0,118.7,23.2,84,34,1,0,0,0.0,0,6,0,0.0%,2021
3,4.0,2021-10-03,4.0,4.0,25.288,DET,@,CHI,L 14-24,0,5,3,60.0%,99,33.0,19.8,0,104.2,26.6,76,23,0,0,0,0.0,0,5,1,16.7%,2021
4,5.0,2021-10-10,5.0,5.0,25.295,DET,@,MIN,L 17-19,0,3,2,66.7%,22,11.0,7.3,0,88.2,14.0,22,0,2,0,0,0.0,0,5,0,0.0%,2021
5,6.0,2021-10-17,6.0,6.0,25.302,DET,,CIN,L 11-34,0,0,0,,0,,,0,,,0,0,0,0,0,0.0,0,1,0,0.0%,2021
6,7.0,2021-10-24,7.0,7.0,25.309,DET,@,LAR,L 19-28,0,4,3,75.0%,24,8.0,6.0,0,89.6,9.3,22,2,0,0,0,0.0,0,4,0,0.0%,2021
7,8.0,2021-10-31,8.0,8.0,25.316,DET,,PHI,L 6-44,0,2,1,50.0%,16,16.0,8.0,0,77.1,10.5,16,0,4,0,0,0.0,0,2,0,0.0%,2021
8,9.0,2021-11-14,9.0,10.0,25.33,DET,@,PIT,T 16-16,0,5,3,60.0%,22,7.3,4.4,0,70.4,8.2,9,13,2,0,0,0.0,0,3,1,25.0%,2021
9,10.0,2021-11-21,10.0,11.0,25.337,DET,@,CLE,L 10-13,0,3,3,100.0%,20,6.7,6.7,1,134.0,3.7,11,9,2,0,0,0.5,1,8,0,0.0%,2021
10,11.0,2021-11-25,11.0,12.0,25.341,DET,,CHI,L 14-16,0,6,5,83.3%,42,8.4,7.0,0,95.8,5.5,22,20,0,0,0,0.0,0,7,0,0.0%,2021
11,12.0,2021-12-05,12.0,13.0,25.351,DET,,MIN,W 29-27,0,7,4,57.1%,45,11.3,6.4,2,116.1,13.3,39,6,2,0,0,0.0,0,3,0,0.0%,2021
12,13.0,2021-12-12,13.0,14.0,25.358,DET,@,DEN,L 10-38,0,6,4,66.7%,46,11.5,7.7,0,89.6,6.0,13,33,1,0,0,0.0,0,9,0,0.0%,2021
13,14.0,2021-12-19,14.0,15.0,26.0,DET,,ARI,W 30-12,0,8,5,62.5%,37,7.4,4.6,0,73.4,5.9,23,14,0,0,0,0.0,0,5,1,16.7%,2021
14,15.0,2021-12-26,15.0,16.0,26.007,DET,@,ATL,L 16-20,0,6,5,83.3%,49,9.8,8.2,0,100.7,7.5,35,14,0,0,0,0.0,0,5,0,0.0%,2021
15,16.0,2022-01-02,16.0,17.0,26.014,DET,@,SEA,L 29-51,0,5,4,80.0%,91,22.8,18.2,1,158.3,10.0,47,44,0,0,0,0.0,0,7,1,12.5%,2021
16,17.0,2022-01-09,17.0,18.0,26.021,DET,,GNB,W 37-30,0,8,7,87.5%,46,6.6,5.8,1,130.2,6.5,36,10,0,0,0,0.0,0,9,0,0.0%,2021
17,,17 Games,,,,,,,3-13-1,0,79,58,73.4%,732,12.6,9.3,5,123.0,10.1,476,256,16,0,0,0.5,1,93,5,5.1%,2021
