,Rk,Date,G#,Week,Age,Tm,Unnamed: 6_level_1,Opp,Result,Att,Yds,TD,1D,YBC,YBC/Att,YAC,YAC/Att,BrkTkl,Att/Br,Tgt,Rec,Yds,TD,1D,YBC,YBC/R,YAC,YAC/R,ADOT,BrkTkl,Rec/Br,Drop,Drop%,Int,Rat
0,1.0,2020-09-13,1.0,1.0,22.082,WAS,,PHI,W 27-17,9,36,0,1,24,2.7,12,1.3,2,4.5,2,2,8,0,0,-7,-3.5,15,7.5,-3.5,1,2.0,0,0.0,0.0,83.3
1,2.0,2020-09-20,2.0,2.0,22.089,WAS,@,ARI,L 15-30,13,55,1,2,19,1.5,36,2.8,8,1.6,2,1,-3,0,0,-4,-4.0,1,1.0,4.5,0,,0,0.0,0.0,56.2
2,3.0,2020-09-27,3.0,3.0,22.096,WAS,@,CLE,L 20-34,9,49,1,4,24,2.7,25,2.8,2,4.5,3,3,11,0,0,-8,-2.7,19,6.3,-2.7,0,,0,0.0,0.0,81.9
3,4.0,2020-10-04,4.0,4.0,22.103,WAS,,BAL,L 17-31,13,46,1,4,31,2.4,15,1.2,0,,5,4,82,0,4,1,0.3,81,20.3,-0.6,1,4.0,0,0.0,0.0,118.7
4,5.0,2020-10-11,5.0,5.0,22.11,WAS,,LAR,L 10-30,11,27,0,0,14,1.3,13,1.2,1,11.0,5,5,24,0,1,-17,-3.4,41,8.2,-3.4,3,1.7,0,0.0,0.0,86.7
5,6.0,2020-10-18,6.0,6.0,22.117,WAS,@,NYG,L 19-20,9,30,0,2,16,1.8,14,1.6,0,,5,4,25,0,1,-2,-0.5,27,6.8,-0.6,0,,0,0.0,0.0,87.5
6,7.0,2020-10-25,7.0,7.0,22.124,WAS,,DAL,W 25-3,20,128,1,3,66,3.3,62,3.1,1,20.0,1,0,0,0,0,0,,0,,-1.0,0,,1,100.0,0.0,39.6
7,8.0,2020-11-08,8.0,9.0,22.138,WAS,,NYG,L 20-23,6,20,1,3,11,1.8,9,1.5,0,,3,3,35,0,1,-2,-0.7,37,12.3,-0.7,1,3.0,0,0.0,0.0,115.3
8,9.0,2020-11-15,9.0,10.0,22.145,WAS,@,DET,L 27-30,13,45,2,4,14,1.1,31,2.4,1,13.0,4,4,20,0,1,-7,-1.8,27,6.8,-1.8,1,4.0,0,0.0,0.0,87.5
9,10.0,2020-11-22,10.0,11.0,22.152,WAS,,CIN,W 20-9,16,94,1,5,59,3.7,35,2.2,0,,2,1,10,0,0,-2,-2.0,12,12.0,2.0,1,1.0,0,0.0,0.0,64.6
10,11.0,2020-11-26,11.0,12.0,22.156,WAS,@,DAL,W 41-16,20,115,3,5,85,4.3,30,1.5,1,20.0,7,5,21,0,0,-1,-0.2,22,4.4,0.1,0,,1,14.3,0.0,74.1
11,12.0,2020-12-07,12.0,13.0,22.167,WAS,@,PIT,W 23-17,2,14,0,1,4,2.0,10,5.0,0,,0,0,0,0,0,0,,0,,,0,,0,0.0,,
12,13.0,2020-12-27,15.0,16.0,22.187,WAS,,CAR,L 13-20,10,61,0,3,31,3.1,30,3.0,2,5.0,4,3,8,0,0,-5,-1.7,13,4.3,-0.5,0,,0,0.0,0.0,77.1
13,14.0,2021-01-03,16.0,17.0,22.194,WAS,@,PHI,W 20-14,19,75,0,3,49,2.6,26,1.4,2,9.5,1,1,6,0,0,0,0.0,6,6.0,0.0,0,,0,0.0,0.0,91.7
14,,14 Games,,,,,,,6-8-0,170,795,11,40,447,2.6,348,2.0,20,8.5,44,36,247,0,8,-54,-1.5,301,8.4,-0.8,8,4.5,2,4.5,0.0,90.1
