,Rk,Date,G#,Week,Age,Tm,Unnamed: 6_level_1,Opp,Result,Int,Tgt,Cmp,Cmp%,Yds,Yds/Cmp,Yds/Tgt,TD,Rat,DADOT,Air,YAC,Bltz,Hrry,QBKD,Sk,Prss,Comb,MTkl,MTkl%,Year
0,1.0,2022-09-11,1.0,1.0,29.152,TAM,@,DAL,W 19-3,0,0,0,,0,,,0,,,0,0,0,0,0,0.0,0,0,0,,2022
1,2.0,2022-09-18,2.0,2.0,29.159,TAM,@,NOR,W 20-10,0,0,0,,0,,,0,,,0,0,0,0,0,0.0,0,0,0,,2022
2,3.0,2022-09-25,3.0,3.0,29.166,TAM,,GNB,L 12-14,0,0,0,,0,,,0,,,0,0,1,0,0,0.0,0,1,0,0.0%,2022
3,4.0,2022-10-02,4.0,4.0,29.173,TAM,,KAN,L 31-41,0,0,0,,0,,,0,,,0,0,0,0,0,1.0,1,4,0,0.0%,2022
4,5.0,2022-10-09,5.0,5.0,29.18,TAM,,ATL,W 21-15,0,0,0,,0,,,0,,,0,0,0,0,1,0.0,1,4,0,0.0%,2022
5,6.0,2022-10-16,6.0,6.0,29.187,TAM,@,PIT,L 18-20,0,0,0,,0,,,0,,,0,0,1,0,0,1.0,1,1,0,0.0%,2022
6,7.0,2022-10-23,7.0,7.0,29.194,TAM,@,CAR,L 3-21,0,1,1,100.0%,3,3.0,3.0,0,79.2,-6.0,-6,9,1,0,0,0.0,0,1,0,0.0%,2022
7,8.0,2022-10-27,8.0,8.0,29.198,TAM,,BAL,L 22-27,0,0,0,,0,,,0,,,0,0,0,0,0,0.0,0,1,1,50.0%,2022
8,9.0,2022-11-06,9.0,9.0,29.208,TAM,,LAR,W 16-13,0,0,0,,0,,,0,,,0,0,0,0,0,0.0,0,2,0,0.0%,2022
9,10.0,2022-11-13,10.0,10.0,29.215,TAM,,SEA,W 21-16,0,0,0,,0,,,0,,,0,0,1,0,0,0.0,0,1,0,0.0%,2022
10,11.0,2022-11-27,11.0,12.0,29.229,TAM,@,CLE,L 17-23,0,0,0,,0,,,0,,,0,0,0,0,0,0.5,1,3,0,0.0%,2022
11,12.0,2022-12-05,12.0,13.0,29.237,TAM,,NOR,W 17-16,0,0,0,,0,,,0,,,0,0,2,0,0,1.0,1,2,1,33.3%,2022
12,13.0,2022-12-11,13.0,14.0,29.243,TAM,@,SFO,L 7-35,0,0,0,,0,,,0,,,0,0,0,1,1,0.0,2,3,0,0.0%,2022
13,,13 Games,,,,,,,6-7-0,0,1,1,100.0%,3,3.0,3.0,0,79.2,-6.0,-6,9,6,1,2,3.5,7,23,2,8.0%,2022
