,Rk,Date,G#,Week,Age,Tm,Unnamed: 6_level_1,Opp,Result,Int,Tgt,Cmp,Cmp%,Yds,Yds/Cmp,Yds/Tgt,TD,Rat,DADOT,Air,YAC,Bltz,Hrry,QBKD,Sk,Prss,Comb,MTkl,MTkl%,Year
0,1.0,2022-09-11,1.0,1.0,24.206,TAM,@,DAL,W 19-3,0,7,4,57.1%,42,10.5,6.0,0,74.7,4.9,23,19,5,1,0,2.0,3,8,0,0.0%,2022
1,2.0,2022-09-18,2.0,2.0,24.213,TAM,@,NOR,W 20-10,0,7,6,85.7%,35,5.8,5.0,0,87.5,4.0,25,10,4,1,0,1.0,2,11,3,21.4%,2022
2,3.0,2022-09-25,3.0,3.0,24.22,TAM,,GNB,L 12-14,0,3,1,33.3%,7,7.0,2.3,0,42.4,-0.3,2,5,4,0,0,0.0,0,5,0,0.0%,2022
3,4.0,2022-10-02,4.0,4.0,24.227,TAM,,KAN,L 31-41,0,7,5,71.4%,46,9.2,6.6,0,89.0,5.9,33,13,2,1,1,0.0,2,11,1,8.3%,2022
4,5.0,2022-10-09,5.0,5.0,24.234,TAM,,ATL,W 21-15,0,0,0,,0,,,0,,,0,0,3,0,2,0.0,2,5,0,0.0%,2022
5,6.0,2022-10-16,6.0,6.0,24.241,TAM,@,PIT,L 18-20,0,2,1,50.0%,14,14.0,7.0,0,72.9,4.0,3,11,5,0,0,0.0,0,8,0,0.0%,2022
6,7.0,2022-10-23,7.0,7.0,24.248,TAM,@,CAR,L 3-21,0,2,2,100.0%,10,5.0,5.0,0,87.5,-2.5,-5,15,2,0,1,0.0,1,5,3,37.5%,2022
7,8.0,2022-10-27,8.0,8.0,24.252,TAM,,BAL,L 22-27,0,2,2,100.0%,19,9.5,9.5,1,145.8,4.5,9,10,3,0,0,0.0,0,10,0,0.0%,2022
8,9.0,2022-11-06,9.0,9.0,24.262,TAM,,LAR,W 16-13,0,1,1,100.0%,10,10.0,10.0,0,108.3,-1.0,-1,11,4,1,0,0.0,1,4,0,0.0%,2022
9,10.0,2022-11-13,10.0,10.0,24.269,TAM,,SEA,W 21-16,0,7,7,100.0%,60,8.6,8.6,0,102.4,2.0,14,46,2,1,1,2.0,4,9,0,0.0%,2022
10,11.0,2022-11-27,11.0,12.0,24.283,TAM,@,CLE,L 17-23,0,6,4,66.7%,43,10.8,7.2,1,127.1,3.3,14,29,9,0,0,0.5,1,13,0,0.0%,2022
11,12.0,2022-12-05,12.0,13.0,24.291,TAM,,NOR,W 17-16,0,3,2,66.7%,12,6.0,4.0,0,74.3,-3.7,-3,15,5,0,0,0.0,0,5,2,28.6%,2022
12,13.0,2022-12-11,13.0,14.0,24.297,TAM,@,SFO,L 7-35,0,1,1,100.0%,1,1.0,1.0,0,79.2,-7.0,-7,8,3,0,1,0.0,1,5,0,0.0%,2022
13,14.0,2022-12-18,14.0,15.0,24.304,TAM,,CIN,L 23-34,0,0,0,,0,,,0,,,0,0,4,0,1,0.0,1,7,0,0.0%,2022
14,15.0,2022-12-25,15.0,16.0,24.311,TAM,@,ARI,W 19-16,0,6,5,83.3%,38,7.6,6.3,0,93.1,2.5,6,32,5,1,2,0.0,3,9,2,18.2%,2022
15,16.0,2023-01-01,16.0,17.0,24.318,TAM,,CAR,W 30-24,0,5,4,80.0%,37,9.3,7.4,0,97.5,2.6,13,24,4,1,0,0.0,1,7,0,0.0%,2022
16,17.0,2023-01-08,17.0,18.0,24.325,TAM,@,ATL,L 17-30,0,1,1,100.0%,26,26.0,26.0,0,118.7,11.0,11,15,1,0,0,0.0,0,2,0,0.0%,2022
17,,17 Games,,,,,,,8-9-0,0,60,46,76.7%,400,8.7,6.7,2,104.9,2.8,137,263,65,7,9,5.5,22,124,11,8.1%,2022
