,Rk,Date,G#,Week,Age,Tm,Unnamed: 6_level_1,Opp,Result,Int,Tgt,Cmp,Cmp%,Yds,Yds/Cmp,Yds/Tgt,TD,Rat,DADOT,Air,YAC,Bltz,Hrry,QBKD,Sk,Prss,Comb,MTkl,MTkl%
0,1.0,2022-09-11,1.0,1.0,27.047,TAM,@,DAL,W 19-3,0,0,0,,0,,,0,,,0,0,0,0,0,0.0,0,1.0,0,0.0%
1,2.0,2022-09-18,2.0,2.0,27.054,TAM,@,NOR,W 20-10,0,0,0,,0,,,0,,,0,0,1,0,0,0.0,0,0.0,0,
2,3.0,2022-09-25,3.0,3.0,27.061,TAM,,GNB,L 12-14,0,0,0,,0,,,0,,,0,0,0,0,0,0.0,0,2.0,0,0.0%
3,4.0,2022-10-02,4.0,4.0,27.068,TAM,,KAN,L 31-41,0,1,0,0.0%,0,,0.0,0,39.6,4.0,0,0,1,0,1,0.0,1,6.0,0,0.0%
4,5.0,2022-10-09,5.0,5.0,27.075,TAM,,ATL,W 21-15,0,2,2,100.0%,20,10.0,10.0,0,108.3,8.0,16,4,0,0,0,0.0,0,3.0,1,25.0%
5,6.0,2022-10-16,6.0,6.0,27.082,TAM,@,PIT,L 18-20,0,1,1,100.0%,4,4.0,4.0,0,83.3,4.0,4,0,3,0,0,0.0,0,4.0,0,0.0%
6,7.0,2022-10-23,7.0,7.0,27.089,TAM,@,CAR,L 3-21,0,3,2,66.7%,27,13.5,9.0,0,95.1,2.0,0,27,2,0,1,0.0,1,4.0,2,33.3%
7,8.0,2022-10-27,8.0,8.0,27.093,TAM,,BAL,L 22-27,0,6,5,83.3%,61,12.2,10.2,0,109.0,7.5,33,28,0,0,0,0.0,0,8.0,1,11.1%
8,9.0,2022-11-06,9.0,9.0,27.103,TAM,,LAR,W 16-13,0,3,2,66.7%,12,6.0,4.0,0,74.3,14.7,-2,14,0,0,0,0.0,0,10.0,0,0.0%
9,10.0,2022-11-13,10.0,10.0,27.11,TAM,,SEA,W 21-16,0,0,0,,0,,,0,,,0,0,0,0,0,,0,,0,
10,11.0,2022-11-27,11.0,12.0,27.124,TAM,@,CLE,L 17-23,0,2,2,100.0%,11,5.5,5.5,0,89.6,5.0,10,1,4,1,1,0.5,3,8.0,0,0.0%
11,12.0,2022-12-05,12.0,13.0,27.132,TAM,,NOR,W 17-16,0,4,2,50.0%,35,17.5,8.8,1,119.8,16.0,28,7,1,0,0,0.0,0,5.0,1,16.7%
12,13.0,2022-12-11,13.0,14.0,27.138,TAM,@,SFO,L 7-35,0,1,1,100.0%,18,18.0,18.0,0,118.7,14.0,14,4,0,0,0,0.0,0,6.0,1,14.3%
13,14.0,2022-12-18,14.0,15.0,27.145,TAM,,CIN,L 23-34,0,1,1,100.0%,8,8.0,8.0,1,139.6,6.0,6,2,2,0,0,0.0,0,4.0,1,20.0%
14,15.0,2022-12-25,15.0,16.0,27.152,TAM,@,ARI,W 19-16,1,2,1,50.0%,9,9.0,4.5,0,22.9,27.0,3,6,0,0,0,0.0,0,1.0,0,0.0%
15,16.0,2023-01-01,16.0,17.0,27.159,TAM,,CAR,W 30-24,0,1,1,100.0%,38,38.0,38.0,0,118.7,0.0,0,38,0,0,0,0.0,0,1.0,0,0.0%
16,17.0,2023-01-08,17.0,18.0,27.166,TAM,@,ATL,L 17-30,0,1,1,100.0%,2,2.0,2.0,1,118.7,2.0,2,0,0,0,1,0.0,1,0.0,0,
17,,17 Games,,,,,,,8-9-0,1,28,21,75.0%,245,11.7,8.8,3,121.9,9.6,114,131,14,1,4,0.5,6,63.0,7,10.0%
