,Rk,Date,G#,Week,Age,Tm,Unnamed: 6_level_1,Opp,Result,Att,Yds,TD,1D,YBC,YBC/Att,YAC,YAC/Att,BrkTkl,Att/Br,Tgt,Rec,Yds,TD,1D,YBC,YBC/R,YAC,YAC/R,ADOT,BrkTkl,Rec/Br,Drop,Drop%,Int,Rat,Year
0,1.0,2019-09-29,4.0,4.0,23.324,ATL,,TEN,L 10-24,,,,,,,,,,,,,,,,,,,,,,,,0.0,,,2019
1,2.0,2019-10-06,5.0,5.0,23.331,ATL,@,HOU,L 32-53,,,,,,,,,,,,,,,,,,,,,,,,0.0,,,2019
2,3.0,2019-10-20,7.0,7.0,23.345,ATL,,LAR,L 10-37,5.0,11.0,0.0,1.0,5.0,1.0,6.0,1.2,0.0,,2.0,2.0,14.0,0.0,1.0,3.0,1.5,11.0,5.5,1.5,0.0,,0.0,0.0,0.0,95.8,2019
3,4.0,2019-10-27,8.0,8.0,23.352,ATL,,SEA,L 20-27,3.0,29.0,1.0,2.0,-1.0,-0.3,30.0,10.0,0.0,,0.0,0.0,0.0,0.0,0.0,0.0,,0.0,,,0.0,,0.0,0.0,,,2019
4,5.0,2019-11-10,9.0,10.0,24.001,ATL,@,NOR,W 26-9,20.0,61.0,0.0,2.0,25.0,1.3,36.0,1.8,0.0,,2.0,1.0,10.0,1.0,1.0,2.0,2.0,8.0,8.0,1.0,0.0,,0.0,0.0,0.0,104.2,2019
5,6.0,2019-11-17,10.0,11.0,24.008,ATL,@,CAR,W 29-3,15.0,30.0,0.0,1.0,8.0,0.5,22.0,1.5,2.0,7.5,3.0,1.0,8.0,0.0,0.0,0.0,0.0,8.0,8.0,0.3,0.0,,1.0,33.3,0.0,42.4,2019
6,7.0,2019-11-24,11.0,12.0,24.015,ATL,,TAM,L 22-35,9.0,14.0,0.0,1.0,5.0,0.6,9.0,1.0,0.0,,4.0,3.0,13.0,0.0,0.0,6.0,2.0,7.0,2.3,2.8,2.0,1.5,0.0,0.0,0.0,78.1,2019
7,8.0,2019-11-28,12.0,13.0,24.019,ATL,,NOR,L 18-26,4.0,13.0,0.0,1.0,7.0,1.8,6.0,1.5,0.0,,3.0,3.0,24.0,0.0,2.0,4.0,1.3,20.0,6.7,1.3,0.0,,0.0,0.0,0.0,100.0,2019
8,9.0,2019-12-08,13.0,14.0,24.029,ATL,,CAR,W 40-20,9.0,62.0,1.0,5.0,50.0,5.6,12.0,1.3,1.0,9.0,0.0,0.0,0.0,0.0,0.0,0.0,,0.0,,,0.0,,0.0,0.0,,,2019
9,10.0,2019-12-15,14.0,15.0,24.036,ATL,@,SFO,W 29-22,1.0,16.0,0.0,1.0,11.0,11.0,5.0,5.0,0.0,,0.0,0.0,0.0,0.0,0.0,0.0,,0.0,,,0.0,,0.0,0.0,,,2019
10,11.0,2019-12-22,15.0,16.0,24.043,ATL,,JAX,W 24-12,7.0,66.0,0.0,4.0,33.0,4.7,33.0,4.7,0.0,,0.0,0.0,0.0,0.0,0.0,0.0,,0.0,,,0.0,,0.0,0.0,,,2019
11,12.0,2019-12-29,16.0,17.0,24.05,ATL,@,TAM,W 28-22,5.0,21.0,0.0,1.0,14.0,2.8,7.0,1.4,0.0,,0.0,0.0,0.0,0.0,0.0,0.0,,0.0,,,0.0,,0.0,0.0,,,2019
12,,12 Games,,,,,,,6-6-0,78.0,323.0,2.0,19.0,157.0,2.0,166.0,2.1,3.0,26.0,14.0,10.0,69.0,1.0,4.0,15.0,1.5,54.0,5.4,1.5,2.0,5.0,1.0,7.1,0.0,106.0,2019
