,Rk,Date,G#,Week,Age,Tm,Unnamed: 6_level_1,Opp,Result,Int,Tgt,Cmp,Cmp%,Yds,Yds/Cmp,Yds/Tgt,TD,Rat,DADOT,Air,YAC,Bltz,Hrry,QBKD,Sk,Prss,Comb,MTkl,MTkl%
0,1.0,2019-09-08,1.0,1.0,26.095,ATL,@,MIN,L 12-28,0,0,0,,0,,,0,,,0,0,1,0,0,0.0,0,1,0,0.0%
1,2.0,2019-09-15,2.0,2.0,26.102,ATL,,PHI,W 24-20,0,7,5,71.4%,36,7.2,5.1,0,83.0,6.6,23,13,3,0,0,0.0,0,8,1,11.1%
2,3.0,2019-09-22,3.0,3.0,26.109,ATL,@,IND,L 24-27,0,4,4,100.0%,40,10.0,10.0,0,108.3,1.8,7,33,1,0,0,0.0,0,6,3,33.3%
3,4.0,2019-09-29,4.0,4.0,26.116,ATL,,TEN,L 10-24,0,3,1,33.3%,6,6.0,2.0,0,42.4,6.7,5,1,0,0,0,0.0,0,1,0,0.0%
4,5.0,2019-10-06,5.0,5.0,26.123,ATL,@,HOU,L 32-53,0,3,2,66.7%,59,29.5,19.7,0,109.7,11.7,28,31,1,0,0,0.0,0,2,0,0.0%
5,6.0,2019-10-13,6.0,6.0,26.13,ATL,@,ARI,L 33-34,0,5,3,60.0%,20,6.7,4.0,0,68.7,2.4,-1,21,0,0,0,0.0,0,4,1,20.0%
6,7.0,2019-10-20,7.0,7.0,26.137,ATL,,LAR,L 10-37,0,6,4,66.7%,30,7.5,5.0,0,78.5,3.3,1,29,3,0,0,0.0,0,8,1,11.1%
7,8.0,2019-10-27,8.0,8.0,26.144,ATL,,SEA,L 20-27,0,2,2,100.0%,25,12.5,12.5,1,158.3,13.0,26,-1,0,0,0,0.0,0,6,0,0.0%
8,9.0,2019-11-10,9.0,10.0,26.158,ATL,@,NOR,W 26-9,0,1,1,100.0%,13,13.0,13.0,0,118.7,13.0,13,0,0,0,0,0.0,0,6,0,0.0%
9,10.0,2019-11-17,10.0,11.0,26.165,ATL,@,CAR,W 29-3,1,5,3,60.0%,58,19.3,11.6,0,60.8,16.8,42,16,0,0,0,0.0,0,3,1,25.0%
10,11.0,2019-11-24,11.0,12.0,26.172,ATL,,TAM,L 22-35,0,2,1,50.0%,17,17.0,8.5,0,79.2,10.0,11,6,0,0,0,0.0,0,9,1,10.0%
11,12.0,2019-11-28,12.0,13.0,26.176,ATL,,NOR,L 18-26,0,0,0,,0,,,0,,,0,0,0,0,0,0.0,0,4,1,20.0%
12,13.0,2019-12-08,13.0,14.0,26.186,ATL,,CAR,W 40-20,2,1,0,0.0%,0,,0.0,0,0.0,50.0,0,0,0,0,0,0.0,0,3,0,0.0%
13,14.0,2019-12-15,14.0,15.0,26.193,ATL,@,SFO,W 29-22,0,3,2,66.7%,19,9.5,6.3,0,84.0,6.3,4,15,1,0,0,0.0,0,7,1,12.5%
14,15.0,2019-12-22,15.0,16.0,26.2,ATL,,JAX,W 24-12,0,1,0,0.0%,0,,0.0,0,39.6,,0,0,0,0,0,0.0,0,1,1,50.0%
15,16.0,2019-12-29,16.0,17.0,26.207,ATL,@,TAM,W 28-22,0,0,0,,0,,,0,,,0,0,0,0,0,0.0,0,5,0,0.0%
16,,16 Games,,,,,,,7-9-0,3,43,28,65.1%,323,11.5,7.5,1,66.3,8.2,159,164,10,0,0,0.0,0,74,11,12.9%
