,Rk,Date,G#,Week,Age,Tm,Unnamed: 6_level_1,Opp,Result,Int,Tgt,Cmp,Cmp%,Yds,Yds/Cmp,Yds/Tgt,TD,Rat,DADOT,Air,YAC,Bltz,Hrry,QBKD,Sk,Prss,Comb,MTkl,MTkl%
0,1.0,2019-09-08,1.0,1.0,24.308,ATL,@,MIN,L 12-28,0,1,1,100.0%,1,1.0,1.0,0,79.2,1.0,1,0,2,0,0,0.0,0,4,0,0.0%
1,2.0,2019-09-15,2.0,2.0,24.315,ATL,,PHI,W 24-20,0,5,2,40.0%,13,6.5,2.6,0,47.9,6.0,2,11,0,0,1,0.0,1,7,0,0.0%
2,3.0,2019-09-22,3.0,3.0,24.322,ATL,@,IND,L 24-27,0,7,6,85.7%,57,9.5,8.1,1,140.2,4.0,26,31,2,0,0,0.0,0,9,2,18.2%
3,4.0,2019-09-29,4.0,4.0,24.329,ATL,,TEN,L 10-24,0,3,2,66.7%,27,13.5,9.0,0,95.1,6.7,12,15,2,0,0,0.0,0,8,3,27.3%
4,5.0,2019-10-06,5.0,5.0,24.336,ATL,@,HOU,L 32-53,0,1,0,0.0%,0,,0.0,0,39.6,12.0,0,0,2,0,0,0.0,0,11,1,8.3%
5,6.0,2019-10-13,6.0,6.0,24.343,ATL,@,ARI,L 33-34,0,4,4,100.0%,56,14.0,14.0,1,158.3,5.5,22,34,2,0,0,0.0,0,6,0,0.0%
6,7.0,2019-10-20,7.0,7.0,24.35,ATL,,LAR,L 10-37,0,4,2,50.0%,10,5.0,2.5,0,56.2,10.8,4,6,5,0,0,0.0,0,11,1,8.3%
7,8.0,2019-10-27,8.0,8.0,24.357,ATL,,SEA,L 20-27,0,1,1,100.0%,6,6.0,6.0,0,91.7,4.0,4,2,1,0,0,0.0,0,4,1,20.0%
8,9.0,2019-11-10,9.0,10.0,25.006,ATL,@,NOR,W 26-9,0,2,1,50.0%,6,6.0,3.0,0,56.2,4.0,4,2,2,0,0,0.0,0,5,0,0.0%
9,10.0,2019-11-17,10.0,11.0,25.013,ATL,@,CAR,W 29-3,0,5,4,80.0%,45,11.3,9.0,0,104.2,2.6,17,28,1,0,0,0.0,0,8,0,0.0%
10,11.0,2019-11-24,11.0,12.0,25.02,ATL,,TAM,L 22-35,0,3,2,66.7%,79,39.5,26.3,1,149.3,10.7,27,52,1,0,1,0.0,1,9,2,18.2%
11,12.0,2019-11-28,12.0,13.0,25.024,ATL,,NOR,L 18-26,0,7,2,28.6%,9,4.5,1.3,0,39.6,2.0,5,4,5,1,0,0.0,1,9,0,0.0%
12,13.0,2019-12-08,13.0,14.0,25.034,ATL,,CAR,W 40-20,0,5,3,60.0%,23,7.7,4.6,0,71.2,6.0,5,18,2,0,0,0.0,0,4,0,0.0%
13,14.0,2019-12-15,14.0,15.0,25.041,ATL,@,SFO,W 29-22,0,6,5,83.3%,39,7.8,6.5,1,133.3,0.7,10,29,1,0,1,0.0,1,9,1,10.0%
14,15.0,2019-12-22,15.0,16.0,25.048,ATL,,JAX,W 24-12,0,5,1,20.0%,32,32.0,6.4,0,53.7,2.2,-2,34,5,1,0,0.0,1,3,1,25.0%
15,16.0,2019-12-29,16.0,17.0,25.055,ATL,@,TAM,W 28-22,1,6,2,33.3%,24,12.0,4.0,0,6.9,2.7,6,18,3,0,0,0.0,0,3,1,25.0%
16,,16 Games,,,,,,,7-9-0,1,65,38,58.5%,427,11.2,6.6,4,92.3,4.4,143,284,36,2,3,0.0,5,110,13,10.6%
