,Rk,Date,G#,Week,Age,Tm,Unnamed: 6_level_1,Opp,Result,Int,Tgt,Cmp,Cmp%,Yds,Yds/Cmp,Yds/Tgt,TD,Rat,DADOT,Air,YAC,Bltz,Hrry,QBKD,Sk,Prss,Comb,MTkl,MTkl%,Year
0,1.0,2019-10-06,5.0,5.0,25.177,ATL,@,HOU,L 32-53,0,0,0,,0,,,0,,,0,0,0,0,0,,0,,0,,2019
1,2.0,2019-10-13,6.0,6.0,25.184,ATL,@,ARI,L 33-34,0,0,0,,0,,,0,,,0,0,0,0,0,0.0,0,1.0,0,0.0%,2019
2,3.0,2019-10-20,7.0,7.0,25.191,ATL,,LAR,L 10-37,0,6,2,33.3%,42,21.0,7.0,0,59.0,13.5,23,19,1,0,0,0.0,0,3.0,0,0.0%,2019
3,4.0,2019-10-27,8.0,8.0,25.198,ATL,,SEA,L 20-27,0,0,0,,0,,,0,,,0,0,0,0,0,,0,,0,,2019
4,5.0,2019-11-17,10.0,11.0,25.219,ATL,@,CAR,W 29-3,0,2,1,50.0%,26,26.0,13.0,0,95.8,10.0,16,10,0,0,0,0.0,0,1.0,0,0.0%,2019
5,6.0,2019-11-24,11.0,12.0,25.226,ATL,,TAM,L 22-35,0,0,0,,0,,,0,,,0,0,1,0,0,0.0,0,1.0,1,50.0%,2019
6,7.0,2019-11-28,12.0,13.0,25.23,ATL,,NOR,L 18-26,0,0,0,,0,,,0,,,0,0,0,0,0,,0,,0,,2019
7,8.0,2019-12-08,13.0,14.0,25.24,ATL,,CAR,W 40-20,0,2,2,100.0%,15,7.5,7.5,0,97.9,1.0,2,13,0,0,0,0.0,0,2.0,1,33.3%,2019
8,9.0,2019-12-15,14.0,15.0,25.247,ATL,@,SFO,W 29-22,0,0,0,,0,,,0,,,0,0,0,0,0,,0,,0,,2019
9,10.0,2019-12-22,15.0,16.0,25.254,ATL,,JAX,W 24-12,0,1,1,100.0%,7,7.0,7.0,0,95.8,2.0,2,5,0,0,0,0.0,0,1.0,0,0.0%,2019
10,11.0,2019-12-29,16.0,17.0,25.261,ATL,@,TAM,W 28-22,0,0,0,,0,,,0,,,0,0,0,0,0,0.0,0,1.0,0,0.0%,2019
11,,11 Games,,,,,,,5-6-0,0,11,6,54.5%,90,15.0,8.2,0,81.6,9.5,43,47,2,0,0,0.0,0,10.0,2,16.7%,2019
