,Rank,Player,Tackle,Assist,Sack,Pass Defended,Interception,Forced Fumble,Fumble Recovery,Defend Touchdown,Games Played,Fantasy Football Points,FTPS/Game,ROST,Position,Year
0,1,Bene' Benwikere,5,0,1,0,0,1,1,0,1,22.0,22.0,0.0%,DB,2015
1,2,Chris Conte,7,3,0,1,1,0,0,0,1,21.8,21.8,0.0%,DB,2015
2,3,Aaron Colvin,7,0,1,3,0,0,0,0,1,21.5,21.5,0.0%,DB,2015
3,4,Rodney McLeod,6,3,0,1,1,1,0,0,1,21.0,21.0,0.4%,DB,2015
4,5,Ha Ha,8,0,1,0,0,0,0,0,1,18.5,18.5,0.0%,DB,2015
5,6,Adrian Amos,7,0,1,0,0,0,0,0,1,17.0,17.0,0.2%,DB,2015
6,7,Bashaud Breeland,8,3,0,0,0,0,0,0,1,16.8,16.8,1.0%,DB,2015
7,8,Reshad Jones,7,1,0,0,0,0,0,0,1,16.3,16.3,0.0%,DB,2015
8,9,Logan Ryan,7,2,0,1,0,0,0,0,1,16.0,16.0,1.3%,DB,2015
9,10,Desmond Trufant,4,0,1,2,0,0,0,0,1,15.5,15.5,0.0%,DB,2015
10,11,Walter Thurmond,5,0,1,0,0,1,0,0,1,15.5,15.5,0.0%,DB,2015
11,12,Marcus Williams,1,0,1,1,0,1,1,0,1,15.0,15.0,4.0%,DB,2015
12,13,Eddie Pleasant,4,1,0,2,1,0,0,0,1,14.8,14.8,0.0%,DB,2015
13,14,Davon House,3,0,0,1,0,1,1,0,1,14.0,14.0,0.0%,DB,2015
14,15,Leon Hall,4,2,0,1,1,0,0,0,1,14.0,14.0,0.0%,DB,2015
15,16,Gregory Toler,7,2,0,1,0,0,0,0,1,13.5,13.5,0.0%,DB,2015
16,17,Brent Grimes,4,1,0,1,1,0,0,0,1,13.3,13.3,0.0%,DB,2015
17,18,Sam Shields,6,0,0,0,0,0,1,0,1,13.0,13.0,6.0%,DB,2015
18,19,Jason Verrett,7,0,0,0,0,0,0,0,1,13.0,13.0,0.0%,DB,2015
19,20,Quintin Demps,4,2,0,2,0,0,0,0,1,13.0,13.0,3.0%,DB,2015
20,21,Sterling Moore,4,2,0,0,0,0,0,0,1,12.5,12.5,0.0%,DB,2015
21,22,Quandre Diggs,4,1,0,1,0,1,0,0,1,12.3,12.3,3.1%,DB,2015
22,23,Calvin Pryor,5,1,0,1,0,0,0,0,1,12.3,12.3,5.0%,DB,2015
23,24,Eric Reid,6,4,0,0,0,0,0,0,1,12.0,12.0,0.0%,DB,2015
24,25,Kyle Fuller,7,0,0,1,0,0,0,0,1,12.0,12.0,0.0%,DB,2015
25,26,Eric Berry,8,0,0,0,0,0,0,0,1,12.0,12.0,0.0%,DB,2015
26,27,Chris Prosinski,4,2,1,0,0,0,0,0,1,11.5,11.5,4.0%,DB,2015
27,28,T.J. Carrie,7,1,0,0,0,0,0,0,1,11.3,11.3,1.0%,DB,2015
28,29,Clayton Geathers,7,1,0,0,0,0,0,0,1,11.3,11.3,0.0%,DB,2015
29,30,Ricardo Allen,3,0,0,1,1,0,0,0,1,11.0,11.0,0.0%,DB,2015
30,31,Trumaine Johnson,1,2,0,1,1,0,0,0,1,11.0,11.0,0.0%,DB,2015
31,32,Captain Munnerlyn,3,0,1,0,0,0,0,0,1,11.0,11.0,0.0%,DB,2015
32,33,Reggie Nelson,3,0,0,1,1,0,0,0,1,11.0,11.0,0.0%,DB,2015
33,34,Johnathan Cyprien,7,0,0,0,0,0,0,0,1,10.5,10.5,0.0%,DB,2015
34,35,Coty Sensabaugh,6,0,0,1,0,0,0,0,1,10.5,10.5,0.0%,DB,2015
35,36,Bacarri Rambo,6,2,0,0,0,0,0,0,1,10.5,10.5,0.0%,DB,2015
36,37,Casey Hayward,6,0,0,1,0,0,0,0,1,10.5,10.5,0.0%,DB,2015
37,38,Josh Norman,4,0,0,0,0,1,0,0,1,10.0,10.0,3.0%,DB,2015
38,39,Damarious Randall,5,1,0,1,0,0,0,0,1,9.8,9.8,0.0%,DB,2015
39,40,Stephon Gilmore,1,0,0,2,1,0,0,0,1,9.5,9.5,1.5%,DB,2015
40,41,Kurt Coleman,1,2,0,1,1,0,0,0,1,9.5,9.5,0.0%,DB,2015
41,42,Dwight Lowery,1,0,0,2,1,0,0,0,1,9.5,9.5,0.0%,DB,2015
42,43,Morgan Burnett,3,1,0,0,0,1,0,0,1,9.3,9.3,0.0%,DB,2015
43,44,Kendrick Lewis,4,4,0,0,0,0,0,0,1,9.0,9.0,0.0%,DB,2015
44,45,Charles Woodson,6,0,0,0,0,0,0,0,1,9.0,9.0,0.0%,DB,2015
45,46,T.J. Ward,5,0,0,1,0,0,0,0,1,9.0,9.0,0.1%,DB,2015
46,47,Jaquiski Tartt,4,4,0,0,0,0,0,0,1,9.0,9.0,0.0%,DB,2015
47,48,Andre Hal,1,1,0,1,1,0,0,0,1,8.8,8.8,0.0%,DB,2015
48,49,Nate Allen,3,0,0,1,0,0,0,0,1,8.5,8.5,0.0%,DB,2015
49,50,Kam Chancellor,3,2,0,0,0,0,0,0,1,8.5,8.5,0.1%,DB,2015
50,51,Ron Parker,3,0,0,1,0,0,0,0,1,8.5,8.5,0.0%,DB,2015
51,52,Nolan Carroll,4,1,0,1,0,0,0,0,1,8.3,8.3,0.0%,DB,2015
52,53,Tramaine Brock,4,3,0,0,0,0,0,0,1,8.3,8.3,0.0%,DB,2015
53,54,Isa Abdul-Quddus,4,1,0,1,0,0,0,0,1,8.3,8.3,0.0%,DB,2015
54,55,Malcolm Jenkins,4,1,0,1,0,0,0,0,1,8.3,8.3,15.0%,DB,2015
55,56,Andrew Sendejo,5,1,0,0,0,0,0,0,1,8.3,8.3,0.0%,DB,2015
56,57,Tyrann Mathieu,5,0,0,0,0,0,0,0,1,7.5,7.5,10.0%,DB,2015
57,58,Corey Graham,3,4,0,0,0,0,0,0,1,7.5,7.5,0.0%,DB,2015
58,59,Janoris Jenkins,1,2,0,3,0,0,0,0,1,7.5,7.5,1.0%,DB,2015
59,60,E.J. Biggers,4,0,0,1,0,0,0,0,1,7.5,7.5,0.0%,DB,2015
60,61,Vontae Davis,3,0,0,2,0,0,0,0,1,7.5,7.5,0.0%,DB,2015
61,62,Patrick Chung,3,2,0,1,0,0,0,0,1,7.5,7.5,0.0%,DB,2015
62,63,Nevin Lawson,4,0,0,1,0,0,0,0,1,7.5,7.5,0.0%,DB,2015
63,64,Jamar Taylor,4,2,0,0,0,0,0,0,1,7.5,7.5,0.0%,DB,2015
64,65,D.J. Hayden,4,0,0,1,0,0,0,0,1,7.5,7.5,0.0%,DB,2015
65,66,Marcus Gilchrist,3,4,0,0,0,0,0,0,1,7.5,7.5,0.0%,DB,2015
66,67,Patrick Robinson,5,0,0,0,0,0,0,0,1,7.5,7.5,0.0%,DB,2015
67,68,Kevin Johnson,4,0,0,1,0,0,0,0,1,7.5,7.5,0.0%,DB,2015
68,69,Chris Culliver,5,0,0,0,0,0,0,0,1,7.5,7.5,0.0%,DB,2015
69,70,Rashad Johnson,5,0,0,0,0,0,0,0,1,7.5,7.5,0.0%,DB,2015
70,71,Dashon Goldson,2,5,0,0,0,0,0,0,1,6.8,6.8,0.0%,DB,2015
71,72,Bradley McDougald,4,1,0,0,0,0,0,0,1,6.8,6.8,0.0%,DB,2015
72,73,T.J. McDonald,2,5,0,0,0,0,0,0,1,6.8,6.8,0.0%,DB,2015
73,74,Jahleel Addae,4,0,0,0,0,0,0,0,1,6.0,6.0,0.0%,DB,2015
74,75,Tyvon Branch,4,0,0,0,0,0,0,0,1,6.0,6.0,0.0%,DB,2015
75,76,Cary Williams,3,2,0,0,0,0,0,0,1,6.0,6.0,0.0%,DB,2015
76,77,Aqib Talib,3,0,0,1,0,0,0,0,1,6.0,6.0,0.0%,DB,2015
77,78,Michael Griffin,3,2,0,0,0,0,0,0,1,6.0,6.0,5.0%,DB,2015
78,79,Johnathan Joseph,2,0,0,2,0,0,0,0,1,6.0,6.0,0.0%,DB,2015
79,80,Earl Thomas,1,4,0,1,0,0,0,0,1,6.0,6.0,1.1%,DB,2015
80,81,Jimmie Ward,4,0,0,0,0,0,0,0,1,6.0,6.0,9.7%,DB,2015
81,82,Lamarcus Joyner,4,0,0,0,0,0,0,0,1,6.0,6.0,0.0%,DB,2015
82,83,Jeron Johnson,3,2,0,0,0,0,0,0,1,6.0,6.0,0.0%,DB,2015
83,84,Glover Quin,4,0,0,0,0,0,0,0,1,6.0,6.0,0.0%,DB,2015
84,85,Tavon Wilson,3,0,0,1,0,0,0,0,1,6.0,6.0,0.0%,DB,2015
85,86,Jimmy Smith,4,0,0,0,0,0,0,0,1,6.0,6.0,0.0%,DB,2015
86,87,David Amerson,0,0,0,4,0,0,0,0,1,6.0,6.0,0.0%,DB,2015
87,88,Harrison Smith,4,0,0,0,0,0,0,0,1,6.0,6.0,18.9%,DB,2015
88,89,Jerraud Powers,2,0,0,2,0,0,0,0,1,6.0,6.0,0.0%,DB,2015
89,90,George Iloka,4,0,0,0,0,0,0,0,1,6.0,6.0,0.0%,DB,2015
90,91,Byron Maxwell,3,1,0,0,0,0,0,0,1,5.3,5.3,0.0%,DB,2015
91,92,Barry Church,3,1,0,0,0,0,0,0,1,5.3,5.3,2.0%,DB,2015
92,93,William Moore,3,1,0,0,0,0,0,0,1,5.3,5.3,0.0%,DB,2015
93,94,Bradley Roby,1,1,0,2,0,0,0,0,1,5.3,5.3,0.0%,DB,2015
94,95,Kenneth Acker,3,1,0,0,0,0,0,0,1,5.3,5.3,0.0%,DB,2015
95,96,DeShawn Shead,3,0,0,0,0,0,0,0,1,4.5,4.5,0.0%,DB,2015
96,97,Perrish Cox,3,0,0,0,0,0,0,0,1,4.5,4.5,0.0%,DB,2015
97,98,Darius Butler,3,0,0,0,0,0,0,0,1,4.5,4.5,0.0%,DB,2015
98,99,Malcolm Butler,3,0,0,0,0,0,0,0,1,4.5,4.5,0.0%,DB,2015
99,100,Michael J.,3,0,0,0,0,0,0,0,1,4.5,4.5,0.0%,DB,2015
100,101,Darian Stewart,1,0,0,2,0,0,0,0,1,4.5,4.5,0.0%,DB,2015
101,102,Antonio Cromartie,2,0,0,1,0,0,0,0,1,4.5,4.5,0.0%,DB,2015
102,103,Darrelle Revis,3,0,0,0,0,0,0,0,1,4.5,4.5,0.0%,DB,2015
103,104,Devin McCourty,1,0,0,2,0,0,0,0,1,4.5,4.5,4.4%,DB,2015
104,105,Husain Abdullah,2,2,0,0,0,0,0,0,1,4.5,4.5,0.0%,DB,2015
105,106,Patrick Peterson,2,0,0,1,0,0,0,0,1,4.5,4.5,0.9%,DB,2015
106,107,Da'Norris Searcy,3,0,0,0,0,0,0,0,1,4.5,4.5,0.0%,DB,2015
107,108,Richard Sherman,2,2,0,0,0,0,0,0,1,4.5,4.5,0.1%,DB,2015
108,109,Jalen Collins,3,0,0,0,0,0,0,0,1,4.5,4.5,0.0%,DB,2015
109,110,Chris Harris,3,0,0,0,0,0,0,0,1,4.5,4.5,0.0%,DB,2015
110,111,Terence Newman,2,2,0,0,0,0,0,0,1,4.5,4.5,0.0%,DB,2015
111,112,Byron Jones,3,0,0,0,0,0,0,0,1,4.5,4.5,0.0%,DB,2015
112,113,Bryce Callahan,1,0,0,0,0,0,0,0,1,4.0,4.0,0.0%,DB,2015
113,114,Jamell Fleming,0,0,0,0,0,0,1,0,1,4.0,4.0,0.0%,DB,2015
114,115,Jude Adjei-Barimah,2,1,0,0,0,0,0,0,1,3.8,3.8,0.0%,DB,2015
115,116,David Bruton,2,1,0,0,0,0,0,0,1,3.8,3.8,0.0%,DB,2015
116,117,Ronald Darby,2,1,0,0,0,0,0,0,1,3.8,3.8,2.3%,DB,2015
117,118,Charles Godfrey,2,1,0,0,0,0,0,0,1,3.8,3.8,0.0%,DB,2015
118,119,Jimmy Wilson,2,1,0,0,0,0,0,0,1,3.8,3.8,0.0%,DB,2015
119,120,Robert Alford,2,1,0,0,0,0,0,0,1,3.8,3.8,0.0%,DB,2015
120,121,Colin Jones,2,1,0,0,0,0,0,0,1,3.8,3.8,5.0%,DB,2015
121,122,Eric Weddle,1,3,0,0,0,0,0,0,1,3.8,3.8,11.0%,DB,2015
122,123,Jeff Heath,2,1,0,0,0,0,0,0,1,3.8,3.8,1.0%,DB,2015
123,124,Marcus Peters,1,1,0,1,0,0,0,0,1,3.8,3.8,1.2%,DB,2015
124,125,Kyshoen Jarrett,2,1,0,0,0,0,0,0,1,3.8,3.8,0.0%,DB,2015
125,126,Marcus Cromartie,1,2,0,0,0,0,0,0,1,3.0,3.0,0.0%,DB,2015
126,127,Cody Riggs,2,0,0,0,0,0,0,0,1,3.0,3.0,0.0%,DB,2015
127,128,Darius Slay,2,0,0,0,0,0,0,0,1,3.0,3.0,10.0%,DB,2015
128,129,Taylor Mays,2,0,0,0,0,0,0,0,1,3.0,3.0,0.0%,DB,2015
129,130,Dre Kirkpatrick,2,0,0,0,0,0,0,0,1,3.0,3.0,0.0%,DB,2015
130,131,Justin Bethel,1,0,0,1,0,0,0,0,1,3.0,3.0,0.0%,DB,2015
131,132,Xavier Rhodes,2,0,0,0,0,0,0,0,1,3.0,3.0,0.0%,DB,2015
132,133,Will Blackmon,1,0,0,1,0,0,0,0,1,3.0,3.0,4.0%,DB,2015
133,134,Marcus Burley,1,0,0,1,0,0,0,0,1,3.0,3.0,0.0%,DB,2015
134,135,Demetrius McCray,2,0,0,0,0,0,0,0,1,3.0,3.0,0.0%,DB,2015
135,136,Darqueze Dennard,2,0,0,0,0,0,0,0,1,3.0,3.0,0.0%,DB,2015
136,137,Brandon Flowers,1,1,0,0,0,0,0,0,1,2.3,2.3,0.0%,DB,2015
137,138,Alterraun Verner,1,1,0,0,0,0,0,0,1,2.3,2.3,0.0%,DB,2015
138,139,Brandon Carr,0,1,0,1,0,0,0,0,1,2.3,2.3,0.0%,DB,2015
139,140,Leodis McKelvin,1,1,0,0,0,0,0,0,1,2.3,2.3,0.0%,DB,2015
140,141,Buster Skrine,1,1,0,0,0,0,0,0,1,2.3,2.3,0.0%,DB,2015
141,142,Walt Aikens,1,0,0,0,0,0,0,0,1,1.5,1.5,0.0%,DB,2015
142,143,Neiko Thorpe,1,0,0,0,0,0,0,0,1,1.5,1.5,0.0%,DB,2015
143,144,Will Hill,0,2,0,0,0,0,0,0,1,1.5,1.5,0.0%,DB,2015
144,145,Dontae Johnson,1,0,0,0,0,0,0,0,1,1.5,1.5,0.0%,DB,2015
145,146,Roman Harper,1,0,0,0,0,0,0,0,1,1.5,1.5,1.0%,DB,2015
146,147,Tyler Patmon,1,0,0,0,0,0,0,0,1,1.5,1.5,0.0%,DB,2015
147,148,Lardarius Webb,0,0,0,1,0,0,0,0,1,1.5,1.5,0.0%,DB,2015
148,149,Major Wright,0,2,0,0,0,0,0,0,1,1.5,1.5,0.0%,DB,2015
149,150,Josh Shaw,1,0,0,0,0,0,0,0,1,1.5,1.5,0.0%,DB,2015
150,151,Daimion Stafford,1,0,0,0,0,0,0,0,1,1.5,1.5,4.0%,DB,2015
151,152,A.J. Bouye,0,0,0,1,0,0,0,0,1,1.5,1.5,0.0%,DB,2015
152,153,Marcus Cooper,1,0,0,0,0,0,0,0,1,1.5,1.5,0.0%,DB,2015
153,154,Zackary Bowman,1,0,0,0,0,0,0,0,1,1.5,1.5,0.0%,DB,2015
154,155,Marcus Roberson,1,0,0,0,0,0,0,0,1,1.5,1.5,0.0%,DB,2015
155,156,Tracy Porter,0,1,0,0,0,0,0,0,1,0.8,0.8,0.0%,DB,2015
156,157,James Ihedigbo,0,1,0,0,0,0,0,0,1,0.8,0.8,4.0%,DB,2015
157,158,J.J. Wilcox,0,1,0,0,0,0,0,0,1,0.8,0.8,0.0%,DB,2015
158,159,Marqueston Huff,0,0,0,0,0,0,0,0,1,0.0,0.0,0.0%,DB,2015
159,160,Dexter McDougle,0,0,0,0,0,0,0,0,1,0.0,0.0,0.0%,DB,2015
160,161,Maurice Alexander,0,0,0,0,0,0,0,0,1,0.0,0.0,0.0%,DB,2015
161,162,Keith McGill,0,0,0,0,0,0,0,0,1,0.0,0.0,0.0%,DB,2015
162,163,Tre Boston,0,0,0,0,0,0,0,0,1,0.0,0.0,1.0%,DB,2015
163,164,Antone Exum,0,0,0,0,0,0,0,0,1,0.0,0.0,0.0%,DB,2015
164,165,Demetri Goodson,0,0,0,0,0,0,0,0,1,0.0,0.0,0.0%,DB,2015
165,166,Brynden Trawick,0,0,0,0,0,0,0,0,1,0.0,0.0,0.0%,DB,2015
166,167,Chris Maragos,0,0,0,0,0,0,0,0,1,0.0,0.0,0.0%,DB,2015
167,168,Chris Banjo,0,0,0,0,0,0,0,0,1,0.0,0.0,0.0%,DB,2015
168,169,Rashaan Melvin,0,0,0,0,0,0,0,0,1,0.0,0.0,0.0%,DB,2015
169,170,Darryl Morris,0,0,0,0,0,0,0,0,1,0.0,0.0,0.0%,DB,2015
170,171,Cody Davis,0,0,0,0,0,0,0,0,1,0.0,0.0,0.0%,DB,2015
171,172,Jordan Kovacs,0,0,0,0,0,0,0,0,1,0.0,0.0,0.0%,DB,2015
172,173,Teddy Williams,0,0,0,0,0,0,0,0,1,0.0,0.0,0.0%,DB,2015
173,174,Ray-Ray Armstrong,0,0,0,0,0,0,0,0,1,0.0,0.0,0.0%,DB,2015
174,175,Jemea Thomas,0,0,0,0,0,0,0,0,1,0.0,0.0,0.0%,DB,2015
175,176,Steven Terrell,0,0,0,0,0,0,0,0,1,0.0,0.0,3.0%,DB,2015
176,177,Nickell Robey-Coleman,0,0,0,0,0,0,0,0,1,0.0,0.0,0.0%,DB,2015
177,178,Anthony Levine,0,0,0,0,0,0,0,0,1,0.0,0.0,7.0%,DB,2015
178,179,Mario Butler,0,0,0,0,0,0,0,0,1,0.0,0.0,0.0%,DB,2015
179,180,Nate Ebner,0,0,0,0,0,0,0,0,1,0.0,0.0,0.0%,DB,2015
180,181,Omar Bolden,0,0,0,0,0,0,0,0,1,0.0,0.0,0.0%,DB,2015
181,182,Ron Brooks,0,0,0,0,0,0,0,0,1,0.0,0.0,0.0%,DB,2015
182,183,Robert Blanton,0,0,0,0,0,0,0,0,1,0.0,0.0,0.0%,DB,2015
183,184,Keith Tandy,0,0,0,0,0,0,0,0,1,0.0,0.0,0.0%,DB,2015
184,185,Winston Guy,0,0,0,0,0,0,0,0,1,0.0,0.0,0.0%,DB,2015
185,186,Jonathan Meeks,0,0,0,0,0,0,0,0,1,0.0,0.0,1.0%,DB,2015
186,187,Kayvon Webster,0,0,0,0,0,0,0,0,1,0.0,0.0,0.0%,DB,2015
187,188,Duron Harmon,0,0,0,0,0,0,0,0,1,0.0,0.0,0.0%,DB,2015
188,189,Duke Williams,0,0,0,0,0,0,0,0,1,0.0,0.0,0.0%,DB,2015
189,190,B.W. Webb,0,0,0,0,0,0,0,0,1,0.0,0.0,0.0%,DB,2015
190,191,Steve Williams,0,0,0,0,0,0,0,0,1,0.0,0.0,0.0%,DB,2015
191,192,Micah Hyde,0,0,0,0,0,0,0,0,1,0.0,0.0,1.2%,DB,2015
192,193,Kemal Ishmael,0,0,0,0,0,0,0,0,1,0.0,0.0,0.0%,DB,2015
193,194,Dwayne Gratz,0,0,0,0,0,0,0,0,1,0.0,0.0,0.0%,DB,2015
194,195,Chris Lewis-Harris,0,0,0,0,0,0,0,0,1,0.0,0.0,0.0%,DB,2015
195,196,Johnthan Banks,0,0,0,0,0,0,0,0,1,0.0,0.0,0.0%,DB,2015
196,197,Tony Jefferson,0,0,0,0,0,0,0,0,1,0.0,0.0,0.0%,DB,2015
197,198,Shawn Williams,0,0,0,0,0,0,0,0,1,0.0,0.0,10.0%,DB,2015
198,199,Josh Evans,0,0,0,0,0,0,0,0,1,0.0,0.0,0.0%,DB,2015
199,200,Deji Olatoye,0,0,0,0,0,0,0,0,1,0.0,0.0,0.0%,DB,2015
200,201,Daniel Sorensen,0,0,0,0,0,0,0,0,1,0.0,0.0,0.0%,DB,2015
201,202,Kelcie McCray,0,0,0,0,0,0,0,0,1,0.0,0.0,2.0%,DB,2015
202,203,Eric Rowe,0,0,0,0,0,0,0,0,1,0.0,0.0,0.2%,DB,2015
203,204,Quinten Rollins,0,0,0,0,0,0,0,0,1,0.0,0.0,0.0%,DB,2015
204,205,D'Joun Smith,0,0,0,0,0,0,0,0,1,0.0,0.0,0.0%,DB,2015
205,206,Bobby McCain,0,0,0,0,0,0,0,0,1,0.0,0.0,0.0%,DB,2015
206,207,Kyle Nelson,0,0,0,0,0,0,0,0,1,0.0,0.0,0.0%,DB,2015
207,208,Trae Waynes,0,0,0,0,0,0,0,0,1,0.0,0.0,0.0%,DB,2015
208,209,Terrence Brooks,0,0,0,0,0,0,0,0,1,0.0,0.0,0.0%,DB,2015
209,210,Devin Smith,0,0,0,0,0,0,0,0,1,0.0,0.0,0.0%,DB,2015
210,211,Rontez Miles,0,0,0,0,0,0,0,0,1,0.0,0.0,4.0%,DB,2015
211,212,Craig Loston,0,0,0,0,0,0,0,0,1,0.0,0.0,0.0%,DB,2015
212,213,Charles James,1,2,0,1,0,0,0,0,1,0.0,0.0,0.0%,DB,2015
213,214,Peyton Thompson,0,0,0,0,0,0,0,0,1,0.0,0.0,0.0%,DB,2015
214,215,DeAngelo Hall,0,0,0,0,0,0,0,0,1,0.0,0.0,0.0%,DB,2015
215,216,Josh Thomas,0,0,0,0,0,0,0,0,1,0.0,0.0,0.0%,DB,2015
216,217,Charles Clay,0,0,0,0,0,0,0,0,1,0.0,0.0,0.0%,DB,2015
217,218,Shareece Wright,0,0,0,0,0,0,0,0,1,0.0,0.0,0.0%,DB,2015
218,219,Crezdon Butler,0,0,0,0,0,0,0,0,1,0.0,0.0,0.0%,DB,2015
219,220,Sherrick McManis,0,0,0,0,0,0,0,0,1,0.0,0.0,0.0%,DB,2015
220,221,Danny McCray,0,0,0,0,0,0,0,0,1,0.0,0.0,0.0%,DB,2015
221,222,Kyle Arrington,0,0,0,0,0,0,0,0,1,0.0,0.0,0.0%,DB,2015
222,223,Larry Asante,0,0,0,0,0,0,0,0,1,0.0,0.0,0.0%,DB,2015
223,224,Darrell Stuckey,0,0,0,0,0,0,0,0,1,0.0,0.0,3.0%,DB,2015
224,225,Marcus Sherels,0,0,0,0,0,0,0,0,1,0.0,0.0,0.0%,DB,2015
225,226,Sergio Brown,0,0,0,0,0,0,0,0,1,0.0,0.0,0.0%,DB,2015
226,227,Colt Anderson,0,0,0,0,0,0,0,0,1,0.0,0.0,0.0%,DB,2015
227,228,Darrin Walls,0,0,0,0,0,0,0,0,1,0.0,0.0,0.0%,DB,2015
228,229,Mike Jenkins,0,0,0,0,0,0,0,0,1,0.0,0.0,0.0%,DB,2015
229,230,Alan Ball,0,0,0,0,0,0,0,0,1,0.0,0.0,0.0%,DB,2015
230,231,Don Carey,0,0,0,0,0,0,0,0,1,0.0,0.0,0.0%,DB,2015
231,232,Brice McCain,0,0,0,0,0,0,0,0,1,0.0,0.0,0.0%,DB,2015
232,233,Sean Smith,0,0,0,0,0,0,0,0,1,0.0,0.0,0.0%,DB,2015
233,234,Sherrod Martin,0,0,0,0,0,0,0,0,1,0.0,0.0,0.0%,DB,2015
234,235,Derron Smith,0,0,0,0,0,0,0,0,1,0.0,0.0,0.0%,DB,2015
235,236,Chris Davis,0,0,0,0,0,0,0,0,1,0.0,0.0,0.0%,DB,2015
236,237,Brandon King,0,0,0,0,0,0,0,0,1,0.0,0.0,0.0%,DB,2015
237,238,Harold Jones-Quartey,0,0,0,0,0,0,0,0,1,0.0,0.0,0.0%,DB,2015
238,239,Akeem King,0,0,0,0,0,0,0,0,1,0.0,0.0,0.0%,DB,2015
239,240,Dean Marlowe,0,0,0,0,0,0,0,0,1,0.0,0.0,0.2%,DB,2015
240,241,Tray Walker,0,0,0,0,0,0,0,0,1,0.0,0.0,0.0%,DB,2015
241,242,Kurtis Drummond,0,0,0,0,0,0,0,0,1,0.0,0.0,0.0%,DB,2015
242,243,Craig Mager,0,0,0,0,0,0,0,0,1,0.0,0.0,0.0%,DB,2015
243,244,Steven Nelson,0,0,0,0,0,0,0,0,1,0.0,0.0,0.2%,DB,2015
244,245,Quinton Dunbar,0,0,0,0,0,0,0,0,1,0.0,0.0,0.0%,DB,2015
245,246,Jordan Richards,0,0,0,0,0,0,0,0,1,0.0,0.0,0.0%,DB,2015
246,247,Deshazor Everett,0,0,0,0,0,0,0,0,1,0.0,0.0,0.0%,DB,2015
247,248,Jeff Richards,0,0,0,0,0,0,0,0,1,0.0,0.0,0.0%,DB,2015
