,Rank,Player,Tackle,Assist,Sack,Pass Defended,Interception,Forced Fumble,Fumble Recovery,Defend Touchdown,Games Played,Fantasy Football Points,FTPS/Game,ROST,Position,Year
0,1,Tony Jefferson,9,0,0.0,1,1,0,0,1,1,28.5,28.5,0.0%,DB,2015
1,2,Marcus Peters,5,0,0.0,4,1,0,0,1,1,24.5,24.5,1.2%,DB,2015
2,3,Darrelle Revis,3,1,0.0,1,1,0,2,0,1,19.8,19.8,0.0%,DB,2015
3,4,Malcolm Jenkins,7,0,0.0,0,0,0,1,0,1,19.5,19.5,15.0%,DB,2015
4,5,Chris Conte,4,0,0.0,1,1,1,0,0,1,19.0,19.0,0.0%,DB,2015
5,6,Antwon Blake,10,0,0.0,1,0,0,0,0,1,19.0,19.0,0.0%,DB,2015
6,7,Reshad Jones,8,3,0.0,0,0,0,0,0,1,16.8,16.8,0.0%,DB,2015
7,8,David Bruton,4,0,1.0,0,0,1,0,0,1,16.5,16.5,0.0%,DB,2015
8,9,Corey Graham,6,3,0.0,0,0,0,1,0,1,15.3,15.3,0.0%,DB,2015
9,10,Buster Skrine,7,1,0.0,1,0,0,0,0,1,15.3,15.3,0.0%,DB,2015
10,11,K'Waun Williams,3,0,1.0,0,0,1,0,0,1,15.0,15.0,0.0%,DB,2015
11,12,Adam Jones,7,2,0.0,2,0,0,0,0,1,15.0,15.0,0.0%,DB,2015
12,13,Neiko Thorpe,3,1,0.0,3,1,0,0,0,1,14.8,14.8,0.0%,DB,2015
13,14,Captain Munnerlyn,7,0,0.0,0,0,1,0,0,1,14.5,14.5,0.0%,DB,2015
14,15,Logan Ryan,3,1,0.0,1,1,0,0,0,1,14.3,14.3,1.3%,DB,2015
15,16,Malcolm Butler,4,2,0.0,1,1,0,0,0,1,14.0,14.0,0.0%,DB,2015
16,17,Brandon Meriweather,6,2,0.0,2,0,0,0,0,1,13.5,13.5,0.0%,DB,2015
17,18,Will Hill,3,1,0.0,2,1,0,0,0,1,13.3,13.3,0.0%,DB,2015
18,19,Micah Hyde,6,0,0.0,0,0,0,1,0,1,13.0,13.0,1.2%,DB,2015
19,20,Harrison Smith,6,0,0.0,0,0,1,0,0,1,13.0,13.0,18.9%,DB,2015
20,21,Jimmy Smith,5,0,1.0,1,0,0,0,0,1,13.0,13.0,0.0%,DB,2015
21,22,Joe Haden,4,2,0.0,1,0,0,1,0,1,13.0,13.0,1.0%,DB,2015
22,23,Kenny Vaccaro,6,3,0.0,1,0,0,0,0,1,12.8,12.8,4.0%,DB,2015
23,24,Eric Weddle,7,3,0.0,0,0,0,0,0,1,12.8,12.8,11.0%,DB,2015
24,25,Rahim Moore,3,0,0.0,2,1,0,0,0,1,12.5,12.5,0.0%,DB,2015
25,26,Barry Church,4,2,0.0,0,0,0,0,0,1,12.5,12.5,2.0%,DB,2015
26,27,Chris Harris,4,0,0.0,1,1,0,0,0,1,12.5,12.5,0.0%,DB,2015
27,28,Calvin Pryor,3,2,0.0,1,1,0,0,0,1,12.5,12.5,5.0%,DB,2015
28,29,Andrew Sendejo,5,1,0.0,0,0,0,1,0,1,12.3,12.3,0.0%,DB,2015
29,30,Josh Norman,4,1,0.0,2,0,0,0,0,1,12.3,12.3,3.0%,DB,2015
30,31,Ha Ha,7,2,0.0,0,0,0,0,0,1,12.0,12.0,0.0%,DB,2015
31,32,Lardarius Webb,5,0,0.0,3,0,0,0,0,1,12.0,12.0,0.0%,DB,2015
32,33,Dre Kirkpatrick,7,0,0.0,1,0,0,0,0,1,12.0,12.0,0.0%,DB,2015
33,34,Mike Adams,3,1,0.0,1,1,0,0,0,1,11.8,11.8,0.4%,DB,2015
34,35,Rashad Johnson,6,0,0.0,0,0,0,0,0,1,11.5,11.5,0.0%,DB,2015
35,36,Jimmy Wilson,3,4,0.0,0,0,0,1,0,1,11.5,11.5,0.0%,DB,2015
36,37,William Moore,5,3,0.0,1,0,0,0,0,1,11.3,11.3,0.0%,DB,2015
37,38,Brent Grimes,5,1,0.0,2,0,0,0,0,1,11.3,11.3,0.0%,DB,2015
38,39,Donte Whitner,4,4,0.5,0,0,0,0,0,1,11.0,11.0,1.0%,DB,2015
39,40,Aqib Talib,2,0,0.0,2,1,0,0,0,1,11.0,11.0,0.0%,DB,2015
40,41,Patrick Peterson,3,0,0.0,1,1,0,0,0,1,11.0,11.0,0.9%,DB,2015
41,42,Marcus Gilchrist,2,2,0.0,1,1,0,0,0,1,11.0,11.0,0.0%,DB,2015
42,43,Kenneth Acker,5,1,0.0,0,0,0,0,0,1,10.8,10.8,0.0%,DB,2015
43,44,Rodney McLeod,4,2,0.0,0,0,0,0,0,1,10.8,10.8,0.4%,DB,2015
44,45,Byron Maxwell,3,1,0.0,1,0,1,0,0,1,10.8,10.8,0.0%,DB,2015
45,46,Marcus Burley,7,0,0.0,0,0,0,0,0,1,10.5,10.5,0.0%,DB,2015
46,47,Kurt Coleman,5,4,0.0,0,0,0,0,0,1,10.5,10.5,0.0%,DB,2015
47,48,Jayron Hosley,6,2,0.0,0,0,0,0,0,1,10.5,10.5,0.0%,DB,2015
48,49,D.J. Hayden,4,2,0.0,2,0,0,0,0,1,10.5,10.5,0.0%,DB,2015
49,50,T.J. McDonald,1,3,0.0,0,0,0,1,0,1,10.3,10.3,0.0%,DB,2015
50,51,Bradley Fletcher,4,0,0.0,0,0,1,0,0,1,10.0,10.0,0.0%,DB,2015
51,52,Bradley Roby,0,0,0.0,0,0,0,1,1,1,10.0,10.0,0.0%,DB,2015
52,53,Darian Stewart,4,0,0.0,0,0,0,1,0,1,10.0,10.0,0.0%,DB,2015
53,54,Bene' Benwikere,3,2,0.0,1,0,0,0,0,1,10.0,10.0,0.0%,DB,2015
54,55,Kenny Phillips,5,3,0.0,0,0,0,0,0,1,9.8,9.8,0.0%,DB,2015
55,56,DeShawn Shead,5,3,0.0,0,0,0,0,0,1,9.8,9.8,0.0%,DB,2015
56,57,Jalil Brown,5,1,0.0,1,0,0,0,0,1,9.8,9.8,0.0%,DB,2015
57,58,Tashaun Gipson,5,3,0.0,0,0,0,0,0,1,9.8,9.8,0.4%,DB,2015
58,59,Jamell Fleming,4,1,0.0,2,0,0,0,0,1,9.8,9.8,0.0%,DB,2015
59,60,Quintin Demps,2,6,0.5,0,0,0,0,0,1,9.5,9.5,3.0%,DB,2015
60,61,T.J. Carrie,3,1,0.0,0,0,1,0,0,1,9.3,9.3,1.0%,DB,2015
61,62,Nickell Robey-Coleman,6,0,0.0,0,0,0,0,0,1,9.0,9.0,0.0%,DB,2015
62,63,Ron Parker,6,0,0.0,0,0,0,0,0,1,9.0,9.0,0.0%,DB,2015
63,64,Xavier Rhodes,4,2,0.0,1,0,0,0,0,1,9.0,9.0,0.0%,DB,2015
64,65,Dwight Lowery,4,2,0.0,1,0,0,0,0,1,9.0,9.0,0.0%,DB,2015
65,66,Eric Reid,5,0,0.0,1,0,0,0,0,1,9.0,9.0,0.0%,DB,2015
66,67,Landon Collins,6,0,0.0,0,0,0,0,0,1,9.0,9.0,0.0%,DB,2015
67,68,Janoris Jenkins,6,0,0.0,0,0,0,0,0,1,9.0,9.0,1.0%,DB,2015
68,69,Ronald Darby,4,0,0.0,2,0,0,0,0,1,9.0,9.0,2.3%,DB,2015
69,70,Sergio Brown,4,1,0.5,0,0,0,0,0,1,8.8,8.8,0.0%,DB,2015
70,71,Michael Griffin,3,2,0.0,0,0,0,0,0,1,8.5,8.5,5.0%,DB,2015
71,72,William Gay,3,0,0.0,1,0,0,0,0,1,8.5,8.5,0.1%,DB,2015
72,73,Tyrann Mathieu,4,0,0.0,0,0,0,0,0,1,8.5,8.5,10.0%,DB,2015
73,74,Devin McCourty,5,1,0.0,0,0,0,0,0,1,8.3,8.3,4.4%,DB,2015
74,75,Aaron Colvin,5,1,0.0,0,0,0,0,0,1,8.3,8.3,0.0%,DB,2015
75,76,Trenton Robinson,5,1,0.0,0,0,0,0,0,1,8.3,8.3,0.0%,DB,2015
76,77,Tim Jennings,4,1,0.0,1,0,0,0,0,1,8.3,8.3,0.0%,DB,2015
77,78,Tramon Williams,4,1,0.0,1,0,0,0,0,1,8.3,8.3,0.0%,DB,2015
78,79,Roman Harper,5,1,0.0,0,0,0,0,0,1,8.3,8.3,1.0%,DB,2015
79,80,Mike Mitchell,4,1,0.0,1,0,0,0,0,1,8.3,8.3,0.0%,DB,2015
80,81,Phillip Adams,4,3,0.0,0,0,0,0,0,1,8.3,8.3,0.0%,DB,2015
81,82,J.J. Wilcox,1,0,0.0,1,1,0,0,0,1,8.0,8.0,0.0%,DB,2015
82,83,Josh Wilson,2,1,0.0,0,0,0,1,0,1,7.8,7.8,0.0%,DB,2015
83,84,Glover Quin,5,0,0.0,0,0,0,0,0,1,7.5,7.5,0.0%,DB,2015
84,85,Rashean Mathis,5,0,0.0,0,0,0,0,0,1,7.5,7.5,0.0%,DB,2015
85,86,Robert Alford,4,0,0.0,1,0,0,0,0,1,7.5,7.5,0.0%,DB,2015
86,87,Lamarcus Joyner,5,0,0.0,0,0,0,0,0,1,7.5,7.5,0.0%,DB,2015
87,88,Prince Amukamara,4,0,0.0,1,0,0,0,0,1,7.5,7.5,0.0%,DB,2015
88,89,James Sample,5,0,0.0,0,0,0,0,0,1,7.5,7.5,0.0%,DB,2015
89,90,George Iloka,5,0,0.0,0,0,0,0,0,1,7.5,7.5,0.0%,DB,2015
90,91,Stephon Gilmore,5,0,0.0,0,0,0,0,0,1,7.5,7.5,1.5%,DB,2015
91,92,Leon Hall,4,0,0.0,1,0,0,0,0,1,7.5,7.5,0.0%,DB,2015
92,93,Trumaine Johnson,1,3,0.0,1,0,0,0,0,1,7.5,7.5,0.0%,DB,2015
93,94,Sterling Moore,2,0,0.0,0,0,1,0,0,1,7.0,7.0,0.0%,DB,2015
94,95,Tramaine Brock,3,0,0.0,0,0,0,0,0,1,7.0,7.0,0.0%,DB,2015
95,96,Alan Ball,3,1,0.0,1,0,0,0,0,1,6.8,6.8,0.0%,DB,2015
96,97,Earl Thomas,4,1,0.0,0,0,0,0,0,1,6.8,6.8,1.1%,DB,2015
97,98,Darius Slay,4,1,0.0,0,0,0,0,0,1,6.8,6.8,10.0%,DB,2015
98,99,Johnathan Joseph,4,1,0.0,0,0,0,0,0,1,6.8,6.8,0.0%,DB,2015
99,100,Walter Thurmond,4,1,0.0,0,0,0,0,0,1,6.8,6.8,0.0%,DB,2015
100,101,Duron Harmon,0,0,0.0,1,1,0,0,0,1,6.5,6.5,0.0%,DB,2015
101,102,Charles Tillman,2,2,0.0,1,0,0,0,0,1,6.0,6.0,0.1%,DB,2015
102,103,Vontae Davis,2,0,0.0,2,0,0,0,0,1,6.0,6.0,0.0%,DB,2015
103,104,Eric Berry,4,0,0.0,0,0,0,0,0,1,6.0,6.0,0.0%,DB,2015
104,105,Adrian Amos,3,2,0.0,0,0,0,0,0,1,6.0,6.0,0.2%,DB,2015
105,106,Antoine Bethea,4,0,0.0,0,0,0,0,0,1,6.0,6.0,28.0%,DB,2015
106,107,Jerraud Powers,4,0,0.0,0,0,0,0,0,1,6.0,6.0,0.0%,DB,2015
107,108,Kyle Arrington,3,2,0.0,0,0,0,0,0,1,6.0,6.0,0.0%,DB,2015
108,109,Will Allen,3,2,0.0,0,0,0,0,0,1,6.0,6.0,0.0%,DB,2015
109,110,Antrel Rolle,4,0,0.0,0,0,0,0,0,1,6.0,6.0,0.0%,DB,2015
110,111,Aaron Williams,3,0,0.0,1,0,0,0,0,1,6.0,6.0,0.0%,DB,2015
111,112,D.J. Swearinger,1,0,0.0,0,0,0,1,0,1,5.5,5.5,0.0%,DB,2015
112,113,Tarell Brown,3,1,0.0,0,0,0,0,0,1,5.3,5.3,0.0%,DB,2015
113,114,Charles Woodson,3,1,0.0,0,0,0,0,0,1,5.3,5.3,0.0%,DB,2015
114,115,DeAngelo Hall,3,1,0.0,0,0,0,0,0,1,5.3,5.3,0.0%,DB,2015
115,116,Bradley McDougald,3,1,0.0,0,0,0,0,0,1,5.3,5.3,0.0%,DB,2015
116,117,Coty Sensabaugh,3,1,0.0,0,0,0,0,0,1,5.3,5.3,0.0%,DB,2015
117,118,Larry Asante,2,3,0.0,0,0,0,0,0,1,5.3,5.3,0.0%,DB,2015
118,119,Damian Swann,3,1,0.0,0,0,0,0,0,1,5.3,5.3,0.0%,DB,2015
119,120,Phillip Gaines,3,1,0.0,0,0,0,0,0,1,5.3,5.3,0.0%,DB,2015
120,121,Kareem Jackson,3,1,0.0,0,0,0,0,0,1,5.3,5.3,0.7%,DB,2015
121,122,Johnthan Banks,3,1,0.0,0,0,0,0,0,1,5.3,5.3,0.0%,DB,2015
122,123,Ross Cockrell,3,1,0.0,0,0,0,0,0,1,5.3,5.3,0.0%,DB,2015
123,124,Bacarri Rambo,3,1,0.0,0,0,0,0,0,1,5.3,5.3,0.0%,DB,2015
124,125,T.J. Ward,3,1,0.0,0,0,0,0,0,1,5.3,5.3,0.1%,DB,2015
125,126,Taylor Mays,2,3,0.0,0,0,0,0,0,1,5.3,5.3,0.0%,DB,2015
126,127,Josh Evans,1,1,0.0,0,0,0,0,0,1,4.8,4.8,0.0%,DB,2015
127,128,Alterraun Verner,3,0,0.0,0,0,0,0,0,1,4.5,4.5,0.0%,DB,2015
128,129,Ricardo Allen,3,0,0.0,0,0,0,0,0,1,4.5,4.5,0.0%,DB,2015
129,130,Brandon Browner,1,2,0.0,1,0,0,0,0,1,4.5,4.5,0.0%,DB,2015
130,131,Reggie Nelson,2,2,0.0,0,0,0,0,0,1,4.5,4.5,0.0%,DB,2015
131,132,Walt Aikens,2,2,0.0,0,0,0,0,0,1,4.5,4.5,0.0%,DB,2015
132,133,Peyton Thompson,2,0,0.0,1,0,0,0,0,1,4.5,4.5,0.0%,DB,2015
133,134,Antonio Cromartie,2,0,0.0,1,0,0,0,0,1,4.5,4.5,0.0%,DB,2015
134,135,Nolan Carroll,3,0,0.0,0,0,0,0,0,1,4.5,4.5,0.0%,DB,2015
135,136,Morgan Burnett,3,0,0.0,0,0,0,0,0,1,4.5,4.5,0.0%,DB,2015
136,137,Kevin Johnson,2,0,0.0,1,0,0,0,0,1,4.5,4.5,0.0%,DB,2015
137,138,Demetrius McCray,2,2,0.0,0,0,0,0,0,1,4.5,4.5,0.0%,DB,2015
138,139,Brice McCain,1,1,0.0,1,0,0,0,0,1,3.8,3.8,0.0%,DB,2015
139,140,Da'Norris Searcy,2,1,0.0,0,0,0,0,0,1,3.8,3.8,0.0%,DB,2015
140,141,Cary Williams,2,1,0.0,0,0,0,0,0,1,3.8,3.8,0.0%,DB,2015
141,142,Terence Newman,1,1,0.0,1,0,0,0,0,1,3.8,3.8,0.0%,DB,2015
142,143,Perrish Cox,1,1,0.0,1,0,0,0,0,1,3.8,3.8,0.0%,DB,2015
143,144,Morris Claiborne,2,1,0.0,0,0,0,0,0,1,3.8,3.8,0.0%,DB,2015
144,145,Casey Hayward,2,1,0.0,0,0,0,0,0,1,3.8,3.8,0.0%,DB,2015
145,146,Patrick Chung,2,1,0.0,0,0,0,0,0,1,3.8,3.8,0.0%,DB,2015
146,147,Brandon Boykin,1,0,0.0,1,0,0,0,0,1,3.0,3.0,0.0%,DB,2015
147,148,Kendrick Lewis,1,2,0.0,0,0,0,0,0,1,3.0,3.0,0.0%,DB,2015
148,149,Tyler Patmon,0,0,0.0,2,0,0,0,0,1,3.0,3.0,0.0%,DB,2015
149,150,Sam Shields,2,0,0.0,0,0,0,0,0,1,3.0,3.0,6.0%,DB,2015
150,151,Sherrick McManis,2,0,0.0,0,0,0,0,0,1,3.0,3.0,0.0%,DB,2015
151,152,Eric Patterson,2,0,0.0,0,0,0,0,0,1,3.0,3.0,0.0%,DB,2015
152,153,Brandon Carr,2,0,0.0,0,0,0,0,0,1,3.0,3.0,0.0%,DB,2015
153,154,Terrance Mitchell,1,0,0.0,1,0,0,0,0,1,3.0,3.0,0.0%,DB,2015
154,155,Byron Jones,1,0,0.0,1,0,0,0,0,1,3.0,3.0,0.0%,DB,2015
155,156,Michael J.,2,0,0.0,0,0,0,0,0,1,3.0,3.0,0.0%,DB,2015
156,157,Dominique Rodgers-Cromartie,2,0,0.0,0,0,0,0,0,1,3.0,3.0,0.0%,DB,2015
157,158,Desmond Trufant,1,2,0.0,0,0,0,0,0,1,3.0,3.0,0.0%,DB,2015
158,159,Eddie Pleasant,0,1,0.5,0,0,0,0,0,1,2.8,2.8,0.0%,DB,2015
159,160,Jamar Taylor,1,1,0.0,0,0,0,0,0,1,2.3,2.3,0.0%,DB,2015
160,161,Clayton Geathers,1,1,0.0,0,0,0,0,0,1,2.3,2.3,0.0%,DB,2015
161,162,Brandon Flowers,1,1,0.0,0,0,0,0,0,1,2.3,2.3,0.0%,DB,2015
162,163,Kyshoen Jarrett,1,1,0.0,0,0,0,0,0,1,2.3,2.3,0.0%,DB,2015
163,164,Mario Butler,1,0,0.0,0,0,0,0,0,1,1.5,1.5,0.0%,DB,2015
164,165,Patrick Robinson,1,0,0.0,0,0,0,0,0,1,1.5,1.5,0.0%,DB,2015
165,166,Delvin Breaux,1,0,0.0,0,0,0,0,0,1,1.5,1.5,0.0%,DB,2015
166,167,Jason Verrett,1,0,0.0,0,0,0,0,0,1,1.5,1.5,0.0%,DB,2015
167,168,Bashaud Breeland,1,0,0.0,0,0,0,0,0,1,1.5,1.5,1.0%,DB,2015
168,169,Kyle Fuller,1,0,0.0,0,0,0,0,0,1,1.5,1.5,0.0%,DB,2015
169,170,Kyle Wilson,1,0,0.0,0,0,0,0,0,1,1.5,1.5,0.0%,DB,2015
170,171,Dashon Goldson,1,0,0.0,0,0,0,0,0,1,1.5,1.5,0.0%,DB,2015
171,172,Davon House,1,0,0.0,0,0,0,0,0,1,1.5,1.5,0.0%,DB,2015
172,173,Blidi Wreh-Wilson,0,0,0.0,1,0,0,0,0,1,1.5,1.5,0.0%,DB,2015
173,174,Dontae Johnson,1,0,0.0,0,0,0,0,0,1,1.5,1.5,0.0%,DB,2015
174,175,Robenson Therezie,1,0,0.0,0,0,0,0,0,1,1.5,1.5,1.0%,DB,2015
175,176,Sheldon Price,1,0,0.0,0,0,0,0,0,1,1.5,1.5,0.0%,DB,2015
176,177,Damarious Randall,0,0,0.0,1,0,0,0,0,1,1.5,1.5,0.0%,DB,2015
177,178,Keith Tandy,0,1,0.0,0,0,0,0,0,1,0.8,0.8,0.0%,DB,2015
178,179,Adrian Phillips,0,1,0.0,0,0,0,0,0,1,0.8,0.8,0.7%,DB,2015
179,180,Trumaine McBride,0,1,0.0,0,0,0,0,0,1,0.8,0.8,0.0%,DB,2015
180,181,Jeff Heath,0,1,0.0,0,0,0,0,0,1,0.8,0.8,1.0%,DB,2015
181,182,Isa Abdul-Quddus,0,1,0.0,0,0,0,0,0,1,0.8,0.8,0.0%,DB,2015
182,183,Demetri Goodson,0,0,0.0,0,0,0,0,0,1,0.0,0.0,0.0%,DB,2015
183,184,Andre Hal,0,0,0.0,0,0,0,0,0,1,0.0,0.0,0.0%,DB,2015
184,185,Maurice Alexander,0,0,0.0,0,0,0,0,0,1,0.0,0.0,0.0%,DB,2015
185,186,Jimmie Ward,0,0,0.0,0,0,0,0,0,1,0.0,0.0,9.7%,DB,2015
186,187,Dezmen Southward,0,0,0.0,0,0,0,0,0,1,0.0,0.0,1.0%,DB,2015
187,188,Dexter McDougle,0,0,0.0,0,0,0,0,0,1,0.0,0.0,0.0%,DB,2015
188,189,Keith McGill,0,0,0.0,0,0,0,0,0,1,0.0,0.0,0.0%,DB,2015
189,190,Antone Exum,0,0,0.0,0,0,0,0,0,1,0.0,0.0,0.0%,DB,2015
190,191,Marqueston Huff,0,0,0.0,0,0,0,0,0,1,0.0,0.0,0.0%,DB,2015
191,192,Pierre Desir,0,0,0.0,0,0,0,0,0,1,0.0,0.0,0.0%,DB,2015
192,193,Tre Boston,0,0,0.0,0,0,0,0,0,1,0.0,0.0,1.0%,DB,2015
193,194,Brock Vereen,0,0,0.0,0,0,0,0,0,1,0.0,0.0,0.0%,DB,2015
194,195,Nevin Lawson,0,0,0.0,0,0,0,0,0,1,0.0,0.0,0.0%,DB,2015
195,196,Keith Reaser,0,0,0.0,0,0,0,0,0,1,0.0,0.0,0.0%,DB,2015
196,197,Steven Terrell,0,0,0.0,0,0,0,0,0,1,0.0,0.0,3.0%,DB,2015
197,198,Darqueze Dennard,0,0,0.0,0,0,0,0,0,1,0.0,0.0,0.0%,DB,2015
198,199,Robert Golden,0,0,0.0,0,0,0,0,0,1,0.0,0.0,6.0%,DB,2015
199,200,Sean Richardson,0,0,0.0,0,0,0,0,0,1,0.0,0.0,0.0%,DB,2015
200,201,David Amerson,0,0,0.0,0,0,0,0,0,1,0.0,0.0,0.0%,DB,2015
201,202,Jordan Poyer,0,0,0.0,0,0,0,0,0,1,0.0,0.0,26.4%,DB,2015
202,203,Johnson Bademosi,0,0,0.0,0,0,0,0,0,1,0.0,0.0,0.0%,DB,2015
203,204,Winston Guy,0,0,0.0,0,0,0,0,0,1,0.0,0.0,0.0%,DB,2015
204,205,Josh Bush,0,0,0.0,0,0,0,0,0,1,0.0,0.0,0.0%,DB,2015
205,206,Trevin Wade,0,0,0.0,0,0,0,0,0,1,0.0,0.0,0.0%,DB,2015
206,207,Anthony Levine,0,0,0.0,0,0,0,0,0,1,0.0,0.0,7.0%,DB,2015
207,208,Shawn Williams,0,0,0.0,0,0,0,0,0,1,0.0,0.0,10.0%,DB,2015
208,209,Chris Banjo,0,0,0.0,0,0,0,0,0,1,0.0,0.0,0.0%,DB,2015
209,210,Ray-Ray Armstrong,1,1,0.0,0,0,0,0,0,1,0.0,0.0,0.0%,DB,2015
210,211,A.J. Bouye,0,0,0.0,0,0,0,0,0,1,0.0,0.0,0.0%,DB,2015
211,212,Brynden Trawick,0,0,0.0,0,0,0,0,0,1,0.0,0.0,0.0%,DB,2015
212,213,Chris Maragos,0,0,0.0,0,0,0,0,0,1,0.0,0.0,0.0%,DB,2015
213,214,Darryl Morris,0,0,0.0,0,0,0,0,0,1,0.0,0.0,0.0%,DB,2015
214,215,Cody Davis,0,0,0.0,0,0,0,0,0,1,0.0,0.0,0.0%,DB,2015
215,216,Jordan Kovacs,0,0,0.0,0,0,0,0,0,1,0.0,0.0,0.0%,DB,2015
216,217,Teddy Williams,0,0,0.0,0,0,0,0,0,1,0.0,0.0,0.0%,DB,2015
217,218,Marcus Cooper,0,0,0.0,0,0,0,0,0,1,0.0,0.0,0.0%,DB,2015
218,219,Don Jones,0,0,0.0,0,0,0,0,0,1,0.0,0.0,2.0%,DB,2015
219,220,Tharold Simon,0,0,0.0,0,0,0,0,0,1,0.0,0.0,0.0%,DB,2015
220,221,Kayvon Webster,0,0,0.0,0,0,0,0,0,1,0.0,0.0,0.0%,DB,2015
221,222,Duke Williams,0,0,0.0,0,0,0,0,0,1,0.0,0.0,0.0%,DB,2015
222,223,Shamarko Thomas,0,0,0.0,0,0,0,0,0,1,0.0,0.0,0.0%,DB,2015
223,224,Daimion Stafford,0,0,0.0,0,0,0,0,0,1,0.0,0.0,4.0%,DB,2015
224,225,Kemal Ishmael,0,0,0.0,0,0,0,0,0,1,0.0,0.0,0.0%,DB,2015
225,226,Kyle Nelson,0,0,0.0,0,0,0,0,0,1,0.0,0.0,0.0%,DB,2015
226,227,Trae Waynes,0,0,0.0,0,0,0,0,0,1,0.0,0.0,0.0%,DB,2015
227,228,Dion Bailey,0,0,0.0,0,0,0,0,0,1,0.0,0.0,0.0%,DB,2015
228,229,Daniel Sorensen,0,0,0.0,0,0,0,0,0,1,0.0,0.0,0.0%,DB,2015
229,230,Derron Smith,0,0,0.0,0,0,0,0,0,1,0.0,0.0,0.0%,DB,2015
230,231,Tray Walker,0,0,0.0,0,0,0,0,0,1,0.0,0.0,0.0%,DB,2015
231,232,Bobby McCain,0,0,0.0,0,0,0,0,0,1,0.0,0.0,0.0%,DB,2015
232,233,Craig Mager,0,0,0.0,0,0,0,0,0,1,0.0,0.0,0.0%,DB,2015
233,234,Darius Philon,2,0,0.0,0,0,0,0,0,1,0.0,0.0,0.0%,DB,2015
234,235,Josh Robinson,0,0,0.0,0,0,0,0,0,1,0.0,0.0,0.0%,DB,2015
235,236,Jalen Collins,0,0,0.0,0,0,0,0,0,1,0.0,0.0,0.0%,DB,2015
236,237,Eric Rowe,0,0,0.0,0,0,0,0,0,1,0.0,0.0,0.2%,DB,2015
237,238,Josh Shaw,0,0,0.0,0,0,0,0,0,1,0.0,0.0,0.0%,DB,2015
238,239,Jaquiski Tartt,0,0,0.0,0,0,0,0,0,1,0.0,0.0,0.0%,DB,2015
239,240,Marcus Roberson,0,0,0.0,0,0,0,0,0,1,0.0,0.0,0.0%,DB,2015
240,241,Marcus Williams,0,0,0.0,0,0,0,0,0,1,0.0,0.0,4.0%,DB,2015
241,242,Terrence Brooks,0,0,0.0,0,0,0,0,0,1,0.0,0.0,0.0%,DB,2015
242,243,Brian Dixon,0,0,0.0,0,0,0,0,0,1,0.0,0.0,0.0%,DB,2015
243,244,Kelcie McCray,0,0,0.0,0,0,0,0,0,1,0.0,0.0,2.0%,DB,2015
244,245,L.J. McCray,0,0,0.0,0,0,0,0,0,1,0.0,0.0,0.0%,DB,2015
245,246,Jerome Couplin,0,0,0.0,0,0,0,0,0,1,0.0,0.0,0.0%,DB,2015
246,247,Jumal Rolle,0,0,0.0,0,0,0,0,0,1,0.0,0.0,0.0%,DB,2015
247,248,Justin Bethel,0,0,0.0,0,0,0,0,0,1,0.0,0.0,0.0%,DB,2015
248,249,Will Blackmon,0,0,0.0,0,0,0,0,0,1,0.0,0.0,4.0%,DB,2015
249,250,Richard Sherman,0,0,0.0,0,0,0,0,0,1,0.0,0.0,0.1%,DB,2015
250,251,Charles Clay,0,0,0.0,0,0,0,0,0,1,0.0,0.0,0.0%,DB,2015
251,252,Colin Jones,0,0,0.0,0,0,0,0,0,1,0.0,0.0,5.0%,DB,2015
252,253,Jaiquawn Jarrett,0,0,0.0,0,0,0,0,0,1,0.0,0.0,0.0%,DB,2015
253,254,Danny McCray,0,0,0.0,0,0,0,0,0,1,0.0,0.0,0.0%,DB,2015
254,255,Colt Anderson,0,0,0.0,0,0,0,0,0,1,0.0,0.0,0.0%,DB,2015
255,256,Jeron Johnson,0,0,0.0,0,0,0,0,0,1,0.0,0.0,0.0%,DB,2015
256,257,Darrell Stuckey,0,0,0.0,0,0,0,0,0,1,0.0,0.0,3.0%,DB,2015
257,258,Tavon Wilson,0,0,0.0,0,0,0,0,0,1,0.0,0.0,0.0%,DB,2015
258,259,Ron Brooks,0,0,0.0,0,0,0,0,0,1,0.0,0.0,0.0%,DB,2015
259,260,Robert Blanton,0,0,0.0,0,0,0,0,0,1,0.0,0.0,0.0%,DB,2015
260,261,Corey White,0,0,0.0,0,0,0,0,0,1,0.0,0.0,0.0%,DB,2015
261,262,Marcus Sherels,0,0,0.0,0,0,0,0,0,1,0.0,0.0,0.0%,DB,2015
262,263,Ross Ventrone,0,0,0.0,0,0,0,0,0,1,0.0,0.0,0.0%,DB,2015
263,264,Tyvon Branch,0,0,0.0,0,0,0,0,0,1,0.0,0.0,0.0%,DB,2015
264,265,Zackary Bowman,0,0,0.0,0,0,0,0,0,1,0.0,0.0,0.0%,DB,2015
265,266,James Ihedigbo,9,2,0.0,0,0,2,0,0,1,0.0,0.0,4.0%,DB,2015
266,267,Craig Dahl,0,0,0.0,0,0,0,0,0,1,0.0,0.0,0.0%,DB,2015
267,268,Husain Abdullah,0,0,0.0,0,0,0,0,0,1,0.0,0.0,0.0%,DB,2015
268,269,Chris Clemons,0,0,0.0,0,0,0,0,0,1,0.0,0.0,0.0%,DB,2015
269,270,Don Carey,0,0,0.0,0,0,0,0,0,1,0.0,0.0,0.0%,DB,2015
270,271,E.J. Biggers,0,0,0.0,0,0,0,0,0,1,0.0,0.0,0.0%,DB,2015
271,272,Jamarca Sanford,0,0,0.0,0,0,0,0,0,1,0.0,0.0,0.0%,DB,2015
272,273,Bryce Callahan,0,0,0.0,0,0,0,0,0,1,0.0,0.0,0.0%,DB,2015
273,274,Ronald Martin,0,0,0.0,0,0,0,0,0,1,0.0,0.0,0.0%,DB,2015
274,275,Keenan Lambert,0,0,0.0,0,0,0,0,0,1,0.0,0.0,0.0%,DB,2015
275,276,Quandre Diggs,0,0,0.0,0,0,0,0,0,1,0.0,0.0,3.1%,DB,2015
276,277,Nick Marshall,0,0,0.0,0,0,0,0,0,1,0.0,0.0,0.0%,DB,2015
277,278,Jordan Richards,0,0,0.0,0,0,0,0,0,1,0.0,0.0,0.0%,DB,2015
278,279,Harold Jones-Quartey,0,0,0.0,0,0,0,0,0,1,0.0,0.0,0.0%,DB,2015
279,280,Jeff Richards,0,0,0.0,0,0,0,0,0,1,0.0,0.0,0.0%,DB,2015
