,Rank,Player,Tackle,Assist,Sack,Pass Defended,Interception,Forced Fumble,Fumble Recovery,Defend Touchdown,Games Played,Fantasy Football Points,FTPS/Game,ROST,Position,Year
0,1,Kurt Coleman,5,3,0,3,1,0,0,0,1,24.3,24.3,0.0%,DB,2015
1,2,Ron Parker,4,0,2,2,0,0,0,0,1,22.0,22.0,0.0%,DB,2015
2,3,Roman Harper,7,5,0,2,0,0,1,0,1,21.3,21.3,1.0%,DB,2015
3,4,Trumaine McBride,4,0,0,1,1,0,0,1,1,21.0,21.0,0.0%,DB,2015
4,5,Reggie Nelson,5,0,0,2,2,0,0,0,1,20.5,20.5,0.0%,DB,2015
5,6,Kevin Johnson,5,1,0,1,1,0,0,0,1,19.8,19.8,0.0%,DB,2015
6,7,Antwon Blake,8,0,0,1,1,0,0,0,1,18.5,18.5,0.0%,DB,2015
7,8,K'Waun Williams,2,1,0,1,0,2,1,0,1,17.3,17.3,0.0%,DB,2015
8,9,Sean Smith,5,0,0,3,1,0,0,0,1,17.0,17.0,0.0%,DB,2015
9,10,Dominique Rodgers-Cromartie,6,0,0,2,1,0,0,0,1,17.0,17.0,0.0%,DB,2015
10,11,Damarious Randall,6,1,0,1,1,0,0,0,1,16.3,16.3,0.0%,DB,2015
11,12,Logan Ryan,6,1,0,1,1,0,0,0,1,16.3,16.3,1.3%,DB,2015
12,13,Casey Hayward,6,1,0,3,0,0,0,0,1,14.3,14.3,0.0%,DB,2015
13,14,Mike Mitchell,3,2,0,2,1,0,0,0,1,14.0,14.0,0.0%,DB,2015
14,15,Charles Tillman,2,2,0,3,1,0,0,0,1,14.0,14.0,0.1%,DB,2015
15,16,Jason Verrett,5,2,0,3,0,0,0,0,1,13.5,13.5,0.0%,DB,2015
16,17,David Amerson,7,0,0,2,0,0,0,0,1,13.5,13.5,0.0%,DB,2015
17,18,Neiko Thorpe,7,0,0,2,0,0,0,0,1,13.5,13.5,0.0%,DB,2015
18,19,Brandon Browner,8,0,0,1,0,0,0,0,1,13.5,13.5,0.0%,DB,2015
19,20,Tramon Williams,6,3,0,1,0,0,0,0,1,12.8,12.8,0.0%,DB,2015
20,21,D.J. Hayden,3,0,1,1,0,0,0,0,1,12.5,12.5,0.0%,DB,2015
21,22,Charles Woodson,4,0,0,1,1,0,0,0,1,12.5,12.5,0.0%,DB,2015
22,23,Will Hill,5,1,0,1,0,0,0,0,1,12.3,12.3,0.0%,DB,2015
23,24,Jaquiski Tartt,5,1,0,0,0,1,0,0,1,12.3,12.3,0.0%,DB,2015
24,25,Ricardo Allen,5,1,1,0,0,0,0,0,1,12.3,12.3,0.0%,DB,2015
25,26,Mike Adams,5,3,0,0,0,0,0,0,1,12.3,12.3,0.4%,DB,2015
26,27,Terence Newman,6,2,0,1,0,0,0,0,1,12.0,12.0,0.0%,DB,2015
27,28,Jairus Byrd,2,1,0,0,0,1,1,0,1,11.8,11.8,0.0%,DB,2015
28,29,Gregory Toler,6,1,0,1,0,0,0,0,1,11.3,11.3,0.0%,DB,2015
29,30,Nevin Lawson,6,1,0,1,0,0,0,0,1,11.3,11.3,0.0%,DB,2015
30,31,Michael Griffin,6,3,0,0,0,0,0,0,1,11.3,11.3,5.0%,DB,2015
31,32,Johnathan Joseph,5,1,0,2,0,0,0,0,1,11.3,11.3,0.0%,DB,2015
32,33,Devin McCourty,3,0,1,0,0,0,0,0,1,11.0,11.0,4.4%,DB,2015
33,34,Kyle Fuller,2,0,0,2,1,0,0,0,1,11.0,11.0,0.0%,DB,2015
34,35,Vontae Davis,2,0,0,2,1,0,0,0,1,11.0,11.0,0.0%,DB,2015
35,36,Tony Jefferson,5,1,0,0,0,0,0,0,1,10.8,10.8,0.0%,DB,2015
36,37,Leon Hall,5,0,0,2,0,0,0,0,1,10.5,10.5,0.0%,DB,2015
37,38,Bradley McDougald,6,2,0,0,0,0,0,0,1,10.5,10.5,0.0%,DB,2015
38,39,Chris Conte,5,4,0,0,0,0,0,0,1,10.5,10.5,0.0%,DB,2015
39,40,Barry Church,5,4,0,0,0,0,0,0,1,10.5,10.5,2.0%,DB,2015
40,41,Chris Harris,3,2,0,0,0,1,0,0,1,10.0,10.0,0.0%,DB,2015
41,42,Richard Sherman,1,0,0,4,0,0,0,0,1,10.0,10.0,0.1%,DB,2015
42,43,Lardarius Webb,6,1,0,0,0,0,0,0,1,9.8,9.8,0.0%,DB,2015
43,44,Reshad Jones,5,3,0,0,0,0,0,0,1,9.8,9.8,0.0%,DB,2015
44,45,Landon Collins,4,5,0,0,0,0,0,0,1,9.8,9.8,0.0%,DB,2015
45,46,Bene' Benwikere,5,3,0,0,0,0,0,0,1,9.8,9.8,0.0%,DB,2015
46,47,Rashad Johnson,2,0,0,1,1,0,0,0,1,9.5,9.5,0.0%,DB,2015
47,48,Trevin Wade,4,1,0,0,0,0,0,0,1,9.3,9.3,0.0%,DB,2015
48,49,Kendrick Lewis,3,3,0,0,0,0,0,0,1,9.3,9.3,0.0%,DB,2015
49,50,Johnson Bademosi,3,1,0,0,0,0,1,0,1,9.3,9.3,0.0%,DB,2015
50,51,Jason McCourty,5,2,0,0,0,0,0,0,1,9.0,9.0,0.0%,DB,2015
51,52,Harrison Smith,5,2,0,0,0,0,0,0,1,9.0,9.0,18.9%,DB,2015
52,53,Adam Jones,5,0,0,1,0,0,0,0,1,9.0,9.0,0.0%,DB,2015
53,54,Josh Norman,4,0,0,2,0,0,0,0,1,9.0,9.0,3.0%,DB,2015
54,55,Trumaine Johnson,3,2,0,1,0,0,0,0,1,9.0,9.0,0.0%,DB,2015
55,56,Jayron Hosley,5,2,0,0,0,0,0,0,1,9.0,9.0,0.0%,DB,2015
56,57,Justin Coleman,5,0,0,1,0,0,0,0,1,9.0,9.0,0.0%,DB,2015
57,58,Johnthan Banks,5,2,0,0,0,0,0,0,1,9.0,9.0,0.0%,DB,2015
58,59,Duron Harmon,0,1,0,2,1,0,0,0,1,8.8,8.8,0.0%,DB,2015
59,60,Phillip Adams,3,0,0,1,0,0,0,0,1,8.5,8.5,0.0%,DB,2015
60,61,Tyrann Mathieu,3,0,0,1,0,0,0,0,1,8.5,8.5,10.0%,DB,2015
61,62,Mike Jenkins,4,0,0,0,0,0,0,0,1,8.5,8.5,0.0%,DB,2015
62,63,Bryce Callahan,4,0,0,0,0,0,0,0,1,8.5,8.5,0.0%,DB,2015
63,64,Delvin Breaux,5,1,0,0,0,0,0,0,1,8.3,8.3,0.0%,DB,2015
64,65,Alterraun Verner,4,1,0,1,0,0,0,0,1,8.3,8.3,0.0%,DB,2015
65,66,Kam Chancellor,5,1,0,0,0,0,0,0,1,8.3,8.3,0.1%,DB,2015
66,67,Larry Asante,4,1,0,1,0,0,0,0,1,8.3,8.3,0.0%,DB,2015
67,68,Jamar Taylor,4,3,0,0,0,0,0,0,1,8.3,8.3,0.0%,DB,2015
68,69,Micah Hyde,5,1,0,0,0,0,0,0,1,8.3,8.3,1.2%,DB,2015
69,70,Shawn Williams,1,0,0,1,1,0,0,0,1,8.0,8.0,10.0%,DB,2015
70,71,Tashaun Gipson,1,0,0,1,1,0,0,0,1,8.0,8.0,0.4%,DB,2015
71,72,Robert Alford,3,1,0,0,0,0,0,0,1,7.8,7.8,0.0%,DB,2015
72,73,Xavier Rhodes,5,0,0,0,0,0,0,0,1,7.5,7.5,0.0%,DB,2015
73,74,Malcolm Butler,5,0,0,0,0,0,0,0,1,7.5,7.5,0.0%,DB,2015
74,75,Ross Cockrell,4,0,0,1,0,0,0,0,1,7.5,7.5,0.0%,DB,2015
75,76,Justin Bethel,3,0,0,2,0,0,0,0,1,7.5,7.5,0.0%,DB,2015
76,77,Glover Quin,4,2,0,0,0,0,0,0,1,7.5,7.5,0.0%,DB,2015
77,78,Ibraheim Campbell,5,0,0,0,0,0,0,0,1,7.5,7.5,0.0%,DB,2015
78,79,Husain Abdullah,4,0,0,1,0,0,0,0,1,7.5,7.5,0.0%,DB,2015
79,80,George Iloka,4,0,0,1,0,0,0,0,1,7.5,7.5,0.0%,DB,2015
80,81,Josh Wilson,3,0,0,0,0,0,0,0,1,7.0,7.0,0.0%,DB,2015
81,82,Jahleel Addae,4,1,0,0,0,0,0,0,1,6.8,6.8,0.0%,DB,2015
82,83,Cary Williams,4,1,0,0,0,0,0,0,1,6.8,6.8,0.0%,DB,2015
83,84,Ha Ha,4,1,0,0,0,0,0,0,1,6.8,6.8,0.0%,DB,2015
84,85,Earl Thomas,4,1,0,0,0,0,0,0,1,6.8,6.8,1.1%,DB,2015
85,86,Robert Golden,4,1,0,0,0,0,0,0,1,6.8,6.8,6.0%,DB,2015
86,87,Coty Sensabaugh,2,3,0,1,0,0,0,0,1,6.8,6.8,0.0%,DB,2015
87,88,Antonio Cromartie,3,1,0,1,0,0,0,0,1,6.8,6.8,0.0%,DB,2015
88,89,Dwight Lowery,3,1,0,1,0,0,0,0,1,6.8,6.8,0.0%,DB,2015
89,90,Kenny Vaccaro,4,1,0,0,0,0,0,0,1,6.8,6.8,4.0%,DB,2015
90,91,Kenneth Acker,2,1,0,0,0,0,0,0,1,6.3,6.3,0.0%,DB,2015
91,92,William Gay,2,1,0,0,0,0,0,0,1,6.3,6.3,0.1%,DB,2015
92,93,Antrel Rolle,4,0,0,0,0,0,0,0,1,6.0,6.0,0.0%,DB,2015
93,94,Tramaine Brock,3,0,0,1,0,0,0,0,1,6.0,6.0,0.0%,DB,2015
94,95,Janoris Jenkins,2,0,0,2,0,0,0,0,1,6.0,6.0,1.0%,DB,2015
95,96,Captain Munnerlyn,4,0,0,0,0,0,0,0,1,6.0,6.0,0.0%,DB,2015
96,97,Tracy Porter,3,0,0,1,0,0,0,0,1,6.0,6.0,0.0%,DB,2015
97,98,Marcus Peters,3,0,0,1,0,0,0,0,1,6.0,6.0,1.2%,DB,2015
98,99,Brandon Carr,4,0,0,0,0,0,0,0,1,6.0,6.0,0.0%,DB,2015
99,100,Adrian Amos,3,2,0,0,0,0,0,0,1,6.0,6.0,0.2%,DB,2015
100,101,Darius Butler,4,0,0,0,0,0,0,0,1,6.0,6.0,0.0%,DB,2015
101,102,Eric Reid,3,0,0,1,0,0,0,0,1,6.0,6.0,0.0%,DB,2015
102,103,Eddie Pleasant,1,0,0,0,0,0,1,0,1,5.5,5.5,0.0%,DB,2015
103,104,Maurice Alexander,1,2,0,0,0,0,0,0,1,5.5,5.5,0.0%,DB,2015
104,105,Byron Jones,2,1,0,1,0,0,0,0,1,5.3,5.3,0.0%,DB,2015
105,106,Andrew Sendejo,3,1,0,0,0,0,0,0,1,5.3,5.3,0.0%,DB,2015
106,107,Morris Claiborne,3,1,0,0,0,0,0,0,1,5.3,5.3,0.0%,DB,2015
107,108,Patrick Chung,1,3,0,1,0,0,0,0,1,5.3,5.3,0.0%,DB,2015
108,109,Walt Aikens,3,1,0,0,0,0,0,0,1,5.3,5.3,0.0%,DB,2015
109,110,Darius Slay,1,1,0,2,0,0,0,0,1,5.3,5.3,10.0%,DB,2015
110,111,Brandon Flowers,3,1,0,0,0,0,0,0,1,5.3,5.3,0.0%,DB,2015
111,112,Donte Whitner,3,1,0,0,0,0,0,0,1,5.3,5.3,1.0%,DB,2015
112,113,Michael J.,2,3,0,0,0,0,0,0,1,5.3,5.3,0.0%,DB,2015
113,114,Eric Berry,3,0,0,0,0,0,0,0,1,4.5,4.5,0.0%,DB,2015
114,115,Lamarcus Joyner,1,2,0,0,0,0,0,0,1,4.5,4.5,0.0%,DB,2015
115,116,Quandre Diggs,2,0,0,1,0,0,0,0,1,4.5,4.5,3.1%,DB,2015
116,117,Marcus Williams,2,2,0,0,0,0,0,0,1,4.5,4.5,4.0%,DB,2015
117,118,Joe Haden,3,0,0,0,0,0,0,0,1,4.5,4.5,1.0%,DB,2015
118,119,Darian Stewart,3,0,0,0,0,0,0,0,1,4.5,4.5,0.0%,DB,2015
119,120,Quintin Demps,1,2,0,1,0,0,0,0,1,4.5,4.5,3.0%,DB,2015
120,121,Jimmy Wilson,2,2,0,0,0,0,0,0,1,4.5,4.5,0.0%,DB,2015
121,122,Jude Adjei-Barimah,3,0,0,0,0,0,0,0,1,4.5,4.5,0.0%,DB,2015
122,123,Darrelle Revis,3,0,0,0,0,0,0,0,1,4.5,4.5,0.0%,DB,2015
123,124,Dre Kirkpatrick,3,0,0,0,0,0,0,0,1,4.5,4.5,0.0%,DB,2015
124,125,T.J. Carrie,2,0,0,1,0,0,0,0,1,4.5,4.5,1.0%,DB,2015
125,126,Jimmy Smith,3,0,0,0,0,0,0,0,1,4.5,4.5,0.0%,DB,2015
126,127,Patrick Peterson,3,0,0,0,0,0,0,0,1,4.5,4.5,0.9%,DB,2015
127,128,Shamarko Thomas,1,0,0,0,0,0,0,0,1,4.0,4.0,0.0%,DB,2015
128,129,Kemal Ishmael,2,1,0,0,0,0,0,0,1,3.8,3.8,0.0%,DB,2015
129,130,T.J. Ward,2,1,0,0,0,0,0,0,1,3.8,3.8,0.1%,DB,2015
130,131,Craig Dahl,2,1,0,0,0,0,0,0,1,3.8,3.8,0.0%,DB,2015
131,132,Robenson Therezie,2,1,0,0,0,0,0,0,1,3.8,3.8,1.0%,DB,2015
132,133,Marcus Gilchrist,2,1,0,0,0,0,0,0,1,3.8,3.8,0.0%,DB,2015
133,134,T.J. McDonald,2,1,0,0,0,0,0,0,1,3.8,3.8,0.0%,DB,2015
134,135,Patrick Robinson,2,1,0,0,0,0,0,0,1,3.8,3.8,0.0%,DB,2015
135,136,Adrian Phillips,2,1,0,0,0,0,0,0,1,3.8,3.8,0.7%,DB,2015
136,137,Bobby McCain,1,2,0,0,0,0,0,0,1,3.0,3.0,0.0%,DB,2015
137,138,Steve Williams,1,0,0,1,0,0,0,0,1,3.0,3.0,0.0%,DB,2015
138,139,Da'Norris Searcy,1,2,0,0,0,0,0,0,1,3.0,3.0,0.0%,DB,2015
139,140,Andre Hal,2,0,0,0,0,0,0,0,1,3.0,3.0,0.0%,DB,2015
140,141,Keenan Lewis,1,0,0,1,0,0,0,0,1,3.0,3.0,0.0%,DB,2015
141,142,Morgan Burnett,2,0,0,0,0,0,0,0,1,3.0,3.0,0.0%,DB,2015
142,143,Damian Swann,1,0,0,1,0,0,0,0,1,3.0,3.0,0.0%,DB,2015
143,144,Brent Grimes,2,0,0,0,0,0,0,0,1,3.0,3.0,0.0%,DB,2015
144,145,Kyle Arrington,1,0,0,1,0,0,0,0,1,3.0,3.0,0.0%,DB,2015
145,146,Isa Abdul-Quddus,1,0,0,1,0,0,0,0,1,3.0,3.0,0.0%,DB,2015
146,147,DeShawn Shead,1,1,0,0,0,0,0,0,1,2.3,2.3,0.0%,DB,2015
147,148,Jimmie Ward,1,1,0,0,0,0,0,0,1,2.3,2.3,9.7%,DB,2015
148,149,Desmond Trufant,1,1,0,0,0,0,0,0,1,2.3,2.3,0.0%,DB,2015
149,150,Jordan Richards,1,1,0,0,0,0,0,0,1,2.3,2.3,0.0%,DB,2015
150,151,Blidi Wreh-Wilson,1,1,0,0,0,0,0,0,1,2.3,2.3,0.0%,DB,2015
151,152,Dion Bailey,1,1,0,0,0,0,0,0,1,2.3,2.3,0.0%,DB,2015
152,153,Tre Boston,1,0,0,0,0,0,0,0,1,1.5,1.5,1.0%,DB,2015
153,154,Kurtis Drummond,1,0,0,0,0,0,0,0,1,1.5,1.5,0.0%,DB,2015
154,155,Aqib Talib,1,0,0,0,0,0,0,0,1,1.5,1.5,0.0%,DB,2015
155,156,Taylor Mays,1,0,0,0,0,0,0,0,1,1.5,1.5,0.0%,DB,2015
156,157,Daimion Stafford,1,0,0,0,0,0,0,0,1,1.5,1.5,4.0%,DB,2015
157,158,Demetri Goodson,0,0,0,1,0,0,0,0,1,1.5,1.5,0.0%,DB,2015
158,159,Jeff Heath,1,0,0,0,0,0,0,0,1,1.5,1.5,1.0%,DB,2015
159,160,Shareece Wright,1,0,0,0,0,0,0,0,1,1.5,1.5,0.0%,DB,2015
160,161,J.J. Wilcox,0,2,0,0,0,0,0,0,1,1.5,1.5,0.0%,DB,2015
161,162,Brandon Meriweather,0,1,0,0,0,0,0,0,1,0.8,0.8,0.0%,DB,2015
162,163,Bradley Roby,0,1,0,0,0,0,0,0,1,0.8,0.8,0.0%,DB,2015
163,164,Marcus Roberson,0,1,0,0,0,0,0,0,1,0.8,0.8,0.0%,DB,2015
164,165,Pierre Desir,0,0,0,0,0,0,0,0,1,0.0,0.0,0.0%,DB,2015
165,166,Dexter McDougle,0,0,0,0,0,0,0,0,1,0.0,0.0,0.0%,DB,2015
166,167,Keith McGill,0,0,0,0,0,0,0,0,1,0.0,0.0,0.0%,DB,2015
167,168,Marqueston Huff,0,0,0,0,0,0,0,0,1,0.0,0.0,0.0%,DB,2015
168,169,Dontae Johnson,0,0,0,0,0,0,0,0,1,0.0,0.0,0.0%,DB,2015
169,170,Keith Reaser,0,0,0,0,0,0,0,0,1,0.0,0.0,0.0%,DB,2015
170,171,Antone Exum,0,0,0,0,0,0,0,0,1,0.0,0.0,0.0%,DB,2015
171,172,Jemea Thomas,0,0,0,0,0,0,0,0,1,0.0,0.0,0.0%,DB,2015
172,173,Jordan Kovacs,0,0,0,0,0,0,0,0,1,0.0,0.0,0.0%,DB,2015
173,174,Chris Banjo,0,0,0,0,0,0,0,0,1,0.0,0.0,0.0%,DB,2015
174,175,Rashaan Melvin,0,0,0,0,0,0,0,0,1,0.0,0.0,0.0%,DB,2015
175,176,Darryl Morris,0,0,0,0,0,0,0,0,1,0.0,0.0,0.0%,DB,2015
176,177,Cody Davis,0,0,0,0,0,0,0,0,1,0.0,0.0,0.0%,DB,2015
177,178,Teddy Williams,0,0,0,0,0,0,0,0,1,0.0,0.0,0.0%,DB,2015
178,179,Justin Gilbert,0,0,0,0,0,0,0,0,1,0.0,0.0,0.0%,DB,2015
179,180,Darqueze Dennard,0,0,0,0,0,0,0,0,1,0.0,0.0,0.0%,DB,2015
180,181,Brynden Trawick,0,0,0,0,0,0,0,0,1,0.0,0.0,0.0%,DB,2015
181,182,A.J. Bouye,0,0,0,0,0,0,0,0,1,0.0,0.0,0.0%,DB,2015
182,183,Nate Ebner,0,0,0,0,0,0,0,0,1,0.0,0.0,0.0%,DB,2015
183,184,Anthony Levine,0,0,0,0,0,0,0,0,1,0.0,0.0,7.0%,DB,2015
184,185,Tony Carter,0,0,0,0,0,0,0,0,1,0.0,0.0,0.0%,DB,2015
185,186,Rodney McLeod,0,0,0,0,0,0,0,0,1,0.0,0.0,0.4%,DB,2015
186,187,Jamell Fleming,0,0,0,0,0,0,0,0,1,0.0,0.0,0.0%,DB,2015
187,188,Omar Bolden,0,0,0,0,0,0,0,0,1,0.0,0.0,0.0%,DB,2015
188,189,Keith Tandy,0,0,0,0,0,0,0,0,1,0.0,0.0,0.0%,DB,2015
189,190,Robert Blanton,0,0,0,0,0,0,0,0,1,0.0,0.0,0.0%,DB,2015
190,191,Corey White,0,0,0,0,0,0,0,0,1,0.0,0.0,0.0%,DB,2015
191,192,Asa Jackson,0,0,0,0,0,0,0,0,1,0.0,0.0,0.0%,DB,2015
192,193,Leon McFadden,0,0,0,0,0,0,0,0,1,0.0,0.0,0.0%,DB,2015
193,194,Ray-Ray Armstrong,0,0,0,0,0,0,0,0,1,0.0,0.0,0.0%,DB,2015
194,195,Kayvon Webster,0,0,0,0,0,0,0,0,1,0.0,0.0,0.0%,DB,2015
195,196,D.J. Swearinger,0,0,0,0,0,0,0,0,1,0.0,0.0,0.0%,DB,2015
196,197,Daniel Sorensen,0,0,0,0,0,0,0,0,1,0.0,0.0,0.0%,DB,2015
197,198,Brian Dixon,0,0,0,0,0,0,0,0,1,0.0,0.0,0.0%,DB,2015
198,199,L.J. McCray,0,0,0,0,0,0,0,0,1,0.0,0.0,0.0%,DB,2015
199,200,Kelcie McCray,0,0,0,0,0,0,0,0,1,0.0,0.0,2.0%,DB,2015
200,201,Josh Shaw,0,0,0,0,0,0,0,0,1,0.0,0.0,0.0%,DB,2015
201,202,Jalen Collins,0,0,0,0,0,0,0,0,1,0.0,0.0,0.0%,DB,2015
202,203,Tony Lippett,0,0,0,0,0,0,0,0,1,0.0,0.0,0.0%,DB,2015
203,204,Derron Smith,0,0,0,0,0,0,0,0,1,0.0,0.0,0.0%,DB,2015
204,205,Kyle Nelson,0,0,0,0,0,0,0,0,1,0.0,0.0,0.0%,DB,2015
205,206,Trae Waynes,0,0,0,0,0,0,0,0,1,0.0,0.0,0.0%,DB,2015
206,207,Quinten Rollins,0,0,0,0,0,0,0,0,1,0.0,0.0,0.0%,DB,2015
207,208,Marcus Burley,0,0,0,0,0,0,0,0,1,0.0,0.0,0.0%,DB,2015
208,209,Jumal Rolle,0,0,0,0,0,0,0,0,1,0.0,0.0,0.0%,DB,2015
209,210,Akeem Davis,0,0,0,0,0,0,0,0,1,0.0,0.0,0.0%,DB,2015
210,211,Charles James,0,1,0,0,0,0,0,0,1,0.0,0.0,0.0%,DB,2015
211,212,Chris Prosinski,0,0,0,0,0,0,0,0,1,0.0,0.0,4.0%,DB,2015
212,213,Buster Skrine,0,0,0,0,0,0,0,0,1,0.0,0.0,0.0%,DB,2015
213,214,Josh Thomas,0,0,0,0,0,0,0,0,1,0.0,0.0,0.0%,DB,2015
214,215,Colin Jones,0,0,0,0,0,0,0,0,1,0.0,0.0,5.0%,DB,2015
215,216,Sam Shields,0,0,0,0,0,0,0,0,1,0.0,0.0,6.0%,DB,2015
216,217,Jamarca Sanford,0,0,0,0,0,0,0,0,1,0.0,0.0,0.0%,DB,2015
217,218,Kyle Wilson,0,0,0,0,0,0,0,0,1,0.0,0.0,0.0%,DB,2015
218,219,Darrell Stuckey,0,0,0,0,0,0,0,0,1,0.0,0.0,3.0%,DB,2015
219,220,Sherrick McManis,0,0,0,0,0,0,0,0,1,0.0,0.0,0.0%,DB,2015
220,221,Marcus Sherels,0,0,0,0,0,0,0,0,1,0.0,0.0,0.0%,DB,2015
221,222,Sterling Moore,0,0,0,0,0,0,0,0,1,0.0,0.0,0.0%,DB,2015
222,223,Brandon Boykin,0,0,0,0,0,0,0,0,1,0.0,0.0,0.0%,DB,2015
223,224,Danny McCray,0,0,0,0,0,0,0,0,1,0.0,0.0,0.0%,DB,2015
224,225,Colt Anderson,0,0,0,0,0,0,0,0,1,0.0,0.0,0.0%,DB,2015
225,226,Darrin Walls,0,0,0,0,0,0,0,0,1,0.0,0.0,0.0%,DB,2015
226,227,Charles Godfrey,0,0,0,0,0,0,0,0,1,0.0,0.0,0.0%,DB,2015
227,228,Tyvon Branch,4,0,0,0,0,0,0,0,1,0.0,0.0,0.0%,DB,2015
228,229,Alan Ball,0,0,0,0,0,0,0,0,1,0.0,0.0,0.0%,DB,2015
229,230,David Bruton,0,0,0,0,0,0,0,0,1,0.0,0.0,0.0%,DB,2015
230,231,Don Carey,0,0,0,0,0,0,0,0,1,0.0,0.0,0.0%,DB,2015
231,232,Zackary Bowman,0,0,0,0,0,0,0,0,1,0.0,0.0,0.0%,DB,2015
232,233,James Ihedigbo,3,0,0,0,0,0,0,0,1,0.0,0.0,4.0%,DB,2015
233,234,Sherrod Martin,0,0,0,0,0,0,0,0,1,0.0,0.0,0.0%,DB,2015
234,235,Brandon King,0,0,0,0,0,0,0,0,1,0.0,0.0,0.0%,DB,2015
235,236,Steven Nelson,0,0,0,0,0,0,0,0,1,0.0,0.0,0.2%,DB,2015
236,237,Clayton Geathers,0,0,0,0,0,0,0,0,1,0.0,0.0,0.0%,DB,2015
237,238,Cody Riggs,0,0,0,0,0,0,0,0,1,0.0,0.0,0.0%,DB,2015
238,239,Cariel Brooks,0,0,0,0,0,0,0,0,1,0.0,0.0,0.0%,DB,2015
239,240,Jeff Richards,0,0,0,0,0,0,0,0,1,0.0,0.0,0.0%,DB,2015
