,Rank,Player,Tackle,Assist,Sack,Pass Defended,Interception,Forced Fumble,Fumble Recovery,Defend Touchdown,Games Played,Fantasy Football Points,FTPS/Game,ROST,Position,Year
0,1,Antwon Blake,8,1,0.0,2,0,1,0,0,1,22.3,22.3,0.0%,DB,2015
1,2,T.J. Ward,10,2,0.0,2,0,0,0,0,1,22.0,22.0,0.1%,DB,2015
2,3,David Amerson,8,0,0.0,3,1,0,0,0,1,21.5,21.5,0.0%,DB,2015
3,4,Eric Weddle,9,4,0.0,0,0,0,1,0,1,20.5,20.5,11.0%,DB,2015
4,5,D.J. Hayden,11,2,0.0,0,0,0,0,0,1,20.5,20.5,0.0%,DB,2015
5,6,Marcus Williams,2,1,0.5,3,2,0,0,0,1,20.3,20.3,4.0%,DB,2015
6,7,Ronald Darby,10,0,0.0,1,0,0,0,0,1,19.0,19.0,2.3%,DB,2015
7,8,Alterraun Verner,8,0,0.0,1,1,0,0,0,1,18.5,18.5,0.0%,DB,2015
8,9,Sterling Moore,3,0,0.0,3,1,1,0,0,1,18.0,18.0,0.0%,DB,2015
9,10,Will Blackmon,3,5,0.0,1,0,1,1,0,1,17.8,17.8,4.0%,DB,2015
10,11,Logan Ryan,6,0,0.0,2,1,0,0,0,1,17.0,17.0,1.3%,DB,2015
11,12,Marcus Cromartie,7,0,0.0,1,0,0,0,0,1,17.0,17.0,0.0%,DB,2015
12,13,Trevin Wade,2,0,0.0,0,0,0,2,1,1,17.0,17.0,0.0%,DB,2015
13,14,Johnathan Cyprien,6,5,0.0,1,0,0,0,0,1,16.8,16.8,0.0%,DB,2015
14,15,Reshad Jones,6,1,1.0,0,0,0,0,0,1,16.3,16.3,0.0%,DB,2015
15,16,Charles Tillman,6,2,0.0,1,0,1,0,0,1,16.0,16.0,0.1%,DB,2015
16,17,Jason Verrett,0,0,0.0,3,1,0,0,1,1,15.5,15.5,0.0%,DB,2015
17,18,Damarious Randall,5,0,0.0,2,1,0,0,0,1,15.5,15.5,0.0%,DB,2015
18,19,Kurt Coleman,3,2,1.0,0,0,0,0,0,1,15.0,15.0,0.0%,DB,2015
19,20,B.W. Webb,5,0,0.0,1,1,0,0,0,1,14.0,14.0,0.0%,DB,2015
20,21,Keith Tandy,7,1,0.0,0,0,0,0,0,1,13.8,13.8,0.0%,DB,2015
21,22,Brent Grimes,7,0,0.0,0,0,0,0,0,1,13.0,13.0,0.0%,DB,2015
22,23,Morgan Burnett,3,6,0.0,1,0,0,0,0,1,13.0,13.0,0.0%,DB,2015
23,24,Leodis McKelvin,6,0,0.0,1,0,0,0,0,1,13.0,13.0,0.0%,DB,2015
24,25,Byron Jones,5,0,0.0,2,0,0,0,0,1,13.0,13.0,0.0%,DB,2015
25,26,Will Allen,4,3,0.0,3,0,0,0,0,1,12.8,12.8,0.0%,DB,2015
26,27,Malcolm Jenkins,8,1,0.0,0,0,0,0,0,1,12.8,12.8,15.0%,DB,2015
27,28,Jairus Byrd,7,3,0.0,0,0,0,0,0,1,12.8,12.8,0.0%,DB,2015
28,29,Charles Woodson,7,1,0.0,1,0,0,0,0,1,12.8,12.8,0.0%,DB,2015
29,30,Trumaine Johnson,3,0,0.0,2,1,0,0,0,1,12.5,12.5,0.0%,DB,2015
30,31,Andrew Sendejo,5,2,0.5,1,0,0,0,0,1,12.5,12.5,0.0%,DB,2015
31,32,Aaron Colvin,5,3,0.0,0,0,0,0,0,1,12.3,12.3,0.0%,DB,2015
32,33,Corey Graham,8,0,0.0,0,0,0,0,0,1,12.0,12.0,0.0%,DB,2015
33,34,Dontae Johnson,6,0,0.0,2,0,0,0,0,1,12.0,12.0,0.0%,DB,2015
34,35,Roman Harper,4,2,0.0,1,0,0,0,0,1,11.5,11.5,1.0%,DB,2015
35,36,Chris Conte,5,3,0.0,1,0,0,0,0,1,11.3,11.3,0.0%,DB,2015
36,37,Ross Cockrell,2,0,0.0,2,1,0,0,0,1,11.0,11.0,0.0%,DB,2015
37,38,Kenny Vaccaro,4,6,0.0,0,0,0,0,0,1,10.5,10.5,4.0%,DB,2015
38,39,Nolan Carroll,6,2,0.0,0,0,0,0,0,1,10.5,10.5,0.0%,DB,2015
39,40,Michael Griffin,6,2,0.0,0,0,0,0,0,1,10.5,10.5,5.0%,DB,2015
40,41,Rodney McLeod,7,1,0.0,0,0,0,0,0,1,10.5,10.5,0.4%,DB,2015
41,42,Dashon Goldson,5,4,0.0,0,0,0,0,0,1,10.5,10.5,0.0%,DB,2015
42,43,Dion Bailey,3,3,0.5,1,0,0,0,0,1,10.3,10.3,0.0%,DB,2015
43,44,Tracy Porter,3,0,0.0,1,0,1,0,0,1,10.0,10.0,0.0%,DB,2015
44,45,Jude Adjei-Barimah,4,2,0.0,0,0,0,0,0,1,10.0,10.0,0.0%,DB,2015
45,46,Janoris Jenkins,4,0,0.0,1,0,0,0,0,1,10.0,10.0,1.0%,DB,2015
46,47,Captain Munnerlyn,5,0,0.0,0,0,0,0,0,1,10.0,10.0,0.0%,DB,2015
47,48,Jahleel Addae,6,1,0.0,0,0,0,0,0,1,9.8,9.8,0.0%,DB,2015
48,49,Jimmie Ward,5,1,0.0,1,0,0,0,0,1,9.8,9.8,9.7%,DB,2015
49,50,Tramon Williams,6,1,0.0,0,0,0,0,0,1,9.8,9.8,0.0%,DB,2015
50,51,Maurice Alexander,2,0,1.0,0,0,0,0,0,1,9.5,9.5,0.0%,DB,2015
51,52,Darius Butler,2,0,0.0,1,1,0,0,0,1,9.5,9.5,0.0%,DB,2015
52,53,Antonio Cromartie,3,0,0.0,0,0,0,0,0,1,9.5,9.5,0.0%,DB,2015
53,54,Dwight Lowery,5,0,0.0,1,0,0,0,0,1,9.0,9.0,0.0%,DB,2015
54,55,J.J. Wilcox,5,2,0.0,0,0,0,0,0,1,9.0,9.0,0.0%,DB,2015
55,56,Morris Claiborne,5,0,0.0,1,0,0,0,0,1,9.0,9.0,0.0%,DB,2015
56,57,Bene' Benwikere,2,4,0.0,2,0,0,0,0,1,9.0,9.0,0.0%,DB,2015
57,58,Barry Church,4,4,0.0,0,0,0,0,0,1,9.0,9.0,2.0%,DB,2015
58,59,Mike Mitchell,2,2,0.0,0,0,1,0,0,1,8.5,8.5,0.0%,DB,2015
59,60,Jeff Heath,5,1,0.0,0,0,0,0,0,1,8.3,8.3,1.0%,DB,2015
60,61,Jeron Johnson,5,1,0.0,0,0,0,0,0,1,8.3,8.3,0.0%,DB,2015
61,62,Kyshoen Jarrett,4,3,0.0,0,0,0,0,0,1,8.3,8.3,0.0%,DB,2015
62,63,Steve Williams,4,1,0.0,1,0,0,0,0,1,8.3,8.3,0.0%,DB,2015
63,64,Malcolm Butler,4,1,0.0,1,0,0,0,0,1,8.3,8.3,0.0%,DB,2015
64,65,Jaquiski Tartt,3,1,0.0,2,0,0,0,0,1,8.3,8.3,0.0%,DB,2015
65,66,Landon Collins,4,1,0.0,1,0,0,0,0,1,8.3,8.3,0.0%,DB,2015
66,67,Mike Adams,1,0,0.0,1,1,0,0,0,1,8.0,8.0,0.4%,DB,2015
67,68,Phillip Adams,1,0,0.0,1,1,0,0,0,1,8.0,8.0,0.0%,DB,2015
68,69,Duke Williams,3,1,0.0,0,0,0,0,0,1,7.8,7.8,0.0%,DB,2015
69,70,Larry Asante,4,0,0.0,1,0,0,0,0,1,7.5,7.5,0.0%,DB,2015
70,71,Dre Kirkpatrick,4,0,0.0,1,0,0,0,0,1,7.5,7.5,0.0%,DB,2015
71,72,Trae Waynes,3,0,0.0,2,0,0,0,0,1,7.5,7.5,0.0%,DB,2015
72,73,Darrelle Revis,3,2,0.0,1,0,0,0,0,1,7.5,7.5,0.0%,DB,2015
73,74,Ibraheim Campbell,4,1,0.0,0,0,0,0,0,1,6.8,6.8,0.0%,DB,2015
74,75,Kyle Fuller,4,1,0.0,0,0,0,0,0,1,6.8,6.8,0.0%,DB,2015
75,76,Kemal Ishmael,3,3,0.0,0,0,0,0,0,1,6.8,6.8,0.0%,DB,2015
76,77,Desmond Trufant,3,1,0.0,1,0,0,0,0,1,6.8,6.8,0.0%,DB,2015
77,78,Justin Coleman,2,1,0.0,2,0,0,0,0,1,6.8,6.8,0.0%,DB,2015
78,79,Nickell Robey-Coleman,3,0,0.0,1,0,0,0,0,1,6.0,6.0,0.0%,DB,2015
79,80,Brandon Flowers,4,0,0.0,0,0,0,0,0,1,6.0,6.0,0.0%,DB,2015
80,81,Jalen Collins,4,0,0.0,0,0,0,0,0,1,6.0,6.0,0.0%,DB,2015
81,82,Demetri Goodson,3,2,0.0,0,0,0,0,0,1,6.0,6.0,0.0%,DB,2015
82,83,Adrian Amos,3,0,0.0,1,0,0,0,0,1,6.0,6.0,0.2%,DB,2015
83,84,Delvin Breaux,2,0,0.0,2,0,0,0,0,1,6.0,6.0,0.0%,DB,2015
84,85,Trenton Robinson,4,0,0.0,0,0,0,0,0,1,6.0,6.0,0.0%,DB,2015
85,86,Bradley Roby,2,2,0.0,1,0,0,0,0,1,6.0,6.0,0.0%,DB,2015
86,87,George Iloka,4,0,0.0,0,0,0,0,0,1,6.0,6.0,0.0%,DB,2015
87,88,Josh Norman,3,0,0.0,1,0,0,0,0,1,6.0,6.0,3.0%,DB,2015
88,89,Eric Reid,4,0,0.0,0,0,0,0,0,1,6.0,6.0,0.0%,DB,2015
89,90,Stephon Gilmore,3,0,0.0,1,0,0,0,0,1,6.0,6.0,1.5%,DB,2015
90,91,Buster Skrine,2,2,0.0,1,0,0,0,0,1,6.0,6.0,0.0%,DB,2015
91,92,William Gay,2,0,0.0,0,0,0,0,0,1,5.5,5.5,0.1%,DB,2015
92,93,K'Waun Williams,3,1,0.0,0,0,0,0,0,1,5.3,5.3,0.0%,DB,2015
93,94,Byron Maxwell,3,1,0.0,0,0,0,0,0,1,5.3,5.3,0.0%,DB,2015
94,95,Bryce Callahan,2,1,0.0,1,0,0,0,0,1,5.3,5.3,0.0%,DB,2015
95,96,Devin McCourty,3,1,0.0,0,0,0,0,0,1,5.3,5.3,4.4%,DB,2015
96,97,Chris Maragos,3,1,0.0,0,0,0,0,0,1,5.3,5.3,0.0%,DB,2015
97,98,Ha Ha,2,3,0.0,0,0,0,0,0,1,5.3,5.3,0.0%,DB,2015
98,99,Tashaun Gipson,3,1,0.0,0,0,0,0,0,1,5.3,5.3,0.4%,DB,2015
99,100,Michael J.,3,1,0.0,0,0,0,0,0,1,5.3,5.3,0.0%,DB,2015
100,101,Brandon Carr,3,1,0.0,0,0,0,0,0,1,5.3,5.3,0.0%,DB,2015
101,102,Adam Jones,1,0,0.0,2,0,0,0,0,1,4.5,4.5,0.0%,DB,2015
102,103,Coty Sensabaugh,2,2,0.0,0,0,0,0,0,1,4.5,4.5,0.0%,DB,2015
103,104,Gregory Toler,2,0,0.0,1,0,0,0,0,1,4.5,4.5,0.0%,DB,2015
104,105,Patrick Chung,1,2,0.0,1,0,0,0,0,1,4.5,4.5,0.0%,DB,2015
105,106,Xavier Rhodes,2,0,0.0,1,0,0,0,0,1,4.5,4.5,0.0%,DB,2015
106,107,Antrel Rolle,3,0,0.0,0,0,0,0,0,1,4.5,4.5,0.0%,DB,2015
107,108,Cody Riggs,3,0,0.0,0,0,0,0,0,1,4.5,4.5,0.0%,DB,2015
108,109,Marcus Gilchrist,3,0,0.0,0,0,0,0,0,1,4.5,4.5,0.0%,DB,2015
109,110,Pierre Desir,2,2,0.0,0,0,0,0,0,1,4.5,4.5,0.0%,DB,2015
110,111,Craig Mager,2,0,0.0,1,0,0,0,0,1,4.5,4.5,0.0%,DB,2015
111,112,Dominique Rodgers-Cromartie,3,0,0.0,0,0,0,0,0,1,4.5,4.5,0.0%,DB,2015
112,113,Bradley McDougald,3,0,0.0,0,0,0,0,0,1,4.5,4.5,0.0%,DB,2015
113,114,Leon Hall,2,0,0.0,1,0,0,0,0,1,4.5,4.5,0.0%,DB,2015
114,115,Vontae Davis,3,0,0.0,0,0,0,0,0,1,4.5,4.5,0.0%,DB,2015
115,116,Jamar Taylor,3,0,0.0,0,0,0,0,0,1,4.5,4.5,0.0%,DB,2015
116,117,Davon House,1,1,0.0,1,0,0,0,0,1,3.8,3.8,0.0%,DB,2015
117,118,Taylor Mays,0,1,0.0,2,0,0,0,0,1,3.8,3.8,0.0%,DB,2015
118,119,Da'Norris Searcy,2,1,0.0,0,0,0,0,0,1,3.8,3.8,0.0%,DB,2015
119,120,Darian Stewart,1,3,0.0,0,0,0,0,0,1,3.8,3.8,0.0%,DB,2015
120,121,Chris Harris,2,1,0.0,0,0,0,0,0,1,3.8,3.8,0.0%,DB,2015
121,122,Neiko Thorpe,2,1,0.0,0,0,0,0,0,1,3.8,3.8,0.0%,DB,2015
122,123,Sergio Brown,2,1,0.0,0,0,0,0,0,1,3.8,3.8,0.0%,DB,2015
123,124,Chris Culliver,2,0,0.0,0,0,0,0,0,1,3.0,3.0,0.0%,DB,2015
124,125,Reggie Nelson,2,0,0.0,0,0,0,0,0,1,3.0,3.0,0.0%,DB,2015
125,126,Rontez Miles,2,0,0.0,0,0,0,0,0,1,3.0,3.0,4.0%,DB,2015
126,127,Kyle Wilson,2,0,0.0,0,0,0,0,0,1,3.0,3.0,0.0%,DB,2015
127,128,Walter Thurmond,2,0,0.0,0,0,0,0,0,1,3.0,3.0,0.0%,DB,2015
128,129,Justin Gilbert,1,0,0.0,1,0,0,0,0,1,3.0,3.0,0.0%,DB,2015
129,130,Patrick Robinson,2,0,0.0,0,0,0,0,0,1,3.0,3.0,0.0%,DB,2015
130,131,Robert Golden,2,0,0.0,0,0,0,0,0,1,3.0,3.0,6.0%,DB,2015
131,132,Jayron Hosley,1,0,0.0,1,0,0,0,0,1,3.0,3.0,0.0%,DB,2015
132,133,Jimmy Wilson,2,0,0.0,0,0,0,0,0,1,3.0,3.0,0.0%,DB,2015
133,134,Casey Hayward,1,2,0.0,0,0,0,0,0,1,3.0,3.0,0.0%,DB,2015
134,135,Terence Newman,2,0,0.0,0,0,0,0,0,1,3.0,3.0,0.0%,DB,2015
135,136,Craig Dahl,2,0,0.0,0,0,0,0,0,1,3.0,3.0,0.0%,DB,2015
136,137,Brandon Browner,1,2,0.0,0,0,0,0,0,1,3.0,3.0,0.0%,DB,2015
137,138,Brandon Meriweather,1,1,0.0,0,0,0,0,0,1,2.3,2.3,0.0%,DB,2015
138,139,Perrish Cox,1,1,0.0,0,0,0,0,0,1,2.3,2.3,0.0%,DB,2015
139,140,Colt Anderson,1,1,0.0,0,0,0,0,0,1,2.3,2.3,0.0%,DB,2015
140,141,Chris Davis,1,0,0.0,0,0,0,0,0,1,1.5,1.5,0.0%,DB,2015
141,142,Trumaine McBride,1,0,0.0,0,0,0,0,0,1,1.5,1.5,0.0%,DB,2015
142,143,Darqueze Dennard,1,0,0.0,0,0,0,0,0,1,1.5,1.5,0.0%,DB,2015
143,144,E.J. Biggers,0,0,0.0,1,0,0,0,0,1,1.5,1.5,0.0%,DB,2015
144,145,Kayvon Webster,1,0,0.0,0,0,0,0,0,1,1.5,1.5,0.0%,DB,2015
145,146,Aqib Talib,0,0,0.0,1,0,0,0,0,1,1.5,1.5,0.0%,DB,2015
146,147,Peyton Thompson,1,0,0.0,0,0,0,0,0,1,1.5,1.5,0.0%,DB,2015
147,148,Dwayne Gratz,1,0,0.0,0,0,0,0,0,1,1.5,1.5,0.0%,DB,2015
148,149,Robenson Therezie,1,0,0.0,0,0,0,0,0,1,1.5,1.5,1.0%,DB,2015
149,150,Ricardo Allen,1,0,0.0,0,0,0,0,0,1,1.5,1.5,0.0%,DB,2015
150,151,Brice McCain,1,0,0.0,0,0,0,0,0,1,1.5,1.5,0.0%,DB,2015
151,152,Micah Hyde,1,0,0.0,0,0,0,0,0,1,1.5,1.5,1.2%,DB,2015
152,153,Walt Aikens,0,1,0.0,0,0,0,0,0,1,0.8,0.8,0.0%,DB,2015
153,154,Duron Harmon,0,1,0.0,0,0,0,0,0,1,0.8,0.8,0.0%,DB,2015
154,155,Lamarcus Joyner,0,1,0.0,0,0,0,0,0,1,0.8,0.8,0.0%,DB,2015
155,156,Josh Evans,0,1,0.0,0,0,0,0,0,1,0.8,0.8,0.0%,DB,2015
156,157,De'Ante Saunders,0,1,0.0,0,0,0,0,0,1,0.8,0.8,0.0%,DB,2015
157,158,Bashaud Breeland,0,1,0.0,0,0,0,0,0,1,0.8,0.8,1.0%,DB,2015
158,159,Dexter McDougle,0,0,0.0,0,0,0,0,0,1,0.0,0.0,0.0%,DB,2015
159,160,Keith McGill,0,0,0.0,0,0,0,0,0,1,0.0,0.0,0.0%,DB,2015
160,161,Marqueston Huff,0,0,0.0,0,0,0,0,0,1,0.0,0.0,0.0%,DB,2015
161,162,Tre Boston,0,0,0.0,0,0,0,0,0,1,0.0,0.0,1.0%,DB,2015
162,163,Don Jones,0,0,0.0,0,0,0,0,0,1,0.0,0.0,2.0%,DB,2015
163,164,Ray-Ray Armstrong,0,0,0.0,0,0,0,1,0,1,0.0,0.0,0.0%,DB,2015
164,165,Chris Banjo,0,0,0.0,0,0,0,0,0,1,0.0,0.0,0.0%,DB,2015
165,166,Rashaan Melvin,0,0,0.0,0,0,0,0,0,1,0.0,0.0,0.0%,DB,2015
166,167,Cody Davis,0,0,0.0,0,0,0,0,0,1,0.0,0.0,0.0%,DB,2015
167,168,Teddy Williams,0,0,0.0,0,0,0,0,0,1,0.0,0.0,0.0%,DB,2015
168,169,Antone Exum,0,0,0.0,0,0,0,0,0,1,0.0,0.0,0.0%,DB,2015
169,170,Demetrius McCray,0,0,0.0,0,0,0,0,0,1,0.0,0.0,0.0%,DB,2015
170,171,Christian Bryant,0,0,0.0,0,0,0,0,0,1,0.0,0.0,0.0%,DB,2015
171,172,Daimion Stafford,0,0,0.0,0,0,0,0,0,1,0.0,0.0,4.0%,DB,2015
172,173,Nate Ebner,0,0,0.0,0,0,0,0,0,1,0.0,0.0,0.0%,DB,2015
173,174,Winston Guy,0,0,0.0,0,0,0,0,0,1,0.0,0.0,0.0%,DB,2015
174,175,Tony Carter,0,0,0.0,0,0,0,0,0,1,0.0,0.0,0.0%,DB,2015
175,176,Brandon Boykin,0,0,0.0,0,0,0,0,0,1,0.0,0.0,0.0%,DB,2015
176,177,Harrison Smith,0,0,0.0,0,0,0,0,0,1,0.0,0.0,18.9%,DB,2015
177,178,Tavon Wilson,0,0,0.0,0,0,0,0,0,1,0.0,0.0,0.0%,DB,2015
178,179,Omar Bolden,0,0,0.0,0,0,0,0,0,1,0.0,0.0,0.0%,DB,2015
179,180,Ron Brooks,0,0,0.0,0,0,0,0,0,1,0.0,0.0,0.0%,DB,2015
180,181,Robert Blanton,0,0,0.0,0,0,0,0,0,1,0.0,0.0,0.0%,DB,2015
181,182,Shawn Williams,0,0,0.0,0,0,0,0,0,1,0.0,0.0,10.0%,DB,2015
182,183,Shamarko Thomas,0,0,0.0,0,0,0,0,0,1,0.0,0.0,0.0%,DB,2015
183,184,Bacarri Rambo,0,0,0.0,0,0,0,0,0,1,0.0,0.0,0.0%,DB,2015
184,185,Jonathan Meeks,0,0,0.0,0,0,0,0,0,1,0.0,0.0,1.0%,DB,2015
185,186,Johnson Bademosi,0,0,0.0,0,0,0,0,0,1,0.0,0.0,0.0%,DB,2015
186,187,Johnthan Banks,0,0,0.0,0,0,0,0,0,1,0.0,0.0,0.0%,DB,2015
187,188,Marcus Roberson,0,0,0.0,0,0,0,0,0,1,0.0,0.0,0.0%,DB,2015
188,189,Brian Dixon,0,0,0.0,0,0,0,0,0,1,0.0,0.0,0.0%,DB,2015
189,190,Eric Rowe,0,0,0.0,0,0,0,0,0,1,0.0,0.0,0.2%,DB,2015
190,191,Josh Shaw,0,0,0.0,0,0,0,0,0,1,0.0,0.0,0.0%,DB,2015
191,192,Tramain Jacobs,0,0,0.0,0,0,0,0,0,1,0.0,0.0,0.0%,DB,2015
192,193,Dewey McDonald,0,0,0.0,0,0,0,0,0,1,0.0,0.0,0.0%,DB,2015
193,194,Adrian Phillips,0,0,0.0,0,0,0,0,0,1,0.0,0.0,0.7%,DB,2015
194,195,Kyle Nelson,0,0,0.0,0,0,0,0,0,1,0.0,0.0,0.0%,DB,2015
195,196,Jerome Couplin,0,0,0.0,0,0,0,0,0,1,0.0,0.0,0.0%,DB,2015
196,197,Greg Ducre,0,0,0.0,0,0,0,0,0,1,0.0,0.0,0.0%,DB,2015
197,198,Tyler Patmon,0,0,0.0,0,0,0,0,0,1,0.0,0.0,0.0%,DB,2015
198,199,Marcus Sherels,0,0,0.0,0,0,0,0,0,1,0.0,0.0,0.0%,DB,2015
199,200,Bobby McCain,0,0,0.0,0,0,0,0,0,1,0.0,0.0,0.0%,DB,2015
200,201,Tim Jennings,0,0,0.0,0,0,0,0,0,1,0.0,0.0,0.0%,DB,2015
201,202,Chris Prosinski,0,0,0.0,0,0,0,0,0,1,0.0,0.0,4.0%,DB,2015
202,203,Charles Clay,0,0,0.0,0,0,0,0,0,1,0.0,0.0,0.0%,DB,2015
203,204,Colin Jones,0,0,0.0,0,0,0,0,0,1,0.0,0.0,5.0%,DB,2015
204,205,Jamarca Sanford,0,0,0.0,0,0,0,0,0,1,0.0,0.0,0.0%,DB,2015
205,206,Darrin Walls,0,0,0.0,0,0,0,0,0,1,0.0,0.0,0.0%,DB,2015
206,207,Sherrick McManis,0,0,0.0,0,0,0,0,0,1,0.0,0.0,0.0%,DB,2015
207,208,Danny McCray,0,0,0.0,0,0,0,0,0,1,0.0,0.0,0.0%,DB,2015
208,209,Charles Godfrey,0,0,0.0,0,0,0,0,0,1,0.0,0.0,0.0%,DB,2015
209,210,Mike Jenkins,0,0,0.0,0,0,0,0,0,1,0.0,0.0,0.0%,DB,2015
210,211,Alan Ball,0,0,0.0,0,0,0,0,0,1,0.0,0.0,0.0%,DB,2015
211,212,Zackary Bowman,0,0,0.0,0,0,0,0,0,1,0.0,0.0,0.0%,DB,2015
212,213,Keenan Lewis,0,0,0.0,0,0,0,0,0,1,0.0,0.0,0.0%,DB,2015
213,214,David Bruton,0,0,0.0,0,0,0,0,0,1,0.0,0.0,0.0%,DB,2015
214,215,Sherrod Martin,0,0,0.0,0,0,0,0,0,1,0.0,0.0,0.0%,DB,2015
215,216,Brandon King,0,0,0.0,0,0,0,0,0,1,0.0,0.0,0.0%,DB,2015
216,217,LaDarius Gunter,0,0,0.0,0,0,0,0,0,1,0.0,0.0,0.0%,DB,2015
217,218,Akeem King,0,0,0.0,0,0,0,0,0,1,0.0,0.0,0.0%,DB,2015
218,219,Nick Marshall,0,0,0.0,0,0,0,0,0,1,0.0,0.0,0.0%,DB,2015
219,220,Derron Smith,0,0,0.0,0,0,0,0,0,1,0.0,0.0,0.0%,DB,2015
220,221,Quinton Dunbar,0,0,0.0,0,0,0,0,0,1,0.0,0.0,0.0%,DB,2015
221,222,Clayton Geathers,0,0,0.0,0,0,0,0,0,1,0.0,0.0,0.0%,DB,2015
222,223,Jordan Richards,0,0,0.0,0,0,0,0,0,1,0.0,0.0,0.0%,DB,2015
223,224,Deshazor Everett,0,0,0.0,0,0,0,0,0,1,0.0,0.0,0.0%,DB,2015
224,225,Tevin McDonald,0,0,0.0,0,0,0,0,0,1,0.0,0.0,0.0%,DB,2015
225,226,Jeff Richards,0,0,0.0,0,0,0,0,0,1,0.0,0.0,0.0%,DB,2015
