,Rank,Player,Tackle,Assist,Sack,Pass Defended,Interception,Forced Fumble,Fumble Recovery,Defend Touchdown,Games Played,Fantasy Football Points,FTPS/Game,ROST,Position,Year
0,1,J.J. Watt,5,3,3.0,2,0,1,1,0,1,40.3,40.3,4.2%,DL,2015
1,2,Everson Griffen,5,1,2.0,0,0,1,0,0,1,27.8,27.8,2.0%,DL,2015
2,3,Robert Ayers,4,3,1.0,0,0,0,0,0,1,19.8,19.8,0.0%,DL,2015
3,4,Stephon Tuitt,3,1,2.0,0,0,0,0,0,1,18.3,18.3,0.1%,DL,2015
4,5,Jaye Howard,3,1,1.0,0,0,0,0,0,1,16.8,16.8,0.0%,DL,2015
5,6,Sharrif Floyd,5,2,1.0,0,0,0,0,0,1,15.5,15.5,0.0%,DL,2015
6,7,Derrick Shelby,5,0,1.0,0,0,1,0,0,1,15.5,15.5,0.0%,DL,2015
7,8,William Hayes,5,0,0.0,0,0,0,0,0,1,15.0,15.0,2.0%,DL,2015
8,9,Roy Miller,3,3,1.0,0,0,1,0,0,1,14.8,14.8,0.0%,DL,2015
9,10,Lawrence Guy,3,2,1.5,0,0,0,0,0,1,14.5,14.5,4.0%,DL,2015
10,11,Damon Harrison,5,3,0.0,0,0,1,0,0,1,13.8,13.8,0.0%,DL,2015
11,12,Geno Atkins,3,0,1.0,0,0,0,0,0,1,13.5,13.5,0.0%,DL,2015
12,13,Derek Wolfe,3,0,1.0,0,0,0,0,0,1,13.5,13.5,0.0%,DL,2015
13,14,Sheldon Richardson,5,1,0.0,0,0,0,0,0,1,13.3,13.3,1.0%,DL,2015
14,15,Ezekiel Ansah,3,0,1.0,1,0,0,0,0,1,12.5,12.5,0.0%,DL,2015
15,16,Eugene Sims,2,0,0.0,1,1,0,0,0,1,12.0,12.0,0.0%,DL,2015
16,17,Jason Pierre-Paul,6,0,0.0,2,0,0,0,0,1,12.0,12.0,0.0%,DL,2015
17,18,Chris Baker,1,0,1.0,0,0,0,1,0,1,12.0,12.0,0.0%,DL,2015
18,19,Cameron Jordan,3,1,1.0,0,0,0,0,0,1,11.8,11.8,6.1%,DL,2015
19,20,Devin Taylor,3,1,1.0,0,0,0,0,0,1,11.8,11.8,0.0%,DL,2015
20,21,Melvin Ingram,3,0,1.0,2,0,0,0,0,1,11.5,11.5,0.0%,DL,2015
21,22,Cliff Avril,1,1,1.5,2,0,0,0,0,1,11.3,11.3,0.1%,DL,2015
22,23,Connor Barwin,2,0,1.0,0,0,1,0,0,1,11.0,11.0,0.0%,DL,2015
23,24,John Jenkins,2,0,0.0,0,0,1,1,0,1,11.0,11.0,1.7%,DL,2015
24,25,Kendall Langford,2,0,1.0,1,0,0,0,0,1,11.0,11.0,0.0%,DL,2015
25,26,Fletcher Cox,6,2,0.0,0,0,0,0,0,1,10.5,10.5,1.1%,DL,2015
26,27,Shelby Harris,2,1,1.0,0,0,0,0,0,1,10.3,10.3,1.1%,DL,2015
27,28,Tony McDaniel,1,3,1.0,0,0,0,0,0,1,10.3,10.3,0.0%,DL,2015
28,29,Dee Ford,2,1,1.0,0,0,0,0,0,1,10.3,10.3,0.0%,DL,2015
29,30,Alex Okafor,3,0,0.0,0,0,0,0,0,1,9.5,9.5,0.0%,DL,2015
30,31,Julius Peppers,2,0,1.0,0,0,0,0,0,1,9.5,9.5,0.1%,DL,2015
31,32,Mario Williams,2,0,1.0,0,0,0,0,0,1,9.5,9.5,0.0%,DL,2015
32,33,Rodney Gunter,6,0,0.0,0,0,0,0,0,1,9.0,9.0,0.1%,DL,2015
33,34,Ndamukong Suh,2,2,0.5,0,0,0,0,0,1,9.0,9.0,0.0%,DL,2015
34,35,Ryan Kerrigan,1,1,1.0,0,0,0,0,0,1,8.8,8.8,0.0%,DL,2015
35,36,Marcus Smith,1,1,1.0,0,0,0,0,0,1,8.8,8.8,0.0%,DL,2015
36,37,Olivier Vernon,3,3,0.5,0,0,0,0,0,1,8.8,8.8,6.0%,DL,2015
37,38,Malcom Brown,5,1,0.0,0,0,0,0,0,1,8.3,8.3,0.0%,DL,2015
38,39,C.J. Wilson,1,0,1.0,0,0,0,0,0,1,8.0,8.0,0.0%,DL,2015
39,40,Frank Kearse,1,0,1.0,0,0,0,0,0,1,8.0,8.0,0.0%,DL,2015
40,41,Chris Long,1,0,1.0,0,0,0,0,0,1,8.0,8.0,0.0%,DL,2015
41,42,T.Y. McGill,1,0,1.0,0,0,0,0,0,1,8.0,8.0,0.2%,DL,2015
42,43,Mario Addison,1,0,1.0,0,0,0,0,0,1,8.0,8.0,4.0%,DL,2015
43,44,Kyle Love,1,0,1.0,0,0,0,0,0,1,8.0,8.0,0.0%,DL,2015
44,45,Jonathan Babineaux,2,0,0.0,0,0,0,0,0,1,8.0,8.0,0.0%,DL,2015
45,46,Geneo Grissom,1,0,1.0,0,0,0,0,0,1,8.0,8.0,0.0%,DL,2015
46,47,Christian Covington,1,0,1.0,0,0,0,0,0,1,8.0,8.0,0.0%,DL,2015
47,48,Mike Devito,1,0,1.0,0,0,0,0,0,1,8.0,8.0,0.0%,DL,2015
48,49,Bobby Richardson,3,1,0.0,0,0,0,0,0,1,7.8,7.8,0.0%,DL,2015
49,50,Brandon Graham,3,1,0.0,0,0,0,0,0,1,7.8,7.8,2.2%,DL,2015
50,51,Jerry Hughes,2,1,0.0,1,0,0,0,0,1,7.8,7.8,1.0%,DL,2015
51,52,Beau Allen,4,2,0.0,0,0,0,0,0,1,7.5,7.5,0.0%,DL,2015
52,53,Muhammad Wilkerson,3,2,0.0,1,0,0,0,0,1,7.5,7.5,0.0%,DL,2015
53,54,Akiem Hicks,1,4,0.0,0,0,0,0,0,1,7.0,7.0,0.0%,DL,2015
54,55,George Selvie,2,0,0.0,0,0,0,1,0,1,7.0,7.0,0.0%,DL,2015
55,56,Justin Ellis,3,0,0.0,0,0,0,0,0,1,7.0,7.0,2.0%,DL,2015
56,57,Damion Square,2,0,0.0,0,0,0,1,0,1,7.0,7.0,0.0%,DL,2015
57,58,Leonard Williams,3,3,0.0,0,0,0,0,0,1,6.8,6.8,10.9%,DL,2015
58,59,Alan Branch,4,1,0.0,0,0,0,0,0,1,6.8,6.8,0.0%,DL,2015
59,60,Tim Jernigan,3,3,0.0,0,0,0,0,0,1,6.8,6.8,0.0%,DL,2015
60,61,Rob Ninkovich,4,1,0.0,0,0,0,0,0,1,6.8,6.8,0.0%,DL,2015
61,62,Jared Odrick,2,2,0.5,0,0,0,0,0,1,6.5,6.5,0.0%,DL,2015
62,63,Brooks Reed,2,1,0.0,0,0,0,0,0,1,6.3,6.3,0.0%,DL,2015
63,64,Stephen Bowen,2,1,0.0,0,0,0,0,0,1,6.3,6.3,0.0%,DL,2015
64,65,Jared Crick,1,1,0.0,1,0,0,0,0,1,6.3,6.3,0.0%,DL,2015
65,66,Zach Kerr,3,2,0.0,0,0,0,0,0,1,6.0,6.0,0.0%,DL,2015
66,67,Allen Bailey,2,0,0.0,0,0,0,0,0,1,5.5,5.5,0.0%,DL,2015
67,68,Haloti Ngata,1,0,1.0,0,0,0,0,0,1,5.5,5.5,0.0%,DL,2015
68,69,Tyrone Crawford,1,2,0.0,0,0,0,0,0,1,5.5,5.5,0.0%,DL,2015
69,70,Corbin Bryant,2,3,0.0,0,0,0,0,0,1,5.3,5.3,0.0%,DL,2015
70,71,Carlos Dunlap,3,1,0.0,0,0,0,0,0,1,5.3,5.3,3.0%,DL,2015
71,72,Tom Johnson,1,2,0.5,0,0,0,0,0,1,5.0,5.0,0.0%,DL,2015
72,73,Tyeler Davison,1,1,0.0,0,0,0,0,0,1,4.8,4.8,0.0%,DL,2015
73,74,Montori Hughes,1,1,0.0,0,0,0,0,0,1,4.8,4.8,0.0%,DL,2015
74,75,Marcell Dareus,3,0,0.0,0,0,0,0,0,1,4.5,4.5,0.0%,DL,2015
75,76,William Gholston,3,0,0.0,0,0,0,0,0,1,4.5,4.5,1.6%,DL,2015
76,77,Kony Ealy,3,0,0.0,0,0,0,0,0,1,4.5,4.5,0.0%,DL,2015
77,78,Andre Branch,2,2,0.0,0,0,0,0,0,1,4.5,4.5,0.0%,DL,2015
78,79,Jay Bromley,1,4,0.0,0,0,0,0,0,1,4.5,4.5,0.0%,DL,2015
79,80,Vance Walker,3,0,0.0,0,0,0,0,0,1,4.5,4.5,0.0%,DL,2015
80,81,DeMarcus Lawrence,2,2,0.0,0,0,0,0,0,1,4.5,4.5,12.7%,DL,2015
81,82,Sylvester Williams,3,0,0.0,0,0,0,0,0,1,4.5,4.5,0.0%,DL,2015
82,83,Caraun Reid,3,0,0.0,0,0,0,0,0,1,4.5,4.5,0.0%,DL,2015
83,84,Ed Stinson,3,0,0.0,0,0,0,0,0,1,4.5,4.5,0.0%,DL,2015
84,85,Aaron Donald,2,0,0.0,1,0,0,0,0,1,4.5,4.5,11.7%,DL,2015
85,86,Jack Crawford,2,2,0.0,0,0,0,0,0,1,4.5,4.5,0.0%,DL,2015
86,87,Mike Daniels,0,4,0.0,1,0,0,0,0,1,4.5,4.5,0.0%,DL,2015
87,88,Brandon Williams,2,2,0.0,0,0,0,0,0,1,4.5,4.5,0.2%,DL,2015
88,89,Mike Purcell,3,0,0.0,0,0,0,0,0,1,4.5,4.5,0.0%,DL,2015
89,90,Michael Bennett,1,1,0.5,0,0,0,0,0,1,4.3,4.3,0.0%,DL,2015
90,91,Steve McLendon,1,0,0.0,0,0,0,0,0,1,4.0,4.0,0.0%,DL,2015
91,92,Darius Philon,1,0,0.0,0,0,0,0,0,1,4.0,4.0,0.0%,DL,2015
92,93,Demarcus Dobbs,1,0,0.0,0,0,0,0,0,1,4.0,4.0,0.0%,DL,2015
93,94,Trent Murphy,1,0,0.0,0,0,0,0,0,1,4.0,4.0,0.0%,DL,2015
94,95,DaQuan Jones,2,1,0.0,0,0,0,0,0,1,3.8,3.8,0.7%,DL,2015
95,96,Kevin Williams,1,1,0.0,1,0,0,0,0,1,3.8,3.8,0.1%,DL,2015
96,97,Tank Carradine,1,2,0.0,0,0,0,0,0,1,3.8,3.8,0.0%,DL,2015
97,98,Nick Hayden,2,1,0.0,0,0,0,0,0,1,3.8,3.8,0.0%,DL,2015
98,99,Cedric Thornton,0,5,0.0,0,0,0,0,0,1,3.8,3.8,0.0%,DL,2015
99,100,Randy Starks,2,0,0.0,0,0,0,0,0,1,3.0,3.0,0.0%,DL,2015
100,101,Darryl Tapp,1,2,0.0,0,0,0,0,0,1,3.0,3.0,0.0%,DL,2015
101,102,Will Sutton,2,0,0.0,0,0,0,0,0,1,3.0,3.0,0.0%,DL,2015
102,103,Tyson Alualu,1,2,0.0,0,0,0,0,0,1,3.0,3.0,0.0%,DL,2015
103,104,Jordan Phillips,2,0,0.0,0,0,0,0,0,1,3.0,3.0,0.9%,DL,2015
104,105,Datone Jones,2,0,0.0,0,0,0,0,0,1,3.0,3.0,0.0%,DL,2015
105,106,Cullen Jenkins,1,2,0.0,0,0,0,0,0,1,3.0,3.0,0.0%,DL,2015
106,107,Kenrick Ellis,1,2,0.0,0,0,0,0,0,1,3.0,3.0,0.0%,DL,2015
107,108,Jordan Hill,2,0,0.0,0,0,0,0,0,1,3.0,3.0,0.0%,DL,2015
108,109,Jermelle Cudjo,2,0,0.0,0,0,0,0,0,1,3.0,3.0,0.0%,DL,2015
109,110,Bruce Irvin,1,0,0.0,1,0,0,0,0,1,3.0,3.0,0.2%,DL,2015
110,111,Ahtyba Rubin,2,0,0.0,0,0,0,0,0,1,3.0,3.0,0.0%,DL,2015
111,112,Kendall Reyes,2,0,0.0,0,0,0,0,0,1,3.0,3.0,0.0%,DL,2015
112,113,Letroy Guion,1,2,0.0,0,0,0,0,0,1,3.0,3.0,0.0%,DL,2015
113,114,Calais Campbell,2,0,0.0,0,0,0,0,0,1,3.0,3.0,3.1%,DL,2015
114,115,Taylor Hart,2,0,0.0,0,0,0,0,0,1,3.0,3.0,0.0%,DL,2015
115,116,Malik Jackson,2,0,0.0,0,0,0,0,0,1,3.0,3.0,0.0%,DL,2015
116,117,John Hughes,1,1,0.0,0,0,0,0,0,1,2.3,2.3,0.0%,DL,2015
117,118,Brent Urban,0,3,0.0,0,0,0,0,0,1,2.3,2.3,0.4%,DL,2015
118,119,Vinny Curry,1,1,0.0,0,0,0,0,0,1,2.3,2.3,0.0%,DL,2015
119,120,Kroy Biermann,1,1,0.0,0,0,0,0,0,1,2.3,2.3,0.0%,DL,2015
120,121,Ethan Westbrooks,1,1,0.0,0,0,0,0,0,1,2.3,2.3,0.0%,DL,2015
121,122,Tyson Jackson,0,3,0.0,0,0,0,0,0,1,2.3,2.3,0.0%,DL,2015
122,123,Mike Pennel,1,1,0.0,0,0,0,0,0,1,2.3,2.3,0.4%,DL,2015
123,124,Jonathan Newsome,1,1,0.0,0,0,0,0,0,1,2.3,2.3,0.0%,DL,2015
124,125,Damontre Moore,0,1,0.0,1,0,0,0,0,1,2.3,2.3,0.0%,DL,2015
125,126,Jurrell Casey,1,1,0.0,0,0,0,0,0,1,2.3,2.3,0.1%,DL,2015
126,127,Stacy McGee,1,1,0.0,0,0,0,0,0,1,2.3,2.3,0.0%,DL,2015
127,128,Aaron Lynch,1,1,0.0,0,0,0,0,0,1,2.3,2.3,0.0%,DL,2015
128,129,Dan Williams,1,1,0.0,0,0,0,0,0,1,2.3,2.3,0.0%,DL,2015
129,130,Gerald McCoy,1,1,0.0,0,0,0,0,0,1,2.3,2.3,0.0%,DL,2015
130,131,Tony Jerod-Eddie,1,1,0.0,0,0,0,0,0,1,2.3,2.3,0.0%,DL,2015
131,132,Joey Mbu,0,2,0.0,0,0,0,0,0,1,1.5,1.5,0.0%,DL,2015
132,133,Red Bryant,1,0,0.0,0,0,0,0,0,1,1.5,1.5,0.0%,DL,2015
133,134,Brandon Thompson,1,0,0.0,0,0,0,0,0,1,1.5,1.5,0.0%,DL,2015
134,135,Michael Johnson,0,2,0.0,0,0,0,0,0,1,1.5,1.5,0.0%,DL,2015
135,136,Michael Brockers,1,0,0.0,0,0,0,0,0,1,1.5,1.5,0.0%,DL,2015
136,137,Dontari Poe,1,0,0.0,0,0,0,0,0,1,1.5,1.5,0.0%,DL,2015
137,138,Brandon Mebane,1,0,0.0,0,0,0,0,0,1,1.5,1.5,0.0%,DL,2015
138,139,Kawann Short,0,2,0.0,0,0,0,0,0,1,1.5,1.5,0.0%,DL,2015
139,140,Domata Peko,0,2,0.0,0,0,0,0,0,1,1.5,1.5,0.0%,DL,2015
140,141,Frostee Rucker,1,0,0.0,0,0,0,0,0,1,1.5,1.5,0.0%,DL,2015
141,142,Danielle Hunter,1,0,0.0,0,0,0,0,0,1,1.5,1.5,52.9%,DL,2015
142,143,Arik Armstead,1,0,0.0,0,0,0,0,0,1,1.5,1.5,3.6%,DL,2015
143,144,Benson Mayowa,1,0,0.0,0,0,0,0,0,1,1.5,1.5,0.0%,DL,2015
144,145,Ian Williams,1,0,0.0,0,0,0,0,0,1,1.5,1.5,0.0%,DL,2015
145,146,Jabaal Sheard,0,2,0.0,0,0,0,0,0,1,1.5,1.5,0.0%,DL,2015
146,147,Greg Hardy,1,0,0.0,0,0,0,0,0,1,1.5,1.5,0.0%,DL,2015
147,148,Denico Autry,1,0,0.0,0,0,0,0,0,1,1.5,1.5,10.1%,DL,2015
148,149,Frank Clark,1,0,0.0,0,0,0,0,0,1,1.5,1.5,0.0%,DL,2015
149,150,Desmond Bryant,1,0,0.0,0,0,0,0,0,1,1.5,1.5,0.0%,DL,2015
150,151,Vince Wilfork,0,2,0.0,0,0,0,0,0,1,1.5,1.5,0.0%,DL,2015
151,152,Al Woods,1,0,0.0,0,0,0,0,0,1,1.5,1.5,0.0%,DL,2015
152,153,Cameron Heyward,1,0,0.0,0,0,0,0,0,1,1.5,1.5,23.1%,DL,2015
153,154,Henry Melton,0,2,0.0,0,0,0,0,0,1,1.5,1.5,0.0%,DL,2015
154,155,Dwan Edwards,1,0,0.0,0,0,0,0,0,1,1.5,1.5,0.0%,DL,2015
155,156,Ra'Shede Hageman,1,0,0.0,0,0,0,0,0,1,1.5,1.5,0.0%,DL,2015
156,157,Terrance Knighton,1,0,0.0,0,0,0,0,0,1,1.5,1.5,0.0%,DL,2015
157,158,Brandon Dunn,1,0,0.0,0,0,0,0,0,1,1.5,1.5,0.0%,DL,2015
158,159,Deandre Coleman,1,0,0.0,0,0,0,0,0,1,1.5,1.5,0.0%,DL,2015
159,160,Star Lotulelei,1,0,0.0,0,0,0,0,0,1,1.5,1.5,0.0%,DL,2015
160,161,Howard Jones,0,2,0.0,0,0,0,0,0,1,1.5,1.5,1.0%,DL,2015
161,162,Adrian Clayborn,1,0,0.0,0,0,0,0,0,1,1.5,1.5,0.0%,DL,2015
162,163,Da'Quan Bowers,0,2,0.0,0,0,0,0,0,1,1.5,1.5,0.0%,DL,2015
163,164,Brandon Bair,1,0,0.0,0,0,0,0,0,1,1.5,1.5,0.0%,DL,2015
164,165,Justin Staples,0,0,0.0,1,0,0,0,0,1,1.5,1.5,0.0%,DL,2015
165,166,Karl Klug,0,1,0.0,0,0,0,0,0,1,0.8,0.8,0.0%,DL,2015
166,167,George Johnson,0,1,0.0,0,0,0,0,0,1,0.8,0.8,0.0%,DL,2015
167,168,B.J. Raji,0,1,0.0,0,0,0,0,0,1,0.8,0.8,0.0%,DL,2015
168,169,Wallace Gilberry,0,1,0.0,0,0,0,0,0,1,0.8,0.8,0.0%,DL,2015
169,170,Charles Johnson,0,1,0.0,0,0,0,0,0,1,0.8,0.8,0.0%,DL,2015
170,171,Ryan Davis,0,1,0.0,0,0,0,0,0,1,0.8,0.8,0.0%,DL,2015
171,172,Jacquies Smith,0,1,0.0,0,0,0,0,0,1,0.8,0.8,0.0%,DL,2015
172,173,Stefan Charles,0,1,0.0,0,0,0,0,0,1,0.8,0.8,0.0%,DL,2015
173,174,Jamie Meder,0,1,0.0,0,0,0,0,0,1,0.8,0.8,0.0%,DL,2015
174,175,Randy Gregory,0,1,0.0,0,0,0,0,0,1,0.8,0.8,2.2%,DL,2015
175,176,Kedric Golston,0,1,0.0,0,0,0,0,0,1,0.8,0.8,0.0%,DL,2015
176,177,Jeremy Mincey,0,1,0.0,0,0,0,0,0,1,0.8,0.8,0.0%,DL,2015
177,178,Angelo Blackson,0,1,0.0,0,0,0,0,0,1,0.8,0.8,0.2%,DL,2015
178,179,Danny Shelton,0,1,0.0,0,0,0,0,0,1,0.8,0.8,0.0%,DL,2015
179,180,Kerry Hyder,0,0,0.0,0,0,0,0,0,1,0.0,0.0,2.0%,DL,2015
180,181,Alejandro Villanueva,0,0,0.0,0,0,0,0,0,1,0.0,0.0,0.0%,DL,2015
181,182,Brandon Copeland,0,0,0.0,0,0,0,0,0,1,0.0,0.0,0.0%,DL,2015
182,183,Sammie Lee,0,0,0.0,0,0,0,0,0,1,0.0,0.0,0.0%,DL,2015
183,184,Shaquil Barrett,2,0,0.0,0,0,1,0,0,1,0.0,0.0,8.4%,DL,2015
184,185,Davon Coleman,0,0,0.0,0,0,0,0,0,1,0.0,0.0,0.0%,DL,2015
185,186,Cordarro Law,1,0,0.0,0,0,0,0,0,1,0.0,0.0,0.0%,DL,2015
186,187,Kyle Van,1,0,0.0,0,0,0,0,0,1,0.0,0.0,8.2%,DL,2015
187,188,Daniel McCullers,0,0,0.0,0,0,0,0,0,1,0.0,0.0,0.0%,DL,2015
188,189,Khalil Mack,7,3,0.0,0,0,0,0,0,1,0.0,0.0,52.8%,DL,2015
189,190,Jeremiah Attaochu,2,0,0.0,0,0,0,0,0,1,0.0,0.0,0.0%,DL,2015
190,191,Kareem Martin,1,0,0.0,0,0,0,0,0,1,0.0,0.0,0.0%,DL,2015
191,192,Cassius Marsh,0,0,0.0,0,0,0,0,0,1,0.0,0.0,1.0%,DL,2015
192,193,Ryan Carrethers,0,0,0.0,0,0,0,0,0,1,0.0,0.0,0.0%,DL,2015
193,194,Nick Williams,0,0,0.0,0,0,0,0,0,1,0.0,0.0,3.0%,DL,2015
194,195,Lerentee McCray,0,0,0.0,0,0,0,0,0,1,0.0,0.0,4.0%,DL,2015
195,196,Earl Okine,2,1,0.0,0,0,0,0,0,1,0.0,0.0,0.0%,DL,2015
196,197,Terrence Fede,0,0,0.0,0,0,0,0,0,1,0.0,0.0,0.0%,DL,2015
197,198,Obum Gwacham,0,0,0.0,0,0,0,0,0,1,0.0,0.0,0.0%,DL,2015
198,199,Leon Orr,0,0,0.0,0,0,0,0,0,1,0.0,0.0,0.0%,DL,2015
199,200,Kristjan Sokoli,0,0,0.0,0,0,0,0,0,1,0.0,0.0,0.0%,DL,2015
200,201,Max Valles,0,0,0.0,0,0,0,0,0,1,0.0,0.0,0.0%,DL,2015
201,202,Richard Ash,0,0,0.0,0,0,0,0,0,1,0.0,0.0,0.0%,DL,2015
202,203,Brad Bars,0,0,0.0,0,0,0,0,0,1,0.0,0.0,0.0%,DL,2015
203,204,David Parry,0,0,0.0,0,0,0,0,0,1,0.0,0.0,0.0%,DL,2015
204,205,Anthony Chickillo,0,0,0.0,0,0,0,0,0,1,0.0,0.0,0.0%,DL,2015
205,206,Casey Walker,0,0,0.0,0,0,0,0,0,1,0.0,0.0,0.0%,DL,2015
206,207,Bruce Gaston,0,0,0.0,0,0,0,0,0,1,0.0,0.0,0.0%,DL,2015
207,208,Kasim Edebali,0,0,0.0,0,0,0,0,0,1,0.0,0.0,0.0%,DL,2015
208,209,Eli Harold,3,0,0.0,0,0,0,0,0,1,0.0,0.0,0.0%,DL,2015
209,210,Carl Davis,0,0,0.0,0,0,0,0,0,1,0.0,0.0,1.1%,DL,2015
210,211,Preston Smith,1,0,1.0,1,0,0,0,0,1,0.0,0.0,11.1%,DL,2015
211,212,Xavier Cooper,0,0,0.0,0,0,0,0,0,1,0.0,0.0,0.0%,DL,2015
212,213,Grady Jarrett,0,0,0.0,0,0,0,0,0,1,0.0,0.0,5.7%,DL,2015
213,214,Hau'oli Kikaha,1,0,0.0,0,0,0,0,0,1,0.0,0.0,0.0%,DL,2015
214,215,Za'Darius Smith,0,2,0.5,0,0,0,0,0,1,0.0,0.0,5.4%,DL,2015
215,216,Bud Dupree,2,0,0.0,0,0,0,0,0,1,0.0,0.0,1.3%,DL,2015
216,217,Vic Beasley,0,0,0.0,0,0,0,0,0,1,0.0,0.0,0.0%,DL,2015
217,218,Michael Bennett,0,0,0.0,0,0,0,0,0,1,0.0,0.0,0.0%,DL,2015
218,219,Nate Orchard,2,1,0.0,0,0,0,0,0,1,0.0,0.0,0.0%,DL,2015
219,220,Chris Clemons,0,0,0.0,0,0,0,0,0,1,0.0,0.0,0.0%,DL,2015
220,221,Jared Allen,3,2,0.0,0,0,0,0,0,1,0.0,0.0,0.0%,DL,2015
221,222,Antonio Smith,0,0,0.0,0,0,0,0,0,1,0.0,0.0,0.0%,DL,2015
222,223,Brian Robison,0,0,0.0,0,0,0,0,0,1,0.0,0.0,0.0%,DL,2015
223,224,Tamba Hali,1,0,0.0,0,0,0,0,0,1,0.0,0.0,2.0%,DL,2015
224,225,Barry Cofield,0,0,0.0,0,0,0,0,0,1,0.0,0.0,0.0%,DL,2015
225,226,Elvis Dumervil,2,1,0.0,0,0,0,0,0,1,0.0,0.0,0.0%,DL,2015
226,227,Ahmad Brooks,1,0,0.0,0,0,0,0,0,1,0.0,0.0,0.0%,DL,2015
227,228,Pernell McPhee,1,0,0.0,0,0,0,0,0,1,0.0,0.0,0.0%,DL,2015
228,229,Von Miller,1,0,1.0,0,0,0,0,0,1,0.0,0.0,2.5%,DL,2015
229,230,Cory Redding,0,0,0.0,0,0,0,0,0,1,0.0,0.0,0.0%,DL,2015
230,231,Dwight Freeney,1,0,1.0,0,0,0,0,0,1,0.0,0.0,0.0%,DL,2015
231,232,Jerel Worthy,0,0,0.0,0,0,0,0,0,1,0.0,0.0,0.0%,DL,2015
232,233,Courtney Upshaw,3,1,0.0,0,0,0,0,0,1,0.0,0.0,0.0%,DL,2015
233,234,Greg Scruggs,3,0,1.0,0,0,0,0,0,1,0.0,0.0,0.2%,DL,2015
234,235,Whitney Mercilus,3,2,3.5,0,0,1,1,0,1,0.0,0.0,0.2%,DL,2015
235,236,Cam Johnson,2,1,0.0,0,0,0,0,0,1,0.0,0.0,0.0%,DL,2015
236,237,Mitch Unrein,0,0,0.0,0,0,0,0,0,1,0.0,0.0,0.0%,DL,2015
237,238,Justin Trattou,0,0,0.0,0,0,0,0,0,1,0.0,0.0,0.0%,DL,2015
238,239,Quinton Coples,0,0,0.0,0,0,0,0,0,1,0.0,0.0,0.0%,DL,2015
239,240,Will Tukuafu,0,0,0.0,0,0,0,0,0,1,0.0,0.0,0.0%,DL,2015
240,241,Margus Hunt,0,0,0.0,0,0,0,0,0,1,0.0,0.0,0.0%,DL,2015
241,242,Stansly Maponga,0,0,0.0,0,0,0,0,0,1,0.0,0.0,1.0%,DL,2015
242,243,Barkevious Mingo,0,0,0.0,0,0,0,0,0,1,0.0,0.0,6.0%,DL,2015
243,244,John Simon,4,1,0.5,0,0,0,0,0,1,0.0,0.0,0.0%,DL,2015
244,245,Ishmaa'ily Kitchen,0,0,0.0,0,0,0,0,0,1,0.0,0.0,0.0%,DL,2015
245,246,Bjoern Werner,0,0,0.0,0,0,0,0,0,1,0.0,0.0,0.0%,DL,2015
246,247,Leger Douzable,0,0,0.0,0,0,0,0,0,1,0.0,0.0,0.0%,DL,2015
247,248,Clay Matthews,2,1,1.0,0,0,0,0,0,1,0.0,0.0,0.0%,DL,2015
248,249,Paul Kruger,0,0,0.0,0,0,0,0,0,1,0.0,0.0,0.0%,DL,2015
249,250,Cam Thomas,0,0,0.0,0,0,0,0,0,1,0.0,0.0,0.0%,DL,2015
250,251,Arthur Moats,6,0,1.0,0,0,0,1,0,1,0.0,0.0,0.0%,DL,2015
251,252,Dekoda Watson,0,0,0.0,0,0,0,0,0,1,0.0,0.0,0.0%,DL,2015
252,253,Ricardo Mathews,0,0,0.0,0,0,0,0,0,1,0.0,0.0,0.0%,DL,2015
253,254,D'Anthony Smith,0,0,0.0,0,0,0,0,0,1,0.0,0.0,0.0%,DL,2015
254,255,Mike Neal,2,0,0.0,0,0,0,0,0,1,0.0,0.0,0.0%,DL,2015
255,256,Ricky Jean-Francois,0,0,0.0,0,0,0,0,0,1,0.0,0.0,0.0%,DL,2015
256,257,Willie Young,0,0,0.0,0,0,0,0,0,1,0.0,0.0,0.0%,DL,2015
257,258,Lamarr Houston,4,0,2.0,0,0,0,0,0,1,0.0,0.0,0.0%,DL,2015
258,259,John Denney,0,0,0.0,0,0,0,0,0,1,0.0,0.0,0.0%,DL,2015
