,Rank,Player,Field Goals,Field Attempts,Percentage,Longest Field,1-19 Yards,20-29 Yards,30-39 Yards,40-49 Yards,50+ Yards,Extra Points Made,Extra Points Attempted,Games Played,Fantasy Football Points,FTPS/Game,ROST,Position,Year
0,1,Stephen Gostkowski,4,5,80.0,43,0,0,2,2,0,3,3,1,17.0,17.0,0.1%,K,2015
1,2,Stephen Hauschka,3,3,100.0,49,0,1,1,1,0,3,3,1,13.0,13.0,0.0%,K,2015
2,3,Connor Barth,3,3,100.0,53,0,1,1,0,1,2,2,1,13.0,13.0,0.0%,K,2015
3,4,Shayne Graham,3,3,100.0,46,0,0,2,1,0,2,2,1,12.0,12.0,0.0%,K,2015
4,5,Dan Bailey,3,3,100.0,50,0,1,1,0,1,1,1,1,12.0,12.0,0.0%,K,2015
5,6,Mason Crosby,3,4,75.0,33,0,2,1,0,0,3,3,1,12.0,12.0,0.1%,K,2015
6,7,Cairo Santos,2,2,100.0,53,0,0,1,0,1,4,4,1,12.0,12.0,26.1%,K,2015
7,8,Chris Boswell,2,2,100.0,41,0,1,0,1,0,4,4,1,11.0,11.0,17.2%,K,2015
8,9,Nick Novak,3,4,75.0,46,0,1,1,1,0,1,1,1,11.0,11.0,0.1%,K,2015
9,10,Kai Forbath,2,2,100.0,45,0,1,0,1,0,3,3,1,10.0,10.0,3.0%,K,2015
10,11,Blair Walsh,1,1,100.0,53,0,0,0,0,1,5,5,1,10.0,10.0,0.1%,K,2015
11,12,Chandler Catanzaro,2,2,100.0,38,0,1,1,0,0,4,5,1,10.0,10.0,0.0%,K,2015
12,13,Graham Gano,1,2,50.0,43,0,0,0,1,0,5,5,1,9.0,9.0,1.3%,K,2015
13,14,Randy Bullock,2,3,66.7,40,0,0,1,1,0,1,2,1,8.0,8.0,0.1%,K,2015
14,15,Sebastian Janikowski,2,2,100.0,30,0,1,1,0,0,2,2,1,8.0,8.0,20.0%,K,2015
15,16,Robbie Gould,1,1,100.0,51,0,0,0,0,1,2,2,1,7.0,7.0,0.1%,K,2015
16,17,Greg Zuerlein,1,1,100.0,19,1,0,0,0,0,4,4,1,7.0,7.0,43.3%,K,2015
17,18,Travis Coons,2,2,100.0,37,0,0,2,0,0,1,1,1,7.0,7.0,1.1%,K,2015
18,19,Jason Myers,1,1,100.0,42,0,0,0,1,0,2,2,1,6.0,6.0,32.0%,K,2015
19,20,Mike Nugent,1,1,100.0,22,0,1,0,0,0,3,3,1,6.0,6.0,1.0%,K,2015
20,21,Josh Lambo,1,2,50.0,28,0,1,0,0,0,3,4,1,6.0,6.0,0.1%,K,2015
21,22,Ryan Succop,1,1,100.0,49,0,0,0,1,0,1,2,1,5.0,5.0,0.0%,K,2015
22,23,Caleb Sturgis,1,1,100.0,36,0,0,1,0,0,2,2,1,5.0,5.0,0.0%,K,2015
23,24,Dustin Hopkins,0,0,0.0,0,0,0,0,0,0,5,5,1,5.0,5.0,29.7%,K,2015
24,25,Josh Brown,0,0,0.0,0,0,0,0,0,0,5,5,1,5.0,5.0,0.0%,K,2015
25,26,Matt Prater,0,1,0.0,0,0,0,0,0,0,5,5,1,5.0,5.0,1.7%,K,2015
26,27,Dan Carpenter,1,1,100.0,32,0,0,1,0,0,2,2,1,5.0,5.0,0.2%,K,2015
27,28,Adam Vinatieri,1,1,100.0,29,0,1,0,0,0,1,1,1,4.0,4.0,0.2%,K,2015
28,29,Brandon McManus,0,0,0.0,0,0,0,0,0,0,3,4,1,3.0,3.0,18.2%,K,2015
29,30,Andrew Franks,0,0,0.0,0,0,0,0,0,0,2,2,1,2.0,2.0,0.0%,K,2015
30,31,Phil Dawson,0,1,0.0,0,0,0,0,0,0,2,2,1,2.0,2.0,0.1%,K,2015
31,32,Justin Tucker,0,0,0.0,0,0,0,0,0,0,2,2,1,2.0,2.0,98.7%,K,2015
32,33,Jordan Gay,0,0,0.0,0,0,0,0,0,0,0,0,1,0.0,0.0,0.0%,K,2015
33,34,Jonathan Brown,0,0,0.0,0,0,0,0,0,0,0,0,1,0.0,0.0,0.0%,K,2015
