,Rank,Player,Tackle,Assist,Sack,Pass Defended,Interception,Forced Fumble,Fumble Recovery,Defend Touchdown,Games Played,Fantasy Football Points,FTPS/Game,ROST,Position,Year
0,1,D'Qwell Jackson,6,1,1.0,2,1,0,0,1,1,32.8,32.8,0.0%,LB,2015
1,2,Lavonte David,6,0,0.0,2,2,0,0,1,1,28.0,28.0,52.4%,LB,2015
2,3,Deone Bucannon,8,0,1.0,0,0,0,1,0,1,25.0,25.0,0.0%,LB,2015
3,4,Tamba Hali,5,0,2.0,0,0,0,0,0,1,23.0,23.0,2.0%,LB,2015
4,5,C.J. Mosley,7,5,0.0,0,0,0,1,0,1,20.8,20.8,65.7%,LB,2015
5,6,Kelvin Sheppard,10,4,0.0,0,0,0,0,0,1,20.5,20.5,1.0%,LB,2015
6,7,Rolando McClain,3,0,0.0,1,1,0,0,1,1,19.5,19.5,0.0%,LB,2015
7,8,Mark Barron,7,1,0.0,0,0,0,0,0,1,18.8,18.8,0.0%,LB,2015
8,9,Courtney Upshaw,4,1,1.0,0,0,1,1,0,1,18.8,18.8,0.0%,LB,2015
9,10,Paul Worrilow,4,2,0.0,1,1,0,1,0,1,18.0,18.0,0.0%,LB,2015
10,11,Danny Trevathan,7,1,0.0,1,1,0,0,0,1,17.8,17.8,0.0%,LB,2015
11,12,Jerrell Freeman,7,2,0.0,1,0,0,1,0,1,17.5,17.5,0.1%,LB,2015
12,13,Ben Heeney,5,2,1.0,1,0,0,0,0,1,17.0,17.0,0.0%,LB,2015
13,14,Khalil Mack,8,0,0.0,0,0,0,0,0,1,17.0,17.0,52.8%,LB,2015
14,15,Joshua Mauga,6,1,1.0,0,0,0,0,0,1,16.3,16.3,0.0%,LB,2015
15,16,Telvin Smith,8,1,0.0,0,0,0,0,0,1,15.3,15.3,0.1%,LB,2015
16,17,Brian Orakpo,2,0,1.0,1,0,1,0,0,1,15.0,15.0,0.0%,LB,2015
17,18,Luke Kuechly,4,1,0.0,0,0,1,1,0,1,14.8,14.8,92.3%,LB,2015
18,19,Derrick Johnson,8,1,0.0,1,0,0,0,0,1,14.3,14.3,0.0%,LB,2015
19,20,Clay Matthews,6,0,0.0,0,0,0,0,0,1,14.0,14.0,0.0%,LB,2015
20,21,Wesley Woodyard,4,2,1.0,0,0,0,0,0,1,14.0,14.0,0.0%,LB,2015
21,22,Justin Houston,1,0,0.0,1,1,0,0,1,1,14.0,14.0,0.0%,LB,2015
22,23,Jeremiah Attaochu,5,2,0.5,0,0,0,0,0,1,13.5,13.5,0.0%,LB,2015
23,24,Kwon Alexander,8,2,0.0,0,0,0,0,0,1,13.5,13.5,1.1%,LB,2015
24,25,Mychal Kendricks,4,1,0.0,0,0,1,0,0,1,13.3,13.3,0.0%,LB,2015
25,26,Thomas Davis,3,1,0.0,0,0,1,1,0,1,13.3,13.3,0.0%,LB,2015
26,27,Denzel Perryman,3,3,1.0,0,0,0,0,0,1,13.3,13.3,11.8%,LB,2015
27,28,Kevin Minter,7,3,0.0,0,0,0,0,0,1,12.8,12.8,0.0%,LB,2015
28,29,Markus Golden,3,0,1.0,0,0,1,0,0,1,12.5,12.5,0.5%,LB,2015
29,30,Avery Williamson,3,2,1.0,0,0,0,0,0,1,12.5,12.5,0.0%,LB,2015
30,31,Von Miller,3,0,1.0,0,0,1,0,0,1,12.5,12.5,2.5%,LB,2015
31,32,Justin Durant,7,2,0.0,0,0,0,0,0,1,12.0,12.0,0.0%,LB,2015
32,33,Willie Young,3,1,1.0,0,0,0,0,0,1,11.8,11.8,0.0%,LB,2015
33,34,Erik Walden,3,1,0.0,0,0,1,0,0,1,11.8,11.8,0.0%,LB,2015
34,35,Jonathan Freeny,4,2,0.0,0,0,0,1,0,1,11.5,11.5,0.0%,LB,2015
35,36,K.J. Wright,2,4,0.0,1,0,1,0,0,1,11.5,11.5,0.0%,LB,2015
36,37,Vontaze Burfict,7,1,0.0,0,0,0,0,0,1,11.3,11.3,0.0%,LB,2015
37,38,David Harris,5,3,0.0,1,0,0,0,0,1,11.3,11.3,4.0%,LB,2015
38,39,Christian Jones,6,3,0.0,0,0,0,0,0,1,11.3,11.3,0.0%,LB,2015
39,40,Neville Hewitt,2,2,0.0,1,1,0,0,0,1,11.0,11.0,0.0%,LB,2015
40,41,Eric Kendricks,4,3,0.0,0,0,0,0,0,1,10.8,10.8,32.1%,LB,2015
41,42,Malcolm Smith,4,1,1.0,0,0,0,0,0,1,10.8,10.8,0.0%,LB,2015
42,43,Perry Riley,5,4,0.0,0,0,0,0,0,1,10.5,10.5,0.0%,LB,2015
43,44,Brandon Marshall,7,0,0.0,0,0,0,0,0,1,10.5,10.5,0.0%,LB,2015
44,45,Preston Brown,5,4,0.0,0,0,0,0,0,1,10.5,10.5,0.0%,LB,2015
45,46,Paul Posluszny,7,0,0.0,0,0,0,0,0,1,10.5,10.5,4.7%,LB,2015
46,47,Preston Smith,2,1,1.0,0,0,0,0,0,1,10.3,10.3,11.1%,LB,2015
47,48,Manny Lawson,2,1,1.0,0,0,0,0,0,1,10.3,10.3,0.0%,LB,2015
48,49,Ahmad Brooks,2,1,1.0,0,0,0,0,0,1,10.3,10.3,0.0%,LB,2015
49,50,Jerod Mayo,5,0,0.0,0,0,0,0,0,1,10.0,10.0,0.0%,LB,2015
50,51,Will Compton,2,7,0.0,1,0,0,0,0,1,9.8,9.8,0.0%,LB,2015
51,52,Bobby Wagner,3,5,0.0,1,0,0,0,0,1,9.8,9.8,72.4%,LB,2015
52,53,Navorro Bowman,4,5,0.0,0,0,0,0,0,1,9.8,9.8,0.1%,LB,2015
53,54,Zach Brown,2,0,0.0,1,1,0,0,0,1,9.5,9.5,0.0%,LB,2015
54,55,Brian Cushing,4,1,0.0,0,0,0,0,0,1,9.3,9.3,0.0%,LB,2015
55,56,Nate Palmer,3,1,1.0,0,0,0,0,0,1,9.3,9.3,0.0%,LB,2015
56,57,Michael Wilhoite,3,6,0.0,0,0,0,0,0,1,9.0,9.0,0.0%,LB,2015
57,58,Manti Te'o,4,1,0.5,0,0,0,0,0,1,8.8,8.8,0.1%,LB,2015
58,59,David Bass,3,0,0.0,0,0,0,1,0,1,8.5,8.5,0.0%,LB,2015
59,60,Emmanuel Lamur,2,0,0.0,1,0,1,0,0,1,8.5,8.5,0.0%,LB,2015
60,61,O'Brien Schofield,3,0,0.0,0,0,1,0,0,1,8.5,8.5,0.0%,LB,2015
61,62,Dont'a Hightower,4,0,0.0,0,0,0,0,0,1,8.5,8.5,1.0%,LB,2015
62,63,Anthony Barr,5,1,0.0,0,0,0,0,0,1,8.3,8.3,0.0%,LB,2015
63,64,Dwight Freeney,1,0,1.0,0,0,0,0,0,1,8.0,8.0,0.0%,LB,2015
64,65,A.J. Klein,3,1,0.0,0,0,0,0,0,1,7.8,7.8,0.0%,LB,2015
65,66,Shea McClellin,4,2,0.0,0,0,0,0,0,1,7.5,7.5,0.0%,LB,2015
66,67,Aaron Lynch,1,2,0.5,0,0,0,0,0,1,7.5,7.5,0.0%,LB,2015
67,68,James Laurinaitis,2,6,0.0,0,0,0,0,0,1,7.5,7.5,0.0%,LB,2015
68,69,Elvis Dumervil,1,2,0.0,0,0,0,1,0,1,7.0,7.0,0.0%,LB,2015
69,70,Shaquil Barrett,3,0,0.0,1,0,0,0,0,1,6.0,6.0,8.4%,LB,2015
70,71,Benardrick McKinney,3,2,0.0,0,0,0,0,0,1,6.0,6.0,0.0%,LB,2015
71,72,Shaq Thompson,2,2,0.0,1,0,0,0,0,1,6.0,6.0,14.8%,LB,2015
72,73,Sam Acho,3,2,0.0,0,0,0,0,0,1,6.0,6.0,0.0%,LB,2015
73,74,Bruce Carter,4,0,0.0,0,0,0,0,0,1,6.0,6.0,0.0%,LB,2015
74,75,Nigel Bradham,3,2,0.0,0,0,0,0,0,1,6.0,6.0,0.0%,LB,2015
75,76,Sean Lee,4,0,0.0,0,0,0,0,0,1,6.0,6.0,0.0%,LB,2015
76,77,Demario Davis,2,4,0.0,0,0,0,0,0,1,6.0,6.0,22.3%,LB,2015
77,78,Calvin Pace,2,0,0.0,0,0,0,0,0,1,5.5,5.5,0.0%,LB,2015
78,79,Josh Bynes,2,1,0.0,1,0,0,0,0,1,5.3,5.3,0.0%,LB,2015
79,80,Jared Allen,1,1,0.0,0,0,0,0,0,1,4.8,4.8,0.0%,LB,2015
80,81,Vincent Rey,2,0,0.0,1,0,0,0,0,1,4.5,4.5,0.0%,LB,2015
81,82,Michael Morgan,2,2,0.0,0,0,0,0,0,1,4.5,4.5,0.0%,LB,2015
82,83,Joe Mays,2,2,0.0,0,0,0,0,0,1,4.5,4.5,0.0%,LB,2015
83,84,Jonathan Anderson,3,0,0.0,0,0,0,0,0,1,4.5,4.5,0.0%,LB,2015
84,85,John Simon,1,1,0.5,0,0,0,0,0,1,4.3,4.3,0.0%,LB,2015
85,86,Mike Neal,1,1,0.5,0,0,0,0,0,1,4.3,4.3,0.0%,LB,2015
86,87,Houston Bates,1,0,0.0,0,0,0,0,0,1,4.0,4.0,0.0%,LB,2015
87,88,Albert McClellan,0,0,0.0,0,0,0,1,0,1,4.0,4.0,0.0%,LB,2015
88,89,Chandler Jones,1,0,0.0,0,0,0,0,0,1,4.0,4.0,0.5%,LB,2015
89,90,Stephen Tulloch,2,1,0.0,0,0,0,0,0,1,3.8,3.8,0.0%,LB,2015
90,91,Zach Vigil,2,1,0.0,0,0,0,0,0,1,3.8,3.8,0.0%,LB,2015
91,92,Lamarr Houston,2,0,0.0,0,0,0,0,0,1,3.0,3.0,0.0%,LB,2015
92,93,Trent Cole,1,2,0.0,0,0,0,0,0,1,3.0,3.0,0.0%,LB,2015
93,94,A.J. Hawk,2,0,0.0,0,0,0,0,0,1,3.0,3.0,0.0%,LB,2015
94,95,Thurston Armbrister,2,0,0.0,0,0,0,0,0,1,3.0,3.0,0.0%,LB,2015
95,96,IK Enemkpali,1,2,0.0,0,0,0,0,0,1,3.0,3.0,0.0%,LB,2015
96,97,Tahir Whitehead,2,0,0.0,0,0,0,0,0,1,3.0,3.0,0.0%,LB,2015
97,98,DeMeco Ryans,2,0,0.0,0,0,0,0,0,1,3.0,3.0,0.0%,LB,2015
98,99,Nate Stupar,2,0,0.0,0,0,0,0,0,1,3.0,3.0,0.0%,LB,2015
99,100,Daryl Smith,1,1,0.0,0,0,0,0,0,1,2.3,2.3,0.0%,LB,2015
100,101,Curtis Lofton,1,1,0.0,0,0,0,0,0,1,2.3,2.3,0.0%,LB,2015
101,102,Rey Maualuga,1,1,0.0,0,0,0,0,0,1,2.3,2.3,0.0%,LB,2015
102,103,D.J. Alexander,1,1,0.0,0,0,0,0,0,1,2.3,2.3,0.0%,LB,2015
103,104,Matt Longacre,0,3,0.0,0,0,0,0,0,1,2.3,2.3,0.0%,LB,2015
104,105,Donald Butler,1,0,0.0,0,0,0,0,0,1,1.5,1.5,0.0%,LB,2015
105,106,Pernell McPhee,1,0,0.0,0,0,0,0,0,1,1.5,1.5,0.0%,LB,2015
106,107,Corey Nelson,1,0,0.0,0,0,0,0,0,1,1.5,1.5,0.0%,LB,2015
107,108,Nate Irving,1,0,0.0,0,0,0,0,0,1,1.5,1.5,0.0%,LB,2015
108,109,Dan Skuta,1,0,0.0,0,0,0,0,0,1,1.5,1.5,0.0%,LB,2015
109,110,Kiko Alonso,1,0,0.0,0,0,0,0,0,1,1.5,1.5,0.0%,LB,2015
110,111,Chad Greenway,1,0,0.0,0,0,0,0,0,1,1.5,1.5,0.0%,LB,2015
111,112,Vic Beasley,1,0,0.0,0,0,0,0,0,1,1.5,1.5,0.0%,LB,2015
112,113,Corey Lemonier,1,0,0.0,0,0,0,0,0,1,1.5,1.5,2.0%,LB,2015
113,114,Whitney Mercilus,0,2,0.0,0,0,0,0,0,1,1.5,1.5,0.2%,LB,2015
114,115,Jayrone Elliott,1,0,0.0,0,0,0,0,0,1,1.5,1.5,0.0%,LB,2015
115,116,Joe Thomas,1,0,0.0,0,0,0,0,0,1,1.5,1.5,1.0%,LB,2015
116,117,Danny Lansanah,0,0,0.0,1,0,0,0,0,1,1.5,1.5,0.0%,LB,2015
117,118,Shane Ray,0,1,0.0,0,0,0,0,0,1,0.8,0.8,1.0%,LB,2015
118,119,Akeem Ayers,0,1,0.0,0,0,0,0,0,1,0.8,0.8,0.0%,LB,2015
119,120,Mason Foster,0,1,0.0,0,0,0,0,0,1,0.8,0.8,0.0%,LB,2015
120,121,Ray-Ray Armstrong,0,0,0.0,0,0,0,0,0,1,0.0,0.0,0.0%,LB,2015
121,122,Benson Mayowa,2,0,1.0,0,0,0,0,0,1,0.0,0.0,0.0%,LB,2015
122,123,Justin Tuggle,0,0,0.0,0,0,0,0,0,1,0.0,0.0,0.0%,LB,2015
123,124,Eric Martin,0,0,0.0,0,0,0,0,0,1,0.0,0.0,0.0%,LB,2015
124,125,Daren Bates,0,0,0.0,0,0,0,0,0,1,0.0,0.0,0.0%,LB,2015
125,126,Mike Catapano,0,0,0.0,0,0,0,0,0,1,0.0,0.0,0.0%,LB,2015
126,127,Kemal Ishmael,0,0,0.0,0,0,0,0,0,1,0.0,0.0,0.0%,LB,2015
127,128,Lerentee McCray,0,0,0.0,0,0,0,0,0,1,0.0,0.0,4.0%,LB,2015
128,129,LaRoy Reynolds,0,0,0.0,0,0,0,0,0,1,0.0,0.0,0.0%,LB,2015
129,130,Kareem Martin,0,0,0.0,0,0,0,0,0,1,0.0,0.0,0.0%,LB,2015
130,131,Cassius Marsh,1,0,0.0,0,0,0,0,0,1,0.0,0.0,1.0%,LB,2015
131,132,Maurice Alexander,0,0,0.0,0,0,0,0,0,1,0.0,0.0,0.0%,LB,2015
132,133,Anthony Hitchens,0,0,0.0,0,0,0,0,0,1,0.0,0.0,1.0%,LB,2015
133,134,Kevin Pierre-Louis,0,0,0.0,0,0,0,0,0,1,0.0,0.0,0.0%,LB,2015
134,135,Jeremiah George,0,0,0.0,0,0,0,0,0,1,0.0,0.0,0.0%,LB,2015
135,136,Jonathan Newsome,1,0,0.0,0,0,0,0,0,1,0.0,0.0,0.0%,LB,2015
136,137,Jordan Tripp,0,0,0.0,0,0,0,0,0,1,0.0,0.0,0.0%,LB,2015
137,138,Marcus Smith,0,0,0.0,0,0,0,0,0,1,0.0,0.0,0.0%,LB,2015
138,139,Ryan Davis,1,0,1.0,0,0,0,0,0,1,0.0,0.0,0.0%,LB,2015
139,140,Josh McNary,0,0,0.0,0,0,0,0,0,1,0.0,0.0,0.0%,LB,2015
140,141,Daniel Adongo,0,0,0.0,0,0,0,0,0,1,0.0,0.0,0.0%,LB,2015
141,142,Jadeveon Clowney,1,1,0.5,1,0,0,0,0,1,0.0,0.0,22.5%,LB,2015
142,143,Dominique Easley,1,1,0.5,0,0,0,0,0,1,0.0,0.0,0.0%,LB,2015
143,144,Lamin Barrow,0,0,0.0,0,0,0,0,0,1,0.0,0.0,0.0%,LB,2015
144,145,Kyle Van,0,0,0.0,0,0,0,0,0,1,0.0,0.0,8.2%,LB,2015
145,146,Max Bullough,0,0,0.0,0,0,0,0,0,1,0.0,0.0,0.0%,LB,2015
146,147,Nick Moody,0,0,0.0,0,0,0,0,0,1,0.0,0.0,0.0%,LB,2015
147,148,Dezman Moses,0,0,0.0,0,0,0,0,0,1,0.0,0.0,0.0%,LB,2015
148,149,Steven Johnson,0,0,0.0,0,0,0,0,0,1,0.0,0.0,0.0%,LB,2015
149,150,Korey Toomer,0,0,0.0,0,0,0,0,0,1,0.0,0.0,0.0%,LB,2015
150,151,Najee Goode,0,0,0.0,0,0,0,0,0,1,0.0,0.0,0.0%,LB,2015
151,152,Quinton Coples,0,0,0.0,0,0,0,0,0,1,0.0,0.0,0.0%,LB,2015
152,153,Melvin Ingram,6,0,0.0,0,0,0,0,0,1,0.0,0.0,0.0%,LB,2015
153,154,Nick Perry,0,0,0.0,0,0,0,0,0,1,0.0,0.0,0.0%,LB,2015
154,155,Andre Branch,1,1,1.0,0,0,0,0,0,1,0.0,0.0,0.0%,LB,2015
155,156,Travis Lewis,0,0,0.0,0,0,0,0,0,1,0.0,0.0,0.0%,LB,2015
156,157,Kyle Wilber,0,0,0.0,0,0,0,0,0,1,0.0,0.0,0.0%,LB,2015
157,158,James-Michael Johnson,0,0,0.0,0,0,0,0,0,1,0.0,0.0,0.0%,LB,2015
158,159,Gerald Hodges,0,0,0.0,0,0,0,0,0,1,0.0,0.0,0.0%,LB,2015
159,160,Jon Bostic,0,0,0.0,0,0,0,0,0,1,0.0,0.0,0.0%,LB,2015
160,161,Arthur Brown,0,0,0.0,0,0,0,0,0,1,0.0,0.0,0.0%,LB,2015
161,162,Eric Pinkins,0,0,0.0,0,0,0,0,0,1,0.0,0.0,0.0%,LB,2015
162,163,Ben Jacobs,0,0,0.0,0,0,0,0,0,1,0.0,0.0,0.0%,LB,2015
163,164,Justin Anderson,0,0,0.0,0,0,0,0,0,1,0.0,0.0,0.0%,LB,2015
164,165,Brandon Copeland,0,0,0.0,0,0,0,0,0,1,0.0,0.0,0.0%,LB,2015
165,166,Todd Davis,0,0,0.0,0,0,0,0,0,1,0.0,0.0,0.0%,LB,2015
166,167,Shayne Skov,0,0,0.0,0,0,0,0,0,1,0.0,0.0,0.0%,LB,2015
167,168,Zach Orr,0,0,0.0,0,0,0,0,0,1,0.0,0.0,0.0%,LB,2015
168,169,Brandon Watts,0,0,0.0,0,0,0,0,0,1,0.0,0.0,0.0%,LB,2015
169,170,Trevor Reilly,0,0,0.0,0,0,0,0,0,1,0.0,0.0,0.0%,LB,2015
170,171,Justin Staples,0,0,0.0,0,0,0,0,0,1,0.0,0.0,0.0%,LB,2015
171,172,Howard Jones,1,1,0.5,0,0,0,0,0,1,0.0,0.0,1.0%,LB,2015
172,173,Robert Mathis,0,0,0.0,0,0,0,0,0,1,0.0,0.0,0.0%,LB,2015
173,174,LaMarr Woodley,0,0,0.0,0,0,0,0,0,1,0.0,0.0,0.0%,LB,2015
174,175,Rob Ninkovich,4,2,1.5,0,0,1,0,0,1,0.0,0.0,0.0%,LB,2015
175,176,Andrew Gachkar,0,0,0.0,0,0,0,0,0,1,0.0,0.0,0.0%,LB,2015
176,177,Brooks Reed,0,1,0.0,0,0,0,0,0,1,0.0,0.0,0.0%,LB,2015
177,178,Chris Carter,0,0,0.0,0,0,0,0,0,1,0.0,0.0,0.0%,LB,2015
178,179,Derrick Morgan,0,0,0.0,0,0,0,0,0,1,0.0,0.0,0.0%,LB,2015
179,180,Sean Weatherspoon,0,0,0.0,0,0,0,0,0,1,0.0,0.0,0.0%,LB,2015
180,181,Bryan Braman,0,0,0.0,0,0,0,0,0,1,0.0,0.0,0.0%,LB,2015
181,182,Frank Zombo,0,0,0.0,0,0,0,0,0,1,0.0,0.0,3.0%,LB,2015
182,183,Nick Bellore,0,0,0.0,0,0,0,0,0,1,0.0,0.0,7.0%,LB,2015
183,184,Jamari Lattimore,0,0,0.0,0,0,0,0,0,1,0.0,0.0,0.0%,LB,2015
184,185,Erin Henderson,0,0,0.0,0,0,0,0,0,1,0.0,0.0,0.0%,LB,2015
185,186,Chris Long,0,0,0.0,0,0,0,0,0,1,0.0,0.0,0.0%,LB,2015
186,187,Philip Wheeler,0,0,0.0,0,0,0,0,0,1,0.0,0.0,1.0%,LB,2015
187,188,Kroy Biermann,3,3,1.0,0,0,0,0,0,1,0.0,0.0,0.0%,LB,2015
188,189,Jason Trusnik,0,0,0.0,0,0,0,0,0,1,0.0,0.0,0.0%,LB,2015
189,190,Lorenzo Alexander,0,0,0.0,0,0,0,0,0,1,0.0,0.0,3.0%,LB,2015
190,191,Lawrence Sidbury,0,0,0.0,0,0,0,0,0,1,0.0,0.0,0.0%,LB,2015
191,192,Connor Barwin,6,0,0.0,2,0,0,0,0,1,0.0,0.0,0.0%,LB,2015
192,193,Cameron Lynch,0,0,0.0,0,0,0,0,0,1,0.0,0.0,0.0%,LB,2015
193,194,Josh Keyes,0,0,0.0,0,0,0,0,0,1,0.0,0.0,0.0%,LB,2015
194,195,Nick Dzubnar,0,0,0.0,0,0,0,0,0,1,0.0,0.0,0.0%,LB,2015
195,196,Alani Fua,0,0,0.0,0,0,0,0,0,1,0.0,0.0,0.0%,LB,2015
196,197,Brandon King,0,0,0.0,0,0,0,0,0,1,0.0,0.0,0.0%,LB,2015
197,198,Tony Steward,0,0,0.0,0,0,0,0,0,1,0.0,0.0,0.0%,LB,2015
198,199,Geneo Grissom,0,0,0.0,0,0,0,0,0,1,0.0,0.0,0.0%,LB,2015
199,200,Hayes Pullard,0,0,0.0,0,0,0,0,0,1,0.0,0.0,0.0%,LB,2015
200,201,Za'Darius Smith,0,0,0.0,0,0,0,0,0,1,0.0,0.0,5.4%,LB,2015
201,202,Randy Gregory,1,0,0.0,0,0,0,0,0,1,0.0,0.0,2.2%,LB,2015
202,203,Brian Peters,0,0,0.0,0,0,0,0,0,1,0.0,0.0,0.0%,LB,2015
203,204,Eli Harold,0,0,0.0,0,0,0,0,0,1,0.0,0.0,0.0%,LB,2015
204,205,Danielle Hunter,3,0,0.0,0,0,0,0,0,1,0.0,0.0,52.9%,LB,2015
205,206,Lorenzo Mauldin,0,0,0.0,0,0,0,0,0,1,0.0,0.0,1.0%,LB,2015
206,207,A.J. Tarpley,0,0,0.0,0,0,0,0,0,1,0.0,0.0,0.0%,LB,2015
207,208,Mike Hull,0,0,0.0,0,0,0,0,0,1,0.0,0.0,0.0%,LB,2015
208,209,Bryce Hager,0,0,0.0,0,0,0,0,0,1,0.0,0.0,0.0%,LB,2015
209,210,Frank Clark,0,1,0.0,0,0,0,0,0,1,0.0,0.0,0.0%,LB,2015
210,211,Kyle Emanuel,0,0,0.0,0,0,0,0,0,1,0.0,0.0,0.0%,LB,2015
211,212,Damien Wilson,0,0,0.0,0,0,0,0,0,1,0.0,0.0,0.0%,LB,2015
212,213,David Mayo,0,0,0.0,0,0,0,0,0,1,0.0,0.0,0.2%,LB,2015
213,214,Jake Ryan,0,0,0.0,0,0,0,0,0,1,0.0,0.0,0.0%,LB,2015
214,215,Garrison Sanborn,0,0,0.0,0,0,0,0,0,1,0.0,0.0,0.0%,LB,2015
215,216,John Denney,0,0,0.0,0,0,0,0,0,1,0.0,0.0,0.0%,LB,2015
216,217,Brett Goode,0,0,0.0,0,0,0,0,0,1,0.0,0.0,0.0%,LB,2015
217,218,Kevin McDermott,0,0,0.0,0,0,0,0,0,1,0.0,0.0,0.0%,LB,2015
218,219,Andrew DePaola,0,0,0.0,0,0,0,0,0,1,0.0,0.0,0.0%,LB,2015
219,220,Josh Harris,0,0,0.0,0,0,0,0,0,1,0.0,0.0,0.0%,LB,2015
220,221,JJ Jansen,0,0,0.0,0,0,0,0,0,1,0.0,0.0,0.0%,LB,2015
221,222,Jake McQuaide,0,0,0.0,0,0,0,0,0,1,0.0,0.0,0.0%,LB,2015
222,223,Clint Gresham,0,0,0.0,0,0,0,0,0,1,0.0,0.0,0.0%,LB,2015
223,224,Don Muhlbach,0,0,0.0,0,0,0,0,0,1,0.0,0.0,0.0%,LB,2015
224,225,Nick Sundberg,0,0,0.0,0,0,0,0,0,1,0.0,0.0,0.0%,LB,2015
225,226,Carson Tinker,0,0,0.0,0,0,0,0,0,1,0.0,0.0,0.0%,LB,2015
226,227,Tanner Purdum,0,0,0.0,0,0,0,0,0,1,0.0,0.0,0.0%,LB,2015
227,228,Joe Cardona,0,0,0.0,0,0,0,0,0,1,0.0,0.0,0.0%,LB,2015
228,229,Morgan Cox,0,0,0.0,0,0,0,0,0,1,0.0,0.0,0.0%,LB,2015
229,230,Matt Overton,0,0,0.0,0,0,0,0,0,1,0.0,0.0,0.0%,LB,2015
230,231,Jon Weeks,0,0,0.0,0,0,0,0,0,1,0.0,0.0,0.0%,LB,2015
231,232,Aaron Brewer,0,0,0.0,0,0,0,0,0,1,0.0,0.0,0.0%,LB,2015
232,233,Mike Windt,0,0,0.0,0,0,0,0,0,1,0.0,0.0,0.0%,LB,2015
233,234,Jon Condo,0,0,0.0,0,0,0,0,0,1,0.0,0.0,0.0%,LB,2015
234,235,Thomas Gafford,0,0,0.0,0,0,0,0,0,1,0.0,0.0,0.0%,LB,2015
235,236,L.P. LaDouceur,0,0,0.0,0,0,0,0,0,1,0.0,0.0,0.0%,LB,2015
236,237,Jon Dorenbos,0,0,0.0,0,0,0,0,0,1,0.0,0.0,0.0%,LB,2015
