,Rank,Player,Tackle,Assist,Sack,Pass Defended,Interception,Forced Fumble,Fumble Recovery,Defend Touchdown,Games Played,Fantasy Football Points,FTPS/Game,ROST,Position,Year
0,1,Derrick Johnson,13,1,1.0,0,0,1,0,0,1,33.3,33.3,0.0%,LB,2015
1,2,James Harrison,6,1,3.0,1,0,1,0,0,1,32.3,32.3,0.0%,LB,2015
2,3,Von Miller,4,0,2.0,0,0,1,1,0,1,27.0,27.0,2.5%,LB,2015
3,4,Telvin Smith,7,2,2.0,0,0,1,0,0,1,26.5,26.5,0.1%,LB,2015
4,5,Stephone Anthony,4,6,0.0,0,0,1,1,1,1,24.5,24.5,0.0%,LB,2015
5,6,Lavonte David,6,5,0.0,1,1,0,0,0,1,24.3,24.3,52.4%,LB,2015
6,7,Sean Lee,6,7,1.0,0,0,0,0,0,1,23.3,23.3,0.0%,LB,2015
7,8,Khalil Mack,5,3,2.0,0,0,0,0,0,1,22.8,22.8,52.8%,LB,2015
8,9,Daryl Smith,9,0,1.0,0,0,0,0,0,1,22.5,22.5,0.0%,LB,2015
9,10,Paul Posluszny,10,3,0.0,0,0,0,0,0,1,22.3,22.3,4.7%,LB,2015
10,11,Kwon Alexander,6,4,1.0,1,0,1,0,0,1,21.5,21.5,1.1%,LB,2015
11,12,Thomas Davis,7,0,1.0,0,0,1,0,0,1,21.0,21.0,0.0%,LB,2015
12,13,D'Qwell Jackson,11,0,0.0,1,0,0,0,0,1,20.5,20.5,0.0%,LB,2015
13,14,Navorro Bowman,13,1,0.0,0,0,0,0,0,1,20.3,20.3,0.1%,LB,2015
14,15,Jake Ryan,6,4,0.0,0,0,0,1,0,1,18.5,18.5,0.0%,LB,2015
15,16,Paul Worrilow,6,3,0.0,0,0,1,0,0,1,17.8,17.8,0.0%,LB,2015
16,17,K.J. Wright,9,1,0.0,0,0,0,0,0,1,16.8,16.8,0.0%,LB,2015
17,18,Mason Foster,4,3,0.0,0,0,1,1,0,1,16.3,16.3,0.0%,LB,2015
18,19,Mark Barron,5,1,0.0,1,0,1,0,0,1,16.3,16.3,0.0%,LB,2015
19,20,Frank Zombo,2,0,2.0,0,0,0,0,0,1,16.0,16.0,3.0%,LB,2015
20,21,Danny Trevathan,2,0,0.0,1,1,0,0,1,1,15.5,15.5,0.0%,LB,2015
21,22,Vontaze Burfict,6,2,0.0,0,0,0,0,0,1,15.5,15.5,0.0%,LB,2015
22,23,Shea McClellin,9,0,0.0,1,0,0,0,0,1,15.0,15.0,0.0%,LB,2015
23,24,Koa Misi,3,4,0.0,0,0,0,0,0,1,15.0,15.0,0.0%,LB,2015
24,25,Denzel Perryman,10,0,0.0,0,0,0,0,0,1,15.0,15.0,11.8%,LB,2015
25,26,Shaquil Barrett,3,0,1.0,1,0,0,0,0,1,15.0,15.0,8.4%,LB,2015
26,27,Jasper Brinkley,5,0,0.0,0,0,1,0,0,1,14.0,14.0,0.0%,LB,2015
27,28,Jamie Collins,3,5,0.0,1,0,1,0,0,1,13.8,13.8,0.0%,LB,2015
28,29,James Anderson,7,4,0.0,0,0,0,0,0,1,13.5,13.5,0.0%,LB,2015
29,30,Vince Williams,5,2,0.0,0,0,0,1,0,1,13.0,13.0,0.1%,LB,2015
30,31,Malcolm Smith,4,0,0.0,0,0,1,0,0,1,12.5,12.5,0.0%,LB,2015
31,32,Jerod Mayo,2,2,1.0,1,0,0,0,0,1,12.5,12.5,0.0%,LB,2015
32,33,Willie Young,2,1,1.5,0,0,0,0,0,1,12.3,12.3,0.0%,LB,2015
33,34,Shane Ray,3,1,1.0,0,0,0,0,0,1,11.8,11.8,1.0%,LB,2015
34,35,Arthur Moats,2,1,1.0,1,0,0,0,0,1,11.8,11.8,0.0%,LB,2015
35,36,Mychal Kendricks,3,1,0.0,1,0,0,0,0,1,11.8,11.8,0.0%,LB,2015
36,37,Wesley Woodyard,0,2,0.0,0,0,0,1,1,1,11.5,11.5,0.0%,LB,2015
37,38,Akeem Ayers,6,0,0.0,0,0,0,0,0,1,11.5,11.5,0.0%,LB,2015
38,39,Craig Robertson,5,2,0.0,0,0,0,0,0,1,11.5,11.5,0.0%,LB,2015
39,40,Manny Lawson,7,1,0.0,0,0,0,0,0,1,11.3,11.3,0.0%,LB,2015
40,41,Lawrence Timmons,7,1,0.0,0,0,0,0,0,1,11.3,11.3,0.1%,LB,2015
41,42,Rolando McClain,5,5,0.0,0,0,0,0,0,1,11.3,11.3,0.0%,LB,2015
42,43,Joshua Mauga,3,0,0.0,1,1,0,0,0,1,11.0,11.0,0.0%,LB,2015
43,44,Gerald Hodges,5,1,0.0,0,0,0,0,0,1,10.8,10.8,0.0%,LB,2015
44,45,Bobby Wagner,7,0,0.0,0,0,0,0,0,1,10.5,10.5,72.4%,LB,2015
45,46,Preston Brown,5,4,0.0,0,0,0,0,0,1,10.5,10.5,0.0%,LB,2015
46,47,Jonathan Casillas,7,0,0.0,0,0,0,0,0,1,10.5,10.5,0.0%,LB,2015
47,48,Tamba Hali,3,1,0.0,0,0,0,0,0,1,10.3,10.3,2.0%,LB,2015
48,49,Stephen Tulloch,3,2,0.0,1,0,0,0,0,1,10.0,10.0,0.0%,LB,2015
49,50,Kelvin Sheppard,5,3,0.0,0,0,0,0,0,1,9.8,9.8,1.0%,LB,2015
50,51,David Harris,4,5,0.0,0,0,0,0,0,1,9.8,9.8,4.0%,LB,2015
51,52,Tahir Whitehead,3,0,0.0,0,0,0,0,0,1,9.5,9.5,0.0%,LB,2015
52,53,Nate Irving,2,1,0.0,1,0,1,0,0,1,9.3,9.3,0.0%,LB,2015
53,54,Hau'oli Kikaha,3,4,0.0,1,0,0,0,0,1,9.0,9.0,0.0%,LB,2015
54,55,Jelani Jenkins,3,4,0.0,1,0,0,0,0,1,9.0,9.0,0.0%,LB,2015
55,56,Justin Durant,5,0,0.0,1,0,0,0,0,1,9.0,9.0,0.0%,LB,2015
56,57,Rey Maualuga,3,0,0.0,0,0,0,1,0,1,8.5,8.5,0.0%,LB,2015
57,58,Curtis Lofton,4,0,0.0,0,0,0,0,0,1,8.5,8.5,0.0%,LB,2015
58,59,Chad Greenway,5,1,0.0,0,0,0,0,0,1,8.3,8.3,0.0%,LB,2015
59,60,John Simon,5,1,0.0,0,0,0,0,0,1,8.3,8.3,0.0%,LB,2015
60,61,Luke Kuechly,5,1,0.0,0,0,0,0,0,1,8.3,8.3,92.3%,LB,2015
61,62,Will Compton,4,3,0.0,0,0,0,0,0,1,8.3,8.3,0.0%,LB,2015
62,63,Paul Kruger,1,0,1.0,0,0,0,0,0,1,8.0,8.0,0.0%,LB,2015
63,64,Courtney Upshaw,2,1,0.0,0,0,0,1,0,1,7.8,7.8,0.0%,LB,2015
64,65,Eric Kendricks,3,4,0.0,0,0,0,0,0,1,7.5,7.5,32.1%,LB,2015
65,66,Ryan Shazier,4,2,0.0,0,0,0,0,0,1,7.5,7.5,0.1%,LB,2015
66,67,Manti Te'o,4,2,0.0,0,0,0,0,0,1,7.5,7.5,0.1%,LB,2015
67,68,Brian Orakpo,3,1,0.0,1,0,0,0,0,1,6.8,6.8,0.0%,LB,2015
68,69,Whitney Mercilus,3,1,0.0,1,0,0,0,0,1,6.8,6.8,0.2%,LB,2015
69,70,Demario Davis,4,1,0.0,0,0,0,0,0,1,6.8,6.8,22.3%,LB,2015
70,71,Jarvis Jones,0,0,0.0,1,1,0,0,0,1,6.5,6.5,0.0%,LB,2015
71,72,Elvis Dumervil,2,1,0.0,0,0,0,0,0,1,6.3,6.3,0.0%,LB,2015
72,73,Kiko Alonso,2,1,0.0,0,0,0,0,0,1,6.3,6.3,0.0%,LB,2015
73,74,C.J. Mosley,4,0,0.0,0,0,0,0,0,1,6.0,6.0,65.7%,LB,2015
74,75,Avery Williamson,2,4,0.0,0,0,0,0,0,1,6.0,6.0,0.0%,LB,2015
75,76,Najee Goode,0,0,0.0,0,0,0,0,0,1,6.0,6.0,0.0%,LB,2015
76,77,Vincent Rey,4,0,0.0,0,0,0,0,0,1,6.0,6.0,0.0%,LB,2015
77,78,Philip Wheeler,4,0,0.0,0,0,0,0,0,1,6.0,6.0,1.0%,LB,2015
78,79,Mike Neal,2,0,0.0,0,0,0,0,0,1,5.5,5.5,0.0%,LB,2015
79,80,A.J. Hawk,2,0,0.0,0,0,0,0,0,1,5.5,5.5,0.0%,LB,2015
80,81,David Bass,2,1,0.0,1,0,0,0,0,1,5.3,5.3,0.0%,LB,2015
81,82,Jonathan Freeny,2,3,0.0,0,0,0,0,0,1,5.3,5.3,0.0%,LB,2015
82,83,Josh Bynes,3,1,0.0,0,0,0,0,0,1,5.3,5.3,0.0%,LB,2015
83,84,Chandler Jones,3,1,0.0,0,0,0,0,0,1,5.3,5.3,0.5%,LB,2015
84,85,Karlos Dansby,2,3,0.0,0,0,0,0,0,1,5.3,5.3,0.1%,LB,2015
85,86,Christian Kirksey,3,1,0.0,0,0,0,0,0,1,5.3,5.3,0.1%,LB,2015
86,87,Deone Bucannon,2,1,0.0,1,0,0,0,0,1,5.3,5.3,0.0%,LB,2015
87,88,Kevin Minter,3,1,0.0,0,0,0,0,0,1,5.3,5.3,0.0%,LB,2015
88,89,Uani 'Unga,3,1,0.0,0,0,0,0,0,1,5.3,5.3,0.0%,LB,2015
89,90,Erin Henderson,3,1,0.0,0,0,0,0,0,1,5.3,5.3,0.0%,LB,2015
90,91,Robert Mathis,1,1,0.0,0,0,0,0,0,1,4.8,4.8,0.0%,LB,2015
91,92,Brian Cushing,3,0,0.0,0,0,0,0,0,1,4.5,4.5,0.0%,LB,2015
92,93,Zach Orr,3,0,0.0,0,0,0,0,0,1,4.5,4.5,0.0%,LB,2015
93,94,Brandon Marshall,3,0,0.0,0,0,0,0,0,1,4.5,4.5,0.0%,LB,2015
94,95,Aaron Lynch,3,0,0.0,0,0,0,0,0,1,4.5,4.5,0.0%,LB,2015
95,96,Nate Orchard,2,0,0.0,1,0,0,0,0,1,4.5,4.5,0.0%,LB,2015
96,97,Benardrick McKinney,2,2,0.0,0,0,0,0,0,1,4.5,4.5,0.0%,LB,2015
97,98,Ben Heeney,1,1,0.5,0,0,0,0,0,1,4.3,4.3,0.0%,LB,2015
98,99,Houston Bates,1,0,0.0,0,0,0,0,0,1,4.0,4.0,0.0%,LB,2015
99,100,Bud Dupree,1,0,0.0,0,0,0,0,0,1,4.0,4.0,1.3%,LB,2015
100,101,Kyle Emanuel,1,0,0.0,0,0,0,0,0,1,4.0,4.0,0.0%,LB,2015
101,102,Jonathan Anderson,1,0,0.0,0,0,0,0,0,1,4.0,4.0,0.0%,LB,2015
102,103,James Laurinaitis,1,3,0.0,0,0,0,0,0,1,3.8,3.8,0.0%,LB,2015
103,104,Jeremiah Attaochu,2,1,0.0,0,0,0,0,0,1,3.8,3.8,0.0%,LB,2015
104,105,Jason Trusnik,2,1,0.0,0,0,0,0,0,1,3.8,3.8,0.0%,LB,2015
105,106,Clay Matthews,2,1,0.0,0,0,0,0,0,1,3.8,3.8,0.0%,LB,2015
106,107,Cordarro Law,1,2,0.0,0,0,0,0,0,1,3.0,3.0,0.0%,LB,2015
107,108,Corey Nelson,2,0,0.0,0,0,0,0,0,1,3.0,3.0,0.0%,LB,2015
108,109,J.T. Thomas,2,0,0.0,0,0,0,0,0,1,3.0,3.0,0.0%,LB,2015
109,110,Pernell McPhee,1,0,0.0,1,0,0,0,0,1,3.0,3.0,0.0%,LB,2015
110,111,Joe Thomas,2,0,0.0,0,0,0,0,0,1,3.0,3.0,1.0%,LB,2015
111,112,Jordan Tripp,1,2,0.0,0,0,0,0,0,1,3.0,3.0,0.0%,LB,2015
112,113,Shaq Thompson,2,0,0.0,0,0,0,0,0,1,3.0,3.0,14.8%,LB,2015
113,114,Jared Allen,1,0,0.0,1,0,0,0,0,1,3.0,3.0,0.0%,LB,2015
114,115,Thurston Armbrister,1,2,0.0,0,0,0,0,0,1,3.0,3.0,0.0%,LB,2015
115,116,Sio Moore,2,0,0.0,0,0,0,0,0,1,3.0,3.0,0.0%,LB,2015
116,117,Armonty Bryant,2,0,0.0,0,0,0,0,0,1,3.0,3.0,0.0%,LB,2015
117,118,Danny Lansanah,1,1,0.0,0,0,0,0,0,1,2.3,2.3,0.0%,LB,2015
118,119,Mark Herzlich,1,1,0.0,0,0,0,0,0,1,2.3,2.3,1.0%,LB,2015
119,120,Tony Steward,1,1,0.0,0,0,0,0,0,1,2.3,2.3,0.0%,LB,2015
120,121,Kevin Reddick,1,1,0.0,0,0,0,0,0,1,2.3,2.3,0.0%,LB,2015
121,122,Neville Hewitt,1,1,0.0,0,0,0,0,0,1,2.3,2.3,0.0%,LB,2015
122,123,Paul Dawson,1,1,0.0,0,0,0,0,0,1,2.3,2.3,0.0%,LB,2015
123,124,Ahmad Brooks,1,1,0.0,0,0,0,0,0,1,2.3,2.3,0.0%,LB,2015
124,125,O'Brien Schofield,1,0,0.0,0,0,0,0,0,1,1.5,1.5,0.0%,LB,2015
125,126,Barkevious Mingo,1,0,0.0,0,0,0,0,0,1,1.5,1.5,6.0%,LB,2015
126,127,Kasim Edebali,1,0,0.0,0,0,0,0,0,1,1.5,1.5,0.0%,LB,2015
127,128,Christian Jones,1,0,0.0,0,0,0,0,0,1,1.5,1.5,0.0%,LB,2015
128,129,Donald Butler,1,0,0.0,0,0,0,0,0,1,1.5,1.5,0.0%,LB,2015
129,130,Lamarr Houston,1,0,0.0,0,0,0,0,0,1,1.5,1.5,0.0%,LB,2015
130,131,Emmanuel Lamur,1,0,0.0,0,0,0,0,0,1,1.5,1.5,0.0%,LB,2015
131,132,Chris Carter,1,0,0.0,0,0,0,0,0,1,1.5,1.5,0.0%,LB,2015
132,133,Preston Smith,1,0,0.0,0,0,0,0,0,1,1.5,1.5,11.1%,LB,2015
133,134,Markus Golden,1,0,0.0,0,0,0,0,0,1,1.5,1.5,0.5%,LB,2015
134,135,Za'Darius Smith,1,0,0.0,0,0,0,0,0,1,1.5,1.5,5.4%,LB,2015
135,136,Lerentee McCray,1,0,0.0,0,0,0,0,0,1,1.5,1.5,4.0%,LB,2015
136,137,Jayrone Elliott,1,0,0.0,0,0,0,0,0,1,1.5,1.5,0.0%,LB,2015
137,138,Jamari Lattimore,1,0,0.0,0,0,0,0,0,1,1.5,1.5,0.0%,LB,2015
138,139,Nick Bellore,1,0,0.0,0,0,0,0,0,1,1.5,1.5,7.0%,LB,2015
139,140,Trent Cole,1,0,0.0,0,0,0,0,0,1,1.5,1.5,0.0%,LB,2015
140,141,Michael Mauti,1,0,0.0,0,0,0,0,0,1,1.5,1.5,0.0%,LB,2015
141,142,Matt Longacre,1,0,0.0,0,0,0,0,0,1,1.5,1.5,0.0%,LB,2015
142,143,Calvin Pace,0,1,0.0,0,0,0,0,0,1,0.8,0.8,0.0%,LB,2015
143,144,Zach Brown,0,1,0.0,0,0,0,0,0,1,0.8,0.8,0.0%,LB,2015
144,145,DeMeco Ryans,0,1,0.0,0,0,0,0,0,1,0.8,0.8,0.0%,LB,2015
145,146,Daren Bates,0,0,0.0,0,0,0,0,0,1,0.0,0.0,0.0%,LB,2015
146,147,Terence Garvin,0,0,0.0,0,0,0,0,0,1,0.0,0.0,0.0%,LB,2015
147,148,Ryan Davis,0,0,0.0,0,0,0,1,0,1,0.0,0.0,0.0%,LB,2015
148,149,Josh McNary,0,0,0.0,0,0,0,0,0,1,0.0,0.0,0.0%,LB,2015
149,150,Daniel Adongo,0,0,0.0,0,0,0,0,0,1,0.0,0.0,0.0%,LB,2015
150,151,Jadeveon Clowney,3,0,1.0,0,0,0,0,0,1,0.0,0.0,22.5%,LB,2015
151,152,Dee Ford,1,0,0.0,0,0,0,0,0,1,0.0,0.0,0.0%,LB,2015
152,153,LaRoy Reynolds,0,0,0.0,0,0,0,0,0,1,0.0,0.0,0.0%,LB,2015
153,154,Ray-Ray Armstrong,0,0,0.0,0,0,0,0,0,1,0.0,0.0,0.0%,LB,2015
154,155,Michael Wilhoite,0,0,0.0,0,0,0,0,0,1,0.0,0.0,0.0%,LB,2015
155,156,Benson Mayowa,0,0,0.0,0,0,0,0,0,1,0.0,0.0,0.0%,LB,2015
156,157,Kemal Ishmael,0,2,0.0,0,0,0,0,0,1,0.0,0.0,0.0%,LB,2015
157,158,Eric Pinkins,0,0,0.0,0,0,0,0,0,1,0.0,0.0,0.0%,LB,2015
158,159,Jonathan Newsome,1,1,0.0,0,0,0,0,0,1,0.0,0.0,0.0%,LB,2015
159,160,IK Enemkpali,0,0,0.0,0,0,0,0,0,1,0.0,0.0,0.0%,LB,2015
160,161,Randell Johnson,0,0,0.0,0,0,0,0,0,1,0.0,0.0,0.0%,LB,2015
161,162,Brandon Watts,0,0,0.0,0,0,0,0,0,1,0.0,0.0,0.0%,LB,2015
162,163,Trevor Reilly,0,0,0.0,0,0,0,0,0,1,0.0,0.0,0.0%,LB,2015
163,164,Jeremiah George,0,0,0.0,0,0,0,0,0,1,0.0,0.0,0.0%,LB,2015
164,165,Kevin Pierre-Louis,0,0,0.0,0,0,0,0,0,1,0.0,0.0,0.0%,LB,2015
165,166,Anthony Barr,0,0,0.0,0,0,0,0,0,1,0.0,0.0,0.0%,LB,2015
166,167,Lamin Barrow,0,0,0.0,0,0,0,0,0,1,0.0,0.0,0.0%,LB,2015
167,168,Kyle Van,0,0,0.0,0,0,0,0,0,1,0.0,0.0,8.2%,LB,2015
168,169,Max Bullough,0,0,0.0,0,0,0,0,0,1,0.0,0.0,0.0%,LB,2015
169,170,Marcus Smith,0,0,0.0,0,0,0,0,0,1,0.0,0.0,0.0%,LB,2015
170,171,Kareem Martin,0,0,0.0,0,0,0,0,0,1,0.0,0.0,0.0%,LB,2015
171,172,Cassius Marsh,2,0,0.0,0,0,0,0,0,1,0.0,0.0,1.0%,LB,2015
172,173,Maurice Alexander,2,0,1.0,0,0,0,0,0,1,0.0,0.0,0.0%,LB,2015
173,174,Anthony Hitchens,0,0,0.0,0,0,0,0,0,1,0.0,0.0,1.0%,LB,2015
174,175,Nate Stupar,0,0,0.0,0,0,0,0,0,1,0.0,0.0,0.0%,LB,2015
175,176,Dezman Moses,0,0,0.0,0,0,0,0,0,1,0.0,0.0,0.0%,LB,2015
176,177,Albert McClellan,0,0,0.0,0,0,0,0,0,1,0.0,0.0,0.0%,LB,2015
177,178,Steven Johnson,0,0,0.0,0,0,0,0,0,1,0.0,0.0,0.0%,LB,2015
178,179,Bruce Irvin,3,0,1.0,0,0,1,0,0,1,0.0,0.0,0.2%,LB,2015
179,180,Travis Lewis,0,0,0.0,0,0,0,0,0,1,0.0,0.0,0.0%,LB,2015
180,181,Kyle Wilber,0,0,0.0,0,0,0,0,0,1,0.0,0.0,0.0%,LB,2015
181,182,Tank Carder,0,0,0.0,0,0,0,0,0,1,0.0,0.0,0.0%,LB,2015
182,183,Korey Toomer,0,0,0.0,0,0,0,0,0,1,0.0,0.0,0.0%,LB,2015
183,184,Darius Fleming,0,0,0.0,0,0,0,0,0,1,0.0,0.0,0.0%,LB,2015
184,185,A.J. Klein,0,0,0.0,0,0,0,0,0,1,0.0,0.0,0.0%,LB,2015
185,186,Jon Bostic,0,0,0.0,0,0,0,0,0,1,0.0,0.0,0.0%,LB,2015
186,187,Nate Palmer,0,0,0.0,0,0,0,0,0,1,0.0,0.0,0.0%,LB,2015
187,188,Mike Catapano,1,1,1.0,0,0,0,0,0,1,0.0,0.0,0.0%,LB,2015
188,189,Michael Morgan,0,0,0.0,0,0,0,0,0,1,0.0,0.0,0.0%,LB,2015
189,190,Corey Lemonier,0,0,0.0,0,0,0,0,0,1,0.0,0.0,2.0%,LB,2015
190,191,Tank Carradine,0,0,0.0,0,0,0,0,0,1,0.0,0.0,0.0%,LB,2015
191,192,Arthur Brown,0,0,0.0,0,0,0,0,0,1,0.0,0.0,0.0%,LB,2015
192,193,Adarius Taylor,0,0,0.0,0,0,0,0,0,1,0.0,0.0,0.0%,LB,2015
193,194,Ben Jacobs,0,0,0.0,0,0,0,0,0,1,0.0,0.0,0.0%,LB,2015
194,195,Kourtnei Brown,1,0,0.0,0,0,0,0,0,1,0.0,0.0,0.0%,LB,2015
195,196,Justin Anderson,0,0,0.0,0,0,0,0,0,1,0.0,0.0,0.0%,LB,2015
196,197,Randy Gregory,1,0,0.0,0,0,0,0,0,1,0.0,0.0,2.2%,LB,2015
197,198,Landon Collins,6,1,0.0,1,0,0,0,0,1,0.0,0.0,0.0%,LB,2015
198,199,Brian Peters,0,0,0.0,0,0,0,0,0,1,0.0,0.0,0.0%,LB,2015
199,200,Carlos Fields,0,0,0.0,0,0,0,0,0,1,0.0,0.0,0.0%,LB,2015
200,201,Todd Davis,0,0,0.0,0,0,0,0,0,1,0.0,0.0,0.0%,LB,2015
201,202,James Morris,0,0,0.0,0,0,0,0,0,1,0.0,0.0,0.0%,LB,2015
202,203,Brandon Copeland,0,0,0.0,0,0,0,0,0,1,0.0,0.0,0.0%,LB,2015
203,204,Howard Jones,0,0,0.0,0,0,0,0,0,1,0.0,0.0,1.0%,LB,2015
204,205,Justin Staples,0,0,0.0,0,0,0,0,0,1,0.0,0.0,0.0%,LB,2015
205,206,Andre Branch,0,1,0.0,0,0,0,0,0,1,0.0,0.0,0.0%,LB,2015
206,207,Eli Harold,0,0,0.0,0,0,0,0,0,1,0.0,0.0,0.0%,LB,2015
207,208,Rob Ninkovich,0,2,0.0,0,0,0,0,0,1,0.0,0.0,0.0%,LB,2015
208,209,Andrew Gachkar,0,0,0.0,0,0,0,0,0,1,0.0,0.0,0.0%,LB,2015
209,210,Brooks Reed,1,0,0.0,0,0,0,0,0,1,0.0,0.0,0.0%,LB,2015
210,211,Akeem Dent,0,0,0.0,0,0,0,0,0,1,0.0,0.0,0.0%,LB,2015
211,212,Sam Acho,0,0,0.0,0,0,0,0,0,1,0.0,0.0,0.0%,LB,2015
212,213,Dwight Freeney,0,0,0.0,0,0,0,0,0,1,0.0,0.0,0.0%,LB,2015
213,214,Zak DeOssie,0,0,0.0,0,0,0,0,0,1,0.0,0.0,0.0%,LB,2015
214,215,Nick Perry,0,0,0.0,0,0,0,0,0,1,0.0,0.0,0.0%,LB,2015
215,216,Jason Pierre-Paul,5,1,0.0,1,0,0,1,0,1,0.0,0.0,0.0%,LB,2015
216,217,Sean Weatherspoon,0,0,0.0,0,0,0,0,0,1,0.0,0.0,0.0%,LB,2015
217,218,Ramon Humber,0,0,0.0,0,0,0,0,0,1,0.0,0.0,0.0%,LB,2015
218,219,Quinton Coples,0,0,0.0,0,0,0,0,0,1,0.0,0.0,0.0%,LB,2015
219,220,Melvin Ingram,6,1,1.0,0,0,0,0,0,1,0.0,0.0,0.0%,LB,2015
220,221,Spencer Paysinger,0,0,0.0,0,0,0,0,0,1,0.0,0.0,0.0%,LB,2015
221,222,Bryan Braman,0,0,0.0,0,0,0,0,0,1,0.0,0.0,0.0%,LB,2015
222,223,Chris Long,1,0,0.0,0,0,0,0,0,1,0.0,0.0,0.0%,LB,2015
223,224,Kroy Biermann,2,0,0.0,0,0,0,0,0,1,0.0,0.0,0.0%,LB,2015
224,225,Erik Walden,0,0,0.0,0,0,0,0,0,1,0.0,0.0,0.0%,LB,2015
225,226,Joe Mays,0,0,0.0,0,0,0,0,0,1,0.0,0.0,0.0%,LB,2015
226,227,Lorenzo Alexander,0,0,0.0,0,0,0,0,0,1,0.0,0.0,3.0%,LB,2015
227,228,David Hawthorne,0,0,0.0,0,0,0,0,0,1,0.0,0.0,0.0%,LB,2015
228,229,Connor Barwin,3,3,2.0,0,0,0,0,0,1,0.0,0.0,0.0%,LB,2015
229,230,Vic Beasley,0,0,0.0,0,0,0,0,0,1,0.0,0.0,0.0%,LB,2015
230,231,Danielle Hunter,3,0,0.0,0,0,0,0,0,1,0.0,0.0,52.9%,LB,2015
231,232,Lorenzo Mauldin,0,0,0.0,0,0,0,0,0,1,0.0,0.0,1.0%,LB,2015
232,233,Cameron Lynch,0,0,0.0,0,0,0,0,0,1,0.0,0.0,0.0%,LB,2015
233,234,Yannik Cudjoe-Virgil,0,0,0.0,0,0,0,0,0,1,0.0,0.0,0.0%,LB,2015
234,235,Zach Vigil,0,0,0.0,0,0,0,0,0,1,0.0,0.0,0.0%,LB,2015
235,236,Matt Overton,0,0,0.0,0,0,0,0,0,1,0.0,0.0,0.0%,LB,2015
236,237,John Denney,0,0,0.0,0,0,0,0,0,1,0.0,0.0,0.0%,LB,2015
237,238,Tanner Purdum,0,0,0.0,0,0,0,0,0,1,0.0,0.0,0.0%,LB,2015
238,239,Joe Cardona,0,0,0.0,0,0,0,0,0,1,0.0,0.0,0.0%,LB,2015
239,240,Charley Hughlett,0,0,0.0,0,0,0,0,0,1,0.0,0.0,0.0%,LB,2015
240,241,Morgan Cox,0,0,0.0,0,0,0,0,0,1,0.0,0.0,0.0%,LB,2015
241,242,Greg Warren,0,0,0.0,0,0,0,0,0,1,0.0,0.0,0.0%,LB,2015
242,243,Carson Tinker,0,0,0.0,0,0,0,0,0,1,0.0,0.0,0.0%,LB,2015
243,244,Jon Weeks,0,0,0.0,0,0,0,0,0,1,0.0,0.0,0.0%,LB,2015
244,245,Aaron Brewer,0,0,0.0,0,0,0,0,0,1,0.0,0.0,0.0%,LB,2015
245,246,Mike Windt,0,0,0.0,0,0,0,0,0,1,0.0,0.0,0.0%,LB,2015
246,247,Jon Condo,0,0,0.0,0,0,0,0,0,1,0.0,0.0,0.0%,LB,2015
247,248,L.P. LaDouceur,0,0,0.0,0,0,0,0,0,1,0.0,0.0,0.0%,LB,2015
248,249,Jon Dorenbos,0,0,0.0,0,0,0,0,0,1,0.0,0.0,0.0%,LB,2015
249,250,Garrison Sanborn,0,0,0.0,0,0,0,0,0,1,0.0,0.0,0.0%,LB,2015
250,251,Brandon King,0,0,0.0,0,0,0,0,0,1,0.0,0.0,0.0%,LB,2015
251,252,D.J. Alexander,0,0,0.0,0,0,0,0,0,1,0.0,0.0,0.0%,LB,2015
252,253,Damien Wilson,0,0,0.0,0,0,0,0,0,1,0.0,0.0,0.0%,LB,2015
253,254,David Mayo,0,0,0.0,0,0,0,0,0,1,0.0,0.0,0.2%,LB,2015
254,255,Geneo Grissom,0,0,0.0,0,0,0,0,0,1,0.0,0.0,0.0%,LB,2015
255,256,Hayes Pullard,0,0,0.0,0,0,0,0,0,1,0.0,0.0,0.0%,LB,2015
256,257,Anthony Chickillo,0,0,0.0,0,0,0,0,0,1,0.0,0.0,0.0%,LB,2015
257,258,Nick Dzubnar,0,0,0.0,0,0,0,0,0,1,0.0,0.0,0.0%,LB,2015
258,259,Josh Keyes,0,0,0.0,0,0,0,0,0,1,0.0,0.0,0.0%,LB,2015
259,260,Alani Fua,0,0,0.0,0,0,0,0,0,1,0.0,0.0,0.0%,LB,2015
260,261,Jordan Williams,0,0,0.0,0,0,0,0,0,1,0.0,0.0,0.0%,LB,2015
261,262,Bryce Hager,0,0,0.0,0,0,0,0,0,1,0.0,0.0,0.0%,LB,2015
262,263,Obum Gwacham,0,0,0.0,0,0,0,0,0,1,0.0,0.0,0.0%,LB,2015
263,264,Frank Clark,2,0,2.0,2,0,0,0,0,1,0.0,0.0,0.0%,LB,2015
264,265,Nick Sundberg,0,0,0.0,0,0,0,0,0,1,0.0,0.0,0.0%,LB,2015
265,266,Patrick Scales,0,0,0.0,0,0,0,0,0,1,0.0,0.0,0.0%,LB,2015
266,267,JJ Jansen,0,0,0.0,0,0,0,0,0,1,0.0,0.0,0.0%,LB,2015
267,268,Don Muhlbach,0,0,0.0,0,0,0,0,0,1,0.0,0.0,0.0%,LB,2015
268,269,Brett Goode,0,0,0.0,0,0,0,0,0,1,0.0,0.0,0.0%,LB,2015
269,270,Kevin McDermott,0,0,0.0,0,0,0,0,0,1,0.0,0.0,0.0%,LB,2015
270,271,Andrew DePaola,0,0,0.0,0,0,0,0,0,1,0.0,0.0,0.0%,LB,2015
271,272,Josh Harris,0,0,0.0,0,0,0,0,0,1,0.0,0.0,0.0%,LB,2015
272,273,Justin Drescher,0,0,0.0,0,0,0,0,0,1,0.0,0.0,0.0%,LB,2015
273,274,Jake McQuaide,0,0,0.0,0,0,0,0,0,1,0.0,0.0,0.0%,LB,2015
274,275,Clint Gresham,0,0,0.0,0,0,0,0,0,1,0.0,0.0,0.0%,LB,2015
