,Rank,Player,Tackle,Assist,Sack,Pass Defended,Interception,Forced Fumble,Fumble Recovery,Defend Touchdown,Games Played,Fantasy Football Points,FTPS/Game,ROST,Position,Year
0,1,Malcolm Smith,11,3,0.0,0,0,1,0,0,1,27.8,27.8,0.0%,LB,2015
1,2,Sean Lee,11,4,0.5,0,0,0,0,0,1,26.5,26.5,0.0%,LB,2015
2,3,Akeem Ayers,4,4,0.5,1,0,0,2,1,1,26.5,26.5,0.0%,LB,2015
3,4,Preston Smith,3,1,3.0,0,0,1,0,0,1,26.3,26.3,11.1%,LB,2015
4,5,Dwight Freeney,3,0,3.0,0,0,1,0,0,1,25.5,25.5,0.0%,LB,2015
5,6,Jamie Collins,6,2,0.0,0,0,1,1,1,1,24.5,24.5,0.0%,LB,2015
6,7,Denzel Perryman,10,1,1.0,0,0,0,0,0,1,22.3,22.3,11.8%,LB,2015
7,8,Bobby Wagner,9,2,0.0,1,0,0,0,0,1,21.5,21.5,72.4%,LB,2015
8,9,Pernell McPhee,5,0,1.0,0,0,1,0,0,1,20.5,20.5,0.0%,LB,2015
9,10,Jonathan Casillas,6,3,1.0,0,0,0,0,0,1,20.3,20.3,0.0%,LB,2015
10,11,Paul Posluszny,5,4,1.0,1,0,0,0,0,1,18.5,18.5,4.7%,LB,2015
11,12,Robert Mathis,3,1,2.0,0,0,0,0,0,1,18.3,18.3,0.0%,LB,2015
12,13,Will Compton,7,1,1.0,0,0,0,0,0,1,17.8,17.8,0.0%,LB,2015
13,14,Melvin Ingram,6,0,1.0,1,0,0,0,0,1,17.0,17.0,0.0%,LB,2015
14,15,Lavonte David,8,1,0.0,1,0,0,0,0,1,16.8,16.8,52.4%,LB,2015
15,16,C.J. Mosley,7,3,0.0,0,0,1,0,0,1,16.8,16.8,65.7%,LB,2015
16,17,Ryan Shazier,6,7,0.0,0,0,0,0,0,1,16.8,16.8,0.1%,LB,2015
17,18,Courtney Upshaw,3,2,1.0,0,0,0,1,0,1,16.5,16.5,0.0%,LB,2015
18,19,Nate Orchard,2,0,1.0,1,1,0,0,0,1,16.0,16.0,0.0%,LB,2015
19,20,Kareem Martin,3,1,1.0,0,0,1,0,0,1,15.8,15.8,0.0%,LB,2015
20,21,John Timu,4,2,0.0,0,0,0,2,0,1,15.5,15.5,0.0%,LB,2015
21,22,Navorro Bowman,8,2,0.5,0,0,0,0,0,1,15.5,15.5,0.1%,LB,2015
22,23,K.J. Wright,4,2,0.0,1,0,1,0,0,1,15.5,15.5,0.0%,LB,2015
23,24,Jerrell Freeman,7,3,0.0,0,0,0,0,0,1,15.3,15.3,0.1%,LB,2015
24,25,Danny Trevathan,8,4,0.0,0,0,0,0,0,1,15.0,15.0,0.0%,LB,2015
25,26,Deone Bucannon,3,1,1.0,1,0,1,0,0,1,14.8,14.8,0.0%,LB,2015
26,27,Daryl Smith,3,5,0.0,1,1,0,0,0,1,14.8,14.8,0.0%,LB,2015
27,28,Hayes Pullard,7,2,0.0,0,0,0,0,0,1,14.5,14.5,0.0%,LB,2015
28,29,Rolando McClain,5,0,1.0,0,0,0,0,0,1,14.0,14.0,0.0%,LB,2015
29,30,Vic Beasley,4,0,1.0,0,0,1,0,0,1,14.0,14.0,0.0%,LB,2015
30,31,Mason Foster,7,1,0.0,0,0,0,0,0,1,13.8,13.8,0.0%,LB,2015
31,32,Luke Kuechly,7,1,0.0,0,0,0,0,0,1,13.8,13.8,92.3%,LB,2015
32,33,D'Qwell Jackson,6,1,0.0,1,0,0,0,0,1,13.8,13.8,0.0%,LB,2015
33,34,Ben Heeney,7,0,0.0,0,0,0,0,0,1,13.0,13.0,0.0%,LB,2015
34,35,Za'Darius Smith,2,1,1.0,0,0,0,0,0,1,12.8,12.8,5.4%,LB,2015
35,36,Jeremiah Attaochu,3,0,0.0,0,0,0,0,0,1,12.0,12.0,0.0%,LB,2015
36,37,Josh Bynes,3,2,0.5,0,0,1,0,0,1,12.0,12.0,0.0%,LB,2015
37,38,Manti Te'o,6,0,0.0,0,0,0,0,0,1,11.5,11.5,0.1%,LB,2015
38,39,Demario Davis,4,4,0.0,0,0,0,0,0,1,11.5,11.5,22.3%,LB,2015
39,40,Ahmad Brooks,1,2,1.5,0,0,0,0,0,1,11.5,11.5,0.0%,LB,2015
40,41,Chad Greenway,6,3,0.0,0,0,0,0,0,1,11.3,11.3,0.0%,LB,2015
41,42,David Bass,4,1,0.0,0,0,0,1,0,1,10.8,10.8,0.0%,LB,2015
42,43,Kevin Minter,6,2,0.0,0,0,0,0,0,1,10.5,10.5,0.0%,LB,2015
43,44,Gerald Hodges,5,4,0.0,0,0,0,0,0,1,10.5,10.5,0.0%,LB,2015
44,45,Joshua Mauga,7,0,0.0,0,0,0,0,0,1,10.5,10.5,0.0%,LB,2015
45,46,Bruce Carter,4,4,0.0,1,0,0,0,0,1,10.5,10.5,0.0%,LB,2015
46,47,Mark Barron,2,1,0.0,0,0,1,0,0,1,10.3,10.3,0.0%,LB,2015
47,48,DeMarcus Ware,2,1,0.0,0,0,0,1,0,1,10.3,10.3,0.0%,LB,2015
48,49,Kelvin Sheppard,4,2,0.0,0,0,0,0,0,1,10.0,10.0,1.0%,LB,2015
49,50,Tahir Whitehead,4,0,0.0,0,0,0,1,0,1,10.0,10.0,0.0%,LB,2015
50,51,Kiko Alonso,5,3,0.0,0,0,0,0,0,1,9.8,9.8,0.0%,LB,2015
51,52,J.R. Tavai,1,0,1.0,0,0,1,0,0,1,9.5,9.5,0.0%,LB,2015
52,53,Dont'a Hightower,4,1,0.0,0,0,0,0,0,1,9.3,9.3,1.0%,LB,2015
53,54,Shaq Thompson,4,1,0.0,0,0,0,0,0,1,9.3,9.3,14.8%,LB,2015
54,55,David Harris,3,3,0.0,0,0,0,0,0,1,9.3,9.3,4.0%,LB,2015
55,56,Avery Williamson,5,2,0.0,0,0,0,0,0,1,9.0,9.0,0.0%,LB,2015
56,57,Jasper Brinkley,5,2,0.0,0,0,0,0,0,1,9.0,9.0,0.0%,LB,2015
57,58,Derrick Johnson,6,0,0.0,0,0,0,0,0,1,9.0,9.0,0.0%,LB,2015
58,59,Brandon Marshall,5,2,0.0,0,0,0,0,0,1,9.0,9.0,0.0%,LB,2015
59,60,Eric Kendricks,5,2,0.0,0,0,0,0,0,1,9.0,9.0,32.1%,LB,2015
60,61,Christian Jones,4,2,0.0,1,0,0,0,0,1,9.0,9.0,0.0%,LB,2015
61,62,A.J. Tarpley,1,1,0.0,1,1,0,0,0,1,8.8,8.8,0.0%,LB,2015
62,63,Lorenzo Mauldin,1,1,1.0,0,0,0,0,0,1,8.8,8.8,1.0%,LB,2015
63,64,Willie Young,2,1,0.0,0,0,0,0,0,1,8.8,8.8,0.0%,LB,2015
64,65,Zach Brown,4,0,0.0,0,0,0,0,0,1,8.5,8.5,0.0%,LB,2015
65,66,Vontaze Burfict,5,1,0.0,0,0,0,0,0,1,8.3,8.3,0.0%,LB,2015
66,67,Ramon Humber,5,1,0.0,0,0,0,0,0,1,8.3,8.3,0.0%,LB,2015
67,68,Mike Neal,1,0,1.0,0,0,0,0,0,1,8.0,8.0,0.0%,LB,2015
68,69,Benardrick McKinney,2,0,0.0,0,0,0,0,0,1,8.0,8.0,0.0%,LB,2015
69,70,Khalil Mack,3,2,0.0,1,0,0,0,0,1,7.5,7.5,52.8%,LB,2015
70,71,Stephone Anthony,4,2,0.0,0,0,0,0,0,1,7.5,7.5,0.0%,LB,2015
71,72,Markus Golden,1,2,0.5,0,0,0,0,0,1,7.5,7.5,0.5%,LB,2015
72,73,Preston Brown,3,4,0.0,0,0,0,0,0,1,7.5,7.5,0.0%,LB,2015
73,74,Zach Vigil,3,0,0.0,0,0,0,0,0,1,7.0,7.0,0.0%,LB,2015
74,75,Manny Lawson,2,2,0.0,0,0,0,0,0,1,7.0,7.0,0.0%,LB,2015
75,76,Max Bullough,4,1,0.0,0,0,0,0,0,1,6.8,6.8,0.0%,LB,2015
76,77,Mychal Kendricks,3,1,0.0,1,0,0,0,0,1,6.8,6.8,0.0%,LB,2015
77,78,Justin Durant,2,3,0.0,1,0,0,0,0,1,6.8,6.8,0.0%,LB,2015
78,79,James Laurinaitis,2,5,0.0,0,0,0,0,0,1,6.8,6.8,0.0%,LB,2015
79,80,Rey Maualuga,3,1,0.0,1,0,0,0,0,1,6.8,6.8,0.0%,LB,2015
80,81,Lamarr Houston,2,1,0.0,0,0,0,0,0,1,6.3,6.3,0.0%,LB,2015
81,82,James Harrison,3,2,0.0,0,0,0,0,0,1,6.0,6.0,0.0%,LB,2015
82,83,DeMeco Ryans,3,2,0.0,0,0,0,0,0,1,6.0,6.0,0.0%,LB,2015
83,84,Lawrence Timmons,1,6,0.0,0,0,0,0,0,1,6.0,6.0,0.1%,LB,2015
84,85,Brian Orakpo,2,2,0.0,1,0,0,0,0,1,6.0,6.0,0.0%,LB,2015
85,86,Jake Ryan,2,3,0.0,0,0,0,0,0,1,5.3,5.3,0.0%,LB,2015
86,87,Erin Henderson,3,1,0.0,0,0,0,0,0,1,5.3,5.3,0.0%,LB,2015
87,88,Nate Stupar,3,1,0.0,0,0,0,0,0,1,5.3,5.3,0.0%,LB,2015
88,89,Neville Hewitt,2,1,0.0,1,0,0,0,0,1,5.3,5.3,0.0%,LB,2015
89,90,Dan Skuta,3,1,0.0,0,0,0,0,0,1,5.3,5.3,0.0%,LB,2015
90,91,Brandon Copeland,3,1,0.0,0,0,0,0,0,1,5.3,5.3,0.0%,LB,2015
91,92,Mark Herzlich,1,1,0.0,0,0,0,0,0,1,4.8,4.8,1.0%,LB,2015
92,93,Edmond Robinson,2,2,0.0,0,0,0,0,0,1,4.5,4.5,0.0%,LB,2015
93,94,Craig Robertson,2,0,0.0,1,0,0,0,0,1,4.5,4.5,0.0%,LB,2015
94,95,Jarvis Jones,2,0,0.0,1,0,0,0,0,1,4.5,4.5,0.0%,LB,2015
95,96,Paul Kruger,2,2,0.0,0,0,0,0,0,1,4.5,4.5,0.0%,LB,2015
96,97,Von Miller,3,0,0.0,0,0,0,0,0,1,4.5,4.5,2.5%,LB,2015
97,98,J.T. Thomas,3,0,0.0,0,0,0,0,0,1,4.5,4.5,0.0%,LB,2015
98,99,Jared Allen,1,0,0.0,0,0,0,0,0,1,4.0,4.0,0.0%,LB,2015
99,100,Jon Weeks,0,0,0.0,0,0,0,1,0,1,4.0,4.0,0.0%,LB,2015
100,101,Stephen Tulloch,2,1,0.0,0,0,0,0,0,1,3.8,3.8,0.0%,LB,2015
101,102,Anthony Hitchens,2,1,0.0,0,0,0,0,0,1,3.8,3.8,1.0%,LB,2015
102,103,Thomas Davis,2,1,0.0,0,0,0,0,0,1,3.8,3.8,0.0%,LB,2015
103,104,Philip Wheeler,2,1,0.0,0,0,0,0,0,1,3.8,3.8,1.0%,LB,2015
104,105,David Hawthorne,2,1,0.0,0,0,0,0,0,1,3.8,3.8,0.0%,LB,2015
105,106,Nick Perry,2,1,0.0,0,0,0,0,0,1,3.8,3.8,0.0%,LB,2015
106,107,Anthony Barr,1,0,0.0,1,0,0,0,0,1,3.0,3.0,0.0%,LB,2015
107,108,Karlos Dansby,1,1,0.0,0,0,0,0,0,1,2.3,2.3,0.1%,LB,2015
108,109,Akeem Dent,1,1,0.0,0,0,0,0,0,1,2.3,2.3,0.0%,LB,2015
109,110,Sam Acho,1,1,0.0,0,0,0,0,0,1,2.3,2.3,0.0%,LB,2015
110,111,Trent Cole,1,0,0.0,0,0,0,0,0,1,1.5,1.5,0.0%,LB,2015
111,112,Paul Worrilow,1,0,0.0,0,0,0,0,0,1,1.5,1.5,0.0%,LB,2015
112,113,Lorenzo Alexander,1,0,0.0,0,0,0,0,0,1,1.5,1.5,3.0%,LB,2015
113,114,Shaquil Barrett,1,0,0.0,0,0,0,0,0,1,1.5,1.5,8.4%,LB,2015
114,115,Jerod Mayo,1,0,0.0,0,0,0,0,0,1,1.5,1.5,0.0%,LB,2015
115,116,Frank Zombo,1,0,0.0,0,0,0,0,0,1,1.5,1.5,3.0%,LB,2015
116,117,Shane Ray,1,0,0.0,0,0,0,0,0,1,1.5,1.5,1.0%,LB,2015
117,118,IK Enemkpali,1,0,0.0,0,0,0,0,0,1,1.5,1.5,0.0%,LB,2015
118,119,Nick Bellore,1,0,0.0,0,0,0,0,0,1,1.5,1.5,7.0%,LB,2015
119,120,Joe Thomas,1,0,0.0,0,0,0,0,0,1,1.5,1.5,1.0%,LB,2015
120,121,Wesley Woodyard,0,2,0.0,0,0,0,0,0,1,1.5,1.5,0.0%,LB,2015
121,122,Brian Cushing,1,0,0.0,0,0,0,0,0,1,1.5,1.5,0.0%,LB,2015
122,123,Keenan Robinson,0,0,0.0,1,0,0,0,0,1,1.5,1.5,0.0%,LB,2015
123,124,Arthur Moats,0,2,0.0,0,0,0,0,0,1,1.5,1.5,0.0%,LB,2015
124,125,Jelani Jenkins,1,0,0.0,0,0,0,0,0,1,1.5,1.5,0.0%,LB,2015
125,126,Zach Orr,1,0,0.0,0,0,0,0,0,1,1.5,1.5,0.0%,LB,2015
126,127,Sean Spence,1,0,0.0,0,0,0,0,0,1,1.5,1.5,0.0%,LB,2015
127,128,Hau'oli Kikaha,1,0,0.0,0,0,0,0,0,1,1.5,1.5,0.0%,LB,2015
128,129,Kevin Reddick,1,0,0.0,0,0,0,0,0,1,1.5,1.5,0.0%,LB,2015
129,130,Kasim Edebali,1,0,0.0,0,0,0,0,0,1,1.5,1.5,0.0%,LB,2015
130,131,Chandler Jones,1,0,0.0,0,0,0,0,0,1,1.5,1.5,0.5%,LB,2015
131,132,O'Brien Schofield,1,0,0.0,0,0,0,0,0,1,1.5,1.5,0.0%,LB,2015
132,133,Earl Okine,1,0,0.0,0,0,0,0,0,1,1.5,1.5,0.0%,LB,2015
133,134,Vincent Rey,1,0,0.0,0,0,0,0,0,1,1.5,1.5,0.0%,LB,2015
134,135,Elvis Dumervil,0,2,0.0,0,0,0,0,0,1,1.5,1.5,0.0%,LB,2015
135,136,John Simon,1,0,0.0,0,0,0,0,0,1,1.5,1.5,0.0%,LB,2015
136,137,Aaron Lynch,0,1,0.0,0,0,0,0,0,1,0.8,0.8,0.0%,LB,2015
137,138,Erik Walden,0,1,0.0,0,0,0,0,0,1,0.8,0.8,0.0%,LB,2015
138,139,Whitney Mercilus,0,1,0.0,0,0,0,0,0,1,0.8,0.8,0.2%,LB,2015
139,140,Jonathan Anderson,0,1,0.0,0,0,0,0,0,1,0.8,0.8,0.0%,LB,2015
140,141,Eli Harold,0,1,0.0,0,0,0,0,0,1,0.8,0.8,0.0%,LB,2015
141,142,Bud Dupree,0,1,0.0,0,0,0,0,0,1,0.8,0.8,1.3%,LB,2015
142,143,Christian Kirksey,0,1,0.0,0,0,0,0,0,1,0.8,0.8,0.1%,LB,2015
143,144,Daren Bates,0,0,0.0,0,0,0,0,0,1,0.0,0.0,0.0%,LB,2015
144,145,Terence Garvin,0,0,0.0,0,0,0,0,0,1,0.0,0.0,0.0%,LB,2015
145,146,Benson Mayowa,1,0,0.0,0,0,0,1,0,1,0.0,0.0,0.0%,LB,2015
146,147,Kemal Ishmael,1,1,0.0,0,0,0,0,0,1,0.0,0.0,0.0%,LB,2015
147,148,Lerentee McCray,0,0,0.0,0,0,0,0,0,1,0.0,0.0,4.0%,LB,2015
148,149,LaRoy Reynolds,0,0,0.0,0,0,0,0,0,1,0.0,0.0,0.0%,LB,2015
149,150,Joplo Bartu,0,0,0.0,0,0,0,0,0,1,0.0,0.0,0.0%,LB,2015
150,151,Ray-Ray Armstrong,0,0,0.0,0,0,0,0,0,1,0.0,0.0,0.0%,LB,2015
151,152,Ryan Davis,1,0,0.0,0,0,0,0,0,1,0.0,0.0,0.0%,LB,2015
152,153,Jeremiah George,0,0,0.0,0,0,0,0,0,1,0.0,0.0,0.0%,LB,2015
153,154,Jonathan Newsome,1,0,0.0,0,0,0,0,0,1,0.0,0.0,0.0%,LB,2015
154,155,Jordan Tripp,0,0,0.0,0,0,0,0,0,1,0.0,0.0,0.0%,LB,2015
155,156,Kevin Pierre-Louis,0,0,0.0,0,0,0,0,0,1,0.0,0.0,0.0%,LB,2015
156,157,Eric Pinkins,0,0,0.0,0,0,0,0,0,1,0.0,0.0,0.0%,LB,2015
157,158,Trevor Reilly,0,0,0.0,0,0,0,0,0,1,0.0,0.0,0.0%,LB,2015
158,159,Jadeveon Clowney,1,0,0.0,1,0,0,0,0,1,0.0,0.0,22.5%,LB,2015
159,160,Dee Ford,1,0,0.0,0,0,0,0,0,1,0.0,0.0,0.0%,LB,2015
160,161,Kyle Van,0,0,0.0,0,0,0,0,0,1,0.0,0.0,8.2%,LB,2015
161,162,Lamin Barrow,0,0,0.0,0,0,0,0,0,1,0.0,0.0,0.0%,LB,2015
162,163,Marcus Smith,0,0,0.0,0,0,0,0,0,1,0.0,0.0,0.0%,LB,2015
163,164,Cassius Marsh,0,0,0.0,0,0,0,0,0,1,0.0,0.0,1.0%,LB,2015
164,165,Maurice Alexander,4,4,0.0,0,0,0,0,0,1,0.0,0.0,0.0%,LB,2015
165,166,Corey Nelson,0,0,0.0,0,0,0,0,0,1,0.0,0.0,0.0%,LB,2015
166,167,Steven Johnson,0,0,0.0,0,0,0,0,0,1,0.0,0.0,0.0%,LB,2015
167,168,Dezman Moses,0,0,0.0,0,0,0,0,0,1,0.0,0.0,0.0%,LB,2015
168,169,Emmanuel Lamur,0,0,0.0,0,0,0,0,0,1,0.0,0.0,0.0%,LB,2015
169,170,James-Michael Johnson,0,0,0.0,0,0,0,0,0,1,0.0,0.0,0.0%,LB,2015
170,171,Travis Lewis,0,0,0.0,0,0,0,0,0,1,0.0,0.0,0.0%,LB,2015
171,172,Kyle Wilber,0,0,0.0,0,0,0,0,0,1,0.0,0.0,0.0%,LB,2015
172,173,Najee Goode,0,0,0.0,0,0,0,0,0,1,0.0,0.0,0.0%,LB,2015
173,174,Tank Carder,0,0,0.0,0,0,0,0,0,1,0.0,0.0,0.0%,LB,2015
174,175,Korey Toomer,0,0,0.0,0,0,0,0,0,1,0.0,0.0,0.0%,LB,2015
175,176,Darius Fleming,0,0,0.0,0,0,0,0,0,1,0.0,0.0,0.0%,LB,2015
176,177,Sio Moore,0,0,0.0,0,0,0,0,0,1,0.0,0.0,0.0%,LB,2015
177,178,Michael Mauti,0,0,0.0,0,0,0,0,0,1,0.0,0.0,0.0%,LB,2015
178,179,A.J. Klein,0,0,0.0,0,0,0,0,0,1,0.0,0.0,0.0%,LB,2015
179,180,Nate Palmer,0,0,0.0,0,0,0,0,0,1,0.0,0.0,0.0%,LB,2015
180,181,Vince Williams,0,0,0.0,0,0,0,0,0,1,0.0,0.0,0.1%,LB,2015
181,182,Jon Bostic,0,0,0.0,0,0,0,0,0,1,0.0,0.0,0.0%,LB,2015
182,183,Michael Morgan,0,0,0.0,0,0,0,0,0,1,0.0,0.0,0.0%,LB,2015
183,184,Bjoern Werner,0,0,0.0,0,0,0,0,0,1,0.0,0.0,0.0%,LB,2015
184,185,Tank Carradine,0,0,0.0,0,0,0,0,0,1,0.0,0.0,0.0%,LB,2015
185,186,Arthur Brown,0,0,0.0,0,0,0,0,0,1,0.0,0.0,0.0%,LB,2015
186,187,Barkevious Mingo,0,0,0.0,0,0,0,0,0,1,0.0,0.0,6.0%,LB,2015
187,188,Danny Lansanah,0,0,0.0,0,0,0,0,0,1,0.0,0.0,0.0%,LB,2015
188,189,Adarius Taylor,0,0,0.0,0,0,0,0,0,1,0.0,0.0,0.0%,LB,2015
189,190,Ben Jacobs,0,0,0.0,0,0,0,0,0,1,0.0,0.0,0.0%,LB,2015
190,191,Shayne Skov,0,0,0.0,0,0,0,0,0,1,0.0,0.0,0.0%,LB,2015
191,192,Justin Anderson,0,0,0.0,0,0,0,0,0,1,0.0,0.0,0.0%,LB,2015
192,193,Uani 'Unga,0,0,0.0,0,0,0,0,0,1,0.0,0.0,0.0%,LB,2015
193,194,Randy Gregory,1,1,0.0,0,0,0,0,0,1,0.0,0.0,2.2%,LB,2015
194,195,Brock Coyle,0,0,0.0,0,0,0,0,0,1,0.0,0.0,0.0%,LB,2015
195,196,Todd Davis,0,0,0.0,0,0,0,0,0,1,0.0,0.0,0.0%,LB,2015
196,197,Carlos Fields,0,0,0.0,0,0,0,0,0,1,0.0,0.0,0.0%,LB,2015
197,198,Cordarro Law,0,0,0.0,0,0,0,0,0,1,0.0,0.0,0.0%,LB,2015
198,199,Ridge Wilson,0,0,0.0,0,0,0,0,0,1,0.0,0.0,0.0%,LB,2015
199,200,Howard Jones,0,0,0.0,0,0,0,0,0,1,0.0,0.0,1.0%,LB,2015
200,201,Justin Staples,0,0,0.0,0,0,0,0,0,1,0.0,0.0,0.0%,LB,2015
201,202,Bruce Irvin,1,0,0.0,0,0,0,0,0,1,0.0,0.0,0.2%,LB,2015
202,203,Andre Branch,1,2,0.0,0,0,0,0,0,1,0.0,0.0,0.0%,LB,2015
203,204,A.J. Hawk,0,0,0.0,0,0,0,0,0,1,0.0,0.0,0.0%,LB,2015
204,205,Rob Ninkovich,2,2,0.0,1,0,0,0,0,1,0.0,0.0,0.0%,LB,2015
205,206,Andrew Gachkar,0,0,0.0,0,0,0,0,0,1,0.0,0.0,0.0%,LB,2015
206,207,Brooks Reed,0,0,0.0,0,0,0,0,0,1,0.0,0.0,0.0%,LB,2015
207,208,Chris Carter,0,0,0.0,0,0,0,0,0,1,0.0,0.0,0.0%,LB,2015
208,209,Calvin Pace,0,0,0.0,0,0,0,0,0,1,0.0,0.0,0.0%,LB,2015
209,210,Quinton Coples,0,0,0.0,0,0,0,0,0,1,0.0,0.0,0.0%,LB,2015
210,211,Donald Butler,0,0,0.0,0,0,0,0,0,1,0.0,0.0,0.0%,LB,2015
211,212,Kavell Conner,0,0,0.0,0,0,0,0,0,1,0.0,0.0,0.0%,LB,2015
212,213,Jason Pierre-Paul,2,0,0.0,1,0,0,0,0,1,0.0,0.0,0.0%,LB,2015
213,214,Sean Weatherspoon,0,0,0.0,0,0,0,0,0,1,0.0,0.0,0.0%,LB,2015
214,215,Spencer Paysinger,0,0,0.0,0,0,0,0,0,1,0.0,0.0,0.0%,LB,2015
215,216,Jamari Lattimore,0,0,0.0,0,0,0,0,0,1,0.0,0.0,0.0%,LB,2015
216,217,Bryan Braman,0,0,0.0,0,0,0,0,0,1,0.0,0.0,0.0%,LB,2015
217,218,Chris Long,1,1,0.0,0,0,1,0,0,1,0.0,0.0,0.0%,LB,2015
218,219,Curtis Lofton,0,0,0.0,0,0,0,0,0,1,0.0,0.0,0.0%,LB,2015
219,220,Kroy Biermann,1,2,0.5,0,0,0,0,0,1,0.0,0.0,0.0%,LB,2015
220,221,Joe Mays,0,0,0.0,0,0,0,0,0,1,0.0,0.0,0.0%,LB,2015
221,222,Andy Studebaker,0,0,0.0,0,0,0,0,0,1,0.0,0.0,0.0%,LB,2015
222,223,Jason Trusnik,0,0,0.0,0,0,0,0,0,1,0.0,0.0,0.0%,LB,2015
223,224,Connor Barwin,3,0,0.0,0,0,0,0,0,1,0.0,0.0,0.0%,LB,2015
224,225,Clay Matthews,0,0,0.0,0,0,0,0,0,1,0.0,0.0,0.0%,LB,2015
225,226,Landon Collins,7,1,0.0,0,0,0,0,0,1,0.0,0.0,0.0%,LB,2015
226,227,Brian Peters,0,0,0.0,0,0,0,0,0,1,0.0,0.0,0.0%,LB,2015
227,228,Houston Bates,0,0,0.0,0,0,0,0,0,1,0.0,0.0,0.0%,LB,2015
228,229,Cameron Lynch,0,0,0.0,0,0,0,0,0,1,0.0,0.0,0.0%,LB,2015
229,230,Charley Hughlett,0,0,0.0,0,0,0,0,0,1,0.0,0.0,0.0%,LB,2015
230,231,Garrison Sanborn,0,0,0.0,0,0,0,0,0,1,0.0,0.0,0.0%,LB,2015
231,232,John Denney,0,0,0.0,0,0,0,0,0,1,0.0,0.0,0.0%,LB,2015
232,233,Tanner Purdum,0,0,0.0,0,0,0,0,0,1,0.0,0.0,0.0%,LB,2015
233,234,Joe Cardona,0,0,0.0,0,0,0,0,0,1,0.0,0.0,0.0%,LB,2015
234,235,Morgan Cox,0,0,0.0,0,0,0,0,0,1,0.0,0.0,0.0%,LB,2015
235,236,Greg Warren,0,0,0.0,0,0,0,0,0,1,0.0,0.0,0.0%,LB,2015
236,237,Matt Overton,0,0,0.0,0,0,0,0,0,1,0.0,0.0,0.0%,LB,2015
237,238,Carson Tinker,0,0,0.0,0,0,0,0,0,1,0.0,0.0,0.0%,LB,2015
238,239,Aaron Brewer,0,0,0.0,0,0,0,0,0,1,0.0,0.0,0.0%,LB,2015
239,240,Mike Windt,0,0,0.0,0,0,0,0,0,1,0.0,0.0,0.0%,LB,2015
240,241,Thomas Gafford,0,0,0.0,0,0,0,0,0,1,0.0,0.0,0.0%,LB,2015
241,242,Brandon King,0,0,0.0,0,0,0,0,0,1,0.0,0.0,0.0%,LB,2015
242,243,Jon Dorenbos,0,0,0.0,0,0,0,0,0,1,0.0,0.0,0.0%,LB,2015
243,244,Ramik Wilson,0,0,0.0,0,0,0,0,0,1,0.0,0.0,0.0%,LB,2015
244,245,D.J. Alexander,0,0,0.0,0,0,0,0,0,1,0.0,0.0,0.0%,LB,2015
245,246,Damien Wilson,0,0,0.0,0,0,0,0,0,1,0.0,0.0,0.0%,LB,2015
246,247,Danielle Hunter,2,0,1.0,0,0,0,0,0,1,0.0,0.0,52.9%,LB,2015
247,248,Paul Dawson,0,0,0.0,0,0,0,0,0,1,0.0,0.0,0.0%,LB,2015
248,249,Geneo Grissom,0,0,0.0,0,0,0,0,0,1,0.0,0.0,0.0%,LB,2015
249,250,Alani Fua,0,0,0.0,0,0,0,0,0,1,0.0,0.0,0.0%,LB,2015
250,251,Nick Dzubnar,0,0,0.0,0,0,0,0,0,1,0.0,0.0,0.0%,LB,2015
251,252,Josh Keyes,0,0,0.0,0,0,0,0,0,1,0.0,0.0,0.0%,LB,2015
252,253,Obum Gwacham,0,0,0.0,0,0,0,0,0,1,0.0,0.0,0.0%,LB,2015
253,254,Bryce Hager,0,0,0.0,0,0,0,0,0,1,0.0,0.0,0.0%,LB,2015
254,255,Frank Clark,0,0,0.0,0,0,0,0,0,1,0.0,0.0,0.0%,LB,2015
255,256,Thurston Armbrister,0,0,0.0,0,0,0,0,0,1,0.0,0.0,0.0%,LB,2015
256,257,L.P. LaDouceur,0,0,0.0,0,0,0,0,0,1,0.0,0.0,0.0%,LB,2015
257,258,Danny Aiken,0,0,0.0,0,0,0,0,0,1,0.0,0.0,0.0%,LB,2015
258,259,Andrew DePaola,0,0,0.0,0,0,0,0,0,1,0.0,0.0,0.0%,LB,2015
259,260,Nick Sundberg,0,0,0.0,0,0,0,0,0,1,0.0,0.0,0.0%,LB,2015
260,261,Patrick Scales,0,0,0.0,0,0,0,0,0,1,0.0,0.0,0.0%,LB,2015
261,262,Don Muhlbach,0,0,0.0,0,0,0,0,0,1,0.0,0.0,0.0%,LB,2015
262,263,Rick Lovato,0,0,0.0,0,0,0,0,0,1,0.0,0.0,0.0%,LB,2015
263,264,Kevin McDermott,0,0,0.0,0,0,0,0,0,1,0.0,0.0,0.0%,LB,2015
264,265,Josh Harris,0,0,0.0,0,0,0,0,0,1,0.0,0.0,0.0%,LB,2015
265,266,JJ Jansen,0,0,0.0,0,0,0,0,0,1,0.0,0.0,0.0%,LB,2015
266,267,Justin Drescher,0,0,0.0,0,0,0,0,0,1,0.0,0.0,0.0%,LB,2015
267,268,Jake McQuaide,0,0,0.0,0,0,0,0,0,1,0.0,0.0,0.0%,LB,2015
268,269,Clint Gresham,0,0,0.0,0,0,0,0,0,1,0.0,0.0,0.0%,LB,2015
