,Rank,Player,Tackle,Assist,Sack,Pass Defended,Interception,Forced Fumble,Fumble Recovery,Defend Touchdown,Games Played,Fantasy Football Points,FTPS/Game,ROST,Position,Year
0,1,Telvin Smith,13,1,0.0,0,0,0,0,0,1,22.8,22.8,0.1%,LB,2015
1,2,Michael Wilhoite,11,5,0.0,0,0,0,0,0,1,22.8,22.8,0.0%,LB,2015
2,3,Navorro Bowman,13,3,0.0,0,0,0,0,0,1,21.8,21.8,0.1%,LB,2015
3,4,Lavonte David,8,2,1.0,1,0,0,0,0,1,21.5,21.5,52.4%,LB,2015
4,5,Bobby Wagner,5,2,0.0,1,0,0,1,1,1,20.5,20.5,72.4%,LB,2015
5,6,Deone Bucannon,9,2,0.0,0,0,0,0,0,1,20.0,20.0,0.0%,LB,2015
6,7,Jamie Collins,6,4,0.0,0,0,1,0,0,1,18.5,18.5,0.0%,LB,2015
7,8,Avery Williamson,7,2,1.0,0,0,0,0,0,1,18.5,18.5,0.0%,LB,2015
8,9,Kevin Minter,7,2,0.0,1,0,0,0,0,1,18.5,18.5,0.0%,LB,2015
9,10,Rolando McClain,4,4,1.0,0,0,0,0,0,1,18.0,18.0,0.0%,LB,2015
10,11,Jarvis Jones,4,1,1.0,0,0,1,0,0,1,17.3,17.3,0.0%,LB,2015
11,12,Jeremiah Attaochu,7,2,0.0,0,0,0,0,0,1,17.0,17.0,0.0%,LB,2015
12,13,Stephone Anthony,9,0,0.0,0,0,0,0,0,1,16.0,16.0,0.0%,LB,2015
13,14,Vincent Rey,6,7,0.0,1,0,0,0,0,1,15.8,15.8,0.0%,LB,2015
14,15,Lawrence Timmons,4,4,0.0,1,0,0,0,0,1,15.5,15.5,0.1%,LB,2015
15,16,Uani 'Unga,7,0,0.0,0,0,0,0,0,1,15.5,15.5,0.0%,LB,2015
16,17,Robert Quinn,4,2,1.0,0,0,1,0,0,1,15.5,15.5,1.2%,LB,2015
17,18,Von Miller,2,0,1.0,0,0,1,1,0,1,15.0,15.0,2.5%,LB,2015
18,19,James Laurinaitis,3,5,0.0,1,1,0,0,0,1,14.8,14.8,0.0%,LB,2015
19,20,Clay Matthews,3,2,1.5,0,0,0,0,0,1,14.5,14.5,0.0%,LB,2015
20,21,Ramik Wilson,2,2,0.0,0,0,0,1,1,1,14.5,14.5,0.0%,LB,2015
21,22,Paul Worrilow,8,0,0.0,0,0,0,0,0,1,14.5,14.5,0.0%,LB,2015
22,23,Armonty Bryant,2,3,1.0,0,0,0,0,0,1,14.3,14.3,0.0%,LB,2015
23,24,D'Qwell Jackson,8,3,0.0,0,0,0,0,0,1,14.3,14.3,0.0%,LB,2015
24,25,Daryl Smith,7,5,0.0,0,0,0,0,0,1,14.3,14.3,0.0%,LB,2015
25,26,Danny Trevathan,7,3,0.0,1,0,0,0,0,1,14.3,14.3,0.0%,LB,2015
26,27,Brandon Marshall,7,1,0.0,0,0,0,0,0,1,13.8,13.8,0.0%,LB,2015
27,28,Kwon Alexander,3,2,1.0,2,0,0,0,0,1,13.0,13.0,1.1%,LB,2015
28,29,Malcolm Smith,3,0,1.0,1,0,0,0,0,1,12.5,12.5,0.0%,LB,2015
29,30,Dont'a Hightower,4,0,1.0,0,0,0,0,0,1,12.5,12.5,1.0%,LB,2015
30,31,Sean Spence,8,0,0.0,0,0,0,0,0,1,12.0,12.0,0.0%,LB,2015
31,32,Dannell Ellerbe,7,0,0.0,1,0,0,0,0,1,12.0,12.0,0.0%,LB,2015
32,33,Derrick Morgan,1,2,1.5,0,0,0,0,0,1,11.5,11.5,0.0%,LB,2015
33,34,Wesley Woodyard,6,3,0.0,0,0,0,0,0,1,11.3,11.3,0.0%,LB,2015
34,35,Rey Maualuga,5,3,0.0,1,0,0,0,0,1,11.3,11.3,0.0%,LB,2015
35,36,Lamarr Houston,3,0,1.0,0,0,0,0,0,1,11.0,11.0,0.0%,LB,2015
36,37,Shaquil Barrett,2,2,1.0,0,0,0,0,0,1,11.0,11.0,8.4%,LB,2015
37,38,Jordan Hicks,2,2,0.0,1,0,0,1,0,1,10.0,10.0,29.9%,LB,2015
38,39,Khalil Mack,4,2,0.0,0,0,0,0,0,1,10.0,10.0,52.8%,LB,2015
39,40,Karlos Dansby,3,7,0.0,0,0,0,0,0,1,9.8,9.8,0.1%,LB,2015
40,41,Benardrick McKinney,6,1,0.0,0,0,0,0,0,1,9.8,9.8,0.0%,LB,2015
41,42,Bud Dupree,2,0,1.0,0,0,0,0,0,1,9.5,9.5,1.3%,LB,2015
42,43,Mark Herzlich,4,1,0.0,0,0,0,0,0,1,9.3,9.3,1.0%,LB,2015
43,44,Nate Stupar,3,1,1.0,0,0,0,0,0,1,9.3,9.3,0.0%,LB,2015
44,45,Nate Irving,4,1,0.0,0,0,0,0,0,1,9.3,9.3,0.0%,LB,2015
45,46,Mark Barron,3,2,0.0,2,0,0,0,0,1,9.0,9.0,0.0%,LB,2015
46,47,Christian Jones,4,2,0.0,1,0,0,0,0,1,9.0,9.0,0.0%,LB,2015
47,48,K.J. Wright,6,0,0.0,0,0,0,0,0,1,9.0,9.0,0.0%,LB,2015
48,49,Nigel Bradham,4,2,0.0,1,0,0,0,0,1,9.0,9.0,0.0%,LB,2015
49,50,Sam Acho,5,0,0.0,1,0,0,0,0,1,9.0,9.0,0.0%,LB,2015
50,51,Pernell McPhee,1,1,1.0,0,0,0,0,0,1,8.8,8.8,0.0%,LB,2015
51,52,Stephen Tulloch,3,2,0.0,0,0,0,0,0,1,8.5,8.5,0.0%,LB,2015
52,53,Erik Walden,3,0,1.0,0,0,0,0,0,1,8.5,8.5,0.0%,LB,2015
53,54,Thurston Armbrister,5,1,0.0,0,0,0,0,0,1,8.3,8.3,0.0%,LB,2015
54,55,Manti Te'o,4,3,0.0,0,0,0,0,0,1,8.3,8.3,0.1%,LB,2015
55,56,Nate Orchard,4,1,0.0,1,0,0,0,0,1,8.3,8.3,0.0%,LB,2015
56,57,Willie Young,1,0,1.0,0,0,0,0,0,1,8.0,8.0,0.0%,LB,2015
57,58,Bryan Braman,1,0,1.0,0,0,0,0,0,1,8.0,8.0,0.0%,LB,2015
58,59,Shane Ray,1,0,1.0,0,0,0,0,0,1,8.0,8.0,1.0%,LB,2015
59,60,Donald Butler,3,1,0.0,0,0,0,0,0,1,7.8,7.8,0.0%,LB,2015
60,61,Vince Williams,4,2,0.0,0,0,0,0,0,1,7.5,7.5,0.1%,LB,2015
61,62,Derrick Johnson,5,0,0.0,0,0,0,0,0,1,7.5,7.5,0.0%,LB,2015
62,63,Sean Lee,3,2,0.0,1,0,0,0,0,1,7.5,7.5,0.0%,LB,2015
63,64,Sio Moore,2,2,0.0,0,0,0,0,0,1,7.0,7.0,0.0%,LB,2015
64,65,Will Compton,2,0,0.0,0,0,0,1,0,1,7.0,7.0,0.0%,LB,2015
65,66,Courtney Upshaw,2,2,0.0,0,0,0,0,0,1,7.0,7.0,0.0%,LB,2015
66,67,DeMeco Ryans,1,0,0.0,1,0,1,0,0,1,7.0,7.0,0.0%,LB,2015
67,68,Dan Skuta,3,0,0.0,0,0,0,0,0,1,7.0,7.0,0.0%,LB,2015
68,69,LaRoy Reynolds,3,0,0.0,0,0,0,0,0,1,7.0,7.0,0.0%,LB,2015
69,70,James Harrison,3,0,0.0,0,0,0,0,0,1,7.0,7.0,0.0%,LB,2015
70,71,Shea McClellin,4,1,0.0,0,0,0,0,0,1,6.8,6.8,0.0%,LB,2015
71,72,Danny Lansanah,3,3,0.0,0,0,0,0,0,1,6.8,6.8,0.0%,LB,2015
72,73,Perry Riley,4,1,0.0,0,0,0,0,0,1,6.8,6.8,0.0%,LB,2015
73,74,Preston Brown,2,4,0.0,0,0,0,0,0,1,6.0,6.0,0.0%,LB,2015
74,75,Nate Palmer,3,2,0.0,0,0,0,0,0,1,6.0,6.0,0.0%,LB,2015
75,76,Brian Cushing,0,8,0.0,0,0,0,0,0,1,6.0,6.0,0.0%,LB,2015
76,77,Mike Neal,2,0,0.0,0,0,0,0,0,1,5.5,5.5,0.0%,LB,2015
77,78,David Hawthorne,3,1,0.0,0,0,0,0,0,1,5.3,5.3,0.0%,LB,2015
78,79,Keenan Robinson,3,1,0.0,0,0,0,0,0,1,5.3,5.3,0.0%,LB,2015
79,80,Todd Davis,1,1,0.0,0,0,0,0,0,1,4.8,4.8,0.0%,LB,2015
80,81,Najee Goode,3,0,0.0,0,0,0,0,0,1,4.5,4.5,0.0%,LB,2015
81,82,Za'Darius Smith,2,2,0.0,0,0,0,0,0,1,4.5,4.5,5.4%,LB,2015
82,83,John Simon,3,0,0.0,0,0,0,0,0,1,4.5,4.5,0.0%,LB,2015
83,84,Jayrone Elliott,3,0,0.0,0,0,0,0,0,1,4.5,4.5,0.0%,LB,2015
84,85,Emmanuel Lamur,0,3,0.5,0,0,0,0,0,1,4.3,4.3,0.0%,LB,2015
85,86,Aaron Lynch,1,0,0.0,0,0,0,0,0,1,4.0,4.0,0.0%,LB,2015
86,87,Brian Orakpo,1,0,0.0,0,0,0,0,0,1,4.0,4.0,0.0%,LB,2015
87,88,Jonathan Freeny,0,0,0.0,0,0,0,1,0,1,4.0,4.0,0.0%,LB,2015
88,89,Steven Johnson,0,0,0.0,0,0,0,1,0,1,4.0,4.0,0.0%,LB,2015
89,90,Albert McClellan,2,1,0.0,0,0,0,0,0,1,3.8,3.8,0.0%,LB,2015
90,91,Curtis Lofton,1,3,0.0,0,0,0,0,0,1,3.8,3.8,0.0%,LB,2015
91,92,Tank Carder,2,1,0.0,0,0,0,0,0,1,3.8,3.8,0.0%,LB,2015
92,93,Zach Brown,2,1,0.0,0,0,0,0,0,1,3.8,3.8,0.0%,LB,2015
93,94,Manny Lawson,2,1,0.0,0,0,0,0,0,1,3.8,3.8,0.0%,LB,2015
94,95,O'Brien Schofield,2,1,0.0,0,0,0,0,0,1,3.8,3.8,0.0%,LB,2015
95,96,Nick Perry,0,2,0.5,0,0,0,0,0,1,3.5,3.5,0.0%,LB,2015
96,97,Preston Smith,2,0,0.0,0,0,0,0,0,1,3.0,3.0,11.1%,LB,2015
97,98,Whitney Mercilus,1,2,0.0,0,0,0,0,0,1,3.0,3.0,0.2%,LB,2015
98,99,Neiron Ball,2,0,0.0,0,0,0,0,0,1,3.0,3.0,0.0%,LB,2015
99,100,J.T. Thomas,2,0,0.0,0,0,0,0,0,1,3.0,3.0,0.0%,LB,2015
100,101,DeMarcus Ware,1,2,0.0,0,0,0,0,0,1,3.0,3.0,0.0%,LB,2015
101,102,Tamba Hali,2,0,0.0,0,0,0,0,0,1,3.0,3.0,2.0%,LB,2015
102,103,A.J. Hawk,2,0,0.0,0,0,0,0,0,1,3.0,3.0,0.0%,LB,2015
103,104,Jerod Mayo,1,1,0.0,0,0,0,0,0,1,2.3,2.3,0.0%,LB,2015
104,105,Josh Bynes,0,3,0.0,0,0,0,0,0,1,2.3,2.3,0.0%,LB,2015
105,106,C.J. Mosley,1,1,0.0,0,0,0,0,0,1,2.3,2.3,65.7%,LB,2015
106,107,Chandler Jones,0,1,0.0,1,0,0,0,0,1,2.3,2.3,0.5%,LB,2015
107,108,Markus Golden,1,0,0.0,0,0,0,0,0,1,1.5,1.5,0.5%,LB,2015
108,109,Arthur Moats,1,0,0.0,0,0,0,0,0,1,1.5,1.5,0.0%,LB,2015
109,110,Travis Lewis,0,2,0.0,0,0,0,0,0,1,1.5,1.5,0.0%,LB,2015
110,111,Kyle Wilber,1,0,0.0,0,0,0,0,0,1,1.5,1.5,0.0%,LB,2015
111,112,Denzel Perryman,1,0,0.0,0,0,0,0,0,1,1.5,1.5,11.8%,LB,2015
112,113,Hau'oli Kikaha,1,0,0.0,0,0,0,0,0,1,1.5,1.5,0.0%,LB,2015
113,114,Elvis Dumervil,0,2,0.0,0,0,0,0,0,1,1.5,1.5,0.0%,LB,2015
114,115,LaMarr Woodley,1,0,0.0,0,0,0,0,0,1,1.5,1.5,0.0%,LB,2015
115,116,Daren Bates,1,0,0.0,0,0,0,0,0,1,1.5,1.5,0.0%,LB,2015
116,117,Barkevious Mingo,0,0,0.0,1,0,0,0,0,1,1.5,1.5,6.0%,LB,2015
117,118,Joplo Bartu,1,0,0.0,0,0,0,0,0,1,1.5,1.5,0.0%,LB,2015
118,119,Ramon Humber,1,0,0.0,0,0,0,0,0,1,1.5,1.5,0.0%,LB,2015
119,120,Kasim Edebali,1,0,0.0,0,0,0,0,0,1,1.5,1.5,0.0%,LB,2015
120,121,Joe Thomas,0,0,0.0,1,0,0,0,0,1,1.5,1.5,1.0%,LB,2015
121,122,A.J. Tarpley,1,0,0.0,0,0,0,0,0,1,1.5,1.5,0.0%,LB,2015
122,123,Jasper Brinkley,1,0,0.0,0,0,0,0,0,1,1.5,1.5,0.0%,LB,2015
123,124,Kareem Martin,1,0,0.0,0,0,0,0,0,1,1.5,1.5,0.0%,LB,2015
124,125,Christian Kirksey,0,2,0.0,0,0,0,0,0,1,1.5,1.5,0.1%,LB,2015
125,126,Vic Beasley,1,0,0.0,0,0,0,0,0,1,1.5,1.5,0.0%,LB,2015
126,127,Anthony Hitchens,0,1,0.0,0,0,0,0,0,1,0.8,0.8,1.0%,LB,2015
127,128,Robert Mathis,0,1,0.0,0,0,0,0,0,1,0.8,0.8,0.0%,LB,2015
128,129,Tank Carradine,0,1,0.0,0,0,0,0,0,1,0.8,0.8,0.0%,LB,2015
129,130,Justin Tuggle,0,0,0.0,0,0,0,0,0,1,0.0,0.0,0.0%,LB,2015
130,131,Andy Mulumba,0,0,0.0,0,0,0,0,0,1,0.0,0.0,0.0%,LB,2015
131,132,Terence Garvin,0,0,0.0,0,0,0,0,0,1,0.0,0.0,0.0%,LB,2015
132,133,Kenny Demens,0,0,0.0,0,0,0,0,0,1,0.0,0.0,0.0%,LB,2015
133,134,Benson Mayowa,0,1,0.0,0,0,0,0,0,1,0.0,0.0,0.0%,LB,2015
134,135,Ray-Ray Armstrong,0,0,0.0,0,0,0,0,0,1,0.0,0.0,0.0%,LB,2015
135,136,Kemal Ishmael,2,0,0.0,0,0,0,0,0,1,0.0,0.0,0.0%,LB,2015
136,137,David Bass,0,0,0.0,0,0,0,0,0,1,0.0,0.0,0.0%,LB,2015
137,138,Ryan Davis,0,0,0.0,0,0,0,0,0,1,0.0,0.0,0.0%,LB,2015
138,139,Josh McNary,0,0,0.0,0,0,0,0,0,1,0.0,0.0,0.0%,LB,2015
139,140,Jeremiah George,0,0,0.0,0,0,0,0,0,1,0.0,0.0,0.0%,LB,2015
140,141,Jonathan Newsome,1,1,0.0,0,0,0,0,0,1,0.0,0.0,0.0%,LB,2015
141,142,Jordan Tripp,0,0,0.0,0,0,0,0,0,1,0.0,0.0,0.0%,LB,2015
142,143,Devon Kennard,0,0,0.0,0,0,0,0,0,1,0.0,0.0,0.0%,LB,2015
143,144,Randell Johnson,0,0,0.0,0,0,0,0,0,1,0.0,0.0,0.0%,LB,2015
144,145,Cassius Marsh,2,1,0.0,0,0,0,0,0,1,0.0,0.0,1.0%,LB,2015
145,146,Jadeveon Clowney,2,0,0.0,0,0,0,0,0,1,0.0,0.0,22.5%,LB,2015
146,147,Dominique Easley,2,0,0.0,0,0,0,0,0,1,0.0,0.0,0.0%,LB,2015
147,148,Dee Ford,1,1,0.0,0,0,0,0,0,1,0.0,0.0,0.0%,LB,2015
148,149,Jackson Jeffcoat,0,0,0.0,0,0,0,0,0,1,0.0,0.0,0.0%,LB,2015
149,150,Marcus Smith,0,1,0.0,0,0,0,0,0,1,0.0,0.0,0.0%,LB,2015
150,151,Max Bullough,0,0,0.0,0,0,0,0,0,1,0.0,0.0,0.0%,LB,2015
151,152,Lamin Barrow,0,0,0.0,0,0,0,0,0,1,0.0,0.0,0.0%,LB,2015
152,153,Scott Solomon,0,0,0.0,0,0,0,0,0,1,0.0,0.0,0.0%,LB,2015
153,154,Tahir Whitehead,0,0,0.0,0,0,0,0,0,1,0.0,0.0,0.0%,LB,2015
154,155,Dezman Moses,0,0,0.0,0,0,0,0,0,1,0.0,0.0,0.0%,LB,2015
155,156,Andre Branch,0,0,0.0,0,0,0,0,0,1,0.0,0.0,0.0%,LB,2015
156,157,Melvin Ingram,2,1,0.0,0,0,0,0,0,1,0.0,0.0,0.0%,LB,2015
157,158,James-Michael Johnson,0,0,0.0,0,0,0,0,0,1,0.0,0.0,0.0%,LB,2015
158,159,Bruce Irvin,3,1,0.0,0,0,0,0,0,1,0.0,0.0,0.2%,LB,2015
159,160,Michael Mauti,0,0,0.0,0,0,0,0,0,1,0.0,0.0,0.0%,LB,2015
160,161,Orie Lemon,0,0,0.0,0,0,0,0,0,1,0.0,0.0,0.0%,LB,2015
161,162,Michael Morgan,0,0,0.0,0,0,0,0,0,1,0.0,0.0,0.0%,LB,2015
162,163,Arthur Brown,0,0,0.0,0,0,0,0,0,1,0.0,0.0,0.0%,LB,2015
163,164,Corey Lemonier,0,0,0.0,0,0,0,0,0,1,0.0,0.0,2.0%,LB,2015
164,165,Shayne Skov,0,0,0.0,0,0,0,0,0,1,0.0,0.0,0.0%,LB,2015
165,166,Ridge Wilson,0,0,0.0,0,0,0,0,0,1,0.0,0.0,0.0%,LB,2015
166,167,Brock Coyle,0,0,0.0,0,0,0,0,0,1,0.0,0.0,0.0%,LB,2015
167,168,Zach Orr,0,0,0.0,0,0,0,0,0,1,0.0,0.0,0.0%,LB,2015
168,169,Cordarro Law,0,0,0.0,0,0,0,0,0,1,0.0,0.0,0.0%,LB,2015
169,170,Corey Nelson,0,0,0.0,0,0,0,0,0,1,0.0,0.0,0.0%,LB,2015
170,171,Howard Jones,2,0,2.0,0,0,0,0,0,1,0.0,0.0,1.0%,LB,2015
171,172,Brandon Copeland,0,0,0.0,0,0,0,0,0,1,0.0,0.0,0.0%,LB,2015
172,173,Landon Collins,6,0,0.0,1,0,0,0,0,1,0.0,0.0,0.0%,LB,2015
173,174,Jason Babin,0,0,0.0,0,0,0,0,0,1,0.0,0.0,0.0%,LB,2015
174,175,Rob Ninkovich,0,1,0.0,1,0,0,0,0,1,0.0,0.0,0.0%,LB,2015
175,176,Trent Cole,0,0,0.0,0,0,0,0,0,1,0.0,0.0,0.0%,LB,2015
176,177,Allen Bradford,0,0,0.0,0,0,0,0,0,1,0.0,0.0,0.0%,LB,2015
177,178,Andrew Gachkar,0,0,0.0,0,0,0,0,0,1,0.0,0.0,0.0%,LB,2015
178,179,Chris Carter,0,0,0.0,0,0,0,0,0,1,0.0,0.0,0.0%,LB,2015
179,180,Bruce Carter,0,0,0.0,0,0,0,0,0,1,0.0,0.0,0.0%,LB,2015
180,181,Justin Houston,2,0,0.0,0,0,0,0,0,1,0.0,0.0,0.0%,LB,2015
181,182,Akeem Ayers,0,0,0.0,0,0,0,0,0,1,0.0,0.0,0.0%,LB,2015
182,183,Brooks Reed,0,0,0.0,0,0,0,0,0,1,0.0,0.0,0.0%,LB,2015
183,184,Mason Foster,0,0,0.0,0,0,0,0,0,1,0.0,0.0,0.0%,LB,2015
184,185,Brad Jones,0,0,0.0,0,0,0,0,0,1,0.0,0.0,0.0%,LB,2015
185,186,Frank Zombo,0,0,0.0,0,0,0,0,0,1,0.0,0.0,3.0%,LB,2015
186,187,Kavell Conner,0,0,0.0,0,0,0,0,0,1,0.0,0.0,0.0%,LB,2015
187,188,Nick Bellore,0,0,0.0,0,0,0,0,0,1,0.0,0.0,7.0%,LB,2015
188,189,Lorenzo Alexander,0,0,0.0,0,0,0,0,0,1,0.0,0.0,3.0%,LB,2015
189,190,Jon Beason,0,0,0.0,0,0,0,0,0,1,0.0,0.0,0.0%,LB,2015
190,191,Zak DeOssie,0,0,0.0,0,0,0,0,0,1,0.0,0.0,0.0%,LB,2015
191,192,Chris Long,0,0,0.0,0,0,0,0,0,1,0.0,0.0,0.0%,LB,2015
192,193,Connor Barwin,2,0,0.0,0,0,0,0,0,1,0.0,0.0,0.0%,LB,2015
193,194,Paul Kruger,0,0,0.0,0,0,0,0,0,1,0.0,0.0,0.0%,LB,2015
194,195,DeAndre Levy,0,0,0.0,0,0,0,0,0,1,0.0,0.0,0.0%,LB,2015
195,196,Kroy Biermann,2,0,0.0,0,0,0,0,0,1,0.0,0.0,0.0%,LB,2015
196,197,Brian Peters,0,0,0.0,0,0,0,0,0,1,0.0,0.0,0.0%,LB,2015
197,198,Cameron Lynch,0,0,0.0,0,0,0,0,0,1,0.0,0.0,0.0%,LB,2015
198,199,Alani Fua,0,0,0.0,0,0,0,0,0,1,0.0,0.0,0.0%,LB,2015
199,200,Garrison Sanborn,0,0,0.0,0,0,0,0,0,1,0.0,0.0,0.0%,LB,2015
200,201,Joe Cardona,0,0,0.0,0,0,0,0,0,1,0.0,0.0,0.0%,LB,2015
201,202,Charley Hughlett,0,0,0.0,0,0,0,0,0,1,0.0,0.0,0.0%,LB,2015
202,203,Brandon King,0,0,0.0,0,0,0,0,0,1,0.0,0.0,0.0%,LB,2015
203,204,Greg Warren,0,0,0.0,0,0,0,0,0,1,0.0,0.0,0.0%,LB,2015
204,205,Deiontrez Mount,0,0,0.0,0,0,0,0,0,1,0.0,0.0,0.0%,LB,2015
205,206,Kyle Emanuel,0,0,0.0,0,0,0,0,0,1,0.0,0.0,0.0%,LB,2015
206,207,D.J. Alexander,0,0,0.0,0,0,0,0,0,1,0.0,0.0,0.0%,LB,2015
207,208,Ben Heeney,0,0,0.0,0,0,0,0,0,1,0.0,0.0,0.0%,LB,2015
208,209,Damien Wilson,0,0,0.0,0,0,0,0,0,1,0.0,0.0,0.0%,LB,2015
209,210,Eli Harold,0,0,0.0,0,0,0,0,0,1,0.0,0.0,0.0%,LB,2015
210,211,Paul Dawson,0,0,0.0,0,0,0,0,0,1,0.0,0.0,0.0%,LB,2015
211,212,Geneo Grissom,0,0,0.0,0,0,0,0,0,1,0.0,0.0,0.0%,LB,2015
212,213,Nick Dzubnar,0,0,0.0,0,0,0,0,0,1,0.0,0.0,0.0%,LB,2015
213,214,Bryce Hager,0,0,0.0,0,0,0,0,0,1,0.0,0.0,0.0%,LB,2015
214,215,Frank Clark,0,0,0.0,0,0,0,0,0,1,0.0,0.0,0.0%,LB,2015
215,216,Morgan Cox,0,0,0.0,0,0,0,0,0,1,0.0,0.0,0.0%,LB,2015
216,217,Matt Overton,0,0,0.0,0,0,0,0,0,1,0.0,0.0,0.0%,LB,2015
217,218,Carson Tinker,0,0,0.0,0,0,0,0,0,1,0.0,0.0,0.0%,LB,2015
218,219,Jake McQuaide,0,0,0.0,0,0,0,0,0,1,0.0,0.0,0.0%,LB,2015
219,220,Clint Gresham,0,0,0.0,0,0,0,0,0,1,0.0,0.0,0.0%,LB,2015
220,221,Justin Drescher,0,0,0.0,0,0,0,0,0,1,0.0,0.0,0.0%,LB,2015
221,222,Josh Harris,0,0,0.0,0,0,0,0,0,1,0.0,0.0,0.0%,LB,2015
222,223,Jon Dorenbos,0,0,0.0,0,0,0,0,0,1,0.0,0.0,0.0%,LB,2015
223,224,Jon Weeks,0,0,0.0,0,0,0,0,0,1,0.0,0.0,0.0%,LB,2015
224,225,Aaron Brewer,0,0,0.0,0,0,0,0,0,1,0.0,0.0,0.0%,LB,2015
225,226,Mike Windt,0,0,0.0,0,0,0,0,0,1,0.0,0.0,0.0%,LB,2015
226,227,Jon Condo,0,0,0.0,0,0,0,0,0,1,0.0,0.0,0.0%,LB,2015
227,228,Thomas Gafford,0,0,0.0,0,0,0,0,0,1,0.0,0.0,0.0%,LB,2015
228,229,L.P. LaDouceur,0,0,0.0,0,0,0,0,0,1,0.0,0.0,0.0%,LB,2015
229,230,Andrew DePaola,0,0,0.0,0,0,0,0,0,1,0.0,0.0,0.0%,LB,2015
230,231,Nick Sundberg,0,0,0.0,0,0,0,0,0,1,0.0,0.0,0.0%,LB,2015
231,232,Don Muhlbach,0,0,0.0,0,0,0,0,0,1,0.0,0.0,0.0%,LB,2015
232,233,Brett Goode,0,0,0.0,0,0,0,0,0,1,0.0,0.0,0.0%,LB,2015
