,Rank,Player,Pass Completions,Pass Attempts,Pass Completion/Attempts,Passing Yards,Passsing Yards/Attempt,Passing Touchdowns,Interception,Sacks,Rushing Attempts,Rushing Yards,Rushing Touchdown,Fumbles,Games Played,Fantasy Football Points,FTPS/Game,ROST,Position,Year
0,1,Cam Newton,25,45,55.6,340,7.6,5,0,3,8,100,0,1,1,41.6,41.6,9.1%,QB,2015
1,2,Kirk Cousins,22,28,78.6,319,11.4,4,0,1,3,11,1,0,1,35.9,35.9,38.6%,QB,2015
2,3,Teddy Bridgewater,17,20,85.0,231,11.6,4,0,1,4,17,1,0,1,32.9,32.9,0.1%,QB,2015
3,4,Brock Osweiler,21,44,47.7,296,6.7,3,1,2,5,19,1,0,1,29.7,29.7,0.0%,QB,2015
4,5,Tyrod Taylor,16,27,59.3,235,8.7,2,0,5,9,79,0,0,1,27.3,27.3,2.7%,QB,2015
5,6,Drew Brees,34,52,65.4,341,6.6,3,0,1,1,11,0,0,1,26.7,26.7,35.7%,QB,2015
6,7,Russell Wilson,21,30,70.0,249,8.3,3,0,2,5,46,0,0,1,26.6,26.6,30.7%,QB,2015
7,8,Blake Bortles,23,38,60.5,297,7.8,1,1,2,6,44,1,0,1,24.3,24.3,0.0%,QB,2015
8,9,Eli Manning,29,46,63.0,245,5.3,4,1,0,1,4,0,0,1,24.2,24.2,2.3%,QB,2015
9,10,Ben Roethlisberger,40,55,72.7,380,6.9,3,2,3,3,-3,0,0,1,22.9,22.9,13.6%,QB,2015
10,11,Matthew Stafford,22,25,88.0,254,10.2,3,0,3,4,-1,0,0,1,22.1,22.1,57.0%,QB,2015
11,12,Philip Rivers,26,36,72.2,311,8.6,3,2,1,0,0,0,0,1,20.4,20.4,20.6%,QB,2015
12,13,Derek Carr,23,47,48.9,276,5.9,2,2,3,4,42,0,0,1,19.2,19.2,25.1%,QB,2015
13,14,Jameis Winston,29,50,58.0,363,7.3,2,1,0,2,5,0,1,1,19.0,19.0,0.7%,QB,2015
14,15,Tom Brady,23,35,65.7,267,7.6,2,0,2,0,0,0,0,1,18.7,18.7,2.7%,QB,2015
15,16,Jimmy Clausen,26,45,57.8,281,6.2,2,2,2,5,30,0,0,1,18.2,18.2,0.0%,QB,2015
16,17,Case Keenum,14,17,82.4,234,13.8,2,0,2,3,-3,0,0,1,17.1,17.1,0.6%,QB,2015
17,18,Sam Bradford,28,41,68.3,361,8.8,2,2,2,1,4,0,1,1,16.8,16.8,0.0%,QB,2015
18,19,Ryan Fitzpatrick,26,39,66.7,299,7.7,1,1,2,5,13,0,0,1,15.3,15.3,0.0%,QB,2015
19,20,Carson Palmer,20,32,62.5,274,8.6,1,0,2,0,0,0,0,1,15.0,15.0,5.6%,QB,2015
20,21,Ryan Tannehill,20,34,58.8,216,6.4,0,0,3,3,4,1,0,1,15.0,15.0,1.1%,QB,2015
21,22,Zach Mettenberger,20,28,71.4,242,8.6,2,2,2,2,5,0,0,1,14.2,14.2,0.0%,QB,2015
22,23,Jay Cutler,26,37,70.3,231,6.2,2,1,5,1,1,0,1,1,13.3,13.3,0.2%,QB,2015
23,24,Alex Smith,21,25,84.0,171,6.8,1,0,3,4,17,0,0,1,12.5,12.5,5.0%,QB,2015
24,25,AJ McCarron,15,21,71.4,192,9.1,1,0,4,2,2,0,0,1,11.9,11.9,0.0%,QB,2015
25,26,Matt Ryan,22,35,62.9,246,7.0,1,1,1,3,0,0,0,1,11.8,11.8,0.1%,QB,2015
26,27,Blaine Gabbert,30,50,60.0,295,5.9,1,3,4,2,10,0,0,1,10.8,10.8,0.0%,QB,2015
27,28,Aaron Rodgers,22,39,56.4,204,5.2,1,1,2,1,-1,0,0,1,10.1,10.1,50.0%,QB,2015
28,29,Johnny Manziel,19,32,59.4,161,5.0,1,1,3,2,17,0,0,1,10.1,10.1,0.1%,QB,2015
29,30,Brandon Weeden,11,18,61.1,105,5.8,1,0,1,5,6,0,0,1,8.8,8.8,0.0%,QB,2015
30,31,Matt Hasselbeck,17,30,56.7,147,4.9,1,1,2,1,1,0,0,1,8.0,8.0,0.0%,QB,2015
31,32,Kellen Moore,15,25,60.0,158,6.3,1,3,1,0,0,0,0,1,4.3,4.3,0.0%,QB,2015
32,33,T.J. Yates,6,10,60.0,68,6.8,0,1,2,1,7,0,0,1,1.4,1.4,0.0%,QB,2015
33,34,E.J. Manuel,0,0,0.0,0,0.0,0,0,0,2,6,0,0,1,0.6,0.6,0.0%,QB,2015
34,35,Charlie Whitehurst,1,2,50.0,13,6.5,0,0,1,0,0,0,0,1,0.5,0.5,0.4%,QB,2015
35,36,Joe Webb,0,0,0.0,0,0.0,0,0,0,0,0,0,0,1,0.0,0.0,0.0%,QB,2015
36,37,Mark Sanchez,0,0,0.0,0,0.0,0,0,0,0,0,0,0,1,0.0,0.0,0.1%,QB,2015
37,38,Tarvaris Jackson,0,0,0.0,0,0.0,0,0,0,1,-1,0,0,1,-0.1,-0.1,0.0%,QB,2015
38,39,Trevor Siemian,0,0,0.0,0,0.0,0,0,0,1,-1,0,0,1,-0.1,-0.1,0.0%,QB,2015
39,40,Kellen Clemens,0,0,0.0,0,0.0,0,0,0,1,-1,0,0,1,-0.1,-0.1,0.0%,QB,2015
40,41,Chase Daniel,0,0,0.0,0,0.0,0,0,0,2,-2,0,0,1,-0.2,-0.2,0.0%,QB,2015
41,42,Drew Stanton,0,1,0.0,0,0.0,0,0,0,2,-2,0,0,1,-0.2,-0.2,0.0%,QB,2015
42,43,Matt Cassel,3,8,37.5,37,4.6,0,1,1,0,0,0,0,1,-0.5,-0.5,0.0%,QB,2015
43,44,Marcus Mariota,3,6,50.0,32,5.3,0,0,3,0,0,0,1,1,-0.7,-0.7,3.2%,QB,2015
