,Rank,Player,Pass Completions,Pass Attempts,Pass Completion/Attempts,Passing Yards,Passsing Yards/Attempt,Passing Touchdowns,Interception,Sacks,Rushing Attempts,Rushing Yards,Rushing Touchdown,Fumbles,Games Played,Fantasy Football Points,FTPS/Game,ROST,Position,Year
0,1,Matthew Stafford,27,42,64.3,405,9.6,4,1,2,6,37,0,0,1,33.9,33.9,57.0%,QB,2015
1,2,Philip Rivers,43,65,66.2,503,7.7,2,0,3,0,0,0,0,1,28.1,28.1,20.6%,QB,2015
2,3,Andrew Luck,30,50,60.0,312,6.2,3,0,3,4,35,0,0,1,28.0,28.0,2.2%,QB,2015
3,4,Ryan Fitzpatrick,19,26,73.1,253,9.7,2,1,0,4,31,1,0,1,25.2,25.2,0.0%,QB,2015
4,5,Brian Hoyer,24,36,66.7,293,8.1,3,0,1,5,5,0,0,1,24.2,24.2,0.0%,QB,2015
5,6,Blake Bortles,30,53,56.6,331,6.2,3,3,3,4,37,0,0,1,22.9,22.9,0.0%,QB,2015
6,7,Colin Kaepernick,16,27,59.3,340,12.6,2,0,3,3,10,0,0,1,22.6,22.6,0.1%,QB,2015
7,8,Tom Brady,23,37,62.2,312,8.4,3,1,2,4,0,0,0,1,22.5,22.5,2.7%,QB,2015
8,9,Andy Dalton,22,33,66.7,243,7.4,3,0,0,3,-2,0,0,1,21.5,21.5,0.1%,QB,2015
9,10,E.J. Manuel,28,42,66.7,263,6.3,1,1,2,6,22,1,0,1,20.7,20.7,0.0%,QB,2015
10,11,Cam Newton,20,36,55.6,269,7.5,1,2,3,7,30,1,0,1,19.8,19.8,9.1%,QB,2015
11,12,Aaron Rodgers,16,29,55.2,255,8.8,2,0,3,2,14,0,0,1,19.6,19.6,50.0%,QB,2015
12,13,Jay Cutler,26,41,63.4,353,8.6,1,1,1,2,12,0,0,1,19.3,19.3,0.2%,QB,2015
13,14,Russell Wilson,18,30,60.0,241,8.0,1,0,4,8,53,0,0,1,18.9,18.9,30.7%,QB,2015
14,15,Matt Ryan,30,44,68.2,295,6.7,2,0,5,4,10,0,1,1,18.8,18.8,0.1%,QB,2015
15,16,Joe Flacco,33,53,62.3,343,6.5,2,2,0,0,0,0,0,1,17.7,17.7,17.3%,QB,2015
16,17,Drew Brees,30,39,76.9,312,8.0,1,0,1,2,2,0,0,1,16.7,16.7,35.7%,QB,2015
17,18,Carson Palmer,29,45,64.4,421,9.4,1,2,1,2,-1,0,0,1,16.7,16.7,5.6%,QB,2015
18,19,Alex Smith,22,37,59.5,282,7.6,1,0,2,2,10,0,0,1,16.3,16.3,5.0%,QB,2015
19,20,Ryan Tannehill,22,29,75.9,266,9.2,2,2,2,2,14,0,0,1,16.0,16.0,1.1%,QB,2015
20,21,Landry Jones,8,12,66.7,168,14.0,2,0,0,1,-1,0,0,1,14.6,14.6,0.0%,QB,2015
21,22,Josh McCown,20,39,51.3,213,5.5,2,2,4,3,12,0,1,1,11.7,11.7,0.0%,QB,2015
22,23,Peyton Manning,26,48,54.2,290,6.0,1,3,0,0,0,0,0,1,9.6,9.6,0.0%,QB,2015
23,24,Teddy Bridgewater,17,31,54.8,249,8.0,1,2,2,3,-5,0,0,1,9.5,9.5,0.1%,QB,2015
24,25,Sam Bradford,24,38,63.2,280,7.4,1,3,1,5,2,0,0,1,9.4,9.4,0.0%,QB,2015
25,26,Eli Manning,24,38,63.2,189,5.0,1,2,3,1,12,0,0,1,8.8,8.8,2.3%,QB,2015
26,27,Kirk Cousins,25,43,58.1,196,4.6,1,2,1,1,1,0,0,1,7.9,7.9,38.6%,QB,2015
27,28,Michael Vick,3,8,37.5,6,0.8,0,0,1,5,47,0,0,1,4.9,4.9,0.1%,QB,2015
28,29,Marcus Mariota,21,33,63.6,219,6.6,1,2,5,0,0,0,2,1,4.8,4.8,3.2%,QB,2015
29,30,Zach Mettenberger,5,8,62.5,63,7.9,0,0,1,1,4,0,0,1,2.9,2.9,0.0%,QB,2015
30,31,Ryan Mallett,0,0,0.0,0,0.0,0,0,0,0,0,0,0,1,0.0,0.0,0.0%,QB,2015
31,32,B.J. Daniels,0,0,0.0,0,0.0,0,0,0,0,0,0,0,1,0.0,0.0,0.0%,QB,2015
32,33,Luke McCown,0,0,0.0,0,0.0,0,0,0,0,0,0,0,1,0.0,0.0,0.0%,QB,2015
33,34,Joe Webb,0,0,0.0,0,0.0,0,0,0,0,0,0,0,1,0.0,0.0,0.0%,QB,2015
