,Rank,Player,Rushing Attempts,Rushing Yards,Rushing Yards/Attempts,Longest Rushing,Rushing 20+,Rushing Touchdown,Recptions,TGT,Receiving Yards,Receiving Yards/Reception,Receiving Touchdowns,Fumbles,Games Played,Fantasy Football Points,FTPS/Game,ROST,Position,Year
0,1,Thomas Rawls,30,209,7.0,30,2,1,3,3,46,15.3,1,0,1,37.5,37.5,0.1%,RB,2015
1,2,Doug Martin,27,235,8.7,84,1,0,0,1,0,0.0,0,0,1,23.5,23.5,0.0%,RB,2015
2,3,Spencer Ware,11,96,8.7,52,1,2,1,1,5,5.0,0,0,1,22.1,22.1,0.0%,RB,2015
3,4,LeSean McCoy,20,82,4.1,27,1,1,6,10,41,6.8,0,0,1,18.3,18.3,2.0%,RB,2015
4,5,Jonathan Stewart,21,102,4.9,15,0,0,1,1,12,12.0,1,0,1,17.4,17.4,0.0%,RB,2015
5,6,Ahmad Bradshaw,9,32,3.6,11,0,0,4,4,20,5.0,2,0,1,17.2,17.2,0.0%,RB,2015
6,7,James White,2,14,7.0,8,0,1,2,3,32,16.0,1,0,1,16.6,16.6,0.1%,RB,2015
7,8,Jeremy Hill,13,45,3.5,9,0,2,0,0,0,0.0,0,0,1,16.5,16.5,0.0%,RB,2015
8,9,Alfred Blue,21,58,2.8,14,0,0,3,3,34,11.3,1,0,1,15.2,15.2,0.0%,RB,2015
9,10,Darren McFadden,29,129,4.4,35,1,0,3,3,20,6.7,0,0,1,14.9,14.9,7.0%,RB,2015
10,11,Giovani Bernard,6,18,3.0,10,0,0,8,10,128,16.0,0,0,1,14.6,14.6,0.0%,RB,2015
11,12,Patrick DiMarco,0,0,0.0,0,0,0,3,4,21,7.0,2,0,1,14.1,14.1,0.0%,RB,2015
12,13,Charles Sims,10,43,4.3,17,0,0,3,4,26,8.7,1,0,1,12.9,12.9,0.0%,RB,2015
13,14,Darren Sproles,6,21,3.5,7,0,0,3,7,38,12.7,1,0,1,11.9,11.9,0.1%,RB,2015
14,15,Javorius Allen,22,67,3.0,17,0,0,5,6,48,9.6,0,0,1,11.5,11.5,0.1%,RB,2015
15,16,Todd Gurley,25,66,2.6,7,0,1,0,0,0,0.0,0,1,1,10.6,10.6,0.1%,RB,2015
16,17,Eddie Lacy,22,100,4.5,27,1,0,1,2,6,6.0,0,0,1,10.6,10.6,0.3%,RB,2015
17,18,Ronnie Hillman,21,102,4.9,15,0,0,1,1,2,2.0,0,0,1,10.4,10.4,0.0%,RB,2015
18,19,Jeremy Langford,13,25,1.9,5,0,1,3,6,17,5.7,0,0,1,10.2,10.2,0.0%,RB,2015
19,20,Adrian Peterson,13,45,3.5,11,0,1,2,2,16,8.0,0,1,1,10.1,10.1,2.4%,RB,2015
20,21,Antonio Andrews,15,78,5.2,26,1,0,2,2,16,8.0,0,0,1,9.4,9.4,0.0%,RB,2015
21,22,Bilal Powell,4,22,5.5,9,0,0,5,7,67,13.4,0,0,1,8.9,8.9,0.0%,RB,2015
22,23,Latavius Murray,13,28,2.2,16,0,1,0,0,0,0.0,0,0,1,8.8,8.8,7.6%,RB,2015
23,24,Theo Riddick,6,14,2.3,5,0,0,5,6,72,14.4,0,0,1,8.6,8.6,0.0%,RB,2015
24,25,David Johnson,2,9,4.5,9,0,0,2,2,17,8.5,1,0,1,8.6,8.6,0.0%,RB,2015
25,26,T.J. Yeldon,14,54,3.9,15,0,0,3,4,28,9.3,0,0,1,8.2,8.2,0.0%,RB,2015
26,27,Shaun Draughn,12,37,3.1,9,0,0,8,11,40,5.0,0,0,1,7.7,7.7,0.0%,RB,2015
27,28,C.J. Anderson,12,59,4.9,15,0,0,2,2,13,6.5,0,0,1,7.2,7.2,1.0%,RB,2015
28,29,DeMarco Murray,13,64,4.9,16,0,0,4,5,27,6.8,0,1,1,7.1,7.1,0.1%,RB,2015
29,30,Mike Tolbert,7,5,0.7,6,0,0,2,2,5,2.5,1,0,1,7.0,7.0,0.0%,RB,2015
30,31,Chris Johnson,18,63,3.5,9,0,0,1,2,2,2.0,0,0,1,6.5,6.5,0.6%,RB,2015
31,32,Jonathan Grimes,6,37,6.2,13,0,0,3,3,28,9.3,0,0,1,6.5,6.5,0.0%,RB,2015
32,33,Charcandrick West,11,16,1.5,6,0,0,2,2,48,24.0,0,0,1,6.4,6.4,0.0%,RB,2015
33,34,LeGarrette Blount,16,56,3.5,17,0,0,1,2,5,5.0,0,0,1,6.1,6.1,0.1%,RB,2015
34,35,Frank Gore,14,34,2.4,9,0,0,5,5,46,9.2,0,1,1,6.0,6.0,12.1%,RB,2015
35,36,Lamar Miller,7,44,6.3,16,0,0,2,3,11,5.5,0,0,1,5.5,5.5,0.0%,RB,2015
36,37,Melvin Gordon,15,37,2.5,10,0,0,1,1,12,12.0,0,0,1,4.9,4.9,0.0%,RB,2015
37,38,Ameer Abdullah,12,44,3.7,9,0,0,1,2,2,2.0,0,0,1,4.6,4.6,0.7%,RB,2015
38,39,Chris Ivory,8,36,4.5,23,1,0,1,1,9,9.0,0,0,1,4.5,4.5,0.0%,RB,2015
39,40,James Starks,8,14,1.8,9,0,0,1,1,30,30.0,0,0,1,4.4,4.4,0.0%,RB,2015
40,41,Devonta Freeman,3,43,14.3,39,0,0,0,0,0,0.0,0,0,1,4.3,4.3,0.0%,RB,2015
41,42,Joique Bell,6,22,3.7,11,0,0,1,1,18,18.0,0,0,1,4.0,4.0,0.2%,RB,2015
42,43,Robert Turbin,7,35,5.0,17,0,0,1,2,3,3.0,0,0,1,3.8,3.8,0.0%,RB,2015
43,44,Kenjon Barner,7,37,5.3,8,0,0,0,1,0,0.0,0,0,1,3.7,3.7,0.0%,RB,2015
44,45,Jay Ajayi,4,13,3.3,5,0,0,2,2,23,11.5,0,0,1,3.6,3.6,7.0%,RB,2015
45,46,Ka'Deem Carey,9,32,3.6,9,0,0,0,0,0,0.0,0,0,1,3.2,3.2,0.0%,RB,2015
46,47,Tevin Coleman,17,48,2.8,10,0,0,0,2,0,0.0,0,1,1,2.8,2.8,0.0%,RB,2015
47,48,Jamize Olawale,4,12,3.0,6,0,0,1,1,15,15.0,0,0,1,2.7,2.7,0.0%,RB,2015
48,49,Denard Robinson,7,27,3.9,10,0,0,0,0,0,0.0,0,0,1,2.7,2.7,0.2%,RB,2015
49,50,Justin Forsett,4,26,6.5,18,0,0,0,0,0,0.0,0,0,1,2.6,2.6,0.0%,RB,2015
50,51,Fred Jackson,4,11,2.8,5,0,0,2,2,11,5.5,0,0,1,2.2,2.2,0.0%,RB,2015
51,52,Benny Cunningham,1,0,0.0,0,0,0,1,2,20,20.0,0,0,1,2.0,2.0,0.0%,RB,2015
52,53,Dexter McCluster,2,0,0.0,4,0,0,2,2,18,9.0,0,0,1,1.8,1.8,0.0%,RB,2015
53,54,Terron Ward,2,2,1.0,1,0,0,3,4,16,5.3,0,0,1,1.8,1.8,0.0%,RB,2015
54,55,Chris Thompson,4,10,2.5,6,0,0,3,4,7,2.3,0,0,1,1.7,1.7,0.0%,RB,2015
55,56,Danny Woodhead,6,7,1.2,5,0,0,1,2,9,9.0,0,0,1,1.6,1.6,20.6%,RB,2015
56,57,Brandon Bolden,4,15,3.8,7,0,0,0,1,0,0.0,0,0,1,1.5,1.5,0.0%,RB,2015
57,58,Jerick McKinnon,0,0,0.0,0,0,0,2,3,15,7.5,0,0,1,1.5,1.5,16.2%,RB,2015
58,59,Kyle Juszczyk,2,3,1.5,2,0,0,3,5,10,3.3,0,0,1,1.3,1.3,0.9%,RB,2015
59,60,Karlos Williams,6,11,1.8,5,0,0,0,0,0,0.0,0,0,1,1.1,1.1,0.6%,RB,2015
60,61,Matt Asiata,0,0,0.0,0,0,0,1,1,9,9.0,0,0,1,0.9,0.9,0.0%,RB,2015
61,62,Fozzy Whittaker,2,6,3.0,4,0,0,1,1,2,2.0,0,0,1,0.8,0.8,0.0%,RB,2015
62,63,Andre Ellington,2,2,1.0,2,0,0,1,2,5,5.0,0,0,1,0.7,0.7,0.1%,RB,2015
63,64,Zach Line,0,0,0.0,0,0,0,1,1,7,7.0,0,0,1,0.7,0.7,0.0%,RB,2015
64,65,Rex Burkhead,0,0,0.0,0,0,0,1,1,7,7.0,0,0,1,0.7,0.7,10.0%,RB,2015
65,66,Bobby Rainey,1,5,5.0,5,0,0,0,0,0,0.0,0,0,1,0.5,0.5,0.0%,RB,2015
66,67,Akeem Hunt,2,4,2.0,2,0,0,0,1,0,0.0,0,0,1,0.4,0.4,0.0%,RB,2015
67,68,John Kuhn,1,4,4.0,4,0,0,0,0,0,0.0,0,0,1,0.4,0.4,0.0%,RB,2015
68,69,Jay Prosch,1,3,3.0,3,0,0,0,0,0,0.0,0,0,1,0.3,0.3,0.0%,RB,2015
69,70,Jalston Fowler,0,0,0.0,0,0,0,1,1,2,2.0,0,0,1,0.2,0.2,0.0%,RB,2015
70,71,Marcel Reece,2,2,1.0,2,0,0,0,1,0,0.0,0,0,1,0.2,0.2,0.0%,RB,2015
71,72,Taiwan Jones,1,2,2.0,2,0,0,0,0,0,0.0,0,0,1,0.2,0.2,0.0%,RB,2015
72,73,Alfred Morris,2,0,0.0,2,0,0,0,0,0,0.0,0,0,1,0.0,0.0,0.0%,RB,2015
73,74,Will Tukuafu,0,0,0.0,0,0,0,0,0,0,0.0,0,0,1,0.0,0.0,0.0%,RB,2015
74,75,Travaris Cadet,0,0,0.0,0,0,0,0,0,0,0.0,0,0,1,0.0,0.0,0.0%,RB,2015
75,76,Bruce Miller,0,0,0.0,0,0,0,0,0,0,0.0,0,0,1,0.0,0.0,0.0%,RB,2015
76,77,Anthony Sherman,0,0,0.0,0,0,0,0,0,0,0.0,0,0,1,0.0,0.0,0.0%,RB,2015
77,78,Tyler Clutts,0,0,0.0,0,0,0,0,0,0,0.0,0,0,1,0.0,0.0,0.0%,RB,2015
78,79,Nick Bellore,0,0,0.0,0,0,0,0,0,0,0.0,0,0,1,0.0,0.0,7.0%,RB,2015
79,80,Kendall Gaskins,0,0,0.0,0,0,0,0,0,0,0.0,0,0,1,0.0,0.0,0.0%,RB,2015
80,81,Damien Williams,0,0,0.0,0,0,0,0,0,0,0.0,0,0,1,0.0,0.0,0.0%,RB,2015
81,82,George Winn,0,0,0.0,0,0,0,0,0,0,0.0,0,0,1,0.0,0.0,0.0%,RB,2015
82,83,Drew Smith,0,0,0.0,0,0,0,0,0,0,0.0,0,0,1,0.0,0.0,0.0%,RB,2015
83,84,Cordarrelle Patterson,0,0,0.0,0,0,0,0,0,0,0.0,0,0,1,0.0,0.0,1.4%,RB,2015
84,85,Cory Harkey,0,0,0.0,0,0,0,0,0,0,0.0,0,0,1,0.0,0.0,0.2%,RB,2015
85,86,Chase Reynolds,0,0,0.0,0,0,0,0,0,0,0.0,0,0,1,0.0,0.0,0.0%,RB,2015
86,87,Derrick Coleman,0,0,0.0,0,0,0,0,0,0,0.0,0,0,1,0.0,0.0,0.1%,RB,2015
87,88,Tommy Bohanon,0,0,0.0,0,0,0,0,0,0,0.0,0,0,1,0.0,0.0,0.0%,RB,2015
88,89,Stepfan Taylor,0,0,0.0,0,0,0,0,0,0,0.0,0,0,1,0.0,0.0,0.2%,RB,2015
89,90,Jerome Felton,0,0,0.0,0,0,0,0,0,0,0.0,0,0,1,0.0,0.0,0.0%,RB,2015
90,91,Donald Brown,0,0,0.0,0,0,0,0,0,0,0.0,0,0,1,0.0,0.0,0.0%,RB,2015
91,92,Anthony Dixon,0,0,0.0,0,0,0,0,0,0,0.0,0,0,1,0.0,0.0,0.0%,RB,2015
92,93,Toby Gerhart,0,0,0.0,0,0,0,0,0,0,0.0,0,0,1,0.0,0.0,0.0%,RB,2015
93,94,Cedric Peerman,0,0,0.0,0,0,0,0,0,0,0.0,0,0,1,0.0,0.0,0.0%,RB,2015
94,95,Darrel Young,0,0,0.0,0,0,0,0,0,0,0.0,0,0,1,0.0,0.0,0.0%,RB,2015
95,96,Antone Smith,0,0,0.0,0,0,0,0,0,0,0.0,0,0,1,0.0,0.0,0.0%,RB,2015
96,97,Raheem Mostert,0,0,0.0,0,0,0,0,0,0,0.0,0,0,1,0.0,0.0,91.6%,RB,2015
97,98,Aaron Ripkowski,0,0,0.0,0,0,0,0,0,0,0.0,0,0,1,0.0,0.0,0.0%,RB,2015
98,99,Michael Burton,0,0,0.0,0,0,0,0,0,0,0.0,0,0,1,0.0,0.0,0.1%,RB,2015
99,100,Zurlon Tipton,0,0,0.0,0,0,0,0,0,0,0.0,0,0,1,0.0,0.0,0.0%,RB,2015
100,101,Juwan Thompson,0,0,0.0,0,0,0,0,0,0,0.0,0,0,1,0.0,0.0,0.0%,RB,2015
101,102,Ryan Hewitt,0,0,0.0,0,0,0,0,0,0,0.0,0,0,1,0.0,0.0,0.0%,RB,2015
102,103,Jorvorskie Lane,0,0,0.0,0,0,0,0,0,0,0.0,0,0,1,0.0,0.0,0.0%,RB,2015
103,104,Rod Smith,0,0,0.0,0,0,0,0,0,0,0.0,0,0,1,0.0,0.0,0.0%,RB,2015
104,105,David Cobb,4,-3,-0.8,2,0,0,0,0,0,0.0,0,0,1,-0.3,-0.3,0.0%,RB,2015
105,106,Stevan Ridley,4,0,0.0,7,0,0,1,1,-5,-5.0,0,0,1,-0.5,-0.5,0.0%,RB,2015
106,107,Matt Jones,5,0,0.0,2,0,0,2,2,12,6.0,0,1,1,-0.8,-0.8,0.0%,RB,2015
