,Rank,Player,Receiving Receptions,Receiving Target,Receiving Yards,Yards/Reception,Longest Reception,Receiving 20+,Receiving Touchdowns,Rushing Attempts,Rushing Yards,Rushing Touchdown,Fumbles,Games Played,Fantasy Football Points,FTPS/Game,ROST,Position,Year
0,1,Jordan Reed,9,11,129,14.3,28,2,2,0,0,0,0,1,24.9,24.9,19.0%,TE,2015
1,2,Vance McDonald,5,7,61,12.2,26,2,1,0,0,0,0,1,12.1,12.1,0.0%,TE,2015
2,3,Austin Seferian-Jenkins,2,4,60,30.0,43,0,1,0,0,0,0,1,12.0,12.0,0.0%,TE,2015
3,4,Kyle Rudolph,2,3,53,26.5,28,2,1,0,0,0,0,1,11.3,11.3,0.0%,TE,2015
4,5,Travis Kelce,6,8,43,7.2,13,0,1,0,0,0,0,1,10.3,10.3,99.9%,TE,2015
5,6,Zach Ertz,13,17,122,9.4,17,0,0,0,0,0,1,1,10.2,10.2,3.6%,TE,2015
6,7,Rob Gronkowski,4,6,86,21.5,30,2,0,0,0,0,0,1,8.6,8.6,1.5%,TE,2015
7,8,Michael Hoomanawanui,1,1,17,17.0,17,0,1,0,0,0,0,1,7.7,7.7,0.1%,TE,2015
8,9,Owen Daniels,5,7,70,14.0,26,1,0,0,0,0,0,1,7.0,7.0,0.0%,TE,2015
9,10,Zach Miller,7,8,69,9.9,18,0,0,0,0,0,0,1,6.9,6.9,0.0%,TE,2015
10,11,Delanie Walker,9,15,59,6.6,21,1,0,0,0,0,0,1,5.9,5.9,0.1%,TE,2015
11,12,Eric Ebron,4,5,49,12.3,20,1,0,0,0,0,0,1,4.9,4.9,0.0%,TE,2015
12,13,Heath Miller,5,6,49,9.8,20,1,0,0,0,0,0,1,4.9,4.9,0.0%,TE,2015
13,14,Gary Barnidge,3,8,47,15.7,24,1,0,0,0,0,0,1,4.7,4.7,0.1%,TE,2015
14,15,Tyler Kroft,4,6,46,11.5,15,0,0,0,0,0,0,1,4.6,4.6,0.0%,TE,2015
15,16,Cameron Brate,1,1,46,46.0,46,0,0,0,0,0,0,1,4.6,4.6,2.0%,TE,2015
16,17,Cooper Helfet,4,6,43,10.8,16,0,0,0,0,0,0,1,4.3,4.3,0.0%,TE,2015
17,18,Greg Olsen,4,6,40,10.0,15,0,0,0,0,0,0,1,4.0,4.0,7.0%,TE,2015
18,19,Jordan Cameron,3,3,34,11.3,15,0,0,0,0,0,0,1,3.4,3.4,0.1%,TE,2015
19,20,Jacob Tamme,4,4,29,7.3,12,0,0,0,0,0,0,1,2.9,2.9,0.0%,TE,2015
20,21,Will Tye,3,4,28,9.3,14,0,0,0,0,0,0,1,2.8,2.8,0.0%,TE,2015
21,22,Clay Harbor,1,1,7,7.0,7,0,0,0,0,0,0,1,2.7,2.7,0.0%,TE,2015
22,23,Ladarius Green,2,7,27,13.5,14,0,0,0,0,0,0,1,2.7,2.7,0.0%,TE,2015
23,24,Clive Walford,1,3,22,22.0,22,1,0,0,0,0,0,1,2.2,2.2,0.0%,TE,2015
24,25,Matt LaCosse,3,3,22,7.3,10,0,0,0,0,0,0,1,2.2,2.2,0.0%,TE,2015
25,26,Anthony Fasano,2,7,21,10.5,12,0,0,0,0,0,0,1,2.1,2.1,0.1%,TE,2015
26,27,Jerome Cunningham,2,2,21,10.5,12,0,0,0,0,0,0,1,2.1,2.1,0.0%,TE,2015
27,28,Chris Gragg,2,3,19,9.5,15,0,0,0,0,0,0,1,1.9,1.9,0.0%,TE,2015
28,29,Brent Celek,1,1,18,18.0,18,0,0,0,0,0,0,1,1.8,1.8,0.0%,TE,2015
29,30,Jim Dray,1,3,18,18.0,18,0,0,0,0,0,0,1,1.8,1.8,0.0%,TE,2015
30,31,Andrew Quarless,2,2,17,8.5,13,0,0,0,0,0,0,1,1.7,1.7,0.0%,TE,2015
31,32,Lee Smith,1,1,17,17.0,17,0,0,0,0,0,0,1,1.7,1.7,0.0%,TE,2015
32,33,Maxx Williams,2,5,16,8.0,9,0,0,0,0,0,0,1,1.6,1.6,0.0%,TE,2015
33,34,Coby Fleener,2,4,13,6.5,10,0,0,0,0,0,0,1,1.3,1.3,0.0%,TE,2015
34,35,Marcedes Lewis,1,1,13,13.0,13,0,0,0,0,0,0,1,1.3,1.3,0.1%,TE,2015
35,36,Ryan Griffin,1,1,13,13.0,13,0,0,0,0,0,0,1,1.3,1.3,0.0%,TE,2015
36,37,Julius Thomas,2,2,12,6.0,8,0,0,0,0,0,0,1,1.2,1.2,0.0%,TE,2015
37,38,Jason Witten,1,2,12,12.0,12,0,0,0,0,0,0,1,1.2,1.2,0.0%,TE,2015
38,39,Josh Hill,2,3,12,6.0,6,0,0,0,0,0,0,1,1.2,1.2,0.0%,TE,2015
39,40,Antonio Gates,2,2,11,5.5,8,0,0,0,0,0,0,1,1.1,1.1,0.2%,TE,2015
40,41,James Hanna,1,4,10,10.0,10,0,0,0,0,0,0,1,1.0,1.0,0.0%,TE,2015
41,42,John Phillips,1,1,9,9.0,9,0,0,0,0,0,0,1,0.9,0.9,0.0%,TE,2015
42,43,Dion Sims,1,1,8,8.0,8,0,0,0,0,0,0,1,0.8,0.8,0.0%,TE,2015
43,44,Virgil Green,1,1,8,8.0,8,0,0,0,0,0,0,1,0.8,0.8,0.0%,TE,2015
44,45,Craig Stevens,1,1,8,8.0,8,0,0,0,0,0,0,1,0.8,0.8,0.0%,TE,2015
45,46,Jermaine Gresham,1,2,7,7.0,7,0,0,0,0,0,0,1,0.7,0.7,0.0%,TE,2015
46,47,Luke Stocker,1,1,7,7.0,7,0,0,0,0,0,0,1,0.7,0.7,0.0%,TE,2015
47,48,Jack Doyle,2,3,7,3.5,5,0,0,0,0,0,0,1,0.7,0.7,2.0%,TE,2015
48,49,C.J. Fiedorowicz,1,1,6,6.0,6,0,0,0,0,0,0,1,0.6,0.6,0.0%,TE,2015
49,50,Benjamin Watson,1,2,5,5.0,5,0,0,0,0,0,0,1,0.5,0.5,2.8%,TE,2015
50,51,Jared Cook,1,2,5,5.0,5,0,0,0,0,0,0,1,0.5,0.5,0.0%,TE,2015
51,52,Jesse James,1,1,3,3.0,3,0,0,0,0,0,0,1,0.3,0.3,0.0%,TE,2015
52,53,Richard Rodgers,1,3,2,2.0,2,0,0,0,0,0,0,1,0.2,0.2,0.0%,TE,2015
53,54,Alex Smith,0,1,0,0.0,0,0,0,0,0,0,0,1,0.0,0.0,0.0%,TE,2015
54,55,Cory Harkey,0,0,0,0.0,0,0,0,0,0,0,0,1,0.0,0.0,0.2%,TE,2015
55,56,Jake Stoneburner,0,0,0,0.0,0,0,0,0,0,0,0,1,0.0,0.0,0.0%,TE,2015
56,57,Levine Toilolo,0,0,0,0.0,0,0,0,0,0,0,0,1,0.0,0.0,0.0%,TE,2015
57,58,Michael Williams,0,1,0,0.0,0,0,0,0,0,0,0,1,0.0,0.0,0.0%,TE,2015
58,59,Mychal Rivera,0,0,0,0.0,0,0,0,0,0,0,0,1,0.0,0.0,0.2%,TE,2015
59,60,Luke Willson,0,1,0,0.0,0,0,0,0,0,0,0,1,0.0,0.0,0.0%,TE,2015
60,61,Demetrius Harris,0,0,0,0.0,0,0,0,0,0,0,0,1,0.0,0.0,0.0%,TE,2015
61,62,Jeff Cumberland,0,0,0,0.0,0,0,0,0,0,0,0,1,0.0,0.0,0.0%,TE,2015
62,63,Dwayne Allen,0,1,0,0.0,0,0,0,0,0,0,0,1,0.0,0.0,0.0%,TE,2015
63,64,Rhett Ellison,0,1,0,0.0,0,0,0,0,0,0,0,1,0.0,0.0,0.0%,TE,2015
64,65,Konrad Reuland,0,0,0,0.0,0,0,0,0,0,0,0,1,0.0,0.0,0.0%,TE,2015
65,66,Ryan Hewitt,0,0,0,0.0,0,0,0,0,0,0,0,1,0.0,0.0,0.0%,TE,2015
66,67,Phillip Supernaw,0,0,0,0.0,0,0,0,0,0,0,0,1,0.0,0.0,0.0%,TE,2015
67,68,Brian Leonhardt,0,0,0,0.0,0,0,0,0,0,0,0,1,0.0,0.0,0.0%,TE,2015
68,69,Tim Wright,0,0,0,0.0,0,0,0,0,0,0,0,1,0.0,0.0,0.0%,TE,2015
69,70,Trey Burton,0,0,0,0.0,0,0,0,0,0,0,0,1,0.0,0.0,0.0%,TE,2015
70,71,Jordan Matthews,6,8,104,17.3,43,1,1,0,0,0,0,1,0.0,0.0,0.0%,TE,2015
71,72,Troy Niklas,0,0,0,0.0,0,0,0,0,0,0,0,1,0.0,0.0,0.0%,TE,2015
72,73,Kellen Davis,0,0,0,0.0,0,0,0,0,0,0,0,1,0.0,0.0,0.2%,TE,2015
73,74,Bear Pascoe,0,0,0,0.0,0,0,0,0,0,0,0,1,0.0,0.0,0.0%,TE,2015
74,75,Clark Harris,0,0,0,0.0,0,0,0,0,0,0,0,1,0.0,0.0,0.0%,TE,2015
75,76,Tony Moeaki,0,0,0,0.0,0,0,0,0,0,0,0,1,0.0,0.0,0.0%,TE,2015
76,77,Ed Dickson,0,1,0,0.0,0,0,0,0,0,0,0,1,0.0,0.0,0.0%,TE,2015
77,78,Bruce Miller,0,1,0,0.0,0,0,0,0,0,0,0,1,0.0,0.0,0.0%,TE,2015
78,79,Rob Housler,0,0,0,0.0,0,0,0,0,0,0,0,1,0.0,0.0,0.0%,TE,2015
79,80,Lance Kendricks,0,2,0,0.0,0,0,0,0,0,0,0,1,0.0,0.0,0.0%,TE,2015
80,81,Scott Chandler,0,0,0,0.0,0,0,0,0,0,0,0,1,0.0,0.0,0.0%,TE,2015
81,82,Matt Spaeth,0,0,0,0.0,0,0,0,0,0,0,0,1,0.0,0.0,0.0%,TE,2015
82,83,Mike Leach,0,0,0,0.0,0,0,0,0,0,0,0,1,0.0,0.0,0.0%,TE,2015
83,84,Vernon Davis,0,0,0,0.0,0,0,0,0,0,0,0,1,0.0,0.0,1.6%,TE,2015
84,85,Neal Sterling,0,0,0,0.0,0,0,0,0,0,0,0,1,0.0,0.0,0.0%,TE,2015
85,86,Khari Lee,0,0,0,0.0,0,0,0,0,0,0,0,1,0.0,0.0,0.0%,TE,2015
86,87,Geoff Swaim,0,0,0,0.0,0,0,0,0,0,0,0,1,0.0,0.0,0.0%,TE,2015
87,88,C.J. Uzomah,0,0,0,0.0,0,0,0,0,0,0,0,1,0.0,0.0,0.1%,TE,2015
88,89,Brian Parker,0,1,0,0.0,0,0,0,0,0,0,0,1,0.0,0.0,0.0%,TE,2015
89,90,Darren Fells,0,0,0,0.0,0,0,0,0,0,0,0,1,0.0,0.0,0.0%,TE,2015
90,91,Scott Simonson,0,0,0,0.0,0,0,0,0,0,0,0,1,0.0,0.0,0.0%,TE,2015
91,92,Kyle Nelson,0,0,0,0.0,0,0,0,0,0,0,0,1,0.0,0.0,0.0%,TE,2015
92,93,Blake Bell,0,1,0,0.0,0,0,0,0,0,0,0,1,0.0,0.0,0.0%,TE,2015
93,94,Jake Fisher,0,1,0,0.0,0,0,0,0,0,0,0,1,0.0,0.0,0.0%,TE,2015
94,95,Devin Funchess,0,1,0,0.0,0,0,0,0,0,0,0,1,0.0,0.0,0.0%,TE,2015
95,96,MyCole Pruitt,0,0,0,0.0,0,0,0,0,0,0,0,1,0.0,0.0,0.0%,TE,2015
96,97,E.J. Bibbs,0,0,0,0.0,0,0,0,0,0,0,0,1,0.0,0.0,0.0%,TE,2015
97,98,Nick O'Leary,0,1,0,0.0,0,0,0,0,0,0,0,1,0.0,0.0,0.0%,TE,2015
98,99,Daniel Brown,0,0,0,0.0,0,0,0,0,0,0,0,1,0.0,0.0,0.0%,TE,2015
99,100,Andrew DePaola,0,0,0,0.0,0,0,0,0,0,0,0,1,0.0,0.0,0.0%,TE,2015
100,101,Kevin McDermott,0,0,0,0.0,0,0,0,0,0,0,0,1,0.0,0.0,0.0%,TE,2015
101,102,Patrick Scales,0,0,0,0.0,0,0,0,0,0,0,0,1,0.0,0.0,0.0%,TE,2015
102,103,James Winchester,0,0,0,0.0,0,0,0,0,0,0,0,1,0.0,0.0,0.0%,TE,2015
103,104,Beau Brinkley,0,0,0,0.0,0,0,0,0,0,0,0,1,0.0,0.0,0.2%,TE,2015
104,105,David Johnson,1,1,4,4.0,4,0,0,0,0,0,1,1,-1.6,-1.6,0.0%,TE,2015
