,Rank,Player,Receiving Receptions,Receiving Target,Receiving Yards,Yards/Reception,Longest Reception,Receiving 20+,Receiving Touchdowns,Rushing Attempts,Rushing Yards,Rushing Touchdown,Fumbles,Games Played,Fantasy Football Points,FTPS/Game,ROST,Position,Year
0,1,Julius Thomas,9,10,116,12.9,34,1,1,0,0,0,0,1,17.6,17.6,0.0%,TE,2015
1,2,Antonio Gates,4,6,53,13.3,27,1,2,0,0,0,0,1,17.3,17.3,0.2%,TE,2015
2,3,Rob Gronkowski,6,10,88,14.7,23,2,1,0,0,0,0,1,14.8,14.8,1.5%,TE,2015
3,4,Ryan Griffin,4,5,72,18.0,37,1,1,0,0,0,0,1,13.2,13.2,0.0%,TE,2015
4,5,Vance McDonald,6,7,71,11.8,20,1,1,0,0,0,0,1,13.1,13.1,0.0%,TE,2015
5,6,Travis Kelce,4,7,69,17.3,38,0,1,0,0,0,0,1,12.9,12.9,99.9%,TE,2015
6,7,Scott Chandler,5,11,58,11.6,22,1,1,0,0,0,0,1,11.8,11.8,0.0%,TE,2015
7,8,Cameron Brate,5,6,53,10.6,20,1,1,0,0,0,0,1,11.3,11.3,2.0%,TE,2015
8,9,Tyler Eifert,3,4,40,13.3,22,1,1,0,0,0,0,1,10.0,10.0,0.0%,TE,2015
9,10,Jordan Reed,8,9,98,12.3,26,3,0,0,0,0,0,1,9.8,9.8,19.0%,TE,2015
10,11,Gary Barnidge,7,11,91,13.0,30,0,0,0,0,0,0,1,9.1,9.1,0.1%,TE,2015
11,12,Delanie Walker,6,8,91,15.2,36,1,0,0,0,0,0,1,9.1,9.1,0.1%,TE,2015
12,13,Craig Stevens,1,2,20,20.0,20,1,1,0,0,0,0,1,8.0,8.0,0.0%,TE,2015
13,14,Jimmy Graham,4,8,75,18.8,36,0,0,0,0,0,0,1,7.5,7.5,0.0%,TE,2015
14,15,Will Tye,6,8,74,12.3,28,1,0,0,0,0,0,1,7.4,7.4,0.0%,TE,2015
15,16,Zach Miller,2,7,10,5.0,7,0,1,0,0,0,0,1,7.0,7.0,0.0%,TE,2015
16,17,Greg Olsen,5,9,70,14.0,31,1,0,0,0,0,0,1,7.0,7.0,7.0%,TE,2015
17,18,Brent Celek,2,4,10,5.0,8,0,1,0,0,0,0,1,7.0,7.0,0.0%,TE,2015
18,19,Jacob Tamme,5,6,69,13.8,22,1,0,0,0,0,0,1,6.9,6.9,0.0%,TE,2015
19,20,Blake Bell,3,3,67,22.3,48,0,0,0,0,0,0,1,6.7,6.7,0.0%,TE,2015
20,21,Jared Cook,4,6,58,14.5,25,1,0,0,0,0,0,1,5.8,5.8,0.0%,TE,2015
21,22,Benjamin Watson,4,9,53,13.3,26,1,0,0,0,0,0,1,5.3,5.3,2.8%,TE,2015
22,23,Kyle Rudolph,7,10,53,7.6,13,0,0,0,0,0,0,1,5.3,5.3,0.0%,TE,2015
23,24,Trey Burton,2,2,49,24.5,43,0,0,0,0,0,0,1,4.9,4.9,0.0%,TE,2015
24,25,Owen Daniels,5,6,48,9.6,12,0,0,0,0,0,0,1,4.8,4.8,0.0%,TE,2015
25,26,Heath Miller,5,6,45,9.0,17,0,0,0,0,0,0,1,4.5,4.5,0.0%,TE,2015
26,27,Jason Witten,4,6,36,9.0,14,0,0,0,0,0,0,1,3.6,3.6,0.0%,TE,2015
27,28,Charles Clay,5,8,31,6.2,15,0,0,0,0,0,0,1,3.1,3.1,0.0%,TE,2015
28,29,Richard Rodgers,4,7,30,7.5,13,0,0,0,0,0,0,1,3.0,3.0,0.0%,TE,2015
29,30,Mychal Rivera,2,2,28,14.0,19,0,0,0,0,0,0,1,2.8,2.8,0.2%,TE,2015
30,31,Eric Ebron,2,3,28,14.0,19,0,0,0,0,0,0,1,2.8,2.8,0.0%,TE,2015
31,32,Jesse James,1,2,8,8.0,8,0,0,0,0,0,0,1,2.8,2.8,0.0%,TE,2015
32,33,Coby Fleener,3,3,27,9.0,17,0,0,0,0,0,0,1,2.7,2.7,0.0%,TE,2015
33,34,Marcedes Lewis,1,2,24,24.0,24,1,0,0,0,0,0,1,2.4,2.4,0.1%,TE,2015
34,35,Rhett Ellison,1,2,23,23.0,23,1,0,0,0,0,0,1,2.3,2.3,0.0%,TE,2015
35,36,Anthony Fasano,2,2,22,11.0,17,0,0,0,0,0,0,1,2.2,2.2,0.1%,TE,2015
36,37,Brandon Pettigrew,1,2,21,21.0,21,1,0,0,0,0,0,1,2.1,2.1,0.0%,TE,2015
37,38,Crockett Gillmore,3,4,20,6.7,14,0,0,0,0,0,0,1,2.0,2.0,0.0%,TE,2015
38,39,C.J. Fiedorowicz,2,2,20,10.0,14,0,0,0,0,0,0,1,2.0,2.0,0.0%,TE,2015
39,40,Ladarius Green,1,1,19,19.0,19,0,0,0,0,0,0,1,1.9,1.9,0.0%,TE,2015
40,41,Dwayne Allen,2,4,19,9.5,11,0,0,0,0,0,0,1,1.9,1.9,0.0%,TE,2015
41,42,Lance Kendricks,3,4,17,5.7,11,0,0,0,0,0,0,1,1.7,1.7,0.0%,TE,2015
42,43,Clive Walford,1,2,14,14.0,14,0,0,0,0,0,0,1,1.4,1.4,0.0%,TE,2015
43,44,Jordan Cameron,2,3,13,6.5,7,0,0,0,0,0,0,1,1.3,1.3,0.1%,TE,2015
44,45,Clay Harbor,1,2,12,12.0,12,0,0,0,0,0,0,1,1.2,1.2,0.0%,TE,2015
45,46,Luke Willson,1,1,12,12.0,12,0,0,0,0,0,0,1,1.2,1.2,0.0%,TE,2015
46,47,Vernon Davis,2,2,10,5.0,6,0,0,0,0,0,0,1,1.0,1.0,1.6%,TE,2015
47,48,Nick Boyle,1,3,10,10.0,10,0,0,0,0,0,0,1,1.0,1.0,0.0%,TE,2015
48,49,Justin Perillo,2,2,9,4.5,5,0,0,0,0,0,0,1,0.9,0.9,0.0%,TE,2015
49,50,Jermaine Gresham,1,3,9,9.0,9,0,0,0,0,0,0,1,0.9,0.9,0.0%,TE,2015
50,51,Khari Lee,1,1,7,7.0,7,0,0,0,0,0,0,1,0.7,0.7,0.0%,TE,2015
51,52,Derek Carrier,1,1,6,6.0,6,0,0,0,0,0,0,1,0.6,0.6,0.0%,TE,2015
52,53,Matt Spaeth,1,1,6,6.0,6,0,0,0,0,0,0,1,0.6,0.6,0.0%,TE,2015
53,54,Jack Doyle,1,1,5,5.0,5,0,0,0,0,0,0,1,0.5,0.5,2.0%,TE,2015
54,55,Tyler Kroft,1,1,4,4.0,4,0,0,0,0,0,0,1,0.4,0.4,0.0%,TE,2015
55,56,Lee Smith,1,1,2,2.0,2,0,0,0,0,0,0,1,0.2,0.2,0.0%,TE,2015
56,57,Cory Harkey,1,1,2,2.0,2,0,0,0,0,0,0,1,0.2,0.2,0.2%,TE,2015
57,58,Jerome Cunningham,1,4,2,2.0,2,0,0,0,0,0,0,1,0.2,0.2,0.0%,TE,2015
58,59,Asante Cleveland,1,1,1,1.0,1,0,0,0,0,0,0,1,0.1,0.1,0.0%,TE,2015
59,60,Levine Toilolo,0,0,0,0.0,0,0,0,0,0,0,0,1,0.0,0.0,0.0%,TE,2015
60,61,Garrett Celek,0,0,0,0.0,0,0,0,0,0,0,0,1,0.0,0.0,0.0%,TE,2015
61,62,Chris Gragg,0,0,0,0.0,0,0,0,0,0,0,0,1,0.0,0.0,0.0%,TE,2015
62,63,Demetrius Harris,0,0,0,0.0,0,0,0,0,0,0,0,1,0.0,0.0,0.0%,TE,2015
63,64,Jeff Cumberland,0,0,0,0.0,0,0,0,0,0,0,0,1,0.0,0.0,0.0%,TE,2015
64,65,James Hanna,0,0,0,0.0,0,0,0,0,0,0,0,1,0.0,0.0,0.0%,TE,2015
65,66,Ryan Hewitt,2,2,29,14.5,21,1,0,0,0,0,0,1,0.0,0.0,0.0%,TE,2015
66,67,Phillip Supernaw,0,0,0,0.0,0,0,0,0,0,0,0,1,0.0,0.0,0.0%,TE,2015
67,68,Jordan Matthews,3,5,60,20.0,24,2,1,0,0,0,0,1,0.0,0.0,0.0%,TE,2015
68,69,Troy Niklas,0,0,0,0.0,0,0,0,0,0,0,0,1,0.0,0.0,0.0%,TE,2015
69,70,John Phillips,0,0,0,0.0,0,0,0,0,0,0,0,1,0.0,0.0,0.0%,TE,2015
70,71,Kellen Davis,0,0,0,0.0,0,0,0,0,0,0,0,1,0.0,0.0,0.2%,TE,2015
71,72,Brandon Myers,0,0,0,0.0,0,0,0,0,0,0,0,1,0.0,0.0,0.0%,TE,2015
72,73,David Johnson,0,0,0,0.0,0,0,0,0,0,0,0,1,0.0,0.0,0.0%,TE,2015
73,74,Clark Harris,0,0,0,0.0,0,0,0,0,0,0,0,1,0.0,0.0,0.0%,TE,2015
74,75,Michael Hoomanawanui,0,1,0,0.0,0,0,0,0,0,0,0,1,0.0,0.0,0.1%,TE,2015
75,76,Jim Dray,0,1,0,0.0,0,0,0,0,0,0,0,1,0.0,0.0,0.0%,TE,2015
76,77,Luke Stocker,0,1,0,0.0,0,0,0,0,0,0,0,1,0.0,0.0,0.0%,TE,2015
77,78,Virgil Green,0,0,0,0.0,0,0,0,0,0,0,0,1,0.0,0.0,0.0%,TE,2015
78,79,Bruce Miller,0,0,0,0.0,0,0,0,0,0,0,0,1,0.0,0.0,0.0%,TE,2015
79,80,Tony Moeaki,0,0,0,0.0,0,0,0,0,0,0,0,1,0.0,0.0,0.0%,TE,2015
80,81,Ed Dickson,0,1,0,0.0,0,0,0,0,0,0,0,1,0.0,0.0,0.0%,TE,2015
81,82,Matthew Mulligan,0,0,0,0.0,0,0,0,0,0,0,0,1,0.0,0.0,0.0%,TE,2015
82,83,Mike Leach,0,0,0,0.0,0,0,0,0,0,0,0,1,0.0,0.0,0.0%,TE,2015
83,84,Nic Jacobs,0,0,0,0.0,0,0,0,0,0,0,0,1,0.0,0.0,0.0%,TE,2015
84,85,Josh Hill,0,1,0,0.0,0,0,0,0,0,0,0,1,0.0,0.0,0.0%,TE,2015
85,86,Kennard Backman,0,0,0,0.0,0,0,0,0,0,0,0,1,0.0,0.0,0.0%,TE,2015
86,87,Brian Parker,0,0,0,0.0,0,0,0,0,0,0,0,1,0.0,0.0,0.0%,TE,2015
87,88,Daniel Brown,0,1,0,0.0,0,0,0,0,0,0,0,1,0.0,0.0,0.0%,TE,2015
88,89,Darren Fells,0,0,0,0.0,0,0,0,0,0,0,0,1,0.0,0.0,0.0%,TE,2015
89,90,Cooper Helfet,0,0,0,0.0,0,0,0,0,0,0,0,1,0.0,0.0,0.0%,TE,2015
90,91,Scott Simonson,0,0,0,0.0,0,0,0,0,0,0,0,1,0.0,0.0,0.0%,TE,2015
91,92,Kyle Nelson,0,0,0,0.0,0,0,0,0,0,0,0,1,0.0,0.0,0.0%,TE,2015
92,93,Devin Funchess,2,4,19,9.5,15,0,0,0,0,0,0,1,0.0,0.0,0.0%,TE,2015
93,94,Maxx Williams,0,0,0,0.0,0,0,0,0,0,0,0,1,0.0,0.0,0.0%,TE,2015
94,95,Jake Fisher,0,1,0,0.0,0,0,0,0,0,0,0,1,0.0,0.0,0.0%,TE,2015
95,96,MyCole Pruitt,0,0,0,0.0,0,0,0,0,0,0,0,1,0.0,0.0,0.0%,TE,2015
96,97,E.J. Bibbs,0,1,0,0.0,0,0,0,0,0,0,0,1,0.0,0.0,0.0%,TE,2015
97,98,Beau Brinkley,0,0,0,0.0,0,0,0,0,0,0,0,1,0.0,0.0,0.2%,TE,2015
98,99,James Winchester,0,0,0,0.0,0,0,0,0,0,0,0,1,0.0,0.0,0.0%,TE,2015
99,100,Kevin McDermott,0,0,0,0.0,0,0,0,0,0,0,0,1,0.0,0.0,0.0%,TE,2015
100,101,Andrew DePaola,0,0,0,0.0,0,0,0,0,0,0,0,1,0.0,0.0,0.0%,TE,2015
101,102,Dion Sims,1,1,-1,-1.0,0,0,0,0,0,0,0,1,-0.1,-0.1,0.0%,TE,2015
102,103,Gavin Escobar,1,1,-2,-2.0,0,0,0,0,0,0,0,1,-0.2,-0.2,0.0%,TE,2015
