,Rank,Player,Receiving Receptions,Receiving Target,Receiving Yards,Yards/Reception,Longest Reception,Receiving 20+,Receiving Touchdowns,Rushing Attempts,Rushing Yards,Rushing Touchdown,Fumbles,Games Played,Fantasy Football Points,FTPS/Game,ROST,Position,Year
0,1,Coby Fleener,9,12,83,9.2,28,1,1,0,0,0,0,1,14.3,14.3,0.0%,TE,2015
1,2,Martellus Bennett,11,13,83,7.5,24,1,1,0,0,0,0,1,14.3,14.3,23.0%,TE,2015
2,3,Gary Barnidge,6,6,75,12.5,27,1,1,0,0,0,0,1,13.5,13.5,0.1%,TE,2015
3,4,Ladarius Green,4,6,53,13.3,19,0,1,0,0,0,0,1,11.3,11.3,0.0%,TE,2015
4,5,Charles Clay,9,13,111,12.3,27,4,0,0,0,0,0,1,11.1,11.1,0.0%,TE,2015
5,6,Richard Rodgers,5,6,45,9.0,12,0,1,0,0,0,0,1,10.5,10.5,0.0%,TE,2015
6,7,Jake Stoneburner,2,2,16,8.0,8,0,1,0,0,0,0,1,7.6,7.6,0.0%,TE,2015
7,8,Josh Hill,2,2,11,5.5,8,0,1,0,0,0,0,1,7.1,7.1,0.0%,TE,2015
8,9,Brent Celek,1,2,10,10.0,10,0,1,0,0,0,0,1,7.0,7.0,0.0%,TE,2015
9,10,Owen Daniels,2,5,9,4.5,8,0,1,0,0,0,0,1,6.9,6.9,0.0%,TE,2015
10,11,Tyler Eifert,3,4,69,23.0,30,1,0,0,0,0,0,1,6.9,6.9,0.0%,TE,2015
11,12,C.J. Fiedorowicz,3,3,28,9.3,19,0,1,0,0,0,1,1,6.8,6.8,0.0%,TE,2015
12,13,John Phillips,1,2,1,1.0,1,0,1,0,0,0,0,1,6.1,6.1,0.0%,TE,2015
13,14,Jason Witten,4,6,57,14.3,28,1,0,0,0,0,0,1,5.7,5.7,0.0%,TE,2015
14,15,Marcedes Lewis,5,8,40,8.0,13,0,0,0,0,0,0,1,4.0,4.0,0.1%,TE,2015
15,16,Larry Donnell,5,7,38,7.6,16,0,0,0,0,0,0,1,3.8,3.8,0.0%,TE,2015
16,17,Clay Harbor,4,6,31,7.8,21,1,0,0,0,0,0,1,3.1,3.1,0.0%,TE,2015
17,18,Benjamin Watson,3,3,30,10.0,21,1,0,0,0,0,0,1,3.0,3.0,2.8%,TE,2015
18,19,Jimmy Graham,4,5,29,7.3,13,0,0,0,0,0,0,1,2.9,2.9,0.0%,TE,2015
19,20,Travis Kelce,5,7,49,9.8,14,0,0,0,0,0,1,1,2.9,2.9,99.9%,TE,2015
20,21,Greg Olsen,2,6,28,14.0,19,0,0,0,0,0,0,1,2.8,2.8,7.0%,TE,2015
21,22,Tim Wright,1,2,26,26.0,26,1,0,0,0,0,0,1,2.6,2.6,0.0%,TE,2015
22,23,Garrett Celek,3,5,26,8.7,13,0,0,0,0,0,0,1,2.6,2.6,0.0%,TE,2015
23,24,Eric Ebron,2,3,22,11.0,19,0,0,0,0,0,0,1,2.2,2.2,0.0%,TE,2015
24,25,Jared Cook,3,6,22,7.3,12,0,0,0,0,0,0,1,2.2,2.2,0.0%,TE,2015
25,26,Jordan Cameron,2,9,19,9.5,11,0,0,0,0,0,0,1,1.9,1.9,0.1%,TE,2015
26,27,Derek Carrier,2,2,18,9.0,15,0,0,0,0,0,0,1,1.8,1.8,0.0%,TE,2015
27,28,Maxx Williams,2,4,17,8.5,10,0,0,0,0,0,0,1,1.7,1.7,0.0%,TE,2015
28,29,Darren Waller,1,2,17,17.0,17,0,0,0,0,0,0,1,1.7,1.7,53.0%,TE,2015
29,30,Darren Fells,1,1,17,17.0,17,0,0,0,0,0,0,1,1.7,1.7,0.0%,TE,2015
30,31,Jordan Reed,5,8,37,7.4,15,0,0,0,0,0,1,1,1.7,1.7,19.0%,TE,2015
31,32,Luke Willson,2,3,15,7.5,9,0,0,0,0,0,0,1,1.5,1.5,0.0%,TE,2015
32,33,Chris Gragg,1,1,15,15.0,15,0,0,0,0,0,0,1,1.5,1.5,0.0%,TE,2015
33,34,Lee Smith,2,2,14,7.0,9,0,0,0,0,0,0,1,1.4,1.4,0.0%,TE,2015
34,35,Nick Boyle,3,4,12,4.0,8,0,0,0,0,0,0,1,1.2,1.2,0.0%,TE,2015
35,36,Mychal Rivera,2,3,12,6.0,8,0,0,0,0,0,0,1,1.2,1.2,0.2%,TE,2015
36,37,Ed Dickson,1,2,11,11.0,11,0,0,0,0,0,0,1,1.1,1.1,0.0%,TE,2015
37,38,Zach Ertz,2,3,11,5.5,7,0,0,0,0,0,0,1,1.1,1.1,3.6%,TE,2015
38,39,James O'Shaughnessy,1,1,8,8.0,8,0,0,0,0,0,0,1,0.8,0.8,0.0%,TE,2015
39,40,Brandon Myers,1,3,8,8.0,8,0,0,0,0,0,0,1,0.8,0.8,0.0%,TE,2015
40,41,Jermaine Gresham,1,3,8,8.0,8,0,0,0,0,0,0,1,0.8,0.8,0.0%,TE,2015
41,42,Kyle Rudolph,2,4,7,3.5,6,0,0,0,0,0,0,1,0.7,0.7,0.0%,TE,2015
42,43,Vance McDonald,1,2,7,7.0,7,0,0,0,0,0,0,1,0.7,0.7,0.0%,TE,2015
43,44,Cameron Brate,1,1,7,7.0,7,0,0,0,0,0,0,1,0.7,0.7,2.0%,TE,2015
44,45,James Hanna,1,1,7,7.0,7,0,0,0,0,0,0,1,0.7,0.7,0.0%,TE,2015
45,46,Garrett Graham,1,6,6,6.0,6,0,0,0,0,0,0,1,0.6,0.6,0.0%,TE,2015
46,47,Cory Harkey,1,1,4,4.0,4,0,0,0,0,0,0,1,0.4,0.4,0.2%,TE,2015
47,48,MarQueis Gray,1,1,2,2.0,2,0,0,0,0,0,0,1,0.2,0.2,0.0%,TE,2015
48,49,Heath Miller,1,2,1,1.0,1,0,0,0,0,0,0,1,0.1,0.1,0.0%,TE,2015
49,50,Gavin Escobar,0,1,0,0.0,0,0,0,0,0,0,0,1,0.0,0.0,0.0%,TE,2015
50,51,Levine Toilolo,0,0,0,0.0,0,0,0,0,0,0,0,1,0.0,0.0,0.0%,TE,2015
51,52,Demetrius Harris,0,0,0,0.0,0,0,0,0,0,0,0,1,0.0,0.0,0.0%,TE,2015
52,53,Rhett Ellison,0,0,0,0.0,0,0,0,0,0,0,0,1,0.0,0.0,0.0%,TE,2015
53,54,Virgil Green,0,0,0,0.0,0,0,0,0,0,0,0,1,0.0,0.0,0.0%,TE,2015
54,55,Bruce Miller,0,0,0,0.0,0,0,0,0,0,0,0,1,0.0,0.0,0.0%,TE,2015
55,56,Richie Brockel,0,0,0,0.0,0,0,0,0,0,0,0,1,0.0,0.0,0.0%,TE,2015
56,57,Ryan Hewitt,0,0,0,0.0,0,0,0,0,0,0,0,1,0.0,0.0,0.0%,TE,2015
57,58,Troy Niklas,0,0,0,0.0,0,0,0,0,0,0,0,1,0.0,0.0,0.0%,TE,2015
58,59,Jack Doyle,0,0,0,0.0,0,0,0,0,0,0,0,1,0.0,0.0,2.0%,TE,2015
59,60,Jordan Matthews,3,8,50,16.7,30,0,0,0,0,0,0,1,0.0,0.0,0.0%,TE,2015
60,61,Trey Burton,0,0,0,0.0,0,0,0,0,0,0,0,1,0.0,0.0,0.0%,TE,2015
61,62,James Casey,0,0,0,0.0,0,0,0,0,0,0,0,1,0.0,0.0,0.0%,TE,2015
62,63,David Johnson,0,1,0,0.0,0,0,0,0,0,0,0,1,0.0,0.0,0.0%,TE,2015
63,64,Clark Harris,0,0,0,0.0,0,0,0,0,0,0,0,1,0.0,0.0,0.0%,TE,2015
64,65,Jim Dray,0,0,0,0.0,0,0,0,0,0,0,0,1,0.0,0.0,0.0%,TE,2015
65,66,Anthony McCoy,0,0,0,0.0,0,0,0,0,0,0,0,1,0.0,0.0,0.0%,TE,2015
66,67,Mickey Shuler,0,0,0,0.0,0,0,0,0,0,0,0,1,0.0,0.0,0.0%,TE,2015
67,68,Rob Housler,0,0,0,0.0,0,0,0,0,0,0,0,1,0.0,0.0,0.0%,TE,2015
68,69,Lance Kendricks,0,2,0,0.0,0,0,0,0,0,0,0,1,0.0,0.0,0.0%,TE,2015
69,70,Zach Miller,0,0,0,0.0,0,0,0,0,0,0,0,1,0.0,0.0,0.0%,TE,2015
70,71,Kellen Davis,0,0,0,0.0,0,0,0,0,0,0,0,1,0.0,0.0,0.2%,TE,2015
71,72,Matthew Mulligan,0,0,0,0.0,0,0,0,0,0,0,0,1,0.0,0.0,0.0%,TE,2015
72,73,Mike Leach,0,0,0,0.0,0,0,0,0,0,0,0,1,0.0,0.0,0.0%,TE,2015
73,74,Khari Lee,0,0,0,0.0,0,0,0,0,0,0,0,1,0.0,0.0,0.0%,TE,2015
74,75,Kennard Backman,0,0,0,0.0,0,0,0,0,0,0,0,1,0.0,0.0,0.0%,TE,2015
75,76,Jake Fisher,0,0,0,0.0,0,0,0,0,0,0,0,1,0.0,0.0,0.0%,TE,2015
76,77,Nic Jacobs,0,0,0,0.0,0,0,0,0,0,0,0,1,0.0,0.0,0.0%,TE,2015
77,78,Cooper Helfet,0,0,0,0.0,0,0,0,0,0,0,0,1,0.0,0.0,0.0%,TE,2015
78,79,Kyle Nelson,0,0,0,0.0,0,0,0,0,0,0,0,1,0.0,0.0,0.0%,TE,2015
79,80,Blake Bell,0,0,0,0.0,0,0,0,0,0,0,0,1,0.0,0.0,0.0%,TE,2015
80,81,Wes Saxton,0,0,0,0.0,0,0,0,0,0,0,0,1,0.0,0.0,0.0%,TE,2015
81,82,MyCole Pruitt,0,1,0,0.0,0,0,0,0,0,0,0,1,0.0,0.0,0.0%,TE,2015
82,83,Tyler Kroft,0,0,0,0.0,0,0,0,0,0,0,0,1,0.0,0.0,0.0%,TE,2015
83,84,Clive Walford,0,1,0,0.0,0,0,0,0,0,0,0,1,0.0,0.0,0.0%,TE,2015
84,85,Devin Funchess,0,2,0,0.0,0,0,0,0,0,0,0,1,0.0,0.0,0.0%,TE,2015
85,86,Will Tye,0,1,0,0.0,0,0,0,0,0,0,0,1,0.0,0.0,0.0%,TE,2015
86,87,James Winchester,0,0,0,0.0,0,0,0,0,0,0,0,1,0.0,0.0,0.0%,TE,2015
87,88,Kevin McDermott,0,0,0,0.0,0,0,0,0,0,0,0,1,0.0,0.0,0.0%,TE,2015
88,89,Andrew DePaola,0,0,0,0.0,0,0,0,0,0,0,0,1,0.0,0.0,0.0%,TE,2015
