,Rank,Player,Receiving Receptions,Receiving Target,Receiving Yards,Yards/Reception,Longest Reception,Receiving 20+,Receiving Touchdowns,Rushing Attempts,Rushing Yards,Rushing Touchdown,Fumbles,Games Played,Fantasy Football Points,FTPS/Game,ROST,Position,Year
0,1,A.J. Green,10,13,227,22.7,80,0,2,0,0,0,0,1,34.7,34.7,0.6%,WR,2015
1,2,Steve Smith,13,17,186,14.3,50,2,2,0,0,0,0,1,30.6,30.6,0.0%,WR,2015
2,3,Julio Jones,12,20,164,13.7,45,1,2,0,0,0,0,1,28.4,28.4,0.6%,WR,2015
3,4,Randall Cobb,7,12,91,13.0,29,2,3,1,12,0,0,1,28.3,28.3,0.0%,WR,2015
4,5,Larry Fitzgerald,9,11,134,14.9,23,3,2,0,0,0,0,1,25.4,25.4,0.2%,WR,2015
5,6,Keenan Allen,12,18,133,11.1,34,0,2,0,0,0,0,1,25.3,25.3,91.1%,WR,2015
6,7,Rishard Matthews,6,10,113,18.8,46,1,2,0,0,0,0,1,23.3,23.3,0.0%,WR,2015
7,8,Jeremy Maclin,8,11,141,17.6,61,0,1,0,0,0,0,1,20.1,20.1,0.0%,WR,2015
8,9,James Jones,7,8,139,19.9,52,2,1,0,0,0,0,1,19.9,19.9,0.0%,WR,2015
9,10,Rueben Randle,7,7,116,16.6,41,0,1,0,0,0,0,1,17.6,17.6,0.0%,WR,2015
10,11,Kendall Wright,7,12,95,13.6,24,2,1,1,13,0,0,1,16.8,16.8,0.0%,WR,2015
11,12,DeAndre Hopkins,8,14,101,12.6,29,1,1,0,0,0,0,1,16.1,16.1,92.5%,WR,2015
12,13,Marvin Jones,5,8,94,18.8,32,0,1,0,0,0,0,1,15.4,15.4,0.1%,WR,2015
13,14,Brandon Marshall,10,14,109,10.9,20,1,1,0,0,0,1,1,14.9,14.9,2.6%,WR,2015
14,15,Odell Beckham,7,9,79,11.3,30,0,1,0,0,0,0,1,13.9,13.9,33.2%,WR,2015
15,16,Demaryius Thomas,9,13,92,10.2,45,0,1,0,0,0,1,1,13.2,13.2,0.1%,WR,2015
16,17,Allen Hurns,2,4,70,35.0,59,0,1,0,0,0,0,1,13.0,13.0,0.0%,WR,2015
17,18,Seth Roberts,3,5,56,18.7,36,0,1,0,0,0,0,1,11.6,11.6,0.0%,WR,2015
18,19,Amari Cooper,8,11,134,16.8,40,1,0,0,0,0,1,1,11.4,11.4,91.5%,WR,2015
19,20,Antonio Brown,11,13,108,9.8,19,0,0,0,0,0,0,1,10.8,10.8,0.8%,WR,2015
20,21,Phillip Dorsett,2,3,43,21.5,35,0,1,0,0,0,0,1,10.3,10.3,0.0%,WR,2015
21,22,Chris Hogan,3,4,42,14.0,38,0,1,0,0,0,0,1,10.2,10.2,0.0%,WR,2015
22,23,Kenny Britt,7,10,102,14.6,26,1,0,0,0,0,0,1,10.2,10.2,0.0%,WR,2015
23,24,Mike Evans,7,17,101,14.4,20,1,0,0,0,0,0,1,10.1,10.1,98.1%,WR,2015
24,25,Danny Amendola,5,5,39,7.8,12,0,1,0,0,0,0,1,9.9,9.9,0.0%,WR,2015
25,26,Brian Hartline,5,7,96,19.2,41,0,0,0,0,0,0,1,9.6,9.6,0.0%,WR,2015
26,27,T.Y. Hilton,4,7,94,23.5,48,1,0,0,0,0,0,1,9.4,9.4,3.0%,WR,2015
27,28,Ted Ginn,4,6,93,23.3,55,0,0,0,0,0,0,1,9.3,9.3,0.0%,WR,2015
28,29,Jeremy Kerley,6,11,33,5.5,9,0,1,0,0,0,0,1,9.3,9.3,0.0%,WR,2015
29,30,Keshawn Martin,3,3,33,11.0,13,0,1,0,0,0,0,1,9.3,9.3,0.0%,WR,2015
30,31,Donte Moncrief,4,7,32,8.0,11,0,1,0,0,0,0,1,9.2,9.2,0.0%,WR,2015
31,32,Emmanuel Sanders,6,9,87,14.5,34,0,0,0,0,0,0,1,8.7,8.7,0.0%,WR,2015
32,33,Jarvis Landry,8,13,67,8.4,13,0,0,1,-1,0,0,1,8.6,8.6,14.0%,WR,2015
33,34,Julian Edelman,8,11,85,10.6,19,0,0,0,0,0,0,1,8.5,8.5,12.1%,WR,2015
34,35,Travis Benjamin,4,10,45,11.3,17,0,1,0,0,0,1,1,8.5,8.5,0.0%,WR,2015
35,36,Percy Harvin,7,8,66,9.4,18,0,0,2,16,0,0,1,8.2,8.2,0.1%,WR,2015
36,37,Dorial Green-Beckham,2,3,22,11.0,19,0,1,0,0,0,0,1,8.2,8.2,0.4%,WR,2015
37,38,Brandin Cooks,7,8,79,11.3,16,0,0,0,0,0,0,1,7.9,7.9,43.5%,WR,2015
38,39,Calvin Johnson,8,13,77,9.6,25,1,0,0,0,0,0,1,7.7,7.7,0.1%,WR,2015
39,40,Jermaine Kearse,6,6,76,12.7,22,1,0,0,0,0,0,1,7.6,7.6,0.0%,WR,2015
40,41,Allen Robinson,4,9,68,17.0,37,1,0,0,0,0,0,1,6.8,6.8,0.6%,WR,2015
41,42,Jamison Crowder,6,6,45,7.5,15,0,0,0,0,0,0,1,6.5,6.5,0.3%,WR,2015
42,43,Pierre Garcon,5,12,64,12.8,19,0,0,0,0,0,0,1,6.4,6.4,0.0%,WR,2015
43,44,Andre Holmes,1,1,3,3.0,3,0,1,0,0,0,0,1,6.3,6.3,0.0%,WR,2015
44,45,Malcom Floyd,4,7,63,15.8,39,0,0,0,0,0,0,1,6.3,6.3,0.0%,WR,2015
45,46,John Brown,3,5,62,20.7,27,2,0,0,0,0,0,1,6.2,6.2,0.0%,WR,2015
46,47,Louis Murphy,3,6,61,20.3,33,0,0,0,0,0,0,1,6.1,6.1,0.0%,WR,2015
47,48,Cecil Shorts,6,9,58,9.7,18,0,0,0,0,0,0,1,5.8,5.8,0.0%,WR,2015
48,49,Golden Tate,5,7,57,11.4,33,0,0,0,0,0,0,1,5.7,5.7,0.0%,WR,2015
49,50,Bennie Fowler,4,4,50,12.5,13,0,0,0,0,0,0,1,5.0,5.0,0.0%,WR,2015
50,51,Quincy Enunwa,5,10,50,10.0,26,1,0,0,0,0,0,1,5.0,5.0,0.0%,WR,2015
51,52,Mike Wallace,3,4,49,16.3,19,0,0,0,0,0,0,1,4.9,4.9,0.0%,WR,2015
52,53,Jordan Matthews,6,8,49,8.2,17,0,0,0,0,0,0,1,4.9,4.9,0.0%,WR,2015
53,54,Cole Beasley,4,4,49,12.3,20,1,0,0,0,0,0,1,4.9,4.9,0.0%,WR,2015
54,55,Marques Colston,4,6,47,11.8,22,1,0,0,0,0,0,1,4.7,4.7,0.0%,WR,2015
55,56,DeVante Parker,3,7,46,15.3,19,0,0,0,0,0,0,1,4.6,4.6,1.7%,WR,2015
56,57,Steve Johnson,3,5,46,15.3,30,0,0,0,0,0,0,1,4.6,4.6,0.0%,WR,2015
57,58,Leonard Hankerson,3,6,45,15.0,21,1,0,0,0,0,0,1,4.5,4.5,0.0%,WR,2015
58,59,Willie Snead,5,7,44,8.8,15,0,0,0,0,0,0,1,4.4,4.4,0.0%,WR,2015
59,60,Nate Washington,4,9,42,10.5,14,0,0,0,0,0,0,1,4.2,4.2,0.0%,WR,2015
60,61,Vincent Jackson,2,4,40,20.0,21,1,0,0,0,0,0,1,4.0,4.0,0.0%,WR,2015
61,62,Devin Smith,3,9,39,13.0,16,0,0,0,0,0,0,1,3.9,3.9,0.0%,WR,2015
62,63,Sammy Watkins,1,2,39,39.0,39,0,0,0,0,0,0,1,3.9,3.9,0.0%,WR,2015
63,64,Robert Woods,4,5,38,9.5,16,0,0,0,0,0,0,1,3.8,3.8,2.7%,WR,2015
64,65,Tavon Austin,5,5,38,7.6,12,0,0,0,0,0,0,1,3.8,3.8,0.1%,WR,2015
65,66,Michael Crabtree,4,9,36,9.0,14,0,0,0,0,0,0,1,3.6,3.6,0.0%,WR,2015
66,67,Doug Baldwin,3,3,35,11.7,22,1,0,0,0,0,0,1,3.5,3.5,0.0%,WR,2015
67,68,Mohamed Sanu,2,4,28,14.0,19,0,0,1,6,0,0,1,3.4,3.4,0.0%,WR,2015
68,69,Marlon Brown,2,5,29,14.5,21,1,0,0,0,0,0,1,2.9,2.9,0.0%,WR,2015
69,70,Justin Hunter,1,2,29,29.0,29,1,0,0,0,0,0,1,2.9,2.9,0.0%,WR,2015
70,71,Bryan Walters,2,3,28,14.0,23,1,0,0,0,0,0,1,2.8,2.8,0.0%,WR,2015
71,72,Jarius Wright,3,4,28,9.3,17,0,0,0,0,0,0,1,2.8,2.8,0.0%,WR,2015
72,73,Taylor Gabriel,3,5,28,9.3,11,0,0,0,0,0,0,1,2.8,2.8,0.1%,WR,2015
73,74,Jordan Norwood,3,3,27,9.0,17,0,0,0,0,0,0,1,2.7,2.7,0.0%,WR,2015
74,75,Rashad Ross,2,2,27,13.5,20,1,0,0,0,0,0,1,2.7,2.7,0.0%,WR,2015
75,76,Chris Givens,0,0,0,0.0,0,0,0,1,24,0,0,1,2.4,2.4,0.0%,WR,2015
76,77,Ricardo Lockette,1,2,23,23.0,23,1,0,0,0,0,0,1,2.3,2.3,0.0%,WR,2015
77,78,Harry Douglas,3,6,20,6.7,10,0,0,0,0,0,0,1,2.0,2.0,0.0%,WR,2015
78,79,Darrius Heyward-Bey,3,3,19,6.3,7,0,0,0,0,0,0,1,1.9,1.9,0.0%,WR,2015
79,80,Michael Campanaro,2,2,11,5.5,11,0,0,1,8,0,0,1,1.9,1.9,0.0%,WR,2015
80,81,Andrew Hawkins,2,6,18,9.0,10,0,0,0,0,0,0,1,1.8,1.8,0.0%,WR,2015
81,82,Andre Roberts,1,3,18,18.0,18,0,0,0,0,0,0,1,1.8,1.8,0.0%,WR,2015
82,83,Eddie Royal,3,3,17,5.7,9,0,0,0,0,0,0,1,1.7,1.7,0.0%,WR,2015
83,84,Adam Thielen,2,4,16,8.0,11,0,0,0,0,0,0,1,1.6,1.6,74.6%,WR,2015
84,85,Anquan Boldin,2,4,16,8.0,14,0,0,0,0,0,0,1,1.6,1.6,0.1%,WR,2015
85,86,Markus Wheaton,2,3,16,8.0,12,0,0,0,0,0,0,1,1.6,1.6,0.0%,WR,2015
86,87,Chris Conley,1,1,16,16.0,16,0,0,0,0,0,0,1,1.6,1.6,0.1%,WR,2015
87,88,Marlon Moore,1,1,15,15.0,15,0,0,0,0,0,0,1,1.5,1.5,0.0%,WR,2015
88,89,Devin Funchess,1,4,14,14.0,14,0,0,0,0,0,0,1,1.4,1.4,0.0%,WR,2015
89,90,Marqise Lee,1,2,13,13.0,13,0,0,0,0,0,0,1,1.3,1.3,0.0%,WR,2015
90,91,Brenton Bersin,1,2,13,13.0,13,0,0,0,0,0,0,1,1.3,1.3,0.0%,WR,2015
91,92,Corey Brown,0,0,0,0.0,0,0,0,1,12,0,0,1,1.2,1.2,0.2%,WR,2015
92,93,Michael Floyd,1,5,12,12.0,12,0,0,0,0,0,0,1,1.2,1.2,0.0%,WR,2015
93,94,Greg Jennings,1,3,10,10.0,10,0,0,0,0,0,0,1,1.0,1.0,0.0%,WR,2015
94,95,Lance Moore,2,3,10,5.0,5,0,0,0,0,0,0,1,1.0,1.0,0.0%,WR,2015
95,96,Ryan Grant,2,5,9,4.5,6,0,0,0,0,0,0,1,0.9,0.9,0.0%,WR,2015
96,97,Brandon Coleman,1,3,9,9.0,9,0,0,0,0,0,0,1,0.9,0.9,0.0%,WR,2015
97,98,Charles Johnson,1,2,9,9.0,9,0,0,0,0,0,0,1,0.9,0.9,0.0%,WR,2015
98,99,Jason Avant,2,4,8,4.0,5,0,0,0,0,0,0,1,0.8,0.8,0.0%,WR,2015
99,100,Quinton Patton,1,3,7,7.0,7,0,0,0,0,0,0,1,0.7,0.7,0.2%,WR,2015
100,101,Aaron Dobson,1,3,5,5.0,5,0,0,0,0,0,0,1,0.5,0.5,0.0%,WR,2015
101,102,De'Anthony Thomas,2,2,12,6.0,9,0,0,1,-7,0,0,1,0.5,0.5,0.0%,WR,2015
102,103,Andre Caldwell,1,1,2,2.0,2,0,0,0,0,0,0,1,0.2,0.2,0.0%,WR,2015
103,104,Nick Williams,1,1,6,6.0,6,0,0,0,0,0,0,1,0.0,0.0,0.0%,WR,2015
104,105,Brittan Golden,0,0,0,0.0,0,0,0,0,0,0,0,1,0.0,0.0,0.0%,WR,2015
105,106,Ryan Davis,0,0,0,0.0,0,0,0,0,0,0,0,1,0.0,0.0,0.0%,WR,2015
106,107,Davante Adams,0,2,0,0.0,0,0,0,0,0,0,0,1,0.0,0.0,99.9%,WR,2015
107,108,Jaron Brown,0,0,0,0.0,0,0,0,0,0,0,0,1,0.0,0.0,0.0%,WR,2015
108,109,Albert Wilson,0,3,0,0.0,0,0,0,0,0,0,0,1,0.0,0.0,0.0%,WR,2015
109,110,Jeff Janis,0,1,0,0.0,0,0,0,0,0,0,0,1,0.0,0.0,0.0%,WR,2015
110,111,James Wright,0,0,0,0.0,0,0,0,0,0,0,0,1,0.0,0.0,0.0%,WR,2015
111,112,Cody Latimer,0,0,0,0.0,0,0,0,0,0,0,0,1,0.0,0.0,0.0%,WR,2015
112,113,T.J. Jones,0,0,0,0.0,0,0,0,0,0,0,0,1,0.0,0.0,0.0%,WR,2015
113,114,Devin Street,0,0,0,0.0,0,0,0,0,0,0,0,1,0.0,0.0,0.0%,WR,2015
114,115,Chris Matthews,0,1,0,0.0,0,0,0,0,0,0,0,1,0.0,0.0,0.0%,WR,2015
115,116,Griff Whalen,0,0,0,0.0,0,0,0,0,0,0,0,1,0.0,0.0,0.0%,WR,2015
116,117,Marcus Thigpen,0,0,0,0.0,0,0,0,0,0,0,0,1,0.0,0.0,0.0%,WR,2015
117,118,Josh Bellamy,0,2,0,0.0,0,0,0,0,0,0,0,1,0.0,0.0,0.0%,WR,2015
118,119,Stedman Bailey,0,1,0,0.0,0,0,0,0,0,0,0,1,0.0,0.0,0.0%,WR,2015
119,120,Kenny Stills,0,1,0,0.0,0,0,0,0,0,0,0,1,0.0,0.0,0.0%,WR,2015
120,121,Terrance Williams,0,2,0,0.0,0,0,0,0,0,0,0,1,0.0,0.0,0.0%,WR,2015
121,122,Duke Williams,0,0,0,0.0,0,0,0,0,0,0,0,1,0.0,0.0,0.0%,WR,2015
122,123,Brice Butler,0,0,0,0.0,0,0,0,0,0,0,0,1,0.0,0.0,0.0%,WR,2015
123,124,Marquess Wilson,0,2,0,0.0,0,0,0,0,0,0,0,1,0.0,0.0,0.0%,WR,2015
124,125,Russell Shepard,0,1,0,0.0,0,0,0,0,0,0,0,1,0.0,0.0,0.0%,WR,2015
125,126,Tony Washington,0,0,0,0.0,0,0,0,0,0,0,0,1,0.0,0.0,0.0%,WR,2015
126,127,Dontrelle Inman,0,0,0,0.0,0,0,0,0,0,0,0,1,0.0,0.0,0.0%,WR,2015
127,128,Roddy White,0,0,0,0.0,0,0,0,0,0,0,0,1,0.0,0.0,0.0%,WR,2015
128,129,Matthew Slater,0,0,0,0.0,0,0,0,0,0,0,0,1,0.0,0.0,0.0%,WR,2015
129,130,Miles Austin,0,4,0,0.0,0,0,0,0,0,0,0,1,0.0,0.0,0.0%,WR,2015
130,131,Brandon Tate,0,0,0,0.0,0,0,0,0,0,0,0,1,0.0,0.0,0.0%,WR,2015
131,132,Andre Johnson,0,1,0,0.0,0,0,0,0,0,0,0,1,0.0,0.0,0.0%,WR,2015
132,133,Eric Weems,0,0,0,0.0,0,0,0,0,0,0,0,1,0.0,0.0,0.0%,WR,2015
133,134,Dwayne Harris,0,1,0,0.0,0,0,0,0,0,0,0,1,0.0,0.0,0.0%,WR,2015
134,135,Torrey Smith,0,2,0,0.0,0,0,0,0,0,0,0,1,0.0,0.0,0.0%,WR,2015
135,136,Kamar Aiken,0,1,0,0.0,0,0,0,0,0,0,0,1,0.0,0.0,0.0%,WR,2015
136,137,Marcus Easley,0,0,0,0.0,0,0,0,0,0,0,0,1,0.0,0.0,0.0%,WR,2015
137,138,Riley Cooper,0,0,0,0.0,0,0,0,0,0,0,0,1,0.0,0.0,0.0%,WR,2015
138,139,Seyi Ajirotutu,0,0,0,0.0,0,0,0,0,0,0,0,1,0.0,0.0,0.0%,WR,2015
139,140,Marc Mariani,0,0,0,0.0,0,0,0,0,0,0,0,1,0.0,0.0,0.0%,WR,2015
140,141,Sammie Coates,0,0,0,0.0,0,0,0,0,0,0,0,1,0.0,0.0,0.0%,WR,2015
141,142,Nelson Agholor,0,4,0,0.0,0,0,0,0,0,0,0,1,0.0,0.0,0.9%,WR,2015
142,143,J.J. Jones,0,0,0,0.0,0,0,0,0,0,0,0,1,0.0,0.0,0.0%,WR,2015
143,144,DeAndrew White,0,0,0,0.0,0,0,0,0,0,0,0,1,0.0,0.0,0.0%,WR,2015
144,145,Keith Mumphery,0,0,0,0.0,0,0,0,0,0,0,0,1,0.0,0.0,0.0%,WR,2015
145,146,Geremy Davis,0,0,0,0.0,0,0,0,0,0,0,0,1,0.0,0.0,0.0%,WR,2015
146,147,Tyler Lockett,0,1,0,0.0,0,0,0,0,0,0,0,1,0.0,0.0,88.8%,WR,2015
147,148,Ty Montgomery,2,2,14,7.0,8,0,1,0,0,0,0,1,0.0,0.0,0.0%,WR,2015
148,149,Lucky Whitehead,0,0,0,0.0,0,0,0,0,0,0,0,1,0.0,0.0,0.0%,WR,2015
149,150,Bradley Marquez,0,0,0,0.0,0,0,0,0,0,0,0,1,0.0,0.0,0.0%,WR,2015
150,151,Cameron Meredith,0,0,0,0.0,0,0,0,0,0,0,0,1,0.0,0.0,0.0%,WR,2015
151,152,Chandler Worthy,1,1,-1,-1.0,0,0,0,0,0,0,0,1,-0.1,-0.1,0.0%,WR,2015
