,Rank,Player,Receiving Receptions,Receiving Target,Receiving Yards,Yards/Reception,Longest Reception,Receiving 20+,Receiving Touchdowns,Rushing Attempts,Rushing Yards,Rushing Touchdown,Fumbles,Games Played,Fantasy Football Points,FTPS/Game,ROST,Position,Year
0,1,T.Y. Hilton,4,15,150,37.5,87,0,2,0,0,0,0,1,27.0,27.0,3.0%,WR,2015
1,2,Nate Washington,9,16,127,14.1,27,3,2,0,0,0,0,1,24.7,24.7,0.0%,WR,2015
2,3,Mike Evans,8,12,164,20.5,40,3,1,0,0,0,0,1,22.4,22.4,98.1%,WR,2015
3,4,Jarvis Landry,5,5,83,16.6,50,0,2,1,5,0,0,1,20.8,20.8,14.0%,WR,2015
4,5,Amari Cooper,5,6,133,26.6,52,0,1,0,0,0,0,1,19.3,19.3,91.5%,WR,2015
5,6,Stefon Diggs,6,9,108,18.0,36,0,1,1,9,0,0,1,17.7,17.7,99.7%,WR,2015
6,7,Allen Robinson,6,9,98,16.3,23,3,1,0,0,0,0,1,15.8,15.8,0.6%,WR,2015
7,8,Julio Jones,9,17,92,10.2,21,2,1,0,0,0,0,1,15.2,15.2,0.6%,WR,2015
8,9,Danny Amendola,8,9,86,10.8,23,1,1,0,0,0,0,1,14.6,14.6,0.0%,WR,2015
9,10,Calvin Johnson,5,7,86,17.2,46,0,1,0,0,0,0,1,14.6,14.6,0.1%,WR,2015
10,11,Robert Woods,9,13,84,9.3,16,0,1,0,0,0,0,1,14.4,14.4,2.7%,WR,2015
11,12,Tyler Lockett,5,5,79,15.8,43,0,1,0,0,0,0,1,13.9,13.9,88.8%,WR,2015
12,13,Rishard Matthews,3,3,75,25.0,53,0,1,0,0,0,0,1,13.5,13.5,0.0%,WR,2015
13,14,Antonio Brown,6,8,124,20.7,41,3,0,1,6,0,0,1,13.0,13.0,0.8%,WR,2015
14,15,John Brown,4,6,65,16.3,35,0,1,0,0,0,0,1,12.5,12.5,0.0%,WR,2015
15,16,Chris Conley,6,7,63,10.5,25,1,1,0,0,0,0,1,12.3,12.3,0.1%,WR,2015
16,17,Michael Crabtree,6,8,63,10.5,25,1,1,0,0,0,0,1,12.3,12.3,0.0%,WR,2015
17,18,Michael Floyd,3,4,59,19.7,33,1,1,0,0,0,0,1,11.9,11.9,0.0%,WR,2015
18,19,Marcus Easley,1,1,58,58.0,58,0,1,0,0,0,0,1,11.8,11.8,0.0%,WR,2015
19,20,Martavis Bryant,3,8,45,15.0,19,0,1,1,13,0,0,1,11.8,11.8,0.0%,WR,2015
20,21,Ryan Grant,3,3,54,18.0,32,0,1,0,0,0,0,1,11.4,11.4,0.0%,WR,2015
21,22,Allen Hurns,2,8,53,26.5,31,1,1,0,0,0,0,1,11.3,11.3,0.0%,WR,2015
22,23,Kendall Wright,4,8,46,11.5,19,0,1,0,0,0,0,1,10.6,10.6,0.0%,WR,2015
23,24,Ted Ginn,5,8,59,11.8,20,1,0,1,43,0,0,1,10.2,10.2,0.0%,WR,2015
24,25,Donte Moncrief,4,6,34,8.5,12,0,1,0,0,0,0,1,9.4,9.4,0.0%,WR,2015
25,26,Eric Decker,6,12,94,15.7,24,2,0,0,0,0,0,1,9.4,9.4,0.6%,WR,2015
26,27,Keenan Allen,9,13,89,9.9,18,0,0,0,0,0,0,1,8.9,8.9,91.1%,WR,2015
27,28,Jeremy Kerley,3,4,27,9.0,12,0,1,0,0,0,0,1,8.7,8.7,0.0%,WR,2015
28,29,Devin Street,1,1,25,25.0,25,1,1,0,0,0,0,1,8.5,8.5,0.0%,WR,2015
29,30,Brandin Cooks,6,13,81,13.5,47,0,0,0,0,0,0,1,8.1,8.1,43.5%,WR,2015
30,31,Steve Smith,5,9,78,15.6,29,2,0,0,0,0,0,1,7.8,7.8,0.0%,WR,2015
31,32,Albert Wilson,3,6,71,23.7,40,0,0,0,0,0,0,1,7.1,7.1,0.0%,WR,2015
32,33,Terrance Williams,4,7,70,17.5,27,2,0,0,0,0,0,1,7.0,7.0,0.0%,WR,2015
33,34,Rueben Randle,2,5,68,34.0,44,1,0,0,0,0,0,1,6.8,6.8,0.0%,WR,2015
34,35,Brandon Marshall,4,7,67,16.8,29,1,0,0,0,0,0,1,6.7,6.7,2.6%,WR,2015
35,36,Donteea Dye,1,1,7,7.0,7,0,1,0,0,0,0,1,6.7,6.7,0.0%,WR,2015
36,37,Jermaine Kearse,3,4,64,21.3,36,1,0,0,0,0,0,1,6.4,6.4,0.0%,WR,2015
37,38,Tavon Austin,4,7,43,10.8,20,1,0,1,21,0,0,1,6.4,6.4,0.1%,WR,2015
38,39,Chris Hogan,6,11,56,9.3,14,0,0,0,0,0,0,1,5.6,5.6,0.0%,WR,2015
39,40,Pierre Garcon,5,6,55,11.0,21,1,0,0,0,0,0,1,5.5,5.5,0.0%,WR,2015
40,41,Julian Edelman,5,9,54,10.8,27,1,0,0,0,0,0,1,5.4,5.4,12.1%,WR,2015
41,42,Miles Austin,4,6,52,13.0,22,1,0,0,0,0,0,1,5.2,5.2,0.0%,WR,2015
42,43,DeAndre Hopkins,6,12,50,8.3,11,0,0,0,0,0,0,1,5.0,5.0,92.5%,WR,2015
43,44,Steve Johnson,4,8,50,12.5,23,2,0,0,0,0,0,1,5.0,5.0,0.0%,WR,2015
44,45,Andre Roberts,3,6,49,16.3,38,0,0,0,0,0,0,1,4.9,4.9,0.0%,WR,2015
45,46,Roddy White,3,4,48,16.0,17,0,0,0,0,0,0,1,4.8,4.8,0.0%,WR,2015
46,47,Jamison Crowder,5,5,48,9.6,18,0,0,0,0,0,0,1,4.8,4.8,0.3%,WR,2015
47,48,Andre Johnson,4,4,44,11.0,35,0,0,0,0,0,0,1,4.4,4.4,0.0%,WR,2015
48,49,Dwayne Harris,2,2,43,21.5,38,0,0,0,0,0,0,1,4.3,4.3,0.0%,WR,2015
49,50,Kenny Britt,1,2,41,41.0,41,0,0,0,0,0,0,1,4.1,4.1,0.0%,WR,2015
50,51,Brice Butler,2,5,41,20.5,26,1,0,0,0,0,0,1,4.1,4.1,0.0%,WR,2015
51,52,Anquan Boldin,3,7,39,13.0,27,1,0,0,0,0,0,1,3.9,3.9,0.1%,WR,2015
52,53,Larry Fitzgerald,3,5,39,13.0,16,0,0,0,0,0,0,1,3.9,3.9,0.2%,WR,2015
53,54,Corey Brown,3,5,38,12.7,25,1,0,0,0,0,0,1,3.8,3.8,0.2%,WR,2015
54,55,Greg Jennings,2,2,37,18.5,23,1,0,0,0,0,0,1,3.7,3.7,0.0%,WR,2015
55,56,Mike Wallace,4,5,36,9.0,17,0,0,0,0,0,0,1,3.6,3.6,0.0%,WR,2015
56,57,Lucky Whitehead,0,0,0,0.0,0,0,0,4,35,0,0,1,3.5,3.5,0.0%,WR,2015
57,58,Odell Beckham,4,6,35,8.8,10,0,0,0,0,0,0,1,3.5,3.5,33.2%,WR,2015
58,59,Jarius Wright,3,6,31,10.3,16,0,0,0,0,0,0,1,3.1,3.1,0.0%,WR,2015
59,60,Adam Thielen,1,2,30,30.0,30,0,0,0,0,0,0,1,3.0,3.0,74.6%,WR,2015
60,61,Louis Murphy,1,1,29,29.0,29,1,0,0,0,0,0,1,2.9,2.9,0.0%,WR,2015
61,62,Travis Benjamin,4,8,47,11.8,21,1,0,0,0,0,1,1,2.7,2.7,0.0%,WR,2015
62,63,Dontrelle Inman,2,2,26,13.0,17,0,0,0,0,0,0,1,2.6,2.6,0.0%,WR,2015
63,64,De'Anthony Thomas,2,3,12,6.0,7,0,0,1,13,0,0,1,2.5,2.5,0.0%,WR,2015
64,65,Chris Givens,1,2,31,31.0,31,0,0,1,-6,0,0,1,2.5,2.5,0.0%,WR,2015
65,66,Chris Owusu,2,4,25,12.5,21,1,0,0,0,0,0,1,2.5,2.5,0.0%,WR,2015
66,67,Willie Snead,3,7,25,8.3,11,0,0,0,0,0,0,1,2.5,2.5,0.0%,WR,2015
67,68,Brandon LaFell,2,8,25,12.5,19,0,0,0,0,0,0,1,2.5,2.5,0.0%,WR,2015
68,69,Brandon Coleman,1,1,24,24.0,24,1,0,0,0,0,0,1,2.4,2.4,0.0%,WR,2015
69,70,Brian Hartline,3,3,22,7.3,13,0,0,0,0,0,0,1,2.2,2.2,0.0%,WR,2015
70,71,Marlon Brown,3,5,22,7.3,10,0,0,0,0,0,0,1,2.2,2.2,0.0%,WR,2015
71,72,Andrew Hawkins,2,3,21,10.5,19,0,0,0,0,0,0,1,2.1,2.1,0.0%,WR,2015
72,73,Charles Johnson,1,2,21,21.0,21,1,0,0,0,0,0,1,2.1,2.1,0.0%,WR,2015
73,74,Devin Funchess,1,2,20,20.0,20,1,0,0,0,0,0,1,2.0,2.0,0.0%,WR,2015
74,75,Marques Colston,1,3,20,20.0,20,1,0,0,0,0,0,1,2.0,2.0,0.0%,WR,2015
75,76,Doug Baldwin,2,3,19,9.5,15,0,0,0,0,0,0,1,1.9,1.9,0.0%,WR,2015
76,77,Aaron Dobson,2,3,18,9.0,11,0,0,0,0,0,0,1,1.8,1.8,0.0%,WR,2015
77,78,Justin Hunter,2,4,17,8.5,13,0,0,0,0,0,0,1,1.7,1.7,0.0%,WR,2015
78,79,Markus Wheaton,2,4,16,8.0,11,0,0,0,0,0,0,1,1.6,1.6,0.0%,WR,2015
79,80,Keith Mumphery,1,3,16,16.0,16,0,0,0,0,0,0,1,1.6,1.6,0.0%,WR,2015
80,81,Golden Tate,2,6,14,7.0,11,0,0,0,0,0,0,1,1.4,1.4,0.0%,WR,2015
81,82,Jordan Matthews,3,7,14,4.7,7,0,0,0,0,0,0,1,1.4,1.4,0.0%,WR,2015
82,83,Jerricho Cotchery,1,1,13,13.0,13,0,0,0,0,0,0,1,1.3,1.3,0.0%,WR,2015
83,84,Vincent Jackson,1,2,13,13.0,13,0,0,0,0,0,0,1,1.3,1.3,0.0%,WR,2015
84,85,Jason Avant,2,2,11,5.5,6,0,0,0,0,0,0,1,1.1,1.1,0.0%,WR,2015
85,86,Stedman Bailey,1,1,8,8.0,8,0,0,0,0,0,0,1,0.8,0.8,0.0%,WR,2015
86,87,Phillip Dorsett,1,2,8,8.0,8,0,0,0,0,0,0,1,0.8,0.8,0.0%,WR,2015
87,88,Malcom Floyd,1,3,7,7.0,7,0,0,0,0,0,0,1,0.7,0.7,0.0%,WR,2015
88,89,Devin Smith,1,2,7,7.0,7,0,0,0,0,0,0,1,0.7,0.7,0.0%,WR,2015
89,90,Kamar Aiken,1,3,6,6.0,6,0,0,0,0,0,0,1,0.6,0.6,0.0%,WR,2015
90,91,Seth Roberts,1,2,6,6.0,6,0,0,0,0,0,0,1,0.6,0.6,0.0%,WR,2015
91,92,Josh Huff,2,5,5,2.5,6,0,0,0,0,0,0,1,0.5,0.5,0.0%,WR,2015
92,93,Bryan Walters,1,1,5,5.0,5,0,0,0,0,0,0,1,0.5,0.5,0.0%,WR,2015
93,94,Jaron Brown,1,1,3,3.0,3,0,0,0,0,0,0,1,0.3,0.3,0.0%,WR,2015
94,95,Quinton Patton,1,3,2,2.0,2,0,0,0,0,0,0,1,0.2,0.2,0.2%,WR,2015
95,96,Nick Williams,3,5,43,14.3,21,1,0,0,0,0,0,1,0.0,0.0,0.0%,WR,2015
96,97,Rico Richardson,0,0,0,0.0,0,0,0,0,0,0,0,1,0.0,0.0,0.0%,WR,2015
97,98,Brittan Golden,0,0,0,0.0,0,0,0,0,0,0,0,1,0.0,0.0,0.0%,WR,2015
98,99,Myles White,0,0,0,0.0,0,0,0,0,0,0,0,1,0.0,0.0,0.0%,WR,2015
99,100,Ryan Davis,0,0,0,0.0,0,0,0,0,0,0,0,1,0.0,0.0,0.0%,WR,2015
100,101,B.J. Daniels,0,0,0,0.0,0,0,0,0,0,0,0,1,0.0,0.0,0.0%,WR,2015
101,102,Duke Williams,0,0,0,0.0,0,0,0,0,0,0,0,1,0.0,0.0,0.0%,WR,2015
102,103,Chris Matthews,0,0,0,0.0,0,0,0,0,0,0,0,1,0.0,0.0,0.0%,WR,2015
103,104,James Wright,0,0,0,0.0,0,0,0,0,0,0,0,1,0.0,0.0,0.0%,WR,2015
104,105,T.J. Jones,0,0,0,0.0,0,0,0,0,0,0,0,1,0.0,0.0,0.0%,WR,2015
105,106,Bruce Ellington,0,0,0,0.0,0,0,0,0,0,0,0,1,0.0,0.0,0.0%,WR,2015
106,107,Andre Holmes,0,1,0,0.0,0,0,0,0,0,0,0,1,0.0,0.0,0.0%,WR,2015
107,108,Kenny Stills,0,0,0,0.0,0,0,0,0,0,0,0,1,0.0,0.0,0.0%,WR,2015
108,109,Corey Fuller,0,0,0,0.0,0,0,0,0,0,0,0,1,0.0,0.0,0.0%,WR,2015
109,110,Brenton Bersin,0,0,0,0.0,0,0,0,0,0,0,0,1,0.0,0.0,0.0%,WR,2015
110,111,Rashad Ross,0,0,0,0.0,0,0,0,0,0,0,0,1,0.0,0.0,0.0%,WR,2015
111,112,Frankie Hammond,0,0,0,0.0,0,0,0,0,0,0,0,1,0.0,0.0,0.0%,WR,2015
112,113,Lance Moore,0,1,0,0.0,0,0,0,0,0,0,0,1,0.0,0.0,0.0%,WR,2015
113,114,Matthew Slater,0,0,0,0.0,0,0,0,0,0,0,0,1,0.0,0.0,0.0%,WR,2015
114,115,Darrius Heyward-Bey,0,0,0,0.0,0,0,0,0,0,0,0,1,0.0,0.0,0.0%,WR,2015
115,116,Eric Weems,0,0,0,0.0,0,0,0,0,0,0,0,1,0.0,0.0,0.0%,WR,2015
116,117,Jacoby Jones,0,0,0,0.0,0,0,0,0,0,0,0,1,0.0,0.0,0.0%,WR,2015
117,118,Denarius Moore,0,0,0,0.0,0,0,0,0,0,0,0,1,0.0,0.0,0.0%,WR,2015
118,119,Ricardo Lockette,0,1,0,0.0,0,0,0,0,0,0,0,1,0.0,0.0,0.0%,WR,2015
119,120,Torrey Smith,0,1,0,0.0,0,0,0,0,0,0,0,1,0.0,0.0,0.0%,WR,2015
120,121,Leonard Hankerson,0,0,0,0.0,0,0,0,0,0,0,0,1,0.0,0.0,0.0%,WR,2015
121,122,Brian Quick,0,1,0,0.0,0,0,0,0,0,0,0,1,0.0,0.0,0.0%,WR,2015
122,123,Riley Cooper,0,0,0,0.0,0,0,0,0,0,0,0,1,0.0,0.0,0.0%,WR,2015
123,124,Marlon Moore,0,0,0,0.0,0,0,0,0,0,0,0,1,0.0,0.0,0.0%,WR,2015
124,125,Seyi Ajirotutu,0,0,0,0.0,0,0,0,0,0,0,0,1,0.0,0.0,0.0%,WR,2015
125,126,DeVante Parker,0,0,0,0.0,0,0,0,0,0,0,0,1,0.0,0.0,1.7%,WR,2015
126,127,Dorial Green-Beckham,0,1,0,0.0,0,0,0,0,0,0,0,1,0.0,0.0,0.4%,WR,2015
127,128,Jaelen Strong,0,1,0,0.0,0,0,0,0,0,0,0,1,0.0,0.0,0.0%,WR,2015
128,129,Bradley Marquez,0,0,0,0.0,0,0,0,0,0,0,0,1,0.0,0.0,0.0%,WR,2015
129,130,Geremy Davis,0,0,0,0.0,0,0,0,0,0,0,0,1,0.0,0.0,0.0%,WR,2015
130,131,J.J. Nelson,0,0,0,0.0,0,0,0,0,0,0,0,1,0.0,0.0,0.0%,WR,2015
131,132,Taylor Gabriel,4,4,15,3.8,6,0,0,0,0,0,1,1,-0.5,-0.5,0.1%,WR,2015
132,133,Jeremy Ross,1,1,9,9.0,9,0,0,0,0,0,1,1,-1.1,-1.1,0.0%,WR,2015
133,134,Cole Beasley,0,2,0,0.0,0,0,0,0,0,0,1,1,-2.0,-2.0,0.0%,WR,2015
134,135,Griff Whalen,0,0,0,0.0,0,0,0,0,0,0,1,1,-2.0,-2.0,0.0%,WR,2015
