,Rk,Date,G#,Week,Age,Tm,Unnamed: 6_level_1,Opp,Result,Int,Tgt,Cmp,Cmp%,Yds,Yds/Cmp,Yds/Tgt,TD,Rat,DADOT,Air,YAC,Bltz,Hrry,QBKD,Sk,Prss,Comb,MTkl,MTkl%,Year
0,1.0,2018-09-09,1.0,1.0,29.231,KAN,@,LAC,W 38-28,0,1,1,100.0%,4,4.0,4.0,0,83.3,3.0,3,1,4,1,0,0.0,1,1,1,50.0%,2018
1,2.0,2018-09-16,2.0,2.0,29.238,KAN,@,PIT,W 42-37,0,2,2,100.0%,25,12.5,12.5,0,118.7,1.0,2,23,4,1,0,0.0,1,4,0,0.0%,2018
2,3.0,2018-09-23,3.0,3.0,29.245,KAN,,SFO,W 38-27,0,1,0,0.0%,0,,0.0,0,39.6,5.0,0,0,2,3,0,2.0,5,4,1,20.0%,2018
3,4.0,2018-10-01,4.0,4.0,29.253,KAN,@,DEN,W 27-23,0,2,1,50.0%,9,9.0,4.5,0,62.5,-3.0,-4,13,1,1,0,1.0,2,2,0,0.0%,2018
4,5.0,2018-10-07,5.0,5.0,29.259,KAN,,JAX,W 30-14,0,0,0,,0,,,0,,,0,0,0,0,1,0.0,1,0,0,,2018
5,6.0,2018-11-11,10.0,10.0,29.294,KAN,,ARI,W 26-14,1,1,0,0.0%,0,,0.0,0,0.0,-5.0,0,0,0,1,1,0.0,2,1,1,50.0%,2018
6,7.0,2018-11-19,11.0,11.0,29.302,KAN,@,LAR,L 51-54,0,1,1,100.0%,0,0.0,0.0,0,79.2,-4.0,-4,4,0,2,0,1.0,3,4,2,33.3%,2018
7,8.0,2018-12-02,12.0,13.0,29.315,KAN,@,OAK,W 40-33,0,0,0,,0,,,0,,,0,0,0,0,1,0.0,1,2,1,33.3%,2018
8,9.0,2018-12-09,13.0,14.0,29.322,KAN,,BAL,W 27-24,0,0,0,,0,,,0,,,0,0,4,0,0,1.0,1,6,0,0.0%,2018
9,10.0,2018-12-13,14.0,15.0,29.326,KAN,,LAC,L 28-29,0,0,0,,0,,,0,,,0,0,2,3,0,1.5,5,5,0,0.0%,2018
10,11.0,2018-12-23,15.0,16.0,29.336,KAN,@,SEA,L 31-38,0,1,1,100.0%,9,9.0,9.0,0,104.2,5.0,5,4,6,1,1,1.0,3,3,0,0.0%,2018
11,12.0,2018-12-30,16.0,17.0,29.343,KAN,,OAK,W 35-3,0,1,1,100.0%,8,8.0,8.0,0,100.0,1.0,1,7,1,2,0,1.5,4,5,0,0.0%,2018
12,,12 Games,,,,,,,9-3-0,1,10,7,70.0%,55,7.9,5.5,0,43.7,0.1,3,52,24,15,4,9.0,29,37,6,14.0%,2018
