,Rk,Date,G#,Week,Age,Tm,Unnamed: 6_level_1,Opp,Result,Int,Tgt,Cmp,Cmp%,Yds,Yds/Cmp,Yds/Tgt,TD,Rat,DADOT,Air,YAC,Bltz,Hrry,QBKD,Sk,Prss,Comb,MTkl,MTkl%
0,1.0,2018-09-09,1.0,1.0,28.026,MIA,,TEN,W 27-20,1,9,4,44.4%,29,7.3,3.2,0,13.0,1.3,-6,35,2,0,0,0.0,0,6,0,0.0%
1,2.0,2018-09-16,2.0,2.0,28.033,MIA,@,NYJ,W 20-12,0,10,6,60.0%,82,13.7,8.2,0,86.2,9.5,58,24,3,0,0,0.0,0,13,0,0.0%
2,3.0,2018-09-23,3.0,3.0,28.04,MIA,,OAK,W 28-20,0,6,6,100.0%,66,11.0,11.0,1,152.1,4.7,28,38,1,0,0,0.0,0,15,1,6.3%
3,4.0,2018-09-30,4.0,4.0,28.047,MIA,@,NWE,L 7-38,0,8,5,62.5%,48,9.6,6.0,1,118.7,8.8,37,11,3,0,1,0.0,1,12,1,7.7%
4,5.0,2018-10-07,5.0,5.0,28.054,MIA,@,CIN,L 17-27,1,6,4,66.7%,53,13.3,8.8,1,94.4,8.3,40,13,3,0,0,0.0,0,4,0,0.0%
5,6.0,2018-10-14,6.0,6.0,28.061,MIA,,CHI,W 31-28,0,3,1,33.3%,11,11.0,3.7,0,45.1,13.0,-1,12,3,0,0,0.0,0,11,2,15.4%
6,7.0,2018-10-21,7.0,7.0,28.068,MIA,,DET,L 21-32,0,2,2,100.0%,9,4.5,4.5,1,125.0,4.5,9,0,6,1,0,0.0,1,6,2,25.0%
7,8.0,2018-10-25,8.0,8.0,28.072,MIA,@,HOU,L 23-42,0,4,3,75.0%,14,4.7,3.5,1,118.7,3.5,13,1,1,0,0,0.0,0,9,0,0.0%
8,9.0,2018-11-04,9.0,9.0,28.082,MIA,,NYJ,W 13-6,1,6,3,50.0%,49,16.3,8.2,0,38.2,7.3,27,22,1,0,0,0.0,0,7,1,12.5%
9,10.0,2018-11-11,10.0,10.0,28.089,MIA,@,GNB,L 12-31,0,1,1,100.0%,19,19.0,19.0,0,118.7,-3.0,-3,22,1,0,0,0.0,0,6,0,0.0%
10,11.0,2018-11-25,11.0,12.0,28.103,MIA,@,IND,L 24-27,0,2,2,100.0%,22,11.0,11.0,0,112.5,-1.5,-3,25,4,0,0,0.0,0,6,1,14.3%
11,12.0,2018-12-02,12.0,13.0,28.11,MIA,,BUF,W 21-17,0,3,3,100.0%,44,14.7,14.7,0,118.7,5.7,17,27,5,0,0,0.0,0,11,1,8.3%
12,13.0,2018-12-09,13.0,14.0,28.117,MIA,,NWE,W 34-33,0,4,3,75.0%,56,18.7,14.0,0,116.7,6.8,29,27,6,0,0,0.0,0,10,1,9.1%
13,14.0,2018-12-16,14.0,15.0,28.124,MIA,@,MIN,L 17-41,0,3,1,33.3%,12,12.0,4.0,0,46.5,3.7,0,12,4,0,0,0.0,0,4,2,33.3%
14,15.0,2018-12-30,16.0,17.0,28.138,MIA,@,BUF,L 17-42,0,2,1,50.0%,4,4.0,2.0,0,56.2,1.0,-4,8,7,0,2,0.0,2,5,0,0.0%
15,,15 Games,,,,,,,7-8-0,3,69,45,65.2%,518,11.5,7.5,5,93.8,6.0,241,277,50,1,3,0.0,4,125,12,8.8%
