,Rk,Date,G#,Week,Age,Tm,Unnamed: 6_level_1,Opp,Result,Int,Tgt,Cmp,Cmp%,Yds,Yds/Cmp,Yds/Tgt,TD,Rat,DADOT,Air,YAC,Bltz,Hrry,QBKD,Sk,Prss,Comb,MTkl,MTkl%,Year
0,1.0,2018-09-09,1.0,1.0,27.082,MIA,,TEN,W 27-20,0,0,0,,0,,,0,,,0,0,0,0,0,0.0,0,1,0,0.0%,2018
1,2.0,2018-09-16,2.0,2.0,27.089,MIA,@,NYJ,W 20-12,0,0,0,,0,,,0,,,0,0,0,0,0,0.0,0,0,0,,2018
2,3.0,2018-09-23,3.0,3.0,27.096,MIA,,OAK,W 28-20,0,0,0,,0,,,0,,,0,0,0,0,0,0.0,0,1,0,0.0%,2018
3,4.0,2018-09-30,4.0,4.0,27.103,MIA,@,NWE,L 7-38,0,0,0,,0,,,0,,,0,0,0,0,0,0.0,0,2,0,0.0%,2018
4,5.0,2018-10-07,5.0,5.0,27.11,MIA,@,CIN,L 17-27,0,0,0,,0,,,0,,,0,0,0,0,0,0.0,0,0,0,,2018
5,6.0,2018-10-14,6.0,6.0,27.117,MIA,,CHI,W 31-28,0,0,0,,0,,,0,,,0,0,0,0,0,0.0,0,0,0,,2018
6,7.0,2018-10-21,7.0,7.0,27.124,MIA,,DET,L 21-32,0,0,0,,0,,,0,,,0,0,0,0,0,0.0,0,0,0,,2018
7,8.0,2018-10-25,8.0,8.0,27.128,MIA,@,HOU,L 23-42,0,0,0,,0,,,0,,,0,0,0,0,0,0.0,0,0,0,,2018
8,9.0,2018-11-04,9.0,9.0,27.138,MIA,,NYJ,W 13-6,1,2,0,0.0%,0,,0.0,0,0.0,28.5,0,0,0,0,0,0.0,0,0,0,,2018
9,10.0,2018-11-11,10.0,10.0,27.145,MIA,@,GNB,L 12-31,0,0,0,,0,,,0,,,0,0,0,0,0,0.0,0,1,0,0.0%,2018
10,11.0,2018-11-25,11.0,12.0,27.159,MIA,@,IND,L 24-27,0,0,0,,0,,,0,,,0,0,0,0,0,0.0,0,3,0,0.0%,2018
11,12.0,2018-12-02,12.0,13.0,27.166,MIA,,BUF,W 21-17,0,0,0,,0,,,0,,,0,0,0,0,0,0.0,0,0,0,,2018
12,13.0,2018-12-09,13.0,14.0,27.173,MIA,,NWE,W 34-33,0,1,1,100.0%,37,37.0,37.0,1,158.3,32.0,32,5,0,0,0,0.0,0,1,0,0.0%,2018
13,14.0,2018-12-16,14.0,15.0,27.18,MIA,@,MIN,L 17-41,0,1,1,100.0%,12,12.0,12.0,0,116.7,2.0,2,10,0,0,0,0.0,0,1,1,50.0%,2018
14,15.0,2018-12-23,15.0,16.0,27.187,MIA,,JAX,L 7-17,0,0,0,,0,,,0,,,0,0,0,0,0,0.0,0,0,0,,2018
15,16.0,2018-12-30,16.0,17.0,27.194,MIA,@,BUF,L 17-42,0,0,0,,0,,,0,,,0,0,0,0,0,0.0,0,1,0,0.0%,2018
16,,16 Games,,,,,,,7-9-0,1,4,2,50.0%,49,24.5,12.3,1,94.8,22.8,34,15,0,0,0,0.0,0,11,1,8.3%,2018
