,Rk,Date,G#,Week,Age,Tm,Unnamed: 6_level_1,Opp,Result,Int,Tgt,Cmp,Cmp%,Yds,Yds/Cmp,Yds/Tgt,TD,Rat,DADOT,Air,YAC,Bltz,Hrry,QBKD,Sk,Prss,Comb,MTkl,MTkl%,Year
0,1.0,2021-09-12,1.0,1.0,22.046,NWE,,MIA,L 16-17,0,0,0,,0.0,,,0.0,,,0.0,0.0,0,0,0,0.0,0,1,0,0.0%,2021
1,2.0,2021-09-19,2.0,2.0,22.053,NWE,@,NYJ,W 25-6,0,0,0,,0.0,,,0.0,,,0.0,0.0,0,0,0,0.0,0,3,0,0.0%,2021
2,3.0,2021-09-26,3.0,3.0,22.06,NWE,,NOR,L 13-28,0,0,0,,0.0,,,0.0,,,0.0,0.0,0,0,0,0.0,0,3,0,0.0%,2021
3,4.0,2021-10-03,4.0,4.0,22.067,NWE,,TAM,L 17-19,0,0,0,,0.0,,,0.0,,,0.0,0.0,0,1,1,0.0,2,2,0,0.0%,2021
4,5.0,2021-10-10,5.0,5.0,22.074,NWE,@,HOU,W 25-22,0,0,0,,0.0,,,0.0,,,0.0,0.0,0,0,0,0.0,0,2,0,0.0%,2021
5,6.0,2021-10-17,6.0,6.0,22.081,NWE,,DAL,L 29-35,0,0,0,,0.0,,,0.0,,,0.0,0.0,0,0,1,0.0,1,2,0,0.0%,2021
6,7.0,2021-10-24,7.0,7.0,22.088,NWE,,NYJ,W 54-13,0,0,0,,0.0,,,0.0,,,0.0,0.0,0,2,2,0.0,4,3,0,0.0%,2021
7,8.0,2021-10-31,8.0,8.0,22.095,NWE,@,LAC,W 27-24,0,0,0,,0.0,,,0.0,,,0.0,0.0,0,1,0,0.5,2,4,0,0.0%,2021
8,9.0,2021-11-07,9.0,9.0,22.102,NWE,@,CAR,W 24-6,0,0,0,,0.0,,,0.0,,,0.0,0.0,0,2,0,0.0,2,1,0,0.0%,2021
9,10.0,2021-11-14,10.0,10.0,22.109,NWE,,CLE,W 45-7,0,0,0,,0.0,,,0.0,,,0.0,0.0,0,1,0,0.0,1,4,1,20.0%,2021
10,11.0,2021-11-18,11.0,11.0,22.113,NWE,@,ATL,W 25-0,0,0,0,,0.0,,,0.0,,,0.0,0.0,0,0,1,0.0,1,1,0,0.0%,2021
11,12.0,2021-11-28,12.0,12.0,22.123,NWE,,TEN,W 36-13,0,0,0,,0.0,,,0.0,,,0.0,0.0,0,0,0,0.0,0,4,0,0.0%,2021
12,13.0,2021-12-06,13.0,13.0,22.131,NWE,@,BUF,W 14-10,0,0,0,,0.0,,,0.0,,,0.0,0.0,0,0,1,0.0,1,1,0,0.0%,2021
13,14.0,2021-12-18,14.0,15.0,22.143,NWE,@,IND,L 17-27,0,0,0,,0.0,,,0.0,,,0.0,0.0,0,0,0,0.0,0,4,0,0.0%,2021
14,15.0,2021-12-26,15.0,16.0,22.151,NWE,,BUF,L 21-33,0,0,0,,0.0,,,0.0,,,0.0,0.0,0,2,1,0.0,3,3,1,25.0%,2021
15,16.0,2022-01-02,16.0,17.0,22.158,NWE,,JAX,W 50-10,0,0,0,,0.0,,,0.0,,,0.0,0.0,0,0,0,1.0,1,3,0,0.0%,2021
16,17.0,2022-01-09,17.0,18.0,22.165,NWE,@,MIA,L 24-33,0,0,0,,0.0,,,0.0,,,0.0,0.0,0,0,0,0.0,0,5,0,0.0%,2021
17,,17 Games,,,,,,,10-7-0,0,0,0,,,,,,,,,,0,9,7,1.5,18,46,2,4.2%,2021
