,Rk,Date,G#,Week,Age,Tm,Unnamed: 6_level_1,Opp,Result,Int,Tgt,Cmp,Cmp%,Yds,Yds/Cmp,Yds/Tgt,TD,Rat,DADOT,Air,YAC,Bltz,Hrry,QBKD,Sk,Prss,Comb,MTkl,MTkl%,Year
0,1.0,2021-09-12,1.0,1.0,34.03,NWE,,MIA,L 16-17,0,0,0,,0,,,0,,,0,0,0,0,0,0.0,0,7,0,0.0%,2021
1,2.0,2021-09-19,2.0,2.0,34.037,NWE,@,NYJ,W 25-6,1,2,1,50.0%,27,27.0,13.5,0,56.2,19.0,26,1,0,0,0,0.0,0,5,0,0.0%,2021
2,3.0,2021-09-26,3.0,3.0,34.044,NWE,,NOR,L 13-28,0,1,0,0.0%,0,,0.0,0,39.6,37.0,0,0,1,0,0,0.0,0,2,0,0.0%,2021
3,4.0,2021-10-03,4.0,4.0,34.051,NWE,,TAM,L 17-19,0,1,0,0.0%,0,,0.0,0,39.6,17.0,0,0,1,0,0,0.0,0,2,1,33.3%,2021
4,5.0,2021-10-10,5.0,5.0,34.058,NWE,@,HOU,W 25-22,0,2,2,100.0%,48,24.0,24.0,0,118.7,13.5,27,21,0,0,0,0.0,0,3,0,0.0%,2021
5,6.0,2021-10-17,6.0,6.0,34.065,NWE,,DAL,L 29-35,0,5,3,60.0%,60,20.0,12.0,0,102.1,9.0,49,11,0,0,0,0.0,0,6,1,14.3%,2021
6,7.0,2021-10-24,7.0,7.0,34.072,NWE,,NYJ,W 54-13,0,1,1,100.0%,7,7.0,7.0,0,95.8,5.0,5,2,0,0,0,0.0,0,2,0,0.0%,2021
7,8.0,2021-10-31,8.0,8.0,34.079,NWE,@,LAC,W 27-24,0,3,0,0.0%,0,,0.0,0,39.6,24.0,0,0,0,0,0,0.0,0,3,0,0.0%,2021
8,9.0,2021-11-07,9.0,9.0,34.086,NWE,@,CAR,W 24-6,0,2,0,0.0%,0,,0.0,0,39.6,19.5,0,0,0,0,0,0.0,0,2,0,0.0%,2021
9,10.0,2021-11-14,10.0,10.0,34.093,NWE,,CLE,W 45-7,0,0,0,,0,,,0,,,0,0,0,0,0,0.0,0,3,0,0.0%,2021
10,11.0,2021-11-18,11.0,11.0,34.097,NWE,@,ATL,W 25-0,1,2,0,0.0%,0,,0.0,0,0.0,14.0,0,0,0,0,0,0.0,0,3,0,0.0%,2021
11,12.0,2021-11-28,12.0,12.0,34.107,NWE,,TEN,W 36-13,0,0,0,,0,,,0,,,0,0,0,0,0,0.0,0,4,1,20.0%,2021
12,13.0,2021-12-06,13.0,13.0,34.115,NWE,@,BUF,W 14-10,0,3,0,0.0%,0,,0.0,0,39.6,26.3,0,0,2,1,0,0.0,1,2,0,0.0%,2021
13,14.0,2021-12-18,14.0,15.0,34.127,NWE,@,IND,L 17-27,1,1,1,100.0%,7,7.0,7.0,0,56.2,5.0,5,2,0,0,0,0.0,0,6,0,0.0%,2021
14,15.0,2021-12-26,15.0,16.0,34.135,NWE,,BUF,L 21-33,0,2,0,0.0%,0,,0.0,0,39.6,2.0,0,0,0,0,0,0.0,0,6,1,14.3%,2021
15,16.0,2022-01-02,16.0,17.0,34.142,NWE,,JAX,W 50-10,0,0,0,,0,,,0,,,0,0,1,0,0,0.0,0,2,1,33.3%,2021
16,17.0,2022-01-09,17.0,18.0,34.149,NWE,@,MIA,L 24-33,0,1,1,100.0%,15,15.0,15.0,0,118.7,0.0,0,15,0,0,0,0.0,0,2,0,0.0%,2021
17,,17 Games,,,,,,,10-7-0,3,26,9,34.6%,164,18.2,6.3,0,17.6,15.2,112,52,5,1,0,0.0,1,60,5,7.7%,2021
