,Rk,Date,G#,Week,Age,Tm,Unnamed: 6_level_1,Opp,Result,Int,Tgt,Cmp,Cmp%,Yds,Yds/Cmp,Yds/Tgt,TD,Rat,DADOT,Air,YAC,Bltz,Hrry,QBKD,Sk,Prss,Comb,MTkl,MTkl%
0,1.0,2021-09-12,1.0,1.0,31.087,NWE,,MIA,L 16-17,0,0,0,,0,,,0,,,0,0,0,0,0,,0,,0,
1,2.0,2021-09-19,2.0,2.0,31.094,NWE,@,NYJ,W 25-6,0,3,2,66.7%,47,23.5,15.7,0,109.7,16.0,31,16,0,0,0,0.0,0,1.0,0,0.0%
2,3.0,2021-09-26,3.0,3.0,31.101,NWE,,NOR,L 13-28,0,0,0,,0,,,0,,,0,0,0,0,0,,0,,0,
3,4.0,2021-10-03,4.0,4.0,31.108,NWE,,TAM,L 17-19,0,1,1,100.0%,8,8.0,8.0,0,100.0,8.0,8,0,0,0,0,0.0,0,2.0,0,0.0%
4,5.0,2021-10-10,5.0,5.0,31.115,NWE,@,HOU,W 25-22,0,0,0,,0,,,0,,,0,0,0,0,0,,0,,0,
5,6.0,2021-10-17,6.0,6.0,31.122,NWE,,DAL,L 29-35,0,2,1,50.0%,11,11.0,5.5,0,66.7,16.5,13,-2,0,0,0,0.0,0,3.0,0,0.0%
6,7.0,2021-10-24,7.0,7.0,31.129,NWE,,NYJ,W 54-13,0,1,1,100.0%,4,4.0,4.0,0,83.3,-5.0,-5,9,0,0,0,0.0,0,1.0,0,0.0%
7,8.0,2021-10-31,8.0,8.0,31.136,NWE,@,LAC,W 27-24,0,0,0,,0,,,0,,,0,0,0,0,0,,0,,0,
8,9.0,2021-11-07,9.0,9.0,31.143,NWE,@,CAR,W 24-6,0,0,0,,0,,,0,,,0,0,0,0,0,,0,,0,
9,10.0,2021-11-14,10.0,10.0,31.15,NWE,,CLE,W 45-7,0,0,0,,0,,,0,,,0,0,0,0,0,0.0,0,1.0,0,0.0%
10,11.0,2021-11-18,11.0,11.0,31.154,NWE,@,ATL,W 25-0,0,0,0,,0,,,0,,,0,0,0,0,0,0.0,0,1.0,0,0.0%
11,12.0,2021-11-28,12.0,12.0,31.164,NWE,,TEN,W 36-13,0,0,0,,0,,,0,,,0,0,0,0,0,,0,,0,
12,13.0,2021-12-06,13.0,13.0,31.172,NWE,@,BUF,W 14-10,0,0,0,,0,,,0,,,0,0,0,0,0,,0,,0,
13,14.0,2021-12-18,14.0,15.0,31.184,NWE,@,IND,L 17-27,0,0,0,,0,,,0,,,0,0,0,0,0,,0,,0,
14,15.0,2021-12-26,15.0,16.0,31.192,NWE,,BUF,L 21-33,0,0,0,,0,,,0,,,0,0,0,0,0,,0,,0,
15,16.0,2022-01-02,16.0,17.0,31.199,NWE,,JAX,W 50-10,0,1,1,100.0%,16,16.0,16.0,0,118.7,12.0,12,4,0,0,0,0.0,0,3.0,0,0.0%
16,17.0,2022-01-09,17.0,18.0,31.206,NWE,@,MIA,L 24-33,0,0,0,,0,,,0,,,0,0,0,0,0,,0,,0,
17,,17 Games,,,,,,,10-7-0,0,8,6,75.0%,86,14.3,10.8,0,109.4,12.0,59,27,0,0,0,0.0,0,12.0,0,0.0%
