,Rk,Date,G#,Week,Age,Tm,Unnamed: 6_level_1,Opp,Result,Tgt,Rec,Yds,TD,1D,YBC,YBC/R,YAC,YAC/R,ADOT,BrkTkl,Rec/Br,Drop,Drop%,Int,Rat,Att,Yds,TD,1D,YBC,YBC/Att,YAC,YAC/Att,BrkTkl,Att/Br,Year
0,1.0,2022-09-11,1.0,1.0,32.02,MIN,,GNB,W 23-7,4,3,36,0,2.0,24,8.0,12,4.0,6.8,0,,0,0.0,0,102.1,0,0,0,0.0,0,,0,,0,,2022
1,2.0,2022-09-19,2.0,2.0,32.028,MIN,@,PHI,L 7-24,7,4,52,0,3.0,51,12.8,1,0.3,11.4,0,,0,0.0,1,41.1,0,0,0,0.0,0,,0,,0,,2022
2,3.0,2022-09-25,3.0,3.0,32.034,MIN,,DET,W 28-24,8,6,61,1,6.0,46,7.7,15,2.5,11.0,0,,0,0.0,0,135.9,0,0,0,0.0,0,,0,,0,,2022
3,4.0,2022-10-02,4.0,4.0,32.041,MIN,@,NOR,W 28-25,9,8,72,0,5.0,61,7.6,11,1.4,7.6,0,,0,0.0,0,100.0,0,0,0,0.0,0,,0,,0,,2022
4,5.0,2022-10-09,5.0,5.0,32.048,MIN,,CHI,W 29-22,7,4,27,0,2.0,19,4.8,8,2.0,5.3,0,,0,0.0,1,26.2,0,0,0,0.0,0,,0,,0,,2022
5,6.0,2022-10-16,6.0,6.0,32.055,MIN,@,MIA,W 24-16,8,4,36,1,3.0,28,7.0,8,2.0,11.1,0,,0,0.0,0,102.1,0,0,0,0.0,0,,0,,0,,2022
6,7.0,2022-10-30,7.0,8.0,32.069,MIN,,ARI,W 34-26,7,6,67,0,4.0,57,9.5,10,1.7,10.9,0,,0,0.0,0,106.5,0,0,0,0.0,0,,0,,0,,2022
7,8.0,2022-11-06,8.0,9.0,32.076,MIN,@,WAS,W 20-17,7,3,67,0,2.0,48,16.0,19,6.3,17.1,0,,0,0.0,0,77.7,0,0,0,0.0,0,,0,,0,,2022
8,9.0,2022-11-13,9.0,10.0,32.083,MIN,@,BUF,W 33-30,7,5,49,0,2.0,38,7.6,11,2.2,10.1,0,,0,0.0,0,90.8,0,0,0,0.0,0,,0,,0,,2022
9,10.0,2022-11-20,10.0,11.0,32.09,MIN,,DAL,L 3-40,3,2,25,0,2.0,25,12.5,0,0.0,10.3,0,,0,0.0,0,92.4,0,0,0,0.0,0,,0,,0,,2022
10,11.0,2022-11-24,11.0,12.0,32.094,MIN,,NWE,W 33-26,10,9,61,1,4.0,37,4.1,24,2.7,4.0,0,,0,0.0,0,125.4,0,0,0,0.0,0,,0,,0,,2022
11,12.0,2022-12-04,12.0,13.0,32.104,MIN,,NYJ,W 27-22,6,2,27,0,1.0,30,15.0,-3,-1.5,12.5,0,,1,16.7,0,48.6,0,0,0,0.0,0,,0,,0,,2022
12,13.0,2022-12-11,13.0,14.0,32.111,MIN,@,DET,L 23-34,8,7,65,1,4.0,38,5.4,27,3.9,10.4,1,7.0,0,0.0,0,140.1,0,0,0,0.0,0,,0,,0,,2022
13,14.0,2022-12-17,14.0,15.0,32.117,MIN,,IND,W 39-36,4,3,41,1,3.0,38,12.7,3,1.0,12.5,0,,0,0.0,0,146.9,0,0,0,0.0,0,,0,,0,,2022
14,15.0,2022-12-24,15.0,16.0,32.124,MIN,,NYG,W 27-24,5,1,6,0,,2,2.0,4,4.0,5.4,0,,1,20.0,0,39.6,0,0,0,,0,,0,,0,,2022
15,16.0,2023-01-01,16.0,17.0,32.132,MIN,@,GNB,L 17-41,4,1,16,0,1.0,14,14.0,2,2.0,14.0,0,,0,0.0,1,4.2,0,0,0,0.0,0,,0,,0,,2022
16,17.0,2023-01-08,17.0,18.0,32.139,MIN,@,CHI,W 29-13,3,2,8,1,1.0,8,4.0,0,0.0,6.0,0,,0,0.0,0,109.7,1,4,0,0.0,3,3.0,1,1.0,0,,2022
17,,17 Games,,,,,,,13-4-0,107,70,716,6,45.0,564,8.1,152,2.2,9.7,1,70.0,2,1.9,3,91.5,1,4,0,0.0,3,3.0,1,1.0,0,,2022
