,Rk,Date,G#,Week,Age,Tm,Unnamed: 6_level_1,Opp,Result,Att,Yds,TD,1D,YBC,YBC/Att,YAC,YAC/Att,BrkTkl,Att/Br,Tgt,Rec,Yds.1,TD.1,1D.1,YBC.1,YBC/R,YAC.1,YAC/R,ADOT,BrkTkl.1,Rec/Br,Drop,Drop%,Int,Rat,Year,Position,Player_Name,Team
0,1.0,2022-09-11,1.0,1.0,27.032,MIN,,GNB,W 23-7,20,90,0,5,56,2.8,34,1.7,2,10.0,5,3,18,0,1,-14,-4.7,32,10.7,-1.6,0,,0,0.0,0.0,67.1,2022,Running back,Dalvin Cook,Vikings
1,2.0,2022-09-19,2.0,2.0,27.04,MIN,@,PHI,L 7-24,6,17,0,1,10,1.7,7,1.2,0,,6,4,19,0,2,0,0.0,19,4.8,-1.8,0,,1,16.7,0.0,70.8,2022,Running back,Dalvin Cook,Vikings
2,3.0,2022-09-25,3.0,3.0,27.046,MIN,,DET,W 28-24,17,96,1,7,60,3.5,36,2.1,2,8.5,0,0,0,0,0,0,,0,,,0,,0,0.0,,,2022,Running back,Dalvin Cook,Vikings
3,4.0,2022-10-02,4.0,4.0,27.053,MIN,@,NOR,W 28-25,20,76,0,2,48,2.4,28,1.4,2,10.0,2,2,10,0,1,0,0.0,10,5.0,0.0,0,,0,0.0,0.0,87.5,2022,Running back,Dalvin Cook,Vikings
4,5.0,2022-10-09,5.0,5.0,27.06,MIN,,CHI,W 29-22,18,94,2,6,66,3.7,28,1.6,2,9.0,2,2,27,0,1,-10,-5.0,37,18.5,-5.0,1,2.0,0,0.0,0.0,118.7,2022,Running back,Dalvin Cook,Vikings
5,6.0,2022-10-16,6.0,6.0,27.067,MIN,@,MIA,W 24-16,13,77,1,1,16,1.2,61,4.7,1,13.0,1,1,6,0,0,2,2.0,4,4.0,2.0,0,,0,0.0,0.0,91.7,2022,Running back,Dalvin Cook,Vikings
6,7.0,2022-10-30,7.0,8.0,27.081,MIN,,ARI,W 34-26,20,111,1,6,61,3.1,50,2.5,1,20.0,6,5,30,0,2,-2,-0.4,32,6.4,0.2,0,,0,0.0,0.0,87.5,2022,Running back,Dalvin Cook,Vikings
7,8.0,2022-11-06,8.0,9.0,27.088,MIN,@,WAS,W 20-17,17,47,0,1,27,1.6,20,1.2,0,,6,2,9,1,1,7,3.5,2,1.0,0.8,0,,1,16.7,0.0,81.9,2022,Running back,Dalvin Cook,Vikings
8,9.0,2022-11-13,9.0,10.0,27.095,MIN,@,BUF,W 33-30,14,119,1,4,20,1.4,99,7.1,0,,5,3,27,0,1,-2,-0.7,29,9.7,-0.6,1,3.0,1,20.0,0.0,74.6,2022,Running back,Dalvin Cook,Vikings
9,10.0,2022-11-20,10.0,11.0,27.102,MIN,,DAL,L 3-40,11,72,0,3,59,5.4,13,1.2,0,,1,0,0,0,0,0,,0,,2.0,0,,0,0.0,0.0,39.6,2022,Running back,Dalvin Cook,Vikings
10,11.0,2022-11-24,11.0,12.0,27.106,MIN,,NWE,W 33-26,22,42,0,0,38,1.7,4,0.2,0,,5,4,14,0,2,-3,-0.8,17,4.3,-0.6,0,,1,20.0,0.0,79.2,2022,Running back,Dalvin Cook,Vikings
11,12.0,2022-12-04,12.0,13.0,27.116,MIN,,NYJ,W 27-22,20,86,1,4,76,3.8,10,0.5,0,,3,2,-3,0,0,-5,-2.5,2,1.0,-1.0,0,,0,0.0,0.0,70.1,2022,Running back,Dalvin Cook,Vikings
12,13.0,2022-12-11,13.0,14.0,27.123,MIN,@,DET,L 23-34,15,23,1,2,19,1.3,4,0.3,0,,2,1,13,0,1,0,0.0,13,13.0,4.0,0,,0,0.0,0.0,70.8,2022,Running back,Dalvin Cook,Vikings
13,14.0,2022-12-17,14.0,15.0,27.129,MIN,,IND,W 39-36,17,95,0,3,63,3.7,32,1.9,1,17.0,4,4,95,1,3,-3,-0.8,98,24.5,-0.8,1,4.0,0,0.0,0.0,158.3,2022,Running back,Dalvin Cook,Vikings
14,15.0,2022-12-24,15.0,16.0,27.136,MIN,,NYG,W 27-24,14,64,0,2,35,2.5,29,2.1,1,14.0,4,3,13,0,0,-3,-1.0,16,5.3,-1.5,1,3.0,0,0.0,0.0,78.1,2022,Running back,Dalvin Cook,Vikings
15,16.0,2023-01-01,16.0,17.0,27.144,MIN,@,GNB,L 17-41,9,27,0,1,10,1.1,17,1.9,0,,3,2,17,0,1,-4,-2.0,21,10.5,-0.3,0,,1,33.3,0.0,81.2,2022,Running back,Dalvin Cook,Vikings
16,17.0,2023-01-08,17.0,18.0,27.151,MIN,@,CHI,W 29-13,11,37,0,2,28,2.5,9,0.8,0,,1,1,0,0,0,1,1.0,-1,-1.0,1.0,0,,0,0.0,0.0,79.2,2022,Running back,Dalvin Cook,Vikings
17,,17 Games,,,,,,,13-4-0,264,1173,8,50,692,2.6,481,1.8,12,22.0,56,39,295,2,16,-36,-0.9,331,8.5,-0.5,4,9.8,5,8.9,0.0,94.0,2022,Running back,Dalvin Cook,Vikings
