,Rk,Date,G#,Week,Age,Tm,Unnamed: 6_level_1,Opp,Result,Int,Tgt,Cmp,Cmp%,Yds,Yds/Cmp,Yds/Tgt,TD,Rat,DADOT,Air,YAC,Bltz,Hrry,QBKD,Sk,Prss,Comb,MTkl,MTkl%
0,1.0,2022-09-11,1.0,1.0,32.062,MIN,,GNB,W 23-7,0,8,5,62.5%,40,8.0,5.0,0,75.0,5.8,6,34,0,0,0,0.0,0,6,0,0.0%
1,2.0,2022-09-19,2.0,2.0,32.07,MIN,@,PHI,L 7-24,0,3,3,100.0%,28,9.3,9.3,0,105.6,6.0,18,10,0,0,0,0.0,0,3,0,0.0%
2,3.0,2022-09-25,3.0,3.0,32.076,MIN,,DET,W 28-24,0,9,3,33.3%,45,15.0,5.0,0,50.7,16.0,28,17,0,0,0,0.0,0,5,0,0.0%
3,4.0,2022-10-02,4.0,4.0,32.083,MIN,@,NOR,W 28-25,0,6,2,33.3%,13,6.5,2.2,0,42.4,10.8,3,10,0,0,0,0.0,0,3,0,0.0%
4,5.0,2022-10-09,5.0,5.0,32.09,MIN,,CHI,W 29-22,0,1,1,100.0%,18,18.0,18.0,0,118.7,18.0,18,0,0,0,0,0.0,0,4,0,0.0%
5,6.0,2022-10-16,6.0,6.0,32.097,MIN,@,MIA,W 24-16,1,8,3,37.5%,36,12.0,4.5,0,12.5,8.9,30,6,0,0,0,0.0,0,4,0,0.0%
6,7.0,2022-10-30,7.0,8.0,32.111,MIN,,ARI,W 34-26,0,7,4,57.1%,49,12.3,7.0,1,118.5,8.6,-3,52,0,0,0,0.0,0,4,0,0.0%
7,8.0,2022-11-06,8.0,9.0,32.118,MIN,@,WAS,W 20-17,0,4,3,75.0%,70,23.3,17.5,2,156.2,19.5,64,6,0,0,0,0.0,0,1,0,0.0%
8,9.0,2022-11-13,9.0,10.0,32.125,MIN,@,BUF,W 33-30,2,6,5,83.3%,76,15.2,12.7,0,79.2,13.8,61,15,0,0,0,0.0,0,4,1,20.0%
9,10.0,2022-11-20,10.0,11.0,32.132,MIN,,DAL,L 3-40,0,5,5,100.0%,71,14.2,14.2,1,158.3,6.0,30,41,0,0,0,0.0,0,5,0,0.0%
10,11.0,2022-11-24,11.0,12.0,32.136,MIN,,NWE,W 33-26,0,4,4,100.0%,76,19.0,19.0,0,118.7,4.3,17,59,0,0,0,0.0,0,3,0,0.0%
11,12.0,2022-12-04,12.0,13.0,32.146,MIN,,NYJ,W 27-22,0,3,2,66.7%,14,7.0,4.7,0,77.1,10.0,-8,22,0,0,0,0.0,0,3,1,25.0%
12,13.0,2022-12-11,13.0,14.0,32.153,MIN,@,DET,L 23-34,0,4,3,75.0%,33,11.0,8.3,0,99.0,14.3,28,5,0,0,0,0.0,0,5,0,0.0%
13,14.0,2022-12-17,14.0,15.0,32.159,MIN,,IND,W 39-36,0,7,2,28.6%,21,10.5,3.0,0,39.6,9.3,18,3,0,0,0,0.0,0,4,0,0.0%
14,15.0,2022-12-24,15.0,16.0,32.166,MIN,,NYG,W 27-24,1,9,6,66.7%,67,11.2,7.4,1,86.1,9.3,48,19,1,0,0,0.0,0,4,0,0.0%
15,16.0,2023-01-01,16.0,17.0,32.174,MIN,@,GNB,L 17-41,0,2,1,50.0%,11,11.0,5.5,0,66.7,20.5,2,9,0,0,0,0.0,0,6,1,14.3%
16,17.0,2023-01-08,17.0,18.0,32.181,MIN,@,CHI,W 29-13,1,3,1,33.3%,28,28.0,9.3,0,29.2,28.3,27,1,1,0,0,0.0,0,2,0,0.0%
17,,17 Games,,,,,,,13-4-0,5,89,53,59.6%,696,13.1,7.8,5,79.6,11.1,387,309,2,0,0,0.0,0,66,3,4.3%
