,Rk,Date,G#,Week,Age,Tm,Unnamed: 6_level_1,Opp,Result,Int,Tgt,Cmp,Cmp%,Yds,Yds/Cmp,Yds/Tgt,TD,Rat,DADOT,Air,YAC,Bltz,Hrry,QBKD,Sk,Prss,Comb,MTkl,MTkl%
0,1.0,2020-09-13,1.0,1.0,23.039,CAR,,LVR,L 30-34,0,0,0,,0,,,0,,,0,0,0,0,0,,0,,0,
1,2.0,2020-09-20,2.0,2.0,23.046,CAR,@,TAM,L 17-31,0,0,0,,0,,,0,,,0,0,0,0,0,,0,,0,
2,3.0,2020-09-27,3.0,3.0,23.053,CAR,@,LAC,W 21-16,0,0,0,,0,,,0,,,0,0,0,0,0,,0,,0,
3,4.0,2020-10-04,4.0,4.0,23.06,CAR,,ARI,W 31-21,0,0,0,,0,,,0,,,0,0,0,0,0,,0,,0,
4,5.0,2020-10-11,5.0,5.0,23.067,CAR,@,ATL,W 23-16,0,0,0,,0,,,0,,,0,0,0,0,0,,0,,0,
5,6.0,2020-10-18,6.0,6.0,23.074,CAR,,CHI,L 16-23,0,0,0,,0,,,0,,,0,0,0,0,0,,0,,0,
6,7.0,2020-10-25,7.0,7.0,23.081,CAR,@,NOR,L 24-27,0,0,0,,0,,,0,,,0,0,0,0,0,0.0,0,1.0,0,0.0%
7,8.0,2020-10-29,8.0,8.0,23.085,CAR,,ATL,L 17-25,0,0,0,,0,,,0,,,0,0,1,0,0,0.0,0,2.0,0,0.0%
8,9.0,2020-11-08,9.0,9.0,23.095,CAR,@,KAN,L 31-33,0,0,0,,0,,,0,,,0,0,0,0,0,0.0,0,0.0,0,
9,10.0,2020-11-15,10.0,10.0,23.102,CAR,,TAM,L 23-46,0,0,0,,0,,,0,,,0,0,0,0,0,,0,,0,
10,11.0,2020-11-22,11.0,11.0,23.109,CAR,,DET,W 20-0,0,0,0,,0,,,0,,,0,0,0,0,0,0.0,0,1.0,0,0.0%
11,12.0,2020-11-29,12.0,12.0,23.116,CAR,@,MIN,L 27-28,0,0,0,,0,,,0,,,0,0,0,0,0,0.0,0,0.0,0,
12,13.0,2020-12-13,13.0,14.0,23.13,CAR,,DEN,L 27-32,0,0,0,,0,,,0,,,0,0,0,0,0,0.0,0,1.0,0,0.0%
13,14.0,2020-12-19,14.0,15.0,23.136,CAR,@,GNB,L 16-24,0,5,3,60.0%,40,13.3,8.0,0,85.4,10.4,14,26,0,0,0,0.0,0,3.0,0,0.0%
14,15.0,2020-12-27,15.0,16.0,23.144,CAR,@,WAS,W 20-13,0,6,4,66.7%,41,10.3,6.8,0,86.1,12.8,20,21,2,0,0,0.0,0,4.0,2,33.3%
15,16.0,2021-01-03,16.0,17.0,23.151,CAR,,NOR,L 7-33,0,2,1,50.0%,9,9.0,4.5,0,62.5,4.0,3,6,1,0,0,0.0,0,2.0,0,0.0%
16,,16 Games,,,,,,,5-11-0,0,13,8,61.5%,90,11.3,6.9,0,82.2,10.5,37,53,4,0,0,0.0,0,14.0,2,12.5%
