,Rk,Date,G#,Week,Age,Tm,Unnamed: 6_level_1,Opp,Result,Int,Tgt,Cmp,Cmp%,Yds,Yds/Cmp,Yds/Tgt,TD,Rat,DADOT,Air,YAC,Bltz,Hrry,QBKD,Sk,Prss,Comb,MTkl,MTkl%
0,1.0,2020-09-13,1.0,1.0,30.164,CAR,,LVR,L 30-34,0,2,2,100.0%,22,11.0,11.0,0,112.5,0.5,1,21,1,0,0,0.0,0,6,2,25.0%
1,2.0,2020-09-20,2.0,2.0,30.171,CAR,@,TAM,L 17-31,0,3,3,100.0%,56,18.7,18.7,0,118.7,8.7,26,30,0,0,0,0.0,0,6,0,0.0%
2,3.0,2020-09-27,3.0,3.0,30.178,CAR,@,LAC,W 21-16,0,6,5,83.3%,50,10.0,8.3,0,101.4,5.8,30,20,0,1,0,0.0,1,7,1,12.5%
3,4.0,2020-10-04,4.0,4.0,30.185,CAR,,ARI,W 31-21,0,1,1,100.0%,8,8.0,8.0,0,100.0,5.0,5,3,0,0,0,0.0,0,4,0,0.0%
4,5.0,2020-10-11,5.0,5.0,30.192,CAR,@,ATL,W 23-16,0,2,2,100.0%,10,5.0,5.0,0,87.5,-1.0,-2,12,0,0,0,0.0,0,4,3,42.9%
5,6.0,2020-10-18,6.0,6.0,30.199,CAR,,CHI,L 16-23,0,3,3,100.0%,30,10.0,10.0,0,108.3,4.0,12,18,2,0,1,0.0,1,5,1,16.7%
6,7.0,2020-10-25,7.0,7.0,30.206,CAR,@,NOR,L 24-27,0,3,2,66.7%,6,3.0,2.0,0,70.1,1.3,4,2,1,0,0,0.0,0,5,0,0.0%
7,8.0,2020-10-29,8.0,8.0,30.21,CAR,,ATL,L 17-25,0,3,2,66.7%,29,14.5,9.7,0,97.9,6.7,17,12,3,0,0,0.0,0,6,0,0.0%
8,9.0,2020-11-08,9.0,9.0,30.22,CAR,@,KAN,L 31-33,0,3,3,100.0%,32,10.7,10.7,1,150.7,5.7,17,15,1,0,0,0.0,0,1,0,0.0%
9,10.0,2020-11-15,10.0,10.0,30.227,CAR,,TAM,L 23-46,0,0,0,,0,,,0,,,0,0,2,0,0,0.0,0,5,0,0.0%
10,11.0,2020-11-29,12.0,12.0,30.241,CAR,@,MIN,L 27-28,0,0,0,,0,,,0,,,0,0,0,0,0,0.0,0,1,0,0.0%
11,12.0,2020-12-13,13.0,14.0,30.255,CAR,,DEN,L 27-32,0,1,1,100.0%,6,6.0,6.0,0,91.7,-3.0,-3,9,1,0,0,0.0,0,1,0,0.0%
12,13.0,2020-12-27,15.0,16.0,30.269,CAR,@,WAS,W 20-13,1,1,0,0.0%,0,,0.0,0,0.0,11.0,0,0,1,0,0,0.0,0,0,0,
13,14.0,2021-01-03,16.0,17.0,30.276,CAR,,NOR,L 7-33,0,0,0,,0,,,0,,,0,0,1,0,0,0.0,0,0,0,
14,,14 Games,,,,,,,4-10-0,1,28,24,85.7%,249,10.4,8.9,1,100.7,4.5,107,142,13,1,1,0.0,2,51,7,12.1%
