,Rk,Date,G#,Week,Age,Tm,Unnamed: 6_level_1,Opp,Result,Int,Tgt,Cmp,Cmp%,Yds,Yds/Cmp,Yds/Tgt,TD,Rat,DADOT,Air,YAC,Bltz,Hrry,QBKD,Sk,Prss,Comb,MTkl,MTkl%
0,1.0,2020-09-13,1.0,1.0,28.08,CAR,,LVR,L 30-34,0,4,2,50.0%,52,26.0,13.0,0,95.8,19.8,33,19,1,0,0,0.0,0,6,1,14.3%
1,2.0,2020-09-20,2.0,2.0,28.087,CAR,@,TAM,L 17-31,0,4,3,75.0%,50,16.7,12.5,0,116.7,11.5,43,7,1,0,0,0.0,0,5,1,16.7%
2,3.0,2020-09-27,3.0,3.0,28.094,CAR,@,LAC,W 21-16,0,7,3,42.9%,32,10.7,4.6,1,96.4,9.1,25,7,1,0,1,0.0,1,6,1,14.3%
3,4.0,2020-10-04,4.0,4.0,28.101,CAR,,ARI,W 31-21,0,2,1,50.0%,12,12.0,6.0,0,68.7,7.0,11,1,0,0,0,0.0,0,4,1,20.0%
4,5.0,2020-10-11,5.0,5.0,28.108,CAR,@,ATL,W 23-16,0,2,2,100.0%,5,2.5,2.5,0,79.2,-3.5,-7,12,1,0,0,0.0,0,3,2,40.0%
5,6.0,2020-10-18,6.0,6.0,28.115,CAR,,CHI,L 16-23,0,5,4,80.0%,28,7.0,5.6,0,90.0,6.6,6,22,3,0,0,0.0,0,8,0,0.0%
6,7.0,2020-10-25,7.0,7.0,28.122,CAR,@,NOR,L 24-27,0,2,2,100.0%,27,13.5,13.5,1,158.3,8.0,16,11,1,0,0,0.0,0,7,2,22.2%
7,8.0,2020-10-29,8.0,8.0,28.126,CAR,,ATL,L 17-25,0,3,2,66.7%,29,14.5,9.7,0,97.9,13.7,28,1,0,0,0,0.0,0,8,0,0.0%
8,9.0,2020-11-08,9.0,9.0,28.136,CAR,@,KAN,L 31-33,0,2,1,50.0%,6,6.0,3.0,0,56.2,6.0,3,3,0,0,0,0.0,0,2,1,33.3%
9,10.0,2020-11-15,10.0,10.0,28.143,CAR,,TAM,L 23-46,0,3,1,33.3%,8,8.0,2.7,0,42.4,17.0,5,3,1,0,0,0.0,0,5,2,28.6%
10,11.0,2020-11-22,11.0,11.0,28.15,CAR,,DET,W 20-0,0,4,3,75.0%,16,5.3,4.0,0,81.2,5.3,14,2,0,0,0,0.0,0,8,0,0.0%
11,12.0,2020-11-29,12.0,12.0,28.157,CAR,@,MIN,L 27-28,0,4,3,75.0%,23,7.7,5.8,0,88.5,4.5,3,20,3,0,0,0.0,0,5,0,0.0%
12,13.0,2020-12-13,13.0,14.0,28.171,CAR,,DEN,L 27-32,0,1,1,100.0%,8,8.0,8.0,0,100.0,0.0,0,8,4,0,0,0.0,0,6,0,0.0%
13,14.0,2020-12-19,14.0,15.0,28.177,CAR,@,GNB,L 16-24,0,1,1,100.0%,6,6.0,6.0,0,91.7,0.0,0,6,1,0,0,0.0,0,6,1,14.3%
14,15.0,2020-12-27,15.0,16.0,28.185,CAR,@,WAS,W 20-13,1,5,3,60.0%,11,3.7,2.2,0,25.0,1.0,-1,12,1,0,0,0.0,0,6,1,14.3%
15,16.0,2021-01-03,16.0,17.0,28.192,CAR,,NOR,L 7-33,0,6,5,83.3%,34,6.8,5.7,1,129.9,3.8,12,22,4,0,0,1.0,1,10,2,16.7%
16,,16 Games,,,,,,,5-11-0,1,55,37,67.3%,347,9.4,6.3,3,95.0,7.6,191,156,22,0,1,1.0,2,95,15,13.6%
