,Rk,Date,G#,Week,Age,Tm,Unnamed: 6_level_1,Opp,Result,Att,Yds,TD,1D,YBC,YBC/Att,YAC,YAC/Att,BrkTkl,Att/Br,Tgt,Rec,Yds,TD,1D,YBC,YBC/R,YAC,YAC/R,ADOT,BrkTkl,Rec/Br,Drop,Drop%,Int,Rat,Year
0,1.0,2018-09-09,1.0,1.0,26.153,SFO,@,MIN,L 16-24,0,0,0,,0.0,,0.0,,0.0,,0,0,0,0,,0.0,,0.0,,,0.0,,0.0,0.0,,,2018
1,2.0,2018-09-16,2.0,2.0,26.16,SFO,,DET,W 30-27,0,0,0,,0.0,,0.0,,0.0,,0,0,0,0,,0.0,,0.0,,,0.0,,0.0,0.0,,,2018
2,3.0,2018-09-23,3.0,3.0,26.167,SFO,@,KAN,L 27-38,1,0,0,,0.0,0.0,0.0,0.0,0.0,,1,1,8,0,,-3.0,-3.0,11.0,11.0,-3.0,0.0,,0.0,0.0,0.0,100.0,2018
3,4.0,2018-09-30,4.0,4.0,26.174,SFO,@,LAC,L 27-29,0,0,0,,,,,,,,0,0,0,0,,,,,,,,,,0.0,,,2018
4,5.0,2018-10-07,5.0,5.0,26.181,SFO,,ARI,L 18-28,5,11,0,1.0,1.0,0.2,10.0,2.0,0.0,,1,1,-2,0,0.0,-5.0,-5.0,3.0,3.0,-5.0,0.0,,0.0,0.0,0.0,79.2,2018
5,6.0,2018-10-15,6.0,6.0,26.189,SFO,@,GNB,L 30-33,12,87,0,4.0,28.0,2.3,59.0,4.9,4.0,3.0,0,0,0,0,0.0,0.0,,0.0,,,0.0,,0.0,0.0,,,2018
6,7.0,2018-10-21,7.0,7.0,26.195,SFO,,LAR,L 10-39,7,59,0,4.0,32.0,4.6,27.0,3.9,1.0,7.0,4,4,19,0,1.0,-11.0,-2.8,30.0,7.5,-2.8,0.0,,0.0,0.0,0.0,86.5,2018
7,8.0,2018-10-28,8.0,8.0,26.202,SFO,@,ARI,L 15-18,2,18,0,1.0,11.0,5.5,7.0,3.5,0.0,,1,0,0,0,0.0,0.0,,0.0,,15.0,0.0,,0.0,0.0,0.0,39.6,2018
8,9.0,2018-11-01,9.0,9.0,26.206,SFO,,OAK,W 34-3,7,86,1,3.0,71.0,10.1,15.0,2.1,0.0,,0,0,0,0,0.0,0.0,,0.0,,,0.0,,0.0,0.0,,,2018
9,,9 Games,,,,,,,2-7-0,34,261,1,13.0,143.0,4.2,118.0,3.5,5.0,6.8,7,6,25,0,1.0,-19.0,-3.2,44.0,7.3,-0.6,0.0,,0.0,0.0,0.0,81.5,2018
