,Rk,Date,G#,Week,Age,Tm,Unnamed: 6_level_1,Opp,Result,Int,Tgt,Cmp,Cmp%,Yds,Yds/Cmp,Yds/Tgt,TD,Rat,DADOT,Air,YAC,Bltz,Hrry,QBKD,Sk,Prss,Comb,MTkl,MTkl%
0,1.0,2019-09-08,1.0,1.0,24.193,PIT,@,NWE,L 3-33,0,1,1,100.0%,13,13.0,13.0,0,118.7,6.0,6,7,0,0,0,0.0,0,1.0,1,50.0%
1,2.0,2019-09-15,2.0,2.0,24.2,PIT,,SEA,L 26-28,0,3,3,100.0%,9,3.0,3.0,0,79.2,1.3,4,5,0,0,0,0.0,0,3.0,0,0.0%
2,3.0,2019-09-22,3.0,3.0,24.207,PIT,@,SFO,L 20-24,0,0,0,,0,,,0,,,0,0,0,0,0,,0,,0,
3,4.0,2019-09-30,4.0,4.0,24.215,PIT,,CIN,W 27-3,0,3,1,33.3%,14,14.0,4.7,0,49.3,10.0,14,0,0,0,0,0.0,0,2.0,0,0.0%
4,5.0,2019-10-06,5.0,5.0,24.221,PIT,,BAL,L 23-26,0,1,0,0.0%,0,,0.0,0,39.6,9.0,0,0,0,0,0,0.0,0,0.0,0,
5,6.0,2019-10-13,6.0,6.0,24.228,PIT,@,LAC,W 24-17,1,6,2,33.3%,32,16.0,5.3,0,12.5,15.8,24,8,0,0,0,0.0,0,1.0,0,0.0%
6,7.0,2019-10-28,7.0,8.0,24.243,PIT,,MIA,W 27-14,0,1,0,0.0%,0,,0.0,0,39.6,6.0,0,0,1,0,0,,0,,0,
7,8.0,2019-11-03,8.0,9.0,24.249,PIT,,IND,W 26-24,0,0,0,,0,,,0,,,0,0,0,0,0,0.0,0,1.0,0,0.0%
8,9.0,2019-11-10,9.0,10.0,24.256,PIT,,LAR,W 17-12,0,5,3,60.0%,34,11.3,6.8,0,80.4,7.0,16,18,0,0,0,0.0,0,2.0,0,0.0%
9,10.0,2019-11-14,10.0,11.0,24.26,PIT,@,CLE,L 7-21,0,1,1,100.0%,11,11.0,11.0,0,112.5,5.0,5,6,0,0,0,0.0,0,1.0,0,0.0%
10,11.0,2019-11-24,11.0,12.0,24.27,PIT,@,CIN,W 16-10,0,1,1,100.0%,7,7.0,7.0,0,95.8,6.0,6,1,0,0,0,0.0,0,1.0,0,0.0%
11,12.0,2019-12-01,12.0,13.0,24.277,PIT,,CLE,W 20-13,0,1,0,0.0%,0,,0.0,0,39.6,59.0,0,0,3,0,0,1.0,1,1.0,1,50.0%
12,13.0,2019-12-08,13.0,14.0,24.284,PIT,@,ARI,W 23-17,0,2,1,50.0%,5,5.0,2.5,0,56.2,9.5,5,0,0,0,0,0.0,0,1.0,0,0.0%
13,14.0,2019-12-15,14.0,15.0,24.291,PIT,,BUF,L 10-17,0,1,1,100.0%,7,7.0,7.0,0,95.8,4.0,4,3,0,0,0,0.0,0,1.0,0,0.0%
14,15.0,2019-12-22,15.0,16.0,24.298,PIT,@,NYJ,L 10-16,0,0,0,,0,,,0,,,0,0,0,0,0,,0,,0,
15,16.0,2019-12-29,16.0,17.0,24.305,PIT,@,BAL,L 10-28,0,0,0,,0,,,0,,,0,0,0,0,0,0.0,0,1.0,0,0.0%
16,,16 Games,,,,,,,8-8-0,1,26,14,53.8%,132,9.4,5.1,0,52.1,10.7,84,48,4,0,0,1.0,1,16.0,2,11.1%
