,Rk,Date,G#,Week,Age,Tm,Unnamed: 6_level_1,Opp,Result,Int,Tgt,Cmp,Cmp%,Yds,Yds/Cmp,Yds/Tgt,TD,Rat,DADOT,Air,YAC,Bltz,Hrry,QBKD,Sk,Prss,Comb,MTkl,MTkl%
0,1.0,2019-09-08,1.0,1.0,32.119,PIT,@,NWE,L 3-33,0,0,0,,0,,,0,,,0,0,0,0,0,0.0,0,3.0,0,0.0%
1,2.0,2019-09-15,2.0,2.0,32.126,PIT,,SEA,L 26-28,0,0,0,,0,,,0,,,0,0,0,0,0,0.0,0,2.0,0,0.0%
2,3.0,2019-09-22,3.0,3.0,32.133,PIT,@,SFO,L 20-24,0,0,0,,0,,,0,,,0,0,0,0,0,0.0,0,2.0,0,0.0%
3,4.0,2019-09-30,4.0,4.0,32.141,PIT,,CIN,W 27-3,0,0,0,,0,,,0,,,0,0,0,0,0,1.0,1,1.0,0,0.0%
4,5.0,2019-10-06,5.0,5.0,32.147,PIT,,BAL,L 23-26,0,0,0,,0,,,0,,,0,0,0,0,0,0.0,0,1.0,0,0.0%
5,6.0,2019-10-13,6.0,6.0,32.154,PIT,@,LAC,W 24-17,0,0,0,,0,,,0,,,0,0,0,0,0,0.0,0,3.0,0,0.0%
6,7.0,2019-10-28,7.0,8.0,32.169,PIT,,MIA,W 27-14,0,0,0,,0,,,0,,,0,0,0,1,1,0.0,2,2.0,0,0.0%
7,8.0,2019-11-03,8.0,9.0,32.175,PIT,,IND,W 26-24,0,0,0,,0,,,0,,,0,0,0,1,0,0.0,1,1.0,0,0.0%
8,9.0,2019-11-10,9.0,10.0,32.182,PIT,,LAR,W 17-12,0,0,0,,0,,,0,,,0,0,0,0,0,0.0,0,4.0,0,0.0%
9,10.0,2019-11-14,10.0,11.0,32.186,PIT,@,CLE,L 7-21,0,0,0,,0,,,0,,,0,0,0,0,0,0.0,0,4.0,0,0.0%
10,11.0,2019-11-24,11.0,12.0,32.196,PIT,@,CIN,W 16-10,0,0,0,,0,,,0,,,0,0,0,0,0,,0,,0,
11,12.0,2019-12-01,12.0,13.0,32.203,PIT,,CLE,W 20-13,0,0,0,,0,,,0,,,0,0,0,0,0,0.0,0,4.0,0,0.0%
12,13.0,2019-12-08,13.0,14.0,32.21,PIT,@,ARI,W 23-17,0,1,1,100.0%,18,18.0,18.0,0,118.7,-6.0,-6,24,0,0,1,0.0,1,1.0,0,0.0%
13,14.0,2019-12-15,14.0,15.0,32.217,PIT,,BUF,L 10-17,0,0,0,,0,,,0,,,0,0,0,0,0,0.0,0,4.0,1,20.0%
14,15.0,2019-12-22,15.0,16.0,32.224,PIT,@,NYJ,L 10-16,0,0,0,,0,,,0,,,0,0,0,1,0,0.0,1,5.0,1,16.7%
15,16.0,2019-12-29,16.0,17.0,32.231,PIT,@,BAL,L 10-28,0,0,0,,0,,,0,,,0,0,0,0,0,0.0,0,4.0,1,20.0%
16,,16 Games,,,,,,,8-8-0,0,1,1,100.0%,18,18.0,18.0,0,118.7,-6.0,-6,24,0,3,2,1.0,6,41.0,3,6.8%
