,Rank,Player,Tackle,Assist,Sack,Pass Defended,Interception,Forced Fumble,Fumble Recovery,Defend Touchdown,Games Played,Fantasy Football Points,FTPS/Game,ROST,Position,Year
0,1,Craig Dahl,10,2,0,0,0,1,0,0,1,20.5,20.5,0.0%,DB,2011
1,2,Ike Taylor,6,1,0,3,1,0,0,0,1,19.3,19.3,0.0%,DB,2011
2,3,Jairus Byrd,8,1,0,0,0,1,0,0,1,19.3,19.3,0.0%,DB,2011
3,4,Brandon Browner,3,0,0,3,2,0,0,0,1,19.0,19.0,0.0%,DB,2011
4,5,James Sanders,10,0,0,0,0,0,1,0,1,19.0,19.0,0.0%,DB,2011
5,6,Craig Steltz,9,1,0,0,0,1,0,0,1,18.3,18.3,0.0%,DB,2011
6,7,Andre' Goodman,5,2,0,2,1,0,0,0,1,17.0,17.0,0.0%,DB,2011
7,8,Jon McGraw,2,1,1,1,1,0,0,0,1,16.8,16.8,0.0%,DB,2011
8,9,Brian Dawkins,4,1,1,1,0,1,0,0,1,16.3,16.3,0.0%,DB,2011
9,10,Tracy Porter,5,2,0,1,1,0,0,0,1,15.5,15.5,0.0%,DB,2011
10,11,Charles Tillman,8,1,0,1,0,0,0,0,1,14.3,14.3,0.1%,DB,2011
11,12,Amari Spievey,9,1,0,0,0,0,0,0,1,14.3,14.3,0.0%,DB,2011
12,13,Sean Jones,9,1,0,0,0,0,0,0,1,14.3,14.3,0.0%,DB,2011
13,14,Vontae Davis,4,0,1,1,0,0,0,0,1,14.0,14.0,0.0%,DB,2011
14,15,Cortland Finnegan,6,1,0,1,0,0,0,0,1,13.8,13.8,0.0%,DB,2011
15,16,Dashon Goldson,3,0,0,1,1,0,0,0,1,13.5,13.5,0.0%,DB,2011
16,17,Eric Smith,4,2,0,1,0,0,1,0,1,13.0,13.0,0.0%,DB,2011
17,18,Glover Quin,4,2,0,2,0,0,0,0,1,13.0,13.0,0.0%,DB,2011
18,19,Charlie Peprah,6,3,0,1,0,0,0,0,1,12.8,12.8,0.0%,DB,2011
19,20,Thomas DeCoud,7,3,0,0,0,0,0,0,1,12.8,12.8,0.0%,DB,2011
20,21,Adrian Wilson,5,0,0,0,0,0,0,0,1,12.5,12.5,0.0%,DB,2011
21,22,Eric Weddle,4,0,0,1,1,0,0,0,1,12.5,12.5,11.0%,DB,2011
22,23,Kareem Jackson,3,0,0,2,1,0,0,0,1,12.5,12.5,0.7%,DB,2011
23,24,Cedric Griffin,5,1,0,0,0,1,0,0,1,12.3,12.3,0.0%,DB,2011
24,25,Michael Griffin,5,1,0,0,0,1,0,0,1,12.3,12.3,5.0%,DB,2011
25,26,E.J. Biggers,7,0,0,1,0,0,0,0,1,12.0,12.0,0.0%,DB,2011
26,27,Charles Godfrey,7,2,0,0,0,0,0,0,1,12.0,12.0,0.0%,DB,2011
27,28,Patrick Peterson,5,0,0,3,0,0,0,0,1,12.0,12.0,0.9%,DB,2011
28,29,Kam Chancellor,3,1,0,1,1,0,0,0,1,11.8,11.8,0.1%,DB,2011
29,30,Benny Sapp,6,0,0,0,0,0,0,0,1,11.5,11.5,0.0%,DB,2011
30,31,Jabari Greer,6,0,0,0,0,0,0,0,1,11.5,11.5,0.0%,DB,2011
31,32,Kurt Coleman,5,5,0,0,0,0,0,0,1,11.3,11.3,0.0%,DB,2011
32,33,Morgan Burnett,5,1,0,2,0,0,0,0,1,11.3,11.3,0.0%,DB,2011
33,34,Chris Harris,7,1,0,0,0,0,0,0,1,11.3,11.3,0.0%,DB,2011
34,35,Nate Allen,5,5,0,0,0,0,0,0,1,11.3,11.3,0.0%,DB,2011
35,36,Malcolm Jenkins,6,1,0,1,0,0,0,0,1,11.3,11.3,15.0%,DB,2011
36,37,Jason Allen,2,0,0,2,1,0,0,0,1,11.0,11.0,0.0%,DB,2011
37,38,Kyle Arrington,4,1,0,0,0,0,1,0,1,10.8,10.8,0.0%,DB,2011
38,39,DeAngelo Hall,4,1,0,1,0,0,0,0,1,10.8,10.8,0.0%,DB,2011
39,40,Aaron Berry,5,2,0,1,0,0,0,0,1,10.5,10.5,0.0%,DB,2011
40,41,Kyle Wilson,1,1,0,2,1,0,0,0,1,10.3,10.3,0.0%,DB,2011
41,42,Antoine Cason,5,1,0,1,0,0,0,0,1,9.8,9.8,0.0%,DB,2011
42,43,Ryan Clark,5,3,0,0,0,0,0,0,1,9.8,9.8,0.0%,DB,2011
43,44,Jim Leonhard,4,1,0,2,0,0,0,0,1,9.8,9.8,0.0%,DB,2011
44,45,Antoine Bethea,4,5,0,0,0,0,0,0,1,9.8,9.8,28.0%,DB,2011
45,46,Da'Norris Searcy,5,3,0,0,0,0,0,0,1,9.8,9.8,0.0%,DB,2011
46,47,Corey Webster,4,1,0,0,0,0,0,0,1,9.3,9.3,0.0%,DB,2011
47,48,Reggie Nelson,3,3,0,0,0,0,0,0,1,9.3,9.3,0.0%,DB,2011
48,49,Jacob Lacey,3,3,0,0,0,0,0,0,1,9.3,9.3,0.0%,DB,2011
49,50,A.J. Jefferson,5,0,0,1,0,0,0,0,1,9.0,9.0,0.0%,DB,2011
50,51,Tramon Williams,3,2,0,2,0,0,0,0,1,9.0,9.0,0.0%,DB,2011
51,52,Kelly Jennings,5,2,0,0,0,0,0,0,1,9.0,9.0,0.0%,DB,2011
52,53,Tim Jennings,4,0,0,0,0,0,0,0,1,8.5,8.5,0.0%,DB,2011
53,54,Jamarca Sanford,3,0,0,0,0,0,1,0,1,8.5,8.5,0.0%,DB,2011
54,55,Dunta Robinson,3,0,0,1,0,0,0,0,1,8.5,8.5,0.0%,DB,2011
55,56,Oshiomogho Atogwe,4,3,0,0,0,0,0,0,1,8.3,8.3,0.0%,DB,2011
56,57,Antrel Rolle,5,1,0,0,0,0,0,0,1,8.3,8.3,0.0%,DB,2011
57,58,Chris Gamble,5,1,0,0,0,0,0,0,1,8.3,8.3,0.0%,DB,2011
58,59,Charles Woodson,5,1,0,0,0,0,0,0,1,8.3,8.3,0.0%,DB,2011
59,60,Brandon Carr,1,0,0,1,1,0,0,0,1,8.0,8.0,0.0%,DB,2011
60,61,Jimmy Smith,1,0,0,1,1,0,0,0,1,8.0,8.0,0.0%,DB,2011
61,62,Richard Sherman,4,0,0,1,0,0,0,0,1,7.5,7.5,0.1%,DB,2011
62,63,Will Allen,3,0,0,2,0,0,0,0,1,7.5,7.5,0.0%,DB,2011
63,64,Terence Newman,4,2,0,0,0,0,0,0,1,7.5,7.5,0.0%,DB,2011
64,65,Kendrick Lewis,3,2,0,1,0,0,0,0,1,7.5,7.5,0.0%,DB,2011
65,66,Roman Harper,2,2,0,2,0,0,0,0,1,7.5,7.5,1.0%,DB,2011
66,67,Carlos Rogers,3,0,0,2,0,0,0,0,1,7.5,7.5,0.0%,DB,2011
67,68,Mike Mitchell,2,0,0,1,0,0,0,0,1,7.0,7.0,0.0%,DB,2011
68,69,Adam Jones,2,0,0,1,0,0,0,0,1,7.0,7.0,0.0%,DB,2011
69,70,Troy Polamalu,3,1,0,1,0,0,0,0,1,6.8,6.8,0.0%,DB,2011
70,71,Usama Young,3,3,0,0,0,0,0,0,1,6.8,6.8,0.0%,DB,2011
71,72,Troy Nolan,3,1,0,1,0,0,0,0,1,6.8,6.8,0.0%,DB,2011
72,73,Major Wright,4,1,0,0,0,0,0,0,1,6.8,6.8,0.0%,DB,2011
73,74,Bernard Pollard,3,1,0,1,0,0,0,0,1,6.8,6.8,0.0%,DB,2011
74,75,Cary Williams,3,1,0,1,0,0,0,0,1,6.8,6.8,0.0%,DB,2011
75,76,Antonio Cromartie,2,1,0,2,0,0,0,0,1,6.8,6.8,0.0%,DB,2011
76,77,Aaron Ross,4,1,0,0,0,0,0,0,1,6.8,6.8,0.0%,DB,2011
77,78,Rashad Johnson,3,1,0,1,0,0,0,0,1,6.8,6.8,0.0%,DB,2011
78,79,Mike Adams,4,1,0,0,0,0,0,0,1,6.8,6.8,0.4%,DB,2011
79,80,Earl Thomas,4,1,0,0,0,0,0,0,1,6.8,6.8,1.1%,DB,2011
80,81,Aaron Williams,3,1,0,1,0,0,0,0,1,6.8,6.8,0.0%,DB,2011
81,82,Javier Arenas,0,0,0,1,1,0,0,0,1,6.5,6.5,0.0%,DB,2011
82,83,Danieal Manning,3,0,0,1,0,0,0,0,1,6.0,6.0,0.0%,DB,2011
83,84,Yeremiah Bell,3,2,0,0,0,0,0,0,1,6.0,6.0,0.0%,DB,2011
84,85,Chris Hope,4,0,0,0,0,0,0,0,1,6.0,6.0,0.0%,DB,2011
85,86,Richard Marshall,4,0,0,0,0,0,0,0,1,6.0,6.0,0.0%,DB,2011
86,87,Chris Johnson,3,0,0,1,0,0,0,0,1,6.0,6.0,0.0%,DB,2011
87,88,Quintin Mikell,3,0,0,1,0,0,0,0,1,6.0,6.0,0.0%,DB,2011
88,89,Josh Wilson,2,2,0,1,0,0,0,0,1,6.0,6.0,0.0%,DB,2011
89,90,Orlando Scandrick,3,0,0,1,0,0,0,0,1,6.0,6.0,0.0%,DB,2011
90,91,Justin King,4,0,0,0,0,0,0,0,1,6.0,6.0,0.0%,DB,2011
91,92,Captain Munnerlyn,4,0,0,0,0,0,0,0,1,6.0,6.0,0.0%,DB,2011
92,93,Leodis McKelvin,2,0,0,2,0,0,0,0,1,6.0,6.0,0.0%,DB,2011
93,94,Sam Shields,3,0,0,1,0,0,0,0,1,6.0,6.0,6.0%,DB,2011
94,95,Alphonso Smith,3,0,0,1,0,0,0,0,1,6.0,6.0,0.0%,DB,2011
95,96,Quintin Demps,4,0,0,0,0,0,0,0,1,6.0,6.0,3.0%,DB,2011
96,97,Kevin Rutland,3,2,0,0,0,0,0,0,1,6.0,6.0,0.0%,DB,2011
97,98,Devin McCourty,4,0,0,0,0,0,0,0,1,6.0,6.0,4.4%,DB,2011
98,99,Alterraun Verner,4,0,0,0,0,0,0,0,1,6.0,6.0,0.0%,DB,2011
99,100,Chris Harris,4,0,0,0,0,0,0,0,1,6.0,6.0,0.0%,DB,2011
100,101,Patrick Robinson,3,0,0,1,0,0,0,0,1,6.0,6.0,0.0%,DB,2011
101,102,Matt Giordano,3,2,0,0,0,0,0,0,1,6.0,6.0,0.0%,DB,2011
102,103,Josh Gordy,4,0,0,0,0,0,0,0,1,6.0,6.0,0.0%,DB,2011
103,104,Joe Haden,3,0,0,1,0,0,0,0,1,6.0,6.0,1.0%,DB,2011
104,105,Quentin Jammer,4,0,0,0,0,0,0,0,1,6.0,6.0,0.0%,DB,2011
105,106,Chris Hawkins,4,0,0,0,0,0,0,0,1,6.0,6.0,0.0%,DB,2011
106,107,Deon Grant,2,0,0,0,0,0,0,0,1,5.5,5.5,0.0%,DB,2011
107,108,Brodney Pool,2,1,0,1,0,0,0,0,1,5.3,5.3,0.0%,DB,2011
108,109,Darius Butler,3,1,0,0,0,0,0,0,1,5.3,5.3,0.0%,DB,2011
109,110,Reed Doughty,1,5,0,0,0,0,0,0,1,5.3,5.3,0.0%,DB,2011
110,111,Sean Smith,3,1,0,0,0,0,0,0,1,5.3,5.3,0.0%,DB,2011
111,112,Chris Crocker,3,1,0,0,0,0,0,0,1,5.3,5.3,0.0%,DB,2011
112,113,Eric Wright,1,1,0,2,0,0,0,0,1,5.3,5.3,0.0%,DB,2011
113,114,Champ Bailey,2,1,0,1,0,0,0,0,1,5.3,5.3,0.0%,DB,2011
114,115,Donte Whitner,2,1,0,1,0,0,0,0,1,5.3,5.3,1.0%,DB,2011
115,116,Dwight Lowery,3,1,0,0,0,0,0,0,1,5.3,5.3,0.0%,DB,2011
116,117,Tarell Brown,3,0,0,0,0,0,0,0,1,4.5,4.5,0.0%,DB,2011
117,118,Joe Young,1,2,0,1,0,0,0,0,1,4.5,4.5,0.0%,DB,2011
118,119,Abram Elam,2,2,0,0,0,0,0,0,1,4.5,4.5,0.0%,DB,2011
119,120,Quinton Carter,3,0,0,0,0,0,0,0,1,4.5,4.5,0.0%,DB,2011
120,121,Dominique Franks,3,0,0,0,0,0,0,0,1,4.5,4.5,0.0%,DB,2011
121,122,Brandon Flowers,3,0,0,0,0,0,0,0,1,4.5,4.5,0.0%,DB,2011
122,123,Darrelle Revis,2,2,0,0,0,0,0,0,1,4.5,4.5,0.0%,DB,2011
123,124,Elbert Mack,3,0,0,0,0,0,0,0,1,4.5,4.5,0.0%,DB,2011
124,125,Michael Huff,3,0,0,0,0,0,0,0,1,4.5,4.5,0.0%,DB,2011
125,126,Frank Walker,1,0,0,0,0,0,0,0,1,4.0,4.0,0.0%,DB,2011
126,127,Zackary Bowman,0,0,0,0,0,0,1,0,1,4.0,4.0,0.0%,DB,2011
127,128,Stanford Routt,2,1,0,0,0,0,0,0,1,3.8,3.8,0.0%,DB,2011
128,129,Gerald Sensabaugh,2,1,0,0,0,0,0,0,1,3.8,3.8,0.0%,DB,2011
129,130,Lito Sheppard,2,1,0,0,0,0,0,0,1,3.8,3.8,0.0%,DB,2011
130,131,Ronde Barber,2,1,0,0,0,0,0,0,1,3.8,3.8,0.0%,DB,2011
131,132,Tanard Jackson,2,0,0,0,0,0,0,0,1,3.0,3.0,0.0%,DB,2011
132,133,Chris Conte,2,0,0,0,0,0,0,0,1,3.0,3.0,0.0%,DB,2011
133,134,Will Blackmon,2,0,0,0,0,0,0,0,1,3.0,3.0,4.0%,DB,2011
134,135,Eric Hagg,2,0,0,0,0,0,0,0,1,3.0,3.0,0.0%,DB,2011
135,136,Johnathan Joseph,1,0,0,1,0,0,0,0,1,3.0,3.0,0.0%,DB,2011
136,137,Drayton Florence,2,0,0,0,0,0,0,0,1,3.0,3.0,0.0%,DB,2011
137,138,Lardarius Webb,2,0,0,0,0,0,0,0,1,3.0,3.0,0.0%,DB,2011
138,139,Christopher Owens,1,0,0,1,0,0,0,0,1,3.0,3.0,0.0%,DB,2011
139,140,Donald Strickland,0,0,0,2,0,0,0,0,1,3.0,3.0,0.0%,DB,2011
140,141,Justin Rogers,2,0,0,0,0,0,0,0,1,3.0,3.0,0.0%,DB,2011
141,142,Kenny Phillips,1,0,0,1,0,0,0,0,1,3.0,3.0,0.0%,DB,2011
142,143,Mistral Raymond,2,0,0,0,0,0,0,0,1,3.0,3.0,0.0%,DB,2011
143,144,Steve Gregory,1,2,0,0,0,0,0,0,1,3.0,3.0,0.0%,DB,2011
144,145,Jeromy Miles,2,0,0,0,0,0,0,0,1,3.0,3.0,0.0%,DB,2011
145,146,Jason McCourty,2,0,0,0,0,0,0,0,1,3.0,3.0,0.0%,DB,2011
146,147,Danny Gorrer,0,0,0,2,0,0,0,0,1,3.0,3.0,0.0%,DB,2011
147,148,Jordan Babineaux,1,1,0,0,0,0,0,0,1,2.3,2.3,0.0%,DB,2011
148,149,Gibril Wilson,1,1,0,0,0,0,0,0,1,2.3,2.3,0.0%,DB,2011
149,150,Jerraud Powers,1,1,0,0,0,0,0,0,1,2.3,2.3,0.0%,DB,2011
150,151,Roderick Hood,1,0,0,0,0,0,0,0,1,1.5,1.5,0.0%,DB,2011
151,152,Michael Adams,1,0,0,0,0,0,0,0,1,1.5,1.5,0.0%,DB,2011
152,153,Corey Graham,1,0,0,0,0,0,0,0,1,1.5,1.5,0.0%,DB,2011
153,154,James Butler,1,0,0,0,0,0,0,0,1,1.5,1.5,0.0%,DB,2011
154,155,Dimitri Patterson,0,0,0,1,0,0,0,0,1,1.5,1.5,0.0%,DB,2011
155,156,Sterling Moore,1,0,0,0,0,0,0,0,1,1.5,1.5,0.0%,DB,2011
156,157,Mike Jenkins,1,0,0,0,0,0,0,0,1,1.5,1.5,0.0%,DB,2011
157,158,William Gay,1,0,0,0,0,0,0,0,1,1.5,1.5,0.1%,DB,2011
158,159,Ashton Youboty,1,0,0,0,0,0,0,0,1,1.5,1.5,0.0%,DB,2011
159,160,Danny McCray,1,0,0,0,0,0,0,0,1,1.5,1.5,0.0%,DB,2011
160,161,Reshad Jones,1,0,0,0,0,0,0,0,1,1.5,1.5,0.0%,DB,2011
161,162,Corey Lynch,1,0,0,0,0,0,0,0,1,1.5,1.5,0.0%,DB,2011
162,163,Dawan Landry,1,0,0,0,0,0,0,0,1,1.5,1.5,0.0%,DB,2011
163,164,Sherrod Martin,1,0,0,0,0,0,0,0,1,1.5,1.5,0.0%,DB,2011
164,165,David Bruton,1,0,0,0,0,0,0,0,1,1.5,1.5,0.0%,DB,2011
165,166,Drew Coleman,1,0,0,0,0,0,0,0,1,1.5,1.5,0.0%,DB,2011
166,167,Brice McCain,1,0,0,0,0,0,0,0,1,1.5,1.5,0.0%,DB,2011
167,168,Jarrett Bush,1,0,0,0,0,0,0,0,1,1.5,1.5,0.0%,DB,2011
168,169,David Caldwell,0,2,0,0,0,0,0,0,1,1.5,1.5,0.0%,DB,2011
169,170,Chris Prosinski,1,0,0,0,0,0,0,0,1,1.5,1.5,4.0%,DB,2011
170,171,Prince Amukamara,0,2,0,0,0,0,0,0,1,1.5,1.5,0.0%,DB,2011
171,172,Asante Samuel,1,0,0,0,0,0,0,0,1,1.5,1.5,0.0%,DB,2011
172,173,Marcus Gilchrist,1,0,0,0,0,0,0,0,1,1.5,1.5,0.0%,DB,2011
173,174,Anthony Gaitor,1,0,0,0,0,0,0,0,1,1.5,1.5,0.0%,DB,2011
174,175,Chris Culliver,1,0,0,0,0,0,0,0,1,1.5,1.5,0.0%,DB,2011
175,176,Ed Reed,1,0,0,0,0,0,0,0,1,1.5,1.5,0.0%,DB,2011
176,177,Nnamdi Asomugha,1,0,0,0,0,0,0,0,1,1.5,1.5,0.0%,DB,2011
177,178,Atari Bigby,0,1,0,0,0,0,0,0,1,0.8,0.8,0.0%,DB,2011
178,179,Haruki Nakamura,0,1,0,0,0,0,0,0,1,0.8,0.8,0.0%,DB,2011
179,180,Taylor Mays,0,1,0,0,0,0,0,0,1,0.8,0.8,0.0%,DB,2011
180,181,Joselio Hanson,0,1,0,0,0,0,0,0,1,0.8,0.8,0.0%,DB,2011
181,182,Reshard Langford,0,0,0,0,0,0,0,0,1,0.0,0.0,0.0%,DB,2011
182,183,David Jones,0,0,0,0,0,0,0,0,1,0.0,0.0,0.0%,DB,2011
183,184,Nate Jones,6,3,0,1,0,0,0,0,1,0.0,0.0,0.0%,DB,2011
184,185,Brandon Hughes,0,0,0,0,0,0,0,0,1,0.0,0.0,0.0%,DB,2011
185,186,Chris Maragos,0,0,0,0,0,0,0,0,1,0.0,0.0,0.0%,DB,2011
186,187,Isaiah Trufant,0,0,0,0,0,0,0,0,1,0.0,0.0,0.0%,DB,2011
187,188,Sabby Piscitelli,0,0,0,0,0,0,0,0,1,0.0,0.0,0.0%,DB,2011
188,189,Dante Hughes,1,0,0,1,0,0,0,0,1,0.0,0.0,0.0%,DB,2011
189,190,John Wendling,0,0,0,0,0,0,0,0,1,0.0,0.0,0.0%,DB,2011
190,191,Alan Ball,0,0,0,0,0,0,0,0,1,0.0,0.0,0.0%,DB,2011
191,192,Bubba Ventrone,0,0,0,0,0,0,0,0,1,0.0,0.0,0.0%,DB,2011
192,193,Sean Considine,0,0,0,0,0,0,0,0,1,0.0,0.0,0.0%,DB,2011
193,194,Travis Daniels,1,0,0,1,0,0,0,0,1,0.0,0.0,0.0%,DB,2011
194,195,Hamza Abdullah,0,0,0,0,0,0,0,0,1,0.0,0.0,0.0%,DB,2011
195,196,Anthony Smith,0,0,0,0,0,0,0,0,1,0.0,0.0,0.0%,DB,2011
196,197,Reggie Smith,0,0,0,0,0,0,0,0,1,0.0,0.0,0.0%,DB,2011
197,198,Bryant McFadden,0,0,0,0,0,0,0,0,1,0.0,0.0,0.0%,DB,2011
198,199,Kevin Barnes,0,0,0,0,0,0,0,0,1,0.0,0.0,0.0%,DB,2011
199,200,Keenan Lewis,0,0,0,0,0,0,0,0,1,0.0,0.0,0.0%,DB,2011
200,201,Roy Lewis,0,0,0,0,0,0,0,0,1,0.0,0.0,0.0%,DB,2011
201,202,Aqib Talib,0,0,0,0,0,0,0,0,1,0.0,0.0,0.0%,DB,2011
202,203,Tyvon Branch,4,0,0,0,0,0,0,0,1,0.0,0.0,0.0%,DB,2011
203,204,Pat Lee,0,0,0,0,0,0,0,0,1,0.0,0.0,0.0%,DB,2011
204,205,Antwaun Molden,0,0,0,0,0,0,0,0,1,0.0,0.0,0.0%,DB,2011
205,206,Tom Zbikowski,0,0,0,0,0,0,0,0,1,0.0,0.0,0.0%,DB,2011
206,207,Jonathan Wilhite,0,0,0,0,0,0,0,0,1,0.0,0.0,0.0%,DB,2011
207,208,Ryan Mundy,0,0,0,0,0,0,0,0,1,0.0,0.0,0.0%,DB,2011
208,209,James Ihedigbo,2,3,0,0,0,0,0,0,1,0.0,0.0,4.0%,DB,2011
209,210,Jermale Hines,0,0,0,0,0,0,0,0,1,0.0,0.0,0.0%,DB,2011
210,211,Buster Skrine,0,0,0,0,0,0,0,0,1,0.0,0.0,0.0%,DB,2011
211,212,Brandon Burton,0,0,0,0,0,0,0,0,1,0.0,0.0,0.0%,DB,2011
212,213,Josh Thomas,0,0,0,0,0,0,0,0,1,0.0,0.0,0.0%,DB,2011
213,214,Shiloh Keo,0,0,0,0,0,0,0,0,1,0.0,0.0,0.0%,DB,2011
214,215,DeJon Gomes,1,0,0,0,0,0,0,0,1,0.0,0.0,0.0%,DB,2011
215,216,Charles Clay,0,0,0,0,0,0,0,0,1,0.0,0.0,0.0%,DB,2011
216,217,Chris Rucker,5,1,0,1,0,0,0,0,1,0.0,0.0,0.0%,DB,2011
217,218,Colin Jones,0,0,0,0,0,0,0,0,1,0.0,0.0,5.0%,DB,2011
218,219,Tyler Sash,0,0,0,0,0,0,0,0,1,0.0,0.0,0.0%,DB,2011
219,220,Robert Sands,0,0,0,0,0,0,0,0,1,0.0,0.0,0.0%,DB,2011
220,221,Cortez Allen,0,0,0,0,0,0,0,0,1,0.0,0.0,0.0%,DB,2011
221,222,Jimmy Wilson,0,0,0,0,0,0,0,0,1,0.0,0.0,0.0%,DB,2011
222,223,Rashied Davis,0,0,0,0,0,0,0,0,1,0.0,0.0,0.0%,DB,2011
223,224,Jaiquawn Jarrett,0,0,0,0,0,0,0,0,1,0.0,0.0,0.0%,DB,2011
224,225,DeMarcus Van,0,0,0,0,0,0,0,0,1,0.0,0.0,0.0%,DB,2011
225,226,Curtis Marsh,0,0,0,0,0,0,0,0,1,0.0,0.0,0.0%,DB,2011
226,227,Curtis Brown,0,0,0,0,0,0,0,0,1,0.0,0.0,0.0%,DB,2011
227,228,Jalil Brown,0,0,0,0,0,0,0,0,1,0.0,0.0,0.0%,DB,2011
228,229,Will Allen,0,0,0,0,0,0,0,0,1,0.0,0.0,0.0%,DB,2011
229,230,Sheldon Brown,3,2,0,1,0,0,0,0,1,0.0,0.0,0.0%,DB,2011
230,231,Chris Clemons,0,0,0,0,0,0,0,0,1,0.0,0.0,0.0%,DB,2011
231,232,Ricardo Silva,0,0,0,0,0,0,0,0,1,0.0,0.0,0.0%,DB,2011
232,233,Eric Frampton,0,0,0,0,0,0,0,0,1,0.0,0.0,0.0%,DB,2011
233,234,Don Carey,0,0,0,0,0,0,0,0,1,0.0,0.0,0.0%,DB,2011
234,235,Nolan Carroll,0,0,0,0,0,0,0,0,1,0.0,0.0,0.0%,DB,2011
235,236,Shann Schillinger,0,0,0,0,0,0,0,0,1,0.0,0.0,0.0%,DB,2011
236,237,Jordan Pugh,0,0,0,0,0,0,0,0,1,0.0,0.0,0.0%,DB,2011
237,238,Morgan Trent,1,0,0,0,0,0,0,0,1,0.0,0.0,0.0%,DB,2011
238,239,C.J. Spillman,0,0,0,0,0,0,0,0,1,0.0,0.0,0.0%,DB,2011
239,240,Byron Westbrook,0,0,0,0,0,0,0,0,1,0.0,0.0,0.0%,DB,2011
240,241,Marquice Cole,0,0,0,0,0,0,0,0,1,0.0,0.0,0.0%,DB,2011
241,242,Nate Ness,0,0,0,0,0,0,0,0,1,0.0,0.0,0.0%,DB,2011
242,243,Brandon Ghee,0,0,0,0,0,0,0,0,1,0.0,0.0,0.0%,DB,2011
243,244,Larry Asante,0,0,0,0,0,0,0,0,1,0.0,0.0,0.0%,DB,2011
244,245,Darrell Stuckey,0,0,0,0,0,0,0,0,1,0.0,0.0,3.0%,DB,2011
245,246,Barry Church,0,0,0,0,0,0,0,0,1,0.0,0.0,2.0%,DB,2011
246,247,Sherrick McManis,0,0,0,0,0,0,0,0,1,0.0,0.0,0.0%,DB,2011
247,248,Jonathon Amaya,0,0,0,0,0,0,0,0,1,0.0,0.0,0.0%,DB,2011
248,249,Kennard Cox,0,0,0,0,0,0,0,0,1,0.0,0.0,0.0%,DB,2011
249,250,Jerome Boyd,0,0,0,0,0,0,0,0,1,0.0,0.0,0.0%,DB,2011
250,251,R.J. Stanford,0,0,0,0,0,0,0,0,1,0.0,0.0,0.0%,DB,2011
251,252,Tramaine Brock,0,0,0,0,0,0,0,0,1,0.0,0.0,0.0%,DB,2011
252,253,Kyle McCarthy,0,0,0,0,0,0,0,0,1,0.0,0.0,0.0%,DB,2011
253,254,Marcus Sherels,0,0,0,0,0,0,0,0,1,0.0,0.0,0.0%,DB,2011
254,255,Terrence Johnson,0,0,0,0,0,0,0,0,1,0.0,0.0,0.0%,DB,2011
255,256,Tracy Wilson,0,0,0,0,0,0,0,0,1,0.0,0.0,0.0%,DB,2011
256,257,Bryan McCann,0,0,0,0,0,0,0,0,1,0.0,0.0,0.0%,DB,2011
257,258,James Dockery,0,0,0,0,0,0,0,0,1,0.0,0.0,0.0%,DB,2011
258,259,Sergio Brown,0,0,0,0,0,0,0,0,1,0.0,0.0,0.0%,DB,2011
259,260,Colt Anderson,0,0,0,0,0,0,0,0,1,0.0,0.0,0.0%,DB,2011
260,261,Rafael Bush,0,0,0,0,0,0,0,0,1,0.0,0.0,0.0%,DB,2011
261,262,M.D. Jennings,0,0,0,0,0,0,0,0,1,0.0,0.0,0.0%,DB,2011
262,263,Isa Abdul-Quddus,0,0,0,0,0,0,0,0,1,0.0,0.0,0.0%,DB,2011
263,264,Winston Venable,0,0,0,0,0,0,0,0,1,0.0,0.0,0.0%,DB,2011
264,265,Darrin Walls,0,0,0,0,0,0,0,0,1,0.0,0.0,0.0%,DB,2011
265,266,Ron Parker,0,0,0,0,0,0,0,0,1,0.0,0.0,0.0%,DB,2011
