,Rank,Player,Tackle,Assist,Sack,Pass Defended,Interception,Forced Fumble,Fumble Recovery,Defend Touchdown,Games Played,Fantasy Football Points,FTPS/Game,ROST,Position,Year
0,1,Charlie Peprah,3,2,0,2,2,0,0,1,1,25.0,25.0,0.0%,DB,2011
1,2,Roman Harper,8,1,1,0,0,1,0,0,1,23.3,23.3,1.0%,DB,2011
2,3,Tramon Williams,5,1,0,2,1,0,0,1,1,22.3,22.3,0.0%,DB,2011
3,4,DeAngelo Hall,6,6,0,0,0,1,0,0,1,20.0,20.0,0.0%,DB,2011
4,5,Chris Harris,8,2,0,1,1,0,0,0,1,20.0,20.0,0.0%,DB,2011
5,6,Champ Bailey,2,0,0,2,2,1,0,0,1,20.0,20.0,0.0%,DB,2011
6,7,Nate Clements,7,0,0,0,0,1,1,0,1,18.5,18.5,0.0%,DB,2011
7,8,Kelvin Hayden,5,1,0,1,1,0,0,0,1,17.3,17.3,0.0%,DB,2011
8,9,Jerraud Powers,3,0,0,1,1,0,0,1,1,17.0,17.0,0.0%,DB,2011
9,10,Kurt Coleman,10,2,0,0,0,0,0,0,1,16.5,16.5,0.0%,DB,2011
10,11,Jordan Babineaux,9,1,0,1,0,0,0,0,1,15.8,15.8,0.0%,DB,2011
11,12,Antoine Bethea,8,3,0,1,0,0,0,0,1,15.8,15.8,28.0%,DB,2011
12,13,Terence Newman,5,0,0,2,1,0,0,0,1,15.5,15.5,0.0%,DB,2011
13,14,Earl Thomas,8,0,0,0,0,0,0,0,1,14.5,14.5,1.1%,DB,2011
14,15,Darian Stewart,2,0,0,3,0,1,0,0,1,14.0,14.0,0.0%,DB,2011
15,16,Patrick Peterson,3,0,0,3,1,0,0,0,1,14.0,14.0,0.9%,DB,2011
16,17,Charles Woodson,6,1,0,0,0,1,0,0,1,13.8,13.8,0.0%,DB,2011
17,18,William Gay,5,1,0,1,0,0,1,0,1,13.8,13.8,0.1%,DB,2011
18,19,LaRon Landry,5,3,0,0,0,0,1,0,1,13.8,13.8,0.0%,DB,2011
19,20,Ronde Barber,3,3,0,1,1,0,0,0,1,13.3,13.3,0.0%,DB,2011
20,21,Jairus Byrd,3,3,0,1,1,0,0,0,1,13.3,13.3,0.0%,DB,2011
21,22,Dashon Goldson,4,1,0,1,1,0,0,0,1,13.3,13.3,0.0%,DB,2011
22,23,Kareem Jackson,5,0,0,2,0,0,0,0,1,13.0,13.0,0.7%,DB,2011
23,24,Orlando Scandrick,7,0,0,0,0,0,0,0,1,13.0,13.0,0.0%,DB,2011
24,25,Richard Marshall,4,0,1,0,0,0,0,0,1,12.5,12.5,0.0%,DB,2011
25,26,Deon Grant,2,2,0,2,1,0,0,0,1,12.5,12.5,0.0%,DB,2011
26,27,Richard Sherman,4,1,0,1,0,1,0,0,1,12.3,12.3,0.1%,DB,2011
27,28,Jabari Greer,5,1,0,1,0,0,0,0,1,12.3,12.3,0.0%,DB,2011
28,29,Major Wright,3,1,0,1,1,0,0,0,1,11.8,11.8,0.0%,DB,2011
29,30,Gerald Sensabaugh,2,1,0,2,1,0,0,0,1,11.8,11.8,0.0%,DB,2011
30,31,Donte Whitner,4,2,0,0,0,0,1,0,1,11.5,11.5,1.0%,DB,2011
31,32,Lardarius Webb,6,0,0,0,0,0,0,0,1,11.5,11.5,0.0%,DB,2011
32,33,Alterraun Verner,6,1,0,1,0,0,0,0,1,11.3,11.3,0.0%,DB,2011
33,34,Quinton Carter,7,1,0,0,0,0,0,0,1,11.3,11.3,0.0%,DB,2011
34,35,Terrence McGee,7,1,0,0,0,0,0,0,1,11.3,11.3,0.0%,DB,2011
35,36,Marcus Gilchrist,7,1,0,0,0,0,0,0,1,11.3,11.3,0.0%,DB,2011
36,37,Reed Doughty,5,5,0,0,0,0,0,0,1,11.3,11.3,0.0%,DB,2011
37,38,Kyle Arrington,2,0,0,2,1,0,0,0,1,11.0,11.0,0.0%,DB,2011
38,39,Tyrone Culver,3,0,1,0,0,0,0,0,1,11.0,11.0,0.0%,DB,2011
39,40,Adrian Wilson,5,1,0,0,0,0,0,0,1,10.8,10.8,0.0%,DB,2011
40,41,Jason McCourty,6,2,0,0,0,0,0,0,1,10.5,10.5,0.0%,DB,2011
41,42,Joe Haden,7,0,0,0,0,0,0,0,1,10.5,10.5,1.0%,DB,2011
42,43,Kenny Phillips,6,2,0,0,0,0,0,0,1,10.5,10.5,0.0%,DB,2011
43,44,Ryan Clark,4,3,0,1,0,0,0,0,1,9.8,9.8,0.0%,DB,2011
44,45,Bernard Pollard,4,3,0,1,0,0,0,0,1,9.8,9.8,0.0%,DB,2011
45,46,Quintin Demps,2,0,0,1,1,0,0,0,1,9.5,9.5,3.0%,DB,2011
46,47,Cortland Finnegan,2,1,0,2,0,0,0,0,1,9.3,9.3,0.0%,DB,2011
47,48,Jim Leonhard,2,1,0,1,0,0,1,0,1,9.3,9.3,0.0%,DB,2011
48,49,Glover Quin,6,0,0,0,0,0,0,0,1,9.0,9.0,0.0%,DB,2011
49,50,A.J. Jefferson,6,0,0,0,0,0,0,0,1,9.0,9.0,0.0%,DB,2011
50,51,Kam Chancellor,5,0,0,1,0,0,0,0,1,9.0,9.0,0.1%,DB,2011
51,52,Antrel Rolle,6,0,0,0,0,0,0,0,1,9.0,9.0,0.0%,DB,2011
52,53,Brandon Flowers,6,0,0,0,0,0,0,0,1,9.0,9.0,0.0%,DB,2011
53,54,Darrelle Revis,3,2,0,2,0,0,0,0,1,9.0,9.0,0.0%,DB,2011
54,55,Aqib Talib,6,0,0,0,0,0,0,0,1,9.0,9.0,0.0%,DB,2011
55,56,Troy Polamalu,4,4,0,0,0,0,0,0,1,9.0,9.0,0.0%,DB,2011
56,57,Quentin Jammer,4,0,0,2,0,0,0,0,1,9.0,9.0,0.0%,DB,2011
57,58,Stanford Routt,3,0,0,1,0,0,0,0,1,8.5,8.5,0.0%,DB,2011
58,59,Antonio Cromartie,1,0,0,2,0,1,0,0,1,8.5,8.5,0.0%,DB,2011
59,60,Patrick Chung,4,1,0,1,0,0,0,0,1,8.3,8.3,0.0%,DB,2011
60,61,Devin McCourty,5,1,0,0,0,0,0,0,1,8.3,8.3,4.4%,DB,2011
61,62,Brian Dawkins,3,3,0,1,0,0,0,0,1,8.3,8.3,0.0%,DB,2011
62,63,Elbert Mack,3,1,0,0,0,0,0,0,1,7.8,7.8,0.0%,DB,2011
63,64,Yeremiah Bell,5,0,0,0,0,0,0,0,1,7.5,7.5,0.0%,DB,2011
64,65,Drayton Florence,4,2,0,0,0,0,0,0,1,7.5,7.5,0.0%,DB,2011
65,66,Johnathan Joseph,4,0,0,1,0,0,0,0,1,7.5,7.5,0.0%,DB,2011
66,67,Sean Smith,4,0,0,1,0,0,0,0,1,7.5,7.5,0.0%,DB,2011
67,68,Keenan Lewis,5,0,0,0,0,0,0,0,1,7.5,7.5,0.0%,DB,2011
68,69,Will Allen,3,0,0,0,0,0,0,0,1,7.0,7.0,0.0%,DB,2011
69,70,Roy Lewis,1,2,0,0,0,0,1,0,1,7.0,7.0,0.0%,DB,2011
70,71,Kyle Wilson,4,1,0,0,0,0,0,0,1,6.8,6.8,0.0%,DB,2011
71,72,Tanard Jackson,4,1,0,0,0,0,0,0,1,6.8,6.8,0.0%,DB,2011
72,73,Ike Taylor,2,2,0,1,0,0,0,0,1,6.0,6.0,0.0%,DB,2011
73,74,Kendrick Lewis,3,0,0,1,0,0,0,0,1,6.0,6.0,0.0%,DB,2011
74,75,Cary Williams,2,0,0,2,0,0,0,0,1,6.0,6.0,0.0%,DB,2011
75,76,T.J. Ward,3,2,0,0,0,0,0,0,1,6.0,6.0,0.1%,DB,2011
76,77,Sam Shields,3,0,0,1,0,0,0,0,1,6.0,6.0,6.0%,DB,2011
77,78,Asante Samuel,2,0,0,2,0,0,0,0,1,6.0,6.0,0.0%,DB,2011
78,79,Ed Reed,4,0,0,0,0,0,0,0,1,6.0,6.0,0.0%,DB,2011
79,80,George Wilson,3,2,0,0,0,0,0,0,1,6.0,6.0,0.0%,DB,2011
80,81,Dunta Robinson,3,2,0,0,0,0,0,0,1,6.0,6.0,0.0%,DB,2011
81,82,Leigh Torrence,3,2,0,0,0,0,0,0,1,6.0,6.0,0.0%,DB,2011
82,83,Justin King,3,2,0,0,0,0,0,0,1,6.0,6.0,0.0%,DB,2011
83,84,Chris Conte,4,0,0,0,0,0,0,0,1,6.0,6.0,0.0%,DB,2011
84,85,Tim Jennings,3,0,0,1,0,0,0,0,1,6.0,6.0,0.0%,DB,2011
85,86,David Bruton,2,0,0,0,0,0,0,0,1,5.5,5.5,0.0%,DB,2011
86,87,Michael Griffin,3,1,0,0,0,0,0,0,1,5.3,5.3,5.0%,DB,2011
87,88,Donald Strickland,3,1,0,0,0,0,0,0,1,5.3,5.3,0.0%,DB,2011
88,89,D.J. Moore,3,1,0,0,0,0,0,0,1,5.3,5.3,0.0%,DB,2011
89,90,Josh Wilson,2,3,0,0,0,0,0,0,1,5.3,5.3,0.0%,DB,2011
90,91,Brandon Carr,3,1,0,0,0,0,0,0,1,5.3,5.3,0.0%,DB,2011
91,92,Reggie Nelson,3,1,0,0,0,0,0,0,1,5.3,5.3,0.0%,DB,2011
92,93,Michael Huff,3,1,0,0,0,0,0,0,1,5.3,5.3,0.0%,DB,2011
93,94,Alan Ball,3,1,0,0,0,0,0,0,1,5.3,5.3,0.0%,DB,2011
94,95,Usama Young,2,2,0,0,0,0,0,0,1,4.5,4.5,0.0%,DB,2011
95,96,Tarell Brown,3,0,0,0,0,0,0,0,1,4.5,4.5,0.0%,DB,2011
96,97,Eric Smith,3,0,0,0,0,0,0,0,1,4.5,4.5,0.0%,DB,2011
97,98,Matt Giordano,3,0,0,0,0,0,0,0,1,4.5,4.5,0.0%,DB,2011
98,99,Michael Adams,2,2,0,0,0,0,0,0,1,4.5,4.5,0.0%,DB,2011
99,100,Charles Tillman,2,0,0,1,0,0,0,0,1,4.5,4.5,0.1%,DB,2011
100,101,Craig Dahl,3,0,0,0,0,0,0,0,1,4.5,4.5,0.0%,DB,2011
101,102,Quintin Mikell,2,0,0,1,0,0,0,0,1,4.5,4.5,0.0%,DB,2011
102,103,Steve Gregory,3,0,0,0,0,0,0,0,1,4.5,4.5,0.0%,DB,2011
103,104,Al Harris,2,0,0,1,0,0,0,0,1,4.5,4.5,0.0%,DB,2011
104,105,Jaiquawn Jarrett,3,0,0,0,0,0,0,0,1,4.5,4.5,0.0%,DB,2011
105,106,Rashad Johnson,2,2,0,0,0,0,0,0,1,4.5,4.5,0.0%,DB,2011
106,107,E.J. Biggers,3,0,0,0,0,0,0,0,1,4.5,4.5,0.0%,DB,2011
107,108,Morgan Burnett,2,0,0,1,0,0,0,0,1,4.5,4.5,0.0%,DB,2011
108,109,Chris Culliver,2,0,0,1,0,0,0,0,1,4.5,4.5,0.0%,DB,2011
109,110,Patrick Robinson,2,2,0,0,0,0,0,0,1,4.5,4.5,0.0%,DB,2011
110,111,Nolan Carroll,3,0,0,0,0,0,0,0,1,4.5,4.5,0.0%,DB,2011
111,112,Nnamdi Asomugha,1,0,0,0,0,0,0,0,1,4.0,4.0,0.0%,DB,2011
112,113,Thomas DeCoud,2,1,0,0,0,0,0,0,1,3.8,3.8,0.0%,DB,2011
113,114,Sean Jones,2,1,0,0,0,0,0,0,1,3.8,3.8,0.0%,DB,2011
114,115,Aaron Ross,2,1,0,0,0,0,0,0,1,3.8,3.8,0.0%,DB,2011
115,116,Brodney Pool,2,1,0,0,0,0,0,0,1,3.8,3.8,0.0%,DB,2011
116,117,Mike Adams,1,1,0,1,0,0,0,0,1,3.8,3.8,0.4%,DB,2011
117,118,Malcolm Jenkins,2,1,0,0,0,0,0,0,1,3.8,3.8,15.0%,DB,2011
118,119,Corey Webster,1,1,0,1,0,0,0,0,1,3.8,3.8,0.0%,DB,2011
119,120,Chris Carr,2,0,0,0,0,0,0,0,1,3.0,3.0,0.0%,DB,2011
120,121,David Caldwell,1,2,0,0,0,0,0,0,1,3.0,3.0,0.0%,DB,2011
121,122,Cortez Allen,2,0,0,0,0,0,0,0,1,3.0,3.0,0.0%,DB,2011
122,123,Barry Church,2,0,0,0,0,0,0,0,1,3.0,3.0,2.0%,DB,2011
123,124,Jimmy Wilson,1,0,0,1,0,0,0,0,1,3.0,3.0,0.0%,DB,2011
124,125,Brandon Browner,1,0,0,1,0,0,0,0,1,3.0,3.0,0.0%,DB,2011
125,126,Antoine Cason,2,0,0,0,0,0,0,0,1,3.0,3.0,0.0%,DB,2011
126,127,Dominique Rodgers-Cromartie,2,0,0,0,0,0,0,0,1,3.0,3.0,0.0%,DB,2011
127,128,Reshad Jones,2,0,0,0,0,0,0,0,1,3.0,3.0,0.0%,DB,2011
128,129,Leon Hall,2,0,0,0,0,0,0,0,1,3.0,3.0,0.0%,DB,2011
129,130,Abram Elam,1,2,0,0,0,0,0,0,1,3.0,3.0,0.0%,DB,2011
130,131,Andre' Goodman,1,0,0,1,0,0,0,0,1,3.0,3.0,0.0%,DB,2011
131,132,Troy Nolan,1,1,0,0,0,0,0,0,1,2.3,2.3,0.0%,DB,2011
132,133,Chris Crocker,1,1,0,0,0,0,0,0,1,2.3,2.3,0.0%,DB,2011
133,134,Eric Weddle,1,1,0,0,0,0,0,0,1,2.3,2.3,11.0%,DB,2011
134,135,Frank Walker,1,1,0,0,0,0,0,0,1,2.3,2.3,0.0%,DB,2011
135,136,Buster Skrine,1,1,0,0,0,0,0,0,1,2.3,2.3,0.0%,DB,2011
136,137,Nate Allen,1,1,0,0,0,0,0,0,1,2.3,2.3,0.0%,DB,2011
137,138,Josh Barrett,1,1,0,0,0,0,0,0,1,2.3,2.3,0.0%,DB,2011
138,139,Kelly Jennings,1,0,0,0,0,0,0,0,1,1.5,1.5,0.0%,DB,2011
139,140,James Sanders,1,0,0,0,0,0,0,0,1,1.5,1.5,0.0%,DB,2011
140,141,William Moore,1,0,0,0,0,0,0,0,1,1.5,1.5,0.0%,DB,2011
141,142,Kevin Barnes,0,0,0,1,0,0,0,0,1,1.5,1.5,0.0%,DB,2011
142,143,Sabby Piscitelli,1,0,0,0,0,0,0,0,1,1.5,1.5,0.0%,DB,2011
143,144,Donald Washington,0,0,0,1,0,0,0,0,1,1.5,1.5,0.0%,DB,2011
144,145,Tracy Porter,0,0,0,1,0,0,0,0,1,1.5,1.5,0.0%,DB,2011
145,146,Phillip Adams,1,0,0,0,0,0,0,0,1,1.5,1.5,0.0%,DB,2011
146,147,Paul Oliver,1,0,0,0,0,0,0,0,1,1.5,1.5,0.0%,DB,2011
147,148,Brent Grimes,1,0,0,0,0,0,0,0,1,1.5,1.5,0.0%,DB,2011
148,149,Josh Gordy,0,0,0,1,0,0,0,0,1,1.5,1.5,0.0%,DB,2011
149,150,Jonathan Wilhite,1,0,0,0,0,0,0,0,1,1.5,1.5,0.0%,DB,2011
150,151,Lito Sheppard,1,0,0,0,0,0,0,0,1,1.5,1.5,0.0%,DB,2011
151,152,Leodis McKelvin,0,1,0,0,0,0,0,0,1,0.8,0.8,0.0%,DB,2011
152,153,Carlos Rogers,0,1,0,0,0,0,0,0,1,0.8,0.8,0.0%,DB,2011
153,154,Gibril Wilson,0,1,0,0,0,0,0,0,1,0.8,0.8,0.0%,DB,2011
154,155,Taylor Mays,0,1,0,0,0,0,0,0,1,0.8,0.8,0.0%,DB,2011
155,156,Joe Young,0,1,0,0,0,0,0,0,1,0.8,0.8,0.0%,DB,2011
156,157,Derrick Martin,0,0,0,0,0,0,0,0,1,0.0,0.0,0.0%,DB,2011
157,158,Kevin Thomas,4,1,0,1,0,0,0,0,1,0.0,0.0,0.0%,DB,2011
158,159,Chris Hawkins,0,0,0,0,0,0,0,0,1,0.0,0.0,0.0%,DB,2011
159,160,Brandon Hughes,0,0,0,0,0,0,0,0,1,0.0,0.0,0.0%,DB,2011
160,161,Chris Maragos,0,0,0,0,0,0,0,0,1,0.0,0.0,0.0%,DB,2011
161,162,Danny Gorrer,0,0,0,0,0,0,0,0,1,0.0,0.0,0.0%,DB,2011
162,163,Anthony Smith,0,0,0,0,0,0,0,0,1,0.0,0.0,0.0%,DB,2011
163,164,Jason Allen,0,0,0,0,0,0,0,0,1,0.0,0.0,0.0%,DB,2011
164,165,Jarrett Bush,0,0,0,0,0,0,0,0,1,0.0,0.0,0.0%,DB,2011
165,166,Dante Hughes,1,1,0,0,0,0,0,0,1,0.0,0.0,0.0%,DB,2011
166,167,Brandon Meriweather,0,0,0,0,0,0,0,0,1,0.0,0.0,0.0%,DB,2011
167,168,Bryant McFadden,0,0,0,0,0,0,0,0,1,0.0,0.0,0.0%,DB,2011
168,169,Sean Considine,0,0,0,0,0,0,0,0,1,0.0,0.0,0.0%,DB,2011
169,170,Atari Bigby,0,0,0,0,0,0,0,0,1,0.0,0.0,0.0%,DB,2011
170,171,Travis Daniels,1,0,0,0,0,0,0,0,1,0.0,0.0,0.0%,DB,2011
171,172,Hamza Abdullah,0,0,0,0,0,0,0,0,1,0.0,0.0,0.0%,DB,2011
172,173,Zackary Bowman,0,0,0,0,0,0,0,0,1,0.0,0.0,0.0%,DB,2011
173,174,Corey Lynch,0,0,0,0,0,0,0,0,1,0.0,0.0,0.0%,DB,2011
174,175,Ryan Mundy,0,0,0,0,0,0,0,0,1,0.0,0.0,0.0%,DB,2011
175,176,Haruki Nakamura,0,0,0,0,0,0,0,0,1,0.0,0.0,0.0%,DB,2011
176,177,James Ihedigbo,4,0,0,0,0,0,0,0,1,0.0,0.0,4.0%,DB,2011
177,178,Mike Mitchell,0,0,0,0,0,0,0,0,1,0.0,0.0,0.0%,DB,2011
178,179,Craig Steltz,0,0,0,0,0,0,0,0,1,0.0,0.0,0.0%,DB,2011
179,180,Corey Graham,0,0,0,0,0,0,0,0,1,0.0,0.0,0.0%,DB,2011
180,181,Tyvon Branch,5,1,0,0,0,0,0,0,1,0.0,0.0,0.0%,DB,2011
181,182,Reggie Smith,0,0,0,0,0,0,0,0,1,0.0,0.0,0.0%,DB,2011
182,183,Pat Lee,0,0,0,0,0,0,0,0,1,0.0,0.0,0.0%,DB,2011
183,184,Tom Zbikowski,0,0,0,0,0,0,0,0,1,0.0,0.0,0.0%,DB,2011
184,185,Shiloh Keo,0,0,0,0,0,0,0,0,1,0.0,0.0,0.0%,DB,2011
185,186,DeJon Gomes,0,0,0,0,0,0,0,0,1,0.0,0.0,0.0%,DB,2011
186,187,Byron Maxwell,0,0,0,0,0,0,0,0,1,0.0,0.0,0.0%,DB,2011
187,188,Charles Clay,0,0,0,0,0,0,0,0,1,0.0,0.0,0.0%,DB,2011
188,189,Colin Jones,0,0,0,0,0,0,0,0,1,0.0,0.0,5.0%,DB,2011
189,190,Tyler Sash,0,0,0,0,0,0,0,0,1,0.0,0.0,0.0%,DB,2011
190,191,Justin Rogers,0,0,0,0,0,0,0,0,1,0.0,0.0,0.0%,DB,2011
191,192,Jalil Brown,0,0,0,0,0,0,0,0,1,0.0,0.0,0.0%,DB,2011
192,193,Jimmy Smith,0,0,0,0,0,0,0,0,1,0.0,0.0,0.0%,DB,2011
193,194,Rahim Moore,0,0,0,0,0,0,0,0,1,0.0,0.0,0.0%,DB,2011
194,195,DeMarcus Van,0,0,0,0,0,0,0,0,1,0.0,0.0,0.0%,DB,2011
195,196,Shareece Wright,0,0,0,0,0,0,0,0,1,0.0,0.0,0.0%,DB,2011
196,197,Curtis Brown,0,0,0,0,0,0,0,0,1,0.0,0.0,0.0%,DB,2011
197,198,Da'Norris Searcy,0,0,0,0,0,0,0,0,1,0.0,0.0,0.0%,DB,2011
198,199,Joselio Hanson,0,0,0,0,0,0,0,0,1,0.0,0.0,0.0%,DB,2011
199,200,Sheldon Brown,3,0,0,0,0,0,0,0,1,0.0,0.0,0.0%,DB,2011
200,201,Madieu Williams,0,0,0,0,0,0,0,0,1,0.0,0.0,0.0%,DB,2011
201,202,Will Allen,0,0,0,0,0,0,0,0,1,0.0,0.0,0.0%,DB,2011
202,203,Anthony Gaitor,0,0,0,0,0,0,0,0,1,0.0,0.0,0.0%,DB,2011
203,204,Eric Hagg,0,0,0,0,0,0,0,0,1,0.0,0.0,0.0%,DB,2011
204,205,Tommie Campbell,0,0,0,0,0,0,0,0,1,0.0,0.0,0.0%,DB,2011
205,206,Tramaine Brock,0,0,0,0,0,0,0,0,1,0.0,0.0,0.0%,DB,2011
206,207,Jonathon Amaya,0,0,0,0,0,0,0,0,1,0.0,0.0,0.0%,DB,2011
207,208,Michael Coe,1,0,0,1,0,0,0,0,1,0.0,0.0,0.0%,DB,2011
208,209,Ellis Lankster,0,0,0,0,0,0,0,0,1,0.0,0.0,0.0%,DB,2011
209,210,Kennard Cox,0,0,0,0,0,0,0,0,1,0.0,0.0,0.0%,DB,2011
210,211,C.J. Spillman,0,0,0,0,0,0,0,0,1,0.0,0.0,0.0%,DB,2011
211,212,Jacob Lacey,0,0,0,0,0,0,0,0,1,0.0,0.0,0.0%,DB,2011
212,213,Byron Westbrook,0,0,0,0,0,0,0,0,1,0.0,0.0,0.0%,DB,2011
213,214,Marquice Cole,0,0,0,0,0,0,0,0,1,0.0,0.0,0.0%,DB,2011
214,215,Dominique Franks,0,0,0,0,0,0,0,0,1,0.0,0.0,0.0%,DB,2011
215,216,Larry Asante,0,0,0,0,0,0,0,0,1,0.0,0.0,0.0%,DB,2011
216,217,Darrell Stuckey,0,0,0,0,0,0,0,0,1,0.0,0.0,3.0%,DB,2011
217,218,Christopher Owens,0,0,0,0,0,0,0,0,1,0.0,0.0,0.0%,DB,2011
218,219,Chris Clemons,0,0,0,0,0,0,0,0,1,0.0,0.0,0.0%,DB,2011
219,220,Brice McCain,0,0,0,0,0,0,0,0,1,0.0,0.0,0.0%,DB,2011
220,221,James Dockery,0,0,0,0,0,0,0,0,1,0.0,0.0,0.0%,DB,2011
221,222,M.D. Jennings,0,0,0,0,0,0,0,0,1,0.0,0.0,0.0%,DB,2011
222,223,Isa Abdul-Quddus,0,0,0,0,0,0,0,0,1,0.0,0.0,0.0%,DB,2011
223,224,Colt Anderson,0,0,0,0,0,0,0,0,1,0.0,0.0,0.0%,DB,2011
224,225,Anthony Walters,0,0,0,0,0,0,0,0,1,0.0,0.0,0.0%,DB,2011
225,226,Jeromy Miles,0,0,0,0,0,0,0,0,1,0.0,0.0,0.0%,DB,2011
226,227,Sergio Brown,0,0,0,0,0,0,0,0,1,0.0,0.0,0.0%,DB,2011
227,228,Shann Schillinger,0,0,0,0,0,0,0,0,1,0.0,0.0,0.0%,DB,2011
228,229,Stevie Brown,0,0,0,0,0,0,0,0,1,0.0,0.0,0.0%,DB,2011
229,230,Sherrick McManis,0,0,0,0,0,0,0,0,1,0.0,0.0,0.0%,DB,2011
230,231,Danny McCray,0,0,0,0,0,0,0,0,1,0.0,0.0,0.0%,DB,2011
