,Rank,Player,Tackle,Assist,Sack,Pass Defended,Interception,Forced Fumble,Fumble Recovery,Defend Touchdown,Games Played,Fantasy Football Points,FTPS/Game,ROST,Position,Year
0,1,Calais Campbell,4,3,1.0,2,0,1,0,0,1,21.8,21.8,3.1%,DL,2011
1,2,J.J. Watt,5,0,1.0,3,0,0,0,0,1,21.0,21.0,4.2%,DL,2011
2,3,Jason Pierre-Paul,4,1,2.0,0,0,0,0,0,1,19.8,19.8,0.0%,DL,2011
3,4,Spencer Johnson,5,1,0.0,0,0,0,1,1,1,18.3,18.3,0.0%,DL,2011
4,5,Jonathan Fanene,2,0,2.0,0,0,0,0,0,1,16.0,16.0,0.0%,DL,2011
5,6,Justin Tuck,4,0,1.0,2,0,0,0,0,1,15.5,15.5,0.0%,DL,2011
6,7,Ahtyba Rubin,5,2,1.0,0,0,0,0,0,1,15.5,15.5,0.0%,DL,2011
7,8,Muhammad Wilkerson,3,2,1.0,0,0,0,0,0,1,15.0,15.0,0.0%,DL,2011
8,9,Brian Robison,1,2,1.0,0,0,1,1,0,1,15.0,15.0,0.0%,DL,2011
9,10,Leger Douzable,5,0,1.0,0,0,0,0,0,1,14.0,14.0,0.0%,DL,2011
10,11,Ray McDonald,3,4,1.0,0,0,0,0,0,1,14.0,14.0,0.0%,DL,2011
11,12,Anthony Spencer,6,0,0.0,0,0,0,0,0,1,14.0,14.0,0.0%,DL,2011
12,13,Ziggy Hood,5,0,1.0,0,0,0,0,0,1,14.0,14.0,0.0%,DL,2011
13,14,Cam Thomas,2,2,1.0,0,0,0,0,0,1,13.5,13.5,0.0%,DL,2011
14,15,Andre Neblett,2,0,1.0,0,0,0,1,0,1,13.5,13.5,0.0%,DL,2011
15,16,Rob Ninkovich,2,3,1.0,0,0,1,0,0,1,13.3,13.3,0.0%,DL,2011
16,17,Jamaal Anderson,2,1,1.0,0,0,0,0,0,1,12.8,12.8,0.0%,DL,2011
17,18,Cliff Avril,0,0,0.0,1,1,0,0,1,1,12.5,12.5,0.1%,DL,2011
18,19,Fili Moala,2,0,1.0,0,0,0,0,0,1,12.0,12.0,0.0%,DL,2011
19,20,Kevin Williams,2,3,1.0,0,0,0,0,0,1,11.8,11.8,0.1%,DL,2011
20,21,Alan Branch,3,1,1.0,0,0,0,0,0,1,11.8,11.8,0.0%,DL,2011
21,22,Vince Wilfork,1,3,1.0,0,0,0,1,0,1,11.8,11.8,0.0%,DL,2011
22,23,Aldon Smith,3,1,1.0,0,0,0,0,0,1,11.8,11.8,0.0%,DL,2011
23,24,Chris Clemons,4,2,0.0,1,0,0,0,0,1,11.5,11.5,0.0%,DL,2011
24,25,Chris Canty,3,0,1.0,0,0,0,0,0,1,11.0,11.0,0.0%,DL,2011
25,26,Domata Peko,1,4,1.0,0,0,0,0,0,1,11.0,11.0,0.0%,DL,2011
26,27,Connor Barwin,2,1,1.0,0,0,0,0,0,1,10.3,10.3,0.0%,DL,2011
27,28,Vaughn Martin,2,1,1.0,0,0,0,0,0,1,10.3,10.3,0.0%,DL,2011
28,29,Brooks Reed,3,0,0.0,1,0,0,1,0,1,10.0,10.0,0.0%,DL,2011
29,30,C.J. Wilson,4,2,0.0,0,0,0,0,0,1,10.0,10.0,0.0%,DL,2011
30,31,Dave Tollefson,1,0,1.0,1,0,0,0,0,1,9.5,9.5,0.0%,DL,2011
31,32,Shaun Ellis,1,2,1.0,0,0,0,0,0,1,9.5,9.5,0.0%,DL,2011
32,33,Brandon Deaderick,2,0,1.0,0,0,0,0,0,1,9.5,9.5,0.0%,DL,2011
33,34,Brandon Mebane,5,2,0.0,0,0,0,0,0,1,9.0,9.0,0.0%,DL,2011
34,35,Darnell Dockett,5,2,0.0,0,0,0,0,0,1,9.0,9.0,0.0%,DL,2011
35,36,Randy Starks,1,1,1.0,0,0,0,0,0,1,8.8,8.8,0.0%,DL,2011
36,37,Karl Klug,1,0,1.0,0,0,0,0,0,1,8.0,8.0,0.0%,DL,2011
37,38,Juqua Parker,1,0,1.0,0,0,0,0,0,1,8.0,8.0,0.0%,DL,2011
38,39,Carlos Dunlap,1,0,1.0,0,0,0,0,0,1,8.0,8.0,3.0%,DL,2011
39,40,Derek Landri,1,0,1.0,0,0,0,0,0,1,8.0,8.0,0.0%,DL,2011
40,41,Jeremy Mincey,0,2,0.0,1,1,0,0,0,1,8.0,8.0,0.0%,DL,2011
41,42,Michael Bennett,1,0,1.0,0,0,0,0,0,1,8.0,8.0,0.0%,DL,2011
42,43,Adam Carriker,3,2,0.5,0,0,0,0,0,1,8.0,8.0,0.0%,DL,2011
43,44,Vance Walker,1,0,1.0,0,0,0,0,0,1,8.0,8.0,0.0%,DL,2011
44,45,Michael Johnson,2,3,0.0,0,0,0,0,0,1,7.8,7.8,0.0%,DL,2011
45,46,Kenyon Coleman,3,1,0.0,0,0,0,0,0,1,7.8,7.8,0.0%,DL,2011
46,47,Marcell Dareus,3,1,0.0,0,0,0,0,0,1,7.8,7.8,0.0%,DL,2011
47,48,Tyson Jackson,5,0,0.0,0,0,0,0,0,1,7.5,7.5,0.0%,DL,2011
48,49,Greg Hardy,3,0,0.0,0,0,0,0,0,1,7.0,7.0,0.0%,DL,2011
49,50,Mike Patterson,2,2,0.0,0,0,0,0,0,1,7.0,7.0,0.0%,DL,2011
50,51,Kamerion Wimbley,4,1,0.0,0,0,0,0,0,1,6.8,6.8,0.0%,DL,2011
51,52,Phil Taylor,4,1,0.0,0,0,0,0,0,1,6.8,6.8,0.0%,DL,2011
52,53,Isaac Sopoaga,2,5,0.0,0,0,0,0,0,1,6.8,6.8,0.0%,DL,2011
53,54,Linval Joseph,3,1,0.0,1,0,0,0,0,1,6.8,6.8,0.0%,DL,2011
54,55,Marcus Spears,2,1,0.0,0,0,0,0,0,1,6.3,6.3,0.0%,DL,2011
55,56,Kyle Love,1,3,0.0,0,0,0,0,0,1,6.3,6.3,0.0%,DL,2011
56,57,C.J. Mosley,1,1,0.0,0,0,1,0,0,1,6.3,6.3,0.0%,DL,2011
57,58,Brian Schaefering,2,1,0.0,0,0,0,0,0,1,6.3,6.3,0.0%,DL,2011
58,59,Jurrell Casey,2,0,0.0,0,0,0,0,0,1,5.5,5.5,0.1%,DL,2011
59,60,Ryan Kerrigan,2,0,0.0,0,0,0,0,0,1,5.5,5.5,0.0%,DL,2011
60,61,Mathias Kiwanuka,2,0,0.0,0,0,0,0,0,1,5.5,5.5,0.0%,DL,2011
61,62,Justin Smith,2,3,0.0,0,0,0,0,0,1,5.3,5.3,0.0%,DL,2011
62,63,Brett Keisel,2,1,0.0,1,0,0,0,0,1,5.3,5.3,0.0%,DL,2011
63,64,Kroy Biermann,3,1,0.0,0,0,0,0,0,1,5.3,5.3,0.0%,DL,2011
64,65,Sione Po'uha,3,1,0.0,0,0,0,0,0,1,5.3,5.3,0.0%,DL,2011
65,66,Tim Jamison,2,2,0.0,0,0,0,0,0,1,4.5,4.5,0.0%,DL,2011
66,67,Adrian Clayborn,2,2,0.0,0,0,0,0,0,1,4.5,4.5,0.0%,DL,2011
67,68,Haloti Ngata,2,2,0.0,0,0,0,0,0,1,4.5,4.5,0.0%,DL,2011
68,69,Mike Devito,2,2,0.0,0,0,0,0,0,1,4.5,4.5,0.0%,DL,2011
69,70,Justin Houston,2,0,0.0,1,0,0,0,0,1,4.5,4.5,0.0%,DL,2011
70,71,Terrence Cody,2,2,0.0,0,0,0,0,0,1,4.5,4.5,0.0%,DL,2011
71,72,Stephen Bowen,3,0,0.0,0,0,0,0,0,1,4.5,4.5,0.0%,DL,2011
72,73,Cameron Heyward,3,0,0.0,0,0,0,0,0,1,4.5,4.5,23.1%,DL,2011
73,74,Frank Kearse,1,1,0.5,0,0,0,0,0,1,4.3,4.3,0.0%,DL,2011
74,75,Howard Green,1,0,0.0,0,0,0,0,0,1,4.0,4.0,0.0%,DL,2011
75,76,Antonio Smith,1,0,0.0,0,0,0,0,0,1,4.0,4.0,0.0%,DL,2011
76,77,Darryl Tapp,1,0,0.0,0,0,0,0,0,1,4.0,4.0,0.0%,DL,2011
77,78,Sen'Derrick Marks,1,0,0.0,0,0,0,0,0,1,4.0,4.0,0.0%,DL,2011
78,79,Marcus Thomas,2,1,0.0,0,0,0,0,0,1,3.8,3.8,0.0%,DL,2011
79,80,Stephen Paea,1,3,0.0,0,0,0,0,0,1,3.8,3.8,0.0%,DL,2011
80,81,Sean Lissemore,1,3,0.0,0,0,0,0,0,1,3.8,3.8,0.0%,DL,2011
81,82,Brodrick Bunkley,2,1,0.0,0,0,0,0,0,1,3.8,3.8,0.0%,DL,2011
82,83,Antonio Garay,2,0,0.0,0,0,0,0,0,1,3.0,3.0,0.0%,DL,2011
83,84,Ndamukong Suh,2,0,0.0,0,0,0,0,0,1,3.0,3.0,0.0%,DL,2011
84,85,Will Smith,1,2,0.0,0,0,0,0,0,1,3.0,3.0,0.0%,DL,2011
85,86,Da'Quan Bowers,2,0,0.0,0,0,0,0,0,1,3.0,3.0,0.0%,DL,2011
86,87,Scott Paxson,2,0,0.0,0,0,0,0,0,1,3.0,3.0,0.0%,DL,2011
87,88,Jay Ratliff,1,0,0.0,1,0,0,0,0,1,3.0,3.0,0.0%,DL,2011
88,89,Jovan Haye,2,0,0.0,0,0,0,0,0,1,3.0,3.0,0.0%,DL,2011
89,90,Jason Hunter,1,0,0.0,1,0,0,0,0,1,3.0,3.0,0.0%,DL,2011
90,91,Cullen Jenkins,2,0,0.0,0,0,0,0,0,1,3.0,3.0,0.0%,DL,2011
91,92,Tommy Kelly,2,0,0.0,0,0,0,0,0,1,3.0,3.0,0.0%,DL,2011
92,93,Brandon McKinney,2,0,0.0,0,0,0,0,0,1,3.0,3.0,0.0%,DL,2011
93,94,Earl Mitchell,0,4,0.0,0,0,0,0,0,1,3.0,3.0,0.0%,DL,2011
94,95,Red Bryant,2,0,0.0,0,0,0,0,0,1,3.0,3.0,0.0%,DL,2011
95,96,Geno Atkins,0,4,0.0,0,0,0,0,0,1,3.0,3.0,0.0%,DL,2011
96,97,Glenn Dorsey,2,0,0.0,0,0,0,0,0,1,3.0,3.0,0.0%,DL,2011
97,98,Auston English,2,0,0.0,0,0,0,0,0,1,3.0,3.0,0.0%,DL,2011
98,99,Henry Melton,1,2,0.0,0,0,0,0,0,1,3.0,3.0,0.0%,DL,2011
99,100,Paul Soliai,2,0,0.0,0,0,0,0,0,1,3.0,3.0,0.0%,DL,2011
100,101,Frank Okam,2,0,0.0,0,0,0,0,0,1,3.0,3.0,0.0%,DL,2011
101,102,Letroy Guion,2,0,0.0,0,0,0,0,0,1,3.0,3.0,0.0%,DL,2011
102,103,Cameron Jordan,0,2,0.0,1,0,0,0,0,1,3.0,3.0,6.1%,DL,2011
103,104,Jason Shirley,0,1,0.5,0,0,0,0,0,1,2.8,2.8,0.0%,DL,2011
104,105,Barry Cofield,0,1,0.5,0,0,0,0,0,1,2.8,2.8,0.0%,DL,2011
105,106,Tim Bulman,0,3,0.0,0,0,0,0,0,1,2.3,2.3,0.0%,DL,2011
106,107,Casey Hampton,1,1,0.0,0,0,0,0,0,1,2.3,2.3,0.0%,DL,2011
107,108,Terrance Knighton,1,1,0.0,0,0,0,0,0,1,2.3,2.3,0.0%,DL,2011
108,109,Sedrick Ellis,0,3,0.0,0,0,0,0,0,1,2.3,2.3,0.0%,DL,2011
109,110,Nick Eason,1,1,0.0,0,0,0,0,0,1,2.3,2.3,0.0%,DL,2011
110,111,Dwan Edwards,1,1,0.0,0,0,0,0,0,1,2.3,2.3,0.0%,DL,2011
111,112,Chris Long,1,1,0.0,0,0,0,0,0,1,2.3,2.3,0.0%,DL,2011
112,113,Corey Liuget,1,1,0.0,0,0,0,0,0,1,2.3,2.3,0.0%,DL,2011
113,114,Raheem Brock,0,3,0.0,0,0,0,0,0,1,2.3,2.3,0.0%,DL,2011
114,115,Justin Bannan,1,1,0.0,0,0,0,0,0,1,2.3,2.3,0.0%,DL,2011
115,116,Kyle Moore,1,0,0.0,0,0,0,0,0,1,1.5,1.5,0.0%,DL,2011
116,117,Marcus Dixon,0,0,0.0,1,0,0,0,0,1,1.5,1.5,0.0%,DL,2011
117,118,Desmond Bryant,1,0,0.0,0,0,0,0,0,1,1.5,1.5,0.0%,DL,2011
118,119,Shaun Cody,1,0,0.0,0,0,0,0,0,1,1.5,1.5,0.0%,DL,2011
119,120,Ricardo Mathews,1,0,0.0,0,0,0,0,0,1,1.5,1.5,0.0%,DL,2011
120,121,Brian Sanford,1,0,0.0,0,0,0,0,0,1,1.5,1.5,0.0%,DL,2011
121,122,Arthur Jones,1,0,0.0,0,0,0,0,0,1,1.5,1.5,0.0%,DL,2011
122,123,Antonio Johnson,1,0,0.0,0,0,0,0,0,1,1.5,1.5,0.0%,DL,2011
123,124,Ray Edwards,0,2,0.0,0,0,0,0,0,1,1.5,1.5,0.0%,DL,2011
124,125,Ryan McBean,1,0,0.0,0,0,0,0,0,1,1.5,1.5,0.0%,DL,2011
125,126,Jarius Wynn,1,0,0.0,0,0,0,0,0,1,1.5,1.5,0.0%,DL,2011
126,127,Jared Odrick,1,0,0.0,0,0,0,0,0,1,1.5,1.5,0.0%,DL,2011
127,128,Darrion Scott,1,0,0.0,0,0,0,0,0,1,1.5,1.5,0.0%,DL,2011
128,129,Corey Peters,1,0,0.0,0,0,0,0,0,1,1.5,1.5,2.0%,DL,2011
129,130,Gary Gibson,1,0,0.0,0,0,0,0,0,1,1.5,1.5,0.0%,DL,2011
130,131,Everson Griffen,0,0,0.0,1,0,0,0,0,1,1.5,1.5,2.0%,DL,2011
131,132,Amobi Okoye,1,0,0.0,0,0,0,0,0,1,1.5,1.5,0.0%,DL,2011
132,133,Peria Jerry,1,0,0.0,0,0,0,0,0,1,1.5,1.5,0.0%,DL,2011
133,134,Eugene Sims,1,0,0.0,0,0,0,0,0,1,1.5,1.5,0.0%,DL,2011
134,135,Rocky Bernard,0,0,0.0,1,0,0,0,0,1,1.5,1.5,0.0%,DL,2011
135,136,Robert Geathers,0,0,0.0,1,0,0,0,0,1,1.5,1.5,0.0%,DL,2011
136,137,Shaun Rogers,0,2,0.0,0,0,0,0,0,1,1.5,1.5,0.0%,DL,2011
137,138,David Carter,0,2,0.0,0,0,0,0,0,1,1.5,1.5,0.0%,DL,2011
138,139,Gerard Warren,1,0,0.0,0,0,0,0,0,1,1.5,1.5,0.0%,DL,2011
139,140,Dave Ball,0,0,0.0,1,0,0,0,0,1,1.5,1.5,0.0%,DL,2011
140,141,Corey Williams,1,0,0.0,0,0,0,0,0,1,1.5,1.5,0.0%,DL,2011
141,142,Allen Bailey,1,0,0.0,0,0,0,0,0,1,1.5,1.5,0.0%,DL,2011
142,143,Nick Fairley,1,0,0.0,0,0,0,0,0,1,1.5,1.5,0.0%,DL,2011
143,144,Israel Idonije,1,0,0.0,0,0,0,0,0,1,1.5,1.5,0.0%,DL,2011
144,145,Kyle Vanden,1,0,0.0,0,0,0,0,0,1,1.5,1.5,0.0%,DL,2011
145,146,Fred Robbins,0,1,0.0,0,0,0,0,0,1,0.8,0.8,0.0%,DL,2011
146,147,Kellen Heard,0,1,0.0,0,0,0,0,0,1,0.8,0.8,0.0%,DL,2011
147,148,Lawrence Jackson,0,1,0.0,0,0,0,0,0,1,0.8,0.8,0.0%,DL,2011
148,149,Kendall Langford,0,1,0.0,0,0,0,0,0,1,0.8,0.8,0.0%,DL,2011
149,150,Sammie Lee,0,1,0.0,0,0,0,0,0,1,0.8,0.8,0.0%,DL,2011
150,151,Roy Miller,0,1,0.0,0,0,0,0,0,1,0.8,0.8,0.0%,DL,2011
151,152,B.J. Raji,0,1,0.0,0,0,0,0,0,1,0.8,0.8,0.0%,DL,2011
152,153,James Hall,0,1,0.0,0,0,0,0,0,1,0.8,0.8,0.0%,DL,2011
153,154,Robert Ayers,0,1,0.0,0,0,0,0,0,1,0.8,0.8,0.0%,DL,2011
154,155,Aubrayo Franklin,0,1,0.0,0,0,0,0,0,1,0.8,0.8,0.0%,DL,2011
155,156,Darell Scott,0,1,0.0,0,0,0,0,0,1,0.8,0.8,0.0%,DL,2011
156,157,Amon Gordon,0,1,0.0,0,0,0,0,0,1,0.8,0.8,0.0%,DL,2011
157,158,Alex Carrington,0,1,0.0,0,0,0,0,0,1,0.8,0.8,0.0%,DL,2011
158,159,Jabaal Sheard,0,1,0.0,0,0,0,0,0,1,0.8,0.8,0.0%,DL,2011
159,160,Anthony Hargrove,0,1,0.0,0,0,0,0,0,1,0.8,0.8,0.0%,DL,2011
160,161,Tony McDaniel,0,1,0.0,0,0,0,0,0,1,0.8,0.8,0.0%,DL,2011
161,162,Jason Jones,0,1,0.0,0,0,0,0,0,1,0.8,0.8,0.0%,DL,2011
162,163,Frostee Rucker,0,1,0.0,0,0,0,0,0,1,0.8,0.8,0.0%,DL,2011
163,164,Nate Collins,0,1,0.0,0,0,0,0,0,1,0.8,0.8,0.0%,DL,2011
164,165,Jason Hatcher,0,1,0.0,0,0,0,0,0,1,0.8,0.8,0.0%,DL,2011
165,166,Jared Gaither,0,0,0.0,0,0,0,0,0,1,0.0,0.0,0.0%,DL,2011
166,167,Stephon Heyer,0,0,0.0,0,0,0,0,0,1,0.0,0.0,0.0%,DL,2011
167,168,Ryan Diem,0,0,0.0,0,0,0,0,0,1,0.0,0.0,0.0%,DL,2011
168,169,Levi Brown,0,0,0.0,0,0,0,0,0,1,0.0,0.0,0.0%,DL,2011
169,170,Frank Omiyale,0,0,0.0,0,0,0,0,0,1,0.0,0.0,0.0%,DL,2011
170,171,Phillip Merling,0,0,0.0,0,0,0,0,0,1,0.0,0.0,0.0%,DL,2011
171,172,Tamba Hali,6,0,0.0,0,0,0,0,0,1,0.0,0.0,2.0%,DL,2011
172,173,Elvis Dumervil,3,0,1.0,0,0,0,0,0,1,0.0,0.0,0.0%,DL,2011
173,174,Parys Haralson,1,0,0.0,0,0,0,0,0,1,0.0,0.0,0.0%,DL,2011
174,175,Mark Anderson,0,0,0.0,0,0,0,0,0,1,0.0,0.0,0.0%,DL,2011
175,176,Fred Evans,0,0,0.0,0,0,0,0,0,1,0.0,0.0,0.0%,DL,2011
176,177,Ahmad Brooks,1,1,0.0,0,0,0,0,0,1,0.0,0.0,0.0%,DL,2011
177,178,Charles Johnson,0,0,0.0,0,0,0,0,0,1,0.0,0.0,0.0%,DL,2011
178,179,Jerry Hughes,0,0,0.0,0,0,0,0,0,1,0.0,0.0,1.0%,DL,2011
179,180,Derrick Morgan,7,0,0.0,1,0,0,0,0,1,0.0,0.0,0.0%,DL,2011
180,181,Corey Wootton,0,0,0.0,0,0,0,0,0,1,0.0,0.0,0.0%,DL,2011
181,182,George Selvie,0,0,0.0,0,0,0,0,0,1,0.0,0.0,0.0%,DL,2011
182,183,Ogemdi Nwagbuo,0,0,0.0,0,0,0,0,0,1,0.0,0.0,0.0%,DL,2011
183,184,Tyson Alualu,0,0,0.0,0,0,0,0,0,1,0.0,0.0,0.0%,DL,2011
184,185,Willie Young,0,0,0.0,0,0,0,0,0,1,0.0,0.0,0.0%,DL,2011
185,186,Lamarr Houston,3,0,0.0,0,0,0,0,0,1,0.0,0.0,0.0%,DL,2011
186,187,Mike Neal,1,2,0.0,0,0,0,0,0,1,0.0,0.0,0.0%,DL,2011
187,188,Trevor Scott,0,0,0.0,0,0,0,0,0,1,0.0,0.0,0.0%,DL,2011
188,189,Wallace Gilberry,0,0,0.0,0,0,0,0,0,1,0.0,0.0,0.0%,DL,2011
189,190,Cameron Wake,2,0,1.0,0,0,0,0,0,1,0.0,0.0,0.0%,DL,2011
190,191,Clay Matthews,5,1,0.0,1,1,1,0,0,1,0.0,0.0,0.0%,DL,2011
191,192,Paul Kruger,1,0,1.0,0,0,0,0,0,1,0.0,0.0,0.0%,DL,2011
192,193,Lawrence Sidbury,0,1,0.0,0,0,0,0,0,1,0.0,0.0,0.0%,DL,2011
193,194,Ricky Jean-Francois,0,0,0.0,0,0,0,0,0,1,0.0,0.0,0.0%,DL,2011
194,195,Vonnie Holliday,0,0,0.0,0,0,0,0,0,1,0.0,0.0,0.0%,DL,2011
195,196,Chris Neild,0,0,0.0,0,0,0,0,0,1,0.0,0.0,0.0%,DL,2011
196,197,Richard Seymour,0,0,0.0,0,0,0,0,0,1,0.0,0.0,0.0%,DL,2011
197,198,Brandon Banks,0,0,0.0,0,0,0,0,0,1,0.0,0.0,0.0%,DL,2011
198,199,Von Miller,0,1,0.0,0,0,0,0,0,1,0.0,0.0,2.5%,DL,2011
199,200,Robert Quinn,2,2,0.0,0,0,0,0,0,1,0.0,0.0,1.2%,DL,2011
200,201,Christian Ballard,0,0,0.0,0,0,0,0,0,1,0.0,0.0,0.0%,DL,2011
201,202,Martez Wilson,0,1,0.0,0,0,0,0,0,1,0.0,0.0,0.0%,DL,2011
202,203,Pernell McPhee,1,1,0.0,0,0,0,0,0,1,0.0,0.0,0.0%,DL,2011
203,204,Lazarius Levingston,0,0,0.0,0,0,0,0,0,1,0.0,0.0,0.0%,DL,2011
204,205,Jason Babin,0,0,0.0,0,0,0,0,0,1,0.0,0.0,0.0%,DL,2011
205,206,Jared Allen,1,3,1.0,0,0,0,0,0,1,0.0,0.0,0.0%,DL,2011
206,207,Jonathan Babineaux,0,0,0.0,0,0,0,0,0,1,0.0,0.0,0.0%,DL,2011
207,208,John Abraham,0,1,0.0,0,0,0,0,0,1,0.0,0.0,0.0%,DL,2011
208,209,Julius Peppers,0,0,0.0,0,0,0,0,0,1,0.0,0.0,0.1%,DL,2011
209,210,Dwight Freeney,1,0,0.0,0,0,0,0,0,1,0.0,0.0,0.0%,DL,2011
210,211,Terrell Suggs,3,1,0.0,0,0,0,0,0,1,0.0,0.0,0.0%,DL,2011
211,212,Corvey Irvin,0,0,0.0,0,0,0,0,0,1,0.0,0.0,0.0%,DL,2011
212,213,Martin Tevaseu,0,0,0.0,0,0,0,0,0,1,0.0,0.0,0.0%,DL,2011
213,214,Demarcus Dobbs,0,0,0.0,0,0,0,0,0,1,0.0,0.0,0.0%,DL,2011
214,215,Ronald Talley,0,0,0.0,0,0,0,0,0,1,0.0,0.0,0.0%,DL,2011
215,216,Justin Trattou,0,0,0.0,0,0,0,0,0,1,0.0,0.0,0.0%,DL,2011
216,217,Junior Galette,1,1,0.0,0,0,0,0,0,1,0.0,0.0,0.0%,DL,2011
217,218,Cameron Sheffield,0,0,0.0,0,0,0,0,0,1,0.0,0.0,0.0%,DL,2011
218,219,Arthur Moats,1,2,1.0,0,0,1,0,0,1,0.0,0.0,0.0%,DL,2011
219,220,Clifton Geathers,0,0,0.0,0,0,0,0,0,1,0.0,0.0,0.0%,DL,2011
220,221,Dekoda Watson,1,0,0.0,1,0,0,0,0,1,0.0,0.0,0.0%,DL,2011
221,222,Phillip Hunt,0,0,0.0,0,0,0,0,0,1,0.0,0.0,0.0%,DL,2011
222,223,Tom Johnson,0,0,0.0,0,0,0,0,0,1,0.0,0.0,0.0%,DL,2011
223,224,Steve McLendon,0,0,0.0,0,0,0,0,0,1,0.0,0.0,0.0%,DL,2011
224,225,John Denney,0,0,0.0,0,0,0,0,0,1,0.0,0.0,0.0%,DL,2011
