,Rank,Player,Tackle,Assist,Sack,Pass Defended,Interception,Forced Fumble,Fumble Recovery,Defend Touchdown,Games Played,Fantasy Football Points,FTPS/Game,ROST,Position,Year
0,1,Justin Houston,7,0,3.0,1,0,1,0,0,1,35.5,35.5,0.0%,DL,2011
1,2,Da'Quan Bowers,7,1,1.5,1,0,0,0,0,1,31.3,31.3,0.0%,DL,2011
2,3,Jabaal Sheard,6,3,1.0,1,0,1,0,0,1,23.3,23.3,0.0%,DL,2011
3,4,Aldon Smith,3,0,2.0,0,0,0,1,0,1,21.5,21.5,0.0%,DL,2011
4,5,Israel Idonije,5,1,1.0,0,0,0,0,0,1,19.8,19.8,0.0%,DL,2011
5,6,Vince Wilfork,5,5,1.0,0,0,0,0,0,1,17.8,17.8,0.0%,DL,2011
6,7,Charles Johnson,3,0,1.0,1,0,0,0,0,1,17.5,17.5,0.0%,DL,2011
7,8,Chris Long,3,0,2.0,0,0,0,0,0,1,17.5,17.5,0.0%,DL,2011
8,9,Linval Joseph,9,0,0.0,0,0,0,0,0,1,16.0,16.0,0.0%,DL,2011
9,10,Ray McDonald,3,0,1.0,0,0,1,0,0,1,15.0,15.0,0.0%,DL,2011
10,11,Tyson Jackson,4,0,1.0,0,0,0,0,0,1,15.0,15.0,0.0%,DL,2011
11,12,Jay Ratliff,3,1,1.0,0,0,0,0,0,1,14.3,14.3,0.0%,DL,2011
12,13,Anthony Spencer,3,0,1.0,0,0,0,0,0,1,13.5,13.5,0.0%,DL,2011
13,14,James Hall,3,0,1.0,0,0,0,0,0,1,13.5,13.5,0.0%,DL,2011
14,15,Justin Tuck,4,1,1.0,0,0,0,0,0,1,13.3,13.3,0.0%,DL,2011
15,16,Michael Johnson,4,1,1.0,0,0,0,0,0,1,13.3,13.3,0.0%,DL,2011
16,17,Nick Fairley,2,1,1.0,0,0,0,0,0,1,12.8,12.8,0.0%,DL,2011
17,18,Jason Pierre-Paul,3,0,0.0,2,0,0,0,0,1,12.5,12.5,0.0%,DL,2011
18,19,Desmond Bryant,4,0,1.0,0,0,0,0,0,1,12.5,12.5,0.0%,DL,2011
19,20,Darnell Dockett,3,1,1.0,0,0,0,0,0,1,11.8,11.8,0.0%,DL,2011
20,21,Jayme Mitchell,3,1,0.0,0,0,0,1,0,1,11.8,11.8,0.0%,DL,2011
21,22,Calais Campbell,2,1,1.0,1,0,0,0,0,1,11.8,11.8,3.1%,DL,2011
22,23,Remi Ayodele,2,2,1.0,0,0,0,0,0,1,11.0,11.0,0.0%,DL,2011
23,24,Sen'Derrick Marks,3,1,0.0,1,0,1,0,0,1,10.8,10.8,0.0%,DL,2011
24,25,Brian Schaefering,6,2,0.0,0,0,0,0,0,1,10.5,10.5,0.0%,DL,2011
25,26,Domata Peko,1,3,1.0,0,0,0,0,0,1,10.3,10.3,0.0%,DL,2011
26,27,Rob Ninkovich,2,1,1.0,0,0,0,0,0,1,10.3,10.3,0.0%,DL,2011
27,28,Julius Peppers,4,0,0.0,1,0,0,0,0,1,10.0,10.0,0.1%,DL,2011
28,29,John Henderson,6,1,0.0,0,0,0,0,0,1,9.8,9.8,0.0%,DL,2011
29,30,Sean Lissemore,2,0,1.0,0,0,0,0,0,1,9.5,9.5,0.0%,DL,2011
30,31,Karl Klug,1,0,1.0,1,0,0,0,0,1,9.5,9.5,0.0%,DL,2011
31,32,Henry Melton,2,0,1.0,0,0,0,0,0,1,9.5,9.5,0.0%,DL,2011
32,33,Dave Tollefson,1,2,1.0,0,0,0,0,0,1,9.5,9.5,0.0%,DL,2011
33,34,Jason Hatcher,2,0,1.0,0,0,0,0,0,1,9.5,9.5,0.0%,DL,2011
34,35,Vance Walker,1,0,1.0,0,0,1,0,0,1,9.5,9.5,0.0%,DL,2011
35,36,Frostee Rucker,4,1,0.0,0,0,0,0,0,1,9.3,9.3,0.0%,DL,2011
36,37,Cam Thomas,1,1,1.0,0,0,0,0,0,1,8.8,8.8,0.0%,DL,2011
37,38,Ryan McBean,1,1,1.0,0,0,0,0,0,1,8.8,8.8,0.0%,DL,2011
38,39,Ryan Kerrigan,3,3,0.0,1,0,0,0,0,1,8.3,8.3,0.0%,DL,2011
39,40,Andre Neblett,2,0,0.0,0,0,0,0,0,1,8.0,8.0,0.0%,DL,2011
40,41,Tommie Harris,1,0,1.0,0,0,0,0,0,1,8.0,8.0,0.0%,DL,2011
41,42,Mathias Kiwanuka,3,1,0.0,0,0,0,0,0,1,7.8,7.8,0.0%,DL,2011
42,43,Fili Moala,2,1,1.0,0,0,0,0,0,1,7.8,7.8,0.0%,DL,2011
43,44,Greg Hardy,3,0,0.0,2,0,0,0,0,1,7.5,7.5,0.0%,DL,2011
44,45,Adrian Clayborn,2,3,0.5,0,0,0,0,0,1,7.3,7.3,0.0%,DL,2011
45,46,Antonio Garay,3,0,0.0,0,0,0,0,0,1,7.0,7.0,0.0%,DL,2011
46,47,Marcus Dixon,2,0,0.0,0,0,1,0,0,1,7.0,7.0,0.0%,DL,2011
47,48,Kamerion Wimbley,3,0,0.0,0,0,0,0,0,1,7.0,7.0,0.0%,DL,2011
48,49,Justin Smith,3,0,0.0,0,0,0,0,0,1,7.0,7.0,0.0%,DL,2011
49,50,Roy Miller,2,2,0.0,0,0,0,0,0,1,7.0,7.0,0.0%,DL,2011
50,51,Chris Canty,3,3,0.0,0,0,0,0,0,1,6.8,6.8,0.0%,DL,2011
51,52,Sione Po'uha,3,1,0.0,1,0,0,0,0,1,6.8,6.8,0.0%,DL,2011
52,53,Ahtyba Rubin,3,3,0.0,0,0,0,0,0,1,6.8,6.8,0.0%,DL,2011
53,54,Tommy Kelly,2,1,0.0,2,0,0,0,0,1,6.8,6.8,0.0%,DL,2011
54,55,Haloti Ngata,1,1,0.0,3,0,0,0,0,1,6.8,6.8,0.0%,DL,2011
55,56,Kyle Love,1,3,0.0,0,0,0,0,0,1,6.3,6.3,0.0%,DL,2011
56,57,Jurrell Casey,4,0,0.0,0,0,0,0,0,1,6.0,6.0,0.1%,DL,2011
57,58,Brooks Reed,3,2,0.0,0,0,0,0,0,1,6.0,6.0,0.0%,DL,2011
58,59,Corey Williams,2,1,0.5,0,0,0,0,0,1,5.8,5.8,0.0%,DL,2011
59,60,Gary Gibson,2,0,0.0,0,0,0,0,0,1,5.5,5.5,0.0%,DL,2011
60,61,Ray Edwards,2,0,0.0,0,0,0,0,0,1,5.5,5.5,0.0%,DL,2011
61,62,Jeremy Mincey,2,0,0.0,0,0,0,0,0,1,5.5,5.5,0.0%,DL,2011
62,63,Justin Bannan,2,0,0.0,0,0,0,0,0,1,5.5,5.5,0.0%,DL,2011
63,64,B.J. Raji,1,0,0.0,0,0,0,1,0,1,5.5,5.5,0.0%,DL,2011
64,65,Amobi Okoye,2,0,0.0,0,0,0,0,0,1,5.5,5.5,0.0%,DL,2011
65,66,Brett Keisel,3,1,0.0,0,0,0,0,0,1,5.3,5.3,0.0%,DL,2011
66,67,Phil Taylor,1,5,0.0,0,0,0,0,0,1,5.3,5.3,0.0%,DL,2011
67,68,Adam Carriker,2,3,0.0,0,0,0,0,0,1,5.3,5.3,0.0%,DL,2011
68,69,Sammie Lee,1,2,0.5,0,0,0,0,0,1,5.0,5.0,0.0%,DL,2011
69,70,Derek Landri,1,1,0.0,0,0,0,0,0,1,4.8,4.8,0.0%,DL,2011
70,71,Andre Carter,1,1,0.0,0,0,0,0,0,1,4.8,4.8,0.0%,DL,2011
71,72,Kenyon Coleman,3,0,0.0,0,0,0,0,0,1,4.5,4.5,0.0%,DL,2011
72,73,Glenn Dorsey,3,0,0.0,0,0,0,0,0,1,4.5,4.5,0.0%,DL,2011
73,74,Connor Barwin,1,0,0.0,2,0,0,0,0,1,4.5,4.5,0.0%,DL,2011
74,75,Ziggy Hood,2,2,0.0,0,0,0,0,0,1,4.5,4.5,0.0%,DL,2011
75,76,Ryan Pickett,3,0,0.0,0,0,0,0,0,1,4.5,4.5,0.0%,DL,2011
76,77,Chris Clemons,3,0,0.0,0,0,0,0,0,1,4.5,4.5,0.0%,DL,2011
77,78,Spencer Johnson,2,2,0.0,0,0,0,0,0,1,4.5,4.5,0.0%,DL,2011
78,79,Stephen Paea,2,2,0.0,0,0,0,0,0,1,4.5,4.5,0.0%,DL,2011
79,80,Clinton McDonald,2,2,0.0,0,0,0,0,0,1,4.5,4.5,0.0%,DL,2011
80,81,Kelly Gregg,3,0,0.0,0,0,0,0,0,1,4.5,4.5,0.0%,DL,2011
81,82,Jason Hunter,0,0,0.0,0,0,0,1,0,1,4.0,4.0,0.0%,DL,2011
82,83,Aubrayo Franklin,1,0,0.0,0,0,0,0,0,1,4.0,4.0,0.0%,DL,2011
83,84,Marcus Thomas,2,1,0.0,0,0,0,0,0,1,3.8,3.8,0.0%,DL,2011
84,85,Corey Peters,2,1,0.0,0,0,0,0,0,1,3.8,3.8,2.0%,DL,2011
85,86,Kroy Biermann,1,3,0.0,0,0,0,0,0,1,3.8,3.8,0.0%,DL,2011
86,87,Sedrick Ellis,0,5,0.0,0,0,0,0,0,1,3.8,3.8,0.0%,DL,2011
87,88,Isaac Sopoaga,2,1,0.0,0,0,0,0,0,1,3.8,3.8,0.0%,DL,2011
88,89,Brodrick Bunkley,2,1,0.0,0,0,0,0,0,1,3.8,3.8,0.0%,DL,2011
89,90,Mike Patterson,2,1,0.0,0,0,0,0,0,1,3.8,3.8,0.0%,DL,2011
90,91,Barry Cofield,0,1,0.0,2,0,0,0,0,1,3.8,3.8,0.0%,DL,2011
91,92,Scott Paxson,0,3,0.0,1,0,0,0,0,1,3.8,3.8,0.0%,DL,2011
92,93,Leger Douzable,2,1,0.0,0,0,0,0,0,1,3.8,3.8,0.0%,DL,2011
93,94,Jason Jones,0,0,0.0,2,0,0,0,0,1,3.0,3.0,0.0%,DL,2011
94,95,Antonio Smith,1,0,0.0,1,0,0,0,0,1,3.0,3.0,0.0%,DL,2011
95,96,Terrell McClain,2,0,0.0,0,0,0,0,0,1,3.0,3.0,0.0%,DL,2011
96,97,Robert Ayers,0,2,0.0,1,0,0,0,0,1,3.0,3.0,0.0%,DL,2011
97,98,Mario Addison,0,4,0.0,0,0,0,0,0,1,3.0,3.0,4.0%,DL,2011
98,99,Tyson Alualu,2,0,0.0,0,0,0,0,0,1,3.0,3.0,0.0%,DL,2011
99,100,Frank Kearse,2,0,0.0,0,0,0,0,0,1,3.0,3.0,0.0%,DL,2011
100,101,Kendall Langford,2,0,0.0,0,0,0,0,0,1,3.0,3.0,0.0%,DL,2011
101,102,Brandon Mebane,2,0,0.0,0,0,0,0,0,1,3.0,3.0,0.0%,DL,2011
102,103,Brian Robison,1,1,0.0,0,0,0,0,0,1,2.3,2.3,0.0%,DL,2011
103,104,Dwan Edwards,1,1,0.0,0,0,0,0,0,1,2.3,2.3,0.0%,DL,2011
104,105,Geno Atkins,1,1,0.0,0,0,0,0,0,1,2.3,2.3,0.0%,DL,2011
105,106,Howard Green,0,3,0.0,0,0,0,0,0,1,2.3,2.3,0.0%,DL,2011
106,107,Muhammad Wilkerson,0,1,0.0,1,0,0,0,0,1,2.3,2.3,0.0%,DL,2011
107,108,Robert Geathers,1,1,0.0,0,0,0,0,0,1,2.3,2.3,0.0%,DL,2011
108,109,Christian Ballard,0,3,0.0,0,0,0,0,0,1,2.3,2.3,0.0%,DL,2011
109,110,Brandon Deaderick,1,1,0.0,0,0,0,0,0,1,2.3,2.3,0.0%,DL,2011
110,111,Darryl Tapp,1,1,0.0,0,0,0,0,0,1,2.3,2.3,0.0%,DL,2011
111,112,Terrance Knighton,1,1,0.0,0,0,0,0,0,1,2.3,2.3,0.0%,DL,2011
112,113,Casey Hampton,1,1,0.0,0,0,0,0,0,1,2.3,2.3,0.0%,DL,2011
113,114,Cory Redding,1,1,0.0,0,0,0,0,0,1,2.3,2.3,0.0%,DL,2011
114,115,Nick Eason,1,0,0.0,0,0,0,0,0,1,1.5,1.5,0.0%,DL,2011
115,116,Everson Griffen,1,0,0.0,0,0,0,0,0,1,1.5,1.5,2.0%,DL,2011
116,117,John McCargo,1,0,0.0,0,0,0,0,0,1,1.5,1.5,0.0%,DL,2011
117,118,Trevor Scott,1,0,0.0,0,0,0,0,0,1,1.5,1.5,0.0%,DL,2011
118,119,Antonio Johnson,0,2,0.0,0,0,0,0,0,1,1.5,1.5,0.0%,DL,2011
119,120,Fred Robbins,1,0,0.0,0,0,0,0,0,1,1.5,1.5,0.0%,DL,2011
120,121,Ricky Jean-Francois,1,0,0.0,0,0,0,0,0,1,1.5,1.5,0.0%,DL,2011
121,122,Vaughn Martin,1,0,0.0,0,0,0,0,0,1,1.5,1.5,0.0%,DL,2011
122,123,Red Bryant,1,0,0.0,0,0,0,0,0,1,1.5,1.5,0.0%,DL,2011
123,124,Tim Jamison,1,0,0.0,0,0,0,0,0,1,1.5,1.5,0.0%,DL,2011
124,125,Tony McDaniel,1,0,0.0,0,0,0,0,0,1,1.5,1.5,0.0%,DL,2011
125,126,Albert Haynesworth,1,0,0.0,0,0,0,0,0,1,1.5,1.5,0.0%,DL,2011
126,127,Gerard Warren,0,2,0.0,0,0,0,0,0,1,1.5,1.5,0.0%,DL,2011
127,128,Trevor Laws,1,0,0.0,0,0,0,0,0,1,1.5,1.5,0.0%,DL,2011
128,129,Jacques Cesaire,1,0,0.0,0,0,0,0,0,1,1.5,1.5,0.0%,DL,2011
129,130,Matt Toeaina,1,0,0.0,0,0,0,0,0,1,1.5,1.5,0.0%,DL,2011
130,131,Randy Starks,0,0,0.0,1,0,0,0,0,1,1.5,1.5,0.0%,DL,2011
131,132,Alan Branch,0,1,0.0,0,0,0,0,0,1,0.8,0.8,0.0%,DL,2011
132,133,Peria Jerry,0,1,0.0,0,0,0,0,0,1,0.8,0.8,0.0%,DL,2011
133,134,Stephen Bowen,0,1,0.0,0,0,0,0,0,1,0.8,0.8,0.0%,DL,2011
134,135,Kellen Heard,0,1,0.0,0,0,0,0,0,1,0.8,0.8,0.0%,DL,2011
135,136,Lionel Dotson,0,1,0.0,0,0,0,0,0,1,0.8,0.8,0.0%,DL,2011
136,137,Mark Anderson,0,1,0.0,0,0,0,0,0,1,0.8,0.8,0.0%,DL,2011
137,138,Will Smith,0,1,0.0,0,0,0,0,0,1,0.8,0.8,0.0%,DL,2011
138,139,Arthur Jones,0,1,0.0,0,0,0,0,0,1,0.8,0.8,0.0%,DL,2011
139,140,Marcell Dareus,0,1,0.0,0,0,0,0,0,1,0.8,0.8,0.0%,DL,2011
140,141,Kiante Tripp,0,1,0.0,0,0,0,0,0,1,0.8,0.8,0.0%,DL,2011
141,142,Raheem Brock,0,1,0.0,0,0,0,0,0,1,0.8,0.8,0.0%,DL,2011
142,143,Letroy Guion,0,1,0.0,0,0,0,0,0,1,0.8,0.8,0.0%,DL,2011
143,144,Rocky Bernard,0,1,0.0,0,0,0,0,0,1,0.8,0.8,0.0%,DL,2011
144,145,Kyle Vanden,0,1,0.0,0,0,0,0,0,1,0.8,0.8,0.0%,DL,2011
145,146,Nate Collins,0,1,0.0,0,0,0,0,0,1,0.8,0.8,0.0%,DL,2011
146,147,Ricardo Mathews,0,1,0.0,0,0,0,0,0,1,0.8,0.8,0.0%,DL,2011
147,148,Cameron Heyward,0,1,0.0,0,0,0,0,0,1,0.8,0.8,23.1%,DL,2011
148,149,Corey Liuget,0,1,0.0,0,0,0,0,0,1,0.8,0.8,0.0%,DL,2011
149,150,Dave Ball,0,1,0.0,0,0,0,0,0,1,0.8,0.8,0.0%,DL,2011
150,151,Ropati Pitoitua,0,1,0.0,0,0,0,0,0,1,0.8,0.8,0.0%,DL,2011
151,152,Robert Gallery,0,0,0.0,0,0,0,0,0,1,0.0,0.0,0.0%,DL,2011
152,153,Jared Gaither,0,0,0.0,0,0,0,0,0,1,0.0,0.0,0.0%,DL,2011
153,154,Trai Essex,0,0,0.0,0,0,0,0,0,1,0.0,0.0,0.0%,DL,2011
154,155,Quinn Ojinnaka,0,0,0.0,0,0,0,0,0,1,0.0,0.0,0.0%,DL,2011
155,156,Anthony Hargrove,0,0,0.0,0,0,0,0,0,1,0.0,0.0,0.0%,DL,2011
156,157,Matt Light,0,0,0.0,0,0,0,0,0,1,0.0,0.0,0.0%,DL,2011
157,158,Levi Brown,0,0,0.0,0,0,0,0,0,1,0.0,0.0,0.0%,DL,2011
158,159,Frank Omiyale,0,0,0.0,0,0,0,0,0,1,0.0,0.0,0.0%,DL,2011
159,160,Brian Sanford,0,0,0.0,0,0,0,0,0,1,0.0,0.0,0.0%,DL,2011
160,161,C.J. Wilson,0,0,0.0,0,0,0,0,0,1,0.0,0.0,0.0%,DL,2011
161,162,Keyunta Dawson,0,0,0.0,0,0,0,0,0,1,0.0,0.0,0.0%,DL,2011
162,163,Paul Soliai,0,0,0.0,0,0,0,0,0,1,0.0,0.0,0.0%,DL,2011
163,164,Cliff Avril,0,0,0.0,0,0,0,0,0,1,0.0,0.0,0.1%,DL,2011
164,165,Phillip Merling,0,0,0.0,0,0,0,0,0,1,0.0,0.0,0.0%,DL,2011
165,166,Andre Fluellen,0,0,0.0,0,0,0,0,0,1,0.0,0.0,0.0%,DL,2011
166,167,Tamba Hali,1,0,1.0,0,0,0,0,0,1,0.0,0.0,2.0%,DL,2011
167,168,Elvis Dumervil,2,2,1.0,0,0,0,0,0,1,0.0,0.0,0.0%,DL,2011
168,169,Parys Haralson,1,0,0.0,0,0,0,0,0,1,0.0,0.0,0.0%,DL,2011
169,170,Fred Evans,0,0,0.0,0,0,0,0,0,1,0.0,0.0,0.0%,DL,2011
170,171,Ahmad Brooks,1,0,0.0,0,0,0,0,0,1,0.0,0.0,0.0%,DL,2011
171,172,Brandon McKinney,0,0,0.0,0,0,0,0,0,1,0.0,0.0,0.0%,DL,2011
172,173,Jamaal Anderson,0,0,0.0,0,0,0,0,0,1,0.0,0.0,0.0%,DL,2011
173,174,William Hayes,0,0,0.0,0,0,0,0,0,1,0.0,0.0,2.0%,DL,2011
174,175,Derrick Morgan,0,1,0.0,0,0,0,0,0,1,0.0,0.0,0.0%,DL,2011
175,176,Corey Wootton,0,0,0.0,0,0,0,0,0,1,0.0,0.0,0.0%,DL,2011
176,177,Jared Odrick,0,0,0.0,0,0,0,0,0,1,0.0,0.0,0.0%,DL,2011
177,178,Terrence Cody,0,0,0.0,0,0,0,0,0,1,0.0,0.0,0.0%,DL,2011
178,179,George Selvie,0,0,0.0,0,0,0,0,0,1,0.0,0.0,0.0%,DL,2011
179,180,Jarius Wynn,0,0,0.0,0,0,0,0,0,1,0.0,0.0,0.0%,DL,2011
180,181,Wallace Gilberry,0,0,0.0,0,0,0,0,0,1,0.0,0.0,0.0%,DL,2011
181,182,Cameron Wake,0,1,0.0,0,0,0,0,0,1,0.0,0.0,0.0%,DL,2011
182,183,Lawrence Sidbury,0,0,0.0,0,0,0,0,0,1,0.0,0.0,0.0%,DL,2011
183,184,Clay Matthews,1,1,1.0,1,1,1,0,1,1,0.0,0.0,0.0%,DL,2011
184,185,Ron Brace,0,0,0.0,0,0,0,0,0,1,0.0,0.0,0.0%,DL,2011
185,186,Paul Kruger,1,0,0.0,0,0,0,0,0,1,0.0,0.0,0.0%,DL,2011
186,187,Chris Neild,0,0,0.0,0,0,0,0,0,1,0.0,0.0,0.0%,DL,2011
187,188,Vonnie Holliday,0,0,0.0,0,0,0,0,0,1,0.0,0.0,0.0%,DL,2011
188,189,Richard Seymour,0,0,0.0,0,0,0,0,0,1,0.0,0.0,0.0%,DL,2011
189,190,Shaun Rogers,0,0,0.0,0,0,0,0,0,1,0.0,0.0,0.0%,DL,2011
190,191,Cameron Jordan,0,0,0.0,0,0,0,0,0,1,0.0,0.0,6.1%,DL,2011
191,192,Brandon Banks,0,0,0.0,0,0,0,0,0,1,0.0,0.0,0.0%,DL,2011
192,193,Robert Quinn,0,0,0.0,0,0,0,0,0,1,0.0,0.0,1.2%,DL,2011
193,194,J.J. Watt,0,0,0.0,0,0,0,0,0,1,0.0,0.0,4.2%,DL,2011
194,195,Allen Bailey,0,0,0.0,0,0,0,0,0,1,0.0,0.0,0.0%,DL,2011
195,196,Kenrick Ellis,0,0,0.0,0,0,0,0,0,1,0.0,0.0,0.0%,DL,2011
196,197,Pernell McPhee,3,0,2.0,0,0,0,0,0,1,0.0,0.0,0.0%,DL,2011
197,198,David Carter,0,0,0.0,0,0,0,0,0,1,0.0,0.0,0.0%,DL,2011
198,199,Jason Babin,2,0,2.0,0,0,0,0,0,1,0.0,0.0,0.0%,DL,2011
199,200,Jared Allen,3,1,1.0,0,0,1,1,0,1,0.0,0.0,0.0%,DL,2011
200,201,Cullen Jenkins,0,0,0.0,0,0,0,0,0,1,0.0,0.0,0.0%,DL,2011
201,202,Marcus Spears,0,0,0.0,0,0,0,0,0,1,0.0,0.0,0.0%,DL,2011
202,203,Jonathan Babineaux,0,0,0.0,0,0,0,0,0,1,0.0,0.0,0.0%,DL,2011
203,204,John Abraham,1,0,1.0,1,0,0,0,0,1,0.0,0.0,0.0%,DL,2011
204,205,Juqua Parker,0,0,0.0,0,0,0,0,0,1,0.0,0.0,0.0%,DL,2011
205,206,Dwight Freeney,0,0,0.0,0,0,0,0,0,1,0.0,0.0,0.0%,DL,2011
206,207,Kevin Williams,0,0,0.0,0,0,0,0,0,1,0.0,0.0,0.1%,DL,2011
207,208,Terrell Suggs,2,2,1.0,1,0,0,0,0,1,0.0,0.0,0.0%,DL,2011
208,209,Willie Young,0,1,0.0,0,0,0,0,0,1,0.0,0.0,0.0%,DL,2011
209,210,Steve McLendon,0,0,0.0,0,0,0,0,0,1,0.0,0.0,0.0%,DL,2011
210,211,Lamarr Houston,3,1,0.0,0,0,0,0,0,1,0.0,0.0,0.0%,DL,2011
211,212,Ronald Talley,0,0,0.0,0,0,0,0,0,1,0.0,0.0,0.0%,DL,2011
212,213,Tom Johnson,0,0,0.0,0,0,0,0,0,1,0.0,0.0,0.0%,DL,2011
213,214,Mitch Unrein,0,0,0.0,0,0,0,0,0,1,0.0,0.0,0.0%,DL,2011
214,215,Justin Trattou,0,0,0.0,0,0,0,0,0,1,0.0,0.0,0.0%,DL,2011
215,216,Demarcus Dobbs,0,0,0.0,0,0,0,0,0,1,0.0,0.0,0.0%,DL,2011
216,217,C.J. Mosley,0,0,0.0,0,0,0,0,0,1,0.0,0.0,0.0%,DL,2011
217,218,Jermaine Cunningham,0,0,0.0,0,0,0,0,0,1,0.0,0.0,0.0%,DL,2011
218,219,Mike Neal,0,0,0.0,0,0,0,0,0,1,0.0,0.0,0.0%,DL,2011
219,220,Alex Carrington,0,0,0.0,0,0,0,0,0,1,0.0,0.0,0.0%,DL,2011
220,221,Earl Mitchell,0,0,0.0,0,0,0,0,0,1,0.0,0.0,0.0%,DL,2011
221,222,Cameron Sheffield,0,0,0.0,0,0,0,0,0,1,0.0,0.0,0.0%,DL,2011
222,223,Arthur Moats,0,1,0.0,0,0,0,0,0,1,0.0,0.0,0.0%,DL,2011
223,224,Clifton Geathers,0,0,0.0,0,0,0,0,0,1,0.0,0.0,0.0%,DL,2011
224,225,Eugene Sims,0,0,0.0,0,0,0,0,0,1,0.0,0.0,0.0%,DL,2011
225,226,Dekoda Watson,0,0,0.0,0,0,0,0,0,1,0.0,0.0,0.0%,DL,2011
226,227,Junior Galette,2,3,1.0,0,0,0,0,0,1,0.0,0.0,0.0%,DL,2011
227,228,Brian Price,0,0,0.0,0,0,0,0,0,1,0.0,0.0,0.0%,DL,2011
228,229,John Denney,0,0,0.0,0,0,0,0,0,1,0.0,0.0,0.0%,DL,2011
