,Rank,Player,Tackle,Assist,Sack,Pass Defended,Interception,Forced Fumble,Fumble Recovery,Defend Touchdown,Games Played,Fantasy Football Points,FTPS/Game,ROST,Position,Year
0,1,Jason Pierre-Paul,7,2,2.0,1,0,0,0,0,1,26.5,26.5,0.0%,DL,2011
1,2,Calais Campbell,5,5,2.5,0,0,0,0,0,1,26.3,26.3,3.1%,DL,2011
2,3,Ahtyba Rubin,8,1,1.5,0,0,0,0,0,1,21.3,21.3,0.0%,DL,2011
3,4,Jonathan Fanene,2,1,2.0,0,0,0,1,0,1,20.8,20.8,0.0%,DL,2011
4,5,Chris Clemons,3,4,1.0,1,0,0,0,0,1,20.5,20.5,0.0%,DL,2011
5,6,Jayme Mitchell,3,1,1.5,1,0,1,0,0,1,19.3,19.3,0.0%,DL,2011
6,7,Brian Robison,3,0,2.0,0,0,0,0,0,1,17.5,17.5,0.0%,DL,2011
7,8,Greg Hardy,5,1,1.0,0,0,0,0,0,1,17.3,17.3,0.0%,DL,2011
8,9,Henry Melton,3,0,1.0,0,0,0,0,0,1,16.0,16.0,0.0%,DL,2011
9,10,Jarius Wynn,2,0,2.0,0,0,0,0,0,1,16.0,16.0,0.0%,DL,2011
10,11,Domata Peko,4,4,0.0,0,0,1,0,0,1,15.5,15.5,0.0%,DL,2011
11,12,J.J. Watt,4,0,1.0,0,0,0,0,0,1,15.0,15.0,4.2%,DL,2011
12,13,Julius Peppers,3,0,1.0,0,0,0,1,0,1,15.0,15.0,0.1%,DL,2011
13,14,Kamerion Wimbley,3,0,1.0,1,0,0,0,0,1,15.0,15.0,0.0%,DL,2011
14,15,Phil Taylor,4,3,1.0,0,0,0,0,0,1,14.8,14.8,0.0%,DL,2011
15,16,Anthony Spencer,4,0,1.0,0,0,1,0,0,1,14.0,14.0,0.0%,DL,2011
16,17,Charles Johnson,3,0,1.0,0,0,0,0,0,1,13.5,13.5,0.0%,DL,2011
17,18,Cory Redding,2,0,1.0,1,0,0,0,0,1,13.5,13.5,0.0%,DL,2011
18,19,Frostee Rucker,3,0,1.0,0,0,0,0,0,1,13.5,13.5,0.0%,DL,2011
19,20,Ryan Kerrigan,4,0,0.0,0,0,1,0,0,1,12.5,12.5,0.0%,DL,2011
20,21,Ndamukong Suh,3,2,1.0,0,0,0,0,0,1,12.5,12.5,0.0%,DL,2011
21,22,Brian Price,2,0,1.0,0,0,0,0,0,1,12.0,12.0,0.0%,DL,2011
22,23,Antonio Smith,2,0,1.0,0,0,0,0,0,1,12.0,12.0,0.0%,DL,2011
23,24,Richard Seymour,3,1,1.0,0,0,0,0,0,1,11.8,11.8,0.0%,DL,2011
24,25,Raheem Brock,2,1,1.0,0,0,1,0,0,1,11.8,11.8,0.0%,DL,2011
25,26,Terrance Knighton,6,0,0.0,0,0,0,0,0,1,11.5,11.5,0.0%,DL,2011
26,27,Haloti Ngata,1,0,0.0,0,0,0,1,1,1,11.5,11.5,0.0%,DL,2011
27,28,Kedric Golston,4,2,0.0,0,0,1,0,0,1,11.5,11.5,0.0%,DL,2011
28,29,Justin Bannan,3,0,0.0,1,0,0,0,0,1,11.0,11.0,0.0%,DL,2011
29,30,Cliff Avril,2,0,1.0,0,0,1,0,0,1,11.0,11.0,0.1%,DL,2011
30,31,Adrian Clayborn,2,0,1.0,0,0,1,0,0,1,11.0,11.0,0.0%,DL,2011
31,32,Darnell Dockett,3,2,0.5,0,0,0,0,0,1,10.5,10.5,0.0%,DL,2011
32,33,Cullen Jenkins,2,1,1.0,0,0,0,0,0,1,10.3,10.3,0.0%,DL,2011
33,34,Kenyon Coleman,4,2,0.0,0,0,0,0,0,1,10.0,10.0,0.0%,DL,2011
34,35,Will Smith,4,2,0.0,0,0,0,0,0,1,10.0,10.0,0.0%,DL,2011
35,36,Jamaal Anderson,0,0,0.0,0,0,0,1,1,1,10.0,10.0,0.0%,DL,2011
36,37,Kyle Vanden,2,0,1.0,0,0,0,0,0,1,9.5,9.5,0.0%,DL,2011
37,38,Wallace Gilberry,1,0,1.0,0,0,1,0,0,1,9.5,9.5,0.0%,DL,2011
38,39,Peria Jerry,3,0,0.0,0,0,0,0,0,1,9.5,9.5,0.0%,DL,2011
39,40,Robert Ayers,2,2,0.0,0,0,0,1,0,1,8.5,8.5,0.0%,DL,2011
40,41,Israel Idonije,2,2,0.0,0,0,1,0,0,1,8.5,8.5,0.0%,DL,2011
41,42,Geno Atkins,2,2,1.0,0,0,0,0,0,1,8.5,8.5,0.0%,DL,2011
42,43,Michael Bennett,1,0,0.0,0,0,0,1,0,1,8.0,8.0,0.0%,DL,2011
43,44,Turk McBride,1,0,1.0,0,0,0,0,0,1,8.0,8.0,0.0%,DL,2011
44,45,Adam Carriker,1,0,1.0,0,0,0,0,0,1,8.0,8.0,0.0%,DL,2011
45,46,Chris Long,1,0,1.0,0,0,0,0,0,1,8.0,8.0,0.0%,DL,2011
46,47,Mathias Kiwanuka,3,1,0.0,0,0,0,0,0,1,7.8,7.8,0.0%,DL,2011
47,48,Vaughn Martin,5,0,0.0,0,0,0,0,0,1,7.5,7.5,0.0%,DL,2011
48,49,Tyson Jackson,3,2,0.0,1,0,0,0,0,1,7.5,7.5,0.0%,DL,2011
49,50,Dwan Edwards,3,4,0.0,0,0,0,0,0,1,7.5,7.5,0.0%,DL,2011
50,51,Stephen Bowen,3,0,0.0,0,0,0,0,0,1,7.0,7.0,0.0%,DL,2011
51,52,Jason Hunter,3,0,0.0,0,0,0,0,0,1,7.0,7.0,0.0%,DL,2011
52,53,Glenn Dorsey,2,2,0.0,0,0,0,0,0,1,7.0,7.0,0.0%,DL,2011
53,54,Sione Po'uha,2,2,0.0,0,0,0,0,0,1,7.0,7.0,0.0%,DL,2011
54,55,Justin Houston,3,1,0.0,1,0,0,0,0,1,6.8,6.8,0.0%,DL,2011
55,56,Jacques Cesaire,2,1,0.0,0,0,0,0,0,1,6.3,6.3,0.0%,DL,2011
56,57,Linval Joseph,2,1,0.0,0,0,0,0,0,1,6.3,6.3,0.0%,DL,2011
57,58,Pat Sims,2,1,0.0,0,0,0,0,0,1,6.3,6.3,0.0%,DL,2011
58,59,Jay Ratliff,2,1,0.0,0,0,0,0,0,1,6.3,6.3,0.0%,DL,2011
59,60,Antonio Garay,3,2,0.0,0,0,0,0,0,1,6.0,6.0,0.0%,DL,2011
60,61,Tommy Kelly,1,3,0.5,0,0,0,0,0,1,5.8,5.8,0.0%,DL,2011
61,62,Cam Thomas,2,0,0.0,0,0,0,0,0,1,5.5,5.5,0.0%,DL,2011
62,63,William Hayes,2,0,0.0,0,0,0,0,0,1,5.5,5.5,2.0%,DL,2011
63,64,Allen Bailey,1,0,0.0,1,0,0,0,0,1,5.5,5.5,0.0%,DL,2011
64,65,Kevin Williams,2,0,0.0,0,0,0,0,0,1,5.5,5.5,0.1%,DL,2011
65,66,Dave Ball,1,0,0.0,1,0,0,0,0,1,5.5,5.5,0.0%,DL,2011
66,67,Alex Carrington,2,0,0.0,0,0,0,0,0,1,5.5,5.5,0.0%,DL,2011
67,68,Tyson Alualu,1,2,0.0,0,0,0,0,0,1,5.5,5.5,0.0%,DL,2011
68,69,Emmanuel Stephens,2,0,0.0,0,0,0,0,0,1,5.5,5.5,0.0%,DL,2011
69,70,Brandon Mebane,1,2,0.0,0,0,0,0,0,1,5.5,5.5,0.0%,DL,2011
70,71,Austen Lane,1,5,0.0,0,0,0,0,0,1,5.3,5.3,0.0%,DL,2011
71,72,Andre Carter,3,1,0.0,0,0,0,0,0,1,5.3,5.3,0.0%,DL,2011
72,73,Jeremy Mincey,3,1,0.0,0,0,0,0,0,1,5.3,5.3,0.0%,DL,2011
73,74,Vince Wilfork,3,1,0.0,0,0,0,0,0,1,5.3,5.3,0.0%,DL,2011
74,75,Ryan McBean,1,1,0.0,0,0,0,0,0,1,4.8,4.8,0.0%,DL,2011
75,76,Ropati Pitoitua,1,1,0.0,0,0,0,0,0,1,4.8,4.8,0.0%,DL,2011
76,77,Alan Branch,2,2,0.0,0,0,0,0,0,1,4.5,4.5,0.0%,DL,2011
77,78,Randy Starks,2,0,0.0,1,0,0,0,0,1,4.5,4.5,0.0%,DL,2011
78,79,Sedrick Ellis,2,2,0.0,0,0,0,0,0,1,4.5,4.5,0.0%,DL,2011
79,80,Jimmy Kennedy,1,0,0.0,0,0,0,0,0,1,4.0,4.0,0.0%,DL,2011
80,81,Ryan Pickett,1,0,0.0,0,0,0,0,0,1,4.0,4.0,0.0%,DL,2011
81,82,Derrick Harvey,0,0,0.0,0,0,0,1,0,1,4.0,4.0,0.0%,DL,2011
82,83,Brodrick Bunkley,1,0,0.0,0,0,0,0,0,1,4.0,4.0,0.0%,DL,2011
83,84,Cameron Jordan,2,1,0.0,0,0,0,0,0,1,3.8,3.8,6.1%,DL,2011
84,85,Vance Walker,2,1,0.0,0,0,0,0,0,1,3.8,3.8,0.0%,DL,2011
85,86,Trevor Laws,2,1,0.0,0,0,0,0,0,1,3.8,3.8,0.0%,DL,2011
86,87,Mike Patterson,2,1,0.0,0,0,0,0,0,1,3.8,3.8,0.0%,DL,2011
87,88,Shaun Rogers,2,1,0.0,0,0,0,0,0,1,3.8,3.8,0.0%,DL,2011
88,89,Ray Edwards,2,1,0.0,0,0,0,0,0,1,3.8,3.8,0.0%,DL,2011
89,90,John Henderson,2,1,0.0,0,0,0,0,0,1,3.8,3.8,0.0%,DL,2011
90,91,Antonio Johnson,1,1,0.0,1,0,0,0,0,1,3.8,3.8,0.0%,DL,2011
91,92,Michael Johnson,2,0,0.0,0,0,0,0,0,1,3.0,3.0,0.0%,DL,2011
92,93,Anthony Hargrove,2,0,0.0,0,0,0,0,0,1,3.0,3.0,0.0%,DL,2011
93,94,Arthur Jones,2,0,0.0,0,0,0,0,0,1,3.0,3.0,0.0%,DL,2011
94,95,Casey Hampton,2,0,0.0,0,0,0,0,0,1,3.0,3.0,0.0%,DL,2011
95,96,Drake Nevis,1,2,0.0,0,0,0,0,0,1,3.0,3.0,0.0%,DL,2011
96,97,Isaac Sopoaga,0,4,0.0,0,0,0,0,0,1,3.0,3.0,0.0%,DL,2011
97,98,Darell Scott,2,0,0.0,0,0,0,0,0,1,3.0,3.0,0.0%,DL,2011
98,99,Jabaal Sheard,1,0,0.0,1,0,0,0,0,1,3.0,3.0,0.0%,DL,2011
99,100,Connor Barwin,2,0,0.0,0,0,0,0,0,1,3.0,3.0,0.0%,DL,2011
100,101,Red Bryant,1,2,0.0,0,0,0,0,0,1,3.0,3.0,0.0%,DL,2011
101,102,Jurrell Casey,2,0,0.0,0,0,0,0,0,1,3.0,3.0,0.1%,DL,2011
102,103,Chris Neild,2,0,0.0,0,0,0,0,0,1,3.0,3.0,0.0%,DL,2011
103,104,Rob Ninkovich,1,2,0.0,0,0,0,0,0,1,3.0,3.0,0.0%,DL,2011
104,105,Chris Canty,2,0,0.0,0,0,0,0,0,1,3.0,3.0,0.0%,DL,2011
105,106,Terrell McClain,1,2,0.0,0,0,0,0,0,1,3.0,3.0,0.0%,DL,2011
106,107,Jason Jones,0,0,0.0,2,0,0,0,0,1,3.0,3.0,0.0%,DL,2011
107,108,Eugene Sims,2,0,0.0,0,0,0,0,0,1,3.0,3.0,0.0%,DL,2011
108,109,Sen'Derrick Marks,0,3,0.0,0,0,0,0,0,1,2.3,2.3,0.0%,DL,2011
109,110,Amobi Okoye,1,1,0.0,0,0,0,0,0,1,2.3,2.3,0.0%,DL,2011
110,111,Eric Norwood,1,1,0.0,0,0,0,0,0,1,2.3,2.3,0.0%,DL,2011
111,112,Kyle Love,1,1,0.0,0,0,0,0,0,1,2.3,2.3,0.0%,DL,2011
112,113,Aaron Smith,0,3,0.0,0,0,0,0,0,1,2.3,2.3,0.0%,DL,2011
113,114,Eric Foster,1,1,0.0,0,0,0,0,0,1,2.3,2.3,0.0%,DL,2011
114,115,Igor Olshansky,1,1,0.0,0,0,0,0,0,1,2.3,2.3,0.0%,DL,2011
115,116,Kelly Gregg,1,1,0.0,0,0,0,0,0,1,2.3,2.3,0.0%,DL,2011
116,117,Marcell Dareus,0,1,0.0,1,0,0,0,0,1,2.3,2.3,0.0%,DL,2011
117,118,Tim Crowder,1,1,0.0,0,0,0,0,0,1,2.3,2.3,0.0%,DL,2011
118,119,Kroy Biermann,1,1,0.0,0,0,0,0,0,1,2.3,2.3,0.0%,DL,2011
119,120,Roy Miller,1,1,0.0,0,0,0,0,0,1,2.3,2.3,0.0%,DL,2011
120,121,Sammie Lee,1,1,0.0,0,0,0,0,0,1,2.3,2.3,0.0%,DL,2011
121,122,Brian Schaefering,1,1,0.0,0,0,0,0,0,1,2.3,2.3,0.0%,DL,2011
122,123,Barry Cofield,0,1,0.0,1,0,0,0,0,1,2.3,2.3,0.0%,DL,2011
123,124,Paul Soliai,0,1,0.0,1,0,0,0,0,1,2.3,2.3,0.0%,DL,2011
124,125,Leger Douzable,1,0,0.0,0,0,0,0,0,1,1.5,1.5,0.0%,DL,2011
125,126,Scott Paxson,0,2,0.0,0,0,0,0,0,1,1.5,1.5,0.0%,DL,2011
126,127,Landon Cohen,1,0,0.0,0,0,0,0,0,1,1.5,1.5,0.0%,DL,2011
127,128,Mario Williams,1,0,0.0,0,0,0,0,0,1,1.5,1.5,0.0%,DL,2011
128,129,Trevor Scott,1,0,0.0,0,0,0,0,0,1,1.5,1.5,0.0%,DL,2011
129,130,Jason Hatcher,1,0,0.0,0,0,0,0,0,1,1.5,1.5,0.0%,DL,2011
130,131,Kyle Williams,0,2,0.0,0,0,0,0,0,1,1.5,1.5,3.7%,DL,2011
131,132,Kendall Langford,1,0,0.0,0,0,0,0,0,1,1.5,1.5,0.0%,DL,2011
132,133,Ronald Fields,1,0,0.0,0,0,0,0,0,1,1.5,1.5,0.0%,DL,2011
133,134,Gary Gibson,1,0,0.0,0,0,0,0,0,1,1.5,1.5,0.0%,DL,2011
134,135,Justin Tuck,1,0,0.0,0,0,0,0,0,1,1.5,1.5,0.0%,DL,2011
135,136,Matt Shaughnessy,1,0,0.0,0,0,0,0,0,1,1.5,1.5,0.0%,DL,2011
136,137,Mike Devito,1,0,0.0,0,0,0,0,0,1,1.5,1.5,0.0%,DL,2011
137,138,Anthony Adams,1,0,0.0,0,0,0,0,0,1,1.5,1.5,0.0%,DL,2011
138,139,James Hall,1,0,0.0,0,0,0,0,0,1,1.5,1.5,0.0%,DL,2011
139,140,Justin Smith,0,2,0.0,0,0,0,0,0,1,1.5,1.5,0.0%,DL,2011
140,141,Clinton McDonald,0,2,0.0,0,0,0,0,0,1,1.5,1.5,0.0%,DL,2011
141,142,Tim Jamison,0,0,0.0,1,0,0,0,0,1,1.5,1.5,0.0%,DL,2011
142,143,Antonio Dixon,1,0,0.0,0,0,0,0,0,1,1.5,1.5,0.0%,DL,2011
143,144,Desmond Bryant,1,0,0.0,0,0,0,0,0,1,1.5,1.5,0.0%,DL,2011
144,145,Ogemdi Nwagbuo,1,0,0.0,0,0,0,0,0,1,1.5,1.5,0.0%,DL,2011
145,146,Karl Klug,0,0,0.0,1,0,0,0,0,1,1.5,1.5,0.0%,DL,2011
146,147,George Selvie,1,0,0.0,0,0,0,0,0,1,1.5,1.5,0.0%,DL,2011
147,148,C.J. Wilson,1,0,0.0,0,0,0,0,0,1,1.5,1.5,0.0%,DL,2011
148,149,Corey Peters,1,0,0.0,0,0,0,0,0,1,1.5,1.5,2.0%,DL,2011
149,150,Vonnie Holliday,1,0,0.0,0,0,0,0,0,1,1.5,1.5,0.0%,DL,2011
150,151,Marcus Spears,1,0,0.0,0,0,0,0,0,1,1.5,1.5,0.0%,DL,2011
151,152,Spencer Johnson,0,2,0.0,0,0,0,0,0,1,1.5,1.5,0.0%,DL,2011
152,153,Ziggy Hood,0,2,0.0,0,0,0,0,0,1,1.5,1.5,0.0%,DL,2011
153,154,Mark Anderson,0,1,0.0,0,0,0,0,0,1,0.8,0.8,0.0%,DL,2011
154,155,Andre Neblett,0,1,0.0,0,0,0,0,0,1,0.8,0.8,0.0%,DL,2011
155,156,Muhammad Wilkerson,0,1,0.0,0,0,0,0,0,1,0.8,0.8,0.0%,DL,2011
156,157,Sean Lissemore,0,1,0.0,0,0,0,0,0,1,0.8,0.8,0.0%,DL,2011
157,158,Carlton Powell,0,1,0.0,0,0,0,0,0,1,0.8,0.8,0.0%,DL,2011
158,159,Brooks Reed,0,1,0.0,0,0,0,0,0,1,0.8,0.8,0.0%,DL,2011
159,160,Carlos Dunlap,0,1,0.0,0,0,0,0,0,1,0.8,0.8,3.0%,DL,2011
160,161,Everson Griffen,0,1,0.0,0,0,0,0,0,1,0.8,0.8,2.0%,DL,2011
161,162,Andre Fluellen,0,1,0.0,0,0,0,0,0,1,0.8,0.8,0.0%,DL,2011
162,163,David Carter,0,1,0.0,0,0,0,0,0,1,0.8,0.8,0.0%,DL,2011
163,164,Jeff Backus,0,0,0.0,0,0,0,0,0,1,0.0,0.0,0.0%,DL,2011
164,165,Kyle Kosier,0,0,0.0,0,0,0,0,0,1,0.0,0.0,0.0%,DL,2011
165,166,Jared Gaither,0,0,0.0,0,0,0,0,0,1,0.0,0.0,0.0%,DL,2011
166,167,Jammal Brown,0,0,0.0,0,0,0,0,0,1,0.0,0.0,0.0%,DL,2011
167,168,Chad Clifton,0,0,0.0,0,0,0,0,0,1,0.0,0.0,0.0%,DL,2011
168,169,Matt Light,0,0,0.0,0,0,0,0,0,1,0.0,0.0,0.0%,DL,2011
169,170,Levi Brown,0,0,0.0,0,0,0,0,0,1,0.0,0.0,0.0%,DL,2011
170,171,Frank Omiyale,0,0,0.0,0,0,0,0,0,1,0.0,0.0,0.0%,DL,2011
171,172,Kellen Heard,0,0,0.0,0,0,0,0,0,1,0.0,0.0,0.0%,DL,2011
172,173,Lawrence Jackson,0,0,0.0,0,0,0,0,0,1,0.0,0.0,0.0%,DL,2011
173,174,Frank Okam,0,0,0.0,0,0,0,0,0,1,0.0,0.0,0.0%,DL,2011
174,175,Parys Haralson,0,1,0.0,0,0,0,0,0,1,0.0,0.0,0.0%,DL,2011
175,176,Kevin Vickerson,0,0,0.0,0,0,0,0,0,1,0.0,0.0,0.0%,DL,2011
176,177,Tamba Hali,4,2,1.0,0,0,0,0,0,1,0.0,0.0,2.0%,DL,2011
177,178,Fred Evans,0,0,0.0,0,0,0,0,0,1,0.0,0.0,0.0%,DL,2011
178,179,Dave Tollefson,0,0,0.0,0,0,0,0,0,1,0.0,0.0,0.0%,DL,2011
179,180,Ahmad Brooks,1,4,1.0,0,0,0,0,0,1,0.0,0.0,0.0%,DL,2011
180,181,Brandon McKinney,0,0,0.0,0,0,0,0,0,1,0.0,0.0,0.0%,DL,2011
181,182,Ray McDonald,0,0,0.0,0,0,0,0,0,1,0.0,0.0,0.0%,DL,2011
182,183,Letroy Guion,0,0,0.0,0,0,0,0,0,1,0.0,0.0,0.0%,DL,2011
183,184,Dan Williams,0,0,0.0,0,0,0,0,0,1,0.0,0.0,0.0%,DL,2011
184,185,Jared Odrick,0,0,0.0,0,0,0,0,0,1,0.0,0.0,0.0%,DL,2011
185,186,Terrence Cody,0,0,0.0,0,0,0,0,0,1,0.0,0.0,0.0%,DL,2011
186,187,Jerry Hughes,0,0,0.0,0,0,0,0,0,1,0.0,0.0,1.0%,DL,2011
187,188,Willie Young,0,0,0.0,0,0,0,0,0,1,0.0,0.0,0.0%,DL,2011
188,189,Lamarr Houston,1,2,0.0,1,0,0,0,0,1,0.0,0.0,0.0%,DL,2011
189,190,Derrick Morgan,3,0,0.0,0,0,0,0,0,1,0.0,0.0,0.0%,DL,2011
190,191,Jermaine Cunningham,0,0,0.0,0,0,0,0,0,1,0.0,0.0,0.0%,DL,2011
191,192,Earl Mitchell,0,0,0.0,0,0,0,0,0,1,0.0,0.0,0.0%,DL,2011
192,193,Gerald McCoy,0,0,0.0,0,0,0,0,0,1,0.0,0.0,0.0%,DL,2011
193,194,Cameron Wake,0,0,0.0,0,0,0,0,0,1,0.0,0.0,0.0%,DL,2011
194,195,B.J. Raji,0,0,0.0,0,0,0,0,0,1,0.0,0.0,0.0%,DL,2011
195,196,Larry English,0,0,0.0,0,0,0,0,0,1,0.0,0.0,0.0%,DL,2011
196,197,Clay Matthews,3,0,0.0,0,0,0,0,0,1,0.0,0.0,0.0%,DL,2011
197,198,Paul Kruger,2,0,0.0,0,0,0,0,0,1,0.0,0.0,0.0%,DL,2011
198,199,Marcus Benard,0,0,0.0,0,0,0,0,0,1,0.0,0.0,0.0%,DL,2011
199,200,Lawrence Sidbury,0,0,0.0,0,0,0,0,0,1,0.0,0.0,0.0%,DL,2011
200,201,Ricky Jean-Francois,0,0,0.0,0,0,0,0,0,1,0.0,0.0,0.0%,DL,2011
201,202,Nick Reed,0,0,0.0,0,0,0,0,0,1,0.0,0.0,0.0%,DL,2011
202,203,Aldon Smith,0,0,0.0,0,0,0,0,0,1,0.0,0.0,0.0%,DL,2011
203,204,Brandon Banks,0,0,0.0,0,0,0,0,0,1,0.0,0.0,0.0%,DL,2011
204,205,Da'Quan Bowers,0,0,0.0,0,0,0,0,0,1,0.0,0.0,0.0%,DL,2011
205,206,Cameron Heyward,0,0,0.0,0,0,0,0,0,1,0.0,0.0,23.1%,DL,2011
206,207,Von Miller,3,1,1.0,0,0,1,0,0,1,0.0,0.0,2.5%,DL,2011
207,208,Robert Quinn,0,0,0.0,0,0,0,0,0,1,0.0,0.0,1.2%,DL,2011
208,209,Pernell McPhee,2,0,1.0,0,0,0,0,0,1,0.0,0.0,0.0%,DL,2011
209,210,Christian Ballard,0,0,0.0,0,0,0,0,0,1,0.0,0.0,0.0%,DL,2011
210,211,Martez Wilson,0,1,0.0,0,0,0,0,0,1,0.0,0.0,0.0%,DL,2011
211,212,Sione Fua,0,0,0.0,0,0,0,0,0,1,0.0,0.0,0.0%,DL,2011
212,213,Jason Babin,2,1,1.0,0,0,0,0,0,1,0.0,0.0,0.0%,DL,2011
213,214,Jared Allen,5,1,3.0,0,0,1,0,0,1,0.0,0.0,0.0%,DL,2011
214,215,Corey Williams,0,0,0.0,0,0,0,0,0,1,0.0,0.0,0.0%,DL,2011
215,216,Shaun Cody,0,0,0.0,0,0,0,0,0,1,0.0,0.0,0.0%,DL,2011
216,217,Aubrayo Franklin,0,0,0.0,0,0,0,0,0,1,0.0,0.0,0.0%,DL,2011
217,218,John Abraham,1,0,0.0,0,0,0,0,0,1,0.0,0.0,0.0%,DL,2011
218,219,Dwight Freeney,3,1,2.0,0,0,1,0,0,1,0.0,0.0,0.0%,DL,2011
219,220,Rocky Bernard,0,0,0.0,0,0,0,0,0,1,0.0,0.0,0.0%,DL,2011
220,221,Terrell Suggs,4,0,1.0,0,0,0,0,0,1,0.0,0.0,0.0%,DL,2011
221,222,Cameron Sheffield,1,0,0.0,0,0,0,0,0,1,0.0,0.0,0.0%,DL,2011
222,223,Arthur Moats,0,0,0.0,0,0,0,0,0,1,0.0,0.0,0.0%,DL,2011
223,224,Nate Collins,0,0,0.0,0,0,0,0,0,1,0.0,0.0,0.0%,DL,2011
224,225,Amon Gordon,0,0,0.0,0,0,0,0,0,1,0.0,0.0,0.0%,DL,2011
225,226,Will Tukuafu,0,0,0.0,0,0,0,0,0,1,0.0,0.0,0.0%,DL,2011
226,227,Josh Brent,0,0,0.0,0,0,0,0,0,1,0.0,0.0,0.0%,DL,2011
227,228,Dekoda Watson,1,0,1.0,0,0,1,0,0,1,0.0,0.0,0.0%,DL,2011
228,229,Junior Galette,1,0,0.0,0,0,0,0,0,1,0.0,0.0,0.0%,DL,2011
229,230,Marcus Dixon,0,0,0.0,0,0,0,0,0,1,0.0,0.0,0.0%,DL,2011
230,231,Phillip Hunt,0,0,0.0,0,0,0,0,0,1,0.0,0.0,0.0%,DL,2011
231,232,Mitch Unrein,0,0,0.0,0,0,0,0,0,1,0.0,0.0,0.0%,DL,2011
232,233,John Denney,0,0,0.0,0,0,0,0,0,1,0.0,0.0,0.0%,DL,2011
