,Rank,Player,Field Goals,Field Attempts,Percentage,Longest Field,1-19 Yards,20-29 Yards,30-39 Yards,40-49 Yards,50+ Yards,Extra Points Made,Extra Points Attempted,Games Played,Fantasy Football Points,FTPS/Game,ROST,Position,Year
0,1,Sebastian Janikowski,6,6,100.0,47,1,0,1,4,0,1,1,1,23.0,23.0,20.0%,K,2011
1,2,Rob Bironas,3,4,75.0,52,0,0,2,0,1,2,2,1,13.0,13.0,0.0%,K,2011
2,3,Shayne Graham,4,5,80.0,28,0,4,0,0,0,1,1,1,13.0,13.0,0.0%,K,2011
3,4,Ryan Succop,3,3,100.0,49,0,0,0,3,0,0,0,1,12.0,12.0,0.0%,K,2011
4,5,Mike Nugent,3,3,100.0,40,0,2,0,1,0,2,2,1,12.0,12.0,1.0%,K,2011
5,6,Matt Prater,3,3,100.0,41,0,1,1,1,0,1,1,1,11.0,11.0,1.7%,K,2011
6,7,Robbie Gould,2,2,100.0,53,0,0,0,1,1,2,2,1,11.0,11.0,0.1%,K,2011
7,8,Jay Feely,3,3,100.0,37,0,2,1,0,0,2,2,1,11.0,11.0,0.0%,K,2011
8,9,Phil Dawson,2,3,66.7,54,0,0,1,0,1,2,2,1,10.0,10.0,0.1%,K,2011
9,10,Billy Cundiff,3,3,100.0,39,0,1,2,0,0,1,1,1,10.0,10.0,0.0%,K,2011
10,11,Josh Brown,2,3,66.7,48,0,0,1,1,0,2,2,1,9.0,9.0,0.0%,K,2011
11,12,Stephen Gostkowski,1,2,50.0,45,0,0,0,1,0,5,5,1,9.0,9.0,0.1%,K,2011
12,13,Nick Novak,2,4,50.0,53,0,1,0,0,1,1,1,1,9.0,9.0,0.1%,K,2011
13,14,Alex Henery,2,2,100.0,43,0,1,0,1,0,2,2,1,9.0,9.0,0.0%,K,2011
14,15,Mason Crosby,2,2,100.0,35,0,0,2,0,0,3,3,1,9.0,9.0,0.1%,K,2011
15,16,David Akers,2,2,100.0,52,0,0,0,1,1,0,0,1,9.0,9.0,0.0%,K,2011
16,17,Shaun Suisham,2,2,100.0,49,0,1,0,1,0,1,1,1,8.0,8.0,0.0%,K,2011
17,18,Adam Vinatieri,2,2,100.0,43,0,0,1,1,0,1,1,1,8.0,8.0,0.2%,K,2011
18,19,Dan Bailey,2,2,100.0,32,0,1,1,0,0,2,2,1,8.0,8.0,0.0%,K,2011
19,20,John Kasay,0,0,0.0,0,0,0,0,0,0,7,7,1,7.0,7.0,0.0%,K,2011
20,21,Josh Scobee,2,3,66.7,35,0,1,1,0,0,1,1,1,7.0,7.0,0.0%,K,2011
21,22,Lawrence Tynes,1,2,50.0,42,0,0,0,1,0,3,3,1,7.0,7.0,0.0%,K,2011
22,23,Matt Bryant,1,1,100.0,37,0,0,1,0,0,3,3,1,6.0,6.0,1.1%,K,2011
23,24,Connor Barth,1,1,100.0,43,0,0,0,1,0,2,2,1,6.0,6.0,0.0%,K,2011
24,25,Stephen Hauschka,1,2,50.0,36,0,0,1,0,0,2,2,1,5.0,5.0,0.0%,K,2011
25,26,Graham Gano,1,2,50.0,25,0,1,0,0,0,2,2,1,5.0,5.0,1.3%,K,2011
26,27,Nick Folk,0,0,0.0,0,0,0,0,0,0,4,4,1,4.0,4.0,9.5%,K,2011
27,28,Olindo Mare,2,3,66.7,41,0,0,0,0,0,3,3,1,3.0,3.0,0.0%,K,2011
28,29,Dave Rayner,1,1,100.0,53,0,0,0,0,0,3,3,1,3.0,3.0,0.0%,K,2011
29,30,Neil Rackers,2,2,100.0,53,0,0,0,0,0,2,2,1,2.0,2.0,0.0%,K,2011
30,31,Ryan Longwell,0,0,0.0,0,0,0,0,0,0,2,2,1,2.0,2.0,0.0%,K,2011
31,32,Jason Hanson,0,1,0.0,0,0,0,0,0,0,1,1,1,1.0,1.0,0.0%,K,2011
32,33,Jason Baker,0,0,0.0,0,0,0,0,0,0,0,0,1,0.0,0.0,0.0%,K,2011
