,Rank,Player,Field Goals,Field Attempts,Percentage,Longest Field,1-19 Yards,20-29 Yards,30-39 Yards,40-49 Yards,50+ Yards,Extra Points Made,Extra Points Attempted,Games Played,Fantasy Football Points,FTPS/Game,ROST,Position,Year
0,1,Josh Scobee,4,4,100.0,54,0,1,0,0,3,0,0,1,18.0,18.0,0.0%,K,2011
1,2,Mason Crosby,4,4,100.0,58,0,1,1,1,1,3,3,1,18.0,18.0,0.1%,K,2011
2,3,Shaun Suisham,3,3,100.0,42,0,0,2,1,0,3,3,1,13.0,13.0,0.0%,K,2011
3,4,Matt Bryant,3,3,100.0,47,0,1,0,2,0,2,2,1,13.0,13.0,1.1%,K,2011
4,5,Dan Bailey,2,2,100.0,51,0,0,1,0,1,4,4,1,12.0,12.0,0.0%,K,2011
5,6,Phil Dawson,2,4,50.0,53,0,0,0,0,2,0,0,1,10.0,10.0,0.1%,K,2011
6,7,Dan Carpenter,3,3,100.0,43,0,0,2,1,0,0,0,1,10.0,10.0,0.2%,K,2011
7,8,Graham Gano,2,2,100.0,49,0,0,1,1,0,2,2,1,9.0,9.0,1.3%,K,2011
8,9,Nick Folk,2,2,100.0,35,0,0,2,0,0,3,3,1,9.0,9.0,9.5%,K,2011
9,10,John Kasay,2,2,100.0,47,0,0,0,0,0,8,8,1,8.0,8.0,0.0%,K,2011
10,11,Matt Prater,1,3,33.3,52,0,0,0,0,1,1,1,1,6.0,6.0,1.7%,K,2011
11,12,Robbie Gould,1,2,50.0,25,0,1,0,0,0,3,3,1,6.0,6.0,0.1%,K,2011
12,13,Neil Rackers,2,2,100.0,32,0,0,0,0,0,5,5,1,5.0,5.0,0.0%,K,2011
13,14,Ryan Succop,0,0,0.0,0,0,0,0,0,0,4,4,1,4.0,4.0,0.0%,K,2011
14,15,Connor Barth,1,1,100.0,33,0,0,1,0,0,1,1,1,4.0,4.0,0.0%,K,2011
15,16,Ryan Longwell,2,2,100.0,52,0,0,0,0,0,3,3,1,3.0,3.0,0.0%,K,2011
16,17,Olindo Mare,4,4,100.0,45,0,0,0,0,0,3,3,1,3.0,3.0,0.0%,K,2011
17,18,Stephen Hauschka,1,1,100.0,20,0,1,0,0,0,0,0,1,3.0,3.0,0.0%,K,2011
18,19,Nick Novak,0,0,0.0,0,0,0,0,0,0,3,3,1,3.0,3.0,0.1%,K,2011
19,20,Jay Feely,0,0,0.0,0,0,0,0,0,0,2,2,1,2.0,2.0,0.0%,K,2011
20,21,Rob Bironas,0,0,0.0,0,0,0,0,0,0,1,1,1,1.0,1.0,0.0%,K,2011
21,22,Josh Brown,0,0,0.0,0,0,0,0,0,0,1,1,1,1.0,1.0,0.0%,K,2011
22,23,Adam Vinatieri,0,0,0.0,0,0,0,0,0,0,1,1,1,1.0,1.0,0.2%,K,2011
23,24,Jason Hanson,3,3,100.0,43,0,0,0,0,0,1,1,1,1.0,1.0,0.0%,K,2011
24,25,Billy Cundiff,0,1,0.0,0,0,0,0,0,0,1,1,1,1.0,1.0,0.0%,K,2011
25,26,Dave Rayner,0,0,0.0,0,0,0,0,0,0,0,0,1,0.0,0.0,0.0%,K,2011
26,27,Jason Baker,0,0,0.0,0,0,0,0,0,0,0,0,1,0.0,0.0,0.0%,K,2011
