,Rank,Player,Tackle,Assist,Sack,Pass Defended,Interception,Forced Fumble,Fumble Recovery,Defend Touchdown,Games Played,Fantasy Football Points,FTPS/Game,ROST,Position,Year
0,1,Karlos Dansby,9,1,1.0,2,1,0,0,0,1,31.3,31.3,0.1%,LB,2011
1,2,Brian Cushing,8,0,1.0,1,1,0,0,0,1,25.0,25.0,0.0%,LB,2011
2,3,Patrick Willis,9,2,1.0,0,0,0,0,0,1,24.0,24.0,0.0%,LB,2011
3,4,Daryl Washington,9,0,1.0,0,0,0,0,0,1,22.5,22.5,0.0%,LB,2011
4,5,Perry Riley,7,2,0.0,0,0,0,0,0,1,22.0,22.0,0.0%,LB,2011
5,6,Clay Matthews,4,1,2.0,0,0,1,0,0,1,21.3,21.3,0.0%,LB,2011
6,7,Jared Allen,6,1,1.0,0,0,0,0,0,1,21.3,21.3,0.0%,LB,2011
7,8,Akeem Ayers,6,0,1.0,1,0,0,1,0,1,21.0,21.0,0.0%,LB,2011
8,9,Navorro Bowman,10,4,0.0,0,0,0,0,0,1,20.5,20.5,0.1%,LB,2011
9,10,James Laurinaitis,6,4,1.0,1,0,0,0,0,1,20.0,20.0,0.0%,LB,2011
10,11,D.J. Williams,7,2,1.0,0,0,1,0,0,1,20.0,20.0,0.0%,LB,2011
11,12,Jamar Chaney,6,0,1.0,1,0,0,0,0,1,19.5,19.5,0.0%,LB,2011
12,13,Von Miller,4,3,1.5,0,0,0,0,0,1,19.3,19.3,2.5%,LB,2011
13,14,Scott Shanle,7,2,0.0,1,1,0,0,0,1,18.5,18.5,0.0%,LB,2011
14,15,Desmond Bishop,6,2,1.0,1,0,0,0,0,1,18.5,18.5,0.0%,LB,2011
15,16,Brian Urlacher,8,1,0.0,1,0,0,1,0,1,18.3,18.3,0.0%,LB,2011
16,17,Daryl Smith,5,5,0.5,1,0,0,0,0,1,17.3,17.3,0.0%,LB,2011
17,18,Chris Gocong,5,0,0.0,1,0,1,1,0,1,17.0,17.0,0.0%,LB,2011
18,19,Antwan Barnes,5,0,1.0,1,0,1,0,0,1,17.0,17.0,0.0%,LB,2011
19,20,David Hawthorne,5,2,0.0,2,1,0,0,0,1,17.0,17.0,0.0%,LB,2011
20,21,DeAndre Levy,6,0,0.0,0,0,0,0,0,1,16.5,16.5,0.0%,LB,2011
21,22,Manny Lawson,4,6,0.5,0,0,0,0,0,1,15.0,15.0,0.0%,LB,2011
22,23,James Anderson,8,2,0.0,1,0,0,0,0,1,15.0,15.0,0.0%,LB,2011
23,24,Scott Fujita,4,1,0.0,2,1,0,0,0,1,14.8,14.8,0.0%,LB,2011
24,25,Paul Posluszny,2,4,0.5,1,1,0,0,0,1,14.5,14.5,4.7%,LB,2011
25,26,London Fletcher,7,1,0.0,0,0,0,0,0,1,13.8,13.8,0.0%,LB,2011
26,27,Curtis Lofton,6,3,0.0,0,0,0,0,0,1,13.8,13.8,0.0%,LB,2011
27,28,Jovan Belcher,8,2,0.0,0,0,0,0,0,1,13.5,13.5,0.0%,LB,2011
28,29,DeMarcus Ware,2,0,1.0,1,0,0,0,0,1,13.5,13.5,0.0%,LB,2011
29,30,Joe Mays,8,0,0.0,1,0,0,0,0,1,13.5,13.5,0.0%,LB,2011
30,31,Will Witherspoon,2,0,1.0,0,0,1,0,0,1,13.5,13.5,0.0%,LB,2011
31,32,David Harris,5,1,0.0,0,0,0,0,0,1,13.3,13.3,4.0%,LB,2011
32,33,Stephen Tulloch,7,0,0.0,0,0,0,0,0,1,13.0,13.0,0.0%,LB,2011
33,34,Justin Durant,7,0,0.0,0,0,0,0,0,1,13.0,13.0,0.0%,LB,2011
34,35,Omar Gaither,7,3,0.0,0,0,0,0,0,1,12.8,12.8,0.0%,LB,2011
35,36,Paris Lenon,3,0,1.0,1,0,0,0,0,1,12.5,12.5,0.0%,LB,2011
36,37,Matt Roth,4,2,0.0,0,0,0,0,0,1,12.5,12.5,0.0%,LB,2011
37,38,Trent Cole,4,0,1.0,0,0,0,0,0,1,12.5,12.5,0.0%,LB,2011
38,39,Jo-Lonn Dunbar,4,3,0.0,0,0,1,0,0,1,12.3,12.3,0.0%,LB,2011
39,40,Colin McCarthy,5,3,0.0,0,0,0,0,0,1,12.3,12.3,0.0%,LB,2011
40,41,Derrick Johnson,7,2,0.0,0,0,0,0,0,1,12.0,12.0,0.0%,LB,2011
41,42,Lance Briggs,7,2,0.0,0,0,0,0,0,1,12.0,12.0,0.0%,LB,2011
42,43,Tyler Brayton,3,1,1.0,0,0,0,0,0,1,11.8,11.8,0.0%,LB,2011
43,44,Terrell Suggs,2,5,0.0,0,0,0,0,0,1,11.8,11.8,0.0%,LB,2011
44,45,Lawrence Timmons,3,1,0.0,1,1,0,0,0,1,11.8,11.8,0.1%,LB,2011
45,46,Pat Angerer,3,4,0.0,1,0,0,0,0,1,11.5,11.5,0.0%,LB,2011
46,47,Adam Hayward,7,1,0.0,0,0,0,0,0,1,11.3,11.3,0.0%,LB,2011
47,48,Chad Greenway,7,1,0.0,0,0,0,0,0,1,11.3,11.3,0.0%,LB,2011
48,49,Aaron Curry,5,1,0.0,0,0,0,0,0,1,10.8,10.8,0.0%,LB,2011
49,50,Jameel McClain,4,6,0.0,0,0,0,0,0,1,10.5,10.5,0.0%,LB,2011
50,51,Kevin Burnett,5,2,0.0,1,0,0,0,0,1,10.5,10.5,0.0%,LB,2011
51,52,Rolando McClain,3,2,0.0,3,0,0,0,0,1,10.5,10.5,0.0%,LB,2011
52,53,Robert Mathis,2,4,1.0,0,0,0,0,0,1,10.0,10.0,0.0%,LB,2011
53,54,Jerod Mayo,5,0,0.0,0,0,0,0,0,1,10.0,10.0,0.0%,LB,2011
54,55,A.J. Hawk,3,4,0.0,0,0,0,0,0,1,10.0,10.0,0.0%,LB,2011
55,56,D'Qwell Jackson,5,3,0.0,0,0,0,0,0,1,9.8,9.8,0.0%,LB,2011
56,57,Jonathan Casillas,6,1,0.0,0,0,0,0,0,1,9.8,9.8,0.0%,LB,2011
57,58,Malcolm Smith,2,0,1.0,0,0,0,0,0,1,9.5,9.5,0.0%,LB,2011
58,59,Jason Taylor,1,0,1.0,1,0,0,0,0,1,9.5,9.5,0.0%,LB,2011
59,60,Travis LaBoy,4,1,0.0,0,0,0,0,0,1,9.3,9.3,0.0%,LB,2011
60,61,Chris Chamberlain,5,2,0.0,0,0,0,0,0,1,9.0,9.0,0.0%,LB,2011
61,62,Sean Weatherspoon,4,2,0.0,1,0,0,0,0,1,9.0,9.0,0.0%,LB,2011
62,63,Ray Lewis,4,4,0.0,0,0,0,0,0,1,9.0,9.0,0.0%,LB,2011
63,64,Na'il Diggs,5,2,0.0,0,0,0,0,0,1,9.0,9.0,0.0%,LB,2011
64,65,Donald Butler,6,0,0.0,0,0,0,0,0,1,9.0,9.0,0.0%,LB,2011
65,66,Leroy Hill,4,4,0.0,0,0,0,0,0,1,9.0,9.0,0.0%,LB,2011
66,67,E.J. Henderson,4,0,0.0,0,0,0,0,0,1,8.5,8.5,0.0%,LB,2011
67,68,Philip Wheeler,2,4,0.0,0,0,0,0,0,1,8.5,8.5,1.0%,LB,2011
68,69,Calvin Pace,4,3,0.0,0,0,0,0,0,1,8.3,8.3,0.0%,LB,2011
69,70,Rey Maualuga,4,3,0.0,0,0,0,0,0,1,8.3,8.3,0.0%,LB,2011
70,71,Paul Kruger,1,0,1.0,0,0,0,0,0,1,8.0,8.0,0.0%,LB,2011
71,72,Nick Barnett,3,1,0.0,0,0,0,0,0,1,7.8,7.8,0.0%,LB,2011
72,73,John Abraham,2,3,0.0,0,0,0,0,0,1,7.8,7.8,0.0%,LB,2011
73,74,Nick Roach,3,0,0.0,2,0,0,0,0,1,7.5,7.5,0.0%,LB,2011
74,75,Koa Misi,3,0,0.0,0,0,0,0,0,1,7.0,7.0,0.0%,LB,2011
75,76,Stephen Nicholas,1,4,0.0,0,0,0,0,0,1,7.0,7.0,0.0%,LB,2011
76,77,Tamba Hali,2,2,0.0,0,0,0,0,0,1,7.0,7.0,2.0%,LB,2011
77,78,Quincy Black,3,0,0.0,0,0,0,0,0,1,7.0,7.0,0.0%,LB,2011
78,79,James Farrior,3,3,0.0,0,0,0,0,0,1,6.8,6.8,0.0%,LB,2011
79,80,Ben Leber,1,1,0.0,0,0,0,1,0,1,6.3,6.3,0.0%,LB,2011
80,81,Tracy White,4,0,0.0,0,0,0,0,0,1,6.0,6.0,0.0%,LB,2011
81,82,Kavell Conner,2,4,0.0,0,0,0,0,0,1,6.0,6.0,0.0%,LB,2011
82,83,Keith Brooking,3,2,0.0,0,0,0,0,0,1,6.0,6.0,0.0%,LB,2011
83,84,Mason Foster,3,2,0.0,0,0,0,0,0,1,6.0,6.0,0.0%,LB,2011
84,85,Thomas Keiser,2,0,0.0,0,0,0,0,0,1,5.5,5.5,0.0%,LB,2011
85,86,Danny Batten,2,0,0.0,0,0,0,0,0,1,5.5,5.5,0.0%,LB,2011
86,87,Lamarr Houston,0,2,0.0,0,0,0,1,0,1,5.5,5.5,0.0%,LB,2011
87,88,Jeff Tarpinian,3,1,0.0,0,0,0,0,0,1,5.3,5.3,0.0%,LB,2011
88,89,Sean Lee,3,1,0.0,0,0,0,0,0,1,5.3,5.3,0.0%,LB,2011
89,90,Thomas Howard,3,1,0.0,0,0,0,0,0,1,5.3,5.3,0.0%,LB,2011
90,91,Kelvin Sheppard,2,2,0.0,0,0,0,0,0,1,4.5,4.5,1.0%,LB,2011
91,92,Brady Poppinga,3,0,0.0,0,0,0,0,0,1,4.5,4.5,0.0%,LB,2011
92,93,Ahmad Brooks,2,2,0.0,0,0,0,0,0,1,4.5,4.5,0.0%,LB,2011
93,94,DeMeco Ryans,3,0,0.0,0,0,0,0,0,1,4.5,4.5,0.0%,LB,2011
94,95,Sam Acho,3,0,0.0,0,0,0,0,0,1,4.5,4.5,0.0%,LB,2011
95,96,Jarret Johnson,2,2,0.0,0,0,0,0,0,1,4.5,4.5,0.0%,LB,2011
96,97,James Harrison,2,2,0.0,0,0,0,0,0,1,4.5,4.5,0.0%,LB,2011
97,98,Akeem Jordan,3,0,0.0,0,0,0,0,0,1,4.5,4.5,0.0%,LB,2011
98,99,Greg Jones,3,0,0.0,0,0,0,0,0,1,4.5,4.5,0.0%,LB,2011
99,100,Geno Hayes,2,2,0.0,0,0,0,0,0,1,4.5,4.5,0.0%,LB,2011
100,101,Clint Session,1,0,0.0,0,0,0,0,0,1,4.0,4.0,0.0%,LB,2011
101,102,Bryan Braman,0,0,0.0,0,0,0,1,0,1,4.0,4.0,0.0%,LB,2011
102,103,Niko Koutouvides,0,0,0.0,0,0,0,1,0,1,4.0,4.0,0.0%,LB,2011
103,104,Takeo Spikes,2,1,0.0,0,0,0,0,0,1,3.8,3.8,0.0%,LB,2011
104,105,Ernie Sims,2,1,0.0,0,0,0,0,0,1,3.8,3.8,0.0%,LB,2011
105,106,Michael Boley,2,1,0.0,0,0,0,0,0,1,3.8,3.8,0.0%,LB,2011
106,107,Brian Orakpo,2,0,0.0,0,0,0,0,0,1,3.0,3.0,0.0%,LB,2011
107,108,Gerald McRath,2,0,0.0,0,0,0,0,0,1,3.0,3.0,0.0%,LB,2011
108,109,Spencer Paysinger,2,0,0.0,0,0,0,0,0,1,3.0,3.0,0.0%,LB,2011
109,110,Parys Haralson,2,0,0.0,0,0,0,0,0,1,3.0,3.0,0.0%,LB,2011
110,111,Elvis Dumervil,0,1,0.5,0,0,0,0,0,1,2.8,2.8,0.0%,LB,2011
111,112,Jason Worilds,1,1,0.0,0,0,0,0,0,1,2.3,2.3,0.0%,LB,2011
112,113,Antonio Coleman,1,1,0.0,0,0,0,0,0,1,2.3,2.3,0.0%,LB,2011
113,114,Dan Connor,1,1,0.0,0,0,0,0,0,1,2.3,2.3,0.0%,LB,2011
114,115,Erik Walden,1,1,0.0,0,0,0,0,0,1,2.3,2.3,0.0%,LB,2011
115,116,Clark Haggans,1,1,0.0,0,0,0,0,0,1,2.3,2.3,0.0%,LB,2011
116,117,Kenny Onatolu,1,0,0.0,0,0,0,0,0,1,1.5,1.5,0.0%,LB,2011
117,118,Bruce Carter,1,0,0.0,0,0,0,0,0,1,1.5,1.5,0.0%,LB,2011
118,119,Jordan Senn,1,0,0.0,0,0,0,0,0,1,1.5,1.5,0.0%,LB,2011
119,120,Willie Young,1,0,0.0,0,0,0,0,0,1,1.5,1.5,0.0%,LB,2011
120,121,Bobby Carpenter,1,0,0.0,0,0,0,0,0,1,1.5,1.5,0.0%,LB,2011
121,122,Alex Albright,1,0,0.0,0,0,0,0,0,1,1.5,1.5,0.0%,LB,2011
122,123,Bart Scott,1,0,0.0,0,0,0,0,0,1,1.5,1.5,0.0%,LB,2011
123,124,O'Brien Schofield,1,0,0.0,0,0,0,0,0,1,1.5,1.5,0.0%,LB,2011
124,125,Bryan Scott,1,0,0.0,0,0,0,0,0,1,1.5,1.5,0.0%,LB,2011
125,126,Moise Fokou,1,0,0.0,0,0,0,0,0,1,1.5,1.5,0.0%,LB,2011
126,127,Erin Henderson,1,0,0.0,0,0,0,0,0,1,1.5,1.5,0.0%,LB,2011
127,128,Vic So'oto,1,0,0.0,0,0,0,0,0,1,1.5,1.5,0.0%,LB,2011
128,129,Jamaal Westerman,1,0,0.0,0,0,0,0,0,1,1.5,1.5,0.0%,LB,2011
129,130,K.J. Wright,0,0,0.0,1,0,0,0,0,1,1.5,1.5,0.0%,LB,2011
130,131,Cameron Wake,1,0,0.0,0,0,0,0,0,1,1.5,1.5,0.0%,LB,2011
131,132,Arthur Moats,0,1,0.0,0,0,0,0,0,1,0.8,0.8,0.0%,LB,2011
132,133,Dan Skuta,0,1,0.0,0,0,0,0,0,1,0.8,0.8,0.0%,LB,2011
133,134,Ramon Humber,0,1,0.0,0,0,0,0,0,1,0.8,0.8,0.0%,LB,2011
134,135,A.J. Edds,0,1,0.0,0,0,0,0,0,1,0.8,0.8,0.0%,LB,2011
135,136,Larry Foote,0,1,0.0,0,0,0,0,0,1,0.8,0.8,0.0%,LB,2011
136,137,Brad Jones,0,1,0.0,0,0,0,0,0,1,0.8,0.8,0.0%,LB,2011
137,138,Jarvis Moss,0,1,0.0,0,0,0,0,0,1,0.8,0.8,0.0%,LB,2011
138,139,Edgar Jones,0,0,0.0,0,0,0,0,0,1,0.0,0.0,0.0%,LB,2011
139,140,Zac Diles,0,0,0.0,0,0,0,0,0,1,0.0,0.0,0.0%,LB,2011
140,141,Doug Hogue,0,0,0.0,0,0,0,0,0,1,0.0,0.0,0.0%,LB,2011
141,142,Cory Greenwood,0,0,0.0,0,0,0,0,0,1,0.0,0.0,0.0%,LB,2011
142,143,Dom DeCicco,0,0,0.0,0,0,0,0,0,1,0.0,0.0,0.0%,LB,2011
143,144,Brian Iwuh,0,0,0.0,0,0,0,0,0,1,0.0,0.0,0.0%,LB,2011
144,145,Anthony Spencer,2,0,0.0,0,0,0,0,0,1,0.0,0.0,0.0%,LB,2011
145,146,Brandon Johnson,0,0,0.0,0,0,0,0,0,1,0.0,0.0,0.0%,LB,2011
146,147,Stewart Bradley,0,0,0.0,0,0,0,0,0,1,0.0,0.0,0.0%,LB,2011
147,148,Zak DeOssie,0,0,0.0,0,0,0,0,0,1,0.0,0.0,0.0%,LB,2011
148,149,Tim Dobbins,0,0,0.0,0,0,0,0,0,1,0.0,0.0,0.0%,LB,2011
149,150,Rob Ninkovich,4,1,0.0,2,2,0,0,1,1,0.0,0.0,0.0%,LB,2011
150,151,Will Herring,0,0,0.0,0,0,0,0,0,1,0.0,0.0,0.0%,LB,2011
151,152,Heath Farwell,0,0,0.0,0,0,0,0,0,1,0.0,0.0,0.0%,LB,2011
152,153,Kamerion Wimbley,7,0,4.0,1,0,0,0,0,1,0.0,0.0,0.0%,LB,2011
153,154,Rocky McIntosh,0,0,0.0,0,0,0,0,0,1,0.0,0.0,0.0%,LB,2011
154,155,Andy Studebaker,0,0,0.0,0,0,0,0,0,1,0.0,0.0,0.0%,LB,2011
155,156,Larry Grant,0,0,0.0,0,0,0,0,0,1,0.0,0.0,0.0%,LB,2011
156,157,Antwan Applewhite,0,0,0.0,0,0,0,0,0,1,0.0,0.0,0.0%,LB,2011
157,158,Jesse Nading,0,0,0.0,0,0,0,0,0,1,0.0,0.0,0.0%,LB,2011
158,159,Everette Brown,1,0,0.0,0,0,0,0,0,1,0.0,0.0,0.0%,LB,2011
159,160,Aaron Maybin,0,0,0.0,0,0,0,0,0,1,0.0,0.0,0.0%,LB,2011
160,161,Kroy Biermann,0,1,0.0,0,0,0,0,0,1,0.0,0.0,0.0%,LB,2011
161,162,Marvin Mitchell,0,0,0.0,0,0,0,0,0,1,0.0,0.0,0.0%,LB,2011
162,163,Lorenzo Alexander,0,0,0.0,0,0,0,0,0,1,0.0,0.0,3.0%,LB,2011
163,164,Jason Trusnik,0,0,0.0,0,0,0,0,0,1,0.0,0.0,0.0%,LB,2011
164,165,Quentin Groves,0,0,0.0,0,0,0,0,0,1,0.0,0.0,0.0%,LB,2011
165,166,Chris Long,2,0,1.0,0,0,0,0,0,1,0.0,0.0,0.0%,LB,2011
166,167,Connor Barwin,1,2,1.5,0,0,0,0,0,1,0.0,0.0,0.0%,LB,2011
167,168,Brian Rolle,0,0,0.0,0,0,0,0,0,1,0.0,0.0,0.0%,LB,2011
168,169,Jacquian Williams,0,0,0.0,0,0,0,0,0,1,0.0,0.0,0.0%,LB,2011
169,170,Markus White,0,0,0.0,0,0,0,0,0,1,0.0,0.0,0.0%,LB,2011
170,171,Jabara Williams,0,0,0.0,0,0,0,0,0,1,0.0,0.0,0.0%,LB,2011
171,172,Andrew Gachkar,0,0,0.0,0,0,0,0,0,1,0.0,0.0,0.0%,LB,2011
172,173,Mark Herzlich,0,0,0.0,0,0,0,0,0,1,0.0,0.0,1.0%,LB,2011
173,174,D.J. Smith,0,0,0.0,0,0,0,0,0,1,0.0,0.0,0.0%,LB,2011
174,175,Chris White,0,0,0.0,0,0,0,0,0,1,0.0,0.0,0.0%,LB,2011
175,176,Robert Quinn,0,0,0.0,0,0,0,0,0,1,0.0,0.0,1.2%,LB,2011
176,177,Justin Houston,4,0,0.0,0,0,0,0,0,1,0.0,0.0,0.0%,LB,2011
177,178,Martez Wilson,0,0,0.0,0,0,0,0,0,1,0.0,0.0,0.0%,LB,2011
178,179,Brooks Reed,1,1,1.0,1,0,0,0,0,1,0.0,0.0,0.0%,LB,2011
179,180,Nate Irving,0,0,0.0,0,0,0,0,0,1,0.0,0.0,0.0%,LB,2011
180,181,Akeem Dent,0,0,0.0,0,0,0,0,0,1,0.0,0.0,0.0%,LB,2011
181,182,Casey Matthews,0,0,0.0,0,0,0,0,0,1,0.0,0.0,0.0%,LB,2011
182,183,Chris Carter,0,0,0.0,0,0,0,0,0,1,0.0,0.0,0.0%,LB,2011
183,184,Pernell McPhee,0,0,0.0,0,0,0,0,0,1,0.0,0.0,0.0%,LB,2011
184,185,Mike Peterson,0,0,0.0,0,0,0,0,0,1,0.0,0.0,0.0%,LB,2011
185,186,Mario Haggan,0,0,0.0,0,0,0,0,0,1,0.0,0.0,0.0%,LB,2011
186,187,Jason Babin,0,0,0.0,0,0,0,0,0,1,0.0,0.0,0.0%,LB,2011
187,188,Dwight Freeney,0,0,0.0,0,0,0,0,0,1,0.0,0.0,0.0%,LB,2011
188,189,Tim Shaw,0,0,0.0,0,0,0,0,0,1,0.0,0.0,0.0%,LB,2011
189,190,Jacob Cutrera,0,0,0.0,0,0,0,0,0,1,0.0,0.0,0.0%,LB,2011
190,191,Albert McClellan,0,0,0.0,0,0,0,0,0,1,0.0,0.0,0.0%,LB,2011
191,192,Rob Jackson,0,0,0.0,0,0,0,0,0,1,0.0,0.0,0.0%,LB,2011
192,193,Derrick Morgan,0,0,0.0,0,0,0,0,0,1,0.0,0.0,0.0%,LB,2011
193,194,Jason Pierre-Paul,2,0,0.0,0,0,0,0,0,1,0.0,0.0,0.0%,LB,2011
194,195,Jermaine Cunningham,0,0,0.0,0,0,0,0,0,1,0.0,0.0,0.0%,LB,2011
195,196,David Nixon,0,0,0.0,0,0,0,0,0,1,0.0,0.0,0.0%,LB,2011
196,197,Keenan Clayton,0,0,0.0,0,0,0,0,0,1,0.0,0.0,0.0%,LB,2011
197,198,Akwasi Owusu-Ansah,0,0,0.0,0,0,0,0,0,1,0.0,0.0,0.0%,LB,2011
198,199,Stevenson Sylvester,0,0,0.0,0,0,0,0,0,1,0.0,0.0,0.0%,LB,2011
199,200,Jason Williams,0,0,0.0,0,0,0,0,0,1,0.0,0.0,0.0%,LB,2011
200,201,Kaluka Maiava,0,0,0.0,0,0,0,0,0,1,0.0,0.0,0.0%,LB,2011
201,202,Victor Butler,0,0,0.0,0,0,0,0,0,1,0.0,0.0,0.0%,LB,2011
202,203,Lawrence Sidbury,0,0,0.0,0,0,0,0,0,1,0.0,0.0,0.0%,LB,2011
203,204,Russell Allen,0,0,0.0,0,0,0,0,0,1,0.0,0.0,0.0%,LB,2011
204,205,Ashlee Palmer,0,0,0.0,0,0,0,0,0,1,0.0,0.0,0.0%,LB,2011
205,206,Reggie Walker,0,0,0.0,0,0,0,0,0,1,0.0,0.0,0.0%,LB,2011
206,207,Cameron Sheffield,0,0,0.0,0,0,0,0,0,1,0.0,0.0,0.0%,LB,2011
207,208,Chavis Williams,0,0,0.0,0,0,0,0,0,1,0.0,0.0,0.0%,LB,2011
208,209,Darryl Blackstock,0,0,0.0,0,0,0,0,0,1,0.0,0.0,0.0%,LB,2011
209,210,Blake Costanzo,0,0,0.0,0,0,0,0,0,1,0.0,0.0,0.0%,LB,2011
210,211,Patrick Bailey,0,0,0.0,0,0,0,0,0,1,0.0,0.0,0.0%,LB,2011
211,212,Larry Dean,0,0,0.0,0,0,0,0,0,1,0.0,0.0,0.0%,LB,2011
212,213,Joshua Mauga,0,0,0.0,0,0,0,0,0,1,0.0,0.0,0.0%,LB,2011
213,214,Vincent Rey,0,0,0.0,0,0,0,0,0,1,0.0,0.0,0.0%,LB,2011
214,215,Bront Bird,0,0,0.0,0,0,0,0,0,1,0.0,0.0,0.0%,LB,2011
215,216,Mister Alexander,0,0,0.0,0,0,0,0,0,1,0.0,0.0,0.0%,LB,2011
216,217,Garrett McIntyre,0,0,0.0,0,0,0,0,0,1,0.0,0.0,0.0%,LB,2011
217,218,Kyle Bosworth,0,0,0.0,0,0,0,0,0,1,0.0,0.0,0.0%,LB,2011
218,219,Austin Spitler,0,0,0.0,0,0,0,0,0,1,0.0,0.0,0.0%,LB,2011
219,220,Junior Galette,0,0,0.0,0,0,0,0,0,1,0.0,0.0,0.0%,LB,2011
220,221,Nick Bellore,0,0,0.0,0,0,0,0,0,1,0.0,0.0,7.0%,LB,2011
221,222,Quinton Spears,0,0,0.0,0,0,0,0,0,1,0.0,0.0,0.0%,LB,2011
222,223,Adrian Moten,0,0,0.0,0,0,0,0,0,1,0.0,0.0,0.0%,LB,2011
223,224,Garrison Sanborn,0,0,0.0,0,0,0,0,0,1,0.0,0.0,0.0%,LB,2011
224,225,Cullen Loeffler,0,0,0.0,0,0,0,0,0,1,0.0,0.0,0.0%,LB,2011
225,226,John Denney,0,0,0.0,0,0,0,0,0,1,0.0,0.0,0.0%,LB,2011
226,227,Jeremy Cain,0,0,0.0,0,0,0,0,0,1,0.0,0.0,0.0%,LB,2011
227,228,Tanner Purdum,0,0,0.0,0,0,0,0,0,1,0.0,0.0,0.0%,LB,2011
228,229,Morgan Cox,0,0,0.0,0,0,0,0,0,1,0.0,0.0,0.0%,LB,2011
229,230,Greg Warren,0,0,0.0,0,0,0,0,0,1,0.0,0.0,0.0%,LB,2011
230,231,Patrick Mannelly,0,0,0.0,0,0,0,0,0,1,0.0,0.0,0.0%,LB,2011
231,232,Andrew Economos,0,0,0.0,0,0,0,0,0,1,0.0,0.0,0.0%,LB,2011
232,233,Jon Weeks,0,0,0.0,0,0,0,0,0,1,0.0,0.0,0.0%,LB,2011
233,234,Mike Windt,0,0,0.0,0,0,0,0,0,1,0.0,0.0,0.0%,LB,2011
234,235,Jon Condo,0,0,0.0,0,0,0,0,0,1,0.0,0.0,0.0%,LB,2011
235,236,Clint Gresham,0,0,0.0,0,0,0,0,0,1,0.0,0.0,0.0%,LB,2011
236,237,Thomas Gafford,0,0,0.0,0,0,0,0,0,1,0.0,0.0,0.0%,LB,2011
237,238,L.P. LaDouceur,0,0,0.0,0,0,0,0,0,1,0.0,0.0,0.0%,LB,2011
238,239,Jon Dorenbos,0,0,0.0,0,0,0,0,0,1,0.0,0.0,0.0%,LB,2011
239,240,Danny Aiken,0,0,0.0,0,0,0,0,0,1,0.0,0.0,0.0%,LB,2011
240,241,Nick Sundberg,0,0,0.0,0,0,0,0,0,1,0.0,0.0,0.0%,LB,2011
241,242,Don Muhlbach,0,0,0.0,0,0,0,0,0,1,0.0,0.0,0.0%,LB,2011
242,243,Jake McQuaide,0,0,0.0,0,0,0,0,0,1,0.0,0.0,0.0%,LB,2011
243,244,Brett Goode,0,0,0.0,0,0,0,0,0,1,0.0,0.0,0.0%,LB,2011
244,245,JJ Jansen,0,0,0.0,0,0,0,0,0,1,0.0,0.0,0.0%,LB,2011
245,246,Justin Drescher,0,0,0.0,0,0,0,0,0,1,0.0,0.0,0.0%,LB,2011
