,Rank,Player,Tackle,Assist,Sack,Pass Defended,Interception,Forced Fumble,Fumble Recovery,Defend Touchdown,Games Played,Fantasy Football Points,FTPS/Game,ROST,Position,Year
0,1,London Fletcher,9,7,1.0,0,0,1,0,0,1,31.8,31.8,0.0%,LB,2011
1,2,Von Miller,8,1,1.5,1,0,0,0,0,1,27.8,27.8,2.5%,LB,2011
2,3,Colin McCarthy,10,0,0.0,0,0,1,0,0,1,26.5,26.5,0.0%,LB,2011
3,4,Patrick Willis,6,1,0.0,3,1,1,0,0,1,23.3,23.3,0.0%,LB,2011
4,5,Chad Greenway,7,8,1.0,0,0,0,0,0,1,23.0,23.0,0.0%,LB,2011
5,6,James Laurinaitis,13,0,0.0,0,0,0,0,0,1,22.0,22.0,0.0%,LB,2011
6,7,E.J. Henderson,7,2,1.0,0,0,0,0,0,1,21.0,21.0,0.0%,LB,2011
7,8,James Anderson,7,3,0.0,2,1,0,0,0,1,20.8,20.8,0.0%,LB,2011
8,9,Thomas Keiser,5,0,2.0,0,0,0,0,0,1,20.5,20.5,0.0%,LB,2011
9,10,Nick Barnett,6,1,1.0,0,0,0,0,0,1,18.8,18.8,0.0%,LB,2011
10,11,DeAndre Levy,5,3,0.0,1,1,0,0,0,1,18.8,18.8,0.0%,LB,2011
11,12,Derrick Johnson,7,5,0.0,1,0,0,0,0,1,18.3,18.3,0.0%,LB,2011
12,13,Desmond Bishop,7,2,0.0,0,0,0,0,0,1,17.0,17.0,0.0%,LB,2011
13,14,Stephen Tulloch,5,1,0.0,2,1,0,0,0,1,16.3,16.3,0.0%,LB,2011
14,15,Quincy Black,7,1,0.0,0,0,0,0,0,1,16.3,16.3,0.0%,LB,2011
15,16,D'Qwell Jackson,7,2,0.0,1,0,0,0,0,1,16.0,16.0,0.0%,LB,2011
16,17,Lance Briggs,4,1,0.0,0,0,1,0,0,1,15.8,15.8,0.0%,LB,2011
17,18,Jamar Chaney,4,2,0.0,2,1,0,0,0,1,15.5,15.5,0.0%,LB,2011
18,19,Erik Walden,5,2,1.0,0,0,0,0,0,1,15.5,15.5,0.0%,LB,2011
19,20,Daryl Washington,5,0,0.0,1,1,0,0,0,1,14.0,14.0,0.0%,LB,2011
20,21,Robert Quinn,5,0,1.0,0,0,0,0,0,1,14.0,14.0,1.2%,LB,2011
21,22,Jerod Mayo,7,4,0.0,0,0,0,0,0,1,13.5,13.5,0.0%,LB,2011
22,23,Paris Lenon,9,0,0.0,0,0,0,0,0,1,13.5,13.5,0.0%,LB,2011
23,24,Calvin Pace,3,1,1.0,0,0,1,0,0,1,13.3,13.3,0.0%,LB,2011
24,25,Jameel McClain,8,1,0.0,0,0,0,0,0,1,12.8,12.8,0.0%,LB,2011
25,26,Chris Chamberlain,4,0,0.0,1,1,0,0,0,1,12.5,12.5,0.0%,LB,2011
26,27,Bart Scott,4,0,0.0,0,0,0,1,0,1,12.5,12.5,0.0%,LB,2011
27,28,Jason Babin,3,0,1.0,0,0,1,0,0,1,12.5,12.5,0.0%,LB,2011
28,29,Elvis Dumervil,2,1,1.5,0,0,0,0,0,1,12.3,12.3,0.0%,LB,2011
29,30,Kelvin Sheppard,6,1,0.0,0,0,0,0,0,1,12.3,12.3,1.0%,LB,2011
30,31,D.J. Williams,5,1,0.0,0,0,1,0,0,1,12.3,12.3,0.0%,LB,2011
31,32,Sean Lee,6,4,0.0,0,0,0,0,0,1,12.0,12.0,0.0%,LB,2011
32,33,Perry Riley,5,5,0.0,0,0,0,0,0,1,11.3,11.3,0.0%,LB,2011
33,34,Leroy Hill,3,0,1.0,0,0,0,0,0,1,11.0,11.0,0.0%,LB,2011
34,35,John Abraham,3,0,1.0,0,0,0,0,0,1,11.0,11.0,0.0%,LB,2011
35,36,Ahmad Brooks,3,0,1.0,0,0,0,0,0,1,11.0,11.0,0.0%,LB,2011
36,37,Manny Lawson,5,1,0.0,0,0,0,0,0,1,10.8,10.8,0.0%,LB,2011
37,38,Curtis Lofton,3,3,0.0,1,0,0,0,0,1,10.8,10.8,0.0%,LB,2011
38,39,Jordan Senn,3,3,0.0,0,0,1,0,0,1,10.8,10.8,0.0%,LB,2011
39,40,Tamba Hali,2,1,1.0,0,0,0,0,0,1,10.3,10.3,2.0%,LB,2011
40,41,Pernell McPhee,2,1,1.0,0,0,0,0,0,1,10.3,10.3,0.0%,LB,2011
41,42,Navorro Bowman,3,0,0.0,1,0,0,1,0,1,10.0,10.0,0.1%,LB,2011
42,43,O'Brien Schofield,5,0,0.0,0,0,0,0,0,1,10.0,10.0,0.0%,LB,2011
43,44,Daryl Smith,5,3,0.0,0,0,0,0,0,1,9.8,9.8,0.0%,LB,2011
44,45,A.J. Hawk,5,1,0.0,1,0,0,0,0,1,9.8,9.8,0.0%,LB,2011
45,46,Jason Taylor,1,0,1.0,0,0,1,0,0,1,9.5,9.5,0.0%,LB,2011
46,47,Akeem Ayers,3,0,0.0,0,0,0,0,0,1,9.5,9.5,0.0%,LB,2011
47,48,Victor Butler,1,2,1.0,0,0,0,0,0,1,9.5,9.5,0.0%,LB,2011
48,49,David Hawthorne,3,1,0.0,0,0,0,1,0,1,9.3,9.3,0.0%,LB,2011
49,50,Wesley Woodyard,5,2,0.0,0,0,0,0,0,1,9.0,9.0,0.0%,LB,2011
50,51,DeMarcus Ware,1,1,1.0,0,0,0,0,0,1,8.8,8.8,0.0%,LB,2011
51,52,Aaron Curry,2,2,0.0,0,0,0,1,0,1,8.5,8.5,0.0%,LB,2011
52,53,Karlos Dansby,4,0,0.0,0,0,0,0,0,1,8.5,8.5,0.1%,LB,2011
53,54,David Harris,5,1,0.0,0,0,0,0,0,1,8.3,8.3,4.0%,LB,2011
54,55,Brian Rolle,3,1,0.0,0,0,0,0,0,1,7.8,7.8,0.0%,LB,2011
55,56,Paul Posluszny,2,3,0.5,0,0,0,0,0,1,7.3,7.3,4.7%,LB,2011
56,57,Will Witherspoon,2,0,0.0,0,0,0,1,0,1,7.0,7.0,0.0%,LB,2011
57,58,Jarret Johnson,3,0,0.0,0,0,0,0,0,1,7.0,7.0,0.0%,LB,2011
58,59,Bryan Scott,3,1,0.0,1,0,0,0,0,1,6.8,6.8,0.0%,LB,2011
59,60,Kevin Burnett,2,1,0.0,0,0,0,0,0,1,6.3,6.3,0.0%,LB,2011
60,61,Terrell Suggs,3,2,0.0,0,0,0,0,0,1,6.0,6.0,0.0%,LB,2011
61,62,Brendon Ayanbadejo,4,0,0.0,0,0,0,0,0,1,6.0,6.0,0.0%,LB,2011
62,63,Jovan Belcher,2,4,0.0,0,0,0,0,0,1,6.0,6.0,0.0%,LB,2011
63,64,Na'il Diggs,4,0,0.0,0,0,0,0,0,1,6.0,6.0,0.0%,LB,2011
64,65,Sam Acho,3,2,0.0,0,0,0,0,0,1,6.0,6.0,0.0%,LB,2011
65,66,Brian Orakpo,2,4,0.0,0,0,0,0,0,1,6.0,6.0,0.0%,LB,2011
66,67,Jacquian Williams,4,0,0.0,0,0,0,0,0,1,6.0,6.0,0.0%,LB,2011
67,68,Gary Guyton,3,2,0.0,0,0,0,0,0,1,6.0,6.0,0.0%,LB,2011
68,69,Matt Roth,2,1,0.5,0,0,0,0,0,1,5.8,5.8,0.0%,LB,2011
69,70,Barrett Ruud,2,0,0.0,0,0,0,0,0,1,5.5,5.5,0.0%,LB,2011
70,71,K.J. Wright,2,0,0.0,0,0,0,0,0,1,5.5,5.5,0.0%,LB,2011
71,72,Omar Gaither,2,3,0.0,0,0,0,0,0,1,5.3,5.3,0.0%,LB,2011
72,73,Tracy White,3,1,0.0,0,0,0,0,0,1,5.3,5.3,0.0%,LB,2011
73,74,Keenan Clayton,3,1,0.0,0,0,0,0,0,1,5.3,5.3,0.0%,LB,2011
74,75,Rey Maualuga,3,1,0.0,0,0,0,0,0,1,5.3,5.3,0.0%,LB,2011
75,76,Stewart Bradley,2,1,0.0,1,0,0,0,0,1,5.3,5.3,0.0%,LB,2011
76,77,Rolando McClain,2,1,0.0,1,0,0,0,0,1,5.3,5.3,0.0%,LB,2011
77,78,Chris Gocong,2,2,0.0,0,0,0,0,0,1,4.5,4.5,0.0%,LB,2011
78,79,Clint Session,2,2,0.0,0,0,0,0,0,1,4.5,4.5,0.0%,LB,2011
79,80,Spencer Paysinger,3,0,0.0,0,0,0,0,0,1,4.5,4.5,0.0%,LB,2011
80,81,Clark Haggans,3,0,0.0,0,0,0,0,0,1,4.5,4.5,0.0%,LB,2011
81,82,Mark Herzlich,2,2,0.0,0,0,0,0,0,1,4.5,4.5,1.0%,LB,2011
82,83,Takeo Spikes,3,0,0.0,0,0,0,0,0,1,4.5,4.5,0.0%,LB,2011
83,84,Sean Weatherspoon,3,0,0.0,0,0,0,0,0,1,4.5,4.5,0.0%,LB,2011
84,85,Thomas Howard,2,0,0.0,1,0,0,0,0,1,4.5,4.5,0.0%,LB,2011
85,86,Joe Mays,3,0,0.0,0,0,0,0,0,1,4.5,4.5,0.0%,LB,2011
86,87,Scott Fujita,3,0,0.0,0,0,0,0,0,1,4.5,4.5,0.0%,LB,2011
87,88,Nick Roach,1,0,0.0,0,0,0,0,0,1,4.0,4.0,0.0%,LB,2011
88,89,Dannell Ellerbe,2,1,0.0,0,0,0,0,0,1,3.8,3.8,0.0%,LB,2011
89,90,Brian Urlacher,1,3,0.0,0,0,0,0,0,1,3.8,3.8,0.0%,LB,2011
90,91,Donald Butler,2,1,0.0,0,0,0,0,0,1,3.8,3.8,0.0%,LB,2011
91,92,Trent Cole,2,1,0.0,0,0,0,0,0,1,3.8,3.8,0.0%,LB,2011
92,93,Garrett McIntyre,2,1,0.0,0,0,0,0,0,1,3.8,3.8,0.0%,LB,2011
93,94,Brady Poppinga,2,0,0.0,0,0,0,0,0,1,3.0,3.0,0.0%,LB,2011
94,95,Mason Foster,2,0,0.0,0,0,0,0,0,1,3.0,3.0,0.0%,LB,2011
95,96,Travis LaBoy,2,0,0.0,0,0,0,0,0,1,3.0,3.0,0.0%,LB,2011
96,97,Clay Matthews,2,0,0.0,0,0,0,0,0,1,3.0,3.0,0.0%,LB,2011
97,98,Malcolm Smith,2,0,0.0,0,0,0,0,0,1,3.0,3.0,0.0%,LB,2011
98,99,Justin Durant,2,0,0.0,0,0,0,0,0,1,3.0,3.0,0.0%,LB,2011
99,100,Bradie James,0,4,0.0,0,0,0,0,0,1,3.0,3.0,0.0%,LB,2011
100,101,Russell Allen,0,1,0.5,0,0,0,0,0,1,2.8,2.8,0.0%,LB,2011
101,102,Geno Hayes,1,1,0.0,0,0,0,0,0,1,2.3,2.3,0.0%,LB,2011
102,103,Lamarr Houston,1,1,0.0,0,0,0,0,0,1,2.3,2.3,0.0%,LB,2011
103,104,Vic So'oto,1,0,0.0,0,0,0,0,0,1,1.5,1.5,0.0%,LB,2011
104,105,Kirk Morrison,1,0,0.0,0,0,0,0,0,1,1.5,1.5,0.0%,LB,2011
105,106,Parys Haralson,1,0,0.0,0,0,0,0,0,1,1.5,1.5,0.0%,LB,2011
106,107,Keith Brooking,0,2,0.0,0,0,0,0,0,1,1.5,1.5,0.0%,LB,2011
107,108,Jared Allen,0,2,0.0,0,0,0,0,0,1,1.5,1.5,0.0%,LB,2011
108,109,Derrick Morgan,1,0,0.0,0,0,0,0,0,1,1.5,1.5,0.0%,LB,2011
109,110,Brad Jones,1,0,0.0,0,0,0,0,0,1,1.5,1.5,0.0%,LB,2011
110,111,Rocky McIntosh,1,0,0.0,0,0,0,0,0,1,1.5,1.5,0.0%,LB,2011
111,112,Austin Spitler,1,0,0.0,0,0,0,0,0,1,1.5,1.5,0.0%,LB,2011
112,113,Chris Kelsay,0,0,0.0,1,0,0,0,0,1,1.5,1.5,0.0%,LB,2011
113,114,Antwan Barnes,1,0,0.0,0,0,0,0,0,1,1.5,1.5,0.0%,LB,2011
114,115,Joshua Mauga,1,0,0.0,0,0,0,0,0,1,1.5,1.5,0.0%,LB,2011
115,116,Kenny Onatolu,1,0,0.0,0,0,0,0,0,1,1.5,1.5,0.0%,LB,2011
116,117,Cameron Wake,1,0,0.0,0,0,0,0,0,1,1.5,1.5,0.0%,LB,2011
117,118,Brandon Johnson,0,1,0.0,0,0,0,0,0,1,0.8,0.8,0.0%,LB,2011
118,119,Andy Studebaker,0,1,0.0,0,0,0,0,0,1,0.8,0.8,0.0%,LB,2011
119,120,Akeem Jordan,0,1,0.0,0,0,0,0,0,1,0.8,0.8,0.0%,LB,2011
120,121,Shaun Smith,0,1,0.0,0,0,0,0,0,1,0.8,0.8,0.0%,LB,2011
121,122,Edgar Jones,0,0,0.0,0,0,0,0,0,1,0.0,0.0,0.0%,LB,2011
122,123,Michael Lockley,0,0,0.0,0,0,0,0,0,1,0.0,0.0,0.0%,LB,2011
123,124,Kion Wilson,0,0,0.0,0,0,0,0,0,1,0.0,0.0,0.0%,LB,2011
124,125,Niko Koutouvides,0,0,0.0,0,0,0,0,0,1,0.0,0.0,0.0%,LB,2011
125,126,Tim Shaw,0,0,0.0,0,0,0,0,0,1,0.0,0.0,0.0%,LB,2011
126,127,Jacob Cutrera,0,0,0.0,0,0,0,0,0,1,0.0,0.0,0.0%,LB,2011
127,128,Cory Greenwood,0,0,0.0,0,0,0,0,0,1,0.0,0.0,0.0%,LB,2011
128,129,Dom DeCicco,0,0,0.0,0,0,0,0,0,1,0.0,0.0,0.0%,LB,2011
129,130,Doug Hogue,0,0,0.0,0,0,0,0,0,1,0.0,0.0,0.0%,LB,2011
130,131,Zac Diles,0,0,0.0,0,0,0,0,0,1,0.0,0.0,0.0%,LB,2011
131,132,Anthony Spencer,3,1,0.0,0,0,0,0,0,1,0.0,0.0,0.0%,LB,2011
132,133,Rob Ninkovich,6,0,1.0,0,0,0,0,0,1,0.0,0.0,0.0%,LB,2011
133,134,Zak DeOssie,0,0,0.0,0,0,0,0,0,1,0.0,0.0,0.0%,LB,2011
134,135,Heath Farwell,0,0,0.0,0,0,0,0,0,1,0.0,0.0,0.0%,LB,2011
135,136,Kamerion Wimbley,2,2,0.0,0,0,0,0,0,1,0.0,0.0,0.0%,LB,2011
136,137,Stephen Nicholas,0,0,0.0,0,0,0,0,0,1,0.0,0.0,0.0%,LB,2011
137,138,Chris Long,2,0,1.0,0,0,0,0,0,1,0.0,0.0,0.0%,LB,2011
138,139,Bryan Kehl,0,0,0.0,0,0,0,0,0,1,0.0,0.0,0.0%,LB,2011
139,140,Kroy Biermann,1,1,0.0,0,0,0,0,0,1,0.0,0.0,0.0%,LB,2011
140,141,Larry Grant,0,0,0.0,0,0,0,0,0,1,0.0,0.0,0.0%,LB,2011
141,142,Quentin Groves,0,0,0.0,0,0,0,0,0,1,0.0,0.0,0.0%,LB,2011
142,143,Antwan Applewhite,0,0,0.0,0,0,0,0,0,1,0.0,0.0,0.0%,LB,2011
143,144,Everette Brown,1,0,0.0,0,0,0,0,0,1,0.0,0.0,0.0%,LB,2011
144,145,Tavares Gooden,0,0,0.0,0,0,0,0,0,1,0.0,0.0,0.0%,LB,2011
145,146,Adam Hayward,0,0,0.0,0,0,0,0,0,1,0.0,0.0,0.0%,LB,2011
146,147,Marvin Mitchell,0,0,0.0,0,0,0,0,0,1,0.0,0.0,0.0%,LB,2011
147,148,Lorenzo Alexander,0,0,0.0,0,0,0,0,0,1,0.0,0.0,3.0%,LB,2011
148,149,Jason Trusnik,0,0,0.0,0,0,0,0,0,1,0.0,0.0,0.0%,LB,2011
149,150,Greg Jones,0,0,0.0,0,0,0,0,0,1,0.0,0.0,0.0%,LB,2011
150,151,Andrew Gachkar,0,0,0.0,0,0,0,0,0,1,0.0,0.0,0.0%,LB,2011
151,152,D.J. Smith,0,0,0.0,0,0,0,0,0,1,0.0,0.0,0.0%,LB,2011
152,153,Mike Peterson,0,0,0.0,0,0,0,0,0,1,0.0,0.0,0.0%,LB,2011
153,154,Justin Houston,2,0,0.0,0,0,0,0,0,1,0.0,0.0,0.0%,LB,2011
154,155,Bruce Carter,0,0,0.0,0,0,0,0,0,1,0.0,0.0,0.0%,LB,2011
155,156,Nate Irving,0,0,0.0,0,0,0,0,0,1,0.0,0.0,0.0%,LB,2011
156,157,Akeem Dent,0,0,0.0,0,0,0,0,0,1,0.0,0.0,0.0%,LB,2011
157,158,Casey Matthews,0,0,0.0,0,0,0,0,0,1,0.0,0.0,0.0%,LB,2011
158,159,Mario Haggan,0,0,0.0,0,0,0,0,0,1,0.0,0.0,0.0%,LB,2011
159,160,Aaron Maybin,0,0,0.0,0,0,0,0,0,1,0.0,0.0,0.0%,LB,2011
160,161,Blake Costanzo,0,0,0.0,0,0,0,0,0,1,0.0,0.0,0.0%,LB,2011
161,162,Patrick Bailey,0,0,0.0,0,0,0,0,0,1,0.0,0.0,0.0%,LB,2011
162,163,Dan Skuta,0,0,0.0,0,0,0,0,0,1,0.0,0.0,0.0%,LB,2011
163,164,Josh Hull,0,0,0.0,0,0,0,0,0,1,0.0,0.0,0.0%,LB,2011
164,165,Vincent Rey,0,0,0.0,0,0,0,0,0,1,0.0,0.0,0.0%,LB,2011
165,166,Bront Bird,0,0,0.0,0,0,0,0,0,1,0.0,0.0,0.0%,LB,2011
166,167,Chavis Williams,0,0,0.0,0,0,0,0,0,1,0.0,0.0,0.0%,LB,2011
167,168,Darryl Blackstock,0,0,0.0,0,0,0,0,0,1,0.0,0.0,0.0%,LB,2011
168,169,Albert McClellan,0,0,0.0,0,0,0,0,0,1,0.0,0.0,0.0%,LB,2011
169,170,Rob Jackson,0,0,0.0,0,0,0,0,0,1,0.0,0.0,0.0%,LB,2011
170,171,David Nixon,0,0,0.0,0,0,0,0,0,1,0.0,0.0,0.0%,LB,2011
171,172,Ashlee Palmer,0,0,0.0,0,0,0,0,0,1,0.0,0.0,0.0%,LB,2011
172,173,Reggie Walker,0,0,0.0,0,0,0,0,0,1,0.0,0.0,0.0%,LB,2011
173,174,Jason Pierre-Paul,3,1,1.0,0,0,0,0,0,1,0.0,0.0,0.0%,LB,2011
174,175,Koa Misi,0,0,0.0,0,0,0,0,0,1,0.0,0.0,0.0%,LB,2011
175,176,Jamaal Westerman,0,0,0.0,0,0,0,0,0,1,0.0,0.0,0.0%,LB,2011
176,177,Moise Fokou,0,0,0.0,0,0,0,0,0,1,0.0,0.0,0.0%,LB,2011
177,178,Kaluka Maiava,0,0,0.0,0,0,0,0,0,1,0.0,0.0,0.0%,LB,2011
178,179,Paul Kruger,0,0,0.0,0,0,0,0,0,1,0.0,0.0,0.0%,LB,2011
179,180,Jason Williams,0,0,0.0,0,0,0,0,0,1,0.0,0.0,0.0%,LB,2011
180,181,Lawrence Sidbury,0,0,0.0,0,0,0,0,0,1,0.0,0.0,0.0%,LB,2011
181,182,Spencer Adkins,0,0,0.0,0,0,0,0,0,1,0.0,0.0,0.0%,LB,2011
182,183,Quinton Spears,0,0,0.0,0,0,0,0,0,1,0.0,0.0,0.0%,LB,2011
183,184,Nick Bellore,0,0,0.0,0,0,0,0,0,1,0.0,0.0,7.0%,LB,2011
184,185,Alex Albright,0,0,0.0,0,0,0,0,0,1,0.0,0.0,0.0%,LB,2011
185,186,Larry Dean,0,0,0.0,0,0,0,0,0,1,0.0,0.0,0.0%,LB,2011
186,187,Jermaine Cunningham,0,0,0.0,0,0,0,0,0,1,0.0,0.0,0.0%,LB,2011
187,188,Cameron Sheffield,0,0,0.0,0,0,0,0,0,1,0.0,0.0,0.0%,LB,2011
188,189,Mike Neal,0,0,0.0,0,0,0,0,0,1,0.0,0.0,0.0%,LB,2011
189,190,Akwasi Owusu-Ansah,0,0,0.0,0,0,0,0,0,1,0.0,0.0,0.0%,LB,2011
190,191,Arthur Moats,0,0,0.0,0,0,0,0,0,1,0.0,0.0,0.0%,LB,2011
191,192,Danny Batten,0,0,0.0,0,0,0,0,0,1,0.0,0.0,0.0%,LB,2011
192,193,Patrick Mannelly,0,0,0.0,0,0,0,0,0,1,0.0,0.0,0.0%,LB,2011
193,194,Andrew Economos,0,0,0.0,0,0,0,0,0,1,0.0,0.0,0.0%,LB,2011
194,195,Jeremy Cain,0,0,0.0,0,0,0,0,0,1,0.0,0.0,0.0%,LB,2011
195,196,Cullen Loeffler,0,0,0.0,0,0,0,0,0,1,0.0,0.0,0.0%,LB,2011
196,197,Garrison Sanborn,0,0,0.0,0,0,0,0,0,1,0.0,0.0,0.0%,LB,2011
197,198,JJ Jansen,0,0,0.0,0,0,0,0,0,1,0.0,0.0,0.0%,LB,2011
198,199,Don Muhlbach,0,0,0.0,0,0,0,0,0,1,0.0,0.0,0.0%,LB,2011
199,200,Brett Goode,0,0,0.0,0,0,0,0,0,1,0.0,0.0,0.0%,LB,2011
200,201,Nick Sundberg,0,0,0.0,0,0,0,0,0,1,0.0,0.0,0.0%,LB,2011
201,202,Jake McQuaide,0,0,0.0,0,0,0,0,0,1,0.0,0.0,0.0%,LB,2011
202,203,Clint Gresham,0,0,0.0,0,0,0,0,0,1,0.0,0.0,0.0%,LB,2011
203,204,John Denney,0,0,0.0,0,0,0,0,0,1,0.0,0.0,0.0%,LB,2011
204,205,Tanner Purdum,0,0,0.0,0,0,0,0,0,1,0.0,0.0,0.0%,LB,2011
205,206,Morgan Cox,0,0,0.0,0,0,0,0,0,1,0.0,0.0,0.0%,LB,2011
206,207,Danny Aiken,0,0,0.0,0,0,0,0,0,1,0.0,0.0,0.0%,LB,2011
207,208,Mike Windt,0,0,0.0,0,0,0,0,0,1,0.0,0.0,0.0%,LB,2011
208,209,Jon Condo,0,0,0.0,0,0,0,0,0,1,0.0,0.0,0.0%,LB,2011
209,210,Thomas Gafford,0,0,0.0,0,0,0,0,0,1,0.0,0.0,0.0%,LB,2011
210,211,L.P. LaDouceur,0,0,0.0,0,0,0,0,0,1,0.0,0.0,0.0%,LB,2011
211,212,Jon Dorenbos,0,0,0.0,0,0,0,0,0,1,0.0,0.0,0.0%,LB,2011
