,Rank,Player,Tackle,Assist,Sack,Pass Defended,Interception,Forced Fumble,Fumble Recovery,Defend Touchdown,Games Played,Fantasy Football Points,FTPS/Game,ROST,Position,Year
0,1,Jordan Senn,12,2,0.0,1,1,1,0,0,1,32.5,32.5,0.0%,LB,2011
1,2,Pat Angerer,7,5,0.0,2,1,1,0,0,1,31.3,31.3,0.0%,LB,2011
2,3,John Abraham,4,1,3.5,0,0,2,0,0,1,31.3,31.3,0.0%,LB,2011
3,4,Antwan Barnes,5,1,4.0,0,0,0,0,0,1,29.3,29.3,0.0%,LB,2011
4,5,Chris Gocong,7,2,2.0,0,0,0,0,0,1,27.5,27.5,0.0%,LB,2011
5,6,Jason Babin,4,0,3.0,0,0,0,0,0,1,25.5,25.5,0.0%,LB,2011
6,7,Tamba Hali,4,0,3.0,0,0,1,0,0,1,24.5,24.5,2.0%,LB,2011
7,8,London Fletcher,10,2,0.0,1,0,1,0,0,1,24.5,24.5,0.0%,LB,2011
8,9,James Anderson,5,1,0.0,1,1,0,1,0,1,21.3,21.3,0.0%,LB,2011
9,10,Shaun Phillips,4,2,0.5,1,1,0,0,0,1,21.0,21.0,0.0%,LB,2011
10,11,Cameron Wake,6,1,1.0,1,0,0,0,0,1,20.3,20.3,0.0%,LB,2011
11,12,Ernie Sims,8,7,0.0,0,0,0,0,0,1,19.8,19.8,0.0%,LB,2011
12,13,D'Qwell Jackson,12,1,0.0,0,0,0,0,0,1,18.8,18.8,0.0%,LB,2011
13,14,David Harris,6,1,0.0,1,1,0,0,0,1,18.8,18.8,4.0%,LB,2011
14,15,Rolando McClain,7,2,1.0,0,0,0,0,0,1,18.5,18.5,0.0%,LB,2011
15,16,O'Brien Schofield,2,1,2.0,0,0,1,0,0,1,18.3,18.3,0.0%,LB,2011
16,17,Brian Cushing,9,3,0.0,0,0,0,0,0,1,18.3,18.3,0.0%,LB,2011
17,18,E.J. Henderson,9,2,0.0,0,0,0,0,0,1,17.5,17.5,0.0%,LB,2011
18,19,Chris Kelsay,5,2,1.0,0,0,1,0,0,1,17.0,17.0,0.0%,LB,2011
19,20,Curtis Lofton,6,2,0.0,0,0,0,1,0,1,17.0,17.0,0.0%,LB,2011
20,21,Michael Boley,10,2,0.0,0,0,0,0,0,1,16.5,16.5,0.0%,LB,2011
21,22,Navorro Bowman,7,1,0.0,0,0,0,0,0,1,16.3,16.3,0.1%,LB,2011
22,23,Derrick Johnson,7,0,0.0,1,0,1,0,0,1,16.0,16.0,0.0%,LB,2011
23,24,Larry Grant,4,1,0.0,4,0,0,0,0,1,15.3,15.3,0.0%,LB,2011
24,25,Aaron Curry,2,1,0.0,1,0,0,1,1,1,15.3,15.3,0.0%,LB,2011
25,26,Phillip Hunt,5,1,1.0,0,0,0,0,0,1,14.8,14.8,0.0%,LB,2011
26,27,Dekoda Watson,3,0,0.0,0,0,0,1,1,1,14.5,14.5,0.0%,LB,2011
27,28,K.J. Wright,8,0,0.0,0,0,0,0,0,1,14.5,14.5,0.0%,LB,2011
28,29,Ray Lewis,9,1,0.0,0,0,0,0,0,1,14.3,14.3,0.0%,LB,2011
29,30,D.J. Smith,6,3,0.0,0,0,0,0,0,1,13.8,13.8,0.0%,LB,2011
30,31,Thomas Howard,8,2,0.0,0,0,0,0,0,1,13.5,13.5,0.0%,LB,2011
31,32,Stephen Tulloch,8,2,0.0,0,0,0,0,0,1,13.5,13.5,0.0%,LB,2011
32,33,Takeo Spikes,2,2,0.0,1,1,0,0,0,1,13.5,13.5,0.0%,LB,2011
33,34,Justin Durant,5,2,0.0,0,0,1,0,0,1,13.0,13.0,0.0%,LB,2011
34,35,Chad Greenway,5,7,0.0,0,0,0,0,0,1,12.8,12.8,0.0%,LB,2011
35,36,Bart Scott,4,0,1.0,0,0,0,0,0,1,12.5,12.5,0.0%,LB,2011
36,37,Kaluka Maiava,5,0,0.0,0,0,0,0,0,1,12.5,12.5,0.0%,LB,2011
37,38,Dan Connor,6,1,0.0,0,0,0,0,0,1,12.3,12.3,0.0%,LB,2011
38,39,Paris Lenon,6,1,0.0,0,0,0,0,0,1,12.3,12.3,0.0%,LB,2011
39,40,David Hawthorne,6,1,0.0,0,0,0,0,0,1,12.3,12.3,0.0%,LB,2011
40,41,DeAndre Levy,7,2,0.0,0,0,0,0,0,1,12.0,12.0,0.0%,LB,2011
41,42,DeMeco Ryans,6,2,0.0,1,0,0,0,0,1,12.0,12.0,0.0%,LB,2011
42,43,Brian Urlacher,6,0,0.0,0,0,0,0,0,1,11.5,11.5,0.0%,LB,2011
43,44,Jerod Mayo,7,1,0.0,0,0,0,0,0,1,11.3,11.3,0.0%,LB,2011
44,45,Lance Briggs,4,0,0.0,0,0,0,0,0,1,11.0,11.0,0.0%,LB,2011
45,46,DeMarcus Ware,3,0,1.0,0,0,0,0,0,1,11.0,11.0,0.0%,LB,2011
46,47,Jarret Johnson,5,1,0.0,0,0,0,0,0,1,10.8,10.8,0.0%,LB,2011
47,48,Jason Worilds,5,1,0.0,0,0,0,0,0,1,10.8,10.8,0.0%,LB,2011
48,49,James Laurinaitis,5,1,0.0,0,0,0,0,0,1,10.8,10.8,0.0%,LB,2011
49,50,Geno Hayes,4,1,0.0,0,0,1,0,0,1,10.8,10.8,0.0%,LB,2011
50,51,Perry Riley,3,5,0.0,0,0,0,0,0,1,10.8,10.8,0.0%,LB,2011
51,52,Russell Allen,4,3,0.0,0,0,0,0,0,1,10.8,10.8,0.0%,LB,2011
52,53,Nick Barnett,3,5,0.0,0,0,0,0,0,1,10.8,10.8,0.0%,LB,2011
53,54,A.J. Hawk,6,2,0.0,0,0,0,0,0,1,10.5,10.5,0.0%,LB,2011
54,55,Brian Orakpo,1,1,1.0,1,0,0,0,0,1,10.3,10.3,0.0%,LB,2011
55,56,Jamar Chaney,2,1,0.0,1,1,0,0,0,1,10.3,10.3,0.0%,LB,2011
56,57,Donald Butler,4,0,0.0,0,0,1,0,0,1,10.0,10.0,0.0%,LB,2011
57,58,Ahmad Brooks,4,2,0.0,0,0,0,0,0,1,10.0,10.0,0.0%,LB,2011
58,59,Erin Henderson,4,5,0.0,0,0,0,0,0,1,9.8,9.8,0.0%,LB,2011
59,60,Wesley Woodyard,5,3,0.0,0,0,0,0,0,1,9.8,9.8,0.0%,LB,2011
60,61,Mason Foster,5,3,0.0,0,0,0,0,0,1,9.8,9.8,0.0%,LB,2011
61,62,Robert Mathis,2,0,1.0,0,0,0,0,0,1,9.5,9.5,0.0%,LB,2011
62,63,Sean Weatherspoon,2,0,0.0,0,0,0,1,0,1,9.5,9.5,0.0%,LB,2011
63,64,Junior Galette,2,0,1.0,0,0,0,0,0,1,9.5,9.5,0.0%,LB,2011
64,65,Kavell Conner,2,5,0.0,0,0,0,0,0,1,9.3,9.3,0.0%,LB,2011
65,66,Chase Blackburn,6,0,0.0,0,0,0,0,0,1,9.0,9.0,0.0%,LB,2011
66,67,Lawrence Timmons,6,0,0.0,0,0,0,0,0,1,9.0,9.0,0.1%,LB,2011
67,68,Quincy Black,6,0,0.0,0,0,0,0,0,1,9.0,9.0,0.0%,LB,2011
68,69,Calvin Pace,6,0,0.0,0,0,0,0,0,1,9.0,9.0,0.0%,LB,2011
69,70,Elvis Dumervil,1,1,1.0,0,0,0,0,0,1,8.8,8.8,0.0%,LB,2011
70,71,Chris Chamberlain,4,0,0.0,0,0,0,0,0,1,8.5,8.5,0.0%,LB,2011
71,72,Akeem Ayers,2,2,0.0,0,0,1,0,0,1,8.5,8.5,0.0%,LB,2011
72,73,Paul Posluszny,3,5,0.0,0,0,0,0,0,1,8.3,8.3,4.7%,LB,2011
73,74,Clay Matthews,5,1,0.0,0,0,0,0,0,1,8.3,8.3,0.0%,LB,2011
74,75,Erik Walden,5,1,0.0,0,0,0,0,0,1,8.3,8.3,0.0%,LB,2011
75,76,Akwasi Owusu-Ansah,3,4,0.0,0,0,0,0,0,1,7.5,7.5,0.0%,LB,2011
76,77,Rey Maualuga,5,0,0.0,0,0,0,0,0,1,7.5,7.5,0.0%,LB,2011
77,78,D.J. Williams,4,2,0.0,0,0,0,0,0,1,7.5,7.5,0.0%,LB,2011
78,79,Akeem Jordan,4,1,0.0,0,0,0,0,0,1,6.8,6.8,0.0%,LB,2011
79,80,Brady Poppinga,2,3,0.0,1,0,0,0,0,1,6.8,6.8,0.0%,LB,2011
80,81,Jameel McClain,3,3,0.0,0,0,0,0,0,1,6.8,6.8,0.0%,LB,2011
81,82,Daryl Washington,3,3,0.0,0,0,0,0,0,1,6.8,6.8,0.0%,LB,2011
82,83,Karlos Dansby,4,1,0.0,0,0,0,0,0,1,6.8,6.8,0.1%,LB,2011
83,84,Casey Matthews,2,1,0.0,0,0,0,0,0,1,6.3,6.3,0.0%,LB,2011
84,85,Derrick Morgan,3,2,0.0,0,0,0,0,0,1,6.0,6.0,0.0%,LB,2011
85,86,Trent Cole,4,0,0.0,0,0,0,0,0,1,6.0,6.0,0.0%,LB,2011
86,87,Leroy Hill,4,0,0.0,0,0,0,0,0,1,6.0,6.0,0.0%,LB,2011
87,88,James Farrior,4,0,0.0,0,0,0,0,0,1,6.0,6.0,0.0%,LB,2011
88,89,Kelvin Sheppard,2,2,0.0,1,0,0,0,0,1,6.0,6.0,1.0%,LB,2011
89,90,Kevin Burnett,3,2,0.0,0,0,0,0,0,1,6.0,6.0,0.0%,LB,2011
90,91,Colin McCarthy,2,4,0.0,0,0,0,0,0,1,6.0,6.0,0.0%,LB,2011
91,92,Bront Bird,4,0,0.0,0,0,0,0,0,1,6.0,6.0,0.0%,LB,2011
92,93,Clark Haggans,4,0,0.0,0,0,0,0,0,1,6.0,6.0,0.0%,LB,2011
93,94,Dane Fletcher,1,0,0.0,0,0,0,1,0,1,5.5,5.5,0.0%,LB,2011
94,95,Sean Lee,2,0,0.0,0,0,0,0,0,1,5.5,5.5,0.0%,LB,2011
95,96,Brian Rolle,3,1,0.0,0,0,0,0,0,1,5.3,5.3,0.0%,LB,2011
96,97,Brandon Johnson,2,0,0.0,1,0,0,0,0,1,4.5,4.5,0.0%,LB,2011
97,98,Jo-Lonn Dunbar,2,0,0.0,1,0,0,0,0,1,4.5,4.5,0.0%,LB,2011
98,99,Jovan Belcher,3,0,0.0,0,0,0,0,0,1,4.5,4.5,0.0%,LB,2011
99,100,Sam Acho,3,0,0.0,0,0,0,0,0,1,4.5,4.5,0.0%,LB,2011
100,101,Na'il Diggs,3,0,0.0,0,0,0,0,0,1,4.5,4.5,0.0%,LB,2011
101,102,Parys Haralson,3,0,0.0,0,0,0,0,0,1,4.5,4.5,0.0%,LB,2011
102,103,Keith Brooking,3,0,0.0,0,0,0,0,0,1,4.5,4.5,0.0%,LB,2011
103,104,Bradie James,0,0,0.0,0,0,0,1,0,1,4.0,4.0,0.0%,LB,2011
104,105,Von Miller,1,0,0.0,0,0,0,0,0,1,4.0,4.0,2.5%,LB,2011
105,106,Arthur Moats,0,0,0.0,0,0,0,1,0,1,4.0,4.0,0.0%,LB,2011
106,107,Lorenzo Alexander,1,0,0.0,0,0,0,0,0,1,4.0,4.0,3.0%,LB,2011
107,108,Daryl Smith,0,5,0.0,0,0,0,0,0,1,3.8,3.8,0.0%,LB,2011
108,109,Jonathan Vilma,2,1,0.0,0,0,0,0,0,1,3.8,3.8,0.0%,LB,2011
109,110,LaMarr Woodley,2,0,0.0,0,0,0,0,0,1,3.0,3.0,0.0%,LB,2011
110,111,Albert McClellan,2,0,0.0,0,0,0,0,0,1,3.0,3.0,0.0%,LB,2011
111,112,Tracy White,2,0,0.0,0,0,0,0,0,1,3.0,3.0,0.0%,LB,2011
112,113,Victor Butler,2,0,0.0,0,0,0,0,0,1,3.0,3.0,0.0%,LB,2011
113,114,Lamarr Houston,2,0,0.0,0,0,0,0,0,1,3.0,3.0,0.0%,LB,2011
114,115,Manny Lawson,2,0,0.0,0,0,0,0,0,1,3.0,3.0,0.0%,LB,2011
115,116,Jason Taylor,1,0,0.0,1,0,0,0,0,1,3.0,3.0,0.0%,LB,2011
116,117,Robert Quinn,1,0,0.0,1,0,0,0,0,1,3.0,3.0,1.2%,LB,2011
117,118,Terrell Suggs,2,0,0.0,0,0,0,0,0,1,3.0,3.0,0.0%,LB,2011
118,119,Keenan Clayton,1,0,0.0,1,0,0,0,0,1,3.0,3.0,0.0%,LB,2011
119,120,Andrew Gachkar,1,1,0.0,0,0,0,0,0,1,2.3,2.3,0.0%,LB,2011
120,121,Brendon Ayanbadejo,1,1,0.0,0,0,0,0,0,1,2.3,2.3,0.0%,LB,2011
121,122,Nick Roach,1,1,0.0,0,0,0,0,0,1,2.3,2.3,0.0%,LB,2011
122,123,Jared Allen,1,1,0.0,0,0,0,0,0,1,2.3,2.3,0.0%,LB,2011
123,124,Tyler Brayton,1,1,0.0,0,0,0,0,0,1,2.3,2.3,0.0%,LB,2011
124,125,Dan Skuta,1,0,0.0,0,0,0,0,0,1,1.5,1.5,0.0%,LB,2011
125,126,Akeem Dent,1,0,0.0,0,0,0,0,0,1,1.5,1.5,0.0%,LB,2011
126,127,Joshua Mauga,1,0,0.0,0,0,0,0,0,1,1.5,1.5,0.0%,LB,2011
127,128,Larry Foote,1,0,0.0,0,0,0,0,0,1,1.5,1.5,0.0%,LB,2011
128,129,Jacquian Williams,1,0,0.0,0,0,0,0,0,1,1.5,1.5,0.0%,LB,2011
129,130,Martez Wilson,1,0,0.0,0,0,0,0,0,1,1.5,1.5,0.0%,LB,2011
130,131,Dannell Ellerbe,1,0,0.0,0,0,0,0,0,1,1.5,1.5,0.0%,LB,2011
131,132,Will Witherspoon,1,0,0.0,0,0,0,0,0,1,1.5,1.5,0.0%,LB,2011
132,133,Will Herring,1,0,0.0,0,0,0,0,0,1,1.5,1.5,0.0%,LB,2011
133,134,Scott Shanle,1,0,0.0,0,0,0,0,0,1,1.5,1.5,0.0%,LB,2011
134,135,Ramon Humber,1,0,0.0,0,0,0,0,0,1,1.5,1.5,0.0%,LB,2011
135,136,Paul Kruger,1,0,0.0,0,0,0,0,0,1,1.5,1.5,0.0%,LB,2011
136,137,Bryan Scott,1,0,0.0,0,0,0,0,0,1,1.5,1.5,0.0%,LB,2011
137,138,Shaun Smith,0,1,0.0,0,0,0,0,0,1,0.8,0.8,0.0%,LB,2011
138,139,Joe Mays,0,1,0.0,0,0,0,0,0,1,0.8,0.8,0.0%,LB,2011
139,140,Willie Young,0,1,0.0,0,0,0,0,0,1,0.8,0.8,0.0%,LB,2011
140,141,Jason Trusnik,0,1,0.0,0,0,0,0,0,1,0.8,0.8,0.0%,LB,2011
141,142,Titus Brown,0,1,0.0,0,0,0,0,0,1,0.8,0.8,0.0%,LB,2011
142,143,Andra Davis,0,1,0.0,0,0,0,0,0,1,0.8,0.8,0.0%,LB,2011
143,144,Pernell McPhee,0,1,0.0,0,0,0,0,0,1,0.8,0.8,0.0%,LB,2011
144,145,Edgar Jones,0,0,0.0,0,0,0,0,0,1,0.0,0.0,0.0%,LB,2011
145,146,Stephen Franklin,0,0,0.0,0,0,0,0,0,1,0.0,0.0,0.0%,LB,2011
146,147,Patrick Trahan,0,0,0.0,0,0,0,0,0,1,0.0,0.0,0.0%,LB,2011
147,148,Niko Koutouvides,0,0,0.0,0,0,0,0,0,1,0.0,0.0,0.0%,LB,2011
148,149,Ben Jacobs,0,0,0.0,0,0,0,0,0,1,0.0,0.0,0.0%,LB,2011
149,150,Zac Diles,0,0,0.0,0,0,0,0,0,1,0.0,0.0,0.0%,LB,2011
150,151,Doug Hogue,0,0,0.0,0,0,0,0,0,1,0.0,0.0,0.0%,LB,2011
151,152,Scott Lutrus,0,0,0.0,0,0,0,0,0,1,0.0,0.0,0.0%,LB,2011
152,153,Dom DeCicco,0,0,0.0,0,0,0,0,0,1,0.0,0.0,0.0%,LB,2011
153,154,Cory Greenwood,0,0,0.0,0,0,0,0,0,1,0.0,0.0,0.0%,LB,2011
154,155,Stephen Nicholas,0,0,0.0,0,0,0,0,0,1,0.0,0.0,0.0%,LB,2011
155,156,Stewart Bradley,0,0,0.0,0,0,0,0,0,1,0.0,0.0,0.0%,LB,2011
156,157,Zak DeOssie,0,0,0.0,0,0,0,0,0,1,0.0,0.0,0.0%,LB,2011
157,158,Adam Hayward,0,0,0.0,0,0,0,0,0,1,0.0,0.0,0.0%,LB,2011
158,159,Anthony Spencer,5,0,0.0,0,0,1,0,0,1,0.0,0.0,0.0%,LB,2011
159,160,Heath Farwell,0,0,0.0,0,0,0,0,0,1,0.0,0.0,0.0%,LB,2011
160,161,Kamerion Wimbley,2,0,0.0,0,0,0,0,0,1,0.0,0.0,0.0%,LB,2011
161,162,Rocky McIntosh,0,0,0.0,0,0,0,0,0,1,0.0,0.0,0.0%,LB,2011
162,163,Rob Ninkovich,3,1,1.0,0,0,0,1,0,1,0.0,0.0,0.0%,LB,2011
163,164,Tim Dobbins,0,0,0.0,0,0,0,0,0,1,0.0,0.0,0.0%,LB,2011
164,165,Omar Gaither,0,0,0.0,0,0,0,0,0,1,0.0,0.0,0.0%,LB,2011
165,166,Marvin Mitchell,0,0,0.0,0,0,0,0,0,1,0.0,0.0,0.0%,LB,2011
166,167,Antwan Applewhite,0,0,0.0,0,0,0,0,0,1,0.0,0.0,0.0%,LB,2011
167,168,Jesse Nading,0,0,0.0,0,0,0,0,0,1,0.0,0.0,0.0%,LB,2011
168,169,Aaron Maybin,0,0,0.0,0,0,0,0,0,1,0.0,0.0,0.0%,LB,2011
169,170,Connor Barwin,2,1,1.0,0,0,0,0,0,1,0.0,0.0,0.0%,LB,2011
170,171,Jason Williams,0,0,0.0,0,0,0,0,0,1,0.0,0.0,0.0%,LB,2011
171,172,Lawrence Sidbury,0,0,0.0,0,0,0,0,0,1,0.0,0.0,0.0%,LB,2011
172,173,Tavares Gooden,0,0,0.0,0,0,0,0,0,1,0.0,0.0,0.0%,LB,2011
173,174,Quentin Groves,0,0,0.0,0,0,0,0,0,1,0.0,0.0,0.0%,LB,2011
174,175,Andy Studebaker,0,0,0.0,0,0,0,0,0,1,0.0,0.0,0.0%,LB,2011
175,176,Chris Long,2,0,1.0,0,0,0,0,0,1,0.0,0.0,0.0%,LB,2011
176,177,Bryan Kehl,0,0,0.0,0,0,0,0,0,1,0.0,0.0,0.0%,LB,2011
177,178,Kroy Biermann,1,0,1.0,0,0,0,0,0,1,0.0,0.0,0.0%,LB,2011
178,179,Jabara Williams,0,0,0.0,0,0,0,0,0,1,0.0,0.0,0.0%,LB,2011
179,180,Malcolm Smith,0,0,0.0,0,0,0,0,0,1,0.0,0.0,0.0%,LB,2011
180,181,Mike Peterson,0,0,0.0,0,0,0,0,0,1,0.0,0.0,0.0%,LB,2011
181,182,Justin Houston,3,1,0.0,0,0,0,0,0,1,0.0,0.0,0.0%,LB,2011
182,183,Brooks Reed,1,1,0.0,0,0,0,0,0,1,0.0,0.0,0.0%,LB,2011
183,184,Bruce Carter,0,0,0.0,0,0,0,0,0,1,0.0,0.0,0.0%,LB,2011
184,185,Nate Irving,0,0,0.0,0,0,0,0,0,1,0.0,0.0,0.0%,LB,2011
185,186,Greg Jones,0,0,0.0,0,0,0,0,0,1,0.0,0.0,0.0%,LB,2011
186,187,Mario Haggan,0,0,0.0,0,0,0,0,0,1,0.0,0.0,0.0%,LB,2011
187,188,Dwight Freeney,0,0,0.0,0,0,0,0,0,1,0.0,0.0,0.0%,LB,2011
188,189,Kevin Bentley,0,0,0.0,0,0,0,0,0,1,0.0,0.0,0.0%,LB,2011
189,190,Tim Shaw,0,0,0.0,0,0,0,0,0,1,0.0,0.0,0.0%,LB,2011
190,191,Michael Morgan,0,0,0.0,0,0,0,0,0,1,0.0,0.0,0.0%,LB,2011
191,192,Rob Jackson,0,0,0.0,0,0,0,0,0,1,0.0,0.0,0.0%,LB,2011
192,193,Mike Neal,0,0,0.0,0,0,0,0,0,1,0.0,0.0,0.0%,LB,2011
193,194,Cameron Sheffield,0,0,0.0,0,0,0,0,0,1,0.0,0.0,0.0%,LB,2011
194,195,Stevenson Sylvester,0,0,0.0,0,0,0,0,0,1,0.0,0.0,0.0%,LB,2011
195,196,Danny Batten,0,0,0.0,0,0,0,0,0,1,0.0,0.0,0.0%,LB,2011
196,197,Austin Spitler,0,0,0.0,0,0,0,0,0,1,0.0,0.0,0.0%,LB,2011
197,198,Frank Zombo,0,0,0.0,0,0,0,0,0,1,0.0,0.0,3.0%,LB,2011
198,199,Kenny Onatolu,0,0,0.0,0,0,0,0,0,1,0.0,0.0,0.0%,LB,2011
199,200,Brad Jones,0,0,0.0,0,0,0,0,0,1,0.0,0.0,0.0%,LB,2011
200,201,Jamaal Westerman,0,0,0.0,0,0,0,0,0,1,0.0,0.0,0.0%,LB,2011
201,202,Ashlee Palmer,0,0,0.0,0,0,0,0,0,1,0.0,0.0,0.0%,LB,2011
202,203,Reggie Walker,0,0,0.0,0,0,0,0,0,1,0.0,0.0,0.0%,LB,2011
203,204,David Nixon,0,0,0.0,0,0,0,0,0,1,0.0,0.0,0.0%,LB,2011
204,205,Jason Pierre-Paul,11,5,1.0,0,0,0,0,0,1,0.0,0.0,0.0%,LB,2011
205,206,Vincent Rey,0,0,0.0,0,0,0,0,0,1,0.0,0.0,0.0%,LB,2011
206,207,Blake Costanzo,0,0,0.0,0,0,0,0,0,1,0.0,0.0,0.0%,LB,2011
207,208,Patrick Bailey,0,0,0.0,0,0,0,0,0,1,0.0,0.0,0.0%,LB,2011
208,209,Josh Hull,0,0,0.0,0,0,0,0,0,1,0.0,0.0,0.0%,LB,2011
209,210,Rob Francois,0,0,0.0,0,0,0,0,0,1,0.0,0.0,0.0%,LB,2011
210,211,Mister Alexander,0,0,0.0,0,0,0,0,0,1,0.0,0.0,0.0%,LB,2011
211,212,Thomas Keiser,0,0,0.0,0,0,0,0,0,1,0.0,0.0,0.0%,LB,2011
212,213,Quinton Spears,0,0,0.0,0,0,0,0,0,1,0.0,0.0,0.0%,LB,2011
213,214,Nick Bellore,0,0,0.0,0,0,0,0,0,1,0.0,0.0,7.0%,LB,2011
214,215,Spencer Paysinger,0,0,0.0,0,0,0,0,0,1,0.0,0.0,0.0%,LB,2011
215,216,Jamari Lattimore,0,0,0.0,0,0,0,0,0,1,0.0,0.0,0.0%,LB,2011
216,217,Bryan Braman,0,0,0.0,0,0,0,0,0,1,0.0,0.0,0.0%,LB,2011
217,218,Alex Albright,0,0,0.0,0,0,0,0,0,1,0.0,0.0,0.0%,LB,2011
218,219,Larry Dean,0,0,0.0,0,0,0,0,0,1,0.0,0.0,0.0%,LB,2011
219,220,Garrett McIntyre,0,0,0.0,0,0,0,0,0,1,0.0,0.0,0.0%,LB,2011
220,221,Brandon King,0,0,0.0,0,0,0,0,0,1,0.0,0.0,0.0%,LB,2011
221,222,Garrison Sanborn,0,0,0.0,0,0,0,0,0,1,0.0,0.0,0.0%,LB,2011
222,223,John Denney,0,0,0.0,0,0,0,0,0,1,0.0,0.0,0.0%,LB,2011
223,224,Tanner Purdum,0,0,0.0,0,0,0,0,0,1,0.0,0.0,0.0%,LB,2011
224,225,Morgan Cox,0,0,0.0,0,0,0,0,0,1,0.0,0.0,0.0%,LB,2011
225,226,Greg Warren,0,0,0.0,0,0,0,0,0,1,0.0,0.0,0.0%,LB,2011
226,227,Jon Weeks,0,0,0.0,0,0,0,0,0,1,0.0,0.0,0.0%,LB,2011
227,228,Mike Windt,0,0,0.0,0,0,0,0,0,1,0.0,0.0,0.0%,LB,2011
228,229,Jon Condo,0,0,0.0,0,0,0,0,0,1,0.0,0.0,0.0%,LB,2011
229,230,Andrew Economos,0,0,0.0,0,0,0,0,0,1,0.0,0.0,0.0%,LB,2011
230,231,Jeremy Cain,0,0,0.0,0,0,0,0,0,1,0.0,0.0,0.0%,LB,2011
231,232,Christian Yount,0,0,0.0,0,0,0,0,0,1,0.0,0.0,0.0%,LB,2011
232,233,L.P. LaDouceur,0,0,0.0,0,0,0,0,0,1,0.0,0.0,0.0%,LB,2011
233,234,Thomas Gafford,0,0,0.0,0,0,0,0,0,1,0.0,0.0,0.0%,LB,2011
234,235,Jon Dorenbos,0,0,0.0,0,0,0,0,0,1,0.0,0.0,0.0%,LB,2011
235,236,Danny Aiken,0,0,0.0,0,0,0,0,0,1,0.0,0.0,0.0%,LB,2011
236,237,Nick Sundberg,0,0,0.0,0,0,0,0,0,1,0.0,0.0,0.0%,LB,2011
237,238,Don Muhlbach,0,0,0.0,0,0,0,0,0,1,0.0,0.0,0.0%,LB,2011
238,239,Brett Goode,0,0,0.0,0,0,0,0,0,1,0.0,0.0,0.0%,LB,2011
239,240,JJ Jansen,0,0,0.0,0,0,0,0,0,1,0.0,0.0,0.0%,LB,2011
240,241,Justin Drescher,0,0,0.0,0,0,0,0,0,1,0.0,0.0,0.0%,LB,2011
241,242,Jake McQuaide,0,0,0.0,0,0,0,0,0,1,0.0,0.0,0.0%,LB,2011
242,243,Clint Gresham,0,0,0.0,0,0,0,0,0,1,0.0,0.0,0.0%,LB,2011
