,Rank,Player,Pass Completions,Pass Attempts,Pass Completion/Attempts,Passing Yards,Passsing Yards/Attempt,Passing Touchdowns,Interception,Sacks,Rushing Attempts,Rushing Yards,Rushing Touchdown,Fumbles,Games Played,Fantasy Football Points,FTPS/Game,ROST,Position,Year
0,1,Drew Brees,24,38,63.2,363,9.6,4,0,0,1,8,1,0,1,37.3,37.3,35.7%,QB,2011
1,2,Tom Brady,24,34,70.6,361,10.6,3,0,1,5,28,0,0,1,29.2,29.2,2.7%,QB,2011
2,3,Ryan Fitzpatrick,26,39,66.7,264,6.8,3,0,3,5,34,0,0,1,26.0,26.0,0.0%,QB,2011
3,4,Matt Ryan,27,34,79.4,262,7.7,3,0,2,4,3,0,0,1,22.8,22.8,0.1%,QB,2011
4,5,Eli Manning,33,47,70.2,406,8.6,2,1,1,1,4,0,0,1,22.6,22.6,2.3%,QB,2011
5,6,Vince Young,26,48,54.2,400,8.3,1,1,2,6,40,0,0,1,22.0,22.0,0.0%,QB,2011
6,7,Mark Sanchez,17,35,48.6,180,5.1,4,1,0,2,5,0,0,1,21.7,21.7,0.1%,QB,2011
7,8,Aaron Rodgers,22,33,66.7,307,9.3,2,0,2,1,-1,0,0,1,20.2,20.2,50.0%,QB,2011
8,9,Cam Newton,20,27,74.1,208,7.7,0,0,3,9,53,1,0,1,19.6,19.6,9.1%,QB,2011
9,10,Caleb Hanie,18,36,50.0,254,7.1,2,3,4,5,50,0,0,1,17.2,17.2,0.0%,QB,2011
10,11,Rex Grossman,26,35,74.3,314,9.0,2,2,1,5,-1,0,0,1,16.5,16.5,0.0%,QB,2011
11,12,Colt McCoy,16,34,47.1,151,4.4,2,1,2,6,38,0,0,1,15.8,15.8,0.0%,QB,2011
12,13,Andy Dalton,21,31,67.7,270,8.7,1,0,2,6,23,0,1,1,15.1,15.1,0.1%,QB,2011
13,14,Matthew Stafford,32,45,71.1,276,6.1,1,3,1,4,31,0,0,1,14.1,14.1,57.0%,QB,2011
14,15,Matt Moore,19,32,59.4,288,9.0,1,0,4,3,3,0,1,1,13.8,13.8,0.0%,QB,2011
15,16,Tony Romo,22,34,64.7,226,6.6,2,2,1,1,-2,0,0,1,12.8,12.8,0.1%,QB,2011
16,17,Christian Ponder,17,25,68.0,186,7.4,1,0,4,2,9,0,0,1,12.3,12.3,0.0%,QB,2011
17,18,Tarvaris Jackson,14,30,46.7,144,4.8,2,1,2,0,0,0,0,1,11.8,11.8,0.0%,QB,2011
18,19,Philip Rivers,19,36,52.8,188,5.2,1,0,3,1,1,0,0,1,11.6,11.6,20.6%,QB,2011
19,20,Joe Flacco,15,23,65.2,161,7.0,1,0,0,6,2,0,0,1,10.6,10.6,17.3%,QB,2011
20,21,Ben Roethlisberger,21,31,67.7,193,6.2,1,1,1,4,8,0,0,1,10.5,10.5,13.6%,QB,2011
21,22,Sam Bradford,17,31,54.8,203,6.5,1,0,2,0,0,0,1,1,10.1,10.1,0.0%,QB,2011
22,23,Carson Palmer,21,37,56.8,301,8.1,0,1,4,0,0,0,0,1,10.0,10.0,5.6%,QB,2011
23,24,Josh Freeman,18,33,54.5,199,6.0,1,1,2,3,10,0,1,1,9.0,9.0,0.2%,QB,2011
24,25,Curtis Painter,15,29,51.7,226,7.8,1,2,2,0,0,0,0,1,9.0,9.0,0.0%,QB,2011
25,26,Matt Leinart,10,13,76.9,57,4.4,1,0,0,0,0,0,0,1,6.3,6.3,0.0%,QB,2011
26,27,Matt Hasselbeck,19,34,55.9,160,4.7,1,2,2,2,-2,0,0,1,6.2,6.2,0.0%,QB,2011
27,28,Alex Smith,15,24,62.5,140,5.8,0,1,9,2,12,0,0,1,4.8,4.8,5.0%,QB,2011
28,29,Blaine Gabbert,13,29,44.8,136,4.7,0,1,6,1,1,0,0,1,3.5,3.5,0.0%,QB,2011
29,30,Luke McCown,7,11,63.6,62,5.6,0,0,1,1,9,0,0,1,3.4,3.4,0.0%,QB,2011
30,31,T.J. Yates,8,15,53.3,70,4.7,0,0,0,4,-3,0,0,1,2.5,2.5,0.0%,QB,2011
31,32,John Skelton,12,23,52.2,114,5.0,0,2,3,3,18,0,0,1,2.4,2.4,0.0%,QB,2011
32,33,Josh Johnson,0,0,0.0,0,0.0,0,0,0,1,6,0,0,1,0.6,0.6,0.1%,QB,2011
33,34,Chase Daniel,1,1,100.0,9,9.0,0,0,0,0,0,0,0,1,0.4,0.4,0.0%,QB,2011
34,35,Brian Hoyer,0,0,0.0,0,0.0,0,0,0,1,-1,0,0,1,-0.1,-0.1,0.0%,QB,2011
35,36,Tyler Palko,18,28,64.3,167,6.0,0,3,1,1,0,0,1,1,-1.3,-1.3,0.0%,QB,2011
