,Rank,Player,Receiving Receptions,Receiving Target,Receiving Yards,Yards/Reception,Longest Reception,Receiving 20+,Receiving Touchdowns,Rushing Attempts,Rushing Yards,Rushing Touchdown,Fumbles,Games Played,Fantasy Football Points,FTPS/Game,ROST,Position,Year
0,1,Rob Gronkowski,8,11,113,14.1,23,0,2,0,0,0,0,1,23.3,23.3,1.5%,TE,2011
1,2,Ed Dickson,10,14,79,7.9,19,0,2,0,0,0,0,1,19.9,19.9,0.0%,TE,2011
2,3,Tim Tebow,0,0,0,0.0,0,0,0,9,43,1,0,1,17.1,17.1,0.5%,TE,2011
3,4,Jimmy Graham,7,12,82,11.7,29,0,1,0,0,0,0,1,14.2,14.2,0.0%,TE,2011
4,5,Tony Gonzalez,6,10,71,11.8,20,0,1,0,0,0,0,1,13.1,13.1,0.0%,TE,2011
5,6,Vernon Davis,3,4,40,13.3,31,0,1,0,0,0,0,1,10.0,10.0,1.6%,TE,2011
6,7,Tony Scheffler,3,8,37,12.3,17,0,1,0,0,0,0,1,9.7,9.7,0.0%,TE,2011
7,8,Jermaine Gresham,4,5,23,5.8,10,0,1,0,0,0,0,1,8.3,8.3,0.0%,TE,2011
8,9,Jacob Tamme,6,8,75,12.5,29,0,0,0,0,0,0,1,7.5,7.5,0.0%,TE,2011
9,10,Delanie Walker,6,7,69,11.5,19,0,0,0,0,0,0,1,6.9,6.9,0.1%,TE,2011
10,11,Jermichael Finley,3,4,67,22.3,31,0,0,0,0,0,0,1,6.7,6.7,0.0%,TE,2011
11,12,Anthony Fasano,3,4,60,20.0,28,0,0,0,0,0,0,1,6.0,6.0,0.1%,TE,2011
12,13,Antonio Gates,5,6,54,10.8,22,0,0,0,0,0,0,1,5.4,5.4,0.2%,TE,2011
13,14,Brent Celek,4,7,53,13.3,20,0,0,0,0,0,0,1,5.3,5.3,0.0%,TE,2011
14,15,Dennis Pitta,4,7,49,12.3,17,0,0,0,0,0,0,1,4.9,4.9,0.0%,TE,2011
15,16,Aaron Hernandez,4,5,41,10.3,15,0,0,0,0,0,0,1,4.1,4.1,0.0%,TE,2011
16,17,Brandon Pettigrew,5,9,38,7.6,17,0,0,0,0,0,0,1,3.8,3.8,0.0%,TE,2011
17,18,Kyle Rudolph,3,3,37,12.3,21,0,0,0,0,0,0,1,3.7,3.7,0.0%,TE,2011
18,19,Jason Witten,5,7,37,7.4,17,0,0,0,0,0,0,1,3.7,3.7,0.0%,TE,2011
19,20,Dustin Keller,2,4,37,18.5,29,0,0,0,0,0,0,1,3.7,3.7,0.0%,TE,2011
20,21,Jake Ballard,3,4,35,11.7,17,0,0,0,0,0,0,1,3.5,3.5,0.0%,TE,2011
21,22,Scott Chandler,3,3,34,11.3,18,0,0,0,0,0,0,1,3.4,3.4,0.0%,TE,2011
22,23,Visanthe Shiancoe,1,4,33,33.0,33,0,0,0,0,0,0,1,3.3,3.3,0.0%,TE,2011
23,24,Kellen Winslow,3,6,33,11.0,14,0,0,0,0,0,0,1,3.3,3.3,0.0%,TE,2011
24,25,Kevin Boss,2,2,32,16.0,24,0,0,0,0,0,0,1,3.2,3.2,0.0%,TE,2011
25,26,Owen Daniels,3,3,31,10.3,13,0,0,0,0,0,0,1,3.1,3.1,0.0%,TE,2011
26,27,Heath Miller,3,5,31,10.3,18,0,0,0,0,0,0,1,3.1,3.1,0.0%,TE,2011
27,28,Benjamin Watson,3,5,30,10.0,22,0,0,0,0,0,0,1,3.0,3.0,2.8%,TE,2011
28,29,Fred Davis,3,7,28,9.3,18,0,0,0,0,0,0,1,2.8,2.8,0.0%,TE,2011
29,30,Jeff King,4,5,26,6.5,13,0,0,0,0,0,0,1,2.6,2.6,0.0%,TE,2011
30,31,Colin Cochart,1,1,25,25.0,25,0,0,0,0,0,0,1,2.5,2.5,0.0%,TE,2011
31,32,Greg Olsen,4,11,45,11.3,16,0,0,0,0,0,1,1,2.5,2.5,7.0%,TE,2011
32,33,Zach Miller,3,4,24,8.0,11,0,0,0,0,0,0,1,2.4,2.4,0.0%,TE,2011
33,34,Bear Pascoe,2,3,23,11.5,14,0,0,0,0,0,0,1,2.3,2.3,0.0%,TE,2011
34,35,Michael Hoomanawanui,2,3,21,10.5,15,0,0,0,0,0,0,1,2.1,2.1,0.1%,TE,2011
35,36,Jeremy Shockey,1,1,19,19.0,19,0,0,0,0,0,0,1,1.9,1.9,0.0%,TE,2011
36,37,Jared Cook,1,3,18,18.0,18,0,0,0,0,0,0,1,1.8,1.8,0.0%,TE,2011
37,38,Leonard Pope,3,5,18,6.0,7,0,0,0,0,0,0,1,1.8,1.8,0.0%,TE,2011
38,39,Logan Paulsen,1,1,16,16.0,16,0,0,0,0,0,0,1,1.6,1.6,0.0%,TE,2011
39,40,Alex Smith,2,2,15,7.5,10,0,0,0,0,0,0,1,1.5,1.5,0.0%,TE,2011
40,41,Anthony McCoy,2,2,15,7.5,14,0,0,0,0,0,0,1,1.5,1.5,0.0%,TE,2011
41,42,Billy Bajema,2,2,12,6.0,7,0,0,0,0,0,0,1,1.2,1.2,0.0%,TE,2011
42,43,Weslye Saunders,1,2,11,11.0,11,0,0,0,0,0,0,1,1.1,1.1,0.0%,TE,2011
43,44,Brandon Myers,2,3,11,5.5,6,0,0,0,0,0,0,1,1.1,1.1,0.0%,TE,2011
44,45,Andrew Quarless,1,1,8,8.0,8,0,0,0,0,0,0,1,0.8,0.8,0.0%,TE,2011
45,46,Martellus Bennett,1,1,8,8.0,8,0,0,0,0,0,0,1,0.8,0.8,23.0%,TE,2011
46,47,David Johnson,1,1,6,6.0,6,0,0,0,0,0,0,1,0.6,0.6,0.0%,TE,2011
47,48,Charles Clay,1,2,4,4.0,4,0,0,0,0,0,0,1,0.4,0.4,0.0%,TE,2011
48,49,David Thomas,2,2,4,2.0,8,0,0,0,0,0,0,1,0.4,0.4,0.0%,TE,2011
49,50,Zach Potter,1,2,4,4.0,4,0,0,0,0,0,0,1,0.4,0.4,0.0%,TE,2011
50,51,Jimmy Kleinsasser,0,0,0,0.0,0,0,0,0,0,0,0,1,0.0,0.0,0.0%,TE,2011
51,52,Mike McNeill,0,0,0,0.0,0,0,0,0,0,0,0,1,0.0,0.0,0.0%,TE,2011
52,53,Jake O'Connell,0,0,0,0.0,0,0,0,0,0,0,0,1,0.0,0.0,0.0%,TE,2011
53,54,James Casey,0,0,0,0.0,0,0,0,0,0,0,0,1,0.0,0.0,0.0%,TE,2011
54,55,Joel Dreessen,0,1,0,0.0,0,0,0,0,0,0,0,1,0.0,0.0,0.0%,TE,2011
55,56,Evan Moore,0,0,0,0.0,0,0,0,0,0,0,0,1,0.0,0.0,0.0%,TE,2011
56,57,John Phillips,0,0,0,0.0,0,0,0,0,0,0,0,1,0.0,0.0,0.0%,TE,2011
57,58,Kellen Davis,0,3,0,0.0,0,0,0,0,0,0,0,1,0.0,0.0,0.2%,TE,2011
58,59,Kory Sperry,0,1,0,0.0,0,0,0,0,0,0,0,1,0.0,0.0,0.0%,TE,2011
59,60,Matt Spaeth,0,1,0,0.0,0,0,0,0,0,0,0,1,0.0,0.0,0.0%,TE,2011
60,61,Matthew Mulligan,0,0,0,0.0,0,0,0,0,0,0,0,1,0.0,0.0,0.0%,TE,2011
61,62,Maurice Stovall,0,1,0,0.0,0,0,0,0,0,0,0,1,0.0,0.0,0.0%,TE,2011
62,63,Ben Hartsock,0,0,0,0.0,0,0,0,0,0,0,0,1,0.0,0.0,0.0%,TE,2011
63,64,Brian Jennings,0,0,0,0.0,0,0,0,0,0,0,0,1,0.0,0.0,0.0%,TE,2011
64,65,Dante Rosario,0,1,0,0.0,0,0,0,0,0,0,0,1,0.0,0.0,0.0%,TE,2011
65,66,Daniel Graham,0,0,0,0.0,0,0,0,0,0,0,0,1,0.0,0.0,0.0%,TE,2011
66,67,Clark Harris,0,0,0,0.0,0,0,0,0,0,0,0,1,0.0,0.0,0.0%,TE,2011
67,68,Daniel Fells,0,0,0,0.0,0,0,0,0,0,0,0,1,0.0,0.0,0.0%,TE,2011
68,69,Craig Stevens,0,0,0,0.0,0,0,0,0,0,0,0,1,0.0,0.0,0.0%,TE,2011
69,70,Mike Leach,0,0,0,0.0,0,0,0,0,0,0,0,1,0.0,0.0,0.0%,TE,2011
70,71,Randy McMichael,0,1,0,0.0,0,0,0,0,0,0,0,1,0.0,0.0,0.0%,TE,2011
71,72,Jordan Cameron,0,1,0,0.0,0,0,0,0,0,0,0,1,0.0,0.0,0.1%,TE,2011
72,73,Luke Stocker,0,0,0,0.0,0,0,0,0,0,0,0,1,0.0,0.0,0.0%,TE,2011
73,74,Julius Thomas,0,0,0,0.0,0,0,0,0,0,0,0,1,0.0,0.0,0.0%,TE,2011
74,75,D.J. Williams,0,0,0,0.0,0,0,0,0,0,0,0,1,0.0,0.0,0.0%,TE,2011
75,76,Lee Smith,0,0,0,0.0,0,0,0,0,0,0,0,1,0.0,0.0,0.0%,TE,2011
76,77,Richard Gordon,0,0,0,0.0,0,0,0,0,0,0,0,1,0.0,0.0,0.0%,TE,2011
77,78,Virgil Green,0,0,0,0.0,0,0,0,0,0,0,0,1,0.0,0.0,0.0%,TE,2011
78,79,Bruce Miller,0,0,0,0.0,0,0,0,0,0,0,0,1,0.0,0.0,0.0%,TE,2011
79,80,Ryan Taylor,0,0,0,0.0,0,0,0,0,0,0,0,1,0.0,0.0,0.0%,TE,2011
80,81,David Ausberry,0,0,0,0.0,0,0,0,0,0,0,0,1,0.0,0.0,0.0%,TE,2011
81,82,Zack Pianalto,0,1,0,0.0,0,0,0,0,0,0,0,1,0.0,0.0,0.0%,TE,2011
82,83,Josh Baker,0,0,0,0.0,0,0,0,0,0,0,0,1,0.0,0.0,0.0%,TE,2011
83,84,Jeron Mastrud,0,0,0,0.0,0,0,0,0,0,0,0,1,0.0,0.0,0.0%,TE,2011
84,85,Will Heller,0,2,0,0.0,0,0,0,0,0,0,0,1,0.0,0.0,0.0%,TE,2011
85,86,Tom Crabtree,0,0,0,0.0,0,0,0,0,0,0,0,1,0.0,0.0,0.0%,TE,2011
86,87,Michael Palmer,0,0,0,0.0,0,0,0,0,0,0,0,1,0.0,0.0,0.0%,TE,2011
87,88,Jim Dray,0,2,0,0.0,0,0,0,0,0,0,0,1,0.0,0.0,0.0%,TE,2011
88,89,Clay Harbor,0,1,0,0.0,0,0,0,0,0,0,0,1,0.0,0.0,0.0%,TE,2011
89,90,Marcedes Lewis,1,3,-4,-4.0,0,0,0,0,0,0,0,1,-0.4,-0.4,0.1%,TE,2011
