,Rank,Player,Receiving Receptions,Receiving Target,Receiving Yards,Yards/Reception,Longest Reception,Receiving 20+,Receiving Touchdowns,Rushing Attempts,Rushing Yards,Rushing Touchdown,Fumbles,Games Played,Fantasy Football Points,FTPS/Game,ROST,Position,Year
0,1,Rob Gronkowski,6,10,160,26.7,50,0,2,0,0,0,0,1,28.0,28.0,1.5%,TE,2011
1,2,Antonio Gates,7,9,68,9.7,17,0,2,0,0,0,0,1,18.8,18.8,0.2%,TE,2011
2,3,Tim Tebow,0,0,0,0.0,0,0,0,12,49,0,1,1,14.3,14.3,0.5%,TE,2011
3,4,Brandon Pettigrew,6,7,57,9.5,17,0,1,0,0,0,0,1,11.7,11.7,0.0%,TE,2011
4,5,Greg Olsen,2,6,53,26.5,44,0,1,0,0,0,0,1,11.3,11.3,7.0%,TE,2011
5,6,Jake Ballard,4,6,52,13.0,21,0,1,0,0,0,0,1,11.2,11.2,0.0%,TE,2011
6,7,Kevin Boss,5,7,43,8.6,13,0,1,0,0,0,0,1,10.3,10.3,0.0%,TE,2011
7,8,Owen Daniels,7,11,100,14.3,27,0,0,0,0,0,0,1,10.0,10.0,0.0%,TE,2011
8,9,Visanthe Shiancoe,3,7,33,11.0,18,0,1,0,0,0,0,1,9.3,9.3,0.0%,TE,2011
9,10,Dennis Pitta,3,4,29,9.7,16,0,1,0,0,0,0,1,8.9,8.9,0.0%,TE,2011
10,11,Aaron Hernandez,5,7,84,16.8,29,0,0,0,0,0,0,1,8.4,8.4,0.0%,TE,2011
11,12,Tony Gonzalez,7,11,82,11.7,20,0,0,0,0,0,0,1,8.2,8.2,0.0%,TE,2011
12,13,Joel Dreessen,3,3,22,7.3,10,0,1,0,0,0,0,1,8.2,8.2,0.0%,TE,2011
13,14,Marcedes Lewis,2,7,77,38.5,62,0,0,0,0,0,0,1,7.7,7.7,0.1%,TE,2011
14,15,Jacob Tamme,1,1,13,13.0,13,0,1,0,0,0,0,1,7.3,7.3,0.0%,TE,2011
15,16,John Phillips,1,1,12,12.0,12,0,1,0,0,0,0,1,7.2,7.2,0.0%,TE,2011
16,17,Jeremy Shockey,2,4,10,5.0,6,0,1,0,0,0,0,1,7.0,7.0,0.0%,TE,2011
17,18,Ryan Taylor,1,1,4,4.0,4,0,1,0,0,0,0,1,6.4,6.4,0.0%,TE,2011
18,19,Anthony Fasano,3,8,56,18.7,25,0,0,0,0,0,0,1,5.6,5.6,0.1%,TE,2011
19,20,Evan Moore,4,5,55,13.8,33,0,0,0,0,0,0,1,5.5,5.5,0.0%,TE,2011
20,21,Jimmy Graham,5,9,55,11.0,33,0,0,0,0,0,0,1,5.5,5.5,0.0%,TE,2011
21,22,Jermaine Gresham,3,7,45,15.0,26,0,0,0,0,0,0,1,4.5,4.5,0.0%,TE,2011
22,23,Brent Celek,4,5,39,9.8,11,0,0,0,0,0,0,1,3.9,3.9,0.0%,TE,2011
23,24,Kellen Winslow,2,5,38,19.0,28,0,0,0,0,0,0,1,3.8,3.8,0.0%,TE,2011
24,25,Dustin Keller,4,5,34,8.5,11,0,0,0,0,0,0,1,3.4,3.4,0.0%,TE,2011
25,26,Vernon Davis,1,3,32,32.0,32,0,0,0,0,0,0,1,3.2,3.2,1.6%,TE,2011
26,27,Craig Stevens,1,3,31,31.0,31,0,0,0,0,0,0,1,3.1,3.1,0.0%,TE,2011
27,28,Lance Kendricks,1,2,26,26.0,26,0,0,0,0,0,0,1,2.6,2.6,0.0%,TE,2011
28,29,Anthony McCoy,1,1,23,23.0,23,0,0,0,0,0,0,1,2.3,2.3,0.0%,TE,2011
29,30,David Johnson,2,2,22,11.0,16,0,0,0,0,0,0,1,2.2,2.2,0.0%,TE,2011
30,31,Ed Dickson,2,2,19,9.5,14,0,0,0,0,0,0,1,1.9,1.9,0.0%,TE,2011
31,32,Alex Smith,2,3,19,9.5,11,0,0,0,0,0,0,1,1.9,1.9,0.0%,TE,2011
32,33,Mike Caussin,2,3,19,9.5,13,0,0,0,0,0,0,1,1.9,1.9,0.0%,TE,2011
33,34,Josh Baker,1,1,17,17.0,17,0,0,0,0,0,0,1,1.7,1.7,0.0%,TE,2011
34,35,Randy McMichael,1,1,17,17.0,17,0,0,0,0,0,0,1,1.7,1.7,0.0%,TE,2011
35,36,Jeff King,3,4,16,5.3,8,0,0,0,0,0,0,1,1.6,1.6,0.0%,TE,2011
36,37,Zach Miller,2,3,13,6.5,8,0,0,0,0,0,0,1,1.3,1.3,0.0%,TE,2011
37,38,Jason Witten,3,5,12,4.0,6,0,0,0,0,0,0,1,1.2,1.2,0.0%,TE,2011
38,39,Dallas Clark,1,6,12,12.0,12,0,0,0,0,0,0,1,1.2,1.2,0.0%,TE,2011
39,40,Travis Beckum,1,2,11,11.0,11,0,0,0,0,0,0,1,1.1,1.1,0.0%,TE,2011
40,41,Benjamin Watson,2,3,11,5.5,6,0,0,0,0,0,0,1,1.1,1.1,2.8%,TE,2011
41,42,John Gilmore,1,1,9,9.0,9,0,0,0,0,0,0,1,0.9,0.9,0.0%,TE,2011
42,43,Bruce Miller,2,2,5,2.5,5,0,0,0,0,0,0,1,0.5,0.5,0.0%,TE,2011
43,44,Anthony Hill,1,1,5,5.0,5,0,0,0,0,0,0,1,0.5,0.5,0.0%,TE,2011
44,45,Cameron Morrah,0,1,0,0.0,0,0,0,1,1,0,0,1,0.1,0.1,0.0%,TE,2011
45,46,Steve Maneri,0,0,0,0.0,0,0,0,0,0,0,0,1,0.0,0.0,0.0%,TE,2011
46,47,James Casey,0,0,0,0.0,0,0,0,0,0,0,0,1,0.0,0.0,0.0%,TE,2011
47,48,Jared Cook,0,1,0,0.0,0,0,0,0,0,0,0,1,0.0,0.0,0.0%,TE,2011
48,49,Jermichael Finley,0,1,0,0.0,0,0,0,0,0,0,0,1,0.0,0.0,0.0%,TE,2011
49,50,Maurice Stovall,0,0,0,0.0,0,0,0,0,0,0,0,1,0.0,0.0,0.0%,TE,2011
50,51,Matthew Mulligan,0,0,0,0.0,0,0,0,0,0,0,0,1,0.0,0.0,0.0%,TE,2011
51,52,Matt Spaeth,0,0,0,0.0,0,0,0,0,0,0,0,1,0.0,0.0,0.0%,TE,2011
52,53,Kory Sperry,0,1,0,0.0,0,0,0,0,0,0,0,1,0.0,0.0,0.0%,TE,2011
53,54,Kellen Davis,0,1,0,0.0,0,0,0,0,0,0,0,1,0.0,0.0,0.2%,TE,2011
54,55,Mike Sellers,0,0,0,0.0,0,0,0,0,0,0,0,1,0.0,0.0,0.0%,TE,2011
55,56,Bear Pascoe,0,1,0,0.0,0,0,0,0,0,0,0,1,0.0,0.0,0.0%,TE,2011
56,57,Ben Hartsock,0,0,0,0.0,0,0,0,0,0,0,0,1,0.0,0.0,0.0%,TE,2011
57,58,Billy Bajema,0,0,0,0.0,0,0,0,0,0,0,0,1,0.0,0.0,0.0%,TE,2011
58,59,Brandon Myers,0,0,0,0.0,0,0,0,0,0,0,0,1,0.0,0.0,0.0%,TE,2011
59,60,Brian Jennings,0,0,0,0.0,0,0,0,0,0,0,0,1,0.0,0.0,0.0%,TE,2011
60,61,Dante Rosario,0,0,0,0.0,0,0,0,0,0,0,0,1,0.0,0.0,0.0%,TE,2011
61,62,Daniel Fells,0,1,0,0.0,0,0,0,0,0,0,0,1,0.0,0.0,0.0%,TE,2011
62,63,Colin Cloherty,0,0,0,0.0,0,0,0,0,0,0,0,1,0.0,0.0,0.0%,TE,2011
63,64,Clark Harris,0,0,0,0.0,0,0,0,0,0,0,0,1,0.0,0.0,0.0%,TE,2011
64,65,Mike Leach,0,0,0,0.0,0,0,0,0,0,0,0,1,0.0,0.0,0.0%,TE,2011
65,66,Mike Higgins,0,0,0,0.0,0,0,0,0,0,0,0,1,0.0,0.0,0.0%,TE,2011
66,67,Virgil Green,0,0,0,0.0,0,0,0,0,0,0,0,1,0.0,0.0,0.0%,TE,2011
67,68,Logan Paulsen,0,0,0,0.0,0,0,0,0,0,0,0,1,0.0,0.0,0.0%,TE,2011
68,69,Kyle Rudolph,1,4,0,0.0,0,0,0,0,0,0,0,1,0.0,0.0,0.0%,TE,2011
69,70,Rob Housler,0,1,0,0.0,0,0,0,0,0,0,0,1,0.0,0.0,0.0%,TE,2011
70,71,Luke Stocker,0,1,0,0.0,0,0,0,0,0,0,0,1,0.0,0.0,0.0%,TE,2011
71,72,D.J. Williams,0,1,0,0.0,0,0,0,0,0,0,0,1,0.0,0.0,0.0%,TE,2011
72,73,Niles Paul,0,0,0,0.0,0,0,0,0,0,0,0,1,0.0,0.0,0.0%,TE,2011
73,74,Lee Smith,1,1,0,0.0,0,0,0,0,0,0,0,1,0.0,0.0,0.0%,TE,2011
74,75,Charles Clay,0,0,0,0.0,0,0,0,0,0,0,0,1,0.0,0.0,0.0%,TE,2011
75,76,Richard Gordon,0,0,0,0.0,0,0,0,0,0,0,0,1,0.0,0.0,0.0%,TE,2011
76,77,Jeron Mastrud,0,0,0,0.0,0,0,0,0,0,0,0,1,0.0,0.0,0.0%,TE,2011
77,78,Colin Cochart,0,0,0,0.0,0,0,0,0,0,0,0,1,0.0,0.0,0.0%,TE,2011
78,79,David Ausberry,0,0,0,0.0,0,0,0,0,0,0,0,1,0.0,0.0,0.0%,TE,2011
79,80,Richie Brockel,0,0,0,0.0,0,0,0,0,0,0,0,1,0.0,0.0,0.0%,TE,2011
80,81,Zack Pianalto,0,0,0,0.0,0,0,0,0,0,0,0,1,0.0,0.0,0.0%,TE,2011
81,82,Weslye Saunders,0,0,0,0.0,0,0,0,0,0,0,0,1,0.0,0.0,0.0%,TE,2011
82,83,Todd Heap,0,0,0,0.0,0,0,0,0,0,0,0,1,0.0,0.0,0.0%,TE,2011
83,84,Tony Scheffler,0,1,0,0.0,0,0,0,0,0,0,0,1,0.0,0.0,0.0%,TE,2011
84,85,Will Heller,0,0,0,0.0,0,0,0,0,0,0,0,1,0.0,0.0,0.0%,TE,2011
85,86,Zach Potter,0,0,0,0.0,0,0,0,0,0,0,0,1,0.0,0.0,0.0%,TE,2011
86,87,Tom Crabtree,0,0,0,0.0,0,0,0,0,0,0,0,1,0.0,0.0,0.0%,TE,2011
87,88,Jim Dray,0,0,0,0.0,0,0,0,0,0,0,0,1,0.0,0.0,0.0%,TE,2011
88,89,Michael Palmer,0,1,0,0.0,0,0,0,0,0,0,0,1,0.0,0.0,0.0%,TE,2011
89,90,Brody Eldridge,0,0,0,0.0,0,0,0,0,0,0,0,1,0.0,0.0,0.0%,TE,2011
90,91,Clay Harbor,0,1,0,0.0,0,0,0,0,0,0,0,1,0.0,0.0,0.0%,TE,2011
91,92,Delanie Walker,0,2,0,0.0,0,0,0,1,-6,0,0,1,-0.6,-0.6,0.1%,TE,2011
92,93,Heath Miller,2,4,11,5.5,7,0,0,0,0,0,1,1,-0.9,-0.9,0.0%,TE,2011
