,Rank,Player,Receiving Receptions,Receiving Target,Receiving Yards,Yards/Reception,Longest Reception,Receiving 20+,Receiving Touchdowns,Rushing Attempts,Rushing Yards,Rushing Touchdown,Fumbles,Games Played,Fantasy Football Points,FTPS/Game,ROST,Position,Year
0,1,Rob Gronkowski,4,6,86,21.5,30,0,2,0,0,0,0,1,20.6,20.6,1.5%,TE,2011
1,2,Tony Gonzalez,7,9,83,11.9,17,0,2,0,0,0,0,1,20.3,20.3,0.0%,TE,2011
2,3,Dustin Keller,6,6,101,16.8,37,0,1,0,0,0,0,1,16.1,16.1,0.0%,TE,2011
3,4,Fred Davis,6,7,86,14.3,40,0,1,0,0,0,0,1,14.6,14.6,0.0%,TE,2011
4,5,Aaron Hernandez,7,8,62,8.9,16,0,1,0,0,0,0,1,12.2,12.2,0.0%,TE,2011
5,6,Jason Witten,7,14,102,14.6,25,0,0,0,0,0,0,1,10.2,10.2,0.0%,TE,2011
6,7,Delanie Walker,2,4,38,19.0,29,0,1,0,0,0,0,1,9.8,9.8,0.1%,TE,2011
7,8,Jeff King,2,2,36,18.0,21,0,1,0,0,0,0,1,9.6,9.6,0.0%,TE,2011
8,9,Tony Scheffler,1,4,36,36.0,36,0,1,0,0,0,0,1,9.6,9.6,0.0%,TE,2011
9,10,Dallas Clark,4,8,32,8.0,10,0,1,0,0,0,0,1,9.2,9.2,0.0%,TE,2011
10,11,Owen Daniels,3,5,25,8.3,11,0,1,0,0,0,0,1,8.5,8.5,0.0%,TE,2011
11,12,Jimmy Graham,6,7,79,13.2,31,0,0,0,0,0,0,1,7.9,7.9,0.0%,TE,2011
12,13,Evan Moore,1,1,16,16.0,16,0,1,0,0,0,0,1,7.6,7.6,0.0%,TE,2011
13,14,Scott Chandler,2,4,16,8.0,10,0,1,0,0,0,0,1,7.6,7.6,0.0%,TE,2011
14,15,Jermichael Finley,5,6,68,13.6,39,0,0,0,0,0,0,1,6.8,6.8,0.0%,TE,2011
15,16,Jeremy Shockey,3,5,56,18.7,23,0,0,0,0,0,0,1,5.6,5.6,0.0%,TE,2011
16,17,Kellen Winslow,4,8,44,11.0,18,0,0,0,0,0,0,1,4.4,4.4,0.0%,TE,2011
17,18,Brent Celek,4,7,43,10.8,24,0,0,0,0,0,0,1,4.3,4.3,0.0%,TE,2011
18,19,Jared Cook,2,3,37,18.5,33,0,0,0,0,0,0,1,3.7,3.7,0.0%,TE,2011
19,20,Greg Olsen,1,4,34,34.0,34,0,0,0,0,0,0,1,3.4,3.4,7.0%,TE,2011
20,21,Zach Miller,3,4,28,9.3,14,0,0,0,0,0,0,1,2.8,2.8,0.0%,TE,2011
21,22,Visanthe Shiancoe,3,7,28,9.3,15,0,0,0,0,0,0,1,2.8,2.8,0.0%,TE,2011
22,23,Lance Kendricks,1,4,26,26.0,26,0,0,0,0,0,0,1,2.6,2.6,0.0%,TE,2011
23,24,Ed Dickson,2,6,25,12.5,16,0,0,0,0,0,0,1,2.5,2.5,0.0%,TE,2011
24,25,Dennis Pitta,2,3,24,12.0,16,0,0,0,0,0,0,1,2.4,2.4,0.0%,TE,2011
25,26,Alex Smith,3,5,19,6.3,8,0,0,0,0,0,0,1,1.9,1.9,0.0%,TE,2011
26,27,Vernon Davis,2,2,18,9.0,12,0,0,0,0,0,0,1,1.8,1.8,1.6%,TE,2011
27,28,Luke Stocker,1,1,17,17.0,17,0,0,0,0,0,0,1,1.7,1.7,0.0%,TE,2011
28,29,Heath Miller,1,3,16,16.0,16,0,0,0,0,0,0,1,1.6,1.6,0.0%,TE,2011
29,30,Brandon Myers,2,3,16,8.0,8,0,0,0,0,0,0,1,1.6,1.6,0.0%,TE,2011
30,31,Benjamin Watson,2,4,16,8.0,9,0,0,0,0,0,0,1,1.6,1.6,2.8%,TE,2011
31,32,Kyle Rudolph,1,1,15,15.0,15,0,0,0,0,0,0,1,1.5,1.5,0.0%,TE,2011
32,33,Adrian Arrington,1,2,14,14.0,14,0,0,0,0,0,0,1,1.4,1.4,0.0%,TE,2011
33,34,Jake Ballard,1,1,13,13.0,13,0,0,0,0,0,0,1,1.3,1.3,0.0%,TE,2011
34,35,Zach Miller,1,2,13,13.0,13,0,0,0,0,0,0,1,1.3,1.3,0.0%,TE,2011
35,36,Leonard Pope,2,3,9,4.5,5,0,0,0,0,0,0,1,0.9,0.9,0.0%,TE,2011
36,37,Daniel Fells,1,2,9,9.0,9,0,0,0,0,0,0,1,0.9,0.9,0.0%,TE,2011
37,38,Anthony McCoy,2,3,9,4.5,5,0,0,0,0,0,0,1,0.9,0.9,0.0%,TE,2011
38,39,Joel Dreessen,1,2,9,9.0,9,0,0,0,0,0,0,1,0.9,0.9,0.0%,TE,2011
39,40,John Phillips,1,2,8,8.0,8,0,0,0,0,0,0,1,0.8,0.8,0.0%,TE,2011
40,41,Michael Hoomanawanui,1,2,8,8.0,8,0,0,0,0,0,0,1,0.8,0.8,0.1%,TE,2011
41,42,Todd Heap,1,1,8,8.0,8,0,0,0,0,0,0,1,0.8,0.8,0.0%,TE,2011
42,43,Jermaine Gresham,2,5,8,4.0,4,0,0,0,0,0,0,1,0.8,0.8,0.0%,TE,2011
43,44,Matthew Mulligan,2,3,8,4.0,6,0,0,0,0,0,0,1,0.8,0.8,0.0%,TE,2011
44,45,Brandon Pettigrew,1,3,7,7.0,7,0,0,0,0,0,0,1,0.7,0.7,0.0%,TE,2011
45,46,Randy McMichael,1,1,6,6.0,6,0,0,0,0,0,0,1,0.6,0.6,0.0%,TE,2011
46,47,Julius Thomas,1,1,5,5.0,5,0,0,0,0,0,0,1,0.5,0.5,0.0%,TE,2011
47,48,Brody Eldridge,1,1,4,4.0,4,0,0,0,0,0,0,1,0.4,0.4,0.0%,TE,2011
48,49,Will Heller,1,1,2,2.0,2,0,0,0,0,0,0,1,0.2,0.2,0.0%,TE,2011
49,50,Jeff Cumberland,1,2,2,2.0,2,0,0,0,0,0,0,1,0.2,0.2,0.0%,TE,2011
50,51,Craig Stevens,1,1,1,1.0,1,0,0,0,0,0,0,1,0.1,0.1,0.0%,TE,2011
51,52,David Thomas,1,3,1,1.0,1,0,0,0,0,0,0,1,0.1,0.1,0.0%,TE,2011
52,53,Jimmy Kleinsasser,0,1,0,0.0,0,0,0,0,0,0,0,1,0.0,0.0,0.0%,TE,2011
53,54,Jacob Tamme,0,0,0,0.0,0,0,0,0,0,0,0,1,0.0,0.0,0.0%,TE,2011
54,55,James Casey,0,0,0,0.0,0,0,0,0,0,0,0,1,0.0,0.0,0.0%,TE,2011
55,56,John Gilmore,0,0,0,0.0,0,0,0,0,0,0,0,1,0.0,0.0,0.0%,TE,2011
56,57,Kellen Davis,0,1,0,0.0,0,0,0,0,0,0,0,1,0.0,0.0,0.2%,TE,2011
57,58,Kory Sperry,0,0,0,0.0,0,0,0,0,0,0,0,1,0.0,0.0,0.0%,TE,2011
58,59,Kris Wilson,0,0,0,0.0,0,0,0,0,0,0,0,1,0.0,0.0,0.0%,TE,2011
59,60,Martellus Bennett,0,0,0,0.0,0,0,0,0,0,0,0,1,0.0,0.0,23.0%,TE,2011
60,61,Matt Spaeth,0,1,0,0.0,0,0,0,0,0,0,0,1,0.0,0.0,0.0%,TE,2011
61,62,Anthony Fasano,0,2,0,0.0,0,0,0,0,0,0,0,1,0.0,0.0,0.1%,TE,2011
62,63,Antonio Gates,0,1,0,0.0,0,0,0,0,0,0,0,1,0.0,0.0,0.2%,TE,2011
63,64,Bear Pascoe,0,1,0,0.0,0,0,0,0,0,0,0,1,0.0,0.0,0.0%,TE,2011
64,65,Ben Hartsock,0,0,0,0.0,0,0,0,0,0,0,0,1,0.0,0.0,0.0%,TE,2011
65,66,Billy Bajema,0,1,0,0.0,0,0,0,0,0,0,0,1,0.0,0.0,0.0%,TE,2011
66,67,Brian Jennings,0,0,0,0.0,0,0,0,0,0,0,0,1,0.0,0.0,0.0%,TE,2011
67,68,David Johnson,0,0,0,0.0,0,0,0,0,0,0,0,1,0.0,0.0,0.0%,TE,2011
68,69,Dante Rosario,0,0,0,0.0,0,0,0,0,0,0,0,1,0.0,0.0,0.0%,TE,2011
69,70,Dan Gronkowski,0,0,0,0.0,0,0,0,0,0,0,0,1,0.0,0.0,0.0%,TE,2011
70,71,Clark Harris,0,0,0,0.0,0,0,0,0,0,0,0,1,0.0,0.0,0.0%,TE,2011
71,72,Chris Cooley,0,2,0,0.0,0,0,0,0,0,0,0,1,0.0,0.0,0.0%,TE,2011
72,73,Mike Leach,0,0,0,0.0,0,0,0,0,0,0,0,1,0.0,0.0,0.0%,TE,2011
73,74,Rob Housler,0,0,0,0.0,0,0,0,0,0,0,0,1,0.0,0.0,0.0%,TE,2011
74,75,D.J. Williams,0,0,0,0.0,0,0,0,0,0,0,0,1,0.0,0.0,0.0%,TE,2011
75,76,Niles Paul,0,0,0,0.0,0,0,0,0,0,0,0,1,0.0,0.0,0.0%,TE,2011
76,77,Richard Gordon,0,0,0,0.0,0,0,0,0,0,0,0,1,0.0,0.0,0.0%,TE,2011
77,78,Virgil Green,0,0,0,0.0,0,0,0,0,0,0,0,1,0.0,0.0,0.0%,TE,2011
78,79,Bruce Miller,0,0,0,0.0,0,0,0,0,0,0,0,1,0.0,0.0,0.0%,TE,2011
79,80,Ryan Taylor,0,0,0,0.0,0,0,0,0,0,0,0,1,0.0,0.0,0.0%,TE,2011
80,81,Weslye Saunders,0,0,0,0.0,0,0,0,0,0,0,0,1,0.0,0.0,0.0%,TE,2011
81,82,Zack Pianalto,0,0,0,0.0,0,0,0,0,0,0,0,1,0.0,0.0,0.0%,TE,2011
82,83,Richie Brockel,0,0,0,0.0,0,0,0,0,0,0,0,1,0.0,0.0,0.0%,TE,2011
83,84,Jeron Mastrud,0,1,0,0.0,0,0,0,0,0,0,0,1,0.0,0.0,0.0%,TE,2011
84,85,Allen Reisner,0,0,0,0.0,0,0,0,0,0,0,0,1,0.0,0.0,0.0%,TE,2011
85,86,Colin Cochart,0,1,0,0.0,0,0,0,0,0,0,0,1,0.0,0.0,0.0%,TE,2011
86,87,Kyle Adams,0,0,0,0.0,0,0,0,0,0,0,0,1,0.0,0.0,0.0%,TE,2011
87,88,Logan Paulsen,0,0,0,0.0,0,0,0,0,0,0,0,1,0.0,0.0,0.0%,TE,2011
88,89,Zach Potter,0,0,0,0.0,0,0,0,0,0,0,0,1,0.0,0.0,0.0%,TE,2011
89,90,Tim Tebow,0,0,0,0.0,0,0,0,0,0,0,0,1,0.0,0.0,0.5%,TE,2011
90,91,Michael Palmer,0,0,0,0.0,0,0,0,0,0,0,0,1,0.0,0.0,0.0%,TE,2011
91,92,Andrew Quarless,0,0,0,0.0,0,0,0,0,0,0,0,1,0.0,0.0,0.0%,TE,2011
92,93,Tom Crabtree,0,0,0,0.0,0,0,0,0,0,0,0,1,0.0,0.0,0.0%,TE,2011
93,94,Clay Harbor,0,0,0,0.0,0,0,0,0,0,0,0,1,0.0,0.0,0.0%,TE,2011
