,Rank,Player,Receiving Receptions,Receiving Target,Receiving Yards,Yards/Reception,Longest Reception,Receiving 20+,Receiving Touchdowns,Rushing Attempts,Rushing Yards,Rushing Touchdown,Fumbles,Games Played,Fantasy Football Points,FTPS/Game,ROST,Position,Year
0,1,Percy Harvin,8,9,156,19.5,52,0,2,5,19,0,0,1,29.5,29.5,0.1%,WR,2011
1,2,Pierre Garcon,9,12,150,16.7,40,0,2,0,0,0,0,1,27.0,27.0,0.0%,WR,2011
2,3,Demaryius Thomas,4,7,144,36.0,42,0,2,0,0,0,0,1,26.4,26.4,0.1%,WR,2011
3,4,Hakeem Nicks,7,12,88,12.6,51,0,2,0,0,0,0,1,20.8,20.8,0.0%,WR,2011
4,5,Robert Meachem,3,6,119,39.7,67,0,1,1,8,0,0,1,18.7,18.7,0.0%,WR,2011
5,6,Malcom Floyd,4,4,108,27.0,52,0,1,0,0,0,0,1,16.8,16.8,0.0%,WR,2011
6,7,A.J. Green,6,11,87,14.5,43,0,1,1,15,0,0,1,16.2,16.2,0.6%,WR,2011
7,8,Michael Crabtree,4,5,96,24.0,52,0,1,0,0,0,0,1,15.6,15.6,0.0%,WR,2011
8,9,Mike Wallace,3,5,38,12.7,19,0,2,1,-3,0,0,1,15.5,15.5,0.0%,WR,2011
9,10,Donald Driver,4,4,34,8.5,13,0,2,0,0,0,0,1,15.4,15.4,0.0%,WR,2011
10,11,Greg Jennings,7,14,94,13.4,20,0,1,0,0,0,0,1,15.4,15.4,0.0%,WR,2011
11,12,Kyle Williams,2,2,66,33.0,56,0,1,1,25,0,0,1,15.1,15.1,0.0%,WR,2011
12,13,Dez Bryant,8,14,86,10.8,24,0,1,0,0,0,0,1,14.6,14.6,2.6%,WR,2011
13,14,Vincent Jackson,4,5,72,18.0,35,0,1,0,0,0,0,1,13.2,13.2,0.0%,WR,2011
14,15,Victor Cruz,7,9,119,17.0,42,0,0,0,0,0,0,1,11.9,11.9,0.1%,WR,2011
15,16,Santonio Holmes,4,8,58,14.5,30,0,1,0,0,0,0,1,11.8,11.8,0.0%,WR,2011
16,17,Golden Tate,4,4,47,11.8,25,0,1,1,8,0,0,1,11.5,11.5,0.0%,WR,2011
17,18,Steve Johnson,5,8,52,10.4,22,0,1,0,0,0,0,1,11.2,11.2,0.0%,WR,2011
18,19,Andre Roberts,6,6,111,18.5,40,0,0,0,0,0,0,1,11.1,11.1,0.0%,WR,2011
19,20,Roddy White,4,16,51,12.8,16,0,1,0,0,0,0,1,11.1,11.1,0.0%,WR,2011
20,21,Wes Welker,11,11,110,10.0,18,0,0,0,0,0,0,1,11.0,11.0,0.0%,WR,2011
21,22,T.J. Houshmandzadeh,1,3,40,40.0,40,0,1,0,0,0,0,1,10.0,10.0,0.0%,WR,2011
22,23,Andre Johnson,4,9,97,24.3,50,0,0,0,0,0,0,1,9.7,9.7,0.0%,WR,2011
23,24,Riley Cooper,5,10,94,18.8,47,0,0,0,0,0,0,1,9.4,9.4,0.0%,WR,2011
24,25,Jordy Nelson,4,4,94,23.5,33,0,0,0,0,0,0,1,9.4,9.4,0.1%,WR,2011
25,26,Mike Williams,5,9,93,18.6,42,0,0,0,0,0,0,1,9.3,9.3,0.0%,WR,2011
26,27,Nate Burleson,5,8,93,18.6,47,0,0,0,0,0,0,1,9.3,9.3,0.0%,WR,2011
27,28,Devin Aromashodu,6,15,90,15.0,20,1,0,0,0,0,0,1,9.0,9.0,0.0%,WR,2011
28,29,Chaz Schilens,6,7,89,14.8,30,1,0,0,0,0,0,1,8.9,8.9,0.0%,WR,2011
29,30,Davone Bess,4,7,27,6.8,12,0,1,0,0,0,0,1,8.7,8.7,0.0%,WR,2011
30,31,Darrius Heyward-Bey,3,8,23,7.7,14,0,1,0,0,0,0,1,8.3,8.3,0.0%,WR,2011
31,32,Lance Moore,2,4,23,11.5,20,0,1,0,0,0,0,1,8.3,8.3,0.0%,WR,2011
32,33,Dezmon Briscoe,1,2,23,23.0,23,0,1,0,0,0,0,1,8.3,8.3,0.0%,WR,2011
33,34,Vincent Brown,1,2,22,22.0,22,0,1,0,0,0,0,1,8.2,8.2,0.0%,WR,2011
34,35,Antonio Brown,2,4,67,33.5,45,0,0,1,9,0,0,1,7.6,7.6,0.8%,WR,2011
35,36,Laurent Robinson,4,6,72,18.0,36,0,0,0,0,0,0,1,7.2,7.2,0.0%,WR,2011
36,37,Brad Smith,7,10,72,10.3,29,0,0,0,0,0,0,1,7.2,7.2,0.0%,WR,2011
37,38,Ted Ginn,4,4,56,14.0,26,0,0,1,16,0,0,1,7.2,7.2,0.0%,WR,2011
38,39,Titus Young,2,2,60,30.0,49,0,0,1,11,0,0,1,7.1,7.1,0.0%,WR,2011
39,40,Austin Collie,7,9,70,10.0,23,0,0,0,0,0,0,1,7.0,7.0,0.0%,WR,2011
40,41,Calvin Johnson,6,8,69,11.5,22,0,0,0,0,0,0,1,6.9,6.9,0.1%,WR,2011
41,42,Julio Jones,4,11,68,17.0,26,0,0,0,0,0,0,1,6.8,6.8,0.6%,WR,2011
42,43,Cecil Shorts,1,1,5,5.0,5,0,1,0,0,0,0,1,6.5,6.5,0.0%,WR,2011
43,44,Brandon LaFell,3,4,64,21.3,31,0,0,0,0,0,0,1,6.4,6.4,0.0%,WR,2011
44,45,Damian Williams,4,7,62,15.5,18,0,0,0,0,0,0,1,6.2,6.2,0.0%,WR,2011
45,46,Brandon Marshall,4,6,60,15.0,38,0,0,0,0,0,0,1,6.0,6.0,2.6%,WR,2011
46,47,Larry Fitzgerald,4,7,55,13.8,18,0,0,0,0,0,0,1,5.5,5.5,0.2%,WR,2011
47,48,Reggie Wayne,5,5,55,11.0,15,0,0,0,0,0,0,1,5.5,5.5,0.0%,WR,2011
48,49,Marques Colston,6,8,54,9.0,18,0,0,0,0,0,0,1,5.4,5.4,0.0%,WR,2011
49,50,Johnny Knox,5,8,53,10.6,17,0,0,0,0,0,0,1,5.3,5.3,0.0%,WR,2011
50,51,Dwayne Bowe,4,9,49,12.3,14,0,0,0,0,0,0,1,4.9,4.9,0.0%,WR,2011
51,52,Harry Douglas,4,5,43,10.8,17,0,0,0,0,0,0,1,4.3,4.3,0.0%,WR,2011
52,53,Brandon Gibson,4,7,42,10.5,14,0,0,0,0,0,0,1,4.2,4.2,0.0%,WR,2011
53,54,Santana Moss,5,12,42,8.4,21,0,0,0,0,0,0,1,4.2,4.2,0.0%,WR,2011
54,55,Steve Breaston,5,7,41,8.2,19,0,0,0,0,0,0,1,4.1,4.1,0.0%,WR,2011
55,56,Nate Washington,4,6,40,10.0,12,0,0,0,0,0,0,1,4.0,4.0,0.0%,WR,2011
56,57,DeSean Jackson,4,5,34,8.5,20,0,0,1,5,0,0,1,3.9,3.9,0.6%,WR,2011
57,58,Stephen Burton,2,3,38,19.0,21,0,0,0,0,0,0,1,3.8,3.8,0.0%,WR,2011
58,59,Deion Branch,3,6,37,12.3,17,0,0,0,0,0,0,1,3.7,3.7,0.0%,WR,2011
59,60,Devin Hester,3,4,35,11.7,17,0,0,0,0,0,0,1,3.5,3.5,0.4%,WR,2011
60,61,David Nelson,3,8,34,11.3,17,0,0,0,0,0,0,1,3.4,3.4,0.0%,WR,2011
61,62,Brandon Lloyd,1,2,34,34.0,34,0,0,0,0,0,0,1,3.4,3.4,0.0%,WR,2011
62,63,Arrelious Benn,3,4,46,15.3,38,0,0,1,-12,0,0,1,3.4,3.4,0.0%,WR,2011
63,64,Plaxico Burress,3,6,33,11.0,18,0,0,0,0,0,0,1,3.3,3.3,0.0%,WR,2011
64,65,Steve Smith,2,6,32,16.0,23,0,0,0,0,0,0,1,3.2,3.2,0.0%,WR,2011
65,66,Anquan Boldin,2,4,32,16.0,16,0,0,0,0,0,0,1,3.2,3.2,0.1%,WR,2011
66,67,Jesse Holley,2,2,31,15.5,18,0,0,0,0,0,0,1,3.1,3.1,0.0%,WR,2011
67,68,Louis Murphy,2,5,15,7.5,9,0,0,2,16,0,0,1,3.1,3.1,0.0%,WR,2011
68,69,Hines Ward,5,6,30,6.0,12,0,0,0,0,0,0,1,3.0,3.0,0.0%,WR,2011
69,70,Torrey Smith,1,4,32,32.0,32,0,0,1,-3,0,0,1,2.9,2.9,0.0%,WR,2011
70,71,Jordan Norwood,3,5,29,9.7,11,0,0,0,0,0,0,1,2.9,2.9,0.0%,WR,2011
71,72,Ben Obomanu,2,2,28,14.0,26,0,0,0,0,0,0,1,2.8,2.8,0.0%,WR,2011
72,73,Austin Pettis,3,7,33,11.0,17,0,0,1,-6,0,0,1,2.7,2.7,0.0%,WR,2011
73,74,Preston Parker,3,3,26,8.7,12,0,0,0,0,0,0,1,2.6,2.6,0.0%,WR,2011
74,75,Kevin Ogletree,3,5,25,8.3,11,0,0,0,0,0,0,1,2.5,2.5,0.0%,WR,2011
75,76,Eric Decker,2,4,25,12.5,17,0,0,0,0,0,0,1,2.5,2.5,0.6%,WR,2011
76,77,Naaman Roosevelt,1,2,25,25.0,25,0,0,0,0,0,0,1,2.5,2.5,0.0%,WR,2011
77,78,Doug Baldwin,1,2,21,21.0,21,0,0,0,0,0,0,1,2.1,2.1,0.0%,WR,2011
78,79,David Anderson,2,5,21,10.5,13,0,0,0,0,0,0,1,2.1,2.1,0.0%,WR,2011
79,80,Mike Thomas,2,6,21,10.5,13,0,0,0,0,0,0,1,2.1,2.1,0.0%,WR,2011
80,81,Greg Little,3,7,18,6.0,8,0,0,0,0,0,0,1,1.8,1.8,0.0%,WR,2011
81,82,Jarett Dillard,2,7,14,7.0,7,0,0,0,0,0,0,1,1.4,1.4,0.0%,WR,2011
82,83,Donte' Stallworth,1,2,14,14.0,14,0,0,0,0,0,0,1,1.4,1.4,0.0%,WR,2011
83,84,Matt Willis,1,1,12,12.0,12,0,0,0,0,0,0,1,1.2,1.2,0.0%,WR,2011
84,85,Chad Johnson,1,2,12,12.0,12,0,0,0,0,0,0,1,1.2,1.2,0.0%,WR,2011
85,86,Kevin Walter,1,4,12,12.0,12,0,0,0,0,0,0,1,1.2,1.2,0.0%,WR,2011
86,87,Terrance Copper,1,2,10,10.0,10,0,0,0,0,0,0,1,1.0,1.0,0.0%,WR,2011
87,88,Tiquan Underwood,1,1,10,10.0,10,0,0,0,0,0,0,1,1.0,1.0,0.0%,WR,2011
88,89,Danario Alexander,1,2,10,10.0,10,0,0,0,0,0,0,1,1.0,1.0,0.0%,WR,2011
89,90,Jason Avant,1,2,10,10.0,10,0,0,0,0,0,0,1,1.0,1.0,0.0%,WR,2011
90,91,Ramses Barden,1,3,9,9.0,9,0,0,0,0,0,0,1,0.9,0.9,0.0%,WR,2011
91,92,Brian Hartline,1,2,9,9.0,9,0,0,0,0,0,0,1,0.9,0.9,0.0%,WR,2011
92,93,Lavelle Hawkins,2,4,9,4.5,5,0,0,0,0,0,0,1,0.9,0.9,0.0%,WR,2011
93,94,Andrew Hawkins,1,2,8,8.0,8,0,0,0,0,0,0,1,0.8,0.8,0.0%,WR,2011
94,95,Nick Miller,1,1,8,8.0,8,0,0,0,0,0,0,1,0.8,0.8,0.0%,WR,2011
95,96,Eddie Royal,1,1,7,7.0,7,0,0,0,0,0,0,1,0.7,0.7,0.0%,WR,2011
96,97,Jon Baldwin,1,4,7,7.0,7,0,0,0,0,0,0,1,0.7,0.7,0.0%,WR,2011
97,98,Mohamed Massaquoi,1,5,7,7.0,7,0,0,0,0,0,0,1,0.7,0.7,0.0%,WR,2011
98,99,Patrick Turner,1,1,6,6.0,6,0,0,0,0,0,0,1,0.6,0.6,0.0%,WR,2011
99,100,Emmanuel Sanders,1,2,6,6.0,6,0,0,0,0,0,0,1,0.6,0.6,0.0%,WR,2011
100,101,Earl Bennett,1,4,5,5.0,5,0,0,0,0,0,0,1,0.5,0.5,0.0%,WR,2011
101,102,Patrick Crayton,1,1,5,5.0,5,0,0,0,0,0,0,1,0.5,0.5,0.0%,WR,2011
102,103,Seyi Ajirotutu,1,1,4,4.0,4,0,0,0,0,0,0,1,0.4,0.4,0.0%,WR,2011
103,104,Edmond Gates,0,0,0,0.0,0,0,0,1,4,0,0,1,0.4,0.4,0.0%,WR,2011
104,105,Jerheme Urban,1,1,1,1.0,1,0,0,0,0,0,0,1,0.1,0.1,0.0%,WR,2011
105,106,Mike Williams,0,2,0,0.0,0,0,0,0,0,0,0,1,0.0,0.0,0.0%,WR,2011
106,107,Quan Cosby,0,0,0,0.0,0,0,0,0,0,0,0,1,0.0,0.0,0.0%,WR,2011
107,108,Roy Williams,0,1,0,0.0,0,0,0,0,0,0,0,1,0.0,0.0,0.0%,WR,2011
108,109,Lee Evans,0,3,0,0.0,0,0,0,0,0,0,0,1,0.0,0.0,0.0%,WR,2011
109,110,Matthew Slater,0,0,0,0.0,0,0,0,0,0,0,0,1,0.0,0.0,0.0%,WR,2011
110,111,Ruvell Martin,0,0,0,0.0,0,0,0,0,0,0,0,1,0.0,0.0,0.0%,WR,2011
111,112,Carlton Mitchell,0,0,0,0.0,0,0,0,0,0,0,0,1,0.0,0.0,0.0%,WR,2011
112,113,David Reed,0,0,0,0.0,0,0,0,0,0,0,0,1,0.0,0.0,0.0%,WR,2011
113,114,Anthony Armstrong,0,0,0,0.0,0,0,0,0,0,0,0,1,0.0,0.0,0.0%,WR,2011
114,115,Armanti Edwards,0,0,0,0.0,0,0,0,0,0,0,0,1,0.0,0.0,0.0%,WR,2011
115,116,Sam Hurd,0,2,0,0.0,0,0,0,0,0,0,0,1,0.0,0.0,0.0%,WR,2011
116,117,Sammie Stroughter,0,1,0,0.0,0,0,0,0,0,0,0,1,0.0,0.0,0.0%,WR,2011
117,118,Courtney Roby,0,0,0,0.0,0,0,0,0,0,0,0,1,0.0,0.0,0.0%,WR,2011
118,119,Deon Butler,0,0,0,0.0,0,0,0,0,0,0,0,1,0.0,0.0,0.0%,WR,2011
119,120,Brett Swain,0,0,0,0.0,0,0,0,0,0,0,0,1,0.0,0.0,0.0%,WR,2011
120,121,Devery Henderson,0,0,0,0.0,0,0,0,0,0,0,0,1,0.0,0.0,0.0%,WR,2011
121,122,Kassim Osgood,0,0,0,0.0,0,0,0,0,0,0,0,1,0.0,0.0,0.0%,WR,2011
122,123,Jerome Simpson,0,3,0,0.0,0,0,0,0,0,0,0,1,0.0,0.0,0.0%,WR,2011
123,124,Jerricho Cotchery,0,0,0,0.0,0,0,0,0,0,0,0,1,0.0,0.0,0.0%,WR,2011
124,125,Josh Cribbs,0,0,0,0.0,0,0,0,0,0,0,0,1,0.0,0.0,0.0%,WR,2011
125,126,Julian Edelman,0,0,0,0.0,0,0,0,0,0,0,0,1,0.0,0.0,12.1%,WR,2011
126,127,Devin Thomas,0,0,0,0.0,0,0,0,0,0,0,0,1,0.0,0.0,0.0%,WR,2011
127,128,Early Doucet,2,6,0,0.0,2,0,0,0,0,0,0,1,0.0,0.0,0.0%,WR,2011
128,129,Eric Weems,0,0,0,0.0,0,0,0,0,0,0,0,1,0.0,0.0,0.0%,WR,2011
129,130,Jabar Gaffney,0,3,0,0.0,0,0,0,0,0,0,0,1,0.0,0.0,0.0%,WR,2011
130,131,Jacoby Jones,0,2,0,0.0,0,0,0,0,0,0,0,1,0.0,0.0,0.0%,WR,2011
131,132,James Jones,0,0,0,0.0,0,0,0,0,0,0,0,1,0.0,0.0,0.0%,WR,2011
132,133,Marc Mariani,0,1,0,0.0,0,0,0,0,0,0,0,1,0.0,0.0,0.0%,WR,2011
133,134,Randall Cobb,0,1,0,0.0,0,0,0,0,0,0,0,1,0.0,0.0,0.0%,WR,2011
134,135,DeMarco Sampson,0,0,0,0.0,0,0,0,0,0,0,0,1,0.0,0.0,0.0%,WR,2011
135,136,Dane Sanzenbacher,0,1,0,0.0,0,0,0,0,0,0,0,1,0.0,0.0,0.0%,WR,2011
136,137,Brandon Banks,0,0,0,0.0,0,0,0,0,0,0,0,1,0.0,0.0,0.0%,WR,2011
137,138,Chad Hall,0,1,0,0.0,0,0,0,0,0,0,0,1,0.0,0.0,0.0%,WR,2011
138,139,Jeremy Horne,0,1,0,0.0,0,0,0,0,0,0,0,1,0.0,0.0,0.0%,WR,2011
139,140,Jerrel Jernigan,0,0,0,0.0,0,0,0,0,0,0,0,1,0.0,0.0,0.0%,WR,2011
140,141,Richard Goodman,0,0,0,0.0,0,0,0,0,0,0,0,1,0.0,0.0,0.0%,WR,2011
141,142,Chastin West,0,0,0,0.0,0,0,0,0,0,0,0,1,0.0,0.0,0.0%,WR,2011
142,143,Andre Caldwell,0,0,0,0.0,0,0,0,0,0,0,0,1,0.0,0.0,0.0%,WR,2011
143,144,Jeremy Kerley,1,1,7,7.0,7,0,0,1,6,0,1,1,-0.7,-0.7,0.0%,WR,2011
144,145,Brandon Tate,0,0,0,0.0,0,0,0,0,0,0,1,1,-2.0,-2.0,0.0%,WR,2011
