,Rank,Player,Receiving Receptions,Receiving Target,Receiving Yards,Yards/Reception,Longest Reception,Receiving 20+,Receiving Touchdowns,Rushing Attempts,Rushing Yards,Rushing Touchdown,Fumbles,Games Played,Fantasy Football Points,FTPS/Game,ROST,Position,Year
0,1,Wes Welker,16,20,217,13.6,33,0,2,1,19,0,0,1,35.6,35.6,0.0%,WR,2011
1,2,Torrey Smith,5,8,152,30.4,74,0,3,1,10,0,0,1,34.2,34.2,0.0%,WR,2011
2,3,Victor Cruz,3,5,110,36.7,74,0,2,0,0,0,0,1,23.0,23.0,0.1%,WR,2011
3,4,Calvin Johnson,7,11,108,15.4,40,0,2,0,0,0,0,1,22.8,22.8,0.1%,WR,2011
4,5,Mike Wallace,5,7,144,28.8,81,0,1,0,0,0,0,1,20.4,20.4,0.0%,WR,2011
5,6,Lance Moore,9,9,88,9.8,16,0,1,0,0,0,0,1,18.8,18.8,0.0%,WR,2011
6,7,Steve Johnson,8,10,94,11.8,33,0,1,0,0,0,0,1,15.4,15.4,0.0%,WR,2011
7,8,Nate Washington,8,9,92,11.5,22,0,1,0,0,0,0,1,15.2,15.2,0.0%,WR,2011
8,9,Roddy White,9,17,140,15.6,30,0,0,0,0,0,0,1,14.0,14.0,0.0%,WR,2011
9,10,Andre Johnson,7,12,128,18.3,48,0,0,1,8,0,0,1,13.6,13.6,0.0%,WR,2011
10,11,Dwayne Bowe,4,6,67,16.8,23,0,1,0,0,0,0,1,12.7,12.7,0.0%,WR,2011
11,12,Larry Fitzgerald,5,8,64,12.8,28,0,1,0,0,0,0,1,12.4,12.4,0.2%,WR,2011
12,13,Greg Jennings,9,10,119,13.2,25,0,0,0,0,0,0,1,11.9,11.9,0.0%,WR,2011
13,14,Denarius Moore,4,6,34,8.5,13,0,0,1,23,1,0,1,11.7,11.7,0.0%,WR,2011
14,15,Mike Thomas,4,8,55,13.8,36,0,1,0,0,0,0,1,11.5,11.5,0.0%,WR,2011
15,16,Plaxico Burress,3,6,55,18.3,24,0,1,0,0,0,0,1,11.5,11.5,0.0%,WR,2011
16,17,Brandon Gibson,5,7,55,11.0,34,0,1,0,0,0,0,1,11.5,11.5,0.0%,WR,2011
17,18,Robert Meachem,5,8,51,10.2,16,0,1,0,0,0,0,1,11.1,11.1,0.0%,WR,2011
18,19,Josh Cribbs,3,6,49,16.3,33,0,1,0,0,0,0,1,10.9,10.9,0.0%,WR,2011
19,20,Sidney Rice,8,10,109,13.6,32,0,0,0,0,0,0,1,10.9,10.9,0.0%,WR,2011
20,21,Julio Jones,6,7,115,19.2,49,0,0,1,-9,0,0,1,10.6,10.6,0.6%,WR,2011
21,22,Donald Jones,5,10,101,20.2,48,0,0,1,2,0,0,1,10.3,10.3,0.0%,WR,2011
22,23,Kevin Walter,3,3,35,11.7,20,0,1,0,0,0,0,1,9.5,9.5,0.0%,WR,2011
23,24,Percy Harvin,3,5,47,15.7,21,0,0,2,41,0,0,1,8.8,8.8,0.1%,WR,2011
24,25,Michael Jenkins,9,11,88,9.8,24,0,0,0,0,0,0,1,8.8,8.8,0.0%,WR,2011
25,26,Dane Sanzenbacher,5,7,27,5.4,10,0,1,0,0,0,0,1,8.7,8.7,0.0%,WR,2011
26,27,Brian Hartline,4,4,87,21.8,38,0,0,0,0,0,0,1,8.7,8.7,0.0%,WR,2011
27,28,Mohamed Massaquoi,2,6,26,13.0,14,0,1,0,0,0,0,1,8.6,8.6,0.0%,WR,2011
28,29,David Nelson,6,8,84,14.0,26,0,0,0,0,0,0,1,8.4,8.4,0.0%,WR,2011
29,30,Johnny Knox,4,9,84,21.0,40,0,0,0,0,0,0,1,8.4,8.4,0.0%,WR,2011
30,31,Pierre Garcon,6,10,82,13.7,29,0,0,0,0,0,0,1,8.2,8.2,0.0%,WR,2011
31,32,Matt Willis,2,3,16,8.0,11,0,1,0,0,0,0,1,7.6,7.6,0.0%,WR,2011
32,33,Antonio Brown,4,8,75,18.8,21,0,0,0,0,0,0,1,7.5,7.5,0.8%,WR,2011
33,34,Anquan Boldin,7,14,74,10.6,21,0,0,0,0,0,0,1,7.4,7.4,0.1%,WR,2011
34,35,Santana Moss,5,8,70,14.0,36,0,0,0,0,0,0,1,7.0,7.0,0.0%,WR,2011
35,36,Jeremy Maclin,5,7,69,13.8,24,0,0,0,0,0,0,1,6.9,6.9,0.0%,WR,2011
36,37,Vincent Jackson,5,8,63,12.6,20,0,0,1,1,0,0,1,6.4,6.4,0.0%,WR,2011
37,38,Dez Bryant,4,4,63,15.8,30,0,0,0,0,0,0,1,6.3,6.3,2.6%,WR,2011
38,39,Devery Henderson,3,4,62,20.7,44,0,0,0,0,0,0,1,6.2,6.2,0.0%,WR,2011
39,40,Devin Hester,3,5,62,20.7,37,0,0,0,0,0,0,1,6.2,6.2,0.4%,WR,2011
40,41,Jabar Gaffney,5,6,60,12.0,17,0,0,0,0,0,0,1,6.0,6.0,0.0%,WR,2011
41,42,Steve Breaston,3,6,55,18.3,43,0,0,0,0,0,0,1,5.5,5.5,0.0%,WR,2011
42,43,Andre Caldwell,6,12,53,8.8,14,0,0,0,0,0,0,1,5.3,5.3,0.0%,WR,2011
43,44,Davone Bess,5,9,52,10.4,16,0,0,0,0,0,0,1,5.2,5.2,0.0%,WR,2011
44,45,Titus Young,4,8,51,12.8,17,0,0,0,0,0,0,1,5.1,5.1,0.0%,WR,2011
45,46,Early Doucet,5,6,50,10.0,12,0,0,0,0,0,0,1,5.0,5.0,0.0%,WR,2011
46,47,Laurent Robinson,3,5,49,16.3,25,0,0,0,0,0,0,1,4.9,4.9,0.0%,WR,2011
47,48,Eric Decker,7,13,48,6.9,10,0,0,0,0,0,0,1,4.8,4.8,0.6%,WR,2011
48,49,Patrick Crayton,5,7,47,9.4,23,0,0,0,0,0,0,1,4.7,4.7,0.0%,WR,2011
49,50,Derrick Mason,6,10,45,7.5,12,0,0,0,0,0,0,1,4.5,4.5,0.0%,WR,2011
50,51,Brandon Marshall,4,7,43,10.8,15,0,0,0,0,0,0,1,4.3,4.3,2.6%,WR,2011
51,52,Mike Williams,5,8,43,8.6,16,0,0,0,0,0,0,1,4.3,4.3,0.0%,WR,2011
52,53,Jordy Nelson,3,5,40,13.3,18,0,0,0,0,0,0,1,4.0,4.0,0.1%,WR,2011
53,54,Brandon Lloyd,4,6,38,9.5,20,0,0,0,0,0,0,1,3.8,3.8,0.0%,WR,2011
54,55,Andre Roberts,4,6,38,9.5,16,0,0,0,0,0,0,1,3.8,3.8,0.0%,WR,2011
55,56,Mike Sims-Walker,3,6,36,12.0,14,0,0,0,0,0,0,1,3.6,3.6,0.0%,WR,2011
56,57,Harry Douglas,5,7,35,7.0,16,0,0,0,0,0,0,1,3.5,3.5,0.0%,WR,2011
57,58,DeSean Jackson,2,6,30,15.0,17,0,0,1,3,0,0,1,3.3,3.3,0.6%,WR,2011
58,59,Jason Avant,4,5,33,8.3,14,0,0,0,0,0,0,1,3.3,3.3,0.0%,WR,2011
59,60,Chaz Schilens,4,4,31,7.8,13,0,0,0,0,0,0,1,3.1,3.1,0.0%,WR,2011
60,61,Austin Collie,5,7,29,5.8,11,0,0,0,0,0,0,1,2.9,2.9,0.0%,WR,2011
61,62,A.J. Green,4,5,29,7.3,18,0,0,0,0,0,0,1,2.9,2.9,0.6%,WR,2011
62,63,Malcom Floyd,2,5,28,14.0,17,0,0,0,0,0,0,1,2.8,2.8,0.0%,WR,2011
63,64,Danario Alexander,2,8,28,14.0,15,0,0,0,0,0,0,1,2.8,2.8,0.0%,WR,2011
64,65,Chad Johnson,2,4,28,14.0,19,0,0,0,0,0,0,1,2.8,2.8,0.0%,WR,2011
65,66,Steve Smith,2,5,27,13.5,19,0,0,0,0,0,0,1,2.7,2.7,0.0%,WR,2011
66,67,Hakeem Nicks,3,5,25,8.3,9,0,0,0,0,0,0,1,2.5,2.5,0.0%,WR,2011
67,68,Michael Crabtree,3,6,24,8.0,8,0,0,0,0,0,0,1,2.4,2.4,0.0%,WR,2011
68,69,Greg Little,3,5,24,8.0,10,0,0,0,0,0,0,1,2.4,2.4,0.0%,WR,2011
69,70,Reggie Wayne,3,13,24,8.0,11,0,0,0,0,0,0,1,2.4,2.4,0.0%,WR,2011
70,71,James Jones,4,6,24,6.0,13,0,0,0,0,0,0,1,2.4,2.4,0.0%,WR,2011
71,72,Emmanuel Sanders,2,5,21,10.5,18,0,0,0,0,0,0,1,2.1,2.1,0.0%,WR,2011
72,73,Doug Baldwin,2,4,23,11.5,20,0,0,1,-2,0,0,1,2.1,2.1,0.0%,WR,2011
73,74,Damian Williams,1,3,19,19.0,19,0,0,0,0,0,0,1,1.9,1.9,0.0%,WR,2011
74,75,Arrelious Benn,3,4,19,6.3,13,0,0,0,0,0,0,1,1.9,1.9,0.0%,WR,2011
75,76,Santonio Holmes,1,2,19,19.0,19,0,0,0,0,0,0,1,1.9,1.9,0.0%,WR,2011
76,77,Hines Ward,3,4,17,5.7,11,0,0,0,0,0,0,1,1.7,1.7,0.0%,WR,2011
77,78,Sam Hurd,1,1,17,17.0,17,0,0,0,0,0,0,1,1.7,1.7,0.0%,WR,2011
78,79,Josh Morgan,2,4,17,8.5,12,0,0,0,0,0,0,1,1.7,1.7,0.0%,WR,2011
79,80,Lavelle Hawkins,2,5,16,8.0,11,0,0,0,0,0,0,1,1.6,1.6,0.0%,WR,2011
80,81,Steve Smith,2,7,15,7.5,13,0,0,0,0,0,0,1,1.5,1.5,0.0%,WR,2011
81,82,Golden Tate,2,3,15,7.5,9,0,0,0,0,0,0,1,1.5,1.5,0.0%,WR,2011
82,83,Derek Hagan,1,3,13,13.0,13,0,0,0,0,0,0,1,1.3,1.3,0.0%,WR,2011
83,84,Randall Cobb,1,1,13,13.0,13,0,0,0,0,0,0,1,1.3,1.3,0.0%,WR,2011
84,85,Ben Obomanu,2,2,12,6.0,6,0,0,0,0,0,0,1,1.2,1.2,0.0%,WR,2011
85,86,Nate Burleson,2,2,12,6.0,7,0,0,0,0,0,0,1,1.2,1.2,0.0%,WR,2011
86,87,Preston Parker,1,1,11,11.0,11,0,0,0,0,0,0,1,1.1,1.1,0.0%,WR,2011
87,88,Julian Edelman,1,3,5,5.0,5,0,0,2,3,0,0,1,0.8,0.8,12.1%,WR,2011
88,89,Marc Mariani,1,1,4,4.0,4,0,0,1,4,0,0,1,0.8,0.8,0.0%,WR,2011
89,90,Austin Pettis,2,2,8,4.0,5,0,0,0,0,0,0,1,0.8,0.8,0.0%,WR,2011
90,91,Brandon Stokley,1,2,7,7.0,7,0,0,0,0,0,0,1,0.7,0.7,0.0%,WR,2011
91,92,LaQuan Williams,1,3,7,7.0,7,0,0,0,0,0,0,1,0.7,0.7,0.0%,WR,2011
92,93,Brad Smith,0,1,0,0.0,0,0,0,2,6,0,0,1,0.6,0.6,0.0%,WR,2011
93,94,Jerome Simpson,1,4,6,6.0,6,0,0,0,0,0,0,1,0.6,0.6,0.0%,WR,2011
94,95,Devin Aromashodu,1,2,5,5.0,5,0,0,0,0,0,0,1,0.5,0.5,0.0%,WR,2011
95,96,Jason Hill,1,5,5,5.0,5,0,0,0,0,0,0,1,0.5,0.5,0.0%,WR,2011
96,97,Darrius Heyward-Bey,1,3,5,5.0,5,0,0,0,0,0,0,1,0.5,0.5,0.0%,WR,2011
97,98,Dominique Curry,0,0,0,0.0,0,0,0,0,0,0,0,1,0.0,0.0,0.0%,WR,2011
98,99,Mike Williams,0,1,0,0.0,0,0,0,0,0,0,0,1,0.0,0.0,0.0%,WR,2011
99,100,Quan Cosby,0,0,0,0.0,0,0,0,0,0,0,0,1,0.0,0.0,0.0%,WR,2011
100,101,Roy Williams,0,4,0,0.0,0,0,0,0,0,0,0,1,0.0,0.0,0.0%,WR,2011
101,102,Ruvell Martin,0,0,0,0.0,0,0,0,0,0,0,0,1,0.0,0.0,0.0%,WR,2011
102,103,Micheal Spurlock,0,0,0,0.0,0,0,0,0,0,0,0,1,0.0,0.0,0.0%,WR,2011
103,104,Matthew Slater,0,0,0,0.0,0,0,0,0,0,0,0,1,0.0,0.0,0.0%,WR,2011
104,105,Jordan Norwood,0,0,0,0.0,0,0,0,0,0,0,0,1,0.0,0.0,0.0%,WR,2011
105,106,Riley Cooper,0,0,0,0.0,0,0,0,0,0,0,0,1,0.0,0.0,0.0%,WR,2011
106,107,Anthony Armstrong,0,0,0,0.0,0,0,0,0,0,0,0,1,0.0,0.0,0.0%,WR,2011
107,108,Carlton Mitchell,0,0,0,0.0,0,0,0,0,0,0,0,1,0.0,0.0,0.0%,WR,2011
108,109,Ted Ginn,0,0,0,0.0,0,0,0,0,0,0,0,1,0.0,0.0,0.0%,WR,2011
109,110,Terrance Copper,0,0,0,0.0,0,0,0,0,0,0,0,1,0.0,0.0,0.0%,WR,2011
110,111,Brandon LaFell,0,0,0,0.0,0,0,0,0,0,0,0,1,0.0,0.0,0.0%,WR,2011
111,112,Patrick Turner,0,1,0,0.0,0,0,0,0,0,0,0,1,0.0,0.0,0.0%,WR,2011
112,113,Armanti Edwards,0,0,0,0.0,0,0,0,0,0,0,0,1,0.0,0.0,0.0%,WR,2011
113,114,Courtney Roby,0,0,0,0.0,0,0,0,0,0,0,0,1,0.0,0.0,0.0%,WR,2011
114,115,Deion Branch,0,3,0,0.0,0,0,0,0,0,0,0,1,0.0,0.0,0.0%,WR,2011
115,116,Bernard Berrian,0,4,0,0.0,0,0,0,0,0,0,0,1,0.0,0.0,0.0%,WR,2011
116,117,Brian Robiskie,0,1,0,0.0,0,0,0,0,0,0,0,1,0.0,0.0,0.0%,WR,2011
117,118,Brandon Tate,0,0,0,0.0,0,0,0,0,0,0,0,1,0.0,0.0,0.0%,WR,2011
118,119,Devin Thomas,0,0,0,0.0,0,0,0,0,0,0,0,1,0.0,0.0,0.0%,WR,2011
119,120,Donald Driver,0,2,0,0.0,0,0,0,0,0,0,0,1,0.0,0.0,0.0%,WR,2011
120,121,Eric Weems,0,0,0,0.0,0,0,0,0,0,0,0,1,0.0,0.0,0.0%,WR,2011
121,122,Jacoby Jones,1,2,0,0.0,0,0,0,0,0,0,0,1,0.0,0.0,0.0%,WR,2011
122,123,Jarett Dillard,0,0,0,0.0,0,0,0,0,0,0,0,1,0.0,0.0,0.0%,WR,2011
123,124,Brody Eldridge,1,1,4,4.0,4,0,0,0,0,0,0,1,0.0,0.0,0.0%,WR,2011
124,125,Tandon Doss,0,1,0,0.0,0,0,0,0,0,0,0,1,0.0,0.0,0.0%,WR,2011
125,126,Vincent Brown,0,1,0,0.0,0,0,0,0,0,0,0,1,0.0,0.0,0.0%,WR,2011
126,127,Edmond Gates,0,1,0,0.0,0,0,0,0,0,0,0,1,0.0,0.0,0.0%,WR,2011
127,128,Cecil Shorts,0,1,0,0.0,0,0,0,0,0,0,0,1,0.0,0.0,0.0%,WR,2011
128,129,Ryan Whalen,0,0,0,0.0,0,0,0,0,0,0,0,1,0.0,0.0,0.0%,WR,2011
129,130,Dwayne Harris,0,0,0,0.0,0,0,0,0,0,0,0,1,0.0,0.0,0.0%,WR,2011
130,131,Naaman Roosevelt,0,1,0,0.0,0,0,0,0,0,0,0,1,0.0,0.0,0.0%,WR,2011
131,132,DeMarco Sampson,0,0,0,0.0,0,0,0,0,0,0,0,1,0.0,0.0,0.0%,WR,2011
132,133,Marlon Moore,0,0,0,0.0,0,0,0,0,0,0,0,1,0.0,0.0,0.0%,WR,2011
133,134,Brandon Banks,0,0,0,0.0,0,0,0,0,0,0,0,1,0.0,0.0,0.0%,WR,2011
134,135,Blair White,0,0,0,0.0,0,0,0,0,0,0,0,1,0.0,0.0,0.0%,WR,2011
135,136,Jeremy Horne,0,0,0,0.0,0,0,0,0,0,0,0,1,0.0,0.0,0.0%,WR,2011
136,137,Richard Goodman,0,0,0,0.0,0,0,0,0,0,0,0,1,0.0,0.0,0.0%,WR,2011
137,138,Seyi Ajirotutu,0,0,0,0.0,0,0,0,0,0,0,0,1,0.0,0.0,0.0%,WR,2011
138,139,Keary Colbert,0,1,0,0.0,0,0,0,0,0,0,0,1,0.0,0.0,0.0%,WR,2011
139,140,Terrence Austin,0,4,0,0.0,0,0,0,0,0,0,0,1,0.0,0.0,0.0%,WR,2011
140,141,Dezmon Briscoe,0,0,0,0.0,0,0,0,0,0,0,0,1,0.0,0.0,0.0%,WR,2011
141,142,Bryan Walters,0,0,0,0.0,0,0,0,0,0,0,0,1,0.0,0.0,0.0%,WR,2011
142,143,Kevin Ogletree,3,7,19,6.3,20,0,0,0,0,0,1,1,-0.1,-0.1,0.0%,WR,2011
143,144,Jeremy Kerley,0,0,0,0.0,0,0,0,1,-2,0,0,1,-0.2,-0.2,0.0%,WR,2011
144,145,Kenny Britt,3,3,18,6.0,13,0,0,0,0,0,1,1,-0.2,-0.2,0.0%,WR,2011
