,Rk,Date,G#,Week,Age,Tm,Unnamed: 6_level_1,Opp,Result,Tgt,Rec,Yds,TD,1D,YBC,YBC/R,YAC,YAC/R,ADOT,BrkTkl,Rec/Br,Drop,Drop%,Int,Rat,Att,Yds,TD,1D,YBC,YBC/Att,YAC,YAC/Att,BrkTkl,Att/Br
0,1.0,2018-09-09,1.0,1.0,21.295,ARI,,WAS,L 6-24,2,1,4,0,,4,4.0,0,0.0,4.5,0,,0,0.0,0,56.2,0,0,0,,0,,0,,0,
1,2.0,2018-09-16,2.0,2.0,21.302,ARI,@,LAR,L 0-34,5,4,27,0,1.0,14,3.5,13,3.3,4.2,0,,0,0.0,0,89.2,0,0,0,0.0,0,,0,,0,
2,3.0,2018-09-23,3.0,3.0,21.309,ARI,,CHI,L 14-16,8,7,90,0,3.0,58,8.3,32,4.6,8.9,0,,0,0.0,1,74.0,0,0,0,0.0,0,,0,,0,
3,4.0,2018-09-30,4.0,4.0,21.316,ARI,,SEA,L 17-20,5,4,28,0,2.0,5,1.3,23,5.8,6.8,0,,1,20.0,0,90.0,1,7,0,0.0,7,7.0,0,0.0,0,
4,5.0,2018-10-07,5.0,5.0,21.323,ARI,@,SFO,W 28-18,4,3,85,1,1.0,60,20.0,25,8.3,15.0,0,,1,25.0,0,156.2,1,5,0,1.0,5,5.0,0,0.0,0,
5,6.0,2018-10-14,6.0,6.0,21.33,ARI,@,MIN,L 17-27,7,6,77,0,3.0,53,8.8,24,4.0,8.0,0,,0,0.0,0,112.5,0,0,0,0.0,0,,0,,0,
6,7.0,2018-10-18,7.0,7.0,21.334,ARI,,DEN,L 10-45,6,3,57,0,2.0,51,17.0,6,2.0,17.0,0,,0,0.0,1,43.7,0,0,0,0.0,0,,0,,0,
7,8.0,2018-10-28,8.0,8.0,21.344,ARI,,SFO,W 18-15,7,3,42,1,3.0,24,8.0,18,6.0,11.9,0,,0,0.0,1,62.8,0,0,0,0.0,0,,0,,0,
8,9.0,2018-11-11,9.0,10.0,21.358,ARI,@,KAN,L 14-26,6,2,8,0,1.0,8,4.0,0,0.0,9.0,0,,0,0.0,0,42.4,0,0,0,0.0,0,,0,,0,
9,10.0,2018-11-18,10.0,11.0,22.0,ARI,,OAK,L 21-23,4,3,77,1,2.0,13,4.3,64,21.3,5.5,1,3.0,1,25.0,0,156.2,0,0,0,0.0,0,,0,,0,
10,11.0,2018-11-25,11.0,12.0,22.007,ARI,@,LAC,L 10-45,6,4,41,0,1.0,24,6.0,17,4.3,10.5,0,,1,16.7,1,46.5,0,0,0,0.0,0,,0,,0,
11,12.0,2018-12-02,12.0,13.0,22.014,ARI,@,GNB,W 20-17,8,3,54,0,2.0,51,17.0,3,1.0,9.9,0,,0,0.0,0,61.5,1,23,0,1.0,23,23.0,0,0.0,0,
12,,12 Games,,,,,,,3-9-0,68,43,590,3,21.0,365,8.5,225,5.2,9.6,1,43.0,4,5.9,4,81.1,3,35,0,2.0,35,11.7,0,0.0,0,
