,Rk,Date,G#,Week,Age,Tm,Unnamed: 6_level_1,Opp,Result,Cmp,Att,Yds,1D,1D%,IAY,IAY/PA,CAY,CAY/Cmp,CAY/PA,YAC,YAC/Cmp,Drops,Drop%,BadTh,Bad%,Sk,Bltz,Hrry,Hits,Prss,Prss%,Scrm,Yds/Scr,Year
0,1.0,2019-09-08,1.0,1.0,31.314,CIN,@,SEA,L 20-21,35,51,418,18,32.1,381,7.5,232,6.6,4.5,186,5.3,3,6.1%,5,10.2%,5,16,6,1,12,21.4%,0,,2019
1,2.0,2019-09-15,2.0,2.0,31.321,CIN,,SFO,L 17-41,26,42,311,11,23.9,315,7.5,121,4.7,2.9,190,7.3,2,4.8%,7,16.7%,4,4,5,2,11,23.9%,0,,2019
2,3.0,2019-09-22,3.0,3.0,31.328,CIN,@,BUF,L 17-21,20,36,250,12,31.6,285,7.9,137,6.9,3.8,113,5.7,1,2.9%,11,32.4%,2,12,4,1,7,18.4%,0,,2019
3,4.0,2019-09-30,4.0,4.0,31.336,CIN,@,PIT,L 3-27,21,37,171,9,20.0,205,5.5,91,4.3,2.5,80,3.8,2,5.6%,8,22.2%,8,13,3,2,13,28.3%,1,4.0,2019
4,5.0,2019-10-06,5.0,5.0,31.342,CIN,,ARI,L 23-26,27,38,262,12,30.8,174,4.6,120,4.4,3.2,142,5.3,2,5.4%,5,13.5%,1,21,3,2,6,15.0%,1,5.0,2019
5,6.0,2019-10-13,6.0,6.0,31.349,CIN,@,BAL,L 17-23,21,39,235,14,34.1,298,7.6,142,6.8,3.6,93,4.4,2,5.4%,8,21.6%,2,31,2,3,7,16.7%,1,2.0,2019
6,7.0,2019-10-20,7.0,7.0,31.356,CIN,,JAX,L 17-27,22,43,276,12,26.7,301,7.0,111,5.0,2.6,165,7.5,3,7.0%,8,18.6%,2,9,1,6,9,19.1%,2,14.0,2019
7,8.0,2019-10-27,8.0,8.0,31.363,CIN,@,LAR,L 10-24,32,52,329,15,26.3,429,8.3,209,6.5,4.0,120,3.8,1,2.1%,10,20.8%,5,18,4,0,9,15.5%,1,4.0,2019
8,9.0,2019-12-01,12.0,13.0,32.033,CIN,,NYJ,W 22-6,22,37,243,12,31.6,258,7.0,112,5.1,3.0,131,6.0,2,5.6%,8,22.2%,1,12,2,1,4,10.3%,1,2.0,2019
9,10.0,2019-12-08,13.0,14.0,32.04,CIN,@,CLE,L 19-27,22,38,262,13,32.5,267,7.0,99,4.5,2.6,163,7.4,1,3.0%,7,21.2%,2,12,1,3,6,14.6%,1,3.0,2019
10,11.0,2019-12-15,14.0,15.0,32.047,CIN,,NWE,L 13-34,17,31,151,9,29.0,251,8.1,74,4.4,2.4,77,4.5,2,6.9%,2,6.9%,0,18,1,2,3,9.7%,0,,2019
11,12.0,2019-12-22,15.0,16.0,32.054,CIN,@,MIA,L 35-38,33,56,396,21,35.0,586,10.5,287,8.7,5.1,109,3.3,3,5.7%,10,18.9%,4,16,3,1,8,13.3%,0,,2019
12,13.0,2019-12-29,16.0,17.0,32.061,CIN,,CLE,W 33-23,16,28,190,12,41.4,241,8.6,108,6.8,3.9,82,5.1,3,11.1%,3,11.1%,1,6,1,0,2,6.5%,2,6.0,2019
13,,13 Games,,,,,,,2-11-0,314,528,3494,170,30.1,3991,7.6,1843,5.9,3.5,1651,5.3,27,5.4%,92,18.3%,37,188,36,24,97,16.9%,10,6.0,2019
