,Rk,Date,G#,Week,Age,Tm,Unnamed: 6_level_1,Opp,Result,Cmp,Att,Yds,1D,1D%,IAY,IAY/PA,CAY,CAY/Cmp,CAY/PA,YAC,YAC/Cmp,Drops,Drop%,BadTh,Bad%,Sk,Bltz,Hrry,Hits,Prss,Prss%,Scrm,Yds/Scr,Year
0,1.0,2018-09-09,1.0,1.0,30.204,DEN,,SEA,W 27-24,25,39,329,15,37.5,366,9.4,155,6.2,4.0,174,7.0,3,7.7%,5,12.8%,1,6,5,4,10,25.0%,0,,2018
1,2.0,2018-09-16,2.0,2.0,30.211,DEN,,OAK,W 20-19,19,35,222,9,25.0,339,9.7,139,7.3,4.0,83,4.4,3,8.8%,5,14.7%,1,11,5,2,8,21.6%,1,7.0,2018
2,3.0,2018-09-23,3.0,3.0,30.218,DEN,@,BAL,L 14-27,22,34,192,8,21.6,183,5.4,120,5.5,3.5,72,3.3,1,3.1%,6,18.8%,3,14,6,2,11,29.7%,0,,2018
3,4.0,2018-10-01,4.0,4.0,30.226,DEN,,KAN,L 23-27,21,33,245,10,27.0,282,8.5,149,7.1,4.5,96,4.6,3,9.1%,7,21.2%,4,8,7,5,16,43.2%,0,,2018
4,5.0,2018-10-07,5.0,5.0,30.232,DEN,@,NYJ,L 16-34,35,51,377,19,34.5,330,6.5,181,5.2,3.5,196,5.6,2,4.3%,5,10.6%,4,16,2,3,9,16.4%,0,,2018
5,6.0,2018-10-14,6.0,6.0,30.239,DEN,,LAR,L 20-23,25,41,322,14,32.6,355,8.7,195,7.8,4.8,127,5.1,2,5.4%,7,18.9%,2,8,5,3,10,22.7%,1,6.0,2018
6,7.0,2018-10-18,7.0,7.0,30.243,DEN,@,ARI,W 45-10,14,21,161,7,30.4,167,8.0,80,5.7,3.8,81,5.8,2,10.0%,3,15.0%,2,13,5,2,9,37.5%,1,7.0,2018
7,8.0,2018-10-28,8.0,8.0,30.253,DEN,@,KAN,L 23-30,23,34,262,11,28.2,289,8.5,153,6.7,4.5,109,4.7,1,3.0%,8,24.2%,5,9,4,4,13,32.5%,1,9.0,2018
8,9.0,2018-11-04,9.0,9.0,30.26,DEN,,HOU,L 17-19,26,42,290,13,29.5,249,5.9,93,3.6,2.2,197,7.6,2,5.3%,4,10.5%,2,16,3,5,10,22.7%,0,,2018
9,10.0,2018-11-18,10.0,11.0,30.274,DEN,@,LAC,W 23-22,19,32,205,6,18.8,159,5.0,67,3.5,2.1,138,7.3,3,10.7%,3,10.7%,0,4,0,3,3,9.4%,0,,2018
10,11.0,2018-11-25,11.0,12.0,30.281,DEN,,PIT,W 24-17,15,28,197,12,40.0,294,10.5,139,9.3,5.0,58,3.9,2,7.4%,6,22.2%,2,21,4,2,8,26.7%,0,,2018
11,12.0,2018-12-02,12.0,13.0,30.288,DEN,@,CIN,W 24-10,12,21,151,6,26.1,126,6.0,95,7.9,4.5,56,4.7,0,0.0%,5,26.3%,2,3,4,2,8,33.3%,1,10.0,2018
12,13.0,2018-12-09,13.0,14.0,30.295,DEN,@,SFO,L 14-20,24,42,186,9,20.5,214,5.1,114,4.8,2.7,72,3.0,2,5.3%,11,28.9%,2,10,7,8,17,36.2%,3,8.3,2018
13,14.0,2018-12-15,14.0,15.0,30.301,DEN,,CLE,L 16-17,31,48,257,17,34.0,290,6.0,104,3.4,2.2,153,4.9,2,4.7%,7,16.3%,2,21,4,4,10,19.6%,1,1.0,2018
14,15.0,2018-12-24,15.0,16.0,30.31,DEN,@,OAK,L 14-27,23,37,202,12,31.6,343,9.3,123,5.3,3.3,79,3.4,2,5.6%,8,22.2%,1,8,10,1,12,30.0%,2,9.5,2018
15,16.0,2018-12-30,16.0,17.0,30.316,DEN,,LAC,L 9-23,31,48,292,11,22.4,359,7.5,182,5.9,3.8,110,3.5,4,8.9%,5,11.1%,1,12,6,1,8,16.0%,1,8.0,2018
16,,16 Games,,,,,,,6-10-0,365,586,3890,179,28.9,4345,7.4,2089,5.7,3.6,1801,4.9,34,6.2%,95,17.3%,34,180,77,51,162,25.6%,12,7.7,2018
