,Rk,Date,G#,Week,Age,Tm,Unnamed: 6_level_1,Opp,Result,Tgt,Rec,Yds,TD,1D,YBC,YBC/R,YAC,YAC/R,ADOT,BrkTkl,Rec/Br,Drop,Drop%,Int,Rat,Year
0,1.0,2018-09-09,1.0,1.0,25.353,DEN,,SEA,W 27-24,1,0,0,0,,0.0,,0.0,,16.0,0.0,,0.0,0.0,0.0,39.6,2018
1,2.0,2018-09-16,2.0,2.0,25.36,DEN,,OAK,W 20-19,0,0,0,0,,,,,,,,,,0.0,,,2018
2,3.0,2018-09-23,3.0,3.0,26.002,DEN,@,BAL,L 14-27,0,0,0,0,,,,,,,,,,0.0,,,2018
3,4.0,2018-10-01,4.0,4.0,26.01,DEN,,KAN,L 23-27,1,1,17,0,1.0,1.0,1.0,16.0,16.0,1.0,0.0,,0.0,0.0,0.0,118.7,2018
4,5.0,2018-10-07,5.0,5.0,26.016,DEN,@,NYJ,L 16-34,2,2,19,0,1.0,11.0,5.5,8.0,4.0,5.5,0.0,,0.0,0.0,0.0,106.2,2018
5,6.0,2018-10-14,6.0,6.0,26.023,DEN,,LAR,L 20-23,4,1,7,0,,4.0,4.0,3.0,3.0,10.5,0.0,,0.0,0.0,0.0,39.6,2018
6,7.0,2018-10-18,7.0,7.0,26.027,DEN,@,ARI,W 45-10,1,1,12,0,1.0,5.0,5.0,7.0,7.0,5.0,0.0,,0.0,0.0,0.0,116.7,2018
7,8.0,2018-10-28,8.0,8.0,26.037,DEN,@,KAN,L 23-30,5,4,29,0,1.0,16.0,4.0,13.0,3.3,4.6,0.0,,0.0,0.0,0.0,90.8,2018
8,9.0,2018-11-04,9.0,9.0,26.044,DEN,,HOU,L 17-19,1,1,44,0,1.0,15.0,15.0,29.0,29.0,15.0,0.0,,0.0,0.0,0.0,118.7,2018
9,10.0,2018-11-18,10.0,11.0,26.058,DEN,@,LAC,W 23-22,2,1,9,0,,6.0,6.0,3.0,3.0,-1.5,0.0,,0.0,0.0,0.0,62.5,2018
10,11.0,2018-11-25,11.0,12.0,26.065,DEN,,PIT,W 24-17,4,3,34,1,2.0,18.0,6.0,16.0,5.3,8.8,0.0,,0.0,0.0,0.0,139.6,2018
11,12.0,2018-12-02,12.0,13.0,26.072,DEN,@,CIN,W 24-10,1,0,0,0,,0.0,,0.0,,-2.0,0.0,,0.0,0.0,0.0,39.6,2018
12,13.0,2018-12-09,13.0,14.0,26.079,DEN,@,SFO,L 14-20,1,1,3,0,,-1.0,-1.0,4.0,4.0,-1.0,0.0,,0.0,0.0,0.0,79.2,2018
13,14.0,2018-12-15,14.0,15.0,26.085,DEN,,CLE,L 16-17,6,4,43,0,4.0,15.0,3.8,28.0,7.0,4.7,0.0,,0.0,0.0,0.0,87.5,2018
14,15.0,2018-12-30,16.0,17.0,26.1,DEN,,LAC,L 9-23,8,5,33,0,,12.0,2.4,21.0,4.2,4.1,0.0,,1.0,12.5,1.0,31.8,2018
15,,15 Games,,,,,,,6-9-0,37,24,250,1,11.0,102.0,4.3,148.0,6.2,5.5,0.0,,1.0,2.7,1.0,82.0,2018
