,Rk,Date,G#,Week,Age,Tm,Unnamed: 6_level_1,Opp,Result,Tgt,Rec,Yds,TD,1D,YBC,YBC/R,YAC,YAC/R,ADOT,BrkTkl,Rec/Br,Drop,Drop%,Int,Rat,Att,Yds,TD,1D,YBC,YBC/Att,YAC,YAC/Att,BrkTkl,Att/Br
0,1.0,2023-09-11,1.0,1.0,23.051,NYJ,,BUF,W 22-16,5,5,34,1,3.0,31,6.2,3,0.6,6.2,0,,0,0.0,0,134.6,0,0,0,0.0,0,,0,,0,
1,2.0,2023-09-17,2.0,2.0,23.057,NYJ,@,DAL,L 10-30,8,2,83,1,2.0,27,13.5,56,28.0,16.4,1,2.0,1,12.5,2,70.3,0,0,0,0.0,0,,0,,0,
2,3.0,2023-09-24,3.0,3.0,23.064,NYJ,,NWE,L 10-15,9,5,48,0,1.0,24,4.8,24,4.8,5.4,1,5.0,0,0.0,0,70.6,0,0,0,0.0,0,,0,,0,
3,4.0,2023-10-01,4.0,4.0,23.071,NYJ,,KAN,L 20-23,14,9,60,0,3.0,50,5.6,10,1.1,8.8,0,,0,0.0,0,73.5,0,0,0,0.0,0,,0,,0,
4,5.0,2023-10-08,5.0,5.0,23.078,NYJ,@,DEN,W 31-21,7,3,54,0,3.0,43,14.3,11,3.7,15.3,1,3.0,1,14.3,1,30.4,0,0,0,0.0,0,,0,,0,
5,6.0,2023-10-15,6.0,6.0,23.085,NYJ,,PHI,W 20-14,12,8,90,0,4.0,71,8.9,19,2.4,10.7,0,,0,0.0,0,88.9,0,0,0,0.0,0,,0,,0,
6,7.0,2023-10-29,7.0,8.0,23.099,NYJ,@,NYG,W 13-10,13,7,100,0,4.0,81,11.6,19,2.7,12.6,1,7.0,0,0.0,0,79.0,1,6,0,0.0,3,3.0,3,3.0,0,
7,8.0,2023-11-06,8.0,9.0,23.107,NYJ,,LAC,L 6-27,13,7,80,0,2.0,57,8.1,23,3.3,12.7,2,3.5,0,0.0,0,72.6,0,0,0,0.0,0,,0,,0,
8,9.0,2023-11-12,9.0,10.0,23.113,NYJ,@,LVR,L 12-16,14,9,93,0,5.0,47,5.2,46,5.1,8.8,2,4.5,1,7.1,0,83.3,0,0,0,0.0,0,,0,,0,
9,10.0,2023-11-19,10.0,11.0,23.12,NYJ,@,BUF,L 6-32,8,2,9,0,,9,4.5,0,0.0,12.9,0,,1,12.5,1,0.0,0,0,0,,0,,0,,0,
10,11.0,2023-11-24,11.0,12.0,23.125,NYJ,,MIA,L 13-34,10,7,44,1,3.0,40,5.7,4,0.6,8.1,2,3.5,1,10.0,0,112.1,0,0,0,0.0,0,,0,,0,
11,12.0,2023-12-03,12.0,13.0,23.134,NYJ,,ATL,L 8-13,7,3,50,0,3.0,43,14.3,7,2.3,14.0,0,,0,0.0,1,28.0,0,0,0,0.0,0,,0,,0,
12,13.0,2023-12-10,13.0,14.0,23.141,NYJ,,HOU,W 30-6,14,9,108,0,5.0,92,10.2,16,1.8,11.6,0,,1,7.1,0,87.8,1,3,0,1.0,2,2.0,1,1.0,0,
13,,13 Games,,,,,,,5-8-0,134,76,853,3,38.0,615,8.1,238,3.1,10.9,10,7.6,6,4.5,5,67.8,2,9,0,1.0,5,2.5,4,2.0,0,
