,Rk,Date,G#,Week,Age,Tm,Unnamed: 6_level_1,Opp,Result,Tgt,Rec,Yds,TD,1D,YBC,YBC/R,YAC,YAC/R,ADOT,BrkTkl,Rec/Br,Drop,Drop%,Int,Rat,Year
0,1.0,2023-09-11,1.0,1.0,23.031,NYJ,,BUF,W 22-16,,,,,,,,,,,,,,0.0,,,2023
1,2.0,2023-09-17,2.0,2.0,23.037,NYJ,@,DAL,L 10-30,,,,,,,,,,,,,,0.0,,,2023
2,3.0,2023-09-24,3.0,3.0,23.044,NYJ,,NWE,L 10-15,,,,,,,,,,,,,,0.0,,,2023
3,4.0,2023-10-01,4.0,4.0,23.051,NYJ,,KAN,L 20-23,2.0,2.0,26.0,0.0,1.0,20.0,10.0,6.0,3.0,10.0,0.0,,0.0,0.0,0.0,118.7,2023
4,5.0,2023-10-08,5.0,5.0,23.058,NYJ,@,DEN,W 31-21,1.0,1.0,2.0,0.0,,-1.0,-1.0,3.0,3.0,-1.0,0.0,,0.0,0.0,0.0,79.2,2023
5,6.0,2023-10-15,6.0,6.0,23.065,NYJ,,PHI,W 20-14,1.0,1.0,8.0,0.0,1.0,0.0,0.0,8.0,8.0,0.0,0.0,,0.0,0.0,0.0,100.0,2023
6,7.0,2023-10-29,7.0,8.0,23.079,NYJ,@,NYG,W 13-10,1.0,0.0,0.0,0.0,,0.0,,0.0,,18.0,0.0,,0.0,0.0,0.0,39.6,2023
7,8.0,2023-11-06,8.0,9.0,23.087,NYJ,,LAC,L 6-27,1.0,1.0,7.0,0.0,,4.0,4.0,3.0,3.0,4.0,0.0,,0.0,0.0,0.0,95.8,2023
8,9.0,2023-11-12,9.0,10.0,23.093,NYJ,@,LVR,L 12-16,,,,,,,,,,,,,,0.0,,,2023
9,10.0,2023-11-19,10.0,11.0,23.1,NYJ,@,BUF,L 6-32,4.0,3.0,25.0,0.0,1.0,23.0,7.7,2.0,0.7,8.0,0.0,,1.0,25.0,0.0,90.6,2023
10,11.0,2023-11-24,11.0,12.0,23.105,NYJ,,MIA,L 13-34,4.0,2.0,18.0,0.0,,5.0,2.5,13.0,6.5,3.5,0.0,,0.0,0.0,0.0,62.5,2023
11,12.0,2023-12-03,12.0,13.0,23.114,NYJ,,ATL,L 8-13,3.0,1.0,12.0,0.0,1.0,7.0,7.0,5.0,5.0,3.3,0.0,,0.0,0.0,0.0,46.5,2023
12,13.0,2023-12-10,13.0,14.0,23.121,NYJ,,HOU,W 30-6,3.0,3.0,37.0,0.0,1.0,30.0,10.0,7.0,2.3,10.0,0.0,,0.0,0.0,0.0,118.1,2023
13,14.0,2023-12-17,14.0,15.0,23.128,NYJ,@,MIA,L 0-30,2.0,2.0,16.0,0.0,1.0,12.0,6.0,4.0,2.0,6.0,0.0,,0.0,0.0,0.0,100.0,2023
14,15.0,2023-12-24,15.0,16.0,23.135,NYJ,,WAS,W 30-28,,,,,,,,,,,,,,0.0,,,2023
15,,15 Games,,,,,,,6-9-0,22.0,16.0,151.0,0.0,6.0,100.0,6.3,51.0,3.2,6.3,0.0,,1.0,4.5,0.0,91.3,2023
