,Rk,Date,G#,Week,Age,Tm,Unnamed: 6_level_1,Opp,Result,Int,Tgt,Cmp,Cmp%,Yds,Yds/Cmp,Yds/Tgt,TD,Rat,DADOT,Air,YAC,Bltz,Hrry,QBKD,Sk,Prss,Comb,MTkl,MTkl%
0,1.0,2023-09-11,1.0,1.0,23.011,NYJ,,BUF,W 22-16,0,4,4,100.0%,59,14.8,14.8,0,118.7,8.8,35,24,0,0,0,0.0,0,3,3,50.0%
1,2.0,2023-09-17,2.0,2.0,23.017,NYJ,@,DAL,L 10-30,0,5,4,80.0%,15,3.8,3.0,0,79.2,1.4,5,10,0,0,0,0.0,0,6,1,14.3%
2,3.0,2023-09-24,3.0,3.0,23.024,NYJ,,NWE,L 10-15,0,3,2,66.7%,26,13.0,8.7,0,93.7,12.3,13,13,0,0,0,0.0,0,3,1,25.0%
3,4.0,2023-10-01,4.0,4.0,23.031,NYJ,,KAN,L 20-23,0,4,3,75.0%,24,8.0,6.0,0,89.6,11.8,2,22,0,0,0,0.0,0,3,2,40.0%
4,5.0,2023-10-08,5.0,5.0,23.038,NYJ,@,DEN,W 31-21,0,7,4,57.1%,28,7.0,4.0,0,66.4,11.9,11,17,0,0,0,0.0,0,5,1,16.7%
5,6.0,2023-10-29,7.0,8.0,23.059,NYJ,@,NYG,W 13-10,0,3,3,100.0%,3,1.0,1.0,0,79.2,-3.0,-9,12,0,0,0,0.0,0,4,0,0.0%
6,7.0,2023-11-06,8.0,9.0,23.067,NYJ,,LAC,L 6-27,0,5,2,40.0%,16,8.0,3.2,0,48.7,13.2,16,0,0,0,0,0.0,0,2,1,33.3%
7,8.0,2023-11-12,9.0,10.0,23.073,NYJ,@,LVR,L 12-16,0,4,2,50.0%,21,10.5,5.3,0,65.6,8.3,20,1,0,0,0,0.0,0,5,3,37.5%
8,9.0,2023-11-19,10.0,11.0,23.08,NYJ,@,BUF,L 6-32,0,3,1,33.3%,81,81.0,27.0,1,121.5,12.0,25,56,1,0,0,0.0,0,2,0,0.0%
9,10.0,2023-11-24,11.0,12.0,23.085,NYJ,,MIA,L 13-34,0,3,2,66.7%,41,20.5,13.7,0,109.7,13.7,37,4,0,0,0,0.0,0,6,1,14.3%
10,11.0,2023-12-03,12.0,13.0,23.094,NYJ,,ATL,L 8-13,0,2,1,50.0%,1,1.0,0.5,0,56.2,8.0,1,0,0,0,0,0.0,0,4,0,0.0%
11,12.0,2023-12-10,13.0,14.0,23.101,NYJ,,HOU,W 30-6,0,6,2,33.3%,11,5.5,1.8,0,42.4,12.2,8,3,0,0,0,0.0,0,4,0,0.0%
12,,12 Games,,,,,,,4-8-0,0,49,30,61.2%,326,10.9,6.7,1,87.6,9.5,164,162,1,0,0,0.0,0,47,13,21.7%
