,Rk,Date,G#,Week,Age,Tm,Unnamed: 6_level_1,Opp,Result,Att,Yds,TD,1D,YBC,YBC/Att,YAC,YAC/Att,BrkTkl,Att/Br,Tgt,Rec,Yds,TD,1D,YBC,YBC/R,YAC,YAC/R,ADOT,BrkTkl,Rec/Br,Drop,Drop%,Int,Rat
0,1.0,2021-10-10,5.0,5.0,23.324,LAC,,CLE,W 47-42,2.0,17.0,0.0,1.0,13.0,6.5,4.0,2.0,0.0,,0.0,0.0,0.0,0.0,0.0,0.0,,0.0,,,0.0,,0.0,0.0,,
1,2.0,2021-10-17,6.0,6.0,23.331,LAC,@,BAL,L 6-34,4.0,7.0,0.0,1.0,1.0,0.3,6.0,1.5,0.0,,0.0,0.0,0.0,0.0,0.0,0.0,,0.0,,,0.0,,0.0,0.0,,
2,3.0,2021-11-07,8.0,9.0,23.352,LAC,@,PHI,W 27-24,3.0,6.0,0.0,,3.0,1.0,3.0,1.0,0.0,,1.0,1.0,4.0,0.0,,4.0,4.0,0.0,0.0,4.0,0.0,,0.0,0.0,0.0,83.3
3,4.0,2021-11-14,9.0,10.0,23.359,LAC,,MIN,L 20-27,1.0,6.0,0.0,,4.0,4.0,2.0,2.0,0.0,,0.0,0.0,0.0,0.0,,0.0,,0.0,,,0.0,,0.0,0.0,,
4,5.0,2021-11-28,11.0,12.0,24.008,LAC,@,DEN,L 13-28,1.0,5.0,0.0,,2.0,2.0,3.0,3.0,0.0,,3.0,2.0,15.0,0.0,,-7.0,-3.5,22.0,11.0,-0.3,0.0,,0.0,0.0,0.0,78.5
5,6.0,2021-12-05,12.0,13.0,24.015,LAC,@,CIN,W 41-22,,,,,,,,,,,,,,,,,,,,,,,,0.0,,
6,7.0,2021-12-12,13.0,14.0,24.022,LAC,,NYG,W 37-21,10.0,33.0,0.0,2.0,16.0,1.6,17.0,1.7,2.0,5.0,1.0,1.0,5.0,0.0,0.0,5.0,5.0,0.0,0.0,5.0,0.0,,0.0,0.0,0.0,87.5
7,8.0,2021-12-16,14.0,15.0,24.026,LAC,,KAN,L 28-34,7.0,21.0,0.0,1.0,14.0,2.0,7.0,1.0,0.0,,0.0,0.0,0.0,0.0,0.0,0.0,,0.0,,,0.0,,0.0,0.0,,
8,9.0,2021-12-26,15.0,16.0,24.036,LAC,@,HOU,L 29-41,5.0,7.0,0.0,0.0,6.0,1.2,1.0,0.2,0.0,,1.0,1.0,14.0,0.0,1.0,5.0,5.0,9.0,9.0,5.0,1.0,1.0,0.0,0.0,0.0,118.7
9,10.0,2022-01-02,16.0,17.0,24.043,LAC,,DEN,W 34-13,,,,,,,,,,,,,,,,,,,,,,,,0.0,,
10,,10 Games,,,,,,,5-5-0,33.0,102.0,0.0,5.0,59.0,1.8,43.0,1.3,2.0,16.5,6.0,5.0,38.0,0.0,1.0,7.0,1.4,31.0,6.2,2.2,1.0,5.0,0.0,0.0,0.0,93.1
