,Rk,Date,G#,Week,Age,Tm,Unnamed: 6_level_1,Opp,Result,Int,Tgt,Cmp,Cmp%,Yds,Yds/Cmp,Yds/Tgt,TD,Rat,DADOT,Air,YAC,Bltz,Hrry,QBKD,Sk,Prss,Comb,MTkl,MTkl%
0,1.0,2021-09-12,1.0,1.0,29.067,LAC,@,WAS,W 20-16,0,0,0,,0.0,,,0.0,,,0.0,0.0,0,0,0,,0,,0,
1,2.0,2021-09-19,2.0,2.0,29.074,LAC,,DAL,L 17-20,0,0,0,,0.0,,,0.0,,,0.0,0.0,0,0,0,,0,,0,
2,3.0,2021-09-26,3.0,3.0,29.081,LAC,@,KAN,W 30-24,0,0,0,,0.0,,,0.0,,,0.0,0.0,0,0,0,,0,,0,
3,4.0,2021-10-04,4.0,4.0,29.089,LAC,,LVR,W 28-14,0,0,0,,0.0,,,0.0,,,0.0,0.0,0,0,0,0.0,0,1.0,0,0.0%
4,5.0,2021-10-10,5.0,5.0,29.095,LAC,,CLE,W 47-42,0,0,0,,0.0,,,0.0,,,0.0,0.0,0,0,0,,0,,0,
5,6.0,2021-10-17,6.0,6.0,29.102,LAC,@,BAL,L 6-34,0,0,0,,0.0,,,0.0,,,0.0,0.0,0,0,0,,0,,0,
6,7.0,2021-10-31,7.0,8.0,29.116,LAC,,NWE,L 24-27,0,0,0,,0.0,,,0.0,,,0.0,0.0,0,0,0,,0,,0,
7,8.0,2021-11-07,8.0,9.0,29.123,LAC,@,PHI,W 27-24,0,0,0,,0.0,,,0.0,,,0.0,0.0,0,0,0,,0,,0,
8,9.0,2021-11-14,9.0,10.0,29.13,LAC,,MIN,L 20-27,0,0,0,,0.0,,,0.0,,,0.0,0.0,0,0,0,,0,,0,
9,10.0,2021-11-21,10.0,11.0,29.137,LAC,,PIT,W 41-37,0,0,0,,0.0,,,0.0,,,0.0,0.0,0,0,0,,0,,0,
10,11.0,2021-12-05,12.0,13.0,29.151,LAC,@,CIN,W 41-22,0,0,0,,0.0,,,0.0,,,0.0,0.0,0,0,0,,0,,0,
11,12.0,2021-12-12,13.0,14.0,29.158,LAC,,NYG,W 37-21,0,0,0,,0.0,,,0.0,,,0.0,0.0,0,0,0,,0,,0,
12,13.0,2021-12-16,14.0,15.0,29.162,LAC,,KAN,L 28-34,0,0,0,,0.0,,,0.0,,,0.0,0.0,0,0,0,,0,,0,
13,14.0,2021-12-26,15.0,16.0,29.172,LAC,@,HOU,L 29-41,0,0,0,,0.0,,,0.0,,,0.0,0.0,0,0,0,,0,,0,
14,15.0,2022-01-02,16.0,17.0,29.179,LAC,,DEN,W 34-13,0,0,0,,0.0,,,0.0,,,0.0,0.0,0,0,0,,0,,0,
15,16.0,2022-01-09,17.0,18.0,29.186,LAC,@,LVR,L 32-35,0,0,0,,0.0,,,0.0,,,0.0,0.0,0,0,0,,0,,0,
16,,16 Games,,,,,,,9-7-0,0,0,0,,,,,,,,,,0,0,0,0.0,0,1.0,0,0.0%
