,Rk,Date,G#,Week,Age,Tm,Unnamed: 6_level_1,Opp,Result,Int,Tgt,Cmp,Cmp%,Yds,Yds/Cmp,Yds/Tgt,TD,Rat,DADOT,Air,YAC,Bltz,Hrry,QBKD,Sk,Prss,Comb,MTkl,MTkl%,Year
0,1.0,2021-09-12,1.0,1.0,23.284,LAC,@,WAS,W 20-16,0,0,0,,0,,,0,,,0,0,0,0,0,0.0,0,1.0,0,0.0%,2021
1,2.0,2021-09-19,2.0,2.0,23.291,LAC,,DAL,L 17-20,0,0,0,,0,,,0,,,0,0,0,0,0,0.0,0,1.0,0,0.0%,2021
2,3.0,2021-09-26,3.0,3.0,23.298,LAC,@,KAN,W 30-24,0,0,0,,0,,,0,,,0,0,0,0,0,,0,,0,,2021
3,4.0,2021-10-04,4.0,4.0,23.306,LAC,,LVR,W 28-14,0,0,0,,0,,,0,,,0,0,0,0,0,0.0,0,2.0,0,0.0%,2021
4,5.0,2021-10-10,5.0,5.0,23.312,LAC,,CLE,W 47-42,0,0,0,,0,,,0,,,0,0,0,0,0,,0,,0,,2021
5,6.0,2021-10-17,6.0,6.0,23.319,LAC,@,BAL,L 6-34,0,0,0,,0,,,0,,,0,0,0,0,0,0.0,0,6.0,0,0.0%,2021
6,7.0,2021-10-31,7.0,8.0,23.333,LAC,,NWE,L 24-27,0,0,0,,0,,,0,,,0,0,0,0,0,0.0,0,1.0,0,0.0%,2021
7,8.0,2021-11-07,8.0,9.0,23.34,LAC,@,PHI,W 27-24,0,0,0,,0,,,0,,,0,0,0,0,0,0.0,0,1.0,0,0.0%,2021
8,9.0,2021-11-14,9.0,10.0,23.347,LAC,,MIN,L 20-27,0,0,0,,0,,,0,,,0,0,0,0,0,0.0,0,1.0,0,0.0%,2021
9,10.0,2021-11-21,10.0,11.0,23.354,LAC,,PIT,W 41-37,0,0,0,,0,,,0,,,0,0,0,0,0,,0,,0,,2021
10,11.0,2021-11-28,11.0,12.0,23.361,LAC,@,DEN,L 13-28,0,0,0,,0,,,0,,,0,0,0,0,0,0.0,0,1.0,0,0.0%,2021
11,12.0,2021-12-05,12.0,13.0,24.003,LAC,@,CIN,W 41-22,0,0,0,,0,,,0,,,0,0,0,0,0,0.0,0,2.0,0,0.0%,2021
12,13.0,2021-12-12,13.0,14.0,24.01,LAC,,NYG,W 37-21,1,2,1,50.0%,8,8.0,4.0,0,20.8,5.5,6,2,0,0,0,0.0,0,1.0,0,0.0%,2021
13,14.0,2021-12-16,14.0,15.0,24.014,LAC,,KAN,L 28-34,0,0,0,,0,,,0,,,0,0,0,0,0,0.0,0,1.0,0,0.0%,2021
14,15.0,2021-12-26,15.0,16.0,24.024,LAC,@,HOU,L 29-41,0,1,0,0.0%,0,,0.0,0,39.6,15.0,0,0,1,0,0,0.0,0,0.0,0,,2021
15,16.0,2022-01-02,16.0,17.0,24.031,LAC,,DEN,W 34-13,0,0,0,,0,,,0,,,0,0,0,0,0,0.0,0,2.0,0,0.0%,2021
16,17.0,2022-01-09,17.0,18.0,24.038,LAC,@,LVR,L 32-35,0,0,0,,0,,,0,,,0,0,0,0,0,0.0,0,2.0,0,0.0%,2021
17,,17 Games,,,,,,,9-8-0,1,3,1,33.3%,8,8.0,2.7,0,2.8,8.7,6,2,1,0,0,0.0,0,22.0,0,0.0%,2021
