,No.,Team,Player,Age,Pos,G,GS,FGA 0-19,FGM 0-19,FGA 20-29,FGM 20-29,FGA 30-39,FGM 30-39,FGA 40-49,FGM 40-49,FGA 50+,FGM 50+,FGA,FGM,Lng,FG%,XPA,XPM,XP%,KO,KOYds,TB,TB%,KOAvg
0,9.0,49ers,Robbie Gould,40,K,17,0,,,14.0,13.0,5.0,5.0,11.0,7.0,2.0,2.0,32.0,27.0,51,84.4%,51.0,50.0,98.0%,95.0,5983.0,47.0,49.5%,63.0
1,18.0,49ers,Mitch Wishnowsky,30,P,17,0,,,,,,,,,,,,,0,,2.0,1.0,50.0%,4.0,240.0,,,60.0
2,2.0,Bears,Cairo Santos,31,K,16,0,,,4.0,4.0,7.0,7.0,7.0,6.0,5.0,4.0,23.0,21.0,51,91.3%,32.0,27.0,84.4%,49.0,3076.0,28.0,57.1%,62.8
3,10.0,Bears,Michael Badgley,27,K,1,0,,,2.0,2.0,1.0,1.0,1.0,1.0,,,4.0,4.0,40,100.0%,,,,,,,,
4,16.0,Bears,Trenton Gill,23,P,17,0,,,,,,,,,,,,,0,,,,,27.0,1743.0,13.0,48.1%,64.6
5,2.0,Bengals,Evan McPherson,23,K,16,0,1.0,1.0,6.0,5.0,4.0,4.0,13.0,9.0,5.0,5.0,29.0,24.0,59,82.8%,44.0,40.0,90.9%,90.0,5604.0,51.0,56.7%,62.3
6,8.0,Broncos,Brandon McManus,31,K,17,0,,,7.0,6.0,6.0,4.0,10.0,10.0,13.0,8.0,36.0,28.0,55,77.8%,27.0,25.0,92.6%,73.0,4580.0,51.0,69.9%,62.7
7,3.0,Browns,Cade York,21,K,17,0,,,5.0,5.0,12.0,9.0,8.0,6.0,7.0,4.0,32.0,24.0,58,75.0%,37.0,35.0,94.6%,81.0,5032.0,50.0,61.7%,62.1
8,13.0,Browns,Corey Bojorquez,26,P,17,0,,,,,,,,,,,,,0,,,,,1.0,79.0,,,79.0
9,3.0,Buccaneers,Ryan Succop,36,K,17,0,,,11.0,10.0,8.0,7.0,12.0,12.0,7.0,2.0,38.0,31.0,54,81.6%,25.0,24.0,96.0%,,,,,
10,5.0,Buccaneers,Jake Camarda,23,P,17,0,,,,,,,,,,,,,0,,,,,78.0,4859.0,40.0,51.3%,62.3
11,2.0,Buffalos,Tyler Bass,25,K,16,0,,,4.0,4.0,13.0,11.0,11.0,10.0,3.0,2.0,31.0,27.0,56,87.1%,50.0,48.0,96.0%,92.0,5759.0,43.0,46.7%,62.6
12,6.0,Buffalos,Sam Martin,32,P,16,0,,,,,,,,,,,,,0,,,,,1.0,63.0,,,63.0
13,5.0,Cardinals,Matt Prater,38,K,13,0,,,1.0,1.0,10.0,10.0,8.0,6.0,6.0,5.0,25.0,22.0,57,88.0%,18.0,17.0,94.4%,49.0,3098.0,34.0,69.4%,63.2
14,15.0,Cardinals,Matt Ammendola,26,K,2,0,,,2.0,2.0,,,1.0,,,,3.0,2.0,23,66.7%,3.0,2.0,66.7%,6.0,390.0,6.0,100.0%,65.0
15,15.0,Cardinals,Rodrigo Blankenship,25,K,2,0,,,1.0,1.0,,,,,1.0,1.0,2.0,2.0,50,100.0%,3.0,2.0,66.7%,14.0,916.0,13.0,92.9%,65.4
16,15.0,Cardinals,Tristan Vizcaino,26,K,1,0,,,,,1.0,1.0,1.0,1.0,,,2.0,2.0,46,100.0%,3.0,3.0,100.0%,6.0,386.0,4.0,66.7%,64.3
17,26.0,Cardinals,Eno Benjamin,23,RB,10,3,,,,,,,,,,,,,0,,,,,3.0,158.0,,,52.7
18,15.0,Chargers,Cameron Dicker,22,K,10,0,,,6.0,6.0,7.0,7.0,6.0,6.0,1.0,,20.0,19.0,48,95.0%,22.0,22.0,100.0%,50.0,3192.0,42.0,84.0%,63.8
19,4.0,Chargers,Dustin Hopkins,32,K,5,0,,,2.0,2.0,6.0,6.0,2.0,1.0,,,10.0,9.0,43,90.0%,12.0,12.0,100.0%,19.0,1175.0,17.0,89.5%,61.8
20,12.0,Chargers,Taylor Bertolet,30,K,2,0,,,3.0,3.0,,,,,,,3.0,3.0,28,100.0%,6.0,6.0,100.0%,11.0,630.0,5.0,45.5%,57.3
21,16.0,Chargers,JK Scott,27,P,17,0,,,,,,,,,,,,,0,,,,,6.0,387.0,5.0,83.3%,64.5
22,7.0,Chiefs,Harrison Butker,27,K,13,0,,,7.0,7.0,5.0,4.0,5.0,4.0,7.0,3.0,24.0,18.0,62,75.0%,41.0,38.0,92.7%,68.0,4378.0,44.0,64.7%,64.4
23,19.0,Chiefs,Matthew Wright,26,K,2,0,,,,,1.0,1.0,2.0,1.0,1.0,1.0,4.0,3.0,59,75.0%,8.0,8.0,100.0%,13.0,832.0,10.0,76.9%,64.0
24,19.0,Chiefs,Matt Ammendola,26,K,2,0,1.0,1.0,1.0,1.0,2.0,1.0,,,,,4.0,3.0,31,75.0%,4.0,3.0,75.0%,10.0,632.0,6.0,60.0%,63.2
25,20.0,Chiefs,Justin Reid,25,S,17,17,,,,,,,,,,,,,0,,2.0,1.0,50.0%,7.0,445.0,5.0,71.4%,63.6
26,7.0,Colts,Chase McLaughlin,26,K,16,0,,,7.0,7.0,6.0,5.0,11.0,9.0,12.0,9.0,36.0,30.0,54,83.3%,21.0,21.0,100.0%,72.0,4682.0,38.0,52.8%,65.0
27,3.0,Colts,Rodrigo Blankenship,25,K,1,0,,,1.0,1.0,,,2.0,1.0,,,3.0,2.0,45,66.7%,2.0,2.0,100.0%,6.0,387.0,4.0,66.7%,64.5
28,3.0,Commanders,Joey Slye,26,K,17,0,1.0,1.0,8.0,8.0,5.0,4.0,10.0,8.0,6.0,4.0,30.0,25.0,58,83.3%,28.0,24.0,85.7%,77.0,4802.0,60.0,77.9%,62.4
29,5.0,Commanders,Tress Way,32,P,17,0,,,,,,,,,,,,,0,,,,,1.0,63.0,,,63.0
30,19.0,Cowboys,Brett Maher,33,K,17,0,,,9.0,9.0,5.0,5.0,7.0,6.0,11.0,9.0,32.0,29.0,60,90.6%,53.0,50.0,94.3%,100.0,6506.0,78.0,78.0%,65.1
31,7.0,Dolphins,Jason Sanders,27,K,17,0,,,6.0,5.0,7.0,7.0,13.0,12.0,6.0,2.0,32.0,26.0,55,81.3%,44.0,41.0,93.2%,88.0,5486.0,61.0,69.3%,62.3
32,4.0,Dolphins,Thomas Morstead,36,P,17,0,,,,,,,,,,,,,0,,,,,2.0,147.0,,,73.5
33,4.0,Eagles,Jake Elliott,27,K,16,0,,,6.0,6.0,9.0,8.0,2.0,1.0,6.0,5.0,23.0,20.0,56,87.0%,53.0,51.0,96.2%,91.0,5893.0,63.0,69.2%,64.8
34,13.0,Eagles,Cameron Dicker,22,K,1,0,,,1.0,1.0,,,1.0,1.0,,,2.0,2.0,42,100.0%,2.0,2.0,100.0%,5.0,327.0,4.0,80.0%,65.4
35,8.0,Eagles,Arryn Siposs,30,P,13,0,,,,,,,,,,,,,0,,,,,1.0,70.0,,,70.0
36,7.0,Falcons,Younghoe Koo,28,K,17,0,,,9.0,9.0,7.0,7.0,10.0,9.0,11.0,7.0,37.0,32.0,54,86.5%,35.0,33.0,94.3%,,,,,
37,13.0,Falcons,Bradley Pinion,28,P,17,0,,,,,,,,,,,,,0,,,,,80.0,5143.0,59.0,73.8%,64.3
38,9.0,Giants,Graham Gano,35,K,17,0,,,2.0,2.0,10.0,9.0,11.0,10.0,9.0,8.0,32.0,29.0,57,90.6%,34.0,32.0,94.1%,84.0,5117.0,50.0,59.5%,60.9
39,17.0,Giants,Jamie Gillan,25,P,17,0,,,,,,,,,,,,,0,,,,,1.0,57.0,,,57.0
40,10.0,Jaguars,Riley Patterson,23,K,17,0,,,8.0,8.0,11.0,10.0,13.0,10.0,3.0,2.0,35.0,30.0,53,85.7%,37.0,36.0,97.3%,88.0,5492.0,44.0,50.0%,62.4
41,9.0,Jaguars,Logan Cooke,27,P,17,0,,,,,,,,,,,,,0,,,,,1.0,45.0,,,45.0
42,14.0,Jets,Greg Zuerlein,35,K,17,0,,,5.0,5.0,10.0,10.0,11.0,9.0,11.0,6.0,37.0,30.0,60,81.1%,29.0,28.0,96.6%,56.0,3590.0,47.0,83.9%,64.1
43,7.0,Jets,Braden Mann,25,P,17,0,,,,,,,,,,,,,0,,,,,17.0,855.0,11.0,64.7%,50.3
44,17.0,Lions,Michael Badgley,27,K,12,0,,,5.0,4.0,6.0,6.0,10.0,8.0,3.0,2.0,24.0,20.0,53,83.3%,33.0,33.0,100.0%,5.0,195.0,1.0,20.0%,39.0
45,19.0,Lions,Austin Seibert,26,K,3,0,,,,,1.0,1.0,3.0,2.0,1.0,,5.0,3.0,48,60.0%,12.0,12.0,100.0%,18.0,1096.0,3.0,16.7%,60.9
46,17.0,Lions,Dominik Eberle,26,K,1,0,,,,,,,1.0,1.0,,,1.0,1.0,49,100.0%,4.0,2.0,50.0%,7.0,361.0,5.0,71.4%,51.6
47,3.0,Lions,Jack Fox,26,P,17,0,,,,,,,,,,,,,0,,,,,63.0,4077.0,45.0,71.4%,64.7
48,2.0,Packers,Mason Crosby,38,K,17,0,,,10.0,10.0,8.0,8.0,7.0,6.0,4.0,1.0,29.0,25.0,56,86.2%,39.0,37.0,94.9%,74.0,4494.0,15.0,20.3%,60.7
49,17.0,Packers,Ramiz Ahmed,27,K,1,0,,,,,,,,,,,,,0,,,,,6.0,370.0,3.0,50.0%,61.7
50,4.0,Panthers,Eddy Pineiro,27,K,17,0,,,2.0,2.0,17.0,16.0,14.0,13.0,2.0,2.0,35.0,33.0,54,94.3%,32.0,30.0,93.8%,83.0,5146.0,46.0,55.4%,62.0
51,10.0,Panthers,Johnny Hekker,32,P,17,0,,,,,,,,,,,,,0,,,,,1.0,8.0,,,8.0
52,6.0,Patriots,Nick Folk,38,K,17,0,1.0,1.0,9.0,9.0,8.0,8.0,14.0,10.0,5.0,4.0,37.0,32.0,54,86.5%,35.0,32.0,91.4%,33.0,1953.0,3.0,9.1%,59.2
53,7.0,Patriots,Jake Bailey,25,P,9,0,,,,,,,,,,,,,0,,,,,46.0,2949.0,28.0,60.9%,64.1
54,14.0,Patriots,Tristan Vizcaino,26,K,2,0,,,,,,,,,,,,,0,,,,,6.0,354.0,,,59.0
55,2.0,Raiders,Daniel Carlson,27,K,17,0,,,9.0,9.0,11.0,11.0,4.0,3.0,13.0,11.0,37.0,34.0,57,91.9%,36.0,35.0,97.2%,90.0,5548.0,57.0,63.3%,61.6
56,8.0,Rams,Matt Gay,28,K,17,0,,,9.0,9.0,8.0,8.0,4.0,4.0,9.0,7.0,30.0,28.0,58,93.3%,32.0,31.0,96.9%,77.0,4843.0,61.0,79.2%,62.9
57,11.0,Rams,Riley Dixon,29,P,17,0,,,,,,,,,,,,,0,,,,,1.0,43.0,,,43.0
58,9.0,Ravens,Justin Tucker,33,K,17,0,,,13.0,13.0,11.0,11.0,5.0,4.0,14.0,9.0,43.0,37.0,58,86.0%,32.0,31.0,96.9%,86.0,5449.0,60.0,69.8%,63.4
59,3.0,Saints,Wil Lutz,28,K,17,0,,,6.0,6.0,11.0,9.0,8.0,4.0,6.0,4.0,31.0,23.0,60,74.2%,33.0,33.0,100.0%,75.0,4554.0,48.0,64.0%,60.7
60,5.0,Seahawks,Jason Myers,31,K,17,0,,,9.0,9.0,16.0,15.0,6.0,4.0,6.0,6.0,37.0,34.0,56,91.9%,42.0,41.0,97.6%,93.0,5839.0,54.0,58.1%,62.8
61,4.0,Seahawks,Michael Dickson,26,P,17,0,,,,,,,,,,,,,0,,,,,1.0,65.0,,,65.0
62,9.0,Steelers,Chris Boswell,31,K,12,0,,,4.0,4.0,5.0,4.0,10.0,5.0,9.0,7.0,28.0,20.0,59,71.4%,18.0,18.0,100.0%,50.0,3073.0,21.0,42.0%,61.5
63,4.0,Steelers,Matthew Wright,26,K,4,0,,,1.0,1.0,6.0,5.0,6.0,5.0,1.0,1.0,14.0,12.0,52,85.7%,7.0,7.0,100.0%,23.0,1412.0,5.0,21.7%,61.4
64,,Steelers,Nick Sciba,23,K,1,0,,,1.0,1.0,1.0,1.0,,,,,2.0,2.0,38,100.0%,1.0,1.0,100.0%,4.0,232.0,,,58.0
65,7.0,Texans,Ka'imi Fairbairn,28,K,17,0,,,7.0,7.0,8.0,7.0,10.0,9.0,6.0,6.0,31.0,29.0,56,93.5%,24.0,24.0,100.0%,75.0,4564.0,33.0,44.0%,60.9
66,14.0,Titans,Randy Bullock,33,K,15,0,,,5.0,5.0,5.0,5.0,8.0,6.0,2.0,1.0,20.0,17.0,51,85.0%,28.0,28.0,100.0%,56.0,3539.0,31.0,55.4%,63.2
67,11.0,Titans,Caleb Shudak,25,K,1,0,,,1.0,1.0,3.0,2.0,,,,,4.0,3.0,38,75.0%,1.0,1.0,100.0%,5.0,315.0,4.0,80.0%,63.0
68,6.0,Titans,Josh Lambo,32,K,1,0,,,,,,,,,,,,,0,,4.0,3.0,75.0%,5.0,307.0,,,61.4
69,4.0,Titans,Ryan Stonehouse,23,P,17,0,,,,,,,,,,,,,0,,,,,3.0,180.0,2.0,66.7%,60.0
70,1.0,Vikings,Greg Joseph,28,K,17,0,,,10.0,10.0,5.0,5.0,8.0,7.0,10.0,4.0,33.0,26.0,61,78.8%,46.0,40.0,87.0%,89.0,5639.0,54.0,60.7%,63.4
