,Rk,Date,G#,Week,Age,Tm,Unnamed: 6_level_1,Opp,Result,Tgt,Rec,Yds,TD,1D,YBC,YBC/R,YAC,YAC/R,ADOT,BrkTkl,Rec/Br,Drop,Drop%,Int,Rat,Att,Yds,TD,1D,YBC,YBC/Att,YAC,YAC/Att,BrkTkl,Att/Br
0,1.0,2019-09-08,1.0,1.0,29.017,MIN,,ATL,W 28-12,3,3,43,1,2.0,25,8.3,18,6.0,8.3,1,3.0,0,0.0,0,158.3,0,0,0,0.0,0,,0,,0,
1,2.0,2019-09-15,2.0,2.0,29.024,MIN,@,GNB,L 16-21,8,5,75,0,2.0,72,14.4,3,0.6,17.4,0,,0,0.0,0,93.2,0,0,0,0.0,0,,0,,0,
2,3.0,2019-09-22,3.0,3.0,29.031,MIN,,OAK,W 34-14,5,3,55,1,2.0,36,12.0,19,6.3,11.8,0,,0,0.0,0,137.5,1,1,1,1.0,0,0.0,1,1.0,1,1.0
3,4.0,2019-09-29,4.0,4.0,29.038,MIN,@,CHI,L 6-16,6,2,6,0,,5,2.5,1,0.5,12.0,0,,0,0.0,0,42.4,0,0,0,,0,,0,,0,
4,5.0,2019-10-06,5.0,5.0,29.045,MIN,@,NYG,W 28-10,8,7,130,2,7.0,81,11.6,49,7.0,10.9,1,7.0,0,0.0,0,158.3,0,0,0,0.0,0,,0,,0,
5,6.0,2019-10-13,6.0,6.0,29.052,MIN,,PHI,W 38-20,8,6,57,1,3.0,33,5.5,24,4.0,9.4,0,,0,0.0,0,133.9,1,0,0,0.0,0,0.0,0,0.0,0,
6,7.0,2019-10-20,7.0,7.0,29.059,MIN,@,DET,W 42-30,2,1,25,1,1.0,25,25.0,0,0.0,16.0,0,,0,0.0,0,135.4,0,0,0,0.0,0,,0,,0,
7,8.0,2019-11-03,9.0,9.0,29.073,MIN,@,KAN,L 23-26,1,0,0,0,,0,,0,,5.0,0,,0,0.0,0,39.6,0,0,0,,0,,0,,0,
8,9.0,2019-12-15,14.0,15.0,29.115,MIN,@,LAC,W 39-10,3,3,27,0,1.0,24,8.0,3,1.0,8.0,0,,0,0.0,0,104.2,1,3,0,0.0,0,0.0,3,3.0,0,
9,10.0,2019-12-23,15.0,16.0,29.123,MIN,,GNB,L 10-23,4,0,0,0,,0,,0,,17.0,0,,1,25.0,0,39.6,1,2,0,,0,0.0,2,2.0,1,1.0
10,,10 Games,,,,,,,6-4-0,48,30,418,6,18.0,301,10.0,117,3.9,12.2,2,15.0,1,2.1,0,130.0,4,6,1,1.0,0,0.0,6,1.5,2,2.0
