,Rk,Date,G#,Week,Age,Tm,Unnamed: 6_level_1,Opp,Result,Att,Yds,TD,1D,YBC,YBC/Att,YAC,YAC/Att,BrkTkl,Att/Br,Tgt,Rec,Yds,TD,1D,YBC,YBC/R,YAC,YAC/R,ADOT,BrkTkl,Rec/Br,Drop,Drop%,Int,Rat,Year
0,1.0,2022-09-11,1.0,1.0,28.25,TEN,,NYG,L 20-21,21,82,0,1.0,36,1.7,46,2.2,2,10.5,1,0,0,0,0.0,0,,0,,-1.0,0,,1,100.0,0.0,39.6,2022
1,2.0,2022-09-19,2.0,2.0,28.258,TEN,@,BUF,L 7-41,13,25,1,1.0,4,0.3,21,1.6,0,,0,0,0,0,0.0,0,,0,,,0,,0,0.0,,,2022
2,3.0,2022-09-25,3.0,3.0,28.264,TEN,,LVR,W 24-22,20,85,1,5.0,31,1.6,54,2.7,4,5.0,6,5,58,0,2.0,8,1.6,50,10.0,0.0,0,,0,0.0,0.0,106.9,2022
3,4.0,2022-10-02,4.0,4.0,28.271,TEN,@,IND,W 24-17,22,114,1,4.0,82,3.7,32,1.5,1,22.0,5,3,33,0,1.0,-2,-0.7,35,11.7,0.6,0,,2,40.0,0.0,79.6,2022
4,5.0,2022-10-09,5.0,5.0,28.278,TEN,@,WAS,W 21-17,28,102,2,7.0,43,1.5,59,2.1,5,5.6,2,2,30,0,1.0,12,6.0,18,9.0,6.0,0,,0,0.0,0.0,118.7,2022
5,6.0,2022-10-23,6.0,7.0,28.292,TEN,,IND,W 19-10,30,128,0,7.0,46,1.5,82,2.7,2,15.0,3,3,10,0,0.0,-9,-3.0,19,6.3,-3.0,0,,0,0.0,0.0,80.6,2022
6,7.0,2022-10-30,7.0,8.0,28.299,TEN,@,HOU,W 17-10,32,219,2,10.0,92,2.9,127,4.0,4,8.0,1,1,9,0,0.0,2,2.0,7,7.0,2.0,2,0.5,0,0.0,0.0,104.2,2022
7,8.0,2022-11-06,8.0,9.0,28.306,TEN,@,KAN,L 17-20,17,115,2,5.0,43,2.5,72,4.2,2,8.5,0,0,0,0,0.0,0,,0,,,0,,0,0.0,,,2022
8,9.0,2022-11-13,9.0,10.0,28.313,TEN,,DEN,W 17-10,19,53,0,1.0,44,2.3,9,0.5,0,,3,2,14,0,0.0,8,4.0,6,3.0,2.3,0,,1,33.3,0.0,77.1,2022
9,10.0,2022-11-17,10.0,11.0,28.317,TEN,@,GNB,W 27-17,28,87,1,5.0,42,1.5,45,1.6,5,5.6,2,2,45,0,2.0,-7,-3.5,52,26.0,-3.5,0,,0,0.0,0.0,118.7,2022
10,11.0,2022-11-27,11.0,12.0,28.327,TEN,,CIN,L 16-20,17,38,0,0.0,24,1.4,14,0.8,0,,3,3,79,0,1.0,-4,-1.3,83,27.7,-1.3,0,,0,0.0,0.0,118.7,2022
11,12.0,2022-12-04,12.0,13.0,28.334,TEN,@,PHI,L 10-35,11,30,0,,27,2.5,3,0.3,0,,3,2,8,0,,1,0.5,7,3.5,0.7,0,,1,33.3,0.0,70.1,2022
12,13.0,2022-12-11,13.0,14.0,28.341,TEN,,JAX,L 22-36,17,121,1,6.0,66,3.9,55,3.2,2,8.5,5,3,34,0,1.0,3,1.0,31,10.3,-0.2,0,,0,0.0,0.0,80.4,2022
13,14.0,2022-12-18,14.0,15.0,28.348,TEN,@,LAC,L 14-17,21,104,1,6.0,57,2.7,47,2.2,0,,4,4,59,0,2.0,6,1.5,53,13.3,1.5,0,,0,0.0,0.0,118.7,2022
14,15.0,2022-12-24,15.0,16.0,28.354,TEN,,HOU,L 14-19,23,126,1,6.0,53,2.3,73,3.2,7,3.3,2,2,0,0,0.0,-1,-0.5,1,0.5,-0.5,0,,0,0.0,0.0,79.2,2022
15,16.0,2023-01-07,17.0,18.0,29.003,TEN,@,JAX,L 16-20,30,109,0,1.0,50,1.7,59,2.0,1,30.0,1,1,19,0,1.0,-5,-5.0,24,24.0,-5.0,0,,0,0.0,0.0,118.7,2022
16,,16 Games,,,,,,,7-9-0,349,1538,13,65.0,740,2.1,798,2.3,35,10.0,41,33,398,0,11.0,12,0.4,386,11.7,0.1,2,16.5,5,12.2,0.0,107.1,2022
