,Rk,Date,G#,Week,Age,Tm,Unnamed: 6_level_1,Opp,Result,Int,Tgt,Cmp,Cmp%,Yds,Yds/Cmp,Yds/Tgt,TD,Rat,DADOT,Air,YAC,Bltz,Hrry,QBKD,Sk,Prss,Comb,MTkl,MTkl%,Year
0,1.0,2022-09-11,1.0,1.0,29.025,TEN,,NYG,L 20-21,0,3,2,66.7%,30,15.0,10.0,0,99.3,4.3,19,11,1,0,0,0.0,0,12,0,0.0%,2022
1,2.0,2022-09-19,2.0,2.0,29.033,TEN,@,BUF,L 7-41,0,5,5,100.0%,65,13.0,13.0,0,118.7,10.0,50,15,1,1,0,0.0,1,7,0,0.0%,2022
2,3.0,2022-09-25,3.0,3.0,29.039,TEN,,LVR,W 24-22,1,5,2,40.0%,23,11.5,4.6,1,54.6,14.6,16,7,0,0,0,0.0,0,4,0,0.0%,2022
3,4.0,2022-10-02,4.0,4.0,29.046,TEN,@,IND,W 24-17,0,3,2,66.7%,8,4.0,2.7,0,70.1,1.3,0,8,1,0,0,0.0,0,6,1,14.3%,2022
4,5.0,2022-10-09,5.0,5.0,29.053,TEN,@,WAS,W 21-17,0,6,6,100.0%,106,17.7,17.7,0,118.7,14.3,86,20,2,0,0,0.0,0,8,2,20.0%,2022
5,6.0,2022-10-23,6.0,7.0,29.067,TEN,,IND,W 19-10,0,1,1,100.0%,14,14.0,14.0,0,118.7,5.0,5,9,0,0,0,0.0,0,4,0,0.0%,2022
6,7.0,2022-10-30,7.0,8.0,29.074,TEN,@,HOU,W 17-10,0,3,2,66.7%,47,23.5,15.7,1,149.3,17.7,43,4,1,1,0,0.0,1,4,0,0.0%,2022
7,8.0,2022-11-06,8.0,9.0,29.081,TEN,@,KAN,L 17-20,0,10,6,60.0%,71,11.8,7.1,0,81.7,8.8,46,25,1,0,0,0.0,0,12,0,0.0%,2022
8,9.0,2022-11-13,9.0,10.0,29.088,TEN,,DEN,W 17-10,0,3,1,33.3%,17,17.0,5.7,0,53.5,6.3,2,15,0,0,0,0.0,0,3,0,0.0%,2022
9,10.0,2022-11-17,10.0,11.0,29.092,TEN,@,GNB,W 27-17,0,3,1,33.3%,24,24.0,8.0,0,63.2,5.0,19,5,0,0,0,0.0,0,6,0,0.0%,2022
10,11.0,2022-11-27,11.0,12.0,29.102,TEN,,CIN,L 16-20,0,5,5,100.0%,69,13.8,13.8,0,118.7,8.2,41,28,0,0,0,0.0,0,7,0,0.0%,2022
11,12.0,2022-12-04,12.0,13.0,29.109,TEN,@,PHI,L 10-35,0,2,2,100.0%,25,12.5,12.5,0,118.7,9.5,19,6,0,0,0,0.0,0,7,0,0.0%,2022
12,13.0,2022-12-11,13.0,14.0,29.116,TEN,,JAX,L 22-36,0,9,4,44.4%,66,16.5,7.3,0,69.7,4.1,2,64,0,0,0,0.0,0,3,0,0.0%,2022
13,14.0,2022-12-18,14.0,15.0,29.123,TEN,@,LAC,L 14-17,1,5,2,40.0%,14,7.0,2.8,0,8.3,7.0,8,6,0,0,0,0.0,0,5,0,0.0%,2022
14,15.0,2022-12-24,15.0,16.0,29.129,TEN,,HOU,L 14-19,0,1,1,100.0%,12,12.0,12.0,0,116.7,11.0,11,1,4,0,0,0.0,0,9,0,0.0%,2022
15,16.0,2022-12-29,16.0,17.0,29.134,TEN,,DAL,L 13-27,2,3,1,33.3%,1,1.0,0.3,0,2.8,0.3,-7,8,2,0,0,0.0,0,6,0,0.0%,2022
16,17.0,2023-01-07,17.0,18.0,29.143,TEN,@,JAX,L 16-20,0,4,3,75.0%,18,6.0,4.5,0,83.3,2.0,5,13,0,0,0,0.0,0,5,1,16.7%,2022
17,,17 Games,,,,,,,7-10-0,4,71,46,64.8%,610,13.3,8.6,2,77.8,7.9,365,245,13,2,0,0.0,2,108,4,3.6%,2022
