,Rk,Date,G#,Week,Age,Tm,Home/Away,Opp,Result,Tgt,Rec,Yds,TD,1D,YBC,YBC/R,YAC,YAC/R,ADOT,BrkTkl,Rec/Br,Drop,Drop%,Int,Rat,Att,Yds.1,TD.1,1D.1,YBC.1,YBC/Att,YAC.1,YAC/Att,BrkTkl.1,Att/Br,Year
0,1.0,2023-09-10,1.0,1.0,24.17,PIT,SFO,L 7-30,6,6,37,0,1.0,21,3.5,16,2.7,3.5,0,,0,0.0,0.0,92.4,0,0,0,0.0,0,,0,,0,,2023,Home
1,2.0,2023-09-18,2.0,2.0,24.178,PIT,CLE,W 26-22,4,1,10,0,1.0,10,10.0,0,0.0,15.8,0,,1,25.0,0.0,39.6,1,-2,0,0.0,-2,-2.0,0,0.0,0,,2023,Home
2,3.0,2023-09-24,3.0,3.0,24.184,PIT,LVR,W 23-18,6,2,72,1,1.0,37,18.5,35,17.5,15.8,0,,0,0.0,0.0,119.4,0,0,0,0.0,0,,0,,0,,2023,Away
3,4.0,2023-10-01,4.0,4.0,24.191,PIT,HOU,L 6-30,5,3,24,0,1.0,17,5.7,7,2.3,15.4,0,,0,0.0,1.0,32.5,1,5,0,0.0,5,5.0,0,0.0,0,,2023,Away
4,5.0,2023-10-08,5.0,5.0,24.198,PIT,BAL,W 17-10,1,0,0,0,,0,,0,,14.0,0,,0,0.0,0.0,39.6,0,0,0,,0,,0,,0,,2023,Home
5,6.0,2023-10-22,6.0,7.0,24.212,PIT,LAR,W 24-17,0,0,0,0,,0,,0,,,0,,0,0.0,,,1,1,0,,0,0.0,1,1.0,0,,2023,Away
6,7.0,2023-10-29,7.0,8.0,24.219,PIT,JAX,L 10-20,2,2,19,0,1.0,9,4.5,10,5.0,4.5,0,,0,0.0,0.0,106.2,2,10,0,1.0,9,4.5,1,0.5,0,,2023,Home
7,8.0,2023-11-02,8.0,9.0,24.223,PIT,TEN,W 20-16,1,0,0,0,0.0,0,,0,,35.0,0,,0,0.0,0.0,39.6,2,10,0,1.0,8,4.0,2,1.0,0,,2023,Home
8,9.0,2023-11-12,9.0,10.0,24.233,PIT,GNB,W 23-19,1,1,3,0,,-2,-2.0,5,5.0,-2.0,0,,0,0.0,0.0,79.2,1,6,0,,6,6.0,0,0.0,0,,2023,Home
9,10.0,2023-11-19,10.0,11.0,24.24,PIT,CLE,L 10-13,0,0,0,0,,0,,0,,,0,,0,0.0,,,0,0,0,,0,,0,,0,,2023,Away
10,11.0,2023-11-26,11.0,12.0,24.247,PIT,CIN,W 16-10,1,1,5,0,1.0,5,5.0,0,0.0,5.0,0,,0,0.0,0.0,87.5,0,0,0,0.0,0,,0,,0,,2023,Away
11,12.0,2023-12-03,12.0,13.0,24.254,PIT,ARI,L 10-24,1,1,10,0,1.0,10,10.0,0,0.0,10.0,0,,0,0.0,0.0,108.3,0,0,0,0.0,0,,0,,0,,2023,Home
12,13.0,2023-12-07,13.0,14.0,24.258,PIT,NWE,L 18-21,0,0,0,0,0.0,0,,0,,,0,,0,0.0,,,1,12,0,1.0,9,9.0,3,3.0,0,,2023,Home
13,,13 Games,,,,,,7-6-0,28,17,180,1,7.0,107,6.3,73,4.3,11.7,0,,1,3.6,1.0,76.5,9,42,0,3.0,35,3.9,7,0.8,0,,2023,Home
