,Rk,Date,G#,Week,Age,Tm,Unnamed: 6_level_1,Opp,Result,Tgt,Rec,Yds,TD,1D,YBC,YBC/R,YAC,YAC/R,ADOT,BrkTkl,Rec/Br,Drop,Drop%,Int,Rat,Year
0,1.0,2023-09-10,1.0,1.0,27.067,PIT,,SFO,L 7-30,6,3,48,0,2,21,7.0,27,9.0,13.0,0,,0,0.0,1,37.5,2023
1,2.0,2023-10-22,6.0,7.0,27.109,PIT,@,LAR,W 24-17,6,5,79,0,3,42,8.4,37,7.4,9.8,1,5.0,0,0.0,0,118.7,2023
2,3.0,2023-10-29,7.0,8.0,27.116,PIT,,JAX,L 10-20,14,8,85,0,6,76,9.5,9,1.1,13.4,0,,1,7.1,0,75.0,2023
3,4.0,2023-11-02,8.0,9.0,27.12,PIT,,TEN,W 20-16,9,7,90,1,5,51,7.3,39,5.6,8.3,0,,0,0.0,0,145.4,2023
4,5.0,2023-11-12,9.0,10.0,27.13,PIT,,GNB,W 23-19,4,1,17,0,1,15,15.0,2,2.0,16.8,0,,0,0.0,0,44.8,2023
5,6.0,2023-11-19,10.0,11.0,27.137,PIT,@,CLE,L 10-13,8,2,16,0,1,4,2.0,12,6.0,13.0,0,,0,0.0,0,39.6,2023
6,7.0,2023-11-26,11.0,12.0,27.144,PIT,@,CIN,W 16-10,8,4,50,0,2,41,10.3,9,2.3,10.4,1,4.0,0,0.0,0,69.8,2023
7,8.0,2023-12-03,12.0,13.0,27.151,PIT,,ARI,L 10-24,5,4,33,1,3,28,7.0,5,1.3,15.0,0,,0,0.0,0,133.7,2023
8,9.0,2023-12-07,13.0,14.0,27.155,PIT,,NWE,L 18-21,7,3,57,1,2,45,15.0,12,4.0,19.4,0,,1,14.3,0,111.3,2023
9,10.0,2023-12-16,14.0,15.0,27.164,PIT,@,IND,L 13-30,6,4,62,1,4,59,14.8,3,0.8,13.8,0,,0,0.0,0,140.3,2023
10,11.0,2023-12-23,15.0,16.0,27.171,PIT,,CIN,W 34-11,5,2,15,0,1,13,6.5,2,1.0,12.6,0,,0,0.0,0,47.9,2023
11,12.0,2023-12-31,16.0,17.0,27.179,PIT,@,SEA,W 30-23,4,4,76,0,4,40,10.0,36,9.0,10.0,1,4.0,0,0.0,0,118.7,2023
12,13.0,2024-01-06,17.0,18.0,27.185,PIT,@,BAL,W 17-10,5,4,89,1,3,21,5.3,68,17.0,11.0,1,4.0,0,0.0,0,158.3,2023
13,,13 Games,,,,,,,7-6-0,87,51,717,5,37,456,8.9,261,5.1,12.7,4,12.8,2,2.3,1,99.6,2023
