,Rk,Date,G#,Week,Age,Tm,Home/Away,Opp,Result,Int,Tgt,Cmp,Cmp%,Yds,Yds/Cmp,Yds/Tgt,TD,Rat,DADOT,Air,YAC,Bltz,Hrry,QBKD,Sk,Prss,Comb,MTkl,MTkl%,Year
0,1.0,2023-09-10,1.0,1.0,28.09,PIT,SFO,L 7-30,0,3,3,100.0%,42,14.0,14.0,0,118.7,10.3,31,11,0,0,0,0.0,0,3.0,2,40.0%,2023,Home
1,2.0,2023-09-18,2.0,2.0,28.098,PIT,CLE,W 26-22,0,8,5,62.5%,56,11.2,7.0,0,83.3,19.3,47,9,0,0,0,0.0,0,5.0,0,0.0%,2023,Home
2,3.0,2023-09-24,3.0,3.0,28.104,PIT,LVR,W 23-18,2,14,8,57.1%,104,13.0,7.4,2,80.7,11.4,79,25,0,0,0,0.0,0,6.0,0,0.0%,2023,Away
3,4.0,2023-10-01,4.0,4.0,28.111,PIT,HOU,L 6-30,0,9,5,55.6%,72,14.4,8.0,1,118.7,11.9,58,14,0,0,0,0.0,0,4.0,1,20.0%,2023,Away
4,5.0,2023-10-08,5.0,5.0,28.118,PIT,BAL,W 17-10,0,8,3,37.5%,28,9.3,3.5,0,47.9,17.9,23,5,0,0,0,0.0,0,3.0,1,25.0%,2023,Home
5,6.0,2023-10-22,6.0,7.0,28.132,PIT,LAR,W 24-17,0,4,3,75.0%,99,33.0,24.8,1,156.2,19.0,66,33,0,0,0,0.0,0,3.0,0,0.0%,2023,Away
6,7.0,2023-11-02,8.0,9.0,28.143,PIT,TEN,W 20-16,0,4,1,25.0%,5,5.0,1.3,0,39.6,20.8,5,0,0,0,0,0.0,0,0.0,0,,2023,Home
7,8.0,2023-11-12,9.0,10.0,28.153,PIT,GNB,W 23-19,0,2,1,50.0%,8,8.0,4.0,1,100.0,11.5,8,0,0,0,0,0.0,0,1.0,0,0.0%,2023,Home
8,9.0,2023-11-19,10.0,11.0,28.16,PIT,CLE,L 10-13,0,0,0,,0,,,0,,,0,0,0,0,0,,0,,0,,2023,Away
9,10.0,2023-11-26,11.0,12.0,28.167,PIT,CIN,W 16-10,0,2,1,50.0%,16,16.0,8.0,0,77.1,13.5,3,13,0,0,0,0.0,0,0.0,0,,2023,Away
10,11.0,2023-12-03,12.0,13.0,28.174,PIT,ARI,L 10-24,0,1,1,100.0%,6,6.0,6.0,0,91.7,-4.0,-4,10,0,0,0,0.0,0,2.0,1,33.3%,2023,Home
11,12.0,2023-12-07,13.0,14.0,28.178,PIT,NWE,L 18-21,0,2,1,50.0%,7,7.0,3.5,0,58.3,3.0,-3,10,0,0,0,0.0,0,1.0,0,0.0%,2023,Home
12,,12 Games,,,,,,7-5-0,2,57,32,56.1%,443,13.8,7.8,5,95.9,14.1,313,130,0,0,0,0.0,0,28.0,5,15.2%,2023,Home
