,Rk,Date,G#,Week,Age,Tm,Unnamed: 6_level_1,Opp,Result,Int,Tgt,Cmp,Cmp%,Yds,Yds/Cmp,Yds/Tgt,TD,Rat,DADOT,Air,YAC,Bltz,Hrry,QBKD,Sk,Prss,Comb,MTkl,MTkl%,Year
0,1.0,2019-09-09,1.0,1.0,28.046,DEN,@,OAK,L 16-24,0,0,0,,0.0,,,0.0,,,0.0,0.0,0,0,0,0.0,0,0,0,,2019
1,2.0,2019-09-15,2.0,2.0,28.052,DEN,,CHI,L 14-16,0,0,0,,0.0,,,0.0,,,0.0,0.0,0,0,0,0.0,0,0,0,,2019
2,3.0,2019-09-22,3.0,3.0,28.059,DEN,@,GNB,L 16-27,0,0,0,,0.0,,,0.0,,,0.0,0.0,0,0,0,0.0,0,0,0,,2019
3,4.0,2019-09-29,4.0,4.0,28.066,DEN,,JAX,L 24-26,0,0,0,,0.0,,,0.0,,,0.0,0.0,0,0,0,0.0,0,0,0,,2019
4,5.0,2019-10-06,5.0,5.0,28.073,DEN,@,LAC,W 20-13,0,0,0,,0.0,,,0.0,,,0.0,0.0,0,0,0,0.0,0,0,0,,2019
5,6.0,2019-10-13,6.0,6.0,28.08,DEN,,TEN,W 16-0,0,0,0,,0.0,,,0.0,,,0.0,0.0,0,0,0,0.0,0,0,0,,2019
6,7.0,2019-10-17,7.0,7.0,28.084,DEN,,KAN,L 6-30,0,0,0,,0.0,,,0.0,,,0.0,0.0,0,0,0,0.0,0,0,0,,2019
7,8.0,2019-10-27,8.0,8.0,28.094,DEN,@,IND,L 13-15,0,0,0,,0.0,,,0.0,,,0.0,0.0,0,0,0,0.0,0,1,0,0.0%,2019
8,9.0,2019-11-03,9.0,9.0,28.101,DEN,,CLE,W 24-19,0,0,0,,0.0,,,0.0,,,0.0,0.0,0,0,0,0.0,0,0,0,,2019
9,10.0,2019-11-17,10.0,11.0,28.115,DEN,@,MIN,L 23-27,0,0,0,,0.0,,,0.0,,,0.0,0.0,0,0,0,0.0,0,0,0,,2019
10,11.0,2019-11-24,11.0,12.0,28.122,DEN,@,BUF,L 3-20,0,0,0,,0.0,,,0.0,,,0.0,0.0,0,0,0,0.0,0,0,0,,2019
11,12.0,2019-12-01,12.0,13.0,28.129,DEN,,LAC,W 23-20,0,0,0,,0.0,,,0.0,,,0.0,0.0,0,0,0,0.0,0,0,0,,2019
12,13.0,2019-12-08,13.0,14.0,28.136,DEN,@,HOU,W 38-24,0,0,0,,0.0,,,0.0,,,0.0,0.0,0,0,0,0.0,0,0,0,,2019
13,14.0,2019-12-15,14.0,15.0,28.143,DEN,@,KAN,L 3-23,0,0,0,,0.0,,,0.0,,,0.0,0.0,0,0,0,0.0,0,0,0,,2019
14,15.0,2019-12-22,15.0,16.0,28.15,DEN,,DET,W 27-17,0,0,0,,0.0,,,0.0,,,0.0,0.0,0,0,0,0.0,0,0,0,,2019
15,16.0,2019-12-29,16.0,17.0,28.157,DEN,,OAK,W 16-15,0,0,0,,0.0,,,0.0,,,0.0,0.0,0,0,0,0.0,0,0,0,,2019
16,,16 Games,,,,,,,7-9-0,0,0,0,,,,,,,,,,0,0,0,0.0,0,1,0,0.0%,2019
