,Rk,Date,G#,Week,Age,Tm,Unnamed: 6_level_1,Opp,Result,Att,Yds,TD,1D,YBC,YBC/Att,YAC,YAC/Att,BrkTkl,Att/Br,Tgt,Rec,Yds,TD,1D,YBC,YBC/R,YAC,YAC/R,ADOT,BrkTkl,Rec/Br,Drop,Drop%,Int,Rat,Year
0,1.0,2019-09-09,1.0,1.0,23.197,DEN,@,OAK,L 16-24,10,56,0,2.0,17,1.7,39,3.9,1,10.0,1,1,5,0,0.0,5,5.0,0,0.0,5.0,0,,0,0.0,0,87.5,2019
1,2.0,2019-09-15,2.0,2.0,23.203,DEN,,CHI,L 14-16,11,54,0,2.0,43,3.9,11,1.0,0,,7,5,48,0,3.0,6,1.2,42,8.4,1.7,2,2.5,0,0.0,0,90.2,2019
2,3.0,2019-09-22,3.0,3.0,23.21,DEN,@,GNB,L 16-27,15,63,0,2.0,25,1.7,38,2.5,2,7.5,5,4,10,0,0.0,-8,-2.0,18,4.5,-1.4,0,,0,0.0,0,79.2,2019
3,4.0,2019-09-29,4.0,4.0,23.217,DEN,,JAX,L 24-26,6,16,0,1.0,2,0.3,14,2.3,1,6.0,6,4,34,0,2.0,5,1.3,29,7.3,0.8,0,,1,16.7,0,81.2,2019
4,5.0,2019-10-06,5.0,5.0,23.224,DEN,@,LAC,W 20-13,13,61,0,2.0,32,2.5,29,2.2,0,,2,2,6,0,0.0,-3,-1.5,9,4.5,-1.5,1,2.0,0,0.0,0,79.2,2019
5,6.0,2019-10-13,6.0,6.0,23.231,DEN,,TEN,W 16-0,11,34,0,1.0,9,0.8,25,2.3,1,11.0,5,5,42,0,1.0,9,1.8,33,6.6,1.8,1,5.0,0,0.0,0,101.7,2019
6,7.0,2019-10-17,7.0,7.0,23.235,DEN,,KAN,L 6-30,10,35,1,2.0,31,3.1,4,0.4,0,,5,4,32,0,1.0,-3,-0.8,35,8.8,-0.2,0,,0,0.0,0,93.3,2019
7,8.0,2019-10-27,8.0,8.0,23.245,DEN,@,IND,L 13-15,12,40,1,3.0,19,1.6,21,1.8,0,,2,1,5,0,0.0,-4,-4.0,9,9.0,-0.5,0,,1,50.0,0,56.2,2019
8,9.0,2019-11-03,9.0,9.0,23.252,DEN,,CLE,W 24-19,5,15,0,1.0,5,1.0,10,2.0,0,,1,1,-1,0,0.0,-1,-1.0,0,0.0,-1.0,0,,0,0.0,0,79.2,2019
9,10.0,2019-11-17,10.0,11.0,23.266,DEN,@,MIN,L 23-27,8,31,0,1.0,14,1.8,17,2.1,0,,1,1,14,0,1.0,0,0.0,14,14.0,0.0,0,,0,0.0,0,118.7,2019
10,11.0,2019-11-24,11.0,12.0,23.273,DEN,@,BUF,L 3-20,2,20,0,1.0,5,2.5,15,7.5,1,2.0,2,2,9,0,0.0,3,1.5,6,3.0,1.5,0,,0,0.0,0,85.4,2019
11,12.0,2019-12-01,12.0,13.0,23.28,DEN,,LAC,W 23-20,5,11,0,,5,1.0,6,1.2,0,,4,4,13,0,,-8,-2.0,21,5.3,-2.0,0,,0,0.0,0,80.2,2019
12,13.0,2019-12-08,13.0,14.0,23.287,DEN,@,HOU,W 38-24,8,24,0,2.0,16,2.0,8,1.0,1,8.0,2,2,8,1,1.0,-1,-0.5,9,4.5,-0.5,0,,0,0.0,0,122.9,2019
13,14.0,2019-12-15,14.0,15.0,23.294,DEN,@,KAN,L 3-23,5,12,0,0.0,12,2.4,0,0.0,0,,4,4,14,0,1.0,-11,-2.8,25,6.3,-2.8,0,,0,0.0,0,81.2,2019
14,15.0,2019-12-22,15.0,16.0,23.301,DEN,,DET,W 27-17,9,28,1,2.0,13,1.4,15,1.7,1,9.0,2,2,9,0,0.0,1,0.5,8,4.0,0.5,0,,0,0.0,0,85.4,2019
15,16.0,2019-12-29,16.0,17.0,23.308,DEN,,OAK,W 16-15,2,-4,0,,-4,-2.0,0,0.0,0,,1,1,8,0,,4,4.0,4,4.0,4.0,0,,0,0.0,0,100.0,2019
16,,16 Games,,,,,,,7-9-0,132,496,3,22.0,244,1.8,252,1.9,8,16.5,50,43,256,1,10.0,-6,-0.1,262,6.1,0.1,4,10.8,2,4.0,0,94.7,2019
