,Rk,Date,G#,Week,Age,Tm,Unnamed: 6_level_1,Opp,Result,Int,Tgt,Cmp,Cmp%,Yds,Yds/Cmp,Yds/Tgt,TD,Rat,DADOT,Air,YAC,Bltz,Hrry,QBKD,Sk,Prss,Comb,MTkl,MTkl%
0,1.0,2019-09-09,1.0,1.0,25.042,DEN,@,OAK,L 16-24,0,2,2,100.0%,18,9.0,9.0,0,104.2,3.5,7,11,0,0,0,0.0,0,3.0,1,25.0%
1,2.0,2019-09-15,2.0,2.0,25.048,DEN,,CHI,L 14-16,0,0,0,,0,,,0,,,0,0,0,0,0,,0,,0,
2,3.0,2019-09-22,3.0,3.0,25.055,DEN,@,GNB,L 16-27,0,4,1,25.0%,14,14.0,3.5,0,41.7,6.3,10,4,0,0,0,0.0,0,2.0,1,33.3%
3,4.0,2019-09-29,4.0,4.0,25.062,DEN,,JAX,L 24-26,0,2,1,50.0%,19,19.0,9.5,0,83.3,26.5,19,0,0,0,0,0.0,0,5.0,4,44.4%
4,5.0,2019-10-06,5.0,5.0,25.069,DEN,@,LAC,W 20-13,0,2,1,50.0%,2,2.0,1.0,0,56.2,3.5,0,2,1,0,0,0.0,0,1.0,0,0.0%
5,6.0,2019-10-13,6.0,6.0,25.076,DEN,,TEN,W 16-0,0,8,7,87.5%,86,12.3,10.8,0,111.5,7.3,58,28,0,0,0,0.0,0,4.0,0,0.0%
6,7.0,2019-10-17,7.0,7.0,25.08,DEN,,KAN,L 6-30,0,1,1,100.0%,21,21.0,21.0,1,158.3,9.0,9,12,0,0,0,0.0,0,2.0,0,0.0%
7,8.0,2019-11-17,10.0,11.0,25.111,DEN,@,MIN,L 23-27,0,0,0,,0,,,0,,,0,0,0,0,0,0.0,0,1.0,0,0.0%
8,9.0,2019-11-24,11.0,12.0,25.118,DEN,@,BUF,L 3-20,0,1,0,0.0%,0,,0.0,0,39.6,5.0,0,0,0,0,0,0.0,0,1.0,0,0.0%
9,10.0,2019-12-01,12.0,13.0,25.125,DEN,,LAC,W 23-20,0,1,1,100.0%,4,4.0,4.0,0,83.3,-2.0,-2,6,3,0,0,1.0,1,4.0,0,0.0%
10,11.0,2019-12-08,13.0,14.0,25.132,DEN,@,HOU,W 38-24,1,6,1,16.7%,11,11.0,1.8,0,0.0,16.0,7,4,3,0,0,0.0,0,5.0,0,0.0%
11,12.0,2019-12-15,14.0,15.0,25.139,DEN,@,KAN,L 3-23,0,4,3,75.0%,44,14.7,11.0,1,150.0,10.3,35,9,4,0,1,0.0,1,4.0,0,0.0%
12,13.0,2019-12-22,15.0,16.0,25.146,DEN,,DET,W 27-17,0,0,0,,0,,,0,,,0,0,0,0,0,,0,,0,
13,14.0,2019-12-29,16.0,17.0,25.153,DEN,,OAK,W 16-15,0,6,3,50.0%,45,15.0,7.5,1,114.6,13.7,31,14,1,1,0,0.0,1,3.0,1,25.0%
14,,14 Games,,,,,,,6-8-0,1,37,21,56.8%,264,12.6,7.1,3,94.9,10.3,174,90,12,1,1,1.0,3,35.0,7,16.7%
