,Rk,Date,G#,Week,Age,Tm,Unnamed: 6_level_1,Opp,Result,Att,Yds,TD,1D,YBC,YBC/Att,YAC,YAC/Att,BrkTkl,Att/Br,Tgt,Rec,Yds,TD,1D,YBC,YBC/R,YAC,YAC/R,ADOT,BrkTkl,Rec/Br,Drop,Drop%,Int,Rat
0,1.0,2023-09-10,1.0,1.0,25.184,LAC,,MIA,L 34-36,5,17,1,4,17,3.4,0,0.0,0,,0,0,0,0,0,0,,0,,,0,,0,0.0,,
1,2.0,2023-09-17,2.0,2.0,25.191,LAC,@,TEN,L 24-27,1,0,0,0,0,0.0,0,0.0,0,,0,0,0,0,0,0,,0,,,0,,0,0.0,,
2,3.0,2023-09-24,3.0,3.0,25.198,LAC,@,MIN,W 28-24,2,11,0,1,11,5.5,0,0.0,0,,0,0,0,0,0,0,,0,,,0,,0,0.0,,
3,4.0,2023-10-01,4.0,4.0,25.205,LAC,,LVR,W 24-17,12,27,2,3,20,1.7,7,0.6,1,12.0,0,0,0,0,0,0,,0,,,0,,0,0.0,,
4,5.0,2023-10-16,5.0,6.0,25.22,LAC,,DAL,L 17-20,6,20,0,1,11,1.8,9,1.5,0,,1,1,10,0,1,-7,-7.0,17,17.0,-7.0,0,,0,0.0,0.0,108.3
5,6.0,2023-10-22,6.0,7.0,25.226,LAC,@,KAN,L 17-31,2,5,0,0,5,2.5,0,0.0,0,,0,0,0,0,0,0,,0,,,0,,0,0.0,,
6,7.0,2023-10-29,7.0,8.0,25.233,LAC,,CHI,W 30-13,1,1,0,0,1,1.0,0,0.0,0,,0,0,0,0,0,0,,0,,,0,,0,0.0,,
7,8.0,2023-11-06,8.0,9.0,25.241,LAC,@,NYJ,W 27-6,3,17,0,1,8,2.7,9,3.0,0,,0,0,0,0,0,0,,0,,,0,,0,0.0,,
8,9.0,2023-11-12,9.0,10.0,25.247,LAC,,DET,L 38-41,4,15,0,2,2,0.5,13,3.3,1,4.0,0,0,0,0,0,0,,0,,,0,,0,0.0,,
9,10.0,2023-11-19,10.0,11.0,25.254,LAC,@,GNB,L 20-23,8,73,0,3,62,7.8,11,1.4,0,,0,0,0,0,0,0,,0,,,0,,0,0.0,,
10,11.0,2023-11-26,11.0,12.0,25.261,LAC,,BAL,L 10-20,4,47,0,1,47,11.8,0,0.0,0,,0,0,0,0,0,0,,0,,,0,,0,0.0,,
11,12.0,2023-12-03,12.0,13.0,25.268,LAC,@,NWE,W 6-0,4,-5,0,0,-5,-1.3,0,0.0,0,,0,0,0,0,0,0,,0,,,0,,0,0.0,,
12,13.0,2023-12-10,13.0,14.0,25.275,LAC,,DEN,L 7-24,0,0,0,0,0,,0,,0,,0,0,0,0,0,0,,0,,,0,,0,0.0,,
13,,13 Games,,,,,,,5-8-0,52,228,3,16,179,3.4,49,0.9,2,26.0,1,1,10,0,1,-7,-7.0,17,17.0,-7.0,0,,0,0.0,0.0,108.3
