,Rk,Date,G#,Week,Age,Tm,Unnamed: 6_level_1,Opp,Result,Int,Tgt,Cmp,Cmp%,Yds,Yds/Cmp,Yds/Tgt,TD,Rat,DADOT,Air,YAC,Bltz,Hrry,QBKD,Sk,Prss,Comb,MTkl,MTkl%,Year
0,1.0,2023-09-10,1.0,1.0,33.201,LAC,,MIA,L 34-36,0,0,0,,0,,,0,,,0,0,1,0,0,0.0,0,1.0,1,50.0%,2023
1,2.0,2023-09-17,2.0,2.0,33.208,LAC,@,TEN,L 24-27,0,0,0,,0,,,0,,,0,0,0,0,0,0.0,0,2.0,1,33.3%,2023
2,3.0,2023-09-24,3.0,3.0,33.215,LAC,@,MIN,W 28-24,0,0,0,,0,,,0,,,0,0,0,0,0,0.0,0,4.0,0,0.0%,2023
3,4.0,2023-10-01,4.0,4.0,33.222,LAC,,LVR,W 24-17,0,0,0,,0,,,0,,,0,0,0,0,0,0.0,0,2.0,0,0.0%,2023
4,5.0,2023-10-16,5.0,6.0,33.237,LAC,,DAL,L 17-20,0,1,1,100.0%,-1,-1.0,-1.0,0,79.2,-4.0,-4,3,0,0,0,1.0,1,3.0,0,0.0%,2023
5,6.0,2023-10-22,6.0,7.0,33.243,LAC,@,KAN,L 17-31,0,0,0,,0,,,0,,,0,0,0,0,0,,0,,0,,2023
6,7.0,2023-10-29,7.0,8.0,33.25,LAC,,CHI,W 30-13,0,0,0,,0,,,0,,,0,0,0,0,0,0.0,0,2.0,0,0.0%,2023
7,8.0,2023-11-06,8.0,9.0,33.258,LAC,@,NYJ,W 27-6,0,0,0,,0,,,0,,,0,0,0,0,0,0.0,0,1.0,0,0.0%,2023
8,9.0,2023-11-12,9.0,10.0,33.264,LAC,,DET,L 38-41,0,0,0,,0,,,0,,,0,0,0,0,0,0.0,0,3.0,1,25.0%,2023
9,10.0,2023-11-19,10.0,11.0,33.271,LAC,@,GNB,L 20-23,0,0,0,,0,,,0,,,0,0,0,0,0,0.0,0,3.0,0,0.0%,2023
10,11.0,2023-11-26,11.0,12.0,33.278,LAC,,BAL,L 10-20,0,0,0,,0,,,0,,,0,0,0,1,0,0.0,1,2.0,0,0.0%,2023
11,12.0,2023-12-03,12.0,13.0,33.285,LAC,@,NWE,W 6-0,0,0,0,,0,,,0,,,0,0,0,0,0,0.0,0,3.0,0,0.0%,2023
12,13.0,2023-12-10,13.0,14.0,33.292,LAC,,DEN,L 7-24,0,0,0,,0,,,0,,,0,0,0,0,0,0.0,0,1.0,0,0.0%,2023
13,14.0,2023-12-23,15.0,16.0,33.305,LAC,,BUF,L 22-24,0,0,0,,0,,,0,,,0,0,0,1,0,0.0,1,5.0,0,0.0%,2023
14,,14 Games,,,,,,,5-9-0,0,1,1,100.0%,-1,-1.0,-1.0,0,79.2,-4.0,-4,3,1,2,0,1.0,3,32.0,3,8.6%,2023
