,Rk,Date,G#,Week,Age,Tm,Unnamed: 6_level_1,Opp,Result,Int,Tgt,Cmp,Cmp%,Yds,Yds/Cmp,Yds/Tgt,TD,Rat,DADOT,Air,YAC,Bltz,Hrry,QBKD,Sk,Prss,Comb,MTkl,MTkl%,Year
0,1.0,2020-09-13,1.0,1.0,27.062,NYJ,@,BUF,L 17-27,0,0,0,,0,,,0,,,0,0,0,0,0,,0,,0,,2020
1,2.0,2020-09-20,2.0,2.0,27.069,NYJ,,SFO,L 13-31,0,0,0,,0,,,0,,,0,0,0,0,0,0.0,0,1.0,0,0.0%,2020
2,3.0,2020-11-01,8.0,8.0,27.111,NYJ,@,KAN,L 9-35,0,0,0,,0,,,0,,,0,0,0,0,0,0.0,0,1.0,0,0.0%,2020
3,4.0,2020-11-09,9.0,9.0,27.119,NYJ,,NWE,L 27-30,0,3,3,100.0%,33,11.0,11.0,0,112.5,10.0,30,3,3,0,0,0.0,0,5.0,1,16.7%,2020
4,5.0,2020-11-22,10.0,11.0,27.132,NYJ,@,LAC,L 28-34,0,5,3,60.0%,49,16.3,9.8,1,132.5,8.0,15,34,3,0,0,1.0,1,2.0,2,50.0%,2020
5,6.0,2020-11-29,11.0,12.0,27.139,NYJ,,MIA,L 3-20,0,6,5,83.3%,44,8.8,7.3,0,97.2,2.3,10,34,0,0,0,0.0,0,5.0,0,0.0%,2020
6,7.0,2020-12-06,12.0,13.0,27.146,NYJ,,LVR,L 28-31,1,3,0,0.0%,0,,0.0,0,0.0,17.3,0,0,0,0,0,0.0,0,1.0,0,0.0%,2020
7,8.0,2020-12-13,13.0,14.0,27.153,NYJ,@,SEA,L 3-40,0,0,0,,0,,,0,,,0,0,0,0,0,0.0,0,5.0,0,0.0%,2020
8,9.0,2020-12-20,14.0,15.0,27.16,NYJ,@,LAR,W 23-20,0,1,1,100.0%,16,16.0,16.0,0,118.7,9.0,9,7,0,0,0,0.0,0,2.0,0,0.0%,2020
9,10.0,2020-12-27,15.0,16.0,27.167,NYJ,,CLE,W 23-16,0,10,5,50.0%,40,8.0,4.0,0,60.4,11.4,34,6,1,0,0,0.0,0,5.0,2,28.6%,2020
10,11.0,2021-01-03,16.0,17.0,27.174,NYJ,@,NWE,L 14-28,0,4,3,75.0%,45,15.0,11.3,1,151.0,3.0,15,30,0,0,0,0.0,0,2.0,1,33.3%,2020
11,,11 Games,,,,,,,2-9-0,1,32,20,62.5%,227,11.4,7.1,2,91.5,8.5,113,114,7,0,0,1.0,1,29.0,6,17.1%,2020
