,Rk,Date,G#,Week,Age,Tm,Unnamed: 6_level_1,Opp,Result,Int,Tgt,Cmp,Cmp%,Yds,Yds/Cmp,Yds/Tgt,TD,Rat,DADOT,Air,YAC,Bltz,Hrry,QBKD,Sk,Prss,Comb,MTkl,MTkl%
0,1.0,2020-09-13,1.0,1.0,23.36,NYJ,@,BUF,L 17-27,0,3,2,66.7%,9,4.5,3.0,0,70.1,4.3,9,0,3,1,0,0.0,1,4.0,2,33.3%
1,2.0,2020-09-20,2.0,2.0,24.001,NYJ,,SFO,L 13-31,0,0,0,,0,,,0,,,0,0,0,0,0,0.0,0,1.0,0,0.0%
2,3.0,2020-09-27,3.0,3.0,24.008,NYJ,@,IND,L 7-36,0,0,0,,0,,,0,,,0,0,0,0,0,0.0,0,1.0,0,0.0%
3,4.0,2020-10-01,4.0,4.0,24.012,NYJ,,DEN,L 28-37,0,0,0,,0,,,0,,,0,0,0,0,0,,0,,0,
4,5.0,2020-10-11,5.0,5.0,24.022,NYJ,,ARI,L 10-30,0,0,0,,0,,,0,,,0,0,1,0,0,0.0,0,1.0,1,50.0%
5,6.0,2020-10-18,6.0,6.0,24.029,NYJ,@,MIA,L 0-24,0,0,0,,0,,,0,,,0,0,0,0,0,,0,,0,
6,7.0,2020-11-22,10.0,11.0,24.064,NYJ,@,LAC,L 28-34,0,1,1,100.0%,2,2.0,2.0,0,79.2,2.0,2,0,2,0,0,0.0,0,2.0,0,0.0%
7,8.0,2020-11-29,11.0,12.0,24.071,NYJ,,MIA,L 3-20,0,0,0,,0,,,0,,,0,0,0,0,0,,0,,0,
8,9.0,2020-12-06,12.0,13.0,24.078,NYJ,,LVR,L 28-31,0,1,0,0.0%,0,,0.0,0,39.6,0.0,0,0,1,0,0,0.0,0,2.0,0,0.0%
9,10.0,2020-12-13,13.0,14.0,24.085,NYJ,@,SEA,L 3-40,0,1,1,100.0%,6,6.0,6.0,0,91.7,6.0,6,0,5,0,0,0.0,0,3.0,0,0.0%
10,11.0,2020-12-20,14.0,15.0,24.092,NYJ,@,LAR,W 23-20,0,1,1,100.0%,44,44.0,44.0,0,118.7,5.0,5,39,8,0,2,0.0,2,2.0,2,50.0%
11,12.0,2020-12-27,15.0,16.0,24.099,NYJ,,CLE,W 23-16,0,2,2,100.0%,14,7.0,7.0,0,95.8,6.0,12,2,6,2,0,1.0,3,4.0,0,0.0%
12,13.0,2021-01-03,16.0,17.0,24.106,NYJ,@,NWE,L 14-28,0,3,3,100.0%,31,10.3,10.3,1,149.3,6.3,19,12,1,0,0,1.0,1,5.0,1,16.7%
13,,13 Games,,,,,,,2-11-0,0,12,10,83.3%,106,10.6,8.8,1,131.2,4.8,53,53,27,3,2,2.0,7,25.0,6,19.4%
