,Rk,Date,G#,Week,Age,Tm,Unnamed: 6_level_1,Opp,Result,Att,Yds,TD,1D,YBC,YBC/Att,YAC,YAC/Att,BrkTkl,Att/Br,Tgt,Rec,Yds,TD,1D,YBC,YBC/R,YAC,YAC/R,ADOT,BrkTkl,Rec/Br,Drop,Drop%,Int,Rat,Year
0,1.0,2020-09-20,2.0,2.0,22.234,NYJ,,SFO,L 13-31,3,17,0,1.0,10,3.3,7,2.3,0,,0,0,0,0,0.0,0,,0,,,0,,0,0.0,,,2020
1,2.0,2020-09-27,3.0,3.0,22.241,NYJ,@,IND,L 7-36,7,24,0,,18,2.6,6,0.9,1,7.0,2,2,-1,0,,-1,-0.5,0,0.0,-0.5,0,,0,0.0,0.0,79.2,2020
2,3.0,2020-10-01,4.0,4.0,22.245,NYJ,,DEN,L 28-37,5,15,0,1.0,5,1.0,10,2.0,0,,0,0,0,0,0.0,0,,0,,,0,,0,0.0,,,2020
3,4.0,2020-10-11,5.0,5.0,22.255,NYJ,,ARI,L 10-30,0,0,0,,0,,0,,0,,0,0,0,0,,0,,0,,,0,,0,0.0,,,2020
4,5.0,2020-10-18,6.0,6.0,22.262,NYJ,@,MIA,L 0-24,7,27,0,2.0,15,2.1,12,1.7,0,,3,2,9,0,0.0,-6,-3.0,15,7.5,-1.0,0,,1,33.3,0.0,70.1,2020
5,6.0,2020-10-25,7.0,7.0,22.269,NYJ,,BUF,L 10-18,11,40,1,6.0,22,2.0,18,1.6,0,,3,2,16,0,1.0,6,3.0,10,5.0,3.3,0,,0,0.0,0.0,79.9,2020
6,7.0,2020-11-01,8.0,8.0,22.276,NYJ,@,KAN,L 9-35,8,27,0,2.0,11,1.4,16,2.0,0,,2,2,6,0,0.0,-5,-2.5,11,5.5,-2.5,0,,0,0.0,0.0,79.2,2020
7,8.0,2020-11-09,9.0,9.0,22.284,NYJ,,NWE,L 27-30,6,19,0,1.0,7,1.2,12,2.0,1,6.0,2,2,19,0,1.0,6,3.0,13,6.5,3.0,0,,0,0.0,0.0,106.2,2020
8,9.0,2020-11-22,10.0,11.0,22.297,NYJ,@,LAC,L 28-34,8,33,1,2.0,24,3.0,9,1.1,0,,1,0,0,0,0.0,0,,0,,0.0,0,,0,0.0,0.0,39.6,2020
9,10.0,2020-12-27,15.0,16.0,22.332,NYJ,,CLE,W 23-16,9,30,0,3.0,20,2.2,10,1.1,0,,2,1,14,0,1.0,-4,-4.0,18,18.0,9.5,0,,0,0.0,0.0,72.9,2020
10,,10 Games,,,,,,,1-9-0,64,232,2,18.0,132,2.1,100,1.6,2,32.0,15,11,63,0,3.0,-4,-0.4,67,6.1,1.7,0,,1,6.7,0.0,80.7,2020
