,Rk,Date,G#,Week,Age,Tm,Unnamed: 6_level_1,Opp,Result,Int,Tgt,Cmp,Cmp%,Yds,Yds/Cmp,Yds/Tgt,TD,Rat,DADOT,Air,YAC,Bltz,Hrry,QBKD,Sk,Prss,Comb,MTkl,MTkl%,Year
0,1.0,2022-10-09,5.0,5.0,31.083,SFO,@,CAR,W 37-15,0,0,0,,0,,,0,,,0,0,0,0,0,,0,,0,,2022
1,2.0,2022-10-23,7.0,7.0,31.097,SFO,,KAN,L 23-44,0,5,4,80.0%,33,8.3,6.6,1,133.7,3.6,28,5,1,0,0,0.0,0,2.0,1,33.3%,2022
2,3.0,2022-10-30,8.0,8.0,31.104,SFO,@,LAR,W 31-14,0,4,3,75.0%,34,11.3,8.5,0,100.0,6.0,21,13,1,0,0,0.0,0,5.0,0,0.0%,2022
3,4.0,2022-11-13,9.0,10.0,31.118,SFO,,LAC,W 22-16,0,6,5,83.3%,45,9.0,7.5,0,97.9,1.3,13,32,0,0,0,0.0,0,4.0,1,20.0%,2022
4,5.0,2022-11-21,10.0,11.0,31.126,SFO,@,ARI,W 38-10,1,8,7,87.5%,45,6.4,5.6,0,50.5,1.5,10,35,0,0,0,0.0,0,5.0,0,0.0%,2022
5,6.0,2022-11-27,11.0,12.0,31.132,SFO,,NOR,W 13-0,0,5,3,60.0%,39,13.0,7.8,0,84.6,11.8,29,10,1,0,0,0.0,0,3.0,0,0.0%,2022
6,7.0,2022-12-04,12.0,13.0,31.139,SFO,,MIA,W 33-17,1,3,2,66.7%,27,13.5,9.0,0,55.6,5.3,9,18,0,0,0,0.0,0,5.0,0,0.0%,2022
7,8.0,2022-12-11,13.0,14.0,31.146,SFO,,TAM,W 35-7,0,14,7,50.0%,35,5.0,2.5,0,56.2,4.4,24,11,4,0,1,0.0,1,8.0,1,11.1%,2022
8,9.0,2022-12-15,14.0,15.0,31.15,SFO,@,SEA,W 21-13,0,8,6,75.0%,34,5.7,4.3,0,82.3,4.8,18,16,1,0,0,0.0,0,4.0,1,20.0%,2022
9,10.0,2022-12-24,15.0,16.0,31.159,SFO,,WAS,W 37-20,1,6,5,83.3%,34,6.8,5.7,1,90.3,3.7,19,15,2,0,0,0.0,0,4.0,0,0.0%,2022
10,11.0,2023-01-01,16.0,17.0,31.167,SFO,@,LVR,W 37-34,0,8,6,75.0%,101,16.8,12.6,1,156.2,5.5,50,51,0,0,0,0.0,0,7.0,0,0.0%,2022
11,12.0,2023-01-08,17.0,18.0,31.174,SFO,,ARI,W 38-13,0,4,4,100.0%,46,11.5,11.5,0,114.6,5.5,22,24,1,0,1,0.0,1,3.0,0,0.0%,2022
12,,12 Games,,,,,,,11-1-0,3,71,52,73.2%,473,9.1,6.7,3,87.4,4.6,243,230,11,0,2,0.0,2,50.0,4,7.4%,2022
