,Rk,Date,G#,Week,Age,Tm,Unnamed: 6_level_1,Opp,Result,Int,Tgt,Cmp,Cmp%,Yds,Yds/Cmp,Yds/Tgt,TD,Rat,DADOT,Air,YAC,Bltz,Hrry,QBKD,Sk,Prss,Comb,MTkl,MTkl%
0,1.0,2022-09-11,1.0,1.0,32.035,SFO,@,CHI,L 10-19,0,2,0,0.0%,0,,0.0,0,39.6,17.0,0,0,0,0,0,0.0,0,3,0,0.0%
1,2.0,2022-09-18,2.0,2.0,32.042,SFO,,SEA,W 27-7,1,2,1,50.0%,27,27.0,13.5,0,56.2,25.5,27,0,0,0,0,0.0,0,1,0,0.0%
2,3.0,2022-09-25,3.0,3.0,32.049,SFO,@,DEN,L 10-11,0,3,3,100.0%,44,14.7,14.7,0,118.7,13.0,39,5,0,0,0,0.0,0,5,0,0.0%
3,4.0,2022-10-03,4.0,4.0,32.057,SFO,,LAR,W 24-9,0,2,0,0.0%,0,,0.0,0,39.6,7.5,0,0,1,0,0,0.0,0,2,0,0.0%
4,5.0,2022-10-09,5.0,5.0,32.063,SFO,@,CAR,W 37-15,0,0,0,,0,,,0,,,0,0,1,0,0,0.5,1,3,0,0.0%
5,6.0,2022-10-16,6.0,6.0,32.07,SFO,@,ATL,L 14-28,0,3,3,100.0%,44,14.7,14.7,0,118.7,7.0,21,23,0,0,0,0.0,0,9,0,0.0%
6,7.0,2022-10-23,7.0,7.0,32.077,SFO,,KAN,L 23-44,0,6,4,66.7%,118,29.5,19.7,1,149.3,16.8,87,31,0,0,0,0.0,0,5,0,0.0%
7,8.0,2022-10-30,8.0,8.0,32.084,SFO,@,LAR,W 31-14,0,2,1,50.0%,13,13.0,6.5,0,70.8,6.0,10,3,1,0,0,0.0,0,0,0,
8,9.0,2022-11-13,9.0,10.0,32.098,SFO,,LAC,W 22-16,0,1,1,100.0%,12,12.0,12.0,0,116.7,11.0,11,1,1,0,0,0.0,0,4,0,0.0%
9,10.0,2022-11-21,10.0,11.0,32.106,SFO,@,ARI,W 38-10,0,1,0,0.0%,0,,0.0,0,39.6,16.0,0,0,1,0,0,0.0,0,3,1,25.0%
10,11.0,2022-11-27,11.0,12.0,32.112,SFO,,NOR,W 13-0,0,2,0,0.0%,0,,0.0,0,39.6,17.0,0,0,0,0,0,0.0,0,3,0,0.0%
11,12.0,2022-12-04,12.0,13.0,32.119,SFO,,MIA,W 33-17,0,2,2,100.0%,28,14.0,14.0,0,118.7,14.0,28,0,1,0,0,0.0,0,3,0,0.0%
12,13.0,2022-12-11,13.0,14.0,32.126,SFO,,TAM,W 35-7,1,2,1,50.0%,20,20.0,10.0,0,45.8,16.5,20,0,0,0,0,0.0,0,5,0,0.0%
13,14.0,2022-12-15,14.0,15.0,32.13,SFO,@,SEA,W 21-13,0,1,1,100.0%,7,7.0,7.0,0,95.8,7.0,7,0,1,0,0,0.0,0,5,0,0.0%
14,15.0,2022-12-24,15.0,16.0,32.139,SFO,,WAS,W 37-20,0,2,1,50.0%,14,14.0,7.0,0,72.9,15.0,13,1,2,0,0,0.0,0,4,0,0.0%
15,16.0,2023-01-01,16.0,17.0,32.147,SFO,@,LVR,W 37-34,1,3,2,66.7%,44,22.0,14.7,0,70.1,14.3,20,24,0,0,0,0.0,0,4,0,0.0%
16,17.0,2023-01-08,17.0,18.0,32.154,SFO,,ARI,W 38-13,2,1,0,0.0%,0,,0.0,0,0.0,42.0,0,0,0,0,0,0.0,0,2,1,33.3%
17,,17 Games,,,,,,,13-4-0,5,35,20,57.1%,371,18.6,10.6,1,63.8,14.8,283,88,9,0,0,0.5,1,61,2,3.2%
