,Rk,Date,G#,Week,Age,Tm,Unnamed: 6_level_1,Opp,Result,Att,Yds,TD,1D,YBC,YBC/Att,YAC,YAC/Att,BrkTkl,Att/Br,Tgt,Rec,Yds,TD,1D,YBC,YBC/R,YAC,YAC/R,ADOT,BrkTkl,Rec/Br,Drop,Drop%,Int,Rat,Year
0,1.0,2023-09-10,1.0,1.0,24.241,TAM,@,MIN,W 20-17,17,39,0,1.0,20,1.2,19,1.1,0,,2,2,10,0,0.0,-13,-6.5,23,11.5,-6.5,0,,0,0.0,0,87.5,2023
1,2.0,2023-09-17,2.0,2.0,24.248,TAM,,CHI,W 27-17,17,73,1,6.0,31,1.8,42,2.5,4,4.3,5,5,30,0,1.0,-11,-2.2,41,8.2,-2.2,1,5.0,0,0.0,0,91.7,2023
2,3.0,2023-09-25,3.0,3.0,24.256,TAM,,PHI,L 11-25,14,38,0,1.0,23,1.6,15,1.1,0,,3,3,24,0,1.0,-3,-1.0,27,9.0,-1.0,1,3.0,0,0.0,0,100.0,2023
3,4.0,2023-10-01,4.0,4.0,24.262,TAM,@,NOR,W 26-9,15,56,0,3.0,46,3.1,10,0.7,0,,3,3,22,0,1.0,-5,-1.7,27,9.0,-1.7,2,1.5,0,0.0,0,97.2,2023
4,5.0,2023-10-15,5.0,6.0,24.276,TAM,,DET,L 6-20,7,26,0,,16,2.3,10,1.4,1,7.0,4,3,12,0,,-4,-1.3,16,5.3,2.8,1,3.0,0,0.0,0,77.1,2023
5,6.0,2023-10-22,6.0,7.0,24.283,TAM,,ATL,L 13-16,13,34,0,0.0,26,2.0,8,0.6,0,,6,6,65,0,3.0,2,0.3,63,10.5,0.3,1,6.0,0,0.0,0,111.8,2023
6,7.0,2023-10-26,7.0,8.0,24.287,TAM,@,BUF,L 18-24,9,39,0,1.0,20,2.2,19,2.1,1,9.0,7,7,70,0,4.0,-6,-0.9,76,10.9,-0.9,0,,0,0.0,0,108.3,2023
7,8.0,2023-11-05,8.0,9.0,24.297,TAM,@,HOU,L 37-39,20,73,2,7.0,53,2.7,20,1.0,1,20.0,4,4,46,0,2.0,6,1.5,40,10.0,1.5,0,,0,0.0,0,114.6,2023
8,9.0,2023-11-12,9.0,10.0,24.304,TAM,,TEN,W 20-6,20,51,0,1.0,23,1.2,28,1.4,0,,3,2,47,1,1.0,-7,-3.5,54,27.0,0.0,0,,0,0.0,0,149.3,2023
9,10.0,2023-11-19,10.0,11.0,24.311,TAM,@,SFO,L 14-27,9,30,1,4.0,24,2.7,6,0.7,0,,7,6,28,0,2.0,-17,-2.8,45,7.5,-1.1,0,,0,0.0,0,83.3,2023
10,11.0,2023-11-26,11.0,12.0,24.318,TAM,@,IND,L 20-27,15,100,0,4.0,62,4.1,38,2.5,0,,2,2,10,0,0.0,-6,-3.0,16,8.0,-3.0,0,,0,0.0,0,87.5,2023
11,12.0,2023-12-03,12.0,13.0,24.325,TAM,,CAR,W 21-18,20,84,1,3.0,69,3.5,15,0.8,0,,5,3,22,0,1.0,-1,-0.3,23,7.7,0.2,0,,1,20.0,0,70.4,2023
12,13.0,2023-12-10,13.0,14.0,24.332,TAM,@,ATL,W 29-25,25,102,0,5.0,55,2.2,47,1.9,0,,2,2,33,1,1.0,-10,-5.0,43,21.5,-5.0,0,,0,0.0,0,158.3,2023
13,14.0,2023-12-17,14.0,15.0,24.339,TAM,@,GNB,W 34-20,21,89,0,3.0,38,1.8,51,2.4,0,,2,2,50,1,2.0,18,9.0,32,16.0,9.0,0,,0,0.0,0,158.3,2023
14,15.0,2023-12-24,15.0,16.0,24.346,TAM,,JAX,W 30-12,20,39,1,3.0,10,0.5,29,1.5,1,20.0,7,6,38,0,3.0,-5,-0.8,43,7.2,-1.3,1,6.0,1,14.3,0,89.3,2023
15,16.0,2023-12-31,16.0,17.0,24.353,TAM,,NOR,L 13-23,11,42,0,,36,3.3,6,0.5,0,,4,4,24,0,,-4,-1.0,28,7.0,-1.0,1,4.0,0,0.0,0,91.7,2023
16,17.0,2024-01-07,17.0,18.0,24.36,TAM,@,CAR,W 9-0,19,75,0,4.0,42,2.2,33,1.7,1,19.0,4,4,18,0,1.0,4,1.0,14,3.5,1.0,0,,0,0.0,0,85.4,2023
17,,17 Games,,,,,,,9-8-0,272,990,6,46.0,594,2.2,396,1.5,9,30.2,70,64,549,3,23.0,-62,-1.0,611,9.5,-0.5,8,8.0,2,2.9,0,113.6,2023
