,Rk,Date,G#,Week,Age,Tm,Unnamed: 6_level_1,Opp,Result,Att,Yds,TD,1D,YBC,YBC/Att,YAC,YAC/Att,BrkTkl,Att/Br,Tgt,Rec,Yds,TD,1D,YBC,YBC/R,YAC,YAC/R,ADOT,BrkTkl,Rec/Br,Drop,Drop%,Int,Rat,Year
0,1.0,2023-09-07,1.0,1.0,24.149,KAN,,DET,L 20-21,6,22,0,1.0,22,3.7,0,0.0,0,,1,1,7,0,0.0,0,0.0,7,7.0,0.0,1,1.0,0,0.0,0.0,95.8,2023
1,2.0,2023-09-17,2.0,2.0,24.159,KAN,@,JAX,W 17-9,1,0,0,0.0,0,0.0,0,0.0,2,0.5,2,2,17,0,1.0,-2,-1.0,19,9.5,-1.0,1,2.0,0,0.0,0.0,102.1,2023
2,3.0,2023-09-24,3.0,3.0,24.166,KAN,,CHI,W 41-10,15,55,1,4.0,34,2.3,21,1.4,0,,1,1,2,0,0.0,-3,-3.0,5,5.0,-3.0,0,,0,0.0,0.0,79.2,2023
3,4.0,2023-10-01,4.0,4.0,24.173,KAN,@,NYJ,W 23-20,3,12,0,,9,3.0,3,1.0,0,,1,1,1,0,,-8,-8.0,9,9.0,-8.0,0,,0,0.0,0.0,79.2,2023
4,5.0,2023-10-08,5.0,5.0,24.18,KAN,@,MIN,W 27-20,3,4,0,,2,0.7,2,0.7,0,,0,0,0,0,,0,,0,,,0,,0,0.0,,,2023
5,6.0,2023-10-12,6.0,6.0,24.184,KAN,,DEN,W 19-8,2,7,0,0.0,5,2.5,2,1.0,1,2.0,1,1,9,0,1.0,-6,-6.0,15,15.0,-6.0,0,,0,0.0,0.0,104.2,2023
6,7.0,2023-10-22,7.0,7.0,24.194,KAN,,LAC,W 31-17,2,5,0,,5,2.5,0,0.0,0,,1,0,0,0,,0,,0,,-3.0,0,,1,100.0,0.0,39.6,2023
7,8.0,2023-10-29,8.0,8.0,24.201,KAN,@,DEN,L 9-24,1,4,0,,1,1.0,3,3.0,1,1.0,0,0,0,0,,0,,0,,,0,,0,0.0,,,2023
8,9.0,2023-11-20,10.0,11.0,24.223,KAN,,PHI,L 17-21,2,20,0,1.0,16,8.0,4,2.0,0,,0,0,0,0,0.0,0,,0,,,0,,0,0.0,,,2023
9,10.0,2023-11-26,11.0,12.0,24.229,KAN,@,LVR,W 31-17,3,5,0,,3,1.0,2,0.7,0,,0,0,0,0,,0,,0,,,0,,0,0.0,,,2023
10,11.0,2023-12-03,12.0,13.0,24.236,KAN,@,GNB,L 19-27,2,6,0,1.0,3,1.5,3,1.5,0,,2,1,8,0,0.0,3,3.0,5,5.0,0.0,0,,0,0.0,0.0,60.4,2023
11,12.0,2023-12-10,13.0,14.0,24.243,KAN,,BUF,L 17-20,11,39,0,2.0,37,3.4,2,0.2,0,,4,2,29,0,1.0,-7,-3.5,36,18.0,-2.0,1,2.0,0,0.0,1.0,34.4,2023
12,13.0,2023-12-17,14.0,15.0,24.25,KAN,@,NWE,W 27-17,13,37,0,2.0,6,0.5,31,2.4,0,,4,4,64,1,3.0,-5,-1.3,69,17.3,-1.3,0,,0,0.0,0.0,158.3,2023
13,14.0,2023-12-25,15.0,16.0,24.258,KAN,,LVR,L 14-20,4,6,0,0.0,3,0.8,3,0.8,0,,3,3,42,0,1.0,-8,-2.7,50,16.7,-2.7,2,1.5,0,0.0,0.0,118.7,2023
14,15.0,2024-01-07,17.0,18.0,24.271,KAN,@,LAC,W 13-12,2,1,0,1.0,-1,-0.5,2,1.0,0,,2,1,9,0,0.0,-4,-4.0,13,13.0,-5.5,0,,0,0.0,0.0,62.5,2023
15,,15 Games,,,,,,,9-6-0,70,223,1,12.0,145,2.1,78,1.1,4,17.5,22,17,188,1,7.0,-40,-2.4,228,13.4,-2.5,5,3.4,1,4.5,1.0,98.3,2023
