,Rk,Date,G#,Week,Age,Tm,Home/Away,Opp,Result,Int,Tgt,Cmp,Cmp%,Yds,Yds/Cmp,Yds/Tgt,TD,Rat,DADOT,Air,YAC,Bltz,Hrry,QBKD,Sk,Prss,Comb,MTkl,MTkl%,Year
0,1.0,2023-09-07,1.0,1.0,28.023,KAN,DET,L 20-21,0,0,0,,0,,,0,,,0,0,2,0,0,0.0,0,2,0,0.0%,2023,Home
1,2.0,2023-09-17,2.0,2.0,28.033,KAN,JAX,W 17-9,0,2,2,100.0%,16,8.0,8.0,0,100.0,2.5,5,11,0,0,0,0.0,0,4,0,0.0%,2023,Away
2,3.0,2023-09-24,3.0,3.0,28.04,KAN,CHI,W 41-10,0,1,1,100.0%,14,14.0,14.0,0,118.7,9.0,9,5,3,0,0,0.5,1,8,0,0.0%,2023,Home
3,4.0,2023-10-01,4.0,4.0,28.047,KAN,NYJ,W 23-20,0,5,4,80.0%,46,11.5,9.2,0,105.0,5.4,31,15,3,0,1,0.0,1,8,2,20.0%,2023,Away
4,5.0,2023-10-08,5.0,5.0,28.054,KAN,MIN,W 27-20,0,6,5,83.3%,53,10.6,8.8,0,103.5,6.3,21,32,14,0,0,0.0,0,9,0,0.0%,2023,Away
5,6.0,2023-10-12,6.0,6.0,28.058,KAN,DEN,W 19-8,0,1,1,100.0%,2,2.0,2.0,0,79.2,-3.0,-3,5,3,0,0,1.0,1,3,0,0.0%,2023,Home
6,7.0,2023-10-22,7.0,7.0,28.068,KAN,LAC,W 31-17,0,2,1,50.0%,10,10.0,5.0,0,64.6,7.5,-5,15,2,0,0,1.0,1,2,0,0.0%,2023,Home
7,8.0,2023-10-29,8.0,8.0,28.075,KAN,DEN,L 9-24,0,3,3,100.0%,5,1.7,1.7,0,79.2,-3.3,-10,15,4,0,0,1.0,1,11,1,8.3%,2023,Away
8,9.0,2023-11-05,9.0,9.0,28.082,KAN,MIA,W 21-14,0,5,4,80.0%,22,5.5,4.4,0,85.0,0.6,3,19,4,0,0,0.0,0,8,2,20.0%,2023,Home
9,10.0,2023-11-20,10.0,11.0,28.097,KAN,PHI,L 17-21,0,2,2,100.0%,6,3.0,3.0,0,79.2,-0.5,-1,7,3,1,0,0.0,1,7,1,12.5%,2023,Home
10,11.0,2023-11-26,11.0,12.0,28.103,KAN,LVR,W 31-17,0,2,1,50.0%,9,9.0,4.5,0,62.5,3.0,9,0,3,0,0,0.0,0,8,0,0.0%,2023,Away
11,12.0,2023-12-03,12.0,13.0,28.11,KAN,GNB,L 19-27,0,0,0,,0,,,0,,,0,0,0,0,0,0.0,0,2,0,0.0%,2023,Away
12,,12 Games,,,,,,8-4-0,0,29,24,82.8%,183,7.6,6.3,0,93.0,3.1,59,124,41,1,1,3.5,6,72,6,7.7%,2023,Home
