,Rk,Date,G#,Week,Age,Tm,Unnamed: 6_level_1,Opp,Result,Int,Tgt,Cmp,Cmp%,Yds,Yds/Cmp,Yds/Tgt,TD,Rat,DADOT,Air,YAC,Bltz,Hrry,QBKD,Sk,Prss,Comb,MTkl,MTkl%
0,1.0,2023-09-07,1.0,1.0,26.204,KAN,,DET,L 20-21,0,6,4,66.7%,43,10.8,7.2,0,87.5,8.8,27,16,2,0,0,0.0,0,6,2,25.0%
1,2.0,2023-09-17,2.0,2.0,26.214,KAN,@,JAX,W 17-9,0,4,3,75.0%,19,6.3,4.8,0,84.4,1.8,4,15,3,1,0,0.0,1,6,0,0.0%
2,3.0,2023-09-24,3.0,3.0,26.221,KAN,,CHI,W 41-10,0,0,0,,0,,,0,,,0,0,3,0,0,0.0,0,2,0,0.0%
3,4.0,2023-10-01,4.0,4.0,26.228,KAN,@,NYJ,W 23-20,0,3,2,66.7%,12,6.0,4.0,1,113.9,7.3,9,3,2,0,2,0.0,2,2,0,0.0%
4,5.0,2023-10-08,5.0,5.0,26.235,KAN,@,MIN,W 27-20,0,8,4,50.0%,33,8.3,4.1,0,60.9,8.0,23,10,5,0,0,0.0,0,8,0,0.0%
5,6.0,2023-10-12,6.0,6.0,26.239,KAN,,DEN,W 19-8,1,3,1,33.3%,4,4.0,1.3,0,2.8,2.0,-2,6,1,0,0,1.0,1,5,0,0.0%
6,7.0,2023-10-22,7.0,7.0,26.249,KAN,,LAC,W 31-17,0,5,2,40.0%,17,8.5,3.4,0,49.6,15.6,9,8,0,0,0,0.0,0,4,2,33.3%
7,8.0,2023-10-29,8.0,8.0,26.256,KAN,@,DEN,L 9-24,0,3,2,66.7%,45,22.5,15.0,1,149.3,27.3,43,2,2,0,0,0.0,0,6,1,14.3%
8,9.0,2023-11-05,9.0,9.0,26.263,KAN,,MIA,W 21-14,0,3,2,66.7%,11,5.5,3.7,0,72.9,7.0,9,2,4,0,0,0.0,0,3,0,0.0%
9,10.0,2023-11-20,10.0,11.0,26.278,KAN,,PHI,L 17-21,0,2,1,50.0%,11,11.0,5.5,0,66.7,5.5,11,0,1,1,0,0.0,1,7,0,0.0%
10,11.0,2023-11-26,11.0,12.0,26.284,KAN,@,LVR,W 31-17,0,2,2,100.0%,18,9.0,9.0,0,104.2,0.0,0,18,0,0,0,0.0,0,9,1,10.0%
11,12.0,2023-12-03,12.0,13.0,26.291,KAN,@,GNB,L 19-27,0,9,6,66.7%,66,11.0,7.3,1,125.2,5.7,54,12,3,0,0,0.0,0,10,0,0.0%
12,13.0,2023-12-10,13.0,14.0,26.298,KAN,,BUF,L 17-20,0,3,2,66.7%,21,10.5,7.0,0,86.8,1.3,7,14,3,0,0,0.0,0,6,0,0.0%
13,,13 Games,,,,,,,8-5-0,1,51,31,60.8%,300,9.7,5.9,3,88.7,7.8,194,106,29,2,2,1.0,5,74,6,7.5%
