,Rk,Date,G#,Week,Age,Tm,Unnamed: 6_level_1,Opp,Result,Int,Tgt,Cmp,Cmp%,Yds,Yds/Cmp,Yds/Tgt,TD,Rat,DADOT,Air,YAC,Bltz,Hrry,QBKD,Sk,Prss,Comb,MTkl,MTkl%,Year
0,1.0,2023-09-07,1.0,1.0,27.112,KAN,,DET,L 20-21,0,0,0,,0,,,0,,,0,0,1,0,0,0.0,0,2,1,33.3%,2023
1,2.0,2023-09-17,2.0,2.0,27.122,KAN,@,JAX,W 17-9,0,2,2,100.0%,10,5.0,5.0,0,87.5,2.0,4,6,0,0,0,0.0,0,3,0,0.0%,2023
2,3.0,2023-09-24,3.0,3.0,27.129,KAN,,CHI,W 41-10,1,1,0,0.0%,0,,0.0,0,0.0,17.0,0,0,0,0,0,0.0,0,1,0,0.0%,2023
3,4.0,2023-10-01,4.0,4.0,27.136,KAN,@,NYJ,W 23-20,0,4,2,50.0%,12,6.0,3.0,0,56.2,10.3,5,7,2,0,0,1.0,1,4,0,0.0%,2023
4,5.0,2023-10-08,5.0,5.0,27.143,KAN,@,MIN,W 27-20,0,1,0,0.0%,0,,0.0,0,39.6,11.0,0,0,0,0,0,0.0,0,1,0,0.0%,2023
5,6.0,2023-10-12,6.0,6.0,27.147,KAN,,DEN,W 19-8,0,2,0,0.0%,0,,0.0,0,39.6,10.5,0,0,0,0,0,0.0,0,1,0,0.0%,2023
6,7.0,2023-10-22,7.0,7.0,27.157,KAN,,LAC,W 31-17,0,1,0,0.0%,0,,0.0,0,39.6,9.0,0,0,0,0,0,0.0,0,0,0,,2023
7,8.0,2023-10-29,8.0,8.0,27.164,KAN,@,DEN,L 9-24,0,1,1,100.0%,0,0.0,0.0,0,79.2,-3.0,-3,3,0,0,0,0.0,0,4,1,20.0%,2023
8,9.0,2023-11-05,9.0,9.0,27.171,KAN,,MIA,W 21-14,0,1,0,0.0%,0,,0.0,0,39.6,16.0,0,0,0,0,0,0.0,0,1,1,50.0%,2023
9,10.0,2023-11-20,10.0,11.0,27.186,KAN,,PHI,L 17-21,0,2,2,100.0%,50,25.0,25.0,0,118.7,23.5,47,3,0,0,0,0.0,0,3,0,0.0%,2023
10,11.0,2023-11-26,11.0,12.0,27.192,KAN,@,LVR,W 31-17,0,1,1,100.0%,10,10.0,10.0,0,108.3,6.0,6,4,0,0,0,0.0,0,2,0,0.0%,2023
11,12.0,2023-12-03,12.0,13.0,27.199,KAN,@,GNB,L 19-27,0,3,3,100.0%,52,17.3,17.3,0,118.7,9.3,28,24,1,0,0,0.0,0,6,0,0.0%,2023
12,13.0,2023-12-10,13.0,14.0,27.206,KAN,,BUF,L 17-20,0,4,3,75.0%,49,16.3,12.3,1,155.2,10.5,27,22,0,0,0,0.0,0,11,0,0.0%,2023
13,14.0,2023-12-17,14.0,15.0,27.213,KAN,@,NWE,W 27-17,0,3,1,33.3%,16,16.0,5.3,1,91.7,15.3,16,0,0,0,0,0.0,0,6,1,14.3%,2023
14,15.0,2023-12-25,15.0,16.0,27.221,KAN,,LVR,L 14-20,0,1,0,0.0%,0,,0.0,0,39.6,21.0,0,0,2,0,0,0.0,0,4,1,20.0%,2023
15,16.0,2023-12-31,16.0,17.0,27.227,KAN,,CIN,W 25-17,0,3,0,0.0%,0,,0.0,0,39.6,5.7,0,0,0,0,0,0.0,0,2,0,0.0%,2023
16,17.0,2024-01-07,17.0,18.0,27.234,KAN,@,LAC,W 13-12,0,1,0,0.0%,0,,0.0,0,39.6,45.0,0,0,0,0,0,0.0,0,0,0,,2023
17,,17 Games,,,,,,,11-6-0,1,31,15,48.4%,199,13.3,6.4,2,77.2,11.9,130,69,6,0,0,1.0,1,51,5,8.9%,2023
