,Rk,Date,G#,Week,Age,Tm,Unnamed: 6_level_1,Opp,Result,Tgt,Rec,Yds,TD,1D,YBC,YBC/R,YAC,YAC/R,ADOT,BrkTkl,Rec/Br,Drop,Drop%,Int,Rat,Att,Yds,TD,1D,YBC,YBC/Att,YAC,YAC/Att,BrkTkl,Att/Br
0,1.0,2023-09-07,1.0,1.0,24.13,KAN,,DET,L 20-21,5.0,3.0,31.0,0.0,1.0,9.0,3.0,22.0,7.3,7.2,2.0,1.5,0.0,0.0,0.0,77.9,0.0,0.0,0.0,0.0,0.0,,0.0,,0.0,
1,2.0,2023-09-17,2.0,2.0,24.14,KAN,@,JAX,W 17-9,3.0,3.0,38.0,0.0,2.0,11.0,3.7,27.0,9.0,3.7,1.0,3.0,0.0,0.0,0.0,118.7,0.0,0.0,0.0,0.0,0.0,,0.0,,0.0,
2,3.0,2023-09-24,3.0,3.0,24.147,KAN,,CHI,W 41-10,2.0,1.0,9.0,0.0,,9.0,9.0,0.0,0.0,7.5,0.0,,0.0,0.0,0.0,62.5,0.0,0.0,0.0,,0.0,,0.0,,0.0,
3,4.0,2023-10-01,4.0,4.0,24.154,KAN,@,NYJ,W 23-20,3.0,1.0,34.0,1.0,1.0,16.0,16.0,18.0,18.0,18.0,0.0,,0.0,0.0,1.0,77.1,0.0,0.0,0.0,0.0,0.0,,0.0,,0.0,
4,5.0,2023-10-08,5.0,5.0,24.161,KAN,@,MIN,W 27-20,2.0,2.0,21.0,0.0,1.0,14.0,7.0,7.0,3.5,7.0,0.0,,0.0,0.0,0.0,110.4,0.0,0.0,0.0,0.0,0.0,,0.0,,0.0,
5,6.0,2023-10-12,6.0,6.0,24.165,KAN,,DEN,W 19-8,2.0,2.0,14.0,0.0,,10.0,5.0,4.0,2.0,1.5,0.0,,0.0,0.0,0.0,95.8,1.0,1.0,0.0,,1.0,1.0,0.0,0.0,0.0,
6,7.0,2023-10-22,7.0,7.0,24.175,KAN,,LAC,W 31-17,1.0,1.0,8.0,0.0,,7.0,7.0,1.0,1.0,7.0,0.0,,0.0,0.0,0.0,100.0,0.0,0.0,0.0,,0.0,,0.0,,0.0,
7,8.0,2023-10-29,8.0,8.0,24.182,KAN,@,DEN,L 9-24,3.0,2.0,25.0,0.0,1.0,23.0,11.5,2.0,1.0,8.3,0.0,,0.0,0.0,0.0,92.4,0.0,0.0,0.0,0.0,0.0,,0.0,,0.0,
8,9.0,2023-11-05,9.0,9.0,24.189,KAN,,MIA,W 21-14,3.0,3.0,34.0,0.0,2.0,24.0,8.0,10.0,3.3,8.0,0.0,,0.0,0.0,0.0,113.9,0.0,0.0,0.0,0.0,0.0,,0.0,,0.0,
9,10.0,2023-11-20,10.0,11.0,24.204,KAN,,PHI,L 17-21,1.0,0.0,0.0,0.0,,0.0,,0.0,,12.0,0.0,,0.0,0.0,0.0,39.6,0.0,0.0,0.0,,0.0,,0.0,,0.0,
10,11.0,2023-11-26,11.0,12.0,24.21,KAN,@,LVR,W 31-17,3.0,3.0,30.0,0.0,2.0,13.0,4.3,17.0,5.7,4.3,0.0,,0.0,0.0,0.0,108.3,0.0,0.0,0.0,0.0,0.0,,0.0,,0.0,
11,12.0,2023-12-03,12.0,13.0,24.217,KAN,@,GNB,L 19-27,1.0,1.0,2.0,1.0,1.0,2.0,2.0,0.0,0.0,2.0,0.0,,0.0,0.0,0.0,118.7,0.0,0.0,0.0,0.0,0.0,,0.0,,0.0,
12,13.0,2023-12-10,13.0,14.0,24.224,KAN,,BUF,L 17-20,,,,,,,,,,,,,,0.0,,,,,,,,,,,,
13,,13 Games,,,,,,,8-5-0,29.0,22.0,246.0,2.0,11.0,138.0,6.3,108.0,4.9,7.4,3.0,7.3,0.0,0.0,1.0,109.3,1.0,1.0,0.0,0.0,1.0,1.0,0.0,0.0,0.0,
