,Rk,Date,G#,Week,Age,Tm,Home/Away,Opp,Result,Int,Tgt,Cmp,Cmp%,Yds,Yds/Cmp,Yds/Tgt,TD,Rat,DADOT,Air,YAC,Bltz,Hrry,QBKD,Sk,Prss,Comb,MTkl,MTkl%,Year
0,1.0,2023-09-07,1.0,1.0,22.359,KAN,DET,L 20-21,0,7,5,71.4%,60,12.0,8.6,0,97.3,9.3,43,17,3,0,0,0.0,0,8,2,20.0%,2023,Home
1,2.0,2023-09-17,2.0,2.0,23.004,KAN,JAX,W 17-9,0,8,4,50.0%,32,8.0,4.0,0,60.4,5.4,9,23,8,1,1,0.0,2,3,1,25.0%,2023,Away
2,3.0,2023-09-24,3.0,3.0,23.011,KAN,CHI,W 41-10,0,2,1,50.0%,5,5.0,2.5,0,56.2,12.5,-1,6,1,0,0,0.0,0,5,0,0.0%,2023,Home
3,4.0,2023-10-01,4.0,4.0,23.018,KAN,NYJ,W 23-20,0,4,3,75.0%,46,15.3,11.5,0,112.5,11.3,41,5,4,0,0,0.0,0,6,0,0.0%,2023,Away
4,5.0,2023-10-08,5.0,5.0,23.025,KAN,MIN,W 27-20,0,6,4,66.7%,41,10.3,6.8,0,86.1,10.8,30,11,4,0,3,0.0,3,6,0,0.0%,2023,Away
5,6.0,2023-10-12,6.0,6.0,23.029,KAN,DEN,W 19-8,0,3,2,66.7%,12,6.0,4.0,0,74.3,0.3,7,5,3,0,0,0.0,0,2,0,0.0%,2023,Home
6,7.0,2023-10-22,7.0,7.0,23.039,KAN,LAC,W 31-17,0,8,4,50.0%,51,12.8,6.4,0,70.3,7.9,38,13,2,0,0,0.0,0,5,0,0.0%,2023,Home
7,8.0,2023-10-29,8.0,8.0,23.046,KAN,DEN,L 9-24,0,3,2,66.7%,24,12.0,8.0,0,91.0,6.0,-8,32,4,0,1,0.0,1,5,0,0.0%,2023,Away
8,9.0,2023-11-05,9.0,9.0,23.053,KAN,MIA,W 21-14,0,10,8,80.0%,83,10.4,8.3,1,134.6,7.8,64,19,4,0,0,0.0,0,11,0,0.0%,2023,Home
9,10.0,2023-11-20,10.0,11.0,23.068,KAN,PHI,L 17-21,0,2,1,50.0%,5,5.0,2.5,0,56.2,-1.5,2,3,8,2,0,2.0,4,4,0,0.0%,2023,Home
10,11.0,2023-11-26,11.0,12.0,23.074,KAN,LVR,W 31-17,0,6,5,83.3%,77,15.4,12.8,0,118.7,8.2,42,35,3,0,1,0.0,1,2,0,0.0%,2023,Away
11,12.0,2023-12-03,12.0,13.0,23.081,KAN,GNB,L 19-27,0,4,3,75.0%,14,4.7,3.5,1,118.7,7.0,12,2,1,0,0,0.0,0,5,0,0.0%,2023,Away
12,13.0,2023-12-10,13.0,14.0,23.088,KAN,BUF,L 17-20,0,7,5,71.4%,44,8.8,6.3,0,87.8,4.1,12,32,4,1,0,1.0,2,6,0,0.0%,2023,Home
13,,13 Games,,,,,,8-5-0,0,70,47,67.1%,494,10.5,7.1,2,97.0,7.2,291,203,49,4,6,3.0,13,68,3,4.2%,2023,Home
