,Rk,Date,G#,Week,Age,Tm,Unnamed: 6_level_1,Opp,Result,Tgt,Rec,Yds,TD,1D,YBC,YBC/R,YAC,YAC/R,ADOT,BrkTkl,Rec/Br,Drop,Drop%,Int,Rat,Year
0,1.0,2019-09-08,1.0,1.0,27.3,MIA,,BAL,L 10-59,2,1,22,0,1.0,22,22.0,0,0.0,24.0,0,,0,0.0,0,89.6,2019
1,2.0,2019-09-15,2.0,2.0,27.307,MIA,,NWE,L 0-43,2,1,13,0,,11,11.0,2,2.0,23.0,0,,0,0.0,0,70.8,2019
2,3.0,2019-09-22,3.0,3.0,27.314,MIA,@,DAL,L 6-31,2,1,6,0,,5,5.0,1,1.0,14.5,0,,0,0.0,0,56.2,2019
3,4.0,2019-10-13,5.0,6.0,27.335,MIA,,WAS,L 16-17,2,2,16,0,1.0,10,5.0,6,3.0,5.0,0,,0,0.0,0,100.0,2019
4,5.0,2019-10-20,6.0,7.0,27.342,MIA,@,BUF,L 21-31,3,3,53,0,2.0,43,14.3,10,3.3,14.3,0,,0,0.0,0,118.7,2019
5,6.0,2019-10-28,7.0,8.0,27.35,MIA,@,PIT,L 14-27,1,1,12,1,1.0,6,6.0,6,6.0,6.0,1,1.0,0,0.0,0,156.2,2019
6,7.0,2019-11-03,8.0,9.0,27.356,MIA,,NYJ,W 26-18,3,2,16,0,1.0,1,0.5,15,7.5,0.0,0,,1,33.3,0,79.9,2019
7,8.0,2019-11-10,9.0,10.0,27.363,MIA,@,IND,W 16-12,4,2,32,0,2.0,23,11.5,9,4.5,9.8,0,,0,0.0,0,77.1,2019
8,9.0,2019-11-17,10.0,11.0,28.005,MIA,,BUF,L 20-37,6,4,53,0,1.0,48,12.0,5,1.3,13.8,0,,1,16.7,0,94.4,2019
9,10.0,2019-11-24,11.0,12.0,28.012,MIA,@,CLE,L 24-41,7,4,42,1,2.0,26,6.5,16,4.0,6.1,0,,0,0.0,0,114.3,2019
10,11.0,2019-12-01,12.0,13.0,28.019,MIA,,PHI,W 37-31,4,3,33,0,2.0,25,8.3,8,2.7,6.5,0,,0,0.0,0,99.0,2019
11,12.0,2019-12-08,13.0,14.0,28.026,MIA,@,NYJ,L 21-22,8,5,68,0,3.0,40,8.0,28,5.6,9.3,0,,0,0.0,1,50.0,2019
12,13.0,2019-12-15,14.0,15.0,28.033,MIA,@,NYG,L 20-36,1,1,9,0,,9,9.0,0,0.0,9.0,0,,0,0.0,0,104.2,2019
13,14.0,2019-12-22,15.0,16.0,28.04,MIA,,CIN,W 38-35,2,2,41,0,2.0,31,15.5,10,5.0,15.5,0,,0,0.0,0,118.7,2019
14,,14 Games,,,,,,,4-10-0,47,32,416,2,18.0,300,9.4,116,3.6,10.4,1,32.0,2,4.3,1,101.0,2019
