,Rk,Date,G#,Week,Age,Tm,Unnamed: 6_level_1,Opp,Result,Int,Tgt,Cmp,Cmp%,Yds,Yds/Cmp,Yds/Tgt,TD,Rat,DADOT,Air,YAC,Bltz,Hrry,QBKD,Sk,Prss,Comb,MTkl,MTkl%,Year
0,1.0,2019-09-08,1.0,1.0,26.198,MIA,,BAL,L 10-59,0,1,1,100.0%,7,7.0,7.0,0,95.8,4.0,4,3,5,0,0,0.5,1,5.0,2,28.6%,2019
1,2.0,2019-09-15,2.0,2.0,26.205,MIA,,NWE,L 0-43,0,0,0,,0,,,0,,,0,0,4,0,0,0.0,0,4.0,0,0.0%,2019
2,3.0,2019-09-22,3.0,3.0,26.212,MIA,@,DAL,L 6-31,0,2,2,100.0%,22,11.0,11.0,0,112.5,6.5,13,9,4,0,0,0.0,0,9.0,1,10.0%,2019
3,4.0,2019-09-29,4.0,4.0,26.219,MIA,,LAC,L 10-30,0,2,2,100.0%,33,16.5,16.5,0,118.7,6.0,12,21,4,0,0,0.0,0,1.0,3,75.0%,2019
4,5.0,2019-10-13,5.0,6.0,26.233,MIA,,WAS,L 16-17,0,0,0,,0,,,0,,,0,0,2,1,1,0.0,2,2.0,0,0.0%,2019
5,6.0,2019-10-20,6.0,7.0,26.24,MIA,@,BUF,L 21-31,0,0,0,,0,,,0,,,0,0,1,0,0,0.0,0,2.0,0,0.0%,2019
6,7.0,2019-10-28,7.0,8.0,26.248,MIA,@,PIT,L 14-27,0,1,0,0.0%,0,,0.0,0,39.6,-1.0,0,0,10,0,0,1.0,1,4.0,0,0.0%,2019
7,8.0,2019-11-03,8.0,9.0,26.254,MIA,,NYJ,W 26-18,0,0,0,,0,,,0,,,0,0,4,0,0,0.0,0,1.0,0,0.0%,2019
8,9.0,2019-11-10,9.0,10.0,26.261,MIA,@,IND,W 16-12,0,0,0,,0,,,0,,,0,0,9,0,1,0.0,1,3.0,1,25.0%,2019
9,10.0,2019-11-17,10.0,11.0,26.268,MIA,,BUF,L 20-37,0,0,0,,0,,,0,,,0,0,3,0,1,0.0,1,3.0,0,0.0%,2019
10,11.0,2019-11-24,11.0,12.0,26.275,MIA,@,CLE,L 24-41,0,0,0,,0,,,0,,,0,0,0,0,0,,0,,0,,2019
11,12.0,2019-12-01,12.0,13.0,26.282,MIA,,PHI,W 37-31,0,2,2,100.0%,-1,-0.5,-0.5,0,79.2,-1.0,-2,1,4,0,0,1.0,1,4.0,0,0.0%,2019
12,13.0,2019-12-08,13.0,14.0,26.289,MIA,@,NYJ,L 21-22,0,1,0,0.0%,0,,0.0,0,39.6,2.0,0,0,12,0,1,0.0,1,2.0,0,0.0%,2019
13,14.0,2019-12-15,14.0,15.0,26.296,MIA,@,NYG,L 20-36,0,1,0,0.0%,0,,0.0,0,39.6,13.0,0,0,0,0,0,1.0,1,2.0,0,0.0%,2019
14,15.0,2019-12-22,15.0,16.0,26.303,MIA,,CIN,W 38-35,0,0,0,,0,,,0,,,0,0,0,0,0,,0,,0,,2019
15,16.0,2019-12-29,16.0,17.0,26.31,MIA,@,NWE,W 27-24,0,0,0,,0,,,0,,,0,0,1,0,0,0.0,0,0.0,0,,2019
16,,16 Games,,,,,,,5-11-0,0,10,7,70.0%,61,8.7,6.1,0,85.8,4.1,27,34,63,1,4,3.5,9,42.0,7,14.3%,2019
