,Rk,Date,G#,Week,Age,Tm,Unnamed: 6_level_1,Opp,Result,Int,Tgt,Cmp,Cmp%,Yds,Yds/Cmp,Yds/Tgt,TD,Rat,DADOT,Air,YAC,Bltz,Hrry,QBKD,Sk,Prss,Comb,MTkl,MTkl%
0,1.0,2019-09-08,1.0,1.0,23.268,MIA,,BAL,L 10-59,0,0,0,,0,,,0,,,0,0,0,0,0,,0,,0,
1,2.0,2019-09-15,2.0,2.0,23.275,MIA,,NWE,L 0-43,0,1,1,100.0%,10,10.0,10.0,1,147.9,-2.0,-2,12,0,0,0,0.0,0,1.0,0,0.0%
2,3.0,2019-09-22,3.0,3.0,23.282,MIA,@,DAL,L 6-31,0,1,0,0.0%,0,,0.0,0,39.6,10.0,0,0,0,0,0,0.0,0,3.0,1,25.0%
3,4.0,2019-09-29,4.0,4.0,23.289,MIA,,LAC,L 10-30,0,0,0,,0,,,0,,,0,0,0,0,0,0.0,0,3.0,0,0.0%
4,5.0,2019-10-13,5.0,6.0,23.303,MIA,,WAS,L 16-17,0,0,0,,0,,,0,,,0,0,0,0,0,0.0,0,1.0,0,0.0%
5,6.0,2019-10-28,7.0,8.0,23.318,MIA,@,PIT,L 14-27,0,0,0,,0,,,0,,,0,0,0,0,0,,0,,0,
6,7.0,2019-11-03,8.0,9.0,23.324,MIA,,NYJ,W 26-18,0,0,0,,0,,,0,,,0,0,0,0,0,0.0,0,1.0,0,0.0%
7,8.0,2019-11-10,9.0,10.0,23.331,MIA,@,IND,W 16-12,1,4,2,50.0%,31,15.5,7.8,0,36.5,7.0,12,19,1,0,0,0.0,0,2.0,1,33.3%
8,9.0,2019-11-17,10.0,11.0,23.338,MIA,,BUF,L 20-37,0,0,0,,0,,,0,,,0,0,2,0,0,0.0,0,1.0,0,0.0%
9,10.0,2019-11-24,11.0,12.0,23.345,MIA,@,CLE,L 24-41,0,4,3,75.0%,29,9.7,7.3,1,134.4,12.3,29,0,0,0,0,0.0,0,7.0,0,0.0%
10,11.0,2019-12-08,13.0,14.0,23.359,MIA,@,NYJ,L 21-22,1,3,1,33.3%,37,37.0,12.3,0,41.7,7.0,7,30,0,0,0,0.0,0,1.0,1,50.0%
11,12.0,2019-12-15,14.0,15.0,24.001,MIA,@,NYG,L 20-36,0,0,0,,0,,,0,,,0,0,0,0,0,,0,,0,
12,13.0,2019-12-22,15.0,16.0,24.008,MIA,,CIN,W 38-35,0,0,0,,0,,,0,,,0,0,0,0,0,,0,,0,
13,14.0,2019-12-29,16.0,17.0,24.015,MIA,@,NWE,W 27-24,0,0,0,,0,,,0,,,0,0,0,0,0,,0,,0,
14,,14 Games,,,,,,,4-10-0,2,13,7,53.8%,107,15.3,8.2,2,81.2,8.2,46,61,3,0,0,0.0,0,20.0,3,13.0%
