,Rk,Date,G#,Week,Age,Tm,Unnamed: 6_level_1,Opp,Result,Int,Tgt,Cmp,Cmp%,Yds,Yds/Cmp,Yds/Tgt,TD,Rat,DADOT,Air,YAC,Bltz,Hrry,QBKD,Sk,Prss,Comb,MTkl,MTkl%
0,1.0,2020-09-10,1.0,1.0,24.117,KAN,,HOU,W 34-20,0,2,2,100.0%,26,13.0,13.0,0,118.7,6.5,13,13,0,0,0,0.0,0,1,0,0.0%
1,2.0,2020-09-28,3.0,3.0,24.135,KAN,@,BAL,W 34-20,0,3,2,66.7%,25,12.5,8.3,0,92.4,14.7,18,7,0,0,0,0.0,0,1,0,0.0%
2,3.0,2020-10-05,4.0,4.0,24.142,KAN,,NWE,W 26-10,0,4,2,50.0%,14,7.0,3.5,0,58.3,4.3,8,6,2,0,0,0.0,0,4,0,0.0%
3,4.0,2020-10-11,5.0,5.0,24.148,KAN,,LVR,L 32-40,0,4,3,75.0%,85,28.3,21.3,2,156.2,12.3,45,40,0,0,0,0.0,0,4,0,0.0%
4,5.0,2020-10-19,6.0,6.0,24.156,KAN,@,BUF,W 26-17,0,5,3,60.0%,18,6.0,3.6,1,106.7,5.2,11,7,0,0,0,0.0,0,4,0,0.0%
5,6.0,2020-10-25,7.0,7.0,24.162,KAN,@,DEN,W 43-16,0,6,5,83.3%,50,10.0,8.3,0,101.4,8.3,3,47,1,0,0,1.0,1,9,1,10.0%
6,7.0,2020-11-01,8.0,8.0,24.169,KAN,,NYJ,W 35-9,0,5,2,40.0%,42,21.0,8.4,0,70.4,13.0,32,10,0,0,0,0.0,0,2,1,33.3%
7,8.0,2020-11-08,9.0,9.0,24.176,KAN,,CAR,W 33-31,0,3,2,66.7%,14,7.0,4.7,0,77.1,4.0,9,5,4,2,0,0.0,2,5,0,0.0%
8,9.0,2020-11-22,10.0,11.0,24.19,KAN,@,LVR,W 35-31,0,4,2,50.0%,6,3.0,1.5,0,56.2,10.3,1,5,1,0,0,0.0,0,4,0,0.0%
9,10.0,2020-11-29,11.0,12.0,24.197,KAN,@,TAM,W 27-24,0,7,4,57.1%,52,13.0,7.4,1,120.2,12.1,41,11,1,0,1,0.0,1,4,0,0.0%
10,11.0,2020-12-06,12.0,13.0,24.204,KAN,,DEN,W 22-16,0,2,1,50.0%,21,21.0,10.5,0,87.5,19.5,20,1,2,0,0,0.0,0,4,0,0.0%
11,12.0,2020-12-13,13.0,14.0,24.211,KAN,@,MIA,W 33-27,0,3,0,0.0%,0,,0.0,0,39.6,7.0,0,0,1,0,0,0.0,0,1,0,0.0%
12,13.0,2020-12-20,14.0,15.0,24.218,KAN,@,NOR,W 32-29,0,5,3,60.0%,38,12.7,7.6,0,83.7,9.4,22,16,1,0,1,0.0,1,4,0,0.0%
13,14.0,2020-12-27,15.0,16.0,24.225,KAN,,ATL,W 17-14,0,3,1,33.3%,7,7.0,2.3,0,42.4,9.7,5,2,0,0,0,0.0,0,4,0,0.0%
14,,14 Games,,,,,,,13-1-0,0,56,32,57.1%,398,12.4,7.1,4,103.1,9.6,228,170,13,2,2,1.0,5,51,2,3.8%
