,Rk,Date,G#,Week,Age,Tm,Unnamed: 6_level_1,Opp,Result,Int,Tgt,Cmp,Cmp%,Yds,Yds/Cmp,Yds/Tgt,TD,Rat,DADOT,Air,YAC,Bltz,Hrry,QBKD,Sk,Prss,Comb,MTkl,MTkl%,Year
0,1.0,2020-09-10,1.0,1.0,28.12,KAN,,HOU,W 34-20,0,6,3,50.0%,25,8.3,4.2,0,61.1,7.7,4,21,4,0,1,0.0,1,8,0,0.0%,2020
1,2.0,2020-09-20,2.0,2.0,28.13,KAN,@,LAC,W 23-20,0,4,2,50.0%,21,10.5,5.3,0,65.6,8.8,-7,28,5,0,0,0.0,0,5,3,37.5%,2020
2,3.0,2020-09-28,3.0,3.0,28.138,KAN,@,BAL,W 34-20,0,3,1,33.3%,0,0.0,0.0,0,42.4,3.7,0,0,2,0,0,0.0,0,5,0,0.0%,2020
3,4.0,2020-10-05,4.0,4.0,28.145,KAN,,NWE,W 26-10,1,4,2,50.0%,40,20.0,10.0,0,45.8,9.5,30,10,2,0,0,0.0,0,4,1,20.0%,2020
4,5.0,2020-10-11,5.0,5.0,28.151,KAN,,LVR,L 32-40,0,2,1,50.0%,59,59.0,29.5,1,135.4,29.0,36,23,2,0,0,0.0,0,1,0,0.0%,2020
5,6.0,2020-10-19,6.0,6.0,28.159,KAN,@,BUF,W 26-17,0,5,3,60.0%,41,13.7,8.2,0,86.2,13.4,27,14,4,2,0,0.0,2,3,0,0.0%,2020
6,7.0,2020-10-25,7.0,7.0,28.165,KAN,@,DEN,W 43-16,1,5,3,60.0%,23,7.7,4.6,0,31.7,8.2,14,9,0,0,0,0.0,0,5,2,28.6%,2020
7,8.0,2020-11-01,8.0,8.0,28.172,KAN,,NYJ,W 35-9,0,10,7,70.0%,41,5.9,4.1,0,77.5,6.3,23,18,2,0,0,0.0,0,5,0,0.0%,2020
8,9.0,2020-11-08,9.0,9.0,28.179,KAN,,CAR,W 33-31,0,8,7,87.5%,85,12.1,10.6,1,150.5,10.6,54,31,4,0,0,0.0,0,6,0,0.0%,2020
9,10.0,2020-11-22,10.0,11.0,28.193,KAN,@,LVR,W 35-31,0,3,3,100.0%,39,13.0,13.0,0,118.7,3.0,9,30,0,0,0,0.0,0,4,1,20.0%,2020
10,11.0,2020-11-29,11.0,12.0,28.2,KAN,@,TAM,W 27-24,1,5,3,60.0%,31,10.3,6.2,0,38.3,7.8,20,11,3,0,0,0.0,0,5,0,0.0%,2020
11,12.0,2020-12-06,12.0,13.0,28.207,KAN,,DEN,W 22-16,2,2,1,50.0%,5,5.0,2.5,0,16.7,9.5,-5,10,0,0,0,0.0,0,6,0,0.0%,2020
12,13.0,2020-12-13,13.0,14.0,28.214,KAN,@,MIA,W 33-27,1,7,3,42.9%,36,12.0,5.1,0,19.6,8.9,12,24,0,0,0,0.0,0,2,1,33.3%,2020
13,14.0,2020-12-20,14.0,15.0,28.221,KAN,@,NOR,W 32-29,0,2,2,100.0%,72,36.0,36.0,0,118.7,17.0,34,38,1,0,0,0.0,0,2,0,0.0%,2020
14,15.0,2020-12-27,15.0,16.0,28.228,KAN,,ATL,W 17-14,0,1,1,100.0%,17,17.0,17.0,0,118.7,19.0,19,-2,3,0,0,0.0,0,1,0,0.0%,2020
15,,15 Games,,,,,,,14-1-0,6,67,42,62.7%,535,12.7,8.0,2,60.2,9.3,270,265,32,2,1,0.0,3,62,8,11.4%,2020
