,Rk,Date,G#,Week,Age,Tm,Unnamed: 6_level_1,Opp,Result,Int,Tgt,Cmp,Cmp%,Yds,Yds/Cmp,Yds/Tgt,TD,Rat,DADOT,Air,YAC,Bltz,Hrry,QBKD,Sk,Prss,Comb,MTkl,MTkl%,Year
0,1.0,2018-09-09,1.0,1.0,24.029,GNB,,CHI,W 24-23,0,6,5,83.3%,35,7.0,5.8,0,91.0,5.7,30,5,0,0,0,1.0,1,9,2,18.2%,2018
1,2.0,2018-09-16,2.0,2.0,24.036,GNB,,MIN,T 29-29,0,6,5,83.3%,67,13.4,11.2,1,152.8,5.5,37,30,0,0,0,0.0,0,6,1,14.3%,2018
2,3.0,2018-09-23,3.0,3.0,24.043,GNB,@,WAS,L 17-31,0,2,2,100.0%,64,32.0,32.0,1,158.3,25.0,50,14,0,0,0,0.0,0,4,4,50.0%,2018
3,4.0,2018-09-30,4.0,4.0,24.05,GNB,,BUF,W 22-0,0,2,1,50.0%,13,13.0,6.5,0,70.8,3.0,6,7,2,0,0,0.0,0,2,0,0.0%,2018
4,5.0,2018-10-07,5.0,5.0,24.057,GNB,@,DET,L 23-31,0,2,1,50.0%,18,18.0,9.0,0,81.2,9.0,16,2,0,0,0,0.0,0,3,1,25.0%,2018
5,6.0,2018-10-15,6.0,6.0,24.065,GNB,,SFO,W 33-30,0,3,2,66.7%,70,35.0,23.3,1,149.3,15.3,42,28,0,0,0,0.0,0,4,0,0.0%,2018
6,7.0,2018-10-28,7.0,8.0,24.078,GNB,@,LAR,L 27-29,0,1,0,0.0%,0,,0.0,0,39.6,13.0,0,0,1,0,0,0.0,0,1,1,50.0%,2018
7,8.0,2018-11-04,8.0,9.0,24.085,GNB,@,NWE,L 17-31,0,0,0,,0,,,0,,,0,0,1,0,0,0.0,0,2,0,0.0%,2018
8,9.0,2018-11-11,9.0,10.0,24.092,GNB,,MIA,W 31-12,0,0,0,,0,,,0,,,0,0,0,0,0,0.0,0,2,2,50.0%,2018
9,10.0,2018-11-25,11.0,12.0,24.106,GNB,@,MIN,L 17-24,0,1,1,100.0%,5,5.0,5.0,0,87.5,1.0,1,4,0,0,0,0.0,0,1,2,66.7%,2018
10,11.0,2018-12-09,13.0,14.0,24.12,GNB,,ATL,W 34-20,0,1,1,100.0%,9,9.0,9.0,0,104.2,9.0,9,0,2,0,0,0.0,0,4,1,20.0%,2018
11,12.0,2018-12-16,14.0,15.0,24.127,GNB,@,CHI,L 17-24,0,3,2,66.7%,21,10.5,7.0,1,126.4,7.7,8,13,0,0,0,0.0,0,2,1,33.3%,2018
12,13.0,2018-12-23,15.0,16.0,24.134,GNB,@,NYJ,W 44-38,0,1,1,100.0%,26,26.0,26.0,0,118.7,17.0,17,9,0,0,0,0.0,0,1,0,0.0%,2018
13,14.0,2018-12-30,16.0,17.0,24.141,GNB,,DET,L 0-31,0,4,4,100.0%,50,12.5,12.5,0,118.7,5.0,20,30,2,0,0,0.0,0,9,3,25.0%,2018
14,,14 Games,,,,,,,6-7-1,0,32,25,78.1%,378,15.1,11.8,4,155.5,8.4,236,142,8,0,0,1.0,1,50,18,26.5%,2018
