,Rank,Player,Tackle,Assist,Sack,Pass Defended,Interception,Forced Fumble,Fumble Recovery,Defend Touchdown,Games Played,Fantasy Football Points,FTPS/Game,ROST,Position,Year
0,1,Chuck Clark,4,3,0,3,2,0,0,1,1,28.8,28.8,6.4%,DB,2021
1,2,D.J. Reed,7,1,0,3,2,0,0,0,1,25.8,25.8,10.1%,DB,2021
2,3,A.J. Terrell,6,1,1,1,1,0,0,0,1,22.8,22.8,4.0%,DB,2021
3,4,Marcell Harris,6,4,0,1,1,0,0,0,1,18.5,18.5,0.0%,DB,2021
4,5,Michael Carter,6,2,1,0,0,0,0,0,1,17.0,17.0,0.0%,DB,2021
5,6,Desmond King,5,2,0,2,1,0,0,0,1,17.0,17.0,12.6%,DB,2021
6,7,Grant Delpit,7,4,0,0,0,0,0,0,1,16.0,16.0,21.3%,DB,2021
7,8,Tracy Walker,9,3,0,0,0,0,0,0,1,15.8,15.8,1.8%,DB,2021
8,9,Jevon Holland,7,1,0,1,0,0,0,0,1,15.3,15.3,21.6%,DB,2021
9,10,Chidobe Awuzie,10,0,0,0,0,0,0,0,1,15.0,15.0,2.3%,DB,2021
10,11,Bryce Hall,7,2,0,2,0,0,0,0,1,15.0,15.0,0.8%,DB,2021
11,12,J.C. Jackson,4,0,0,1,1,0,0,0,1,15.0,15.0,1.2%,DB,2021
12,13,C.J. Gardner-Johnson,1,0,1,1,1,0,0,0,1,14.5,14.5,16.7%,DB,2021
13,14,Chris Claybrooks,6,3,0,2,0,0,0,0,1,14.3,14.3,0.0%,DB,2021
14,15,Greg Newsome,7,1,0,2,0,0,0,0,1,14.3,14.3,5.3%,DB,2021
15,16,Duron Harmon,3,2,0,2,1,0,0,0,1,14.0,14.0,0.0%,DB,2021
16,17,Budda Baker,3,0,1,2,0,0,0,0,1,14.0,14.0,36.6%,DB,2021
17,18,Carlton Davis,6,1,0,1,0,0,0,0,1,13.8,13.8,4.3%,DB,2021
18,19,Justin Reid,5,1,0,0,0,0,0,0,1,13.3,13.3,33.4%,DB,2021
19,20,Jordan Fuller,3,3,0,1,1,0,0,0,1,13.3,13.3,10.1%,DB,2021
20,21,Darious Williams,4,2,0,1,0,0,1,0,1,13.0,13.0,10.5%,DB,2021
21,22,Terrance Mitchell,5,2,0,1,0,0,0,0,1,13.0,13.0,0.0%,DB,2021
22,23,Brandin Echols,4,0,0,1,1,0,0,0,1,12.5,12.5,0.2%,DB,2021
23,24,Rodney McLeod,3,2,0,1,1,0,0,0,1,12.5,12.5,0.4%,DB,2021
24,25,Eddie Jackson,5,3,0,0,0,0,0,0,1,12.3,12.3,3.1%,DB,2021
25,26,Kamren Curl,6,4,0,0,0,0,0,0,1,12.0,12.0,30.4%,DB,2021
26,27,Byron Murphy,7,0,0,1,0,0,0,0,1,12.0,12.0,7.1%,DB,2021
27,28,Charvarius Ward,6,2,0,1,0,0,0,0,1,12.0,12.0,30.2%,DB,2021
28,29,Tavon Young,7,2,0,0,0,0,0,0,1,12.0,12.0,1.0%,DB,2021
29,30,Eric Murray,6,2,0,1,0,0,0,0,1,12.0,12.0,0.2%,DB,2021
30,31,Taron Johnson,3,1,1,0,0,0,0,0,1,11.8,11.8,30.9%,DB,2021
31,32,Isaiah Rodgers,3,1,0,1,1,0,0,0,1,11.8,11.8,0.5%,DB,2021
32,33,P.J. Williams,2,1,1,0,0,1,0,0,1,11.8,11.8,0.0%,DB,2021
33,34,Paulson Adebo,5,0,0,1,0,0,0,0,1,11.5,11.5,27.3%,DB,2021
34,35,Kendall Fuller,5,0,0,1,0,0,0,0,1,11.5,11.5,7.0%,DB,2021
35,36,Kyle Fuller,5,2,0,0,0,0,0,0,1,11.5,11.5,0.0%,DB,2021
36,37,Kareem Jackson,7,1,0,0,0,0,0,0,1,11.3,11.3,0.7%,DB,2021
37,38,Xavier Woods,7,1,0,0,0,0,0,0,1,11.3,11.3,11.3%,DB,2021
38,39,Antoine Winfield,7,1,0,0,0,0,0,0,1,11.3,11.3,70.3%,DB,2021
39,40,Roderic Teamer,7,1,0,0,0,0,0,0,1,11.3,11.3,0.0%,DB,2021
40,41,Myles Bryant,3,0,0,1,1,0,0,0,1,11.0,11.0,2.8%,DB,2021
41,42,Jeremy Chinn,3,0,1,0,0,0,0,0,1,11.0,11.0,7.0%,DB,2021
42,43,Taylor Rapp,5,1,0,0,0,0,0,0,1,10.8,10.8,7.7%,DB,2021
43,44,Pat Surtain,4,2,0,2,0,0,0,0,1,10.5,10.5,11.5%,DB,2021
44,45,Tre Norwood,2,1,0,1,1,0,0,0,1,10.3,10.3,0.0%,DB,2021
45,46,Derwin James,4,2,0,0,0,0,0,0,1,10.0,10.0,75.9%,DB,2021
46,47,Harrison Smith,5,3,0,0,0,0,0,0,1,9.8,9.8,18.9%,DB,2021
47,48,Andre Cisco,5,1,0,1,0,0,0,0,1,9.8,9.8,3.8%,DB,2021
48,49,Nasir Adderley,5,3,0,0,0,0,0,0,1,9.8,9.8,0.7%,DB,2021
49,50,Jayron Kearse,5,1,0,1,0,0,0,0,1,9.8,9.8,1.3%,DB,2021
50,51,Jeff Heath,2,0,1,0,0,0,0,0,1,9.5,9.5,1.0%,DB,2021
51,52,Ahkello Witherspoon,0,0,0,3,1,0,0,0,1,9.5,9.5,0.2%,DB,2021
52,53,A.J. Green,0,2,0,2,1,0,0,0,1,9.5,9.5,0.0%,DB,2021
53,54,Malcolm Jenkins,3,3,0,0,0,0,0,0,1,9.3,9.3,15.0%,DB,2021
54,55,Elijah Riley,3,3,0,0,0,0,0,0,1,9.3,9.3,0.2%,DB,2021
55,56,Ambry Thomas,3,1,0,1,0,0,0,0,1,9.3,9.3,1.4%,DB,2021
56,57,Dean Marlowe,4,4,0,0,0,0,0,0,1,9.0,9.0,0.2%,DB,2021
57,58,Xavier McKinney,4,2,0,1,0,0,0,0,1,9.0,9.0,35.6%,DB,2021
58,59,Will Harris,5,2,0,0,0,0,0,0,1,9.0,9.0,0.0%,DB,2021
59,60,Kevin Peterson,5,2,0,0,0,0,0,0,1,9.0,9.0,0.0%,DB,2021
60,61,Shawn Williams,4,4,0,0,0,0,0,0,1,9.0,9.0,10.0%,DB,2021
61,62,Rock Ya-Sin,4,0,0,2,0,0,0,0,1,9.0,9.0,0.5%,DB,2021
62,63,Ryan Neal,4,2,0,1,0,0,0,0,1,9.0,9.0,2.0%,DB,2021
63,64,Anthony Harris,4,2,0,1,0,0,0,0,1,9.0,9.0,0.0%,DB,2021
64,65,Kyle Dugger,1,1,0,1,1,0,0,0,1,8.8,8.8,23.6%,DB,2021
65,66,James Bradberry,0,1,0,2,1,0,0,0,1,8.8,8.8,2.0%,DB,2021
66,67,Ugo Amadi,1,1,0,1,1,0,0,0,1,8.8,8.8,0.2%,DB,2021
67,68,Deon Bush,1,1,0,1,1,0,0,0,1,8.8,8.8,0.0%,DB,2021
68,69,Tashaun Gipson,1,1,0,1,1,0,0,0,1,8.8,8.8,0.4%,DB,2021
69,70,Chandon Sullivan,4,0,0,0,0,0,0,0,1,8.5,8.5,0.0%,DB,2021
70,71,K'Waun Williams,4,0,0,0,0,0,0,0,1,8.5,8.5,0.0%,DB,2021
71,72,Jalen Mills,3,1,0,2,0,0,0,0,1,8.3,8.3,0.5%,DB,2021
72,73,Amani Hooker,3,3,0,1,0,0,0,0,1,8.3,8.3,14.9%,DB,2021
73,74,Kris Boyd,5,1,0,0,0,0,0,0,1,8.3,8.3,0.0%,DB,2021
74,75,M.J. Stewart,2,3,0,2,0,0,0,0,1,8.3,8.3,4.0%,DB,2021
75,76,Jimmy Smith,3,1,0,0,0,0,0,0,1,7.8,7.8,0.0%,DB,2021
76,77,Michael Davis,4,2,0,0,0,0,0,0,1,7.5,7.5,0.9%,DB,2021
77,78,Jourdan Lewis,5,0,0,0,0,0,0,0,1,7.5,7.5,2.0%,DB,2021
78,79,Janoris Jenkins,4,0,0,1,0,0,0,0,1,7.5,7.5,1.0%,DB,2021
79,80,Logan Ryan,3,2,0,1,0,0,0,0,1,7.5,7.5,1.3%,DB,2021
80,81,Kristian Fulton,3,0,0,2,0,0,0,0,1,7.5,7.5,1.8%,DB,2021
81,82,Dane Jackson,3,2,0,1,0,0,0,0,1,7.5,7.5,4.1%,DB,2021
82,83,Levi Wallace,3,2,0,1,0,0,0,0,1,7.5,7.5,2.0%,DB,2021
83,84,Corn Elder,4,0,0,1,0,0,0,0,1,7.5,7.5,0.0%,DB,2021
84,85,Avonte Maddox,4,0,0,1,0,0,0,0,1,7.5,7.5,2.5%,DB,2021
85,86,Tyrann Mathieu,4,2,0,0,0,0,0,0,1,7.5,7.5,10.0%,DB,2021
86,87,Denzel Ward,3,0,0,0,0,0,0,0,1,7.0,7.0,5.2%,DB,2021
87,88,Justin Simmons,2,2,0,0,0,0,0,0,1,7.0,7.0,11.6%,DB,2021
88,89,Minkah Fitzpatrick,3,1,0,1,0,0,0,0,1,6.8,6.8,36.8%,DB,2021
89,90,George Odum,4,1,0,0,0,0,0,0,1,6.8,6.8,0.5%,DB,2021
90,91,Brandon Jones,4,1,0,0,0,0,0,0,1,6.8,6.8,19.8%,DB,2021
91,92,Asante Samuel,2,3,0,1,0,0,0,0,1,6.8,6.8,4.5%,DB,2021
92,93,Vonn Bell,2,3,0,1,0,0,0,0,1,6.8,6.8,5.5%,DB,2021
93,94,Jalen Thompson,3,3,0,0,0,0,0,0,1,6.8,6.8,17.1%,DB,2021
94,95,Mike Hilton,2,3,0,1,0,0,0,0,1,6.8,6.8,11.0%,DB,2021
95,96,Kenny Moore,4,1,0,0,0,0,0,0,1,6.8,6.8,29.0%,DB,2021
96,97,Joe Haden,3,1,0,1,0,0,0,0,1,6.8,6.8,1.0%,DB,2021
97,98,Micah Hyde,3,3,0,0,0,0,0,0,1,6.8,6.8,1.2%,DB,2021
98,99,Elijah Molden,0,1,0,1,0,0,1,0,1,6.3,6.3,3.6%,DB,2021
99,100,Anthony Brown,2,0,0,2,0,0,0,0,1,6.0,6.0,0.0%,DB,2021
100,101,Jordan Whitehead,4,0,0,0,0,0,0,0,1,6.0,6.0,16.9%,DB,2021
101,102,Jaylon Johnson,4,0,0,0,0,0,0,0,1,6.0,6.0,4.8%,DB,2021
102,103,Jessie Bates,2,2,0,1,0,0,0,0,1,6.0,6.0,69.2%,DB,2021
103,104,Adrian Phillips,3,2,0,0,0,0,0,0,1,6.0,6.0,0.7%,DB,2021
104,105,Nate Hairston,3,2,0,0,0,0,0,0,1,6.0,6.0,0.0%,DB,2021
105,106,Donovan Wilson,3,2,0,0,0,0,0,0,1,6.0,6.0,20.6%,DB,2021
106,107,Mackensie Alexander,2,2,0,1,0,0,0,0,1,6.0,6.0,0.0%,DB,2021
107,108,Eli Apple,3,0,0,1,0,0,0,0,1,6.0,6.0,0.0%,DB,2021
108,109,Ross Cockrell,1,0,0,0,0,1,0,0,1,5.5,5.5,0.0%,DB,2021
109,110,Artie Burns,1,1,0,2,0,0,0,0,1,5.3,5.3,0.4%,DB,2021
110,111,Patrick Peterson,3,1,0,0,0,0,0,0,1,5.3,5.3,0.9%,DB,2021
111,112,Bobby McCain,3,1,0,0,0,0,0,0,1,5.3,5.3,0.0%,DB,2021
112,113,Nate Hobbs,3,1,0,0,0,0,0,0,1,5.3,5.3,32.8%,DB,2021
113,114,Quandre Diggs,3,1,0,0,0,0,0,0,1,5.3,5.3,3.1%,DB,2021
114,115,Jalen Ramsey,2,1,0,1,0,0,0,0,1,5.3,5.3,17.9%,DB,2021
115,116,Kevon Seymour,2,3,0,0,0,0,0,0,1,5.3,5.3,0.0%,DB,2021
116,117,Adrian Amos,3,1,0,0,0,0,0,0,1,5.3,5.3,0.2%,DB,2021
117,118,Kevin Byard,3,1,0,0,0,0,0,0,1,5.3,5.3,29.1%,DB,2021
118,119,Eric Stokes,3,1,0,0,0,0,0,0,1,5.3,5.3,1.4%,DB,2021
119,120,Adoree' Jackson,3,1,0,0,0,0,0,0,1,5.3,5.3,1.2%,DB,2021
120,121,Rashaan Melvin,1,1,0,0,0,0,0,0,1,4.8,4.8,0.0%,DB,2021
121,122,Geno Stone,3,0,0,0,0,0,0,0,1,4.5,4.5,3.5%,DB,2021
122,123,Daniel Sorensen,3,0,0,0,0,0,0,0,1,4.5,4.5,0.0%,DB,2021
123,124,Marshon Lattimore,2,2,0,0,0,0,0,0,1,4.5,4.5,6.2%,DB,2021
124,125,Jaquiski Tartt,2,2,0,0,0,0,0,0,1,4.5,4.5,0.0%,DB,2021
125,126,Tye Smith,3,0,0,0,0,0,0,0,1,4.5,4.5,0.0%,DB,2021
126,127,Xavier Rhodes,2,0,0,1,0,0,0,0,1,4.5,4.5,0.0%,DB,2021
127,128,Jeremy Reaves,2,0,0,1,0,0,0,0,1,4.5,4.5,0.2%,DB,2021
128,129,Kendall Sheffield,2,2,0,0,0,0,0,0,1,4.5,4.5,0.0%,DB,2021
129,130,Dont'e Deayon,3,0,0,0,0,0,0,0,1,4.5,4.5,0.0%,DB,2021
130,131,Jimmie Ward,2,2,0,0,0,0,0,0,1,4.5,4.5,9.7%,DB,2021
131,132,Trevon Diggs,3,0,0,0,0,0,0,0,1,4.5,4.5,13.9%,DB,2021
132,133,Xavien Howard,2,0,0,1,0,0,0,0,1,4.5,4.5,1.4%,DB,2021
133,134,Steven Nelson,2,0,0,1,0,0,0,0,1,4.5,4.5,0.2%,DB,2021
134,135,Pierre Desir,3,0,0,0,0,0,0,0,1,4.5,4.5,0.0%,DB,2021
135,136,Tyson Campbell,2,2,0,0,0,0,0,0,1,4.5,4.5,17.0%,DB,2021
136,137,Terrell Edmunds,1,4,0,0,0,0,0,0,1,4.5,4.5,1.1%,DB,2021
137,138,Marcus Allen,2,2,0,0,0,0,0,0,1,4.5,4.5,0.0%,DB,2021
138,139,Brandon Facyson,1,0,0,0,0,0,0,0,1,4.0,4.0,0.5%,DB,2021
139,140,Kemon Hall,0,0,0,0,0,0,1,0,1,4.0,4.0,0.0%,DB,2021
140,141,Rasul Douglas,1,1,0,1,0,0,0,0,1,3.8,3.8,8.5%,DB,2021
141,142,Malik Hooker,2,1,0,0,0,0,0,0,1,3.8,3.8,3.8%,DB,2021
142,143,Tre Flowers,1,1,0,1,0,0,0,0,1,3.8,3.8,0.0%,DB,2021
143,144,Dontae Johnson,1,1,0,1,0,0,0,0,1,3.8,3.8,0.0%,DB,2021
144,145,L'Jarius Sneed,1,1,0,1,0,0,0,0,1,3.8,3.8,47.7%,DB,2021
145,146,Casey Hayward,1,1,0,1,0,0,0,0,1,3.8,3.8,0.0%,DB,2021
146,147,Jordan Poyer,2,1,0,0,0,0,0,0,1,3.8,3.8,26.4%,DB,2021
147,148,Nick Scott,2,1,0,0,0,0,0,0,1,3.8,3.8,1.7%,DB,2021
148,149,Dane Cruikshank,2,1,0,0,0,0,0,0,1,3.8,3.8,0.2%,DB,2021
149,150,Juan Thornhill,2,1,0,0,0,0,0,0,1,3.8,3.8,4.0%,DB,2021
150,151,Danny Johnson,2,1,0,0,0,0,0,0,1,3.8,3.8,0.0%,DB,2021
151,152,John Reid,2,1,0,0,0,0,0,0,1,3.8,3.8,0.0%,DB,2021
152,153,Michael Jackson,0,0,0,2,0,0,0,0,1,3.0,3.0,1.2%,DB,2021
153,154,Jamel Dean,2,0,0,0,0,0,0,0,1,3.0,3.0,13.1%,DB,2021
154,155,Marcus Epps,2,0,0,0,0,0,0,0,1,3.0,3.0,4.0%,DB,2021
155,156,Sean Murphy-Bunting,2,0,0,0,0,0,0,0,1,3.0,3.0,10.3%,DB,2021
156,157,David Long,2,0,0,0,0,0,0,0,1,3.0,3.0,0.0%,DB,2021
157,158,Nik Needham,2,0,0,0,0,0,0,0,1,3.0,3.0,0.2%,DB,2021
158,159,Devin McCourty,2,0,0,0,0,0,0,0,1,3.0,3.0,4.4%,DB,2021
159,160,Khari Willis,2,0,0,0,0,0,0,0,1,3.0,3.0,0.1%,DB,2021
160,161,Kelvin Joseph,2,0,0,0,0,0,0,0,1,3.0,3.0,0.0%,DB,2021
161,162,Darius Slay,2,0,0,0,0,0,0,0,1,3.0,3.0,10.0%,DB,2021
162,163,Kevin King,2,0,0,0,0,0,0,0,1,3.0,3.0,0.0%,DB,2021
163,164,Ifeatu Melifonwu,0,1,0,1,0,0,0,0,1,2.3,2.3,5.9%,DB,2021
164,165,Kenny Robinson,1,1,0,0,0,0,0,0,1,2.3,2.3,0.0%,DB,2021
165,166,Tavierre Thomas,1,1,0,0,0,0,0,0,1,2.3,2.3,2.0%,DB,2021
166,167,C.J. Moore,1,1,0,0,0,0,0,0,1,2.3,2.3,5.1%,DB,2021
167,168,Aaron Robinson,1,1,0,0,0,0,0,0,1,2.3,2.3,1.0%,DB,2021
168,169,Tony Jefferson,1,1,0,0,0,0,0,0,1,2.3,2.3,0.0%,DB,2021
169,170,Eric Rowe,1,1,0,0,0,0,0,0,1,2.3,2.3,0.2%,DB,2021
170,171,Cameron Sutton,1,1,0,0,0,0,0,0,1,2.3,2.3,0.2%,DB,2021
171,172,Chris Harris,0,2,0,0,0,0,0,0,1,1.5,1.5,0.0%,DB,2021
172,173,Michael J.,1,0,0,0,0,0,0,0,1,1.5,1.5,0.0%,DB,2021
173,174,Isaac Yiadom,1,0,0,0,0,0,0,0,1,1.5,1.5,0.0%,DB,2021
174,175,Will Parks,1,0,0,0,0,0,0,0,1,1.5,1.5,0.0%,DB,2021
175,176,Matthias Farley,1,0,0,0,0,0,0,0,1,1.5,1.5,4.0%,DB,2021
176,177,Bradley McDougald,0,2,0,0,0,0,0,0,1,1.5,1.5,0.0%,DB,2021
177,178,Justin Bethel,1,0,0,0,0,0,0,0,1,1.5,1.5,0.0%,DB,2021
178,179,P.J. Locke,1,0,0,0,0,0,0,0,1,1.5,1.5,5.5%,DB,2021
179,180,Buster Skrine,1,0,0,0,0,0,0,0,1,1.5,1.5,0.0%,DB,2021
180,181,Kindle Vildor,1,0,0,0,0,0,0,0,1,1.5,1.5,0.0%,DB,2021
181,182,Alohi Gilman,1,0,0,0,0,0,0,0,1,1.5,1.5,10.7%,DB,2021
182,183,Ashtyn Davis,0,2,0,0,0,0,0,0,1,1.5,1.5,3.4%,DB,2021
183,184,Camryn Bynum,0,2,0,0,0,0,0,0,1,1.5,1.5,55.0%,DB,2021
184,185,J.T. Gray,1,0,0,0,0,0,0,0,1,1.5,1.5,0.4%,DB,2021
185,186,Hamsah Nasirildeen,0,2,0,0,0,0,0,0,1,1.5,1.5,0.0%,DB,2021
186,187,Darren Hall,0,1,0,0,0,0,0,0,1,0.8,0.8,0.0%,DB,2021
187,188,Jason Pinnock,0,1,0,0,0,0,0,0,1,0.8,0.8,15.4%,DB,2021
188,189,Desmond Trufant,0,1,0,0,0,0,0,0,1,0.8,0.8,0.0%,DB,2021
189,190,Dallin Leavitt,0,1,0,0,0,0,0,0,1,0.8,0.8,4.0%,DB,2021
190,191,Tre Herndon,0,1,0,0,0,0,0,0,1,0.8,0.8,0.2%,DB,2021
191,192,Julian Love,0,1,0,0,0,0,0,0,1,0.8,0.8,33.4%,DB,2021
192,193,Jarren Williams,0,1,0,0,0,0,0,0,1,0.8,0.8,1.0%,DB,2021
193,194,Tre'von Moehrig,0,1,0,0,0,0,0,0,1,0.8,0.8,5.5%,DB,2021
194,195,Damontae Kazee,0,1,0,0,0,0,0,0,1,0.8,0.8,1.6%,DB,2021
195,196,Mike Edwards,0,1,0,0,0,0,0,0,1,0.8,0.8,4.2%,DB,2021
196,197,Chris Jackson,0,0,0,0,0,0,0,0,1,0.0,0.0,0.0%,DB,2021
197,198,Josh Metellus,0,0,0,0,0,0,0,0,1,0.0,0.0,41.4%,DB,2021
198,199,Troy Pride,0,0,0,0,0,0,0,0,1,0.0,0.0,0.0%,DB,2021
199,200,Tanner Muse,0,0,0,0,0,0,0,0,1,0.0,0.0,0.0%,DB,2021
200,201,Harrison Hand,0,0,0,0,0,0,0,0,1,0.0,0.0,0.0%,DB,2021
201,202,Stantley Thomas-Oliver,0,0,0,0,0,0,0,0,1,0.0,0.0,1.0%,DB,2021
202,203,Henry Black,0,0,0,0,0,0,0,0,1,0.0,0.0,0.0%,DB,2021
203,204,Myles Hartsfield,5,1,0,1,0,0,0,0,1,0.0,0.0,0.0%,DB,2021
204,205,Zane Lewis,0,0,0,0,0,0,0,0,1,0.0,0.0,0.0%,DB,2021
205,206,Bobby Price,0,0,0,0,0,0,0,0,1,0.0,0.0,6.0%,DB,2021
206,207,Daniel Thomas,5,3,0,0,0,0,0,0,1,0.0,0.0,0.2%,DB,2021
207,208,Isaiah Simmons,7,2,0,0,0,1,0,0,1,0.0,0.0,6.2%,DB,2021
208,209,Thomas Graham,0,0,0,0,0,0,0,0,1,0.0,0.0,0.0%,DB,2021
209,210,AJ Parker,3,1,0,0,0,0,0,0,1,0.0,0.0,0.0%,DB,2021
210,211,Shemar Jean-Charles,1,0,0,0,0,0,0,0,1,0.0,0.0,0.0%,DB,2021
211,212,JaCoby Stevens,0,0,0,0,0,0,0,0,1,0.0,0.0,0.0%,DB,2021
212,213,Nahshon Wright,1,0,0,0,0,0,0,0,1,0.0,0.0,0.7%,DB,2021
213,214,Keith Taylor,5,1,0,0,0,0,0,0,1,0.0,0.0,0.0%,DB,2021
214,215,Zayne Anderson,0,0,0,0,0,0,0,0,1,0.0,0.0,0.2%,DB,2021
215,216,Brady Breeze,0,0,0,0,0,0,0,0,1,0.0,0.0,0.0%,DB,2021
216,217,Anthony Levine,0,0,0,0,0,0,0,0,1,0.0,0.0,7.0%,DB,2021
217,218,Robert Alford,0,0,0,0,0,0,0,0,1,0.0,0.0,0.0%,DB,2021
218,219,Blidi Wreh-Wilson,0,0,0,0,0,0,0,0,1,0.0,0.0,0.0%,DB,2021
219,220,Josh Norman,0,0,0,0,0,0,0,0,1,0.0,0.0,3.0%,DB,2021
220,221,Chris Banjo,0,0,0,0,0,0,0,0,1,0.0,0.0,0.0%,DB,2021
221,222,Terrence Brooks,0,0,0,0,0,0,0,0,1,0.0,0.0,0.0%,DB,2021
222,223,Cody Davis,0,0,0,0,0,0,0,0,1,0.0,0.0,0.0%,DB,2021
223,224,Donte Jackson,0,0,0,0,0,0,0,0,1,0.0,0.0,4.1%,DB,2021
224,225,Siran Neal,0,0,0,0,0,0,0,0,1,0.0,0.0,0.0%,DB,2021
225,226,Adrian Colbert,0,0,0,0,0,0,0,0,1,0.0,0.0,0.0%,DB,2021
226,227,Justin Hardee,0,0,0,0,0,0,0,0,1,0.0,0.0,0.0%,DB,2021
227,228,Keion Crossen,0,0,0,0,0,0,0,0,1,0.0,0.0,0.2%,DB,2021
228,229,Darnell Savage,0,0,0,0,0,0,0,0,1,0.0,0.0,5.1%,DB,2021
229,230,Greedy Williams,0,0,0,0,0,0,0,0,1,0.0,0.0,0.0%,DB,2021
230,231,DeAndre Baker,0,0,0,0,0,0,0,0,1,0.0,0.0,0.0%,DB,2021
231,232,Deionte Thompson,0,0,0,0,0,0,0,0,1,0.0,0.0,0.0%,DB,2021
232,233,Justin Layne,0,0,0,0,0,0,0,0,1,0.0,0.0,0.0%,DB,2021
233,234,Rashad Fenton,7,0,0,1,0,0,0,0,1,0.0,0.0,0.0%,DB,2021
234,235,Cam Lewis,0,0,0,0,0,0,0,0,1,0.0,0.0,0.4%,DB,2021
235,236,Tremon Smith,0,0,0,0,0,0,0,0,1,0.0,0.0,5.0%,DB,2021
236,237,Troy Apke,0,0,0,0,0,0,0,0,1,0.0,0.0,0.0%,DB,2021
237,238,Chris Board,0,0,0,0,0,0,0,0,1,0.0,0.0,1.5%,DB,2021
238,239,Darius Philon,6,2,0,1,0,0,0,0,1,0.0,0.0,0.0%,DB,2021
239,240,Brandon Stephens,2,0,0,0,0,0,0,0,1,0.0,0.0,4.5%,DB,2021
240,241,Ronald Darby,0,0,0,0,0,0,0,0,1,0.0,0.0,2.3%,DB,2021
241,242,C.J. Goodwin,0,0,0,0,0,0,0,0,1,0.0,0.0,0.4%,DB,2021
242,243,Chris Milton,0,0,0,0,0,0,0,0,1,0.0,0.0,0.0%,DB,2021
243,244,Antonio Hamilton,0,0,0,0,0,0,0,0,1,0.0,0.0,0.7%,DB,2021
244,245,Charles Washington,0,0,0,0,0,0,0,0,1,0.0,0.0,0.0%,DB,2021
245,246,Miles Killebrew,0,0,0,0,0,0,0,0,1,0.0,0.0,0.2%,DB,2021
246,247,Juston Burris,0,0,0,0,0,0,0,0,1,0.0,0.0,0.0%,DB,2021
247,248,Clayton Fejedelem,0,0,0,0,0,0,0,0,1,0.0,0.0,0.0%,DB,2021
