,Rank,Player,Tackle,Assist,Sack,Pass Defended,Interception,Forced Fumble,Fumble Recovery,Defend Touchdown,Games Played,Fantasy Football Points,FTPS/Game,ROST,Position,Year
0,1,Desmond King,7,1,0.0,2,2,0,0,0,1,24.3,24.3,12.6%,DB,2021
1,2,Cameron Sutton,7,3,0.0,1,1,0,0,0,1,21.8,21.8,0.2%,DB,2021
2,3,L'Jarius Sneed,5,1,0.0,3,1,0,0,0,1,20.3,20.3,47.7%,DB,2021
3,4,Sidney Jones,9,2,0.0,1,0,0,0,0,1,19.0,19.0,0.0%,DB,2021
4,5,Jeremy Chinn,9,4,0.0,0,0,0,0,0,1,19.0,19.0,7.0%,DB,2021
5,6,Charvarius Ward,5,2,0.0,3,1,0,0,0,1,18.5,18.5,30.2%,DB,2021
6,7,Darius Slay,1,0,0.0,2,1,0,0,1,1,18.0,18.0,10.0%,DB,2021
7,8,Terrance Mitchell,5,3,0.0,1,1,0,0,0,1,16.3,16.3,0.0%,DB,2021
8,9,A.J. Terrell,4,5,0.0,1,1,0,0,0,1,16.3,16.3,4.0%,DB,2021
9,10,Kindle Vildor,6,0,1.0,0,0,0,0,0,1,15.5,15.5,0.0%,DB,2021
10,11,Sean Murphy-Bunting,7,0,0.0,0,0,1,0,0,1,14.5,14.5,10.3%,DB,2021
11,12,Eric Murray,6,5,0.0,1,0,0,0,0,1,14.3,14.3,0.2%,DB,2021
12,13,Amani Oruwariye,5,0,0.0,1,1,0,0,0,1,14.0,14.0,0.2%,DB,2021
13,14,Brandon Jones,2,4,1.0,0,0,1,0,0,1,14.0,14.0,19.8%,DB,2021
14,15,Tracy Walker,6,3,0.0,0,0,0,0,0,1,13.8,13.8,1.8%,DB,2021
15,16,Johnathan Abram,6,6,0.0,0,0,0,0,0,1,13.5,13.5,2.0%,DB,2021
16,17,Donte Jackson,7,2,0.0,1,0,0,0,0,1,13.5,13.5,4.1%,DB,2021
17,18,Marcus Williams,5,2,0.0,3,0,0,0,0,1,13.5,13.5,7.1%,DB,2021
18,19,Adoree' Jackson,3,0,0.0,1,1,0,0,0,1,13.5,13.5,1.2%,DB,2021
19,20,Jayron Kearse,4,1,0.0,1,1,0,0,0,1,13.3,13.3,1.3%,DB,2021
20,21,Darnell Savage,6,1,0.0,2,0,0,0,0,1,12.8,12.8,5.1%,DB,2021
21,22,George Odum,4,0,0.0,1,1,0,0,0,1,12.5,12.5,0.5%,DB,2021
22,23,Devin McCourty,3,0,0.0,2,1,0,0,0,1,12.5,12.5,4.4%,DB,2021
23,24,Harrison Smith,4,0,1.0,0,0,0,0,0,1,12.5,12.5,18.9%,DB,2021
24,25,Will Harris,6,2,0.5,0,0,0,0,0,1,12.5,12.5,0.0%,DB,2021
25,26,DeAndre Houston-Carson,6,2,0.0,1,0,0,0,0,1,12.0,12.0,0.0%,DB,2021
26,27,Mike Edwards,2,0,0.0,1,1,0,0,0,1,12.0,12.0,4.2%,DB,2021
27,28,Darren Hall,3,1,1.0,0,0,0,0,0,1,11.8,11.8,0.0%,DB,2021
28,29,Tashaun Gipson,3,1,0.0,1,1,0,0,0,1,11.8,11.8,0.4%,DB,2021
29,30,Adrian Phillips,2,3,0.0,1,1,0,0,0,1,11.8,11.8,0.7%,DB,2021
30,31,Jamal Adams,4,4,0.0,0,0,0,0,0,1,11.5,11.5,3.4%,DB,2021
31,32,Kamren Curl,7,1,0.0,0,0,0,0,0,1,11.3,11.3,30.4%,DB,2021
32,33,Brandon Facyson,3,3,0.0,3,0,0,0,0,1,11.3,11.3,0.5%,DB,2021
33,34,Eli Apple,3,0,0.0,1,1,0,0,0,1,11.0,11.0,0.0%,DB,2021
34,35,Ashtyn Davis,2,2,0.0,1,1,0,0,0,1,11.0,11.0,3.4%,DB,2021
35,36,John Johnson,5,1,0.0,0,0,0,0,0,1,10.8,10.8,0.0%,DB,2021
36,37,Kyle Dugger,6,0,0.0,1,0,0,0,0,1,10.5,10.5,23.6%,DB,2021
37,38,Fabian Moreau,5,4,0.0,0,0,0,0,0,1,10.5,10.5,0.0%,DB,2021
38,39,Quandre Diggs,5,4,0.0,0,0,0,0,0,1,10.5,10.5,3.1%,DB,2021
39,40,Asante Samuel,5,2,0.0,1,0,0,0,0,1,10.5,10.5,4.5%,DB,2021
40,41,Erik Harris,3,2,0.5,0,0,0,0,0,1,10.5,10.5,0.4%,DB,2021
41,42,Ronnie Harrison,4,2,0.0,0,0,0,0,0,1,10.0,10.0,0.5%,DB,2021
42,43,Julian Love,3,3,0.0,2,0,0,0,0,1,9.8,9.8,33.4%,DB,2021
43,44,Tre Norwood,6,1,0.0,0,0,0,0,0,1,9.8,9.8,0.0%,DB,2021
44,45,Jevon Holland,5,1,0.0,1,0,0,0,0,1,9.8,9.8,21.6%,DB,2021
45,46,Jalen Thompson,5,1,0.0,1,0,0,0,0,1,9.8,9.8,17.1%,DB,2021
46,47,Bryce Hall,6,1,0.0,0,0,0,0,0,1,9.8,9.8,0.8%,DB,2021
47,48,Jordan Poyer,6,1,0.0,0,0,0,0,0,1,9.8,9.8,26.4%,DB,2021
48,49,Kenny Moore,1,2,0.0,1,1,0,0,0,1,9.5,9.5,29.0%,DB,2021
49,50,Nasir Adderley,4,1,0.0,0,0,0,0,0,1,9.3,9.3,0.7%,DB,2021
50,51,Xavien Howard,4,0,0.0,2,0,0,0,0,1,9.0,9.0,1.4%,DB,2021
51,52,Xavier McKinney,5,2,0.0,0,0,0,0,0,1,9.0,9.0,35.6%,DB,2021
52,53,Tre'Davious White,5,2,0.0,0,0,0,0,0,1,9.0,9.0,5.5%,DB,2021
53,54,Xavier Woods,5,0,0.0,1,0,0,0,0,1,9.0,9.0,11.3%,DB,2021
54,55,J.C. Jackson,1,1,0.0,1,1,0,0,0,1,8.8,8.8,1.2%,DB,2021
55,56,Antoine Winfield,1,2,0.0,1,0,0,1,0,1,8.5,8.5,70.3%,DB,2021
56,57,Rodney McLeod,5,1,0.0,0,0,0,0,0,1,8.3,8.3,0.4%,DB,2021
57,58,Marlon Humphrey,4,1,0.0,1,0,0,0,0,1,8.3,8.3,4.8%,DB,2021
58,59,Keanu Neal,4,3,0.0,0,0,0,0,0,1,8.3,8.3,0.7%,DB,2021
59,60,Andrew Wingard,4,3,0.0,0,0,0,0,0,1,8.3,8.3,1.6%,DB,2021
60,61,Elijah Molden,3,3,0.0,1,0,0,0,0,1,8.3,8.3,3.6%,DB,2021
61,62,Vonn Bell,5,1,0.0,0,0,0,0,0,1,8.3,8.3,5.5%,DB,2021
62,63,Grant Delpit,2,3,0.0,0,0,0,0,0,1,7.8,7.8,21.3%,DB,2021
63,64,Dallin Leavitt,1,3,0.0,0,0,0,1,0,1,7.8,7.8,4.0%,DB,2021
64,65,Casey Hayward,3,1,0.0,0,0,0,0,0,1,7.8,7.8,0.0%,DB,2021
65,66,Jamel Dean,5,0,0.0,0,0,0,0,0,1,7.5,7.5,13.1%,DB,2021
66,67,James Pierre,5,0,0.0,0,0,0,0,0,1,7.5,7.5,0.0%,DB,2021
67,68,Derwin James,2,4,0.0,1,0,0,0,0,1,7.5,7.5,75.9%,DB,2021
68,69,Chris Westry,3,0,0.0,2,0,0,0,0,1,7.5,7.5,0.0%,DB,2021
69,70,James Bradberry,4,2,0.0,0,0,0,0,0,1,7.5,7.5,2.0%,DB,2021
70,71,Kevin Byard,3,4,0.0,0,0,0,0,0,1,7.5,7.5,29.1%,DB,2021
71,72,Michael Davis,5,0,0.0,0,0,0,0,0,1,7.5,7.5,0.9%,DB,2021
72,73,Rasul Douglas,5,0,0.0,0,0,0,0,0,1,7.5,7.5,8.5%,DB,2021
73,74,Malik Hooker,5,0,0.0,0,0,0,0,0,1,7.5,7.5,3.8%,DB,2021
74,75,Juan Thornhill,3,2,0.0,1,0,0,0,0,1,7.5,7.5,4.0%,DB,2021
75,76,Anthony Harris,1,4,0.0,0,0,0,0,0,1,7.0,7.0,0.0%,DB,2021
76,77,William Jackson,3,1,0.0,1,0,0,0,0,1,6.8,6.8,0.0%,DB,2021
77,78,Donovan Wilson,3,1,0.0,1,0,0,0,0,1,6.8,6.8,20.6%,DB,2021
78,79,Micah Hyde,3,3,0.0,0,0,0,0,0,1,6.8,6.8,1.2%,DB,2021
79,80,Paulson Adebo,4,1,0.0,0,0,0,0,0,1,6.8,6.8,27.3%,DB,2021
80,81,Denzel Ward,0,0,0.0,1,1,0,0,0,1,6.5,6.5,5.2%,DB,2021
81,82,Josh Norman,0,1,0.0,1,0,1,0,0,1,6.3,6.3,3.0%,DB,2021
82,83,Elijah Riley,2,4,0.0,0,0,0,0,0,1,6.0,6.0,0.2%,DB,2021
83,84,Michael Carter,3,2,0.0,0,0,0,0,0,1,6.0,6.0,0.0%,DB,2021
84,85,Ambry Thomas,4,0,0.0,0,0,0,0,0,1,6.0,6.0,1.4%,DB,2021
85,86,Darnay Holmes,4,0,0.0,0,0,0,0,0,1,6.0,6.0,0.2%,DB,2021
86,87,A.J. Bouye,3,2,0.0,0,0,0,0,0,1,6.0,6.0,0.0%,DB,2021
87,88,Byron Jones,3,0,0.0,1,0,0,0,0,1,6.0,6.0,0.0%,DB,2021
88,89,Avonte Maddox,2,0,0.0,2,0,0,0,0,1,6.0,6.0,2.5%,DB,2021
89,90,Steven Nelson,3,0,0.0,1,0,0,0,0,1,6.0,6.0,0.2%,DB,2021
90,91,Tavierre Thomas,3,2,0.0,0,0,0,0,0,1,6.0,6.0,2.0%,DB,2021
91,92,K'Waun Williams,2,2,0.0,1,0,0,0,0,1,6.0,6.0,0.0%,DB,2021
92,93,Chidobe Awuzie,4,0,0.0,0,0,0,0,0,1,6.0,6.0,2.3%,DB,2021
93,94,Taron Johnson,2,4,0.0,0,0,0,0,0,1,6.0,6.0,30.9%,DB,2021
94,95,Marshon Lattimore,4,0,0.0,0,0,0,0,0,1,6.0,6.0,6.2%,DB,2021
95,96,Anthony Brown,4,0,0.0,0,0,0,0,0,1,6.0,6.0,0.0%,DB,2021
96,97,Jimmie Ward,2,4,0.0,0,0,0,0,0,1,6.0,6.0,9.7%,DB,2021
97,98,Jessie Bates,4,0,0.0,0,0,0,0,0,1,6.0,6.0,69.2%,DB,2021
98,99,Malcolm Jenkins,4,0,0.0,0,0,0,0,0,1,6.0,6.0,15.0%,DB,2021
99,100,Bashaud Breeland,2,2,0.0,1,0,0,0,0,1,6.0,6.0,1.0%,DB,2021
100,101,Trevon Diggs,4,0,0.0,0,0,0,0,0,1,6.0,6.0,13.9%,DB,2021
101,102,Bradley Roby,2,0,0.0,0,0,0,0,0,1,5.5,5.5,0.0%,DB,2021
102,103,Mike Hilton,2,0,0.0,0,0,0,0,0,1,5.5,5.5,11.0%,DB,2021
103,104,Daniel Sorensen,2,0,0.0,0,0,0,0,0,1,5.5,5.5,0.0%,DB,2021
104,105,T.J. Carrie,1,0,0.0,0,0,0,1,0,1,5.5,5.5,1.0%,DB,2021
105,106,Eric Stokes,3,1,0.0,0,0,0,0,0,1,5.3,5.3,1.4%,DB,2021
106,107,Chris Harris,3,1,0.0,0,0,0,0,0,1,5.3,5.3,0.0%,DB,2021
107,108,Jourdan Lewis,3,1,0.0,0,0,0,0,0,1,5.3,5.3,2.0%,DB,2021
108,109,Eric Rowe,2,3,0.0,0,0,0,0,0,1,5.3,5.3,0.2%,DB,2021
109,110,Levi Wallace,3,1,0.0,0,0,0,0,0,1,5.3,5.3,2.0%,DB,2021
110,111,Nate Hobbs,3,1,0.0,0,0,0,0,0,1,5.3,5.3,32.8%,DB,2021
111,112,Isaiah Rodgers,1,3,0.0,1,0,0,0,0,1,5.3,5.3,0.5%,DB,2021
112,113,Terrell Edmunds,3,1,0.0,0,0,0,0,0,1,5.3,5.3,1.1%,DB,2021
113,114,Tyson Campbell,3,0,0.0,0,0,0,0,0,1,4.5,4.5,17.0%,DB,2021
114,115,Budda Baker,2,2,0.0,0,0,0,0,0,1,4.5,4.5,36.6%,DB,2021
115,116,Andre Cisco,3,0,0.0,0,0,0,0,0,1,4.5,4.5,3.8%,DB,2021
116,117,Patrick Peterson,3,0,0.0,0,0,0,0,0,1,4.5,4.5,0.9%,DB,2021
117,118,P.J. Williams,3,0,0.0,0,0,0,0,0,1,4.5,4.5,0.0%,DB,2021
118,119,Landon Collins,1,4,0.0,0,0,0,0,0,1,4.5,4.5,0.0%,DB,2021
119,120,Nevin Lawson,3,0,0.0,0,0,0,0,0,1,4.5,4.5,0.0%,DB,2021
120,121,Rudy Ford,2,2,0.0,0,0,0,0,0,1,4.5,4.5,4.0%,DB,2021
121,122,Arthur Maulet,3,0,0.0,0,0,0,0,0,1,4.5,4.5,0.9%,DB,2021
122,123,J.R. Reed,2,2,0.0,0,0,0,0,0,1,4.5,4.5,0.0%,DB,2021
123,124,Jaylon Johnson,2,0,0.0,1,0,0,0,0,1,4.5,4.5,4.8%,DB,2021
124,125,Marco Wilson,1,0,0.0,2,0,0,0,0,1,4.5,4.5,0.4%,DB,2021
125,126,Xavier Rhodes,2,0,0.0,1,0,0,0,0,1,4.5,4.5,0.0%,DB,2021
126,127,Jordan Whitehead,1,2,0.0,1,0,0,0,0,1,4.5,4.5,16.9%,DB,2021
127,128,Stephon Gilmore,3,0,0.0,0,0,0,0,0,1,4.5,4.5,1.5%,DB,2021
128,129,Tremon Smith,0,0,0.0,0,0,0,1,0,1,4.0,4.0,5.0%,DB,2021
129,130,Ugo Amadi,2,1,0.0,0,0,0,0,0,1,3.8,3.8,0.2%,DB,2021
130,131,Tyrann Mathieu,2,1,0.0,0,0,0,0,0,1,3.8,3.8,10.0%,DB,2021
131,132,Karl Joseph,1,1,0.0,1,0,0,0,0,1,3.8,3.8,0.0%,DB,2021
132,133,Adrian Amos,2,1,0.0,0,0,0,0,0,1,3.8,3.8,0.2%,DB,2021
133,134,Talanoa Hufanga,2,1,0.0,0,0,0,0,0,1,3.8,3.8,14.1%,DB,2021
134,135,Amani Hooker,1,3,0.0,0,0,0,0,0,1,3.8,3.8,14.9%,DB,2021
135,136,Richie Grant,2,1,0.0,0,0,0,0,0,1,3.8,3.8,13.5%,DB,2021
136,137,Duron Harmon,2,1,0.0,0,0,0,0,0,1,3.8,3.8,0.0%,DB,2021
137,138,Andrew Sendejo,2,1,0.0,0,0,0,0,0,1,3.8,3.8,0.0%,DB,2021
138,139,Joejuan Williams,0,2,0.0,1,0,0,0,0,1,3.0,3.0,1.0%,DB,2021
139,140,Rayshawn Jenkins,2,0,0.0,0,0,0,0,0,1,3.0,3.0,25.3%,DB,2021
140,141,Justin Coleman,1,2,0.0,0,0,0,0,0,1,3.0,3.0,0.0%,DB,2021
141,142,Dean Marlowe,1,2,0.0,0,0,0,0,0,1,3.0,3.0,0.2%,DB,2021
142,143,Myles Bryant,2,0,0.0,0,0,0,0,0,1,3.0,3.0,2.8%,DB,2021
143,144,Chris Jones,1,0,0.0,1,0,0,0,0,1,3.0,3.0,0.0%,DB,2021
144,145,Tavon Young,2,0,0.0,0,0,0,0,0,1,3.0,3.0,1.0%,DB,2021
145,146,Kristian Fulton,1,2,0.0,0,0,0,0,0,1,3.0,3.0,1.8%,DB,2021
146,147,Nik Needham,2,0,0.0,0,0,0,0,0,1,3.0,3.0,0.2%,DB,2021
147,148,Danny Johnson,1,0,0.0,1,0,0,0,0,1,3.0,3.0,0.0%,DB,2021
148,149,Rock Ya-Sin,1,0,0.0,1,0,0,0,0,1,3.0,3.0,0.5%,DB,2021
149,150,Mike Hughes,1,0,0.0,1,0,0,0,0,1,3.0,3.0,1.1%,DB,2021
150,151,Robert Alford,2,0,0.0,0,0,0,0,0,1,3.0,3.0,0.0%,DB,2021
151,152,Ahkello Witherspoon,2,0,0.0,0,0,0,0,0,1,3.0,3.0,0.2%,DB,2021
152,153,Juston Burris,2,0,0.0,0,0,0,0,0,1,3.0,3.0,0.0%,DB,2021
153,154,Tre'von Moehrig,1,0,0.0,1,0,0,0,0,1,3.0,3.0,5.5%,DB,2021
154,155,Bobby McCain,2,0,0.0,0,0,0,0,0,1,3.0,3.0,0.0%,DB,2021
155,156,Kevin King,2,0,0.0,0,0,0,0,0,1,3.0,3.0,0.0%,DB,2021
156,157,Marcell Harris,1,1,0.0,0,0,0,0,0,1,2.3,2.3,0.0%,DB,2021
157,158,C.J. Henderson,1,1,0.0,0,0,0,0,0,1,2.3,2.3,0.8%,DB,2021
158,159,Jaquiski Tartt,1,1,0.0,0,0,0,0,0,1,2.3,2.3,0.0%,DB,2021
159,160,Justin Reid,1,1,0.0,0,0,0,0,0,1,2.3,2.3,33.4%,DB,2021
160,161,Kendall Fuller,1,1,0.0,0,0,0,0,0,1,2.3,2.3,7.0%,DB,2021
161,162,Marqui Christian,1,0,0.0,0,0,0,0,0,1,1.5,1.5,0.0%,DB,2021
162,163,Mackensie Alexander,0,2,0.0,0,0,0,0,0,1,1.5,1.5,0.0%,DB,2021
163,164,Chandon Sullivan,1,0,0.0,0,0,0,0,0,1,1.5,1.5,0.0%,DB,2021
164,165,Bless Austin,0,2,0.0,0,0,0,0,0,1,1.5,1.5,0.0%,DB,2021
165,166,Damontae Kazee,1,0,0.0,0,0,0,0,0,1,1.5,1.5,1.6%,DB,2021
166,167,Henry Black,1,0,0.0,0,0,0,0,0,1,1.5,1.5,0.0%,DB,2021
167,168,Deon Bush,1,0,0.0,0,0,0,0,0,1,1.5,1.5,0.0%,DB,2021
168,169,Jason Pinnock,1,0,0.0,0,0,0,0,0,1,1.5,1.5,15.4%,DB,2021
169,170,Jahleel Addae,1,0,0.0,0,0,0,0,0,1,1.5,1.5,0.0%,DB,2021
170,171,Tre Brown,1,0,0.0,0,0,0,0,0,1,1.5,1.5,0.8%,DB,2021
171,172,Greg Newsome,1,0,0.0,0,0,0,0,0,1,1.5,1.5,5.3%,DB,2021
172,173,Geno Stone,1,0,0.0,0,0,0,0,0,1,1.5,1.5,3.5%,DB,2021
173,174,Greedy Williams,0,0,0.0,1,0,0,0,0,1,1.5,1.5,0.0%,DB,2021
174,175,Ryan Neal,1,0,0.0,0,0,0,0,0,1,1.5,1.5,2.0%,DB,2021
175,176,Emmanuel Moseley,1,0,0.0,0,0,0,0,0,1,1.5,1.5,1.4%,DB,2021
176,177,Byron Murphy,1,0,0.0,0,0,0,0,0,1,1.5,1.5,7.1%,DB,2021
177,178,Chuck Clark,1,0,0.0,0,0,0,0,0,1,1.5,1.5,6.4%,DB,2021
178,179,Marcus Epps,1,0,0.0,0,0,0,0,0,1,1.5,1.5,4.0%,DB,2021
179,180,Jaquan Johnson,1,0,0.0,0,0,0,0,0,1,1.5,1.5,0.0%,DB,2021
180,181,Chris Board,0,1,0.0,0,0,0,0,0,1,0.8,0.8,1.5%,DB,2021
181,182,Shaq Griffin,0,1,0.0,0,0,0,0,0,1,0.8,0.8,1.2%,DB,2021
182,183,Trey Marshall,0,1,0.0,0,0,0,0,0,1,0.8,0.8,0.0%,DB,2021
183,184,Chris Jackson,3,0,0.0,0,0,0,0,0,1,0.0,0.0,0.0%,DB,2021
184,185,Javelin Guidry,0,0,0.0,0,0,0,0,0,1,0.0,0.0,1.0%,DB,2021
185,186,Myles Hartsfield,1,1,0.0,0,0,0,0,0,1,0.0,0.0,0.0%,DB,2021
186,187,Bobby Price,0,0,0.0,0,0,0,0,0,1,0.0,0.0,6.0%,DB,2021
187,188,Daniel Thomas,2,2,0.0,0,0,0,0,0,1,0.0,0.0,0.2%,DB,2021
188,189,Herb Miller,0,0,0.0,0,0,0,0,0,1,0.0,0.0,0.0%,DB,2021
189,190,Roderic Teamer,0,0,0.0,0,0,0,0,0,1,0.0,0.0,0.0%,DB,2021
190,191,Aaron Robinson,0,0,0.0,0,0,0,0,0,1,0.0,0.0,1.0%,DB,2021
191,192,Deommodore Lenoir,0,0,0.0,0,0,0,0,0,1,0.0,0.0,13.6%,DB,2021
192,193,K'Von Wallace,0,0,0.0,0,0,0,0,0,1,0.0,0.0,1.9%,DB,2021
193,194,Cameron Dantzler,0,0,0.0,0,0,0,0,0,1,0.0,0.0,0.0%,DB,2021
194,195,C.J. Moore,0,0,0.0,0,0,0,0,0,1,0.0,0.0,5.1%,DB,2021
195,196,Isaiah Simmons,2,4,1.0,0,0,0,0,0,1,0.0,0.0,6.2%,DB,2021
196,197,Jerry Jacobs,2,0,0.0,1,0,0,0,0,1,0.0,0.0,12.6%,DB,2021
197,198,AJ Parker,1,1,0.0,1,1,0,0,0,1,0.0,0.0,0.0%,DB,2021
198,199,Keith Taylor,0,0,0.0,0,0,0,0,0,1,0.0,0.0,0.0%,DB,2021
199,200,Damar Hamlin,1,0,0.0,0,0,0,0,0,1,0.0,0.0,0.4%,DB,2021
200,201,Zech McPhearson,0,2,0.0,0,0,0,0,0,1,0.0,0.0,0.0%,DB,2021
201,202,Kiondre Thomas,0,0,0.0,0,0,0,0,0,1,0.0,0.0,0.0%,DB,2021
202,203,Isaiah Dunn,7,0,0.0,0,0,0,0,0,1,0.0,0.0,0.0%,DB,2021
203,204,Justin Bethel,0,0,0.0,0,0,0,0,0,1,0.0,0.0,0.0%,DB,2021
204,205,Shawn Williams,0,0,0.0,0,0,0,0,0,1,0.0,0.0,10.0%,DB,2021
205,206,Michael J.,0,0,0.0,0,0,0,0,0,1,0.0,0.0,0.0%,DB,2021
206,207,Terrence Brooks,0,0,0.0,0,0,0,0,0,1,0.0,0.0,0.0%,DB,2021
207,208,Chris Banjo,0,0,0.0,0,0,0,0,0,1,0.0,0.0,0.0%,DB,2021
208,209,Cody Davis,0,0,0.0,0,0,0,0,0,1,0.0,0.0,0.0%,DB,2021
209,210,Dontae Johnson,0,0,0.0,0,0,0,0,0,1,0.0,0.0,0.0%,DB,2021
210,211,Darius Phillips,0,0,0.0,0,0,0,0,0,1,0.0,0.0,0.0%,DB,2021
211,212,Marcus Allen,0,0,0.0,0,0,0,0,0,1,0.0,0.0,0.0%,DB,2021
212,213,Keion Crossen,0,0,0.0,0,0,0,0,0,1,0.0,0.0,0.2%,DB,2021
213,214,Jabrill Peppers,0,0,0.0,0,0,0,0,0,1,0.0,0.0,10.4%,DB,2021
214,215,Justin Hardee,0,0,0.0,0,0,0,0,0,1,0.0,0.0,0.0%,DB,2021
215,216,Jamal Perry,0,0,0.0,0,0,0,0,0,1,0.0,0.0,0.0%,DB,2021
216,217,Lonnie Johnson,0,0,0.0,0,0,0,0,0,1,0.0,0.0,0.2%,DB,2021
217,218,Deionte Thompson,0,0,0.0,0,0,0,0,0,1,0.0,0.0,0.0%,DB,2021
218,219,Tevaughn Campbell,4,0,0.0,1,0,0,0,0,1,0.0,0.0,2.0%,DB,2021
219,220,Rashad Fenton,3,0,0.0,0,0,0,0,0,1,0.0,0.0,0.0%,DB,2021
220,221,Duke Shelley,2,0,0.0,0,0,0,0,0,1,0.0,0.0,0.0%,DB,2021
221,222,Troy Apke,0,0,0.0,0,0,0,0,0,1,0.0,0.0,0.0%,DB,2021
222,223,Elijah Campbell,0,0,0.0,0,0,0,0,0,1,0.0,0.0,0.2%,DB,2021
223,224,A.J. Moore,0,0,0.0,0,0,0,0,0,1,0.0,0.0,0.0%,DB,2021
224,225,J.T. Gray,0,0,0.0,0,0,0,0,0,1,0.0,0.0,0.4%,DB,2021
225,226,Andre Chachere,0,0,0.0,0,0,0,0,0,1,0.0,0.0,0.7%,DB,2021
226,227,Chris Lammons,0,0,0.0,0,0,0,0,0,1,0.0,0.0,0.0%,DB,2021
227,228,Brandon Stephens,3,0,0.0,0,0,0,0,0,1,0.0,0.0,4.5%,DB,2021
228,229,Ryan Smith,0,0,0.0,0,0,0,0,0,1,0.0,0.0,0.0%,DB,2021
229,230,Antonio Hamilton,0,0,0.0,0,0,0,0,0,1,0.0,0.0,0.7%,DB,2021
230,231,Brandon King,0,0,0.0,0,0,0,0,0,1,0.0,0.0,0.0%,DB,2021
231,232,Clayton Fejedelem,0,0,0.0,0,0,0,0,0,1,0.0,0.0,0.0%,DB,2021
232,233,Jalen Mills,0,0,0.0,0,0,0,0,0,1,0.0,0.0,0.5%,DB,2021
233,234,Miles Killebrew,0,0,0.0,0,0,0,0,0,1,0.0,0.0,0.2%,DB,2021
