,Rank,Player,Tackle,Assist,Sack,Pass Defended,Interception,Forced Fumble,Fumble Recovery,Defend Touchdown,Games Played,Fantasy Football Points,FTPS/Game,ROST,Position,Year
0,1,Kevin Byard,8,3,0.0,2,1,0,1,1,1,32.3,32.3,29.1%,DB,2021
1,2,Derwin James,9,7,1.0,0,0,1,0,0,1,29.3,29.3,75.9%,DB,2021
2,3,Vonn Bell,8,1,0.0,0,0,0,0,0,1,20.3,20.3,5.5%,DB,2021
3,4,Darius Slay,3,0,0.0,2,2,0,0,0,1,20.0,20.0,10.0%,DB,2021
4,5,Tavon Young,4,0,1.0,1,0,0,0,0,1,19.0,19.0,1.0%,DB,2021
5,6,Chidobe Awuzie,5,1,0.0,2,1,0,0,0,1,18.8,18.8,2.3%,DB,2021
6,7,Greedy Williams,7,3,0.0,1,0,1,0,0,1,18.3,18.3,0.0%,DB,2021
7,8,Donte Jackson,4,2,0.0,1,1,1,0,0,1,18.0,18.0,4.1%,DB,2021
8,9,Adrian Amos,6,3,0.0,1,1,0,0,0,1,17.8,17.8,0.2%,DB,2021
9,10,James Pierre,6,0,0.0,2,1,0,0,0,1,17.0,17.0,0.0%,DB,2021
10,11,Taron Johnson,8,4,0.0,1,0,0,0,0,1,16.5,16.5,30.9%,DB,2021
11,12,Tracy Walker,7,2,0.0,1,0,0,0,0,1,16.0,16.0,1.8%,DB,2021
12,13,Jamel Dean,5,0,0.0,2,1,0,0,0,1,15.5,15.5,13.1%,DB,2021
13,14,Anthony Brown,2,0,0.0,1,1,0,0,1,1,15.5,15.5,0.0%,DB,2021
14,15,Micah Hyde,2,0,0.0,1,1,0,0,1,1,15.5,15.5,1.2%,DB,2021
15,16,Terrance Mitchell,6,1,0.0,1,0,1,0,0,1,15.3,15.3,0.0%,DB,2021
16,17,Budda Baker,5,1,0.0,1,1,0,0,0,1,14.8,14.8,36.6%,DB,2021
17,18,Trevon Diggs,3,2,0.0,2,1,0,0,0,1,14.0,14.0,13.9%,DB,2021
18,19,Quandre Diggs,5,0,0.0,1,1,0,0,0,1,14.0,14.0,3.1%,DB,2021
19,20,Minkah Fitzpatrick,5,5,0.0,0,0,0,0,0,1,13.8,13.8,36.8%,DB,2021
20,21,Nasir Adderley,7,1,0.0,0,0,0,0,0,1,13.8,13.8,0.7%,DB,2021
21,22,Brandin Echols,7,2,0.0,1,0,0,0,0,1,13.5,13.5,0.2%,DB,2021
22,23,Jessie Bates,8,1,0.0,0,0,0,0,0,1,12.8,12.8,69.2%,DB,2021
23,24,Bryce Hall,6,1,0.0,2,0,0,0,0,1,12.8,12.8,0.8%,DB,2021
24,25,Paulson Adebo,4,0,0.0,1,1,0,0,0,1,12.5,12.5,27.3%,DB,2021
25,26,Dontae Johnson,3,0,0.0,0,0,1,1,0,1,12.5,12.5,0.0%,DB,2021
26,27,Harrison Smith,5,4,0.0,1,0,0,0,0,1,12.0,12.0,18.9%,DB,2021
27,28,Nick Scott,3,1,0.0,1,1,0,0,0,1,11.8,11.8,1.7%,DB,2021
28,29,Steven Nelson,2,1,0.0,2,1,0,0,0,1,11.8,11.8,0.2%,DB,2021
29,30,Kenny Moore,5,2,0.0,0,0,0,0,0,1,11.5,11.5,29.0%,DB,2021
30,31,Kyle Dugger,5,5,0.0,0,0,0,0,0,1,11.3,11.3,23.6%,DB,2021
31,32,Amani Oruwariye,6,3,0.0,0,0,0,0,0,1,11.3,11.3,0.2%,DB,2021
32,33,Jordan Poyer,5,3,0.0,1,0,0,0,0,1,11.3,11.3,26.4%,DB,2021
33,34,Tashaun Gipson,3,0,1.0,0,0,0,0,0,1,11.0,11.0,0.4%,DB,2021
34,35,Julian Blackmon,4,1,0.0,0,0,1,0,0,1,10.8,10.8,14.3%,DB,2021
35,36,Logan Ryan,6,2,0.0,0,0,0,0,0,1,10.5,10.5,1.3%,DB,2021
36,37,Marshon Lattimore,1,0,0.0,6,0,0,0,0,1,10.5,10.5,6.2%,DB,2021
37,38,Adoree' Jackson,7,0,0.0,0,0,0,0,0,1,10.5,10.5,1.2%,DB,2021
38,39,D.J. Reed,6,0,0.0,1,0,0,0,0,1,10.5,10.5,10.1%,DB,2021
39,40,Lonnie Johnson,1,3,0.0,1,1,0,0,0,1,10.3,10.3,0.2%,DB,2021
40,41,A.J. Terrell,4,0,0.0,0,0,1,0,0,1,10.0,10.0,4.0%,DB,2021
41,42,Tre'Davious White,3,2,0.0,0,0,0,1,0,1,10.0,10.0,5.5%,DB,2021
42,43,A.J. Bouye,4,0,0.0,1,0,0,0,0,1,10.0,10.0,0.0%,DB,2021
43,44,A.J. Green,4,1,0.0,2,0,0,0,0,1,9.8,9.8,0.0%,DB,2021
44,45,Dane Cruikshank,6,1,0.0,0,0,0,0,0,1,9.8,9.8,0.2%,DB,2021
45,46,Justin Simmons,5,3,0.0,0,0,0,0,0,1,9.8,9.8,11.6%,DB,2021
46,47,Desmond King,5,3,0.0,0,0,0,0,0,1,9.8,9.8,12.6%,DB,2021
47,48,Marcus Epps,5,3,0.0,0,0,0,0,0,1,9.8,9.8,4.0%,DB,2021
48,49,Kareem Jackson,6,1,0.0,0,0,0,0,0,1,9.8,9.8,0.7%,DB,2021
49,50,Jeremy Chinn,3,1,0.0,0,0,0,1,0,1,9.3,9.3,7.0%,DB,2021
50,51,Mike Hilton,3,1,0.0,1,0,0,0,0,1,9.3,9.3,11.0%,DB,2021
51,52,Troy Hill,4,1,0.0,0,0,0,0,0,1,9.3,9.3,2.7%,DB,2021
52,53,Jamal Adams,4,1,0.0,0,0,0,0,0,1,9.3,9.3,3.4%,DB,2021
53,54,Xavier Woods,4,4,0.0,0,0,0,0,0,1,9.0,9.0,11.3%,DB,2021
54,55,Malcolm Jenkins,6,0,0.0,0,0,0,0,0,1,9.0,9.0,15.0%,DB,2021
55,56,Amik Robertson,5,2,0.0,0,0,0,0,0,1,9.0,9.0,0.5%,DB,2021
56,57,Anthony Averett,5,2,0.0,0,0,0,0,0,1,9.0,9.0,0.0%,DB,2021
57,58,Isaiah Rodgers,6,0,0.0,0,0,0,0,0,1,9.0,9.0,0.5%,DB,2021
58,59,Jalen Thompson,6,0,0.0,0,0,0,0,0,1,9.0,9.0,17.1%,DB,2021
59,60,Jevon Holland,5,2,0.0,0,0,0,0,0,1,9.0,9.0,21.6%,DB,2021
60,61,Elijah Molden,3,0,0.0,0,0,1,0,0,1,8.5,8.5,3.6%,DB,2021
61,62,Sharrod Neasman,2,2,0.0,1,0,0,0,0,1,8.5,8.5,0.0%,DB,2021
62,63,Fabian Moreau,3,0,0.0,1,0,0,0,0,1,8.5,8.5,0.0%,DB,2021
63,64,J.C. Jackson,4,1,0.0,1,0,0,0,0,1,8.3,8.3,1.2%,DB,2021
64,65,Xavier Rhodes,4,1,0.0,1,0,0,0,0,1,8.3,8.3,0.0%,DB,2021
65,66,Justin Reid,3,3,0.0,1,0,0,0,0,1,8.3,8.3,33.4%,DB,2021
66,67,Josh Norman,3,3,0.0,1,0,0,0,0,1,8.3,8.3,3.0%,DB,2021
67,68,Darnell Savage,5,1,0.0,0,0,0,0,0,1,8.3,8.3,5.1%,DB,2021
68,69,Kristian Fulton,4,1,0.0,1,0,0,0,0,1,8.3,8.3,1.8%,DB,2021
69,70,Xavier McKinney,5,1,0.0,0,0,0,0,0,1,8.3,8.3,35.6%,DB,2021
70,71,Levi Wallace,5,1,0.0,0,0,0,0,0,1,8.3,8.3,2.0%,DB,2021
71,72,Mike Edwards,5,1,0.0,0,0,0,0,0,1,8.3,8.3,4.2%,DB,2021
72,73,Terrell Edmunds,4,3,0.0,0,0,0,0,0,1,8.3,8.3,1.1%,DB,2021
73,74,Adrian Phillips,4,3,0.0,0,0,0,0,0,1,8.3,8.3,0.7%,DB,2021
74,75,Emmanuel Moseley,4,1,0.0,1,0,0,0,0,1,8.3,8.3,1.4%,DB,2021
75,76,DeAndre Houston-Carson,1,0,0.0,1,1,0,0,0,1,8.0,8.0,0.0%,DB,2021
76,77,Jaylinn Hawkins,1,0,0.0,1,1,0,0,0,1,8.0,8.0,11.0%,DB,2021
77,78,Michael Carter,2,1,0.0,0,0,0,1,0,1,7.8,7.8,0.0%,DB,2021
78,79,Jaquiski Tartt,3,4,0.0,0,0,0,0,0,1,7.5,7.5,0.0%,DB,2021
79,80,Julian Love,3,2,0.0,1,0,0,0,0,1,7.5,7.5,33.4%,DB,2021
80,81,Nate Hobbs,3,2,0.0,1,0,0,0,0,1,7.5,7.5,32.8%,DB,2021
81,82,Sidney Jones,4,2,0.0,0,0,0,0,0,1,7.5,7.5,0.0%,DB,2021
82,83,Antonio Hamilton,4,2,0.0,0,0,0,0,0,1,7.5,7.5,0.7%,DB,2021
83,84,Andrew Wingard,5,0,0.0,0,0,0,0,0,1,7.5,7.5,1.6%,DB,2021
84,85,Joe Haden,3,2,0.0,1,0,0,0,0,1,7.5,7.5,1.0%,DB,2021
85,86,Jimmie Ward,3,4,0.0,0,0,0,0,0,1,7.5,7.5,9.7%,DB,2021
86,87,Kamren Curl,1,2,0.0,1,0,0,0,0,1,7.0,7.0,30.4%,DB,2021
87,88,Bryce Callahan,3,0,0.0,0,0,0,0,0,1,7.0,7.0,0.0%,DB,2021
88,89,L'Jarius Sneed,2,0,0.0,1,0,0,0,0,1,7.0,7.0,47.7%,DB,2021
89,90,Eric Stokes,3,1,0.0,1,0,0,0,0,1,6.8,6.8,1.4%,DB,2021
90,91,Kevin King,4,1,0.0,0,0,0,0,0,1,6.8,6.8,0.0%,DB,2021
91,92,Ashtyn Davis,4,1,0.0,0,0,0,0,0,1,6.8,6.8,3.4%,DB,2021
92,93,Bashaud Breeland,4,1,0.0,0,0,0,0,0,1,6.8,6.8,1.0%,DB,2021
93,94,Jordan Fuller,3,3,0.0,0,0,0,0,0,1,6.8,6.8,10.1%,DB,2021
94,95,Marlon Humphrey,3,1,0.0,1,0,0,0,0,1,6.8,6.8,4.8%,DB,2021
95,96,Jalen Ramsey,3,1,0.0,1,0,0,0,0,1,6.8,6.8,17.9%,DB,2021
96,97,Jayron Kearse,3,3,0.0,0,0,0,0,0,1,6.8,6.8,1.3%,DB,2021
97,98,Rayshawn Jenkins,4,1,0.0,0,0,0,0,0,1,6.8,6.8,25.3%,DB,2021
98,99,Malik Hooker,3,3,0.0,0,0,0,0,0,1,6.8,6.8,3.8%,DB,2021
99,100,P.J. Williams,0,0,0.0,1,1,0,0,0,1,6.5,6.5,0.0%,DB,2021
100,101,Chuck Clark,1,3,0.0,0,0,0,0,0,1,6.3,6.3,6.4%,DB,2021
101,102,Marquise Blair,1,1,0.0,1,0,0,0,0,1,6.3,6.3,0.0%,DB,2021
102,103,Patrick Peterson,1,2,0.0,2,0,0,0,0,1,6.0,6.0,0.9%,DB,2021
103,104,Tyrann Mathieu,4,0,0.0,0,0,0,0,0,1,6.0,6.0,10.0%,DB,2021
104,105,Mackensie Alexander,4,0,0.0,0,0,0,0,0,1,6.0,6.0,0.0%,DB,2021
105,106,Nik Needham,4,0,0.0,0,0,0,0,0,1,6.0,6.0,0.2%,DB,2021
106,107,Landon Collins,2,4,0.0,0,0,0,0,0,1,6.0,6.0,0.0%,DB,2021
107,108,Jordan Whitehead,4,0,0.0,0,0,0,0,0,1,6.0,6.0,16.9%,DB,2021
108,109,Pat Surtain,3,0,0.0,1,0,0,0,0,1,6.0,6.0,11.5%,DB,2021
109,110,Keanu Neal,3,2,0.0,0,0,0,0,0,1,6.0,6.0,0.7%,DB,2021
110,111,C.J. Gardner-Johnson,3,2,0.0,0,0,0,0,0,1,6.0,6.0,16.7%,DB,2021
111,112,John Johnson,4,0,0.0,0,0,0,0,0,1,6.0,6.0,0.0%,DB,2021
112,113,Xavien Howard,2,2,0.0,1,0,0,0,0,1,6.0,6.0,1.4%,DB,2021
113,114,Marcus Williams,3,0,0.0,1,0,0,0,0,1,6.0,6.0,7.1%,DB,2021
114,115,Daniel Sorensen,3,2,0.0,0,0,0,0,0,1,6.0,6.0,0.0%,DB,2021
115,116,Casey Hayward,3,0,0.0,1,0,0,0,0,1,6.0,6.0,0.0%,DB,2021
116,117,Marcell Harris,1,2,0.0,0,0,0,0,0,1,5.5,5.5,0.0%,DB,2021
117,118,Myles Bryant,2,0,0.0,0,0,0,0,0,1,5.5,5.5,2.8%,DB,2021
118,119,Ugo Amadi,2,0,0.0,0,0,0,0,0,1,5.5,5.5,0.2%,DB,2021
119,120,Kindle Vildor,3,1,0.0,0,0,0,0,0,1,5.3,5.3,0.0%,DB,2021
120,121,Byron Jones,3,1,0.0,0,0,0,0,0,1,5.3,5.3,0.0%,DB,2021
121,122,Sean Chandler,3,1,0.0,0,0,0,0,0,1,5.3,5.3,5.0%,DB,2021
122,123,Richie Grant,2,1,0.0,1,0,0,0,0,1,5.3,5.3,13.5%,DB,2021
123,124,Johnathan Abram,1,5,0.0,0,0,0,0,0,1,5.3,5.3,2.0%,DB,2021
124,125,Shaq Griffin,2,1,0.0,1,0,0,0,0,1,5.3,5.3,1.2%,DB,2021
125,126,Darious Williams,3,1,0.0,0,0,0,0,0,1,5.3,5.3,10.5%,DB,2021
126,127,Will Harris,2,3,0.0,0,0,0,0,0,1,5.3,5.3,0.0%,DB,2021
127,128,Robert Rochell,2,0,0.0,1,0,0,0,0,1,4.5,4.5,0.0%,DB,2021
128,129,James Bradberry,2,0,0.0,1,0,0,0,0,1,4.5,4.5,2.0%,DB,2021
129,130,Kendall Fuller,2,0,0.0,1,0,0,0,0,1,4.5,4.5,7.0%,DB,2021
130,131,Tavierre Thomas,2,2,0.0,0,0,0,0,0,1,4.5,4.5,2.0%,DB,2021
131,132,William Jackson,3,0,0.0,0,0,0,0,0,1,4.5,4.5,0.0%,DB,2021
132,133,Richard Sherman,3,0,0.0,0,0,0,0,0,1,4.5,4.5,0.1%,DB,2021
133,134,Caleb Farley,2,0,0.0,1,0,0,0,0,1,4.5,4.5,0.0%,DB,2021
134,135,Anthony Harris,2,2,0.0,0,0,0,0,0,1,4.5,4.5,0.0%,DB,2021
135,136,Devin McCourty,3,0,0.0,0,0,0,0,0,1,4.5,4.5,4.4%,DB,2021
136,137,Damontae Kazee,3,0,0.0,0,0,0,0,0,1,4.5,4.5,1.6%,DB,2021
137,138,Eddie Jackson,2,2,0.0,0,0,0,0,0,1,4.5,4.5,3.1%,DB,2021
138,139,Michael Davis,3,0,0.0,0,0,0,0,0,1,4.5,4.5,0.9%,DB,2021
139,140,C.J. Henderson,3,0,0.0,0,0,0,0,0,1,4.5,4.5,0.8%,DB,2021
140,141,Ross Cockrell,1,1,0.0,1,0,0,0,0,1,3.8,3.8,0.0%,DB,2021
141,142,Andrew Sendejo,2,1,0.0,0,0,0,0,0,1,3.8,3.8,0.0%,DB,2021
142,143,Avonte Maddox,1,1,0.0,1,0,0,0,0,1,3.8,3.8,2.5%,DB,2021
143,144,Rodney McLeod,0,5,0.0,0,0,0,0,0,1,3.8,3.8,0.4%,DB,2021
144,145,Jace Whittaker,2,1,0.0,0,0,0,0,0,1,3.8,3.8,0.0%,DB,2021
145,146,Tre Herndon,2,1,0.0,0,0,0,0,0,1,3.8,3.8,0.2%,DB,2021
146,147,Arthur Maulet,1,1,0.0,1,0,0,0,0,1,3.8,3.8,0.9%,DB,2021
147,148,Brandon Jones,1,3,0.0,0,0,0,0,0,1,3.8,3.8,19.8%,DB,2021
148,149,Jason McCourty,2,1,0.0,0,0,0,0,0,1,3.8,3.8,0.0%,DB,2021
149,150,Janoris Jenkins,2,1,0.0,0,0,0,0,0,1,3.8,3.8,1.0%,DB,2021
150,151,Jourdan Lewis,2,1,0.0,0,0,0,0,0,1,3.8,3.8,2.0%,DB,2021
151,152,Darren Hall,2,0,0.0,0,0,0,0,0,1,3.0,3.0,0.0%,DB,2021
152,153,Jarrod Wilson,1,2,0.0,0,0,0,0,0,1,3.0,3.0,0.0%,DB,2021
153,154,Chris Claybrooks,2,0,0.0,0,0,0,0,0,1,3.0,3.0,0.0%,DB,2021
154,155,Robert Alford,2,0,0.0,0,0,0,0,0,1,3.0,3.0,0.0%,DB,2021
155,156,Ronnie Harrison,0,2,0.0,1,0,0,0,0,1,3.0,3.0,0.5%,DB,2021
156,157,Deon Bush,1,0,0.0,1,0,0,0,0,1,3.0,3.0,0.0%,DB,2021
157,158,Jimmy Smith,1,0,0.0,1,0,0,0,0,1,3.0,3.0,0.0%,DB,2021
158,159,Chris Williamson,2,0,0.0,0,0,0,0,0,1,3.0,3.0,0.0%,DB,2021
159,160,Tre Norwood,2,0,0.0,0,0,0,0,0,1,3.0,3.0,0.0%,DB,2021
160,161,Anthony Chesley,2,0,0.0,0,0,0,0,0,1,3.0,3.0,1.0%,DB,2021
161,162,Chandon Sullivan,2,0,0.0,0,0,0,0,0,1,3.0,3.0,0.0%,DB,2021
162,163,Khari Willis,1,2,0.0,0,0,0,0,0,1,3.0,3.0,0.1%,DB,2021
163,164,Eric Rowe,2,0,0.0,0,0,0,0,0,1,3.0,3.0,0.2%,DB,2021
164,165,Joejuan Williams,1,1,0.0,0,0,0,0,0,1,2.3,2.3,1.0%,DB,2021
165,166,Jaylon Johnson,1,1,0.0,0,0,0,0,0,1,2.3,2.3,4.8%,DB,2021
166,167,Bobby McCain,1,1,0.0,0,0,0,0,0,1,2.3,2.3,0.0%,DB,2021
167,168,Dean Marlowe,1,1,0.0,0,0,0,0,0,1,2.3,2.3,0.2%,DB,2021
168,169,Isaac Yiadom,1,0,0.0,0,0,0,0,0,1,1.5,1.5,0.0%,DB,2021
169,170,Trae Waynes,1,0,0.0,0,0,0,0,0,1,1.5,1.5,0.0%,DB,2021
170,171,Caden Sterns,1,0,0.0,0,0,0,0,0,1,1.5,1.5,1.6%,DB,2021
171,172,Chris Board,0,2,0.0,0,0,0,0,0,1,1.5,1.5,1.5%,DB,2021
172,173,Eli Apple,1,0,0.0,0,0,0,0,0,1,1.5,1.5,0.0%,DB,2021
173,174,Kyle Fuller,1,0,0.0,0,0,0,0,0,1,1.5,1.5,0.0%,DB,2021
174,175,Denzel Ward,1,0,0.0,0,0,0,0,0,1,1.5,1.5,5.2%,DB,2021
175,176,Tre'von Moehrig,0,2,0.0,0,0,0,0,0,1,1.5,1.5,5.5%,DB,2021
176,177,Benjamin St-Juste,0,0,0.0,1,0,0,0,0,1,1.5,1.5,6.7%,DB,2021
177,178,Chris Harris,1,0,0.0,0,0,0,0,0,1,1.5,1.5,0.0%,DB,2021
178,179,Ezekiel Turner,1,0,0.0,0,0,0,0,0,1,1.5,1.5,0.2%,DB,2021
179,180,Taylor Rapp,1,0,0.0,0,0,0,0,0,1,1.5,1.5,7.7%,DB,2021
180,181,David Long,1,0,0.0,0,0,0,0,0,1,1.5,1.5,0.0%,DB,2021
181,182,Alohi Gilman,1,0,0.0,0,0,0,0,0,1,1.5,1.5,10.7%,DB,2021
182,183,Juan Thornhill,1,0,0.0,0,0,0,0,0,1,1.5,1.5,4.0%,DB,2021
183,184,Ryan Neal,1,0,0.0,0,0,0,0,0,1,1.5,1.5,2.0%,DB,2021
184,185,Bobby Price,0,1,0.0,0,0,0,0,0,1,0.8,0.8,6.0%,DB,2021
185,186,Siran Neal,0,1,0.0,0,0,0,0,0,1,0.8,0.8,0.0%,DB,2021
186,187,Henry Black,0,1,0.0,0,0,0,0,0,1,0.8,0.8,0.0%,DB,2021
187,188,Roderic Teamer,0,1,0.0,0,0,0,0,0,1,0.8,0.8,0.0%,DB,2021
188,189,Justin Coleman,0,1,0.0,0,0,0,0,0,1,0.8,0.8,0.0%,DB,2021
189,190,Duron Harmon,0,1,0.0,0,0,0,0,0,1,0.8,0.8,0.0%,DB,2021
190,191,Jonathan Jones,0,1,0.0,0,0,0,0,0,1,0.8,0.8,1.9%,DB,2021
191,192,Chris Jackson,1,0,0.0,1,0,0,0,0,1,0.0,0.0,0.0%,DB,2021
192,193,P.J. Locke,0,0,0.0,0,0,0,0,0,1,0.0,0.0,5.5%,DB,2021
193,194,Jovante Moffatt,0,0,0.0,0,0,0,0,0,1,0.0,0.0,0.0%,DB,2021
194,195,Bopete Keyes,0,0,0.0,0,0,0,0,0,1,0.0,0.0,0.0%,DB,2021
195,196,Javelin Guidry,0,0,0.0,0,0,0,0,0,1,0.0,0.0,1.0%,DB,2021
196,197,Dane Jackson,0,0,0.0,0,0,0,0,0,1,0.0,0.0,4.1%,DB,2021
197,198,Parnell Motley,0,0,0.0,0,0,0,0,0,1,0.0,0.0,0.0%,DB,2021
198,199,Isaiah Simmons,2,1,0.5,1,0,0,0,0,1,0.0,0.0,6.2%,DB,2021
199,200,Grant Delpit,0,0,0.0,0,0,0,0,0,1,0.0,0.0,21.3%,DB,2021
200,201,Shemar Jean-Charles,0,0,0.0,0,0,0,0,0,1,0.0,0.0,0.0%,DB,2021
201,202,Mark Webb,0,0,0.0,0,0,0,0,0,1,0.0,0.0,0.0%,DB,2021
202,203,Jerry Jacobs,3,0,0.0,1,0,0,0,0,1,0.0,0.0,12.6%,DB,2021
203,204,AJ Parker,6,1,0.0,0,0,0,0,0,1,0.0,0.0,0.0%,DB,2021
204,205,Keith Taylor,3,1,0.0,0,0,0,0,0,1,0.0,0.0,0.0%,DB,2021
205,206,Jason Pinnock,0,0,0.0,0,0,0,0,0,1,0.0,0.0,15.4%,DB,2021
206,207,Asante Samuel,3,0,0.0,0,0,0,0,0,1,0.0,0.0,4.5%,DB,2021
207,208,Nahshon Wright,0,0,0.0,0,0,0,0,0,1,0.0,0.0,0.7%,DB,2021
208,209,Zech McPhearson,0,0,0.0,0,0,0,0,0,1,0.0,0.0,0.0%,DB,2021
209,210,Isaiah Dunn,0,0,0.0,0,0,0,0,0,1,0.0,0.0,0.0%,DB,2021
210,211,Brady Breeze,0,0,0.0,0,0,0,0,0,1,0.0,0.0,0.0%,DB,2021
211,212,Rodarius Williams,0,0,0.0,0,0,0,0,0,1,0.0,0.0,0.0%,DB,2021
212,213,Talanoa Hufanga,0,0,0.0,0,0,0,0,0,1,0.0,0.0,14.1%,DB,2021
213,214,Ar'Darius Washington,0,0,0.0,0,0,0,0,0,1,0.0,0.0,0.2%,DB,2021
214,215,Anthony Levine,0,0,0.0,0,0,0,0,0,1,0.0,0.0,7.0%,DB,2021
215,216,Terrence Brooks,0,0,0.0,0,0,0,0,0,1,0.0,0.0,0.0%,DB,2021
216,217,Nevin Lawson,0,0,0.0,0,0,0,0,0,1,0.0,0.0,0.0%,DB,2021
217,218,Jeff Heath,0,0,0.0,0,0,0,0,0,1,0.0,0.0,1.0%,DB,2021
218,219,Bradley Roby,0,0,0.0,0,0,0,0,0,1,0.0,0.0,0.0%,DB,2021
219,220,M.J. Stewart,0,0,0.0,0,0,0,0,0,1,0.0,0.0,4.0%,DB,2021
220,221,Mike Hughes,0,0,0.0,0,0,0,0,0,1,0.0,0.0,1.1%,DB,2021
221,222,Darius Phillips,0,0,0.0,0,0,0,0,0,1,0.0,0.0,0.0%,DB,2021
222,223,Breon Borders,0,0,0.0,0,0,0,0,0,1,0.0,0.0,0.0%,DB,2021
223,224,Justin Hardee,0,0,0.0,0,0,0,0,0,1,0.0,0.0,0.0%,DB,2021
224,225,Mike Ford,0,0,0.0,0,0,0,0,0,1,0.0,0.0,0.0%,DB,2021
225,226,Kris Boyd,0,0,0.0,0,0,0,0,0,1,0.0,0.0,0.0%,DB,2021
226,227,Jaquan Johnson,0,0,0.0,0,0,0,0,0,1,0.0,0.0,0.0%,DB,2021
227,228,Kemon Hall,0,0,0.0,0,0,0,0,0,1,0.0,0.0,0.0%,DB,2021
228,229,Tevaughn Campbell,2,0,0.0,0,0,0,0,0,1,0.0,0.0,2.0%,DB,2021
229,230,Xavier Crawford,0,0,0.0,0,0,0,0,0,1,0.0,0.0,0.0%,DB,2021
230,231,Rashad Fenton,3,0,0.0,1,0,0,0,0,1,0.0,0.0,0.0%,DB,2021
231,232,Duke Shelley,2,1,0.0,0,0,0,0,0,1,0.0,0.0,0.0%,DB,2021
232,233,Justin Layne,0,0,0.0,0,0,0,0,0,1,0.0,0.0,0.0%,DB,2021
233,234,Amani Hooker,0,0,0.0,0,0,0,0,0,1,0.0,0.0,14.9%,DB,2021
234,235,Dallin Leavitt,0,0,0.0,0,0,0,0,0,1,0.0,0.0,4.0%,DB,2021
235,236,Josh Jackson,0,0,0.0,0,0,0,0,0,1,0.0,0.0,0.0%,DB,2021
236,237,George Odum,0,0,0.0,0,0,0,0,0,1,0.0,0.0,0.5%,DB,2021
237,238,Chris Lammons,0,0,0.0,0,0,0,0,0,1,0.0,0.0,0.0%,DB,2021
238,239,Brandon Wilson,0,0,0.0,0,0,0,0,0,1,0.0,0.0,0.0%,DB,2021
239,240,Darius Philon,2,0,0.0,0,0,0,0,0,1,0.0,0.0,0.0%,DB,2021
240,241,Brandon Stephens,5,5,0.0,0,0,0,0,0,1,0.0,0.0,4.5%,DB,2021
241,242,C.J. Goodwin,0,0,0.0,0,0,0,0,0,1,0.0,0.0,0.4%,DB,2021
242,243,Brandon King,0,0,0.0,0,0,0,0,0,1,0.0,0.0,0.0%,DB,2021
243,244,Jordan Richards,0,0,0.0,0,0,0,0,0,1,0.0,0.0,0.0%,DB,2021
244,245,Briean Boddy-Calhoun,0,0,0.0,0,0,0,0,0,1,0.0,0.0,0.0%,DB,2021
245,246,Ryan Smith,0,0,0.0,0,0,0,0,0,1,0.0,0.0,0.0%,DB,2021
246,247,Karl Joseph,0,0,0.0,0,0,0,0,0,1,0.0,0.0,0.0%,DB,2021
247,248,Eric Murray,0,0,0.0,0,0,0,0,0,1,0.0,0.0,0.2%,DB,2021
