,Rank,Player,Tackle,Assist,Sack,Pass Defended,Interception,Forced Fumble,Fumble Recovery,Defend Touchdown,Games Played,Fantasy Football Points,FTPS/Game,ROST,Position,Year
0,1,Khari Willis,5,4,1,1,0,0,1,0,1,22.5,22.5,0.1%,DB,2021
1,2,Trevon Diggs,5,0,0,1,1,0,0,1,1,20.0,20.0,13.9%,DB,2021
2,3,DeShon Elliott,3,0,1,2,1,0,0,0,1,19.0,19.0,8.0%,DB,2021
3,4,Johnathan Abram,7,2,0,1,1,0,0,0,1,18.5,18.5,2.0%,DB,2021
4,5,Kyle Dugger,8,0,0,1,1,0,0,0,1,18.5,18.5,23.6%,DB,2021
5,6,Xavier McKinney,3,0,0,2,2,0,0,0,1,17.5,17.5,35.6%,DB,2021
6,7,Kendall Fuller,7,0,0,1,1,0,0,0,1,17.0,17.0,7.0%,DB,2021
7,8,Taylor Rapp,1,3,0,2,2,0,0,0,1,16.8,16.8,7.7%,DB,2021
8,9,Kamren Curl,7,2,0,0,0,0,1,0,1,16.0,16.0,30.4%,DB,2021
9,10,Minkah Fitzpatrick,7,2,0,0,0,1,0,0,1,16.0,16.0,36.8%,DB,2021
10,11,Kenny Moore,9,0,0,0,0,0,0,0,1,16.0,16.0,29.0%,DB,2021
11,12,Amani Hooker,6,3,0,0,0,1,0,0,1,15.3,15.3,14.9%,DB,2021
12,13,Derwin James,7,1,0,0,0,1,0,0,1,15.3,15.3,75.9%,DB,2021
13,14,D.J. Reed,7,2,0,2,0,0,0,0,1,15.0,15.0,10.1%,DB,2021
14,15,Avonte Maddox,5,3,0,0,0,0,0,0,1,14.8,14.8,2.5%,DB,2021
15,16,A.J. Bouye,6,0,0,1,0,1,0,0,1,14.5,14.5,0.0%,DB,2021
16,17,Jordan Fuller,8,3,0,0,0,0,0,0,1,14.3,14.3,10.1%,DB,2021
17,18,Nevin Lawson,3,2,0,2,1,0,0,0,1,14.0,14.0,0.0%,DB,2021
18,19,Jeremy Chinn,7,2,0,1,0,0,0,0,1,13.5,13.5,7.0%,DB,2021
19,20,Bobby McCain,4,1,0,1,1,0,0,0,1,13.3,13.3,0.0%,DB,2021
20,21,Robert Rochell,4,1,0,1,1,0,0,0,1,13.3,13.3,0.0%,DB,2021
21,22,Elijah Molden,6,2,0,0,0,0,0,0,1,13.0,13.0,3.6%,DB,2021
22,23,Harrison Smith,8,1,0,0,0,0,0,0,1,12.8,12.8,18.9%,DB,2021
23,24,J.C. Jackson,4,1,0,4,0,0,0,0,1,12.8,12.8,1.2%,DB,2021
24,25,Rayshawn Jenkins,6,3,0,1,0,0,0,0,1,12.8,12.8,25.3%,DB,2021
25,26,Anthony Harris,3,2,0,1,1,0,0,0,1,12.5,12.5,0.0%,DB,2021
26,27,L'Jarius Sneed,4,0,0,0,0,0,1,0,1,12.5,12.5,47.7%,DB,2021
27,28,Xavier Woods,4,1,0,1,0,1,0,0,1,12.3,12.3,11.3%,DB,2021
28,29,Nate Hobbs,6,4,0,0,0,0,0,0,1,12.0,12.0,32.8%,DB,2021
29,30,Brandon Facyson,2,1,0,2,1,0,0,0,1,11.8,11.8,0.5%,DB,2021
30,31,Tre'von Moehrig,2,1,0,2,1,0,0,0,1,11.8,11.8,5.5%,DB,2021
31,32,Jordan Poyer,3,1,0,1,1,0,0,0,1,11.8,11.8,26.4%,DB,2021
32,33,Andrew Wingard,5,2,0,0,0,0,0,0,1,11.5,11.5,1.6%,DB,2021
33,34,Kareem Jackson,4,2,1,0,0,0,0,0,1,11.5,11.5,0.7%,DB,2021
34,35,Donte Jackson,5,0,0,1,0,0,0,0,1,11.5,11.5,4.1%,DB,2021
35,36,Sean Chandler,6,3,0,0,0,0,0,0,1,11.3,11.3,5.0%,DB,2021
36,37,Jamel Dean,0,0,0,4,1,0,0,0,1,11.0,11.0,13.1%,DB,2021
37,38,Darnell Savage,3,0,0,1,1,0,0,0,1,11.0,11.0,5.1%,DB,2021
38,39,Robert Alford,1,0,0,3,1,0,0,0,1,11.0,11.0,0.0%,DB,2021
39,40,Bryce Callahan,3,0,1,0,0,0,0,0,1,11.0,11.0,0.0%,DB,2021
40,41,Landon Collins,4,3,0,0,0,0,0,0,1,10.8,10.8,0.0%,DB,2021
41,42,Jabrill Peppers,5,4,0,0,0,0,0,0,1,10.5,10.5,10.4%,DB,2021
42,43,Jalen Mills,6,2,0,0,0,0,0,0,1,10.5,10.5,0.5%,DB,2021
43,44,Eddie Jackson,6,2,0,0,0,0,0,0,1,10.5,10.5,3.1%,DB,2021
44,45,Vonn Bell,5,2,0,1,0,0,0,0,1,10.5,10.5,5.5%,DB,2021
45,46,Logan Ryan,5,2,0,1,0,0,0,0,1,10.5,10.5,1.3%,DB,2021
46,47,Isaiah Rodgers,1,1,0,2,1,0,0,0,1,10.3,10.3,0.5%,DB,2021
47,48,Jamal Adams,4,2,0,0,0,0,0,0,1,10.0,10.0,3.4%,DB,2021
48,49,Anthony Averett,5,1,0,1,0,0,0,0,1,9.8,9.8,0.0%,DB,2021
49,50,Byron Murphy,5,1,0,1,0,0,0,0,1,9.8,9.8,7.1%,DB,2021
50,51,Troy Hill,6,1,0,0,0,0,0,0,1,9.8,9.8,2.7%,DB,2021
51,52,Brandon Jones,4,1,0,0,0,0,0,0,1,9.3,9.3,19.8%,DB,2021
52,53,Jayron Kearse,4,1,0,0,0,0,0,0,1,9.3,9.3,1.3%,DB,2021
53,54,Jevon Holland,4,2,0,1,0,0,0,0,1,9.0,9.0,21.6%,DB,2021
54,55,Marco Wilson,5,0,0,1,0,0,0,0,1,9.0,9.0,0.4%,DB,2021
55,56,Greedy Williams,5,0,0,1,0,0,0,0,1,9.0,9.0,0.0%,DB,2021
56,57,Chidobe Awuzie,5,0,0,1,0,0,0,0,1,9.0,9.0,2.3%,DB,2021
57,58,Kevin Byard,1,1,0,1,1,0,0,0,1,8.8,8.8,29.1%,DB,2021
58,59,Amani Oruwariye,1,1,0,1,1,0,0,0,1,8.8,8.8,0.2%,DB,2021
59,60,Julian Blackmon,4,0,0,0,0,0,0,0,1,8.5,8.5,14.3%,DB,2021
60,61,Tre Norwood,3,0,0,1,0,0,0,0,1,8.5,8.5,0.0%,DB,2021
61,62,Tre Herndon,3,2,0,0,0,0,0,0,1,8.5,8.5,0.2%,DB,2021
62,63,Jalen Ramsey,5,1,0,0,0,0,0,0,1,8.3,8.3,17.9%,DB,2021
63,64,Jalen Thompson,5,1,0,0,0,0,0,0,1,8.3,8.3,17.1%,DB,2021
64,65,James Pierre,2,1,0,0,0,1,0,0,1,7.8,7.8,0.0%,DB,2021
65,66,Devin McCourty,4,2,0,0,0,0,0,0,1,7.5,7.5,4.4%,DB,2021
66,67,Pat Surtain,4,0,0,1,0,0,0,0,1,7.5,7.5,11.5%,DB,2021
67,68,Chuck Clark,3,2,0,1,0,0,0,0,1,7.5,7.5,6.4%,DB,2021
68,69,Rasul Douglas,5,0,0,0,0,0,0,0,1,7.5,7.5,8.5%,DB,2021
69,70,Steven Nelson,3,2,0,1,0,0,0,0,1,7.5,7.5,0.2%,DB,2021
70,71,Mackensie Alexander,4,0,0,1,0,0,0,0,1,7.5,7.5,0.0%,DB,2021
71,72,Juan Thornhill,3,0,0,0,0,0,0,0,1,7.0,7.0,4.0%,DB,2021
72,73,Arthur Maulet,3,0,0,0,0,0,0,0,1,7.0,7.0,0.9%,DB,2021
73,74,James Bradberry,2,1,0,2,0,0,0,0,1,6.8,6.8,2.0%,DB,2021
74,75,Taron Johnson,3,3,0,0,0,0,0,0,1,6.8,6.8,30.9%,DB,2021
75,76,Ronald Darby,4,1,0,0,0,0,0,0,1,6.8,6.8,2.3%,DB,2021
76,77,Sidney Jones,3,3,0,0,0,0,0,0,1,6.8,6.8,0.0%,DB,2021
77,78,Tashaun Gipson,4,1,0,0,0,0,0,0,1,6.8,6.8,0.4%,DB,2021
78,79,Michael Davis,4,1,0,0,0,0,0,0,1,6.8,6.8,0.9%,DB,2021
79,80,Tracy Walker,3,1,0,1,0,0,0,0,1,6.8,6.8,1.8%,DB,2021
80,81,Jordan Whitehead,3,1,0,1,0,0,0,0,1,6.8,6.8,16.9%,DB,2021
81,82,Bashaud Breeland,0,0,0,1,1,0,0,0,1,6.5,6.5,1.0%,DB,2021
82,83,Patrick Peterson,2,1,0,0,0,0,0,0,1,6.3,6.3,0.9%,DB,2021
83,84,Chris Harris,3,2,0,0,0,0,0,0,1,6.0,6.0,0.0%,DB,2021
84,85,Noah Igbinoghene,4,0,0,0,0,0,0,0,1,6.0,6.0,0.0%,DB,2021
85,86,Rock Ya-Sin,4,0,0,0,0,0,0,0,1,6.0,6.0,0.5%,DB,2021
86,87,Henry Black,4,0,0,0,0,0,0,0,1,6.0,6.0,0.0%,DB,2021
87,88,Shaq Griffin,4,0,0,0,0,0,0,0,1,6.0,6.0,1.2%,DB,2021
88,89,Lonnie Johnson,3,2,0,0,0,0,0,0,1,6.0,6.0,0.2%,DB,2021
89,90,Justin Coleman,4,0,0,0,0,0,0,0,1,6.0,6.0,0.0%,DB,2021
90,91,Tyrann Mathieu,3,2,0,0,0,0,0,0,1,6.0,6.0,10.0%,DB,2021
91,92,Xavier Rhodes,3,2,0,0,0,0,0,0,1,6.0,6.0,0.0%,DB,2021
92,93,Levi Wallace,3,0,0,1,0,0,0,0,1,6.0,6.0,2.0%,DB,2021
93,94,Tavierre Thomas,3,2,0,0,0,0,0,0,1,6.0,6.0,2.0%,DB,2021
94,95,Dont'e Deayon,4,0,0,0,0,0,0,0,1,6.0,6.0,0.0%,DB,2021
95,96,Mike Hughes,4,0,0,0,0,0,0,0,1,6.0,6.0,1.1%,DB,2021
96,97,Kenny Robinson,0,0,0,0,0,0,0,0,1,6.0,6.0,0.0%,DB,2021
97,98,Casey Hayward,3,0,0,1,0,0,0,0,1,6.0,6.0,0.0%,DB,2021
98,99,John Johnson,2,3,0,0,0,0,0,0,1,5.3,5.3,0.0%,DB,2021
99,100,William Jackson,3,1,0,0,0,0,0,0,1,5.3,5.3,0.0%,DB,2021
100,101,Jonathan Jones,2,1,0,1,0,0,0,0,1,5.3,5.3,1.9%,DB,2021
101,102,Rodney McLeod,2,3,0,0,0,0,0,0,1,5.3,5.3,0.4%,DB,2021
102,103,Denzel Ward,3,1,0,0,0,0,0,0,1,5.3,5.3,5.2%,DB,2021
103,104,Ronnie Harrison,3,1,0,0,0,0,0,0,1,5.3,5.3,0.5%,DB,2021
104,105,Damontae Kazee,3,0,0,0,0,0,0,0,1,4.5,4.5,1.6%,DB,2021
105,106,Anthony Brown,2,2,0,0,0,0,0,0,1,4.5,4.5,0.0%,DB,2021
106,107,Janoris Jenkins,3,0,0,0,0,0,0,0,1,4.5,4.5,1.0%,DB,2021
107,108,Ross Cockrell,1,2,0,1,0,0,0,0,1,4.5,4.5,0.0%,DB,2021
108,109,Micah Hyde,3,0,0,0,0,0,0,0,1,4.5,4.5,1.2%,DB,2021
109,110,Adrian Amos,3,0,0,0,0,0,0,0,1,4.5,4.5,0.2%,DB,2021
110,111,Rudy Ford,3,0,0,0,0,0,0,0,1,4.5,4.5,4.0%,DB,2021
111,112,Mike Hilton,3,0,0,0,0,0,0,0,1,4.5,4.5,11.0%,DB,2021
112,113,Kindle Vildor,2,2,0,0,0,0,0,0,1,4.5,4.5,0.0%,DB,2021
113,114,Marlon Humphrey,2,0,0,1,0,0,0,0,1,4.5,4.5,4.8%,DB,2021
114,115,Terrance Mitchell,3,0,0,0,0,0,0,0,1,4.5,4.5,0.0%,DB,2021
115,116,Jessie Bates,3,0,0,0,0,0,0,0,1,4.5,4.5,69.2%,DB,2021
116,117,Tre Brown,3,0,0,0,0,0,0,0,1,4.5,4.5,0.8%,DB,2021
117,118,Adrian Phillips,2,2,0,0,0,0,0,0,1,4.5,4.5,0.7%,DB,2021
118,119,Jaylon Johnson,2,1,0,0,0,0,0,0,1,3.8,3.8,4.8%,DB,2021
119,120,Mike Edwards,1,3,0,0,0,0,0,0,1,3.8,3.8,4.2%,DB,2021
120,121,Darius Slay,2,1,0,0,0,0,0,0,1,3.8,3.8,10.0%,DB,2021
121,122,Cameron Sutton,2,1,0,0,0,0,0,0,1,3.8,3.8,0.2%,DB,2021
122,123,Marcus Epps,2,1,0,0,0,0,0,0,1,3.8,3.8,4.0%,DB,2021
123,124,Terrell Edmunds,2,1,0,0,0,0,0,0,1,3.8,3.8,1.1%,DB,2021
124,125,Adoree' Jackson,2,1,0,0,0,0,0,0,1,3.8,3.8,1.2%,DB,2021
125,126,Eric Rowe,1,1,0,1,0,0,0,0,1,3.8,3.8,0.2%,DB,2021
126,127,Amik Robertson,2,1,0,0,0,0,0,0,1,3.8,3.8,0.5%,DB,2021
127,128,Joe Haden,2,1,0,0,0,0,0,0,1,3.8,3.8,1.0%,DB,2021
128,129,Eric Stokes,2,1,0,0,0,0,0,0,1,3.8,3.8,1.4%,DB,2021
129,130,Benjamin St-Juste,2,0,0,0,0,0,0,0,1,3.0,3.0,6.7%,DB,2021
130,131,Breon Borders,1,0,0,1,0,0,0,0,1,3.0,3.0,0.0%,DB,2021
131,132,Cameron Dantzler,2,0,0,0,0,0,0,0,1,3.0,3.0,0.0%,DB,2021
132,133,Dee Delaney,2,0,0,0,0,0,0,0,1,3.0,3.0,0.0%,DB,2021
133,134,Justin Simmons,1,2,0,0,0,0,0,0,1,3.0,3.0,11.6%,DB,2021
134,135,Caleb Farley,2,0,0,0,0,0,0,0,1,3.0,3.0,0.0%,DB,2021
135,136,Nik Needham,2,0,0,0,0,0,0,0,1,3.0,3.0,0.2%,DB,2021
136,137,Quandre Diggs,2,0,0,0,0,0,0,0,1,3.0,3.0,3.1%,DB,2021
137,138,Malik Hooker,2,0,0,0,0,0,0,0,1,3.0,3.0,3.8%,DB,2021
138,139,Ryan Neal,2,0,0,0,0,0,0,0,1,3.0,3.0,2.0%,DB,2021
139,140,Justin Reid,1,0,0,1,0,0,0,0,1,3.0,3.0,33.4%,DB,2021
140,141,Roderic Teamer,2,0,0,0,0,0,0,0,1,3.0,3.0,0.0%,DB,2021
141,142,JuJu Hughes,1,1,0,0,0,0,0,0,1,2.3,2.3,0.0%,DB,2021
142,143,Alohi Gilman,1,1,0,0,0,0,0,0,1,2.3,2.3,10.7%,DB,2021
143,144,Budda Baker,1,1,0,0,0,0,0,0,1,2.3,2.3,36.6%,DB,2021
144,145,Keanu Neal,1,1,0,0,0,0,0,0,1,2.3,2.3,0.7%,DB,2021
145,146,Jourdan Lewis,1,1,0,0,0,0,0,0,1,2.3,2.3,2.0%,DB,2021
146,147,Marquise Blair,1,1,0,0,0,0,0,0,1,2.3,2.3,0.0%,DB,2021
147,148,Ricardo Allen,1,0,0,0,0,0,0,0,1,1.5,1.5,0.0%,DB,2021
148,149,Nick Scott,0,2,0,0,0,0,0,0,1,1.5,1.5,1.7%,DB,2021
149,150,Tre'Davious White,1,0,0,0,0,0,0,0,1,1.5,1.5,5.5%,DB,2021
150,151,Jalen Davis,0,2,0,0,0,0,0,0,1,1.5,1.5,0.5%,DB,2021
151,152,Richard Sherman,1,0,0,0,0,0,0,0,1,1.5,1.5,0.1%,DB,2021
152,153,DeAndre Houston-Carson,0,2,0,0,0,0,0,0,1,1.5,1.5,0.0%,DB,2021
153,154,David Long,0,0,0,1,0,0,0,0,1,1.5,1.5,0.0%,DB,2021
154,155,Jimmy Smith,1,0,0,0,0,0,0,0,1,1.5,1.5,0.0%,DB,2021
155,156,Grant Delpit,1,0,0,0,0,0,0,0,1,1.5,1.5,21.3%,DB,2021
156,157,Greg Newsome,1,0,0,0,0,0,0,0,1,1.5,1.5,5.3%,DB,2021
157,158,Justin Bethel,0,0,0,1,0,0,0,0,1,1.5,1.5,0.0%,DB,2021
158,159,Caden Sterns,1,0,0,0,0,0,0,0,1,1.5,1.5,1.6%,DB,2021
159,160,Donovan Wilson,1,0,0,0,0,0,0,0,1,1.5,1.5,20.6%,DB,2021
160,161,Eli Apple,1,0,0,0,0,0,0,0,1,1.5,1.5,0.0%,DB,2021
161,162,Darnay Holmes,1,0,0,0,0,0,0,0,1,1.5,1.5,0.2%,DB,2021
162,163,Terrence Brooks,1,0,0,0,0,0,0,0,1,1.5,1.5,0.0%,DB,2021
163,164,Daniel Sorensen,1,0,0,0,0,0,0,0,1,1.5,1.5,0.0%,DB,2021
164,165,Trey Marshall,0,1,0,0,0,0,0,0,1,0.8,0.8,0.0%,DB,2021
165,166,Chris Board,0,1,0,0,0,0,0,0,1,0.8,0.8,1.5%,DB,2021
166,167,Dallin Leavitt,0,1,0,0,0,0,0,0,1,0.8,0.8,4.0%,DB,2021
167,168,Brandon Wilson,0,1,0,0,0,0,0,0,1,0.8,0.8,0.0%,DB,2021
168,169,Keisean Nixon,0,1,0,0,0,0,0,0,1,0.8,0.8,22.9%,DB,2021
169,170,Chris Jackson,5,0,0,1,0,0,0,0,1,0.0,0.0,0.0%,DB,2021
170,171,Josiah Scott,0,0,0,0,0,0,0,0,1,0.0,0.0,0.9%,DB,2021
171,172,Dane Jackson,0,0,0,0,0,0,0,0,1,0.0,0.0,4.1%,DB,2021
172,173,Josh Metellus,0,0,0,0,0,0,0,0,1,0.0,0.0,41.4%,DB,2021
173,174,Terrell Burgess,0,0,0,0,0,0,0,0,1,0.0,0.0,0.0%,DB,2021
174,175,Bobby Price,0,0,0,0,0,0,0,0,1,0.0,0.0,6.0%,DB,2021
175,176,Chris Claybrooks,0,0,0,0,0,0,0,0,1,0.0,0.0,0.0%,DB,2021
176,177,Stantley Thomas-Oliver,0,0,0,0,0,0,0,0,1,0.0,0.0,1.0%,DB,2021
177,178,C.J. Moore,0,0,0,0,0,0,0,0,1,0.0,0.0,5.1%,DB,2021
178,179,Kareem Orr,0,0,0,0,0,0,0,0,1,0.0,0.0,0.0%,DB,2021
179,180,Isaiah Simmons,5,1,0,0,0,0,0,0,1,0.0,0.0,6.2%,DB,2021
180,181,Herb Miller,0,0,0,0,0,0,0,0,1,0.0,0.0,0.0%,DB,2021
181,182,Shemar Jean-Charles,0,0,0,0,0,0,0,0,1,0.0,0.0,0.0%,DB,2021
182,183,Jerry Jacobs,5,1,0,1,0,1,0,0,1,0.0,0.0,12.6%,DB,2021
183,184,AJ Parker,3,2,0,0,0,0,0,0,1,0.0,0.0,0.0%,DB,2021
184,185,Keith Taylor,10,0,0,3,0,1,0,0,1,0.0,0.0,0.0%,DB,2021
185,186,Asante Samuel,3,1,0,0,0,0,0,0,1,0.0,0.0,4.5%,DB,2021
186,187,Nahshon Wright,0,0,0,0,0,0,0,0,1,0.0,0.0,0.7%,DB,2021
187,188,Trill Williams,0,0,0,0,0,0,0,0,1,0.0,0.0,0.0%,DB,2021
188,189,Tyree Gillespie,0,0,0,0,0,0,0,0,1,0.0,0.0,0.0%,DB,2021
189,190,Andre Cisco,0,0,0,0,0,0,0,0,1,0.0,0.0,3.8%,DB,2021
190,191,Kyle Fuller,0,0,0,0,0,0,0,0,1,0.0,0.0,0.0%,DB,2021
191,192,Chris Banjo,0,0,0,0,0,0,0,0,1,0.0,0.0,0.0%,DB,2021
192,193,Cody Davis,0,0,0,0,0,0,0,0,1,0.0,0.0,0.0%,DB,2021
193,194,Armani Watts,0,0,0,0,0,0,0,0,1,0.0,0.0,0.0%,DB,2021
194,195,Siran Neal,0,0,0,0,0,0,0,0,1,0.0,0.0,0.0%,DB,2021
195,196,Keion Crossen,0,0,0,0,0,0,0,0,1,0.0,0.0,0.2%,DB,2021
196,197,Darius Phillips,0,0,0,0,0,0,0,0,1,0.0,0.0,0.0%,DB,2021
197,198,Desmond King,0,0,0,0,0,0,0,0,1,0.0,0.0,12.6%,DB,2021
198,199,Sam Beal,0,0,0,0,0,0,0,0,1,0.0,0.0,0.0%,DB,2021
199,200,Julian Love,0,0,0,0,0,0,0,0,1,0.0,0.0,33.4%,DB,2021
200,201,Kris Boyd,0,0,0,0,0,0,0,0,1,0.0,0.0,0.0%,DB,2021
201,202,Justin Layne,0,0,0,0,0,0,0,0,1,0.0,0.0,0.0%,DB,2021
202,203,Tevaughn Campbell,0,0,0,0,0,0,0,0,1,0.0,0.0,2.0%,DB,2021
203,204,Will Harris,0,0,0,0,0,0,0,0,1,0.0,0.0,0.0%,DB,2021
204,205,Xavier Crawford,2,1,0,0,0,0,0,0,1,0.0,0.0,0.0%,DB,2021
205,206,Rashad Fenton,7,0,0,2,0,0,0,0,1,0.0,0.0,0.0%,DB,2021
206,207,Kemon Hall,0,0,0,0,0,0,0,0,1,0.0,0.0,0.0%,DB,2021
207,208,Ugo Amadi,0,0,0,0,0,0,0,0,1,0.0,0.0,0.2%,DB,2021
208,209,Chandon Sullivan,0,0,0,0,0,0,0,0,1,0.0,0.0,0.0%,DB,2021
209,210,Isaac Yiadom,0,0,0,0,0,0,0,0,1,0.0,0.0,0.0%,DB,2021
210,211,A.J. Moore,0,0,0,0,0,0,0,0,1,0.0,0.0,0.0%,DB,2021
211,212,Danny Johnson,0,0,0,0,0,0,0,0,1,0.0,0.0,0.0%,DB,2021
212,213,Dean Marlowe,0,0,0,0,0,0,0,0,1,0.0,0.0,0.2%,DB,2021
213,214,Brandon Stephens,3,0,0,0,0,0,0,0,1,0.0,0.0,4.5%,DB,2021
214,215,Marqui Christian,0,0,0,0,0,0,0,0,1,0.0,0.0,0.0%,DB,2021
215,216,Antonio Hamilton,0,0,0,0,0,0,0,0,1,0.0,0.0,0.7%,DB,2021
216,217,Miles Killebrew,0,0,0,0,0,0,0,0,1,0.0,0.0,0.2%,DB,2021
217,218,Tavon Young,0,0,0,0,0,0,0,0,1,0.0,0.0,1.0%,DB,2021
218,219,Deon Bush,0,0,0,0,0,0,0,0,1,0.0,0.0,0.0%,DB,2021
