,Rank,Player,Tackle,Assist,Sack,Pass Defended,Interception,Forced Fumble,Fumble Recovery,Defend Touchdown,Games Played,Fantasy Football Points,FTPS/Game,ROST,Position,Year
0,1,Xavier Woods,4,4,1,1,1,1,0,0,1,23.5,23.5,11.3%,DB,2021
1,2,Justin Simmons,7,0,0,2,2,0,0,0,1,23.5,23.5,11.6%,DB,2021
2,3,Jordan Poyer,9,0,0,1,1,0,0,0,1,22.5,22.5,26.4%,DB,2021
3,4,Adrian Phillips,1,2,0,2,2,0,0,1,1,22.0,22.0,0.7%,DB,2021
4,5,Rasul Douglas,9,0,0,2,1,0,0,0,1,21.5,21.5,8.5%,DB,2021
5,6,Derwin James,7,6,0,0,0,1,0,0,1,21.5,21.5,75.9%,DB,2021
6,7,Josh Norman,7,0,0,1,1,1,0,0,1,21.0,21.0,3.0%,DB,2021
7,8,Kenny Moore,7,2,0,2,1,0,0,0,1,20.0,20.0,29.0%,DB,2021
8,9,Landon Collins,5,3,1,0,0,0,0,0,1,18.8,18.8,0.0%,DB,2021
9,10,Vonn Bell,5,4,0,0,0,1,1,0,1,18.5,18.5,5.5%,DB,2021
10,11,Jordan Whitehead,9,0,0,1,0,0,0,0,1,17.5,17.5,16.9%,DB,2021
11,12,Harrison Smith,7,2,0,1,0,1,0,0,1,17.5,17.5,18.9%,DB,2021
12,13,Elijah Molden,2,0,0,2,1,0,0,1,1,17.0,17.0,3.6%,DB,2021
13,14,Jessie Bates,6,2,0,1,1,0,0,0,1,17.0,17.0,69.2%,DB,2021
14,15,Adoree' Jackson,8,4,0,1,0,0,0,0,1,16.5,16.5,1.2%,DB,2021
15,16,Logan Ryan,7,2,0,0,0,1,0,0,1,16.0,16.0,1.3%,DB,2021
16,17,Kevin Byard,4,0,0,3,1,0,0,0,1,15.5,15.5,29.1%,DB,2021
17,18,C.J. Gardner-Johnson,5,1,0,1,1,0,0,0,1,14.8,14.8,16.7%,DB,2021
18,19,Marcell Harris,5,1,1,0,0,0,0,0,1,14.8,14.8,0.0%,DB,2021
19,20,Nasir Adderley,5,2,0,1,0,0,1,0,1,14.5,14.5,0.7%,DB,2021
20,21,Chidobe Awuzie,7,0,0,1,0,0,0,0,1,14.5,14.5,2.3%,DB,2021
21,22,Ugo Amadi,8,1,0,1,0,0,0,0,1,14.3,14.3,0.2%,DB,2021
22,23,Andrew Sendejo,6,1,0,0,0,1,0,0,1,13.8,13.8,0.0%,DB,2021
23,24,Cameron Dantzler,7,0,0,2,0,0,0,0,1,13.5,13.5,0.0%,DB,2021
24,25,Marcus Epps,7,2,0,1,0,0,0,0,1,13.5,13.5,4.0%,DB,2021
25,26,K'Waun Williams,4,3,0,0,0,0,0,0,1,13.3,13.3,0.0%,DB,2021
26,27,P.J. Williams,0,0,0,1,1,0,0,1,1,12.5,12.5,0.0%,DB,2021
27,28,Ryan Neal,4,0,1,0,0,0,0,0,1,12.5,12.5,2.0%,DB,2021
28,29,Jalen Thompson,4,6,0,1,0,0,0,0,1,12.0,12.0,17.1%,DB,2021
29,30,Erik Harris,5,2,0,2,0,0,0,0,1,12.0,12.0,0.4%,DB,2021
30,31,Pierre Desir,7,0,0,1,0,0,0,0,1,12.0,12.0,0.0%,DB,2021
31,32,Quandre Diggs,2,1,0,2,1,0,0,0,1,11.8,11.8,3.1%,DB,2021
32,33,Darius Slay,1,0,0,0,0,0,1,1,1,11.5,11.5,10.0%,DB,2021
33,34,Dont'e Deayon,6,1,0,1,0,0,0,0,1,11.3,11.3,0.0%,DB,2021
34,35,Jamal Adams,5,5,0,0,0,0,0,0,1,11.3,11.3,3.4%,DB,2021
35,36,Justin Reid,5,5,0,0,0,0,0,0,1,11.3,11.3,33.4%,DB,2021
36,37,Jalen Ramsey,2,0,0,1,0,1,0,0,1,11.0,11.0,17.9%,DB,2021
37,38,James Bradberry,3,1,0,1,0,0,1,0,1,10.8,10.8,2.0%,DB,2021
38,39,Jayron Kearse,5,1,0,0,0,0,0,0,1,10.8,10.8,1.3%,DB,2021
39,40,Nik Needham,6,2,0,0,0,0,0,0,1,10.5,10.5,0.2%,DB,2021
40,41,Marcus Maye,5,0,0,0,0,0,0,0,1,10.0,10.0,2.0%,DB,2021
41,42,DeAndre Houston-Carson,5,1,0,1,0,0,0,0,1,9.8,9.8,0.0%,DB,2021
42,43,Marcus Williams,5,3,0,0,0,0,0,0,1,9.8,9.8,7.1%,DB,2021
43,44,Vernon Hargreaves,6,1,0,0,0,0,0,0,1,9.8,9.8,0.0%,DB,2021
44,45,Anthony Brown,4,1,0,2,0,0,0,0,1,9.8,9.8,0.0%,DB,2021
45,46,Kareem Jackson,6,1,0,0,0,0,0,0,1,9.8,9.8,0.7%,DB,2021
46,47,Budda Baker,6,1,0,0,0,0,0,0,1,9.8,9.8,36.6%,DB,2021
47,48,Henry Black,2,0,0,1,1,0,0,0,1,9.5,9.5,0.0%,DB,2021
48,49,Micah Hyde,3,1,0,0,0,0,1,0,1,9.3,9.3,1.2%,DB,2021
49,50,Benjamin St-Juste,3,3,0,0,0,0,0,0,1,9.3,9.3,6.7%,DB,2021
50,51,Talanoa Hufanga,4,1,0,0,0,0,0,0,1,9.3,9.3,14.1%,DB,2021
51,52,Avonte Maddox,3,1,0,0,0,1,0,0,1,9.3,9.3,2.5%,DB,2021
52,53,Brandon Jones,4,1,0,0,0,0,0,0,1,9.3,9.3,19.8%,DB,2021
53,54,Byron Murphy,4,2,0,1,0,0,0,0,1,9.0,9.0,7.1%,DB,2021
54,55,Levi Wallace,5,0,0,1,0,0,0,0,1,9.0,9.0,2.0%,DB,2021
55,56,L'Jarius Sneed,5,2,0,0,0,0,0,0,1,9.0,9.0,47.7%,DB,2021
56,57,Chris Harris,6,0,0,0,0,0,0,0,1,9.0,9.0,0.0%,DB,2021
57,58,Byron Jones,4,2,0,1,0,0,0,0,1,9.0,9.0,0.0%,DB,2021
58,59,Kamren Curl,5,2,0,0,0,0,0,0,1,9.0,9.0,30.4%,DB,2021
59,60,Ronald Darby,5,2,0,0,0,0,0,0,1,9.0,9.0,2.3%,DB,2021
60,61,Stephon Gilmore,1,1,0,1,1,0,0,0,1,8.8,8.8,1.5%,DB,2021
61,62,Julian Love,1,1,0,1,1,0,0,0,1,8.8,8.8,33.4%,DB,2021
62,63,Marco Wilson,3,0,0,0,0,1,0,0,1,8.5,8.5,0.4%,DB,2021
63,64,Michael Carter,2,2,0,1,0,0,0,0,1,8.5,8.5,0.0%,DB,2021
64,65,Bashaud Breeland,4,3,0,0,0,0,0,0,1,8.3,8.3,1.0%,DB,2021
65,66,Tavierre Thomas,2,5,0,1,0,0,0,0,1,8.3,8.3,2.0%,DB,2021
66,67,Ronnie Harrison,5,1,0,0,0,0,0,0,1,8.3,8.3,0.5%,DB,2021
67,68,Sidney Jones,3,1,0,2,0,0,0,0,1,8.3,8.3,0.0%,DB,2021
68,69,Jeremy Chinn,4,1,0,1,0,0,0,0,1,8.3,8.3,7.0%,DB,2021
69,70,Eric Stokes,5,1,0,0,0,0,0,0,1,8.3,8.3,1.4%,DB,2021
70,71,Greedy Williams,4,1,0,1,0,0,0,0,1,8.3,8.3,0.0%,DB,2021
71,72,Keion Crossen,1,0,1,0,0,0,0,0,1,8.0,8.0,0.2%,DB,2021
72,73,George Odum,5,0,0,0,0,0,0,0,1,7.5,7.5,0.5%,DB,2021
73,74,Tracy Walker,3,4,0,0,0,0,0,0,1,7.5,7.5,1.8%,DB,2021
74,75,Xavier McKinney,3,4,0,0,0,0,0,0,1,7.5,7.5,35.6%,DB,2021
75,76,Kyle Dugger,4,2,0,0,0,0,0,0,1,7.5,7.5,23.6%,DB,2021
76,77,Dean Marlowe,4,2,0,0,0,0,0,0,1,7.5,7.5,0.2%,DB,2021
77,78,Taron Johnson,5,0,0,0,0,0,0,0,1,7.5,7.5,30.9%,DB,2021
78,79,Jimmie Ward,5,0,0,0,0,0,0,0,1,7.5,7.5,9.7%,DB,2021
79,80,Jourdan Lewis,5,0,0,0,0,0,0,0,1,7.5,7.5,2.0%,DB,2021
80,81,Rayshawn Jenkins,4,2,0,0,0,0,0,0,1,7.5,7.5,25.3%,DB,2021
81,82,A.J. Terrell,3,0,0,0,0,0,0,0,1,7.0,7.0,4.0%,DB,2021
82,83,Cameron Sutton,3,0,0,0,0,0,0,0,1,7.0,7.0,0.2%,DB,2021
83,84,Jevon Holland,4,1,0,0,0,0,0,0,1,6.8,6.8,21.6%,DB,2021
84,85,Malcolm Jenkins,1,3,0,2,0,0,0,0,1,6.8,6.8,15.0%,DB,2021
85,86,Jaylon Johnson,3,1,0,1,0,0,0,0,1,6.8,6.8,4.8%,DB,2021
86,87,Terrell Edmunds,4,1,0,0,0,0,0,0,1,6.8,6.8,1.1%,DB,2021
87,88,Grant Delpit,4,1,0,0,0,0,0,0,1,6.8,6.8,21.3%,DB,2021
88,89,J.C. Jackson,4,1,0,0,0,0,0,0,1,6.8,6.8,1.2%,DB,2021
89,90,Tashaun Gipson,2,3,0,1,0,0,0,0,1,6.8,6.8,0.4%,DB,2021
90,91,Minkah Fitzpatrick,3,1,0,1,0,0,0,0,1,6.8,6.8,36.8%,DB,2021
91,92,Kendall Fuller,2,1,0,2,0,0,0,0,1,6.8,6.8,7.0%,DB,2021
92,93,Charvarius Ward,4,1,0,0,0,0,0,0,1,6.8,6.8,30.2%,DB,2021
93,94,Terrance Mitchell,2,1,0,2,0,0,0,0,1,6.8,6.8,0.0%,DB,2021
94,95,Lonnie Johnson,4,1,0,0,0,0,0,0,1,6.8,6.8,0.2%,DB,2021
95,96,Troy Hill,3,3,0,0,0,0,0,0,1,6.8,6.8,2.7%,DB,2021
96,97,Greg Mabin,4,1,0,0,0,0,0,0,1,6.8,6.8,0.0%,DB,2021
97,98,Tyson Campbell,3,1,0,1,0,0,0,0,1,6.8,6.8,17.0%,DB,2021
98,99,Greg Newsome,3,0,0,1,0,0,0,0,1,6.0,6.0,5.3%,DB,2021
99,100,Devin McCourty,1,2,0,2,0,0,0,0,1,6.0,6.0,4.4%,DB,2021
100,101,Antoine Winfield,2,2,0,1,0,0,0,0,1,6.0,6.0,70.3%,DB,2021
101,102,Rudy Ford,3,2,0,0,0,0,0,0,1,6.0,6.0,4.0%,DB,2021
102,103,Tre'Davious White,2,0,0,2,0,0,0,0,1,6.0,6.0,5.5%,DB,2021
103,104,Amani Hooker,2,2,0,1,0,0,0,0,1,6.0,6.0,14.9%,DB,2021
104,105,Bryce Hall,2,2,0,1,0,0,0,0,1,6.0,6.0,0.8%,DB,2021
105,106,Adrian Amos,3,2,0,0,0,0,0,0,1,6.0,6.0,0.2%,DB,2021
106,107,Emmanuel Moseley,4,0,0,0,0,0,0,0,1,6.0,6.0,1.4%,DB,2021
107,108,Amani Oruwariye,4,0,0,0,0,0,0,0,1,6.0,6.0,0.2%,DB,2021
108,109,Mackensie Alexander,2,0,0,0,0,0,0,0,1,5.5,5.5,0.0%,DB,2021
109,110,Jalen Mills,2,1,0,1,0,0,0,0,1,5.3,5.3,0.5%,DB,2021
110,111,Eli Apple,3,1,0,0,0,0,0,0,1,5.3,5.3,0.0%,DB,2021
111,112,Arthur Maulet,3,1,0,0,0,0,0,0,1,5.3,5.3,0.9%,DB,2021
112,113,Jamel Dean,3,1,0,0,0,0,0,0,1,5.3,5.3,13.1%,DB,2021
113,114,Paulson Adebo,3,1,0,0,0,0,0,0,1,5.3,5.3,27.3%,DB,2021
114,115,Myles Bryant,2,1,0,1,0,0,0,0,1,5.3,5.3,2.8%,DB,2021
115,116,Janoris Jenkins,3,1,0,0,0,0,0,0,1,5.3,5.3,1.0%,DB,2021
116,117,JuJu Hughes,3,0,0,0,0,0,0,0,1,4.5,4.5,0.0%,DB,2021
117,118,Donovan Wilson,2,2,0,0,0,0,0,0,1,4.5,4.5,20.6%,DB,2021
118,119,Darnay Holmes,3,0,0,0,0,0,0,0,1,4.5,4.5,0.2%,DB,2021
119,120,Joe Haden,2,0,0,1,0,0,0,0,1,4.5,4.5,1.0%,DB,2021
120,121,Donte Jackson,2,0,0,1,0,0,0,0,1,4.5,4.5,4.1%,DB,2021
121,122,Tyrann Mathieu,1,4,0,0,0,0,0,0,1,4.5,4.5,10.0%,DB,2021
122,123,Jordan Fuller,2,2,0,0,0,0,0,0,1,4.5,4.5,10.1%,DB,2021
123,124,Bryce Callahan,3,0,0,0,0,0,0,0,1,4.5,4.5,0.0%,DB,2021
124,125,Marshon Lattimore,3,0,0,0,0,0,0,0,1,4.5,4.5,6.2%,DB,2021
125,126,Rock Ya-Sin,2,0,0,1,0,0,0,0,1,4.5,4.5,0.5%,DB,2021
126,127,Xavier Rhodes,2,1,0,0,0,0,0,0,1,3.8,3.8,0.0%,DB,2021
127,128,Xavien Howard,1,1,0,1,0,0,0,0,1,3.8,3.8,1.4%,DB,2021
128,129,Brandin Echols,1,1,0,1,0,0,0,0,1,3.8,3.8,0.2%,DB,2021
129,130,Darnell Savage,2,1,0,0,0,0,0,0,1,3.8,3.8,5.1%,DB,2021
130,131,Taylor Rapp,2,1,0,0,0,0,0,0,1,3.8,3.8,7.7%,DB,2021
131,132,Bobby McCain,2,1,0,0,0,0,0,0,1,3.8,3.8,0.0%,DB,2021
132,133,Tre Brown,2,1,0,0,0,0,0,0,1,3.8,3.8,0.8%,DB,2021
133,134,Pat Surtain,1,1,0,1,0,0,0,0,1,3.8,3.8,11.5%,DB,2021
134,135,Rodney McLeod,1,1,0,1,0,0,0,0,1,3.8,3.8,0.4%,DB,2021
135,136,Ashtyn Davis,2,1,0,0,0,0,0,0,1,3.8,3.8,3.4%,DB,2021
136,137,Justin Coleman,2,1,0,0,0,0,0,0,1,3.8,3.8,0.0%,DB,2021
137,138,John Johnson,1,3,0,0,0,0,0,0,1,3.8,3.8,0.0%,DB,2021
138,139,Mike Hilton,2,1,0,0,0,0,0,0,1,3.8,3.8,11.0%,DB,2021
139,140,Kindle Vildor,2,0,0,0,0,0,0,0,1,3.0,3.0,0.0%,DB,2021
140,141,Bradley Roby,2,0,0,0,0,0,0,0,1,3.0,3.0,0.0%,DB,2021
141,142,D.J. Reed,2,0,0,0,0,0,0,0,1,3.0,3.0,10.1%,DB,2021
142,143,Duron Harmon,2,0,0,0,0,0,0,0,1,3.0,3.0,0.0%,DB,2021
143,144,Damontae Kazee,2,0,0,0,0,0,0,0,1,3.0,3.0,1.6%,DB,2021
144,145,Shaq Griffin,1,2,0,0,0,0,0,0,1,3.0,3.0,1.2%,DB,2021
145,146,Mike Edwards,2,0,0,0,0,0,0,0,1,3.0,3.0,4.2%,DB,2021
146,147,Tre Norwood,2,0,0,0,0,0,0,0,1,3.0,3.0,0.0%,DB,2021
147,148,Eric Rowe,2,0,0,0,0,0,0,0,1,3.0,3.0,0.2%,DB,2021
148,149,Alohi Gilman,2,0,0,0,0,0,0,0,1,3.0,3.0,10.7%,DB,2021
149,150,David Long,2,0,0,0,0,0,0,0,1,3.0,3.0,0.0%,DB,2021
150,151,Will Harris,2,0,0,0,0,0,0,0,1,3.0,3.0,0.0%,DB,2021
151,152,Juan Thornhill,1,2,0,0,0,0,0,0,1,3.0,3.0,4.0%,DB,2021
152,153,Daniel Sorensen,2,0,0,0,0,0,0,0,1,3.0,3.0,0.0%,DB,2021
153,154,Malik Hooker,1,1,0,0,0,0,0,0,1,2.3,2.3,3.8%,DB,2021
154,155,Javelin Guidry,1,1,0,0,0,0,0,0,1,2.3,2.3,1.0%,DB,2021
155,156,Jalen Elliott,1,1,0,0,0,0,0,0,1,2.3,2.3,0.0%,DB,2021
156,157,Dane Cruikshank,1,1,0,0,0,0,0,0,1,2.3,2.3,0.2%,DB,2021
157,158,Joejuan Williams,1,1,0,0,0,0,0,0,1,2.3,2.3,1.0%,DB,2021
158,159,Eric Murray,1,1,0,0,0,0,0,0,1,2.3,2.3,0.2%,DB,2021
159,160,Fabian Moreau,0,1,0,1,0,0,0,0,1,2.3,2.3,0.0%,DB,2021
160,161,Caden Sterns,1,0,0,0,0,0,0,0,1,1.5,1.5,1.6%,DB,2021
161,162,C.J. Moore,0,2,0,0,0,0,0,0,1,1.5,1.5,5.1%,DB,2021
162,163,A.J. Bouye,0,0,0,1,0,0,0,0,1,1.5,1.5,0.0%,DB,2021
163,164,Steven Nelson,1,0,0,0,0,0,0,0,1,1.5,1.5,0.2%,DB,2021
164,165,Andrew Wingard,0,2,0,0,0,0,0,0,1,1.5,1.5,1.6%,DB,2021
165,166,Jaylinn Hawkins,1,0,0,0,0,0,0,0,1,1.5,1.5,11.0%,DB,2021
166,167,Kenny Robinson,1,0,0,0,0,0,0,0,1,1.5,1.5,0.0%,DB,2021
167,168,Nate Hairston,0,0,0,1,0,0,0,0,1,1.5,1.5,0.0%,DB,2021
168,169,Rashaan Melvin,1,0,0,0,0,0,0,0,1,1.5,1.5,0.0%,DB,2021
169,170,Camryn Bynum,1,0,0,0,0,0,0,0,1,1.5,1.5,55.0%,DB,2021
170,171,Trevon Diggs,1,0,0,0,0,0,0,0,1,1.5,1.5,13.9%,DB,2021
171,172,Ricardo Allen,1,0,0,0,0,0,0,0,1,1.5,1.5,0.0%,DB,2021
172,173,Terrell Burgess,1,0,0,0,0,0,0,0,1,1.5,1.5,0.0%,DB,2021
173,174,Ross Cockrell,1,0,0,0,0,0,0,0,1,1.5,1.5,0.0%,DB,2021
174,175,Danny Johnson,1,0,0,0,0,0,0,0,1,1.5,1.5,0.0%,DB,2021
175,176,Keanu Neal,1,0,0,0,0,0,0,0,1,1.5,1.5,0.7%,DB,2021
176,177,Richie Grant,1,0,0,0,0,0,0,0,1,1.5,1.5,13.5%,DB,2021
177,178,Aaron Robinson,0,1,0,0,0,0,0,0,1,0.8,0.8,1.0%,DB,2021
178,179,Josiah Scott,0,1,0,0,0,0,0,0,1,0.8,0.8,0.9%,DB,2021
179,180,Nick Scott,0,1,0,0,0,0,0,0,1,0.8,0.8,1.7%,DB,2021
180,181,Tavon Wilson,0,1,0,0,0,0,0,0,1,0.8,0.8,0.0%,DB,2021
181,182,Breon Borders,0,1,0,0,0,0,0,0,1,0.8,0.8,0.0%,DB,2021
182,183,Robert Alford,0,1,0,0,0,0,0,0,1,0.8,0.8,0.0%,DB,2021
183,184,Chandon Sullivan,0,1,0,0,0,0,0,0,1,0.8,0.8,0.0%,DB,2021
184,185,Bobby Price,0,1,0,0,0,0,0,0,1,0.8,0.8,6.0%,DB,2021
185,186,Chris Jackson,2,1,0,1,0,0,0,0,1,0.0,0.0,0.0%,DB,2021
186,187,Josh Metellus,0,0,0,0,0,0,0,0,1,0.0,0.0,41.4%,DB,2021
187,188,John Reid,0,0,0,0,0,0,0,0,1,0.0,0.0,0.0%,DB,2021
188,189,Antoine Brooks,0,0,0,0,0,0,0,0,1,0.0,0.0,0.0%,DB,2021
189,190,Tanner Muse,0,0,0,0,0,0,0,0,1,0.0,0.0,0.0%,DB,2021
190,191,James Pierre,0,0,0,0,0,0,0,0,1,0.0,0.0,0.0%,DB,2021
191,192,K'Von Wallace,0,0,0,0,0,0,0,0,1,0.0,0.0,1.9%,DB,2021
192,193,Isaiah Simmons,3,3,0,1,0,0,0,0,1,0.0,0.0,6.2%,DB,2021
193,194,Kareem Orr,0,0,0,0,0,0,0,0,1,0.0,0.0,0.0%,DB,2021
194,195,Jerry Jacobs,1,0,0,0,0,0,0,0,1,0.0,0.0,12.6%,DB,2021
195,196,Mark Webb,0,0,0,0,0,0,0,0,1,0.0,0.0,0.0%,DB,2021
196,197,Asante Samuel,3,0,0,0,0,0,0,0,1,0.0,0.0,4.5%,DB,2021
197,198,Keith Taylor,2,0,0,0,0,0,0,0,1,0.0,0.0,0.0%,DB,2021
198,199,Tay Gowan,0,0,0,0,0,0,0,0,1,0.0,0.0,0.0%,DB,2021
199,200,Dre Kirkpatrick,0,0,0,0,0,0,0,0,1,0.0,0.0,0.0%,DB,2021
200,201,Dontae Johnson,0,0,0,0,0,0,0,0,1,0.0,0.0,0.0%,DB,2021
201,202,Nevin Lawson,0,0,0,0,0,0,0,0,1,0.0,0.0,0.0%,DB,2021
202,203,Davontae Harris,0,0,0,0,0,0,0,0,1,0.0,0.0,0.0%,DB,2021
203,204,Siran Neal,0,0,0,0,0,0,0,0,1,0.0,0.0,0.0%,DB,2021
204,205,Darius Phillips,0,0,0,0,0,0,0,0,1,0.0,0.0,0.0%,DB,2021
205,206,Eddie Jackson,0,0,0,0,0,0,0,0,1,0.0,0.0,3.1%,DB,2021
206,207,Elijah Lee,0,0,0,0,0,0,0,0,1,0.0,0.0,0.0%,DB,2021
207,208,Brandon Wilson,0,0,0,0,0,0,0,0,1,0.0,0.0,0.0%,DB,2021
208,209,Justin Hardee,0,0,0,0,0,0,0,0,1,0.0,0.0,0.0%,DB,2021
209,210,Michael Davis,0,0,0,0,0,0,0,0,1,0.0,0.0,0.9%,DB,2021
210,211,Kai Nacua,0,0,0,0,0,0,0,0,1,0.0,0.0,0.0%,DB,2021
211,212,Khari Willis,0,0,0,0,0,0,0,0,1,0.0,0.0,0.1%,DB,2021
212,213,Jaquan Johnson,0,0,0,0,0,0,0,0,1,0.0,0.0,0.0%,DB,2021
213,214,Kris Boyd,0,0,0,0,0,0,0,0,1,0.0,0.0,0.0%,DB,2021
214,215,Tevaughn Campbell,1,0,0,0,0,0,0,0,1,0.0,0.0,2.0%,DB,2021
215,216,Justin Layne,0,0,0,0,0,0,0,0,1,0.0,0.0,0.0%,DB,2021
216,217,Mark Gilbert,0,0,0,0,0,0,0,0,1,0.0,0.0,0.0%,DB,2021
217,218,Xavier Crawford,0,0,0,0,0,0,0,0,1,0.0,0.0,0.0%,DB,2021
218,219,Rashad Fenton,0,1,0,0,0,0,0,0,1,0.0,0.0,0.0%,DB,2021
219,220,Duke Shelley,0,1,0,0,0,0,0,0,1,0.0,0.0,0.0%,DB,2021
220,221,Tim Harris,0,0,0,0,0,0,0,0,1,0.0,0.0,0.0%,DB,2021
221,222,Tre Herndon,0,0,0,0,0,0,0,0,1,0.0,0.0,0.2%,DB,2021
222,223,Trey Marshall,0,0,0,0,0,0,0,0,1,0.0,0.0,0.0%,DB,2021
223,224,Tremon Smith,0,0,0,0,0,0,0,0,1,0.0,0.0,5.0%,DB,2021
224,225,Sean Chandler,0,0,0,0,0,0,0,0,1,0.0,0.0,5.0%,DB,2021
225,226,J.T. Gray,0,0,0,0,0,0,0,0,1,0.0,0.0,0.4%,DB,2021
226,227,Andre Chachere,0,0,0,0,0,0,0,0,1,0.0,0.0,0.7%,DB,2021
227,228,Deshazor Everett,0,0,0,0,0,0,0,0,1,0.0,0.0,0.0%,DB,2021
228,229,C.J. Goodwin,0,0,0,0,0,0,0,0,1,0.0,0.0,0.4%,DB,2021
229,230,Andrew Adams,0,0,0,0,0,0,0,0,1,0.0,0.0,4.0%,DB,2021
230,231,Ryan Smith,0,0,0,0,0,0,0,0,1,0.0,0.0,0.0%,DB,2021
231,232,Miles Killebrew,0,0,0,0,0,0,0,0,1,0.0,0.0,0.2%,DB,2021
