,Rank,Player,Tackle,Assist,Sack,Pass Defended,Interception,Forced Fumble,Fumble Recovery,Defend Touchdown,Games Played,Fantasy Football Points,FTPS/Game,ROST,Position,Year
0,1,D.J. Wonnum,7,1,3.0,0,0,1,0,0,1,32.3,32.3,13.9%,DL,2021
1,2,Charles Harris,7,5,1.5,0,0,0,0,0,1,27.8,27.8,4.0%,DL,2021
2,3,Carlos Dunlap,4,0,3.0,0,0,0,0,0,1,25.5,25.5,3.0%,DL,2021
3,4,Cameron Jordan,5,0,2.0,0,0,1,0,0,1,24.5,24.5,6.1%,DL,2021
4,5,Yetur Gross-Matos,2,3,2.5,0,0,1,0,0,1,21.8,21.8,1.1%,DL,2021
5,6,Akiem Hicks,4,1,2.0,0,0,0,0,0,1,19.8,19.8,0.0%,DL,2021
6,7,Fletcher Cox,2,1,2.0,0,0,1,0,0,1,18.3,18.3,1.1%,DL,2021
7,8,Efe Obada,3,0,2.0,0,0,0,0,0,1,17.5,17.5,0.0%,DL,2021
8,9,Jonathan Allen,5,2,1.0,0,0,0,0,0,1,15.5,15.5,14.8%,DL,2021
9,10,Emmanuel Ogbah,2,0,1.0,1,0,0,1,0,1,15.0,15.0,1.1%,DL,2021
10,11,DeMarcus Lawrence,4,1,0.0,1,0,1,0,0,1,14.8,14.8,12.7%,DL,2021
11,12,Sheldon Richardson,2,1,0.0,0,0,1,1,0,1,14.3,14.3,1.0%,DL,2021
12,13,Aaron Donald,2,3,1.0,0,0,0,0,0,1,14.3,14.3,11.7%,DL,2021
13,14,Naquan Jones,3,1,1.0,0,0,0,0,0,1,14.3,14.3,0.0%,DL,2021
14,15,Joey Bosa,3,2,1.0,0,0,1,0,0,1,14.0,14.0,16.7%,DL,2021
15,16,Marcus Davenport,3,0,1.0,0,0,0,0,0,1,13.5,13.5,2.1%,DL,2021
16,17,Khalid Kareem,2,0,0.0,0,0,1,1,0,1,13.5,13.5,0.0%,DL,2021
17,18,Zach Sieler,2,1,1.0,1,0,1,0,0,1,13.3,13.3,27.9%,DL,2021
18,19,Chris Wormley,4,1,1.0,0,0,0,0,0,1,13.3,13.3,0.0%,DL,2021
19,20,Derek Rivers,2,1,1.0,0,0,0,0,0,1,12.8,12.8,0.0%,DL,2021
20,21,Malcom Brown,2,2,1.0,1,0,0,0,0,1,12.5,12.5,0.0%,DL,2021
21,22,David Onyemata,2,4,1.0,0,0,0,0,0,1,12.5,12.5,5.7%,DL,2021
22,23,Larry Ogunjobi,1,3,1.5,0,0,0,0,0,1,12.3,12.3,2.5%,DL,2021
23,24,DeForest Buckner,3,1,1.0,0,0,0,0,0,1,11.8,11.8,47.2%,DL,2021
24,25,Rasheem Green,2,3,1.0,0,0,0,0,0,1,11.8,11.8,6.0%,DL,2021
25,26,Chris Smith,2,3,1.0,0,0,0,0,0,1,11.8,11.8,0.0%,DL,2021
26,27,Bunmi Rotimi,2,2,1.0,0,0,0,0,0,1,11.0,11.0,0.0%,DL,2021
27,28,Montez Sweat,1,2,1.0,0,0,1,0,0,1,11.0,11.0,35.2%,DL,2021
28,29,Sheldon Rankins,1,2,1.0,0,0,0,1,0,1,11.0,11.0,2.0%,DL,2021
29,30,Christian Wilkins,2,5,0.0,1,0,0,0,0,1,10.8,10.8,48.1%,DL,2021
30,31,William Gholston,5,1,0.0,0,0,0,0,0,1,10.8,10.8,1.6%,DL,2021
31,32,Justin Madubuike,2,1,1.0,0,0,0,0,0,1,10.3,10.3,24.4%,DL,2021
32,33,Deatrich Wise,2,0,1.0,0,0,0,0,0,1,9.5,9.5,3.0%,DL,2021
33,34,Jonathon Cooper,4,2,0.5,0,0,0,0,0,1,9.5,9.5,17.4%,DL,2021
34,35,Sheldon Day,4,2,0.5,0,0,0,0,0,1,9.5,9.5,0.0%,DL,2021
35,36,Star Lotulelei,2,0,1.0,0,0,0,0,0,1,9.5,9.5,0.0%,DL,2021
36,37,Nick Bosa,1,0,1.0,0,0,1,0,0,1,9.5,9.5,63.2%,DL,2021
37,38,Shelby Harris,2,0,1.0,0,0,0,0,0,1,9.5,9.5,1.1%,DL,2021
38,39,DJ Reader,4,1,0.0,0,0,0,0,0,1,9.3,9.3,2.6%,DL,2021
39,40,Justin Houston,2,2,0.5,0,0,0,0,0,1,9.0,9.0,0.0%,DL,2021
40,41,Brian Burns,1,1,1.0,0,0,0,0,0,1,8.8,8.8,41.3%,DL,2021
41,42,Mario Addison,2,1,0.0,0,0,0,0,0,1,8.8,8.8,4.0%,DL,2021
42,43,Leonard Williams,3,0,0.0,0,0,1,0,0,1,8.5,8.5,10.9%,DL,2021
43,44,DaVon Hamilton,3,0,0.0,1,0,0,0,0,1,8.5,8.5,0.7%,DL,2021
44,45,Carlos Watkins,2,2,0.0,0,0,0,1,0,1,8.5,8.5,0.0%,DL,2021
45,46,Cameron Heyward,2,4,0.5,0,0,0,0,0,1,8.0,8.0,23.1%,DL,2021
46,47,Jordan Phillips,1,0,1.0,0,0,0,0,0,1,8.0,8.0,0.9%,DL,2021
47,48,Denico Autry,1,0,1.0,0,0,0,0,0,1,8.0,8.0,10.1%,DL,2021
48,49,Arden Key,1,0,1.0,0,0,0,0,0,1,8.0,8.0,2.4%,DL,2021
49,50,Matt Ioannidis,3,1,0.0,0,0,0,0,0,1,7.8,7.8,0.0%,DL,2021
50,51,Arik Armstead,5,0,0.0,0,0,0,0,0,1,7.5,7.5,3.6%,DL,2021
51,52,Joe Jackson,1,2,0.5,0,0,0,0,0,1,7.5,7.5,0.0%,DL,2021
52,53,Grady Jarrett,4,2,0.0,0,0,0,0,0,1,7.5,7.5,5.7%,DL,2021
53,54,Trey Hendrickson,1,2,0.5,0,0,0,0,0,1,7.5,7.5,35.3%,DL,2021
54,55,Justin Jones,3,0,0.0,0,0,0,0,0,1,7.0,7.0,2.9%,DL,2021
55,56,Ed Oliver,2,0,0.0,0,0,1,0,0,1,7.0,7.0,22.1%,DL,2021
56,57,Jerry Hughes,1,2,0.0,1,0,0,0,0,1,7.0,7.0,1.0%,DL,2021
57,58,Myles Garrett,3,0,0.0,0,0,0,0,0,1,7.0,7.0,63.7%,DL,2021
58,59,Leki Fotu,1,2,0.0,0,0,1,0,0,1,7.0,7.0,0.4%,DL,2021
59,60,Tarron Jackson,3,0,0.0,0,0,0,0,0,1,7.0,7.0,0.0%,DL,2021
60,61,Davon Godchaux,4,1,0.0,0,0,0,0,0,1,6.8,6.8,4.3%,DL,2021
61,62,DaQuan Jones,4,1,0.0,0,0,0,0,0,1,6.8,6.8,0.7%,DL,2021
62,63,Jessie Lemonier,2,2,0.5,0,0,0,0,0,1,6.5,6.5,4.0%,DL,2021
63,64,Haason Reddick,2,2,0.5,0,0,0,0,0,1,6.5,6.5,17.6%,DL,2021
64,65,Austin Johnson,1,1,0.0,0,0,0,1,0,1,6.3,6.3,3.0%,DL,2021
65,66,Poona Ford,2,1,0.0,0,0,0,0,0,1,6.3,6.3,0.7%,DL,2021
66,67,Isaiahh Loudermilk,4,0,0.0,0,0,0,0,0,1,6.0,6.0,0.4%,DL,2021
67,68,Maxx Crosby,4,0,0.0,0,0,0,0,0,1,6.0,6.0,69.0%,DL,2021
68,69,Neville Gallimore,1,3,0.5,0,0,0,0,0,1,5.8,5.8,0.6%,DL,2021
69,70,Roy Lopez,2,0,0.0,0,0,0,0,0,1,5.5,5.5,0.0%,DL,2021
70,71,Tershawn Wharton,0,2,0.0,0,0,1,0,0,1,5.5,5.5,0.4%,DL,2021
71,72,Michael Pierce,1,2,0.0,0,0,0,0,0,1,5.5,5.5,1.7%,DL,2021
72,73,Bravvion Roy,2,3,0.0,0,0,0,0,0,1,5.3,5.3,0.0%,DL,2021
73,74,Lawrence Guy,3,1,0.0,0,0,0,0,0,1,5.3,5.3,4.0%,DL,2021
74,75,Mike Pennel,2,3,0.0,0,0,0,0,0,1,5.3,5.3,0.4%,DL,2021
75,76,Boogie Basham,3,1,0.0,0,0,0,0,0,1,5.3,5.3,0.0%,DL,2021
76,77,Roy Robertson-Harris,2,3,0.0,0,0,0,0,0,1,5.3,5.3,1.3%,DL,2021
77,78,Daron Payne,3,1,0.0,0,0,0,0,0,1,5.3,5.3,15.4%,DL,2021
78,79,B.J. Hill,2,3,0.0,0,0,0,0,0,1,5.3,5.3,5.8%,DL,2021
79,80,Harrison Phillips,2,1,0.0,1,0,0,0,0,1,5.3,5.3,23.5%,DL,2021
80,81,Quincy Roche,1,2,0.5,0,0,0,0,0,1,5.0,5.0,0.0%,DL,2021
81,82,Quinton Jefferson,1,1,0.0,0,0,0,0,0,1,4.8,4.8,3.4%,DL,2021
82,83,Milton Williams,1,1,0.0,0,0,0,0,0,1,4.8,4.8,2.6%,DL,2021
83,84,Jaelan Phillips,1,1,0.0,0,0,0,0,0,1,4.8,4.8,10.0%,DL,2021
84,85,T.J. Slaton,2,2,0.0,0,0,0,0,0,1,4.5,4.5,0.9%,DL,2021
85,86,Rashard Lawrence,2,2,0.0,0,0,0,0,0,1,4.5,4.5,0.0%,DL,2021
86,87,Jordan Elliott,1,4,0.0,0,0,0,0,0,1,4.5,4.5,0.2%,DL,2021
87,88,Bilal Nichols,1,4,0.0,0,0,0,0,0,1,4.5,4.5,1.3%,DL,2021
88,89,Dawuane Smoot,1,4,0.0,0,0,0,0,0,1,4.5,4.5,0.4%,DL,2021
89,90,Zach Allen,2,2,0.0,0,0,0,0,0,1,4.5,4.5,10.7%,DL,2021
90,91,Dorance Armstrong,1,1,0.5,0,0,0,0,0,1,4.3,4.3,4.2%,DL,2021
91,92,Malik Jackson,1,0,0.0,0,0,0,0,0,1,4.0,4.0,0.0%,DL,2021
92,93,Jaleel Johnson,1,0,0.0,0,0,0,0,0,1,4.0,4.0,0.0%,DL,2021
93,94,Tyler Lancaster,1,3,0.0,0,0,0,0,0,1,3.8,3.8,0.0%,DL,2021
94,95,Johnathan Hankins,1,3,0.0,0,0,0,0,0,1,3.8,3.8,0.0%,DL,2021
95,96,Jerry Tillery,2,1,0.0,0,0,0,0,0,1,3.8,3.8,0.7%,DL,2021
96,97,Jarran Reed,2,1,0.0,0,0,0,0,0,1,3.8,3.8,5.8%,DL,2021
97,98,Jalyn Holmes,2,1,0.0,0,0,0,0,0,1,3.8,3.8,0.4%,DL,2021
98,99,Danny Shelton,2,1,0.0,0,0,0,0,0,1,3.8,3.8,0.0%,DL,2021
99,100,Bruce Irvin,1,3,0.0,0,0,0,0,0,1,3.8,3.8,0.2%,DL,2021
100,101,James Lynch,2,1,0.0,0,0,0,0,0,1,3.8,3.8,1.0%,DL,2021
101,102,Derek Barnett,2,1,0.0,0,0,0,0,0,1,3.8,3.8,0.5%,DL,2021
102,103,Mike Purcell,2,1,0.0,0,0,0,0,0,1,3.8,3.8,0.0%,DL,2021
103,104,Michael Brockers,1,2,0.0,0,0,0,0,0,1,3.0,3.0,0.0%,DL,2021
104,105,Anthony Rush,1,2,0.0,0,0,0,0,0,1,3.0,3.0,0.0%,DL,2021
105,106,Vita Vea,1,2,0.0,0,0,0,0,0,1,3.0,3.0,5.6%,DL,2021
106,107,Linval Joseph,1,2,0.0,0,0,0,0,0,1,3.0,3.0,0.0%,DL,2021
107,108,Frank Clark,2,0,0.0,0,0,0,0,0,1,3.0,3.0,0.0%,DL,2021
108,109,Broderick Washington,2,0,0.0,0,0,0,0,0,1,3.0,3.0,0.2%,DL,2021
109,110,Taco Charlton,0,2,0.0,1,0,0,0,0,1,3.0,3.0,0.0%,DL,2021
110,111,D.J. Jones,1,2,0.0,0,0,0,0,0,1,3.0,3.0,5.0%,DL,2021
111,112,Greg Rousseau,1,0,0.0,1,0,0,0,0,1,3.0,3.0,15.0%,DL,2021
112,113,Steven Means,1,2,0.0,0,0,0,0,0,1,3.0,3.0,0.0%,DL,2021
113,114,Morgan Fox,1,2,0.0,0,0,0,0,0,1,3.0,3.0,2.3%,DL,2021
114,115,Al Woods,2,0,0.0,0,0,0,0,0,1,3.0,3.0,0.0%,DL,2021
115,116,Darrell Taylor,2,0,0.0,0,0,0,0,0,1,3.0,3.0,1.1%,DL,2021
116,117,Josh Allen,2,0,0.0,0,0,0,0,0,1,3.0,3.0,44.1%,DL,2021
117,118,Pat Jones,2,0,0.0,0,0,0,0,0,1,3.0,3.0,0.4%,DL,2021
118,119,Shy Tuttle,0,2,0.0,1,0,0,0,0,1,3.0,3.0,2.0%,DL,2021
119,120,Jeffery Simmons,1,0,0.0,1,0,0,0,0,1,3.0,3.0,27.2%,DL,2021
120,121,Javon Hargrave,1,2,0.0,0,0,0,0,0,1,3.0,3.0,14.8%,DL,2021
121,122,Adam Gotsis,2,0,0.0,0,0,0,0,0,1,3.0,3.0,1.2%,DL,2021
122,123,Melvin Ingram,1,2,0.0,0,0,0,0,0,1,3.0,3.0,0.0%,DL,2021
123,124,Carl Davis,2,0,0.0,0,0,0,0,0,1,3.0,3.0,1.1%,DL,2021
124,125,Christian Barmore,0,4,0.0,0,0,0,0,0,1,3.0,3.0,15.4%,DL,2021
125,126,Dean Lowry,1,0,0.0,1,0,0,0,0,1,3.0,3.0,0.6%,DL,2021
126,127,K'Lavon Chaisson,2,0,0.0,0,0,0,0,0,1,3.0,3.0,1.3%,DL,2021
127,128,Angelo Blackson,1,2,0.0,0,0,0,0,0,1,3.0,3.0,0.2%,DL,2021
128,129,Tommy Togiai,0,1,0.5,0,0,0,0,0,1,2.8,2.8,0.0%,DL,2021
129,130,Michael Dogbe,1,1,0.0,0,0,0,0,0,1,2.3,2.3,2.0%,DL,2021
130,131,Dexter Lawrence,0,3,0.0,0,0,0,0,0,1,2.3,2.3,12.4%,DL,2021
131,132,Tyeler Davison,1,1,0.0,0,0,0,0,0,1,2.3,2.3,0.0%,DL,2021
132,133,Vernon Butler,1,1,0.0,0,0,0,0,0,1,2.3,2.3,0.0%,DL,2021
133,134,Isaac Rochell,1,1,0.0,0,0,0,0,0,1,2.3,2.3,0.0%,DL,2021
134,135,Quinton Bohanna,1,1,0.0,0,0,0,0,0,1,2.3,2.3,0.0%,DL,2021
135,136,Carl Granderson,1,1,0.0,0,0,0,0,0,1,2.3,2.3,28.7%,DL,2021
136,137,Josh Sweat,1,1,0.0,0,0,0,0,0,1,2.3,2.3,14.1%,DL,2021
137,138,Kevin Strong,1,1,0.0,0,0,0,0,0,1,2.3,2.3,0.0%,DL,2021
138,139,Jonathan Marshall,1,1,0.0,0,0,0,0,0,1,2.3,2.3,0.0%,DL,2021
139,140,Chris Rumph,1,1,0.0,0,0,0,0,0,1,2.3,2.3,0.4%,DL,2021
140,141,Alex Okafor,0,1,0.0,1,0,0,0,0,1,2.3,2.3,0.0%,DL,2021
141,142,Clelin Ferrell,1,1,0.0,0,0,0,0,0,1,2.3,2.3,1.7%,DL,2021
142,143,Grover Stewart,1,1,0.0,0,0,0,0,0,1,2.3,2.3,3.5%,DL,2021
143,144,Greg Gaines,1,1,0.0,0,0,0,0,0,1,2.3,2.3,0.4%,DL,2021
144,145,Elerson Smith,1,1,0.0,0,0,0,0,0,1,2.3,2.3,0.0%,DL,2021
145,146,Ndamukong Suh,1,1,0.0,0,0,0,0,0,1,2.3,2.3,0.0%,DL,2021
146,147,Albert Huggins,0,2,0.0,0,0,0,0,0,1,1.5,1.5,0.0%,DL,2021
147,148,Austin Bryant,1,0,0.0,0,0,0,0,0,1,1.5,1.5,1.0%,DL,2021
148,149,Alton Robinson,1,0,0.0,0,0,0,0,0,1,1.5,1.5,0.0%,DL,2021
149,150,Phil Hoskins,1,0,0.0,0,0,0,0,0,1,1.5,1.5,0.0%,DL,2021
150,151,Derrick Nnadi,0,2,0.0,0,0,0,0,0,1,1.5,1.5,0.9%,DL,2021
151,152,Ronald Blair,0,2,0.0,0,0,0,0,0,1,1.5,1.5,0.0%,DL,2021
152,153,Nick Williams,0,0,0.0,1,0,0,0,0,1,1.5,1.5,3.0%,DL,2021
153,154,Eddie Goldman,1,0,0.0,0,0,0,0,0,1,1.5,1.5,0.2%,DL,2021
154,155,Steve McLendon,0,2,0.0,0,0,0,0,0,1,1.5,1.5,0.0%,DL,2021
155,156,Jaylon Ferguson,1,0,0.0,0,0,0,0,0,1,1.5,1.5,0.0%,DL,2021
156,157,Rakeem Nunez-Roches,0,2,0.0,0,0,0,0,0,1,1.5,1.5,0.9%,DL,2021
157,158,Quinnen Williams,1,0,0.0,0,0,0,0,0,1,1.5,1.5,26.7%,DL,2021
158,159,Solomon Thomas,1,0,0.0,0,0,0,0,0,1,1.5,1.5,0.8%,DL,2021
159,160,Raekwon Davis,0,2,0.0,0,0,0,0,0,1,1.5,1.5,0.2%,DL,2021
160,161,Dante Fowler,1,0,0.0,0,0,0,0,0,1,1.5,1.5,3.5%,DL,2021
161,162,Charles Omenihu,1,0,0.0,0,0,0,0,0,1,1.5,1.5,1.1%,DL,2021
162,163,Chauncey Golston,1,0,0.0,0,0,0,0,0,1,1.5,1.5,0.7%,DL,2021
163,164,Henry Mondeaux,0,2,0.0,0,0,0,0,0,1,1.5,1.5,3.0%,DL,2021
164,165,Myles Adams,0,2,0.0,0,0,0,0,0,1,1.5,1.5,0.0%,DL,2021
165,166,Kentavius Street,1,0,0.0,0,0,0,0,0,1,1.5,1.5,0.0%,DL,2021
166,167,Jason Pierre-Paul,0,2,0.0,0,0,0,0,0,1,1.5,1.5,0.0%,DL,2021
167,168,DeShawn Williams,1,0,0.0,0,0,0,0,0,1,1.5,1.5,0.6%,DL,2021
168,169,Stephen Weatherly,1,0,0.0,0,0,0,0,0,1,1.5,1.5,0.0%,DL,2021
169,170,Kingsley Keke,0,0,0.0,1,0,0,0,0,1,1.5,1.5,1.0%,DL,2021
170,171,Margus Hunt,0,2,0.0,0,0,0,0,0,1,1.5,1.5,0.0%,DL,2021
171,172,Carlos Davis,1,0,0.0,0,0,0,0,0,1,1.5,1.5,0.0%,DL,2021
172,173,Josh Tupou,0,2,0.0,0,0,0,0,0,1,1.5,1.5,0.0%,DL,2021
173,174,Hassan Ridgeway,1,0,0.0,0,0,0,0,0,1,1.5,1.5,0.0%,DL,2021
174,175,Kyle Peko,1,0,0.0,0,0,0,0,0,1,1.5,1.5,0.0%,DL,2021
175,176,Alim McNeill,0,1,0.0,0,0,0,0,0,1,0.8,0.8,2.9%,DL,2021
176,177,Corey Peters,0,1,0.0,0,0,0,0,0,1,0.8,0.8,2.0%,DL,2021
177,178,Mike Danna,0,1,0.0,0,0,0,0,0,1,0.8,0.8,5.2%,DL,2021
178,179,Sam Hubbard,0,1,0.0,0,0,0,0,0,1,0.8,0.8,21.7%,DL,2021
179,180,Ledarius Mack,0,1,0.0,0,0,0,0,0,1,0.8,0.8,0.0%,DL,2021
180,181,Brandon Williams,0,1,0.0,0,0,0,0,0,1,0.8,0.8,0.2%,DL,2021
181,182,Christian Ringo,0,1,0.0,0,0,0,0,0,1,0.8,0.8,0.0%,DL,2021
182,183,Akeem Spence,0,1,0.0,0,0,0,0,0,1,0.8,0.8,0.0%,DL,2021
183,184,Odafe Oweh,0,1,0.0,0,0,0,0,0,1,0.8,0.8,6.6%,DL,2021
184,185,Anthony Nelson,0,1,0.0,0,0,0,0,0,1,0.8,0.8,0.4%,DL,2021
185,186,A'Shawn Robinson,0,1,0.0,0,0,0,0,0,1,0.8,0.8,4.5%,DL,2021
186,187,Kwity Paye,0,1,0.0,0,0,0,0,0,1,0.8,0.8,14.8%,DL,2021
187,188,Levi Onwuzurike,0,1,0.0,0,0,0,0,0,1,0.8,0.8,0.4%,DL,2021
188,189,Bryce Huff,0,1,0.0,0,0,0,0,0,1,0.8,0.8,4.4%,DL,2021
189,190,Kevin Givens,0,1,0.0,0,0,0,0,0,1,0.8,0.8,0.2%,DL,2021
190,191,Michael Hoecht,0,0,0.0,0,0,0,0,0,1,0.0,0.0,15.8%,DL,2021
191,192,Casey Toohill,1,4,0.0,0,0,0,0,0,1,0.0,0.0,0.7%,DL,2021
192,193,Tipa Galeai,0,0,0.0,0,0,0,0,0,1,0.0,0.0,0.0%,DL,2021
193,194,Shaquille Quarterman,0,0,0.0,0,0,0,0,0,1,0.0,0.0,0.0%,DL,2021
194,195,Jonathan Garvin,0,0,0.0,0,0,0,0,0,1,0.0,0.0,0.0%,DL,2021
195,196,Micah Parsons,0,1,0.0,1,0,0,0,0,1,0.0,0.0,77.7%,DL,2021
196,197,Rashod Berry,1,0,0.0,0,0,0,0,0,1,0.0,0.0,0.0%,DL,2021
197,198,Derrek Tuszka,1,2,1.0,0,0,1,0,0,1,0.0,0.0,0.0%,DL,2021
198,199,Cam Gill,0,0,0.0,0,0,0,0,0,1,0.0,0.0,0.0%,DL,2021
199,200,McTelvin Agim,0,0,0.0,0,0,0,0,0,1,0.0,0.0,0.0%,DL,2021
200,201,Shaka Toney,0,0,0.0,0,0,0,0,0,1,0.0,0.0,0.0%,DL,2021
201,202,Joe Tryon-Shoyinka,2,2,1.0,0,0,0,0,0,1,0.0,0.0,2.4%,DL,2021
202,203,Baron Browning,6,4,0.0,0,0,0,0,0,1,0.0,0.0,6.0%,DL,2021
203,204,Azeez Ojulari,2,2,0.5,0,0,0,0,0,1,0.0,0.0,2.2%,DL,2021
204,205,Alex Highsmith,4,0,0.0,0,0,0,0,0,1,0.0,0.0,25.4%,DL,2021
205,206,Lerentee McCray,0,0,0.0,0,0,0,0,0,1,0.0,0.0,4.0%,DL,2021
206,207,Devon Kennard,0,0,0.0,0,0,0,0,0,1,0.0,0.0,0.0%,DL,2021
207,208,Kyle Van,3,3,0.0,0,0,0,0,0,1,0.0,0.0,8.2%,DL,2021
208,209,Chandler Jones,4,2,0.0,1,0,0,0,0,1,0.0,0.0,0.5%,DL,2021
209,210,Vinny Curry,0,0,0.0,0,0,0,0,0,1,0.0,0.0,0.0%,DL,2021
210,211,Brandon Copeland,0,0,0.0,1,0,0,0,0,1,0.0,0.0,0.0%,DL,2021
211,212,Shaquil Barrett,0,0,0.0,0,0,0,0,0,1,0.0,0.0,8.4%,DL,2021
212,213,Von Miller,3,3,1.0,0,0,0,0,0,1,0.0,0.0,2.5%,DL,2021
213,214,Robert Quinn,2,2,2.0,0,0,1,0,0,1,0.0,0.0,1.2%,DL,2021
214,215,Abdullah Anderson,0,0,0.0,0,0,0,0,0,1,0.0,0.0,2.0%,DL,2021
215,216,John Franklin-Myers,0,0,0.0,0,0,0,0,0,1,0.0,0.0,0.9%,DL,2021
216,217,Jacob Martin,0,0,0.0,1,0,0,0,0,1,0.0,0.0,0.4%,DL,2021
217,218,Taylor Stallworth,0,0,0.0,0,0,0,0,0,1,0.0,0.0,0.0%,DL,2021
218,219,Dennis Gardeck,2,1,0.0,0,0,0,0,0,1,0.0,0.0,3.6%,DL,2021
219,220,Bradley Chubb,1,3,0.0,1,0,0,0,0,1,0.0,0.0,18.2%,DL,2021
220,221,Taven Bryan,0,0,0.0,0,0,0,0,0,1,0.0,0.0,0.2%,DL,2021
221,222,Harold Landry,2,0,0.0,0,0,0,0,0,1,0.0,0.0,24.1%,DL,2021
222,223,Lorenzo Carter,3,1,2.0,1,0,1,0,0,1,0.0,0.0,1.8%,DL,2021
223,224,Genard Avery,1,0,0.0,0,0,0,0,0,1,0.0,0.0,0.0%,DL,2021
224,225,Kemoko Turay,0,0,0.0,0,0,0,0,0,1,0.0,0.0,0.0%,DL,2021
225,226,Nathan Shepherd,0,0,0.0,0,0,0,0,0,1,0.0,0.0,2.0%,DL,2021
226,227,Foley Fatukasi,0,0,0.0,0,0,0,0,0,1,0.0,0.0,0.4%,DL,2021
227,228,Marquis Haynes,1,2,0.0,0,0,0,0,0,1,0.0,0.0,0.6%,DL,2021
228,229,Uchenna Nwosu,0,1,0.0,2,1,0,0,0,1,0.0,0.0,17.7%,DL,2021
229,230,Daniel Wise,0,0,0.0,0,0,0,0,0,1,0.0,0.0,0.0%,DL,2021
230,231,Trevis Gipson,0,0,0.0,0,0,0,0,0,1,0.0,0.0,1.1%,DL,2021
231,232,Anthony Pittman,1,0,0.0,0,0,0,0,0,1,0.0,0.0,0.0%,DL,2021
232,233,Kyle Phillips,0,0,0.0,0,0,0,0,0,1,0.0,0.0,0.0%,DL,2021
233,234,Demarcus Christmas,0,0,0.0,0,0,0,0,0,1,0.0,0.0,0.0%,DL,2021
234,235,Armon Watts,0,0,0.0,0,0,0,0,0,1,0.0,0.0,0.7%,DL,2021
235,236,Rashan Gary,1,1,0.0,0,0,0,0,0,1,0.0,0.0,11.2%,DL,2021
236,237,Quinton Bell,0,0,0.0,0,0,0,0,0,1,0.0,0.0,0.0%,DL,2021
237,238,Justin Hollins,1,2,0.0,0,0,0,0,0,1,0.0,0.0,0.0%,DL,2021
238,239,Porter Gustin,2,1,0.0,0,0,0,1,0,1,0.0,0.0,0.0%,DL,2021
239,240,L.J. Collier,1,0,0.0,0,0,0,0,0,1,0.0,0.0,1.0%,DL,2021
240,241,Andrew Van,4,0,1.0,0,0,0,0,0,1,0.0,0.0,11.2%,DL,2021
241,242,Robert Nkemdiche,0,0,0.0,0,0,0,0,0,1,0.0,0.0,0.0%,DL,2021
242,243,Carl Nassib,0,0,0.0,0,0,0,0,0,1,0.0,0.0,0.0%,DL,2021
243,244,Matthew Judon,3,2,0.0,0,0,0,0,0,1,0.0,0.0,16.8%,DL,2021
244,245,Jihad Ward,0,0,0.0,0,0,0,0,0,1,0.0,0.0,0.2%,DL,2021
245,246,Leonard Floyd,1,1,1.0,1,0,0,0,0,1,0.0,0.0,5.4%,DL,2021
246,247,Maliek Collins,0,0,0.0,0,0,0,0,0,1,0.0,0.0,2.4%,DL,2021
247,248,Yannick Ngakoue,0,0,0.0,0,0,0,0,0,1,0.0,0.0,1.7%,DL,2021
248,249,Markus Golden,8,0,1.0,0,0,0,0,0,1,0.0,0.0,0.5%,DL,2021
249,250,Za'Darius Smith,0,0,0.0,0,0,0,0,0,1,0.0,0.0,5.4%,DL,2021
250,251,Bud Dupree,1,1,1.0,0,0,0,0,0,1,0.0,0.0,1.3%,DL,2021
251,252,Randy Gregory,0,0,0.0,0,0,0,0,0,1,0.0,0.0,2.2%,DL,2021
252,253,Nate Orchard,0,0,0.0,0,0,0,0,0,1,0.0,0.0,0.0%,DL,2021
253,254,Preston Smith,2,1,0.0,0,0,0,0,0,1,0.0,0.0,11.1%,DL,2021
254,255,Darius Philon,0,0,0.0,0,0,0,0,0,1,0.0,0.0,0.0%,DL,2021
255,256,Dalvin Tomlinson,0,0,0.0,0,0,0,0,0,1,0.0,0.0,2.2%,DL,2021
256,257,Takk McKinley,0,0,0.0,0,0,0,0,0,1,0.0,0.0,1.1%,DL,2021
257,258,T.J. Watt,4,1,1.5,0,0,0,1,0,1,0.0,0.0,78.9%,DL,2021
258,259,Tyus Bowser,0,2,0.5,0,0,0,0,0,1,0.0,0.0,0.7%,DL,2021
259,260,Vincent Taylor,0,0,0.0,0,0,0,0,0,1,0.0,0.0,0.0%,DL,2021
260,261,Jordan Willis,2,0,0.0,0,0,0,0,0,1,0.0,0.0,1.0%,DL,2021
261,262,Tarell Basham,0,0,0.0,0,0,0,0,0,1,0.0,0.0,0.0%,DL,2021
262,263,Al-Quadin Muhammad,0,0,0.0,0,0,0,0,0,1,0.0,0.0,0.0%,DL,2021
263,264,Samson Ebukam,3,0,1.0,0,0,0,0,0,1,0.0,0.0,8.7%,DL,2021
264,265,Brandin Bryant,0,0,0.0,0,0,0,0,0,1,0.0,0.0,0.0%,DL,2021
