,Rank,Player,Tackle,Assist,Sack,Pass Defended,Interception,Forced Fumble,Fumble Recovery,Defend Touchdown,Games Played,Fantasy Football Points,FTPS/Game,ROST,Position,Year
0,1,Sam Hubbard,3,2,2.5,1,0,0,0,0,1,22.5,22.5,21.7%,DL,2021
1,2,Yannick Ngakoue,2,2,2.0,2,0,0,0,0,1,20.5,20.5,1.7%,DL,2021
2,3,Jonathan Greenard,3,1,2.0,1,0,0,0,0,1,19.8,19.8,29.2%,DL,2021
3,4,Jason Pierre-Paul,3,1,2.0,0,0,1,0,0,1,19.8,19.8,0.0%,DL,2021
4,5,Larry Ogunjobi,5,1,1.5,0,0,0,0,0,1,19.3,19.3,2.5%,DL,2021
5,6,Brian Burns,4,0,1.0,0,0,0,0,0,1,17.5,17.5,41.3%,DL,2021
6,7,Denico Autry,3,0,2.0,0,0,0,0,0,1,17.5,17.5,10.1%,DL,2021
7,8,Derrick Brown,4,2,1.0,0,0,0,0,0,1,16.5,16.5,39.8%,DL,2021
8,9,Jonathan Allen,2,0,2.0,0,0,0,0,0,1,16.0,16.0,14.8%,DL,2021
9,10,Kingsley Keke,4,2,1.5,0,0,0,0,0,1,16.0,16.0,1.0%,DL,2021
10,11,DeMarcus Walker,4,0,1.0,0,0,0,0,0,1,15.0,15.0,1.8%,DL,2021
11,12,DeForest Buckner,5,1,1.0,0,0,0,0,0,1,14.8,14.8,47.2%,DL,2021
12,13,Kentavius Street,3,1,1.0,0,0,1,0,0,1,13.3,13.3,0.0%,DL,2021
13,14,Montez Sweat,1,1,1.0,0,0,1,0,0,1,12.8,12.8,35.2%,DL,2021
14,15,Sebastian Joseph-Day,3,2,1.0,0,0,0,0,0,1,12.5,12.5,2.1%,DL,2021
15,16,Cameron Jordan,3,1,1.0,0,0,0,0,0,1,11.8,11.8,6.1%,DL,2021
16,17,Julian Okwara,2,1,1.0,1,0,0,0,0,1,11.8,11.8,0.0%,DL,2021
17,18,Shelby Harris,3,1,1.0,0,0,0,0,0,1,11.8,11.8,1.1%,DL,2021
18,19,Vita Vea,2,1,0.0,1,0,0,1,0,1,11.8,11.8,5.6%,DL,2021
19,20,Leonard Williams,1,5,1.5,0,0,0,0,0,1,11.3,11.3,10.9%,DL,2021
20,21,Dean Lowry,2,3,0.5,0,0,0,1,0,1,11.3,11.3,0.6%,DL,2021
21,22,Rasheem Green,2,2,1.0,0,0,0,0,0,1,11.0,11.0,6.0%,DL,2021
22,23,Dexter Lawrence,3,0,1.0,0,0,0,0,0,1,11.0,11.0,12.4%,DL,2021
23,24,Tanoh Kpassagnon,2,1,1.0,0,0,0,0,0,1,10.3,10.3,0.0%,DL,2021
24,25,Al-Quadin Muhammad,1,0,1.0,0,0,1,0,0,1,9.5,9.5,0.0%,DL,2021
25,26,Poona Ford,3,3,0.0,0,0,0,0,0,1,9.3,9.3,0.7%,DL,2021
26,27,Myles Garrett,1,2,1.5,0,0,0,0,0,1,9.0,9.0,63.7%,DL,2021
27,28,Quinnen Williams,4,0,0.0,0,0,0,0,0,1,8.5,8.5,26.7%,DL,2021
28,29,Mike Purcell,5,1,0.0,0,0,0,0,0,1,8.3,8.3,0.0%,DL,2021
29,30,Daniel Ekuale,1,0,1.0,0,0,0,0,0,1,8.0,8.0,0.2%,DL,2021
30,31,Maliek Collins,1,0,1.0,0,0,0,0,0,1,8.0,8.0,2.4%,DL,2021
31,32,Trey Hendrickson,1,0,1.0,0,0,0,0,0,1,8.0,8.0,35.3%,DL,2021
32,33,Kwity Paye,1,3,0.0,0,0,0,1,0,1,7.8,7.8,14.8%,DL,2021
33,34,Jarran Reed,4,2,0.0,0,0,0,0,0,1,7.5,7.5,5.8%,DL,2021
34,35,Christian Wilkins,4,2,0.0,0,0,0,0,0,1,7.5,7.5,48.1%,DL,2021
35,36,Calais Campbell,2,3,0.5,0,0,0,0,0,1,7.3,7.3,3.1%,DL,2021
36,37,Carlos Dunlap,2,3,0.5,0,0,0,0,0,1,7.3,7.3,3.0%,DL,2021
37,38,Alton Robinson,2,2,0.0,0,0,0,0,0,1,7.0,7.0,0.0%,DL,2021
38,39,Quincy Roche,3,0,0.0,0,0,0,0,0,1,7.0,7.0,0.0%,DL,2021
39,40,Arik Armstead,2,2,0.0,0,0,0,0,0,1,7.0,7.0,3.6%,DL,2021
40,41,Emmanuel Ogbah,1,0,0.0,1,0,1,0,0,1,7.0,7.0,1.1%,DL,2021
41,42,Haason Reddick,1,4,0.0,0,0,0,0,0,1,7.0,7.0,17.6%,DL,2021
42,43,Quinton Jefferson,1,2,0.0,0,0,1,0,0,1,7.0,7.0,3.4%,DL,2021
43,44,Grady Jarrett,4,1,0.0,0,0,0,0,0,1,6.8,6.8,5.7%,DL,2021
44,45,Justin Madubuike,1,3,0.0,0,0,0,0,0,1,6.3,6.3,24.4%,DL,2021
45,46,Foley Fatukasi,2,0,0.0,0,0,0,0,0,1,5.5,5.5,0.4%,DL,2021
46,47,Austin Johnson,1,2,0.0,0,0,0,0,0,1,5.5,5.5,3.0%,DL,2021
47,48,Roy Lopez,2,0,0.0,0,0,0,0,0,1,5.5,5.5,0.0%,DL,2021
48,49,Jonathon Cooper,2,3,0.0,0,0,0,0,0,1,5.3,5.3,17.4%,DL,2021
49,50,Greg Gaines,3,1,0.0,0,0,0,0,0,1,5.3,5.3,0.4%,DL,2021
50,51,Zach Sieler,3,1,0.0,0,0,0,0,0,1,5.3,5.3,27.9%,DL,2021
51,52,Nick Bosa,3,1,0.0,0,0,0,0,0,1,5.3,5.3,63.2%,DL,2021
52,53,Derek Barnett,2,3,0.0,0,0,0,0,0,1,5.3,5.3,0.5%,DL,2021
53,54,Javon Hargrave,0,7,0.0,0,0,0,0,0,1,5.3,5.3,14.8%,DL,2021
54,55,Al Woods,1,3,0.0,1,0,0,0,0,1,5.3,5.3,0.0%,DL,2021
55,56,Terrell Lewis,1,1,0.0,0,0,0,0,0,1,4.8,4.8,3.0%,DL,2021
56,57,Johnathan Hankins,1,4,0.0,0,0,0,0,0,1,4.5,4.5,0.0%,DL,2021
57,58,Charles Harris,2,2,0.0,0,0,0,0,0,1,4.5,4.5,4.0%,DL,2021
58,59,Bryan Mone,1,4,0.0,0,0,0,0,0,1,4.5,4.5,0.0%,DL,2021
59,60,Jadeveon Clowney,1,1,0.5,0,0,0,0,0,1,4.3,4.3,22.5%,DL,2021
60,61,Charles Omenihu,1,0,0.0,0,0,0,0,0,1,4.0,4.0,1.1%,DL,2021
61,62,Joshua Uche,0,0,0.0,0,0,0,1,0,1,4.0,4.0,0.9%,DL,2021
62,63,J.J. Watt,1,0,0.0,0,0,0,0,0,1,4.0,4.0,4.2%,DL,2021
63,64,Tyquan Lewis,1,0,0.0,0,0,0,0,0,1,4.0,4.0,0.4%,DL,2021
64,65,DeShawn Williams,1,3,0.0,0,0,0,0,0,1,3.8,3.8,0.6%,DL,2021
65,66,Michael Dogbe,2,1,0.0,0,0,0,0,0,1,3.8,3.8,2.0%,DL,2021
66,67,Derrick Nnadi,2,1,0.0,0,0,0,0,0,1,3.8,3.8,0.9%,DL,2021
67,68,Ross Blacklock,2,1,0.0,0,0,0,0,0,1,3.8,3.8,0.0%,DL,2021
68,69,Solomon Thomas,1,3,0.0,0,0,0,0,0,1,3.8,3.8,0.8%,DL,2021
69,70,Brandon Williams,1,1,0.0,1,0,0,0,0,1,3.8,3.8,0.2%,DL,2021
70,71,Christian Barmore,2,1,0.0,0,0,0,0,0,1,3.8,3.8,15.4%,DL,2021
71,72,Lawrence Guy,2,1,0.0,0,0,0,0,0,1,3.8,3.8,4.0%,DL,2021
72,73,Morgan Fox,1,3,0.0,0,0,0,0,0,1,3.8,3.8,2.3%,DL,2021
73,74,Khalen Saunders,1,3,0.0,0,0,0,0,0,1,3.8,3.8,1.3%,DL,2021
74,75,Yetur Gross-Matos,1,2,0.0,0,0,0,0,0,1,3.0,3.0,1.1%,DL,2021
75,76,Alex Okafor,1,2,0.0,0,0,0,0,0,1,3.0,3.0,0.0%,DL,2021
76,77,A'Shawn Robinson,1,2,0.0,0,0,0,0,0,1,3.0,3.0,4.5%,DL,2021
77,78,Teair Tart,2,0,0.0,0,0,0,0,0,1,3.0,3.0,0.2%,DL,2021
78,79,Bilal Nichols,2,0,0.0,0,0,0,0,0,1,3.0,3.0,1.3%,DL,2021
79,80,Chase Young,0,2,0.0,1,0,0,0,0,1,3.0,3.0,10.6%,DL,2021
80,81,Fletcher Cox,2,0,0.0,0,0,0,0,0,1,3.0,3.0,1.1%,DL,2021
81,82,Anthony Nelson,2,0,0.0,0,0,0,0,0,1,3.0,3.0,0.4%,DL,2021
82,83,Cam Sample,2,0,0.0,0,0,0,0,0,1,3.0,3.0,0.5%,DL,2021
83,84,Arden Key,2,0,0.0,0,0,0,0,0,1,3.0,3.0,2.4%,DL,2021
84,85,Maxx Crosby,2,0,0.0,0,0,0,0,0,1,3.0,3.0,69.0%,DL,2021
85,86,Khyiris Tonga,2,0,0.0,0,0,0,0,0,1,3.0,3.0,0.0%,DL,2021
86,87,Jordan Phillips,1,0,0.0,1,0,0,0,0,1,3.0,3.0,0.9%,DL,2021
87,88,Deatrich Wise,1,0,0.0,1,0,0,0,0,1,3.0,3.0,3.0%,DL,2021
88,89,Trey Flowers,1,2,0.0,0,0,0,0,0,1,3.0,3.0,0.2%,DL,2021
89,90,Malik McDowell,1,2,0.0,0,0,0,0,0,1,3.0,3.0,0.0%,DL,2021
90,91,Kerry Hyder,0,1,0.5,0,0,0,0,0,1,2.8,2.8,2.0%,DL,2021
91,92,Daron Payne,1,1,0.0,0,0,0,0,0,1,2.3,2.3,15.4%,DL,2021
92,93,Daviyon Nixon,0,3,0.0,0,0,0,0,0,1,2.3,2.3,0.0%,DL,2021
93,94,Jordan Elliott,1,1,0.0,0,0,0,0,0,1,2.3,2.3,0.2%,DL,2021
94,95,Tyeler Davison,0,3,0.0,0,0,0,0,0,1,2.3,2.3,0.0%,DL,2021
95,96,Justin Houston,1,1,0.0,0,0,0,0,0,1,2.3,2.3,0.0%,DL,2021
96,97,Naquan Jones,0,3,0.0,0,0,0,0,0,1,2.3,2.3,0.0%,DL,2021
97,98,Aaron Donald,0,3,0.0,0,0,0,0,0,1,2.3,2.3,11.7%,DL,2021
98,99,Angelo Blackson,1,1,0.0,0,0,0,0,0,1,2.3,2.3,0.2%,DL,2021
99,100,Marlon Davidson,1,1,0.0,0,0,0,0,0,1,2.3,2.3,0.0%,DL,2021
100,101,Grover Stewart,1,1,0.0,0,0,0,0,0,1,2.3,2.3,3.5%,DL,2021
101,102,Hassan Ridgeway,1,1,0.0,0,0,0,0,0,1,2.3,2.3,0.0%,DL,2021
102,103,DJ Reader,1,1,0.0,0,0,0,0,0,1,2.3,2.3,2.6%,DL,2021
103,104,Bravvion Roy,1,1,0.0,0,0,0,0,0,1,2.3,2.3,0.0%,DL,2021
104,105,Mario Edwards,0,1,0.0,1,0,0,0,0,1,2.3,2.3,0.0%,DL,2021
105,106,Shy Tuttle,1,1,0.0,0,0,0,0,0,1,2.3,2.3,2.0%,DL,2021
106,107,Tyler Lancaster,1,1,0.0,0,0,0,0,0,1,2.3,2.3,0.0%,DL,2021
107,108,Christian Ringo,1,1,0.0,0,0,0,0,0,1,2.3,2.3,0.0%,DL,2021
108,109,Josh Sweat,0,1,0.0,1,0,0,0,0,1,2.3,2.3,14.1%,DL,2021
109,110,Malik Jackson,1,1,0.0,0,0,0,0,0,1,2.3,2.3,0.0%,DL,2021
110,111,Jeffery Simmons,1,1,0.0,0,0,0,0,0,1,2.3,2.3,27.2%,DL,2021
111,112,Frank Clark,1,1,0.0,0,0,0,0,0,1,2.3,2.3,0.0%,DL,2021
112,113,Benson Mayowa,1,1,0.0,0,0,0,0,0,1,2.3,2.3,0.0%,DL,2021
113,114,Josiah Bronson,1,1,0.0,0,0,0,0,0,1,2.3,2.3,0.0%,DL,2021
114,115,Michael Brockers,0,3,0.0,0,0,0,0,0,1,2.3,2.3,0.0%,DL,2021
115,116,Dre'Mont Jones,0,2,0.0,0,0,0,0,0,1,1.5,1.5,4.9%,DL,2021
116,117,Raekwon Davis,0,2,0.0,0,0,0,0,0,1,1.5,1.5,0.2%,DL,2021
117,118,Nathan Shepherd,1,0,0.0,0,0,0,0,0,1,1.5,1.5,2.0%,DL,2021
118,119,Jonathan Bullard,1,0,0.0,0,0,0,0,0,1,1.5,1.5,3.3%,DL,2021
119,120,Tarron Jackson,1,0,0.0,0,0,0,0,0,1,1.5,1.5,0.0%,DL,2021
120,121,Carl Nassib,1,0,0.0,0,0,0,0,0,1,1.5,1.5,0.0%,DL,2021
121,122,Robert Nkemdiche,1,0,0.0,0,0,0,0,0,1,1.5,1.5,0.0%,DL,2021
122,123,Justin Ellis,0,2,0.0,0,0,0,0,0,1,1.5,1.5,2.0%,DL,2021
123,124,DaQuan Jones,0,2,0.0,0,0,0,0,0,1,1.5,1.5,0.7%,DL,2021
124,125,Levi Onwuzurike,0,2,0.0,0,0,0,0,0,1,1.5,1.5,0.4%,DL,2021
125,126,Trevis Gipson,1,0,0.0,0,0,0,0,0,1,1.5,1.5,1.1%,DL,2021
126,127,Montravius Adams,0,2,0.0,0,0,0,0,0,1,1.5,1.5,0.4%,DL,2021
127,128,Shamar Stephen,1,0,0.0,0,0,0,0,0,1,1.5,1.5,0.0%,DL,2021
128,129,Isaac Rochell,1,0,0.0,0,0,0,0,0,1,1.5,1.5,0.0%,DL,2021
129,130,Jamir Jones,1,0,0.0,0,0,0,0,0,1,1.5,1.5,0.0%,DL,2021
130,131,Tershawn Wharton,1,0,0.0,0,0,0,0,0,1,1.5,1.5,0.4%,DL,2021
131,132,Matt Ioannidis,0,2,0.0,0,0,0,0,0,1,1.5,1.5,0.0%,DL,2021
132,133,Jonathan Garvin,1,0,0.0,0,0,0,0,0,1,1.5,1.5,0.0%,DL,2021
133,134,Steven Means,1,0,0.0,0,0,0,0,0,1,1.5,1.5,0.0%,DL,2021
134,135,D.J. Jones,0,2,0.0,0,0,0,0,0,1,1.5,1.5,5.0%,DL,2021
135,136,Odafe Oweh,1,0,0.0,0,0,0,0,0,1,1.5,1.5,6.6%,DL,2021
136,137,John Franklin-Myers,1,0,0.0,0,0,0,0,0,1,1.5,1.5,0.9%,DL,2021
137,138,John Penisini,0,1,0.0,0,0,0,0,0,1,0.8,0.8,0.0%,DL,2021
138,139,Tim Ward,0,1,0.0,0,0,0,0,0,1,0.8,0.8,1.0%,DL,2021
139,140,Jonah Williams,0,1,0.0,0,0,0,0,0,1,0.8,0.8,0.4%,DL,2021
140,141,Zach Kerr,0,1,0.0,0,0,0,0,0,1,0.8,0.8,0.0%,DL,2021
141,142,Carl Davis,0,1,0.0,0,0,0,0,0,1,0.8,0.8,1.1%,DL,2021
142,143,Sheldon Rankins,0,1,0.0,0,0,0,0,0,1,0.8,0.8,2.0%,DL,2021
143,144,B.J. Hill,0,1,0.0,0,0,0,0,0,1,0.8,0.8,5.8%,DL,2021
144,145,Josh Mauro,0,1,0.0,0,0,0,0,0,1,0.8,0.8,0.0%,DL,2021
145,146,Chris Jones,0,1,0.0,0,0,0,0,0,1,0.8,0.8,25.7%,DL,2021
146,147,Margus Hunt,0,1,0.0,0,0,0,0,0,1,0.8,0.8,0.0%,DL,2021
147,148,Mike Danna,0,1,0.0,0,0,0,0,0,1,0.8,0.8,5.2%,DL,2021
148,149,Dee Ford,0,1,0.0,0,0,0,0,0,1,0.8,0.8,0.0%,DL,2021
149,150,Leki Fotu,0,1,0.0,0,0,0,0,0,1,0.8,0.8,0.4%,DL,2021
150,151,Milton Williams,0,1,0.0,0,0,0,0,0,1,0.8,0.8,2.6%,DL,2021
151,152,Marcus Davenport,0,1,0.0,0,0,0,0,0,1,0.8,0.8,2.1%,DL,2021
152,153,Shaq Lawson,0,1,0.0,0,0,0,0,0,1,0.8,0.8,0.0%,DL,2021
153,154,Davon Godchaux,0,1,0.0,0,0,0,0,0,1,0.8,0.8,4.3%,DL,2021
154,155,La'Darius Hamilton,0,0,0.0,0,0,0,0,0,1,0.0,0.0,1.0%,DL,2021
155,156,Malik Harrison,1,0,0.0,0,0,0,0,0,1,0.0,0.0,7.0%,DL,2021
156,157,T.J. Slaton,0,0,0.0,0,0,0,0,0,1,0.0,0.0,0.9%,DL,2021
157,158,Larrell Murchison,0,0,0.0,0,0,0,0,0,1,0.0,0.0,0.4%,DL,2021
158,159,Cam Gill,0,0,0.0,0,0,0,0,0,1,0.0,0.0,0.0%,DL,2021
159,160,Sam Kamara,0,0,0.0,0,0,0,0,0,1,0.0,0.0,2.0%,DL,2021
160,161,Ta'Quon Graham,0,0,0.0,0,0,0,0,0,1,0.0,0.0,0.4%,DL,2021
161,162,Joe Tryon-Shoyinka,1,0,0.0,0,0,0,0,0,1,0.0,0.0,2.4%,DL,2021
162,163,Zaven Collins,2,2,0.0,0,0,0,0,0,1,0.0,0.0,6.1%,DL,2021
163,164,Azeez Ojulari,3,2,2.5,0,0,0,0,0,1,0.0,0.0,2.2%,DL,2021
164,165,Jaelan Phillips,0,0,0.0,0,0,0,0,0,1,0.0,0.0,10.0%,DL,2021
165,166,Damion Square,0,0,0.0,0,0,0,0,0,1,0.0,0.0,0.0%,DL,2021
166,167,Devon Kennard,2,0,0.0,1,0,0,0,0,1,0.0,0.0,0.0%,DL,2021
167,168,Kyle Van,1,2,0.0,1,0,0,0,0,1,0.0,0.0,8.2%,DL,2021
168,169,Khalil Mack,1,0,0.0,0,0,0,0,0,1,0.0,0.0,52.8%,DL,2021
169,170,Whitney Mercilus,0,0,0.0,0,0,0,0,0,1,0.0,0.0,0.2%,DL,2021
170,171,William Gholston,0,0,0.0,0,0,0,0,0,1,0.0,0.0,1.6%,DL,2021
171,172,Alejandro Villanueva,0,0,0.0,0,0,0,0,0,1,0.0,0.0,0.0%,DL,2021
172,173,Brandon Copeland,0,1,0.0,0,0,0,0,0,1,0.0,0.0,0.0%,DL,2021
173,174,Shaquil Barrett,3,1,1.0,0,0,1,1,0,1,0.0,0.0,8.4%,DL,2021
174,175,Pernell McPhee,1,1,0.0,0,0,0,0,0,1,0.0,0.0,0.0%,DL,2021
175,176,Von Miller,1,1,0.0,0,0,0,0,0,1,0.0,0.0,2.5%,DL,2021
176,177,Ogbo Okoronkwo,1,0,0.0,0,0,0,0,0,1,0.0,0.0,2.7%,DL,2021
177,178,Jacob Martin,2,2,0.0,1,0,0,0,0,1,0.0,0.0,0.4%,DL,2021
178,179,Dennis Gardeck,2,0,0.0,0,0,0,0,0,1,0.0,0.0,3.6%,DL,2021
179,180,Harold Landry,1,0,1.0,0,0,0,0,0,1,0.0,0.0,24.1%,DL,2021
180,181,Ola Adeniyi,0,0,0.0,0,0,0,0,0,1,0.0,0.0,0.0%,DL,2021
181,182,Genard Avery,1,0,0.0,0,0,0,0,0,1,0.0,0.0,0.0%,DL,2021
182,183,Lorenzo Carter,2,2,0.0,0,0,0,0,0,1,0.0,0.0,1.8%,DL,2021
183,184,Tim Settle,0,0,0.0,0,0,0,0,0,1,0.0,0.0,0.4%,DL,2021
184,185,Daniel Wise,0,0,0.0,0,0,0,0,0,1,0.0,0.0,0.0%,DL,2021
185,186,Joe Jackson,0,0,0.0,0,0,0,0,0,1,0.0,0.0,0.0%,DL,2021
186,187,Carl Granderson,0,0,0.0,0,0,0,0,0,1,0.0,0.0,28.7%,DL,2021
187,188,Austin Bryant,0,0,0.0,0,0,0,0,0,1,0.0,0.0,1.0%,DL,2021
188,189,Oshane Ximines,0,0,0.0,1,0,0,0,0,1,0.0,0.0,0.0%,DL,2021
189,190,Clelin Ferrell,0,0,0.0,0,0,0,0,0,1,0.0,0.0,1.7%,DL,2021
190,191,Rashan Gary,3,4,2.0,0,0,1,0,0,1,0.0,0.0,11.2%,DL,2021
191,192,Andrew Van,3,2,0.0,0,0,0,0,0,1,0.0,0.0,11.2%,DL,2021
192,193,Malik Reed,1,3,0.0,0,0,0,0,0,1,0.0,0.0,0.0%,DL,2021
193,194,Matthew Judon,0,1,0.0,0,0,0,0,0,1,0.0,0.0,16.8%,DL,2021
194,195,Leonard Floyd,3,4,0.0,0,0,0,0,0,1,0.0,0.0,5.4%,DL,2021
195,196,Kenny Clark,0,0,0.0,0,0,0,0,0,1,0.0,0.0,8.9%,DL,2021
196,197,Jordan Jenkins,1,0,0.0,0,0,0,0,0,1,0.0,0.0,0.0%,DL,2021
197,198,Markus Golden,2,1,2.0,0,0,1,1,0,1,0.0,0.0,0.5%,DL,2021
198,199,Bud Dupree,1,0,1.0,0,0,1,0,0,1,0.0,0.0,1.3%,DL,2021
199,200,Eddie Goldman,0,0,0.0,0,0,0,0,0,1,0.0,0.0,0.2%,DL,2021
200,201,Takk McKinley,2,0,0.0,0,0,0,0,0,1,0.0,0.0,1.1%,DL,2021
201,202,Tyus Bowser,2,4,0.5,0,0,0,0,0,1,0.0,0.0,0.7%,DL,2021
202,203,Carl Lawson,0,0,0.0,0,0,0,0,0,1,0.0,0.0,0.0%,DL,2021
203,204,Josh Tupou,0,0,0.0,0,0,0,0,0,1,0.0,0.0,0.0%,DL,2021
204,205,Adam Butler,0,0,0.0,0,0,0,0,0,1,0.0,0.0,0.7%,DL,2021
205,206,Samson Ebukam,0,0,0.0,0,0,0,0,0,1,0.0,0.0,8.7%,DL,2021
206,207,Brennan Scarlett,0,0,0.0,0,0,0,0,0,1,0.0,0.0,0.0%,DL,2021
