,Rank,Player,Tackle,Assist,Sack,Pass Defended,Interception,Forced Fumble,Fumble Recovery,Defend Touchdown,Games Played,Fantasy Football Points,FTPS/Game,ROST,Position,Year
0,1,T.J. Watt,5,0,4.0,2,0,0,0,0,1,34.0,34.0,78.9%,LB,2021
1,2,Alex Highsmith,7,0,2.0,0,0,0,0,0,1,26.0,26.0,25.4%,LB,2021
2,3,Shaquille Leonard,6,2,0.0,1,1,2,0,0,1,25.0,25.0,21.8%,LB,2021
3,4,Foyesade Oluokun,7,6,0.0,2,1,0,0,0,1,23.0,23.0,93.9%,LB,2021
4,5,Von Miller,5,0,2.0,0,0,0,0,0,1,23.0,23.0,2.5%,LB,2021
5,6,Fred Warner,7,8,0.0,0,0,1,0,0,1,23.0,23.0,90.4%,LB,2021
6,7,Frankie Luvu,6,3,0.0,0,0,0,0,0,1,18.8,18.8,44.4%,LB,2021
7,8,Lorenzo Carter,5,1,1.0,1,0,0,0,0,1,18.8,18.8,1.8%,LB,2021
8,9,Troy Reeder,6,3,1.0,0,0,0,0,0,1,17.8,17.8,1.6%,LB,2021
9,10,Jerome Baker,6,1,1.0,0,0,0,0,0,1,16.3,16.3,14.7%,LB,2021
10,11,Roquan Smith,6,3,0.0,0,0,0,0,0,1,16.3,16.3,90.7%,LB,2021
11,12,Isaiah Simmons,7,2,0.0,0,0,1,0,0,1,16.0,16.0,6.2%,LB,2021
12,13,Preston Smith,3,1,1.0,1,0,0,0,0,1,15.8,15.8,11.1%,LB,2021
13,14,T.J. Edwards,7,7,0.0,0,0,0,0,0,1,15.8,15.8,78.9%,LB,2021
14,15,Jaylon Smith,5,2,1.0,0,0,0,0,0,1,15.5,15.5,0.2%,LB,2021
15,16,Micah Kiser,5,7,0.0,0,0,0,0,0,1,15.3,15.3,0.0%,LB,2021
16,17,Jonas Griffith,5,7,0.0,0,0,0,0,0,1,15.3,15.3,2.9%,LB,2021
17,18,C.J. Mosley,7,6,0.0,0,0,0,0,0,1,15.0,15.0,65.7%,LB,2021
18,19,Jalen Reeves-Maybin,4,4,0.0,0,0,0,0,0,1,14.0,14.0,1.3%,LB,2021
19,20,De'Vondre Campbell,7,1,0.0,0,0,0,0,0,1,13.8,13.8,20.9%,LB,2021
20,21,Cole Holcomb,5,6,0.0,1,0,0,0,0,1,13.5,13.5,9.1%,LB,2021
21,22,Leighton Vander,8,2,0.0,0,0,0,0,0,1,13.5,13.5,2.2%,LB,2021
22,23,Chandler Jones,3,0,0.0,0,0,1,0,0,1,13.5,13.5,0.5%,LB,2021
23,24,Shaq Thompson,4,3,0.0,0,0,0,0,0,1,13.3,13.3,14.8%,LB,2021
24,25,Tae Crowder,3,3,0.0,1,1,0,0,0,1,13.3,13.3,0.0%,LB,2021
25,26,Denzel Perryman,5,2,0.0,0,0,1,0,0,1,13.0,13.0,11.8%,LB,2021
26,27,Cody Barton,5,2,0.0,1,0,0,0,0,1,13.0,13.0,12.0%,LB,2021
27,28,Bobby Okereke,8,1,0.0,0,0,0,0,0,1,12.8,12.8,79.4%,LB,2021
28,29,Kwon Alexander,6,2,0.5,0,0,0,0,0,1,12.5,12.5,1.1%,LB,2021
29,30,Kyzir White,5,6,0.0,0,0,0,0,0,1,12.0,12.0,22.3%,LB,2021
30,31,Christian Kirksey,5,4,0.0,1,0,0,0,0,1,12.0,12.0,0.1%,LB,2021
31,32,Rashan Gary,2,0,1.0,0,0,0,0,0,1,12.0,12.0,11.2%,LB,2021
32,33,Micah Parsons,4,1,0.0,0,0,0,0,0,1,11.8,11.8,77.7%,LB,2021
33,34,Robert Spillane,4,4,0.0,0,0,0,0,0,1,11.5,11.5,33.7%,LB,2021
34,35,Eric Kendricks,6,3,0.0,0,0,0,0,0,1,11.3,11.3,32.1%,LB,2021
35,36,David Long,2,2,0.0,1,1,0,0,0,1,11.0,11.0,8.2%,LB,2021
36,37,Tyus Bowser,2,0,1.0,0,0,1,0,0,1,11.0,11.0,0.7%,LB,2021
37,38,Alec Ogletree,6,2,0.0,0,0,0,0,0,1,10.5,10.5,2.0%,LB,2021
38,39,Anthony Barr,5,4,0.0,0,0,0,0,0,1,10.5,10.5,0.0%,LB,2021
39,40,Jordyn Brooks,5,4,0.0,0,0,0,0,0,1,10.5,10.5,25.9%,LB,2021
40,41,Deion Jones,6,2,0.0,0,0,0,0,0,1,10.5,10.5,2.7%,LB,2021
41,42,Leonard Floyd,4,3,0.5,0,0,0,0,0,1,10.3,10.3,5.4%,LB,2021
42,43,Elandon Roberts,3,4,0.0,0,0,0,0,0,1,10.0,10.0,15.3%,LB,2021
43,44,Anthony Hitchens,4,5,0.0,0,0,0,0,0,1,9.8,9.8,1.0%,LB,2021
44,45,Logan Wilson,5,3,0.0,0,0,0,0,0,1,9.8,9.8,63.1%,LB,2021
45,46,Dont'a Hightower,2,0,1.0,0,0,0,0,0,1,9.5,9.5,1.0%,LB,2021
46,47,Robert Quinn,1,0,1.0,0,0,1,0,0,1,9.5,9.5,1.2%,LB,2021
47,48,Genard Avery,1,2,1.0,0,0,0,0,0,1,9.5,9.5,0.0%,LB,2021
48,49,Jordan Jenkins,2,0,1.0,0,0,0,0,0,1,9.5,9.5,0.0%,LB,2021
49,50,Jordan Willis,1,0,1.0,0,0,1,0,0,1,9.5,9.5,1.0%,LB,2021
50,51,Harold Landry,1,2,1.0,0,0,0,0,0,1,9.5,9.5,24.1%,LB,2021
51,52,David Mayo,3,3,0.0,0,0,0,0,0,1,9.3,9.3,0.2%,LB,2021
52,53,Alex Singleton,4,4,0.0,0,0,0,0,0,1,9.0,9.0,61.3%,LB,2021
53,54,Anthony Walker,3,6,0.0,0,0,0,0,0,1,9.0,9.0,4.0%,LB,2021
54,55,Kamu Grugier-Hill,5,2,0.0,0,0,0,0,0,1,9.0,9.0,7.2%,LB,2021
55,56,Krys Barnes,3,2,0.0,2,0,0,0,0,1,9.0,9.0,8.8%,LB,2021
56,57,Tremaine Edmunds,5,1,0.0,0,0,0,0,0,1,8.3,8.3,33.7%,LB,2021
57,58,Matt Milano,4,1,0.0,1,0,0,0,0,1,8.3,8.3,22.8%,LB,2021
58,59,Josh Bynes,4,3,0.0,0,0,0,0,0,1,8.3,8.3,0.0%,LB,2021
59,60,Jamin Davis,1,0,1.0,0,0,0,0,0,1,8.0,8.0,8.8%,LB,2021
60,61,Samson Ebukam,1,2,0.5,0,0,0,0,0,1,7.5,7.5,8.7%,LB,2021
61,62,Jeremiah Owusu-Koramoah,3,4,0.0,0,0,0,0,0,1,7.5,7.5,29.2%,LB,2021
62,63,Zach Cunningham,4,2,0.0,0,0,0,0,0,1,7.5,7.5,1.7%,LB,2021
63,64,Shaquille Quarterman,4,2,0.0,0,0,0,0,0,1,7.5,7.5,0.0%,LB,2021
64,65,Myles Jack,4,2,0.0,0,0,0,0,0,1,7.5,7.5,0.4%,LB,2021
65,66,Zaire Franklin,2,2,0.0,0,0,0,0,0,1,7.0,7.0,92.0%,LB,2021
66,67,Quincy Williams,2,5,0.0,0,0,0,0,0,1,6.8,6.8,51.5%,LB,2021
67,68,Demario Davis,2,3,0.0,1,0,0,0,0,1,6.8,6.8,22.3%,LB,2021
68,69,Sione Takitaki,2,1,0.0,0,0,0,0,0,1,6.3,6.3,4.6%,LB,2021
69,70,Kevin Minter,3,2,0.0,0,0,0,0,0,1,6.0,6.0,0.0%,LB,2021
70,71,Travin Howard,3,2,0.0,0,0,0,0,0,1,6.0,6.0,0.2%,LB,2021
71,72,Dennis Gardeck,1,0,0.0,0,0,0,1,0,1,5.5,5.5,3.6%,LB,2021
72,73,Kyle Van,3,1,0.0,0,0,0,0,0,1,5.3,5.3,8.2%,LB,2021
73,74,Malcolm Smith,3,1,0.0,0,0,0,0,0,1,5.3,5.3,0.0%,LB,2021
74,75,Derrick Barnes,2,3,0.0,0,0,0,0,0,1,5.3,5.3,9.9%,LB,2021
75,76,Casey Toohill,3,1,0.0,0,0,0,0,0,1,5.3,5.3,0.7%,LB,2021
76,77,Joe Tryon-Shoyinka,3,1,0.0,0,0,0,0,0,1,5.3,5.3,2.4%,LB,2021
77,78,Jacob Phillips,2,1,0.0,1,0,0,0,0,1,5.3,5.3,0.9%,LB,2021
78,79,Damien Wilson,1,1,0.0,2,0,0,0,0,1,5.3,5.3,0.0%,LB,2021
79,80,Jermaine Carter,1,4,0.0,0,0,0,0,0,1,4.5,4.5,0.0%,LB,2021
80,81,Ja'Whaun Bentley,2,2,0.0,0,0,0,0,0,1,4.5,4.5,15.7%,LB,2021
81,82,Uchenna Nwosu,1,4,0.0,0,0,0,0,0,1,4.5,4.5,17.7%,LB,2021
82,83,Markus Bailey,2,2,0.0,0,0,0,0,0,1,4.5,4.5,0.0%,LB,2021
83,84,Nick Bolton,2,2,0.0,0,0,0,0,0,1,4.5,4.5,52.3%,LB,2021
84,85,Devin White,2,1,0.0,0,0,0,0,0,1,3.8,3.8,22.7%,LB,2021
85,86,Zaven Collins,1,1,0.0,1,0,0,0,0,1,3.8,3.8,6.1%,LB,2021
86,87,Andrew Van,2,1,0.0,0,0,0,0,0,1,3.8,3.8,11.2%,LB,2021
87,88,Malik Reed,1,0,0.0,1,0,0,0,0,1,3.0,3.0,0.0%,LB,2021
88,89,Willie Gay,2,0,0.0,0,0,0,0,0,1,3.0,3.0,7.4%,LB,2021
89,90,Marquis Haynes,1,2,0.0,0,0,0,0,0,1,3.0,3.0,0.6%,LB,2021
90,91,Mykal Walker,1,0,0.0,1,0,0,0,0,1,3.0,3.0,2.6%,LB,2021
91,92,Neville Hewitt,2,0,0.0,0,0,0,0,0,1,3.0,3.0,0.0%,LB,2021
92,93,Blake Lynch,2,0,0.0,0,0,0,0,0,1,3.0,3.0,0.0%,LB,2021
93,94,Jahlani Tavai,1,2,0.0,0,0,0,0,0,1,3.0,3.0,6.3%,LB,2021
94,95,Patrick Queen,1,1,0.0,0,0,0,0,0,1,2.3,2.3,43.7%,LB,2021
95,96,Andre Mintze,1,1,0.0,0,0,0,0,0,1,2.3,2.3,0.0%,LB,2021
96,97,Nick Niemann,1,1,0.0,0,0,0,0,0,1,2.3,2.3,4.4%,LB,2021
97,98,Azeez Ojulari,0,1,0.0,1,0,0,0,0,1,2.3,2.3,2.2%,LB,2021
98,99,Pete Werner,1,1,0.0,0,0,0,0,0,1,2.3,2.3,10.5%,LB,2021
99,100,Tanner Vallejo,1,0,0.0,0,0,0,0,0,1,1.5,1.5,0.0%,LB,2021
100,101,Rashaan Evans,1,0,0.0,0,0,0,0,0,1,1.5,1.5,0.2%,LB,2021
101,102,K.J. Wright,0,2,0.0,0,0,0,0,0,1,1.5,1.5,0.0%,LB,2021
102,103,Sam Franklin,1,0,0.0,0,0,0,0,0,1,1.5,1.5,0.4%,LB,2021
103,104,Porter Gustin,1,0,0.0,0,0,0,0,0,1,1.5,1.5,0.0%,LB,2021
104,105,Ben Niemann,1,0,0.0,0,0,0,0,0,1,1.5,1.5,0.4%,LB,2021
105,106,Ulysees Gilbert,1,0,0.0,0,0,0,0,0,1,1.5,1.5,0.0%,LB,2021
106,107,Jordan Hicks,1,0,0.0,0,0,0,0,0,1,1.5,1.5,29.9%,LB,2021
107,108,Amen Ogbongbemiga,1,0,0.0,0,0,0,0,0,1,1.5,1.5,0.2%,LB,2021
108,109,Justin Hollins,1,0,0.0,0,0,0,0,0,1,1.5,1.5,0.0%,LB,2021
109,110,Brandon Copeland,1,0,0.0,0,0,0,0,0,1,1.5,1.5,0.0%,LB,2021
110,111,Bud Dupree,1,0,0.0,0,0,0,0,0,1,1.5,1.5,1.3%,LB,2021
111,112,Oren Burks,0,1,0.0,0,0,0,0,0,1,0.8,0.8,3.8%,LB,2021
112,113,Jacob Martin,0,1,0.0,0,0,0,0,0,1,0.8,0.8,0.4%,LB,2021
113,114,Joe Jones,0,1,0.0,0,0,0,0,0,1,0.8,0.8,0.0%,LB,2021
114,115,Anthony Nelson,3,0,1.0,1,0,0,1,0,1,0.0,0.0,0.4%,LB,2021
115,116,David Long,2,0,0.0,0,0,0,0,0,1,0.0,0.0,0.0%,LB,2021
116,117,E.J. Speed,0,0,0.0,0,0,0,0,0,1,0.0,0.0,39.8%,LB,2021
117,118,Nick Moore,0,0,0.0,0,0,0,0,0,1,0.0,0.0,0.0%,LB,2021
118,119,Demetrius Flannigan-Fowles,2,3,0.0,0,0,0,0,0,1,0.0,0.0,1.6%,LB,2021
119,120,Del'Shawn Phillips,0,0,0.0,0,0,0,0,0,1,0.0,0.0,1.3%,LB,2021
120,121,Tim Ward,1,2,0.0,0,0,0,0,0,1,0.0,0.0,1.0%,LB,2021
121,122,Sharif Finch,0,0,0.0,0,0,0,0,0,1,0.0,0.0,0.0%,LB,2021
122,123,Tae Davis,0,0,0.0,0,0,0,0,0,1,0.0,0.0,0.2%,LB,2021
123,124,Sam Eguavoen,0,0,0.0,0,0,0,0,0,1,0.0,0.0,0.0%,LB,2021
124,125,Natrez Patrick,0,0,0.0,0,0,0,0,0,1,0.0,0.0,0.0%,LB,2021
125,126,Wyatt Ray,0,0,0.0,0,0,0,0,0,1,0.0,0.0,0.0%,LB,2021
126,127,Josh Allen,4,3,0.0,0,0,0,0,0,1,0.0,0.0,44.1%,LB,2021
127,128,Brian Burns,2,0,0.0,0,0,0,0,0,1,0.0,0.0,41.3%,LB,2021
128,129,Jaylon Ferguson,1,0,0.0,0,0,0,0,0,1,0.0,0.0,0.0%,LB,2021
129,130,Cam Gill,0,0,0.0,0,0,0,0,0,1,0.0,0.0,0.0%,LB,2021
130,131,Derrek Tuszka,2,0,1.0,0,0,0,0,0,1,0.0,0.0,0.0%,LB,2021
131,132,Jamir Jones,1,1,0.0,0,0,0,0,0,1,0.0,0.0,0.0%,LB,2021
132,133,Chapelle Russell,0,0,0.0,0,0,0,0,0,1,0.0,0.0,0.0%,LB,2021
133,134,Clay Johnston,0,0,0.0,0,0,0,0,0,1,0.0,0.0,0.0%,LB,2021
134,135,Dylan Moses,0,0,0.0,0,0,0,0,0,1,0.0,0.0,0.0%,LB,2021
135,136,Jordan Smith,0,0,0.0,0,0,0,0,0,1,0.0,0.0,0.0%,LB,2021
136,137,Yetur Gross-Matos,3,1,0.0,0,0,0,0,0,1,0.0,0.0,1.1%,LB,2021
137,138,Julian Okwara,2,1,0.0,0,0,0,0,0,1,0.0,0.0,0.0%,LB,2021
138,139,Anthony Pittman,0,0,0.0,0,0,0,0,0,1,0.0,0.0,0.0%,LB,2021
139,140,Willie Harvey,0,0,0.0,0,0,0,0,0,1,0.0,0.0,0.0%,LB,2021
140,141,Joshua Uche,0,0,0.0,0,0,0,0,0,1,0.0,0.0,0.9%,LB,2021
141,142,Hamsah Nasirildeen,0,2,0.0,0,0,0,0,0,1,0.0,0.0,0.0%,LB,2021
142,143,Jessie Lemonier,1,1,0.0,0,0,0,0,0,1,0.0,0.0,4.0%,LB,2021
143,144,Jonathan Garvin,0,0,0.0,0,0,0,0,0,1,0.0,0.0,0.0%,LB,2021
144,145,Kamal Martin,0,0,0.0,0,0,0,0,0,1,0.0,0.0,0.0%,LB,2021
145,146,Tipa Galeai,0,0,0.0,0,0,0,0,0,1,0.0,0.0,0.0%,LB,2021
146,147,Tanner Muse,0,0,0.0,0,0,0,0,0,1,0.0,0.0,0.0%,LB,2021
147,148,Darrell Taylor,2,1,0.0,0,0,0,0,0,1,0.0,0.0,1.1%,LB,2021
148,149,Kenny Willekes,3,2,0.0,0,0,0,0,0,1,0.0,0.0,2.0%,LB,2021
149,150,Trevis Gipson,2,1,2.0,0,0,2,0,0,1,0.0,0.0,1.1%,LB,2021
150,151,D.J. Wonnum,2,0,0.0,0,0,0,0,0,1,0.0,0.0,13.9%,LB,2021
151,152,Victor Dimukeje,0,1,0.0,0,0,0,0,0,1,0.0,0.0,0.7%,LB,2021
152,153,Aaron Patrick,1,0,0.0,0,0,0,0,0,1,0.0,0.0,0.0%,LB,2021
153,154,Quincy Roche,2,1,0.0,0,0,0,0,0,1,0.0,0.0,0.0%,LB,2021
154,155,Ade Ogundeji,0,0,0.0,0,0,0,0,0,1,0.0,0.0,0.0%,LB,2021
155,156,Jaelan Phillips,1,1,0.0,0,0,0,0,0,1,0.0,0.0,10.0%,LB,2021
156,157,Elerson Smith,0,1,0.0,0,0,0,0,0,1,0.0,0.0,0.0%,LB,2021
157,158,Patrick Johnson,0,0,0.0,0,0,0,0,0,1,0.0,0.0,0.0%,LB,2021
158,159,Sam Kamara,1,1,0.0,0,0,0,0,0,1,0.0,0.0,2.0%,LB,2021
159,160,Garret Wallow,0,0,0.0,0,0,0,0,0,1,0.0,0.0,0.0%,LB,2021
160,161,JaCoby Stevens,0,0,0.0,0,0,0,0,0,1,0.0,0.0,0.0%,LB,2021
161,162,Divine Deablo,8,1,0.0,1,0,0,0,0,1,0.0,0.0,13.4%,LB,2021
162,163,Zayne Anderson,0,0,0.0,0,0,0,0,0,1,0.0,0.0,0.2%,LB,2021
163,164,Barrington Wade,0,0,0.0,0,0,0,0,0,1,0.0,0.0,0.0%,LB,2021
164,165,Steven Means,4,1,0.0,0,0,0,0,0,1,0.0,0.0,0.0%,LB,2021
165,166,Bobby Wagner,0,0,0.0,0,0,0,0,0,1,0.0,0.0,72.4%,LB,2021
166,167,Melvin Ingram,1,0,0.0,0,0,0,0,0,1,0.0,0.0,0.0%,LB,2021
167,168,Whitney Mercilus,0,0,0.0,0,0,0,0,0,1,0.0,0.0,0.2%,LB,2021
168,169,Bruce Irvin,0,0,0.0,0,0,0,0,0,1,0.0,0.0,0.2%,LB,2021
169,170,Daren Bates,0,0,0.0,0,0,0,0,0,1,0.0,0.0,0.0%,LB,2021
170,171,Jadeveon Clowney,4,2,2.0,0,0,1,0,0,1,0.0,0.0,22.5%,LB,2021
171,172,Christian Jones,0,0,0.0,0,0,0,0,0,1,0.0,0.0,0.0%,LB,2021
172,173,Justin Houston,1,1,0.0,0,0,0,1,0,1,0.0,0.0,0.0%,LB,2021
173,174,Jason Pierre-Paul,0,0,0.0,0,0,0,0,0,1,0.0,0.0,0.0%,LB,2021
174,175,Austin Calitro,0,0,0.0,0,0,0,0,0,1,0.0,0.0,0.0%,LB,2021
175,176,Dylan Cole,0,0,0.0,0,0,0,0,0,1,0.0,0.0,0.0%,LB,2021
176,177,Duke Riley,0,0,0.0,0,0,0,0,0,1,0.0,0.0,4.0%,LB,2021
177,178,Cameron Malveaux,0,1,0.0,0,0,0,0,0,1,0.0,0.0,0.0%,LB,2021
178,179,Eric Wilson,0,0,0.0,0,0,0,0,0,1,0.0,0.0,0.5%,LB,2021
179,180,Ifeadi Odenigbo,1,2,0.0,0,0,0,0,0,1,0.0,0.0,4.0%,LB,2021
180,181,Calvin Munson,0,0,0.0,0,0,0,0,0,1,0.0,0.0,0.0%,LB,2021
181,182,Joe Walker,0,0,0.0,0,0,0,0,0,1,0.0,0.0,0.0%,LB,2021
182,183,Marcell Harris,6,4,0.0,1,1,0,0,0,1,0.0,0.0,0.0%,LB,2021
183,184,Chris Board,0,0,0.0,0,0,0,0,0,1,0.0,0.0,1.5%,LB,2021
184,185,Thomas Hennessy,0,0,0.0,0,0,0,0,0,1,0.0,0.0,0.0%,LB,2021
185,186,Dorian O'Daniel,0,0,0.0,0,0,0,0,0,1,0.0,0.0,0.0%,LB,2021
186,187,Arden Key,1,0,1.0,0,0,0,0,0,1,0.0,0.0,2.4%,LB,2021
187,188,Marcus Davenport,0,2,0.0,0,0,0,1,0,1,0.0,0.0,2.1%,LB,2021
188,189,Marcus Allen,2,2,0.0,0,0,0,0,0,1,0.0,0.0,0.0%,LB,2021
189,190,Frank Clark,1,1,1.0,0,0,0,0,0,1,0.0,0.0,0.0%,LB,2021
190,191,Mark Nzeocha,0,0,0.0,0,0,0,0,0,1,0.0,0.0,0.0%,LB,2021
191,192,Edmond Robinson,0,0,0.0,0,0,0,0,0,1,0.0,0.0,0.0%,LB,2021
192,193,Randy Gregory,3,2,0.0,0,0,0,0,0,1,0.0,0.0,2.2%,LB,2021
193,194,Joe Thomas,0,0,0.0,0,0,0,0,0,1,0.0,0.0,1.0%,LB,2021
194,195,Joey Bosa,3,3,0.0,0,0,0,0,0,1,0.0,0.0,16.7%,LB,2021
195,196,Rick Lovato,0,0,0.0,0,0,0,0,0,1,0.0,0.0,0.0%,LB,2021
196,197,Aaron Brewer,0,0,0.0,0,0,0,0,0,1,0.0,0.0,0.0%,LB,2021
197,198,Jon Weeks,0,0,0.0,0,0,0,0,0,1,0.0,0.0,0.0%,LB,2021
198,199,Patrick Scales,0,0,0.0,0,0,0,0,0,1,0.0,0.0,0.0%,LB,2021
199,200,Matthew Judon,0,0,0.0,0,0,0,0,0,1,0.0,0.0,16.8%,LB,2021
200,201,Jihad Ward,1,3,0.0,0,0,0,0,0,1,0.0,0.0,0.2%,LB,2021
201,202,Tyrell Adams,0,0,0.0,0,0,0,0,0,1,0.0,0.0,0.0%,LB,2021
