,Rank,Player,Tackle,Assist,Sack,Pass Defended,Interception,Forced Fumble,Fumble Recovery,Defend Touchdown,Games Played,Fantasy Football Points,FTPS/Game,ROST,Position,Year
0,1,Kyle Van,5,3,2.0,1,1,0,0,1,1,35.3,35.3,8.2%,LB,2021
1,2,Robert Quinn,4,1,3.5,0,0,1,0,0,1,32.3,32.3,1.2%,LB,2021
2,3,Roquan Smith,13,4,0.0,0,0,0,0,0,1,27.5,27.5,90.7%,LB,2021
3,4,T.J. Edwards,7,3,0.0,2,1,0,1,0,1,27.3,27.3,78.9%,LB,2021
4,5,Preston Smith,4,2,2.0,0,0,1,0,0,1,24.5,24.5,11.1%,LB,2021
5,6,Quincy Williams,10,5,0.0,0,0,0,0,0,1,23.8,23.8,51.5%,LB,2021
6,7,Denzel Perryman,9,3,0.0,2,0,0,0,0,1,23.8,23.8,11.8%,LB,2021
7,8,Chandler Jones,4,0,2.0,0,0,1,0,0,1,23.0,23.0,0.5%,LB,2021
8,9,Micah Parsons,4,0,2.0,0,0,1,0,0,1,23.0,23.0,77.7%,LB,2021
9,10,Tyus Bowser,4,1,2.0,1,0,1,0,0,1,22.8,22.8,0.7%,LB,2021
10,11,Kamu Grugier-Hill,7,5,0.0,2,1,0,0,0,1,22.3,22.3,7.2%,LB,2021
11,12,Jordyn Brooks,11,4,0.0,0,0,0,0,0,1,22.0,22.0,25.9%,LB,2021
12,13,Zach Cunningham,6,5,0.0,1,0,1,0,0,1,20.8,20.8,1.7%,LB,2021
13,14,Damien Wilson,4,4,1.0,0,0,0,0,0,1,18.0,18.0,0.0%,LB,2021
14,15,Bobby Wagner,5,8,0.0,0,0,1,0,0,1,17.5,17.5,72.4%,LB,2021
15,16,Foyesade Oluokun,4,6,1.0,0,0,0,0,0,1,17.0,17.0,93.9%,LB,2021
16,17,Alex Highsmith,3,3,1.5,0,0,0,0,0,1,15.3,15.3,25.4%,LB,2021
17,18,Jayon Brown,6,8,0.0,0,0,0,0,0,1,15.0,15.0,2.0%,LB,2021
18,19,Kwon Alexander,6,1,0.0,0,0,0,0,0,1,14.8,14.8,1.1%,LB,2021
19,20,Markus Golden,3,0,1.0,0,0,0,0,0,1,13.5,13.5,0.5%,LB,2021
20,21,Myles Jack,5,7,0.0,0,0,0,0,0,1,12.8,12.8,0.4%,LB,2021
21,22,Kyzir White,6,3,0.0,1,0,0,0,0,1,12.8,12.8,22.3%,LB,2021
22,23,Isaiah Simmons,2,4,1.0,0,0,0,0,0,1,12.5,12.5,6.2%,LB,2021
23,24,Fred Warner,4,3,0.0,0,0,0,1,0,1,12.3,12.3,90.4%,LB,2021
24,25,Harold Landry,4,1,0.0,0,0,0,0,0,1,11.8,11.8,24.1%,LB,2021
25,26,Malcolm Smith,3,1,0.0,1,1,0,0,0,1,11.8,11.8,0.0%,LB,2021
26,27,A.J. Klein,4,2,0.0,1,0,0,0,0,1,11.5,11.5,0.0%,LB,2021
27,28,Matt Milano,3,6,0.0,0,0,0,0,0,1,11.5,11.5,22.8%,LB,2021
28,29,Eric Kendricks,4,7,0.0,0,0,0,0,0,1,11.3,11.3,32.1%,LB,2021
29,30,Cole Holcomb,3,7,0.0,1,0,0,0,0,1,11.3,11.3,9.1%,LB,2021
30,31,De'Vondre Campbell,6,1,0.0,1,0,0,0,0,1,11.3,11.3,20.9%,LB,2021
31,32,Uchenna Nwosu,2,0,1.0,0,0,1,0,0,1,11.0,11.0,17.7%,LB,2021
32,33,Alec Ogletree,4,3,0.0,0,0,0,0,0,1,10.8,10.8,2.0%,LB,2021
33,34,Patrick Queen,4,3,0.0,0,0,0,0,0,1,10.8,10.8,43.7%,LB,2021
34,35,Anthony Barr,4,6,0.0,0,0,0,0,0,1,10.5,10.5,0.0%,LB,2021
35,36,Alex Anzalone,3,4,0.0,2,0,0,0,0,1,10.5,10.5,31.6%,LB,2021
36,37,Jordan Hicks,4,4,0.0,1,0,0,0,0,1,10.5,10.5,29.9%,LB,2021
37,38,Jacob Martin,1,1,1.0,0,0,1,0,0,1,10.3,10.3,0.4%,LB,2021
38,39,C.J. Mosley,5,3,0.0,0,0,0,0,0,1,9.8,9.8,65.7%,LB,2021
39,40,Bobby Okereke,6,1,0.0,0,0,0,0,0,1,9.8,9.8,79.4%,LB,2021
40,41,Lavonte David,5,3,0.0,0,0,0,0,0,1,9.8,9.8,52.4%,LB,2021
41,42,Anthony Walker,5,3,0.0,0,0,0,0,0,1,9.8,9.8,4.0%,LB,2021
42,43,Alex Singleton,4,3,0.0,1,0,0,0,0,1,9.8,9.8,61.3%,LB,2021
43,44,Devin White,3,5,0.0,1,0,0,0,0,1,9.8,9.8,22.7%,LB,2021
44,45,Zaire Franklin,2,0,0.0,1,1,0,0,0,1,9.5,9.5,92.0%,LB,2021
45,46,Matthew Judon,1,2,1.0,0,0,0,0,0,1,9.5,9.5,16.8%,LB,2021
46,47,Cory Littleton,3,6,0.0,0,0,0,0,0,1,9.0,9.0,0.0%,LB,2021
47,48,Marquis Haynes,1,1,1.0,0,0,0,0,0,1,8.8,8.8,0.6%,LB,2021
48,49,Jeremiah Owusu-Koramoah,4,0,0.0,0,0,0,0,0,1,8.5,8.5,29.2%,LB,2021
49,50,Ja'Whaun Bentley,4,3,0.0,0,0,0,0,0,1,8.3,8.3,15.7%,LB,2021
50,51,Dont'a Hightower,4,3,0.0,0,0,0,0,0,1,8.3,8.3,1.0%,LB,2021
51,52,Cam Gill,1,0,1.0,0,0,0,0,0,1,8.0,8.0,0.0%,LB,2021
52,53,Kyler Fackrell,1,0,1.0,0,0,0,0,0,1,8.0,8.0,0.0%,LB,2021
53,54,Nick Bolton,3,1,0.0,0,0,0,0,0,1,7.8,7.8,52.3%,LB,2021
54,55,Monty Rice,3,4,0.0,0,0,0,0,0,1,7.5,7.5,0.9%,LB,2021
55,56,Dylan Cole,2,2,0.0,0,0,0,0,0,1,7.0,7.0,0.0%,LB,2021
56,57,Tae Crowder,3,3,0.0,0,0,0,0,0,1,6.8,6.8,0.0%,LB,2021
57,58,Jalen Reeves-Maybin,4,1,0.0,0,0,0,0,0,1,6.8,6.8,1.3%,LB,2021
58,59,Willie Gay,4,1,0.0,0,0,0,0,0,1,6.8,6.8,7.4%,LB,2021
59,60,Elandon Roberts,3,2,0.0,0,0,0,0,0,1,6.0,6.0,15.3%,LB,2021
60,61,Logan Wilson,3,2,0.0,0,0,0,0,0,1,6.0,6.0,63.1%,LB,2021
61,62,Deion Jones,3,2,0.0,0,0,0,0,0,1,6.0,6.0,2.7%,LB,2021
62,63,Devin Bush,4,0,0.0,0,0,0,0,0,1,6.0,6.0,5.1%,LB,2021
63,64,Benardrick McKinney,3,2,0.0,0,0,0,0,0,1,6.0,6.0,0.0%,LB,2021
64,65,Joe Schobert,3,1,0.0,0,0,0,0,0,1,5.3,5.3,0.0%,LB,2021
65,66,Germaine Pratt,3,1,0.0,0,0,0,0,0,1,5.3,5.3,17.3%,LB,2021
66,67,Shaquille Leonard,2,3,0.0,0,0,0,0,0,1,5.3,5.3,21.8%,LB,2021
67,68,Jerome Baker,1,5,0.0,0,0,0,0,0,1,5.3,5.3,14.7%,LB,2021
68,69,Jermaine Carter,2,3,0.0,0,0,0,0,0,1,5.3,5.3,0.0%,LB,2021
69,70,Frankie Luvu,0,1,0.0,0,0,0,1,0,1,4.8,4.8,44.4%,LB,2021
70,71,Krys Barnes,2,2,0.0,0,0,0,0,0,1,4.5,4.5,8.8%,LB,2021
71,72,Lerentee McCray,1,0,0.0,0,0,0,0,0,1,4.0,4.0,4.0%,LB,2021
72,73,Samson Ebukam,1,0,0.0,0,0,0,0,0,1,4.0,4.0,8.7%,LB,2021
73,74,Genard Avery,1,0,0.0,0,0,0,0,0,1,4.0,4.0,0.0%,LB,2021
74,75,Jamin Davis,2,1,0.0,0,0,0,0,0,1,3.8,3.8,8.8%,LB,2021
75,76,Mack Wilson,1,3,0.0,0,0,0,0,0,1,3.8,3.8,4.9%,LB,2021
76,77,Shaq Thompson,1,3,0.0,0,0,0,0,0,1,3.8,3.8,14.8%,LB,2021
77,78,Brandon Copeland,1,3,0.0,0,0,0,0,0,1,3.8,3.8,0.0%,LB,2021
78,79,Neville Hewitt,2,1,0.0,0,0,0,0,0,1,3.8,3.8,0.0%,LB,2021
79,80,Reggie Ragland,2,1,0.0,0,0,0,0,0,1,3.8,3.8,0.0%,LB,2021
80,81,Christian Jones,2,0,0.0,0,0,0,0,0,1,3.0,3.0,0.0%,LB,2021
81,82,K.J. Wright,2,0,0.0,0,0,0,0,0,1,3.0,3.0,0.0%,LB,2021
82,83,Nick Vigil,1,2,0.0,0,0,0,0,0,1,3.0,3.0,0.0%,LB,2021
83,84,Azeez Ojulari,2,0,0.0,0,0,0,0,0,1,3.0,3.0,2.2%,LB,2021
84,85,Joe Tryon-Shoyinka,2,0,0.0,0,0,0,0,0,1,3.0,3.0,2.4%,LB,2021
85,86,Shaquil Barrett,2,0,0.0,0,0,0,0,0,1,3.0,3.0,8.4%,LB,2021
86,87,Ben Niemann,2,0,0.0,0,0,0,0,0,1,3.0,3.0,0.4%,LB,2021
87,88,Casey Toohill,1,1,0.0,0,0,0,0,0,1,2.3,2.3,0.7%,LB,2021
88,89,E.J. Speed,1,1,0.0,0,0,0,0,0,1,2.3,2.3,39.8%,LB,2021
89,90,Anthony Hitchens,0,3,0.0,0,0,0,0,0,1,2.3,2.3,1.0%,LB,2021
90,91,Derrick Barnes,1,1,0.0,0,0,0,0,0,1,2.3,2.3,9.9%,LB,2021
91,92,Oren Burks,1,1,0.0,0,0,0,0,0,1,2.3,2.3,3.8%,LB,2021
92,93,Azeez Al-Shaair,1,1,0.0,0,0,0,0,0,1,2.3,2.3,43.0%,LB,2021
93,94,Del'Shawn Phillips,1,1,0.0,0,0,0,0,0,1,2.3,2.3,1.3%,LB,2021
94,95,Leighton Vander,1,1,0.0,0,0,0,0,0,1,2.3,2.3,2.2%,LB,2021
95,96,Andrew Van,1,0,0.0,0,0,0,0,0,1,1.5,1.5,11.2%,LB,2021
96,97,Josh Bynes,1,0,0.0,0,0,0,0,0,1,1.5,1.5,0.0%,LB,2021
97,98,Porter Gustin,1,0,0.0,0,0,0,0,0,1,1.5,1.5,0.0%,LB,2021
98,99,Robert Spillane,1,0,0.0,0,0,0,0,0,1,1.5,1.5,33.7%,LB,2021
99,100,Jordan Jenkins,1,0,0.0,0,0,0,0,0,1,1.5,1.5,0.0%,LB,2021
100,101,Pete Werner,1,0,0.0,0,0,0,0,0,1,1.5,1.5,10.5%,LB,2021
101,102,Davion Taylor,1,0,0.0,0,0,0,0,0,1,1.5,1.5,0.0%,LB,2021
102,103,Demario Davis,1,0,0.0,0,0,0,0,0,1,1.5,1.5,22.3%,LB,2021
103,104,Sione Takitaki,1,0,0.0,0,0,0,0,0,1,1.5,1.5,4.6%,LB,2021
104,105,Drue Tranquill,1,0,0.0,0,0,0,0,0,1,1.5,1.5,12.4%,LB,2021
105,106,Markus Bailey,1,0,0.0,0,0,0,0,0,1,1.5,1.5,0.0%,LB,2021
106,107,Chapelle Russell,0,1,0.0,0,0,0,0,0,1,0.8,0.8,0.0%,LB,2021
107,108,Mykal Walker,0,1,0.0,0,0,0,0,0,1,0.8,0.8,2.6%,LB,2021
108,109,Devon Kennard,0,1,0.0,0,0,0,0,0,1,0.8,0.8,0.0%,LB,2021
109,110,Brennan Scarlett,0,1,0.0,0,0,0,0,0,1,0.8,0.8,0.0%,LB,2021
110,111,Tyler Matakevich,0,1,0.0,0,0,0,0,0,1,0.8,0.8,0.0%,LB,2021
111,112,Anthony Nelson,1,0,1.0,0,0,0,0,0,1,0.0,0.0,0.4%,LB,2021
112,113,Kaden Elliss,0,0,0.0,0,0,0,0,0,1,0.0,0.0,15.6%,LB,2021
113,114,Demetrius Flannigan-Fowles,0,0,0.0,0,0,0,0,0,1,0.0,0.0,1.6%,LB,2021
114,115,Andrew Dowell,0,0,0.0,0,0,0,0,0,1,0.0,0.0,0.0%,LB,2021
115,116,Sam Eguavoen,0,0,0.0,0,0,0,0,0,1,0.0,0.0,0.0%,LB,2021
116,117,Josh Allen,4,6,0.0,0,0,1,0,0,1,0.0,0.0,44.1%,LB,2021
117,118,Jahlani Tavai,0,0,0.0,0,0,0,0,0,1,0.0,0.0,6.3%,LB,2021
118,119,Brian Burns,1,1,1.0,0,0,0,0,0,1,0.0,0.0,41.3%,LB,2021
119,120,Jaylon Ferguson,0,0,0.0,0,0,0,0,0,1,0.0,0.0,0.0%,LB,2021
120,121,Wyatt Ray,0,1,0.0,0,0,0,0,0,1,0.0,0.0,0.0%,LB,2021
121,122,Luke Gifford,0,0,0.0,0,0,0,0,0,1,0.0,0.0,0.0%,LB,2021
122,123,Derrek Tuszka,1,0,0.0,0,0,0,0,0,1,0.0,0.0,0.0%,LB,2021
123,124,Francis Bernard,0,0,0.0,0,0,0,0,0,1,0.0,0.0,0.0%,LB,2021
124,125,Shaun Bradley,0,0,0.0,0,0,0,0,0,1,0.0,0.0,0.0%,LB,2021
125,126,Ledarius Mack,0,0,0.0,0,0,0,0,0,1,0.0,0.0,0.0%,LB,2021
126,127,Clay Johnston,0,0,0.0,0,0,0,0,0,1,0.0,0.0,0.0%,LB,2021
127,128,Kristian Welch,0,0,0.0,0,0,0,0,0,1,0.0,0.0,0.0%,LB,2021
128,129,Jordan Glasgow,0,0,0.0,0,0,0,0,0,1,0.0,0.0,0.0%,LB,2021
129,130,Yetur Gross-Matos,1,0,0.0,0,0,0,0,0,1,0.0,0.0,1.1%,LB,2021
130,131,Kenneth Murray,0,0,0.0,0,0,0,0,0,1,0.0,0.0,15.3%,LB,2021
131,132,Julian Okwara,0,2,0.0,0,0,0,0,0,1,0.0,0.0,0.0%,LB,2021
132,133,K'Lavon Chaisson,3,1,0.0,0,0,0,0,0,1,0.0,0.0,1.3%,LB,2021
133,134,Darrell Taylor,0,0,0.0,0,0,0,0,0,1,0.0,0.0,1.1%,LB,2021
134,135,Anthony Pittman,0,0,0.0,0,0,0,0,0,1,0.0,0.0,0.0%,LB,2021
135,136,Kamal Martin,0,0,0.0,0,0,0,0,0,1,0.0,0.0,0.0%,LB,2021
136,137,Tipa Galeai,2,1,0.0,0,0,0,0,0,1,0.0,0.0,0.0%,LB,2021
137,138,Jonathan Garvin,0,1,0.0,0,0,0,0,0,1,0.0,0.0,0.0%,LB,2021
138,139,Khaleke Hudson,0,0,0.0,0,0,0,0,0,1,0.0,0.0,2.6%,LB,2021
139,140,Trevis Gipson,4,1,1.0,0,0,0,0,0,1,0.0,0.0,1.1%,LB,2021
140,141,Shaquille Quarterman,0,0,0.0,0,0,0,0,0,1,0.0,0.0,0.0%,LB,2021
141,142,Cam Brown,0,0,0.0,0,0,0,0,0,1,0.0,0.0,0.0%,LB,2021
142,143,D.J. Wonnum,1,0,0.0,0,0,0,0,0,1,0.0,0.0,13.9%,LB,2021
143,144,Alton Robinson,0,0,0.0,0,0,0,0,0,1,0.0,0.0,0.0%,LB,2021
144,145,Cameron McGrone,0,0,0.0,0,0,0,0,0,1,0.0,0.0,0.2%,LB,2021
145,146,Odafe Oweh,0,1,0.0,0,0,0,0,0,1,0.0,0.0,6.6%,LB,2021
146,147,Ade Ogundeji,1,1,0.0,0,0,0,0,0,1,0.0,0.0,0.0%,LB,2021
147,148,Jaelan Phillips,3,0,1.0,0,0,0,0,0,1,0.0,0.0,10.0%,LB,2021
148,149,Elerson Smith,0,0,0.0,0,0,0,0,0,1,0.0,0.0,0.0%,LB,2021
149,150,Patrick Johnson,0,0,0.0,0,0,0,0,0,1,0.0,0.0,0.0%,LB,2021
150,151,Quincy Roche,4,2,0.0,0,0,0,0,0,1,0.0,0.0,0.0%,LB,2021
151,152,Justin Hilliard,0,0,0.0,0,0,0,0,0,1,0.0,0.0,0.0%,LB,2021
152,153,Tony Fields,0,0,0.0,0,0,0,0,0,1,0.0,0.0,1.5%,LB,2021
153,154,Jon Rhattigan,0,0,0.0,0,0,0,0,0,1,0.0,0.0,1.1%,LB,2021
154,155,Chris Rumph,0,2,0.0,0,0,0,0,0,1,0.0,0.0,0.4%,LB,2021
155,156,Julian Stanford,0,0,0.0,0,0,0,0,0,1,0.0,0.0,0.0%,LB,2021
156,157,Kevin Minter,0,0,0.0,0,0,0,0,0,1,0.0,0.0,0.0%,LB,2021
157,158,Melvin Ingram,1,0,0.0,0,0,0,0,0,1,0.0,0.0,0.0%,LB,2021
158,159,Jadeveon Clowney,1,0,0.0,0,0,0,0,0,1,0.0,0.0,22.5%,LB,2021
159,160,Benson Mayowa,1,3,0.0,0,0,0,0,0,1,0.0,0.0,0.0%,LB,2021
160,161,Kevin Pierre-Louis,0,0,0.0,0,0,0,0,0,1,0.0,0.0,0.0%,LB,2021
161,162,Cassius Marsh,1,0,0.0,0,0,0,0,0,1,0.0,0.0,1.0%,LB,2021
162,163,Justin Houston,1,2,1.0,0,0,0,0,0,1,0.0,0.0,0.0%,LB,2021
163,164,Jason Pierre-Paul,1,0,0.0,1,0,0,0,0,1,0.0,0.0,0.0%,LB,2021
164,165,Jordan Evans,0,0,0.0,0,0,0,0,0,1,0.0,0.0,0.0%,LB,2021
165,166,Dawuane Smoot,0,0,0.0,0,0,0,0,0,1,0.0,0.0,0.4%,LB,2021
166,167,Haason Reddick,4,1,1.0,0,0,0,0,0,1,0.0,0.0,17.6%,LB,2021
167,168,Marquel Lee,0,0,0.0,0,0,0,0,0,1,0.0,0.0,0.0%,LB,2021
168,169,Calvin Munson,0,0,0.0,0,0,0,0,0,1,0.0,0.0,0.0%,LB,2021
169,170,Duke Riley,0,0,0.0,0,0,0,0,0,1,0.0,0.0,4.0%,LB,2021
170,171,Patrick Onwuasor,0,0,0.0,0,0,0,0,0,1,0.0,0.0,0.0%,LB,2021
171,172,Reid Ferguson,0,0,0.0,0,0,0,0,0,1,0.0,0.0,0.0%,LB,2021
172,173,Marcell Harris,1,1,0.0,0,0,0,0,0,1,0.0,0.0,0.0%,LB,2021
173,174,Andre Smith,0,0,0.0,0,0,0,0,0,1,0.0,0.0,0.2%,LB,2021
174,175,Trent Harris,0,0,0.0,0,0,0,0,0,1,0.0,0.0,0.0%,LB,2021
175,176,Chris Board,0,1,0.0,0,0,0,0,0,1,0.0,0.0,1.5%,LB,2021
176,177,Dennis Gardeck,0,0,0.0,0,0,0,0,0,1,0.0,0.0,3.6%,LB,2021
177,178,Marcus Allen,0,0,0.0,0,0,0,0,0,1,0.0,0.0,0.0%,LB,2021
178,179,Jason Cabinda,0,0,0.0,0,0,0,0,0,1,0.0,0.0,0.0%,LB,2021
179,180,Arden Key,1,1,1.0,0,0,0,0,0,1,0.0,0.0,2.4%,LB,2021
180,181,Marcus Davenport,6,4,1.5,0,0,0,0,0,1,0.0,0.0,2.1%,LB,2021
181,182,Frank Clark,1,0,1.0,0,0,1,0,0,1,0.0,0.0,0.0%,LB,2021
182,183,David Mayo,0,0,0.0,0,0,0,0,0,1,0.0,0.0,0.2%,LB,2021
183,184,Landon Collins,1,4,0.0,0,0,0,0,0,1,0.0,0.0,0.0%,LB,2021
184,185,Nick Dzubnar,0,0,0.0,0,0,0,0,0,1,0.0,0.0,0.0%,LB,2021
185,186,Joey Bosa,3,1,1.0,0,0,0,0,0,1,0.0,0.0,16.7%,LB,2021
186,187,Carl Nassib,4,0,0.0,0,0,0,0,0,1,0.0,0.0,0.0%,LB,2021
187,188,Josh Harris,0,0,0.0,0,0,0,0,0,1,0.0,0.0,0.0%,LB,2021
188,189,Rick Lovato,0,0,0.0,0,0,0,0,0,1,0.0,0.0,0.0%,LB,2021
189,190,Jihad Ward,0,0,0.0,0,0,0,0,0,1,0.0,0.0,0.2%,LB,2021
190,191,James Vaughters,0,0,0.0,0,0,0,0,0,1,0.0,0.0,0.0%,LB,2021
191,192,Brandon King,0,0,0.0,0,0,0,0,0,1,0.0,0.0,0.0%,LB,2021
