,Rank,Player,Tackle,Assist,Sack,Pass Defended,Interception,Forced Fumble,Fumble Recovery,Defend Touchdown,Games Played,Fantasy Football Points,FTPS/Game,ROST,Position,Year
0,1,Quincy Williams,10,2,1.0,1,0,0,0,0,1,27.0,27.0,51.5%,LB,2021
1,2,C.J. Mosley,10,3,1.0,0,0,0,0,0,1,23.8,23.8,65.7%,LB,2021
2,3,T.J. Watt,3,1,2.0,0,0,0,1,0,1,22.3,22.3,78.9%,LB,2021
3,4,Harold Landry,5,2,1.0,0,0,0,0,0,1,20.5,20.5,24.1%,LB,2021
4,5,Alec Ogletree,10,2,0.0,1,0,0,0,0,1,20.5,20.5,2.0%,LB,2021
5,6,Roquan Smith,8,2,1.0,0,0,0,0,0,1,20.0,20.0,90.7%,LB,2021
6,7,Foyesade Oluokun,6,6,1.0,1,0,0,0,0,1,19.0,19.0,93.9%,LB,2021
7,8,Eric Wilson,6,4,0.0,1,1,0,0,0,1,18.5,18.5,0.5%,LB,2021
8,9,Shaquille Leonard,5,3,0.0,1,0,0,1,0,1,17.8,17.8,21.8%,LB,2021
9,10,Denzel Perryman,8,4,0.0,0,0,0,0,0,1,17.5,17.5,11.8%,LB,2021
10,11,Matthew Judon,4,3,1.0,0,0,0,0,0,1,17.3,17.3,16.8%,LB,2021
11,12,Logan Wilson,4,6,1.0,0,0,0,0,0,1,17.0,17.0,63.1%,LB,2021
12,13,Tyus Bowser,2,1,2.0,0,0,0,0,0,1,16.8,16.8,0.7%,LB,2021
13,14,Jordyn Brooks,4,3,1.0,1,0,0,0,0,1,16.3,16.3,25.9%,LB,2021
14,15,Cole Holcomb,4,5,0.0,0,0,1,0,0,1,16.3,16.3,9.1%,LB,2021
15,16,Joe Tryon-Shoyinka,2,0,2.0,0,0,0,0,0,1,16.0,16.0,2.4%,LB,2021
16,17,Cory Littleton,8,4,0.0,0,0,0,0,0,1,15.0,15.0,0.0%,LB,2021
17,18,Devin Bush,5,1,1.0,0,0,0,0,0,1,14.8,14.8,5.1%,LB,2021
18,19,Pete Werner,6,4,0.0,0,0,0,0,0,1,14.5,14.5,10.5%,LB,2021
19,20,Rashan Gary,4,2,1.0,0,0,0,0,0,1,14.0,14.0,11.2%,LB,2021
20,21,Leonard Floyd,5,0,1.0,0,0,0,0,0,1,14.0,14.0,5.4%,LB,2021
21,22,Robert Quinn,5,0,1.0,0,0,0,0,0,1,14.0,14.0,1.2%,LB,2021
22,23,Tremaine Edmunds,4,2,0.0,1,1,0,0,0,1,14.0,14.0,33.7%,LB,2021
23,24,Deion Jones,4,7,0.0,0,0,0,0,0,1,13.8,13.8,2.7%,LB,2021
24,25,Andrew Van,4,1,0.0,1,0,0,0,0,1,13.3,13.3,11.2%,LB,2021
25,26,Malcolm Smith,6,2,0.0,0,0,0,0,0,1,13.0,13.0,0.0%,LB,2021
26,27,Lavonte David,5,2,0.0,1,0,0,0,0,1,13.0,13.0,52.4%,LB,2021
27,28,Germaine Pratt,5,4,0.0,0,0,0,0,0,1,13.0,13.0,17.3%,LB,2021
28,29,Fred Warner,5,4,0.0,0,0,0,0,0,1,13.0,13.0,90.4%,LB,2021
29,30,Bobby Wagner,5,5,0.0,1,0,0,0,0,1,12.8,12.8,72.4%,LB,2021
30,31,Shaquil Barrett,3,0,1.0,1,0,0,0,0,1,12.5,12.5,8.4%,LB,2021
31,32,Khalil Mack,1,0,1.0,0,0,0,1,0,1,12.0,12.0,52.8%,LB,2021
32,33,Eric Kendricks,6,4,0.0,0,0,0,0,0,1,12.0,12.0,32.1%,LB,2021
33,34,De'Vondre Campbell,5,4,0.0,1,0,0,0,0,1,12.0,12.0,20.9%,LB,2021
34,35,Micah Parsons,3,1,1.0,0,0,0,0,0,1,11.8,11.8,77.7%,LB,2021
35,36,Joe Schobert,5,3,0.0,1,0,0,0,0,1,11.3,11.3,0.0%,LB,2021
36,37,Alex Singleton,6,3,0.0,0,0,0,0,0,1,11.3,11.3,61.3%,LB,2021
37,38,Tyler Matakevich,3,0,0.0,1,1,0,0,0,1,11.0,11.0,0.0%,LB,2021
38,39,Kyler Fackrell,2,0,1.0,1,0,0,0,0,1,11.0,11.0,0.0%,LB,2021
39,40,Kamu Grugier-Hill,4,3,0.0,0,0,0,0,0,1,10.8,10.8,7.2%,LB,2021
40,41,Azeez Al-Shaair,4,6,0.0,0,0,0,0,0,1,10.5,10.5,43.0%,LB,2021
41,42,Jordan Hicks,6,2,0.0,0,0,0,0,0,1,10.5,10.5,29.9%,LB,2021
42,43,Christian Kirksey,4,3,0.0,1,0,0,0,0,1,9.8,9.8,0.1%,LB,2021
43,44,Alexander Johnson,5,3,0.0,0,0,0,0,0,1,9.8,9.8,1.0%,LB,2021
44,45,Tae Crowder,4,5,0.0,0,0,0,0,0,1,9.8,9.8,0.0%,LB,2021
45,46,Oren Burks,3,3,0.0,0,0,0,0,0,1,9.3,9.3,3.8%,LB,2021
46,47,Devin White,5,0,0.0,1,0,0,0,0,1,9.0,9.0,22.7%,LB,2021
47,48,Rashaan Evans,6,0,0.0,0,0,0,0,0,1,9.0,9.0,0.2%,LB,2021
48,49,Reggie Ragland,4,4,0.0,0,0,0,0,0,1,9.0,9.0,0.0%,LB,2021
49,50,Bobby Okereke,2,6,0.0,1,0,0,0,0,1,9.0,9.0,79.4%,LB,2021
50,51,Jeremiah Owusu-Koramoah,5,2,0.0,0,0,0,0,0,1,9.0,9.0,29.2%,LB,2021
51,52,Von Miller,1,4,0.5,0,0,0,0,0,1,9.0,9.0,2.5%,LB,2021
52,53,Whitney Mercilus,1,1,1.0,0,0,0,0,0,1,8.8,8.8,0.2%,LB,2021
53,54,Kenny Young,3,2,0.0,0,0,0,0,0,1,8.5,8.5,0.0%,LB,2021
54,55,Derrick Barnes,4,0,0.0,0,0,0,0,0,1,8.5,8.5,9.9%,LB,2021
55,56,Isaiah Simmons,4,3,0.0,0,0,0,0,0,1,8.3,8.3,6.2%,LB,2021
56,57,Elandon Roberts,5,1,0.0,0,0,0,0,0,1,8.3,8.3,15.3%,LB,2021
57,58,Demario Davis,5,1,0.0,0,0,0,0,0,1,8.3,8.3,22.3%,LB,2021
58,59,Blake Lynch,4,1,0.0,1,0,0,0,0,1,8.3,8.3,0.0%,LB,2021
59,60,Alex Anzalone,4,3,0.0,0,0,0,0,0,1,8.3,8.3,31.6%,LB,2021
60,61,Takk McKinley,1,0,1.0,0,0,0,0,0,1,8.0,8.0,1.1%,LB,2021
61,62,Malik Harrison,2,3,0.0,0,0,0,0,0,1,7.8,7.8,7.0%,LB,2021
62,63,Kyzir White,3,1,0.0,0,0,0,0,0,1,7.8,7.8,22.3%,LB,2021
63,64,Markus Golden,2,0,0.0,0,0,1,0,0,1,7.0,7.0,0.5%,LB,2021
64,65,A.J. Klein,1,0,0.0,1,0,0,1,0,1,7.0,7.0,0.0%,LB,2021
65,66,Shaq Thompson,4,1,0.0,0,0,0,0,0,1,6.8,6.8,14.8%,LB,2021
66,67,Damien Wilson,3,3,0.0,0,0,0,0,0,1,6.8,6.8,0.0%,LB,2021
67,68,Myles Jack,2,5,0.0,0,0,0,0,0,1,6.8,6.8,0.4%,LB,2021
68,69,Jon Bostic,3,3,0.0,0,0,0,0,0,1,6.8,6.8,0.0%,LB,2021
69,70,Leighton Vander,4,1,0.0,0,0,0,0,0,1,6.8,6.8,2.2%,LB,2021
70,71,Patrick Queen,2,1,0.0,0,0,0,0,0,1,6.3,6.3,43.7%,LB,2021
71,72,Anthony Hitchens,4,0,0.0,0,0,0,0,0,1,6.0,6.0,1.0%,LB,2021
72,73,Jerome Baker,2,2,0.0,1,0,0,0,0,1,6.0,6.0,14.7%,LB,2021
73,74,Sam Franklin,3,0,0.0,1,0,0,0,0,1,6.0,6.0,0.4%,LB,2021
74,75,Alex Highsmith,2,3,0.0,0,0,0,0,0,1,5.3,5.3,25.4%,LB,2021
75,76,Drue Tranquill,2,3,0.0,0,0,0,0,0,1,5.3,5.3,12.4%,LB,2021
76,77,K.J. Wright,2,3,0.0,0,0,0,0,0,1,5.3,5.3,0.0%,LB,2021
77,78,Oshane Ximines,1,3,0.0,1,0,0,0,0,1,5.3,5.3,0.0%,LB,2021
78,79,Akeem Davis-Gaither,2,0,0.0,1,0,0,0,0,1,4.5,4.5,2.2%,LB,2021
79,80,Jermaine Carter,2,2,0.0,0,0,0,0,0,1,4.5,4.5,0.0%,LB,2021
80,81,Sam Eguavoen,1,1,0.5,0,0,0,0,0,1,4.3,4.3,0.0%,LB,2021
81,82,Blake Ferguson,0,0,0.0,0,0,0,1,0,1,4.0,4.0,0.0%,LB,2021
82,83,Jon Rhattigan,0,0,0.0,0,0,0,1,0,1,4.0,4.0,1.1%,LB,2021
83,84,Ogbo Okoronkwo,1,0,0.0,0,0,0,0,0,1,4.0,4.0,2.7%,LB,2021
84,85,David Long,2,1,0.0,0,0,0,0,0,1,3.8,3.8,8.2%,LB,2021
85,86,Azeez Ojulari,1,3,0.0,0,0,0,0,0,1,3.8,3.8,2.2%,LB,2021
86,87,Jalen Reeves-Maybin,1,1,0.0,1,0,0,0,0,1,3.8,3.8,1.3%,LB,2021
87,88,Nick Vigil,1,3,0.0,0,0,0,0,0,1,3.8,3.8,0.0%,LB,2021
88,89,Ben Niemann,2,1,0.0,0,0,0,0,0,1,3.8,3.8,0.4%,LB,2021
89,90,Dont'a Hightower,1,2,0.0,0,0,0,0,0,1,3.0,3.0,1.0%,LB,2021
90,91,Kaden Elliss,1,2,0.0,0,0,0,0,0,1,3.0,3.0,15.6%,LB,2021
91,92,Troy Reeder,1,2,0.0,0,0,0,0,0,1,3.0,3.0,1.6%,LB,2021
92,93,Nick Bolton,2,0,0.0,0,0,0,0,0,1,3.0,3.0,52.3%,LB,2021
93,94,Lorenzo Carter,0,4,0.0,0,0,0,0,0,1,3.0,3.0,1.8%,LB,2021
94,95,Jamin Davis,2,0,0.0,0,0,0,0,0,1,3.0,3.0,8.8%,LB,2021
95,96,Justin Strnad,2,0,0.0,0,0,0,0,0,1,3.0,3.0,0.2%,LB,2021
96,97,Joe Thomas,2,0,0.0,0,0,0,0,0,1,3.0,3.0,1.0%,LB,2021
97,98,Sione Takitaki,2,0,0.0,0,0,0,0,0,1,3.0,3.0,4.6%,LB,2021
98,99,Brandon Copeland,1,1,0.0,0,0,0,0,0,1,2.3,2.3,0.0%,LB,2021
99,100,Nick Kwiatkoski,1,1,0.0,0,0,0,0,0,1,2.3,2.3,0.0%,LB,2021
100,101,Samson Ebukam,0,3,0.0,0,0,0,0,0,1,2.3,2.3,8.7%,LB,2021
101,102,T.J. Edwards,1,1,0.0,0,0,0,0,0,1,2.3,2.3,78.9%,LB,2021
102,103,Davion Taylor,1,1,0.0,0,0,0,0,0,1,2.3,2.3,0.0%,LB,2021
103,104,Jacob Martin,1,0,0.0,0,0,0,0,0,1,1.5,1.5,0.4%,LB,2021
104,105,Jaylon Smith,1,0,0.0,0,0,0,0,0,1,1.5,1.5,0.2%,LB,2021
105,106,Frankie Luvu,0,0,0.0,1,0,0,0,0,1,1.5,1.5,44.4%,LB,2021
106,107,Jayon Brown,1,0,0.0,0,0,0,0,0,1,1.5,1.5,2.0%,LB,2021
107,108,Hardy Nickerson,1,0,0.0,0,0,0,0,0,1,1.5,1.5,0.0%,LB,2021
108,109,Brennan Scarlett,0,2,0.0,0,0,0,0,0,1,1.5,1.5,0.0%,LB,2021
109,110,Zaire Franklin,0,2,0.0,0,0,0,0,0,1,1.5,1.5,92.0%,LB,2021
110,111,Devon Kennard,1,0,0.0,0,0,0,0,0,1,1.5,1.5,0.0%,LB,2021
111,112,Neville Hewitt,1,0,0.0,0,0,0,0,0,1,1.5,1.5,0.0%,LB,2021
112,113,Uchenna Nwosu,1,0,0.0,0,0,0,0,0,1,1.5,1.5,17.7%,LB,2021
113,114,Ty Summers,1,0,0.0,0,0,0,0,0,1,1.5,1.5,0.0%,LB,2021
114,115,Kyle Van,1,0,0.0,0,0,0,0,0,1,1.5,1.5,8.2%,LB,2021
115,116,Matt Milano,0,2,0.0,0,0,0,0,0,1,1.5,1.5,22.8%,LB,2021
116,117,Garret Wallow,1,0,0.0,0,0,0,0,0,1,1.5,1.5,0.0%,LB,2021
117,118,Pernell McPhee,1,0,0.0,0,0,0,0,0,1,1.5,1.5,0.0%,LB,2021
118,119,Tyrel Dodson,1,0,0.0,0,0,0,0,0,1,1.5,1.5,8.9%,LB,2021
119,120,Marquis Haynes,0,1,0.0,0,0,0,0,0,1,0.8,0.8,0.6%,LB,2021
120,121,Genard Avery,0,1,0.0,0,0,0,0,0,1,0.8,0.8,0.0%,LB,2021
121,122,Malik Reed,0,0,0.0,0,0,0,0,0,1,0.0,0.0,0.0%,LB,2021
122,123,L.J. Collier,0,0,0.0,0,0,0,0,0,1,0.0,0.0,1.0%,LB,2021
123,124,Dakota Allen,0,0,0.0,0,0,0,0,0,1,0.0,0.0,0.0%,LB,2021
124,125,Cody Barton,0,0,0.0,0,0,0,0,0,1,0.0,0.0,12.0%,LB,2021
125,126,Chase Hansen,0,0,0.0,0,0,0,0,0,1,0.0,0.0,0.0%,LB,2021
126,127,Ryan Connelly,0,0,0.0,0,0,0,0,0,1,0.0,0.0,0.0%,LB,2021
127,128,David Long,5,1,0.0,0,0,0,0,0,1,0.0,0.0,0.0%,LB,2021
128,129,Jacob Bobenmoyer,0,0,0.0,0,0,0,0,0,1,0.0,0.0,0.0%,LB,2021
129,130,Josh Woods,0,0,0.0,0,0,0,0,0,1,0.0,0.0,0.9%,LB,2021
130,131,Josh Allen,1,1,0.0,1,0,0,0,0,1,0.0,0.0,44.1%,LB,2021
131,132,Brian Burns,3,1,0.0,1,0,0,0,0,1,0.0,0.0,41.3%,LB,2021
132,133,Robert Spillane,0,0,0.0,0,0,0,0,0,1,0.0,0.0,33.7%,LB,2021
133,134,Jahlani Tavai,0,0,0.0,0,0,0,0,0,1,0.0,0.0,6.3%,LB,2021
134,135,Wyatt Ray,0,2,0.0,0,0,0,0,0,1,0.0,0.0,0.0%,LB,2021
135,136,Daelin Hayes,0,0,0.0,0,0,0,0,0,1,0.0,0.0,0.0%,LB,2021
136,137,Mykal Walker,0,0,0.0,0,0,0,0,0,1,0.0,0.0,2.6%,LB,2021
137,138,Ross Matiscik,0,0,0.0,0,0,0,0,0,1,0.0,0.0,0.0%,LB,2021
138,139,Azur Kamara,1,0,0.0,0,0,0,0,0,1,0.0,0.0,0.0%,LB,2021
139,140,Michael Hoecht,0,0,0.0,0,0,0,0,0,1,0.0,0.0,15.8%,LB,2021
140,141,Zack Baun,0,0,0.0,0,0,0,0,0,1,0.0,0.0,0.9%,LB,2021
141,142,Julian Okwara,2,1,0.0,0,0,0,0,0,1,0.0,0.0,0.0%,LB,2021
142,143,K'Lavon Chaisson,1,0,0.0,0,0,0,0,0,1,0.0,0.0,1.3%,LB,2021
143,144,Terrell Lewis,4,0,1.0,0,0,1,0,0,1,0.0,0.0,3.0%,LB,2021
144,145,Joshua Uche,1,0,0.0,0,0,0,0,0,1,0.0,0.0,0.9%,LB,2021
145,146,Troy Dye,0,0,0.0,0,0,0,0,0,1,0.0,0.0,0.2%,LB,2021
146,147,Darrell Taylor,2,0,1.0,0,0,0,0,0,1,0.0,0.0,1.1%,LB,2021
147,148,Trevis Gipson,3,0,1.0,1,0,1,0,0,1,0.0,0.0,1.1%,LB,2021
148,149,Khaleke Hudson,0,0,0.0,0,0,0,0,0,1,0.0,0.0,2.6%,LB,2021
149,150,Casey Toohill,0,0,0.0,0,0,0,0,0,1,0.0,0.0,0.7%,LB,2021
150,151,D.J. Wonnum,1,0,0.0,0,0,0,0,0,1,0.0,0.0,13.9%,LB,2021
151,152,Alton Robinson,0,3,0.0,0,0,0,0,0,1,0.0,0.0,0.0%,LB,2021
152,153,Monty Rice,0,0,0.0,0,0,0,0,0,1,0.0,0.0,0.9%,LB,2021
153,154,Jonathan Garvin,1,0,0.0,0,0,0,0,0,1,0.0,0.0,0.0%,LB,2021
154,155,Chauncey Rivers,1,0,0.0,0,0,0,0,0,1,0.0,0.0,0.0%,LB,2021
155,156,Caleb Johnson,0,0,0.0,0,0,0,0,0,1,0.0,0.0,0.0%,LB,2021
156,157,Aaron Patrick,1,0,0.0,0,0,0,0,0,1,0.0,0.0,0.0%,LB,2021
157,158,Odafe Oweh,1,0,1.0,0,0,0,0,0,1,0.0,0.0,6.6%,LB,2021
158,159,Ade Ogundeji,1,1,0.0,0,0,0,0,0,1,0.0,0.0,0.0%,LB,2021
159,160,Jaelan Phillips,1,1,0.5,0,0,0,0,0,1,0.0,0.0,10.0%,LB,2021
160,161,Grant Stuard,0,0,0.0,0,0,0,0,0,1,0.0,0.0,1.1%,LB,2021
161,162,Nick Niemann,0,0,0.0,0,0,0,0,0,1,0.0,0.0,4.4%,LB,2021
162,163,Jamien Sherwood,2,0,0.0,0,0,0,0,0,1,0.0,0.0,3.1%,LB,2021
163,164,Jonathon Cooper,0,1,0.0,0,0,0,0,0,1,0.0,0.0,17.4%,LB,2021
164,165,Divine Deablo,0,0,0.0,0,0,0,0,0,1,0.0,0.0,13.4%,LB,2021
165,166,Chris Rumph,1,0,0.0,0,0,0,0,0,1,0.0,0.0,0.4%,LB,2021
166,167,Amen Ogbongbemiga,0,0,0.0,0,0,0,0,0,1,0.0,0.0,0.2%,LB,2021
167,168,Julian Stanford,0,0,0.0,0,0,0,0,0,1,0.0,0.0,0.0%,LB,2021
168,169,Steven Means,2,1,0.0,0,0,0,0,0,1,0.0,0.0,0.0%,LB,2021
169,170,Kevin Minter,0,0,0.0,0,0,0,0,0,1,0.0,0.0,0.0%,LB,2021
170,171,Nick Bellore,0,0,0.0,0,0,0,0,0,1,0.0,0.0,7.0%,LB,2021
171,172,Melvin Ingram,1,0,0.0,0,0,0,0,0,1,0.0,0.0,0.0%,LB,2021
172,173,Josh Bynes,0,0,0.0,0,0,0,0,0,1,0.0,0.0,0.0%,LB,2021
173,174,Chandler Jones,0,0,0.0,0,0,0,0,0,1,0.0,0.0,0.5%,LB,2021
174,175,Lerentee McCray,0,0,0.0,0,0,0,0,0,1,0.0,0.0,4.0%,LB,2021
175,176,Jadeveon Clowney,1,0,0.0,0,0,0,0,0,1,0.0,0.0,22.5%,LB,2021
176,177,Dee Ford,2,1,2.0,0,0,1,0,0,1,0.0,0.0,0.0%,LB,2021
177,178,Jeremiah Attaochu,0,0,0.0,0,0,0,0,0,1,0.0,0.0,0.0%,LB,2021
178,179,Justin Houston,2,0,1.0,0,0,0,0,0,1,0.0,0.0,0.0%,LB,2021
179,180,Sharif Finch,0,0,0.0,0,0,0,0,0,1,0.0,0.0,0.0%,LB,2021
180,181,Dawuane Smoot,0,0,0.0,0,0,0,0,0,1,0.0,0.0,0.4%,LB,2021
181,182,Haason Reddick,2,1,0.0,0,0,0,0,0,1,0.0,0.0,17.6%,LB,2021
182,183,Tanner Vallejo,0,0,0.0,0,0,0,0,0,1,0.0,0.0,0.0%,LB,2021
183,184,Tanoh Kpassagnon,2,2,0.0,1,0,0,0,0,1,0.0,0.0,0.0%,LB,2021
184,185,B.J. Bello,0,0,0.0,0,0,0,0,0,1,0.0,0.0,0.0%,LB,2021
185,186,Elijah Lee,2,0,0.0,0,0,0,0,0,1,0.0,0.0,0.0%,LB,2021
186,187,Justin Lawler,0,1,0.0,0,0,0,0,0,1,0.0,0.0,0.0%,LB,2021
187,188,Andre Smith,0,0,0.0,0,0,0,0,0,1,0.0,0.0,0.2%,LB,2021
188,189,Marcell Harris,1,4,0.0,0,0,0,0,0,1,0.0,0.0,0.0%,LB,2021
189,190,Christian Kuntz,0,0,0.0,0,0,0,0,0,1,0.0,0.0,0.0%,LB,2021
190,191,Ola Adeniyi,1,0,0.0,0,0,0,0,0,1,0.0,0.0,0.0%,LB,2021
191,192,Chris Board,5,2,0.0,0,0,0,0,0,1,0.0,0.0,1.5%,LB,2021
192,193,Ezekiel Turner,1,0,0.0,0,0,0,0,0,1,0.0,0.0,0.2%,LB,2021
193,194,Micah Kiser,0,0,0.0,0,0,0,0,0,1,0.0,0.0,0.0%,LB,2021
194,195,Dorian O'Daniel,0,0,0.0,0,0,0,0,0,1,0.0,0.0,0.0%,LB,2021
195,196,Arden Key,1,1,0.0,0,0,0,0,0,1,0.0,0.0,2.4%,LB,2021
196,197,Preston Smith,0,0,0.0,0,0,0,0,0,1,0.0,0.0,11.1%,LB,2021
197,198,Danielle Hunter,5,2,1.0,0,0,0,0,0,1,0.0,0.0,52.9%,LB,2021
198,199,David Mayo,0,0,0.0,0,0,0,0,0,1,0.0,0.0,0.2%,LB,2021
199,200,Landon Collins,5,3,0.0,0,0,0,0,0,1,0.0,0.0,0.0%,LB,2021
200,201,Randy Gregory,2,1,2.0,0,0,0,0,0,1,0.0,0.0,2.2%,LB,2021
201,202,Joey Bosa,1,0,1.0,0,0,1,0,0,1,0.0,0.0,16.7%,LB,2021
202,203,Carl Nassib,1,0,0.0,0,0,0,0,0,1,0.0,0.0,0.0%,LB,2021
203,204,Jihad Ward,1,1,0.0,0,0,0,0,0,1,0.0,0.0,0.2%,LB,2021
204,205,Nick Dzubnar,0,0,0.0,0,0,0,0,0,1,0.0,0.0,0.0%,LB,2021
