,Rank,Player,Receiving Receptions,Receiving Target,Receiving Yards,Yards/Reception,Longest Reception,Receiving 20+,Receiving Touchdowns,Rushing Attempts,Rushing Yards,Rushing Touchdown,Fumbles,Games Played,Fantasy Football Points,FTPS/Game,ROST,Position,Year
0,1,Cooper Kupp,9,13,136,15.1,42,3,2,1,1,0,0,1,25.7,25.7,97.9%,WR,2021
1,2,Brandin Cooks,7,10,102,14.6,43,2,2,0,0,0,0,1,22.2,22.2,43.5%,WR,2021
2,3,Tyreek Hill,12,13,148,12.3,40,3,1,0,0,0,0,1,20.8,20.8,100.0%,WR,2021
3,4,Gabe Davis,5,7,85,17.0,28,2,2,0,0,0,0,1,20.5,20.5,54.0%,WR,2021
4,5,Marquez Valdes-Scantling,5,7,98,19.6,31,3,1,0,0,0,0,1,15.8,15.8,1.3%,WR,2021
5,6,Tyler Boyd,5,6,96,19.2,56,1,1,0,0,0,0,1,15.6,15.6,28.0%,WR,2021
6,7,Amon-Ra St.,8,11,90,11.3,37,1,1,1,5,0,0,1,15.5,15.5,100.0%,WR,2021
7,8,Christian Kirk,9,12,94,10.4,26,2,1,0,0,0,0,1,15.4,15.4,70.7%,WR,2021
8,9,Russell Gage,8,12,91,11.4,21,2,1,0,0,0,0,1,15.1,15.1,0.0%,WR,2021
9,10,Deebo Samuel,4,5,60,15.0,30,2,0,6,29,1,0,1,14.9,14.9,98.8%,WR,2021
10,11,Keenan Allen,6,10,78,13.0,29,1,1,0,0,0,0,1,13.8,13.8,91.1%,WR,2021
11,12,Josh Reynolds,6,6,68,11.3,22,1,1,0,0,0,0,1,12.8,12.8,7.4%,WR,2021
12,13,DeVante Parker,4,8,68,17.0,37,1,1,0,0,0,0,1,12.8,12.8,1.7%,WR,2021
13,14,Marquez Callaway,6,9,112,18.7,40,2,0,0,0,0,0,1,11.2,11.2,0.1%,WR,2021
14,15,Justin Jefferson,4,10,47,11.8,18,0,1,0,0,0,0,1,10.7,10.7,100.0%,WR,2021
15,16,Davante Adams,6,7,44,7.3,16,0,1,0,0,0,0,1,10.4,10.4,99.9%,WR,2021
16,17,Tim Patrick,3,5,42,14.0,25,1,1,0,0,0,0,1,10.2,10.2,0.6%,WR,2021
17,18,Braxton Berrios,1,1,26,26.0,4,1,0,2,10,1,0,1,9.6,9.6,1.2%,WR,2021
18,19,Stefon Diggs,4,7,35,8.8,11,0,1,0,0,0,0,1,9.5,9.5,99.7%,WR,2021
19,20,Greg Ward,2,3,28,14.0,19,0,1,0,0,0,0,1,8.8,8.8,0.0%,WR,2021
20,21,Jauan Jennings,3,6,28,9.3,15,0,1,0,0,0,0,1,8.8,8.8,0.8%,WR,2021
21,22,Jalen Guyton,2,2,10,5.0,6,0,1,0,0,0,0,1,7.0,7.0,1.1%,WR,2021
22,23,DJ Moore,6,11,48,8.0,16,0,0,0,0,0,0,1,6.8,6.8,97.7%,WR,2021
23,24,Bryan Edwards,3,4,8,2.7,8,0,1,0,0,0,0,1,6.8,6.8,0.0%,WR,2021
24,25,Ihmir Smith-Marsette,1,2,7,7.0,7,0,1,0,0,0,0,1,6.7,6.7,0.1%,WR,2021
25,26,Zay Jones,6,9,67,11.2,16,0,0,0,0,0,0,1,6.7,6.7,16.7%,WR,2021
26,27,Darnell Mooney,5,7,63,12.6,27,1,0,1,3,0,0,1,6.6,6.6,39.1%,WR,2021
27,28,A.J. Green,4,8,64,16.0,27,1,0,0,0,0,0,1,6.4,6.4,0.6%,WR,2021
28,29,Kendrick Bourne,3,3,44,14.7,20,1,0,2,19,0,0,1,6.3,6.3,4.5%,WR,2021
29,30,Robbie Chosen,3,8,29,9.7,13,0,0,2,33,0,0,1,6.2,6.2,0.0%,WR,2021
30,31,Jalen Reagor,3,3,57,19.0,34,1,0,0,0,0,0,1,5.7,5.7,0.1%,WR,2021
31,32,Laquon Treadwell,6,9,57,9.5,21,1,0,0,0,0,0,1,5.7,5.7,0.0%,WR,2021
32,33,Olamide Zaccheaus,2,2,53,26.5,49,1,0,0,0,0,0,1,5.3,5.3,0.1%,WR,2021
33,34,Jakobi Meyers,6,12,44,7.3,10,0,0,1,9,0,0,1,5.3,5.3,75.0%,WR,2021
34,35,Kenny Golladay,3,8,53,17.7,36,1,0,0,0,0,0,1,5.3,5.3,4.0%,WR,2021
35,36,N'Keal Harry,2,5,52,26.0,43,1,0,0,0,0,0,1,5.2,5.2,0.1%,WR,2021
36,37,DK Metcalf,6,12,52,8.7,12,0,0,0,0,0,0,1,5.2,5.2,98.5%,WR,2021
37,38,Terry McLaurin,2,4,51,25.5,46,1,0,0,0,0,0,1,5.1,5.1,90.3%,WR,2021
38,39,Isaiah Ford,3,3,51,17.0,27,1,0,0,0,0,0,1,5.1,5.1,0.0%,WR,2021
39,40,CeeDee Lamb,6,9,50,8.3,16,0,0,0,0,0,0,1,5.0,5.0,100.0%,WR,2021
40,41,Chris Godwin,6,7,49,8.2,23,1,0,0,0,0,0,1,4.9,4.9,90.4%,WR,2021
41,42,Mike Williams,3,9,49,16.3,27,1,0,0,0,0,0,1,4.9,4.9,48.2%,WR,2021
42,43,Laviska Shenault,4,7,39,9.8,11,0,0,1,10,0,0,1,4.9,4.9,0.2%,WR,2021
43,44,Donovan Peoples-Jones,4,8,48,12.0,25,1,0,0,0,0,0,1,4.8,4.8,1.8%,WR,2021
44,45,Diontae Johnson,5,5,38,7.6,16,0,0,1,10,0,0,1,4.8,4.8,83.3%,WR,2021
45,46,Hollywood Brown,10,14,43,4.3,7,0,0,0,0,0,0,1,4.3,4.3,79.1%,WR,2021
46,47,Phillip Dorsett,2,3,43,21.5,33,1,0,0,0,0,0,1,4.3,4.3,0.0%,WR,2021
47,48,Damiere Byrd,5,6,62,12.4,17,0,0,0,0,0,1,1,4.2,4.2,0.0%,WR,2021
48,49,Ben Skowronek,4,5,42,10.5,14,0,0,0,0,0,0,1,4.2,4.2,0.1%,WR,2021
49,50,Tyler Johnson,4,7,41,10.3,18,0,0,0,0,0,0,1,4.1,4.1,0.0%,WR,2021
50,51,Jamison Crowder,5,8,40,8.0,14,0,0,0,0,0,0,1,4.0,4.0,0.3%,WR,2021
51,52,DeVonta Smith,3,5,40,13.3,28,1,0,0,0,0,0,1,4.0,4.0,98.1%,WR,2021
52,53,Ashton Dulin,0,0,0,0.0,0,0,0,2,39,0,0,1,3.9,3.9,0.1%,WR,2021
53,54,Brandon Aiyuk,1,2,36,36.0,36,1,0,0,0,0,0,1,3.6,3.6,98.3%,WR,2021
54,55,James Washington,3,5,36,12.0,19,0,0,0,0,0,0,1,3.6,3.6,0.0%,WR,2021
55,56,Cole Beasley,4,8,35,8.8,12,0,0,0,0,0,0,1,3.5,3.5,0.0%,WR,2021
56,57,Nelson Agholor,4,6,34,8.5,10,0,0,0,0,0,0,1,3.4,3.4,0.9%,WR,2021
57,58,Van Jefferson,2,2,23,11.5,18,0,0,1,10,0,0,1,3.3,3.3,1.4%,WR,2021
58,59,Michael Gallup,3,5,32,10.7,19,0,0,0,0,0,0,1,3.2,3.2,6.4%,WR,2021
59,60,Hunter Renfrow,3,5,32,10.7,13,0,0,0,0,0,0,1,3.2,3.2,0.7%,WR,2021
60,61,Nick Westbrook-Ikhine,4,7,32,8.0,12,0,0,0,0,0,0,1,3.2,3.2,0.2%,WR,2021
61,62,Chester Rogers,4,4,30,7.5,13,0,0,0,0,0,0,1,3.0,3.0,0.0%,WR,2021
62,63,Allen Lazard,2,4,23,11.5,17,0,0,1,5,0,0,1,2.8,2.8,4.8%,WR,2021
63,64,Freddie Swain,1,1,25,25.0,25,1,0,0,0,0,0,1,2.5,2.5,0.0%,WR,2021
64,65,DeAndre Carter,2,3,12,6.0,7,0,0,1,12,0,0,1,2.4,2.4,0.0%,WR,2021
65,66,Rashard Higgins,3,5,24,8.0,13,0,0,0,0,0,0,1,2.4,2.4,0.0%,WR,2021
66,67,Darius Slayton,2,3,23,11.5,14,0,0,0,0,0,0,1,2.3,2.3,2.7%,WR,2021
67,68,Adam Humphries,3,6,23,7.7,10,0,0,0,0,0,0,1,2.3,2.3,0.0%,WR,2021
68,69,Tee Higgins,2,3,23,11.5,17,0,0,0,0,0,0,1,2.3,2.3,94.5%,WR,2021
69,70,Zach Pascal,1,2,23,23.0,23,1,0,0,0,0,0,1,2.3,2.3,0.1%,WR,2021
70,71,Byron Pringle,3,4,22,7.3,10,0,0,0,0,0,0,1,2.2,2.2,0.0%,WR,2021
71,72,K.J. Osborn,3,3,21,7.0,9,0,0,0,0,0,0,1,2.1,2.1,15.4%,WR,2021
72,73,Kalif Raymond,2,3,20,10.0,15,0,0,0,0,0,0,1,2.0,2.0,1.3%,WR,2021
73,74,Antoine Wesley,3,8,19,6.3,7,0,0,0,0,0,0,1,1.9,1.9,0.0%,WR,2021
74,75,T.Y. Hilton,1,1,19,19.0,19,0,0,0,0,0,0,1,1.9,1.9,3.0%,WR,2021
75,76,Chase Claypool,0,2,12,0.0,0,0,0,1,7,0,0,1,1.9,1.9,0.8%,WR,2021
76,77,Scotty Miller,2,3,18,9.0,13,0,0,0,0,0,0,1,1.8,1.8,0.1%,WR,2021
77,78,Tre'Quan Smith,2,3,17,8.5,9,0,0,0,0,0,0,1,1.7,1.7,0.0%,WR,2021
78,79,Brandon Zylstra,2,4,17,8.5,9,0,0,0,0,0,0,1,1.7,1.7,0.0%,WR,2021
79,80,Jakeem Grant,0,0,0,0.0,0,0,0,2,17,0,0,1,1.7,1.7,0.0%,WR,2021
80,81,Collin Johnson,1,1,16,16.0,16,0,0,0,0,0,0,1,1.6,1.6,0.0%,WR,2021
81,82,Joshua Palmer,1,1,15,15.0,15,0,0,0,0,0,0,1,1.5,1.5,25.6%,WR,2021
82,83,Sterling Shepard,2,6,15,7.5,8,0,0,0,0,0,0,1,1.5,1.5,0.1%,WR,2021
83,84,Isaiah McKenzie,1,2,7,7.0,7,0,0,1,8,0,0,1,1.5,1.5,0.2%,WR,2021
84,85,Nico Collins,2,4,14,7.0,7,0,0,0,0,0,0,1,1.4,1.4,95.7%,WR,2021
85,86,Marvin Jones,2,4,14,7.0,9,0,0,0,0,0,0,1,1.4,1.4,0.1%,WR,2021
86,87,Mike Evans,1,1,14,14.0,14,0,0,0,0,0,0,1,1.4,1.4,98.1%,WR,2021
87,88,Quez Watkins,2,2,14,7.0,9,0,0,0,0,0,0,1,1.4,1.4,0.2%,WR,2021
88,89,Devin Duvernay,3,3,13,4.3,7,0,0,0,0,0,0,1,1.3,1.3,0.2%,WR,2021
89,90,Andy Isabella,1,1,13,13.0,13,0,0,0,0,0,0,1,1.3,1.3,0.0%,WR,2021
90,91,Cam Sims,1,1,13,13.0,13,0,0,0,0,0,0,1,1.3,1.3,0.0%,WR,2021
91,92,Chris Conley,2,4,12,6.0,11,0,0,0,0,0,0,1,1.2,1.2,0.1%,WR,2021
92,93,Courtland Sutton,2,7,12,6.0,7,0,0,0,0,0,0,1,1.2,1.2,83.4%,WR,2021
93,94,Tavon Austin,1,3,11,11.0,11,0,0,0,0,0,0,1,1.1,1.1,0.1%,WR,2021
94,95,Mecole Hardman,2,4,11,5.5,6,0,0,1,0,0,0,1,1.1,1.1,1.2%,WR,2021
95,96,DeSean Jackson,1,3,11,11.0,11,0,0,0,0,0,0,1,1.1,1.1,0.6%,WR,2021
96,97,Albert Wilson,1,2,9,9.0,9,0,0,1,1,0,0,1,1.0,1.0,0.0%,WR,2021
97,98,Rondale Moore,3,3,9,3.0,10,0,0,1,1,0,0,1,1.0,1.0,5.3%,WR,2021
98,99,Keelan Cole,1,2,9,9.0,9,0,0,0,0,0,0,1,0.9,0.9,0.0%,WR,2021
99,100,Amari Cooper,2,5,8,4.0,5,0,0,0,0,0,0,1,0.8,0.8,91.5%,WR,2021
100,101,James Proche,1,1,8,8.0,8,0,0,0,0,0,0,1,0.8,0.8,0.0%,WR,2021
101,102,Odell Beckham,1,3,7,7.0,7,0,0,0,0,0,0,1,0.7,0.7,33.2%,WR,2021
102,103,Michael Pittman,1,5,7,7.0,7,0,0,0,0,0,0,1,0.7,0.7,97.2%,WR,2021
103,104,Andre Roberts,0,0,0,0.0,0,0,0,1,6,0,0,1,0.6,0.6,0.0%,WR,2021
104,105,Malik Turner,1,1,6,6.0,6,0,0,0,0,0,0,1,0.6,0.6,0.0%,WR,2021
105,106,Tylan Wallace,1,2,5,5.0,5,0,0,0,0,0,0,1,0.5,0.5,0.1%,WR,2021
106,107,Rashod Bateman,1,2,5,5.0,5,0,0,0,0,0,0,1,0.5,0.5,9.5%,WR,2021
107,108,Cody Hollister,1,2,5,5.0,5,0,0,0,0,0,0,1,0.5,0.5,0.0%,WR,2021
108,109,Ja'Marr Chase,1,4,3,3.0,3,0,0,0,0,0,0,1,0.3,0.3,99.4%,WR,2021
109,110,Jaelon Darden,0,3,0,0.0,0,0,0,0,0,0,0,1,0.0,0.0,0.0%,WR,2021
110,111,Dee Eskridge,0,4,0,0.0,0,0,0,0,0,0,0,1,0.0,0.0,0.1%,WR,2021
111,112,Gunner Olszewski,0,1,0,0.0,0,0,0,0,0,0,0,1,0.0,0.0,0.1%,WR,2021
112,113,Nsimba Webster,0,0,0,0.0,0,0,0,0,0,0,0,1,0.0,0.0,0.0%,WR,2021
113,114,Alex Bachman,0,0,0,0.0,0,0,0,0,0,0,0,1,0.0,0.0,0.0%,WR,2021
114,115,Easop Winston,0,0,0,0.0,0,0,0,0,0,0,0,1,0.0,0.0,0.0%,WR,2021
115,116,Denzel Mims,0,3,0,0.0,0,0,0,0,0,0,0,1,0.0,0.0,0.0%,WR,2021
116,117,Jerry Jeudy,0,4,0,0.0,0,0,0,0,0,0,0,1,0.0,0.0,62.5%,WR,2021
117,118,Cody Thompson,0,0,0,0.0,0,0,0,0,0,0,0,1,0.0,0.0,0.0%,WR,2021
118,119,Malik Taylor,0,0,0,0.0,0,0,0,0,0,0,0,1,0.0,0.0,0.0%,WR,2021
119,120,Quinton Bell,0,0,0,0.0,0,0,0,0,0,0,0,1,0.0,0.0,0.0%,WR,2021
120,121,Juwann Winfree,0,1,0,0.0,0,0,0,0,0,0,0,1,0.0,0.0,0.0%,WR,2021
121,122,Marquez Stevenson,0,0,0,0.0,0,0,0,0,0,0,0,1,0.0,0.0,0.0%,WR,2021
122,123,Amari Rodgers,0,0,0,0.0,0,0,0,0,0,0,0,1,0.0,0.0,0.0%,WR,2021
123,124,Dazz Newsome,0,1,0,0.0,0,0,0,0,0,0,0,1,0.0,0.0,0.0%,WR,2021
124,125,Kendall Hinton,0,1,0,0.0,0,0,0,0,0,0,0,1,0.0,0.0,0.0%,WR,2021
125,126,Dyami Brown,0,0,0,0.0,0,0,0,0,0,0,0,1,0.0,0.0,0.2%,WR,2021
126,127,Terrace Marshall,0,1,0,0.0,0,0,0,0,0,0,0,1,0.0,0.0,0.2%,WR,2021
127,128,Landen Akers,0,0,0,0.0,0,0,0,0,0,0,0,1,0.0,0.0,0.0%,WR,2021
128,129,Willie Snead,0,1,0,0.0,0,0,0,0,0,0,0,1,0.0,0.0,0.0%,WR,2021
129,130,Julio Jones,0,1,0,0.0,0,0,0,0,0,0,0,1,0.0,0.0,0.6%,WR,2021
130,131,Tommylee Lewis,0,0,0,0.0,0,0,0,0,0,0,0,1,0.0,0.0,0.0%,WR,2021
131,132,Trent Taylor,0,0,0,0.0,0,0,0,0,0,0,0,1,0.0,0.0,0.0%,WR,2021
132,133,Mack Hollins,0,1,0,0.0,0,0,0,0,0,0,0,1,0.0,0.0,0.3%,WR,2021
133,134,Trent Sherfield,0,1,0,0.0,0,0,0,0,0,0,0,1,0.0,0.0,0.1%,WR,2021
134,135,Christian Blake,0,1,0,0.0,0,0,0,0,0,0,0,1,0.0,0.0,0.0%,WR,2021
135,136,Jordan Veasy,0,0,0,0.0,0,0,0,0,0,0,0,1,0.0,0.0,0.0%,WR,2021
136,137,River Cracraft,0,0,0,0.0,0,0,0,0,0,0,0,1,0.0,0.0,0.1%,WR,2021
137,138,Brandon Powell,0,0,0,0.0,0,0,0,0,0,0,0,1,0.0,0.0,0.7%,WR,2021
138,139,Ray-Ray McCloud,1,3,0,0.0,0,0,0,0,0,0,0,1,0.0,0.0,0.6%,WR,2021
139,140,Ty Montgomery,0,2,0,0.0,0,0,0,0,0,0,0,1,0.0,0.0,0.0%,WR,2021
140,141,Diontae Spencer,0,0,0,0.0,0,0,0,0,0,0,0,1,0.0,0.0,0.0%,WR,2021
141,142,Jaydon Mickens,0,0,0,0.0,0,0,0,0,0,0,0,1,0.0,0.0,0.0%,WR,2021
142,143,Chris Moore,0,0,0,0.0,0,0,0,0,0,0,0,1,0.0,0.0,0.1%,WR,2021
143,144,Demarcus Robinson,0,3,0,0.0,0,0,0,0,0,0,0,1,0.0,0.0,15.2%,WR,2021
144,145,Alex Erickson,0,0,0,0.0,0,0,0,0,0,0,0,1,0.0,0.0,0.0%,WR,2021
145,146,Pharoh Cooper,0,2,0,0.0,0,0,0,0,0,0,0,1,0.0,0.0,0.0%,WR,2021
146,147,Tajae Sharpe,0,1,0,0.0,0,0,0,0,0,0,0,1,0.0,0.0,0.0%,WR,2021
147,148,Dax Milne,1,1,-2,-2.0,0,0,0,0,0,0,0,1,-0.2,-0.2,0.0%,WR,2021
148,149,Racey McMath,1,1,-1,-1.0,0,0,0,0,0,0,1,1,-2.1,-2.1,0.0%,WR,2021
