,Rank,Player,Receiving Receptions,Receiving Target,Receiving Yards,Yards/Reception,Longest Reception,Receiving 20+,Receiving Touchdowns,Rushing Attempts,Rushing Yards,Rushing Touchdown,Fumbles,Games Played,Fantasy Football Points,FTPS/Game,ROST,Position,Year
0,1,Cooper Kupp,9,11,163,18.1,44,2,2,1,-5,0,0,1,27.8,27.8,97.9%,WR,2021
1,2,Tyler Lockett,8,11,178,22.3,63,3,1,0,0,0,0,1,23.8,23.8,88.8%,WR,2021
2,3,Mike Evans,5,9,75,15.0,26,3,2,0,0,0,0,1,19.5,19.5,98.1%,WR,2021
3,4,Henry Ruggs,5,7,113,22.6,61,2,1,1,2,0,0,1,17.5,17.5,10.9%,WR,2021
4,5,Rondale Moore,7,8,114,16.3,77,1,1,0,0,0,0,1,17.4,17.4,5.3%,WR,2021
5,6,Hollywood Brown,6,10,113,18.8,42,3,1,0,0,0,0,1,17.3,17.3,79.1%,WR,2021
6,7,Terry McLaurin,11,14,107,9.7,18,0,1,0,0,0,0,1,16.7,16.7,90.3%,WR,2021
7,8,Freddie Swain,5,5,95,19.0,68,1,1,1,5,0,0,1,16.0,16.0,0.0%,WR,2021
8,9,Courtland Sutton,9,12,159,17.7,55,2,0,0,0,0,0,1,15.9,15.9,83.4%,WR,2021
9,10,Mike Williams,7,10,91,13.0,27,1,1,0,0,0,0,1,15.1,15.1,48.2%,WR,2021
10,11,K.J. Osborn,5,6,91,18.2,64,1,1,0,0,0,0,1,15.1,15.1,15.4%,WR,2021
11,12,DJ Moore,8,11,79,9.9,20,1,1,0,0,0,0,1,13.9,13.9,97.7%,WR,2021
12,13,Brandin Cooks,9,14,78,8.7,22,1,1,0,0,0,0,1,13.8,13.8,43.5%,WR,2021
13,14,Julio Jones,6,8,128,21.3,51,1,0,0,0,0,0,1,12.8,12.8,0.6%,WR,2021
14,15,Justin Jefferson,6,10,65,10.8,14,0,1,0,0,0,0,1,12.5,12.5,100.0%,WR,2021
15,16,Michael Pittman,8,12,123,15.4,42,2,0,0,0,0,0,1,12.3,12.3,97.2%,WR,2021
16,17,Byron Pringle,2,2,63,31.5,40,2,1,0,0,0,0,1,12.3,12.3,0.0%,WR,2021
17,18,Quintez Cephus,4,7,63,15.8,46,1,1,0,0,0,0,1,12.3,12.3,0.0%,WR,2021
18,19,Calvin Ridley,7,10,63,9.0,22,1,1,0,0,0,0,1,12.3,12.3,95.2%,WR,2021
19,20,Chris Godwin,4,5,62,15.5,26,1,1,0,0,0,0,1,12.2,12.2,90.4%,WR,2021
20,21,Davante Adams,8,9,121,15.1,50,2,0,0,0,0,0,1,12.1,12.1,99.9%,WR,2021
21,22,Stefon Diggs,4,8,60,15.0,41,1,1,0,0,0,0,1,12.0,12.0,99.7%,WR,2021
22,23,Quez Watkins,2,2,117,58.5,91,2,0,0,0,0,0,1,11.7,11.7,0.2%,WR,2021
23,24,Marvin Jones,6,11,55,9.2,25,1,1,0,0,0,0,1,11.5,11.5,0.1%,WR,2021
24,25,DeAndre Hopkins,4,4,54,13.5,16,0,1,0,0,0,0,1,11.4,11.4,92.5%,WR,2021
25,26,Ja'Marr Chase,2,4,54,27.0,42,1,1,0,0,0,0,1,11.4,11.4,99.4%,WR,2021
26,27,Darius Slayton,3,6,54,18.0,33,1,1,0,0,0,0,1,11.4,11.4,2.7%,WR,2021
27,28,Keenan Allen,4,8,108,27.0,42,3,0,0,0,0,0,1,10.8,10.8,91.1%,WR,2021
28,29,Demarcus Robinson,3,4,46,15.3,33,1,1,0,0,0,0,1,10.6,10.6,15.2%,WR,2021
29,30,Diontae Johnson,9,12,105,11.7,41,1,0,0,0,0,0,1,10.5,10.5,83.3%,WR,2021
30,31,JuJu Smith-Schuster,6,7,41,6.8,17,0,0,1,3,1,0,1,10.4,10.4,7.0%,WR,2021
31,32,Brandon Zylstra,3,3,44,14.7,20,1,1,0,0,0,0,1,10.4,10.4,0.0%,WR,2021
32,33,A.J. Green,3,6,44,14.7,29,1,1,0,0,0,0,1,10.4,10.4,0.6%,WR,2021
33,34,Deebo Samuel,6,8,93,15.5,40,1,0,2,8,0,0,1,10.1,10.1,98.8%,WR,2021
34,35,Tee Higgins,6,10,60,10.0,14,0,1,0,0,0,1,1,10.0,10.0,94.5%,WR,2021
35,36,Adam Thielen,6,7,39,6.5,15,0,1,0,0,0,0,1,9.9,9.9,74.6%,WR,2021
36,37,Zach Pascal,5,6,38,7.6,9,0,1,0,0,0,0,1,9.8,9.8,0.1%,WR,2021
37,38,Tim Patrick,3,4,37,12.3,14,0,1,0,0,0,0,1,9.7,9.7,0.6%,WR,2021
38,39,CeeDee Lamb,8,9,81,10.1,34,1,0,1,13,0,0,1,9.4,9.4,100.0%,WR,2021
39,40,Sterling Shepard,9,10,94,10.4,21,1,0,1,-9,0,0,1,8.5,8.5,0.1%,WR,2021
40,41,Allen Robinson,2,4,24,12.0,13,0,1,0,0,0,0,1,8.4,8.4,0.6%,WR,2021
41,42,Jauan Jennings,2,2,17,8.5,11,0,1,0,0,0,0,1,7.7,7.7,0.8%,WR,2021
42,43,Braxton Berrios,7,11,73,10.4,27,1,0,0,0,0,0,1,7.3,7.3,1.2%,WR,2021
43,44,Tyler Boyd,7,9,73,10.4,22,1,0,0,0,0,0,1,7.3,7.3,28.0%,WR,2021
44,45,Robert Woods,5,9,64,12.8,16,0,0,2,6,0,0,1,7.0,7.0,2.7%,WR,2021
45,46,Chase Claypool,3,9,70,23.3,52,1,0,1,-3,0,0,1,6.7,6.7,0.8%,WR,2021
46,47,Darnell Mooney,6,8,66,11.0,21,1,0,0,0,0,0,1,6.6,6.6,39.1%,WR,2021
47,48,Christian Kirk,3,4,65,21.7,35,1,0,0,0,0,0,1,6.5,6.5,70.7%,WR,2021
48,49,Jamal Agnew,0,0,0,0.0,0,0,0,0,0,0,0,1,6.0,6.0,1.0%,WR,2021
49,50,Hunter Renfrow,5,7,57,11.4,23,1,0,0,0,0,0,1,5.7,5.7,0.7%,WR,2021
50,51,Mecole Hardman,5,8,55,11.0,19,0,0,0,0,0,0,1,5.5,5.5,1.2%,WR,2021
51,52,DK Metcalf,6,11,53,8.8,16,0,0,0,0,0,0,1,5.3,5.3,98.5%,WR,2021
52,53,Emmanuel Sanders,2,6,48,24.0,35,1,0,0,0,0,0,1,4.8,4.8,0.0%,WR,2021
53,54,Elijah Moore,4,8,47,11.8,27,1,0,0,0,0,0,1,4.7,4.7,23.3%,WR,2021
54,55,Adam Humphries,7,8,44,6.3,12,0,0,0,0,0,0,1,4.4,4.4,0.0%,WR,2021
55,56,Sammy Watkins,4,7,44,11.0,19,0,0,0,0,0,0,1,4.4,4.4,0.0%,WR,2021
56,57,A.J. Brown,3,9,43,14.3,15,0,0,0,0,0,0,1,4.3,4.3,99.9%,WR,2021
57,58,DeVante Parker,5,9,42,8.4,16,0,0,0,0,0,0,1,4.2,4.2,1.7%,WR,2021
58,59,Bryan Edwards,3,3,40,13.3,18,0,0,0,0,0,0,1,4.0,4.0,0.0%,WR,2021
59,60,Jakobi Meyers,4,6,38,9.5,24,1,0,0,0,0,0,1,3.8,3.8,75.0%,WR,2021
60,61,Kenny Golladay,3,8,38,12.7,16,0,0,0,0,0,0,1,3.8,3.8,4.0%,WR,2021
61,62,Robbie Chosen,3,6,38,12.7,18,0,0,0,0,0,0,1,3.8,3.8,0.0%,WR,2021
62,63,Cole Beasley,4,4,36,9.0,22,1,0,0,0,0,0,1,3.6,3.6,0.0%,WR,2021
63,64,Jeff Smith,1,2,35,35.0,35,1,0,0,0,0,0,1,3.5,3.5,0.0%,WR,2021
64,65,Dyami Brown,3,6,34,11.3,22,1,0,0,0,0,0,1,3.4,3.4,0.2%,WR,2021
65,66,Nico Collins,1,1,32,32.0,32,1,0,0,0,0,0,1,3.2,3.2,95.7%,WR,2021
66,67,Tyreek Hill,3,4,14,4.7,7,0,0,1,15,0,0,1,2.9,2.9,100.0%,WR,2021
67,68,Russell Gage,5,7,28,5.6,8,0,0,0,0,0,0,1,2.8,2.8,0.0%,WR,2021
68,69,Jaylen Waddle,6,8,48,8.0,14,0,0,0,0,0,1,1,2.8,2.8,96.3%,WR,2021
69,70,Rashard Higgins,2,2,27,13.5,14,0,0,0,0,0,0,1,2.7,2.7,0.0%,WR,2021
70,71,Lil'Jordan Humphrey,1,2,27,27.0,27,1,0,0,0,0,0,1,2.7,2.7,0.1%,WR,2021
71,72,Kendrick Bourne,2,3,10,5.0,7,0,0,1,16,0,0,1,2.6,2.6,4.5%,WR,2021
72,73,Randall Cobb,3,3,26,8.7,14,0,0,0,0,0,0,1,2.6,2.6,0.0%,WR,2021
73,74,Cedrick Wilson,2,2,20,10.0,16,0,0,1,5,0,0,1,2.5,2.5,1.1%,WR,2021
74,75,Amari Cooper,3,5,24,8.0,12,0,0,0,0,0,0,1,2.4,2.4,91.5%,WR,2021
75,76,Trinity Benson,1,3,24,24.0,24,1,0,0,0,0,0,1,2.4,2.4,0.0%,WR,2021
76,77,Jalen Guyton,2,2,13,6.5,9,0,0,1,9,0,0,1,2.2,2.2,1.1%,WR,2021
77,78,Olamide Zaccheaus,2,4,22,11.0,12,0,0,0,0,0,0,1,2.2,2.2,0.1%,WR,2021
78,79,Chester Rogers,2,5,22,11.0,12,0,0,0,0,0,0,1,2.2,2.2,0.0%,WR,2021
79,80,Joshua Palmer,2,2,21,10.5,16,0,0,0,0,0,0,1,2.1,2.1,25.6%,WR,2021
80,81,Nelson Agholor,3,3,21,7.0,10,0,0,0,0,0,0,1,2.1,2.1,0.9%,WR,2021
81,82,Albert Wilson,4,6,20,5.0,6,0,0,0,0,0,0,1,2.0,2.0,0.0%,WR,2021
82,83,DJ Chark,1,4,19,19.0,19,0,0,0,0,0,0,1,1.9,1.9,4.6%,WR,2021
83,84,Amon-Ra St.,3,5,18,6.0,7,0,0,0,0,0,0,1,1.8,1.8,100.0%,WR,2021
84,85,Kalif Raymond,2,2,18,9.0,10,0,0,0,0,0,0,1,1.8,1.8,1.3%,WR,2021
85,86,Terrace Marshall,3,3,17,5.7,11,0,0,0,0,0,0,1,1.7,1.7,0.2%,WR,2021
86,87,Antonio Brown,1,3,17,17.0,17,0,0,0,0,0,0,1,1.7,1.7,0.8%,WR,2021
87,88,DeVonta Smith,2,7,16,8.0,11,0,0,0,0,0,0,1,1.6,1.6,98.1%,WR,2021
88,89,Chris Hogan,1,3,16,16.0,16,0,0,0,0,0,0,1,1.6,1.6,0.0%,WR,2021
89,90,Andre Roberts,1,2,35,35.0,35,1,0,0,0,0,1,1,1.5,1.5,0.0%,WR,2021
90,91,Kendall Hinton,1,1,15,15.0,15,0,0,0,0,0,0,1,1.5,1.5,0.0%,WR,2021
91,92,Van Jefferson,1,3,14,14.0,14,0,0,0,0,0,0,1,1.4,1.4,1.4%,WR,2021
92,93,Willie Snead,1,1,14,14.0,14,0,0,0,0,0,0,1,1.4,1.4,0.0%,WR,2021
93,94,Chris Conley,1,2,13,13.0,13,0,0,0,0,0,0,1,1.3,1.3,0.1%,WR,2021
94,95,Ashton Dulin,1,2,10,10.0,10,0,0,0,0,0,0,1,1.0,1.0,0.1%,WR,2021
95,96,Deonte Harty,1,2,9,9.0,9,0,0,1,1,0,0,1,1.0,1.0,0.1%,WR,2021
96,97,Marquise Goodwin,1,3,10,10.0,10,0,0,0,0,0,0,1,1.0,1.0,0.0%,WR,2021
97,98,Jarvis Landry,1,1,9,9.0,9,0,0,0,0,0,0,1,0.9,0.9,14.0%,WR,2021
98,99,Danny Amendola,1,1,9,9.0,9,0,0,0,0,0,0,1,0.9,0.9,0.0%,WR,2021
99,100,Trent Sherfield,1,3,9,9.0,9,0,0,0,0,0,0,1,0.9,0.9,0.1%,WR,2021
100,101,Corey Davis,2,5,8,4.0,5,0,0,0,0,0,0,1,0.8,0.8,0.0%,WR,2021
101,102,Christian Blake,1,1,8,8.0,8,0,0,0,0,0,0,1,0.8,0.8,0.0%,WR,2021
102,103,Marquez Callaway,2,4,8,4.0,4,0,0,0,0,0,0,1,0.8,0.8,0.1%,WR,2021
103,104,Tajae Sharpe,1,2,8,8.0,8,0,0,0,0,0,0,1,0.8,0.8,0.0%,WR,2021
104,105,C.J. Board,0,0,0,0.0,0,0,0,1,6,0,0,1,0.6,0.6,0.0%,WR,2021
105,106,Brandon Aiyuk,1,2,6,6.0,6,0,0,0,0,0,0,1,0.6,0.6,98.3%,WR,2021
106,107,Nick Westbrook-Ikhine,1,1,6,6.0,6,0,0,0,0,0,0,1,0.6,0.6,0.2%,WR,2021
107,108,KJ Hamler,1,3,5,5.0,5,0,0,0,0,0,0,1,0.5,0.5,0.1%,WR,2021
108,109,Jalen Reagor,2,5,5,2.5,4,0,0,0,0,0,0,1,0.5,0.5,0.1%,WR,2021
109,110,Tyler Johnson,1,2,5,5.0,5,0,0,0,0,0,0,1,0.5,0.5,0.0%,WR,2021
110,111,Preston Williams,1,3,2,2.0,2,0,0,0,0,0,0,1,0.2,0.2,0.0%,WR,2021
111,112,DeAndre Carter,0,0,0,0.0,0,0,0,1,2,0,0,1,0.2,0.2,0.0%,WR,2021
112,113,Isaiah McKenzie,1,2,1,1.0,1,0,0,0,0,0,0,1,0.1,0.1,0.2%,WR,2021
113,114,Gunner Olszewski,0,0,0,0.0,0,0,0,0,0,0,0,1,0.0,0.0,0.1%,WR,2021
114,115,Devin Duvernay,0,0,0,0.0,0,0,0,0,0,0,0,1,0.0,0.0,0.2%,WR,2021
115,116,KJ Hill,0,0,0,0.0,0,0,0,0,0,0,0,1,0.0,0.0,0.0%,WR,2021
116,117,Nsimba Webster,0,0,0,0.0,0,0,0,0,0,0,0,1,0.0,0.0,0.0%,WR,2021
117,118,Andy Isabella,0,0,0,0.0,0,0,0,0,0,0,0,1,0.0,0.0,0.0%,WR,2021
118,119,Stanley Morgan,0,0,0,0.0,0,0,0,0,0,0,0,1,0.0,0.0,0.0%,WR,2021
119,120,Tyron Billy-Johnson,0,1,0,0.0,0,0,0,0,0,0,0,1,0.0,0.0,0.0%,WR,2021
120,121,Scotty Miller,0,0,0,0.0,0,0,0,0,0,0,0,1,0.0,0.0,0.1%,WR,2021
121,122,Amari Rodgers,0,0,0,0.0,0,0,0,0,0,0,0,1,0.0,0.0,0.0%,WR,2021
122,123,Anthony Schwartz,0,1,0,0.0,0,0,0,0,0,0,0,1,0.0,0.0,0.0%,WR,2021
123,124,Tutu Atwell,0,0,0,0.0,0,0,0,0,0,0,0,1,0.0,0.0,9.4%,WR,2021
124,125,Ihmir Smith-Marsette,0,0,0,0.0,0,0,0,0,0,0,0,1,0.0,0.0,0.1%,WR,2021
125,126,Racey McMath,0,0,0,0.0,0,0,0,0,0,0,0,1,0.0,0.0,0.0%,WR,2021
126,127,Mike Strachan,0,1,0,0.0,0,0,0,0,0,0,0,1,0.0,0.0,0.0%,WR,2021
127,128,Mohamed Sanu,0,1,0,0.0,0,0,0,0,0,0,0,1,0.0,0.0,0.0%,WR,2021
128,129,Matthew Slater,0,0,0,0.0,0,0,0,0,0,0,0,1,0.0,0.0,0.0%,WR,2021
129,130,Greg Ward,0,0,0,0.0,0,0,0,0,0,0,0,1,0.0,0.0,0.0%,WR,2021
130,131,Dede Westbrook,0,0,0,0.0,0,0,0,0,0,0,0,1,0.0,0.0,0.0%,WR,2021
131,132,Josh Reynolds,0,0,0,0.0,0,0,0,0,0,0,0,1,0.0,0.0,7.4%,WR,2021
132,133,Mack Hollins,0,0,0,0.0,0,0,0,0,0,0,0,1,0.0,0.0,0.3%,WR,2021
133,134,Equanimeous St.,1,1,0,0.0,0,0,0,0,0,0,0,1,0.0,0.0,0.1%,WR,2021
134,135,James Washington,0,1,0,0.0,0,0,0,0,0,0,0,1,0.0,0.0,0.0%,WR,2021
135,136,Marquez Valdes-Scantling,0,4,0,0.0,0,0,0,0,0,0,0,1,0.0,0.0,1.3%,WR,2021
136,137,Ray-Ray McCloud,0,0,0,0.0,0,0,0,0,0,0,0,1,0.0,0.0,0.6%,WR,2021
137,138,Jake Kumerow,0,1,0,0.0,0,0,0,0,0,0,0,1,0.0,0.0,0.0%,WR,2021
138,139,Diontae Spencer,0,0,0,0.0,0,0,0,0,0,0,0,1,0.0,0.0,0.0%,WR,2021
139,140,Ty Montgomery,1,1,3,3.0,3,0,0,0,0,0,0,1,0.0,0.0,0.0%,WR,2021
140,141,Jaydon Mickens,0,0,0,0.0,0,0,0,0,0,0,0,1,0.0,0.0,0.0%,WR,2021
141,142,Alex Erickson,0,0,0,0.0,0,0,0,0,0,0,0,1,0.0,0.0,0.0%,WR,2021
142,143,Laquon Treadwell,0,1,0,0.0,0,0,0,0,0,0,0,1,0.0,0.0,0.0%,WR,2021
143,144,Laviska Shenault,2,7,-3,-1.5,5,0,0,1,0,0,0,1,-0.3,-0.3,0.2%,WR,2021
144,145,Donovan Peoples-Jones,1,1,14,14.0,14,0,0,0,0,0,1,1,-0.6,-0.6,1.8%,WR,2021
145,146,Jakeem Grant,1,1,0,0.0,0,0,0,0,0,0,1,1,-2.0,-2.0,0.0%,WR,2021
