,Rank,Player,Receiving Receptions,Receiving Target,Receiving Yards,Yards/Reception,Longest Reception,Receiving 20+,Receiving Touchdowns,Rushing Attempts,Rushing Yards,Rushing Touchdown,Fumbles,Games Played,Fantasy Football Points,FTPS/Game,ROST,Position,Year
0,1,Tyreek Hill,11,12,186,16.9,44,3,3,0,0,0,0,1,36.6,36.6,100.0%,WR,2021
1,2,Deebo Samuel,8,13,156,19.5,76,2,2,1,1,0,0,1,27.7,27.7,98.8%,WR,2021
2,3,Terry McLaurin,6,13,123,20.5,33,4,2,0,0,0,0,1,24.3,24.3,90.3%,WR,2021
3,4,DJ Moore,8,12,113,14.1,39,2,2,1,6,0,0,1,23.9,23.9,97.7%,WR,2021
4,5,Randall Cobb,5,6,69,13.8,25,2,2,0,0,0,0,1,18.9,18.9,0.0%,WR,2021
5,6,Corey Davis,4,7,111,27.8,53,2,1,0,0,0,0,1,17.1,17.1,0.0%,WR,2021
6,7,Kalif Raymond,3,6,46,15.3,25,1,2,0,0,0,0,1,16.6,16.6,1.3%,WR,2021
7,8,Diontae Johnson,9,13,92,10.2,45,1,1,0,0,0,0,1,15.2,15.2,83.3%,WR,2021
8,9,Hollywood Brown,4,5,91,22.8,49,2,1,0,0,0,0,1,15.1,15.1,79.1%,WR,2021
9,10,Van Jefferson,6,6,90,15.0,22,2,1,0,0,0,0,1,15.0,15.0,1.4%,WR,2021
10,11,Justin Jefferson,6,7,84,14.0,31,2,1,0,0,0,0,1,14.4,14.4,100.0%,WR,2021
11,12,DeVante Parker,4,9,77,19.3,42,2,1,0,0,0,0,1,13.7,13.7,1.7%,WR,2021
12,13,John Ross,3,4,77,25.7,51,0,1,0,0,0,0,1,13.7,13.7,0.0%,WR,2021
13,14,Darnell Mooney,5,7,125,25.0,64,3,0,1,10,0,0,1,13.5,13.5,39.1%,WR,2021
14,15,Amari Cooper,3,3,69,23.0,35,2,1,0,0,0,0,1,12.9,12.9,91.5%,WR,2021
15,16,A.J. Green,5,6,67,13.4,41,1,1,0,0,0,0,1,12.7,12.7,0.6%,WR,2021
16,17,DK Metcalf,4,8,65,16.3,28,1,1,0,0,0,0,1,12.5,12.5,98.5%,WR,2021
17,18,DeVonta Smith,7,10,122,17.4,37,3,0,0,0,0,0,1,12.2,12.2,98.1%,WR,2021
18,19,Jamison Crowder,7,9,61,8.7,29,1,1,0,0,0,0,1,12.1,12.1,0.3%,WR,2021
19,20,Tyler Boyd,9,11,118,13.1,33,2,0,0,0,0,0,1,11.8,11.8,28.0%,WR,2021
20,21,Kenny Golladay,6,7,116,19.3,28,3,0,0,0,0,0,1,11.6,11.6,4.0%,WR,2021
21,22,Stefon Diggs,7,11,114,16.3,37,2,0,0,0,0,0,1,11.4,11.4,99.7%,WR,2021
22,23,Laviska Shenault,6,7,99,16.5,52,2,0,1,11,0,0,1,11.0,11.0,0.2%,WR,2021
23,24,Robert Woods,4,6,48,12.0,18,0,1,0,0,0,0,1,10.8,10.8,2.7%,WR,2021
24,25,Hunter Renfrow,6,8,45,7.5,12,0,1,0,0,0,0,1,10.5,10.5,0.7%,WR,2021
25,26,Keelan Cole,3,4,92,30.7,54,2,0,0,0,0,0,1,9.2,9.2,0.0%,WR,2021
26,27,Cedrick Wilson,2,2,30,15.0,23,1,1,0,0,0,0,1,9.0,9.0,1.1%,WR,2021
27,28,Jakobi Meyers,8,12,70,8.8,21,1,0,0,0,0,0,1,8.8,8.8,75.0%,WR,2021
28,29,DeAndre Carter,1,1,24,24.0,24,1,0,0,0,0,0,1,8.4,8.4,0.0%,WR,2021
29,30,Quintez Cephus,4,5,83,20.8,33,3,0,0,0,0,0,1,8.3,8.3,0.0%,WR,2021
30,31,Emmanuel Sanders,5,6,74,14.8,21,2,0,1,7,0,0,1,8.1,8.1,0.0%,WR,2021
31,32,Freddie Swain,3,4,20,6.7,13,0,1,0,0,0,0,1,8.0,8.0,0.0%,WR,2021
32,33,Calvin Ridley,7,13,80,11.4,21,1,0,0,0,0,0,1,8.0,8.0,95.2%,WR,2021
33,34,Kadarius Toney,6,9,78,13.0,21,1,0,1,1,0,0,1,7.9,7.9,5.9%,WR,2021
34,35,Ja'Marr Chase,6,9,77,12.8,44,1,0,0,0,0,0,1,7.7,7.7,99.4%,WR,2021
35,36,Mike Evans,7,12,75,10.7,28,1,0,0,0,0,0,1,7.5,7.5,98.1%,WR,2021
36,37,Greg Ward,1,2,15,15.0,15,0,1,0,0,0,0,1,7.5,7.5,0.0%,WR,2021
37,38,Marquez Callaway,2,2,74,37.0,58,1,0,0,0,0,0,1,7.4,7.4,0.1%,WR,2021
38,39,James Proche,5,6,74,14.8,32,1,0,0,0,0,0,1,7.4,7.4,0.0%,WR,2021
39,40,Amon-Ra St.,6,8,70,11.7,24,1,0,0,0,0,0,1,7.0,7.0,100.0%,WR,2021
40,41,James Washington,4,5,69,17.3,30,1,0,0,0,0,0,1,6.9,6.9,0.0%,WR,2021
41,42,DeAndre Hopkins,4,7,67,16.8,25,1,0,0,0,0,0,1,6.7,6.7,92.5%,WR,2021
42,43,Cooper Kupp,5,13,64,12.8,35,1,0,0,0,0,0,1,6.4,6.4,97.9%,WR,2021
43,44,Davante Adams,6,11,64,10.7,21,1,0,0,0,0,0,1,6.4,6.4,99.9%,WR,2021
44,45,Brandon Zylstra,2,2,63,31.5,55,1,0,0,0,0,0,1,6.3,6.3,0.0%,WR,2021
45,46,Antonio Brown,7,11,63,9.0,27,1,0,0,0,0,0,1,6.3,6.3,0.8%,WR,2021
46,47,Allen Robinson,3,3,63,21.0,28,2,0,0,0,0,0,1,6.3,6.3,0.6%,WR,2021
47,48,Chester Rogers,5,6,63,12.6,20,1,0,0,0,0,0,1,6.3,6.3,0.0%,WR,2021
48,49,Rashard Higgins,4,7,63,15.8,21,1,0,0,0,0,0,1,6.3,6.3,0.0%,WR,2021
49,50,Cameron Batson,1,4,2,2.0,2,0,1,0,0,0,0,1,6.2,6.2,0.0%,WR,2021
50,51,Henry Ruggs,3,6,60,20.0,51,1,0,0,0,0,0,1,6.0,6.0,10.9%,WR,2021
51,52,Josh Reynolds,6,9,59,9.8,12,0,0,0,0,0,0,1,5.9,5.9,7.4%,WR,2021
52,53,Nelson Agholor,3,5,55,18.3,30,1,0,1,4,0,0,1,5.9,5.9,0.9%,WR,2021
53,54,Michael Pittman,6,8,59,9.8,20,1,0,0,0,0,0,1,5.9,5.9,97.2%,WR,2021
54,55,Kendrick Bourne,5,5,58,11.6,17,0,0,0,0,0,0,1,5.8,5.8,4.5%,WR,2021
55,56,Chris Godwin,3,5,55,18.3,28,2,0,0,0,0,0,1,5.5,5.5,90.4%,WR,2021
56,57,Deonte Harty,5,8,52,10.4,18,0,0,0,0,0,0,1,5.2,5.2,0.1%,WR,2021
57,58,Sammy Watkins,4,7,49,12.3,20,1,0,0,0,0,0,1,4.9,4.9,0.0%,WR,2021
58,59,Robbie Chosen,5,11,46,9.2,13,0,0,1,3,0,0,1,4.9,4.9,0.0%,WR,2021
59,60,Brandin Cooks,5,7,47,9.4,16,0,0,0,0,0,0,1,4.7,4.7,43.5%,WR,2021
60,61,Courtland Sutton,3,8,47,15.7,32,1,0,0,0,0,0,1,4.7,4.7,83.4%,WR,2021
61,62,Adam Thielen,3,8,46,15.3,22,1,0,0,0,0,0,1,4.6,4.6,74.6%,WR,2021
62,63,Zach Pascal,4,5,44,11.0,41,1,0,0,0,0,0,1,4.4,4.4,0.1%,WR,2021
63,64,Mecole Hardman,2,3,16,8.0,9,0,0,2,25,0,0,1,4.1,4.1,1.2%,WR,2021
64,65,Tim Patrick,3,6,39,13.0,19,0,0,0,0,0,0,1,3.9,3.9,0.6%,WR,2021
65,66,Jamal Agnew,1,1,27,27.0,27,1,0,1,11,0,0,1,3.8,3.8,1.0%,WR,2021
66,67,Rondale Moore,3,3,28,9.3,16,0,0,2,9,0,0,1,3.7,3.7,5.3%,WR,2021
67,68,K.J. Osborn,3,7,26,8.7,20,1,0,1,10,0,0,1,3.6,3.6,15.4%,WR,2021
68,69,Keenan Allen,7,11,36,5.1,9,0,0,0,0,0,0,1,3.6,3.6,91.1%,WR,2021
69,70,Mohamed Sanu,4,5,35,8.8,12,0,0,0,0,0,0,1,3.5,3.5,0.0%,WR,2021
70,71,Allen Lazard,2,3,33,16.5,28,1,0,0,0,0,0,1,3.3,3.3,4.8%,WR,2021
71,72,Quez Watkins,3,7,33,11.0,18,0,0,0,0,0,0,1,3.3,3.3,0.2%,WR,2021
72,73,Jaylen Waddle,3,4,33,11.0,18,0,0,0,0,0,0,1,3.3,3.3,96.3%,WR,2021
73,74,Devin Duvernay,3,6,31,10.3,17,0,0,0,0,0,0,1,3.1,3.1,0.2%,WR,2021
74,75,Odell Beckham,2,7,27,13.5,24,1,0,1,4,0,0,1,3.1,3.1,33.2%,WR,2021
75,76,Jalen Guyton,1,2,9,9.0,9,0,0,2,20,0,0,1,2.9,2.9,1.1%,WR,2021
76,77,Nick Westbrook-Ikhine,3,8,29,9.7,18,0,0,0,0,0,0,1,2.9,2.9,0.2%,WR,2021
77,78,Trenton Irwin,1,1,25,25.0,25,1,0,0,0,0,0,1,2.5,2.5,0.6%,WR,2021
78,79,Tyler Lockett,4,5,24,6.0,19,0,0,0,0,0,0,1,2.4,2.4,88.8%,WR,2021
79,80,Marvin Jones,3,3,24,8.0,10,0,0,0,0,0,0,1,2.4,2.4,0.1%,WR,2021
80,81,Byron Pringle,2,2,23,11.5,19,0,0,0,0,0,0,1,2.3,2.3,0.0%,WR,2021
81,82,Parris Campbell,2,3,22,11.0,12,0,0,0,0,0,0,1,2.2,2.2,0.7%,WR,2021
82,83,Jalen Reagor,1,1,9,9.0,9,0,0,1,12,0,0,1,2.1,2.1,0.1%,WR,2021
83,84,Dyami Brown,1,2,19,19.0,19,0,0,0,0,0,0,1,1.9,1.9,0.2%,WR,2021
84,85,Adam Humphries,1,1,19,19.0,19,0,0,0,0,0,0,1,1.9,1.9,0.0%,WR,2021
85,86,Curtis Samuel,4,4,19,4.8,10,0,0,0,0,0,0,1,1.9,1.9,49.2%,WR,2021
86,87,Auden Tate,1,1,18,18.0,18,0,0,0,0,0,0,1,1.8,1.8,0.0%,WR,2021
87,88,Ashton Dulin,1,1,17,17.0,17,0,0,0,0,0,0,1,1.7,1.7,0.1%,WR,2021
88,89,Dede Westbrook,1,1,17,17.0,17,0,0,0,0,0,0,1,1.7,1.7,0.0%,WR,2021
89,90,Cole Beasley,2,2,16,8.0,9,0,0,0,0,0,0,1,1.6,1.6,0.0%,WR,2021
90,91,Tajae Sharpe,2,2,15,7.5,8,0,0,0,0,0,0,1,1.5,1.5,0.0%,WR,2021
91,92,Chris Hogan,2,2,15,7.5,9,0,0,0,0,0,0,1,1.5,1.5,0.0%,WR,2021
92,93,Braxton Berrios,1,1,0,0.0,0,0,0,2,15,0,0,1,1.5,1.5,1.2%,WR,2021
93,94,Olamide Zaccheaus,1,3,15,15.0,15,0,0,0,0,0,0,1,1.5,1.5,0.1%,WR,2021
94,95,Brandon Aiyuk,1,3,15,15.0,15,0,0,0,0,0,0,1,1.5,1.5,98.3%,WR,2021
95,96,Willie Snead,1,1,15,15.0,15,0,0,0,0,0,0,1,1.5,1.5,0.0%,WR,2021
96,97,Jauan Jennings,1,1,14,14.0,14,0,0,0,0,0,0,1,1.4,1.4,0.8%,WR,2021
97,98,CeeDee Lamb,2,5,13,6.5,7,0,0,0,0,0,0,1,1.3,1.3,100.0%,WR,2021
98,99,KhaDarel Hodge,1,1,13,13.0,13,0,0,0,0,0,0,1,1.3,1.3,0.1%,WR,2021
99,100,Kendall Hinton,1,3,13,13.0,13,0,0,0,0,0,0,1,1.3,1.3,0.0%,WR,2021
100,101,Trinity Benson,2,3,12,6.0,9,0,0,0,0,0,0,1,1.2,1.2,0.0%,WR,2021
101,102,JuJu Smith-Schuster,2,8,11,5.5,9,0,0,0,0,0,0,1,1.1,1.1,7.0%,WR,2021
102,103,Albert Wilson,1,2,11,11.0,11,0,0,0,0,0,0,1,1.1,1.1,0.0%,WR,2021
103,104,Mike Williams,1,4,11,11.0,11,0,0,0,0,0,0,1,1.1,1.1,48.2%,WR,2021
104,105,N'Keal Harry,1,1,10,10.0,10,0,0,0,0,0,0,1,1.0,1.0,0.1%,WR,2021
105,106,Tavon Austin,1,3,8,8.0,8,0,0,0,0,0,0,1,0.8,0.8,0.1%,WR,2021
106,107,DeSean Jackson,1,3,6,6.0,6,0,0,0,0,0,0,1,0.6,0.6,0.6%,WR,2021
107,108,William Fuller,1,2,6,6.0,6,0,0,0,0,0,0,1,0.6,0.6,0.0%,WR,2021
108,109,Christian Kirk,1,1,5,5.0,5,0,0,0,0,0,0,1,0.5,0.5,70.7%,WR,2021
109,110,Zay Jones,1,1,5,5.0,5,0,0,0,0,0,0,1,0.5,0.5,16.7%,WR,2021
110,111,Bryan Edwards,1,4,4,4.0,4,0,0,0,0,0,0,1,0.4,0.4,0.0%,WR,2021
111,112,Anthony Miller,1,5,3,3.0,3,0,0,0,0,0,0,1,0.3,0.3,0.0%,WR,2021
112,113,Terrace Marshall,1,3,2,2.0,2,0,0,0,0,0,0,1,0.2,0.2,0.2%,WR,2021
113,114,Ray-Ray McCloud,1,1,2,2.0,2,0,0,0,0,0,0,1,0.2,0.2,0.6%,WR,2021
114,115,Marquise Goodwin,0,2,0,0.0,0,0,0,1,1,0,0,1,0.1,0.1,0.0%,WR,2021
115,116,Gunner Olszewski,0,0,0,0.0,0,0,0,0,0,0,0,1,0.0,0.0,0.1%,WR,2021
116,117,Nsimba Webster,0,0,0,0.0,0,0,0,0,0,0,0,1,0.0,0.0,0.0%,WR,2021
117,118,Donovan Peoples-Jones,0,0,0,0.0,0,0,0,0,0,0,0,1,0.0,0.0,1.8%,WR,2021
118,119,KJ Hill,0,0,0,0.0,0,0,0,0,0,0,0,1,0.0,0.0,0.0%,WR,2021
119,120,Gabe Davis,0,1,0,0.0,0,0,0,0,0,0,0,1,0.0,0.0,54.0%,WR,2021
120,121,Tyler Johnson,0,2,0,0.0,0,0,0,0,0,0,0,1,0.0,0.0,0.0%,WR,2021
121,122,Tyron Billy-Johnson,0,1,0,0.0,0,0,0,0,0,0,0,1,0.0,0.0,0.0%,WR,2021
122,123,Amari Rodgers,0,0,0,0.0,0,0,0,0,0,0,0,1,0.0,0.0,0.0%,WR,2021
123,124,Anthony Schwartz,0,1,0,0.0,0,0,0,0,0,0,0,1,0.0,0.0,0.0%,WR,2021
124,125,Tutu Atwell,0,0,0,0.0,0,0,0,0,0,0,0,1,0.0,0.0,9.4%,WR,2021
125,126,Tylan Wallace,0,0,0,0.0,0,0,0,0,0,0,0,1,0.0,0.0,0.1%,WR,2021
126,127,Brandon Smith,0,0,0,0.0,0,0,0,0,0,0,0,1,0.0,0.0,0.0%,WR,2021
127,128,Kenny Stills,0,1,0,0.0,0,0,0,0,0,0,0,1,0.0,0.0,0.0%,WR,2021
128,129,Matthew Slater,0,0,0,0.0,0,0,0,0,0,0,0,1,0.0,0.0,0.0%,WR,2021
129,130,Andre Roberts,0,0,0,0.0,0,0,0,0,0,0,0,1,0.0,0.0,0.0%,WR,2021
130,131,Marcus Kemp,0,0,0,0.0,0,0,0,0,0,0,0,1,0.0,0.0,0.0%,WR,2021
131,132,C.J. Board,0,0,0,0.0,0,0,0,0,0,0,0,1,0.0,0.0,0.0%,WR,2021
132,133,Justin Hardee,0,0,0,0.0,0,0,0,0,0,0,0,1,0.0,0.0,0.0%,WR,2021
133,134,Noah Brown,0,0,0,0.0,0,0,0,0,0,0,0,1,0.0,0.0,23.5%,WR,2021
134,135,Isaiah McKenzie,0,0,0,0.0,0,0,0,0,0,0,0,1,0.0,0.0,0.2%,WR,2021
135,136,Cam Sims,0,0,0,0.0,0,0,0,0,0,0,0,1,0.0,0.0,0.0%,WR,2021
136,137,J.J. Arcega-Whiteside,0,0,0,0.0,0,0,0,0,0,0,0,1,0.0,0.0,0.0%,WR,2021
137,138,Collin Johnson,0,0,0,0.0,0,0,0,0,0,0,0,1,0.0,0.0,0.0%,WR,2021
138,139,Trent Sherfield,0,2,0,0.0,0,0,0,0,0,0,0,1,0.0,0.0,0.1%,WR,2021
139,140,Equanimeous St.,0,1,0,0.0,0,0,0,0,0,0,0,1,0.0,0.0,0.1%,WR,2021
140,141,Christian Blake,0,0,0,0.0,0,0,0,0,0,0,0,1,0.0,0.0,0.0%,WR,2021
141,142,Chris Conley,0,1,0,0.0,0,0,0,0,0,0,0,1,0.0,0.0,0.1%,WR,2021
142,143,Jake Kumerow,0,0,0,0.0,0,0,0,0,0,0,0,1,0.0,0.0,0.0%,WR,2021
143,144,Diontae Spencer,0,1,0,0.0,0,0,0,0,0,0,0,1,0.0,0.0,0.0%,WR,2021
144,145,Ty Montgomery,3,3,42,14.0,21,1,0,2,7,0,0,1,0.0,0.0,0.0%,WR,2021
145,146,Mike Thomas,1,1,0,0.0,0,0,0,0,0,0,0,1,0.0,0.0,0.0%,WR,2021
146,147,Jaydon Mickens,0,0,0,0.0,0,0,0,0,0,0,0,1,0.0,0.0,0.0%,WR,2021
147,148,Alex Erickson,0,0,0,0.0,0,0,0,0,0,0,0,1,0.0,0.0,0.0%,WR,2021
148,149,Jakeem Grant,1,1,-7,-7.0,0,0,0,0,0,0,1,1,-2.7,-2.7,0.0%,WR,2021
