,Rk,Date,G#,Week,Age,Tm,Unnamed: 6_level_1,Opp,Result,Tgt,Rec,Yds,TD,1D,YBC,YBC/R,YAC,YAC/R,ADOT,BrkTkl,Rec/Br,Drop,Drop%,Int,Rat,Att,Yds,TD,1D,YBC,YBC/Att,YAC,YAC/Att,BrkTkl,Att/Br,Year
0,1.0,2020-09-13,1.0,1.0,24.049,LAR,,DAL,W 20-17,3.0,1.0,31.0,0.0,1.0,31.0,31.0,0.0,0.0,18.7,0.0,,1.0,33.3,1.0,33.3,0.0,0.0,0.0,0.0,0.0,,0.0,,0.0,,2020
1,2.0,2020-09-20,2.0,2.0,24.056,LAR,@,PHI,W 37-19,5.0,4.0,45.0,0.0,2.0,38.0,9.5,7.0,1.8,9.2,1.0,4.0,0.0,0.0,0.0,104.2,1.0,-1.0,0.0,0.0,-1.0,-1.0,0.0,0.0,0.0,,2020
2,3.0,2020-09-27,3.0,3.0,24.063,LAR,@,BUF,L 32-35,1.0,0.0,0.0,0.0,,0.0,,0.0,,10.0,0.0,,0.0,0.0,1.0,0.0,0.0,0.0,0.0,,0.0,,0.0,,0.0,,2020
3,4.0,2020-10-04,4.0,4.0,24.07,LAR,,NYG,W 17-9,1.0,0.0,0.0,0.0,,0.0,,0.0,,35.0,0.0,,0.0,0.0,0.0,39.6,0.0,0.0,0.0,,0.0,,0.0,,0.0,,2020
4,5.0,2020-10-11,5.0,5.0,24.077,LAR,@,WAS,W 30-10,,,,,,,,,,,,,,0.0,,,,,,,,,,,,,2020
5,6.0,2020-10-18,6.0,6.0,24.084,LAR,@,SFO,L 16-24,1.0,1.0,8.0,0.0,1.0,3.0,3.0,5.0,5.0,3.0,0.0,,0.0,0.0,0.0,100.0,0.0,0.0,0.0,0.0,0.0,,0.0,,0.0,,2020
6,7.0,2020-10-26,7.0,7.0,24.092,LAR,,CHI,W 24-10,1.0,1.0,14.0,0.0,1.0,14.0,14.0,0.0,0.0,14.0,0.0,,0.0,0.0,0.0,118.7,0.0,0.0,0.0,0.0,0.0,,0.0,,0.0,,2020
7,8.0,2020-11-01,8.0,8.0,24.098,LAR,@,MIA,L 17-28,2.0,2.0,23.0,0.0,1.0,23.0,11.5,0.0,0.0,11.5,0.0,,0.0,0.0,0.0,114.6,0.0,0.0,0.0,0.0,0.0,,0.0,,0.0,,2020
8,9.0,2020-11-15,9.0,10.0,24.112,LAR,,SEA,W 23-16,1.0,1.0,15.0,0.0,1.0,14.0,14.0,1.0,1.0,14.0,0.0,,0.0,0.0,0.0,118.7,0.0,0.0,0.0,0.0,0.0,,0.0,,0.0,,2020
9,10.0,2020-11-23,10.0,11.0,24.12,LAR,@,TAM,W 27-24,1.0,1.0,7.0,1.0,1.0,5.0,5.0,2.0,2.0,5.0,0.0,,0.0,0.0,0.0,135.4,0.0,0.0,0.0,0.0,0.0,,0.0,,0.0,,2020
10,11.0,2020-11-29,11.0,12.0,24.126,LAR,,SFO,L 20-23,,,,,,,,,,,,,,0.0,,,,,,,,,,,,,2020
11,12.0,2020-12-06,12.0,13.0,24.133,LAR,@,ARI,W 38-28,5.0,4.0,27.0,0.0,,21.0,5.3,6.0,1.5,5.8,0.0,,0.0,0.0,0.0,89.2,0.0,0.0,0.0,,0.0,,0.0,,0.0,,2020
12,13.0,2020-12-10,13.0,14.0,24.137,LAR,,NWE,W 24-3,0.0,0.0,0.0,0.0,,0.0,,0.0,,,0.0,,0.0,0.0,,,0.0,0.0,0.0,,0.0,,0.0,,0.0,,2020
13,14.0,2020-12-20,14.0,15.0,24.147,LAR,,NYJ,L 20-23,1.0,0.0,0.0,0.0,,0.0,,0.0,,2.0,0.0,,0.0,0.0,0.0,39.6,0.0,0.0,0.0,,0.0,,0.0,,0.0,,2020
14,15.0,2020-12-27,15.0,16.0,24.154,LAR,@,SEA,L 9-20,1.0,0.0,0.0,0.0,,0.0,,0.0,,5.0,0.0,,0.0,0.0,0.0,39.6,0.0,0.0,0.0,,0.0,,0.0,,0.0,,2020
15,16.0,2021-01-03,16.0,17.0,24.161,LAR,,ARI,W 18-7,8.0,4.0,50.0,0.0,3.0,25.0,6.3,25.0,6.3,13.6,1.0,4.0,0.0,0.0,0.0,69.8,0.0,0.0,0.0,0.0,0.0,,0.0,,0.0,,2020
16,,16 Games,,,,,,,10-6-0,31.0,19.0,220.0,1.0,11.0,174.0,9.2,46.0,2.4,11.3,2.0,9.5,1.0,3.2,2.0,66.6,1.0,-1.0,0.0,0.0,-1.0,-1.0,0.0,0.0,0.0,,2020
