,Rk,Date,G#,Week,Age,Tm,Unnamed: 6_level_1,Opp,Result,Int,Tgt,Cmp,Cmp%,Yds,Yds/Cmp,Yds/Tgt,TD,Rat,DADOT,Air,YAC,Bltz,Hrry,QBKD,Sk,Prss,Comb,MTkl,MTkl%,Year
0,1.0,2018-09-09,1.0,1.0,25.228,NYG,,JAX,L 15-20,0,0,0,,0.0,,,0.0,,,0.0,0.0,0,0,0,0.0,0,1,0,0.0%,2018
1,2.0,2018-09-16,2.0,2.0,25.235,NYG,@,DAL,L 13-20,0,0,0,,0.0,,,0.0,,,0.0,0.0,0,0,0,0.0,0,0,0,,2018
2,3.0,2018-09-23,3.0,3.0,25.242,NYG,@,HOU,W 27-22,0,0,0,,0.0,,,0.0,,,0.0,0.0,0,0,0,0.0,0,0,0,,2018
3,4.0,2018-10-07,5.0,5.0,25.256,NYG,@,CAR,L 31-33,0,0,0,,0.0,,,0.0,,,0.0,0.0,0,0,0,0.0,0,0,0,,2018
4,5.0,2018-10-11,6.0,6.0,25.26,NYG,,PHI,L 13-34,0,0,0,,0.0,,,0.0,,,0.0,0.0,0,0,0,0.0,0,1,0,0.0%,2018
5,6.0,2018-10-22,7.0,7.0,25.271,NYG,@,ATL,L 20-23,0,0,0,,0.0,,,0.0,,,0.0,0.0,0,0,0,0.0,0,1,0,0.0%,2018
6,7.0,2018-10-28,8.0,8.0,25.277,NYG,,WAS,L 13-20,0,0,0,,0.0,,,0.0,,,0.0,0.0,0,0,0,0.0,0,1,0,0.0%,2018
7,8.0,2018-11-12,9.0,10.0,25.292,NYG,@,SFO,W 27-23,0,0,0,,0.0,,,0.0,,,0.0,0.0,0,0,0,0.0,0,1,0,0.0%,2018
8,9.0,2018-11-18,10.0,11.0,25.298,NYG,,TAM,W 38-35,0,0,0,,0.0,,,0.0,,,0.0,0.0,0,0,0,0.0,0,1,0,0.0%,2018
9,10.0,2018-11-25,11.0,12.0,25.305,NYG,@,PHI,L 22-25,0,0,0,,0.0,,,0.0,,,0.0,0.0,0,0,0,0.0,0,0,0,,2018
10,11.0,2018-12-02,12.0,13.0,25.312,NYG,,CHI,W 30-27,0,0,0,,0.0,,,0.0,,,0.0,0.0,0,0,0,0.0,0,0,0,,2018
11,12.0,2018-12-09,13.0,14.0,25.319,NYG,@,WAS,W 40-16,0,0,0,,0.0,,,0.0,,,0.0,0.0,0,0,0,0.0,0,0,0,,2018
12,13.0,2018-12-16,14.0,15.0,25.326,NYG,,TEN,L 0-17,0,0,0,,0.0,,,0.0,,,0.0,0.0,0,0,0,0.0,0,0,0,,2018
13,,13 Games,,,,,,,5-8-0,0,0,0,,,,,,,,,,0,0,0,0.0,0,6,0,0.0%,2018
