,Rk,Date,G#,Week,Age,Tm,Unnamed: 6_level_1,Opp,Result,Int,Tgt,Cmp,Cmp%,Yds,Yds/Cmp,Yds/Tgt,TD,Rat,DADOT,Air,YAC,Bltz,Hrry,QBKD,Sk,Prss,Comb,MTkl,MTkl%
0,1.0,2018-09-23,3.0,3.0,22.04,NYG,@,HOU,W 27-22,0,0,0,,0,,,0,,,0,0,0,0,0,0.0,0,0,0,
1,2.0,2018-09-30,4.0,4.0,22.047,NYG,,NOR,L 18-33,0,0,0,,0,,,0,,,0,0,0,0,0,0.0,0,0,0,
2,3.0,2018-10-07,5.0,5.0,22.054,NYG,@,CAR,L 31-33,0,0,0,,0,,,0,,,0,0,0,0,0,0.0,0,0,0,
3,4.0,2018-10-11,6.0,6.0,22.058,NYG,,PHI,L 13-34,0,0,0,,0,,,0,,,0,0,0,0,0,0.0,0,0,0,
4,5.0,2018-10-22,7.0,7.0,22.069,NYG,@,ATL,L 20-23,0,0,0,,0,,,0,,,0,0,1,0,0,0.0,0,2,0,0.0%
5,6.0,2018-10-28,8.0,8.0,22.075,NYG,,WAS,L 13-20,0,2,1,50.0%,25,25.0,12.5,0,95.8,11.5,18,7,1,0,0,0.0,0,6,1,14.3%
6,7.0,2018-11-12,9.0,10.0,22.09,NYG,@,SFO,W 27-23,0,0,0,,0,,,0,,,0,0,0,0,0,0.0,0,0,0,
7,8.0,2018-11-18,10.0,11.0,22.096,NYG,,TAM,W 38-35,0,4,4,100.0%,49,12.3,12.3,0,117.7,5.8,23,26,2,0,1,0.0,1,5,2,28.6%
8,9.0,2018-11-25,11.0,12.0,22.103,NYG,@,PHI,L 22-25,0,3,3,100.0%,36,12.0,12.0,0,116.7,0.7,2,34,0,0,0,1.0,1,3,1,25.0%
9,10.0,2018-12-02,12.0,13.0,22.11,NYG,,CHI,W 30-27,0,0,0,,0,,,0,,,0,0,0,0,0,0.0,0,2,0,0.0%
10,11.0,2018-12-09,13.0,14.0,22.117,NYG,@,WAS,W 40-16,0,0,0,,0,,,0,,,0,0,0,0,0,0.0,0,0,0,
11,12.0,2018-12-16,14.0,15.0,22.124,NYG,,TEN,L 0-17,0,2,2,100.0%,5,2.5,2.5,0,79.2,2.5,5,0,1,0,0,0.0,0,3,0,0.0%
12,13.0,2018-12-23,15.0,16.0,22.131,NYG,@,IND,L 27-28,0,7,5,71.4%,60,12.0,8.6,1,136.9,6.7,47,13,4,1,0,1.0,2,8,1,11.1%
13,14.0,2018-12-30,16.0,17.0,22.138,NYG,,DAL,L 35-36,0,5,2,40.0%,23,11.5,4.6,0,54.6,1.8,8,15,5,0,1,0.0,1,4,2,33.3%
14,,14 Games,,,,,,,5-9-0,0,23,17,73.9%,198,11.6,8.6,1,114.0,4.7,103,95,14,1,2,2.0,5,33,7,17.5%
