,Rk,Date,G#,Week,Age,Tm,Unnamed: 6_level_1,Opp,Result,Int,Tgt,Cmp,Cmp%,Yds,Yds/Cmp,Yds/Tgt,TD,Rat,DADOT,Air,YAC,Bltz,Hrry,QBKD,Sk,Prss,Comb,MTkl,MTkl%,Year
0,1.0,2021-09-12,1.0,1.0,30.056,WAS,,LAC,L 16-20,0,0,0,,0.0,,,0.0,,,0.0,0.0,0,0,0,,0,,0,,2021
1,2.0,2021-09-16,2.0,2.0,30.06,WAS,,NYG,W 30-29,0,0,0,,0.0,,,0.0,,,0.0,0.0,0,0,0,,0,,0,,2021
2,3.0,2021-09-26,3.0,3.0,30.07,WAS,@,BUF,L 21-43,0,0,0,,0.0,,,0.0,,,0.0,0.0,0,0,0,,0,,0,,2021
3,4.0,2021-10-03,4.0,4.0,30.077,WAS,@,ATL,W 34-30,0,0,0,,0.0,,,0.0,,,0.0,0.0,0,0,0,,0,,0,,2021
4,5.0,2021-10-10,5.0,5.0,30.084,WAS,,NOR,L 22-33,0,0,0,,0.0,,,0.0,,,0.0,0.0,0,0,0,,0,,0,,2021
5,6.0,2021-10-17,6.0,6.0,30.091,WAS,,KAN,L 13-31,0,0,0,,0.0,,,0.0,,,0.0,0.0,0,0,0,0.0,0,1.0,0,0.0%,2021
6,7.0,2021-10-24,7.0,7.0,30.098,WAS,@,GNB,L 10-24,0,0,0,,0.0,,,0.0,,,0.0,0.0,0,0,0,,0,,0,,2021
7,8.0,2021-11-14,9.0,10.0,30.119,WAS,,TAM,W 29-19,0,0,0,,0.0,,,0.0,,,0.0,0.0,0,0,0,,0,,0,,2021
8,9.0,2021-11-21,10.0,11.0,30.126,WAS,@,CAR,W 27-21,0,0,0,,0.0,,,0.0,,,0.0,0.0,0,0,0,,0,,0,,2021
9,10.0,2021-11-29,11.0,12.0,30.134,WAS,,SEA,W 17-15,0,0,0,,0.0,,,0.0,,,0.0,0.0,0,0,0,,0,,0,,2021
10,11.0,2021-12-05,12.0,13.0,30.14,WAS,@,LVR,W 17-15,0,0,0,,0.0,,,0.0,,,0.0,0.0,0,0,0,,0,,0,,2021
11,12.0,2021-12-12,13.0,14.0,30.147,WAS,,DAL,L 20-27,0,0,0,,0.0,,,0.0,,,0.0,0.0,0,0,0,,0,,0,,2021
12,13.0,2021-12-26,15.0,16.0,30.161,WAS,@,DAL,L 14-56,0,0,0,,0.0,,,0.0,,,0.0,0.0,0,0,0,,0,,0,,2021
13,14.0,2022-01-02,16.0,17.0,30.168,WAS,,PHI,L 16-20,0,0,0,,0.0,,,0.0,,,0.0,0.0,0,0,0,,0,,0,,2021
14,15.0,2022-01-09,17.0,18.0,30.175,WAS,@,NYG,W 22-7,0,0,0,,0.0,,,0.0,,,0.0,0.0,0,0,0,,0,,0,,2021
15,,15 Games,,,,,,,7-8-0,0,0,0,,,,,,,,,,0,0,0,0.0,0,1.0,0,0.0%,2021
