,Rk,Date,G#,Week,Age,Tm,Unnamed: 6_level_1,Opp,Result,Int,Tgt,Cmp,Cmp%,Yds,Yds/Cmp,Yds/Tgt,TD,Rat,DADOT,Air,YAC,Bltz,Hrry,QBKD,Sk,Prss,Comb,MTkl,MTkl%,Year
0,1.0,2021-10-17,6.0,6.0,25.334,WAS,,KAN,L 13-31,0,0,0,,0,,,0,,,0,0,1,0,0,0.0,0,1,0,0.0%,2021
1,2.0,2021-10-24,7.0,7.0,25.341,WAS,@,GNB,L 10-24,0,7,5,71.4%,42,8.4,6.0,2,126.2,5.6,33,9,0,0,0,0.0,0,4,0,0.0%,2021
2,3.0,2021-10-31,8.0,8.0,25.348,WAS,@,DEN,L 10-17,0,2,2,100.0%,21,10.5,10.5,0,110.4,10.5,21,0,1,0,0,0.0,0,1,0,0.0%,2021
3,4.0,2021-11-14,9.0,10.0,25.362,WAS,,TAM,W 29-19,0,2,1,50.0%,11,11.0,5.5,0,66.7,9.0,7,4,0,0,0,0.0,0,0,0,,2021
4,5.0,2021-11-21,10.0,11.0,26.004,WAS,@,CAR,W 27-21,0,2,1,50.0%,7,7.0,3.5,0,58.3,4.5,3,4,1,0,0,0.0,0,1,0,0.0%,2021
5,6.0,2021-11-29,11.0,12.0,26.012,WAS,,SEA,W 17-15,0,1,0,0.0%,0,,0.0,0,39.6,4.0,0,0,0,0,0,0.0,0,0,0,,2021
6,7.0,2021-12-05,12.0,13.0,26.018,WAS,@,LVR,W 17-15,0,1,1,100.0%,11,11.0,11.0,0,112.5,11.0,11,0,1,0,0,0.0,0,1,0,0.0%,2021
7,8.0,2021-12-12,13.0,14.0,26.025,WAS,,DAL,L 20-27,0,0,0,,0,,,0,,,0,0,0,0,0,0.0,0,1,1,50.0%,2021
8,9.0,2021-12-21,14.0,15.0,26.034,WAS,@,PHI,L 17-27,0,4,4,100.0%,42,10.5,10.5,0,110.4,3.8,15,27,0,0,0,0.0,0,4,0,0.0%,2021
9,10.0,2021-12-26,15.0,16.0,26.039,WAS,@,DAL,L 14-56,0,3,1,33.3%,11,11.0,3.7,0,45.1,11.3,3,8,1,0,0,0.0,0,2,0,0.0%,2021
10,11.0,2022-01-02,16.0,17.0,26.046,WAS,,PHI,L 16-20,0,7,5,71.4%,82,16.4,11.7,0,110.4,9.0,66,16,0,0,0,0.0,0,3,0,0.0%,2021
11,12.0,2022-01-09,17.0,18.0,26.053,WAS,@,NYG,W 22-7,0,3,2,66.7%,12,6.0,4.0,0,74.3,5.3,0,12,1,0,0,0.0,0,3,0,0.0%,2021
12,,12 Games,,,,,,,5-7-0,0,32,22,68.8%,239,10.9,7.5,2,111.3,7.2,159,80,6,0,0,0.0,0,21,1,4.5%,2021
