,Rk,Date,G#,Week,Age,Tm,Unnamed: 6_level_1,Opp,Result,Att,Yds,TD,1D,YBC,YBC/Att,YAC,YAC/Att,BrkTkl,Att/Br,Tgt,Rec,Yds,TD,1D,YBC,YBC/R,YAC,YAC/R,ADOT,BrkTkl,Rec/Br,Drop,Drop%,Int,Rat,Year
0,1.0,2021-09-12,1.0,1.0,21.263,WAS,,LAC,L 16-20,2.0,9.0,0.0,,7.0,3.5,2.0,1.0,0.0,,0.0,0.0,0.0,0.0,,0.0,,0.0,,,0.0,,0.0,0.0,,,2021
1,2.0,2021-09-16,2.0,2.0,21.267,WAS,,NYG,W 30-29,,,,,,,,,,,,,,,,,,,,,,,,0.0,,,2021
2,3.0,2021-09-26,3.0,3.0,21.277,WAS,@,BUF,L 21-43,,,,,,,,,,,,,,,,,,,,,,,,0.0,,,2021
3,4.0,2021-10-03,4.0,4.0,21.284,WAS,@,ATL,W 34-30,2.0,1.0,0.0,0.0,0.0,0.0,1.0,0.5,0.0,,1.0,1.0,11.0,0.0,1.0,2.0,2.0,9.0,9.0,2.0,0.0,,0.0,0.0,0.0,112.5,2021
4,5.0,2021-10-10,5.0,5.0,21.291,WAS,,NOR,L 22-33,4.0,13.0,0.0,2.0,6.0,1.5,7.0,1.8,1.0,4.0,0.0,0.0,0.0,0.0,0.0,0.0,,0.0,,,0.0,,0.0,0.0,,,2021
5,6.0,2021-10-17,6.0,6.0,21.298,WAS,,KAN,L 13-31,1.0,5.0,0.0,,4.0,4.0,1.0,1.0,0.0,,1.0,1.0,-2.0,0.0,,-4.0,-4.0,2.0,2.0,-4.0,0.0,,0.0,0.0,0.0,79.2,2021
6,7.0,2021-10-24,7.0,7.0,21.305,WAS,@,GNB,L 10-24,,,,,,,,,,,,,,,,,,,,,,,,0.0,,,2021
7,8.0,2021-10-31,8.0,8.0,21.312,WAS,@,DEN,L 10-17,11.0,46.0,0.0,3.0,25.0,2.3,21.0,1.9,0.0,,1.0,0.0,0.0,0.0,0.0,0.0,,0.0,,-1.0,0.0,,0.0,0.0,0.0,39.6,2021
8,9.0,2021-11-14,9.0,10.0,21.326,WAS,,TAM,W 29-19,4.0,7.0,0.0,,5.0,1.3,2.0,0.5,0.0,,0.0,0.0,0.0,0.0,,0.0,,0.0,,,0.0,,0.0,0.0,,,2021
9,10.0,2021-11-21,10.0,11.0,21.333,WAS,@,CAR,W 27-21,7.0,23.0,0.0,1.0,5.0,0.7,18.0,2.6,1.0,7.0,0.0,0.0,0.0,0.0,0.0,0.0,,0.0,,,0.0,,0.0,0.0,,,2021
10,11.0,2021-11-29,11.0,12.0,21.341,WAS,,SEA,W 17-15,1.0,0.0,0.0,,0.0,0.0,0.0,0.0,0.0,,0.0,0.0,0.0,0.0,,0.0,,0.0,,,0.0,,0.0,0.0,,,2021
11,12.0,2021-12-05,12.0,13.0,21.347,WAS,@,LVR,W 17-15,1.0,2.0,0.0,,2.0,2.0,0.0,0.0,0.0,,0.0,0.0,0.0,0.0,,0.0,,0.0,,,0.0,,0.0,0.0,,,2021
12,13.0,2021-12-12,13.0,14.0,21.354,WAS,,DAL,L 20-27,4.0,29.0,0.0,2.0,15.0,3.8,14.0,3.5,0.0,,1.0,1.0,9.0,0.0,1.0,-2.0,-2.0,11.0,11.0,-2.0,0.0,,0.0,0.0,0.0,104.2,2021
13,14.0,2021-12-21,14.0,15.0,21.363,WAS,@,PHI,L 17-27,4.0,20.0,1.0,2.0,8.0,2.0,12.0,3.0,0.0,,0.0,0.0,0.0,0.0,0.0,0.0,,0.0,,,0.0,,0.0,0.0,,,2021
14,15.0,2021-12-26,15.0,16.0,22.003,WAS,@,DAL,L 14-56,9.0,33.0,0.0,1.0,28.0,3.1,5.0,0.6,1.0,9.0,0.0,0.0,0.0,0.0,0.0,0.0,,0.0,,,0.0,,0.0,0.0,,,2021
15,16.0,2022-01-02,16.0,17.0,22.01,WAS,,PHI,L 16-20,12.0,57.0,1.0,4.0,26.0,2.2,31.0,2.6,0.0,,5.0,5.0,41.0,0.0,3.0,-3.0,-0.6,44.0,8.8,-0.6,0.0,,0.0,0.0,0.0,100.8,2021
16,17.0,2022-01-09,17.0,18.0,22.017,WAS,@,NYG,W 22-7,6.0,21.0,0.0,,12.0,2.0,9.0,1.5,0.0,,2.0,2.0,14.0,0.0,,5.0,2.5,9.0,4.5,2.5,0.0,,0.0,0.0,0.0,95.8,2021
17,,17 Games,,,,,,,7-10-0,68.0,266.0,2.0,15.0,143.0,2.1,123.0,1.8,3.0,22.7,11.0,10.0,73.0,0.0,5.0,-2.0,-0.2,75.0,7.5,-0.3,0.0,,0.0,0.0,0.0,94.3,2021
