,Rk,Date,G#,Week,Age,Tm,Unnamed: 6_level_1,Opp,Result,Cmp,Att,Yds,1D,1D%,IAY,IAY/PA,CAY,CAY/Cmp,CAY/PA,YAC,YAC/Cmp,Drops,Drop%,BadTh,Bad%,Sk,Bltz,Hrry,Hits,Prss,Prss%,Scrm,Yds/Scr
0,1.0,2021-09-12,1.0,1.0,28.181,WAS,,LAC,L 16-20,11,15,122,6,40.0,109,7.3,82,7.5,5.5,40,3.6,1,7.1%,2,14.3%,0,5,0,4,4,22.2%,3,5.7
1,2.0,2021-09-16,2.0,2.0,28.185,WAS,,NYG,W 30-29,34,46,336,13,27.7,344,7.5,184,5.4,4.0,152,4.5,1,2.3%,6,13.6%,1,7,7,1,9,18.4%,2,1.0
2,3.0,2021-09-26,3.0,3.0,28.195,WAS,@,BUF,L 21-43,14,24,212,8,32.0,165,6.9,64,4.6,2.7,148,10.6,3,12.5%,3,12.5%,1,5,6,2,9,30.0%,5,4.2
3,4.0,2021-10-03,4.0,4.0,28.202,WAS,@,ATL,W 34-30,23,33,290,16,47.1,295,8.9,146,6.3,4.4,144,6.3,1,3.0%,4,12.1%,1,9,0,3,4,10.5%,4,11.0
4,5.0,2021-10-10,5.0,5.0,28.209,WAS,,NOR,L 22-33,20,41,248,11,25.6,398,9.7,140,7.0,3.4,108,5.4,1,2.4%,9,22.0%,2,6,4,5,11,22.9%,5,8.0
5,6.0,2021-10-17,6.0,6.0,28.216,WAS,,KAN,L 13-31,24,39,182,8,20.5,275,7.1,49,2.0,1.3,133,5.5,2,5.1%,8,20.5%,0,13,2,7,9,23.1%,0,
6,7.0,2021-10-24,7.0,7.0,28.223,WAS,@,GNB,L 10-24,25,37,268,15,36.6,247,6.7,126,5.0,3.4,142,5.7,0,0.0%,6,16.7%,4,3,3,3,10,21.3%,6,12.5
7,8.0,2021-10-31,8.0,8.0,28.23,WAS,@,DEN,L 10-17,24,39,270,14,31.8,285,7.3,85,3.5,2.2,185,7.7,2,5.3%,8,21.1%,5,17,1,1,7,15.6%,1,10.0
8,9.0,2021-11-14,9.0,10.0,28.244,WAS,,TAM,W 29-19,26,32,256,13,35.1,236,7.4,167,6.4,5.2,89,3.4,2,6.3%,2,6.3%,5,18,6,3,14,35.0%,3,5.0
9,10.0,2021-11-21,10.0,11.0,28.251,WAS,@,CAR,W 27-21,16,22,206,10,40.0,241,11.0,153,9.6,7.0,53,3.3,0,0.0%,3,15.0%,3,10,4,3,10,38.5%,1,9.0
10,11.0,2021-11-29,11.0,12.0,28.259,WAS,,SEA,W 17-15,27,35,223,13,36.1,189,5.4,62,2.3,1.8,161,6.0,1,2.9%,3,8.8%,1,13,6,1,8,21.1%,2,2.5
11,12.0,2021-12-05,12.0,13.0,28.265,WAS,@,LVR,W 17-15,23,30,196,12,38.7,202,6.7,112,4.9,3.7,84,3.7,0,0.0%,5,16.7%,1,4,4,4,9,27.3%,2,5.5
12,13.0,2021-12-12,13.0,14.0,28.272,WAS,,DAL,L 20-27,11,25,122,5,17.2,275,11.0,65,5.9,2.6,57,5.2,2,8.0%,6,24.0%,4,12,2,3,9,30.0%,1,3.0
13,14.0,2021-12-26,15.0,16.0,28.286,WAS,@,DAL,L 14-56,7,22,121,5,19.2,181,8.2,50,7.1,2.3,71,10.1,2,9.5%,8,38.1%,4,14,4,4,12,46.2%,0,
14,15.0,2022-01-02,16.0,17.0,28.293,WAS,,PHI,L 16-20,27,36,247,14,35.9,176,4.9,109,4.0,3.0,138,5.1,0,0.0%,1,2.9%,3,6,4,1,8,19.5%,2,7.0
15,16.0,2022-01-09,17.0,18.0,28.3,WAS,@,NYG,W 22-7,9,18,120,4,19.0,144,8.0,61,6.8,3.4,59,6.6,0,0.0%,6,33.3%,3,4,2,2,7,31.8%,1,3.0
16,,16 Games,,,,,,,7-9-0,321,494,3419,167,31.4,3762,7.6,1655,5.2,3.4,1764,5.5,18,3.7%,80,16.6%,38,146,55,47,140,24.6%,38,7.1
