,Rk,Date,G#,Week,Age,Tm,Unnamed: 6_level_1,Opp,Result,Int,Tgt,Cmp,Cmp%,Yds,Yds/Cmp,Yds/Tgt,TD,Rat,DADOT,Air,YAC,Bltz,Hrry,QBKD,Sk,Prss,Comb,MTkl,MTkl%,Year
0,1.0,2018-09-16,2.0,2.0,24.044,JAX,,NWE,W 31-20,0,0,0,,0,,,0,,,0,0,0,0,0,1.0,1,1,0,0.0%,2018
1,2.0,2018-09-23,3.0,3.0,24.051,JAX,,TEN,L 6-9,0,0,0,,0,,,0,,,0,0,0,1,0,0.0,1,1,0,0.0%,2018
2,3.0,2018-09-30,4.0,4.0,24.058,JAX,,NYJ,W 31-12,0,0,0,,0,,,0,,,0,0,0,0,0,0.0,0,0,0,,2018
3,4.0,2018-10-07,5.0,5.0,24.065,JAX,@,KAN,L 14-30,0,0,0,,0,,,0,,,0,0,0,2,0,0.0,2,1,1,50.0%,2018
4,5.0,2018-10-14,6.0,6.0,24.072,JAX,@,DAL,L 7-40,0,0,0,,0,,,0,,,0,0,0,1,0,0.0,1,1,1,50.0%,2018
5,6.0,2018-10-21,7.0,7.0,24.079,JAX,,HOU,L 7-20,0,0,0,,0,,,0,,,0,0,0,0,0,1.0,1,2,0,0.0%,2018
6,7.0,2018-10-28,8.0,8.0,24.086,JAX,,PHI,L 18-24,0,0,0,,0,,,0,,,0,0,0,2,0,0.0,2,3,0,0.0%,2018
7,8.0,2018-11-04,9.0,9.0,24.093,LAR,@,NOR,L 35-45,0,0,0,,0,,,0,,,0,0,8,1,0,0.0,1,1,0,0.0%,2018
8,9.0,2018-11-11,10.0,10.0,24.1,LAR,,SEA,W 36-31,0,0,0,,0,,,0,,,0,0,2,1,1,1.0,3,4,2,33.3%,2018
9,10.0,2018-11-19,11.0,11.0,24.108,LAR,,KAN,W 54-51,0,0,0,,0,,,0,,,0,0,0,4,0,0.0,4,3,0,0.0%,2018
10,11.0,2018-12-02,12.0,13.0,24.121,LAR,@,DET,W 30-16,0,1,0,0.0%,-3,,-3.0,0,39.6,-3.0,-3,0,0,1,0,1.0,2,5,0,0.0%,2018
11,12.0,2018-12-09,13.0,14.0,24.128,LAR,@,CHI,L 6-15,0,0,0,,0,,,0,,,0,0,1,3,0,0.0,3,2,1,33.3%,2018
12,13.0,2018-12-16,14.0,15.0,24.135,LAR,,PHI,L 23-30,0,1,0,0.0%,0,,0.0,0,39.6,-7.0,0,0,0,0,0,0.0,0,2,0,0.0%,2018
13,14.0,2018-12-23,15.0,16.0,24.142,LAR,@,ARI,W 31-9,0,0,0,,0,,,0,,,0,0,2,0,2,0.0,2,0,0,,2018
14,15.0,2018-12-30,16.0,17.0,24.149,LAR,,SFO,W 48-32,0,2,2,100.0%,16,8.0,8.0,0,100.0,4.0,8,8,3,0,1,0.0,1,4,0,0.0%,2018
15,,15 Games,,,,,,,7-8-0,0,4,2,50.0%,13,6.5,3.3,0,57.3,-0.5,5,8,16,16,4,4.0,24,30,5,14.3%,2018
