,Rk,Date,G#,Week,Age,Tm,Unnamed: 6_level_1,Opp,Result,Int,Tgt,Cmp,Cmp%,Yds,Yds/Cmp,Yds/Tgt,TD,Rat,DADOT,Air,YAC,Bltz,Hrry,QBKD,Sk,Prss,Comb,MTkl,MTkl%
0,1.0,2018-09-10,1.0,1.0,30.276,LAR,@,OAK,W 33-13,0,0,0,,0,,,0,,,0,0,0,0,0,0.0,0,0,0,
1,2.0,2018-09-16,2.0,2.0,30.282,LAR,,ARI,W 34-0,1,2,1,50.0%,2,2.0,1.0,0,16.7,10.0,2,0,0,0,0,0.0,0,1,0,0.0%
2,3.0,2018-09-23,3.0,3.0,30.289,LAR,,LAC,W 35-23,0,3,2,66.7%,38,19.0,12.7,0,109.7,17.0,29,9,0,0,0,0.0,0,4,1,20.0%
3,4.0,2018-09-27,4.0,4.0,30.293,LAR,,MIN,W 38-31,0,17,11,64.7%,177,16.1,10.4,2,138.6,9.2,106,71,0,0,0,0.0,0,4,4,50.0%
4,5.0,2018-10-07,5.0,5.0,30.303,LAR,@,SEA,W 33-31,0,1,0,0.0%,0,,0.0,0,39.6,1.0,0,0,0,0,0,0.0,0,0,0,
5,6.0,2018-10-14,6.0,6.0,30.31,LAR,@,DEN,W 23-20,0,1,1,100.0%,13,13.0,13.0,0,118.7,4.0,4,9,0,0,0,0.0,0,1,0,0.0%
6,7.0,2018-10-21,7.0,7.0,30.317,LAR,@,SFO,W 39-10,0,0,0,,0,,,0,,,0,0,0,0,0,0.0,0,2,0,0.0%
7,8.0,2018-10-28,8.0,8.0,30.324,LAR,,GNB,W 29-27,0,0,0,,0,,,0,,,0,0,0,0,0,0.0,0,1,0,0.0%
8,9.0,2018-11-04,9.0,9.0,30.331,LAR,@,NOR,L 35-45,0,0,0,,0,,,0,,,0,0,0,0,0,0.0,0,0,0,
9,10.0,2018-11-11,10.0,10.0,30.338,LAR,,SEA,W 36-31,0,1,0,0.0%,0,,0.0,0,39.6,14.0,0,0,0,0,0,0.0,0,0,0,
10,11.0,2018-11-19,11.0,11.0,30.346,LAR,,KAN,W 54-51,0,11,10,90.9%,208,20.8,18.9,2,158.3,13.2,146,62,0,0,0,0.0,0,6,1,14.3%
11,12.0,2018-12-02,12.0,13.0,30.359,LAR,@,DET,W 30-16,0,2,0,0.0%,6,,3.0,0,39.6,9.5,5,1,0,0,0,0.0,0,1,0,0.0%
12,13.0,2018-12-09,13.0,14.0,31.001,LAR,@,CHI,L 6-15,0,0,0,,0,,,0,,,0,0,0,0,0,0.0,0,0,0,
13,14.0,2018-12-16,14.0,15.0,31.008,LAR,,PHI,L 23-30,0,0,0,,0,,,0,,,0,0,0,0,0,0.0,0,0,0,
14,15.0,2018-12-23,15.0,16.0,31.015,LAR,@,ARI,W 31-9,0,0,0,,0,,,0,,,0,0,0,0,0,0.0,0,2,0,0.0%
15,16.0,2018-12-30,16.0,17.0,31.022,LAR,,SFO,W 48-32,0,0,0,,0,,,0,,,0,0,0,0,0,0.0,0,0,0,
16,,16 Games,,,,,,,13-3-0,1,38,25,65.8%,444,17.8,11.7,4,129.7,10.8,292,152,0,0,0,0.0,0,22,6,21.4%
