,Rk,Date,G#,Week,Age,Tm,Unnamed: 6_level_1,Opp,Result,Tgt,Rec,Yds,TD,1D,YBC,YBC/R,YAC,YAC/R,ADOT,BrkTkl,Rec/Br,Drop,Drop%,Int,Rat,Year
0,1.0,2018-09-10,1.0,1.0,25.252,LAR,@,OAK,W 33-13,0,0,0,0,,,,,,,,,,0.0,,,2018
1,2.0,2018-09-16,2.0,2.0,25.258,LAR,,ARI,W 34-0,2,1,3,1,1.0,3.0,3.0,0.0,0.0,9.5,0.0,,0.0,0.0,0.0,95.8,2018
2,3.0,2018-09-23,3.0,3.0,25.265,LAR,,LAC,W 35-23,2,2,35,0,2.0,19.0,9.5,16.0,8.0,9.5,0.0,,0.0,0.0,0.0,118.7,2018
3,4.0,2018-09-27,4.0,4.0,25.269,LAR,,MIN,W 38-31,1,0,0,0,,0.0,,0.0,,13.0,0.0,,0.0,0.0,0.0,39.6,2018
4,5.0,2018-10-07,5.0,5.0,25.279,LAR,@,SEA,W 33-31,4,2,26,0,1.0,12.0,6.0,14.0,7.0,4.3,0.0,,1.0,25.0,0.0,70.8,2018
5,6.0,2018-10-14,6.0,6.0,25.286,LAR,@,DEN,W 23-20,0,0,0,0,,,,,,,,,,0.0,,,2018
6,7.0,2018-10-21,7.0,7.0,25.293,LAR,@,SFO,W 39-10,1,0,0,0,,0.0,,0.0,,18.0,0.0,,0.0,0.0,0.0,39.6,2018
7,8.0,2018-10-28,8.0,8.0,25.3,LAR,,GNB,W 29-27,1,1,6,0,1.0,3.0,3.0,3.0,3.0,3.0,0.0,,0.0,0.0,0.0,91.7,2018
8,9.0,2018-11-04,9.0,9.0,25.307,LAR,@,NOR,L 35-45,4,2,40,0,1.0,21.0,10.5,19.0,9.5,10.8,1.0,2.0,0.0,0.0,0.0,85.4,2018
9,10.0,2018-11-11,10.0,10.0,25.314,LAR,,SEA,W 36-31,3,3,25,1,2.0,21.0,7.0,4.0,1.3,7.0,0.0,,0.0,0.0,0.0,141.0,2018
10,11.0,2018-11-19,11.0,11.0,25.322,LAR,,KAN,W 54-51,7,6,63,0,4.0,25.0,4.2,38.0,6.3,3.6,1.0,6.0,0.0,0.0,0.0,104.2,2018
11,12.0,2018-12-02,12.0,13.0,25.335,LAR,@,DET,W 30-16,4,2,19,0,1.0,15.0,7.5,4.0,2.0,3.8,0.0,,0.0,0.0,0.0,63.5,2018
12,13.0,2018-12-09,13.0,14.0,25.342,LAR,@,CHI,L 6-15,1,1,9,0,,3.0,3.0,6.0,6.0,3.0,0.0,,0.0,0.0,0.0,104.2,2018
13,14.0,2018-12-16,14.0,15.0,25.349,LAR,,PHI,L 23-30,2,2,14,0,1.0,5.0,2.5,9.0,4.5,2.5,0.0,,0.0,0.0,0.0,95.8,2018
14,15.0,2018-12-23,15.0,16.0,25.356,LAR,@,ARI,W 31-9,1,1,16,0,1.0,4.0,4.0,12.0,12.0,4.0,1.0,1.0,0.0,0.0,0.0,118.7,2018
15,16.0,2018-12-30,16.0,17.0,25.363,LAR,,SFO,W 48-32,1,1,36,0,1.0,24.0,24.0,12.0,12.0,24.0,0.0,,0.0,0.0,0.0,118.7,2018
16,,16 Games,,,,,,,13-3-0,34,24,292,2,16.0,155.0,6.5,137.0,5.7,6.7,3.0,8.0,1.0,2.9,0.0,116.3,2018
