,Rank,Player,Tackle,Assist,Sack,Pass Defended,Interception,Forced Fumble,Fumble Recovery,Defend Touchdown,Games Played,Fantasy Football Points,FTPS/Game,ROST,Position,Year
0,1,Jalen Pitre,11,2,0.0,1,1,0,0,0,1,24.5,24.5,46.2%,DB,2022
1,2,Grant Delpit,4,3,0.0,2,2,0,0,0,1,23.8,23.8,21.3%,DB,2022
2,3,Marshon Lattimore,6,0,0.0,2,1,0,0,1,1,23.0,23.0,6.2%,DB,2022
3,4,Desmond King,6,2,0.0,1,1,0,0,0,1,22.0,22.0,12.6%,DB,2022
4,5,Adrian Amos,7,1,0.0,2,1,0,0,0,1,21.8,21.8,0.2%,DB,2022
5,6,Kevin Byard,4,2,0.0,2,2,0,0,0,1,20.5,20.5,29.1%,DB,2022
6,7,Kyle Dugger,3,2,0.0,2,1,0,0,1,1,20.0,20.0,23.6%,DB,2022
7,8,Isaiah Oliver,5,4,1.0,2,0,0,0,0,1,20.0,20.0,0.4%,DB,2022
8,9,Nahshon Wright,6,3,0.0,2,1,0,0,0,1,19.3,19.3,0.7%,DB,2022
9,10,Trent McDuffie,4,3,1.0,0,0,1,0,0,1,16.3,16.3,31.6%,DB,2022
10,11,Minkah Fitzpatrick,4,5,0.0,1,1,0,0,0,1,16.3,16.3,36.8%,DB,2022
11,12,Landon Collins,1,3,0.0,1,1,0,0,1,1,16.3,16.3,0.0%,DB,2022
12,13,Sean Murphy-Bunting,2,1,0.0,2,1,1,0,0,1,15.8,15.8,10.3%,DB,2022
13,14,Chuck Clark,6,4,0.0,2,0,0,0,0,1,15.0,15.0,6.4%,DB,2022
14,15,Jeremy Chinn,8,4,0.0,0,0,0,0,0,1,15.0,15.0,7.0%,DB,2022
15,16,Antoine Winfield,5,1,1.0,0,0,0,0,0,1,14.8,14.8,70.3%,DB,2022
16,17,Darnell Savage,1,1,0.0,1,1,0,0,1,1,14.8,14.8,5.1%,DB,2022
17,18,Brandon Stephens,7,1,0.0,2,0,0,0,0,1,14.3,14.3,4.5%,DB,2022
18,19,Tyson Campbell,2,1,0.0,0,0,0,1,1,1,13.8,13.8,17.0%,DB,2022
19,20,Jalen Thompson,8,2,0.0,0,0,0,0,0,1,13.5,13.5,17.1%,DB,2022
20,21,Jonathan Jones,3,1,0.0,2,1,0,0,0,1,13.3,13.3,1.9%,DB,2022
21,22,Tre Avery,6,1,0.0,2,0,0,0,0,1,12.8,12.8,0.2%,DB,2022
22,23,Taylor Rapp,8,1,0.0,0,0,0,0,0,1,12.8,12.8,7.7%,DB,2022
23,24,Duron Harmon,8,1,0.0,0,0,0,0,0,1,12.8,12.8,0.0%,DB,2022
24,25,John Johnson,6,1,0.0,0,0,0,0,0,1,12.3,12.3,0.0%,DB,2022
25,26,Marcus Williams,5,4,0.0,1,0,0,0,0,1,12.0,12.0,7.1%,DB,2022
26,27,Nate Hobbs,6,2,0.0,1,0,0,0,0,1,12.0,12.0,32.8%,DB,2022
27,28,Michael Jackson,3,1,0.0,1,1,0,0,0,1,11.8,11.8,1.2%,DB,2022
28,29,Ezekiel Turner,4,1,0.0,0,0,0,0,0,1,11.8,11.8,0.2%,DB,2022
29,30,Josiah Scott,3,1,0.0,1,1,0,0,0,1,11.8,11.8,0.9%,DB,2022
30,31,Xavier Woods,3,4,0.0,0,0,0,1,0,1,11.5,11.5,11.3%,DB,2022
31,32,Marcus Epps,7,1,0.0,0,0,0,0,0,1,11.3,11.3,4.0%,DB,2022
32,33,Sauce Gardner,3,1,0.0,4,0,0,0,0,1,11.3,11.3,18.1%,DB,2022
33,34,Jevon Holland,7,1,0.0,0,0,0,0,0,1,11.3,11.3,21.6%,DB,2022
34,35,Tashaun Gipson,2,2,0.0,1,1,0,0,0,1,11.0,11.0,0.4%,DB,2022
35,36,Paulson Adebo,6,0,0.0,1,0,0,0,0,1,10.5,10.5,27.3%,DB,2022
36,37,Jaquan Brisker,6,2,0.0,0,0,0,0,0,1,10.5,10.5,46.7%,DB,2022
37,38,Myles Bryant,5,2,0.0,1,0,0,0,0,1,10.5,10.5,2.8%,DB,2022
38,39,L'Jarius Sneed,2,1,0.0,1,1,0,0,0,1,10.3,10.3,47.7%,DB,2022
39,40,Rodney McLeod,2,1,0.0,0,0,0,1,0,1,10.3,10.3,0.4%,DB,2022
40,41,Camryn Bynum,4,5,0.0,0,0,0,0,0,1,9.8,9.8,55.0%,DB,2022
41,42,Jimmie Ward,6,1,0.0,0,0,0,0,0,1,9.8,9.8,9.7%,DB,2022
42,43,Xavier McKinney,4,3,0.0,1,0,0,0,0,1,9.8,9.8,35.6%,DB,2022
43,44,Jace Whittaker,5,1,0.0,1,0,0,0,0,1,9.8,9.8,0.0%,DB,2022
44,45,Deommodore Lenoir,4,3,0.0,1,0,0,0,0,1,9.8,9.8,13.6%,DB,2022
45,46,Kyler Gordon,6,1,0.0,0,0,0,0,0,1,9.8,9.8,11.9%,DB,2022
46,47,Richie Grant,4,5,0.0,0,0,0,0,0,1,9.8,9.8,13.5%,DB,2022
47,48,Talanoa Hufanga,4,5,0.0,0,0,0,0,0,1,9.8,9.8,14.1%,DB,2022
48,49,Reed Blankenship,5,3,0.0,0,0,0,0,0,1,9.8,9.8,40.7%,DB,2022
49,50,Riq Woolen,4,3,0.0,1,0,0,0,0,1,9.8,9.8,3.8%,DB,2022
50,51,Kareem Jackson,6,1,0.0,0,0,0,0,0,1,9.8,9.8,0.7%,DB,2022
51,52,Jaylen Watson,6,1,0.0,0,0,0,0,0,1,9.8,9.8,2.5%,DB,2022
52,53,Rudy Ford,1,2,0.0,1,1,0,0,0,1,9.5,9.5,4.0%,DB,2022
53,54,Amik Robertson,2,0,0.0,1,1,0,0,0,1,9.5,9.5,0.5%,DB,2022
54,55,Ifeatu Melifonwu,2,2,0.5,2,0,0,0,0,1,9.5,9.5,5.9%,DB,2022
55,56,Juan Thornhill,3,3,0.0,0,0,0,0,0,1,9.3,9.3,4.0%,DB,2022
56,57,Rayshawn Jenkins,4,1,0.0,0,0,0,0,0,1,9.3,9.3,25.3%,DB,2022
57,58,Martin Emerson,4,0,0.0,2,0,0,0,0,1,9.0,9.0,2.5%,DB,2022
58,59,Jabrill Peppers,5,2,0.0,0,0,0,0,0,1,9.0,9.0,10.4%,DB,2022
59,60,Daniel Sorensen,4,2,0.0,1,0,0,0,0,1,9.0,9.0,0.0%,DB,2022
60,61,Terrell Edmunds,4,2,0.0,1,0,0,0,0,1,9.0,9.0,1.1%,DB,2022
61,62,Jayron Kearse,5,2,0.0,0,0,0,0,0,1,9.0,9.0,1.3%,DB,2022
62,63,Donovan Wilson,1,1,1.0,0,0,0,0,0,1,8.8,8.8,20.6%,DB,2022
63,64,DaRon Bland,4,3,0.0,0,0,0,0,0,1,8.3,8.3,42.1%,DB,2022
64,65,Cornell Armstrong,4,1,0.0,1,0,0,0,0,1,8.3,8.3,0.0%,DB,2022
65,66,Mike Edwards,5,1,0.0,0,0,0,0,0,1,8.3,8.3,4.2%,DB,2022
66,67,Kyle Hamilton,5,1,0.0,0,0,0,0,0,1,8.3,8.3,47.8%,DB,2022
67,68,Denzel Ward,1,0,0.0,1,1,0,0,0,1,8.0,8.0,5.2%,DB,2022
68,69,Quandre Diggs,1,0,0.0,1,1,0,0,0,1,8.0,8.0,3.1%,DB,2022
69,70,Justin Simmons,1,0,0.0,1,1,0,0,0,1,8.0,8.0,11.6%,DB,2022
70,71,Rasul Douglas,3,0,0.0,2,0,0,0,0,1,7.5,7.5,8.5%,DB,2022
71,72,Johnathan Abram,3,2,0.0,1,0,0,0,0,1,7.5,7.5,2.0%,DB,2022
72,73,Jonathan Owens,5,0,0.0,0,0,0,0,0,1,7.5,7.5,5.5%,DB,2022
73,74,Patrick Peterson,4,2,0.0,0,0,0,0,0,1,7.5,7.5,0.9%,DB,2022
74,75,Lamar Jackson,3,0,0.0,2,0,0,0,0,1,7.5,7.5,0.4%,DB,2022
75,76,Asante Samuel,4,2,0.0,0,0,0,0,0,1,7.5,7.5,4.5%,DB,2022
76,77,Gregory Junior,4,2,0.0,0,0,0,0,0,1,7.5,7.5,0.2%,DB,2022
77,78,C.J. Henderson,4,0,0.0,1,0,0,0,0,1,7.5,7.5,0.8%,DB,2022
78,79,DeAndre Houston-Carson,4,2,0.0,0,0,0,0,0,1,7.5,7.5,0.0%,DB,2022
79,80,Darius Slay,5,0,0.0,0,0,0,0,0,1,7.5,7.5,10.0%,DB,2022
80,81,Roderic Teamer,2,2,0.0,0,0,0,0,0,1,7.0,7.0,0.0%,DB,2022
81,82,Darnay Holmes,3,0,0.0,0,0,0,0,0,1,7.0,7.0,0.2%,DB,2022
82,83,A.J. Terrell,4,1,0.0,0,0,0,0,0,1,6.8,6.8,4.0%,DB,2022
83,84,Joshua Kalu,2,5,0.0,0,0,0,0,0,1,6.8,6.8,0.0%,DB,2022
84,85,Tony Adams,4,1,0.0,0,0,0,0,0,1,6.8,6.8,4.4%,DB,2022
85,86,Nasir Adderley,2,2,0.0,1,0,0,0,0,1,6.0,6.0,0.7%,DB,2022
86,87,Coby Bryant,4,0,0.0,0,0,0,0,0,1,6.0,6.0,0.4%,DB,2022
87,88,Kerby Joseph,3,0,0.0,1,0,0,0,0,1,6.0,6.0,10.6%,DB,2022
88,89,Jeremy Reaves,3,2,0.0,0,0,0,0,0,1,6.0,6.0,0.2%,DB,2022
89,90,Charvarius Ward,2,4,0.0,0,0,0,0,0,1,6.0,6.0,30.2%,DB,2022
90,91,Justin Reid,1,2,0.0,2,0,0,0,0,1,6.0,6.0,33.4%,DB,2022
91,92,Roger McCreary,3,0,0.0,1,0,0,0,0,1,6.0,6.0,21.1%,DB,2022
92,93,Mike Hilton,4,0,0.0,0,0,0,0,0,1,6.0,6.0,11.0%,DB,2022
93,94,Nick Scott,3,2,0.0,0,0,0,0,0,1,6.0,6.0,1.7%,DB,2022
94,95,Dee Alford,3,0,0.0,1,0,0,0,0,1,6.0,6.0,1.6%,DB,2022
95,96,Kader Kohou,2,0,0.0,0,0,0,0,0,1,5.5,5.5,2.5%,DB,2022
96,97,Damarri Mathis,3,1,0.0,0,0,0,0,0,1,5.3,5.3,1.1%,DB,2022
97,98,Michael Davis,2,1,0.0,1,0,0,0,0,1,5.3,5.3,0.9%,DB,2022
98,99,Jalen Ramsey,2,1,0.0,1,0,0,0,0,1,5.3,5.3,17.9%,DB,2022
99,100,Fabian Moreau,3,1,0.0,0,0,0,0,0,1,5.3,5.3,0.0%,DB,2022
100,101,Julian Love,3,1,0.0,0,0,0,0,0,1,5.3,5.3,33.4%,DB,2022
101,102,Darrick Forrest,2,3,0.0,0,0,0,0,0,1,5.3,5.3,10.6%,DB,2022
102,103,Duke Shelley,2,1,0.0,1,0,0,0,0,1,5.3,5.3,0.0%,DB,2022
103,104,Steven Nelson,3,1,0.0,0,0,0,0,0,1,5.3,5.3,0.2%,DB,2022
104,105,Harrison Smith,2,3,0.0,0,0,0,0,0,1,5.3,5.3,18.9%,DB,2022
105,106,Jaylon Jones,3,0,0.0,0,0,0,0,0,1,4.5,4.5,0.0%,DB,2022
106,107,Julian Blackmon,3,0,0.0,0,0,0,0,0,1,4.5,4.5,14.3%,DB,2022
107,108,Josh Blackwell,2,2,0.0,0,0,0,0,0,1,4.5,4.5,0.0%,DB,2022
108,109,Tanner Muse,2,0,0.0,1,0,0,0,0,1,4.5,4.5,0.0%,DB,2022
109,110,A.J. Green,3,0,0.0,0,0,0,0,0,1,4.5,4.5,0.0%,DB,2022
110,111,Jaylinn Hawkins,0,6,0.0,0,0,0,0,0,1,4.5,4.5,11.0%,DB,2022
111,112,Troy Hill,3,0,0.0,0,0,0,0,0,1,4.5,4.5,2.7%,DB,2022
112,113,Dallis Flowers,3,0,0.0,0,0,0,0,0,1,4.5,4.5,4.1%,DB,2022
113,114,Lonnie Johnson,3,0,0.0,0,0,0,0,0,1,4.5,4.5,0.2%,DB,2022
114,115,Stephon Gilmore,3,0,0.0,0,0,0,0,0,1,4.5,4.5,1.5%,DB,2022
115,116,Darious Williams,2,2,0.0,0,0,0,0,0,1,4.5,4.5,10.5%,DB,2022
116,117,Cameron Dantzler,2,0,0.0,1,0,0,0,0,1,4.5,4.5,0.0%,DB,2022
117,118,Will Harris,1,1,0.0,1,0,0,0,0,1,3.8,3.8,0.0%,DB,2022
118,119,Alohi Gilman,2,1,0.0,0,0,0,0,0,1,3.8,3.8,10.7%,DB,2022
119,120,Bryan Cook,1,1,0.0,1,0,0,0,0,1,3.8,3.8,3.5%,DB,2022
120,121,Malik Hooker,2,1,0.0,0,0,0,0,0,1,3.8,3.8,3.8%,DB,2022
121,122,James Bradberry,2,1,0.0,0,0,0,0,0,1,3.8,3.8,2.0%,DB,2022
122,123,Jordan Whitehead,2,1,0.0,0,0,0,0,0,1,3.8,3.8,16.9%,DB,2022
123,124,Tyler Hall,0,1,0.0,2,0,0,0,0,1,3.8,3.8,0.0%,DB,2022
124,125,Tre Herndon,2,1,0.0,0,0,0,0,0,1,3.8,3.8,0.2%,DB,2022
125,126,Kendall Fuller,2,1,0.0,0,0,0,0,0,1,3.8,3.8,7.0%,DB,2022
126,127,Harrison Hand,0,3,0.0,1,0,0,0,0,1,3.8,3.8,0.0%,DB,2022
127,128,Levi Wallace,2,1,0.0,0,0,0,0,0,1,3.8,3.8,2.0%,DB,2022
128,129,Greg Newsome,2,1,0.0,0,0,0,0,0,1,3.8,3.8,5.3%,DB,2022
129,130,Michael Carter,2,1,0.0,0,0,0,0,0,1,3.8,3.8,0.0%,DB,2022
130,131,D'Anthony Bell,2,1,0.0,0,0,0,0,0,1,3.8,3.8,0.0%,DB,2022
131,132,Danny Johnson,0,1,0.0,2,0,0,0,0,1,3.8,3.8,0.0%,DB,2022
132,133,Ja'Sir Taylor,0,3,0.0,1,0,0,0,0,1,3.8,3.8,0.9%,DB,2022
133,134,Arthur Maulet,2,1,0.0,0,0,0,0,0,1,3.8,3.8,0.9%,DB,2022
134,135,Nick McCloud,1,1,0.0,1,0,0,0,0,1,3.8,3.8,1.1%,DB,2022
135,136,Greg Mabin,2,0,0.0,0,0,0,0,0,1,3.0,3.0,0.0%,DB,2022
136,137,Tony Jefferson,1,2,0.0,0,0,0,0,0,1,3.0,3.0,0.0%,DB,2022
137,138,Chandon Sullivan,2,0,0.0,0,0,0,0,0,1,3.0,3.0,0.0%,DB,2022
138,139,Lamarcus Joyner,2,0,0.0,0,0,0,0,0,1,3.0,3.0,0.0%,DB,2022
139,140,Christian Matthew,0,2,0.0,1,0,0,0,0,1,3.0,3.0,0.2%,DB,2022
140,141,Devin McCourty,2,0,0.0,0,0,0,0,0,1,3.0,3.0,4.4%,DB,2022
141,142,Keith Taylor,1,2,0.0,0,0,0,0,0,1,3.0,3.0,0.0%,DB,2022
142,143,Teez Tabor,2,0,0.0,0,0,0,0,0,1,3.0,3.0,0.0%,DB,2022
143,144,Tyrann Mathieu,2,0,0.0,0,0,0,0,0,1,3.0,3.0,10.0%,DB,2022
144,145,Jerry Jacobs,1,2,0.0,0,0,0,0,0,1,3.0,3.0,12.6%,DB,2022
145,146,Trevon Diggs,1,0,0.0,1,0,0,0,0,1,3.0,3.0,13.9%,DB,2022
146,147,Tae Hayes,2,0,0.0,0,0,0,0,0,1,3.0,3.0,0.0%,DB,2022
147,148,Andrew Wingard,2,0,0.0,0,0,0,0,0,1,3.0,3.0,1.6%,DB,2022
148,149,Tre'von Moehrig,1,2,0.0,0,0,0,0,0,1,3.0,3.0,5.5%,DB,2022
149,150,Myles Hartsfield,1,1,0.0,0,0,0,0,0,1,2.3,2.3,0.0%,DB,2022
150,151,Zyon Gilbert,1,1,0.0,0,0,0,0,0,1,2.3,2.3,0.0%,DB,2022
151,152,Vonn Bell,1,1,0.0,0,0,0,0,0,1,2.3,2.3,5.5%,DB,2022
152,153,Eric Rowe,1,1,0.0,0,0,0,0,0,1,2.3,2.3,0.2%,DB,2022
153,154,Andrew Adams,1,1,0.0,0,0,0,0,0,1,2.3,2.3,4.0%,DB,2022
154,155,Jamel Dean,1,1,0.0,0,0,0,0,0,1,2.3,2.3,13.1%,DB,2022
155,156,JT Woods,1,1,0.0,0,0,0,0,0,1,2.3,2.3,0.5%,DB,2022
156,157,Adrian Phillips,1,1,0.0,0,0,0,0,0,1,2.3,2.3,0.7%,DB,2022
157,158,Darren Hall,1,1,0.0,0,0,0,0,0,1,2.3,2.3,0.0%,DB,2022
158,159,Cameron Sutton,1,1,0.0,0,0,0,0,0,1,2.3,2.3,0.2%,DB,2022
159,160,Jordan Poyer,1,1,0.0,0,0,0,0,0,1,2.3,2.3,26.4%,DB,2022
160,161,Pat Surtain,1,1,0.0,0,0,0,0,0,1,2.3,2.3,11.5%,DB,2022
161,162,Innis Gaines,1,0,0.0,0,0,0,0,0,1,1.5,1.5,0.0%,DB,2022
162,163,Damar Hamlin,1,0,0.0,0,0,0,0,0,1,1.5,1.5,0.4%,DB,2022
163,164,Cam Taylor-Britt,1,0,0.0,0,0,0,0,0,1,1.5,1.5,15.9%,DB,2022
164,165,Eli Apple,1,0,0.0,0,0,0,0,0,1,1.5,1.5,0.0%,DB,2022
165,166,Damontae Kazee,0,2,0.0,0,0,0,0,0,1,1.5,1.5,1.6%,DB,2022
166,167,Isaiah Pola-Mao,1,0,0.0,0,0,0,0,0,1,1.5,1.5,0.2%,DB,2022
167,168,Amani Oruwariye,0,0,0.0,1,0,0,0,0,1,1.5,1.5,0.2%,DB,2022
168,169,Jessie Bates,1,0,0.0,0,0,0,0,0,1,1.5,1.5,69.2%,DB,2022
169,170,Keion Crossen,1,0,0.0,0,0,0,0,0,1,1.5,1.5,0.2%,DB,2022
170,171,Logan Ryan,1,0,0.0,0,0,0,0,0,1,1.5,1.5,1.3%,DB,2022
171,172,Taron Johnson,1,0,0.0,0,0,0,0,0,1,1.5,1.5,30.9%,DB,2022
172,173,Russ Yeast,1,0,0.0,0,0,0,0,0,1,1.5,1.5,3.5%,DB,2022
173,174,Brandon Facyson,1,0,0.0,0,0,0,0,0,1,1.5,1.5,0.5%,DB,2022
174,175,Jason Pinnock,1,0,0.0,0,0,0,0,0,1,1.5,1.5,15.4%,DB,2022
175,176,Keanu Neal,1,0,0.0,0,0,0,0,0,1,1.5,1.5,0.7%,DB,2022
176,177,Jaire Alexander,0,0,0.0,1,0,0,0,0,1,1.5,1.5,8.6%,DB,2022
177,178,Bobby McCain,0,2,0.0,0,0,0,0,0,1,1.5,1.5,0.0%,DB,2022
178,179,Andre Cisco,1,0,0.0,0,0,0,0,0,1,1.5,1.5,3.8%,DB,2022
179,180,Bradley Roby,1,0,0.0,0,0,0,0,0,1,1.5,1.5,0.0%,DB,2022
180,181,K'Von Wallace,0,0,0.0,1,0,0,0,0,1,1.5,1.5,1.9%,DB,2022
181,182,Elijah Hicks,1,0,0.0,0,0,0,0,0,1,1.5,1.5,0.5%,DB,2022
182,183,Bryce Callahan,1,0,0.0,0,0,0,0,0,1,1.5,1.5,0.0%,DB,2022
183,184,Tavierre Thomas,1,0,0.0,0,0,0,0,0,1,1.5,1.5,2.0%,DB,2022
184,185,Hamsah Nasirildeen,1,0,0.0,0,0,0,0,0,1,1.5,1.5,0.0%,DB,2022
185,186,K'Waun Williams,0,0,0.0,1,0,0,0,0,1,1.5,1.5,0.0%,DB,2022
186,187,Corey Ballentine,0,1,0.0,0,0,0,0,0,1,0.8,0.8,0.6%,DB,2022
187,188,Siran Neal,0,1,0.0,0,0,0,0,0,1,0.8,0.8,0.0%,DB,2022
188,189,Jeff Okudah,0,1,0.0,0,0,0,0,0,1,0.8,0.8,1.8%,DB,2022
189,190,P.J. Williams,0,1,0.0,0,0,0,0,0,1,0.8,0.8,0.0%,DB,2022
190,191,Chris Banjo,0,1,0.0,0,0,0,0,0,1,0.8,0.8,0.0%,DB,2022
191,192,J.T. Gray,0,1,0.0,0,0,0,0,0,1,0.8,0.8,0.4%,DB,2022
192,193,Dane Jackson,0,1,0.0,0,0,0,0,0,1,0.8,0.8,4.1%,DB,2022
193,194,Josh Metellus,0,0,0.0,0,0,0,0,0,1,0.0,0.0,41.4%,DB,2022
194,195,Isaiah Simmons,4,1,0.0,0,0,0,0,0,1,0.0,0.0,6.2%,DB,2022
195,196,Ashtyn Davis,0,0,0.0,0,0,0,0,0,1,0.0,0.0,3.4%,DB,2022
196,197,Essang Bassey,0,0,0.0,0,0,0,0,0,1,0.0,0.0,0.0%,DB,2022
197,198,Chris Claybrooks,0,0,0.0,0,0,0,0,0,1,0.0,0.0,0.0%,DB,2022
198,199,Grayland Arnold,0,0,0.0,0,0,0,0,0,1,0.0,0.0,0.0%,DB,2022
199,200,John Reid,0,0,0.0,0,0,0,0,0,1,0.0,0.0,0.0%,DB,2022
200,201,Noah Igbinoghene,0,0,0.0,0,0,0,0,0,1,0.0,0.0,0.0%,DB,2022
201,202,James Pierre,0,0,0.0,0,0,0,0,0,1,0.0,0.0,0.0%,DB,2022
202,203,Elijah Riley,0,0,0.0,0,0,0,0,0,1,0.0,0.0,0.2%,DB,2022
203,204,Xavier Crawford,0,0,0.0,0,0,0,0,0,1,0.0,0.0,0.0%,DB,2022
204,205,Gavin Heslop,0,0,0.0,0,0,0,0,0,1,0.0,0.0,0.0%,DB,2022
205,206,Zech McPhearson,0,0,0.0,0,0,0,0,0,1,0.0,0.0,0.0%,DB,2022
206,207,Tyree Gillespie,0,0,0.0,0,0,0,0,0,1,0.0,0.0,0.0%,DB,2022
207,208,Kelvin Joseph,0,0,0.0,0,0,0,0,0,1,0.0,0.0,0.0%,DB,2022
208,209,Israel Mukuamu,0,0,0.0,0,0,0,0,0,1,0.0,0.0,0.2%,DB,2022
209,210,Zyon McCollum,0,0,0.0,0,0,0,0,0,1,0.0,0.0,5.9%,DB,2022
210,211,Cobie Durant,6,1,0.0,0,0,0,0,0,1,0.0,0.0,0.0%,DB,2022
211,212,Tariq Carpenter,0,0,0.0,0,0,0,0,0,1,0.0,0.0,0.0%,DB,2022
212,213,Nazeeh Johnson,0,0,0.0,0,0,0,0,0,1,0.0,0.0,0.0%,DB,2022
213,214,Rodney Thomas,6,1,0.0,0,0,0,0,0,1,0.0,0.0,0.9%,DB,2022
214,215,Brenden Schooler,0,0,0.0,0,0,0,0,0,1,0.0,0.0,0.0%,DB,2022
215,216,Verone McKinley,0,0,0.0,0,0,0,0,0,1,0.0,0.0,0.2%,DB,2022
216,217,Delarrin Turner-Yell,0,0,0.0,0,0,0,0,0,1,0.0,0.0,0.5%,DB,2022
217,218,Joshua Williams,0,0,0.0,0,0,0,0,0,1,0.0,0.0,1.4%,DB,2022
218,219,Nick Cross,0,0,0.0,0,0,0,0,0,1,0.0,0.0,2.9%,DB,2022
219,220,Percy Butler,0,0,0.0,0,0,0,0,0,1,0.0,0.0,2.0%,DB,2022
220,221,Theo Jackson,0,0,0.0,0,0,0,0,0,1,0.0,0.0,0.4%,DB,2022
221,222,Christian Holmes,0,0,0.0,0,0,0,0,0,1,0.0,0.0,1.0%,DB,2022
222,223,Nickell Robey-Coleman,0,0,0.0,0,0,0,0,0,1,0.0,0.0,0.0%,DB,2022
223,224,Josh Norman,0,0,0.0,0,0,0,0,0,1,0.0,0.0,3.0%,DB,2022
224,225,Mike Hughes,0,0,0.0,0,0,0,0,0,1,0.0,0.0,1.1%,DB,2022
225,226,D.J. Reed,0,0,0.0,0,0,0,0,0,1,0.0,0.0,10.1%,DB,2022
226,227,Tre'Davious White,0,0,0.0,0,0,0,0,0,1,0.0,0.0,5.5%,DB,2022
227,228,Justin Hardee,0,0,0.0,0,0,0,0,0,1,0.0,0.0,0.0%,DB,2022
228,229,Davontae Harris,0,0,0.0,0,0,0,0,0,1,0.0,0.0,0.0%,DB,2022
229,230,Tony Brown,0,0,0.0,0,0,0,0,0,1,0.0,0.0,0.0%,DB,2022
230,231,Greedy Williams,0,0,0.0,0,0,0,0,0,1,0.0,0.0,0.0%,DB,2022
231,232,Dallin Leavitt,0,0,0.0,0,0,0,0,0,1,0.0,0.0,4.0%,DB,2022
232,233,Mike Ford,0,0,0.0,0,0,0,0,0,1,0.0,0.0,0.0%,DB,2022
233,234,Joejuan Williams,0,0,0.0,0,0,0,0,0,1,0.0,0.0,1.0%,DB,2022
234,235,Keisean Nixon,0,0,0.0,0,0,0,0,0,1,0.0,0.0,22.9%,DB,2022
235,236,Elijah Campbell,0,0,0.0,0,0,0,0,0,1,0.0,0.0,0.2%,DB,2022
236,237,M.J. Stewart,0,0,0.0,0,0,0,0,0,1,0.0,0.0,4.0%,DB,2022
237,238,Tremon Smith,0,0,0.0,0,0,0,0,0,1,0.0,0.0,5.0%,DB,2022
238,239,Kevon Seymour,0,0,0.0,0,0,0,0,0,1,0.0,0.0,0.0%,DB,2022
239,240,Clayton Fejedelem,0,0,0.0,0,0,0,0,0,1,0.0,0.0,0.0%,DB,2022
