,Rank,Player,Tackle,Assist,Sack,Pass Defended,Interception,Forced Fumble,Fumble Recovery,Defend Touchdown,Games Played,Fantasy Football Points,FTPS/Game,ROST,Position,Year
0,1,Brandon Graham,4,0,3.0,0,0,1,0,0,1,29.5,29.5,2.2%,DL,2022
1,2,Joshua Uche,4,1,3.0,0,0,0,0,0,1,26.3,26.3,0.9%,DL,2022
2,3,Myles Garrett,4,2,2.0,2,0,0,0,0,1,26.0,26.0,63.7%,DL,2022
3,4,Christian Wilkins,6,3,1.0,0,0,0,0,0,1,20.3,20.3,48.1%,DL,2022
4,5,Greg Rousseau,2,0,2.0,1,0,1,0,0,1,19.0,19.0,15.0%,DL,2022
5,6,A.J. Epenesa,4,1,1.0,1,0,1,0,0,1,18.8,18.8,2.9%,DL,2022
6,7,Quinnen Williams,3,0,2.0,0,0,0,0,0,1,17.5,17.5,26.7%,DL,2022
7,8,Jaelan Phillips,4,2,1.0,0,0,0,0,0,1,16.5,16.5,10.0%,DL,2022
8,9,Dalvin Tomlinson,8,2,0.0,0,0,0,0,0,1,16.0,16.0,2.2%,DL,2022
9,10,Maxx Crosby,2,2,1.0,1,0,0,0,0,1,15.0,15.0,69.0%,DL,2022
10,11,Josh Allen,3,0,1.0,0,0,0,1,0,1,15.0,15.0,44.1%,DL,2022
11,12,Arden Key,2,2,1.0,0,0,0,1,0,1,15.0,15.0,2.4%,DL,2022
12,13,Chris Jones,4,0,1.0,1,0,0,0,0,1,14.0,14.0,25.7%,DL,2022
13,14,Bruce Irvin,3,3,1.0,0,0,0,0,0,1,13.3,13.3,0.2%,DL,2022
14,15,Milton Williams,2,1,1.0,0,0,0,0,0,1,12.8,12.8,2.6%,DL,2022
15,16,Fletcher Cox,4,0,1.0,0,0,0,0,0,1,12.5,12.5,1.1%,DL,2022
16,17,Aidan Hutchinson,2,0,1.0,0,0,0,0,0,1,12.0,12.0,55.2%,DL,2022
17,18,Travon Walker,2,1,1.0,0,0,1,0,0,1,11.8,11.8,11.9%,DL,2022
18,19,Anthony Nelson,3,4,0.0,0,0,1,0,0,1,11.5,11.5,0.4%,DL,2022
19,20,George Karlaftis,1,2,1.0,1,0,0,0,0,1,11.0,11.0,12.7%,DL,2022
20,21,Carl Nassib,3,0,0.0,1,0,0,0,0,1,11.0,11.0,0.0%,DL,2022
21,22,Daniel Ekuale,3,0,1.0,0,0,0,0,0,1,11.0,11.0,0.2%,DL,2022
22,23,Zach Allen,2,0,1.0,1,0,0,0,0,1,11.0,11.0,10.7%,DL,2022
23,24,Dre'Mont Jones,1,4,1.0,0,0,0,0,0,1,11.0,11.0,4.9%,DL,2022
24,25,Sheldon Rankins,2,2,1.0,0,0,0,0,0,1,11.0,11.0,2.0%,DL,2022
25,26,Sam Hubbard,4,1,1.0,0,0,0,0,0,1,10.8,10.8,21.7%,DL,2022
26,27,Shaq Lawson,2,0,1.0,0,0,0,0,0,1,9.5,9.5,0.0%,DL,2022
27,28,DaQuan Jones,2,0,0.0,0,0,0,1,0,1,9.5,9.5,0.7%,DL,2022
28,29,Isaiah Buggs,1,0,1.0,0,0,1,0,0,1,9.5,9.5,0.2%,DL,2022
29,30,Ryder Anderson,2,0,1.0,0,0,0,0,0,1,9.5,9.5,4.0%,DL,2022
30,31,Mike Danna,1,2,1.0,0,0,0,0,0,1,9.5,9.5,5.2%,DL,2022
31,32,Bryan Mone,4,1,0.0,0,0,0,0,0,1,9.3,9.3,0.0%,DL,2022
32,33,Chris Wormley,1,2,0.5,0,0,1,0,0,1,9.0,9.0,0.0%,DL,2022
33,34,DJ Reader,5,0,0.0,1,0,0,0,0,1,9.0,9.0,2.6%,DL,2022
34,35,Lawrence Guy,2,2,0.5,0,0,0,0,0,1,9.0,9.0,4.0%,DL,2022
35,36,Haason Reddick,1,1,1.0,0,0,0,0,0,1,8.8,8.8,17.6%,DL,2022
36,37,Jonathon Cooper,1,1,1.0,0,0,0,0,0,1,8.8,8.8,17.4%,DL,2022
37,38,Morgan Fox,1,1,1.0,0,0,0,0,0,1,8.8,8.8,2.3%,DL,2022
38,39,Maliek Collins,4,0,0.0,0,0,0,0,0,1,8.5,8.5,2.4%,DL,2022
39,40,B.J. Hill,3,0,0.0,1,0,0,0,0,1,8.5,8.5,5.8%,DL,2022
40,41,DeMarcus Lawrence,3,2,0.0,0,0,0,0,0,1,8.5,8.5,12.7%,DL,2022
41,42,Bilal Nichols,1,0,1.0,0,0,0,0,0,1,8.0,8.0,1.3%,DL,2022
42,43,Darrell Taylor,1,0,1.0,0,0,0,0,0,1,8.0,8.0,1.1%,DL,2022
43,44,Josh Sweat,1,0,1.0,0,0,0,0,0,1,8.0,8.0,14.1%,DL,2022
44,45,Foley Fatukasi,1,0,1.0,0,0,0,0,0,1,8.0,8.0,0.4%,DL,2022
45,46,Frank Clark,1,0,1.0,0,0,0,0,0,1,8.0,8.0,0.0%,DL,2022
46,47,Osa Odighizuwa,3,1,0.0,0,0,0,0,0,1,7.8,7.8,6.1%,DL,2022
47,48,Rashad Weaver,1,0,0.0,2,0,0,0,0,1,7.0,7.0,0.5%,DL,2022
48,49,Taylor Stallworth,2,2,0.0,0,0,0,0,0,1,7.0,7.0,0.0%,DL,2022
49,50,Jonathan Harris,2,2,0.0,0,0,0,0,0,1,7.0,7.0,1.0%,DL,2022
50,51,Zach Sieler,3,3,0.0,0,0,0,0,0,1,6.8,6.8,27.9%,DL,2022
51,52,Cameron Heyward,3,3,0.0,0,0,0,0,0,1,6.8,6.8,23.1%,DL,2022
52,53,Greg Gaines,3,3,0.0,0,0,0,0,0,1,6.8,6.8,0.4%,DL,2022
53,54,Jason Pierre-Paul,4,0,0.0,0,0,0,0,0,1,6.0,6.0,0.0%,DL,2022
54,55,Michael Hoecht,3,2,0.0,0,0,0,0,0,1,6.0,6.0,15.8%,DL,2022
55,56,Odafe Oweh,2,0,0.0,0,0,0,0,0,1,5.5,5.5,6.6%,DL,2022
56,57,DeMarcus Walker,2,0,0.0,0,0,0,0,0,1,5.5,5.5,1.8%,DL,2022
57,58,Derrick Nnadi,1,1,0.0,0,0,0,0,0,1,4.8,4.8,0.9%,DL,2022
58,59,Patrick Johnson,0,1,0.0,0,0,0,1,0,1,4.8,4.8,0.0%,DL,2022
59,60,Broderick Washington,2,0,0.0,1,0,0,0,0,1,4.5,4.5,0.2%,DL,2022
60,61,Calais Campbell,2,2,0.0,0,0,0,0,0,1,4.5,4.5,3.1%,DL,2022
61,62,Roy Robertson-Harris,1,2,0.0,1,0,0,0,0,1,4.5,4.5,1.3%,DL,2022
62,63,Akiem Hicks,1,2,0.0,1,0,0,0,0,1,4.5,4.5,0.0%,DL,2022
63,64,Nick Bosa,3,0,0.0,0,0,0,0,0,1,4.5,4.5,63.2%,DL,2022
64,65,Christian Elliss,2,2,0.0,0,0,0,0,0,1,4.5,4.5,1.1%,DL,2022
65,66,Quinton Bohanna,1,0,0.0,0,0,0,0,0,1,4.0,4.0,0.0%,DL,2022
66,67,J.J. Watt,1,0,0.0,0,0,0,0,0,1,4.0,4.0,4.2%,DL,2022
67,68,Keir Thomas,1,0,0.0,0,0,0,0,0,1,4.0,4.0,0.0%,DL,2022
68,69,Dawuane Smoot,0,0,0.0,0,0,0,1,0,1,4.0,4.0,0.4%,DL,2022
69,70,Roy Lopez,1,3,0.0,0,0,0,0,0,1,3.8,3.8,0.0%,DL,2022
70,71,Clelin Ferrell,2,1,0.0,0,0,0,0,0,1,3.8,3.8,1.7%,DL,2022
71,72,Montravius Adams,2,1,0.0,0,0,0,0,0,1,3.8,3.8,0.4%,DL,2022
72,73,Myles Adams,1,3,0.0,0,0,0,0,0,1,3.8,3.8,0.0%,DL,2022
73,74,Ed Oliver,1,3,0.0,0,0,0,0,0,1,3.8,3.8,22.1%,DL,2022
74,75,Jadeveon Clowney,1,1,0.0,1,0,0,0,0,1,3.8,3.8,22.5%,DL,2022
75,76,Perrion Winfrey,2,1,0.0,0,0,0,0,0,1,3.8,3.8,0.0%,DL,2022
76,77,Myjai Sanders,2,1,0.0,0,0,0,0,0,1,3.8,3.8,0.0%,DL,2022
77,78,Mike Purcell,1,3,0.0,0,0,0,0,0,1,3.8,3.8,0.0%,DL,2022
78,79,Marquise Copeland,1,3,0.0,0,0,0,0,0,1,3.8,3.8,0.0%,DL,2022
79,80,Drake Jackson,0,1,0.0,2,0,0,0,0,1,3.8,3.8,0.9%,DL,2022
80,81,Dante Fowler,2,1,0.0,0,0,0,0,0,1,3.8,3.8,3.5%,DL,2022
81,82,Boogie Basham,1,3,0.0,0,0,0,0,0,1,3.8,3.8,0.0%,DL,2022
82,83,Harrison Phillips,1,3,0.0,0,0,0,0,0,1,3.8,3.8,23.5%,DL,2022
83,84,Brian Burns,0,2,0.5,0,0,0,0,0,1,3.5,3.5,41.3%,DL,2022
84,85,Deadrin Senat,2,0,0.0,0,0,0,0,0,1,3.0,3.0,1.0%,DL,2022
85,86,Jerry Tillery,2,0,0.0,0,0,0,0,0,1,3.0,3.0,0.7%,DL,2022
86,87,Jeffery Simmons,0,0,0.0,2,0,0,0,0,1,3.0,3.0,27.2%,DL,2022
87,88,Jonathan Ledbetter,2,0,0.0,0,0,0,0,0,1,3.0,3.0,1.0%,DL,2022
88,89,Tim Settle,2,0,0.0,0,0,0,0,0,1,3.0,3.0,0.4%,DL,2022
89,90,Khyiris Tonga,1,2,0.0,0,0,0,0,0,1,3.0,3.0,0.0%,DL,2022
90,91,Henry Mondeaux,2,0,0.0,0,0,0,0,0,1,3.0,3.0,3.0%,DL,2022
91,92,Kevin Strong,2,0,0.0,0,0,0,0,0,1,3.0,3.0,0.0%,DL,2022
92,93,William Gholston,1,2,0.0,0,0,0,0,0,1,3.0,3.0,1.6%,DL,2022
93,94,Danielle Hunter,2,0,0.0,0,0,0,0,0,1,3.0,3.0,52.9%,DL,2022
94,95,Carlos Watkins,2,0,0.0,0,0,0,0,0,1,3.0,3.0,0.0%,DL,2022
95,96,Rakeem Nunez-Roches,1,2,0.0,0,0,0,0,0,1,3.0,3.0,0.9%,DL,2022
96,97,Yetur Gross-Matos,1,2,0.0,0,0,0,0,0,1,3.0,3.0,1.1%,DL,2022
97,98,Neville Gallimore,0,2,0.0,1,0,0,0,0,1,3.0,3.0,0.6%,DL,2022
98,99,Tyson Alualu,0,1,0.5,0,0,0,0,0,1,2.8,2.8,0.0%,DL,2022
99,100,Brandon Williams,0,1,0.5,0,0,0,0,0,1,2.8,2.8,0.2%,DL,2022
100,101,Breiden Fehoko,1,1,0.0,0,0,0,0,0,1,2.3,2.3,0.0%,DL,2022
101,102,Al Woods,1,1,0.0,0,0,0,0,0,1,2.3,2.3,0.0%,DL,2022
102,103,Alex Wright,0,1,0.0,1,0,0,0,0,1,2.3,2.3,0.7%,DL,2022
103,104,Alim McNeill,1,1,0.0,0,0,0,0,0,1,2.3,2.3,2.9%,DL,2022
104,105,T.Y. McGill,1,1,0.0,0,0,0,0,0,1,2.3,2.3,0.2%,DL,2022
105,106,Linval Joseph,1,1,0.0,0,0,0,0,0,1,2.3,2.3,0.0%,DL,2022
106,107,Bravvion Roy,1,1,0.0,0,0,0,0,0,1,2.3,2.3,0.0%,DL,2022
107,108,Charles Omenihu,0,3,0.0,0,0,0,0,0,1,2.3,2.3,1.1%,DL,2022
108,109,John Cominsky,0,1,0.0,1,0,0,0,0,1,2.3,2.3,1.2%,DL,2022
109,110,Rasheem Green,1,1,0.0,0,0,0,0,0,1,2.3,2.3,6.0%,DL,2022
110,111,Naquan Jones,0,3,0.0,0,0,0,0,0,1,2.3,2.3,0.0%,DL,2022
111,112,Khalen Saunders,1,1,0.0,0,0,0,0,0,1,2.3,2.3,1.3%,DL,2022
112,113,John Franklin-Myers,1,1,0.0,0,0,0,0,0,1,2.3,2.3,0.9%,DL,2022
113,114,Sam Williams,0,3,0.0,0,0,0,0,0,1,2.3,2.3,1.6%,DL,2022
114,115,Josh Paschal,1,1,0.0,0,0,0,0,0,1,2.3,2.3,1.5%,DL,2022
115,116,Jordan Elliott,0,3,0.0,0,0,0,0,0,1,2.3,2.3,0.2%,DL,2022
116,117,Carlos Dunlap,1,1,0.0,0,0,0,0,0,1,2.3,2.3,3.0%,DL,2022
117,118,Quinton Jefferson,1,1,0.0,0,0,0,0,0,1,2.3,2.3,3.4%,DL,2022
118,119,Neil Farrell,0,2,0.0,0,0,0,0,0,1,1.5,1.5,0.4%,DL,2022
119,120,Kerry Hyder,0,2,0.0,0,0,0,0,0,1,1.5,1.5,2.0%,DL,2022
120,121,Derrick Brown,1,0,0.0,0,0,0,0,0,1,1.5,1.5,39.8%,DL,2022
121,122,Boye Mafe,1,0,0.0,0,0,0,0,0,1,1.5,1.5,8.6%,DL,2022
122,123,Cameron Thomas,0,0,0.0,1,0,0,0,0,1,1.5,1.5,0.2%,DL,2022
123,124,Raekwon Davis,1,0,0.0,0,0,0,0,0,1,1.5,1.5,0.2%,DL,2022
124,125,Josh Tupou,1,0,0.0,0,0,0,0,0,1,1.5,1.5,0.0%,DL,2022
125,126,Jonah Williams,1,0,0.0,0,0,0,0,0,1,1.5,1.5,0.4%,DL,2022
126,127,John Jenkins,1,0,0.0,0,0,0,0,0,1,1.5,1.5,1.7%,DL,2022
127,128,Matt Ioannidis,1,0,0.0,0,0,0,0,0,1,1.5,1.5,0.0%,DL,2022
128,129,Earnest Brown,0,2,0.0,0,0,0,0,0,1,1.5,1.5,0.0%,DL,2022
129,130,Jihad Ward,1,0,0.0,0,0,0,0,0,1,1.5,1.5,0.2%,DL,2022
130,131,Joe Gaziano,1,0,0.0,0,0,0,0,0,1,1.5,1.5,1.0%,DL,2022
131,132,Leki Fotu,1,0,0.0,0,0,0,0,0,1,1.5,1.5,0.4%,DL,2022
132,133,Travis Jones,1,0,0.0,0,0,0,0,0,1,1.5,1.5,1.7%,DL,2022
133,134,DaVon Hamilton,1,0,0.0,0,0,0,0,0,1,1.5,1.5,0.7%,DL,2022
134,135,Thomas Booker,0,0,0.0,1,0,0,0,0,1,1.5,1.5,1.0%,DL,2022
135,136,Esezi Otomewo,1,0,0.0,0,0,0,0,0,1,1.5,1.5,1.0%,DL,2022
136,137,Trey Hendrickson,1,0,0.0,0,0,0,0,0,1,1.5,1.5,35.3%,DL,2022
137,138,Johnathan Hankins,1,0,0.0,0,0,0,0,0,1,1.5,1.5,0.0%,DL,2022
138,139,James Lynch,1,0,0.0,0,0,0,0,0,1,1.5,1.5,1.0%,DL,2022
139,140,Kyle Peko,1,0,0.0,0,0,0,0,0,1,1.5,1.5,0.0%,DL,2022
140,141,Deatrich Wise,0,2,0.0,0,0,0,0,0,1,1.5,1.5,3.0%,DL,2022
141,142,Bobby Brown,1,0,0.0,0,0,0,0,0,1,1.5,1.5,0.9%,DL,2022
142,143,Larry Ogunjobi,0,2,0.0,0,0,0,0,0,1,1.5,1.5,2.5%,DL,2022
143,144,Carl Davis,0,1,0.0,0,0,0,0,0,1,0.8,0.8,1.1%,DL,2022
144,145,Ben Stille,0,1,0.0,0,0,0,0,0,1,0.8,0.8,0.0%,DL,2022
145,146,Arik Armstead,0,1,0.0,0,0,0,0,0,1,0.8,0.8,3.6%,DL,2022
146,147,D.J. Wonnum,0,1,0.0,0,0,0,0,0,1,0.8,0.8,13.9%,DL,2022
147,148,Tarell Basham,0,1,0.0,0,0,0,0,0,1,0.8,0.8,0.0%,DL,2022
148,149,DeShawn Williams,0,1,0.0,0,0,0,0,0,1,0.8,0.8,0.6%,DL,2022
149,150,Poona Ford,0,1,0.0,0,0,0,0,0,1,0.8,0.8,0.7%,DL,2022
150,151,Jamir Jones,0,1,0.0,0,0,0,0,0,1,0.8,0.8,0.0%,DL,2022
151,152,Solomon Thomas,0,1,0.0,0,0,0,0,0,1,0.8,0.8,0.8%,DL,2022
152,153,Dexter Lawrence,0,1,0.0,0,0,0,0,0,1,0.8,0.8,12.4%,DL,2022
153,154,Justin Madubuike,0,1,0.0,0,0,0,0,0,1,0.8,0.8,24.4%,DL,2022
154,155,Carl Lawson,0,1,0.0,0,0,0,0,0,1,0.8,0.8,0.0%,DL,2022
155,156,Nik Bonitto,0,1,0.0,0,0,0,0,0,1,0.8,0.8,1.8%,DL,2022
156,157,K'Lavon Chaisson,0,1,0.0,0,0,0,0,0,1,0.8,0.8,1.3%,DL,2022
157,158,Teair Tart,0,1,0.0,0,0,0,0,0,1,0.8,0.8,0.2%,DL,2022
158,159,Logan Hall,0,1,0.0,0,0,0,0,0,1,0.8,0.8,1.4%,DL,2022
159,160,Pat Jones,0,1,0.0,0,0,0,0,0,1,0.8,0.8,0.4%,DL,2022
160,161,Davon Godchaux,0,1,0.0,0,0,0,0,0,1,0.8,0.8,4.3%,DL,2022
161,162,Justin Ellis,0,1,0.0,0,0,0,0,0,1,0.8,0.8,2.0%,DL,2022
162,163,Dorance Armstrong,0,1,0.0,0,0,0,0,0,1,0.8,0.8,4.2%,DL,2022
163,164,Mario Addison,0,1,0.0,0,0,0,0,0,1,0.8,0.8,4.0%,DL,2022
164,165,Micah Parsons,2,3,0.0,0,0,0,0,0,1,0.0,0.0,77.7%,DL,2022
165,166,Anfernee Jennings,0,0,0.0,0,0,0,0,0,1,0.0,0.0,4.9%,DL,2022
166,167,Alex Highsmith,1,2,0.0,0,0,0,0,0,1,0.0,0.0,25.4%,DL,2022
167,168,Shaquille Quarterman,1,0,0.0,0,0,1,0,0,1,0.0,0.0,0.0%,DL,2022
168,169,Bryce Huff,0,0,0.0,0,0,0,0,0,1,0.0,0.0,4.4%,DL,2022
169,170,DaMarcus Mitchell,0,0,0.0,0,0,0,0,0,1,0.0,0.0,1.0%,DL,2022
170,171,Chris Rumph,0,0,0.0,0,0,0,0,0,1,0.0,0.0,0.4%,DL,2022
171,172,Kayvon Thibodeaux,0,0,0.0,0,0,0,0,0,1,0.0,0.0,23.3%,DL,2022
172,173,DeMarvin Leal,0,0,0.0,0,0,0,0,0,1,0.0,0.0,0.2%,DL,2022
173,174,Joe Tryon-Shoyinka,0,1,0.0,0,0,0,0,0,1,0.0,0.0,2.4%,DL,2022
174,175,Baron Browning,0,1,0.0,0,0,0,0,0,1,0.0,0.0,6.0%,DL,2022
175,176,Azeez Ojulari,3,1,2.0,0,0,0,0,0,1,0.0,0.0,2.2%,DL,2022
176,177,Victor Dimukeje,0,0,0.0,0,0,0,0,0,1,0.0,0.0,0.7%,DL,2022
177,178,Elerson Smith,0,0,0.0,0,0,0,0,0,1,0.0,0.0,0.0%,DL,2022
178,179,Joseph Ossai,0,0,0.0,0,0,0,0,0,1,0.0,0.0,0.7%,DL,2022
179,180,Zaven Collins,4,1,0.0,0,0,0,0,0,1,0.0,0.0,6.1%,DL,2022
180,181,James Houston,1,0,1.0,0,0,0,0,0,1,0.0,0.0,1.5%,DL,2022
181,182,Daniel Hardy,0,1,0.0,0,0,0,0,0,1,0.0,0.0,0.0%,DL,2022
182,183,Jermaine Johnson,0,0,0.0,0,0,0,0,0,1,0.0,0.0,9.3%,DL,2022
183,184,Isaiah Thomas,0,0,0.0,0,0,0,0,0,1,0.0,0.0,0.2%,DL,2022
184,185,Julian Okwara,0,0,0.0,0,0,0,0,0,1,0.0,0.0,0.0%,DL,2022
185,186,Khalil Mack,0,3,0.0,0,0,0,0,0,1,0.0,0.0,52.8%,DL,2022
186,187,Kyle Van,2,0,1.0,0,0,0,0,0,1,0.0,0.0,8.2%,DL,2022
187,188,Chandler Jones,1,2,1.0,0,0,1,1,0,1,0.0,0.0,0.5%,DL,2022
188,189,Justin Houston,0,0,0.0,0,0,0,0,0,1,0.0,0.0,0.0%,DL,2022
189,190,Melvin Ingram,0,0,0.0,0,0,0,0,0,1,0.0,0.0,0.0%,DL,2022
190,191,Jerry Hughes,0,0,0.0,0,0,0,0,0,1,0.0,0.0,1.0%,DL,2022
191,192,Jacob Martin,1,0,0.0,0,0,0,0,0,1,0.0,0.0,0.4%,DL,2022
192,193,Ogbo Okoronkwo,2,1,1.0,1,0,1,0,0,1,0.0,0.0,2.7%,DL,2022
193,194,Nathan Shepherd,0,0,0.0,0,0,0,0,0,1,0.0,0.0,2.0%,DL,2022
194,195,Genard Avery,1,0,0.0,0,0,0,0,0,1,0.0,0.0,0.0%,DL,2022
195,196,Dennis Gardeck,0,0,0.0,0,0,0,0,0,1,0.0,0.0,3.6%,DL,2022
196,197,Uchenna Nwosu,3,1,0.0,0,0,0,0,0,1,0.0,0.0,17.7%,DL,2022
197,198,Marquis Haynes,1,0,1.0,0,0,0,0,0,1,0.0,0.0,0.6%,DL,2022
198,199,Bradley Chubb,1,0,0.0,0,0,0,0,0,1,0.0,0.0,18.2%,DL,2022
199,200,Anthony Pittman,0,1,0.0,0,0,1,0,0,1,0.0,0.0,0.0%,DL,2022
200,201,L.J. Collier,1,2,0.0,0,0,0,0,0,1,0.0,0.0,1.0%,DL,2022
201,202,Andrew Van,1,1,0.0,0,0,0,0,0,1,0.0,0.0,11.2%,DL,2022
202,203,Javon Hargrave,0,0,0.0,0,0,0,0,0,1,0.0,0.0,14.8%,DL,2022
203,204,Adam Gotsis,0,0,0.0,0,0,0,0,0,1,0.0,0.0,1.2%,DL,2022
204,205,Jonathan Bullard,0,0,0.0,0,0,0,0,0,1,0.0,0.0,3.3%,DL,2022
205,206,Leonard Floyd,0,2,0.0,0,0,0,0,0,1,0.0,0.0,5.4%,DL,2022
206,207,Za'Darius Smith,0,1,0.0,0,0,0,0,0,1,0.0,0.0,5.4%,DL,2022
207,208,Mario Edwards,0,0,0.0,0,0,0,0,0,1,0.0,0.0,0.0%,DL,2022
208,209,Markus Golden,1,1,0.0,0,0,0,0,0,1,0.0,0.0,0.5%,DL,2022
209,210,Bud Dupree,5,1,0.0,0,0,0,0,0,1,0.0,0.0,1.3%,DL,2022
210,211,Matthew Judon,3,1,1.5,0,0,0,0,0,1,0.0,0.0,16.8%,DL,2022
211,212,Jordan Willis,0,0,0.0,0,0,0,0,0,1,0.0,0.0,1.0%,DL,2022
212,213,T.J. Watt,3,2,1.0,0,0,0,0,0,1,0.0,0.0,78.9%,DL,2022
213,214,Tyus Bowser,2,0,1.0,0,0,0,0,0,1,0.0,0.0,0.7%,DL,2022
214,215,D.J. Jones,0,0,0.0,0,0,0,0,0,1,0.0,0.0,5.0%,DL,2022
215,216,Samson Ebukam,1,0,0.0,0,0,0,0,0,1,0.0,0.0,8.7%,DL,2022
216,217,Romeo Okwara,0,0,0.0,0,0,0,0,0,1,0.0,0.0,0.0%,DL,2022
