,Rank,Player,Tackle,Assist,Sack,Pass Defended,Interception,Forced Fumble,Fumble Recovery,Defend Touchdown,Games Played,Fantasy Football Points,FTPS/Game,ROST,Position,Year
0,1,Deatrich Wise,5,1,3.0,0,0,0,0,0,1,30.3,30.3,3.0%,DL,2022
1,2,DeMarcus Lawrence,6,0,3.0,0,0,0,0,0,1,28.5,28.5,12.7%,DL,2022
2,3,Brandon Graham,4,2,2.5,1,0,1,0,0,1,28.0,28.0,2.2%,DL,2022
3,4,Maxx Crosby,5,4,1.0,1,0,1,0,0,1,25.0,25.0,69.0%,DL,2022
4,5,Melvin Ingram,3,0,2.0,0,0,1,1,0,1,23.0,23.0,0.0%,DL,2022
5,6,Trey Hendrickson,2,2,2.5,0,0,2,0,0,1,22.5,22.5,35.3%,DL,2022
6,7,B.J. Hill,1,3,0.5,1,0,1,2,0,1,19.3,19.3,5.8%,DL,2022
7,8,Jerry Hughes,3,1,2.0,0,0,0,0,0,1,18.3,18.3,1.0%,DL,2022
8,9,Kenny Clark,3,1,2.0,0,0,0,0,0,1,18.3,18.3,8.9%,DL,2022
9,10,Grady Jarrett,4,1,1.0,0,0,0,0,0,1,18.3,18.3,5.7%,DL,2022
10,11,Aaron Donald,4,2,1.0,0,0,0,0,0,1,16.5,16.5,11.7%,DL,2022
11,12,Sheldon Rankins,6,0,1.0,0,0,0,0,0,1,15.5,15.5,2.0%,DL,2022
12,13,Greg Rousseau,2,1,1.5,0,0,0,0,0,1,14.8,14.8,15.0%,DL,2022
13,14,Haason Reddick,2,2,1.5,0,0,1,0,0,1,14.5,14.5,17.6%,DL,2022
14,15,Javon Hargrave,2,0,1.0,0,0,0,1,0,1,13.5,13.5,14.8%,DL,2022
15,16,Mike Purcell,4,1,1.0,0,0,0,0,0,1,13.3,13.3,0.0%,DL,2022
16,17,Sebastian Joseph-Day,4,3,0.0,0,0,0,0,0,1,13.3,13.3,2.1%,DL,2022
17,18,Justin Madubuike,2,1,1.0,0,0,0,0,0,1,12.8,12.8,24.4%,DL,2022
18,19,Darrell Taylor,3,0,1.0,0,0,1,0,0,1,12.5,12.5,1.1%,DL,2022
19,20,Carlos Dunlap,2,2,1.0,0,0,1,0,0,1,12.5,12.5,3.0%,DL,2022
20,21,Quinnen Williams,3,1,1.0,0,0,0,0,0,1,11.8,11.8,26.7%,DL,2022
21,22,Fletcher Cox,1,2,1.5,0,0,0,0,0,1,11.5,11.5,1.1%,DL,2022
22,23,Josh Sweat,1,2,1.5,0,0,0,0,0,1,11.5,11.5,14.1%,DL,2022
23,24,Randy Gregory,3,0,1.0,0,0,0,0,0,1,11.0,11.0,2.2%,DL,2022
24,25,Rasheem Green,5,2,0.5,0,0,0,0,0,1,11.0,11.0,6.0%,DL,2022
25,26,Dawuane Smoot,2,0,1.0,0,0,1,0,0,1,11.0,11.0,0.4%,DL,2022
26,27,Derrick Brown,2,0,0.0,2,1,0,0,0,1,11.0,11.0,39.8%,DL,2022
27,28,Cameron Jordan,2,2,1.0,0,0,0,0,0,1,11.0,11.0,6.1%,DL,2022
28,29,Cameron Heyward,4,3,0.0,0,0,0,0,0,1,10.8,10.8,23.1%,DL,2022
29,30,Justin Jones,2,1,1.0,0,0,0,0,0,1,10.3,10.3,2.9%,DL,2022
30,31,Efe Obada,2,1,1.0,0,0,0,0,0,1,10.3,10.3,0.0%,DL,2022
31,32,Otito Ogbonnia,5,0,0.0,0,0,0,0,0,1,10.0,10.0,0.9%,DL,2022
32,33,Jonathan Allen,4,0,0.0,1,0,0,0,0,1,10.0,10.0,14.8%,DL,2022
33,34,Kevin Givens,1,2,1.0,0,0,0,0,0,1,9.5,9.5,0.2%,DL,2022
34,35,Terrell Lewis,2,0,1.0,0,0,0,0,0,1,9.5,9.5,3.0%,DL,2022
35,36,Frank Clark,1,2,1.0,0,0,0,0,0,1,9.5,9.5,0.0%,DL,2022
36,37,Kerry Hyder,1,0,1.0,1,0,0,0,0,1,9.5,9.5,2.0%,DL,2022
37,38,Rashad Weaver,2,0,1.0,0,0,0,0,0,1,9.5,9.5,0.5%,DL,2022
38,39,Shy Tuttle,5,2,0.0,0,0,0,0,0,1,9.0,9.0,2.0%,DL,2022
39,40,Nick Bosa,1,1,1.0,0,0,0,0,0,1,8.8,8.8,63.2%,DL,2022
40,41,Quinton Jefferson,1,1,1.0,0,0,0,0,0,1,8.8,8.8,3.4%,DL,2022
41,42,Cam Sample,1,1,1.0,0,0,0,0,0,1,8.8,8.8,0.5%,DL,2022
42,43,Yannick Ngakoue,1,1,1.0,0,0,0,0,0,1,8.8,8.8,1.7%,DL,2022
43,44,Jermaine Johnson,4,0,0.0,0,0,0,0,0,1,8.5,8.5,9.3%,DL,2022
44,45,Jonathan Bullard,4,0,0.0,0,0,0,0,0,1,8.5,8.5,3.3%,DL,2022
45,46,Khalen Saunders,3,5,0.0,0,0,0,0,0,1,8.3,8.3,1.3%,DL,2022
46,47,Dorance Armstrong,1,0,1.0,0,0,0,0,0,1,8.0,8.0,4.2%,DL,2022
47,48,J.J. Watt,1,0,1.0,0,0,0,0,0,1,8.0,8.0,4.2%,DL,2022
48,49,Logan Hall,1,0,1.0,0,0,0,0,0,1,8.0,8.0,1.4%,DL,2022
49,50,Drake Jackson,1,0,1.0,0,0,0,0,0,1,8.0,8.0,0.9%,DL,2022
50,51,Shaka Toney,3,1,0.0,0,0,0,0,0,1,7.8,7.8,0.0%,DL,2022
51,52,Jihad Ward,2,4,0.0,1,0,0,0,0,1,7.5,7.5,0.2%,DL,2022
52,53,Kwity Paye,3,0,0.0,0,0,0,0,0,1,7.0,7.0,14.8%,DL,2022
53,54,Danielle Hunter,3,0,0.0,0,0,0,0,0,1,7.0,7.0,52.9%,DL,2022
54,55,Al-Quadin Muhammad,0,4,0.0,0,0,1,0,0,1,7.0,7.0,0.0%,DL,2022
55,56,Jonathan Greenard,1,1,0.5,0,0,0,0,0,1,6.8,6.8,29.2%,DL,2022
56,57,Micheal Clemons,2,1,0.0,0,0,0,0,0,1,6.3,6.3,0.8%,DL,2022
57,58,Jaelan Phillips,1,1,0.0,1,0,0,0,0,1,6.3,6.3,10.0%,DL,2022
58,59,Odafe Oweh,3,2,0.0,0,0,0,0,0,1,6.0,6.0,6.6%,DL,2022
59,60,Al Woods,3,2,0.0,0,0,0,0,0,1,6.0,6.0,0.0%,DL,2022
60,61,Isaac Rochell,4,0,0.0,0,0,0,0,0,1,6.0,6.0,0.0%,DL,2022
61,62,Zach Allen,1,2,0.0,0,0,0,0,0,1,5.5,5.5,10.7%,DL,2022
62,63,Jarran Reed,1,0,0.0,0,0,0,1,0,1,5.5,5.5,5.8%,DL,2022
63,64,Daron Payne,1,2,0.0,0,0,0,0,0,1,5.5,5.5,15.4%,DL,2022
64,65,Jordan Elliott,2,0,0.0,0,0,0,0,0,1,5.5,5.5,0.2%,DL,2022
65,66,Dayo Odeyingbo,2,0,0.0,0,0,0,0,0,1,5.5,5.5,1.9%,DL,2022
66,67,Charles Harris,2,0,0.0,0,0,0,0,0,1,5.5,5.5,4.0%,DL,2022
67,68,Vita Vea,0,2,0.0,0,0,1,0,0,1,5.5,5.5,5.6%,DL,2022
68,69,DeShawn Williams,3,1,0.0,0,0,0,0,0,1,5.3,5.3,0.6%,DL,2022
69,70,Broderick Washington,3,1,0.0,0,0,0,0,0,1,5.3,5.3,0.2%,DL,2022
70,71,Chris Wormley,2,3,0.0,0,0,0,0,0,1,5.3,5.3,0.0%,DL,2022
71,72,Christian Wilkins,3,1,0.0,0,0,0,0,0,1,5.3,5.3,48.1%,DL,2022
72,73,Carl Granderson,1,2,0.5,0,0,0,0,0,1,5.0,5.0,28.7%,DL,2022
73,74,Chris Jones,1,1,0.0,0,0,0,0,0,1,4.8,4.8,25.7%,DL,2022
74,75,DeForest Buckner,2,2,0.0,0,0,0,0,0,1,4.5,4.5,47.2%,DL,2022
75,76,George Karlaftis,1,4,0.0,0,0,0,0,0,1,4.5,4.5,12.7%,DL,2022
76,77,Tyson Alualu,3,0,0.0,0,0,0,0,0,1,4.5,4.5,0.0%,DL,2022
77,78,A'Shawn Robinson,3,0,0.0,0,0,0,0,0,1,4.5,4.5,4.5%,DL,2022
78,79,Christian Barmore,3,0,0.0,0,0,0,0,0,1,4.5,4.5,15.4%,DL,2022
79,80,Dexter Lawrence,1,4,0.0,0,0,0,0,0,1,4.5,4.5,12.4%,DL,2022
80,81,Harrison Phillips,2,2,0.0,0,0,0,0,0,1,4.5,4.5,23.5%,DL,2022
81,82,Arden Key,1,0,0.0,0,0,0,0,0,1,4.0,4.0,2.4%,DL,2022
82,83,Matt Ioannidis,1,0,0.0,0,0,0,0,0,1,4.0,4.0,0.0%,DL,2022
83,84,Dante Fowler,1,0,0.0,0,0,0,0,0,1,4.0,4.0,3.5%,DL,2022
84,85,Adam Gotsis,1,0,0.0,0,0,0,0,0,1,4.0,4.0,1.2%,DL,2022
85,86,Marquan McCall,1,0,0.0,0,0,0,0,0,1,4.0,4.0,0.0%,DL,2022
86,87,Payton Turner,1,0,0.0,0,0,0,0,0,1,4.0,4.0,0.2%,DL,2022
87,88,Maliek Collins,1,0,0.0,0,0,0,0,0,1,4.0,4.0,2.4%,DL,2022
88,89,David Onyemata,2,1,0.0,0,0,0,0,0,1,3.8,3.8,5.7%,DL,2022
89,90,Hassan Ridgeway,1,3,0.0,0,0,0,0,0,1,3.8,3.8,0.0%,DL,2022
90,91,Boye Mafe,2,1,0.0,0,0,0,0,0,1,3.8,3.8,8.6%,DL,2022
91,92,Calais Campbell,2,1,0.0,0,0,0,0,0,1,3.8,3.8,3.1%,DL,2022
92,93,Angelo Blackson,1,1,0.0,1,0,0,0,0,1,3.8,3.8,0.2%,DL,2022
93,94,Poona Ford,2,1,0.0,0,0,0,0,0,1,3.8,3.8,0.7%,DL,2022
94,95,Dalvin Tomlinson,1,3,0.0,0,0,0,0,0,1,3.8,3.8,2.2%,DL,2022
95,96,Rakeem Nunez-Roches,2,1,0.0,0,0,0,0,0,1,3.8,3.8,0.9%,DL,2022
96,97,Larry Ogunjobi,0,2,0.5,0,0,0,0,0,1,3.5,3.5,2.5%,DL,2022
97,98,Nick Williams,1,2,0.0,0,0,0,0,0,1,3.0,3.0,3.0%,DL,2022
98,99,Travon Walker,0,2,0.0,1,0,0,0,0,1,3.0,3.0,11.9%,DL,2022
99,100,Osa Odighizuwa,2,0,0.0,0,0,0,0,0,1,3.0,3.0,6.1%,DL,2022
100,101,Davon Godchaux,1,2,0.0,0,0,0,0,0,1,3.0,3.0,4.3%,DL,2022
101,102,Andrew Billings,1,2,0.0,0,0,0,0,0,1,3.0,3.0,1.6%,DL,2022
102,103,Taven Bryan,2,0,0.0,0,0,0,0,0,1,3.0,3.0,0.2%,DL,2022
103,104,Daniel Ekuale,1,0,0.0,1,0,0,0,0,1,3.0,3.0,0.2%,DL,2022
104,105,Kayvon Thibodeaux,1,0,0.0,1,0,0,0,0,1,3.0,3.0,23.3%,DL,2022
105,106,Jordan Davis,0,2,0.0,1,0,0,0,0,1,3.0,3.0,5.4%,DL,2022
106,107,Marlon Tuipulotu,2,0,0.0,0,0,0,0,0,1,3.0,3.0,0.2%,DL,2022
107,108,Sam Williams,2,0,0.0,0,0,0,0,0,1,3.0,3.0,1.6%,DL,2022
108,109,Jeffery Simmons,0,2,0.0,1,0,0,0,0,1,3.0,3.0,27.2%,DL,2022
109,110,Deadrin Senat,2,0,0.0,0,0,0,0,0,1,3.0,3.0,1.0%,DL,2022
110,111,Zach Sieler,1,2,0.0,0,0,0,0,0,1,3.0,3.0,27.9%,DL,2022
111,112,Jamir Jones,2,0,0.0,0,0,0,0,0,1,3.0,3.0,0.0%,DL,2022
112,113,Tershawn Wharton,2,0,0.0,0,0,0,0,0,1,3.0,3.0,0.4%,DL,2022
113,114,Charles Omenihu,1,2,0.0,0,0,0,0,0,1,3.0,3.0,1.1%,DL,2022
114,115,Jerry Tillery,2,0,0.0,0,0,0,0,0,1,3.0,3.0,0.7%,DL,2022
115,116,DaQuan Jones,1,2,0.0,0,0,0,0,0,1,3.0,3.0,0.7%,DL,2022
116,117,Dean Lowry,1,2,0.0,0,0,0,0,0,1,3.0,3.0,0.6%,DL,2022
117,118,Justin Ellis,1,2,0.0,0,0,0,0,0,1,3.0,3.0,2.0%,DL,2022
118,119,Dre'Mont Jones,0,3,0.0,0,0,0,0,0,1,2.3,2.3,4.9%,DL,2022
119,120,Montez Sweat,1,1,0.0,0,0,0,0,0,1,2.3,2.3,35.2%,DL,2022
120,121,Ta'Quon Graham,0,3,0.0,0,0,0,0,0,1,2.3,2.3,0.4%,DL,2022
121,122,Chris Rumph,0,1,0.0,1,0,0,0,0,1,2.3,2.3,0.4%,DL,2022
122,123,Chauncey Golston,1,1,0.0,0,0,0,0,0,1,2.3,2.3,0.7%,DL,2022
123,124,Michael Dogbe,1,1,0.0,0,0,0,0,0,1,2.3,2.3,2.0%,DL,2022
124,125,Clelin Ferrell,1,1,0.0,0,0,0,0,0,1,2.3,2.3,1.7%,DL,2022
125,126,Isaiah Buggs,1,1,0.0,0,0,0,0,0,1,2.3,2.3,0.2%,DL,2022
126,127,Josh Allen,0,1,0.0,1,0,0,0,0,1,2.3,2.3,44.1%,DL,2022
127,128,William Gholston,1,1,0.0,0,0,0,0,0,1,2.3,2.3,1.6%,DL,2022
128,129,Armon Watts,1,1,0.0,0,0,0,0,0,1,2.3,2.3,0.7%,DL,2022
129,130,DJ Reader,1,1,0.0,0,0,0,0,0,1,2.3,2.3,2.6%,DL,2022
130,131,Roy Lopez,1,1,0.0,0,0,0,0,0,1,2.3,2.3,0.0%,DL,2022
131,132,Kentavius Street,1,1,0.0,0,0,0,0,0,1,2.3,2.3,0.0%,DL,2022
132,133,Henry Mondeaux,0,3,0.0,0,0,0,0,0,1,2.3,2.3,3.0%,DL,2022
133,134,Johnathan Hankins,1,1,0.0,0,0,0,0,0,1,2.3,2.3,0.0%,DL,2022
134,135,Henry Anderson,1,1,0.0,0,0,0,0,0,1,2.3,2.3,0.0%,DL,2022
135,136,William Bradley-King,1,1,0.0,0,0,0,0,0,1,2.3,2.3,0.0%,DL,2022
136,137,Anthony Rush,1,1,0.0,0,0,0,0,0,1,2.3,2.3,0.0%,DL,2022
137,138,Sam Hubbard,1,1,0.0,0,0,0,0,0,1,2.3,2.3,21.7%,DL,2022
138,139,Michael Brockers,0,1,0.0,1,0,0,0,0,1,2.3,2.3,0.0%,DL,2022
139,140,Austin Johnson,1,1,0.0,0,0,0,0,0,1,2.3,2.3,3.0%,DL,2022
140,141,Trey Flowers,1,1,0.0,0,0,0,0,0,1,2.3,2.3,0.2%,DL,2022
141,142,Derrek Tuszka,1,1,0.0,0,0,0,0,0,1,2.3,2.3,0.0%,DL,2022
142,143,Grover Stewart,1,1,0.0,0,0,0,0,0,1,2.3,2.3,3.5%,DL,2022
143,144,DeMarcus Walker,1,1,0.0,0,0,0,0,0,1,2.3,2.3,1.8%,DL,2022
144,145,Teair Tart,0,1,0.0,1,0,0,0,0,1,2.3,2.3,0.2%,DL,2022
145,146,Wyatt Ray,1,0,0.0,0,0,0,0,0,1,1.5,1.5,0.0%,DL,2022
146,147,Zach Carter,0,2,0.0,0,0,0,0,0,1,1.5,1.5,0.4%,DL,2022
147,148,Milton Williams,0,2,0.0,0,0,0,0,0,1,1.5,1.5,2.6%,DL,2022
148,149,Neville Gallimore,1,0,0.0,0,0,0,0,0,1,1.5,1.5,0.6%,DL,2022
149,150,Derrick Nnadi,1,0,0.0,0,0,0,0,0,1,1.5,1.5,0.9%,DL,2022
150,151,Shaq Lawson,0,2,0.0,0,0,0,0,0,1,1.5,1.5,0.0%,DL,2022
151,152,D.J. Jones,0,0,0.0,1,0,0,0,0,1,1.5,1.5,5.0%,DL,2022
152,153,Josh Tupou,1,0,0.0,0,0,0,0,0,1,1.5,1.5,0.0%,DL,2022
153,154,John Jenkins,0,2,0.0,0,0,0,0,0,1,1.5,1.5,1.7%,DL,2022
154,155,Nik Bonitto,1,0,0.0,0,0,0,0,0,1,1.5,1.5,1.8%,DL,2022
155,156,Emmanuel Ogbah,1,0,0.0,0,0,0,0,0,1,1.5,1.5,1.1%,DL,2022
156,157,Joey Bosa,1,0,0.0,0,0,0,0,0,1,1.5,1.5,16.7%,DL,2022
157,158,Boogie Basham,0,0,0.0,1,0,0,0,0,1,1.5,1.5,0.0%,DL,2022
158,159,Alex Wright,0,2,0.0,0,0,0,0,0,1,1.5,1.5,0.7%,DL,2022
159,160,Myles Garrett,0,2,0.0,0,0,0,0,0,1,1.5,1.5,63.7%,DL,2022
160,161,Yetur Gross-Matos,0,2,0.0,0,0,0,0,0,1,1.5,1.5,1.1%,DL,2022
161,162,Darryl Johnson,0,2,0.0,0,0,0,0,0,1,1.5,1.5,0.0%,DL,2022
162,163,DeMarvin Leal,1,0,0.0,0,0,0,0,0,1,1.5,1.5,0.2%,DL,2022
163,164,Tanoh Kpassagnon,0,2,0.0,0,0,0,0,0,1,1.5,1.5,0.0%,DL,2022
164,165,Alim McNeill,1,0,0.0,0,0,0,0,0,1,1.5,1.5,2.9%,DL,2022
165,166,D.J. Wonnum,1,0,0.0,0,0,0,0,0,1,1.5,1.5,13.9%,DL,2022
166,167,Arnold Ebiketie,1,0,0.0,0,0,0,0,0,1,1.5,1.5,1.8%,DL,2022
167,168,Akeem Spence,1,0,0.0,0,0,0,0,0,1,1.5,1.5,0.0%,DL,2022
168,169,Malcolm Koonce,1,0,0.0,0,0,0,0,0,1,1.5,1.5,3.8%,DL,2022
169,170,Greg Gaines,1,0,0.0,0,0,0,0,0,1,1.5,1.5,0.4%,DL,2022
170,171,Roy Robertson-Harris,1,0,0.0,0,0,0,0,0,1,1.5,1.5,1.3%,DL,2022
171,172,Montravius Adams,0,0,0.0,1,0,0,0,0,1,1.5,1.5,0.4%,DL,2022
172,173,Marcus Davenport,1,0,0.0,0,0,0,0,0,1,1.5,1.5,2.1%,DL,2022
173,174,Anthony Nelson,1,0,0.0,0,0,0,0,0,1,1.5,1.5,0.4%,DL,2022
174,175,Malik Herring,0,2,0.0,0,0,0,0,0,1,1.5,1.5,0.2%,DL,2022
175,176,Carl Nassib,1,0,0.0,0,0,0,0,0,1,1.5,1.5,0.0%,DL,2022
176,177,Trysten Hill,1,0,0.0,0,0,0,0,0,1,1.5,1.5,0.2%,DL,2022
177,178,Javon Kinlaw,1,0,0.0,0,0,0,0,0,1,1.5,1.5,1.7%,DL,2022
178,179,Cameron Thomas,0,1,0.0,0,0,0,0,0,1,0.8,0.8,0.2%,DL,2022
179,180,Ifeadi Odenigbo,0,1,0.0,0,0,0,0,0,1,0.8,0.8,4.0%,DL,2022
180,181,Tim Settle,0,1,0.0,0,0,0,0,0,1,0.8,0.8,0.4%,DL,2022
181,182,Travis Jones,0,1,0.0,0,0,0,0,0,1,0.8,0.8,1.7%,DL,2022
182,183,Quinton Bohanna,0,1,0.0,0,0,0,0,0,1,0.8,0.8,0.0%,DL,2022
183,184,Matthew Butler,0,1,0.0,0,0,0,0,0,1,0.8,0.8,0.0%,DL,2022
184,185,James Lynch,0,1,0.0,0,0,0,0,0,1,0.8,0.8,1.0%,DL,2022
185,186,Daviyon Nixon,0,1,0.0,0,0,0,0,0,1,0.8,0.8,0.0%,DL,2022
186,187,Leki Fotu,0,1,0.0,0,0,0,0,0,1,0.8,0.8,0.4%,DL,2022
187,188,Joseph Ossai,0,1,0.0,0,0,0,0,0,1,0.8,0.8,0.7%,DL,2022
188,189,Naquan Jones,0,1,0.0,0,0,0,0,0,1,0.8,0.8,0.0%,DL,2022
189,190,Benning Potoa'e,0,1,0.0,0,0,0,0,0,1,0.8,0.8,0.0%,DL,2022
190,191,Bryan Mone,0,1,0.0,0,0,0,0,0,1,0.8,0.8,0.0%,DL,2022
191,192,Lawrence Guy,0,1,0.0,0,0,0,0,0,1,0.8,0.8,4.0%,DL,2022
192,193,Micah Parsons,1,0,0.0,0,0,0,0,0,1,0.0,0.0,77.7%,DL,2022
193,194,Tipa Galeai,0,0,0.0,0,0,0,0,0,1,0.0,0.0,0.0%,DL,2022
194,195,Jonathan Garvin,0,0,0.0,0,0,0,0,0,1,0.0,0.0,0.0%,DL,2022
195,196,Trevis Gipson,0,0,0.0,0,0,0,0,0,1,0.0,0.0,1.1%,DL,2022
196,197,Alex Highsmith,6,2,1.5,0,0,0,0,0,1,0.0,0.0,25.4%,DL,2022
197,198,Tomon Fox,0,0,0.0,0,0,0,0,0,1,0.0,0.0,0.0%,DL,2022
198,199,Michael Dwumfour,0,0,0.0,0,0,0,0,0,1,0.0,0.0,1.0%,DL,2022
199,200,Kingsley Enagbare,0,0,0.0,0,0,0,0,0,1,0.0,0.0,0.4%,DL,2022
200,201,Patrick Johnson,0,0,0.0,0,0,0,0,0,1,0.0,0.0,0.0%,DL,2022
201,202,Baron Browning,0,0,0.0,0,0,0,0,0,1,0.0,0.0,6.0%,DL,2022
202,203,Zaven Collins,4,0,0.0,0,0,0,0,0,1,0.0,0.0,6.1%,DL,2022
203,204,Joe Tryon-Shoyinka,1,0,0.0,0,0,0,0,0,1,0.0,0.0,2.4%,DL,2022
204,205,Azeez Ojulari,0,1,0.0,0,0,0,0,0,1,0.0,0.0,2.2%,DL,2022
205,206,Victor Dimukeje,0,0,0.0,0,0,0,0,0,1,0.0,0.0,0.7%,DL,2022
206,207,Aidan Hutchinson,0,0,0.0,0,0,0,0,0,1,0.0,0.0,55.2%,DL,2022
207,208,Thomas Booker,0,0,0.0,0,0,0,0,0,1,0.0,0.0,1.0%,DL,2022
208,209,Dominique Robinson,0,0,0.0,0,0,0,0,0,1,0.0,0.0,0.9%,DL,2022
209,210,D.J. Davidson,0,0,0.0,0,0,0,0,0,1,0.0,0.0,0.4%,DL,2022
210,211,Cameron Goode,0,0,0.0,0,0,0,0,0,1,0.0,0.0,0.2%,DL,2022
211,212,Big Kat,0,0,0.0,0,0,0,0,0,1,0.0,0.0,0.0%,DL,2022
212,213,Jeff Gunter,0,0,0.0,0,0,0,0,0,1,0.0,0.0,0.2%,DL,2022
213,214,Malik Harrison,0,1,0.0,0,0,0,0,0,1,0.0,0.0,7.0%,DL,2022
214,215,Devon Kennard,0,0,0.0,0,0,0,0,0,1,0.0,0.0,0.0%,DL,2022
215,216,Khalil Mack,4,1,0.0,0,0,0,0,0,1,0.0,0.0,52.8%,DL,2022
216,217,Kyle Van,4,1,0.0,0,0,0,0,0,1,0.0,0.0,8.2%,DL,2022
217,218,Chandler Jones,0,1,0.0,0,0,0,0,0,1,0.0,0.0,0.5%,DL,2022
218,219,Mike Pennel,0,0,0.0,0,0,0,0,0,1,0.0,0.0,0.4%,DL,2022
219,220,Shaquil Barrett,3,2,0.0,0,0,0,0,0,1,0.0,0.0,8.4%,DL,2022
220,221,Denico Autry,0,0,0.0,0,0,0,0,0,1,0.0,0.0,10.1%,DL,2022
221,222,Brandon Copeland,2,0,1.0,0,0,0,0,0,1,0.0,0.0,0.0%,DL,2022
222,223,Von Miller,0,0,0.0,1,0,0,0,0,1,0.0,0.0,2.5%,DL,2022
223,224,Robert Quinn,1,0,0.0,0,0,0,0,0,1,0.0,0.0,1.2%,DL,2022
224,225,Anfernee Jennings,0,0,0.0,0,0,0,0,0,1,0.0,0.0,4.9%,DL,2022
225,226,Ogbo Okoronkwo,1,1,0.0,0,0,0,0,0,1,0.0,0.0,2.7%,DL,2022
226,227,Bilal Nichols,0,0,0.0,0,0,0,0,0,1,0.0,0.0,1.3%,DL,2022
227,228,John Franklin-Myers,0,0,0.0,0,0,0,0,0,1,0.0,0.0,0.9%,DL,2022
228,229,Jacob Martin,0,0,0.0,0,0,0,0,0,1,0.0,0.0,0.4%,DL,2022
229,230,Dennis Gardeck,2,0,0.0,0,0,0,0,0,1,0.0,0.0,3.6%,DL,2022
230,231,Bradley Chubb,1,1,1.0,0,0,0,0,0,1,0.0,0.0,18.2%,DL,2022
231,232,Uchenna Nwosu,1,2,0.0,0,0,0,1,0,1,0.0,0.0,17.7%,DL,2022
232,233,Lorenzo Carter,1,1,1.0,0,0,0,0,0,1,0.0,0.0,1.8%,DL,2022
233,234,Marquis Haynes,1,1,0.0,0,0,0,1,1,1,0.0,0.0,0.6%,DL,2022
234,235,Julian Okwara,0,0,0.0,0,0,0,0,0,1,0.0,0.0,0.0%,DL,2022
235,236,K'Lavon Chaisson,0,0,0.0,0,0,0,0,0,1,0.0,0.0,1.3%,DL,2022
236,237,Joshua Uche,0,0,0.0,0,0,0,0,0,1,0.0,0.0,0.9%,DL,2022
237,238,DaVon Hamilton,0,0,0.0,0,0,0,0,0,1,0.0,0.0,0.7%,DL,2022
238,239,Anthony Pittman,0,0,0.0,0,0,0,0,0,1,0.0,0.0,0.0%,DL,2022
239,240,Oshane Ximines,1,2,0.0,0,0,0,0,0,1,0.0,0.0,0.0%,DL,2022
240,241,Brian Burns,0,0,0.0,0,0,0,0,0,1,0.0,0.0,41.3%,DL,2022
241,242,Austin Bryant,0,0,0.0,0,0,0,0,0,1,0.0,0.0,1.0%,DL,2022
242,243,Rashan Gary,2,1,1.0,0,0,0,0,0,1,0.0,0.0,11.2%,DL,2022
243,244,Andrew Van,0,1,0.0,0,0,0,0,0,1,0.0,0.0,11.2%,DL,2022
244,245,Malik Reed,1,1,0.0,0,0,0,0,0,1,0.0,0.0,0.0%,DL,2022
245,246,Justin Hollins,2,2,0.0,0,0,0,0,0,1,0.0,0.0,0.0%,DL,2022
246,247,Ben Banogu,0,0,0.0,0,0,0,0,0,1,0.0,0.0,0.0%,DL,2022
247,248,Matthew Judon,1,0,1.0,0,0,0,0,0,1,0.0,0.0,16.8%,DL,2022
248,249,Leonard Floyd,1,3,0.0,0,0,0,0,0,1,0.0,0.0,5.4%,DL,2022
249,250,Markus Golden,1,0,0.0,0,0,0,0,0,1,0.0,0.0,0.5%,DL,2022
250,251,Za'Darius Smith,2,1,0.0,0,0,0,0,0,1,0.0,0.0,5.4%,DL,2022
251,252,Carl Lawson,0,0,0.0,0,0,0,0,0,1,0.0,0.0,0.0%,DL,2022
252,253,Samson Ebukam,0,2,0.0,0,0,0,0,0,1,0.0,0.0,8.7%,DL,2022
253,254,Michael Pierce,0,0,0.0,0,0,0,0,0,1,0.0,0.0,1.7%,DL,2022
254,255,Morgan Fox,0,0,0.0,0,0,0,0,0,1,0.0,0.0,2.3%,DL,2022
255,256,Zach Wood,0,0,0.0,0,0,0,0,0,1,0.0,0.0,0.0%,DL,2022
