,Rank,Player,Tackle,Assist,Sack,Pass Defended,Interception,Forced Fumble,Fumble Recovery,Defend Touchdown,Games Played,Fantasy Football Points,FTPS/Game,ROST,Position,Year
0,1,Foyesade Oluokun,13,5,0.0,0,0,0,0,0,1,30.8,30.8,93.9%,LB,2022
1,2,Nick Bolton,8,3,0.0,1,1,0,0,0,1,23.3,23.3,52.3%,LB,2022
2,3,Jack Sanborn,10,4,0.0,0,0,0,0,0,1,23.0,23.0,3.8%,LB,2022
3,4,Denzel Perryman,4,5,0.0,1,1,0,0,0,1,21.3,21.3,11.8%,LB,2022
4,5,Isaiah Simmons,8,0,1.0,1,0,0,0,0,1,20.0,20.0,6.2%,LB,2022
5,6,Devin White,8,5,0.5,1,0,0,0,0,1,19.3,19.3,22.7%,LB,2022
6,7,Cody Barton,8,4,0.0,1,0,0,0,0,1,19.0,19.0,12.0%,LB,2022
7,8,Jordyn Brooks,7,9,0.0,1,0,0,0,0,1,18.8,18.8,25.9%,LB,2022
8,9,Alex Anzalone,7,2,0.0,1,1,0,0,0,1,18.5,18.5,31.6%,LB,2022
9,10,Elandon Roberts,7,1,1.0,0,0,0,0,0,1,17.8,17.8,15.3%,LB,2022
10,11,Josey Jewell,7,1,0.0,0,0,1,0,0,1,17.8,17.8,30.2%,LB,2022
11,12,Kaden Elliss,10,3,0.0,0,0,0,0,0,1,17.3,17.3,15.6%,LB,2022
12,13,Christian Kirksey,5,2,1.0,1,0,0,0,0,1,17.0,17.0,0.1%,LB,2022
13,14,Micah Parsons,2,1,2.0,0,0,0,0,0,1,16.8,16.8,77.7%,LB,2022
14,15,C.J. Mosley,3,7,0.0,1,1,0,0,0,1,16.3,16.3,65.7%,LB,2022
15,16,James Houston,2,0,2.0,0,0,0,0,0,1,16.0,16.0,1.5%,LB,2022
16,17,Rashaan Evans,8,5,0.0,0,0,0,0,0,1,15.8,15.8,0.2%,LB,2022
17,18,Alex Highsmith,4,2,1.0,0,0,1,0,0,1,15.5,15.5,25.4%,LB,2022
18,19,Mykal Walker,1,8,0.0,2,1,0,0,0,1,15.5,15.5,2.6%,LB,2022
19,20,Quay Walker,4,7,0.0,0,0,0,1,0,1,15.3,15.3,37.3%,LB,2022
20,21,Fred Warner,5,1,0.0,2,0,1,0,0,1,15.3,15.3,90.4%,LB,2022
21,22,Jaylon Smith,7,3,0.0,0,0,0,0,0,1,15.3,15.3,0.2%,LB,2022
22,23,Jordan Hicks,6,2,1.0,0,0,0,0,0,1,14.5,14.5,29.9%,LB,2022
23,24,Logan Wilson,5,4,0.0,1,0,0,0,0,1,14.5,14.5,63.1%,LB,2022
24,25,Drue Tranquill,7,2,0.0,0,0,0,0,0,1,14.5,14.5,12.4%,LB,2022
25,26,Jeremiah Owusu-Koramoah,6,2,0.0,1,0,0,0,0,1,14.5,14.5,29.2%,LB,2022
26,27,Tyus Bowser,2,1,1.0,0,0,1,0,0,1,14.3,14.3,0.7%,LB,2022
27,28,A.J. Klein,6,3,0.0,0,0,0,0,0,1,13.8,13.8,0.0%,LB,2022
28,29,Damone Clark,6,1,0.0,0,0,1,0,0,1,13.8,13.8,9.1%,LB,2022
29,30,Dre Greenlaw,5,1,0.0,1,0,0,1,0,1,13.8,13.8,37.9%,LB,2022
30,31,Jerome Baker,3,1,1.0,0,0,1,0,0,1,13.3,13.3,14.7%,LB,2022
31,32,Marquis Haynes,2,0,1.0,2,0,0,0,0,1,12.5,12.5,0.6%,LB,2022
32,33,Matt Milano,4,3,0.0,1,0,0,0,0,1,12.3,12.3,22.8%,LB,2022
33,34,Lavonte David,5,3,0.0,0,0,0,0,0,1,12.3,12.3,52.4%,LB,2022
34,35,Justin Hollins,2,0,1.0,0,0,0,0,0,1,12.0,12.0,0.0%,LB,2022
35,36,Ernest Jones,5,6,0.0,0,0,0,0,0,1,12.0,12.0,58.9%,LB,2022
36,37,Jamin Davis,6,4,0.0,0,0,0,0,0,1,12.0,12.0,8.8%,LB,2022
37,38,Zaire Franklin,5,6,0.0,0,0,0,0,0,1,12.0,12.0,92.0%,LB,2022
38,39,Patrick Queen,4,2,0.0,1,0,0,0,0,1,11.5,11.5,43.7%,LB,2022
39,40,Malcolm Rodriguez,4,2,0.0,1,0,0,0,0,1,11.5,11.5,2.7%,LB,2022
40,41,Preston Smith,3,3,0.5,0,0,0,0,0,1,11.3,11.3,11.1%,LB,2022
41,42,Eric Kendricks,5,3,0.0,1,0,0,0,0,1,11.3,11.3,32.1%,LB,2022
42,43,Frankie Luvu,7,1,0.0,0,0,0,0,0,1,11.3,11.3,44.4%,LB,2022
43,44,Jake Hansen,3,0,1.0,0,0,0,0,0,1,11.0,11.0,0.0%,LB,2022
44,45,Nicholas Morrow,3,5,0.0,0,0,0,0,0,1,10.8,10.8,4.9%,LB,2022
45,46,Bradley Chubb,1,1,1.0,0,0,1,0,0,1,10.3,10.3,18.2%,LB,2022
46,47,Leighton Vander,5,3,0.0,0,0,0,0,0,1,9.8,9.8,2.2%,LB,2022
47,48,David Long,5,1,0.0,1,0,0,0,0,1,9.8,9.8,8.2%,LB,2022
48,49,Roquan Smith,5,3,0.0,0,0,0,0,0,1,9.8,9.8,90.7%,LB,2022
49,50,Chad Muma,4,5,0.0,0,0,0,0,0,1,9.8,9.8,2.1%,LB,2022
50,51,Andrew Van,2,0,0.0,1,1,0,0,0,1,9.5,9.5,11.2%,LB,2022
51,52,Raekwon McMillan,3,0,0.0,0,0,0,0,0,1,9.5,9.5,0.4%,LB,2022
52,53,Kenneth Murray,3,4,0.0,1,0,0,0,0,1,9.0,9.0,15.3%,LB,2022
53,54,Devin Bush,2,6,0.0,1,0,0,0,0,1,9.0,9.0,5.1%,LB,2022
54,55,Myles Jack,5,2,0.0,0,0,0,0,0,1,9.0,9.0,0.4%,LB,2022
55,56,Demario Davis,2,6,0.0,1,0,0,0,0,1,9.0,9.0,22.3%,LB,2022
56,57,Micah McFadden,2,1,0.0,0,0,0,0,0,1,8.8,8.8,7.8%,LB,2022
57,58,Kwon Alexander,2,2,0.0,0,0,1,0,0,1,8.5,8.5,1.1%,LB,2022
58,59,E.J. Speed,2,4,0.0,0,0,0,0,0,1,8.5,8.5,39.8%,LB,2022
59,60,Zack Baun,4,0,0.0,0,0,0,0,0,1,8.5,8.5,0.9%,LB,2022
60,61,Quincy Williams,3,2,0.0,0,0,0,0,0,1,8.5,8.5,51.5%,LB,2022
61,62,Dylan Cole,3,2,0.0,0,0,0,0,0,1,8.5,8.5,0.0%,LB,2022
62,63,Willie Gay,3,2,0.0,0,0,0,0,0,1,8.5,8.5,7.4%,LB,2022
63,64,Alex Singleton,4,3,0.0,0,0,0,0,0,1,8.3,8.3,61.3%,LB,2022
64,65,Shaq Thompson,5,1,0.0,0,0,0,0,0,1,8.3,8.3,14.8%,LB,2022
65,66,Krys Barnes,5,1,0.0,0,0,0,0,0,1,8.3,8.3,8.8%,LB,2022
66,67,T.J. Watt,2,1,0.0,0,0,1,0,0,1,7.8,7.8,78.9%,LB,2022
67,68,Troy Andersen,2,3,0.0,0,0,0,0,0,1,7.8,7.8,10.8%,LB,2022
68,69,Ben Niemann,3,1,0.0,0,0,0,0,0,1,7.8,7.8,0.4%,LB,2022
69,70,Tony Fields,3,1,0.0,0,0,0,0,0,1,7.8,7.8,1.5%,LB,2022
70,71,Jalen Reeves-Maybin,4,2,0.0,0,0,0,0,0,1,7.5,7.5,1.3%,LB,2022
71,72,Bobby Wagner,2,4,0.0,1,0,0,0,0,1,7.5,7.5,72.4%,LB,2022
72,73,Germaine Pratt,4,2,0.0,0,0,0,0,0,1,7.5,7.5,17.3%,LB,2022
73,74,Ja'Whaun Bentley,3,4,0.0,0,0,0,0,0,1,7.5,7.5,15.7%,LB,2022
74,75,T.J. Edwards,3,4,0.0,0,0,0,0,0,1,7.5,7.5,78.9%,LB,2022
75,76,Za'Darius Smith,3,0,0.0,0,0,0,0,0,1,7.0,7.0,5.4%,LB,2022
76,77,Kyle Van,4,1,0.0,0,0,0,0,0,1,6.8,6.8,8.2%,LB,2022
77,78,Sione Takitaki,3,3,0.0,0,0,0,0,0,1,6.8,6.8,4.6%,LB,2022
78,79,Sam Franklin,2,1,0.0,0,0,0,0,0,1,6.3,6.3,0.4%,LB,2022
79,80,Samson Ebukam,1,1,0.0,0,0,0,1,0,1,6.3,6.3,8.7%,LB,2022
80,81,Zaven Collins,2,1,0.0,0,0,0,0,0,1,6.3,6.3,6.1%,LB,2022
81,82,Bobby Okereke,3,2,0.0,0,0,0,0,0,1,6.0,6.0,79.4%,LB,2022
82,83,Khalil Mack,2,0,0.0,0,0,0,0,0,1,5.5,5.5,52.8%,LB,2022
83,84,Jayon Brown,2,3,0.0,0,0,0,0,0,1,5.3,5.3,2.0%,LB,2022
84,85,Jahlani Tavai,1,1,0.0,0,0,0,0,0,1,4.8,4.8,6.3%,LB,2022
85,86,Azeez Al-Shaair,2,2,0.0,0,0,0,0,0,1,4.5,4.5,43.0%,LB,2022
86,87,Chandler Jones,0,0,0.0,0,0,0,1,0,1,4.0,4.0,0.5%,LB,2022
87,88,Kyzir White,2,1,0.0,0,0,0,0,0,1,3.8,3.8,22.3%,LB,2022
88,89,Isaiah McDuffie,2,1,0.0,0,0,0,0,0,1,3.8,3.8,4.4%,LB,2022
89,90,Lorenzo Carter,2,1,0.0,0,0,0,0,0,1,3.8,3.8,1.8%,LB,2022
90,91,Devin Lloyd,2,1,0.0,0,0,0,0,0,1,3.8,3.8,24.9%,LB,2022
91,92,Derrick Barnes,2,1,0.0,0,0,0,0,0,1,3.8,3.8,9.9%,LB,2022
92,93,Matthew Judon,1,2,0.0,0,0,0,0,0,1,3.0,3.0,16.8%,LB,2022
93,94,Bud Dupree,2,0,0.0,0,0,0,0,0,1,3.0,3.0,1.3%,LB,2022
94,95,Malik Reed,0,4,0.0,0,0,0,0,0,1,3.0,3.0,0.0%,LB,2022
95,96,Anfernee Jennings,2,0,0.0,0,0,0,0,0,1,3.0,3.0,4.9%,LB,2022
96,97,Jon Bostic,2,0,0.0,0,0,0,0,0,1,3.0,3.0,0.0%,LB,2022
97,98,Duke Riley,0,2,0.0,1,0,0,0,0,1,3.0,3.0,4.0%,LB,2022
98,99,Casey Toohill,1,1,0.0,0,0,0,0,0,1,2.3,2.3,0.7%,LB,2022
99,100,Leonard Floyd,1,1,0.0,0,0,0,0,0,1,2.3,2.3,5.4%,LB,2022
100,101,Christian Harris,1,1,0.0,0,0,0,0,0,1,2.3,2.3,11.6%,LB,2022
101,102,Tanner Vallejo,1,1,0.0,0,0,0,0,0,1,2.3,2.3,0.0%,LB,2022
102,103,Joe Tryon-Shoyinka,1,1,0.0,0,0,0,0,0,1,2.3,2.3,2.4%,LB,2022
103,104,Blake Cashman,1,1,0.0,0,0,0,0,0,1,2.3,2.3,14.6%,LB,2022
104,105,Uchenna Nwosu,1,1,0.0,0,0,0,0,0,1,2.3,2.3,17.7%,LB,2022
105,106,Oshane Ximines,0,2,0.0,0,0,0,0,0,1,1.5,1.5,0.0%,LB,2022
106,107,Matthew Adams,1,0,0.0,0,0,0,0,0,1,1.5,1.5,0.2%,LB,2022
107,108,Genard Avery,1,0,0.0,0,0,0,0,0,1,1.5,1.5,0.0%,LB,2022
108,109,Brandon Smith,1,0,0.0,0,0,0,0,0,1,1.5,1.5,0.0%,LB,2022
109,110,Dennis Gardeck,1,0,0.0,0,0,0,0,0,1,1.5,1.5,3.6%,LB,2022
110,111,L.J. Collier,0,0,0.0,1,0,0,0,0,1,1.5,1.5,1.0%,LB,2022
111,112,Luke Masterson,0,2,0.0,0,0,0,0,0,1,1.5,1.5,1.8%,LB,2022
112,113,Tyrel Dodson,1,0,0.0,0,0,0,0,0,1,1.5,1.5,8.9%,LB,2022
113,114,Von Miller,1,0,0.0,0,0,0,0,0,1,1.5,1.5,2.5%,LB,2022
114,115,Deion Jones,0,2,0.0,0,0,0,0,0,1,1.5,1.5,2.7%,LB,2022
115,116,Jacob Martin,0,1,0.0,0,0,0,0,0,1,0.8,0.8,0.4%,LB,2022
116,117,Darius Harris,0,1,0.0,0,0,0,0,0,1,0.8,0.8,0.0%,LB,2022
117,118,Tomon Fox,0,1,0.0,0,0,0,0,0,1,0.8,0.8,0.0%,LB,2022
118,119,Akeem Davis-Gaither,0,1,0.0,0,0,0,0,0,1,0.8,0.8,2.2%,LB,2022
119,120,Markus Golden,0,1,0.0,0,0,0,0,0,1,0.8,0.8,0.5%,LB,2022
120,121,Malik Harrison,0,1,0.0,0,0,0,0,0,1,0.8,0.8,7.0%,LB,2022
121,122,Baron Browning,0,1,0.0,0,0,0,0,0,1,0.8,0.8,6.0%,LB,2022
122,123,Michael Hoecht,2,4,0.0,0,0,0,0,0,1,0.0,0.0,15.8%,LB,2022
123,124,Anthony Nelson,4,1,1.0,0,0,0,0,0,1,0.0,0.0,0.4%,LB,2022
124,125,David Long,1,1,0.0,0,0,0,0,0,1,0.0,0.0,0.0%,LB,2022
125,126,Ulysees Gilbert,0,0,0.0,0,0,0,0,0,1,0.0,0.0,0.0%,LB,2022
126,127,Demetrius Flannigan-Fowles,0,0,0.0,0,0,0,0,0,1,0.0,0.0,1.6%,LB,2022
127,128,Joe Giles-Harris,0,0,0.0,0,0,0,0,0,1,0.0,0.0,0.0%,LB,2022
128,129,Jacob Bobenmoyer,0,0,0.0,0,0,0,0,0,1,0.0,0.0,0.0%,LB,2022
129,130,Josh Allen,2,3,0.0,0,0,0,0,0,1,0.0,0.0,44.1%,LB,2022
130,131,Brian Burns,2,1,2.0,1,0,1,0,0,1,0.0,0.0,41.3%,LB,2022
131,132,Mack Wilson,0,0,0.0,0,0,0,0,0,1,0.0,0.0,4.9%,LB,2022
132,133,Markus Bailey,0,0,0.0,0,0,0,0,0,1,0.0,0.0,0.0%,LB,2022
133,134,Jamir Jones,0,0,0.0,0,0,0,0,0,1,0.0,0.0,0.0%,LB,2022
134,135,Justin Strnad,0,0,0.0,0,0,0,0,0,1,0.0,0.0,0.2%,LB,2022
135,136,Shaun Bradley,0,0,0.0,0,0,0,0,0,1,0.0,0.0,0.0%,LB,2022
136,137,Tae Crowder,0,0,0.0,0,0,0,0,0,1,0.0,0.0,0.0%,LB,2022
137,138,Jordan Kunaszyk,0,0,0.0,0,0,0,0,0,1,0.0,0.0,0.0%,LB,2022
138,139,Yetur Gross-Matos,0,0,0.0,0,0,0,1,0,1,0.0,0.0,1.1%,LB,2022
139,140,Julian Okwara,1,0,0.0,0,0,0,0,0,1,0.0,0.0,0.0%,LB,2022
140,141,Terrell Lewis,0,0,0.0,0,0,0,0,0,1,0.0,0.0,3.0%,LB,2022
141,142,Joshua Uche,1,0,1.0,0,0,0,0,0,1,0.0,0.0,0.9%,LB,2022
142,143,Troy Dye,0,0,0.0,0,0,0,0,0,1,0.0,0.0,0.2%,LB,2022
143,144,Jonathan Garvin,0,0,0.0,0,0,0,0,0,1,0.0,0.0,0.0%,LB,2022
144,145,Trevis Gipson,0,1,0.0,0,0,0,0,0,1,0.0,0.0,1.1%,LB,2022
145,146,Joe Bachie,0,0,0.0,0,0,0,0,0,1,0.0,0.0,0.7%,LB,2022
146,147,D.J. Wonnum,0,0,0.0,0,0,0,0,0,1,0.0,0.0,13.9%,LB,2022
147,148,Monty Rice,0,0,0.0,0,0,0,0,0,1,0.0,0.0,0.9%,LB,2022
148,149,Jack Cochrane,0,0,0.0,0,0,0,0,0,1,0.0,0.0,1.5%,LB,2022
149,150,Tariq Carpenter,0,0,0.0,0,0,0,0,0,1,0.0,0.0,0.0%,LB,2022
150,151,Caleb Johnson,0,0,0.0,0,0,0,0,0,1,0.0,0.0,0.0%,LB,2022
151,152,Odafe Oweh,0,0,0.0,0,0,0,0,0,1,0.0,0.0,6.6%,LB,2022
152,153,Chazz Surratt,0,0,0.0,0,0,0,0,0,1,0.0,0.0,0.9%,LB,2022
153,154,Ade Ogundeji,1,5,0.0,0,0,0,0,0,1,0.0,0.0,0.0%,LB,2022
154,155,Jaelan Phillips,6,1,1.0,0,0,0,0,0,1,0.0,0.0,10.0%,LB,2022
155,156,Nik Bonitto,1,0,0.0,0,0,0,0,0,1,0.0,0.0,1.8%,LB,2022
156,157,Leo Chenal,0,0,0.0,0,0,0,0,0,1,0.0,0.0,6.6%,LB,2022
157,158,Amare Barno,0,0,0.0,0,0,0,0,0,1,0.0,0.0,0.7%,LB,2022
158,159,Cameron Thomas,1,0,1.0,0,0,0,0,0,1,0.0,0.0,0.2%,LB,2022
159,160,Boye Mafe,1,2,0.0,0,0,0,0,0,1,0.0,0.0,8.6%,LB,2022
160,161,Nakobe Dean,0,0,0.0,0,0,0,0,0,1,0.0,0.0,8.9%,LB,2022
161,162,Arnold Ebiketie,1,1,0.0,0,0,0,0,0,1,0.0,0.0,1.8%,LB,2022
162,163,Travon Walker,0,1,0.0,0,0,0,0,0,1,0.0,0.0,11.9%,LB,2022
163,164,Darien Butler,0,0,0.0,0,0,0,0,0,1,0.0,0.0,0.2%,LB,2022
164,165,DeAngelo Malone,1,1,0.0,0,0,0,0,0,1,0.0,0.0,0.0%,LB,2022
165,166,Pat Jones,0,0,0.0,0,0,0,0,0,1,0.0,0.0,0.4%,LB,2022
166,167,Rashad Weaver,1,2,0.0,0,0,0,0,0,1,0.0,0.0,0.5%,LB,2022
167,168,Jonathon Cooper,1,1,0.0,0,0,0,0,0,1,0.0,0.0,17.4%,LB,2022
168,169,Kayvon Thibodeaux,0,1,0.0,0,0,0,0,0,1,0.0,0.0,23.3%,LB,2022
169,170,Kingsley Enagbare,3,4,0.0,1,0,0,0,0,1,0.0,0.0,0.4%,LB,2022
170,171,Myjai Sanders,1,0,0.0,1,0,0,0,0,1,0.0,0.0,0.0%,LB,2022
171,172,Milo Eifler,0,0,0.0,0,0,0,0,0,1,0.0,0.0,0.2%,LB,2022
172,173,Amen Ogbongbemiga,0,0,0.0,0,0,0,0,0,1,0.0,0.0,0.2%,LB,2022
173,174,Nick Bellore,0,0,0.0,0,0,0,0,0,1,0.0,0.0,7.0%,LB,2022
174,175,Melvin Ingram,2,1,1.0,0,0,0,0,0,1,0.0,0.0,0.0%,LB,2022
175,176,Bruce Irvin,1,2,0.0,0,0,0,0,0,1,0.0,0.0,0.2%,LB,2022
176,177,Jadeveon Clowney,1,3,0.5,0,0,0,0,0,1,0.0,0.0,22.5%,LB,2022
177,178,Robert Quinn,0,0,0.0,0,0,0,0,0,1,0.0,0.0,1.2%,LB,2022
178,179,Justin Houston,0,1,0.0,0,0,0,0,0,1,0.0,0.0,0.0%,LB,2022
179,180,Jason Pierre-Paul,0,0,0.0,0,0,0,0,0,1,0.0,0.0,0.0%,LB,2022
180,181,Haason Reddick,3,1,0.5,0,0,0,0,0,1,0.0,0.0,17.6%,LB,2022
181,182,Eric Wilson,0,0,0.0,0,0,0,0,0,1,0.0,0.0,0.5%,LB,2022
182,183,Dawuane Smoot,0,0,0.0,0,0,0,0,0,1,0.0,0.0,0.4%,LB,2022
183,184,Tanoh Kpassagnon,1,1,0.0,0,0,0,0,0,1,0.0,0.0,0.0%,LB,2022
184,185,Oren Burks,0,0,0.0,0,0,0,0,0,1,0.0,0.0,3.8%,LB,2022
185,186,Joel Iyiegbuniwe,0,0,0.0,0,0,0,0,0,1,0.0,0.0,0.0%,LB,2022
186,187,Andre Smith,0,0,0.0,0,0,0,0,0,1,0.0,0.0,0.2%,LB,2022
187,188,Ogbo Okoronkwo,0,0,0.0,0,0,0,0,0,1,0.0,0.0,2.7%,LB,2022
188,189,Trent Sieg,0,0,0.0,0,0,0,0,0,1,0.0,0.0,0.0%,LB,2022
189,190,Chris Board,1,0,0.0,0,0,0,0,0,1,0.0,0.0,1.5%,LB,2022
190,191,Joe Jones,0,0,0.0,0,0,0,0,0,1,0.0,0.0,0.0%,LB,2022
191,192,Marcus Allen,0,0,0.0,0,0,0,0,0,1,0.0,0.0,0.0%,LB,2022
192,193,Marcus Davenport,1,2,0.0,0,0,0,0,0,1,0.0,0.0,2.1%,LB,2022
193,194,Arden Key,0,0,0.0,1,0,0,0,0,1,0.0,0.0,2.4%,LB,2022
194,195,Danielle Hunter,2,0,1.0,0,0,0,0,0,1,0.0,0.0,52.9%,LB,2022
195,196,Frank Clark,3,3,0.0,1,0,0,0,0,1,0.0,0.0,0.0%,LB,2022
196,197,Damien Wilson,0,0,0.0,0,0,0,0,0,1,0.0,0.0,0.0%,LB,2022
197,198,David Mayo,0,0,0.0,0,0,0,0,0,1,0.0,0.0,0.2%,LB,2022
198,199,Carl Nassib,2,1,0.5,0,0,0,0,0,1,0.0,0.0,0.0%,LB,2022
199,200,Kamu Grugier-Hill,0,0,0.0,0,0,0,0,0,1,0.0,0.0,7.2%,LB,2022
200,201,Jihad Ward,1,0,0.0,0,0,0,0,0,1,0.0,0.0,0.2%,LB,2022
201,202,Tyler Matakevich,0,0,0.0,0,0,0,0,0,1,0.0,0.0,0.0%,LB,2022
