,Rank,Player,Tackle,Assist,Sack,Pass Defended,Interception,Forced Fumble,Fumble Recovery,Defend Touchdown,Games Played,Fantasy Football Points,FTPS/Game,ROST,Position,Year
0,1,Frankie Luvu,10,0,0.0,1,0,0,0,0,1,26.5,26.5,44.4%,LB,2022
1,2,Shaquil Barrett,5,0,2.0,0,0,1,0,0,1,24.5,24.5,8.4%,LB,2022
2,3,Devin White,5,6,1.0,1,0,1,0,0,1,24.0,24.0,22.7%,LB,2022
3,4,Preston Smith,4,3,2.0,0,0,0,0,0,1,21.3,21.3,11.1%,LB,2022
4,5,Jeremiah Owusu-Koramoah,8,0,0.0,0,0,1,0,0,1,21.0,21.0,29.2%,LB,2022
5,6,Willie Gay,6,5,0.0,2,0,0,0,0,1,20.8,20.8,7.4%,LB,2022
6,7,Micah Parsons,4,0,2.0,0,0,0,0,0,1,19.0,19.0,77.7%,LB,2022
7,8,Matt Milano,2,1,0.0,1,1,0,0,1,1,18.8,18.8,22.8%,LB,2022
8,9,Bobby Okereke,9,2,0.0,0,0,0,0,0,1,17.5,17.5,79.4%,LB,2022
9,10,Justin Hollins,4,1,1.0,0,0,1,0,0,1,17.3,17.3,0.0%,LB,2022
10,11,T.J. Edwards,7,3,0.0,1,0,0,0,0,1,16.8,16.8,78.9%,LB,2022
11,12,Myles Jack,6,7,0.0,0,0,0,0,0,1,16.8,16.8,0.4%,LB,2022
12,13,Devin Lloyd,3,3,0.0,3,1,0,0,0,1,16.3,16.3,24.9%,LB,2022
13,14,Leighton Vander,4,3,1.0,1,0,0,0,0,1,16.3,16.3,2.2%,LB,2022
14,15,Zaire Franklin,8,2,0.0,0,0,0,0,0,1,16.0,16.0,92.0%,LB,2022
15,16,Nicholas Morrow,7,4,0.0,0,0,0,0,0,1,16.0,16.0,4.9%,LB,2022
16,17,Mykal Walker,5,2,0.0,1,1,0,0,0,1,15.5,15.5,2.6%,LB,2022
17,18,Christian Kirksey,4,1,0.5,1,1,0,0,0,1,15.3,15.3,0.1%,LB,2022
18,19,Ernest Jones,5,7,0.0,0,0,0,0,0,1,15.3,15.3,58.9%,LB,2022
19,20,Jayon Brown,8,4,0.0,0,0,0,0,0,1,15.0,15.0,2.0%,LB,2022
20,21,Bobby Wagner,3,4,1.0,0,0,0,0,0,1,14.0,14.0,72.4%,LB,2022
21,22,Zaven Collins,5,3,0.0,0,0,1,0,0,1,13.8,13.8,6.1%,LB,2022
22,23,Tremaine Edmunds,2,0,1.0,1,0,0,0,0,1,13.5,13.5,33.7%,LB,2022
23,24,Jordyn Brooks,7,4,0.0,0,0,0,0,0,1,13.5,13.5,25.9%,LB,2022
24,25,C.J. Mosley,4,3,0.0,0,0,0,0,0,1,13.3,13.3,65.7%,LB,2022
25,26,Anthony Walker,3,1,0.0,2,0,0,0,0,1,13.3,13.3,4.0%,LB,2022
26,27,Dre Greenlaw,6,2,0.0,0,0,0,0,0,1,13.0,13.0,37.9%,LB,2022
27,28,Malcolm Rodriguez,6,2,0.0,0,0,0,0,0,1,13.0,13.0,2.7%,LB,2022
28,29,Za'Darius Smith,2,1,1.0,0,0,0,0,0,1,12.8,12.8,5.4%,LB,2022
29,30,E.J. Speed,5,0,0.0,0,0,0,0,0,1,12.5,12.5,39.8%,LB,2022
30,31,Kwon Alexander,6,1,0.0,0,0,0,0,0,1,12.3,12.3,1.1%,LB,2022
31,32,Shaq Thompson,6,4,0.0,0,0,0,0,0,1,12.0,12.0,14.8%,LB,2022
32,33,Rashan Gary,2,0,1.0,0,0,0,0,0,1,12.0,12.0,11.2%,LB,2022
33,34,Pete Werner,6,2,0.0,1,0,0,0,0,1,12.0,12.0,10.5%,LB,2022
34,35,Roquan Smith,5,6,0.0,0,0,0,0,0,1,12.0,12.0,90.7%,LB,2022
35,36,Jamin Davis,3,1,1.0,0,0,0,0,0,1,11.8,11.8,8.8%,LB,2022
36,37,Matthew Judon,1,3,1.0,1,0,0,0,0,1,11.8,11.8,16.8%,LB,2022
37,38,Nick Bolton,5,5,0.0,0,0,0,0,0,1,11.3,11.3,52.3%,LB,2022
38,39,Cody Barton,4,7,0.0,0,0,0,0,0,1,11.3,11.3,12.0%,LB,2022
39,40,Eric Kendricks,7,1,0.0,0,0,0,0,0,1,11.3,11.3,32.1%,LB,2022
40,41,Jordan Hicks,3,0,0.0,1,1,0,0,0,1,11.0,11.0,29.9%,LB,2022
41,42,Lorenzo Carter,1,1,0.0,0,0,0,0,0,1,10.8,10.8,1.8%,LB,2022
42,43,Lavonte David,3,3,1.0,0,0,0,0,0,1,10.8,10.8,52.4%,LB,2022
43,44,Anthony Barr,4,3,0.0,0,0,0,0,0,1,10.8,10.8,0.0%,LB,2022
44,45,Jahlani Tavai,1,3,1.0,0,0,0,0,0,1,10.3,10.3,6.3%,LB,2022
45,46,Demario Davis,1,4,0.0,1,0,0,1,0,1,10.0,10.0,22.3%,LB,2022
46,47,Cole Holcomb,3,7,0.0,0,0,0,0,0,1,9.8,9.8,9.1%,LB,2022
47,48,Oshane Ximines,2,0,1.0,0,0,0,0,0,1,9.5,9.5,0.0%,LB,2022
48,49,Khalil Mack,2,0,1.0,0,0,0,0,0,1,9.5,9.5,52.8%,LB,2022
49,50,Robert Quinn,2,0,1.0,0,0,0,0,0,1,9.5,9.5,1.2%,LB,2022
50,51,Alex Anzalone,4,2,0.0,1,0,0,0,0,1,9.0,9.0,31.6%,LB,2022
51,52,Nick Vigil,3,2,0.0,0,0,0,0,0,1,8.5,8.5,0.0%,LB,2022
52,53,Zach Cunningham,4,1,0.0,1,0,0,0,0,1,8.3,8.3,1.7%,LB,2022
53,54,Quay Walker,3,2,0.0,1,0,0,0,0,1,7.5,7.5,37.3%,LB,2022
54,55,Germaine Pratt,5,0,0.0,0,0,0,0,0,1,7.5,7.5,17.3%,LB,2022
55,56,Drue Tranquill,4,2,0.0,0,0,0,0,0,1,7.5,7.5,12.4%,LB,2022
56,57,Alex Singleton,1,4,0.0,2,0,0,0,0,1,7.5,7.5,61.3%,LB,2022
57,58,Isaiah Simmons,2,0,0.0,0,0,1,0,0,1,7.0,7.0,6.2%,LB,2022
58,59,Elandon Roberts,2,2,0.0,0,0,0,0,0,1,7.0,7.0,15.3%,LB,2022
59,60,Kyzir White,2,3,0.0,1,0,0,0,0,1,6.8,6.8,22.3%,LB,2022
60,61,Patrick Queen,4,1,0.0,0,0,0,0,0,1,6.8,6.8,43.7%,LB,2022
61,62,Robert Spillane,3,3,0.0,0,0,0,0,0,1,6.8,6.8,33.7%,LB,2022
62,63,Foyesade Oluokun,3,1,0.0,1,0,0,0,0,1,6.8,6.8,93.9%,LB,2022
63,64,Quincy Williams,4,1,0.0,0,0,0,0,0,1,6.8,6.8,51.5%,LB,2022
64,65,Kamu Grugier-Hill,3,2,0.0,0,0,0,0,0,1,6.0,6.0,7.2%,LB,2022
65,66,Mack Wilson,2,2,0.0,1,0,0,0,0,1,6.0,6.0,4.9%,LB,2022
66,67,Rashaan Evans,1,6,0.0,0,0,0,0,0,1,6.0,6.0,0.2%,LB,2022
67,68,Uchenna Nwosu,3,0,0.0,1,0,0,0,0,1,6.0,6.0,17.7%,LB,2022
68,69,Joe Tryon-Shoyinka,1,3,0.5,0,0,0,0,0,1,5.8,5.8,2.4%,LB,2022
69,70,Von Miller,1,0,0.0,1,0,0,0,0,1,5.5,5.5,2.5%,LB,2022
70,71,Duke Riley,3,1,0.0,0,0,0,0,0,1,5.3,5.3,4.0%,LB,2022
71,72,Kyle Van,1,1,0.0,2,0,0,0,0,1,5.3,5.3,8.2%,LB,2022
72,73,Malik Reed,2,2,0.0,0,0,0,0,0,1,4.5,4.5,0.0%,LB,2022
73,74,Jonas Griffith,3,0,0.0,0,0,0,0,0,1,4.5,4.5,2.9%,LB,2022
74,75,De'Vondre Campbell,2,2,0.0,0,0,0,0,0,1,4.5,4.5,20.9%,LB,2022
75,76,Dennis Gardeck,2,2,0.0,0,0,0,0,0,1,4.5,4.5,3.6%,LB,2022
76,77,Ja'Whaun Bentley,1,4,0.0,0,0,0,0,0,1,4.5,4.5,15.7%,LB,2022
77,78,Devin Bush,2,2,0.0,0,0,0,0,0,1,4.5,4.5,5.1%,LB,2022
78,79,Blake Cashman,1,0,0.0,0,0,0,0,0,1,4.0,4.0,14.6%,LB,2022
79,80,Tyrel Dodson,0,0,0.0,0,0,0,1,0,1,4.0,4.0,8.9%,LB,2022
80,81,Samson Ebukam,2,1,0.0,0,0,0,0,0,1,3.8,3.8,8.7%,LB,2022
81,82,Sam Eguavoen,2,1,0.0,0,0,0,0,0,1,3.8,3.8,0.0%,LB,2022
82,83,Ogbo Okoronkwo,2,1,0.0,0,0,0,0,0,1,3.8,3.8,2.7%,LB,2022
83,84,Kaden Elliss,1,1,0.0,1,0,0,0,0,1,3.8,3.8,15.6%,LB,2022
84,85,Austin Calitro,2,1,0.0,0,0,0,0,0,1,3.8,3.8,0.0%,LB,2022
85,86,Alex Highsmith,2,1,0.0,0,0,0,0,0,1,3.8,3.8,25.4%,LB,2022
86,87,Terrel Bernard,2,1,0.0,0,0,0,0,0,1,3.8,3.8,50.4%,LB,2022
87,88,Chandler Jones,2,1,0.0,0,0,0,0,0,1,3.8,3.8,0.5%,LB,2022
88,89,Marquis Haynes,1,3,0.0,0,0,0,0,0,1,3.8,3.8,0.6%,LB,2022
89,90,Anfernee Jennings,2,0,0.0,0,0,0,0,0,1,3.0,3.0,4.9%,LB,2022
90,91,Jacob Phillips,2,0,0.0,0,0,0,0,0,1,3.0,3.0,0.9%,LB,2022
91,92,Logan Wilson,1,2,0.0,0,0,0,0,0,1,3.0,3.0,63.1%,LB,2022
92,93,Fred Warner,1,2,0.0,0,0,0,0,0,1,3.0,3.0,90.4%,LB,2022
93,94,Kenneth Murray,1,2,0.0,0,0,0,0,0,1,3.0,3.0,15.3%,LB,2022
94,95,Cory Littleton,1,1,0.0,0,0,0,0,0,1,2.3,2.3,0.0%,LB,2022
95,96,Kevin Pierre-Louis,1,1,0.0,0,0,0,0,0,1,2.3,2.3,0.0%,LB,2022
96,97,Damien Wilson,1,1,0.0,0,0,0,0,0,1,2.3,2.3,0.0%,LB,2022
97,98,Leo Chenal,1,1,0.0,0,0,0,0,0,1,2.3,2.3,6.6%,LB,2022
98,99,Jacob Martin,1,1,0.0,0,0,0,0,0,1,2.3,2.3,0.4%,LB,2022
99,100,David Long,1,1,0.0,0,0,0,0,0,1,2.3,2.3,8.2%,LB,2022
100,101,Jerome Baker,1,1,0.0,0,0,0,0,0,1,2.3,2.3,14.7%,LB,2022
101,102,Markus Bailey,1,0,0.0,0,0,0,0,0,1,1.5,1.5,0.0%,LB,2022
102,103,Leonard Floyd,1,0,0.0,0,0,0,0,0,1,1.5,1.5,5.4%,LB,2022
103,104,Josh Bynes,1,0,0.0,0,0,0,0,0,1,1.5,1.5,0.0%,LB,2022
104,105,Tae Crowder,0,2,0.0,0,0,0,0,0,1,1.5,1.5,0.0%,LB,2022
105,106,Matthew Adams,0,2,0.0,0,0,0,0,0,1,1.5,1.5,0.2%,LB,2022
106,107,Markus Golden,0,2,0.0,0,0,0,0,0,1,1.5,1.5,0.5%,LB,2022
107,108,Darius Harris,1,0,0.0,0,0,0,0,0,1,1.5,1.5,0.0%,LB,2022
108,109,Ben Niemann,1,0,0.0,0,0,0,0,0,1,1.5,1.5,0.4%,LB,2022
109,110,Tanner Vallejo,1,0,0.0,0,0,0,0,0,1,1.5,1.5,0.0%,LB,2022
110,111,Micah McFadden,1,0,0.0,0,0,0,0,0,1,1.5,1.5,7.8%,LB,2022
111,112,Dylan Cole,0,1,0.0,0,0,0,0,0,1,0.8,0.8,0.0%,LB,2022
112,113,Troy Andersen,0,1,0.0,0,0,0,0,0,1,0.8,0.8,10.8%,LB,2022
113,114,Devon Kennard,0,1,0.0,0,0,0,0,0,1,0.8,0.8,0.0%,LB,2022
114,115,Malik Harrison,0,1,0.0,0,0,0,0,0,1,0.8,0.8,7.0%,LB,2022
115,116,Azeez Al-Shaair,0,1,0.0,0,0,0,0,0,1,0.8,0.8,43.0%,LB,2022
116,117,David Long,3,1,0.0,0,0,0,0,0,1,0.0,0.0,0.0%,LB,2022
117,118,Anthony Nelson,0,1,0.0,0,0,0,0,0,1,0.0,0.0,0.4%,LB,2022
118,119,Andrew Van,0,0,0.0,0,0,0,0,0,1,0.0,0.0,11.2%,LB,2022
119,120,Darryl Johnson,1,0,0.0,0,0,0,0,0,1,0.0,0.0,0.0%,LB,2022
120,121,Troy Reeder,0,0,0.0,0,0,0,0,0,1,0.0,0.0,1.6%,LB,2022
121,122,Josh Woods,0,0,0.0,0,0,0,0,0,1,0.0,0.0,0.9%,LB,2022
122,123,Ezekiel Turner,0,0,0.0,0,0,0,0,0,1,0.0,0.0,0.2%,LB,2022
123,124,Sione Takitaki,0,0,0.0,0,0,0,0,0,1,0.0,0.0,4.6%,LB,2022
124,125,Josh Allen,2,1,2.0,0,0,1,0,0,1,0.0,0.0,44.1%,LB,2022
125,126,Brian Burns,4,0,2.0,0,0,0,0,0,1,0.0,0.0,41.3%,LB,2022
126,127,Ben Burr-Kirven,0,0,0.0,0,0,0,0,0,1,0.0,0.0,0.0%,LB,2022
127,128,Jamir Jones,1,0,0.0,0,0,0,0,0,1,0.0,0.0,0.0%,LB,2022
128,129,Tomon Fox,0,0,0.0,0,0,0,0,0,1,0.0,0.0,0.0%,LB,2022
129,130,Julian Okwara,2,0,0.0,0,0,0,0,0,1,0.0,0.0,0.0%,LB,2022
130,131,Yetur Gross-Matos,1,2,0.0,0,0,0,0,0,1,0.0,0.0,1.1%,LB,2022
131,132,Jordan Kunaszyk,0,0,0.0,0,0,0,0,0,1,0.0,0.0,0.0%,LB,2022
132,133,K'Lavon Chaisson,0,1,0.0,0,0,0,0,0,1,0.0,0.0,1.3%,LB,2022
133,134,Terrell Lewis,2,1,0.0,0,0,0,0,0,1,0.0,0.0,3.0%,LB,2022
134,135,Zack Baun,0,0,0.0,0,0,0,0,0,1,0.0,0.0,0.9%,LB,2022
135,136,Joshua Uche,0,0,0.0,0,0,0,0,0,1,0.0,0.0,0.9%,LB,2022
136,137,Akeem Davis-Gaither,0,0,0.0,0,0,0,0,0,1,0.0,0.0,2.2%,LB,2022
137,138,Darrell Taylor,3,0,0.0,0,0,0,0,0,1,0.0,0.0,1.1%,LB,2022
138,139,Anthony Pittman,0,0,0.0,0,0,0,0,0,1,0.0,0.0,0.0%,LB,2022
139,140,Troy Dye,0,0,0.0,0,0,0,0,0,1,0.0,0.0,0.2%,LB,2022
140,141,Casey Toohill,0,0,0.0,0,0,0,0,0,1,0.0,0.0,0.7%,LB,2022
141,142,Tipa Galeai,0,0,0.0,0,0,0,0,0,1,0.0,0.0,0.0%,LB,2022
142,143,Carter Coughlin,0,0,0.0,0,0,0,0,0,1,0.0,0.0,0.0%,LB,2022
143,144,Trevis Gipson,2,2,2.0,0,0,0,0,0,1,0.0,0.0,1.1%,LB,2022
144,145,Shaquille Quarterman,0,0,0.0,0,0,0,0,0,1,0.0,0.0,0.0%,LB,2022
145,146,D.J. Wonnum,2,0,1.0,0,0,0,0,0,1,0.0,0.0,13.9%,LB,2022
146,147,Jacob Hummel,0,0,0.0,0,0,0,0,0,1,0.0,0.0,0.0%,LB,2022
147,148,Kyron Johnson,0,0,0.0,0,0,0,0,0,1,0.0,0.0,0.2%,LB,2022
148,149,Devin Harper,0,0,0.0,0,0,0,0,0,1,0.0,0.0,0.0%,LB,2022
149,150,Caleb Johnson,0,0,0.0,0,0,0,0,0,1,0.0,0.0,0.0%,LB,2022
150,151,Baron Browning,0,0,0.0,0,0,0,0,0,1,0.0,0.0,6.0%,LB,2022
151,152,Aaron Patrick,0,0,0.0,0,0,0,0,0,1,0.0,0.0,0.0%,LB,2022
152,153,Odafe Oweh,3,0,0.0,0,0,0,0,0,1,0.0,0.0,6.6%,LB,2022
153,154,Ade Ogundeji,2,4,1.0,0,0,0,0,0,1,0.0,0.0,0.0%,LB,2022
154,155,Victor Dimukeje,1,0,0.0,0,0,0,0,0,1,0.0,0.0,0.7%,LB,2022
155,156,Jaelan Phillips,1,0,0.0,0,0,0,0,0,1,0.0,0.0,10.0%,LB,2022
156,157,Rashad Weaver,0,0,0.0,0,0,0,0,0,1,0.0,0.0,0.5%,LB,2022
157,158,Josh Ross,0,0,0.0,0,0,0,0,0,1,0.0,0.0,0.0%,LB,2022
158,159,Chad Muma,0,0,0.0,0,0,0,0,0,1,0.0,0.0,2.1%,LB,2022
159,160,Arnold Ebiketie,2,2,0.0,0,0,0,0,0,1,0.0,0.0,1.8%,LB,2022
160,161,Travon Walker,2,0,0.0,0,0,0,0,0,1,0.0,0.0,11.9%,LB,2022
161,162,Boye Mafe,4,0,1.0,0,0,0,0,0,1,0.0,0.0,8.6%,LB,2022
162,163,DeAngelo Malone,2,0,0.0,0,0,0,0,0,1,0.0,0.0,0.0%,LB,2022
163,164,Isaiah McDuffie,0,0,0.0,0,0,0,0,0,1,0.0,0.0,4.4%,LB,2022
164,165,Pat Jones,1,0,0.0,0,0,0,0,0,1,0.0,0.0,0.4%,LB,2022
165,166,Grant Stuard,0,0,0.0,0,0,0,0,0,1,0.0,0.0,1.1%,LB,2022
166,167,Chris Rumph,0,0,0.0,0,0,0,0,0,1,0.0,0.0,0.4%,LB,2022
167,168,Patrick Johnson,0,0,0.0,0,0,0,0,0,1,0.0,0.0,0.0%,LB,2022
168,169,Divine Deablo,6,10,0.0,0,0,0,0,0,1,0.0,0.0,13.4%,LB,2022
169,170,Derrick Barnes,0,0,0.0,0,0,0,0,0,1,0.0,0.0,9.9%,LB,2022
170,171,Christian Rozeboom,0,0,0.0,0,0,0,0,0,1,0.0,0.0,4.5%,LB,2022
171,172,Nick Bellore,0,0,0.0,0,0,0,0,0,1,0.0,0.0,7.0%,LB,2022
172,173,Melvin Ingram,1,1,0.0,1,0,0,0,0,1,0.0,0.0,0.0%,LB,2022
173,174,Jadeveon Clowney,2,0,1.0,0,0,1,1,0,1,0.0,0.0,22.5%,LB,2022
174,175,Justin Houston,1,2,1.0,0,0,0,0,0,1,0.0,0.0,0.0%,LB,2022
175,176,Raekwon McMillan,0,0,0.0,0,0,0,0,0,1,0.0,0.0,0.4%,LB,2022
176,177,Haason Reddick,2,0,0.0,1,0,0,0,0,1,0.0,0.0,17.6%,LB,2022
177,178,Elijah Lee,0,0,0.0,0,0,0,0,0,1,0.0,0.0,0.0%,LB,2022
178,179,Tanoh Kpassagnon,0,3,0.0,0,0,0,0,0,1,0.0,0.0,0.0%,LB,2022
179,180,Tashawn Bower,0,0,0.0,0,0,0,0,0,1,0.0,0.0,0.0%,LB,2022
180,181,Oren Burks,0,0,0.0,0,0,0,0,0,1,0.0,0.0,3.8%,LB,2022
181,182,Ola Adeniyi,0,1,0.0,0,0,0,0,0,1,0.0,0.0,0.0%,LB,2022
182,183,Marcell Harris,0,0,0.0,0,0,0,0,0,1,0.0,0.0,0.0%,LB,2022
183,184,Trent Sieg,0,0,0.0,0,0,0,0,0,1,0.0,0.0,0.0%,LB,2022
184,185,Chris Board,2,0,0.0,0,0,0,0,0,1,0.0,0.0,1.5%,LB,2022
185,186,Joe Jones,0,0,0.0,0,0,0,0,0,1,0.0,0.0,0.0%,LB,2022
186,187,Marcus Allen,0,0,0.0,0,0,0,0,0,1,0.0,0.0,0.0%,LB,2022
187,188,Arden Key,1,0,1.0,0,0,0,0,0,1,0.0,0.0,2.4%,LB,2022
188,189,Marcus Davenport,1,1,0.0,0,0,0,0,0,1,0.0,0.0,2.1%,LB,2022
189,190,Bradley Chubb,0,0,0.0,0,0,0,0,0,1,0.0,0.0,18.2%,LB,2022
190,191,Bud Dupree,0,0,0.0,0,0,0,0,0,1,0.0,0.0,1.3%,LB,2022
191,192,Danielle Hunter,3,2,0.0,0,0,0,0,0,1,0.0,0.0,52.9%,LB,2022
192,193,Trey Flowers,0,1,0.0,0,0,0,0,0,1,0.0,0.0,0.2%,LB,2022
193,194,Randy Gregory,2,1,1.0,0,0,1,0,0,1,0.0,0.0,2.2%,LB,2022
194,195,Frank Clark,1,1,0.0,0,0,0,0,0,1,0.0,0.0,0.0%,LB,2022
195,196,David Mayo,0,0,0.0,0,0,0,0,0,1,0.0,0.0,0.2%,LB,2022
196,197,Josh Harris,0,0,0.0,0,0,0,0,0,1,0.0,0.0,0.0%,LB,2022
197,198,Joey Bosa,2,1,0.0,0,0,0,0,0,1,0.0,0.0,16.7%,LB,2022
198,199,Carl Nassib,0,0,0.0,0,0,0,1,0,1,0.0,0.0,0.0%,LB,2022
199,200,Matt Overton,0,0,0.0,0,0,0,0,0,1,0.0,0.0,0.0%,LB,2022
200,201,Jon Weeks,0,0,0.0,0,0,0,0,0,1,0.0,0.0,0.0%,LB,2022
201,202,Patrick Scales,0,0,0.0,0,0,0,0,0,1,0.0,0.0,0.0%,LB,2022
202,203,Jihad Ward,3,1,0.0,0,0,0,0,0,1,0.0,0.0,0.2%,LB,2022
