,Rank,Player,Tackle,Assist,Sack,Pass Defended,Interception,Forced Fumble,Fumble Recovery,Defend Touchdown,Games Played,Fantasy Football Points,FTPS/Game,ROST,Position,Year
0,1,Alex Singleton,19,2,0.0,1,0,0,0,0,1,36.5,36.5,61.3%,LB,2022
1,2,Demario Davis,7,2,2.0,0,0,0,0,0,1,25.0,25.0,22.3%,LB,2022
2,3,Zaven Collins,4,4,2.0,1,0,0,0,0,1,23.5,23.5,6.1%,LB,2022
3,4,Drue Tranquill,6,2,2.0,0,0,0,0,0,1,23.5,23.5,12.4%,LB,2022
4,5,Roquan Smith,9,3,1.0,0,0,0,0,0,1,22.3,22.3,90.7%,LB,2022
5,6,Baron Browning,3,0,1.0,2,1,0,0,0,1,21.5,21.5,6.0%,LB,2022
6,7,Nick Bolton,9,4,0.0,0,0,0,0,0,1,21.5,21.5,52.3%,LB,2022
7,8,Jordan Hicks,8,3,1.0,1,0,0,0,0,1,19.8,19.8,29.9%,LB,2022
8,9,Von Miller,4,0,2.0,0,0,0,0,0,1,19.0,19.0,2.5%,LB,2022
9,10,Bobby Okereke,8,5,0.0,0,0,0,0,0,1,18.3,18.3,79.4%,LB,2022
10,11,Za'Darius Smith,3,1,2.0,0,0,0,0,0,1,18.3,18.3,5.4%,LB,2022
11,12,Markus Golden,4,4,1.0,0,0,0,0,0,1,18.0,18.0,0.5%,LB,2022
12,13,Patrick Queen,5,2,1.0,0,0,1,0,0,1,17.0,17.0,43.7%,LB,2022
13,14,Lavonte David,7,5,0.0,0,0,0,0,0,1,16.8,16.8,52.4%,LB,2022
14,15,T.J. Edwards,6,8,0.0,1,0,0,0,0,1,16.5,16.5,78.9%,LB,2022
15,16,Quincy Williams,8,6,0.0,0,0,0,0,0,1,16.5,16.5,51.5%,LB,2022
16,17,Samson Ebukam,6,3,0.0,0,0,0,0,0,1,16.3,16.3,8.7%,LB,2022
17,18,Eric Kendricks,7,4,0.0,0,0,0,0,0,1,16.0,16.0,32.1%,LB,2022
18,19,Elandon Roberts,3,4,1.5,0,0,0,0,0,1,16.0,16.0,15.3%,LB,2022
19,20,Zaire Franklin,7,4,0.0,0,0,0,0,0,1,16.0,16.0,92.0%,LB,2022
20,21,Darius Harris,4,2,0.0,1,0,0,1,0,1,15.5,15.5,0.0%,LB,2022
21,22,Shaq Thompson,5,0,0.0,2,0,0,0,0,1,15.5,15.5,14.8%,LB,2022
22,23,C.J. Mosley,7,4,0.0,1,0,0,0,0,1,15.0,15.0,65.7%,LB,2022
23,24,Rashan Gary,4,0,1.0,0,0,0,0,0,1,15.0,15.0,11.2%,LB,2022
24,25,Khalil Mack,4,1,1.0,1,0,0,0,0,1,14.8,14.8,52.8%,LB,2022
25,26,Cole Holcomb,7,5,0.0,0,0,0,0,0,1,14.3,14.3,9.1%,LB,2022
26,27,Germaine Pratt,5,9,0.0,0,0,0,0,0,1,14.3,14.3,17.3%,LB,2022
27,28,Rashaan Evans,6,5,0.0,1,0,0,0,0,1,14.3,14.3,0.2%,LB,2022
28,29,Cory Littleton,6,4,0.5,0,0,0,0,0,1,14.0,14.0,0.0%,LB,2022
29,30,Fred Warner,8,2,0.0,0,0,0,0,0,1,13.5,13.5,90.4%,LB,2022
30,31,Troy Andersen,6,6,0.0,0,0,0,0,0,1,13.5,13.5,10.8%,LB,2022
31,32,Jonas Griffith,7,4,0.0,0,0,0,0,0,1,13.5,13.5,2.9%,LB,2022
32,33,Foyesade Oluokun,6,6,0.0,0,0,0,0,0,1,13.5,13.5,93.9%,LB,2022
33,34,Micah Parsons,3,4,0.0,2,0,0,0,0,1,13.0,13.0,77.7%,LB,2022
34,35,Jordyn Brooks,6,5,0.0,0,0,0,0,0,1,12.8,12.8,25.9%,LB,2022
35,36,Myles Jack,6,2,0.0,1,0,0,0,0,1,12.0,12.0,0.4%,LB,2022
36,37,Tremaine Edmunds,5,5,0.0,0,0,0,0,0,1,11.3,11.3,33.7%,LB,2022
37,38,Uchenna Nwosu,3,0,1.0,0,0,0,0,0,1,11.0,11.0,17.7%,LB,2022
38,39,Alex Highsmith,1,0,1.0,1,0,1,0,0,1,11.0,11.0,25.4%,LB,2022
39,40,Devin White,4,4,0.0,1,0,0,0,0,1,10.5,10.5,22.7%,LB,2022
40,41,Jacob Phillips,4,6,0.0,0,0,0,0,0,1,10.5,10.5,0.9%,LB,2022
41,42,Kyzir White,4,4,0.0,1,0,0,0,0,1,10.5,10.5,22.3%,LB,2022
42,43,Ernest Jones,5,2,0.0,1,0,0,0,0,1,10.5,10.5,58.9%,LB,2022
43,44,Leighton Vander,3,4,0.0,0,0,0,0,0,1,10.0,10.0,2.2%,LB,2022
44,45,Malik Harrison,4,1,0.0,0,0,0,0,0,1,9.3,9.3,7.0%,LB,2022
45,46,Sione Takitaki,4,1,0.0,0,0,0,0,0,1,9.3,9.3,4.6%,LB,2022
46,47,Nicholas Morrow,3,6,0.0,0,0,0,0,0,1,9.0,9.0,4.9%,LB,2022
47,48,Devin Lloyd,5,2,0.0,0,0,0,0,0,1,9.0,9.0,24.9%,LB,2022
48,49,Pete Werner,6,0,0.0,0,0,0,0,0,1,9.0,9.0,10.5%,LB,2022
49,50,Matthew Judon,4,0,0.0,0,0,0,0,0,1,8.5,8.5,16.8%,LB,2022
50,51,Bobby Wagner,4,3,0.0,0,0,0,0,0,1,8.3,8.3,72.4%,LB,2022
51,52,De'Vondre Campbell,3,5,0.0,0,0,0,0,0,1,8.3,8.3,20.9%,LB,2022
52,53,Kaden Elliss,1,0,1.0,0,0,0,0,0,1,8.0,8.0,15.6%,LB,2022
53,54,Josh Bynes,2,3,0.0,0,0,0,0,0,1,7.8,7.8,0.0%,LB,2022
54,55,Devin Bush,4,2,0.0,0,0,0,0,0,1,7.5,7.5,5.1%,LB,2022
55,56,Robert Spillane,3,2,0.0,1,0,0,0,0,1,7.5,7.5,33.7%,LB,2022
56,57,Dre Greenlaw,4,2,0.0,0,0,0,0,0,1,7.5,7.5,37.9%,LB,2022
57,58,Matt Milano,3,0,0.0,0,0,0,0,0,1,7.0,7.0,22.8%,LB,2022
58,59,E.J. Speed,2,2,0.0,0,0,0,0,0,1,7.0,7.0,39.8%,LB,2022
59,60,Logan Wilson,4,1,0.0,0,0,0,0,0,1,6.8,6.8,63.1%,LB,2022
60,61,Malik Reed,2,3,0.0,1,0,0,0,0,1,6.8,6.8,0.0%,LB,2022
61,62,Quay Walker,3,3,0.0,0,0,0,0,0,1,6.8,6.8,37.3%,LB,2022
62,63,Kenneth Murray,4,1,0.0,0,0,0,0,0,1,6.8,6.8,15.3%,LB,2022
63,64,Jeremiah Attaochu,2,0,0.0,0,0,0,0,0,1,5.5,5.5,0.0%,LB,2022
64,65,Joe Tryon-Shoyinka,1,2,0.0,0,0,0,0,0,1,5.5,5.5,2.4%,LB,2022
65,66,Isaiah Simmons,1,1,0.0,2,0,0,0,0,1,5.3,5.3,6.2%,LB,2022
66,67,Jeremiah Owusu-Koramoah,1,5,0.0,0,0,0,0,0,1,5.3,5.3,29.2%,LB,2022
67,68,Jamin Davis,3,1,0.0,0,0,0,0,0,1,5.3,5.3,8.8%,LB,2022
68,69,Mack Wilson,1,2,0.5,0,0,0,0,0,1,5.0,5.0,4.9%,LB,2022
69,70,Kyle Van,1,1,0.0,0,0,0,0,0,1,4.8,4.8,8.2%,LB,2022
70,71,Shaquil Barrett,2,2,0.0,0,0,0,0,0,1,4.5,4.5,8.4%,LB,2022
71,72,Tanner Vallejo,1,2,0.0,1,0,0,0,0,1,4.5,4.5,0.0%,LB,2022
72,73,Oren Burks,0,6,0.0,0,0,0,0,0,1,4.5,4.5,3.8%,LB,2022
73,74,Anfernee Jennings,1,1,0.5,0,0,0,0,0,1,4.3,4.3,4.9%,LB,2022
74,75,Oshane Ximines,1,0,0.0,0,0,0,0,0,1,4.0,4.0,0.0%,LB,2022
75,76,Justin Hollins,2,1,0.0,0,0,0,0,0,1,3.8,3.8,0.0%,LB,2022
76,77,Leonard Floyd,1,3,0.0,0,0,0,0,0,1,3.8,3.8,5.4%,LB,2022
77,78,Tae Crowder,2,1,0.0,0,0,0,0,0,1,3.8,3.8,0.0%,LB,2022
78,79,Jaylon Smith,2,1,0.0,0,0,0,0,0,1,3.8,3.8,0.2%,LB,2022
79,80,Raekwon McMillan,2,0,0.0,0,0,0,0,0,1,3.0,3.0,0.4%,LB,2022
80,81,Preston Smith,2,0,0.0,0,0,0,0,0,1,3.0,3.0,11.1%,LB,2022
81,82,Bradley Chubb,1,2,0.0,0,0,0,0,0,1,3.0,3.0,18.2%,LB,2022
82,83,Cody Barton,1,1,0.0,0,0,0,0,0,1,2.3,2.3,12.0%,LB,2022
83,84,Christian Jones,1,1,0.0,0,0,0,0,0,1,2.3,2.3,0.0%,LB,2022
84,85,Damien Wilson,1,1,0.0,0,0,0,0,0,1,2.3,2.3,0.0%,LB,2022
85,86,Kwon Alexander,0,1,0.0,1,0,0,0,0,1,2.3,2.3,1.1%,LB,2022
86,87,Andrew Van,1,1,0.0,0,0,0,0,0,1,2.3,2.3,11.2%,LB,2022
87,88,Jerome Baker,1,1,0.0,0,0,0,0,0,1,2.3,2.3,14.7%,LB,2022
88,89,Akeem Davis-Gaither,1,1,0.0,0,0,0,0,0,1,2.3,2.3,2.2%,LB,2022
89,90,Casey Toohill,0,3,0.0,0,0,0,0,0,1,2.3,2.3,0.7%,LB,2022
90,91,Jahlani Tavai,0,3,0.0,0,0,0,0,0,1,2.3,2.3,6.3%,LB,2022
91,92,Joe Thomas,0,2,0.0,0,0,0,0,0,1,1.5,1.5,1.0%,LB,2022
92,93,Anthony Barr,0,2,0.0,0,0,0,0,0,1,1.5,1.5,0.0%,LB,2022
93,94,Robert Quinn,1,0,0.0,0,0,0,0,0,1,1.5,1.5,1.2%,LB,2022
94,95,Brian Asamoah,1,0,0.0,0,0,0,0,0,1,1.5,1.5,3.1%,LB,2022
95,96,Ben Niemann,1,0,0.0,0,0,0,0,0,1,1.5,1.5,0.4%,LB,2022
96,97,Leo Chenal,0,2,0.0,0,0,0,0,0,1,1.5,1.5,6.6%,LB,2022
97,98,Tomon Fox,0,1,0.0,0,0,0,0,0,1,0.8,0.8,0.0%,LB,2022
98,99,Ja'Whaun Bentley,0,1,0.0,0,0,0,0,0,1,0.8,0.8,15.7%,LB,2022
99,100,Dennis Gardeck,0,1,0.0,0,0,0,0,0,1,0.8,0.8,3.6%,LB,2022
100,101,Channing Tindall,0,1,0.0,0,0,0,0,0,1,0.8,0.8,0.5%,LB,2022
101,102,Michael Hoecht,0,0,0.0,0,0,0,0,0,1,0.0,0.0,15.8%,LB,2022
102,103,David Long,1,0,0.0,0,0,0,0,0,1,0.0,0.0,0.0%,LB,2022
103,104,Anthony Nelson,1,1,0.0,0,0,0,0,0,1,0.0,0.0,0.4%,LB,2022
104,105,Chase Hansen,0,0,0.0,0,0,0,0,0,1,0.0,0.0,0.0%,LB,2022
105,106,Ty Summers,0,0,0.0,0,0,0,0,0,1,0.0,0.0,0.0%,LB,2022
106,107,Quinton Bell,1,0,0.0,0,0,0,0,0,1,0.0,0.0,0.0%,LB,2022
107,108,Demetrius Flannigan-Fowles,0,0,0.0,0,0,0,0,0,1,0.0,0.0,1.6%,LB,2022
108,109,Mitchell Fraboni,0,0,0.0,0,0,0,0,0,1,0.0,0.0,0.0%,LB,2022
109,110,Troy Reeder,0,0,0.0,0,0,0,0,0,1,0.0,0.0,1.6%,LB,2022
110,111,Ezekiel Turner,1,0,0.0,0,0,1,0,0,1,0.0,0.0,0.2%,LB,2022
111,112,Josh Allen,1,0,0.0,0,0,0,0,0,1,0.0,0.0,44.1%,LB,2022
112,113,Brian Burns,1,2,0.0,0,0,0,0,0,1,0.0,0.0,41.3%,LB,2022
113,114,Ross Matiscik,0,0,0.0,0,0,0,0,0,1,0.0,0.0,0.0%,LB,2022
114,115,Markus Bailey,0,0,0.0,0,0,0,0,0,1,0.0,0.0,0.0%,LB,2022
115,116,Derrek Tuszka,2,0,0.0,0,0,0,0,0,1,0.0,0.0,0.0%,LB,2022
116,117,Jamir Jones,0,0,0.0,0,0,0,0,0,1,0.0,0.0,0.0%,LB,2022
117,118,Christian Rozeboom,0,0,0.0,0,0,0,0,0,1,0.0,0.0,4.5%,LB,2022
118,119,Cole Christiansen,0,0,0.0,0,0,0,0,0,1,0.0,0.0,0.0%,LB,2022
119,120,Andrew Dowell,0,0,0.0,0,0,0,0,0,1,0.0,0.0,0.0%,LB,2022
120,121,Jordan Kunaszyk,0,0,0.0,0,0,0,0,0,1,0.0,0.0,0.0%,LB,2022
121,122,Yetur Gross-Matos,2,2,0.0,0,0,0,0,0,1,0.0,0.0,1.1%,LB,2022
122,123,Terrell Lewis,0,1,0.0,0,0,0,0,0,1,0.0,0.0,3.0%,LB,2022
123,124,Jake Gervase,0,0,0.0,0,0,0,0,0,1,0.0,0.0,8.0%,LB,2022
124,125,Zack Baun,0,0,0.0,0,0,0,0,0,1,0.0,0.0,0.9%,LB,2022
125,126,Khaleke Hudson,0,0,0.0,0,0,0,0,0,1,0.0,0.0,2.6%,LB,2022
126,127,Jonathan Garvin,0,2,0.0,0,0,0,0,0,1,0.0,0.0,0.0%,LB,2022
127,128,Darrell Taylor,2,0,1.0,0,0,1,0,0,1,0.0,0.0,1.1%,LB,2022
128,129,Shaquille Quarterman,0,0,0.0,0,0,0,0,0,1,0.0,0.0,0.0%,LB,2022
129,130,Cam Brown,0,0,0.0,0,0,0,0,0,1,0.0,0.0,0.0%,LB,2022
130,131,Jacob Hummel,0,0,0.0,0,0,0,0,0,1,0.0,0.0,0.0%,LB,2022
131,132,Jesse Luketa,0,0,0.0,0,0,0,0,0,1,0.0,0.0,0.0%,LB,2022
132,133,Luiji Vilain,0,0,0.0,0,0,0,0,0,1,0.0,0.0,0.0%,LB,2022
133,134,Jack Cochrane,0,0,0.0,0,0,0,0,0,1,0.0,0.0,1.5%,LB,2022
134,135,Nate Landman,0,0,0.0,0,0,0,0,0,1,0.0,0.0,7.6%,LB,2022
135,136,Kyron Johnson,0,0,0.0,0,0,0,0,0,1,0.0,0.0,0.2%,LB,2022
136,137,Caleb Johnson,0,0,0.0,0,0,0,0,0,1,0.0,0.0,0.0%,LB,2022
137,138,Jaelan Phillips,0,2,0.5,0,0,0,0,0,1,0.0,0.0,10.0%,LB,2022
138,139,Aaron Patrick,0,0,0.0,0,0,0,0,0,1,0.0,0.0,0.0%,LB,2022
139,140,Odafe Oweh,2,0,0.0,0,0,0,0,0,1,0.0,0.0,6.6%,LB,2022
140,141,Victor Dimukeje,3,0,0.0,0,0,0,0,0,1,0.0,0.0,0.7%,LB,2022
141,142,Patrick Johnson,1,0,0.0,0,0,0,0,0,1,0.0,0.0,0.0%,LB,2022
142,143,JoJo Domann,0,0,0.0,0,0,0,0,0,1,0.0,0.0,0.0%,LB,2022
143,144,Jack Sanborn,0,0,0.0,0,0,0,0,0,1,0.0,0.0,3.8%,LB,2022
144,145,Terrel Bernard,0,0,0.0,0,0,0,0,0,1,0.0,0.0,50.4%,LB,2022
145,146,Nik Bonitto,0,1,0.0,0,0,0,0,0,1,0.0,0.0,1.8%,LB,2022
146,147,Nakobe Dean,0,0,0.0,0,0,0,0,0,1,0.0,0.0,8.9%,LB,2022
147,148,Arnold Ebiketie,3,1,0.0,0,0,1,0,0,1,0.0,0.0,1.8%,LB,2022
148,149,Travon Walker,1,3,0.0,0,0,0,0,0,1,0.0,0.0,11.9%,LB,2022
149,150,Boye Mafe,2,1,0.0,0,0,0,0,0,1,0.0,0.0,8.6%,LB,2022
150,151,Cameron Thomas,1,1,1.0,0,0,0,0,0,1,0.0,0.0,0.2%,LB,2022
151,152,Arron Mosby,1,0,0.0,0,0,0,0,0,1,0.0,0.0,0.2%,LB,2022
152,153,Jonathon Cooper,2,0,0.0,0,0,0,0,0,1,0.0,0.0,17.4%,LB,2022
153,154,Isaiah McDuffie,0,0,0.0,0,0,0,0,0,1,0.0,0.0,4.4%,LB,2022
154,155,Grant Stuard,0,0,0.0,0,0,0,0,0,1,0.0,0.0,1.1%,LB,2022
155,156,Jamien Sherwood,0,0,0.0,0,0,0,0,0,1,0.0,0.0,3.1%,LB,2022
156,157,Chris Rumph,1,2,0.0,0,0,0,0,0,1,0.0,0.0,0.4%,LB,2022
157,158,Pat Jones,2,1,2.0,0,0,0,0,0,1,0.0,0.0,0.4%,LB,2022
158,159,Kingsley Enagbare,2,0,1.0,0,0,0,0,0,1,0.0,0.0,0.4%,LB,2022
159,160,Kayvon Thibodeaux,3,0,1.0,0,0,1,0,0,1,0.0,0.0,23.3%,LB,2022
160,161,Myjai Sanders,1,0,1.0,0,0,0,0,0,1,0.0,0.0,0.0%,LB,2022
161,162,A.J. Klein,0,0,0.0,0,0,0,0,0,1,0.0,0.0,0.0%,LB,2022
162,163,Nick Bellore,0,0,0.0,0,0,0,0,0,1,0.0,0.0,7.0%,LB,2022
163,164,Melvin Ingram,0,1,0.0,0,0,0,0,0,1,0.0,0.0,0.0%,LB,2022
164,165,Harvey Langi,0,0,0.0,0,0,0,0,0,1,0.0,0.0,0.0%,LB,2022
165,166,Haason Reddick,1,0,0.0,0,0,0,0,0,1,0.0,0.0,17.6%,LB,2022
166,167,Eric Wilson,0,0,0.0,0,0,0,0,0,1,0.0,0.0,0.5%,LB,2022
167,168,Ifeadi Odenigbo,2,1,1.0,0,0,0,0,0,1,0.0,0.0,4.0%,LB,2022
168,169,Tanoh Kpassagnon,1,0,0.0,0,0,0,0,0,1,0.0,0.0,0.0%,LB,2022
169,170,Genard Avery,0,0,0.0,0,0,0,0,0,1,0.0,0.0,0.0%,LB,2022
170,171,Marcell Harris,0,0,0.0,0,0,0,0,0,1,0.0,0.0,0.0%,LB,2022
171,172,Jacob Martin,0,0,0.0,0,0,0,0,0,1,0.0,0.0,0.4%,LB,2022
172,173,Arden Key,1,0,0.0,0,0,0,0,0,1,0.0,0.0,2.4%,LB,2022
173,174,Marcus Davenport,0,0,0.0,0,0,0,0,0,1,0.0,0.0,2.1%,LB,2022
174,175,Lorenzo Carter,0,0,0.0,0,0,0,0,0,1,0.0,0.0,1.8%,LB,2022
175,176,Marcus Allen,0,0,0.0,0,0,0,0,0,1,0.0,0.0,0.0%,LB,2022
176,177,Danielle Hunter,5,1,1.0,0,0,0,0,0,1,0.0,0.0,52.9%,LB,2022
177,178,Trey Flowers,0,0,0.0,0,0,0,0,0,1,0.0,0.0,0.2%,LB,2022
178,179,Frank Clark,3,1,0.0,0,0,0,0,0,1,0.0,0.0,0.0%,LB,2022
179,180,David Mayo,0,0,0.0,0,0,0,0,0,1,0.0,0.0,0.2%,LB,2022
180,181,Randy Gregory,0,0,0.0,0,0,0,0,0,1,0.0,0.0,2.2%,LB,2022
181,182,Carl Nassib,1,0,1.0,1,0,0,0,0,1,0.0,0.0,0.0%,LB,2022
182,183,JJ Jansen,0,0,0.0,0,0,0,0,0,1,0.0,0.0,0.0%,LB,2022
183,184,Tyler Matakevich,0,0,0.0,0,0,0,0,0,1,0.0,0.0,0.0%,LB,2022
184,185,Nick Kwiatkoski,0,0,0.0,0,0,0,0,0,1,0.0,0.0,0.0%,LB,2022
185,186,Jihad Ward,2,0,0.0,0,0,0,0,0,1,0.0,0.0,0.2%,LB,2022
186,187,Casey Kreiter,0,0,0.0,0,0,0,0,0,1,0.0,0.0,0.0%,LB,2022
