,Rank,Player,Rushing Attempts,Rushing Yards,Rushing Yards/Attempts,Longest Rushing,Rushing 20+,Rushing Touchdown,Recptions,TGT,Receiving Yards,Receiving Yards/Reception,Receiving Touchdowns,Fumbles,Games Played,Fantasy Football Points,FTPS/Game,ROST,Position,Year
0,1,Jonathan Taylor,22,147,6.7,66,1,1,2,2,16,8.0,0,0,1,22.3,22.3,98.8%,RB,2022
1,2,Saquon Barkley,35,152,4.3,27,1,1,1,1,8,8.0,0,0,1,22.0,22.0,100.0%,RB,2022
2,3,Aaron Jones,24,138,5.8,30,1,1,2,2,18,9.0,0,0,1,21.6,21.6,93.5%,RB,2022
3,4,James Conner,21,69,3.3,9,0,2,3,3,17,5.7,0,0,1,20.6,20.6,91.7%,RB,2022
4,5,Dalvin Cook,14,119,8.5,81,1,1,3,5,27,9.0,0,0,1,20.6,20.6,9.4%,RB,2022
5,6,Jeff Wilson,17,119,7.0,20,1,1,2,5,24,12.0,0,0,1,20.3,20.3,6.8%,RB,2022
6,7,D'Onta Foreman,31,130,4.2,23,1,1,0,1,0,0.0,0,0,1,19.0,19.0,19.4%,RB,2022
7,8,Tony Pollard,22,115,5.2,14,0,1,3,6,13,4.3,0,0,1,18.8,18.8,93.4%,RB,2022
8,9,Josh Jacobs,21,78,3.7,22,1,1,6,8,28,4.7,0,0,1,16.6,16.6,97.3%,RB,2022
9,10,Raheem Mostert,8,65,8.1,24,1,1,4,4,22,5.5,0,0,1,14.7,14.7,91.6%,RB,2022
10,11,Devin Singletary,13,47,3.6,21,1,2,1,2,0,0.0,0,1,1,14.7,14.7,83.9%,RB,2022
11,12,Brian Robinson,26,86,3.3,11,0,1,0,0,0,0.0,0,0,1,14.6,14.6,86.2%,RB,2022
12,13,Christian McCaffrey,14,38,2.7,12,0,1,4,6,39,9.8,0,0,1,13.7,13.7,100.0%,RB,2022
13,14,Nick Chubb,11,63,5.7,33,1,1,3,4,18,6.0,0,1,1,12.1,12.1,55.7%,RB,2022
14,15,Jamaal Williams,16,59,3.7,13,0,1,0,0,0,0.0,0,0,1,11.9,11.9,10.3%,RB,2022
15,16,Antonio Gibson,14,44,3.1,7,0,1,3,3,14,4.7,0,0,1,11.8,11.8,53.7%,RB,2022
16,17,Leonard Fournette,14,57,4.1,10,0,1,1,1,1,1.0,0,0,1,10.8,10.8,2.1%,RB,2022
17,18,Alec Ingold,0,0,0.0,0,0,0,4,4,45,11.3,1,0,1,10.5,10.5,0.2%,RB,2022
18,19,Rachaad White,22,105,4.8,29,1,0,0,0,0,0.0,0,0,1,10.5,10.5,97.5%,RB,2022
19,20,Dameon Pierce,17,94,5.5,44,1,0,2,3,28,14.0,0,1,1,10.2,10.2,27.9%,RB,2022
20,21,Najee Harris,20,99,5.0,36,1,0,0,1,0,0.0,0,0,1,9.9,9.9,91.5%,RB,2022
21,22,Darrell Henderson,6,21,3.5,6,0,1,1,1,11,11.0,0,0,1,9.2,9.2,2.6%,RB,2022
22,23,Elijah Mitchell,18,89,4.9,12,0,0,1,2,-1,-1.0,0,0,1,8.8,8.8,8.9%,RB,2022
23,24,Jaylen Warren,9,37,4.1,21,1,0,3,3,40,13.3,0,0,1,7.7,7.7,84.7%,RB,2022
24,25,Travis Etienne,11,45,4.1,10,0,0,3,3,28,9.3,0,0,1,7.3,7.3,99.7%,RB,2022
25,26,Kenneth Walker,10,17,1.7,5,0,0,6,8,55,9.2,0,0,1,7.2,7.2,97.1%,RB,2022
26,27,D'Andre Swift,6,6,1.0,9,0,1,1,3,6,6.0,0,0,1,7.2,7.2,93.9%,RB,2022
27,28,Melvin Gordon,7,24,3.4,11,0,0,4,6,46,11.5,0,0,1,7.0,7.0,0.0%,RB,2022
28,29,Derrick Henry,19,53,2.8,10,0,0,2,3,14,7.0,0,0,1,6.7,6.7,99.4%,RB,2022
29,30,AJ Dillon,13,65,5.0,17,0,0,0,0,0,0.0,0,0,1,6.5,6.5,35.0%,RB,2022
30,31,Austin Ekeler,6,24,4.0,12,0,0,7,12,39,5.6,0,0,1,6.3,6.3,93.2%,RB,2022
31,32,C.J. Ham,1,3,3.0,3,0,1,0,0,0,0.0,0,0,1,6.3,6.3,0.1%,RB,2022
32,33,Isiah Pacheco,16,82,5.1,13,0,0,0,0,0,0.0,0,1,1,6.2,6.2,97.8%,RB,2022
33,34,Jerick McKinnon,1,2,2.0,2,0,0,6,8,56,9.3,0,0,1,5.8,5.8,16.2%,RB,2022
34,35,Khalil Herbert,10,57,5.7,12,0,0,0,0,0,0.0,0,0,1,5.7,5.7,29.4%,RB,2022
35,36,Miles Sanders,12,54,4.5,8,0,0,0,1,0,0.0,0,0,1,5.4,5.4,23.0%,RB,2022
36,37,Latavius Murray,9,24,2.7,10,0,0,3,3,23,7.7,0,0,1,4.7,4.7,7.6%,RB,2022
37,38,Alvin Kamara,8,26,3.3,14,0,0,3,4,19,6.3,0,0,1,4.5,4.5,98.2%,RB,2022
38,39,David Montgomery,9,37,4.1,9,0,0,1,1,7,7.0,0,0,1,4.4,4.4,93.3%,RB,2022
39,40,Kyren Williams,1,9,9.0,9,0,0,3,3,30,10.0,0,0,1,3.9,3.9,96.3%,RB,2022
40,41,Malik Davis,5,38,7.6,17,0,0,0,0,0,0.0,0,0,1,3.8,3.8,0.3%,RB,2022
41,42,Ameer Abdullah,0,0,0.0,0,0,0,4,4,33,8.3,0,0,1,3.3,3.3,0.7%,RB,2022
42,43,Caleb Huntley,5,32,6.4,15,0,0,0,0,0,0.0,0,0,1,3.2,3.2,0.0%,RB,2022
43,44,Raheem Blackshear,6,32,5.3,12,0,0,0,0,0,0.0,0,0,1,3.2,3.2,0.1%,RB,2022
44,45,Rex Burkhead,1,2,2.0,2,0,0,2,2,28,14.0,0,0,1,3.0,3.0,10.0%,RB,2022
45,46,Justin Jackson,4,14,3.5,9,0,0,2,3,14,7.0,0,0,1,2.8,2.8,0.0%,RB,2022
46,47,Avery Williams,4,25,6.3,12,0,0,0,0,0,0.0,0,0,1,2.5,2.5,0.1%,RB,2022
47,48,Cam Akers,6,22,3.7,10,0,0,0,1,0,0.0,0,0,1,2.2,2.2,9.2%,RB,2022
48,49,James Cook,5,22,4.4,8,0,0,0,0,0,0.0,0,0,1,2.2,2.2,97.8%,RB,2022
49,50,Matt Breida,6,20,3.3,9,0,0,0,0,0,0.0,0,0,1,2.0,2.0,1.1%,RB,2022
50,51,Cordarrelle Patterson,5,18,3.6,9,0,0,1,1,2,2.0,0,0,1,2.0,2.0,1.4%,RB,2022
51,52,Kareem Hunt,6,9,1.5,7,0,0,1,1,10,10.0,0,0,1,1.9,1.9,27.3%,RB,2022
52,53,Alexander Mattison,3,11,3.7,9,0,0,1,1,8,8.0,0,0,1,1.9,1.9,41.4%,RB,2022
53,54,Jordan Wilkins,3,18,6.0,9,0,0,0,0,0,0.0,0,0,1,1.8,1.8,0.0%,RB,2022
54,55,Chuba Hubbard,5,14,2.8,5,0,0,0,0,0,0.0,0,0,1,1.4,1.4,50.2%,RB,2022
55,56,Dare Ogunbowale,0,0,0.0,0,0,0,1,1,13,13.0,0,0,1,1.3,1.3,0.3%,RB,2022
56,57,Ke'Shawn Vaughn,2,2,1.0,2,0,0,1,1,11,11.0,0,0,1,1.3,1.3,0.1%,RB,2022
57,58,Kenneth Gainwell,1,7,7.0,7,0,0,1,2,5,5.0,0,0,1,1.2,1.2,14.8%,RB,2022
58,59,Salvon Ahmed,3,11,3.7,7,0,0,0,0,0,0.0,0,0,1,1.1,1.1,0.6%,RB,2022
59,60,Chase Edmonds,2,9,4.5,10,0,0,1,2,0,0.0,0,0,1,0.9,0.9,0.8%,RB,2022
60,61,Nyheim Hines,0,0,0.0,0,0,0,1,1,9,9.0,0,0,1,0.9,0.9,0.5%,RB,2022
61,62,Dontrell Hilliard,1,2,2.0,2,0,0,1,2,6,6.0,0,0,1,0.8,0.8,0.0%,RB,2022
62,63,Keaontay Ingram,1,5,5.0,5,0,0,0,0,0,0.0,0,0,1,0.5,0.5,1.1%,RB,2022
63,64,Derek Watt,2,5,2.5,3,0,0,0,0,0,0.0,0,0,1,0.5,0.5,0.0%,RB,2022
64,65,Boston Scott,1,5,5.0,5,0,0,0,0,0,0.0,0,0,1,0.5,0.5,0.1%,RB,2022
65,66,Zack Moss,1,4,4.0,4,0,0,0,0,0,0.0,0,0,1,0.4,0.4,75.1%,RB,2022
66,67,Duke Johnson,2,4,2.0,4,0,0,0,0,0,0.0,0,0,1,0.4,0.4,0.0%,RB,2022
67,68,JaMycal Hasty,1,4,4.0,4,0,0,1,2,-1,-1.0,0,0,1,0.3,0.3,0.1%,RB,2022
68,69,Isaiah Spiller,4,3,0.8,4,0,0,0,0,0,0.0,0,0,1,0.3,0.3,0.8%,RB,2022
69,70,Tyler Allgeier,8,20,2.5,6,0,0,3,3,-17,-5.7,0,0,1,0.3,0.3,49.7%,RB,2022
70,71,Sony Michel,1,2,2.0,2,0,0,0,0,0,0.0,0,0,1,0.2,0.2,0.0%,RB,2022
71,72,Jordan Howard,1,1,1.0,1,0,0,0,0,0,0.0,0,0,1,0.1,0.1,0.0%,RB,2022
72,73,Zander Horvath,0,0,0.0,0,0,0,1,1,1,1.0,0,0,1,0.1,0.1,0.0%,RB,2022
73,74,Eno Benjamin,0,0,0.0,0,0,0,0,0,0,0.0,0,0,1,0.0,0.0,0.0%,RB,2022
74,75,Clyde Edwards-Helaire,0,0,0.0,0,0,0,0,2,0,0.0,0,0,1,0.0,0.0,23.7%,RB,2022
75,76,Chris Myarick,0,0,0.0,0,0,0,0,1,0,0.0,0,0,1,0.0,0.0,0.0%,RB,2022
76,77,Larry Rountree,0,0,0.0,0,0,0,0,0,0,0.0,0,0,1,0.0,0.0,0.0%,RB,2022
77,78,DeeJay Dallas,0,0,0.0,0,0,0,0,0,0,0.0,0,0,1,0.0,0.0,0.6%,RB,2022
78,79,Travis Homer,0,0,0.0,0,0,0,0,0,0,0.0,0,0,1,0.0,0.0,0.1%,RB,2022
79,80,Jacob Johnson,0,0,0.0,0,0,0,0,0,0,0.0,0,0,1,0.0,0.0,0.0%,RB,2022
80,81,Benny Snell,0,0,0.0,0,0,0,0,0,0,0.0,0,0,1,0.0,0.0,0.0%,RB,2022
81,82,Sandro Platzgummer,0,0,0.0,0,0,0,0,0,0,0.0,0,0,1,0.0,0.0,0.0%,RB,2022
82,83,Troy Hairston,0,0,0.0,0,0,0,0,0,0,0.0,0,0,1,0.0,0.0,0.0%,RB,2022
83,84,Jerome Ford,0,0,0.0,0,0,0,0,0,0,0.0,0,0,1,0.0,0.0,80.5%,RB,2022
84,85,Hassan Haskins,0,0,0.0,0,0,0,0,0,0,0.0,0,0,1,0.0,0.0,0.1%,RB,2022
85,86,Gary Brightwell,0,0,0.0,0,0,0,0,0,0,0.0,0,0,1,0.0,0.0,0.1%,RB,2022
86,87,Kene Nwangwu,0,0,0.0,0,0,0,0,0,0,0.0,0,0,1,0.0,0.0,0.2%,RB,2022
87,88,Qadree Ollison,0,0,0.0,0,0,0,0,0,0,0.0,0,0,1,0.0,0.0,0.0%,RB,2022
88,89,Nick Bellore,0,0,0.0,0,0,0,0,0,0,0.0,0,0,1,0.0,0.0,7.0%,RB,2022
89,90,Jason Cabinda,0,0,0.0,0,0,0,0,0,0,0.0,0,0,1,0.0,0.0,0.0%,RB,2022
90,91,Keith Smith,0,0,0.0,0,0,0,0,0,0,0.0,0,0,1,0.0,0.0,0.0%,RB,2022
91,92,Michael Burton,1,-1,-1.0,0,0,0,0,0,0,0.0,0,0,1,-0.1,-0.1,0.1%,RB,2022
92,93,Zamir White,2,-1,-0.5,1,0,0,0,0,0,0.0,0,0,1,-0.1,-0.1,74.3%,RB,2022
93,94,D'Ernest Johnson,0,0,0.0,0,0,0,1,1,-2,-2.0,0,0,1,-0.2,-0.2,2.7%,RB,2022
