,Rank,Player,Receiving Receptions,Receiving Target,Receiving Yards,Yards/Reception,Longest Reception,Receiving 20+,Receiving Touchdowns,Rushing Attempts,Rushing Yards,Rushing Touchdown,Fumbles,Games Played,Fantasy Football Points,FTPS/Game,ROST,Position,Year
0,1,Mark Andrews,9,11,104,11.6,25,1,1,1,3,0,0,1,16.7,16.7,73.3%,TE,2022
1,2,Darren Waller,6,8,50,8.3,19,0,1,0,0,0,0,1,11.0,11.0,53.0%,TE,2022
2,3,Mike Gesicki,4,4,41,10.3,14,0,1,0,0,0,0,1,10.1,10.1,2.3%,TE,2022
3,4,Ross Dwelley,1,1,38,38.0,38,1,1,0,0,0,0,1,9.8,9.8,0.0%,TE,2022
4,5,Logan Thomas,3,5,37,12.3,20,1,1,0,0,0,0,1,9.7,9.7,19.3%,TE,2022
5,6,Irv Smith,5,8,36,7.2,15,0,1,0,0,0,0,1,9.6,9.6,1.7%,TE,2022
6,7,Pat Freiermuth,4,7,22,5.5,8,0,1,0,0,0,0,1,8.2,8.2,59.8%,TE,2022
7,8,Eric Saubert,1,2,22,22.0,22,1,1,0,0,0,0,1,8.2,8.2,0.0%,TE,2022
8,9,Dallas Goedert,5,6,82,16.4,24,1,0,0,0,0,0,1,8.2,8.2,89.7%,TE,2022
9,10,Daniel Bellinger,1,1,16,16.0,16,0,1,0,0,0,0,1,7.6,7.6,0.8%,TE,2022
10,11,Zach Ertz,8,11,75,9.4,16,0,0,0,0,0,0,1,7.5,7.5,3.6%,TE,2022
11,12,Gerald Everett,6,10,71,11.8,26,1,0,0,0,0,0,1,7.1,7.1,23.5%,TE,2022
12,13,Tyler Higbee,7,9,71,10.1,18,0,0,0,0,0,0,1,7.1,7.1,19.7%,TE,2022
13,14,Travis Kelce,5,7,51,10.2,19,0,0,0,0,0,0,1,5.1,5.1,99.9%,TE,2022
14,15,Evan Engram,7,8,46,6.6,12,0,0,0,0,0,0,1,4.6,4.6,96.9%,TE,2022
15,16,Harrison Bryant,3,4,45,15.0,30,1,0,0,0,0,0,1,4.5,4.5,0.1%,TE,2022
16,17,Isaiah Likely,4,5,43,10.8,34,1,0,0,0,0,0,1,4.3,4.3,37.1%,TE,2022
17,18,Dawson Knox,4,5,41,10.3,15,0,0,0,0,0,0,1,4.1,4.1,4.7%,TE,2022
18,19,Juwan Johnson,4,7,40,10.0,22,1,0,0,0,0,0,1,4.0,4.0,9.7%,TE,2022
19,20,Tyler Conklin,6,9,40,6.7,13,0,0,0,0,0,0,1,4.0,4.0,17.9%,TE,2022
20,21,David Njoku,3,5,32,10.7,15,0,0,0,0,0,0,1,3.2,3.2,94.0%,TE,2022
21,22,Foster Moreau,3,4,30,10.0,19,0,0,0,0,0,0,1,3.0,3.0,0.1%,TE,2022
22,23,Johnny Mundt,2,3,28,14.0,17,0,0,0,0,0,0,1,2.8,2.8,1.5%,TE,2022
23,24,T.J. Hockenson,3,7,26,8.7,18,0,0,0,0,0,0,1,2.6,2.6,81.3%,TE,2022
24,25,Brock Wright,1,1,25,25.0,25,1,0,0,0,0,0,1,2.5,2.5,0.2%,TE,2022
25,26,Hayden Hurst,5,7,24,4.8,8,0,0,0,0,0,0,1,2.4,2.4,2.2%,TE,2022
26,27,Pharaoh Brown,3,5,24,8.0,18,0,0,0,0,0,0,1,2.4,2.4,0.1%,TE,2022
27,28,Tanner Hudson,2,3,22,11.0,15,0,0,0,0,0,0,1,2.2,2.2,2.7%,TE,2022
28,29,Kyle Pitts,2,3,19,9.5,13,0,0,0,0,0,0,1,1.9,1.9,87.9%,TE,2022
29,30,Austin Hooper,1,5,19,19.0,19,0,0,0,0,0,0,1,1.9,1.9,0.4%,TE,2022
30,31,Ryan Griffin,1,1,18,18.0,18,0,0,0,0,0,0,1,1.8,1.8,0.0%,TE,2022
31,32,Giovanni Ricci,1,1,16,16.0,16,0,0,0,0,0,0,1,1.6,1.6,0.1%,TE,2022
32,33,John Bates,2,3,15,7.5,9,0,0,0,0,0,0,1,1.5,1.5,0.1%,TE,2022
33,34,Taysom Hill,0,0,0,0.0,0,0,0,3,14,0,0,1,1.4,1.4,36.5%,TE,2022
34,35,Kylen Granson,2,2,14,7.0,8,0,0,0,0,0,0,1,1.4,1.4,0.7%,TE,2022
35,36,Ian Thomas,1,3,13,13.0,13,0,0,0,0,0,0,1,1.3,1.3,0.1%,TE,2022
36,37,Stephen Sullivan,1,1,13,13.0,13,0,0,0,0,0,0,1,1.3,1.3,0.1%,TE,2022
37,38,Noah Gray,2,3,12,6.0,11,0,0,0,0,0,0,1,1.2,1.2,0.8%,TE,2022
38,39,Noah Fant,2,2,11,5.5,7,0,0,0,0,0,0,1,1.1,1.1,2.1%,TE,2022
39,40,Robert Tonyan,2,2,11,5.5,9,0,0,0,0,0,0,1,1.1,1.1,0.1%,TE,2022
40,41,Mo Alie-Cox,1,3,9,9.0,9,0,0,0,0,0,0,1,0.9,0.9,0.1%,TE,2022
41,42,Cameron Brate,1,2,9,9.0,9,0,0,0,0,0,0,1,0.9,0.9,2.0%,TE,2022
42,43,Dan Arnold,1,1,8,8.0,8,0,0,0,0,0,0,1,0.8,0.8,0.0%,TE,2022
43,44,O.J. Howard,1,1,7,7.0,7,0,0,0,0,0,0,1,0.7,0.7,0.0%,TE,2022
44,45,Quintin Morris,1,1,6,6.0,6,0,0,0,0,0,0,1,0.6,0.6,0.1%,TE,2022
45,46,Durham Smythe,1,1,5,5.0,5,0,0,0,0,0,0,1,0.5,0.5,0.7%,TE,2022
46,47,Parker Hesse,1,1,5,5.0,5,0,0,0,0,0,0,1,0.5,0.5,0.0%,TE,2022
47,48,Cade Otton,1,2,4,4.0,4,0,0,0,0,0,0,1,0.4,0.4,16.6%,TE,2022
48,49,Brevin Jordan,2,4,3,1.5,4,0,0,0,0,0,0,1,0.3,0.3,5.2%,TE,2022
49,50,Mitchell Wilcox,1,1,3,3.0,3,0,0,0,0,0,0,1,0.3,0.3,0.0%,TE,2022
50,51,Stephen Anderson,1,1,2,2.0,2,0,0,0,0,0,0,1,0.2,0.2,0.0%,TE,2022
51,52,Chris Myarick,0,0,0,0.0,0,0,0,0,0,0,0,1,0.0,0.0,0.0%,TE,2022
52,53,Cole Kmet,0,1,0,0.0,0,0,0,0,0,0,0,1,0.0,0.0,71.6%,TE,2022
53,54,Albert Okwuegbunam,0,2,0,0.0,0,0,0,0,0,0,0,1,0.0,0.0,0.1%,TE,2022
54,55,Jody Fortson,0,1,0,0.0,0,0,0,0,0,0,0,1,0.0,0.0,0.1%,TE,2022
55,56,Tyler Davis,0,1,0,0.0,0,0,0,0,0,0,0,1,0.0,0.0,0.0%,TE,2022
56,57,Kenny Yeboah,0,0,0,0.0,0,0,0,0,0,0,0,1,0.0,0.0,0.0%,TE,2022
57,58,Ko Kieft,0,0,0,0.0,0,0,0,0,0,0,0,1,0.0,0.0,0.1%,TE,2022
58,59,Connor Heyward,0,0,0,0.0,0,0,0,0,0,0,0,1,0.0,0.0,0.2%,TE,2022
59,60,Chigoziem Okonkwo,0,0,0,0.0,0,0,0,0,0,0,0,1,0.0,0.0,23.7%,TE,2022
60,61,Jeremy Ruckert,0,1,0,0.0,0,0,0,0,0,0,0,1,0.0,0.0,0.2%,TE,2022
61,62,Jonnu Smith,0,3,0,0.0,0,0,0,0,0,0,0,1,0.0,0.0,8.1%,TE,2022
62,63,Will Dissly,2,2,0,0.0,2,0,0,0,0,0,0,1,0.0,0.0,0.3%,TE,2022
63,64,Patrick Scales,0,0,0,0.0,0,0,0,0,0,0,0,1,0.0,0.0,0.0%,TE,2022
64,65,Hunter Henry,0,1,0,0.0,0,0,0,0,0,0,0,1,0.0,0.0,15.2%,TE,2022
65,66,Andrew Beck,0,0,0,0.0,0,0,0,1,-1,0,0,1,-0.1,-0.1,0.1%,TE,2022
66,67,Dalton Schultz,2,4,18,9.0,9,0,0,0,0,0,1,1,-0.2,-0.2,77.2%,TE,2022
67,68,Drew Sample,1,1,-4,-4.0,0,0,0,0,0,0,0,1,-0.4,-0.4,0.1%,TE,2022
