,Rank,Player,Receiving Receptions,Receiving Target,Receiving Yards,Yards/Reception,Longest Reception,Receiving 20+,Receiving Touchdowns,Rushing Attempts,Rushing Yards,Rushing Touchdown,Fumbles,Games Played,Fantasy Football Points,FTPS/Game,ROST,Position,Year
0,1,Cole Kmet,5,6,41,8.2,18,0,2,2,9,0,0,1,17.0,17.0,71.6%,TE,2022
1,2,Dallas Goedert,8,9,100,12.5,21,1,1,0,0,0,0,1,16.0,16.0,89.7%,TE,2022
2,3,Cade Otton,5,6,68,13.6,28,1,1,0,0,0,0,1,12.8,12.8,16.6%,TE,2022
3,4,Travis Kelce,10,17,106,10.6,23,1,0,0,0,0,0,1,10.6,10.6,99.9%,TE,2022
4,5,Juwan Johnson,2,2,42,21.0,41,1,1,0,0,0,0,1,10.2,10.2,9.7%,TE,2022
5,6,Zach Ertz,5,8,40,8.0,14,0,1,0,0,0,0,1,10.0,10.0,3.6%,TE,2022
6,7,Noah Fant,5,6,96,19.2,51,1,0,0,0,0,0,1,9.6,9.6,2.1%,TE,2022
7,8,Isaiah Likely,1,5,24,24.0,24,1,1,0,0,0,0,1,8.4,8.4,37.1%,TE,2022
8,9,T.J. Hockenson,9,9,70,7.8,19,0,0,0,0,0,0,1,7.0,7.0,81.3%,TE,2022
9,10,James Mitchell,2,2,8,4.0,5,0,1,0,0,0,0,1,6.8,6.8,0.1%,TE,2022
10,11,Teagan Quitoriano,1,1,2,2.0,2,0,1,0,0,0,0,1,6.2,6.2,0.0%,TE,2022
11,12,Shane Zylstra,1,1,1,1.0,1,0,1,0,0,0,0,1,6.1,6.1,0.0%,TE,2022
12,13,Tommy Tremble,2,4,11,5.5,8,0,1,0,0,0,1,1,5.1,5.1,0.3%,TE,2022
13,14,Hunter Henry,4,4,50,12.5,30,1,0,0,0,0,0,1,5.0,5.0,15.2%,TE,2022
14,15,Chigoziem Okonkwo,1,3,48,48.0,48,1,0,0,0,0,0,1,4.8,4.8,23.7%,TE,2022
15,16,Noah Gray,3,3,45,15.0,27,1,0,0,0,0,0,1,4.5,4.5,0.8%,TE,2022
16,17,Josiah Deguara,5,5,41,8.2,25,1,0,0,0,0,0,1,4.1,4.1,0.0%,TE,2022
17,18,Gerald Everett,5,8,36,7.2,16,0,0,1,0,0,0,1,3.6,3.6,23.5%,TE,2022
18,19,Hayden Hurst,5,5,35,7.0,13,0,0,0,0,0,0,1,3.5,3.5,2.2%,TE,2022
19,20,Austin Hooper,2,3,34,17.0,18,0,0,0,0,0,0,1,3.4,3.4,0.4%,TE,2022
20,21,Robert Tonyan,3,4,29,9.7,17,0,0,0,0,0,0,1,2.9,2.9,0.1%,TE,2022
21,22,Kyle Pitts,2,7,27,13.5,18,0,0,0,0,0,0,1,2.7,2.7,87.9%,TE,2022
22,23,Dawson Knox,3,4,25,8.3,17,0,0,0,0,0,0,1,2.5,2.5,4.7%,TE,2022
23,24,Foster Moreau,2,5,42,21.0,30,1,0,0,2,0,1,1,2.4,2.4,0.1%,TE,2022
24,25,Will Dissly,3,4,24,8.0,13,0,0,0,0,0,0,1,2.4,2.4,0.3%,TE,2022
25,26,Armani Rogers,0,0,0,0.0,0,0,0,1,24,0,0,1,2.4,2.4,0.0%,TE,2022
26,27,Jonnu Smith,3,3,21,7.0,24,1,0,0,0,0,0,1,2.1,2.1,8.1%,TE,2022
27,28,Trevon Wesco,0,0,0,0.0,0,0,0,0,0,0,0,1,2.0,2.0,0.0%,TE,2022
28,29,Dan Arnold,1,1,19,19.0,19,0,0,0,0,0,0,1,1.9,1.9,0.0%,TE,2022
29,30,Josh Oliver,1,3,19,19.0,19,0,0,0,0,0,0,1,1.9,1.9,0.6%,TE,2022
30,31,Marcedes Lewis,1,1,19,19.0,19,0,0,0,0,0,0,1,1.9,1.9,0.1%,TE,2022
31,32,C.J. Uzomah,3,3,16,5.3,6,0,0,0,0,0,0,1,1.6,1.6,0.1%,TE,2022
32,33,Luke Farrell,1,1,15,15.0,15,0,0,0,0,0,0,1,1.5,1.5,0.1%,TE,2022
33,34,O.J. Howard,1,2,14,14.0,14,0,0,0,0,0,0,1,1.4,1.4,0.0%,TE,2022
34,35,Jack Stoll,1,2,13,13.0,13,0,0,0,0,0,0,1,1.3,1.3,0.0%,TE,2022
35,36,Mo Alie-Cox,2,2,13,6.5,8,0,0,0,0,0,0,1,1.3,1.3,0.1%,TE,2022
36,37,Taysom Hill,0,1,0,0.0,0,0,0,1,6,0,0,1,1.1,1.1,36.5%,TE,2022
37,38,Giovanni Ricci,1,1,8,8.0,8,0,0,0,0,0,0,1,0.8,0.8,0.1%,TE,2022
38,39,Evan Engram,1,2,8,8.0,8,0,0,0,0,0,0,1,0.8,0.8,96.9%,TE,2022
39,40,Adam Trautman,1,1,8,8.0,8,0,0,0,0,0,0,1,0.8,0.8,0.2%,TE,2022
40,41,Chris Manhertz,1,2,7,7.0,7,0,0,0,0,0,0,1,0.7,0.7,0.0%,TE,2022
41,42,Tyler Conklin,1,2,7,7.0,7,0,0,0,0,0,0,1,0.7,0.7,17.9%,TE,2022
42,43,MyCole Pruitt,1,1,6,6.0,6,0,0,0,0,0,0,1,0.6,0.6,0.0%,TE,2022
43,44,Colby Parkinson,2,2,6,3.0,10,0,0,0,0,0,0,1,0.6,0.6,0.6%,TE,2022
44,45,Ko Kieft,1,2,6,6.0,6,0,0,0,0,0,0,1,0.6,0.6,0.1%,TE,2022
45,46,John Bates,1,2,5,5.0,5,0,0,0,0,0,0,1,0.5,0.5,0.1%,TE,2022
46,47,Brevin Jordan,1,2,5,5.0,5,0,0,0,0,0,0,1,0.5,0.5,5.2%,TE,2022
47,48,Mike Gesicki,1,2,3,3.0,3,0,0,0,0,0,0,1,0.3,0.3,2.3%,TE,2022
48,49,Jelani Woods,1,3,2,2.0,2,0,0,0,0,0,0,1,0.2,0.2,1.2%,TE,2022
49,50,Johnny Mundt,1,1,1,1.0,1,0,0,0,0,0,0,1,0.1,0.1,1.5%,TE,2022
50,51,Brycen Hopkins,0,1,0,0.0,0,0,0,0,0,0,0,1,0.0,0.0,0.0%,TE,2022
51,52,N'Keal Harry,1,2,6,6.0,6,0,0,0,0,0,0,1,0.0,0.0,0.1%,TE,2022
52,53,Devin Asiasi,0,1,0,0.0,0,0,0,0,0,0,0,1,0.0,0.0,0.0%,TE,2022
53,54,Kylen Granson,0,1,0,0.0,0,0,0,1,0,0,0,1,0.0,0.0,0.7%,TE,2022
54,55,Brock Wright,0,1,0,0.0,0,0,0,0,0,0,0,1,0.0,0.0,0.2%,TE,2022
55,56,Richard Rodgers,0,2,0,0.0,0,0,0,0,0,0,0,1,0.0,0.0,0.0%,TE,2022
56,57,Logan Thomas,0,3,0,0.0,0,0,0,0,0,0,0,1,0.0,0.0,19.3%,TE,2022
57,58,Durham Smythe,0,2,0,0.0,0,0,0,0,0,0,0,1,0.0,0.0,0.7%,TE,2022
58,59,Jordan Akins,0,1,0,0.0,0,0,0,0,0,0,0,1,0.0,0.0,0.1%,TE,2022
59,60,James Winchester,0,0,0,0.0,0,0,0,0,0,0,0,1,0.0,0.0,0.0%,TE,2022
60,61,Andrew DePaola,0,0,0,0.0,0,0,0,0,0,0,0,1,0.0,0.0,0.0%,TE,2022
61,62,Tyler Higbee,0,1,0,0.0,0,0,0,0,0,0,0,1,0.0,0.0,19.7%,TE,2022
