,Rank,Player,Receiving Receptions,Receiving Target,Receiving Yards,Yards/Reception,Longest Reception,Receiving 20+,Receiving Touchdowns,Rushing Attempts,Rushing Yards,Rushing Touchdown,Fumbles,Games Played,Fantasy Football Points,FTPS/Game,ROST,Position,Year
0,1,Davante Adams,7,13,141,20.1,35,4,2,0,0,0,0,1,26.1,26.1,99.9%,WR,2022
1,2,Amari Cooper,8,12,113,14.1,25,2,2,0,0,0,0,1,23.3,23.3,91.5%,WR,2022
2,3,Joshua Palmer,8,10,106,13.3,50,1,2,0,0,0,0,1,22.6,22.6,25.6%,WR,2022
3,4,Christian Watson,4,6,48,12.0,18,0,2,1,3,0,0,1,17.1,17.1,74.9%,WR,2022
4,5,Chris Olave,5,6,102,20.4,53,1,1,0,0,0,0,1,16.2,16.2,98.8%,WR,2022
5,6,Deebo Samuel,7,9,57,8.1,19,0,0,3,37,1,0,1,15.4,15.4,98.8%,WR,2022
6,7,Tee Higgins,9,13,148,16.4,33,2,0,0,0,0,0,1,14.8,14.8,94.5%,WR,2022
7,8,George Pickens,4,6,83,20.8,33,3,1,0,0,0,0,1,14.3,14.3,87.0%,WR,2022
8,9,Brandon Aiyuk,2,4,20,10.0,13,0,2,0,0,0,0,1,14.0,14.0,98.3%,WR,2022
9,10,Demarcus Robinson,9,9,128,14.2,31,3,0,0,0,0,0,1,12.8,12.8,15.2%,WR,2022
10,11,Tutu Atwell,1,1,62,62.0,62,1,1,0,0,0,0,1,12.2,12.2,9.4%,WR,2022
11,12,Donovan Peoples-Jones,5,6,61,12.2,27,2,1,0,0,0,0,1,12.1,12.1,1.8%,WR,2022
12,13,Treylon Burks,7,8,111,15.9,51,2,0,0,0,0,0,1,11.1,11.1,6.1%,WR,2022
13,14,Stefon Diggs,4,5,48,12.0,21,1,1,0,0,0,0,1,10.8,10.8,99.7%,WR,2022
14,15,Richie James,3,3,48,16.0,20,1,1,0,0,0,0,1,10.8,10.8,0.0%,WR,2022
15,16,Allen Robinson,4,5,47,11.8,17,0,1,0,0,0,0,1,10.7,10.7,0.6%,WR,2022
16,17,Wan'Dale Robinson,9,13,100,11.1,19,0,0,1,4,0,0,1,10.4,10.4,9.6%,WR,2022
17,18,Greg Dortch,9,10,103,11.4,47,1,0,0,0,0,0,1,10.3,10.3,4.4%,WR,2022
18,19,Trenton Irwin,3,4,42,14.0,32,1,1,0,0,0,0,1,10.2,10.2,0.6%,WR,2022
19,20,Jarvis Landry,3,4,33,11.0,18,0,1,0,0,0,0,1,9.3,9.3,14.0%,WR,2022
20,21,Quez Watkins,2,2,31,15.5,22,1,1,0,0,0,0,1,9.1,9.1,0.2%,WR,2022
21,22,DeAndre Hopkins,9,12,91,10.1,17,0,0,0,0,0,0,1,9.1,9.1,92.5%,WR,2022
22,23,Darnell Mooney,4,5,29,7.3,16,0,1,0,0,0,0,1,8.9,8.9,39.1%,WR,2022
23,24,Curtis Samuel,1,2,10,10.0,10,0,0,2,18,1,0,1,8.8,8.8,49.2%,WR,2022
24,25,Darius Slayton,5,10,86,17.2,24,2,0,0,0,0,0,1,8.6,8.6,2.7%,WR,2022
25,26,Courtland Sutton,5,7,80,16.0,23,2,0,0,0,0,0,1,8.0,8.0,83.4%,WR,2022
26,27,Amon-Ra St.,7,8,76,10.9,32,1,0,1,4,0,0,1,8.0,8.0,100.0%,WR,2022
27,28,DeVonta Smith,6,9,78,13.0,24,1,0,0,0,0,0,1,7.8,7.8,98.1%,WR,2022
28,29,Terrace Marshall,3,6,76,25.3,34,2,0,0,0,0,0,1,7.6,7.6,0.2%,WR,2022
29,30,Michael Pittman,6,7,75,12.5,24,1,0,0,0,0,0,1,7.5,7.5,97.2%,WR,2022
30,31,Keenan Allen,5,8,94,18.8,46,1,0,0,0,0,1,1,7.4,7.4,91.1%,WR,2022
31,32,Randall Cobb,6,6,73,12.2,28,2,0,0,0,0,0,1,7.3,7.3,0.0%,WR,2022
32,33,Brandin Cooks,3,6,70,23.3,41,1,0,0,0,0,0,1,7.0,7.0,43.5%,WR,2022
33,34,Robert Woods,6,7,69,11.5,32,1,0,0,0,0,0,1,6.9,6.9,2.7%,WR,2022
34,35,Gabe Davis,5,7,68,13.6,28,1,0,0,0,0,0,1,6.8,6.8,54.0%,WR,2022
35,36,Justin Watson,3,4,67,22.3,29,2,0,0,0,0,0,1,6.7,6.7,1.8%,WR,2022
36,37,Parris Campbell,5,6,67,13.4,31,1,0,0,0,0,0,1,6.7,6.7,0.7%,WR,2022
37,38,Skyy Moore,5,6,63,12.6,18,0,0,0,0,0,0,1,6.3,6.3,6.4%,WR,2022
38,39,Drake London,1,3,2,2.0,2,0,1,0,0,0,0,1,6.2,6.2,93.0%,WR,2022
39,40,Allen Lazard,5,11,57,11.4,23,1,0,0,0,0,0,1,5.7,5.7,4.8%,WR,2022
40,41,Kendall Hinton,3,3,57,19.0,32,1,0,0,0,0,0,1,5.7,5.7,0.0%,WR,2022
41,42,Terry McLaurin,4,7,55,13.8,19,0,0,1,1,0,0,1,5.6,5.6,90.3%,WR,2022
42,43,Jakobi Meyers,4,6,52,13.0,20,1,0,0,0,0,0,1,5.2,5.2,75.0%,WR,2022
43,44,Mack Hollins,6,9,52,8.7,18,0,0,0,0,0,0,1,5.2,5.2,0.3%,WR,2022
44,45,A.J. Green,5,9,50,10.0,18,0,0,0,0,0,0,1,5.0,5.0,0.6%,WR,2022
45,46,Nico Collins,5,7,48,9.6,22,1,0,0,0,0,0,1,4.8,4.8,95.7%,WR,2022
46,47,CeeDee Lamb,5,5,45,9.0,27,1,0,0,0,0,0,1,4.5,4.5,100.0%,WR,2022
47,48,Noah Brown,2,2,42,21.0,35,1,0,0,0,0,0,1,4.2,4.2,23.5%,WR,2022
48,49,Tyler Boyd,2,7,42,21.0,27,1,0,0,0,0,0,1,4.2,4.2,28.0%,WR,2022
49,50,Van Jefferson,3,5,41,13.7,20,1,0,0,0,0,0,1,4.1,4.1,1.4%,WR,2022
50,51,Michael Gallup,3,4,41,13.7,19,0,0,0,0,0,0,1,4.1,4.1,6.4%,WR,2022
51,52,Kalif Raymond,3,7,33,11.0,21,1,0,1,7,0,0,1,4.0,4.0,1.3%,WR,2022
52,53,A.J. Brown,5,7,60,12.0,29,1,0,0,0,0,1,1,4.0,4.0,99.9%,WR,2022
53,54,Gunner Olszewski,2,3,39,19.5,31,1,0,0,0,0,0,1,3.9,3.9,0.1%,WR,2022
54,55,Denzel Mims,2,6,35,17.5,34,1,0,0,0,0,0,1,3.5,3.5,0.0%,WR,2022
55,56,Justin Jefferson,3,5,33,11.0,15,0,0,0,0,0,0,1,3.3,3.3,100.0%,WR,2022
56,57,DeAndre Carter,3,3,33,11.0,20,1,0,0,0,0,0,1,3.3,3.3,0.0%,WR,2022
57,58,Kenny Golladay,2,2,29,14.5,15,0,0,0,0,0,0,1,2.9,2.9,4.0%,WR,2022
58,59,Damiere Byrd,2,2,29,14.5,19,0,0,0,0,0,0,1,2.9,2.9,0.0%,WR,2022
59,60,Alec Pierce,3,8,28,9.3,17,0,0,0,0,0,0,1,2.8,2.8,2.3%,WR,2022
60,61,Nick Westbrook-Ikhine,2,2,28,14.0,19,0,0,0,0,0,0,1,2.8,2.8,0.2%,WR,2022
61,62,Adam Thielen,2,3,25,12.5,15,0,0,0,0,0,0,1,2.5,2.5,74.6%,WR,2022
62,63,Equanimeous St.,2,2,24,12.0,14,0,0,0,0,0,0,1,2.4,2.4,0.1%,WR,2022
63,64,DJ Moore,3,5,24,8.0,12,0,0,0,0,0,0,1,2.4,2.4,97.7%,WR,2022
64,65,Chris Moore,5,7,20,4.0,11,0,0,1,3,0,0,1,2.3,2.3,0.1%,WR,2022
65,66,David Bell,4,5,22,5.5,8,0,0,0,0,0,0,1,2.2,2.2,0.2%,WR,2022
66,67,Olamide Zaccheaus,1,2,9,9.0,9,0,0,1,13,0,0,1,2.2,2.2,0.1%,WR,2022
67,68,Diontae Johnson,4,5,21,5.3,8,0,0,1,1,0,0,1,2.2,2.2,83.3%,WR,2022
68,69,Keelan Cole,1,2,21,21.0,21,1,0,0,0,0,0,1,2.1,2.1,0.0%,WR,2022
69,70,Lawrence Cager,2,3,20,10.0,13,0,0,0,0,0,0,1,2.0,2.0,0.0%,WR,2022
70,71,DeVante Parker,2,2,19,9.5,10,0,0,0,0,0,0,1,1.9,1.9,1.7%,WR,2022
71,72,Marquez Valdes-Scantling,1,4,18,18.0,18,0,0,0,0,0,0,1,1.8,1.8,1.3%,WR,2022
72,73,Nelson Agholor,2,3,18,9.0,11,0,0,0,0,0,0,1,1.8,1.8,0.9%,WR,2022
73,74,K.J. Osborn,2,3,17,8.5,12,0,0,0,0,0,0,1,1.7,1.7,15.4%,WR,2022
74,75,Elijah Moore,2,4,17,8.5,13,0,0,0,0,0,0,1,1.7,1.7,23.3%,WR,2022
75,76,Cam Sims,1,1,17,17.0,17,0,0,0,0,0,0,1,1.7,1.7,0.0%,WR,2022
76,77,Jahan Dotson,1,2,13,13.0,13,0,0,1,3,0,0,1,1.6,1.6,30.7%,WR,2022
77,78,Mike Williams,1,1,15,15.0,15,0,0,0,0,0,0,1,1.5,1.5,48.2%,WR,2022
78,79,Brandon Powell,2,2,16,8.0,8,0,0,1,-1,0,0,1,1.5,1.5,0.7%,WR,2022
79,80,Jalen Nailor,1,3,15,15.0,15,0,0,0,0,0,0,1,1.5,1.5,0.1%,WR,2022
80,81,Jalen Reagor,1,1,14,14.0,14,0,0,0,0,0,0,1,1.4,1.4,0.1%,WR,2022
81,82,KhaDarel Hodge,1,1,13,13.0,13,0,0,0,0,0,0,1,1.3,1.3,0.1%,WR,2022
82,83,Tom Kennedy,1,1,13,13.0,13,0,0,0,0,0,0,1,1.3,1.3,0.0%,WR,2022
83,84,Garrett Wilson,2,3,12,6.0,6,0,0,1,0,0,0,1,1.2,1.2,97.7%,WR,2022
84,85,Chase Claypool,2,3,11,5.5,6,0,0,0,0,0,0,1,1.1,1.1,0.8%,WR,2022
85,86,Zach Pascal,1,1,9,9.0,9,0,0,0,0,0,0,1,0.9,0.9,0.1%,WR,2022
86,87,Isaiah Hodgins,3,3,29,9.7,20,1,0,0,0,0,1,1,0.9,0.9,0.6%,WR,2022
87,88,Rashid Shaheed,1,2,8,8.0,8,0,0,0,0,0,0,1,0.8,0.8,45.3%,WR,2022
88,89,Kendrick Bourne,1,1,8,8.0,8,0,0,0,0,0,0,1,0.8,0.8,4.5%,WR,2022
89,90,Jalen Tolbert,1,1,8,8.0,8,0,0,0,0,0,0,1,0.8,0.8,1.6%,WR,2022
90,91,Laviska Shenault,4,4,7,1.8,5,0,0,0,0,0,0,1,0.7,0.7,0.2%,WR,2022
91,92,Devin Duvernay,1,1,3,3.0,3,0,0,1,4,0,0,1,0.7,0.7,0.2%,WR,2022
92,93,Shi Smith,4,5,26,6.5,10,0,0,0,0,0,1,1,0.6,0.6,0.0%,WR,2022
93,94,Marquez Callaway,1,1,6,6.0,6,0,0,0,0,0,0,1,0.6,0.6,0.1%,WR,2022
94,95,Tyquan Thornton,1,2,5,5.0,5,0,0,0,0,0,0,1,0.5,0.5,0.2%,WR,2022
95,96,Ben Skowronek,1,4,4,4.0,4,0,0,0,0,0,0,1,0.4,0.4,0.1%,WR,2022
96,97,Brandon Johnson,1,2,2,2.0,2,0,0,0,0,0,0,1,0.2,0.2,2.0%,WR,2022
97,98,Trent Taylor,1,1,1,1.0,1,0,0,0,0,0,0,1,0.1,0.1,0.0%,WR,2022
98,99,Dax Milne,0,0,0,0.0,0,0,0,0,0,0,0,1,0.0,0.0,0.0%,WR,2022
99,100,James Proche,0,2,0,0.0,0,0,0,0,0,0,0,1,0.0,0.0,0.0%,WR,2022
100,101,KaVontae Turpin,0,0,0,0.0,0,0,0,0,0,0,0,1,0.0,0.0,0.7%,WR,2022
101,102,Ashton Dulin,0,0,0,0.0,0,0,0,0,0,0,0,1,0.0,0.0,0.1%,WR,2022
102,103,Stanley Morgan,0,0,0,0.0,0,0,0,0,0,0,0,1,0.0,0.0,0.0%,WR,2022
103,104,Kadarius Toney,0,1,0,0.0,0,0,0,0,0,0,0,1,0.0,0.0,5.9%,WR,2022
104,105,Anthony Schwartz,0,0,0,0.0,0,0,0,0,0,0,0,1,0.0,0.0,0.0%,WR,2022
105,106,Tylan Wallace,0,0,0,0.0,0,0,0,0,0,0,0,1,0.0,0.0,0.1%,WR,2022
106,107,Jauan Jennings,0,2,0,0.0,0,0,0,0,0,0,0,1,0.0,0.0,0.8%,WR,2022
107,108,Jacob Harris,0,0,0,0.0,0,0,0,0,0,0,0,1,0.0,0.0,0.0%,WR,2022
108,109,DJ Turner,0,0,0,0.0,0,0,0,0,0,0,0,1,0.0,0.0,0.1%,WR,2022
109,110,Michael Bandy,0,1,0,0.0,0,0,0,0,0,0,0,1,0.0,0.0,0.0%,WR,2022
110,111,Montrell Washington,0,0,0,0.0,0,0,0,0,0,0,0,1,0.0,0.0,0.0%,WR,2022
111,112,Velus Jones,0,0,0,0.0,0,0,0,0,0,0,0,1,0.0,0.0,0.2%,WR,2022
112,113,Britain Covey,0,0,0,0.0,0,0,0,0,0,0,0,1,0.0,0.0,0.1%,WR,2022
113,114,Sammy Watkins,0,2,0,0.0,0,0,0,0,0,0,0,1,0.0,0.0,0.0%,WR,2022
114,115,Albert Wilson,0,0,0,0.0,0,0,0,0,0,0,0,1,0.0,0.0,0.0%,WR,2022
115,116,Matthew Slater,0,0,0,0.0,0,0,0,0,0,0,0,1,0.0,0.0,0.0%,WR,2022
116,117,Justin Hardee,0,0,0,0.0,0,0,0,0,0,0,0,1,0.0,0.0,0.0%,WR,2022
117,118,C.J. Board,0,0,0,0.0,0,0,0,0,0,0,0,1,0.0,0.0,0.0%,WR,2022
118,119,Isaiah McKenzie,0,1,0,0.0,0,0,0,0,0,0,0,1,0.0,0.0,0.2%,WR,2022
119,120,Dante Pettis,0,0,0,0.0,0,0,0,0,0,0,0,1,0.0,0.0,0.1%,WR,2022
120,121,Braxton Berrios,0,1,0,0.0,0,0,0,0,0,0,0,1,0.0,0.0,1.2%,WR,2022
121,122,DJ Chark,0,1,0,0.0,0,0,0,0,0,0,0,1,0.0,0.0,4.6%,WR,2022
122,123,Byron Pringle,0,0,0,0.0,0,0,0,0,0,0,0,1,0.0,0.0,0.0%,WR,2022
123,124,Keke Coutee,0,0,0,0.0,0,0,0,0,0,0,0,1,0.0,0.0,0.0%,WR,2022
124,125,Ray-Ray McCloud,0,1,0,0.0,0,0,0,0,0,0,0,1,0.0,0.0,0.6%,WR,2022
125,126,Phillip Dorsett,0,1,0,0.0,0,0,0,0,0,0,0,1,0.0,0.0,0.0%,WR,2022
126,127,Mike Thomas,0,1,0,0.0,0,0,0,0,0,0,0,1,0.0,0.0,0.0%,WR,2022
127,128,Steven Sims,0,2,0,0.0,0,0,0,1,-3,0,0,1,-0.3,-0.3,0.0%,WR,2022
128,129,Rondale Moore,0,0,0,0.0,0,0,0,1,-6,0,0,1,-0.6,-0.6,5.3%,WR,2022
