,Rank,Player,Receiving Receptions,Receiving Target,Receiving Yards,Yards/Reception,Longest Reception,Receiving 20+,Receiving Touchdowns,Rushing Attempts,Rushing Yards,Rushing Touchdown,Fumbles,Games Played,Fantasy Football Points,FTPS/Game,ROST,Position,Year
0,1,Stefon Diggs,12,15,148,12.3,46,1,3,0,0,0,0,1,32.8,32.8,99.7%,WR,2022
1,2,Tyreek Hill,11,13,190,17.3,60,3,2,0,0,0,0,1,31.0,31.0,100.0%,WR,2022
2,3,Amon-Ra St.,9,12,116,12.9,49,1,2,2,68,0,0,1,30.4,30.4,100.0%,WR,2022
3,4,Jaylen Waddle,11,19,171,15.5,59,2,2,0,0,0,0,1,29.1,29.1,96.3%,WR,2022
4,5,Garrett Wilson,8,14,102,12.8,31,1,2,1,-2,0,0,1,22.0,22.0,97.7%,WR,2022
5,6,Cooper Kupp,11,14,108,9.8,20,1,2,0,0,0,1,1,20.8,20.8,97.9%,WR,2022
6,7,Christian Kirk,6,6,78,13.0,26,2,2,0,0,0,0,1,19.8,19.8,70.7%,WR,2022
7,8,Mike Williams,8,10,113,14.1,39,1,1,0,0,0,0,1,17.3,17.3,48.2%,WR,2022
8,9,Nelson Agholor,6,6,110,18.3,44,2,1,0,0,0,0,1,17.0,17.0,0.9%,WR,2022
9,10,Rashod Bateman,4,7,108,27.0,75,1,1,0,0,0,0,1,16.8,16.8,9.5%,WR,2022
10,11,Drake London,8,12,86,10.8,22,1,1,0,0,0,0,1,16.6,16.6,93.0%,WR,2022
11,12,Amari Cooper,9,10,101,11.2,20,1,1,0,0,0,0,1,16.1,16.1,91.5%,WR,2022
12,13,Curtis Samuel,7,9,78,11.1,27,1,1,1,21,0,0,1,15.9,15.9,49.2%,WR,2022
13,14,Noah Brown,5,5,91,18.2,28,2,1,0,0,0,0,1,15.1,15.1,23.5%,WR,2022
14,15,Corey Davis,2,4,83,41.5,66,1,1,0,0,0,0,1,14.3,14.3,0.0%,WR,2022
15,16,Jahan Dotson,4,5,59,14.8,40,1,1,0,0,0,0,1,13.9,13.9,30.7%,WR,2022
16,17,Tee Higgins,6,10,71,11.8,19,0,1,0,0,0,0,1,13.1,13.1,94.5%,WR,2022
17,18,Quez Watkins,2,2,69,34.5,53,1,1,0,0,0,0,1,12.9,12.9,0.2%,WR,2022
18,19,Courtland Sutton,7,11,122,17.4,35,3,0,1,5,0,0,1,12.7,12.7,83.4%,WR,2022
19,20,Michael Thomas,6,9,65,10.8,13,0,1,0,0,0,0,1,12.5,12.5,17.1%,WR,2022
20,21,Greg Dortch,4,4,55,13.8,29,1,1,0,0,0,0,1,11.5,11.5,4.4%,WR,2022
21,22,Allen Robinson,4,5,53,13.3,29,1,1,0,0,0,0,1,11.3,11.3,0.6%,WR,2022
22,23,Justin Watson,2,2,50,25.0,41,1,1,0,0,0,0,1,11.0,11.0,1.8%,WR,2022
23,24,Tyler Lockett,9,11,107,11.9,27,1,0,0,0,0,0,1,10.7,10.7,88.8%,WR,2022
24,25,Breshad Perriman,3,5,45,15.0,28,1,1,0,0,0,0,1,10.5,10.5,0.0%,WR,2022
25,26,DJ Moore,3,6,43,14.3,29,1,1,0,0,0,0,1,10.3,10.3,97.7%,WR,2022
26,27,Devin Duvernay,2,2,42,21.0,26,1,0,0,0,0,0,1,10.2,10.2,0.2%,WR,2022
27,28,Josh Reynolds,3,3,38,12.7,23,1,1,0,0,0,0,1,9.8,9.8,7.4%,WR,2022
28,29,Deebo Samuel,5,6,44,8.8,15,0,0,4,53,0,0,1,9.7,9.7,98.8%,WR,2022
29,30,Jakobi Meyers,9,13,95,10.6,24,1,0,0,0,0,0,1,9.5,9.5,75.0%,WR,2022
30,31,Sammy Watkins,3,4,93,31.0,55,2,0,0,0,0,0,1,9.3,9.3,0.0%,WR,2022
31,32,Joshua Palmer,4,8,30,7.5,10,0,1,0,0,0,0,1,9.0,9.0,25.6%,WR,2022
32,33,Terry McLaurin,4,8,75,18.8,35,1,0,1,7,0,0,1,8.2,8.2,90.3%,WR,2022
33,34,Ashton Dulin,5,7,79,15.8,39,1,0,1,3,0,0,1,8.2,8.2,0.1%,WR,2022
34,35,CeeDee Lamb,7,11,75,10.7,24,1,0,1,6,0,0,1,8.1,8.1,100.0%,WR,2022
35,36,Olamide Zaccheaus,2,2,21,10.5,11,0,1,0,0,0,0,1,8.1,8.1,0.1%,WR,2022
36,37,DeVonta Smith,7,7,80,11.4,19,0,0,0,0,0,0,1,8.0,8.0,98.1%,WR,2022
37,38,Diontae Johnson,6,10,57,9.5,17,0,0,0,0,0,0,1,7.7,7.7,83.3%,WR,2022
38,39,Allen Lazard,2,3,13,6.5,8,0,1,0,0,0,0,1,7.3,7.3,4.8%,WR,2022
39,40,Davante Adams,2,7,12,6.0,11,0,1,0,0,0,0,1,7.2,7.2,99.9%,WR,2022
40,41,Demarcus Robinson,1,2,12,12.0,12,0,1,0,0,0,0,1,7.2,7.2,15.2%,WR,2022
41,42,A.J. Brown,5,8,69,13.8,23,1,0,0,0,0,0,1,6.9,6.9,99.9%,WR,2022
42,43,Hollywood Brown,6,11,68,11.3,24,1,0,0,0,0,0,1,6.8,6.8,79.1%,WR,2022
43,44,Mack Hollins,5,8,66,13.2,23,2,0,0,0,0,0,1,6.6,6.6,0.3%,WR,2022
44,45,Brandon Aiyuk,5,8,63,12.6,25,1,0,0,0,0,0,1,6.3,6.3,98.3%,WR,2022
45,46,River Cracraft,1,2,2,2.0,2,0,1,0,0,0,0,1,6.2,6.2,0.1%,WR,2022
46,47,Mike Evans,3,4,61,20.3,41,1,0,0,0,0,0,1,6.1,6.1,98.1%,WR,2022
47,48,Chris Olave,5,13,80,16.0,51,1,0,0,0,0,1,1,6.0,6.0,98.8%,WR,2022
48,49,Nico Collins,4,9,58,14.5,29,2,0,0,0,0,0,1,5.8,5.8,95.7%,WR,2022
49,50,Ja'Marr Chase,5,9,54,10.8,17,0,0,1,4,0,0,1,5.8,5.8,99.4%,WR,2022
50,51,KhaDarel Hodge,2,3,57,28.5,39,1,0,0,0,0,0,1,5.7,5.7,0.1%,WR,2022
51,52,DeAndre Carter,3,3,55,18.3,35,1,0,0,0,0,0,1,5.5,5.5,0.0%,WR,2022
52,53,Brandin Cooks,4,10,54,13.5,25,2,0,0,0,0,0,1,5.4,5.4,43.5%,WR,2022
53,54,Adam Thielen,4,7,52,13.0,19,0,0,0,0,0,0,1,5.2,5.2,74.6%,WR,2022
54,55,Richie James,5,6,51,10.2,15,0,0,0,0,0,0,1,5.1,5.1,0.0%,WR,2022
55,56,Jake Kumerow,2,3,50,25.0,39,1,0,0,0,0,0,1,5.0,5.0,0.0%,WR,2022
56,57,Justin Jefferson,6,12,48,8.0,11,0,0,0,0,0,0,1,4.8,4.8,100.0%,WR,2022
57,58,Treylon Burks,4,6,47,11.8,16,0,0,0,0,0,0,1,4.7,4.7,6.1%,WR,2022
58,59,Mecole Hardman,3,4,49,16.3,30,1,0,1,-4,0,0,1,4.5,4.5,1.2%,WR,2022
59,60,Scotty Miller,3,8,34,11.3,23,1,0,1,8,0,0,1,4.2,4.2,0.1%,WR,2022
60,61,Equanimeous St.,2,4,39,19.5,30,1,0,0,0,0,0,1,3.9,3.9,0.1%,WR,2022
61,62,Robert Woods,4,5,39,9.8,17,0,0,0,0,0,0,1,3.9,3.9,2.7%,WR,2022
62,63,Hunter Renfrow,7,10,59,8.4,20,1,0,0,0,0,1,1,3.9,3.9,0.7%,WR,2022
63,64,Randall Cobb,3,3,37,12.3,20,1,0,0,0,0,0,1,3.7,3.7,0.0%,WR,2022
64,65,David Sills,3,4,37,12.3,24,1,0,0,0,0,0,1,3.7,3.7,0.0%,WR,2022
65,66,Tyler Boyd,2,2,17,8.5,16,0,0,0,0,0,0,1,3.7,3.7,28.0%,WR,2022
66,67,Isaiah McKenzie,2,3,37,18.5,28,1,0,0,0,0,0,1,3.7,3.7,0.2%,WR,2022
67,68,A.J. Green,3,7,16,5.3,10,0,0,0,0,0,0,1,3.6,3.6,0.6%,WR,2022
68,69,Elijah Moore,3,5,41,13.7,18,0,0,1,-6,0,0,1,3.5,3.5,23.3%,WR,2022
69,70,DK Metcalf,4,6,35,8.8,12,0,0,0,0,0,0,1,3.5,3.5,98.5%,WR,2022
70,71,Sterling Shepard,6,10,34,5.7,12,0,0,0,0,0,0,1,3.4,3.4,0.1%,WR,2022
71,72,Marvin Jones,3,5,33,11.0,13,0,0,0,0,0,0,1,3.3,3.3,0.1%,WR,2022
72,73,Russell Gage,5,6,28,5.6,10,0,0,0,0,0,0,1,2.8,2.8,0.0%,WR,2022
73,74,Tyrie Cleveland,2,3,28,14.0,16,0,0,0,0,0,0,1,2.8,2.8,0.0%,WR,2022
74,75,Romeo Doubs,2,3,27,13.5,20,1,0,0,0,0,0,1,2.7,2.7,43.4%,WR,2022
75,76,Chase Claypool,4,6,26,6.5,11,0,0,0,0,0,0,1,2.6,2.6,0.8%,WR,2022
76,77,Jarvis Landry,4,5,25,6.3,10,0,0,0,0,0,0,1,2.5,2.5,14.0%,WR,2022
77,78,K.J. Osborn,2,2,25,12.5,15,0,0,0,0,0,0,1,2.5,2.5,15.4%,WR,2022
78,79,Dezmon Patmon,2,6,24,12.0,17,0,0,0,0,0,0,1,2.4,2.4,0.0%,WR,2022
79,80,Jalen Reagor,1,2,7,7.0,7,0,0,1,17,0,0,1,2.4,2.4,0.1%,WR,2022
80,81,George Pickens,1,2,23,23.0,23,1,0,0,0,0,0,1,2.3,2.3,87.0%,WR,2022
81,82,Zay Jones,3,4,23,7.7,10,0,0,0,0,0,0,1,2.3,2.3,16.7%,WR,2022
82,83,Mike Strachan,1,3,23,23.0,23,1,0,0,0,0,0,1,2.3,2.3,0.0%,WR,2022
83,84,Braxton Berrios,0,0,0,0.0,0,0,0,2,22,0,0,1,2.2,2.2,1.2%,WR,2022
84,85,Kendall Hinton,1,1,20,20.0,20,1,0,0,0,0,0,1,2.0,2.0,0.0%,WR,2022
85,86,Montrell Washington,0,1,0,0.0,0,0,0,1,19,0,0,1,1.9,1.9,0.0%,WR,2022
86,87,Jeff Smith,1,1,17,17.0,17,0,0,0,0,0,0,1,1.7,1.7,0.0%,WR,2022
87,88,Jamison Crowder,1,2,16,16.0,16,0,0,0,0,0,0,1,1.6,1.6,0.3%,WR,2022
88,89,Ray-Ray McCloud,1,2,16,16.0,16,0,0,0,0,0,0,1,1.6,1.6,0.6%,WR,2022
89,90,Kendrick Bourne,2,3,16,8.0,10,0,0,0,0,0,0,1,1.6,1.6,4.5%,WR,2022
90,91,Ben Skowronek,2,3,16,8.0,8,0,0,0,0,0,0,1,1.6,1.6,0.1%,WR,2022
91,92,Chris Moore,2,4,14,7.0,9,0,0,0,0,0,0,1,1.4,1.4,0.1%,WR,2022
92,93,Zach Pascal,2,2,14,7.0,8,0,0,0,0,0,0,1,1.4,1.4,0.1%,WR,2022
93,94,Nick Westbrook-Ikhine,1,4,13,13.0,13,0,0,0,0,0,0,1,1.3,1.3,0.2%,WR,2022
94,95,Marquez Valdes-Scantling,2,7,13,6.5,7,0,0,0,0,0,0,1,1.3,1.3,1.3%,WR,2022
95,96,Jerry Jeudy,1,3,11,11.0,11,0,0,1,1,0,0,1,1.2,1.2,62.5%,WR,2022
96,97,Robbie Chosen,3,5,32,10.7,19,0,0,0,0,0,1,1,1.2,1.2,0.0%,WR,2022
97,98,Andre Baccellia,2,2,12,6.0,11,0,0,0,0,0,0,1,1.2,1.2,0.0%,WR,2022
98,99,Lil'Jordan Humphrey,1,2,11,11.0,11,0,0,0,0,0,0,1,1.1,1.1,0.1%,WR,2022
99,100,JuJu Smith-Schuster,3,3,10,3.3,4,0,0,0,0,0,0,1,1.0,1.0,7.0%,WR,2022
100,101,Christian Watson,3,3,9,3.0,9,0,0,0,0,0,0,1,0.9,0.9,74.9%,WR,2022
101,102,Tylan Wallace,1,2,9,9.0,9,0,0,0,0,0,0,1,0.9,0.9,0.1%,WR,2022
102,103,Deonte Harty,1,1,9,9.0,9,0,0,0,0,0,0,1,0.9,0.9,0.1%,WR,2022
103,104,Trent Sherfield,2,2,9,4.5,12,0,0,0,0,0,0,1,0.9,0.9,0.1%,WR,2022
104,105,Dee Eskridge,1,1,6,6.0,6,0,0,0,0,0,0,1,0.6,0.6,0.1%,WR,2022
105,106,David Bell,1,1,6,6.0,6,0,0,0,0,0,0,1,0.6,0.6,0.2%,WR,2022
106,107,Dax Milne,1,1,6,6.0,6,0,0,0,0,0,0,1,0.6,0.6,0.0%,WR,2022
107,108,Jauan Jennings,1,2,4,4.0,4,0,0,0,0,0,0,1,0.4,0.4,0.8%,WR,2022
108,109,KaVontae Turpin,0,0,0,0.0,0,0,0,1,3,0,0,1,0.3,0.3,0.7%,WR,2022
109,110,Bryan Edwards,1,2,2,2.0,2,0,0,0,0,0,0,1,0.2,0.2,0.0%,WR,2022
110,111,Shi Smith,1,6,2,2.0,2,0,0,0,0,0,0,1,0.2,0.2,0.0%,WR,2022
111,112,Jamal Agnew,0,1,0,0.0,0,0,0,2,1,0,0,1,0.1,0.1,1.0%,WR,2022
112,113,Jaelon Darden,0,0,0,0.0,0,0,0,0,0,0,0,1,0.0,0.0,0.0%,WR,2022
113,114,Quintez Cephus,0,0,0,0.0,0,0,0,0,0,0,0,1,0.0,0.0,0.0%,WR,2022
114,115,Donovan Peoples-Jones,0,1,0,0.0,0,0,0,0,0,0,0,1,0.0,0.0,1.8%,WR,2022
115,116,Parris Campbell,0,2,0,0.0,0,0,0,0,0,0,0,1,0.0,0.0,0.7%,WR,2022
116,117,Miles Boykin,0,0,0,0.0,0,0,0,0,0,0,0,1,0.0,0.0,0.0%,WR,2022
117,118,Amari Rodgers,0,0,0,0.0,0,0,0,0,0,0,0,1,0.0,0.0,0.0%,WR,2022
118,119,Kadarius Toney,2,3,0,0.0,2,0,0,0,0,0,0,1,0.0,0.0,5.9%,WR,2022
119,120,Ihmir Smith-Marsette,0,0,0,0.0,0,0,0,0,0,0,0,1,0.0,0.0,0.1%,WR,2022
120,121,Simi Fehoko,0,0,0,0.0,0,0,0,0,0,0,0,1,0.0,0.0,0.1%,WR,2022
121,122,Khalil Shakir,0,2,0,0.0,0,0,0,0,0,0,0,1,0.0,0.0,11.3%,WR,2022
122,123,Dennis Houston,0,1,0,0.0,0,0,0,0,0,0,0,1,0.0,0.0,0.0%,WR,2022
123,124,Raleigh Webb,0,0,0,0.0,0,0,0,0,0,0,0,1,0.0,0.0,0.0%,WR,2022
124,125,Danny Gray,0,2,0,0.0,0,0,0,0,0,0,0,1,0.0,0.0,0.1%,WR,2022
125,126,Skyy Moore,0,0,0,0.0,0,0,0,0,0,0,0,1,0.0,0.0,6.4%,WR,2022
126,127,Britain Covey,0,0,0,0.0,0,0,0,0,0,0,0,1,0.0,0.0,0.1%,WR,2022
127,128,Marquise Goodwin,0,1,0,0.0,0,0,0,0,0,0,0,1,0.0,0.0,0.0%,WR,2022
128,129,Josh Gordon,0,1,0,0.0,0,0,0,0,0,0,0,1,0.0,0.0,0.0%,WR,2022
129,130,Justin Hardee,0,0,0,0.0,0,0,0,0,0,0,0,1,0.0,0.0,0.0%,WR,2022
130,131,Trent Taylor,0,0,0,0.0,0,0,0,0,0,0,0,1,0.0,0.0,0.0%,WR,2022
131,132,Cam Sims,0,2,0,0.0,0,0,0,0,0,0,0,1,0.0,0.0,0.0%,WR,2022
132,133,Cedrick Wilson,0,1,0,0.0,0,0,0,0,0,0,0,1,0.0,0.0,1.1%,WR,2022
133,134,Dante Pettis,0,0,0,0.0,0,0,0,0,0,0,0,1,0.0,0.0,0.1%,WR,2022
134,135,DJ Chark,0,4,0,0.0,0,0,0,0,0,0,0,1,0.0,0.0,4.6%,WR,2022
135,136,Byron Pringle,0,0,0,0.0,0,0,0,0,0,0,0,1,0.0,0.0,0.0%,WR,2022
136,137,Keke Coutee,0,0,0,0.0,0,0,0,0,0,0,0,1,0.0,0.0,0.0%,WR,2022
137,138,DeVante Parker,0,2,0,0.0,0,0,0,0,0,0,0,1,0.0,0.0,1.7%,WR,2022
138,139,Kalif Raymond,0,0,0,0.0,0,0,0,0,0,0,0,1,0.0,0.0,1.3%,WR,2022
139,140,Gunner Olszewski,0,0,0,0.0,0,0,0,1,18,0,1,1,-0.2,-0.2,0.1%,WR,2022
140,141,Darnell Mooney,1,2,-4,-4.0,0,0,0,0,0,0,0,1,-0.4,-0.4,39.1%,WR,2022
141,142,Kyle Philips,1,1,5,5.0,5,0,0,0,0,0,1,1,-1.5,-1.5,0.1%,WR,2022
142,143,Brandon Powell,1,1,6,6.0,6,0,0,1,-26,0,0,1,-2.0,-2.0,0.7%,WR,2022
