,Rk,Date,G#,Week,Age,Tm,Unnamed: 6_level_1,Opp,Result,Int,Tgt,Cmp,Cmp%,Yds,Yds/Cmp,Yds/Tgt,TD,Rat,DADOT,Air,YAC,Bltz,Hrry,QBKD,Sk,Prss,Comb,MTkl,MTkl%,Year
0,1.0,2023-09-10,1.0,1.0,26.106,WAS,,ARI,W 20-16,0,0,0,,0,,,0,,,0,0,0,0,0,0.0,0,2,1,33.3%,2023
1,2.0,2023-09-17,2.0,2.0,26.113,WAS,@,DEN,W 35-33,0,0,0,,0,,,0,,,0,0,1,2,0,1.0,3,5,0,0.0%,2023
2,3.0,2023-09-24,3.0,3.0,26.12,WAS,,BUF,L 3-37,0,0,0,,0,,,0,,,0,0,0,0,0,0.0,0,3,1,25.0%,2023
3,4.0,2023-10-01,4.0,4.0,26.127,WAS,@,PHI,L 31-34,0,0,0,,0,,,0,,,0,0,0,1,1,0.0,2,0,0,,2023
4,5.0,2023-10-05,5.0,5.0,26.131,WAS,,CHI,L 20-40,0,0,0,,0,,,0,,,0,0,0,0,2,0.0,2,5,1,16.7%,2023
5,6.0,2023-10-15,6.0,6.0,26.141,WAS,@,ATL,W 24-16,0,0,0,,0,,,0,,,0,0,0,0,0,0.0,0,4,1,20.0%,2023
6,7.0,2023-10-22,7.0,7.0,26.148,WAS,@,NYG,L 7-14,0,0,0,,0,,,0,,,0,0,0,0,0,0.0,0,4,1,20.0%,2023
7,8.0,2023-10-29,8.0,8.0,26.155,WAS,,PHI,L 31-38,0,0,0,,0,,,0,,,0,0,0,0,0,0.0,0,2,0,0.0%,2023
8,9.0,2023-11-05,9.0,9.0,26.162,WAS,@,NWE,W 20-17,0,0,0,,0,,,0,,,0,0,0,0,0,0.0,0,2,0,0.0%,2023
9,10.0,2023-11-12,10.0,10.0,26.169,WAS,@,SEA,L 26-29,0,0,0,,0,,,0,,,0,0,0,1,0,0.0,1,5,0,0.0%,2023
10,11.0,2023-11-19,11.0,11.0,26.176,WAS,,NYG,L 19-31,0,0,0,,0,,,0,,,0,0,0,0,0,1.0,2,3,0,0.0%,2023
11,12.0,2023-11-23,12.0,12.0,26.18,WAS,@,DAL,L 10-45,0,0,0,,0,,,0,,,0,0,0,0,0,0.0,0,3,0,0.0%,2023
12,13.0,2023-12-03,13.0,13.0,26.19,WAS,,MIA,L 15-45,0,0,0,,0,,,0,,,0,0,0,0,0,0.0,0,3,1,25.0%,2023
13,14.0,2023-12-17,14.0,15.0,26.204,WAS,@,LAR,L 20-28,0,0,0,,0,,,0,,,0,0,0,0,1,2.0,3,3,0,0.0%,2023
14,15.0,2023-12-24,15.0,16.0,26.211,WAS,@,NYJ,L 28-30,0,1,1,100.0%,6,6.0,6.0,0,91.7,-7.0,-7,13,0,0,0,0.0,0,5,0,0.0%,2023
15,16.0,2023-12-31,16.0,17.0,26.218,WAS,,SFO,L 10-27,0,1,1,100.0%,-5,-5.0,-5.0,0,79.2,-6.0,-6,1,0,0,0,0.0,0,1,1,50.0%,2023
16,17.0,2024-01-07,17.0,18.0,26.225,WAS,,DAL,L 10-38,0,0,0,,0,,,0,,,0,0,0,0,0,0.0,0,3,0,0.0%,2023
17,,17 Games,,,,,,,4-13-0,0,2,2,100.0%,1,0.5,0.5,0,79.2,-6.5,-13,14,1,4,4,4.0,13,53,7,11.7%,2023
