,Rk,Date,G#,Week,Age,Tm,Unnamed: 6_level_1,Opp,Result,Tgt,Rec,Yds,TD,1D,YBC,YBC/R,YAC,YAC/R,ADOT,BrkTkl,Rec/Br,Drop,Drop%,Int,Rat,Att,Yds,TD,1D,YBC,YBC/Att,YAC,YAC/Att,BrkTkl,Att/Br
0,1.0,2023-09-10,1.0,1.0,32.071,WAS,,ARI,W 20-16,8,4,43,0,1.0,31,7.8,12,3.0,5.9,0,,1,12.5,0,66.1,0,0,0,0.0,0,,0,,0,
1,2.0,2023-09-17,2.0,2.0,32.078,WAS,@,DEN,W 35-33,3,2,22,1,2.0,20,10.0,2,1.0,7.0,0,,0,0.0,0,127.8,0,0,0,0.0,0,,0,,0,
2,3.0,2023-10-01,4.0,4.0,32.092,WAS,@,PHI,L 31-34,3,3,41,0,1.0,28,9.3,13,4.3,9.3,0,,0,0.0,0,118.7,1,2,0,1.0,0,0.0,2,2.0,0,
3,4.0,2023-10-05,5.0,5.0,32.096,WAS,,CHI,L 20-40,11,9,77,1,6.0,35,3.9,42,4.7,6.6,0,,0,0.0,0,126.1,0,0,0,0.0,0,,0,,0,
4,5.0,2023-10-15,6.0,6.0,32.106,WAS,@,ATL,W 24-16,1,1,2,0,,2,2.0,0,0.0,2.0,0,,0,0.0,0,79.2,0,0,0,,0,,0,,0,
5,6.0,2023-10-22,7.0,7.0,32.113,WAS,@,NYG,L 7-14,6,4,51,0,2.0,17,4.3,34,8.5,7.2,0,,0,0.0,0,93.1,0,0,0,0.0,0,,0,,0,
6,7.0,2023-10-29,8.0,8.0,32.12,WAS,,PHI,L 31-38,8,6,44,1,3.0,17,2.8,27,4.5,6.6,1,6.0,0,0.0,0,127.1,0,0,0,0.0,0,,0,,0,
7,8.0,2023-11-05,9.0,9.0,32.127,WAS,@,NWE,W 20-17,5,4,31,0,1.0,8,2.0,23,5.8,3.8,0,,0,0.0,0,92.5,0,0,0,0.0,0,,0,,0,
8,9.0,2023-11-12,10.0,10.0,32.134,WAS,@,SEA,L 26-29,5,5,40,0,2.0,18,3.6,22,4.4,3.6,0,,0,0.0,0,100.0,0,0,0,0.0,0,,0,,0,
9,10.0,2023-11-19,11.0,11.0,32.141,WAS,,NYG,L 19-31,8,5,58,0,1.0,28,5.6,30,6.0,8.0,0,,0,0.0,1,44.8,0,0,0,0.0,0,,0,,0,
10,11.0,2023-11-23,12.0,12.0,32.145,WAS,@,DAL,L 10-45,4,2,15,0,1.0,5,2.5,10,5.0,5.8,0,,0,0.0,0,59.4,0,0,0,0.0,0,,0,,0,
11,12.0,2023-12-03,13.0,13.0,32.155,WAS,,MIA,L 15-45,1,0,0,0,,0,,0,,10.0,0,,0,0.0,0,39.6,0,0,0,,0,,0,,0,
12,,12 Games,,,,,,,4-8-0,63,45,424,3,20.0,209,4.6,215,4.8,6.4,1,45.0,1,1.6,1,98.9,1,2,0,1.0,0,0.0,2,2.0,0,
