,Rk,Date,G#,Week,Age,Tm,Unnamed: 6_level_1,Opp,Result,Int,Tgt,Cmp,Cmp%,Yds,Yds/Cmp,Yds/Tgt,TD,Rat,DADOT,Air,YAC,Bltz,Hrry,QBKD,Sk,Prss,Comb,MTkl,MTkl%
0,1.0,2023-09-10,1.0,1.0,23.104,WAS,,ARI,W 20-16,0,2,1,50.0%,10,10.0,5.0,0,64.6,7.5,1,9,1,0,0,0.0,0,3,0,0.0%
1,2.0,2023-09-17,2.0,2.0,23.111,WAS,@,DEN,W 35-33,0,2,1,50.0%,110,110.0,55.0,2,135.4,46.0,92,18,0,0,0,0.0,0,1,0,0.0%
2,3.0,2023-09-24,3.0,3.0,23.118,WAS,,BUF,L 3-37,0,2,1,50.0%,9,9.0,4.5,0,62.5,7.0,-3,12,1,0,0,0.0,0,2,0,0.0%
3,4.0,2023-10-01,4.0,4.0,23.125,WAS,@,PHI,L 31-34,0,1,0,0.0%,0,,0.0,0,39.6,45.0,0,0,0,0,0,0.0,0,0,0,
4,5.0,2023-10-05,5.0,5.0,23.129,WAS,,CHI,L 20-40,0,1,1,100.0%,23,23.0,23.0,0,118.7,16.0,16,7,0,0,0,0.0,0,2,1,33.3%
5,6.0,2023-10-15,6.0,6.0,23.139,WAS,@,ATL,W 24-16,0,3,1,33.3%,17,17.0,5.7,0,53.5,29.0,12,5,0,0,0,0.0,0,3,0,0.0%
6,7.0,2023-10-22,7.0,7.0,23.146,WAS,@,NYG,L 7-14,0,2,2,100.0%,24,12.0,12.0,0,116.7,2.0,4,20,1,0,0,0.0,0,3,1,25.0%
7,8.0,2023-10-29,8.0,8.0,23.153,WAS,,PHI,L 31-38,0,2,1,50.0%,3,3.0,1.5,0,56.2,0.0,-3,6,1,0,0,0.0,0,7,1,12.5%
8,9.0,2023-11-05,9.0,9.0,23.16,WAS,@,NWE,W 20-17,0,2,1,50.0%,11,11.0,5.5,0,66.7,6.0,8,3,0,0,0,0.0,0,3,1,25.0%
9,10.0,2023-11-12,10.0,10.0,23.167,WAS,@,SEA,L 26-29,0,2,1,50.0%,-2,-2.0,-1.0,0,56.2,12.5,-2,0,0,0,0,0.0,0,9,1,10.0%
10,11.0,2023-11-19,11.0,11.0,23.174,WAS,,NYG,L 19-31,0,2,2,100.0%,9,4.5,4.5,0,85.4,3.0,6,3,2,0,0,0.0,0,7,0,0.0%
11,12.0,2023-11-23,12.0,12.0,23.178,WAS,@,DAL,L 10-45,0,5,3,60.0%,87,29.0,17.4,1,143.7,22.2,84,3,0,0,0,0.0,0,4,2,33.3%
12,13.0,2023-12-03,13.0,13.0,23.188,WAS,,MIA,L 15-45,0,3,1,33.3%,13,13.0,4.3,0,47.9,13.7,11,2,0,0,0,0.0,0,5,2,28.6%
13,,13 Games,,,,,,,4-9-0,0,29,16,55.2%,314,19.6,10.8,3,127.7,16.1,226,88,6,0,0,0.0,0,49,9,15.5%
