,No.,Team,Player,Age,Pos,G,GS,Att,Rushing Yds,Rushin TD,First Down Rushing,Rushing Success,Longest Rushing Attempt,Y/A,Rushing Yds / Game,A/G,Tgt,Rec,Receiving Yds,Y/R,Receiving TD,First Down Receiving,Receiving Success Rate,Longest Reception,R/G,Receives / Game,Ctch%,Y/Tgt,Touch,Y/Tch,YScm,RRTD,Fmb
0,26.0,49ers,Tevin Coleman,26,RB,14,11,137.0,544.0,6,26.0,37.2,48.0,4.0,38.9,9.8,30.0,21.0,180.0,8.6,1,9.0,43.3,37.0,1.5,12.9,70.0%,6.0,158.0,4.6,724.0,7,
1,31.0,49ers,Raheem Mostert,27,RB,16,0,137.0,772.0,8,31.0,48.9,41.0,5.6,48.3,8.6,22.0,14.0,180.0,12.9,2,6.0,40.9,39.0,0.9,11.3,63.6%,8.2,151.0,6.3,952.0,10,2.0
2,22.0,49ers,Matt Breida,24,RB,13,5,123.0,623.0,1,23.0,43.9,83.0,5.1,47.9,9.5,22.0,19.0,120.0,6.3,1,6.0,45.5,17.0,1.5,9.2,86.4%,5.5,142.0,5.2,743.0,2,2.0
3,10.0,49ers,Jimmy Garoppolo,28,QB,16,16,46.0,62.0,1,13.0,32.6,11.0,1.3,3.9,2.9,,,,,0,,,,,,,,46.0,1.3,62.0,1,10.0
4,30.0,49ers,Jeff Wilson,24,RB,10,0,27.0,105.0,4,9.0,48.1,25.0,3.9,10.5,2.7,5.0,3.0,34.0,11.3,1,1.0,40.0,25.0,0.3,3.4,60.0%,6.8,30.0,4.6,139.0,5,
5,19.0,49ers,Deebo Samuel,23,WR,15,11,14.0,159.0,3,5.0,64.3,31.0,11.4,10.6,0.9,81.0,57.0,802.0,14.1,3,32.0,53.1,42.0,3.8,53.5,70.4%,9.9,71.0,13.5,961.0,6,2.0
6,85.0,49ers,George Kittle,26,TE,14,14,5.0,22.0,0,1.0,40.0,18.0,4.4,1.6,0.4,107.0,85.0,1053.0,12.4,5,53.0,61.7,61.0,6.1,75.2,79.4%,9.8,90.0,11.9,1075.0,5,1.0
7,44.0,49ers,Kyle Juszczyk,28,FB,12,12,3.0,7.0,0,1.0,33.3,6.0,2.3,0.6,0.3,24.0,20.0,239.0,12.0,1,11.0,70.8,49.0,1.7,19.9,83.3%,10.0,23.0,10.7,246.0,1,
8,4.0,49ers,Nick Mullens,24,QB,1,0,3.0,-3.0,0,,0.0,-1.0,-1.0,-3.0,3.0,,,,,0,,,,,,,,3.0,-1.0,-3.0,0,
9,13.0,49ers,Richie James,24,WR,16,1,2.0,-1.0,0,0.0,0.0,0.0,-0.5,-0.1,0.1,10.0,6.0,165.0,27.5,1,5.0,50.0,57.0,0.4,10.3,60.0%,16.5,8.0,20.5,164.0,1,1.0
10,11.0,49ers,Marquise Goodwin,29,WR,9,6,1.0,15.0,0,1.0,100.0,15.0,15.0,1.7,0.1,21.0,12.0,186.0,15.5,1,10.0,57.1,38.0,1.3,20.7,57.1%,8.9,13.0,15.5,201.0,1,
11,17.0,49ers,Emmanuel Sanders,32,WR,10,9,,,0,,,,,,,53.0,36.0,502.0,13.9,3,24.0,52.8,75.0,3.6,50.2,67.9%,9.5,36.0,13.9,502.0,3,
12,84.0,49ers,Kendrick Bourne,24,WR,16,0,,,0,,,,,,,44.0,30.0,358.0,11.9,5,23.0,59.1,30.0,1.9,22.4,68.2%,8.1,30.0,11.9,358.0,5,
13,82.0,49ers,Ross Dwelley,24,TE,16,6,,,0,,,,,,,22.0,15.0,91.0,6.1,2,8.0,45.5,25.0,0.9,5.7,68.2%,4.1,15.0,6.1,91.0,2,
14,18.0,49ers,Dante Pettis,24,WR,11,4,,,0,,,,,,,24.0,11.0,109.0,9.9,2,7.0,37.5,21.0,1.0,9.9,45.8%,4.5,11.0,9.9,109.0,2,
15,83.0,49ers,Levine Toilolo,28,TE,13,0,,,0,,,,,,,2.0,2.0,10.0,5.0,0,,50.0,8.0,0.2,0.8,100.0%,5.0,2.0,5.0,10.0,0,
16,32.0,Bears,David Montgomery,22,RB,16,8,242.0,889.0,6,50.0,43.4,55.0,3.7,55.6,15.1,35.0,25.0,185.0,7.4,1,7.0,42.9,30.0,1.6,11.6,71.4%,5.3,267.0,4.0,1074.0,7,2.0
17,29.0,Bears,Tarik Cohen,24,RB,16,11,64.0,213.0,0,15.0,42.2,19.0,3.3,13.3,4.0,104.0,79.0,456.0,5.8,3,18.0,40.4,31.0,4.9,28.5,76.0%,4.4,143.0,4.7,669.0,3,3.0
18,10.0,Bears,Mitchell Trubisky,25,QB,15,15,48.0,193.0,2,12.0,43.8,23.0,4.0,12.9,3.2,,,,,0,,,,,,,,48.0,4.0,193.0,2,5.0
19,84.0,Bears,Cordarrelle Patterson,28,WR,16,4,17.0,103.0,0,4.0,52.9,46.0,6.1,6.4,1.1,17.0,11.0,83.0,7.5,0,3.0,41.2,33.0,0.7,5.2,64.7%,4.9,28.0,6.6,186.0,0,
20,25.0,Bears,Mike Davis,26,WR,7,1,11.0,25.0,0,0.0,18.2,8.0,2.3,3.6,1.6,8.0,7.0,22.0,3.1,0,1.0,25.0,7.0,1.0,3.1,87.5%,2.8,18.0,2.6,47.0,0,
21,4.0,Bears,Chase Daniel,33,QB,3,1,6.0,6.0,0,2.0,33.3,4.0,1.0,2.0,2.0,,,,,0,,,,,,,,6.0,1.0,6.0,0,
22,18.0,Bears,Taylor Gabriel,28,WR,9,7,3.0,20.0,0,1.0,66.7,14.0,6.7,2.2,0.3,48.0,29.0,353.0,12.2,4,17.0,50.0,53.0,3.2,39.2,60.4%,7.4,32.0,11.7,373.0,4,
23,35.0,Bears,Ryan Nall,24,RB,8,0,2.0,8.0,0,1.0,50.0,7.0,4.0,1.0,0.3,,,,,0,,,,,,,,2.0,4.0,8.0,0,
24,12.0,Bears,Allen Robinson,26,WR,16,15,1.0,2.0,0,0.0,0.0,2.0,2.0,0.1,0.1,154.0,98.0,1147.0,11.7,7,63.0,57.1,49.0,6.1,71.7,63.6%,7.4,99.0,11.6,1149.0,7,
25,17.0,Bears,Anthony Miller,25,WR,16,7,1.0,-1.0,0,0.0,0.0,-1.0,-1.0,-0.1,0.1,85.0,52.0,656.0,12.6,2,34.0,51.8,35.0,3.3,41.0,61.2%,7.7,53.0,12.4,655.0,2,1.0
26,83.0,Bears,Javon Wims,25,WR,16,6,,,0,,,,,,,39.0,18.0,186.0,10.3,1,9.0,35.9,37.0,1.1,11.6,46.2%,4.8,18.0,10.3,186.0,1,
27,80.0,Bears,Trey Burton,28,TE,8,5,,,0,,,,,,,24.0,14.0,84.0,6.0,0,5.0,37.5,16.0,1.8,10.5,58.3%,3.5,14.0,6.0,84.0,0,
28,87.0,Bears,Adam Shaheen,25,TE,8,2,,,0,,,,,,,13.0,9.0,74.0,8.2,0,3.0,61.5,18.0,1.1,9.3,69.2%,5.7,9.0,8.2,74.0,0,1.0
29,49.0,Bears,Jesper Horsted,22,WR,6,1,,,0,,,,,,,10.0,8.0,87.0,10.9,1,4.0,60.0,20.0,1.3,14.5,80.0%,8.7,8.0,10.9,87.0,1,1.0
30,81.0,Bears,J.P. Holtz,26,TE,14,7,,,0,,,,,,,8.0,7.0,91.0,13.0,0,4.0,75.0,30.0,0.5,6.5,87.5%,11.4,7.0,13.0,91.0,0,
31,82.0,Bears,Ben Braunecker,25,TE,11,3,,,0,,,,,,,11.0,6.0,59.0,9.8,1,5.0,45.5,18.0,0.5,5.4,54.5%,5.4,6.0,9.8,59.0,1,
32,88.0,Bears,Riley Ridley,23,WR,5,0,,,0,,,,,,,7.0,6.0,69.0,11.5,0,4.0,71.4,32.0,1.2,13.8,85.7%,9.9,6.0,11.5,69.0,0,
33,43.0,Bears,Eric Saubert,25,TE,2,0,,,0,,,,,,,3.0,2.0,21.0,10.5,0,1.0,33.3,11.0,1.0,10.5,66.7%,7.0,2.0,10.5,21.0,0,
34,28.0,Bengals,Joe Mixon,23,RB,16,15,278.0,1137.0,5,56.0,45.3,41.0,4.1,71.1,17.4,45.0,35.0,287.0,8.2,3,14.0,51.1,33.0,2.2,17.9,77.8%,6.4,313.0,4.5,1424.0,8,
35,25.0,Bengals,Giovani Bernard,28,RB,16,2,53.0,170.0,0,10.0,32.1,25.0,3.2,10.6,3.3,43.0,30.0,234.0,7.8,0,7.0,30.2,35.0,1.9,14.6,69.8%,5.4,83.0,4.9,404.0,0,2.0
36,14.0,Bengals,Andy Dalton,32,QB,13,13,32.0,73.0,4,12.0,43.8,17.0,2.3,5.6,2.5,1.0,1.0,-4.0,-4.0,0,0.0,0.0,-4.0,0.1,-0.3,100.0%,-4.0,33.0,2.1,69.0,4,8.0
37,5.0,Bengals,Ryan Finley,25,QB,3,3,10.0,77.0,0,4.0,70.0,24.0,7.7,25.7,3.3,,,,,0,,,,,,,,10.0,7.7,77.0,0,4.0
38,12.0,Bengals,Alex Erickson,27,WR,16,6,5.0,33.0,0,2.0,80.0,17.0,6.6,2.1,0.3,78.0,43.0,529.0,12.3,0,26.0,47.4,52.0,2.7,33.1,55.1%,6.8,48.0,11.7,562.0,0,4.0
39,83.0,Bengals,Tyler Boyd,25,WR,16,15,4.0,23.0,0,1.0,50.0,10.0,5.8,1.4,0.3,148.0,90.0,1046.0,11.6,5,51.0,46.6,47.0,5.6,65.4,60.8%,7.1,94.0,11.4,1069.0,5,2.0
40,11.0,Bengals,John Ross,24,WR,8,8,3.0,4.0,0,0.0,33.3,5.0,1.3,0.5,0.4,56.0,28.0,506.0,18.1,3,22.0,44.6,66.0,3.5,63.3,50.0%,9.0,31.0,16.5,510.0,3,1.0
41,85.0,Bengals,Tyler Eifert,29,TE,16,4,,,0,,,,,,,63.0,43.0,436.0,10.1,3,24.0,52.4,27.0,2.7,27.3,68.3%,6.9,43.0,10.1,436.0,3,
42,19.0,Bengals,Auden Tate,22,WR,12,10,,,0,,,,,,,80.0,40.0,575.0,14.4,1,29.0,45.0,33.0,3.3,47.9,50.0%,7.2,40.0,14.4,575.0,1,1.0
43,87.0,Bengals,C.J. Uzomah,26,TE,16,16,,,0,,,,,,,40.0,27.0,242.0,9.0,2,12.0,55.0,36.0,1.7,15.1,67.5%,6.1,27.0,9.0,242.0,2,
44,15.0,Bengals,Damion Willis,22,WR,10,2,,,0,,,,,,,16.0,9.0,82.0,9.1,0,3.0,43.8,17.0,0.9,8.2,56.3%,5.1,9.0,9.1,82.0,0,
45,89.0,Bengals,Drew Sample,23,TE,9,2,,,0,,,,,,,6.0,5.0,30.0,6.0,0,1.0,33.3,21.0,0.6,3.3,83.3%,5.0,5.0,6.0,30.0,0,
46,17.0,Bengals,Stanley Morgan Jr.,23,WR,11,0,,,0,,,,,,,10.0,3.0,18.0,6.0,0,,20.0,9.0,0.3,1.6,30.0%,1.8,3.0,6.0,18.0,0,
47,82.0,Bengals,Cethan Carter,24,TE,15,0,,,0,,,,,,,3.0,2.0,13.0,6.5,1,2.0,66.7,8.0,0.1,0.9,66.7%,4.3,2.0,6.5,13.0,1,
48,30.0,Broncos,Phillip Lindsay,25,RB,16,16,224.0,1011.0,7,38.0,48.7,40.0,4.5,63.2,14.0,48.0,35.0,196.0,5.6,0,9.0,37.5,36.0,2.2,12.3,72.9%,4.1,259.0,4.7,1207.0,7,
49,28.0,Broncos,Royce Freeman,23,RB,16,0,132.0,496.0,3,22.0,40.9,26.0,3.8,31.0,8.3,50.0,43.0,256.0,6.0,1,10.0,42.0,19.0,2.7,16.0,86.0%,5.1,175.0,4.3,752.0,4,
50,3.0,Broncos,Drew Lock,23,QB,5,5,18.0,72.0,0,5.0,44.4,12.0,4.0,14.4,3.6,,,,,0,,,,,,,,18.0,4.0,72.0,0,3.0
51,5.0,Broncos,Joe Flacco,34,QB,8,8,12.0,20.0,0,4.0,41.7,9.0,1.7,2.5,1.5,,,,,0,,,,,,,,12.0,1.7,20.0,0,8.0
52,2.0,Broncos,Brandon Allen,27,QB,3,3,10.0,39.0,0,4.0,60.0,11.0,3.9,13.0,3.3,,,,,0,,,,,,,,10.0,3.9,39.0,0,
53,14.0,Broncos,Courtland Sutton,24,WR,16,14,3.0,17.0,0,1.0,100.0,9.0,5.7,1.1,0.2,124.0,72.0,1112.0,15.4,6,50.0,49.2,70.0,4.5,69.5,58.1%,9.0,75.0,15.1,1129.0,6,2.0
54,87.0,Broncos,Noah Fant,22,TE,16,11,3.0,-12.0,0,0.0,0.0,-2.0,-4.0,-0.8,0.2,66.0,40.0,562.0,14.1,3,23.0,42.4,75.0,2.5,35.1,60.6%,8.5,43.0,12.8,550.0,3,1.0
55,11.0,Broncos,Diontae Spencer,27,WR,16,2,3.0,6.0,0,0.0,66.7,9.0,2.0,0.4,0.2,8.0,6.0,31.0,5.2,0,1.0,25.0,20.0,0.4,1.9,75.0%,3.9,9.0,4.1,37.0,0,3.0
56,23.0,Broncos,Devontae Booker,27,RB,16,0,2.0,9.0,0,0.0,0.0,5.0,4.5,0.6,0.1,9.0,6.0,57.0,9.5,0,1.0,33.3,25.0,0.4,3.6,66.7%,6.3,8.0,8.3,66.0,0,
57,83.0,Broncos,Andrew Beck,23,TE,16,6,1.0,3.0,0,1.0,100.0,3.0,3.0,0.2,0.1,12.0,9.0,90.0,10.0,1,6.0,50.0,29.0,0.6,5.6,75.0%,7.5,10.0,9.3,93.0,1,
58,32.0,Broncos,Andy Janovich,26,RB,7,3,1.0,1.0,1,1.0,100.0,1.0,1.0,0.1,0.1,5.0,5.0,42.0,8.4,0,1.0,60.0,22.0,0.7,6.0,100.0%,8.4,6.0,7.2,43.0,1,
59,10.0,Broncos,Emmanuel Sanders,32,WR,7,7,,,0,,,,,,,44.0,30.0,367.0,12.2,2,17.0,52.3,53.0,4.3,52.4,68.2%,8.3,30.0,12.2,367.0,2,
60,17.0,Broncos,DaeSean Hamilton,24,WR,16,2,,,0,,,,,,,52.0,28.0,297.0,10.6,1,19.0,44.2,28.0,1.8,18.6,53.8%,5.7,28.0,10.6,297.0,1,
61,81.0,Broncos,Tim Patrick,26,WR,8,2,,,0,,,,,,,31.0,16.0,218.0,13.6,0,14.0,48.4,38.0,2.0,27.3,51.6%,7.0,16.0,13.6,218.0,0,
62,82.0,Broncos,Jeff Heuerman,27,TE,14,11,,,0,,,,,,,20.0,14.0,114.0,8.1,1,9.0,60.0,26.0,1.0,8.1,70.0%,5.7,14.0,8.1,114.0,1,
63,84.0,Broncos,Troy Fumagalli,24,TE,11,5,,,0,,,,,,,9.0,6.0,38.0,6.3,1,1.0,44.4,9.0,0.5,3.5,66.7%,4.2,6.0,6.3,38.0,1,
64,19.0,Broncos,Fred Brown,26,WR,13,1,,,0,,,,,,,3.0,2.0,21.0,10.5,0,1.0,33.3,16.0,0.2,1.6,66.7%,7.0,2.0,10.5,21.0,0,1.0
65,24.0,Browns,Nick Chubb,24,RB,16,16,298.0,1494.0,8,62.0,43.6,88.0,5.0,93.4,18.6,49.0,36.0,278.0,7.7,0,13.0,42.9,32.0,2.3,17.4,73.5%,5.7,334.0,5.3,1772.0,8,3.0
66,27.0,Browns,Kareem Hunt,24,RB,8,3,43.0,179.0,2,8.0,53.5,16.0,4.2,22.4,5.4,44.0,37.0,285.0,7.7,1,17.0,52.3,29.0,4.6,35.6,84.1%,6.5,80.0,5.8,464.0,3,1.0
67,6.0,Browns,Baker Mayfield,24,QB,16,16,28.0,141.0,3,15.0,57.1,18.0,5.0,8.8,1.8,,,,,0,,,,,,,,28.0,5.0,141.0,3,6.0
68,25.0,Browns,Dontrell Hilliard,24,RB,14,0,13.0,49.0,2,3.0,46.2,11.0,3.8,3.5,0.9,15.0,12.0,92.0,7.7,0,4.0,40.0,19.0,0.9,6.6,80.0%,6.1,25.0,5.6,141.0,2,2.0
69,30.0,Browns,D'Ernest Johnson,23,RB,16,0,4.0,21.0,0,0.0,0.0,13.0,5.3,1.3,0.3,7.0,6.0,71.0,11.8,0,1.0,28.6,27.0,0.4,4.4,85.7%,10.1,10.0,9.2,92.0,0,
70,13.0,Browns,Odell Beckham Jr.,27,WR,16,15,3.0,10.0,0,1.0,66.7,11.0,3.3,0.6,0.2,133.0,74.0,1035.0,14.0,4,44.0,46.6,89.0,4.6,64.7,55.6%,7.8,77.0,13.6,1045.0,4,1.0
71,3.0,Browns,Garrett Gilbert,28,QB,5,0,3.0,-3.0,0,,0.0,-1.0,-1.0,-0.6,0.6,,,,,0,,,,,,,,3.0,-1.0,-3.0,0,
72,80.0,Browns,Jarvis Landry,27,WR,16,16,1.0,10.0,0,1.0,100.0,10.0,10.0,0.6,0.1,138.0,83.0,1174.0,14.1,6,55.0,52.2,65.0,5.2,73.4,60.1%,8.5,84.0,14.1,1184.0,6,
73,88.0,Browns,Demetrius Harris,28,TE,15,6,,,0,,,,,,,27.0,15.0,149.0,9.9,3,10.0,40.7,23.0,1.0,9.9,55.6%,5.5,15.0,9.9,149.0,3,
74,83.0,Browns,Ricky Seals-Jones,24,WR,14,3,,,0,,,,,,,22.0,14.0,229.0,16.4,4,10.0,54.5,59.0,1.0,16.4,63.6%,10.4,14.0,16.4,229.0,4,1.0
75,18.0,Browns,Damion Ratley,24,WR,13,3,,,0,,,,,,,24.0,12.0,200.0,16.7,1,11.0,50.0,46.0,0.9,15.4,50.0%,8.3,12.0,16.7,200.0,1,
76,11.0,Browns,Antonio Callaway,22,WR,4,2,,,0,,,,,,,15.0,8.0,89.0,11.1,0,3.0,40.0,41.0,2.0,22.3,53.3%,5.9,8.0,11.1,89.0,0,
77,89.0,Browns,Stephen Carlson,23,TE,9,5,,,0,,,,,,,7.0,5.0,51.0,10.2,1,2.0,71.4,21.0,0.6,5.7,71.4%,7.3,5.0,10.2,51.0,1,
78,85.0,Browns,David Njoku,23,TE,4,1,,,0,,,,,,,10.0,5.0,41.0,8.2,1,3.0,30.0,18.0,1.3,10.3,50.0%,4.1,5.0,8.2,41.0,1,
79,81.0,Browns,Rashard Higgins,25,WR,10,1,,,0,,,,,,,11.0,4.0,55.0,13.8,1,3.0,36.4,35.0,0.4,5.5,36.4%,5.0,4.0,13.8,55.0,1,
80,12.0,Browns,KhaDarel Hodge,24,WR,16,1,,,0,,,,,,,10.0,4.0,76.0,19.0,0,3.0,40.0,41.0,0.3,4.8,40.0%,7.6,4.0,19.0,76.0,0,
81,86.0,Browns,Pharaoh Brown,25,TE,9,6,,,0,,,,,,,3.0,2.0,27.0,13.5,0,1.0,66.7,18.0,0.2,3.0,66.7%,9.0,2.0,13.5,27.0,0,
82,77.0,Browns,Wyatt Teller,25,RG,15,9,,,0,,,,,,,1.0,1.0,-5.0,-5.0,0,,0.0,-5.0,0.1,-0.3,100.0%,-5.0,1.0,-5.0,-5.0,0,
83,10.0,Browns,Taywan Taylor,24,WR,3,1,,,0,,,,,,,1.0,0.0,0.0,,0,,0.0,0.0,0.0,0.0,0.0%,0.0,,,,0,
84,27.0,Buccaneers,Ronald Jones II,22,RB,16,9,172.0,724.0,6,34.0,43.0,49.0,4.2,45.3,10.8,40.0,31.0,309.0,10.0,0,12.0,52.5,41.0,1.9,19.3,77.5%,7.7,203.0,5.1,1033.0,6,3.0
85,25.0,Buccaneers,Peyton Barber,25,RB,16,7,154.0,470.0,6,23.0,38.3,17.0,3.1,29.4,9.6,24.0,16.0,115.0,7.2,1,4.0,41.7,16.0,1.0,7.2,66.7%,4.8,170.0,3.4,585.0,7,1.0
86,3.0,Buccaneers,Jameis Winston,25,QB,16,16,59.0,250.0,1,18.0,37.3,26.0,4.2,15.6,3.7,,,,,0,,,,,,,,59.0,4.2,250.0,1,12.0
87,44.0,Buccaneers,Dare Ogunbowale,25,RB,16,0,11.0,17.0,2,3.0,36.4,12.0,1.5,1.1,0.7,46.0,35.0,286.0,8.2,0,14.0,45.7,21.0,2.2,17.9,76.1%,6.2,46.0,6.6,303.0,2,2.0
88,4.0,Buccaneers,Ryan Griffin,30,QB,2,0,4.0,-1.0,0,0.0,0.0,0.0,-0.3,-0.5,2.0,,,,,0,,,,,,,,4.0,-0.3,-1.0,0,
89,22.0,Buccaneers,T.J. Logan,25,FB,12,0,3.0,10.0,0,0.0,33.3,6.0,3.3,0.8,0.3,3.0,2.0,13.0,6.5,0,1.0,33.3,11.0,0.2,1.1,66.7%,4.3,5.0,4.6,23.0,0,
90,19.0,Buccaneers,Breshad Perriman,26,WR,14,4,2.0,16.0,0,1.0,50.0,13.0,8.0,1.1,0.1,69.0,36.0,645.0,17.9,6,29.0,47.8,44.0,2.6,46.1,52.2%,9.3,38.0,17.4,661.0,6,
91,10.0,Buccaneers,Scott Miller,22,WR,10,2,2.0,16.0,0,1.0,50.0,18.0,8.0,1.6,0.2,26.0,13.0,200.0,15.4,1,5.0,34.6,48.0,1.3,20.0,50.0%,7.7,15.0,14.4,216.0,1,
92,12.0,Buccaneers,Chris Godwin,23,WR,14,14,1.0,8.0,0,0.0,100.0,8.0,8.0,0.6,0.1,121.0,86.0,1333.0,15.5,9,63.0,60.3,71.0,6.1,95.2,71.1%,11.0,87.0,15.4,1341.0,9,
93,14.0,Buccaneers,John Franklin,25,DB,1,0,1.0,11.0,0,1.0,100.0,11.0,11.0,11.0,1.0,,,,,0,,,,,,,,1.0,11.0,11.0,0,
94,13.0,Buccaneers,Mike Evans,26,WR,13,13,,,0,,,,,,,118.0,67.0,1157.0,17.3,8,54.0,55.1,67.0,5.2,89.0,56.8%,9.8,67.0,17.3,1157.0,8,
95,84.0,Buccaneers,Cameron Brate,28,TE,16,6,,,0,,,,,,,55.0,36.0,311.0,8.6,4,21.0,52.7,37.0,2.3,19.4,65.5%,5.7,36.0,8.6,311.0,4,
96,80.0,Buccaneers,O.J. Howard,25,TE,14,14,,,0,,,,,,,53.0,34.0,459.0,13.5,1,23.0,56.6,33.0,2.4,32.8,64.2%,8.7,34.0,13.5,459.0,1,1.0
97,17.0,Buccaneers,Justin Watson,23,WR,16,2,,,0,,,,,,,26.0,15.0,159.0,10.6,2,10.0,57.7,17.0,0.9,9.9,57.7%,6.1,15.0,10.6,159.0,2,
98,,Buccaneers,Bobo Wilson,24,WR,6,1,,,0,,,,,,,11.0,3.0,35.0,11.7,0,2.0,27.3,14.0,0.5,5.8,27.3%,3.2,3.0,11.7,35.0,0,3.0
99,88.0,Buccaneers,Tanner Hudson,25,TE,9,1,,,0,,,,,,,5.0,2.0,26.0,13.0,0,1.0,20.0,14.0,0.2,2.9,40.0%,5.2,2.0,13.0,26.0,0,
100,18.0,Buccaneers,Ishmael Hyman,24,WR,2,1,,,0,,,,,,,4.0,2.0,34.0,17.0,0,2.0,50.0,31.0,1.0,17.0,50.0%,8.5,2.0,17.0,34.0,0,
101,82.0,Buccaneers,Antony Auclair,26,TE,8,5,,,0,,,,,,,3.0,1.0,11.0,11.0,0,1.0,33.3,11.0,0.1,1.4,33.3%,3.7,1.0,11.0,11.0,0,
102,15.0,Buccaneers,Cyril Grayson,26,WR,2,0,,,0,,,,,,,1.0,1.0,3.0,3.0,0,,0.0,3.0,0.5,1.5,100.0%,3.0,1.0,3.0,3.0,0,
103,86.0,Buccaneers,Codey McElroy,27,TE,1,0,,,0,,,,,,,1.0,1.0,30.0,30.0,0,1.0,100.0,30.0,1.0,30.0,100.0%,30.0,1.0,30.0,30.0,0,
104,50.0,Buccaneers,Vita Vea,24,NT,16,16,,,0,,,,,,,1.0,1.0,1.0,1.0,1,1.0,100.0,1.0,0.1,0.1,100.0%,1.0,1.0,1.0,1.0,1,
105,20.0,Buffalos,Frank Gore,36,RB,16,8,166.0,599.0,2,30.0,41.6,41.0,3.6,37.4,10.4,16.0,13.0,100.0,7.7,0,5.0,50.0,18.0,0.8,6.3,81.3%,6.3,179.0,3.9,699.0,2,
106,26.0,Buffalos,Devin Singletary,22,RB,12,8,151.0,775.0,2,37.0,49.0,38.0,5.1,64.6,12.6,41.0,29.0,194.0,6.7,2,5.0,29.3,49.0,2.4,16.2,70.7%,4.7,180.0,5.4,969.0,4,4.0
107,17.0,Buffalos,Josh Allen,23,QB,16,16,109.0,510.0,9,42.0,54.1,36.0,4.7,31.9,6.8,,,,,0,,,,,,,,109.0,4.7,510.0,9,14.0
108,22.0,Buffalos,T.J. Yeldon,26,RB,6,0,17.0,63.0,0,5.0,52.9,12.0,3.7,10.5,2.8,15.0,13.0,124.0,9.5,0,6.0,53.3,23.0,2.2,20.7,86.7%,8.3,30.0,6.2,187.0,0,1.0
109,19.0,Buffalos,Isaiah McKenzie,24,WR,15,8,8.0,49.0,0,4.0,75.0,16.0,6.1,3.3,0.5,39.0,27.0,254.0,9.4,1,12.0,48.7,46.0,1.8,16.9,69.2%,6.5,35.0,8.7,303.0,1,
110,42.0,Buffalos,Patrick DiMarco,30,FB,16,4,3.0,7.0,0,0.0,33.3,4.0,2.3,0.4,0.2,7.0,5.0,41.0,8.2,0,1.0,42.9,27.0,0.3,2.6,71.4%,5.9,8.0,6.0,48.0,0,
111,32.0,Buffalos,Senorise Perry,28,RB,11,0,3.0,3.0,0,,0.0,6.0,1.0,0.3,0.3,1.0,1.0,1.0,1.0,0,,0.0,1.0,0.1,0.1,100.0%,1.0,4.0,1.0,4.0,0,
112,15.0,Buffalos,John Brown,29,WR,15,15,2.0,7.0,0,0.0,0.0,4.0,3.5,0.5,0.1,115.0,72.0,1060.0,14.7,6,53.0,54.8,53.0,4.8,70.7,62.6%,9.2,74.0,14.4,1067.0,6,
113,16.0,Buffalos,Robert Foster,25,WR,13,2,2.0,29.0,0,1.0,100.0,22.0,14.5,2.2,0.2,18.0,3.0,64.0,21.3,0,3.0,16.7,24.0,0.2,4.9,16.7%,3.6,5.0,18.6,93.0,0,
114,5.0,Buffalos,Matt Barkley,29,QB,2,0,2.0,-4.0,0,0.0,0.0,0.0,-2.0,-2.0,1.0,,,,,0,,,,,,,,2.0,-2.0,-4.0,0,3.0
115,88.0,Buffalos,Dawson Knox,23,TE,15,11,1.0,9.0,0,1.0,100.0,9.0,9.0,0.6,0.1,50.0,28.0,388.0,13.9,2,15.0,42.0,49.0,1.9,25.9,56.0%,7.8,29.0,13.7,397.0,2,
116,18.0,Buffalos,Andre Roberts,31,WR,13,0,1.0,7.0,0,0.0,100.0,7.0,7.0,0.5,0.1,7.0,3.0,20.0,6.7,0,1.0,42.9,7.0,0.2,1.5,42.9%,2.9,4.0,6.8,27.0,0,1.0
117,10.0,Buffalos,Cole Beasley,30,WR,15,10,,,0,,,,,,,106.0,67.0,778.0,11.6,6,37.0,55.7,51.0,4.5,51.9,63.2%,7.3,67.0,11.6,778.0,6,
118,82.0,Buffalos,Duke Williams,27,WR,4,3,,,0,,,,,,,19.0,12.0,166.0,13.8,1,8.0,52.6,41.0,3.0,41.5,63.2%,8.7,12.0,13.8,166.0,1,
119,89.0,Buffalos,Tommy Sweeney,24,TE,6,1,,,0,,,,,,,13.0,8.0,114.0,14.3,0,4.0,46.2,29.0,1.3,19.0,61.5%,8.8,8.0,14.3,114.0,0,
120,11.0,Buffalos,Zay Jones,24,WR,5,2,,,0,,,,,,,18.0,7.0,69.0,9.9,0,4.0,22.2,23.0,1.4,13.8,38.9%,3.8,7.0,9.9,69.0,0,
121,81.0,Buffalos,Tyler Kroft,27,TE,11,3,,,0,,,,,,,14.0,6.0,71.0,11.8,1,5.0,35.7,20.0,0.5,6.5,42.9%,5.1,6.0,11.8,71.0,1,
122,85.0,Buffalos,Lee Smith,32,WR,16,5,,,0,,,,,,,5.0,4.0,31.0,7.8,1,2.0,80.0,9.0,0.3,1.9,80.0%,6.2,4.0,7.8,31.0,1,
123,73.0,Buffalos,Dion Dawkins,25,LT,16,16,,,0,,,,,,,1.0,1.0,1.0,1.0,1,1.0,100.0,1.0,0.1,0.1,100.0%,1.0,1.0,1.0,1.0,1,
124,41.0,Cardinals,Kenyan Drake,25,RB,8,8,123.0,643.0,8,42.0,51.2,80.0,5.2,80.4,15.4,35.0,28.0,171.0,6.1,0,9.0,42.9,21.0,3.5,21.4,80.0%,4.9,151.0,5.4,814.0,8,
125,31.0,Cardinals,David Johnson,28,RB,13,9,94.0,345.0,2,20.0,43.6,18.0,3.7,26.5,7.2,47.0,36.0,370.0,10.3,4,17.0,51.1,31.0,2.8,28.5,76.6%,7.9,130.0,5.5,715.0,6,1.0
126,1.0,Cardinals,Kyler Murray,22,QB,16,16,93.0,544.0,4,27.0,48.4,35.0,5.8,34.0,5.8,,,,,0,,,,,,,,93.0,5.8,544.0,4,5.0
127,29.0,Cardinals,Chase Edmonds,23,RB,13,2,60.0,303.0,4,12.0,38.3,37.0,5.1,23.3,4.6,21.0,12.0,105.0,8.8,1,5.0,42.9,31.0,0.9,8.1,57.1%,5.0,72.0,5.7,408.0,5,
128,13.0,Cardinals,Christian Kirk,23,WR,13,13,10.0,93.0,0,4.0,80.0,28.0,9.3,7.2,0.8,108.0,68.0,709.0,10.4,3,31.0,52.8,69.0,5.2,54.5,63.0%,6.6,78.0,10.3,802.0,3,
129,7.0,Cardinals,Brett Hundley,26,QB,3,0,7.0,41.0,0,3.0,71.4,14.0,5.9,13.7,2.3,,,,,0,,,,,,,,7.0,5.9,41.0,0,
130,89.0,Cardinals,Andy Isabella,23,WR,15,1,4.0,15.0,0,0.0,75.0,6.0,3.8,1.0,0.3,13.0,9.0,189.0,21.0,1,4.0,53.8,88.0,0.6,12.6,69.2%,14.5,13.0,15.7,204.0,1,
131,22.0,Cardinals,Zach Zenner,28,RB,3,0,2.0,-3.0,0,0.0,0.0,0.0,-1.5,-1.0,0.7,1.0,1.0,13.0,13.0,0,1.0,100.0,13.0,0.3,4.3,100.0%,13.0,3.0,3.3,10.0,0,
132,12.0,Cardinals,Pharoh Cooper,24,WR,12,1,1.0,2.0,0,0.0,0.0,2.0,2.0,0.2,0.1,33.0,25.0,243.0,9.7,1,10.0,54.5,28.0,2.1,20.3,75.8%,7.4,26.0,9.4,245.0,1,
133,19.0,Cardinals,KeeSean Johnson,23,WR,10,4,1.0,3.0,0,0.0,0.0,3.0,3.0,0.3,0.1,42.0,21.0,187.0,8.9,1,10.0,38.1,31.0,2.1,18.7,50.0%,4.5,22.0,8.6,190.0,1,1.0
134,36.0,Cardinals,Alfred Morris,31,RB,1,0,1.0,4.0,0,1.0,100.0,4.0,4.0,4.0,1.0,,,,,0,,,,,,,,1.0,4.0,4.0,0,
135,11.0,Cardinals,Larry Fitzgerald,36,WR,16,16,,,0,,,,,,,109.0,75.0,804.0,10.7,4,40.0,50.5,54.0,4.7,50.3,68.8%,7.4,75.0,10.7,804.0,4,1.0
136,14.0,Cardinals,Damiere Byrd,26,WR,11,3,,,0,,,,,,,46.0,32.0,359.0,11.2,1,16.0,50.0,58.0,2.9,32.6,69.6%,7.8,32.0,11.2,359.0,1,1.0
137,85.0,Cardinals,Charles Clay,30,TE,15,10,,,0,,,,,,,24.0,18.0,237.0,13.2,1,12.0,54.2,47.0,1.2,15.8,75.0%,9.9,18.0,13.2,237.0,1,
138,87.0,Cardinals,Maxx Williams,25,TE,16,10,,,0,,,,,,,19.0,15.0,202.0,13.5,1,11.0,57.9,28.0,0.9,12.6,78.9%,10.6,15.0,13.5,202.0,1,
139,82.0,Cardinals,Dan Arnold,24,WR,3,1,,,0,,,,,,,10.0,6.0,102.0,17.0,2,5.0,50.0,37.0,2.0,34.0,60.0%,10.2,6.0,17.0,102.0,2,
140,15.0,Cardinals,Michael Crabtree,32,WR,2,1,,,0,,,,,,,5.0,4.0,22.0,5.5,0,,40.0,9.0,2.0,11.0,80.0%,4.4,4.0,5.5,22.0,0,
141,16.0,Cardinals,Trent Sherfield,23,WR,16,1,,,0,,,,,,,13.0,4.0,80.0,20.0,0,4.0,30.8,38.0,0.3,5.0,30.8%,6.2,4.0,20.0,80.0,0,
142,81.0,Cardinals,Darrell Daniels,25,TE,11,0,,,0,,,,,,,3.0,1.0,4.0,4.0,0,1.0,33.3,4.0,0.1,0.4,33.3%,1.3,1.0,4.0,4.0,0,
143,25.0,Chargers,Melvin Gordon,26,RB,12,11,162.0,612.0,8,39.0,49.4,24.0,3.8,51.0,13.5,55.0,42.0,296.0,7.0,1,11.0,47.3,25.0,3.5,24.7,76.4%,5.4,204.0,4.5,908.0,9,4.0
144,30.0,Chargers,Austin Ekeler,24,RB,16,8,132.0,557.0,3,32.0,44.7,35.0,4.2,34.8,8.3,108.0,92.0,993.0,10.8,8,42.0,56.5,84.0,5.8,62.1,85.2%,9.2,224.0,6.9,1550.0,11,3.0
145,22.0,Chargers,Justin Jackson,23,RB,7,0,29.0,200.0,0,9.0,62.1,40.0,6.9,28.6,4.1,11.0,9.0,22.0,2.4,0,0.0,36.4,9.0,1.3,3.1,81.8%,2.0,38.0,5.8,222.0,0,
146,17.0,Chargers,Philip Rivers,38,QB,16,16,12.0,29.0,0,2.0,25.0,12.0,2.4,1.8,0.8,,,,,0,,,,,,,,12.0,2.4,29.0,0,8.0
147,35.0,Chargers,Troymaine Pope,26,RB,14,0,10.0,20.0,0,0.0,30.0,8.0,2.0,1.4,0.7,3.0,2.0,14.0,7.0,1,1.0,33.3,13.0,0.1,1.0,66.7%,4.7,12.0,2.8,34.0,1,1.0
148,5.0,Chargers,Tyrod Taylor,30,QB,8,0,10.0,7.0,0,1.0,10.0,9.0,0.7,0.9,1.3,1.0,0.0,0.0,,0,0.0,0.0,0.0,0.0,0.0,0.0%,0.0,10.0,0.7,7.0,0,
149,34.0,Chargers,Derek Watt,27,RB,16,2,7.0,10.0,1,6.0,85.7,3.0,1.4,0.6,0.4,5.0,3.0,32.0,10.7,0,1.0,40.0,21.0,0.2,2.0,60.0%,6.4,10.0,4.2,42.0,1,
150,13.0,Chargers,Keenan Allen,27,WR,16,16,3.0,16.0,0,1.0,33.3,18.0,5.3,1.0,0.2,149.0,104.0,1199.0,11.5,6,63.0,59.1,45.0,6.5,74.9,69.8%,8.0,107.0,11.4,1215.0,6,
151,81.0,Chargers,Mike Williams,25,WR,15,15,1.0,2.0,0,0.0,0.0,2.0,2.0,0.1,0.1,90.0,49.0,1001.0,20.4,2,41.0,52.2,56.0,3.3,66.7,54.4%,11.1,50.0,20.1,1003.0,2,
152,86.0,Chargers,Hunter Henry,25,TE,12,12,,,0,,,,,,,76.0,55.0,652.0,11.9,5,36.0,67.1,30.0,4.6,54.3,72.4%,8.6,55.0,11.9,652.0,5,1.0
153,88.0,Chargers,Virgil Green,31,TE,15,4,,,0,,,,,,,13.0,9.0,78.0,8.7,1,4.0,61.5,15.0,0.6,5.2,69.2%,6.0,9.0,8.7,78.0,1,
154,15.0,Chargers,Dontrelle Inman,30,WR,4,1,,,0,,,,,,,13.0,8.0,132.0,16.5,0,7.0,53.8,28.0,2.0,33.0,61.5%,10.2,8.0,16.5,132.0,0,
155,12.0,Chargers,Travis Benjamin,30,WR,5,2,,,0,,,,,,,16.0,6.0,30.0,5.0,0,3.0,18.8,13.0,1.2,6.0,37.5%,1.9,6.0,5.0,30.0,0,
156,16.0,Chargers,Andre Patton,25,WR,13,5,,,0,,,,,,,17.0,6.0,56.0,9.3,0,4.0,35.3,15.0,0.5,4.3,35.3%,3.3,6.0,9.3,56.0,0,
157,11.0,Chargers,Geremy Davis,27,WR,7,1,,,0,,,,,,,3.0,3.0,38.0,12.7,0,1.0,100.0,19.0,0.4,5.4,100.0%,12.7,3.0,12.7,38.0,0,
158,87.0,Chargers,Lance Kendricks,31,TE,12,1,,,0,,,,,,,7.0,3.0,50.0,16.7,0,3.0,42.9,24.0,0.3,4.2,42.9%,7.1,3.0,16.7,50.0,0,
159,89.0,Chargers,Jason Moore,24,WR,10,0,,,0,,,,,,,5.0,2.0,43.0,21.5,0,2.0,40.0,32.0,0.2,4.3,40.0%,8.6,2.0,21.5,43.0,0,
160,80.0,Chargers,Sean Culkin,26,TE,4,2,,,0,,,,,,,2.0,1.0,12.0,12.0,0,1.0,50.0,12.0,0.3,3.0,50.0%,6.0,1.0,12.0,12.0,0,
161,15.0,Chargers,Jalen Guyton,22,WR,3,0,,,0,,,,,,,2.0,0.0,0.0,,0,,0.0,0.0,0.0,0.0,0.0%,0.0,,,,0,
162,26.0,Chiefs,Damien Williams,27,RB,11,6,111.0,498.0,5,22.0,46.8,91.0,4.5,45.3,10.1,37.0,30.0,213.0,7.1,2,10.0,43.2,32.0,2.7,19.4,81.1%,5.8,141.0,5.0,711.0,7,1.0
163,25.0,Chiefs,LeSean McCoy,31,RB,13,9,101.0,465.0,4,24.0,46.5,39.0,4.6,35.8,7.8,34.0,28.0,181.0,6.5,1,6.0,44.1,23.0,2.2,13.9,82.4%,5.3,129.0,5.0,646.0,5,3.0
164,15.0,Chiefs,Patrick Mahomes,24,QB,14,14,43.0,218.0,2,15.0,41.9,25.0,5.1,15.6,3.1,,,,,0,,,,,,,,43.0,5.1,218.0,2,3.0
165,31.0,Chiefs,Darrel Williams,24,RB,12,0,41.0,141.0,3,12.0,48.8,41.0,3.4,11.8,3.4,19.0,15.0,167.0,11.1,1,7.0,52.6,52.0,1.3,13.9,78.9%,8.8,56.0,5.5,308.0,4,1.0
166,34.0,Chiefs,Darwin Thompson,22,RB,12,0,37.0,128.0,1,9.0,54.1,12.0,3.5,10.7,3.1,10.0,9.0,43.0,4.8,0,2.0,50.0,19.0,0.8,3.6,90.0%,4.3,46.0,3.7,171.0,1,
167,39.0,Chiefs,Spencer Ware,28,RB,3,1,17.0,51.0,0,3.0,64.7,6.0,3.0,17.0,5.7,7.0,5.0,22.0,4.4,0,1.0,28.6,18.0,1.7,7.3,71.4%,3.1,22.0,3.3,73.0,0,1.0
168,10.0,Chiefs,Tyreek Hill,25,WR,12,12,8.0,23.0,0,1.0,50.0,5.0,2.9,1.9,0.7,89.0,58.0,860.0,14.8,7,39.0,58.4,57.0,4.8,71.7,65.2%,9.7,66.0,13.4,883.0,7,
169,8.0,Chiefs,Matt Moore,35,QB,6,2,5.0,-1.0,0,0.0,0.0,3.0,-0.2,-0.2,0.8,,,,,0,,,,,,,,5.0,-0.2,-1.0,0,2.0
170,17.0,Chiefs,Mecole Hardman,21,WR,16,5,4.0,17.0,0,1.0,75.0,9.0,4.3,1.1,0.3,41.0,26.0,538.0,20.7,6,18.0,58.5,83.0,1.6,33.6,63.4%,13.1,30.0,18.5,555.0,6,2.0
171,42.0,Chiefs,Anthony Sherman,31,RB,16,0,4.0,9.0,0,3.0,75.0,5.0,2.3,0.6,0.3,3.0,2.0,22.0,11.0,0,2.0,66.7,15.0,0.1,1.4,66.7%,7.3,6.0,5.2,31.0,0,
172,14.0,Chiefs,Sammy Watkins,26,WR,14,13,2.0,12.0,0,1.0,50.0,11.0,6.0,0.9,0.1,90.0,52.0,673.0,12.9,3,30.0,47.8,68.0,3.7,48.1,57.8%,7.5,54.0,12.7,685.0,3,2.0
173,87.0,Chiefs,Travis Kelce,30,TE,16,16,1.0,4.0,1,1.0,100.0,4.0,4.0,0.3,0.1,136.0,97.0,1229.0,12.7,5,65.0,64.0,47.0,6.1,76.8,71.3%,9.0,98.0,12.6,1233.0,6,1.0
174,84.0,Chiefs,De'Anthony Thomas,26,RB,6,0,1.0,4.0,0,1.0,100.0,4.0,4.0,0.7,0.2,2.0,1.0,6.0,6.0,0,0.0,50.0,6.0,0.2,1.0,50.0%,3.0,2.0,5.0,10.0,0,2.0
175,11.0,Chiefs,Demarcus Robinson,25,WR,16,10,,,0,,,,,,,55.0,32.0,449.0,14.0,4,19.0,52.7,44.0,2.0,28.1,58.2%,8.2,32.0,14.0,449.0,4,
176,13.0,Chiefs,Byron Pringle,26,WR,16,0,,,0,,,,,,,16.0,12.0,170.0,14.2,1,7.0,62.5,28.0,0.8,10.6,75.0%,10.6,12.0,14.2,170.0,1,
177,81.0,Chiefs,Blake Bell,28,TE,15,7,,,0,,,,,,,15.0,8.0,67.0,8.4,0,3.0,26.7,30.0,0.5,4.5,53.3%,4.5,8.0,8.4,67.0,0,
178,82.0,Chiefs,Deon Yelder,24,TE,9,1,,,0,,,,,,,4.0,3.0,50.0,16.7,0,2.0,50.0,24.0,0.3,5.6,75.0%,12.5,3.0,16.7,50.0,0,
179,25.0,Colts,Marlon Mack,23,RB,14,12,247.0,1091.0,8,67.0,51.0,63.0,4.4,77.9,17.6,17.0,14.0,82.0,5.9,0,2.0,47.1,14.0,1.0,5.9,82.4%,4.8,261.0,4.5,1173.0,8,
180,7.0,Colts,Jacoby Brissett,27,QB,15,15,56.0,228.0,4,20.0,55.4,24.0,4.1,15.2,3.7,1.0,1.0,2.0,2.0,0,0.0,0.0,2.0,0.1,0.1,100.0%,2.0,57.0,4.0,230.0,4,7.0
181,21.0,Colts,Nyheim Hines,23,RB,16,2,52.0,199.0,2,16.0,51.9,18.0,3.8,12.4,3.3,58.0,44.0,320.0,7.3,0,15.0,43.1,21.0,2.8,20.0,75.9%,5.5,96.0,5.4,519.0,2,1.0
182,20.0,Colts,Jordan Wilkins,25,RB,14,1,51.0,307.0,2,12.0,56.9,55.0,6.0,21.9,3.6,11.0,7.0,43.0,6.1,0,1.0,36.4,11.0,0.5,3.1,63.6%,3.9,58.0,6.0,350.0,2,
183,33.0,Colts,Jonathan Williams,25,RB,9,1,49.0,235.0,1,13.0,51.0,48.0,4.8,26.1,5.4,5.0,5.0,59.0,11.8,0,3.0,80.0,31.0,0.6,6.6,100.0%,11.8,54.0,5.4,294.0,1,
184,2.0,Colts,Brian Hoyer,34,QB,4,1,8.0,2.0,0,0.0,0.0,6.0,0.3,0.5,2.0,,,,,0,,,,,,,,8.0,0.3,2.0,0,2.0
185,15.0,Colts,Parris Campbell,22,WR,7,3,4.0,34.0,0,1.0,75.0,22.0,8.5,4.9,0.6,24.0,18.0,127.0,7.1,1,6.0,29.2,27.0,2.6,18.1,75.0%,5.3,22.0,7.3,161.0,1,3.0
186,14.0,Colts,Zach Pascal,25,WR,16,13,2.0,16.0,0,1.0,50.0,12.0,8.0,1.0,0.1,72.0,41.0,607.0,14.8,5,29.0,50.0,37.0,2.6,37.9,56.9%,8.4,43.0,14.5,623.0,5,
187,80.0,Colts,Chester Rogers,25,WR,12,6,1.0,18.0,0,1.0,100.0,18.0,18.0,1.5,0.1,28.0,16.0,179.0,11.2,2,11.0,42.9,27.0,1.3,14.9,57.1%,6.4,17.0,11.6,197.0,2,2.0
188,56.0,Colts,Quenton Nelson,23,LG,16,16,1.0,0.0,0,,0.0,0.0,0.0,0.0,0.1,,,,,0,,,,,,,,1.0,0.0,,0,
189,13.0,Colts,T.Y. Hilton,30,WR,10,10,,,0,,,,,,,68.0,45.0,501.0,11.1,5,24.0,52.9,35.0,4.5,50.1,66.2%,7.4,45.0,11.1,501.0,5,
190,84.0,Colts,Jack Doyle,29,TE,16,16,,,0,,,,,,,72.0,43.0,448.0,10.4,4,29.0,51.4,23.0,2.7,28.0,59.7%,6.2,43.0,10.4,448.0,4,1.0
191,85.0,Colts,Eric Ebron,26,TE,11,2,,,0,,,,,,,52.0,31.0,375.0,12.1,3,20.0,51.9,48.0,2.8,34.1,59.6%,7.2,31.0,12.1,375.0,3,
192,83.0,Colts,Marcus Johnson,25,WR,8,6,,,0,,,,,,,33.0,17.0,277.0,16.3,2,12.0,42.4,50.0,2.1,34.6,51.5%,8.4,17.0,16.3,277.0,2,
193,81.0,Colts,Mo Alie-Cox,26,TE,16,2,,,0,,,,,,,11.0,8.0,93.0,11.6,0,5.0,63.6,21.0,0.5,5.8,72.7%,8.5,8.0,11.6,93.0,0,
194,11.0,Colts,Deon Cain,23,WR,7,3,,,0,,,,,,,14.0,4.0,52.0,13.0,0,3.0,28.6,25.0,0.6,7.4,28.6%,3.7,4.0,13.0,52.0,0,
195,86.0,Colts,Dontrelle Inman,30,WR,3,0,,,0,,,,,,,8.0,4.0,49.0,12.3,0,2.0,25.0,22.0,1.3,16.3,50.0%,6.1,4.0,12.3,49.0,0,
196,43.0,Colts,Ross Travis,26,LB,3,1,,,0,,,,,,,6.0,4.0,51.0,12.8,0,1.0,50.0,25.0,1.3,17.0,66.7%,8.5,4.0,12.8,51.0,0,1.0
197,17.0,Colts,Devin Funchess,25,WR,1,1,,,0,,,,,,,5.0,3.0,32.0,10.7,0,2.0,60.0,16.0,3.0,32.0,60.0%,6.4,3.0,10.7,32.0,0,
198,16.0,Colts,Ashton Dulin,22,WR,13,0,,,0,,,,,,,2.0,2.0,17.0,8.5,0,,50.0,13.0,0.2,1.3,100.0%,8.5,2.0,8.5,17.0,0,
199,11.0,Colts,Chad Williams,25,WR,1,0,,,0,,,,,,,1.0,0.0,0.0,,0,,0.0,0.0,0.0,0.0,0.0%,0.0,,,,0,
200,26.0,Commanders,Adrian Peterson,34,RB,15,15,211.0,898.0,5,41.0,46.0,32.0,4.3,59.9,14.1,23.0,17.0,142.0,8.4,0,7.0,47.8,22.0,1.1,9.5,73.9%,6.2,228.0,4.6,1040.0,5,3.0
201,29.0,Commanders,Derrius Guice,22,RB,5,1,42.0,245.0,2,9.0,50.0,60.0,5.8,49.0,8.4,9.0,7.0,79.0,11.3,1,2.0,55.6,45.0,1.4,15.8,77.8%,8.8,49.0,6.6,324.0,3,
202,25.0,Commanders,Chris Thompson,29,RB,11,0,37.0,138.0,0,7.0,37.8,16.0,3.7,12.5,3.4,58.0,42.0,378.0,9.0,0,16.0,37.9,39.0,3.8,34.4,72.4%,6.5,79.0,6.5,516.0,0,1.0
203,34.0,Commanders,Wendell Smallwood,25,RB,15,0,22.0,81.0,0,4.0,22.7,17.0,3.7,5.4,1.5,13.0,9.0,64.0,7.1,0,4.0,53.8,18.0,0.6,4.3,69.2%,4.9,31.0,4.7,145.0,0,
204,7.0,Commanders,Dwayne Haskins,22,QB,9,7,20.0,101.0,0,7.0,40.0,23.0,5.1,11.2,2.2,,,,,0,,,,,,,,20.0,5.1,101.0,0,6.0
205,15.0,Commanders,Steven Sims,22,WR,16,2,9.0,85.0,1,2.0,33.3,65.0,9.4,5.3,0.6,56.0,34.0,310.0,9.1,4,18.0,32.1,65.0,2.1,19.4,60.7%,5.5,43.0,9.2,395.0,5,1.0
206,8.0,Commanders,Case Keenum,31,QB,10,8,9.0,12.0,1,2.0,33.3,9.0,1.3,1.2,0.9,,,,,0,,,,,,,,9.0,1.3,12.0,1,6.0
207,36.0,Commanders,Josh Ferguson,26,RB,2,0,3.0,9.0,0,1.0,66.7,7.0,3.0,4.5,1.5,,,,,0,,,,,,,,3.0,3.0,9.0,0,
208,12.0,Commanders,Colt McCoy,33,QB,1,1,2.0,14.0,0,1.0,100.0,9.0,7.0,14.0,2.0,,,,,0,,,,,,,,2.0,7.0,14.0,0,2.0
209,10.0,Commanders,Paul Richardson,27,WR,10,6,1.0,0.0,0,0.0,0.0,0.0,0.0,0.0,0.1,42.0,28.0,245.0,8.8,2,13.0,54.8,22.0,2.8,24.5,66.7%,5.8,29.0,8.4,245.0,2,
210,17.0,Commanders,Terry McLaurin,24,WR,14,14,,,0,,,,,,,93.0,58.0,919.0,15.8,7,43.0,57.0,75.0,4.1,65.6,62.4%,9.9,58.0,15.8,919.0,7,
211,13.0,Commanders,Kelvin Harmon,23,WR,16,8,,,0,,,,,,,44.0,30.0,365.0,12.2,0,16.0,56.8,30.0,1.9,22.8,68.2%,8.3,30.0,12.2,365.0,0,
212,18.0,Commanders,Trey Quinn,24,WR,12,6,,,0,,,,,,,47.0,26.0,198.0,7.6,1,10.0,42.6,19.0,2.2,16.5,55.3%,4.2,26.0,7.6,198.0,1,1.0
213,87.0,Commanders,Jeremy Sprinkle,25,TE,16,13,,,0,,,,,,,40.0,26.0,241.0,9.3,1,13.0,55.0,23.0,1.6,15.1,65.0%,6.0,26.0,9.3,241.0,1,1.0
214,85.0,Commanders,Vernon Davis,35,TE,4,1,,,0,,,,,,,19.0,10.0,123.0,12.3,1,4.0,36.8,48.0,2.5,30.8,52.6%,6.5,10.0,12.3,123.0,1,
215,88.0,Commanders,Hale Hentges,23,TE,11,4,,,0,,,,,,,14.0,8.0,103.0,12.9,1,6.0,42.9,24.0,0.7,9.4,57.1%,7.4,8.0,12.9,103.0,1,
216,89.0,Commanders,Cam Sims,23,WR,7,1,,,0,,,,,,,3.0,2.0,27.0,13.5,0,1.0,66.7,15.0,0.3,3.9,66.7%,9.0,2.0,13.5,27.0,0,
217,,Commanders,Robert Davis,24,WR,3,1,,,0,,,,,,,2.0,1.0,11.0,11.0,0,1.0,50.0,11.0,0.3,3.7,50.0%,5.5,1.0,11.0,11.0,0,
218,45.0,Commanders,Michael Burton,27,RB,10,2,,,0,,,,,,,1.0,0.0,0.0,,0,,0.0,0.0,0.0,0.0,0.0%,0.0,,,,0,
219,21.0,Cowboys,Ezekiel Elliott,24,RB,16,16,301.0,1357.0,12,78.0,54.8,33.0,4.5,84.8,18.8,71.0,54.0,420.0,7.8,2,21.0,45.1,27.0,3.4,26.3,76.1%,5.9,355.0,5.0,1777.0,14,3.0
220,20.0,Cowboys,Tony Pollard,22,RB,15,0,86.0,455.0,2,21.0,50.0,44.0,5.3,30.3,5.7,20.0,15.0,107.0,7.1,1,4.0,40.0,21.0,1.0,7.1,75.0%,5.4,101.0,5.6,562.0,3,1.0
221,4.0,Cowboys,Dak Prescott,26,QB,16,16,52.0,277.0,3,19.0,46.2,42.0,5.3,17.3,3.3,,,,,0,,,,,,,,52.0,5.3,277.0,3,6.0
222,10.0,Cowboys,Tavon Austin,29,WR,14,0,6.0,47.0,1,2.0,66.7,20.0,7.8,3.4,0.4,24.0,13.0,177.0,13.6,1,8.0,45.8,59.0,0.9,12.6,54.2%,7.4,19.0,11.8,224.0,2,1.0
223,18.0,Cowboys,Randall Cobb,29,WR,15,6,3.0,11.0,0,0.0,66.7,7.0,3.7,0.7,0.2,83.0,55.0,828.0,15.1,3,41.0,54.2,59.0,3.7,55.2,66.3%,10.0,58.0,14.5,839.0,3,2.0
224,19.0,Cowboys,Amari Cooper,25,WR,16,16,1.0,6.0,0,0.0,100.0,6.0,6.0,0.4,0.1,119.0,79.0,1189.0,15.1,8,54.0,63.0,53.0,4.9,74.3,66.4%,10.0,80.0,14.9,1195.0,8,
225,13.0,Cowboys,Michael Gallup,23,WR,14,12,,,0,,,,,,,113.0,66.0,1107.0,16.8,6,50.0,56.6,62.0,4.7,79.1,58.4%,9.8,66.0,16.8,1107.0,6,
226,82.0,Cowboys,Jason Witten,37,TE,16,16,,,0,,,,,,,83.0,63.0,529.0,8.4,4,27.0,66.3,33.0,3.9,33.1,75.9%,6.4,63.0,8.4,529.0,4,1.0
227,89.0,Cowboys,Blake Jarwin,25,TE,16,7,,,0,,,,,,,41.0,31.0,365.0,11.8,3,17.0,56.1,42.0,1.9,22.8,75.6%,8.9,31.0,11.8,365.0,3,1.0
228,15.0,Cowboys,Devin Smith,27,WR,4,2,,,0,,,,,,,9.0,5.0,113.0,22.6,1,4.0,55.6,51.0,1.3,28.3,55.6%,12.6,5.0,22.6,113.0,1,
229,11.0,Cowboys,Cedrick Wilson Jr.,24,WR,6,0,,,0,,,,,,,8.0,5.0,46.0,9.2,0,2.0,50.0,14.0,0.8,7.7,62.5%,5.8,5.0,9.2,46.0,0,
230,83.0,Cowboys,Ventell Bryant,23,WR,12,0,,,0,,,,,,,1.0,1.0,15.0,15.0,1,1.0,100.0,15.0,0.1,1.3,100.0%,15.0,1.0,15.0,15.0,1,
231,86.0,Cowboys,Dalton Schultz,23,TE,16,0,,,0,,,,,,,2.0,1.0,6.0,6.0,0,,50.0,6.0,0.1,0.4,50.0%,3.0,1.0,6.0,6.0,0,
232,49.0,Cowboys,Jamize Olawale,30,FB,16,5,,,0,,,,,,,2.0,0.0,0.0,,0,,0.0,0.0,0.0,0.0,0.0%,0.0,,,,0,
233,27.0,Dolphins,Kalen Ballage,24,RB,12,6,74.0,135.0,3,10.0,31.1,8.0,1.8,11.3,6.2,24.0,14.0,63.0,4.5,0,4.0,20.8,13.0,1.2,5.3,58.3%,2.6,88.0,2.3,198.0,3,
234,42.0,Dolphins,Patrick Laird,24,RB,15,4,62.0,168.0,1,9.0,30.6,18.0,2.7,11.2,4.1,30.0,23.0,204.0,8.9,0,13.0,50.0,21.0,1.5,13.6,76.7%,6.8,85.0,4.4,372.0,1,
235,14.0,Dolphins,Ryan Fitzpatrick,37,QB,15,13,54.0,243.0,4,16.0,51.9,20.0,4.5,16.2,3.6,,,,,0,,,,,,,,54.0,4.5,243.0,4,9.0
236,22.0,Dolphins,Mark Walton,22,RB,7,4,53.0,201.0,0,11.0,43.4,19.0,3.8,28.7,7.6,21.0,15.0,89.0,5.9,0,3.0,33.3,18.0,2.1,12.7,71.4%,4.2,68.0,4.3,290.0,0,1.0
237,32.0,Dolphins,Kenyan Drake,25,RB,6,2,47.0,174.0,0,6.0,42.6,11.0,3.7,29.0,7.8,33.0,22.0,174.0,7.9,0,6.0,42.4,26.0,3.7,29.0,66.7%,5.3,69.0,5.0,348.0,0,2.0
238,37.0,Dolphins,Myles Gaskin,22,RB,7,0,36.0,133.0,1,7.0,38.9,27.0,3.7,19.0,5.1,12.0,7.0,51.0,7.3,0,2.0,41.7,20.0,1.0,7.3,58.3%,4.3,43.0,4.3,184.0,1,
239,15.0,Dolphins,Albert Wilson,27,WR,13,4,5.0,45.0,0,1.0,40.0,28.0,9.0,3.5,0.4,62.0,43.0,351.0,8.2,1,22.0,43.5,35.0,3.3,27.0,69.4%,5.7,48.0,8.3,396.0,1,
240,29.0,Dolphins,Samaje Perine,24,RB,1,0,5.0,16.0,0,1.0,40.0,9.0,3.2,16.0,5.0,,,,,0,,,,,,,,5.0,3.2,16.0,0,
241,19.0,Dolphins,Jakeem Grant,27,WR,10,2,4.0,5.0,1,1.0,50.0,7.0,1.3,0.5,0.4,33.0,19.0,164.0,8.6,0,9.0,45.5,18.0,1.9,16.4,57.6%,5.0,23.0,7.3,169.0,1,2.0
242,34.0,Dolphins,De'Lance Turner,24,RB,8,0,4.0,6.0,0,,25.0,5.0,1.5,0.8,0.5,,,,,0,,,,,,,,4.0,1.5,6.0,0,
243,3.0,Dolphins,Josh Rosen,22,QB,6,3,3.0,13.0,0,0.0,66.7,6.0,4.3,2.2,0.5,,,,,0,,,,,,,,3.0,4.3,13.0,0,1.0
244,84.0,Dolphins,Isaiah Ford,23,WR,8,0,1.0,11.0,0,1.0,100.0,11.0,11.0,1.4,0.1,35.0,23.0,244.0,10.6,0,16.0,57.1,28.0,2.9,30.5,65.7%,7.0,24.0,10.6,255.0,0,
245,2.0,Dolphins,Matt Haack,25,P,16,0,1.0,2.0,0,1.0,0.0,2.0,2.0,0.1,0.1,,,,,0,,,,,,,,1.0,2.0,2.0,0,
246,11.0,Dolphins,DeVante Parker,26,WR,16,14,,,0,,,,,,,128.0,72.0,1202.0,16.7,9,58.0,53.1,51.0,4.5,75.1,56.3%,9.4,72.0,16.7,1202.0,9,
247,88.0,Dolphins,Mike Gesicki,24,TE,16,5,,,0,,,,,,,89.0,51.0,570.0,11.2,5,25.0,44.9,34.0,3.2,35.6,57.3%,6.4,51.0,11.2,570.0,5,1.0
248,17.0,Dolphins,Allen Hurns,28,WR,14,7,,,0,,,,,,,47.0,32.0,416.0,13.0,2,18.0,59.6,27.0,2.3,29.7,68.1%,8.9,32.0,13.0,416.0,2,1.0
249,18.0,Dolphins,Preston Williams,22,WR,8,7,,,0,,,,,,,60.0,32.0,428.0,13.4,3,24.0,51.7,35.0,4.0,53.5,53.3%,7.1,32.0,13.4,428.0,3,2.0
250,81.0,Dolphins,Durham Smythe,24,TE,16,14,,,0,,,,,,,14.0,7.0,65.0,9.3,0,2.0,35.7,24.0,0.4,4.1,50.0%,4.6,7.0,9.3,65.0,0,
251,83.0,Dolphins,Nick O'Leary,27,TE,7,2,,,0,,,,,,,5.0,4.0,37.0,9.3,0,2.0,80.0,19.0,0.6,5.3,80.0%,7.4,4.0,9.3,37.0,0,1.0
252,87.0,Dolphins,Clive Walford,28,TE,7,3,0.0,4.0,0,0.0,,4.0,,0.6,0.0,8.0,4.0,57.0,14.3,0,4.0,50.0,19.0,0.6,8.1,50.0%,7.1,4.0,15.3,61.0,0,
253,63.0,Dolphins,Michael Deiter,23,LG,16,15,,,0,,,,,,,1.0,1.0,0.0,0.0,0,,0.0,0.0,0.1,0.0,100.0%,0.0,1.0,0.0,,0,
254,7.0,Dolphins,Jason Sanders,24,K,16,0,,,0,,,,,,,1.0,1.0,1.0,1.0,1,1.0,0.0,1.0,0.1,0.1,100.0%,1.0,1.0,1.0,1.0,1,
255,94.0,Dolphins,Christian Wilkins,24,RDE,16,14,,,0,,,,,,,1.0,1.0,1.0,1.0,1,1.0,100.0,1.0,0.1,0.1,100.0%,1.0,1.0,1.0,1.0,1,1.0
256,86.0,Dolphins,Mack Hollins,26,WR,4,0,,,0,,,,,,,1.0,0.0,0.0,,0,,0.0,0.0,0.0,0.0,0.0%,0.0,,,,0,
257,44.0,Dolphins,Deon Lacey,29,LB,16,0,,,0,,,,,,,1.0,0.0,0.0,,0,,0.0,0.0,0.0,0.0,0.0%,0.0,,,,0,
258,26.0,Eagles,Miles Sanders,22,RB,16,11,179.0,818.0,3,30.0,44.7,65.0,4.6,51.1,11.2,63.0,50.0,509.0,10.2,3,19.0,49.2,45.0,3.1,31.8,79.4%,8.1,229.0,5.8,1327.0,6,2.0
259,24.0,Eagles,Jordan Howard,25,RB,10,4,119.0,525.0,6,28.0,47.9,20.0,4.4,52.5,11.9,14.0,10.0,69.0,6.9,1,3.0,50.0,20.0,1.0,6.9,71.4%,4.9,129.0,4.6,594.0,7,
260,11.0,Eagles,Carson Wentz,27,QB,16,16,62.0,243.0,1,21.0,62.9,19.0,3.9,15.2,3.9,,,,,0,,,,,,,,62.0,3.9,243.0,1,16.0
261,35.0,Eagles,Boston Scott,24,RB,11,2,61.0,245.0,5,17.0,52.5,25.0,4.0,22.3,5.5,26.0,24.0,204.0,8.5,0,10.0,61.5,39.0,2.2,18.5,92.3%,7.8,85.0,5.3,449.0,5,4.0
262,43.0,Eagles,Darren Sproles,36,RB,6,1,17.0,66.0,0,3.0,41.2,17.0,3.9,11.0,2.8,10.0,6.0,24.0,4.0,0,1.0,20.0,7.0,1.0,4.0,60.0%,2.4,23.0,3.9,90.0,0,1.0
263,28.0,Eagles,Jay Ajayi,26,RB,3,0,10.0,30.0,0,3.0,40.0,11.0,3.0,10.0,3.3,1.0,0.0,0.0,,0,0.0,0.0,0.0,0.0,0.0,0.0%,0.0,10.0,3.0,30.0,0,
264,13.0,Eagles,Nelson Agholor,26,WR,11,10,2.0,7.0,0,1.0,50.0,16.0,3.5,0.6,0.2,69.0,39.0,363.0,9.3,3,17.0,47.8,43.0,3.5,33.0,56.5%,5.3,41.0,9.0,370.0,3,2.0
265,18.0,Eagles,Josh McCown,40,QB,3,0,2.0,-2.0,0,0.0,0.0,-1.0,-1.0,-0.7,0.7,,,,,0,,,,,,,,2.0,-1.0,-2.0,0,
266,17.0,Eagles,Alshon Jeffery,29,WR,10,10,1.0,2.0,1,1.0,100.0,2.0,2.0,0.2,0.1,73.0,43.0,490.0,11.4,4,36.0,53.4,38.0,4.3,49.0,58.9%,6.7,44.0,11.2,492.0,5,
267,84.0,Eagles,Greg Ward,24,WR,7,3,1.0,5.0,0,0.0,0.0,5.0,5.0,0.7,0.1,40.0,28.0,254.0,9.1,1,18.0,60.0,38.0,4.0,36.3,70.0%,6.4,29.0,8.9,259.0,1,
268,86.0,Eagles,Zach Ertz,29,TE,15,15,,,0,,,,,,,135.0,88.0,916.0,10.4,6,50.0,56.3,30.0,5.9,61.1,65.2%,6.8,88.0,10.4,916.0,6,1.0
269,88.0,Eagles,Dallas Goedert,24,TE,15,9,,,0,,,,,,,87.0,58.0,607.0,10.5,5,33.0,57.5,28.0,3.9,40.5,66.7%,7.0,58.0,10.5,607.0,5,2.0
270,19.0,Eagles,JJ Arcega-Whiteside,23,WR,16,5,,,0,,,,,,,22.0,10.0,169.0,16.9,1,7.0,45.5,30.0,0.6,10.6,45.5%,7.7,10.0,16.9,169.0,1,
271,16.0,Eagles,Mack Hollins,26,WR,12,3,,,0,,,,,,,22.0,10.0,125.0,12.5,0,7.0,36.4,20.0,0.8,10.4,45.5%,5.7,10.0,12.5,125.0,0,
272,10.0,Eagles,DeSean Jackson,33,WR,3,3,,,0,,,,,,,10.0,9.0,159.0,17.7,2,6.0,70.0,53.0,3.0,53.0,90.0%,15.9,9.0,17.7,159.0,2,
273,81.0,Eagles,Joshua Perkins,26,TE,5,0,,,0,,,,,,,13.0,9.0,87.0,9.7,1,5.0,46.2,24.0,1.8,17.4,69.2%,6.7,9.0,9.7,87.0,1,
274,80.0,Eagles,Jordan Matthews,27,WR,2,1,,,0,,,,,,,12.0,4.0,33.0,8.3,0,1.0,25.0,10.0,2.0,16.5,33.3%,2.8,4.0,8.3,33.0,0,
275,16.0,Eagles,Deontay Burnett,22,WR,1,1,,,0,,,,,,,4.0,2.0,48.0,24.0,0,1.0,50.0,41.0,2.0,48.0,50.0%,12.0,2.0,24.0,48.0,0,
276,14.0,Eagles,Robert Davis,24,WR,3,2,,,0,,,,,,,3.0,1.0,6.0,6.0,0,1.0,33.3,6.0,0.3,2.0,33.3%,2.0,1.0,6.0,6.0,0,
277,24.0,Falcons,Devonta Freeman,27,RB,14,14,184.0,656.0,2,31.0,41.8,28.0,3.6,46.9,13.1,70.0,59.0,410.0,6.9,4,17.0,48.6,28.0,4.2,29.3,84.3%,5.9,243.0,4.4,1066.0,6,3.0
278,23.0,Falcons,Brian Hill,24,RB,12,2,78.0,323.0,2,19.0,39.7,27.0,4.1,26.9,6.5,14.0,10.0,69.0,6.9,1,4.0,35.7,12.0,0.8,5.8,71.4%,4.9,88.0,4.5,392.0,3,
279,2.0,Falcons,Matt Ryan,34,QB,15,15,34.0,147.0,1,10.0,50.0,12.0,4.3,9.8,2.3,,,,,0,,,,,,,,34.0,4.3,147.0,1,9.0
280,25.0,Falcons,Ito Smith,24,RB,7,0,22.0,106.0,1,10.0,54.5,28.0,4.8,15.1,3.1,14.0,11.0,87.0,7.9,0,2.0,35.7,11.0,1.6,12.4,78.6%,6.2,33.0,5.8,193.0,1,
281,30.0,Falcons,Qadree Ollison,23,RB,8,0,22.0,50.0,4,6.0,45.5,6.0,2.3,6.3,2.8,2.0,1.0,7.0,7.0,0,1.0,50.0,7.0,0.1,0.9,50.0%,3.5,23.0,2.5,57.0,4,1.0
282,40.0,Falcons,Keith Smith,27,FB,16,5,5.0,8.0,0,4.0,80.0,3.0,1.6,0.5,0.3,3.0,1.0,13.0,13.0,0,1.0,33.3,13.0,0.1,0.8,33.3%,4.3,6.0,3.5,21.0,0,
283,83.0,Falcons,Russell Gage,23,WR,16,4,4.0,12.0,0,0.0,50.0,6.0,3.0,0.8,0.3,74.0,49.0,446.0,9.1,1,25.0,48.6,19.0,3.1,27.9,66.2%,6.0,53.0,8.6,458.0,1,1.0
284,38.0,Falcons,Kenjon Barner,30,RB,14,0,4.0,28.0,0,1.0,75.0,12.0,7.0,2.0,0.3,8.0,6.0,22.0,3.7,0,1.0,12.5,13.0,0.4,1.6,75.0%,2.8,10.0,5.0,50.0,0,4.0
285,8.0,Falcons,Matt Schaub,38,QB,6,1,3.0,-3.0,0,0.0,0.0,-1.0,-1.0,-0.5,0.5,,,,,0,,,,,,,,3.0,-1.0,-3.0,0,1.0
286,11.0,Falcons,Julio Jones,30,WR,15,15,2.0,-3.0,0,0.0,0.0,1.0,-1.5,-0.2,0.1,157.0,99.0,1394.0,14.1,6,77.0,55.4,54.0,6.6,92.9,63.1%,8.9,101.0,13.8,1391.0,6,1.0
287,18.0,Falcons,Calvin Ridley,25,WR,13,10,2.0,34.0,0,2.0,100.0,19.0,17.0,2.6,0.2,93.0,63.0,866.0,13.7,7,47.0,59.1,36.0,4.8,66.6,67.7%,9.3,65.0,13.8,900.0,7,
288,12.0,Falcons,Mohamed Sanu,30,WR,7,6,2.0,3.0,0,1.0,50.0,2.0,1.5,0.4,0.3,42.0,33.0,313.0,9.5,1,16.0,59.5,28.0,4.7,44.7,78.6%,7.5,35.0,9.0,316.0,1,
289,81.0,Falcons,Austin Hooper,25,TE,13,10,,,0,,,,,,,97.0,75.0,787.0,10.5,6,41.0,61.9,35.0,5.8,60.5,77.3%,8.1,75.0,10.5,787.0,6,
290,14.0,Falcons,Justin Hardy,28,WR,16,1,,,0,,,,,,,26.0,19.0,195.0,10.3,0,9.0,57.7,23.0,1.2,12.2,73.1%,7.5,19.0,10.3,195.0,0,
291,13.0,Falcons,Christian Blake,23,WR,9,3,,,0,,,,,,,24.0,11.0,91.0,8.3,0,5.0,37.5,13.0,1.2,10.1,45.8%,3.8,11.0,8.3,91.0,0,
292,87.0,Falcons,Jaeden Graham,24,TE,16,0,,,0,,,,,,,10.0,9.0,149.0,16.6,1,7.0,70.0,53.0,0.6,9.3,90.0%,14.9,9.0,16.6,149.0,1,
293,80.0,Falcons,Luke Stocker,31,TE,15,9,,,0,,,,,,,14.0,8.0,53.0,6.6,0,2.0,35.7,18.0,0.5,3.5,57.1%,3.8,8.0,6.6,53.0,0,1.0
294,17.0,Falcons,Olamide Zaccheaus,22,WR,10,0,,,0,,,,,,,5.0,3.0,115.0,38.3,1,2.0,60.0,93.0,0.3,11.5,60.0%,23.0,3.0,38.3,115.0,1,
295,76.0,Falcons,Kaleb McGary,24,RT,16,16,,,0,,,,,,,1.0,1.0,-3.0,-3.0,0,,0.0,-3.0,0.1,-0.2,100.0%,-3.0,1.0,-3.0,-3.0,0,
296,74.0,Falcons,Ty Sambrailo,27,T,13,0,,,0,,,,,,,1.0,1.0,35.0,35.0,1,1.0,100.0,35.0,0.1,2.7,100.0%,35.0,1.0,35.0,35.0,1,
297,26.0,Giants,Saquon Barkley,22,RB,13,13,217.0,1003.0,6,45.0,43.3,68.0,4.6,77.2,16.7,73.0,52.0,438.0,8.4,2,14.0,34.2,65.0,4.0,33.7,71.2%,6.0,269.0,5.4,1441.0,8,1.0
298,8.0,Giants,Daniel Jones,22,QB,13,12,45.0,279.0,2,21.0,66.7,26.0,6.2,21.5,3.5,,,,,0,,,,,,,,45.0,6.2,279.0,2,19.0
299,28.0,Giants,Jon Hilliman,24,RB,3,1,30.0,91.0,0,6.0,40.0,10.0,3.0,30.3,10.0,4.0,3.0,1.0,0.3,0,0.0,25.0,5.0,1.0,0.3,75.0%,0.3,33.0,2.8,92.0,0,2.0
300,22.0,Giants,Wayne Gallman,25,RB,10,2,29.0,110.0,2,6.0,41.4,22.0,3.8,11.0,2.9,15.0,11.0,102.0,9.3,1,4.0,46.7,21.0,1.1,10.2,73.3%,6.8,40.0,5.3,212.0,3,
301,39.0,Giants,Elijhaa Penny,26,RB,16,1,15.0,39.0,0,2.0,40.0,6.0,2.6,2.4,0.9,4.0,2.0,9.0,4.5,0,0.0,25.0,9.0,0.1,0.6,50.0%,2.3,17.0,2.8,48.0,0,
302,37.0,Giants,Javorius Allen,28,RB,10,0,10.0,36.0,1,3.0,60.0,19.0,3.6,3.6,1.0,2.0,1.0,9.0,9.0,0,0.0,50.0,9.0,0.1,0.9,50.0%,4.5,11.0,4.1,45.0,1,
303,87.0,Giants,Sterling Shepard,26,WR,10,10,6.0,72.0,0,3.0,66.7,23.0,12.0,7.2,0.6,83.0,57.0,576.0,10.1,3,29.0,59.0,36.0,5.7,57.6,68.7%,6.9,63.0,10.3,648.0,3,
304,10.0,Giants,Eli Manning,38,QB,4,4,4.0,7.0,0,1.0,50.0,6.0,1.8,1.8,1.0,,,,,0,,,,,,,,4.0,1.8,7.0,0,3.0
305,88.0,Giants,Evan Engram,25,TE,8,6,3.0,7.0,0,0.0,66.7,5.0,2.3,0.9,0.4,68.0,44.0,467.0,10.6,3,23.0,41.2,75.0,5.5,58.4,64.7%,6.9,47.0,10.1,474.0,3,
306,15.0,Giants,Golden Tate,31,WR,11,10,1.0,16.0,0,1.0,100.0,16.0,16.0,1.5,0.1,85.0,49.0,676.0,13.8,6,30.0,49.4,64.0,4.5,61.5,57.6%,8.0,50.0,13.8,692.0,6,1.0
307,18.0,Giants,Bennie Fowler,28,WR,8,2,1.0,20.0,0,1.0,100.0,20.0,20.0,2.5,0.1,36.0,23.0,193.0,8.4,0,12.0,55.6,17.0,2.9,24.1,63.9%,5.4,24.0,8.9,213.0,0,
308,18.0,Giants,Da'Mari Scott,24,WR,5,2,1.0,5.0,0,0.0,0.0,5.0,5.0,1.0,0.2,3.0,2.0,22.0,11.0,0,2.0,66.7,11.0,0.4,4.4,66.7%,7.3,3.0,9.0,27.0,0,
309,86.0,Giants,Darius Slayton,22,WR,14,9,,,0,,,,,,,84.0,48.0,740.0,15.4,8,32.0,48.8,55.0,3.4,52.9,57.1%,8.8,48.0,15.4,740.0,8,
310,82.0,Giants,Kaden Smith,22,TE,9,6,,,0,,,,,,,42.0,31.0,268.0,8.6,3,12.0,47.6,32.0,3.4,29.8,73.8%,6.4,31.0,8.6,268.0,3,2.0
311,12.0,Giants,Cody Latimer,27,WR,15,10,,,0,,,,,,,42.0,24.0,300.0,12.5,2,19.0,50.0,43.0,1.6,20.0,57.1%,7.1,24.0,12.5,300.0,2,
312,85.0,Giants,Rhett Ellison,31,FB,10,7,,,0,,,,,,,28.0,18.0,167.0,9.3,1,4.0,28.6,31.0,1.8,16.7,64.3%,6.0,18.0,9.3,167.0,1,
313,17.0,Giants,Cody Core,25,WR,16,0,,,0,,,,,,,5.0,3.0,28.0,9.3,0,2.0,60.0,11.0,0.2,1.8,60.0%,5.6,3.0,9.3,28.0,0,
314,80.0,Giants,T.J. Jones,27,WR,3,0,,,0,,,,,,,4.0,3.0,38.0,12.7,1,2.0,75.0,28.0,1.0,12.7,75.0%,9.5,3.0,12.7,38.0,1,3.0
315,81.0,Giants,Russell Shepard,29,WR,3,0,,,0,,,,,,,8.0,3.0,25.0,8.3,0,1.0,25.0,12.0,1.0,8.3,37.5%,3.1,3.0,8.3,25.0,0,
316,82.0,Giants,Scott Simonson,27,TE,5,1,,,0,,,,,,,2.0,2.0,11.0,5.5,0,1.0,50.0,10.0,0.4,2.2,100.0%,5.5,2.0,5.5,11.0,0,
317,27.0,Jaguars,Leonard Fournette,24,RB,15,15,265.0,1152.0,3,55.0,41.1,81.0,4.3,76.8,17.7,100.0,76.0,522.0,6.9,0,23.0,40.0,27.0,5.1,34.8,76.0%,5.2,341.0,4.9,1674.0,3,1.0
318,15.0,Jaguars,Gardner Minshew II,23,QB,14,12,67.0,344.0,0,20.0,43.3,21.0,5.1,24.6,4.8,,,,,0,,,,,,,,67.0,5.1,344.0,0,12.0
319,23.0,Jaguars,Ryquell Armstead,23,RB,16,1,35.0,108.0,0,5.0,28.6,16.0,3.1,6.8,2.2,24.0,14.0,144.0,10.3,2,9.0,54.2,31.0,0.9,9.0,58.3%,6.0,49.0,5.1,252.0,2,
320,33.0,Jaguars,Devine Ozigbo,23,RB,10,0,9.0,27.0,0,1.0,44.4,9.0,3.0,2.7,0.9,5.0,3.0,23.0,7.7,0,1.0,60.0,12.0,0.3,2.3,60.0%,4.6,12.0,4.2,50.0,0,
321,12.0,Jaguars,Dede Westbrook,26,WR,15,11,5.0,27.0,0,0.0,60.0,8.0,5.4,1.8,0.3,101.0,66.0,660.0,10.0,3,31.0,43.6,39.0,4.4,44.0,65.3%,6.5,71.0,9.7,687.0,3,1.0
322,7.0,Jaguars,Nick Foles,30,QB,4,4,4.0,23.0,0,2.0,50.0,13.0,5.8,5.8,1.0,,,,,0,,,,,,,,4.0,5.8,23.0,0,2.0
323,17.0,Jaguars,DJ Chark,23,WR,15,14,2.0,20.0,0,1.0,50.0,20.0,10.0,1.3,0.1,118.0,73.0,1008.0,13.8,8,42.0,49.2,69.0,4.9,67.2,61.9%,8.5,75.0,13.7,1028.0,8,
324,84.0,Jaguars,Keelan Cole,26,WR,16,1,1.0,6.0,0,0.0,100.0,6.0,6.0,0.4,0.1,35.0,24.0,361.0,15.0,3,19.0,60.0,55.0,1.5,22.6,68.6%,10.3,25.0,14.7,367.0,3,
325,11.0,Jaguars,Marqise Lee,28,WR,6,1,1.0,1.0,0,0.0,0.0,1.0,1.0,0.2,0.2,4.0,3.0,18.0,6.0,0,2.0,50.0,8.0,0.5,3.0,75.0%,4.5,4.0,4.8,19.0,0,
326,18.0,Jaguars,Chris Conley,27,WR,16,14,,,0,,,,,,,90.0,47.0,775.0,16.5,5,36.0,47.8,70.0,2.9,48.4,52.2%,8.6,47.0,16.5,775.0,5,
327,80.0,Jaguars,James O'Shaughnessy,27,TE,5,5,,,0,,,,,,,20.0,14.0,153.0,10.9,2,7.0,60.0,35.0,2.8,30.6,70.0%,7.7,14.0,10.9,153.0,2,
328,87.0,Jaguars,Geoff Swaim,26,TE,6,2,,,0,,,,,,,17.0,13.0,65.0,5.0,0,1.0,23.5,9.0,2.2,10.8,76.5%,3.8,13.0,5.0,65.0,0,
329,88.0,Jaguars,Seth Devalve,26,TE,12,6,,,0,,,,,,,18.0,12.0,140.0,11.7,0,7.0,55.6,20.0,1.0,11.7,66.7%,7.8,12.0,11.7,140.0,0,
330,86.0,Jaguars,Nick O'Leary,27,TE,5,3,,,0,,,,,,,13.0,9.0,72.0,8.0,1,2.0,46.2,15.0,1.8,14.4,69.2%,5.5,9.0,8.0,72.0,1,
331,89.0,Jaguars,Josh Oliver,22,TE,4,1,,,0,,,,,,,6.0,3.0,15.0,5.0,0,,50.0,6.0,0.8,3.8,50.0%,2.5,3.0,5.0,15.0,0,
332,16.0,Jaguars,C.J. Board,26,WR,4,0,,,0,,,,,,,4.0,2.0,31.0,15.5,0,1.0,50.0,23.0,0.5,7.8,50.0%,7.8,2.0,15.5,31.0,0,
333,13.0,Jaguars,Michael Walker,23,WR,7,0,,,0,,,,,,,3.0,2.0,15.0,7.5,0,1.0,0.0,9.0,0.3,2.1,66.7%,5.0,2.0,7.5,15.0,0,2.0
334,22.0,Jaguars,Cody Davis,30,DB,16,0,,,0,,,,,,,1.0,1.0,7.0,7.0,0,1.0,0.0,7.0,0.1,0.4,100.0%,7.0,1.0,7.0,7.0,0,
335,85.0,Jaguars,Charles Jones,23,TE,4,0,,,0,,,,,,,1.0,1.0,5.0,5.0,0,,0.0,5.0,0.3,1.3,100.0%,5.0,1.0,5.0,5.0,0,
336,83.0,Jaguars,Ben Koyack,26,TE,11,6,,,0,,,,,,,3.0,1.0,9.0,9.0,0,,0.0,9.0,0.1,0.8,33.3%,3.0,1.0,9.0,9.0,0,
337,26.0,Jets,Le'Veon Bell,27,RB,15,15,245.0,789.0,3,36.0,40.4,19.0,3.2,52.6,16.3,78.0,66.0,461.0,7.0,1,20.0,46.2,23.0,4.4,30.7,84.6%,5.9,311.0,4.0,1250.0,4,1.0
338,29.0,Jets,Bilal Powell,31,RB,13,1,59.0,229.0,0,12.0,39.0,17.0,3.9,17.6,4.5,12.0,7.0,33.0,4.7,0,0.0,16.7,9.0,0.5,2.5,58.3%,2.8,66.0,4.0,262.0,0,
339,14.0,Jets,Sam Darnold,22,QB,13,13,33.0,62.0,2,6.0,27.3,24.0,1.9,4.8,2.5,,,,,0,,,,,,,,33.0,1.9,62.0,2,11.0
340,88.0,Jets,Ty Montgomery,26,WR,16,2,32.0,103.0,0,2.0,34.4,15.0,3.2,6.4,2.0,17.0,13.0,90.0,6.9,0,3.0,41.2,21.0,0.8,5.6,76.5%,5.3,45.0,4.3,193.0,0,
341,36.0,Jets,Josh Adams,23,RB,3,0,8.0,12.0,0,1.0,12.5,10.0,1.5,4.0,2.7,,,,,0,,,,,,,,8.0,1.5,12.0,0,
342,17.0,Jets,Vyncint Smith,23,WR,13,4,3.0,52.0,1,3.0,100.0,20.0,17.3,4.0,0.2,31.0,17.0,225.0,13.2,0,11.0,45.2,37.0,1.3,17.3,54.8%,7.3,20.0,13.9,277.0,1,1.0
343,82.0,Jets,Jamison Crowder,26,WR,16,12,1.0,4.0,0,0.0,100.0,4.0,4.0,0.3,0.1,122.0,78.0,833.0,10.7,6,41.0,47.5,41.0,4.9,52.1,63.9%,6.8,79.0,10.6,837.0,6,
344,11.0,Jets,Robbie Chosen,26,WR,16,15,1.0,4.0,0,0.0,100.0,4.0,4.0,0.3,0.1,96.0,52.0,779.0,15.0,5,35.0,46.9,92.0,3.3,48.7,54.2%,8.1,53.0,14.8,783.0,5,1.0
345,85.0,Jets,Trevon Wesco,24,TE,16,1,1.0,2.0,0,1.0,100.0,2.0,2.0,0.1,0.1,3.0,2.0,47.0,23.5,0,2.0,66.7,32.0,0.1,2.9,66.7%,15.7,3.0,16.3,49.0,0,
346,18.0,Jets,Demaryius Thomas,32,WR,11,10,,,0,,,,,,,58.0,36.0,433.0,12.0,1,22.0,51.7,47.0,3.3,39.4,62.1%,7.5,36.0,12.0,433.0,1,
347,84.0,Jets,Ryan Griffin,29,TE,13,13,,,0,,,,,,,41.0,34.0,320.0,9.4,5,19.0,61.0,45.0,2.6,24.6,82.9%,7.8,34.0,9.4,320.0,5,
348,87.0,Jets,Daniel Brown,27,WR,16,5,,,0,,,,,,,11.0,7.0,72.0,10.3,1,4.0,45.5,24.0,0.4,4.5,63.6%,6.5,7.0,10.3,72.0,1,
349,10.0,Jets,Braxton Berrios,24,WR,16,0,,,0,,,,,,,13.0,6.0,115.0,19.2,0,3.0,30.8,69.0,0.4,7.2,46.2%,8.8,6.0,19.2,115.0,0,1.0
350,15.0,Jets,Josh Bellamy,30,WR,7,0,,,0,,,,,,,3.0,2.0,20.0,10.0,0,1.0,33.3,15.0,0.3,2.9,66.7%,6.7,2.0,10.0,20.0,0,
351,81.0,Jets,Quincy Enunwa,27,WR,1,1,,,0,,,,,,,3.0,1.0,-4.0,-4.0,0,,33.3,8.0,1.0,-4.0,33.3%,-1.3,1.0,-4.0,-4.0,0,1.0
352,89.0,Jets,Chris Herndon,23,TE,1,0,,,0,,,,,,,2.0,1.0,7.0,7.0,0,,0.0,7.0,1.0,7.0,50.0%,3.5,1.0,7.0,7.0,0,
353,16.0,Jets,Jeff Smith,22,WR,1,0,,,0,,,,,,,2.0,1.0,12.0,12.0,0,1.0,50.0,12.0,1.0,12.0,50.0%,6.0,1.0,12.0,12.0,0,
354,33.0,Lions,Kerryon Johnson,22,RB,8,7,113.0,403.0,3,22.0,48.7,20.0,3.6,50.4,14.1,15.0,10.0,127.0,12.7,1,7.0,53.3,36.0,1.3,15.9,66.7%,8.5,123.0,4.3,530.0,4,1.0
355,43.0,Lions,Bo Scarbrough,25,RB,6,5,89.0,377.0,1,15.0,56.2,30.0,4.2,62.8,14.8,4.0,1.0,5.0,5.0,0,0.0,25.0,5.0,0.2,0.8,25.0%,1.3,90.0,4.2,382.0,1,1.0
356,31.0,Lions,Ty Johnson,22,RB,16,1,63.0,273.0,0,11.0,44.4,40.0,4.3,17.1,3.9,31.0,24.0,109.0,4.5,0,4.0,32.3,13.0,1.5,6.8,77.4%,3.5,87.0,4.4,382.0,0,1.0
357,41.0,Lions,J.D. McKissic,26,WR,16,3,38.0,205.0,0,8.0,47.4,44.0,5.4,12.8,2.4,42.0,34.0,233.0,6.9,1,7.0,35.7,26.0,2.1,14.6,81.0%,5.5,72.0,6.1,438.0,1,
358,2.0,Lions,Jeff Driskel,26,QB,3,3,22.0,151.0,1,10.0,72.7,23.0,6.9,50.3,7.3,1.0,1.0,6.0,6.0,0,0.0,100.0,6.0,0.3,2.0,100.0%,6.0,23.0,6.8,157.0,1,1.0
359,9.0,Lions,Matthew Stafford,31,QB,8,8,20.0,66.0,0,5.0,40.0,12.0,3.3,8.3,2.5,,,,,0,,,,,,,,20.0,3.3,66.0,0,5.0
360,26.0,Lions,C.J. Anderson,28,RB,2,0,16.0,43.0,0,1.0,31.3,9.0,2.7,21.5,8.0,,,,,0,,,,,,,,16.0,2.7,43.0,0,
361,26.0,Lions,Paul Perkins,25,RB,4,0,12.0,29.0,0,3.0,25.0,13.0,2.4,7.3,3.0,1.0,1.0,9.0,9.0,0,0.0,100.0,9.0,0.3,2.3,100.0%,9.0,13.0,2.9,38.0,0,
362,34.0,Lions,Tra Carson,27,RB,1,1,12.0,34.0,0,2.0,25.0,12.0,2.8,34.0,12.0,,,,,0,,,,,,,,12.0,2.8,34.0,0,
363,36.0,Lions,Wes Hills,24,RB,1,1,10.0,21.0,2,3.0,50.0,15.0,2.1,21.0,10.0,2.0,2.0,1.0,0.5,0,0.0,0.0,2.0,2.0,1.0,100.0%,0.5,12.0,1.8,22.0,2,
364,10.0,Lions,David Blough,24,QB,5,5,8.0,31.0,0,1.0,37.5,9.0,3.9,6.2,1.6,1.0,1.0,19.0,19.0,1,1.0,100.0,19.0,0.2,3.8,100.0%,19.0,9.0,5.6,50.0,1,1.0
365,11.0,Lions,Marvin Jones,29,WR,13,11,2.0,0.0,0,0.0,0.0,4.0,0.0,0.0,0.2,91.0,62.0,779.0,12.6,9,41.0,59.3,47.0,4.8,59.9,68.1%,8.6,64.0,12.2,779.0,9,
366,17.0,Lions,Marvin Hall,26,WR,9,0,1.0,7.0,0,0.0,100.0,7.0,7.0,0.8,0.1,11.0,7.0,261.0,37.3,1,7.0,63.6,58.0,0.8,29.0,63.6%,23.7,8.0,33.5,268.0,1,
367,39.0,Lions,Jamal Agnew,24,DB,13,0,1.0,9.0,0,1.0,100.0,9.0,9.0,0.7,0.1,2.0,1.0,-2.0,-2.0,0,0.0,0.0,-2.0,0.1,-0.2,50.0%,-1.0,2.0,3.5,7.0,0,1.0
368,19.0,Lions,Kenny Golladay,26,WR,16,16,,,0,,,,,,,116.0,65.0,1190.0,18.3,11,52.0,50.9,75.0,4.1,74.4,56.0%,10.3,65.0,18.3,1190.0,11,1.0
369,80.0,Lions,Danny Amendola,34,WR,15,10,,,0,,,,,,,97.0,62.0,678.0,10.9,1,36.0,51.5,47.0,4.1,45.2,63.9%,7.0,62.0,10.9,678.0,1,
370,88.0,Lions,T.J. Hockenson,22,TE,12,7,,,0,,,,,,,59.0,32.0,367.0,11.5,2,19.0,45.8,39.0,2.7,30.6,54.2%,6.2,32.0,11.5,367.0,2,
371,83.0,Lions,Jesse James,25,TE,16,11,,,0,,,,,,,27.0,16.0,142.0,8.9,0,8.0,48.1,23.0,1.0,8.9,59.3%,5.3,16.0,8.9,142.0,0,
372,82.0,Lions,Logan Thomas,28,TE,16,3,,,0,,,,,,,28.0,16.0,173.0,10.8,1,10.0,42.9,17.0,1.0,10.8,57.1%,6.2,16.0,10.8,173.0,1,
373,46.0,Lions,Nick Bawden,23,RB,10,2,,,0,,,,,,,6.0,4.0,17.0,4.3,0,1.0,33.3,10.0,0.4,1.7,66.7%,2.8,4.0,4.3,17.0,0,
374,15.0,Lions,Chris Lacy,23,WR,7,2,,,0,,,,,,,10.0,3.0,60.0,20.0,0,2.0,30.0,48.0,0.4,8.6,30.0%,6.0,3.0,20.0,60.0,0,
375,89.0,Lions,Isaac Nauta,22,TE,6,0,,,0,,,,,,,3.0,2.0,13.0,6.5,0,1.0,66.7,10.0,0.3,2.2,66.7%,4.3,2.0,6.5,13.0,0,
376,14.0,Lions,Travis Fulgham,24,WR,3,0,,,0,,,,,,,3.0,0.0,0.0,,0,,0.0,0.0,0.0,0.0,0.0%,0.0,,,,0,
377,33.0,Packers,Aaron Jones,25,RB,16,16,236.0,1084.0,16,55.0,54.2,56.0,4.6,67.8,14.8,68.0,49.0,474.0,9.7,3,18.0,47.1,67.0,3.1,29.6,72.1%,7.0,285.0,5.5,1558.0,19,3.0
378,30.0,Packers,Jamaal Williams,24,RB,14,2,107.0,460.0,1,23.0,49.5,45.0,4.3,32.9,7.6,45.0,39.0,253.0,6.5,5,16.0,53.3,17.0,2.8,18.1,86.7%,5.6,146.0,4.9,713.0,6,
379,12.0,Packers,Aaron Rodgers,36,QB,16,16,46.0,183.0,1,9.0,34.8,17.0,4.0,11.4,2.9,,,,,0,,,,,,,,46.0,4.0,183.0,1,4.0
380,32.0,Packers,Tra Carson,27,RB,2,0,6.0,14.0,0,1.0,33.3,7.0,2.3,7.0,3.0,4.0,4.0,18.0,4.5,0,0.0,25.0,8.0,2.0,9.0,100.0%,4.5,10.0,3.2,32.0,0,
381,8.0,Packers,Tim Boyle,25,QB,3,0,5.0,-7.0,0,0.0,0.0,0.0,-1.4,-2.3,1.7,,,,,0,,,,,,,,5.0,-1.4,-7.0,0,
382,22.0,Packers,Dexter Williams,22,RB,4,0,5.0,11.0,0,,20.0,5.0,2.2,2.8,1.3,,,,,0,,,,,,,,5.0,2.2,11.0,0,
383,83.0,Packers,Marquez Valdes-Scantling,25,WR,16,10,2.0,9.0,0,0.0,50.0,9.0,4.5,0.6,0.1,56.0,26.0,452.0,17.4,2,14.0,32.1,74.0,1.6,28.3,46.4%,8.1,28.0,16.5,461.0,2,
384,13.0,Packers,Allen Lazard,24,WR,16,3,1.0,21.0,0,1.0,100.0,21.0,21.0,1.3,0.1,52.0,35.0,477.0,13.6,3,24.0,59.6,43.0,2.2,29.8,67.3%,9.2,36.0,13.8,498.0,3,
385,81.0,Packers,Geronimo Allison,25,WR,16,6,1.0,7.0,0,0.0,100.0,7.0,7.0,0.4,0.1,55.0,34.0,287.0,8.4,2,16.0,41.8,31.0,2.1,17.9,61.8%,5.2,35.0,8.4,294.0,2,2.0
386,45.0,Packers,Danny Vitale,26,RB,15,4,1.0,3.0,0,0.0,0.0,3.0,3.0,0.2,0.1,12.0,7.0,97.0,13.9,0,3.0,41.7,27.0,0.5,6.5,58.3%,8.1,8.0,12.5,100.0,0,
387,32.0,Packers,Tyler Ervin,26,RB,4,0,1.0,10.0,0,1.0,100.0,10.0,10.0,2.5,0.3,4.0,2.0,11.0,5.5,0,1.0,50.0,6.0,0.5,2.8,50.0%,2.8,3.0,7.0,21.0,0,1.0
388,17.0,Packers,Davante Adams,27,WR,12,12,,,0,,,,,,,127.0,83.0,997.0,12.0,5,54.0,57.5,58.0,6.9,83.1,65.4%,7.9,83.0,12.0,997.0,5,2.0
389,80.0,Packers,Jimmy Graham,33,TE,16,10,,,0,,,,,,,60.0,38.0,447.0,11.8,3,23.0,48.3,48.0,2.4,27.9,63.3%,7.5,38.0,11.8,447.0,3,1.0
390,89.0,Packers,Marcedes Lewis,35,TE,16,11,,,0,,,,,,,19.0,15.0,156.0,10.4,1,8.0,57.9,25.0,0.9,9.8,78.9%,8.2,15.0,10.4,156.0,1,
391,16.0,Packers,Jake Kumerow,27,WR,14,4,,,0,,,,,,,21.0,12.0,219.0,18.3,1,8.0,52.4,49.0,0.9,15.6,57.1%,10.4,12.0,18.3,219.0,1,
392,85.0,Packers,Robert Tonyan,25,TE,11,1,,,0,,,,,,,15.0,10.0,100.0,10.0,1,4.0,46.7,28.0,0.9,9.1,66.7%,6.7,10.0,10.0,100.0,1,
393,11.0,Packers,Trevor Davis,26,WR,2,0,,,0,,,,,,,1.0,1.0,28.0,28.0,0,1.0,100.0,28.0,0.5,14.0,100.0%,28.0,1.0,28.0,28.0,0,
394,10.0,Packers,Darrius Shepherd,24,WR,6,0,,,0,,,,,,,2.0,1.0,1.0,1.0,0,,0.0,1.0,0.2,0.2,50.0%,0.5,1.0,1.0,1.0,0,1.0
395,87.0,Packers,Jace Sternberger,23,TE,6,1,,,0,,,,,,,1.0,0.0,0.0,,0,,0.0,0.0,0.0,0.0,0.0%,0.0,,,,0,
396,22.0,Panthers,Christian McCaffrey,23,RB,16,16,287.0,1387.0,15,57.0,46.3,84.0,4.8,86.7,17.9,142.0,116.0,1005.0,8.7,4,58.0,59.9,28.0,7.3,62.8,81.7%,7.1,403.0,5.9,2392.0,19,1.0
397,7.0,Panthers,Kyle Allen,23,QB,13,12,32.0,106.0,2,9.0,31.3,17.0,3.3,8.2,2.5,,,,,0,,,,,,,,32.0,3.3,106.0,2,13.0
398,10.0,Panthers,Curtis Samuel,23,WR,16,15,19.0,130.0,1,7.0,73.7,16.0,6.8,8.1,1.2,105.0,54.0,627.0,11.6,6,36.0,43.8,44.0,3.4,39.2,51.4%,6.0,73.0,10.4,757.0,7,
399,39.0,Panthers,Reggie Bonnafon,23,RB,16,0,16.0,116.0,1,2.0,43.8,59.0,7.3,7.3,1.0,9.0,6.0,57.0,9.5,0,1.0,33.3,32.0,0.4,3.6,66.7%,6.3,22.0,7.9,173.0,1,
400,3.0,Panthers,Will Grier,24,QB,2,2,7.0,22.0,0,2.0,28.6,11.0,3.1,11.0,3.5,,,,,0,,,,,,,,7.0,3.1,22.0,0,1.0
401,12.0,Panthers,D.J. Moore,22,WR,15,15,6.0,40.0,0,3.0,66.7,13.0,6.7,2.7,0.4,135.0,87.0,1175.0,13.5,4,63.0,58.5,52.0,5.8,78.3,64.4%,8.7,93.0,13.1,1215.0,4,2.0
402,40.0,Panthers,Alex Armah,25,FB,16,1,6.0,11.0,1,1.0,16.7,4.0,1.8,0.7,0.4,2.0,2.0,6.0,3.0,0,0.0,50.0,4.0,0.1,0.4,100.0%,3.0,8.0,2.1,17.0,1,
403,1.0,Panthers,Cam Newton,30,QB,2,2,5.0,-2.0,0,0.0,0.0,3.0,-0.4,-1.0,2.5,,,,,0,,,,,,,,5.0,-0.4,-2.0,0,2.0
404,20.0,Panthers,Jordan Scarlett,23,RB,9,0,4.0,9.0,0,,50.0,6.0,2.3,1.0,0.4,,,,,0,,,,,,,,4.0,2.3,9.0,0,
405,27.0,Panthers,Mike Davis,26,WR,5,0,2.0,2.0,0,,0.0,2.0,1.0,0.4,0.4,,,,,0,,,,,,,,2.0,1.0,2.0,0,
406,13.0,Panthers,Jarius Wright,30,WR,16,9,1.0,-7.0,0,0.0,0.0,-7.0,-7.0,-0.4,0.1,58.0,28.0,296.0,10.6,0,16.0,36.2,33.0,1.8,18.5,48.3%,5.1,29.0,10.0,289.0,0,
407,42.0,Panthers,Colin Jones,32,DB,16,0,1.0,5.0,0,1.0,0.0,5.0,5.0,0.3,0.1,,,,,0,,,,,,,,1.0,5.0,5.0,0,
408,88.0,Panthers,Greg Olsen,34,TE,14,14,,,0,,,,,,,82.0,52.0,597.0,11.5,2,34.0,53.7,41.0,3.7,42.6,63.4%,7.3,52.0,11.5,597.0,2,
409,80.0,Panthers,Ian Thomas,23,TE,16,3,,,0,,,,,,,30.0,16.0,136.0,8.5,1,10.0,43.3,19.0,1.0,8.5,53.3%,4.5,16.0,8.5,136.0,1,
410,15.0,Panthers,Chris Hogan,32,WR,7,1,,,0,,,,,,,15.0,8.0,67.0,8.4,0,3.0,46.7,13.0,1.1,9.6,53.3%,4.5,8.0,8.4,67.0,0,
411,11.0,Panthers,Brandon Zylstra,26,WR,8,0,,,0,,,,,,,12.0,8.0,106.0,13.3,0,5.0,58.3,40.0,1.0,13.3,66.7%,8.8,8.0,13.3,106.0,0,1.0
412,18.0,Panthers,DeAndrew White,28,WR,10,0,,,0,,,,,,,9.0,4.0,51.0,12.8,0,3.0,33.3,18.0,0.4,5.1,44.4%,5.7,4.0,12.8,51.0,0,
413,82.0,Panthers,Chris Manhertz,27,TE,15,6,,,0,,,,,,,1.0,1.0,11.0,11.0,0,1.0,100.0,11.0,0.1,0.7,100.0%,11.0,1.0,11.0,11.0,0,
414,26.0,Patriots,Sony Michel,24,RB,16,14,247.0,912.0,7,55.0,47.0,26.0,3.7,57.0,15.4,20.0,12.0,94.0,7.8,0,7.0,40.0,19.0,0.8,5.9,60.0%,4.7,259.0,3.9,1006.0,7,2.0
415,28.0,Patriots,James White,27,RB,15,1,67.0,263.0,1,15.0,41.8,32.0,3.9,17.5,4.5,95.0,72.0,645.0,9.0,5,31.0,45.3,59.0,4.8,43.0,75.8%,6.8,139.0,6.5,908.0,6,1.0
416,34.0,Patriots,Rex Burkhead,29,RB,13,1,65.0,302.0,3,18.0,50.8,33.0,4.6,23.2,5.0,38.0,27.0,279.0,10.3,0,10.0,52.6,32.0,2.1,21.5,71.1%,7.3,92.0,6.3,581.0,3,1.0
417,12.0,Patriots,Tom Brady,42,QB,16,16,26.0,34.0,3,8.0,34.6,17.0,1.3,2.1,1.6,,,,,0,,,,,,,,26.0,1.3,34.0,3,4.0
418,38.0,Patriots,Brandon Bolden,29,RB,15,2,15.0,68.0,3,5.0,53.3,21.0,4.5,4.5,1.0,11.0,9.0,111.0,12.3,1,6.0,63.6,29.0,0.6,7.4,81.8%,10.1,24.0,7.5,179.0,4,
419,11.0,Patriots,Julian Edelman,33,WR,16,13,8.0,27.0,0,2.0,62.5,9.0,3.4,1.7,0.5,153.0,100.0,1117.0,11.2,6,54.0,54.2,44.0,6.3,69.8,65.4%,7.3,108.0,10.6,1144.0,6,3.0
420,15.0,Patriots,N'Keal Harry,22,WR,7,5,5.0,49.0,0,4.0,80.0,18.0,9.8,7.0,0.7,24.0,12.0,105.0,8.8,2,7.0,41.7,18.0,1.7,15.0,50.0%,4.4,17.0,9.1,154.0,2,
421,37.0,Patriots,Damien Harris,22,RB,2,0,4.0,12.0,0,,0.0,13.0,3.0,6.0,2.0,,,,,0,,,,,,,,4.0,3.0,12.0,0,
422,13.0,Patriots,Phillip Dorsett,26,WR,14,4,3.0,21.0,0,1.0,66.7,9.0,7.0,1.5,0.2,54.0,29.0,397.0,13.7,5,17.0,42.6,58.0,2.1,28.4,53.7%,7.4,32.0,13.1,418.0,5,
423,46.0,Patriots,James Develin,31,RB,2,2,2.0,3.0,0,1.0,100.0,2.0,1.5,1.5,1.0,,,,,0,,,,,,,,2.0,1.5,3.0,0,
424,4.0,Patriots,Jarrett Stidham,23,QB,3,0,2.0,-2.0,0,0.0,0.0,-1.0,-1.0,-0.7,0.7,,,,,0,,,,,,,,2.0,-1.0,-2.0,0,
425,14.0,Patriots,Mohamed Sanu,30,WR,8,6,1.0,8.0,0,0.0,100.0,8.0,8.0,1.0,0.1,47.0,26.0,207.0,8.0,1,14.0,38.3,22.0,3.3,25.9,55.3%,4.4,27.0,8.0,215.0,1,
426,10.0,Patriots,Josh Gordon,28,WR,6,6,1.0,1.0,0,0.0,0.0,1.0,1.0,0.2,0.2,36.0,20.0,287.0,14.4,1,10.0,47.2,44.0,3.3,47.8,55.6%,8.0,21.0,13.7,288.0,1,
427,17.0,Patriots,Antonio Brown,31,WR,1,0,1.0,5.0,0,1.0,100.0,5.0,5.0,5.0,1.0,8.0,4.0,56.0,14.0,1,3.0,50.0,20.0,4.0,56.0,50.0%,7.0,5.0,12.2,61.0,1,
428,16.0,Patriots,Jakobi Meyers,23,WR,15,1,,,0,,,,,,,41.0,26.0,359.0,13.8,0,17.0,53.7,35.0,1.7,23.9,63.4%,8.8,26.0,13.8,359.0,0,
429,82.0,Patriots,Ben Watson,39,TE,10,8,,,0,,,,,,,24.0,17.0,173.0,10.2,0,9.0,54.2,26.0,1.7,17.3,70.8%,7.2,17.0,10.2,173.0,0,
430,83.0,Patriots,Matt LaCosse,27,TE,11,8,,,0,,,,,,,19.0,13.0,131.0,10.1,1,6.0,52.6,24.0,1.2,11.9,68.4%,6.9,13.0,10.1,131.0,1,
431,85.0,Patriots,Ryan Izzo,24,TE,6,4,,,0,,,,,,,9.0,6.0,114.0,19.0,1,4.0,55.6,41.0,1.0,19.0,66.7%,12.7,6.0,19.0,114.0,1,
432,80.0,Patriots,Gunner Olszewski,23,WR,8,0,,,0,,,,,,,4.0,2.0,34.0,17.0,0,1.0,25.0,29.0,0.3,4.3,50.0%,8.5,2.0,17.0,34.0,0,1.0
433,47.0,Patriots,Jakob Johnson,25,FB,4,3,,,0,,,,,,,2.0,1.0,5.0,5.0,0,,50.0,5.0,0.3,1.3,50.0%,2.5,1.0,5.0,5.0,0,
434,52.0,Patriots,Elandon Roberts,25,LB,16,3,,,0,,,,,,,1.0,1.0,38.0,38.0,1,1.0,100.0,38.0,0.1,2.4,100.0%,38.0,1.0,38.0,38.0,1,
435,82.0,Patriots,Eric Tomlinson,27,TE,2,2,,,0,,,,,,,1.0,1.0,1.0,1.0,0,,0.0,1.0,0.5,0.5,100.0%,1.0,1.0,1.0,1.0,0,
436,28.0,Raiders,Josh Jacobs,21,RB,13,13,242.0,1150.0,7,53.0,49.6,51.0,4.8,88.5,18.6,27.0,20.0,166.0,8.3,0,8.0,51.9,28.0,1.5,12.8,74.1%,6.1,262.0,5.0,1316.0,7,1.0
437,33.0,Raiders,DeAndre Washington,26,RB,16,3,108.0,387.0,3,23.0,50.9,36.0,3.6,24.2,6.8,41.0,36.0,292.0,8.1,0,10.0,58.5,28.0,2.3,18.3,87.8%,7.1,144.0,4.7,679.0,3,
438,30.0,Raiders,Jalen Richard,26,RB,16,0,39.0,145.0,0,10.0,48.7,13.0,3.7,9.1,2.4,43.0,36.0,323.0,9.0,0,15.0,48.8,33.0,2.3,20.2,83.7%,7.5,75.0,6.2,468.0,0,2.0
439,4.0,Raiders,Derek Carr,28,QB,16,16,27.0,82.0,2,7.0,33.3,15.0,3.0,5.1,1.7,,,,,0,,,,,,,,27.0,3.0,82.0,2,7.0
440,45.0,Raiders,Alec Ingold,23,FB,16,4,10.0,17.0,0,7.0,70.0,4.0,1.7,1.1,0.6,6.0,6.0,44.0,7.3,1,4.0,66.7,14.0,0.4,2.8,100.0%,7.3,16.0,3.8,61.0,1,
441,11.0,Raiders,Trevor Davis,26,WR,9,4,4.0,73.0,1,2.0,50.0,60.0,18.3,8.1,0.4,10.0,7.0,83.0,11.9,0,3.0,50.0,21.0,0.8,9.2,70.0%,8.3,11.0,14.2,156.0,1,2.0
442,83.0,Raiders,Darren Waller,27,TE,16,16,2.0,5.0,0,0.0,50.0,7.0,2.5,0.3,0.1,117.0,90.0,1145.0,12.7,3,53.0,64.1,75.0,5.6,71.6,76.9%,9.8,92.0,12.5,1150.0,3,1.0
443,7.0,Raiders,Mike Glennon,30,QB,2,0,2.0,0.0,0,0.0,0.0,0.0,0.0,0.0,1.0,,,,,0,,,,,,,,2.0,0.0,,0,3.0
444,12.0,Raiders,Zay Jones,24,WR,10,7,1.0,3.0,0,0.0,0.0,3.0,3.0,0.3,0.1,27.0,20.0,147.0,7.4,0,6.0,48.1,16.0,2.0,14.7,74.1%,5.4,21.0,7.1,150.0,0,
445,85.0,Raiders,Derek Carrier,29,TE,16,4,1.0,27.0,0,1.0,0.0,27.0,27.0,1.7,0.1,19.0,13.0,108.0,8.3,1,4.0,47.4,25.0,0.8,6.8,68.4%,5.7,14.0,9.6,135.0,1,
446,25.0,Raiders,Erik Harris,29,FS/SS,16,14,1.0,4.0,0,1.0,0.0,4.0,4.0,0.3,0.1,,,,,0,,,,,,,,1.0,4.0,4.0,0,
447,13.0,Raiders,Hunter Renfrow,24,WR,13,4,,,0,,,,,,,71.0,49.0,605.0,12.3,4,30.0,54.9,65.0,3.8,46.5,69.0%,8.5,49.0,12.3,605.0,4,1.0
448,16.0,Raiders,Tyrell Williams,27,WR,14,12,,,0,,,,,,,64.0,42.0,651.0,15.5,6,33.0,57.8,46.0,3.0,46.5,65.6%,10.2,42.0,15.5,651.0,6,
449,87.0,Raiders,Foster Moreau,22,TE,13,7,,,0,,,,,,,25.0,21.0,174.0,8.3,5,14.0,68.0,23.0,1.6,13.4,84.0%,7.0,21.0,8.3,174.0,5,
450,18.0,Raiders,Keelan Doss,23,WR,8,2,,,0,,,,,,,14.0,11.0,133.0,12.1,0,6.0,71.4,31.0,1.4,16.6,78.6%,9.5,11.0,12.1,133.0,0,
451,88.0,Raiders,Marcell Ateman,25,WR,11,0,,,0,,,,,,,10.0,5.0,116.0,23.2,0,4.0,50.0,36.0,0.5,10.5,50.0%,11.6,5.0,23.2,116.0,0,1.0
452,19.0,Raiders,Ryan Grant,29,WR,2,1,,,0,,,,,,,9.0,4.0,14.0,3.5,0,1.0,22.2,9.0,2.0,7.0,44.4%,1.6,4.0,3.5,14.0,0,
453,15.0,Raiders,JJ Nelson,27,WR,2,1,,,0,,,,,,,5.0,4.0,36.0,9.0,1,1.0,40.0,29.0,2.0,18.0,80.0%,7.2,4.0,9.0,36.0,1,
454,10.0,Raiders,Rico Gafford,23,DB,4,1,,,0,,,,,,,2.0,2.0,66.0,33.0,1,2.0,100.0,49.0,0.5,16.5,100.0%,33.0,2.0,33.0,66.0,1,
455,17.0,Raiders,Dwayne Harris,32,WR,3,0,,,0,,,,,,,1.0,1.0,7.0,7.0,0,,0.0,7.0,0.3,2.3,100.0%,7.0,1.0,7.0,7.0,0,
456,30.0,Rams,Todd Gurley,25,RB,15,15,223.0,857.0,12,51.0,46.6,25.0,3.8,57.1,14.9,49.0,31.0,207.0,6.7,2,8.0,36.7,23.0,2.1,13.8,63.3%,4.2,254.0,4.2,1064.0,14,3.0
457,34.0,Rams,Malcolm Brown,26,RB,14,1,69.0,255.0,5,16.0,46.4,17.0,3.7,18.2,4.9,6.0,2.0,16.0,8.0,0,0.0,16.7,10.0,0.1,1.1,33.3%,2.7,71.0,3.8,271.0,5,
458,27.0,Rams,Darrell Henderson,22,RB,13,0,39.0,147.0,0,10.0,41.0,22.0,3.8,11.3,3.0,6.0,4.0,37.0,9.3,0,1.0,66.7,14.0,0.3,2.8,66.7%,6.2,43.0,4.3,184.0,0,
459,16.0,Rams,Jared Goff,25,QB,16,16,33.0,40.0,2,5.0,30.3,8.0,1.2,2.5,2.1,,,,,0,,,,,,,,33.0,1.2,40.0,2,10.0
460,17.0,Rams,Robert Woods,27,WR,15,15,17.0,115.0,1,5.0,64.7,20.0,6.8,7.7,1.1,139.0,90.0,1134.0,12.6,2,54.0,51.1,48.0,6.0,75.6,64.7%,8.2,107.0,11.7,1249.0,3,
461,12.0,Rams,Brandin Cooks,26,WR,14,14,6.0,52.0,0,3.0,66.7,27.0,8.7,3.7,0.4,72.0,42.0,583.0,13.9,2,32.0,50.0,57.0,3.0,41.6,58.3%,8.1,48.0,13.2,635.0,2,
462,83.0,Rams,Josh Reynolds,24,WR,16,2,5.0,23.0,0,2.0,60.0,12.0,4.6,1.4,0.3,43.0,21.0,326.0,15.5,1,15.0,41.9,31.0,1.3,20.4,48.8%,7.6,26.0,13.4,349.0,1,
463,42.0,Rams,John Kelly,23,RB,4,0,3.0,9.0,0,,33.3,6.0,3.0,2.3,0.8,,,,,0,,,,,,,,3.0,3.0,9.0,0,
464,18.0,Rams,Cooper Kupp,26,WR,16,14,2.0,4.0,0,0.0,50.0,6.0,2.0,0.3,0.1,134.0,94.0,1161.0,12.4,10,51.0,53.0,66.0,5.9,72.6,70.1%,8.7,96.0,12.1,1165.0,10,3.0
465,5.0,Rams,Blake Bortles,27,QB,3,0,2.0,-9.0,0,,0.0,1.0,-4.5,-3.0,0.7,,,,,0,,,,,,,,2.0,-4.5,-9.0,0,
466,81.0,Rams,Gerald Everett,25,TE,13,2,1.0,0.0,0,0.0,0.0,0.0,0.0,0.0,0.1,60.0,37.0,408.0,11.0,2,22.0,45.0,33.0,2.8,31.4,61.7%,6.8,38.0,10.7,408.0,2,
467,33.0,Rams,Nick Scott,24,DB,16,0,1.0,6.0,0,0.0,0.0,6.0,6.0,0.4,0.1,1.0,1.0,23.0,23.0,0,1.0,0.0,23.0,0.1,1.4,100.0%,23.0,2.0,14.5,29.0,0,
468,89.0,Rams,Tyler Higbee,26,TE,15,15,,,0,,,,,,,89.0,69.0,734.0,10.6,3,36.0,66.3,33.0,4.6,48.9,77.5%,8.2,69.0,10.6,734.0,3,
469,82.0,Rams,Johnny Mundt,25,TE,13,2,,,0,,,,,,,7.0,4.0,26.0,6.5,0,1.0,42.9,9.0,0.3,2.0,57.1%,3.7,4.0,6.5,26.0,0,
470,88.0,Rams,Mike Thomas,25,WR,16,0,,,0,,,,,,,5.0,2.0,14.0,7.0,0,1.0,20.0,9.0,0.1,0.9,40.0%,2.8,2.0,7.0,14.0,0,
471,25.0,Rams,David Long,21,DB,8,0,,,0,,,,,,,1.0,0.0,0.0,,0,,0.0,0.0,0.0,0.0,0.0%,0.0,,,,0,
472,21.0,Ravens,Mark Ingram,30,RB,15,15,202.0,1018.0,10,53.0,58.4,53.0,5.0,67.9,13.5,29.0,26.0,247.0,9.5,5,16.0,62.1,25.0,1.7,16.5,89.7%,8.5,228.0,5.5,1265.0,15,2.0
473,8.0,Ravens,Lamar Jackson,22,QB,15,15,176.0,1206.0,7,71.0,58.0,47.0,6.9,80.4,11.7,,,,,0,,,,,,,,176.0,6.9,1206.0,7,9.0
474,35.0,Ravens,Gus Edwards,24,RB,16,1,133.0,711.0,2,46.0,51.9,63.0,5.3,44.4,8.3,7.0,7.0,45.0,6.4,0,2.0,71.4,10.0,0.4,2.8,100.0%,6.4,140.0,5.4,756.0,2,2.0
475,43.0,Ravens,Justice Hill,22,RB,16,0,58.0,225.0,2,10.0,36.2,18.0,3.9,14.1,3.6,15.0,8.0,70.0,8.8,0,5.0,53.3,14.0,0.5,4.4,53.3%,4.7,66.0,4.5,295.0,2,
476,3.0,Ravens,Robert Griffin III,29,QB,7,1,20.0,70.0,0,5.0,40.0,16.0,3.5,10.0,2.9,,,,,0,,,,,,,,20.0,3.5,70.0,0,
477,83.0,Ravens,Willie Snead,27,WR,16,11,2.0,2.0,0,0.0,0.0,2.0,1.0,0.1,0.1,46.0,31.0,339.0,10.9,5,20.0,52.2,50.0,1.9,21.2,67.4%,7.4,33.0,10.3,341.0,5,
478,41.0,Ravens,Anthony Levine,32,DB,16,0,2.0,62.0,0,2.0,0.0,60.0,31.0,3.9,0.1,,,,,0,,,,,,,,2.0,31.0,62.0,0,
479,10.0,Ravens,Chris Moore,26,WR,14,1,1.0,0.0,0,,0.0,0.0,0.0,0.0,0.1,5.0,3.0,21.0,7.0,0,,20.0,13.0,0.2,1.5,60.0%,4.2,4.0,5.3,21.0,0,
480,7.0,Ravens,Trace McSorley,24,QB,1,0,1.0,1.0,0,1.0,100.0,1.0,1.0,1.0,1.0,,,,,0,,,,,,,,1.0,1.0,1.0,0,
481,16.0,Ravens,De'Anthony Thomas,26,RB,8,0,1.0,1.0,0,,0.0,1.0,1.0,0.1,0.1,,,,,0,,,,,,,,1.0,1.0,1.0,0,1.0
482,89.0,Ravens,Mark Andrews,24,TE,15,4,,,0,,,,,,,98.0,64.0,852.0,13.3,10,44.0,54.1,51.0,4.3,56.8,65.3%,8.7,64.0,13.3,852.0,10,2.0
483,15.0,Ravens,Marquise Brown,22,WR,14,11,,,0,,,,,,,71.0,46.0,584.0,12.7,7,24.0,47.9,83.0,3.3,41.7,64.8%,8.2,46.0,12.7,584.0,7,
484,86.0,Ravens,Nick Boyle,26,TE,16,15,,,0,,,,,,,43.0,31.0,321.0,10.4,2,13.0,55.8,35.0,1.9,20.1,72.1%,7.5,31.0,10.4,321.0,2,
485,81.0,Ravens,Hayden Hurst,26,TE,16,4,,,0,,,,,,,39.0,30.0,349.0,11.6,2,16.0,69.2,61.0,1.9,21.8,76.9%,8.9,30.0,11.6,349.0,2,
486,11.0,Ravens,Seth Roberts,28,WR,16,0,,,0,,,,,,,35.0,21.0,271.0,12.9,2,18.0,57.1,33.0,1.3,16.9,60.0%,7.7,21.0,12.9,271.0,2,
487,80.0,Ravens,Miles Boykin,23,WR,16,11,,,0,,,,,,,22.0,13.0,198.0,15.2,3,10.0,59.1,50.0,0.8,12.4,59.1%,9.0,13.0,15.2,198.0,3,
488,42.0,Ravens,Patrick Ricard,25,FB,16,7,,,0,,,,,,,11.0,8.0,47.0,5.9,1,3.0,54.5,10.0,0.5,2.9,72.7%,4.3,8.0,5.9,47.0,1,
489,12.0,Ravens,Jaleel Scott,24,WR,3,0,,,0,,,,,,,3.0,1.0,6.0,6.0,0,,33.3,6.0,0.3,2.0,33.3%,2.0,1.0,6.0,6.0,0,
490,41.0,Saints,Alvin Kamara,24,RB,14,9,171.0,797.0,5,32.0,50.9,40.0,4.7,56.9,12.2,97.0,81.0,533.0,6.6,1,28.0,44.3,41.0,5.8,38.1,83.5%,5.5,252.0,5.3,1330.0,6,4.0
491,28.0,Saints,Latavius Murray,29,RB,16,8,146.0,637.0,5,38.0,57.5,30.0,4.4,39.8,9.1,43.0,34.0,235.0,6.9,1,9.0,48.8,30.0,2.1,14.7,79.1%,5.5,180.0,4.8,872.0,6,
492,5.0,Saints,Teddy Bridgewater,27,QB,9,5,28.0,31.0,0,4.0,21.4,11.0,1.1,3.4,3.1,,,,,0,,,,,,,,28.0,1.1,31.0,0,1.0
493,7.0,Saints,Taysom Hill,29,WR,16,5,27.0,156.0,1,10.0,59.3,30.0,5.8,9.8,1.7,22.0,19.0,234.0,12.3,6,14.0,72.7,45.0,1.2,14.6,86.4%,10.6,46.0,8.5,390.0,7,
494,9.0,Saints,Drew Brees,40,QB,11,11,9.0,-4.0,1,2.0,22.2,2.0,-0.4,-0.4,0.8,,,,,0,,,,,,,,9.0,-0.4,-4.0,1,
495,27.0,Saints,Dwayne Washington,25,RB,16,0,8.0,60.0,0,2.0,50.0,31.0,7.5,3.8,0.5,1.0,1.0,6.0,6.0,0,0.0,100.0,6.0,0.1,0.4,100.0%,6.0,9.0,7.3,66.0,0,
496,42.0,Saints,Zach Line,29,RB,12,2,7.0,20.0,0,5.0,71.4,5.0,2.9,1.7,0.6,10.0,6.0,36.0,6.0,0,1.0,20.0,12.0,0.5,3.0,60.0%,3.6,13.0,4.3,56.0,0,
497,11.0,Saints,Deonte Harty,22,WR,14,1,4.0,31.0,0,2.0,100.0,10.0,7.8,2.2,0.3,6.0,6.0,24.0,4.0,0,2.0,33.3,13.0,0.4,1.7,100.0%,4.0,10.0,5.5,55.0,0,3.0
498,19.0,Saints,Ted Ginn Jr.,34,WR,16,9,3.0,18.0,0,2.0,66.7,12.0,6.0,1.1,0.2,56.0,30.0,421.0,14.0,2,20.0,44.6,45.0,1.9,26.3,53.6%,7.5,33.0,13.3,439.0,2,
499,13.0,Saints,Michael Thomas,26,WR,16,15,1.0,-9.0,0,0.0,0.0,-9.0,-9.0,-0.6,0.1,185.0,149.0,1725.0,11.6,9,91.0,70.8,49.0,9.3,107.8,80.5%,9.3,150.0,11.4,1716.0,9,1.0
500,35.0,Saints,Zach Zenner,28,RB,1,0,1.0,1.0,0,0.0,0.0,1.0,1.0,1.0,1.0,2.0,1.0,6.0,6.0,0,1.0,50.0,6.0,1.0,6.0,50.0%,3.0,2.0,3.5,7.0,0,
501,87.0,Saints,Jared Cook,32,TE,14,7,,,0,,,,,,,65.0,43.0,705.0,16.4,9,32.0,63.1,61.0,3.1,50.4,66.2%,10.8,43.0,16.4,705.0,9,
502,89.0,Saints,Josh Hill,29,TE,16,11,,,0,,,,,,,35.0,25.0,226.0,9.0,3,13.0,48.6,29.0,1.6,14.1,71.4%,6.5,25.0,9.0,226.0,3,
503,10.0,Saints,Tre'Quan Smith,23,WR,11,6,,,0,,,,,,,25.0,18.0,234.0,13.0,5,17.0,72.0,32.0,1.6,21.3,72.0%,9.4,18.0,13.0,234.0,5,
504,85.0,Saints,Dan Arnold,24,WR,2,0,,,0,,,,,,,4.0,2.0,25.0,12.5,0,1.0,25.0,19.0,1.0,12.5,50.0%,6.3,2.0,12.5,25.0,0,
505,80.0,Saints,Austin Carr,26,WR,6,3,,,0,,,,,,,4.0,1.0,9.0,9.0,0,1.0,25.0,9.0,0.2,1.5,25.0%,2.3,1.0,9.0,9.0,0,
506,81.0,Saints,Krishawn Hogan,24,WR,8,0,,,0,,,,,,,1.0,1.0,4.0,4.0,0,,0.0,4.0,0.1,0.5,100.0%,4.0,1.0,4.0,4.0,0,
507,30.0,Saints,Ricky Ortiz,25,FB,1,0,,,0,,,,,,,1.0,1.0,8.0,8.0,0,,100.0,8.0,1.0,8.0,100.0%,8.0,1.0,8.0,8.0,0,
508,34.0,Saints,Justin Hardee,25,WR,16,0,,,0,,,,,,,1.0,0.0,0.0,,0,,0.0,0.0,0.0,0.0,0.0%,0.0,,,,0,
509,84.0,Saints,Lil'Jordan Humphrey,21,WR,5,1,,,0,,,,,,,1.0,0.0,0.0,,0,,0.0,0.0,0.0,0.0,0.0%,0.0,,,,0,
510,32.0,Seahawks,Chris Carson,25,RB,15,15,278.0,1230.0,7,75.0,53.6,59.0,4.4,82.0,18.5,47.0,37.0,266.0,7.2,2,10.0,55.3,21.0,2.5,17.7,78.7%,5.7,315.0,4.7,1496.0,9,7.0
511,3.0,Seahawks,Russell Wilson,31,QB,16,16,75.0,342.0,3,17.0,41.3,21.0,4.6,21.4,4.7,,,,,0,,,,,,,,75.0,4.6,342.0,3,8.0
512,20.0,Seahawks,Rashaad Penny,23,RB,10,0,65.0,370.0,3,16.0,52.3,58.0,5.7,37.0,6.5,11.0,8.0,83.0,10.4,1,3.0,54.5,30.0,0.8,8.3,72.7%,7.5,73.0,6.2,453.0,4,1.0
513,22.0,Seahawks,C.J. Prosise,25,RB,9,0,23.0,72.0,1,4.0,39.1,17.0,3.1,8.0,2.6,12.0,10.0,76.0,7.6,0,3.0,58.3,21.0,1.1,8.4,83.3%,6.3,33.0,4.5,148.0,1,1.0
514,25.0,Seahawks,Travis Homer,21,RB,16,1,18.0,114.0,0,6.0,50.0,29.0,6.3,7.1,1.1,13.0,11.0,56.0,5.1,0,3.0,46.2,11.0,0.7,3.5,84.6%,4.3,29.0,5.9,170.0,0,
515,24.0,Seahawks,Marshawn Lynch,33,RB,1,0,12.0,34.0,1,2.0,33.3,15.0,2.8,34.0,12.0,,,,,0,,,,,,,,12.0,2.8,34.0,1,
516,16.0,Seahawks,Tyler Lockett,27,WR,16,16,4.0,-5.0,0,0.0,0.0,3.0,-1.3,-0.3,0.3,110.0,82.0,1057.0,12.9,8,53.0,62.7,44.0,5.1,66.1,74.5%,9.6,86.0,12.2,1052.0,8,1.0
517,83.0,Seahawks,David Moore,24,WR,14,1,3.0,25.0,0,1.0,66.7,19.0,8.3,1.8,0.2,34.0,17.0,301.0,17.7,2,14.0,50.0,60.0,1.2,21.5,50.0%,8.9,20.0,16.3,326.0,2,2.0
518,14.0,Seahawks,D.K. Metcalf,22,WR,16,15,2.0,11.0,0,0.0,100.0,7.0,5.5,0.7,0.1,100.0,58.0,900.0,15.5,7,39.0,52.0,54.0,3.6,56.3,58.0%,9.0,60.0,15.2,911.0,7,3.0
519,88.0,Seahawks,Will Dissly,23,TE,6,6,1.0,7.0,0,0.0,100.0,7.0,7.0,1.2,0.2,27.0,23.0,262.0,11.4,4,14.0,66.7,38.0,3.8,43.7,85.2%,9.7,24.0,11.2,269.0,4,1.0
520,48.0,Seahawks,Jacob Hollister,26,TE,11,3,,,0,,,,,,,59.0,41.0,349.0,8.5,3,16.0,50.8,22.0,3.7,31.7,69.5%,5.9,41.0,8.5,349.0,3,
521,18.0,Seahawks,Jaron Brown,29,WR,14,4,,,0,,,,,,,28.0,16.0,220.0,13.8,2,10.0,57.1,48.0,1.1,15.7,57.1%,7.9,16.0,13.8,220.0,2,1.0
522,17.0,Seahawks,Malik Turner,23,WR,15,3,,,0,,,,,,,22.0,15.0,245.0,16.3,1,10.0,59.1,33.0,1.0,16.3,68.2%,11.1,15.0,16.3,245.0,1,
523,82.0,Seahawks,Luke Willson,29,TE,8,7,,,0,,,,,,,10.0,8.0,79.0,9.9,0,5.0,70.0,17.0,1.0,9.9,80.0%,7.9,8.0,9.9,79.0,0,
524,10.0,Seahawks,Josh Gordon,28,WR,5,1,,,0,,,,,,,11.0,7.0,139.0,19.9,0,6.0,63.6,58.0,1.4,27.8,63.6%,12.6,7.0,19.9,139.0,0,
525,81.0,Seahawks,Nick Vannett,26,TE,3,1,,,0,,,,,,,5.0,4.0,38.0,9.5,0,1.0,40.0,13.0,1.3,12.7,80.0%,7.6,4.0,9.5,38.0,0,
526,44.0,Seahawks,Nick Bellore,30,LB,14,1,,,0,,,,,,,2.0,2.0,23.0,11.5,1,2.0,100.0,20.0,0.1,1.6,100.0%,11.5,2.0,11.5,23.0,1,
527,46.0,Seahawks,Tyrone Swoopes,25,TE,5,2,,,0,,,,,,,1.0,1.0,5.0,5.0,0,,100.0,5.0,0.2,1.0,100.0%,5.0,1.0,5.0,5.0,0,
528,15.0,Seahawks,John Ursua,25,WR,3,0,,,0,,,,,,,1.0,1.0,11.0,11.0,0,1.0,100.0,11.0,0.3,3.7,100.0%,11.0,1.0,11.0,11.0,0,
529,74.0,Seahawks,George Fant,27,T,16,7,,,0,,,,,,,1.0,0.0,0.0,,0,,0.0,0.0,0.0,0.0,0.0%,0.0,,,,0,
530,30.0,Steelers,James Conner,24,RB,10,10,116.0,464.0,4,26.0,43.1,25.0,4.0,46.4,11.6,38.0,34.0,251.0,7.4,3,14.0,55.3,26.0,3.4,25.1,89.5%,6.6,150.0,4.8,715.0,7,1.0
531,24.0,Steelers,Benny Snell Jr.,21,RB,13,2,108.0,426.0,2,19.0,45.4,23.0,3.9,32.8,8.3,4.0,3.0,23.0,7.7,0,0.0,25.0,14.0,0.2,1.8,75.0%,5.8,111.0,4.0,449.0,2,1.0
532,38.0,Steelers,Jaylen Samuels,23,RB,14,4,66.0,175.0,1,9.0,37.9,13.0,2.7,12.5,4.7,57.0,47.0,305.0,6.5,1,19.0,49.1,27.0,3.4,21.8,82.5%,5.4,113.0,4.2,480.0,2,1.0
533,40.0,Steelers,Kerrith Whyte Jr,23,RB,6,0,24.0,122.0,0,5.0,41.7,21.0,5.1,20.3,4.0,1.0,1.0,9.0,9.0,0,1.0,100.0,9.0,0.2,1.5,100.0%,9.0,25.0,5.2,131.0,0,
534,33.0,Steelers,Trey Edmunds,25,RB,11,0,22.0,92.0,0,2.0,31.8,45.0,4.2,8.4,2.0,7.0,6.0,48.0,8.0,0,2.0,42.9,11.0,0.5,4.4,85.7%,6.9,28.0,5.0,140.0,0,
535,6.0,Steelers,Devlin Hodges,23,QB,8,6,21.0,68.0,0,5.0,28.6,22.0,3.2,8.5,2.6,,,,,0,,,,,,,,21.0,3.2,68.0,0,5.0
536,2.0,Steelers,Mason Rudolph,24,QB,10,8,21.0,42.0,0,6.0,33.3,13.0,2.0,4.2,2.1,,,,,0,,,,,,,,21.0,2.0,42.0,0,4.0
537,40.0,Steelers,Tony Brooks-James,25,RB,3,0,8.0,7.0,0,,12.5,8.0,0.9,2.3,2.7,,,,,0,,,,,,,,8.0,0.9,7.0,0,
538,18.0,Steelers,Diontae Johnson,23,WR,16,12,4.0,41.0,0,2.0,75.0,17.0,10.3,2.6,0.3,92.0,59.0,680.0,11.5,5,31.0,48.9,45.0,3.7,42.5,64.1%,7.4,63.0,11.4,721.0,5,5.0
539,4.0,Steelers,Jordan Berry,28,P,16,0,2.0,-8.0,0,,0.0,0.0,-4.0,-0.5,0.1,,,,,0,,,,,,,,2.0,-4.0,-8.0,0,3.0
540,89.0,Steelers,Vance McDonald,29,TE,14,14,1.0,2.0,0,0.0,0.0,2.0,2.0,0.1,0.1,55.0,38.0,273.0,7.2,3,12.0,40.0,22.0,2.7,19.5,69.1%,5.0,39.0,7.1,275.0,3,1.0
541,80.0,Steelers,Johnny Holton,29,WR,16,3,1.0,9.0,0,1.0,100.0,9.0,9.0,0.6,0.1,15.0,3.0,21.0,7.0,0,1.0,6.7,18.0,0.2,1.3,20.0%,1.4,4.0,7.5,30.0,0,
542,7.0,Steelers,Ben Roethlisberger,37,QB,2,2,1.0,7.0,0,0.0,100.0,7.0,7.0,3.5,0.5,,,,,0,,,,,,,,1.0,7.0,7.0,0,1.0
543,13.0,Steelers,James Washington,23,WR,15,10,,,0,,,,,,,80.0,44.0,735.0,16.7,3,31.0,46.3,79.0,2.9,49.0,55.0%,9.2,44.0,16.7,735.0,3,1.0
544,19.0,Steelers,JuJu Smith-Schuster,23,WR,12,12,,,0,,,,,,,70.0,42.0,552.0,13.1,3,23.0,44.3,76.0,3.5,46.0,60.0%,7.9,42.0,13.1,552.0,3,1.0
545,88.0,Steelers,Nick Vannett,26,TE,13,6,,,0,,,,,,,17.0,13.0,128.0,9.8,0,4.0,58.8,18.0,1.0,9.8,76.5%,7.5,13.0,9.8,128.0,0,
546,10.0,Steelers,Ryan Switzer,25,WR,9,0,,,0,,,,,,,11.0,8.0,27.0,3.4,0,2.0,36.4,8.0,0.9,3.0,72.7%,2.5,8.0,3.4,27.0,0,1.0
547,17.0,Steelers,Deon Cain,23,WR,6,3,,,0,,,,,,,6.0,5.0,72.0,14.4,0,4.0,83.3,35.0,0.8,12.0,83.3%,12.0,5.0,14.4,72.0,0,
548,14.0,Steelers,Tevin Jones,27,WR,5,0,,,0,,,,,,,10.0,4.0,61.0,15.3,0,1.0,40.0,28.0,0.8,12.2,40.0%,6.1,4.0,15.3,61.0,0,
549,11.0,Steelers,Donte Moncrief,26,WR,5,2,,,0,,,,,,,15.0,4.0,18.0,4.5,0,1.0,6.7,11.0,0.8,3.6,26.7%,1.2,4.0,4.5,18.0,0,
550,45.0,Steelers,Roosevelt Nix,27,RB,3,0,,,0,,,,,,,3.0,2.0,4.0,2.0,0,,33.3,4.0,0.7,1.3,66.7%,1.3,2.0,2.0,4.0,0,
551,81.0,Steelers,Zach Gentry,23,TE,4,0,,,0,,,,,,,1.0,1.0,4.0,4.0,0,1.0,100.0,4.0,0.3,1.0,100.0%,4.0,1.0,4.0,4.0,0,
552,85.0,Steelers,Xavier Grimble,27,TE,3,1,,,0,,,,,,,3.0,1.0,3.0,3.0,0,,0.0,3.0,0.3,1.0,33.3%,1.0,1.0,3.0,3.0,0,
553,23.0,Texans,Carlos Hyde,29,RB,16,14,245.0,1070.0,6,55.0,51.4,58.0,4.4,66.9,15.3,16.0,10.0,42.0,4.2,0,2.0,25.0,14.0,0.6,2.6,62.5%,2.6,255.0,4.4,1112.0,6,4.0
554,25.0,Texans,Duke Johnson,26,RB,16,2,83.0,410.0,2,17.0,45.8,40.0,4.9,25.6,5.2,62.0,44.0,410.0,9.3,3,18.0,50.0,21.0,2.8,25.6,71.0%,6.6,127.0,6.5,820.0,5,1.0
555,4.0,Texans,Deshaun Watson,24,QB,15,15,82.0,413.0,7,29.0,48.8,30.0,5.0,27.5,5.5,1.0,1.0,6.0,6.0,1,1.0,100.0,6.0,0.1,0.4,100.0%,6.0,83.0,5.0,419.0,8,10.0
556,34.0,Texans,Taiwan Jones,31,RB,11,0,9.0,40.0,0,3.0,66.7,11.0,4.4,3.6,0.8,1.0,1.0,9.0,9.0,0,0.0,100.0,9.0,0.1,0.8,100.0%,9.0,10.0,4.9,49.0,0,
557,38.0,Texans,Buddy Howell,23,RB,16,0,5.0,10.0,0,1.0,40.0,4.0,2.0,0.6,0.3,,,,,0,,,,,,,,5.0,2.0,10.0,0,
558,2.0,Texans,A.J. McCarron,29,QB,2,1,5.0,39.0,1,3.0,60.0,18.0,7.8,19.5,2.5,,,,,0,,,,,,,,5.0,7.8,39.0,1,
559,10.0,Texans,DeAndre Hopkins,27,WR,15,15,2.0,18.0,0,2.0,100.0,12.0,9.0,1.2,0.1,150.0,104.0,1165.0,11.2,7,68.0,58.7,43.0,6.9,77.7,69.3%,7.8,106.0,11.2,1183.0,7,
560,16.0,Texans,Keke Coutee,22,WR,9,4,2.0,14.0,1,2.0,100.0,10.0,7.0,1.6,0.2,36.0,22.0,254.0,11.5,0,10.0,52.8,51.0,2.4,28.2,61.1%,7.1,24.0,11.2,268.0,1,1.0
561,9.0,Texans,Bryan Anger,31,P,14,0,1.0,-5.0,0,,0.0,-5.0,-5.0,-0.4,0.1,,,,,0,,,,,,,,1.0,-5.0,-5.0,0,
562,15.0,Texans,Will Fuller,25,WR,11,11,,,0,,,,,,,71.0,49.0,670.0,13.7,3,26.0,59.2,54.0,4.5,60.9,69.0%,9.4,49.0,13.7,670.0,3,1.0
563,12.0,Texans,Kenny Stills,27,WR,13,5,,,0,,,,,,,55.0,40.0,561.0,14.0,4,27.0,58.2,45.0,3.1,43.2,72.7%,10.2,40.0,14.0,561.0,4,
564,88.0,Texans,Jordan Akins,27,TE,16,9,,,0,,,,,,,55.0,36.0,418.0,11.6,2,21.0,49.1,53.0,2.3,26.1,65.5%,7.6,36.0,11.6,418.0,2,
565,87.0,Texans,Darren Fells,33,TE,16,14,,,0,,,,,,,48.0,34.0,341.0,10.0,7,22.0,58.3,24.0,2.1,21.3,70.8%,7.1,34.0,10.0,341.0,7,
566,14.0,Texans,DeAndre Carter,26,WR,16,3,,,0,,,,,,,14.0,11.0,162.0,14.7,0,6.0,64.3,46.0,0.7,10.1,78.6%,11.6,11.0,14.7,162.0,0,2.0
567,11.0,Texans,Steven Mitchell,25,WR,3,1,,,0,,,,,,,6.0,2.0,37.0,18.5,0,2.0,33.3,21.0,0.7,12.3,33.3%,6.2,2.0,18.5,37.0,0,
568,83.0,Texans,Jordan Thomas,23,TE,5,2,,,0,,,,,,,3.0,1.0,8.0,8.0,0,,33.3,8.0,0.2,1.6,33.3%,2.7,1.0,8.0,8.0,0,
569,22.0,Titans,Derrick Henry,25,RB,15,15,303.0,1540.0,16,73.0,49.2,74.0,5.1,102.7,20.2,24.0,18.0,206.0,11.4,2,4.0,50.0,75.0,1.2,13.7,75.0%,8.6,321.0,5.4,1746.0,18,5.0
570,33.0,Titans,Dion Lewis,29,RB,16,1,54.0,209.0,0,6.0,46.3,17.0,3.9,13.1,3.4,32.0,25.0,164.0,6.6,1,7.0,31.3,24.0,1.6,10.3,78.1%,5.1,79.0,4.7,373.0,1,1.0
571,17.0,Titans,Ryan Tannehill,31,QB,12,10,43.0,185.0,4,14.0,46.5,25.0,4.3,15.4,3.6,,,,,0,,,,,,,,43.0,4.3,185.0,4,5.0
572,8.0,Titans,Marcus Mariota,26,QB,7,6,24.0,129.0,0,5.0,50.0,15.0,5.4,18.4,3.4,,,,,0,,,,,,,,24.0,5.4,129.0,0,3.0
573,28.0,Titans,Dalyn Dawkins,25,RB,2,0,11.0,26.0,0,2.0,36.4,14.0,2.4,13.0,5.5,1.0,0.0,0.0,,0,0.0,0.0,0.0,0.0,0.0,0.0%,0.0,11.0,2.4,26.0,0,
574,81.0,Titans,Jonnu Smith,24,TE,16,14,4.0,78.0,0,2.0,100.0,57.0,19.5,4.9,0.3,44.0,35.0,439.0,12.5,3,16.0,56.8,57.0,2.2,27.4,79.5%,10.0,39.0,13.3,517.0,3,
575,11.0,Titans,A.J. Brown,22,WR,16,11,3.0,60.0,1,2.0,66.7,49.0,20.0,3.8,0.2,84.0,52.0,1051.0,20.2,8,39.0,53.6,91.0,3.3,65.7,61.9%,12.5,55.0,20.2,1111.0,9,1.0
576,10.0,Titans,Adam Humphries,26,WR,12,3,1.0,1.0,0,0.0,0.0,1.0,1.0,0.1,0.1,47.0,37.0,374.0,10.1,2,20.0,59.6,30.0,3.1,31.2,78.7%,8.0,38.0,9.9,375.0,2,1.0
577,14.0,Titans,Kalif Raymond,25,WR,8,1,1.0,-5.0,0,0.0,0.0,-5.0,-5.0,-0.6,0.1,12.0,9.0,170.0,18.9,1,6.0,66.7,52.0,1.1,21.3,75.0%,14.2,10.0,16.5,165.0,1,1.0
578,6.0,Titans,Brett Kern,33,P,16,0,1.0,0.0,0,0.0,0.0,0.0,0.0,0.0,0.1,,,,,0,,,,,,,,1.0,0.0,,0,
579,84.0,Titans,Corey Davis,24,TE,15,11,,,0,,,,,,,69.0,43.0,601.0,14.0,2,33.0,58.0,38.0,2.9,40.1,62.3%,8.7,43.0,14.0,601.0,2,1.0
580,19.0,Titans,Tajae Sharpe,25,WR,15,6,,,0,,,,,,,35.0,25.0,329.0,13.2,4,20.0,62.9,47.0,1.7,21.9,71.4%,9.4,25.0,13.2,329.0,4,
581,82.0,Titans,Delanie Walker,35,WR,7,4,,,0,,,,,,,31.0,21.0,215.0,10.2,2,11.0,38.7,29.0,3.0,30.7,67.7%,6.9,21.0,10.2,215.0,2,1.0
582,86.0,Titans,Anthony Firkser,24,FB,15,1,,,0,,,,,,,24.0,14.0,204.0,14.6,1,9.0,41.7,39.0,0.9,13.6,58.3%,8.5,14.0,14.6,204.0,1,
583,85.0,Titans,MyCole Pruitt,27,TE,16,10,,,0,,,,,,,8.0,6.0,90.0,15.0,1,4.0,75.0,42.0,0.4,5.6,75.0%,11.3,6.0,15.0,90.0,1,
584,41.0,Titans,Khari Blasingame,23,RB,6,3,,,0,,,,,,,5.0,4.0,54.0,13.5,0,2.0,60.0,24.0,0.7,9.0,80.0%,10.8,4.0,13.5,54.0,0,
585,16.0,Titans,Cody Hollister,26,WR,5,0,,,0,,,,,,,2.0,2.0,13.0,6.5,0,,50.0,11.0,0.4,2.6,100.0%,6.5,2.0,6.5,13.0,0,
586,15.0,Titans,Darius Jennings,27,WR,8,0,,,0,,,,,,,5.0,2.0,17.0,8.5,0,2.0,40.0,11.0,0.3,2.1,40.0%,3.4,2.0,8.5,17.0,0,
587,31.0,Titans,Kevin Byard,26,FS,16,16,,,0,,,,,,,1.0,1.0,11.0,11.0,0,1.0,0.0,11.0,0.1,0.7,100.0%,11.0,1.0,11.0,11.0,0,
588,12.0,Titans,Rashard Davis,24,WR,1,0,,,0,,,,,,,1.0,1.0,16.0,16.0,0,1.0,100.0,16.0,1.0,16.0,100.0%,16.0,1.0,16.0,16.0,0,
589,71.0,Titans,Dennis Kelly,29,T,15,4,,,0,,,,,,,1.0,1.0,1.0,1.0,1,1.0,100.0,1.0,0.1,0.1,100.0%,1.0,1.0,1.0,1.0,1,
590,72.0,Titans,David Quessenberry,29,T,4,0,,,0,,,,,,,1.0,1.0,1.0,1.0,1,1.0,100.0,1.0,0.3,0.3,100.0%,1.0,1.0,1.0,1.0,1,
591,29.0,Titans,Dane Cruikshank,24,DB,16,0,,,0,,,,,,,1.0,0.0,0.0,,0,,0.0,0.0,0.0,0.0,0.0%,0.0,,,,0,
592,33.0,Vikings,Dalvin Cook,24,RB,14,14,250.0,1135.0,13,60.0,47.6,75.0,4.5,81.1,17.9,63.0,53.0,519.0,9.8,0,26.0,57.1,31.0,3.8,37.1,84.1%,8.2,303.0,5.5,1654.0,13,4.0
593,25.0,Vikings,Alexander Mattison,21,RB,13,0,100.0,462.0,1,19.0,37.0,35.0,4.6,35.5,7.7,12.0,10.0,82.0,8.2,0,3.0,50.0,17.0,0.8,6.3,83.3%,6.8,110.0,4.9,544.0,1,1.0
594,23.0,Vikings,Mike Boone,24,RB,16,2,49.0,273.0,3,9.0,46.9,59.0,5.6,17.1,3.1,4.0,3.0,17.0,5.7,0,0.0,50.0,7.0,0.2,1.1,75.0%,4.3,52.0,5.6,290.0,3,
595,8.0,Vikings,Kirk Cousins,31,QB,15,15,31.0,63.0,1,8.0,41.9,14.0,2.0,4.2,2.1,1.0,0.0,0.0,,0,0.0,0.0,0.0,0.0,0.0,0.0%,0.0,31.0,2.0,63.0,1,10.0
596,31.0,Vikings,Ameer Abdullah,26,RB,16,0,23.0,115.0,0,4.0,26.1,15.0,5.0,7.2,1.4,21.0,15.0,88.0,5.9,1,5.0,47.6,16.0,0.9,5.5,71.4%,4.2,38.0,5.3,203.0,1,1.0
597,30.0,Vikings,C.J. Ham,26,FB,16,7,7.0,17.0,0,2.0,42.9,9.0,2.4,1.1,0.4,26.0,17.0,149.0,8.8,1,6.0,46.2,36.0,1.1,9.3,65.4%,5.7,24.0,6.9,166.0,1,1.0
598,4.0,Vikings,Sean Mannion,27,QB,3,1,6.0,-5.0,0,0.0,0.0,0.0,-0.8,-1.7,2.0,,,,,0,,,,,,,,6.0,-0.8,-5.0,0,1.0
599,14.0,Vikings,Stefon Diggs,26,WR,15,15,5.0,61.0,0,3.0,100.0,27.0,12.2,4.1,0.3,94.0,63.0,1130.0,17.9,6,41.0,58.5,66.0,4.2,75.3,67.0%,12.0,68.0,17.5,1191.0,6,4.0
600,19.0,Vikings,Adam Thielen,29,WR,10,10,4.0,6.0,1,1.0,25.0,3.0,1.5,0.6,0.4,48.0,30.0,418.0,13.9,6,18.0,52.1,44.0,3.0,41.8,62.5%,8.7,34.0,12.5,424.0,7,
601,81.0,Vikings,Olabisi Johnson,22,WR,16,6,1.0,6.0,0,0.0,100.0,6.0,6.0,0.4,0.1,45.0,31.0,294.0,9.5,3,17.0,55.6,23.0,1.9,18.4,68.9%,6.5,32.0,9.4,300.0,3,
602,82.0,Vikings,Kyle Rudolph,30,TE,16,16,,,0,,,,,,,48.0,39.0,367.0,9.4,6,24.0,66.7,32.0,2.4,22.9,81.3%,7.6,39.0,9.4,367.0,6,
603,84.0,Vikings,Irv Smith Jr.,21,TE,16,7,,,0,,,,,,,47.0,36.0,311.0,8.6,2,17.0,59.6,29.0,2.3,19.4,76.6%,6.6,36.0,8.6,311.0,2,1.0
604,11.0,Vikings,Laquon Treadwell,24,WR,13,1,,,0,,,,,,,16.0,9.0,184.0,20.4,1,8.0,50.0,58.0,0.7,14.2,56.3%,11.5,9.0,20.4,184.0,1,
605,83.0,Vikings,Tyler Conklin,24,TE,15,1,,,0,,,,,,,10.0,8.0,58.0,7.3,0,2.0,60.0,20.0,0.5,3.9,80.0%,5.8,8.0,7.3,58.0,0,
606,12.0,Vikings,Chad Beebe,25,WR,3,0,,,0,,,,,,,2.0,2.0,70.0,35.0,0,2.0,100.0,61.0,0.7,23.3,100.0%,35.0,2.0,35.0,70.0,0,3.0
607,15.0,Vikings,Alexander Hollins,23,WR,5,1,,,0,,,,,,,4.0,2.0,46.0,23.0,0,2.0,50.0,35.0,0.4,9.2,50.0%,11.5,2.0,23.0,46.0,0,
608,56.0,Vikings,Garrett Bradbury,24,C,16,16,,,0,,,,,,,1.0,1.0,-4.0,-4.0,0,,0.0,-4.0,0.1,-0.3,100.0%,-4.0,1.0,-4.0,-4.0,0,
