,No.,Team,Player,Age,Pos,G,GS,Att,Rushing Yds,Rushin TD,First Down Rushing,Rushing Success,Longest Rushing Attempt,Y/A,Rushing Yds / Game,A/G,Tgt,Rec,Receiving Yds,Y/R,Receiving TD,First Down Receiving,Receiving Success Rate,Longest Reception,R/G,Receives / Game,Ctch%,Y/Tgt,Touch,Y/Tch,YScm,RRTD,Fmb
0,21,49ers,Frank Gore,29,RB,16,16,258.0,1214.0,8,68.0,47.7,37.0,4.7,75.9,16.1,36.0,28.0,234.0,8.4,1,10.0,47.2,26.0,1.8,14.6,77.8%,6.5,286.0,5.1,1448.0,9,2.0
1,32,49ers,Kendall Hunter,24,RB,11,0,72.0,371.0,2,18.0,55.6,26.0,5.2,33.7,6.5,12.0,9.0,60.0,6.7,0,3.0,41.7,12.0,0.8,5.5,75.0%,5.0,81.0,5.3,431.0,2,1.0
2,7,49ers,Colin Kaepernick,25,QB,13,7,63.0,415.0,5,20.0,47.6,50.0,6.6,31.9,4.8,,,,,0,,,,,,,,63.0,6.6,415.0,5,9.0
3,11,49ers,Alex Smith,28,QB,10,9,31.0,132.0,0,6.0,45.2,24.0,4.3,13.2,3.1,,,,,0,,,,,,,,31.0,4.3,132.0,0,4.0
4,23,49ers,LaMichael James,23,RB,4,0,27.0,125.0,0,10.0,40.7,26.0,4.6,31.3,6.8,5.0,3.0,29.0,9.7,0,3.0,60.0,15.0,0.8,7.3,60.0%,5.8,30.0,5.1,154.0,0,1.0
5,24,49ers,Anthony Dixon,25,RB,16,0,21.0,78.0,2,3.0,61.9,9.0,3.7,4.9,1.3,,,,,0,,,,,,,,21.0,3.7,78.0,2,
6,49,49ers,Bruce Miller,25,FB,16,13,5.0,18.0,0,2.0,60.0,9.0,3.6,1.1,0.3,13.0,12.0,84.0,7.0,0,4.0,53.8,26.0,0.8,5.3,92.3%,6.5,17.0,6.0,102.0,0,
7,45,49ers,Brandon Jacobs,30,RB,2,0,5.0,7.0,0,1.0,20.0,3.0,1.4,3.5,2.5,,,,,0,,,,,,,,5.0,1.4,7.0,0,
8,10,49ers,Kyle Williams,24,WR,11,3,4.0,21.0,0,0.0,75.0,9.0,5.3,1.9,0.4,22.0,14.0,212.0,15.1,1,10.0,54.5,57.0,1.3,19.3,63.6%,9.6,18.0,12.9,233.0,1,1.0
9,82,49ers,Mario Manningham,26,WR,12,10,3.0,64.0,0,2.0,100.0,29.0,21.3,5.3,0.3,57.0,42.0,449.0,10.7,1,22.0,56.1,40.0,3.5,37.4,73.7%,7.9,45.0,11.4,513.0,1,2.0
10,15,49ers,Michael Crabtree,25,WR,16,16,1.0,8.0,0,0.0,0.0,8.0,8.0,0.5,0.1,127.0,85.0,1105.0,13.0,9,57.0,57.5,49.0,5.3,69.1,66.9%,8.7,86.0,12.9,1113.0,9,
11,19,49ers,Ted Ginn Jr.,27,WR,13,0,1.0,7.0,0,,,7.0,7.0,0.5,0.1,2.0,2.0,1.0,0.5,0,,,1.0,0.2,0.1,100.0%,0.5,3.0,2.7,8.0,0,4.0
12,38,49ers,Dashon Goldson,28,FS,16,16,1.0,31.0,0,1.0,100.0,31.0,31.0,1.9,0.1,,,,,0,,,,,,,,1.0,31.0,31.0,0,
13,85,49ers,Vernon Davis,28,TE,16,16,,,0,,,,,,,61.0,41.0,548.0,13.4,5,26.0,54.1,53.0,2.6,34.3,67.2%,9.0,41.0,13.4,548.0,5,
14,84,49ers,Randy Moss,35,WR,16,2,,,0,,,,,,,50.0,28.0,434.0,15.5,3,22.0,52.0,55.0,1.8,27.1,56.0%,8.7,28.0,15.5,434.0,3,1.0
15,46,49ers,Delanie Walker,28,WR,16,4,,,0,,,,,,,39.0,21.0,344.0,16.4,3,14.0,48.7,45.0,1.3,21.5,53.8%,8.8,21.0,16.4,344.0,3,1.0
16,81,49ers,Garrett Celek,24,TE,13,0,,,0,,,,,,,7.0,4.0,51.0,12.8,0,2.0,57.1,35.0,0.3,3.9,57.1%,7.3,4.0,12.8,51.0,0,
17,17,49ers,A.J. Jenkins,23,WR,3,0,,,0,,,,,,,1.0,0.0,0.0,,0,,,0.0,0.0,0.0,0.0%,0.0,,,,0,
18,22,Bears,Matt Forte,27,RB,15,15,248.0,1094.0,5,45.0,41.5,46.0,4.4,72.9,16.5,59.0,44.0,340.0,7.7,1,15.0,33.9,47.0,2.9,22.7,74.6%,5.8,292.0,4.9,1434.0,6,2.0
19,29,Bears,Michael Bush,28,RB,13,1,114.0,411.0,5,28.0,46.5,20.0,3.6,31.6,8.8,11.0,9.0,83.0,9.2,0,6.0,54.5,18.0,0.7,6.4,81.8%,7.5,123.0,4.0,494.0,5,1.0
20,6,Bears,Jay Cutler,29,QB,15,15,41.0,233.0,0,15.0,51.2,24.0,5.7,15.5,2.7,,,,,0,,,,,,,,41.0,5.7,233.0,0,8.0
21,32,Bears,Kahlil Bell,26,RB,4,0,29.0,76.0,0,4.0,27.6,18.0,2.6,19.0,7.3,1.0,1.0,11.0,11.0,0,1.0,100.0,11.0,0.3,2.8,100.0%,11.0,30.0,2.9,87.0,0,
22,25,Bears,Armando Allen,23,RB,15,0,27.0,124.0,1,6.0,40.7,46.0,4.6,8.3,1.8,3.0,2.0,16.0,8.0,0,0.0,33.3,15.0,0.1,1.1,66.7%,5.3,29.0,4.8,140.0,1,
23,2,Bears,Jason Campbell,31,QB,6,1,7.0,28.0,0,1.0,28.6,13.0,4.0,4.7,1.2,,,,,0,,,,,,,,7.0,4.0,28.0,0,2.0
24,23,Bears,Devin Hester,30,WR,15,5,3.0,6.0,0,0.0,66.7,8.0,2.0,0.4,0.2,40.0,23.0,242.0,10.5,1,9.0,35.0,39.0,1.5,16.1,57.5%,6.1,26.0,9.5,248.0,1,1.0
25,15,Bears,Brandon Marshall,28,WR,16,16,1.0,-2.0,0,0.0,0.0,-2.0,-2.0,-0.1,0.1,192.0,118.0,1508.0,12.8,11,74.0,47.9,56.0,7.4,94.3,61.5%,7.9,119.0,12.7,1506.0,11,2.0
26,80,Bears,Earl Bennett,25,WR,12,4,,,0,,,,,,,49.0,29.0,375.0,12.9,2,20.0,51.0,60.0,2.4,31.3,59.2%,7.7,29.0,12.9,375.0,2,
27,17,Bears,Alshon Jeffery,22,WR,10,6,,,0,,,,,,,48.0,24.0,367.0,15.3,3,17.0,47.9,55.0,2.4,36.7,50.0%,7.6,24.0,15.3,367.0,3,
28,87,Bears,Kellen Davis,27,TE,16,15,,,0,,,,,,,44.0,19.0,229.0,12.1,2,11.0,36.4,25.0,1.2,14.3,43.2%,5.2,19.0,12.1,229.0,2,1.0
29,89,Bears,Matt Spaeth,29,TE,16,8,,,0,,,,,,,10.0,6.0,28.0,4.7,1,2.0,30.0,13.0,0.4,1.8,60.0%,2.8,6.0,4.7,28.0,1,
30,86,Bears,Kyle Adams,24,TE,15,2,,,0,,,,,,,8.0,4.0,40.0,10.0,0,2.0,37.5,17.0,0.3,2.7,50.0%,5.0,4.0,10.0,40.0,0,
31,48,Bears,Evan Rodriguez,24,TE,12,5,,,0,,,,,,,8.0,4.0,21.0,5.3,0,2.0,25.0,11.0,0.3,1.8,50.0%,2.6,4.0,5.3,21.0,0,
32,14,Bears,Eric Weems,27,WR,16,1,,,0,,,,,,,4.0,2.0,27.0,13.5,0,2.0,50.0,18.0,0.1,1.7,50.0%,6.8,2.0,13.5,27.0,0,1.0
33,60,Bears,Lance Louis,27,RG,11,11,,,0,,,,,,,1.0,1.0,4.0,4.0,0,,,4.0,0.1,0.4,100.0%,4.0,1.0,4.0,4.0,0,
34,18,Bears,Dane Sanzenbacher,24,WR,5,0,,,0,,,,,,,3.0,1.0,7.0,7.0,0,1.0,33.3,7.0,0.2,1.4,33.3%,2.3,1.0,7.0,7.0,0,
35,42,Bengals,BenJarvus Green-Ellis,27,RB,15,15,278.0,1094.0,6,55.0,46.0,48.0,3.9,72.9,18.5,30.0,22.0,104.0,4.7,0,4.0,36.7,13.0,1.5,6.9,73.3%,3.5,300.0,4.0,1198.0,6,3.0
36,14,Bengals,Andy Dalton,25,QB,16,16,47.0,120.0,4,14.0,38.3,17.0,2.6,7.5,2.9,,,,,0,,,,,,,,47.0,2.6,120.0,4,4.0
37,30,Bengals,Cedric Peerman,26,RB,14,1,36.0,258.0,1,10.0,52.8,48.0,7.2,18.4,2.6,9.0,9.0,85.0,9.4,0,6.0,77.8,16.0,0.6,6.1,100.0%,9.4,45.0,7.6,343.0,1,
38,40,Bengals,Brian Leonard,28,RB,15,0,33.0,106.0,0,7.0,42.4,11.0,3.2,7.1,2.2,15.0,11.0,67.0,6.1,0,3.0,26.7,16.0,0.7,4.5,73.3%,4.5,44.0,3.9,173.0,0,
39,28,Bengals,Bernard Scott,28,RB,2,0,8.0,35.0,0,2.0,37.5,29.0,4.4,17.5,4.0,,,,,0,,,,,,,,8.0,4.4,35.0,0,
40,16,Bengals,Andrew Hawkins,26,WR,14,2,6.0,30.0,0,2.0,33.3,11.0,5.0,2.1,0.4,80.0,51.0,533.0,10.5,4,24.0,48.8,59.0,3.6,38.1,63.8%,6.7,57.0,9.9,563.0,4,1.0
41,12,Bengals,Mohamed Sanu,23,WR,9,3,5.0,15.0,0,2.0,80.0,7.0,3.0,1.7,0.6,25.0,16.0,154.0,9.6,4,10.0,56.0,34.0,1.8,17.1,64.0%,6.2,21.0,8.0,169.0,4,
42,18,Bengals,A.J. Green,24,WR,16,16,4.0,38.0,0,2.0,75.0,20.0,9.5,2.4,0.3,164.0,97.0,1350.0,13.9,11,61.0,51.8,73.0,6.1,84.4,59.1%,8.2,101.0,13.7,1388.0,11,2.0
43,7,Bengals,Bruce Gradkowski,29,QB,2,0,4.0,-2.0,0,0.0,0.0,0.0,-0.5,-1.0,2.0,,,,,0,,,,,,,,4.0,-0.5,-2.0,0,1.0
44,34,Bengals,Dan Herron,23,RB,3,0,4.0,5.0,0,,,6.0,1.3,1.7,1.3,1.0,0.0,0.0,,0,,,0.0,0.0,0.0,0.0%,0.0,4.0,1.3,5.0,0,
45,82,Bengals,Marvin Jones,22,WR,11,5,3.0,47.0,0,2.0,66.7,37.0,15.7,4.3,0.3,32.0,18.0,201.0,11.2,1,11.0,53.1,23.0,1.6,18.3,56.3%,6.3,21.0,11.8,248.0,1,
46,19,Bengals,Brandon Tate,25,WR,16,3,1.0,0.0,0,0.0,0.0,0.0,0.0,0.0,0.1,25.0,13.0,211.0,16.2,1,6.0,32.0,44.0,0.8,13.2,52.0%,8.4,14.0,15.1,211.0,1,4.0
47,10,Bengals,Kevin Huber,27,P,16,0,1.0,-1.0,0,,,-1.0,-1.0,-0.1,0.1,,,,,0,,,,,,,,1.0,-1.0,-1.0,0,
48,84,Bengals,Jermaine Gresham,24,TE,16,15,,,0,,,,,,,94.0,64.0,737.0,11.5,5,33.0,51.1,55.0,4.0,46.1,68.1%,7.8,64.0,11.5,737.0,5,2.0
49,85,Bengals,Armon Binns,23,WR,8,5,,,0,,,,,,,29.0,18.0,210.0,11.7,1,7.0,48.3,48.0,2.3,26.3,62.1%,7.2,18.0,11.7,210.0,1,1.0
50,80,Bengals,Orson Charles,21,TE,16,6,,,0,,,,,,,10.0,8.0,101.0,12.6,0,5.0,70.0,25.0,0.5,6.3,80.0%,10.1,8.0,12.6,101.0,0,
51,88,Bengals,Ryan Whalen,23,WR,9,0,,,0,,,,,,,12.0,7.0,53.0,7.6,0,3.0,50.0,10.0,0.8,5.9,58.3%,4.4,7.0,7.6,53.0,0,
52,36,Bengals,Chris Pressley,26,FB,14,7,,,0,,,,,,,3.0,1.0,1.0,1.0,1,1.0,33.3,1.0,0.1,0.1,33.3%,0.3,1.0,1.0,1.0,1,
53,32,Bengals,John Conner,25,RB,2,0,,,0,,,,,,,1.0,0.0,0.0,,0,,,0.0,0.0,0.0,0.0%,0.0,,,,0,
54,23,Broncos,Willis McGahee,31,RB,10,9,167.0,731.0,4,44.0,56.3,31.0,4.4,73.1,16.7,33.0,26.0,221.0,8.5,0,10.0,51.5,31.0,2.6,22.1,78.8%,6.7,193.0,4.9,952.0,4,5.0
55,27,Broncos,Knowshon Moreno,25,RB,8,6,138.0,525.0,4,32.0,53.6,20.0,3.8,65.6,17.3,26.0,21.0,167.0,8.0,0,11.0,53.8,26.0,2.6,20.9,80.8%,6.4,159.0,4.4,692.0,4,1.0
56,21,Broncos,Ronnie Hillman,21,RB,14,0,85.0,330.0,1,19.0,48.2,31.0,3.9,23.6,6.1,12.0,10.0,62.0,6.2,0,3.0,33.3,29.0,0.7,4.4,83.3%,5.2,95.0,4.1,392.0,1,2.0
57,35,Broncos,Lance Ball,27,RB,15,0,42.0,158.0,1,11.0,31.0,22.0,3.8,10.5,2.8,12.0,7.0,61.0,8.7,1,4.0,33.3,17.0,0.5,4.1,58.3%,5.1,49.0,4.5,219.0,2,1.0
58,18,Broncos,Peyton Manning,36,QB,16,16,23.0,6.0,0,2.0,17.4,10.0,0.3,0.4,1.4,,,,,0,,,,,,,,23.0,0.3,6.0,0,2.0
59,40,Broncos,Jacob Hester,27,RB,3,0,17.0,81.0,2,5.0,29.4,18.0,4.8,27.0,5.7,1.0,1.0,7.0,7.0,0,1.0,100.0,7.0,0.3,2.3,100.0%,7.0,18.0,4.9,88.0,2,
60,6,Broncos,Brock Osweiler,22,QB,5,0,8.0,-13.0,0,0.0,0.0,-1.0,-1.6,-2.6,1.6,,,,,0,,,,,,,,8.0,-1.6,-13.0,0,
61,17,Broncos,Andre Caldwell,27,WR,8,0,1.0,14.0,0,1.0,100.0,14.0,14.0,1.8,0.1,4.0,1.0,18.0,18.0,0,1.0,25.0,18.0,0.1,2.3,25.0%,4.5,2.0,16.0,32.0,0,
62,88,Broncos,Demaryius Thomas,25,WR,16,16,,,0,,,,,,,143.0,94.0,1434.0,15.3,10,60.0,54.5,71.0,5.9,89.6,65.7%,10.0,94.0,15.3,1434.0,10,3.0
63,87,Broncos,Eric Decker,25,WR,16,15,,,0,,,,,,,122.0,85.0,1064.0,12.5,13,53.0,60.7,55.0,5.3,66.5,69.7%,8.7,85.0,12.5,1064.0,13,
64,84,Broncos,Jacob Tamme,27,TE,16,8,,,0,,,,,,,85.0,52.0,555.0,10.7,2,29.0,54.1,36.0,3.3,34.7,61.2%,6.5,52.0,10.7,555.0,2,
65,14,Broncos,Brandon Stokley,36,WR,15,9,,,0,,,,,,,58.0,45.0,544.0,12.1,5,30.0,70.7,38.0,3.0,36.3,77.6%,9.4,45.0,12.1,544.0,5,
66,81,Broncos,Joel Dreessen,30,TE,16,15,,,0,,,,,,,58.0,41.0,356.0,8.7,5,19.0,56.9,30.0,2.6,22.3,70.7%,6.1,41.0,8.7,356.0,5,
67,12,Broncos,Matt Willis,28,WR,15,0,,,0,,,,,,,22.0,10.0,90.0,9.0,0,5.0,36.4,19.0,0.7,6.0,45.5%,4.1,10.0,9.0,90.0,0,
68,85,Broncos,Virgil Green,24,TE,12,2,,,0,,,,,,,6.0,5.0,63.0,12.6,0,4.0,66.7,28.0,0.4,5.3,83.3%,10.5,5.0,12.6,63.0,0,
69,11,Broncos,Trindon Holliday,26,WR,10,0,,,0,,,,,,,2.0,2.0,17.0,8.5,0,1.0,50.0,15.0,0.2,1.7,100.0%,8.5,2.0,8.5,17.0,0,5.0
70,49,Broncos,Chris Gronkowski,26,RB,14,0,,,0,,,,,,,1.0,1.0,11.0,11.0,0,1.0,100.0,11.0,0.1,0.8,100.0%,11.0,1.0,11.0,11.0,0,
71,96,Broncos,Mitch Unrein,25,DE,16,2,,,0,,,,,,,1.0,1.0,1.0,1.0,1,1.0,100.0,1.0,0.1,0.1,100.0%,1.0,1.0,1.0,1.0,1,
72,68,Broncos,Zane Beadles,26,LG,16,16,,,0,,,,,,,1.0,0.0,0.0,,0,,,0.0,0.0,0.0,0.0%,0.0,,,,0,
73,33,Browns,Trent Richardson,22,RB,15,15,267.0,950.0,11,38.0,42.3,32.0,3.6,63.3,17.8,70.0,51.0,367.0,7.2,1,18.0,50.0,27.0,3.4,24.5,72.9%,5.2,318.0,4.1,1317.0,12,3.0
74,20,Browns,Montario Hardesty,25,RB,13,1,65.0,271.0,1,12.0,40.0,25.0,4.2,20.8,5.0,5.0,2.0,16.0,8.0,0,1.0,40.0,9.0,0.2,1.2,40.0%,3.2,67.0,4.3,287.0,1,2.0
75,3,Browns,Brandon Weeden,29,QB,15,15,27.0,111.0,0,12.0,51.9,25.0,4.1,7.4,1.8,1.0,0.0,-9.0,,0,0.0,0.0,-9.0,0.0,-0.6,0.0%,-9.0,27.0,3.8,102.0,0,6.0
76,25,Browns,Chris Ogbonnaya,26,RB,15,1,8.0,30.0,0,1.0,50.0,9.0,3.8,2.0,0.5,32.0,24.0,187.0,7.8,0,10.0,43.8,38.0,1.6,12.5,75.0%,5.8,32.0,6.8,217.0,0,1.0
77,29,Browns,Brandon Jackson,27,RB,2,0,8.0,54.0,0,2.0,50.0,25.0,6.8,27.0,4.0,4.0,2.0,20.0,10.0,0,2.0,50.0,14.0,1.0,10.0,50.0%,5.0,10.0,7.4,74.0,0,
78,80,Browns,Travis Benjamin,23,WR,14,3,6.0,66.0,0,3.0,50.0,35.0,11.0,4.7,0.4,37.0,18.0,298.0,16.6,2,13.0,48.6,69.0,1.3,21.3,48.6%,8.1,24.0,15.2,364.0,2,1.0
79,16,Browns,Josh Cribbs,29,WR,16,2,6.0,42.0,0,2.0,50.0,16.0,7.0,2.6,0.4,11.0,7.0,63.0,9.0,0,3.0,45.5,24.0,0.4,3.9,63.6%,5.7,13.0,8.1,105.0,0,6.0
80,12,Browns,Colt McCoy,26,QB,3,0,4.0,15.0,0,2.0,50.0,15.0,3.8,5.0,1.3,,,,,0,,,,,,,,4.0,3.8,15.0,0,
81,15,Browns,Greg Little,23,WR,16,16,2.0,15.0,0,1.0,50.0,17.0,7.5,0.9,0.1,94.0,53.0,647.0,12.2,4,36.0,44.7,43.0,3.3,40.4,56.4%,6.9,55.0,12.0,662.0,4,
82,10,Browns,Jordan Norwood,26,WR,2,0,1.0,1.0,0,0.0,0.0,1.0,1.0,0.5,0.5,19.0,13.0,137.0,10.5,0,5.0,47.4,27.0,6.5,68.5,68.4%,7.2,14.0,9.9,138.0,0,
83,9,Browns,Thaddeus Lewis,27,QB,1,1,1.0,3.0,0,0.0,0.0,3.0,3.0,3.0,1.0,,,,,0,,,,,,,,1.0,3.0,3.0,0,
84,41,Browns,Raymond Ventrone,30,DB,12,0,1.0,35.0,0,1.0,100.0,35.0,35.0,2.9,0.1,,,,,0,,,,,,,,1.0,35.0,35.0,0,
85,13,Browns,Josh Gordon,21,WR,16,13,,,0,,,,,,,96.0,50.0,805.0,16.1,5,40.0,44.8,71.0,3.1,50.3,52.1%,8.4,50.0,16.1,805.0,5,1.0
86,82,Browns,Ben Watson,32,TE,16,14,,,0,,,,,,,82.0,49.0,501.0,10.2,3,27.0,43.9,27.0,3.1,31.3,59.8%,6.1,49.0,10.2,501.0,3,1.0
87,84,Browns,Jordan Cameron,24,TE,14,6,,,0,,,,,,,40.0,20.0,226.0,11.3,1,12.0,42.5,28.0,1.4,16.1,50.0%,5.7,20.0,11.3,226.0,1,
88,11,Browns,Mohamed Massaquoi,26,WR,9,5,,,0,,,,,,,33.0,17.0,254.0,14.9,0,11.0,42.4,54.0,1.9,28.2,51.5%,7.7,17.0,14.9,254.0,0,
89,81,Browns,Alex Smith,30,TE,12,2,,,0,,,,,,,18.0,13.0,47.0,3.6,0,2.0,16.7,17.0,1.1,3.9,72.2%,2.6,13.0,3.6,47.0,0,
90,88,Browns,Josh Cooper,23,WR,6,0,,,0,,,,,,,19.0,8.0,106.0,13.3,0,6.0,36.8,28.0,1.3,17.7,42.1%,5.6,8.0,13.3,106.0,0,
91,47,Browns,Brad Smelley,23,TE,2,0,,,0,,,,,,,1.0,1.0,3.0,3.0,0,,,3.0,0.5,1.5,100.0%,3.0,1.0,3.0,3.0,0,
92,48,Browns,Owen Marecic,24,RB,10,2,,,0,,,,,,,5.0,0.0,0.0,,0,,,0.0,0.0,0.0,0.0%,0.0,,,,0,
93,22,Buccaneers,Doug Martin,23,RB,16,16,319.0,1454.0,11,64.0,44.8,70.0,4.6,90.9,19.9,70.0,49.0,472.0,9.6,1,18.0,45.7,64.0,3.1,29.5,70.0%,6.7,368.0,5.2,1926.0,12,1.0
94,27,Buccaneers,LeGarrette Blount,26,RB,13,0,41.0,151.0,2,7.0,36.6,35.0,3.7,11.6,3.2,2.0,1.0,2.0,2.0,0,0.0,0.0,2.0,0.1,0.2,50.0%,1.0,42.0,3.6,153.0,2,
95,5,Buccaneers,Josh Freeman,24,QB,16,16,39.0,139.0,0,16.0,46.2,13.0,3.6,8.7,2.4,,,,,0,,,,,,,,39.0,3.6,139.0,0,10.0
96,28,Buccaneers,Danny Ware,27,RB,16,1,11.0,51.0,0,5.0,45.5,17.0,4.6,3.2,0.7,20.0,14.0,100.0,7.1,0,4.0,20.0,23.0,0.9,6.3,70.0%,5.0,25.0,6.0,151.0,0,
97,17,Buccaneers,Arrelious Benn,24,WR,8,1,3.0,16.0,0,1.0,66.7,9.0,5.3,2.0,0.4,6.0,4.0,26.0,6.5,0,0.0,16.7,9.0,0.5,3.3,66.7%,4.3,7.0,6.0,42.0,0,1.0
98,11,Buccaneers,Tiquan Underwood,25,WR,14,3,1.0,1.0,0,0.0,0.0,1.0,1.0,0.1,0.1,55.0,28.0,425.0,15.2,2,20.0,43.6,62.0,2.0,30.4,50.9%,7.7,29.0,14.7,426.0,2,
99,87,Buccaneers,Preston Parker,25,WR,2,0,1.0,7.0,0,1.0,100.0,7.0,7.0,3.5,0.5,2.0,0.0,0.0,,0,0.0,0.0,0.0,0.0,0.0,0.0%,0.0,1.0,7.0,7.0,0,
100,37,Buccaneers,Keith Tandy,23,DB,9,0,1.0,18.0,0,1.0,100.0,18.0,18.0,2.0,0.1,,,,,0,,,,,,,,1.0,18.0,18.0,0,
101,83,Buccaneers,Vincent Jackson,29,WR,16,16,,,0,,,,,,,147.0,72.0,1384.0,19.2,8,61.0,48.3,95.0,4.5,86.5,49.0%,9.4,72.0,19.2,1384.0,8,
102,19,Buccaneers,Mike Williams,25,WR,16,16,,,0,,,,,,,126.0,63.0,996.0,15.8,9,44.0,43.7,65.0,3.9,62.3,50.0%,7.9,63.0,15.8,996.0,9,
103,44,Buccaneers,Dallas Clark,33,TE,16,7,,,0,,,,,,,75.0,47.0,435.0,9.3,4,23.0,45.3,33.0,2.9,27.2,62.7%,5.8,47.0,9.3,435.0,4,
104,88,Buccaneers,Luke Stocker,24,TE,16,11,,,0,,,,,,,27.0,16.0,165.0,10.3,1,8.0,40.7,33.0,1.0,10.3,59.3%,6.1,16.0,10.3,165.0,1,
105,41,Buccaneers,Erik Lorig,26,TE,16,7,,,0,,,,,,,19.0,12.0,83.0,6.9,1,6.0,47.4,16.0,0.8,5.2,63.2%,4.4,12.0,6.9,83.0,1,
106,82,Buccaneers,Nate Byham,24,TE,11,2,,,0,,,,,,,4.0,3.0,18.0,6.0,1,3.0,75.0,10.0,0.3,1.6,75.0%,4.5,3.0,6.0,18.0,1,
107,80,Buccaneers,Chris Owusu,22,WR,5,0,,,0,,,,,,,4.0,1.0,24.0,24.0,0,1.0,25.0,24.0,0.2,4.8,25.0%,6.0,1.0,24.0,24.0,0,
108,18,Buccaneers,Sammie Stroughter,26,WR,2,0,,,0,,,,,,,2.0,1.0,14.0,14.0,0,1.0,50.0,14.0,0.5,7.0,50.0%,7.0,1.0,14.0,14.0,0,
109,28,Buffalos,C.J. Spiller,25,RB,16,9,207.0,1244.0,6,53.0,53.6,62.0,6.0,77.8,12.9,57.0,43.0,459.0,10.7,2,20.0,43.9,66.0,2.7,28.7,75.4%,8.1,250.0,6.8,1703.0,8,3.0
110,22,Buffalos,Fred Jackson,31,RB,10,8,115.0,437.0,3,26.0,47.0,15.0,3.8,43.7,11.5,42.0,34.0,217.0,6.4,1,10.0,45.2,34.0,3.4,21.7,81.0%,5.2,149.0,4.4,654.0,4,5.0
111,14,Buffalos,Ryan Fitzpatrick,30,QB,16,16,48.0,197.0,1,9.0,35.4,20.0,4.1,12.3,3.0,,,,,0,,,,,,,,48.0,4.1,197.0,1,8.0
112,20,Buffalos,Tashard Choice,28,RB,12,0,47.0,193.0,1,9.0,40.4,22.0,4.1,16.1,3.9,9.0,4.0,9.0,2.3,0,0.0,11.1,5.0,0.3,0.8,44.4%,1.0,51.0,4.0,202.0,1,
113,16,Buffalos,Brad Smith,29,WR/QB,15,2,14.0,116.0,1,8.0,78.6,35.0,8.3,7.7,0.9,22.0,14.0,152.0,10.9,2,7.0,50.0,35.0,0.9,10.1,63.6%,6.9,28.0,9.6,268.0,3,1.0
114,29,Buffalos,Johnny White,24,RB,3,0,8.0,34.0,0,1.0,50.0,9.0,4.3,11.3,2.7,,,,,0,,,,,,,,8.0,4.3,34.0,0,
115,11,Buffalos,T.J. Graham,23,TE,15,11,1.0,5.0,0,0.0,100.0,5.0,5.0,0.3,0.1,58.0,31.0,322.0,10.4,1,15.0,37.9,51.0,2.1,21.5,53.4%,5.6,32.0,10.2,327.0,1,
116,42,Buffalos,Dorin Dickerson,24,TE,11,0,1.0,-8.0,0,0.0,0.0,-8.0,-8.0,-0.7,0.1,15.0,9.0,117.0,13.0,0,5.0,60.0,24.0,0.8,10.6,60.0%,7.8,10.0,10.9,109.0,0,1.0
117,4,Buffalos,Tyler Thigpen,28,QB,4,0,1.0,-1.0,0,0.0,0.0,-1.0,-1.0,-0.3,0.3,,,,,0,,,,,,,,1.0,-1.0,-1.0,0,
118,13,Buffalos,Steve Johnson,26,WR,16,16,,,0,,,,,,,148.0,79.0,1046.0,13.2,6,52.0,47.3,63.0,4.9,65.4,53.4%,7.1,79.0,13.2,1046.0,6,1.0
119,84,Buffalos,Scott Chandler,27,TE,15,13,,,0,,,,,,,74.0,43.0,571.0,13.3,6,36.0,52.7,43.0,2.9,38.1,58.1%,7.7,43.0,13.3,571.0,6,2.0
120,19,Buffalos,Donald Jones,25,WR,12,10,,,0,,,,,,,67.0,41.0,443.0,10.8,4,25.0,46.3,68.0,3.4,36.9,61.2%,6.6,41.0,10.8,443.0,4,1.0
121,82,Buffalos,Ruvell Martin,30,WR,14,0,,,0,,,,,,,6.0,4.0,41.0,10.3,0,3.0,50.0,16.0,0.3,2.9,66.7%,6.8,4.0,10.3,41.0,0,
122,85,Buffalos,Lee Smith,25,WR,16,7,,,0,,,,,,,4.0,4.0,13.0,3.3,2,3.0,75.0,5.0,0.3,0.8,100.0%,3.3,4.0,3.3,13.0,2,
123,86,Buffalos,David Nelson,26,WR,1,1,,,0,,,,,,,5.0,2.0,31.0,15.5,0,1.0,20.0,21.0,2.0,31.0,40.0%,6.2,2.0,15.5,31.0,0,
124,38,Buffalos,Corey McIntyre,33,FB,16,3,,,0,,,,,,,2.0,1.0,9.0,9.0,0,,,9.0,0.1,0.6,50.0%,4.5,1.0,9.0,9.0,0,
125,36,Cardinals,LaRod Stephens-Howling,25,RB,14,5,110.0,356.0,4,15.0,32.7,52.0,3.2,25.4,7.9,30.0,17.0,106.0,6.2,0,5.0,23.3,24.0,1.2,7.6,56.7%,3.5,127.0,3.6,462.0,4,
126,26,Cardinals,Beanie Wells,24,RB,8,7,88.0,234.0,5,11.0,34.1,31.0,2.7,29.3,11.0,1.0,1.0,24.0,24.0,0,1.0,100.0,24.0,0.1,3.0,100.0%,24.0,89.0,2.9,258.0,5,1.0
127,33,Cardinals,William Powell,24,RB,13,1,60.0,217.0,0,10.0,40.0,17.0,3.6,16.7,4.6,25.0,19.0,132.0,6.9,0,7.0,36.0,25.0,1.5,10.2,76.0%,5.3,79.0,4.4,349.0,0,2.0
128,34,Cardinals,Ryan Williams,22,RB,5,3,58.0,164.0,0,8.0,32.8,25.0,2.8,32.8,11.6,10.0,7.0,44.0,6.3,0,3.0,30.0,12.0,1.4,8.8,70.0%,4.4,65.0,3.2,208.0,0,2.0
129,4,Cardinals,Kevin Kolb,28,QB,6,5,16.0,100.0,1,7.0,56.3,22.0,6.3,16.7,2.7,,,,,0,,,,,,,,16.0,6.3,100.0,1,2.0
130,12,Cardinals,Andre Roberts,24,WR,15,15,4.0,29.0,0,2.0,50.0,15.0,7.3,1.9,0.3,114.0,64.0,759.0,11.9,5,40.0,46.5,46.0,4.3,50.6,56.1%,6.7,68.0,11.6,788.0,5,1.0
131,14,Cardinals,Ryan Lindley,23,QB,6,4,4.0,7.0,0,1.0,25.0,8.0,1.8,1.2,0.7,,,,,0,,,,,,,,4.0,1.8,7.0,0,3.0
132,19,Cardinals,John Skelton,24,QB,7,6,4.0,5.0,0,1.0,25.0,2.0,1.3,0.7,0.6,,,,,0,,,,,,,,4.0,1.3,5.0,0,4.0
133,85,Cardinals,Early Doucet,27,WR,12,3,2.0,9.0,0,0.0,50.0,6.0,4.5,0.8,0.2,53.0,28.0,207.0,7.4,0,11.0,32.1,18.0,2.3,17.3,52.8%,3.9,30.0,7.2,216.0,0,
134,21,Cardinals,Patrick Peterson,22,LCB,16,16,2.0,13.0,0,1.0,50.0,17.0,6.5,0.8,0.1,3.0,3.0,11.0,3.7,0,0.0,66.7,7.0,0.2,0.7,100.0%,3.7,5.0,4.8,24.0,0,7.0
135,49,Cardinals,Rashad Johnson,26,DB,15,3,2.0,64.0,0,2.0,100.0,40.0,32.0,4.3,0.1,,,,,0,,,,,,,,2.0,32.0,64.0,0,
136,3,Cardinals,Jay Feely,36,K,16,0,1.0,0.0,0,,,0.0,0.0,0.0,0.1,,,,,0,,,,,,,,1.0,0.0,,0,1.0
137,6,Cardinals,Brian Hoyer,27,QB,2,1,1.0,6.0,0,1.0,100.0,6.0,6.0,3.0,0.5,,,,,0,,,,,,,,1.0,6.0,6.0,0,1.0
138,11,Cardinals,Larry Fitzgerald,29,WR,16,16,,,0,,,,,,,156.0,71.0,798.0,11.2,4,45.0,34.6,37.0,4.4,49.9,45.5%,5.1,71.0,11.2,798.0,4,
139,15,Cardinals,Michael Floyd,23,WR,16,3,,,0,,,,,,,86.0,45.0,562.0,12.5,2,26.0,46.5,53.0,2.8,35.1,52.3%,6.5,45.0,12.5,562.0,2,1.0
140,84,Cardinals,Rob Housler,24,TE,15,9,,,0,,,,,,,68.0,45.0,417.0,9.3,0,17.0,45.6,33.0,3.0,27.8,66.2%,6.1,45.0,9.3,417.0,0,
141,87,Cardinals,Jeff King,29,TE,16,12,,,0,,,,,,,29.0,17.0,129.0,7.6,0,6.0,37.9,27.0,1.1,8.1,58.6%,4.4,17.0,7.6,129.0,0,
142,86,Cardinals,Todd Heap,32,TE,2,1,,,0,,,,,,,13.0,8.0,94.0,11.8,0,5.0,53.8,28.0,4.0,47.0,61.5%,7.2,8.0,11.8,94.0,0,
143,35,Cardinals,Anthony Sherman,24,RB,13,4,,,0,,,,,,,8.0,5.0,39.0,7.8,0,1.0,25.0,19.0,0.4,3.0,62.5%,4.9,5.0,7.8,39.0,0,
144,81,Cardinals,Jim Dray,26,TE,13,0,,,0,,,,,,,2.0,2.0,15.0,7.5,0,1.0,50.0,12.0,0.2,1.2,100.0%,7.5,2.0,7.5,15.0,0,
145,29,Cardinals,Alfonso Smith,25,RB,11,0,,,0,,,,,,,3.0,2.0,21.0,10.5,0,,,13.0,0.2,1.9,66.7%,7.0,2.0,10.5,21.0,0,
146,17,Cardinals,LaRon Byrd,23,WR,4,0,,,0,,,,,,,2.0,1.0,8.0,8.0,0,1.0,50.0,8.0,0.3,2.0,50.0%,4.0,1.0,8.0,8.0,0,
147,64,Cardinals,Senio Kelemete,22,G,1,0,,,0,,,,,,,1.0,1.0,10.0,10.0,0,,,10.0,1.0,10.0,100.0%,10.0,1.0,10.0,10.0,0,
148,45,Cardinals,Reagan Maui'a,28,RB,3,1,,,0,,,,,,,1.0,1.0,7.0,7.0,0,,,7.0,0.3,2.3,100.0%,7.0,1.0,7.0,7.0,0,
149,24,Chargers,Ryan Mathews,25,RB,12,9,184.0,707.0,1,35.0,47.3,31.0,3.8,58.9,15.3,56.0,39.0,252.0,6.5,0,9.0,42.9,24.0,3.3,21.0,69.6%,4.5,223.0,4.3,959.0,1,2.0
150,44,Chargers,Jackie Battle,29,RB,16,5,95.0,311.0,3,19.0,34.7,52.0,3.3,19.4,5.9,15.0,15.0,108.0,7.2,1,7.0,73.3,18.0,0.9,6.8,100.0%,7.2,110.0,3.8,419.0,4,
151,30,Chargers,Ronnie Brown,31,RB,14,1,46.0,220.0,0,12.0,41.3,21.0,4.8,15.7,3.3,59.0,49.0,371.0,7.6,0,16.0,44.1,25.0,3.5,26.5,83.1%,6.3,95.0,6.2,591.0,0,
152,36,Chargers,Curtis Brinkley,27,RB,10,1,39.0,115.0,0,8.0,41.0,13.0,2.9,11.5,3.9,15.0,12.0,77.0,6.4,0,3.0,46.7,12.0,1.2,7.7,80.0%,5.1,51.0,3.8,192.0,0,1.0
153,17,Chargers,Philip Rivers,31,QB,16,16,27.0,40.0,0,2.0,14.8,11.0,1.5,2.5,1.7,1.0,0.0,0.0,,0,0.0,0.0,0.0,0.0,0.0,0.0%,0.0,27.0,1.5,40.0,0,15.0
154,33,Chargers,Le'Ron McClain,28,FB,16,9,14.0,42.0,0,2.0,35.7,17.0,3.0,2.6,0.9,10.0,8.0,29.0,3.6,0,2.0,30.0,12.0,0.5,1.8,80.0%,2.9,22.0,3.2,71.0,0,
155,11,Chargers,Eddie Royal,26,WR,10,2,3.0,22.0,0,2.0,66.7,11.0,7.3,2.2,0.3,44.0,23.0,234.0,10.2,1,15.0,38.6,31.0,2.3,23.4,52.3%,5.3,26.0,9.8,256.0,1,1.0
156,32,Chargers,Eric Weddle,27,FS,16,16,2.0,10.0,0,2.0,100.0,6.0,5.0,0.6,0.1,,,,,0,,,,,,,,2.0,5.0,10.0,0,3.0
157,12,Chargers,Robert Meachem,28,WR,15,3,1.0,-6.0,0,0.0,0.0,-6.0,-6.0,-0.4,0.1,32.0,14.0,207.0,14.8,2,8.0,37.5,46.0,0.9,13.8,43.8%,6.5,15.0,13.4,201.0,2,
158,80,Chargers,Malcom Floyd,31,WR,14,14,,,0,,,,,,,85.0,56.0,814.0,14.5,5,47.0,61.2,39.0,4.0,58.1,65.9%,9.6,56.0,14.5,814.0,5,
159,85,Chargers,Antonio Gates,32,TE,15,15,,,0,,,,,,,80.0,49.0,538.0,11.0,7,30.0,51.3,34.0,3.3,35.9,61.3%,6.7,49.0,11.0,538.0,7,
160,84,Chargers,Danario Alexander,26,WR,10,6,,,0,,,,,,,62.0,37.0,658.0,17.8,7,29.0,58.1,80.0,3.7,65.8,59.7%,10.6,37.0,17.8,658.0,7,
161,88,Chargers,Dante Rosario,28,TE,13,2,,,0,,,,,,,18.0,10.0,95.0,9.5,3,6.0,50.0,18.0,0.8,7.3,55.6%,5.3,10.0,9.5,95.0,3,1.0
162,81,Chargers,Randy McMichael,33,TE,16,10,,,0,,,,,,,13.0,9.0,51.0,5.7,0,3.0,30.8,13.0,0.6,3.2,69.2%,3.9,9.0,5.7,51.0,0,1.0
163,87,Chargers,Micheal Spurlock,29,WR,8,1,,,0,,,,,,,10.0,9.0,79.0,8.8,0,6.0,80.0,13.0,1.1,9.9,90.0%,7.9,9.0,8.8,79.0,0,
164,89,Chargers,Ladarius Green,22,TE,4,1,,,0,,,,,,,4.0,4.0,56.0,14.0,0,1.0,50.0,31.0,1.0,14.0,100.0%,14.0,4.0,14.0,56.0,0,
165,13,Chargers,Seyi Ajirotutu,25,WR,3,1,,,0,,,,,,,4.0,3.0,45.0,15.0,0,2.0,50.0,28.0,1.0,15.0,75.0%,11.3,3.0,15.0,45.0,0,
166,66,Chargers,Jeromey Clary,29,RT,14,14,,,0,,,,,,,1.0,1.0,-8.0,-8.0,0,,,-8.0,0.1,-0.6,100.0%,-8.0,1.0,-8.0,-8.0,0,
167,15,Chargers,Richard Goodman,25,WR,7,0,,,0,,,,,,,2.0,0.0,0.0,,0,,,0.0,0.0,0.0,0.0%,0.0,,,,0,
168,25,Chiefs,Jamaal Charles,26,RB,16,15,285.0,1509.0,5,63.0,46.7,91.0,5.3,94.3,17.8,49.0,35.0,236.0,6.7,1,11.0,42.9,22.0,2.2,14.8,71.4%,4.8,320.0,5.5,1745.0,6,5.0
169,40,Chiefs,Peyton Hillis,26,RB,13,2,85.0,309.0,1,19.0,41.2,18.0,3.6,23.8,6.5,14.0,10.0,62.0,6.2,0,2.0,21.4,15.0,0.8,4.8,71.4%,4.4,95.0,3.9,371.0,1,2.0
170,20,Chiefs,Shaun Draughn,25,RB,16,0,59.0,233.0,2,16.0,47.5,25.0,3.9,14.6,3.7,30.0,24.0,158.0,6.6,0,5.0,26.7,23.0,1.5,9.9,80.0%,5.3,83.0,4.7,391.0,2,2.0
171,7,Chiefs,Matt Cassel,30,QB,9,8,27.0,145.0,1,12.0,55.6,21.0,5.4,16.1,3.0,,,,,0,,,,,,,,27.0,5.4,145.0,1,9.0
172,9,Chiefs,Brady Quinn,28,QB,10,8,19.0,66.0,0,2.0,42.1,12.0,3.5,6.6,1.9,1.0,0.0,0.0,,0,0.0,0.0,0.0,0.0,0.0,0.0%,0.0,19.0,3.5,66.0,0,1.0
173,22,Chiefs,Dexter McCluster,23,RB,16,6,12.0,70.0,0,4.0,58.3,19.0,5.8,4.4,0.8,77.0,52.0,452.0,8.7,1,24.0,40.3,31.0,3.3,28.3,67.5%,5.9,64.0,8.2,522.0,1,2.0
174,32,Chiefs,Cyrus Gray,23,RB,10,0,7.0,44.0,0,3.0,85.7,15.0,6.3,4.4,0.7,3.0,2.0,18.0,9.0,0,0.0,0.0,12.0,0.2,1.8,66.7%,6.0,9.0,6.9,62.0,0,
175,45,Chiefs,Nate Eachus,22,RB,11,2,5.0,18.0,0,0.0,80.0,7.0,3.6,1.6,0.5,3.0,1.0,19.0,19.0,0,1.0,33.3,19.0,0.1,1.7,33.3%,6.3,6.0,6.2,37.0,0,
176,10,Chiefs,Terrance Copper,30,WR,15,0,1.0,1.0,0,0.0,0.0,1.0,1.0,0.1,0.1,12.0,8.0,79.0,9.9,0,3.0,50.0,17.0,0.5,5.3,66.7%,6.6,9.0,8.9,80.0,0,
177,82,Chiefs,Dwayne Bowe,28,WR,13,12,,,0,,,,,,,114.0,59.0,801.0,13.6,3,44.0,49.1,47.0,4.5,61.6,51.8%,7.0,59.0,13.6,801.0,3,1.0
178,81,Chiefs,Tony Moeaki,25,TE,15,14,,,0,,,,,,,56.0,33.0,453.0,13.7,1,24.0,50.0,38.0,2.2,30.2,58.9%,8.1,33.0,13.7,453.0,1,
179,89,Chiefs,Jonathan Baldwin,23,WR,15,7,,,0,,,,,,,47.0,20.0,325.0,16.3,1,15.0,34.0,57.0,1.3,21.7,42.6%,6.9,20.0,16.3,325.0,1,
180,15,Chiefs,Steve Breaston,29,WR,10,4,,,0,,,,,,,15.0,7.0,74.0,10.6,0,5.0,40.0,24.0,0.7,7.4,46.7%,4.9,7.0,10.6,74.0,0,1.0
181,19,Chiefs,Devon Wylie,24,WR,6,1,,,0,,,,,,,12.0,6.0,53.0,8.8,0,2.0,25.0,16.0,1.0,8.8,50.0%,4.4,6.0,8.8,53.0,0,
182,87,Chiefs,Steve Maneri,24,TE,13,8,,,0,,,,,,,12.0,5.0,51.0,10.2,0,3.0,41.7,19.0,0.4,3.9,41.7%,4.3,5.0,10.2,51.0,0,
183,84,Chiefs,Jamar Newsome,25,WR,6,2,,,0,,,,,,,16.0,5.0,73.0,14.6,0,3.0,31.3,28.0,0.8,12.2,31.3%,4.6,5.0,14.6,73.0,0,
184,80,Chiefs,Kevin Boss,28,TE,2,2,,,0,,,,,,,3.0,3.0,65.0,21.7,1,3.0,100.0,29.0,1.5,32.5,100.0%,21.7,3.0,21.7,65.0,1,
185,85,Chiefs,Jake O'Connell,27,TE,8,0,,,0,,,,,,,3.0,3.0,18.0,6.0,0,1.0,33.3,11.0,0.4,2.3,100.0%,6.0,3.0,6.0,18.0,0,
186,49,Chiefs,Patrick DiMarco,23,RB,5,4,,,0,,,,,,,1.0,0.0,0.0,,0,,,0.0,0.0,0.0,0.0%,0.0,,,,0,
187,33,Colts,Vick Ballard,22,RB,16,12,211.0,814.0,2,52.0,46.0,26.0,3.9,50.9,13.2,27.0,17.0,152.0,8.9,1,7.0,44.4,19.0,1.1,9.5,63.0%,5.6,228.0,4.2,966.0,3,3.0
188,31,Colts,Donald Brown,25,RB,10,4,108.0,417.0,1,23.0,43.5,19.0,3.9,41.7,10.8,13.0,9.0,93.0,10.3,0,2.0,46.2,39.0,0.9,9.3,69.2%,7.2,117.0,4.4,510.0,1,
189,12,Colts,Andrew Luck,23,QB,16,16,62.0,255.0,5,24.0,53.2,19.0,4.1,15.9,3.9,,,,,0,,,,,,,,62.0,4.1,255.0,5,10.0
190,34,Colts,Delone Carter,25,RB,10,0,32.0,122.0,3,11.0,59.4,20.0,3.8,12.2,3.2,2.0,1.0,13.0,13.0,0,1.0,50.0,13.0,0.1,1.3,50.0%,6.5,33.0,4.1,135.0,3,1.0
191,26,Colts,Mewelde Moore,30,RB,9,0,13.0,20.0,0,1.0,30.8,6.0,1.5,2.2,1.4,8.0,6.0,77.0,12.8,1,4.0,62.5,32.0,0.7,8.6,75.0%,9.6,19.0,5.1,97.0,1,1.0
192,13,Colts,T.Y. Hilton,23,WR,15,1,5.0,29.0,0,2.0,40.0,19.0,5.8,1.9,0.3,90.0,50.0,861.0,17.2,7,30.0,48.9,61.0,3.3,57.4,55.6%,9.6,55.0,16.2,890.0,7,1.0
193,11,Colts,Donnie Avery,28,WR,16,15,4.0,9.0,0,0.0,25.0,7.0,2.3,0.6,0.3,124.0,60.0,781.0,13.0,3,37.0,40.3,48.0,3.8,48.8,48.4%,6.3,64.0,12.3,790.0,3,1.0
194,83,Colts,Dwayne Allen,22,TE,16,16,3.0,5.0,0,2.0,66.7,3.0,1.7,0.3,0.2,66.0,45.0,521.0,11.6,3,30.0,56.1,40.0,2.8,32.6,68.2%,7.9,48.0,11.0,526.0,3,1.0
195,87,Colts,Reggie Wayne,34,WR,16,15,1.0,-5.0,0,0.0,0.0,-5.0,-5.0,-0.3,0.1,195.0,106.0,1355.0,12.8,5,73.0,49.2,33.0,6.6,84.7,54.4%,6.9,107.0,12.6,1350.0,5,1.0
196,29,Colts,Robert Hughes,23,RB,5,1,1.0,5.0,0,1.0,100.0,5.0,5.0,1.0,0.2,1.0,1.0,3.0,3.0,0,0.0,0.0,3.0,0.2,0.6,100.0%,3.0,2.0,4.0,8.0,0,
197,80,Colts,Coby Fleener,24,TE,12,10,,,0,,,,,,,48.0,26.0,281.0,10.8,2,14.0,47.9,26.0,2.2,23.4,54.2%,5.9,26.0,10.8,281.0,2,
198,15,Colts,LaVon Brazill,23,WR,15,0,,,0,,,,,,,24.0,11.0,186.0,16.9,1,7.0,41.7,42.0,0.7,12.4,45.8%,7.8,11.0,16.9,186.0,1,1.0
199,81,Colts,Kris Adams,25,WR,3,0,,,0,,,,,,,8.0,2.0,26.0,13.0,0,2.0,25.0,13.0,0.7,8.7,25.0%,3.3,2.0,13.0,26.0,0,
200,85,Colts,Weslye Saunders,23,TE,11,4,,,0,,,,,,,4.0,2.0,15.0,7.5,0,1.0,50.0,11.0,0.2,1.4,50.0%,3.8,2.0,7.5,15.0,0,
201,17,Colts,Austin Collie,27,WR,1,0,,,0,,,,,,,1.0,1.0,6.0,6.0,0,,,6.0,1.0,6.0,100.0%,6.0,1.0,6.0,6.0,0,
202,46,Colts,Dominique Jones,25,TE,4,1,,,0,,,,,,,1.0,1.0,8.0,8.0,0,,,8.0,0.3,2.0,100.0%,8.0,1.0,8.0,8.0,0,
203,10,Colts,Nathan Palmer,23,WR,5,0,,,0,,,,,,,4.0,1.0,-4.0,-4.0,0,,,-4.0,0.2,-0.8,25.0%,-1.0,1.0,-4.0,-4.0,0,
204,46,Commanders,Alfred Morris,24,RB,16,16,335.0,1613.0,13,86.0,50.1,39.0,4.8,100.8,20.9,16.0,11.0,77.0,7.0,0,3.0,37.5,20.0,0.7,4.8,68.8%,4.8,346.0,4.9,1690.0,13,4.0
205,10,Commanders,Robert Griffin III,22,QB,15,15,120.0,815.0,7,45.0,56.7,76.0,6.8,54.3,8.0,1.0,0.0,0.0,,0,0.0,0.0,0.0,0.0,0.0,0.0%,0.0,120.0,6.8,815.0,7,12.0
206,22,Commanders,Evan Royster,25,RB,16,0,23.0,88.0,2,8.0,43.5,12.0,3.8,5.5,1.4,23.0,15.0,109.0,7.3,0,2.0,21.7,25.0,0.9,6.8,65.2%,4.7,38.0,5.2,197.0,2,
207,36,Commanders,Darrel Young,25,FB,16,8,14.0,60.0,0,7.0,57.1,16.0,4.3,3.8,0.9,9.0,8.0,109.0,13.6,2,6.0,88.9,28.0,0.5,6.8,88.9%,12.1,22.0,7.7,169.0,2,
208,16,Commanders,Brandon Banks,25,WR,12,0,7.0,36.0,0,2.0,42.9,21.0,5.1,3.0,0.6,8.0,8.0,15.0,1.9,0,2.0,37.5,8.0,0.7,1.3,100.0%,1.9,15.0,3.4,51.0,0,4.0
209,15,Commanders,Josh Morgan,27,WR,16,15,3.0,25.0,0,1.0,100.0,9.0,8.3,1.6,0.2,73.0,48.0,510.0,10.6,2,30.0,52.1,32.0,3.0,31.9,65.8%,7.0,51.0,10.5,535.0,2,1.0
210,89,Commanders,Santana Moss,33,WR,16,1,3.0,14.0,0,1.0,33.3,12.0,4.7,0.9,0.2,62.0,41.0,573.0,14.0,8,26.0,50.0,77.0,2.6,35.8,66.1%,9.2,44.0,13.3,587.0,8,2.0
211,12,Commanders,Kirk Cousins,24,QB,3,1,3.0,22.0,0,1.0,66.7,17.0,7.3,7.3,1.0,,,,,0,,,,,,,,3.0,7.3,22.0,0,1.0
212,88,Commanders,Pierre Garcon,26,WR,10,10,2.0,9.0,0,0.0,0.0,7.0,4.5,0.9,0.2,68.0,44.0,633.0,14.4,4,26.0,50.0,88.0,4.4,63.3,64.7%,9.3,46.0,14.0,642.0,4,
213,85,Commanders,Leonard Hankerson,23,WR,16,5,2.0,5.0,0,0.0,0.0,3.0,2.5,0.3,0.1,57.0,38.0,543.0,14.3,3,25.0,52.6,68.0,2.4,33.9,66.7%,9.5,40.0,13.7,548.0,3,
214,29,Commanders,Roy Helu,24,RB,3,0,2.0,2.0,0,0.0,0.0,1.0,1.0,0.7,0.7,7.0,7.0,45.0,6.4,0,1.0,57.1,21.0,2.3,15.0,100.0%,6.4,9.0,5.2,47.0,0,
215,83,Commanders,Fred Davis,26,TE,7,7,1.0,1.0,0,0.0,0.0,1.0,1.0,0.1,0.1,31.0,24.0,325.0,13.5,0,17.0,61.3,29.0,3.4,46.4,77.4%,10.5,25.0,13.0,326.0,0,
216,11,Commanders,Aldrick Robinson,24,WR,15,2,1.0,14.0,0,1.0,100.0,14.0,14.0,0.9,0.1,19.0,11.0,237.0,21.5,3,9.0,52.6,68.0,0.7,15.8,57.9%,12.5,12.0,20.9,251.0,3,
217,84,Commanders,Niles Paul,23,WR,16,4,1.0,-1.0,0,0.0,0.0,-1.0,-1.0,-0.1,0.1,15.0,8.0,152.0,19.0,1,5.0,33.3,37.0,0.5,9.5,53.3%,10.1,9.0,16.8,151.0,1,1.0
218,19,Commanders,Dezmon Briscoe,23,WR,7,0,1.0,1.0,0,0.0,0.0,1.0,1.0,0.1,0.1,5.0,2.0,22.0,11.0,0,1.0,40.0,14.0,0.3,3.1,40.0%,4.4,3.0,7.7,23.0,0,
219,25,Commanders,Ryan Grant,30,RB,1,0,1.0,5.0,0,,,5.0,5.0,5.0,1.0,,,,,0,,,,,,,,1.0,5.0,5.0,0,
220,82,Commanders,Logan Paulsen,25,TE,16,10,,,0,,,,,,,38.0,25.0,308.0,12.3,1,17.0,55.3,31.0,1.6,19.3,65.8%,8.1,25.0,12.3,308.0,1,
221,47,Commanders,Chris Cooley,30,TE,9,2,,,0,,,,,,,3.0,1.0,8.0,8.0,0,1.0,33.3,8.0,0.1,0.9,33.3%,2.7,1.0,8.0,8.0,0,
222,29,Cowboys,DeMarco Murray,24,RB,10,10,161.0,663.0,4,39.0,53.4,48.0,4.1,66.3,16.1,42.0,35.0,251.0,7.2,0,11.0,59.5,22.0,3.5,25.1,83.3%,6.0,196.0,4.7,914.0,4,3.0
223,28,Cowboys,Felix Jones,25,RB,16,7,111.0,402.0,3,24.0,47.7,22.0,3.6,25.1,6.9,36.0,25.0,262.0,10.5,2,10.0,50.0,39.0,1.6,16.4,69.4%,7.3,136.0,4.9,664.0,5,2.0
224,9,Cowboys,Tony Romo,32,QB,16,16,30.0,49.0,1,6.0,30.0,15.0,1.6,3.1,1.9,1.0,1.0,-1.0,-1.0,0,0.0,0.0,-1.0,0.1,-0.1,100.0%,-1.0,31.0,1.5,48.0,1,6.0
225,34,Cowboys,Phillip Tanner,24,RB,14,0,25.0,61.0,0,4.0,36.0,9.0,2.4,4.4,1.8,5.0,4.0,41.0,10.3,0,3.0,60.0,15.0,0.3,2.9,80.0%,8.2,29.0,3.5,102.0,0,
226,25,Cowboys,Lance Dunbar,22,RB,12,0,21.0,75.0,0,5.0,52.4,18.0,3.6,6.3,1.8,12.0,6.0,33.0,5.5,0,3.0,33.3,14.0,0.5,2.8,50.0%,2.8,27.0,4.0,108.0,0,1.0
227,47,Cowboys,Lawrence Vickers,29,FB,16,6,3.0,11.0,0,1.0,33.3,13.0,3.7,0.7,0.2,15.0,13.0,104.0,8.0,0,8.0,66.7,17.0,0.8,6.5,86.7%,6.9,16.0,7.2,115.0,0,
228,88,Cowboys,Dez Bryant,24,WR,16,14,2.0,-5.0,0,0.0,50.0,6.0,-2.5,-0.3,0.1,138.0,92.0,1382.0,15.0,12,54.0,57.2,85.0,5.8,86.4,66.7%,10.0,94.0,14.6,1377.0,12,5.0
229,85,Cowboys,Kevin Ogletree,25,WR,15,1,2.0,9.0,0,0.0,100.0,5.0,4.5,0.6,0.1,55.0,32.0,436.0,13.6,4,19.0,43.6,65.0,2.1,29.1,58.2%,7.9,34.0,13.1,445.0,4,
230,82,Cowboys,Jason Witten,30,TE,16,16,,,0,,,,,,,147.0,110.0,1039.0,9.4,3,56.0,65.3,36.0,6.9,64.9,74.8%,7.1,110.0,9.4,1039.0,3,
231,19,Cowboys,Miles Austin,28,WR,16,15,,,0,,,,,,,119.0,66.0,943.0,14.3,6,49.0,50.4,49.0,4.1,58.9,55.5%,7.9,66.0,14.3,943.0,6,1.0
232,17,Cowboys,Dwayne Harris,25,WR,16,0,,,0,,,,,,,31.0,17.0,222.0,13.1,1,9.0,45.2,36.0,1.1,13.9,54.8%,7.2,17.0,13.1,222.0,1,1.0
233,11,Cowboys,Cole Beasley,23,WR,10,0,,,0,,,,,,,24.0,15.0,128.0,8.5,0,8.0,54.2,20.0,1.5,12.8,62.5%,5.3,15.0,8.5,128.0,0,
234,84,Cowboys,James Hanna,23,TE,16,2,,,0,,,,,,,11.0,8.0,86.0,10.8,0,4.0,63.6,29.0,0.5,5.4,72.7%,7.8,8.0,10.8,86.0,0,
235,89,Cowboys,John Phillips,25,TE,16,9,,,0,,,,,,,10.0,8.0,55.0,6.9,1,3.0,60.0,19.0,0.5,3.4,80.0%,5.5,8.0,6.9,55.0,1,
236,15,Cowboys,Andre Holmes,24,WR,7,0,,,0,,,,,,,2.0,2.0,11.0,5.5,0,1.0,100.0,7.0,0.3,1.6,100.0%,5.5,2.0,5.5,11.0,0,
237,22,Dolphins,Reggie Bush,27,RB,16,16,227.0,986.0,6,43.0,50.2,65.0,4.3,61.6,14.2,52.0,35.0,292.0,8.3,2,14.0,40.4,25.0,2.2,18.3,67.3%,5.6,262.0,4.9,1278.0,8,4.0
238,33,Dolphins,Daniel Thomas,25,RB,12,0,91.0,325.0,4,15.0,50.5,20.0,3.6,27.1,7.6,22.0,15.0,156.0,10.4,0,5.0,31.8,32.0,1.3,13.0,68.2%,7.1,106.0,4.5,481.0,4,3.0
239,26,Dolphins,Lamar Miller,21,RB,13,1,51.0,250.0,1,12.0,51.0,28.0,4.9,19.2,3.9,8.0,6.0,45.0,7.5,0,3.0,62.5,12.0,0.5,3.5,75.0%,5.6,57.0,5.2,295.0,1,
240,17,Dolphins,Ryan Tannehill,24,QB,16,16,49.0,211.0,2,16.0,42.9,31.0,4.3,13.2,3.1,,,,,0,,,,,,,,49.0,4.3,211.0,2,9.0
241,41,Dolphins,Jorvorskie Lane,25,FB,16,5,13.0,13.0,2,5.0,38.5,4.0,1.0,0.8,0.8,12.0,11.0,79.0,7.2,1,3.0,58.3,24.0,0.7,4.9,91.7%,6.6,24.0,3.8,92.0,3,3.0
242,8,Dolphins,Matt Moore,28,QB,2,0,5.0,-3.0,0,0.0,0.0,1.0,-0.6,-1.5,2.5,3.0,0.0,0.0,,0,,33.3,0.0,0.0,0.0,0.0%,0.0,5.0,-0.6,-3.0,0,
243,14,Dolphins,Marlon Moore,25,WR,14,2,1.0,9.0,0,0.0,0.0,9.0,9.0,0.6,0.1,9.0,6.0,116.0,19.3,1,2.0,22.2,37.0,0.4,8.3,66.7%,12.9,7.0,17.9,125.0,1,
244,34,Dolphins,Marcus Thigpen,26,RB,16,0,1.0,8.0,0,1.0,100.0,8.0,8.0,0.5,0.1,2.0,1.0,15.0,15.0,0,1.0,50.0,15.0,0.1,0.9,50.0%,7.5,2.0,11.5,23.0,0,1.0
245,30,Dolphins,Chris Clemons,27,SS,16,16,1.0,3.0,0,1.0,100.0,3.0,3.0,0.2,0.1,,,,,0,,,,,,,,1.0,3.0,3.0,0,
246,2,Dolphins,Brandon Fields,28,P,16,0,1.0,0.0,0,,,0.0,0.0,0.0,0.1,,,,,0,,,,,,,,1.0,0.0,,0,1.0
247,82,Dolphins,Brian Hartline,26,WR,16,15,,,0,,,,,,,131.0,74.0,1083.0,14.6,1,49.0,51.9,80.0,4.6,67.7,56.5%,8.3,74.0,14.6,1083.0,1,1.0
248,15,Dolphins,Davone Bess,27,WR,13,13,,,0,,,,,,,104.0,61.0,778.0,12.8,1,38.0,45.2,39.0,4.7,59.8,58.7%,7.5,61.0,12.8,778.0,1,1.0
249,80,Dolphins,Anthony Fasano,28,TE,16,16,,,0,,,,,,,69.0,41.0,332.0,8.1,5,18.0,46.4,22.0,2.6,20.8,59.4%,4.8,41.0,8.1,332.0,5,
250,42,Dolphins,Charles Clay,23,FB,14,9,,,0,,,,,,,33.0,18.0,212.0,11.8,2,8.0,39.4,31.0,1.3,15.1,54.5%,6.4,18.0,11.8,212.0,2,
251,86,Dolphins,Rishard Matthews,23,WR,8,1,,,0,,,,,,,20.0,11.0,151.0,13.7,0,7.0,50.0,30.0,1.4,18.9,55.0%,7.6,11.0,13.7,151.0,0,
252,19,Dolphins,Armon Binns,23,WR,3,0,,,0,,,,,,,11.0,6.0,67.0,11.2,0,4.0,45.5,21.0,2.0,22.3,54.5%,6.1,6.0,11.2,67.0,0,
253,10,Dolphins,Jabar Gaffney,32,WR,3,0,,,0,,,,,,,10.0,4.0,68.0,17.0,0,3.0,40.0,30.0,1.3,22.7,40.0%,6.8,4.0,17.0,68.0,0,
254,87,Dolphins,Anthony Armstrong,29,WR,5,0,,,0,,,,,,,9.0,3.0,12.0,4.0,0,,,9.0,0.6,2.4,33.3%,1.3,3.0,4.0,12.0,0,
255,19,Dolphins,Legedu Naanee,29,WR,4,1,,,0,,,,,,,5.0,1.0,19.0,19.0,0,,,19.0,0.3,4.8,20.0%,3.8,1.0,19.0,19.0,0,1.0
256,25,Eagles,LeSean McCoy,24,RB,12,12,200.0,840.0,2,45.0,49.5,34.0,4.2,70.0,16.7,67.0,54.0,373.0,6.9,3,20.0,46.3,36.0,4.5,31.1,80.6%,5.6,254.0,4.8,1213.0,5,4.0
257,34,Eagles,Bryce Brown,21,RB,16,4,115.0,564.0,4,33.0,39.1,65.0,4.9,35.3,7.2,19.0,13.0,56.0,4.3,0,3.0,31.6,11.0,0.8,3.5,68.4%,2.9,128.0,4.8,620.0,4,4.0
258,7,Eagles,Michael Vick,32,QB,10,10,62.0,332.0,1,20.0,58.1,20.0,5.4,33.2,6.2,,,,,0,,,,,,,,62.0,5.4,332.0,1,11.0
259,28,Eagles,Dion Lewis,22,RB,9,0,13.0,69.0,1,6.0,53.8,17.0,5.3,7.7,1.4,2.0,2.0,24.0,12.0,0,1.0,50.0,28.0,0.2,2.7,100.0%,12.0,15.0,6.2,93.0,1,
260,9,Eagles,Nick Foles,23,QB,7,6,11.0,42.0,1,6.0,45.5,14.0,3.8,6.0,1.6,,,,,0,,,,,,,,11.0,3.8,42.0,1,8.0
261,39,Eagles,Stanley Havili,25,RB,15,2,6.0,22.0,1,1.0,50.0,8.0,3.7,1.5,0.4,12.0,7.0,43.0,6.1,0,1.0,25.0,9.0,0.5,2.9,58.3%,3.6,13.0,5.0,65.0,1,
262,10,Eagles,DeSean Jackson,26,WR,11,11,3.0,-7.0,0,0.0,33.3,5.0,-2.3,-0.6,0.3,87.0,45.0,700.0,15.6,2,30.0,46.0,77.0,4.1,63.6,51.7%,8.0,48.0,14.4,693.0,2,1.0
263,13,Eagles,Damaris Johnson,23,WR,14,1,3.0,12.0,0,2.0,66.7,7.0,4.0,0.9,0.2,31.0,19.0,256.0,13.5,0,14.0,58.1,32.0,1.4,18.3,61.3%,8.3,22.0,12.2,268.0,0,2.0
264,18,Eagles,Jeremy Maclin,24,WR,15,15,,,0,,,,,,,122.0,69.0,857.0,12.4,7,37.0,42.6,70.0,4.6,57.1,56.6%,7.0,69.0,12.4,857.0,7,1.0
265,87,Eagles,Brent Celek,27,TE,15,14,,,0,,,,,,,88.0,57.0,684.0,12.0,1,34.0,46.6,34.0,3.8,45.6,64.8%,7.8,57.0,12.0,684.0,1,1.0
266,81,Eagles,Jason Avant,29,WR,14,6,,,0,,,,,,,76.0,53.0,648.0,12.2,0,31.0,56.6,39.0,3.8,46.3,69.7%,8.5,53.0,12.2,648.0,0,1.0
267,82,Eagles,Clay Harbor,25,TE,14,9,,,0,,,,,,,39.0,25.0,186.0,7.4,2,8.0,41.0,19.0,1.8,13.3,64.1%,4.8,25.0,7.4,186.0,2,1.0
268,14,Eagles,Riley Cooper,25,WR,11,5,,,0,,,,,,,47.0,23.0,248.0,10.8,3,14.0,42.6,23.0,2.1,22.5,48.9%,5.3,23.0,10.8,248.0,3,
269,11,Eagles,Trent Edwards,29,QB,1,0,,,0,,,,,,,1.0,0.0,0.0,,0,,,0.0,0.0,0.0,0.0%,0.0,,,,0,
270,19,Eagles,Mardy Gilyard,26,WR,6,0,,,0,,,,,,,1.0,0.0,0.0,,0,,,0.0,0.0,0.0,0.0%,0.0,,,,0,
271,83,Eagles,Marvin McNutt,23,WR,4,0,,,0,,,,,,,2.0,0.0,0.0,,0,,,0.0,0.0,0.0,0.0%,0.0,,,,0,
272,86,Eagles,Evan Moore,27,WR,1,0,,,0,,,,,,,2.0,0.0,0.0,,0,,,0.0,0.0,0.0,0.0%,0.0,,,,0,
273,68,Eagles,Matt Tennant,25,C,8,0,,,0,,,,,,,1.0,0.0,0.0,,0,,,0.0,0.0,0.0,0.0%,0.0,,,,0,
274,33,Falcons,Michael Turner,30,RB,16,16,222.0,800.0,10,40.0,41.0,43.0,3.6,50.0,13.9,30.0,19.0,128.0,6.7,1,2.0,26.7,60.0,1.2,8.0,63.3%,4.3,241.0,3.9,928.0,11,3.0
275,32,Falcons,Jacquizz Rodgers,22,RB,16,0,94.0,362.0,1,16.0,36.2,43.0,3.9,22.6,5.9,59.0,53.0,402.0,7.6,1,18.0,61.0,32.0,3.3,25.1,89.8%,6.8,147.0,5.2,764.0,2,
276,2,Falcons,Matt Ryan,27,QB,16,16,34.0,141.0,1,8.0,44.1,16.0,4.1,8.8,2.1,,,,,0,,,,,,,,34.0,4.1,141.0,1,3.0
277,44,Falcons,Jason Snelling,29,RB,16,2,18.0,63.0,0,3.0,38.9,11.0,3.5,3.9,1.1,35.0,31.0,203.0,6.5,1,9.0,48.6,16.0,1.9,12.7,88.6%,5.8,49.0,5.4,266.0,1,1.0
278,11,Falcons,Julio Jones,23,WR,16,15,6.0,30.0,0,3.0,50.0,18.0,5.0,1.9,0.4,128.0,79.0,1198.0,15.2,10,56.0,54.7,80.0,4.9,74.9,61.7%,9.4,85.0,14.4,1228.0,10,
279,83,Falcons,Harry Douglas,28,WR,15,1,2.0,4.0,0,1.0,50.0,5.0,2.0,0.3,0.1,59.0,38.0,395.0,10.4,1,18.0,49.2,37.0,2.5,26.3,64.4%,6.7,40.0,10.0,399.0,1,1.0
280,12,Falcons,Luke McCown,31,QB,2,0,2.0,-3.0,0,,,-1.0,-1.5,-1.5,1.0,,,,,0,,,,,,,,2.0,-1.5,-3.0,0,
281,88,Falcons,Tony Gonzalez,36,TE,16,16,,,0,,,,,,,124.0,93.0,930.0,10.0,8,65.0,68.5,25.0,5.8,58.1,75.0%,7.5,93.0,10.0,930.0,8,
282,84,Falcons,Roddy White,31,WR,16,15,,,0,,,,,,,142.0,92.0,1351.0,14.7,7,73.0,58.5,59.0,5.8,84.4,64.8%,9.5,92.0,14.7,1351.0,7,1.0
283,81,Falcons,Michael Palmer,24,TE,13,2,,,0,,,,,,,6.0,6.0,22.0,3.7,1,2.0,50.0,6.0,0.5,1.7,100.0%,3.7,6.0,3.7,22.0,1,
284,19,Falcons,Drew Davis,23,WR,16,0,,,0,,,,,,,5.0,4.0,40.0,10.0,1,2.0,40.0,15.0,0.3,2.5,80.0%,8.0,4.0,10.0,40.0,1,
285,42,Falcons,Mike Cox,27,FB,8,7,,,0,,,,,,,3.0,3.0,22.0,7.3,0,1.0,66.7,11.0,0.4,2.8,100.0%,7.3,3.0,7.3,22.0,0,
286,86,Falcons,Chase Coffman,26,TE,5,0,,,0,,,,,,,1.0,1.0,12.0,12.0,0,1.0,100.0,12.0,0.2,2.4,100.0%,12.0,1.0,12.0,12.0,0,
287,87,Falcons,Tommy Gallarda,24,TE,9,0,,,0,,,,,,,4.0,1.0,7.0,7.0,0,,,7.0,0.1,0.8,25.0%,1.8,1.0,7.0,7.0,0,
288,79,Falcons,Mike Johnson,25,G,16,1,,,0,,,,,,,1.0,1.0,1.0,1.0,1,1.0,100.0,1.0,0.1,0.1,100.0%,1.0,1.0,1.0,1.0,1,
289,45,Falcons,Lousaka Polite,31,FB,6,5,,,0,,,,,,,7.0,1.0,8.0,8.0,0,,,8.0,0.2,1.3,14.3%,1.1,1.0,8.0,8.0,0,
290,15,Falcons,Kevin Cone,24,WR,12,0,,,0,,,,,,,1.0,0.0,0.0,,0,,,0.0,0.0,0.0,0.0%,0.0,,,,0,
291,61,Falcons,Joe Hawley,24,G,6,0,,,0,,,,,,,2.0,0.0,0.0,,0,,,0.0,0.0,0.0,0.0%,0.0,,,,0,
292,35,Falcons,Antone Smith,27,RB,13,0,,,0,,,,,,,1.0,0.0,0.0,,0,,,0.0,0.0,0.0,0.0%,0.0,,,,0,
293,44,Giants,Ahmad Bradshaw,26,RB,14,12,221.0,1015.0,6,58.0,50.7,37.0,4.6,72.5,15.8,31.0,23.0,245.0,10.7,0,7.0,38.7,59.0,1.6,17.5,74.2%,7.9,244.0,5.2,1260.0,6,3.0
294,35,Giants,Andre Brown,26,RB,10,2,73.0,385.0,8,26.0,63.0,31.0,5.3,38.5,7.3,17.0,12.0,86.0,7.2,0,2.0,41.2,17.0,1.2,8.6,70.6%,5.1,85.0,5.5,471.0,8,
295,22,Giants,David Wilson,21,RB,16,2,71.0,358.0,4,17.0,38.0,52.0,5.0,22.4,4.4,9.0,4.0,34.0,8.5,1,2.0,33.3,15.0,0.3,2.1,44.4%,3.8,75.0,5.2,392.0,5,1.0
296,10,Giants,Eli Manning,31,QB,16,16,20.0,30.0,0,2.0,20.0,13.0,1.5,1.9,1.3,,,,,0,,,,,,,,20.0,1.5,30.0,0,5.0
297,38,Giants,Kregg Lumpkin,28,RB,5,0,9.0,42.0,0,2.0,33.3,22.0,4.7,8.4,1.8,2.0,0.0,0.0,,0,0.0,0.0,0.0,0.0,0.0,0.0%,0.0,9.0,4.7,42.0,0,1.0
298,33,Giants,Da'Rel Scott,24,RB,4,0,6.0,9.0,0,1.0,50.0,5.0,1.5,2.3,1.5,,,,,0,,,,,,,,6.0,1.5,9.0,0,
299,45,Giants,Henry Hynoski,24,FB,16,11,5.0,20.0,0,0.0,40.0,5.0,4.0,1.3,0.3,15.0,11.0,50.0,4.5,1,2.0,46.7,8.0,0.7,3.1,73.3%,3.3,16.0,4.4,70.0,1,
300,8,Giants,David Carr,33,QB,2,0,3.0,-3.0,0,0.0,0.0,-1.0,-1.0,-1.5,1.5,,,,,0,,,,,,,,3.0,-1.0,-3.0,0,1.0
301,12,Giants,Jerrel Jernigan,23,WR,9,0,1.0,6.0,0,0.0,100.0,6.0,6.0,0.7,0.1,5.0,3.0,22.0,7.3,0,2.0,40.0,9.0,0.3,2.4,60.0%,4.4,4.0,7.0,28.0,0,1.0
302,80,Giants,Victor Cruz,26,WR,16,16,,,0,,,,,,,143.0,86.0,1092.0,12.7,10,52.0,50.3,80.0,5.4,68.3,60.1%,7.6,86.0,12.7,1092.0,10,
303,85,Giants,Martellus Bennett,25,TE,16,16,,,0,,,,,,,89.0,55.0,626.0,11.4,5,35.0,52.8,33.0,3.4,39.1,61.8%,7.0,55.0,11.4,626.0,5,
304,88,Giants,Hakeem Nicks,24,WR,13,11,,,0,,,,,,,100.0,53.0,692.0,13.1,3,35.0,43.0,50.0,4.1,53.2,53.0%,6.9,53.0,13.1,692.0,3,
305,87,Giants,Domenik Hixon,28,WR,13,3,,,0,,,,,,,59.0,39.0,567.0,14.5,2,25.0,57.6,41.0,3.0,43.6,66.1%,9.6,39.0,14.5,567.0,2,
306,82,Giants,Rueben Randle,21,WR,16,1,,,0,,,,,,,32.0,19.0,298.0,15.7,3,13.0,53.1,56.0,1.2,18.6,59.4%,9.3,19.0,15.7,298.0,3,1.0
307,13,Giants,Ramses Barden,26,WR,12,1,,,0,,,,,,,21.0,14.0,220.0,15.7,0,11.0,61.9,31.0,1.2,18.3,66.7%,10.5,14.0,15.7,220.0,0,
308,86,Giants,Bear Pascoe,26,TE,15,3,,,0,,,,,,,9.0,4.0,35.0,8.8,1,2.0,44.4,16.0,0.3,2.3,44.4%,3.9,4.0,8.8,35.0,1,
309,65,Giants,Will Beatty,27,LT,16,15,,,0,,,,,,,1.0,0.0,0.0,,0,,,0.0,0.0,0.0,0.0%,0.0,,,,0,
310,47,Giants,Travis Beckum,25,TE,4,0,,,0,,,,,,,1.0,0.0,0.0,,0,,,0.0,0.0,0.0,0.0%,0.0,,,,0,
311,23,Jaguars,Rashad Jennings,27,RB,10,6,101.0,283.0,2,16.0,37.6,21.0,2.8,28.3,10.1,26.0,19.0,130.0,6.8,0,5.0,26.9,26.0,1.9,13.0,73.1%,5.0,120.0,3.4,413.0,2,3.0
312,32,Jaguars,Maurice Jones-Drew,27,RB,6,5,86.0,414.0,1,21.0,46.5,59.0,4.8,69.0,14.3,18.0,14.0,86.0,6.1,1,3.0,33.3,13.0,2.3,14.3,77.8%,4.8,100.0,5.0,500.0,2,2.0
313,24,Jaguars,Montell Owens,28,RB,13,4,42.0,209.0,1,10.0,54.8,32.0,5.0,16.1,3.2,10.0,8.0,113.0,14.1,0,5.0,70.0,53.0,0.6,8.7,80.0%,11.3,50.0,6.4,322.0,1,
314,34,Jaguars,Jalen Parmele,27,RB,11,2,40.0,143.0,0,9.0,32.5,28.0,3.6,13.0,3.6,9.0,7.0,60.0,8.6,0,2.0,55.6,26.0,0.6,5.5,77.8%,6.7,47.0,4.3,203.0,0,
315,39,Jaguars,Richard Murphy,26,RB,5,0,23.0,92.0,0,3.0,52.2,14.0,4.0,18.4,4.6,1.0,0.0,0.0,,0,0.0,0.0,0.0,0.0,0.0,0.0%,0.0,23.0,4.0,92.0,0,
316,7,Jaguars,Chad Henne,27,QB,10,6,19.0,64.0,1,6.0,36.8,15.0,3.4,6.4,1.9,0.0,1.0,-6.0,-6.0,0,0.0,,-6.0,0.1,-0.6,0.0%,,20.0,2.9,58.0,1,4.0
317,11,Jaguars,Blaine Gabbert,23,QB,10,10,18.0,56.0,0,7.0,55.6,10.0,3.1,5.6,1.8,,,,,0,,,,,,,,18.0,3.1,56.0,0,5.0
318,35,Jaguars,Keith Toston,25,RB,5,1,17.0,74.0,0,2.0,52.9,14.0,4.4,14.8,3.4,4.0,3.0,41.0,13.7,0,2.0,75.0,21.0,0.6,8.2,75.0%,10.3,20.0,5.8,115.0,0,
319,33,Jaguars,Greg Jones,31,RB,12,4,5.0,8.0,0,3.0,60.0,4.0,1.6,0.7,0.4,14.0,11.0,64.0,5.8,0,1.0,50.0,10.0,0.9,5.3,78.6%,4.6,16.0,4.5,72.0,0,
320,30,Jaguars,Jordan Todman,22,RB,1,0,3.0,8.0,0,,,6.0,2.7,8.0,3.0,1.0,1.0,0.0,0.0,0,,,0.0,1.0,0.0,100.0%,0.0,4.0,2.0,8.0,0,
321,14,Jaguars,Justin Blackmon,22,WR,16,14,2.0,23.0,0,2.0,100.0,12.0,11.5,1.4,0.1,132.0,64.0,865.0,13.5,5,41.0,43.9,81.0,4.0,54.1,48.5%,6.6,66.0,13.5,888.0,5,1.0
322,84,Jaguars,Cecil Shorts,25,WR,14,9,1.0,-4.0,0,0.0,0.0,-4.0,-4.0,-0.3,0.1,105.0,55.0,979.0,17.8,7,37.0,44.8,80.0,3.9,69.9,52.4%,9.3,56.0,17.4,975.0,7,1.0
323,80,Jaguars,Mike Thomas,25,WR,7,3,1.0,-1.0,0,0.0,0.0,-1.0,-1.0,-0.1,0.1,27.0,13.0,80.0,6.2,0,3.0,14.8,12.0,1.9,11.4,48.1%,3.0,14.0,5.6,79.0,0,1.0
324,89,Jaguars,Marcedes Lewis,28,TE,16,15,,,0,,,,,,,77.0,52.0,540.0,10.4,4,25.0,48.1,26.0,3.3,33.8,67.5%,7.0,52.0,10.4,540.0,4,
325,81,Jaguars,Laurent Robinson,27,WR,7,4,,,0,,,,,,,43.0,24.0,252.0,10.5,0,8.0,48.8,32.0,3.4,36.0,55.8%,5.9,24.0,10.5,252.0,0,1.0
326,16,Jaguars,Jordan Shipley,27,WR,6,2,,,0,,,,,,,39.0,23.0,244.0,10.6,1,10.0,43.6,36.0,3.8,40.7,59.0%,6.3,23.0,10.6,244.0,1,
327,86,Jaguars,Micheal Spurlock,29,WR,6,0,,,0,,,,,,,19.0,14.0,121.0,8.6,1,6.0,42.1,22.0,2.3,20.2,73.7%,6.4,14.0,8.6,121.0,1,1.0
328,87,Jaguars,Kevin Elliott,24,WR,13,1,,,0,,,,,,,31.0,10.0,108.0,10.8,0,6.0,25.8,22.0,0.8,8.3,32.3%,3.5,10.0,10.8,108.0,0,
329,17,Jaguars,Toney Clemons,24,WR,4,0,,,0,,,,,,,11.0,3.0,41.0,13.7,0,2.0,18.2,17.0,0.8,10.3,27.3%,3.7,3.0,13.7,41.0,0,
330,88,Jaguars,Zach Potter,26,TE,16,5,,,0,,,,,,,7.0,2.0,6.0,3.0,0,,,4.0,0.1,0.4,28.6%,0.9,2.0,3.0,6.0,0,
331,68,Jaguars,Guy Whimper,29,RT,16,6,,,0,,,,,,,3.0,2.0,11.0,5.5,1,2.0,66.7,10.0,0.1,0.7,66.7%,3.7,2.0,5.5,11.0,1,
332,86,Jaguars,Isaiah Stanback,28,WR,6,0,,,0,,,,,,,1.0,1.0,6.0,6.0,0,,,6.0,0.2,1.0,100.0%,6.0,1.0,6.0,6.0,0,
333,45,Jaguars,Will Ta'ufo'ou,26,RB,6,1,,,0,,,,,,,1.0,1.0,5.0,5.0,0,,,5.0,0.2,0.8,100.0%,5.0,1.0,5.0,5.0,0,
334,12,Jaguars,Mike Brown,23,WR,2,1,,,0,,,,,,,1.0,0.0,0.0,,0,,,0.0,0.0,0.0,0.0%,0.0,,,,0,
335,23,Jets,Shonn Greene,27,RB,16,14,276.0,1063.0,8,52.0,51.1,36.0,3.9,66.4,17.3,30.0,19.0,151.0,7.9,0,3.0,40.0,30.0,1.2,9.4,63.3%,5.0,295.0,4.1,1214.0,8,4.0
336,29,Jets,Bilal Powell,24,RB,14,2,110.0,437.0,4,24.0,46.4,18.0,4.0,31.2,7.9,36.0,17.0,140.0,8.2,0,9.0,33.3,16.0,1.2,10.0,47.2%,3.9,127.0,4.5,577.0,4,
337,15,Jets,Tim Tebow,25,QB,12,2,32.0,102.0,0,10.0,40.6,22.0,3.2,8.5,2.7,1.0,0.0,0.0,,0,0.0,0.0,0.0,0.0,0.0,0.0%,0.0,32.0,3.2,102.0,0,
338,25,Jets,Joe McKnight,24,RB,15,0,30.0,179.0,0,7.0,50.0,61.0,6.0,11.9,2.0,2.0,1.0,18.0,18.0,0,1.0,50.0,18.0,0.1,1.2,50.0%,9.0,31.0,6.4,197.0,0,3.0
339,6,Jets,Mark Sanchez,26,QB,15,15,22.0,28.0,0,3.0,27.3,8.0,1.3,1.9,1.5,,,,,0,,,,,,,,22.0,1.3,28.0,0,14.0
340,36,Jets,Lex Hilliard,28,FB,12,9,8.0,31.0,0,4.0,75.0,9.0,3.9,2.6,0.7,9.0,4.0,23.0,5.8,0,2.0,33.3,9.0,0.3,1.9,44.4%,2.6,12.0,4.5,54.0,0,
341,14,Jets,Greg McElroy,24,QB,2,1,8.0,30.0,0,3.0,25.0,15.0,3.8,15.0,4.0,,,,,0,,,,,,,,8.0,3.8,30.0,0,1.0
342,11,Jets,Jeremy Kerley,24,WR,16,7,5.0,8.0,0,0.0,20.0,5.0,1.6,0.5,0.3,95.0,56.0,827.0,14.8,2,31.0,49.5,66.0,3.5,51.7,58.9%,8.7,61.0,13.7,835.0,2,4.0
343,21,Jets,Jonathan Grimes,23,RB,3,0,2.0,6.0,0,0.0,50.0,5.0,3.0,2.0,0.7,2.0,2.0,7.0,3.5,0,1.0,50.0,4.0,0.7,2.3,100.0%,3.5,4.0,3.3,13.0,0,
344,19,Jets,Clyde Gates,26,WR,11,2,1.0,12.0,0,1.0,100.0,12.0,12.0,1.1,0.1,33.0,16.0,224.0,14.0,0,12.0,45.5,42.0,1.5,20.4,48.5%,6.8,17.0,13.9,236.0,0,
345,86,Jets,Jeff Cumberland,25,TE,15,12,,,0,,,,,,,53.0,29.0,359.0,12.4,3,18.0,41.5,39.0,1.9,23.9,54.7%,6.8,29.0,12.4,359.0,3,
346,81,Jets,Dustin Keller,28,TE,8,5,,,0,,,,,,,36.0,28.0,317.0,11.3,2,18.0,63.9,32.0,3.5,39.6,77.8%,8.8,28.0,11.3,317.0,2,
347,85,Jets,Chaz Schilens,27,WR,15,6,,,0,,,,,,,41.0,28.0,289.0,10.3,2,16.0,53.7,25.0,1.9,19.3,68.3%,7.0,28.0,10.3,289.0,2,1.0
348,84,Jets,Stephen Hill,21,WR,11,8,,,0,,,,,,,47.0,21.0,252.0,12.0,3,17.0,42.6,33.0,1.9,22.9,44.7%,5.4,21.0,12.0,252.0,3,
349,10,Jets,Santonio Holmes,28,WR,4,4,,,0,,,,,,,41.0,20.0,272.0,13.6,1,15.0,41.5,38.0,5.0,68.0,48.8%,6.6,20.0,13.6,272.0,1,1.0
350,87,Jets,Konrad Reuland,25,TE,16,3,,,0,,,,,,,16.0,11.0,83.0,7.5,0,6.0,50.0,18.0,0.7,5.2,68.8%,5.2,11.0,7.5,83.0,0,
351,17,Jets,Braylon Edwards,29,WR,3,3,,,0,,,,,,,18.0,10.0,125.0,12.5,0,8.0,44.4,19.0,3.3,41.7,55.6%,6.9,10.0,12.5,125.0,0,
352,16,Jets,Mardy Gilyard,26,WR,2,0,,,0,,,,,,,5.0,2.0,15.0,7.5,0,,,11.0,1.0,7.5,40.0%,3.0,2.0,7.5,15.0,0,
353,89,Jets,Jason Hill,27,WR,4,0,,,0,,,,,,,3.0,2.0,15.0,7.5,1,2.0,66.7,10.0,0.5,3.8,66.7%,5.0,2.0,7.5,15.0,1,
354,21,Jets,Kahlil Bell,26,RB,3,0,,,0,,,,,,,1.0,1.0,2.0,2.0,0,,,2.0,0.3,0.7,100.0%,2.0,1.0,2.0,2.0,0,1.0
355,54,Jets,Nick Bellore,23,LB,16,0,,,0,,,,,,,1.0,1.0,23.0,23.0,0,1.0,100.0,23.0,0.1,1.4,100.0%,23.0,1.0,23.0,23.0,0,1.0
356,31,Jets,Antonio Cromartie,28,RCB,16,16,,,0,,,,,,,3.0,1.0,-2.0,-2.0,0,,,-2.0,0.1,-0.1,33.3%,-0.7,1.0,-2.0,-2.0,0,
357,83,Jets,Dedrick Epps,24,TE,3,0,,,0,,,,,,,1.0,1.0,9.0,9.0,0,,,9.0,0.3,3.0,100.0%,9.0,1.0,9.0,9.0,0,1.0
358,82,Jets,Hayden Smith,27,TE,5,0,,,0,,,,,,,1.0,1.0,16.0,16.0,0,1.0,100.0,16.0,0.2,3.2,100.0%,16.0,1.0,16.0,16.0,0,
359,89,Jets,Jordan White,24,WR,3,0,,,0,,,,,,,3.0,1.0,13.0,13.0,0,1.0,33.3,13.0,0.3,4.3,33.3%,4.3,1.0,13.0,13.0,0,
360,38,Jets,John Conner,25,RB,3,2,,,0,,,,,,,1.0,0.0,0.0,,0,,,0.0,0.0,0.0,0.0%,0.0,,,,0,
361,88,Jets,Patrick Turner,25,WR,2,0,,,0,,,,,,,5.0,0.0,0.0,,0,,,0.0,0.0,0.0,0.0%,0.0,,,,0,
362,25,Lions,Mikel Leshoure,22,RB,14,14,215.0,798.0,9,47.0,45.6,16.0,3.7,57.0,15.4,49.0,34.0,214.0,6.3,0,12.0,40.8,15.0,2.4,15.3,69.4%,4.4,249.0,4.1,1012.0,9,3.0
363,35,Lions,Joique Bell,26,RB,16,0,82.0,414.0,3,16.0,52.4,67.0,5.0,25.9,5.1,68.0,52.0,485.0,9.3,0,29.0,60.3,50.0,3.3,30.3,76.5%,7.1,134.0,6.7,899.0,3,2.0
364,30,Lions,Kevin Smith,26,RB,12,2,37.0,134.0,1,5.0,43.2,19.0,3.6,11.2,3.1,16.0,10.0,79.0,7.9,1,6.0,37.5,13.0,0.8,6.6,62.5%,4.9,47.0,4.5,213.0,2,
365,9,Lions,Matthew Stafford,24,QB,16,16,35.0,126.0,4,12.0,51.4,11.0,3.6,7.9,2.2,1.0,1.0,3.0,3.0,0,0.0,0.0,3.0,0.1,0.2,100.0%,3.0,36.0,3.6,129.0,4,6.0
366,13,Lions,Nate Burleson,31,WR,6,5,8.0,48.0,0,2.0,62.5,16.0,6.0,8.0,1.3,43.0,27.0,240.0,8.9,2,15.0,51.2,26.0,4.5,40.0,62.8%,5.6,35.0,8.2,288.0,2,
367,19,Lions,Mike Thomas,25,WR,9,1,6.0,58.0,0,3.0,83.3,22.0,9.7,6.4,0.7,13.0,5.0,28.0,5.6,1,3.0,30.8,12.0,0.6,3.1,38.5%,2.2,11.0,7.8,86.0,1,
368,11,Lions,Stefan Logan,31,RB,16,0,3.0,17.0,0,1.0,66.7,13.0,5.7,1.1,0.2,7.0,6.0,28.0,4.7,0,2.0,57.1,10.0,0.4,1.8,85.7%,4.0,9.0,5.0,45.0,0,6.0
369,16,Lions,Titus Young,23,WR,10,8,2.0,16.0,0,1.0,100.0,11.0,8.0,1.6,0.2,56.0,33.0,383.0,11.6,4,20.0,44.6,46.0,3.3,38.3,58.9%,6.8,35.0,11.4,399.0,4,
370,34,Lions,Keiland Williams,26,RB,5,0,2.0,3.0,0,,,2.0,1.5,0.6,0.4,2.0,2.0,9.0,4.5,0,,,5.0,0.4,1.8,100.0%,4.5,4.0,3.0,12.0,0,
371,14,Lions,Shaun Hill,32,QB,1,0,1.0,-1.0,0,0.0,0.0,-1.0,-1.0,-1.0,1.0,,,,,0,,,,,,,,1.0,-1.0,-1.0,0,
372,81,Lions,Calvin Johnson,27,WR,16,16,,,0,,,,,,,204.0,122.0,1964.0,16.1,5,92.0,55.4,53.0,7.6,122.8,59.8%,9.6,122.0,16.1,1964.0,5,3.0
373,87,Lions,Brandon Pettigrew,27,TE,14,11,,,0,,,,,,,102.0,59.0,567.0,9.6,3,33.0,47.1,24.0,4.2,40.5,57.8%,5.6,59.0,9.6,567.0,3,4.0
374,85,Lions,Tony Scheffler,29,TE,15,4,,,0,,,,,,,85.0,42.0,504.0,12.0,1,28.0,43.5,57.0,2.8,33.6,49.4%,5.9,42.0,12.0,504.0,1,
375,84,Lions,Ryan Broyles,24,WR,10,3,,,0,,,,,,,32.0,22.0,310.0,14.1,2,16.0,65.6,40.0,2.2,31.0,68.8%,9.7,22.0,14.1,310.0,2,
376,89,Lions,Will Heller,31,TE,16,5,,,0,,,,,,,23.0,17.0,150.0,8.8,1,9.0,60.9,19.0,1.1,9.4,73.9%,6.5,17.0,8.8,150.0,1,
377,18,Lions,Kris Durham,24,WR,4,3,,,0,,,,,,,21.0,8.0,125.0,15.6,1,7.0,38.1,27.0,2.0,31.3,38.1%,6.0,8.0,15.6,125.0,1,
378,80,Lions,Brian Robiskie,25,WR,6,0,,,0,,,,,,,6.0,4.0,44.0,11.0,1,3.0,66.7,21.0,0.7,7.3,66.7%,7.3,4.0,11.0,44.0,1,
379,45,Lions,Shaun Chapas,24,RB,3,1,,,0,,,,,,,2.0,1.0,6.0,6.0,0,,,6.0,0.3,2.0,50.0%,3.0,1.0,6.0,6.0,0,
380,20,Packers,Alex Green,24,RB,12,4,135.0,464.0,0,17.0,37.8,41.0,3.4,38.7,11.3,30.0,18.0,125.0,6.9,0,6.0,36.7,19.0,1.5,10.4,60.0%,4.2,153.0,3.8,589.0,0,1.0
381,32,Packers,Cedric Benson,30,RB,5,5,71.0,248.0,1,10.0,49.3,11.0,3.5,49.6,14.2,15.0,14.0,97.0,6.9,0,5.0,73.3,18.0,2.8,19.4,93.3%,6.5,85.0,4.1,345.0,1,1.0
382,44,Packers,James Starks,26,RB,6,2,71.0,255.0,1,13.0,46.5,22.0,3.6,42.5,11.8,6.0,4.0,31.0,7.8,0,0.0,50.0,9.0,0.7,5.2,66.7%,5.2,75.0,3.8,286.0,1,1.0
383,12,Packers,Aaron Rodgers,29,QB,16,16,54.0,259.0,2,20.0,44.4,27.0,4.8,16.2,3.4,1.0,1.0,-1.0,-1.0,0,0.0,0.0,-1.0,0.1,-0.1,100.0%,-1.0,55.0,4.7,258.0,2,5.0
384,26,Packers,DuJuan Harris,24,RB,4,2,34.0,157.0,2,8.0,41.2,21.0,4.6,39.3,8.5,2.0,2.0,17.0,8.5,0,1.0,100.0,11.0,0.5,4.3,100.0%,8.5,36.0,4.8,174.0,2,
385,25,Packers,Ryan Grant,30,RB,4,1,31.0,127.0,2,8.0,38.7,18.0,4.1,31.8,7.8,2.0,1.0,34.0,34.0,0,1.0,50.0,34.0,0.3,8.5,50.0%,17.0,32.0,5.0,161.0,2,1.0
386,30,Packers,John Kuhn,30,FB,14,3,23.0,63.0,1,4.0,39.1,9.0,2.7,4.5,1.6,18.0,15.0,148.0,9.9,0,7.0,55.6,32.0,1.1,10.6,83.3%,8.2,38.0,5.6,211.0,1,
387,18,Packers,Randall Cobb,22,WR,15,8,10.0,132.0,0,7.0,90.0,28.0,13.2,8.8,0.7,104.0,80.0,954.0,11.9,8,47.0,59.6,39.0,5.3,63.6,76.9%,9.2,90.0,12.1,1086.0,8,4.0
388,6,Packers,Graham Harrell,27,QB,4,0,4.0,-3.0,0,0.0,0.0,0.0,-0.8,-0.8,1.0,,,,,0,,,,,,,,4.0,-0.8,-3.0,0,1.0
389,89,Packers,James Jones,28,WR,16,16,,,0,,,,,,,98.0,64.0,784.0,12.3,14,45.0,57.1,49.0,4.0,49.0,65.3%,8.0,64.0,12.3,784.0,14,
390,88,Packers,Jermichael Finley,25,TE,16,14,,,0,,,,,,,87.0,61.0,667.0,10.9,2,31.0,52.9,40.0,3.8,41.7,70.1%,7.7,61.0,10.9,667.0,2,1.0
391,87,Packers,Jordy Nelson,27,WR,12,10,,,0,,,,,,,73.0,49.0,745.0,15.2,7,36.0,57.5,73.0,4.1,62.1,67.1%,10.2,49.0,15.2,745.0,7,
392,85,Packers,Greg Jennings,29,WR,8,5,,,0,,,,,,,62.0,36.0,366.0,10.2,4,22.0,53.2,45.0,4.5,45.8,58.1%,5.9,36.0,10.2,366.0,4,
393,83,Packers,Tom Crabtree,27,TE,14,6,,,0,,,,,,,12.0,8.0,203.0,25.4,3,6.0,66.7,72.0,0.6,14.5,66.7%,16.9,8.0,25.4,203.0,3,
394,80,Packers,Donald Driver,37,WR,13,1,,,0,,,,,,,13.0,8.0,77.0,9.6,2,5.0,46.2,26.0,0.6,5.9,61.5%,5.9,8.0,9.6,77.0,2,
395,84,Packers,D.J. Williams,24,TE,13,2,,,0,,,,,,,15.0,7.0,57.0,8.1,0,3.0,40.0,12.0,0.5,4.4,46.7%,3.8,7.0,8.1,57.0,0,
396,11,Packers,Jarrett Boykin,23,WR,10,0,,,0,,,,,,,6.0,5.0,27.0,5.4,0,1.0,66.7,9.0,0.5,2.7,83.3%,4.5,5.0,5.4,27.0,0,
397,82,Packers,Ryan Taylor,25,TE,16,1,,,0,,,,,,,1.0,1.0,11.0,11.0,0,1.0,100.0,11.0,0.1,0.7,100.0%,11.0,1.0,11.0,11.0,0,
398,34,Panthers,DeAngelo Williams,29,RB,16,10,173.0,737.0,5,34.0,42.8,65.0,4.3,46.1,10.8,20.0,13.0,187.0,14.4,2,5.0,40.0,53.0,0.8,11.7,65.0%,9.4,186.0,5.0,924.0,7,2.0
399,1,Panthers,Cam Newton,23,QB,16,16,127.0,741.0,8,52.0,52.0,72.0,5.8,46.3,7.9,1.0,0.0,6.0,,0,0.0,0.0,6.0,0.0,0.4,0.0%,6.0,127.0,5.9,747.0,8,10.0
400,28,Panthers,Jonathan Stewart,25,RB,9,6,93.0,336.0,1,15.0,38.7,21.0,3.6,37.3,10.3,23.0,17.0,157.0,9.2,1,5.0,43.5,30.0,1.9,17.4,73.9%,6.8,110.0,4.5,493.0,2,2.0
401,35,Panthers,Mike Tolbert,27,RB,16,5,54.0,183.0,7,23.0,61.1,13.0,3.4,11.4,3.4,39.0,27.0,268.0,9.9,0,13.0,51.3,26.0,1.7,16.8,69.2%,6.9,81.0,5.6,451.0,7,
402,89,Panthers,Steve Smith Sr.,33,WR,16,16,3.0,27.0,0,1.0,66.7,15.0,9.0,1.7,0.2,137.0,73.0,1174.0,16.1,4,52.0,46.0,66.0,4.6,73.4,53.3%,8.6,76.0,15.8,1201.0,4,1.0
403,11,Panthers,Brandon LaFell,26,WR,14,12,3.0,35.0,0,1.0,100.0,25.0,11.7,2.5,0.2,76.0,44.0,677.0,15.4,4,31.0,48.7,62.0,3.1,48.4,57.9%,8.9,47.0,15.1,712.0,4,1.0
404,15,Panthers,Joe Adams,23,WR,9,0,3.0,13.0,0,,,5.0,4.3,1.4,0.3,1.0,1.0,7.0,7.0,0,,,7.0,0.1,0.8,100.0%,7.0,4.0,5.0,20.0,0,4.0
405,36,Panthers,Armond Smith,26,RB,4,0,3.0,0.0,0,,,3.0,0.0,0.0,0.8,,,,,0,,,,,,,,3.0,0.0,,0,
406,83,Panthers,Louis Murphy,25,WR,16,5,1.0,3.0,0,0.0,0.0,3.0,3.0,0.2,0.1,61.0,25.0,336.0,13.4,1,16.0,32.8,55.0,1.6,21.0,41.0%,5.5,26.0,13.0,339.0,1,1.0
407,81,Panthers,Kealoha Pilares,24,WR,8,0,1.0,17.0,0,1.0,100.0,12.0,17.0,2.1,0.1,4.0,2.0,42.0,21.0,1,1.0,50.0,36.0,0.3,5.3,50.0%,10.5,3.0,19.7,59.0,1,
408,43,Panthers,Haruki Nakamura,26,FS,13,13,1.0,-4.0,0,,,-4.0,-4.0,-0.3,0.1,,,,,0,,,,,,,,1.0,-4.0,-4.0,0,
409,88,Panthers,Greg Olsen,27,TE,16,16,,,0,,,,,,,104.0,69.0,843.0,12.2,5,44.0,54.8,47.0,4.3,52.7,66.3%,8.1,69.0,12.2,843.0,5,
410,82,Panthers,Gary Barnidge,27,TE,16,5,,,0,,,,,,,6.0,6.0,78.0,13.0,1,3.0,83.3,24.0,0.4,4.9,100.0%,13.0,6.0,13.0,78.0,1,
411,14,Panthers,Armanti Edwards,24,QB,16,0,,,0,,,,,,,9.0,5.0,121.0,24.2,0,3.0,44.4,82.0,0.3,7.6,55.6%,13.4,5.0,24.2,121.0,0,
412,84,Panthers,Ben Hartsock,32,TE,15,5,,,0,,,,,,,3.0,2.0,30.0,15.0,0,1.0,33.3,25.0,0.1,2.0,66.7%,10.0,2.0,15.0,30.0,0,
413,47,Panthers,Richie Brockel,26,TE,16,0,,,0,,,,,,,1.0,0.0,0.0,,0,,,0.0,0.0,0.0,0.0%,0.0,,,,0,
414,69,Panthers,Jordan Gross,32,LT,16,16,,,0,,,,,,,1.0,0.0,1.0,,0,,,1.0,0.0,0.1,0.0%,1.0,,,1.0,0,
415,22,Patriots,Stevan Ridley,23,RB,16,12,290.0,1263.0,12,83.0,52.8,41.0,4.4,78.9,18.1,14.0,6.0,51.0,8.5,0,2.0,28.6,20.0,0.4,3.2,42.9%,3.6,296.0,4.4,1314.0,12,4.0
416,39,Patriots,Danny Woodhead,27,RB,16,2,76.0,301.0,4,20.0,52.6,19.0,4.0,18.8,4.8,55.0,40.0,446.0,11.2,3,23.0,54.5,25.0,2.5,27.9,72.7%,8.1,116.0,6.4,747.0,7,1.0
417,34,Patriots,Shane Vereen,23,RB,13,1,62.0,251.0,3,15.0,51.6,16.0,4.0,19.3,4.8,13.0,8.0,149.0,18.6,1,6.0,53.8,83.0,0.6,11.5,61.5%,11.5,70.0,5.7,400.0,4,1.0
418,38,Patriots,Brandon Bolden,22,RB,10,0,56.0,274.0,2,18.0,53.6,27.0,4.9,27.4,5.6,2.0,2.0,11.0,5.5,0,1.0,50.0,11.0,0.2,1.1,100.0%,5.5,58.0,4.9,285.0,2,
419,12,Patriots,Tom Brady,35,QB,16,16,23.0,32.0,4,12.0,56.5,7.0,1.4,2.0,1.4,,,,,0,,,,,,,,23.0,1.4,32.0,4,2.0
420,15,Patriots,Ryan Mallett,24,QB,4,0,8.0,-9.0,0,0.0,0.0,-1.0,-1.1,-2.3,2.0,,,,,0,,,,,,,,8.0,-1.1,-9.0,0,
421,11,Patriots,Julian Edelman,26,WR,9,3,4.0,45.0,0,2.0,50.0,47.0,11.3,5.0,0.4,32.0,21.0,235.0,11.2,3,12.0,56.3,56.0,2.3,26.1,65.6%,7.3,25.0,11.2,280.0,3,1.0
422,83,Patriots,Wes Welker,31,WR,16,12,2.0,20.0,0,2.0,100.0,11.0,10.0,1.3,0.1,174.0,118.0,1354.0,11.5,6,71.0,56.9,59.0,7.4,84.6,67.8%,7.8,120.0,11.5,1374.0,6,3.0
423,81,Patriots,Aaron Hernandez,23,TE,10,10,1.0,5.0,0,1.0,100.0,5.0,5.0,0.5,0.1,83.0,51.0,483.0,9.5,5,27.0,53.0,31.0,5.1,48.3,61.4%,5.8,52.0,9.4,488.0,5,
424,30,Patriots,Lex Hilliard,28,RB,2,0,1.0,2.0,0,1.0,100.0,2.0,2.0,1.0,0.5,,,,,0,,,,,,,,1.0,2.0,2.0,0,
425,85,Patriots,Brandon Lloyd,31,WR,16,15,,,0,,,,,,,131.0,74.0,911.0,12.3,4,50.0,51.1,53.0,4.6,56.9,56.5%,7.0,74.0,12.3,911.0,4,
426,87,Patriots,Rob Gronkowski,23,TE,11,11,,,0,,,,,,,79.0,55.0,790.0,14.4,11,45.0,68.4,41.0,5.0,71.8,69.6%,10.0,55.0,14.4,790.0,11,1.0
427,84,Patriots,Deion Branch,33,WR,10,4,,,0,,,,,,,29.0,16.0,145.0,9.1,0,10.0,51.7,25.0,1.6,14.5,55.2%,5.0,16.0,9.1,145.0,0,
428,47,Patriots,Michael Hoomanawanui,24,TE,14,6,,,0,,,,,,,7.0,5.0,109.0,21.8,0,4.0,71.4,41.0,0.4,7.8,71.4%,15.6,5.0,21.8,109.0,0,
429,86,Patriots,Daniel Fells,29,TE,13,4,,,0,,,,,,,10.0,4.0,85.0,21.3,0,3.0,40.0,35.0,0.3,6.5,40.0%,8.5,4.0,21.3,85.0,0,
430,19,Patriots,Donte' Stallworth,32,WR,1,0,,,0,,,,,,,2.0,1.0,63.0,63.0,1,1.0,50.0,63.0,1.0,63.0,50.0%,31.5,1.0,63.0,63.0,1,
431,82,Patriots,Kellen Winslow,29,TE,1,0,,,0,,,,,,,2.0,1.0,12.0,12.0,0,1.0,50.0,12.0,1.0,12.0,50.0%,6.0,1.0,12.0,12.0,0,
432,80,Patriots,Visanthe Shiancoe,32,TE,4,0,,,0,,,,,,,1.0,0.0,0.0,,0,,,0.0,0.0,0.0,0.0%,0.0,,,,0,
433,20,Raiders,Darren McFadden,25,RB,12,12,216.0,707.0,2,35.0,35.2,64.0,3.3,58.9,18.0,63.0,42.0,258.0,6.1,1,12.0,33.3,20.0,3.5,21.5,66.7%,4.1,258.0,3.7,965.0,3,2.0
434,45,Raiders,Marcel Reece,27,RB,16,14,59.0,271.0,0,16.0,54.2,17.0,4.6,16.9,3.7,73.0,52.0,496.0,9.5,1,23.0,46.6,56.0,3.3,31.0,71.2%,6.8,111.0,6.9,767.0,1,2.0
435,25,Raiders,Mike Goodson,25,RB,12,0,35.0,221.0,0,6.0,42.9,43.0,6.3,18.4,2.9,16.0,16.0,195.0,12.2,1,9.0,75.0,64.0,1.3,16.3,100.0%,12.2,51.0,8.2,416.0,1,
436,32,Raiders,Jeremy Stewart,23,RB,4,0,25.0,101.0,0,3.0,36.0,14.0,4.0,25.3,6.3,8.0,8.0,62.0,7.8,0,2.0,25.0,26.0,2.0,15.5,100.0%,7.8,33.0,4.9,163.0,0,
437,3,Raiders,Carson Palmer,33,QB,15,15,18.0,36.0,1,7.0,50.0,9.0,2.0,2.4,1.2,,,,,0,,,,,,,,18.0,2.0,36.0,1,7.0
438,6,Raiders,Terrelle Pryor,23,QB,3,1,10.0,51.0,1,4.0,60.0,9.0,5.1,17.0,3.3,1.0,1.0,22.0,22.0,0,1.0,100.0,22.0,0.3,7.3,100.0%,22.0,11.0,6.6,73.0,1,
439,22,Raiders,Taiwan Jones,24,RB,14,0,6.0,21.0,0,1.0,33.3,7.0,3.5,1.5,0.4,2.0,2.0,11.0,5.5,0,0.0,0.0,7.0,0.1,0.8,100.0%,5.5,8.0,4.0,32.0,0,1.0
440,85,Raiders,Darrius Heyward-Bey,25,WR,15,14,2.0,16.0,0,1.0,50.0,20.0,8.0,1.1,0.1,80.0,41.0,606.0,14.8,5,25.0,41.3,59.0,2.7,40.4,51.3%,7.6,43.0,14.5,622.0,5,
441,9,Raiders,Shane Lechler,36,P,16,0,2.0,0.0,0,,,0.0,0.0,0.0,0.1,,,,,0,,,,,,,,2.0,0.0,,0,
442,44,Raiders,Owen Schmitt,27,RB,13,4,2.0,1.0,0,1.0,50.0,2.0,0.5,0.1,0.2,,,,,0,,,,,,,,2.0,0.5,1.0,0,
443,17,Raiders,Denarius Moore,24,WR,15,15,1.0,-5.0,0,0.0,0.0,-5.0,-5.0,-0.3,0.1,114.0,51.0,741.0,14.5,7,33.0,39.5,58.0,3.4,49.4,44.7%,6.5,52.0,14.2,736.0,7,3.0
444,83,Raiders,Brandon Myers,27,TE,16,16,,,0,,,,,,,105.0,79.0,806.0,10.2,4,42.0,57.1,29.0,4.9,50.4,75.2%,7.7,79.0,10.2,806.0,4,
445,80,Raiders,Rod Streater,24,WR,16,2,,,0,,,,,,,74.0,39.0,584.0,15.0,3,27.0,45.9,64.0,2.4,36.5,52.7%,7.9,39.0,15.0,584.0,3,1.0
446,10,Raiders,Derek Hagan,28,WR,14,2,,,0,,,,,,,36.0,20.0,259.0,13.0,0,14.0,50.0,38.0,1.4,18.5,55.6%,7.2,20.0,13.0,259.0,0,
447,84,Raiders,Juron Criner,23,WR,12,0,,,0,,,,,,,33.0,16.0,151.0,9.4,1,10.0,42.4,17.0,1.3,12.6,48.5%,4.6,16.0,9.4,151.0,1,1.0
448,86,Raiders,David Ausberry,25,WR,16,0,,,0,,,,,,,12.0,7.0,92.0,13.1,0,5.0,41.7,31.0,0.4,5.8,58.3%,7.7,7.0,13.1,92.0,0,
449,82,Raiders,Richard Gordon,25,TE,13,1,,,0,,,,,,,7.0,2.0,9.0,4.5,1,1.0,14.3,8.0,0.2,0.7,28.6%,1.3,2.0,4.5,9.0,1,
450,39,Rams,Steven Jackson,29,RB,16,16,258.0,1045.0,4,49.0,45.3,46.0,4.1,65.3,16.1,53.0,38.0,321.0,8.4,0,13.0,49.1,22.0,2.4,20.1,71.7%,6.1,296.0,4.6,1366.0,4,
451,26,Rams,Daryl Richardson,22,RB,16,0,98.0,475.0,0,22.0,42.9,53.0,4.8,29.7,6.1,36.0,24.0,163.0,6.8,0,7.0,22.2,26.0,1.5,10.2,66.7%,4.5,122.0,5.2,638.0,0,3.0
452,8,Rams,Sam Bradford,25,QB,16,16,36.0,124.0,1,8.0,33.3,21.0,3.4,7.8,2.3,,,,,0,,,,,,,,36.0,3.4,124.0,1,7.0
453,24,Rams,Isaiah Pead,23,RB,15,1,10.0,54.0,0,2.0,60.0,19.0,5.4,3.6,0.7,4.0,3.0,16.0,5.3,0,0.0,50.0,9.0,0.2,1.1,75.0%,4.0,13.0,5.4,70.0,0,2.0
454,13,Rams,Chris Givens,23,WR,15,12,3.0,12.0,0,1.0,33.3,14.0,4.0,0.8,0.2,80.0,42.0,698.0,16.6,3,25.0,41.3,65.0,2.8,46.5,52.5%,8.7,45.0,15.8,710.0,3,
455,16,Rams,Danny Amendola,27,WR,11,8,2.0,8.0,0,0.0,50.0,6.0,4.0,0.7,0.2,101.0,63.0,666.0,10.6,3,39.0,50.5,56.0,5.7,60.5,62.4%,6.6,65.0,10.4,674.0,3,3.0
456,10,Rams,Kellen Clemens,29,QB,2,0,2.0,5.0,0,1.0,50.0,5.0,2.5,2.5,1.0,,,,,0,,,,,,,,2.0,2.5,5.0,0,1.0
457,6,Rams,Johnny Hekker,22,P,16,0,1.0,-9.0,0,0.0,0.0,-9.0,-9.0,-0.6,0.1,,,,,0,,,,,,,,1.0,-9.0,-9.0,0,2.0
458,11,Rams,Brandon Gibson,25,WR,16,13,,,0,,,,,,,82.0,51.0,691.0,13.5,5,43.0,59.8,34.0,3.2,43.2,62.2%,8.4,51.0,13.5,691.0,5,
459,88,Rams,Lance Kendricks,24,TE,16,14,,,0,,,,,,,64.0,42.0,519.0,12.4,4,24.0,48.4,80.0,2.6,32.4,65.6%,8.1,42.0,12.4,519.0,4,1.0
460,18,Rams,Austin Pettis,24,WR,14,2,,,0,,,,,,,48.0,30.0,261.0,8.7,4,16.0,52.1,36.0,2.1,18.6,62.5%,5.4,30.0,8.7,261.0,4,
461,12,Rams,Steve Smith,27,WR,9,2,,,0,,,,,,,25.0,14.0,131.0,9.4,0,7.0,52.0,25.0,1.6,14.6,56.0%,5.2,14.0,9.4,131.0,0,
462,83,Rams,Brian Quick,23,WR,15,1,,,0,,,,,,,27.0,11.0,156.0,14.2,2,6.0,33.3,39.0,0.7,10.4,40.7%,5.8,11.0,14.2,156.0,2,
463,82,Rams,Matthew Mulligan,27,TE,16,9,,,0,,,,,,,12.0,8.0,84.0,10.5,1,6.0,66.7,18.0,0.5,5.3,66.7%,7.0,8.0,10.5,84.0,1,
464,89,Rams,Mike McNeill,24,TE,14,1,,,0,,,,,,,7.0,4.0,31.0,7.8,0,1.0,28.6,10.0,0.3,2.2,57.1%,4.4,4.0,7.8,31.0,0,
465,46,Rams,Cory Harkey,22,TE,5,0,,,0,,,,,,,2.0,1.0,21.0,21.0,0,1.0,50.0,21.0,0.2,4.2,50.0%,10.5,1.0,21.0,21.0,0,
466,23,Rams,Rodney McLeod,22,DB,16,0,,,0,,,,,,,1.0,1.0,21.0,21.0,0,1.0,100.0,21.0,0.1,1.3,100.0%,21.0,1.0,21.0,21.0,0,
467,49,Rams,Brit Miller,26,LB,9,1,,,0,,,,,,,4.0,0.0,0.0,,0,,,0.0,0.0,0.0,0.0%,0.0,,,,0,1.0
468,59,Rams,Robert Turner,28,C/LG,16,16,,,0,,,,,,,1.0,0.0,4.0,,0,,,4.0,0.0,0.3,0.0%,4.0,,,4.0,0,
469,27,Ravens,Ray Rice,25,RB,16,16,257.0,1143.0,9,52.0,43.2,46.0,4.4,71.4,16.1,83.0,61.0,478.0,7.8,1,24.0,42.2,43.0,3.8,29.9,73.5%,5.8,318.0,5.1,1621.0,10,1.0
470,30,Ravens,Bernard Pierce,21,RB,16,0,108.0,532.0,1,24.0,45.4,78.0,4.9,33.3,6.8,11.0,7.0,47.0,6.7,0,4.0,54.5,11.0,0.4,2.9,63.6%,4.3,115.0,5.0,579.0,1,
471,5,Ravens,Joe Flacco,27,QB,16,16,32.0,22.0,3,11.0,34.4,16.0,0.7,1.4,2.0,,,,,0,,,,,,,,32.0,0.7,22.0,3,9.0
472,35,Ravens,Anthony Allen,24,RB,16,0,16.0,61.0,1,4.0,43.8,20.0,3.8,3.8,1.0,4.0,2.0,12.0,6.0,0,1.0,25.0,7.0,0.1,0.8,50.0%,3.0,18.0,4.1,73.0,1,
473,2,Ravens,Tyrod Taylor,23,QB,7,0,14.0,73.0,1,5.0,57.1,28.0,5.2,10.4,2.0,,,,,0,,,,,,,,14.0,5.2,73.0,1,
474,44,Ravens,Vonta Leach,31,FB,16,13,9.0,32.0,1,3.0,88.9,6.0,3.6,2.0,0.6,24.0,21.0,143.0,6.8,0,7.0,54.2,18.0,1.3,8.9,87.5%,6.0,30.0,5.8,175.0,1,
475,82,Ravens,Torrey Smith,23,WR,16,16,3.0,9.0,0,1.0,33.3,13.0,3.0,0.6,0.2,110.0,49.0,855.0,17.4,8,39.0,41.8,54.0,3.1,53.4,44.5%,7.8,52.0,16.6,864.0,8,
476,4,Ravens,Sam Koch,30,P,16,0,2.0,17.0,1,2.0,100.0,10.0,8.5,1.1,0.1,,,,,0,,,,,,,,2.0,8.5,17.0,1,
477,81,Ravens,Anquan Boldin,32,WR,15,15,1.0,3.0,0,0.0,0.0,3.0,3.0,0.2,0.1,112.0,65.0,921.0,14.2,4,45.0,50.9,43.0,4.3,61.4,58.0%,8.2,66.0,14.0,924.0,4,
478,12,Ravens,Jacoby Jones,28,WR,16,3,1.0,6.0,0,0.0,100.0,6.0,6.0,0.4,0.1,55.0,30.0,406.0,13.5,1,16.0,43.6,47.0,1.9,25.4,54.5%,7.4,31.0,13.3,412.0,1,2.0
479,37,Ravens,Sean Considine,30,DB,16,0,1.0,3.0,0,,,3.0,3.0,0.2,0.1,,,,,0,,,,,,,,1.0,3.0,3.0,0,
480,88,Ravens,Dennis Pitta,27,TE,16,5,,,0,,,,,,,94.0,61.0,669.0,11.0,7,29.0,47.9,61.0,3.8,41.8,64.9%,7.1,61.0,11.0,669.0,7,
481,84,Ravens,Ed Dickson,25,TE,13,11,,,0,,,,,,,33.0,21.0,225.0,10.7,0,11.0,48.5,40.0,1.6,17.3,63.6%,6.8,21.0,10.7,225.0,0,
482,17,Ravens,Tandon Doss,23,WR,14,0,,,0,,,,,,,17.0,7.0,123.0,17.6,1,6.0,41.2,39.0,0.5,8.8,41.2%,7.2,7.0,17.6,123.0,1,
483,16,Ravens,David Reed,25,WR,5,0,,,0,,,,,,,6.0,5.0,66.0,13.2,0,2.0,66.7,23.0,1.0,13.2,83.3%,11.0,5.0,13.2,66.0,0,
484,83,Ravens,Deonte Thompson,23,WR,6,0,,,0,,,,,,,6.0,5.0,51.0,10.2,0,2.0,50.0,25.0,0.8,8.5,83.3%,8.5,5.0,10.2,51.0,0,1.0
485,86,Ravens,Billy Bajema,30,TE,8,1,,,0,,,,,,,1.0,0.0,0.0,,0,,,0.0,0.0,0.0,0.0%,0.0,,,,0,
486,28,Saints,Mark Ingram,23,RB,16,5,156.0,602.0,5,29.0,47.4,31.0,3.9,37.6,9.8,10.0,6.0,29.0,4.8,0,2.0,30.0,16.0,0.4,1.8,60.0%,2.9,162.0,3.9,631.0,5,
487,23,Saints,Pierre Thomas,28,RB,15,4,105.0,473.0,1,17.0,52.4,48.0,4.5,31.5,7.0,53.0,39.0,354.0,9.1,1,20.0,50.9,36.0,2.6,23.6,73.6%,6.7,144.0,5.7,827.0,2,
488,43,Saints,Darren Sproles,29,RB,13,6,48.0,244.0,1,10.0,41.7,47.0,5.1,18.8,3.7,104.0,75.0,667.0,8.9,7,30.0,47.1,44.0,5.8,51.3,72.1%,6.4,123.0,7.4,911.0,8,
489,29,Saints,Chris Ivory,24,RB,6,2,40.0,217.0,2,7.0,47.5,56.0,5.4,36.2,6.7,3.0,2.0,15.0,7.5,0,1.0,33.3,13.0,0.3,2.5,66.7%,5.0,42.0,5.5,232.0,2,
490,9,Saints,Drew Brees,33,QB,16,16,15.0,5.0,1,2.0,13.3,11.0,0.3,0.3,0.9,,,,,0,,,,,,,,15.0,0.3,5.0,1,5.0
491,10,Saints,Chase Daniel,26,QB,16,0,3.0,17.0,0,1.0,33.3,19.0,5.7,1.1,0.2,,,,,0,,,,,,,,3.0,5.7,17.0,0,
492,19,Saints,Devery Henderson,30,WR,15,9,1.0,13.0,0,1.0,100.0,13.0,13.0,0.9,0.1,47.0,22.0,316.0,14.4,1,10.0,38.3,41.0,1.5,21.1,46.8%,6.7,23.0,14.3,329.0,1,1.0
493,13,Saints,Joe Morgan,24,WR,14,5,1.0,1.0,0,0.0,0.0,1.0,1.0,0.1,0.1,21.0,10.0,379.0,37.9,3,9.0,47.6,80.0,0.7,27.1,47.6%,18.0,11.0,34.5,380.0,3,
494,39,Saints,Travaris Cadet,23,RB,13,0,1.0,5.0,0,1.0,100.0,5.0,5.0,0.4,0.1,8.0,5.0,44.0,8.8,0,3.0,50.0,17.0,0.4,3.4,62.5%,5.5,6.0,8.2,49.0,0,1.0
495,80,Saints,Jimmy Graham,26,TE,15,9,,,0,,,,,,,135.0,85.0,982.0,11.6,9,59.0,54.8,46.0,5.7,65.5,63.0%,7.3,85.0,11.6,982.0,9,1.0
496,12,Saints,Marques Colston,29,WR,16,13,,,0,,,,,,,130.0,83.0,1154.0,13.9,10,64.0,62.3,60.0,5.2,72.1,63.8%,8.9,83.0,13.9,1154.0,10,4.0
497,16,Saints,Lance Moore,29,WR,15,7,,,0,,,,,,,104.0,65.0,1041.0,16.0,6,55.0,59.6,51.0,4.3,69.4,62.5%,10.0,65.0,16.0,1041.0,6,
498,45,Saints,Jed Collins,26,FB,15,7,,,0,,,,,,,16.0,14.0,70.0,5.0,2,5.0,43.8,12.0,0.9,4.7,87.5%,4.4,14.0,5.0,70.0,2,1.0
499,85,Saints,David Thomas,29,TE,15,7,,,0,,,,,,,17.0,11.0,86.0,7.8,4,6.0,58.8,20.0,0.7,5.7,64.7%,5.1,11.0,7.8,86.0,4,
500,17,Saints,Greg Camarillo,30,WR,5,0,,,0,,,,,,,5.0,4.0,44.0,11.0,0,3.0,80.0,13.0,0.8,8.8,80.0%,8.8,4.0,11.0,44.0,0,
501,81,Saints,Michael Higgins,25,TE,2,1,,,0,,,,,,,1.0,1.0,-3.0,-3.0,0,,,-3.0,0.5,-1.5,100.0%,-3.0,1.0,-3.0,-3.0,0,
502,15,Saints,Courtney Roby,29,WR,13,0,,,0,,,,,,,2.0,1.0,9.0,9.0,0,,,9.0,0.1,0.7,50.0%,4.5,1.0,9.0,9.0,0,
503,24,Seahawks,Marshawn Lynch,26,RB,16,15,315.0,1590.0,11,70.0,48.6,77.0,5.0,99.4,19.7,30.0,23.0,196.0,8.5,1,11.0,60.0,27.0,1.4,12.3,76.7%,6.5,338.0,5.3,1786.0,12,5.0
504,3,Seahawks,Russell Wilson,24,QB,16,16,94.0,489.0,4,29.0,55.3,25.0,5.2,30.6,5.9,,,,,0,,,,,,,,94.0,5.2,489.0,4,6.0
505,22,Seahawks,Robert Turbin,23,RB,16,0,80.0,354.0,0,16.0,42.5,26.0,4.4,22.1,5.0,23.0,19.0,181.0,9.5,0,8.0,52.2,20.0,1.2,11.3,82.6%,7.9,99.0,5.4,535.0,0,
506,33,Seahawks,Leon Washington,30,RB,16,0,23.0,83.0,1,3.0,21.7,14.0,3.6,5.2,1.4,8.0,4.0,31.0,7.8,0,2.0,50.0,9.0,0.3,1.9,50.0%,3.9,27.0,4.2,114.0,1,2.0
507,26,Seahawks,Michael Robinson,29,FB,16,6,12.0,49.0,0,10.0,83.3,29.0,4.1,3.1,0.8,15.0,13.0,126.0,9.7,2,9.0,73.3,20.0,0.8,7.9,86.7%,8.4,25.0,7.0,175.0,2,
508,15,Seahawks,Matt Flynn,27,QB,3,0,4.0,-5.0,0,0.0,0.0,-1.0,-1.3,-1.7,1.3,,,,,0,,,,,,,,4.0,-1.3,-5.0,0,
509,81,Seahawks,Golden Tate,24,WR,15,15,3.0,20.0,0,1.0,66.7,13.0,6.7,1.3,0.2,68.0,45.0,688.0,15.3,7,28.0,48.5,51.0,3.0,45.9,66.2%,10.1,48.0,14.8,708.0,7,1.0
510,18,Seahawks,Sidney Rice,26,WR,16,16,2.0,6.0,0,0.0,0.0,3.0,3.0,0.4,0.1,82.0,50.0,748.0,15.0,7,38.0,56.1,46.0,3.1,46.8,61.0%,9.1,52.0,14.5,754.0,7,
511,9,Seahawks,Jon Ryan,31,P,16,0,2.0,-18.0,0,,,0.0,-9.0,-1.1,0.1,,,,,0,,,,,,,,2.0,-9.0,-18.0,0,1.0
512,87,Seahawks,Ben Obomanu,29,WR,8,0,1.0,11.0,0,1.0,100.0,11.0,11.0,1.4,0.1,9.0,4.0,58.0,14.5,0,1.0,22.2,36.0,0.5,7.3,44.4%,6.4,5.0,13.8,69.0,0,
513,86,Seahawks,Zach Miller,27,TE,16,15,,,0,,,,,,,53.0,38.0,396.0,10.4,3,18.0,58.5,30.0,2.4,24.8,71.7%,7.5,38.0,10.4,396.0,3,1.0
514,89,Seahawks,Doug Baldwin,24,WR,14,4,,,0,,,,,,,50.0,29.0,366.0,12.6,3,19.0,42.0,50.0,2.1,26.1,58.0%,7.3,29.0,12.6,366.0,3,
515,85,Seahawks,Anthony McCoy,25,TE,16,5,,,0,,,,,,,28.0,18.0,291.0,16.2,3,13.0,60.7,67.0,1.1,18.2,64.3%,10.4,18.0,16.2,291.0,3,
516,17,Seahawks,Braylon Edwards,29,WR,10,1,,,0,,,,,,,17.0,8.0,74.0,9.3,1,5.0,41.2,16.0,0.8,7.4,47.1%,4.4,8.0,9.3,74.0,1,
517,14,Seahawks,Charly Martin,28,WR,4,1,,,0,,,,,,,6.0,4.0,42.0,10.5,0,3.0,50.0,15.0,1.0,10.5,66.7%,7.0,4.0,10.5,42.0,0,
518,11,Seahawks,Jermaine Kearse,22,WR,7,1,,,0,,,,,,,7.0,3.0,31.0,10.3,0,2.0,42.9,17.0,0.4,4.4,42.9%,4.4,3.0,10.3,31.0,0,
519,82,Seahawks,Evan Moore,27,WR,14,1,,,0,,,,,,,6.0,1.0,6.0,6.0,0,1.0,16.7,6.0,0.1,0.4,16.7%,1.0,1.0,6.0,6.0,0,
520,27,Steelers,Jonathan Dwyer,23,RB,13,6,156.0,623.0,2,29.0,41.7,34.0,4.0,47.9,12.0,25.0,18.0,106.0,5.9,0,7.0,44.0,15.0,1.4,8.2,72.0%,4.2,174.0,4.2,729.0,2,2.0
521,33,Steelers,Isaac Redman,28,RB,14,5,110.0,410.0,2,28.0,40.9,28.0,3.7,29.3,7.9,23.0,19.0,244.0,12.8,0,10.0,65.2,55.0,1.4,17.4,82.6%,10.6,129.0,5.1,654.0,2,3.0
522,34,Steelers,Rashard Mendenhall,25,RB,6,4,51.0,182.0,0,9.0,45.1,20.0,3.6,30.3,8.5,10.0,9.0,62.0,6.9,1,4.0,50.0,15.0,1.5,10.3,90.0%,6.2,60.0,4.1,244.0,1,3.0
523,22,Steelers,Chris Rainey,24,RB,16,0,26.0,102.0,2,5.0,50.0,19.0,3.9,6.4,1.6,22.0,14.0,60.0,4.3,0,1.0,31.8,14.0,0.9,3.8,63.6%,2.7,40.0,4.1,162.0,2,4.0
524,7,Steelers,Ben Roethlisberger,30,QB,13,13,26.0,92.0,0,5.0,42.3,14.0,3.5,7.1,2.0,,,,,0,,,,,,,,26.0,3.5,92.0,0,6.0
525,20,Steelers,Baron Batch,25,RB,12,0,25.0,49.0,1,4.0,24.0,10.0,2.0,4.1,2.1,5.0,4.0,31.0,7.8,0,3.0,60.0,15.0,0.3,2.6,80.0%,6.2,29.0,2.8,80.0,1,
526,84,Steelers,Antonio Brown,24,WR,13,10,7.0,24.0,0,2.0,71.4,13.0,3.4,1.8,0.5,106.0,66.0,787.0,11.9,5,43.0,51.9,60.0,5.1,60.5,62.3%,7.4,73.0,11.1,811.0,5,4.0
527,17,Steelers,Mike Wallace,26,WR,15,14,5.0,7.0,0,1.0,20.0,13.0,1.4,0.5,0.3,119.0,64.0,836.0,13.1,8,33.0,42.9,82.0,4.3,55.7,53.8%,7.0,69.0,12.2,843.0,8,2.0
528,46,Steelers,Will Johnson,23,RB,16,7,2.0,7.0,0,0.0,50.0,5.0,3.5,0.4,0.1,26.0,15.0,137.0,9.1,1,8.0,50.0,26.0,0.9,8.6,57.7%,5.3,17.0,8.5,144.0,1,
529,88,Steelers,Emmanuel Sanders,25,WR,16,7,1.0,4.0,0,0.0,100.0,4.0,4.0,0.3,0.1,75.0,44.0,626.0,14.2,1,31.0,49.3,37.0,2.8,39.1,58.7%,8.3,45.0,14.0,630.0,1,3.0
530,18,Steelers,David Gilreath,24,WR,3,0,1.0,7.0,0,,,7.0,7.0,2.3,0.3,2.0,0.0,0.0,,0,,,0.0,0.0,0.0,0.0%,0.0,1.0,7.0,7.0,0,
531,4,Steelers,Byron Leftwich,32,QB,2,1,1.0,31.0,1,1.0,100.0,31.0,31.0,15.5,0.5,,,,,0,,,,,,,,1.0,31.0,31.0,1,1.0
532,6,Steelers,Shaun Suisham,31,K,16,0,1.0,-1.0,0,,,-1.0,-1.0,-0.1,0.1,,,,,0,,,,,,,,1.0,-1.0,-1.0,0,
533,83,Steelers,Heath Miller,30,TE,15,15,,,0,,,,,,,101.0,71.0,816.0,11.5,8,44.0,58.4,43.0,4.7,54.4,70.3%,8.1,71.0,11.5,816.0,8,
534,89,Steelers,Jerricho Cotchery,30,WR,14,2,,,0,,,,,,,27.0,17.0,205.0,12.1,0,12.0,55.6,24.0,1.2,14.6,63.0%,7.6,17.0,12.1,205.0,0,
535,81,Steelers,David Paulson,23,TE,16,5,,,0,,,,,,,11.0,7.0,51.0,7.3,0,1.0,63.6,9.0,0.4,3.2,63.6%,4.6,7.0,7.3,51.0,0,1.0
536,80,Steelers,Plaxico Burress,35,WR,4,3,,,0,,,,,,,7.0,3.0,42.0,14.0,1,3.0,42.9,18.0,0.8,10.5,42.9%,6.0,3.0,14.0,42.0,1,
537,45,Steelers,Leonard Pope,29,TE,16,2,,,0,,,,,,,4.0,3.0,9.0,3.0,2,2.0,75.0,7.0,0.2,0.6,75.0%,2.3,3.0,3.0,9.0,2,
538,74,Steelers,Willie Colon,29,LG,11,11,,,0,,,,,,,1.0,0.0,0.0,,0,,,0.0,0.0,0.0,0.0%,0.0,,,,0,
539,78,Steelers,Max Starks,30,LT,16,16,,,0,,,,,,,1.0,0.0,0.0,,0,,,0.0,0.0,0.0,0.0%,0.0,,,,0,1.0
540,23,Texans,Arian Foster,26,RB,16,16,351.0,1424.0,15,78.0,44.4,46.0,4.1,89.0,21.9,58.0,40.0,217.0,5.4,2,10.0,25.9,23.0,2.5,13.6,69.0%,3.7,391.0,4.2,1641.0,17,3.0
541,44,Texans,Ben Tate,24,RB,11,0,65.0,279.0,2,18.0,49.2,25.0,4.3,25.4,5.9,11.0,11.0,49.0,4.5,0,2.0,54.5,11.0,1.0,4.5,100.0%,4.5,76.0,4.3,328.0,2,1.0
542,28,Texans,Justin Forsett,27,RB,16,0,63.0,374.0,1,14.0,47.6,81.0,5.9,23.4,3.9,5.0,3.0,38.0,12.7,0,2.0,60.0,18.0,0.2,2.4,60.0%,7.6,66.0,6.2,412.0,1,
543,8,Texans,Matt Schaub,31,QB,16,16,21.0,-9.0,0,0.0,0.0,8.0,-0.4,-0.6,1.3,1.0,1.0,-6.0,-6.0,0,0.0,0.0,-6.0,0.1,-0.4,100.0%,-6.0,22.0,-0.7,-15.0,0,4.0
544,82,Texans,Keshawn Martin,22,WR,16,1,4.0,53.0,0,3.0,75.0,21.0,13.3,3.3,0.3,28.0,10.0,85.0,8.5,1,6.0,21.4,18.0,0.6,5.3,35.7%,3.0,14.0,9.9,138.0,1,1.0
545,13,Texans,T.J. Yates,25,QB,4,0,2.0,-1.0,1,1.0,50.0,1.0,-0.5,-0.3,0.5,,,,,0,,,,,,,,2.0,-0.5,-1.0,1,2.0
546,86,Texans,James Casey,28,FB,16,9,1.0,6.0,0,1.0,100.0,6.0,6.0,0.4,0.1,45.0,34.0,330.0,9.7,3,18.0,60.0,30.0,2.1,20.6,75.6%,7.3,35.0,9.6,336.0,3,
547,11,Texans,DeVier Posey,22,WR,11,0,1.0,-3.0,0,0.0,0.0,-3.0,-3.0,-0.3,0.1,14.0,6.0,87.0,14.5,0,3.0,35.7,36.0,0.5,7.9,42.9%,6.2,7.0,12.0,84.0,0,
548,80,Texans,Andre Johnson,31,WR,16,16,,,0,,,,,,,162.0,112.0,1598.0,14.3,4,79.0,61.1,60.0,7.0,99.9,69.1%,9.9,112.0,14.3,1598.0,4,
549,81,Texans,Owen Daniels,30,TE,15,14,,,0,,,,,,,104.0,62.0,716.0,11.5,6,38.0,47.1,39.0,4.1,47.7,59.6%,6.9,62.0,11.5,716.0,6,
550,83,Texans,Kevin Walter,31,WR,16,14,,,0,,,,,,,68.0,41.0,518.0,12.6,2,27.0,55.9,52.0,2.6,32.4,60.3%,7.6,41.0,12.6,518.0,2,
551,88,Texans,Garrett Graham,26,FB,15,9,,,0,,,,,,,39.0,28.0,263.0,9.4,3,16.0,53.8,30.0,1.9,17.5,71.8%,6.7,28.0,9.4,263.0,3,
552,18,Texans,Lestar Jean,24,WR,14,1,,,0,,,,,,,12.0,6.0,151.0,25.2,1,5.0,41.7,54.0,0.4,10.8,50.0%,12.6,6.0,25.2,151.0,1,
553,66,Texans,Andrew Gardner,26,T,3,0,,,0,,,,,,,1.0,0.0,0.0,,0,,,0.0,0.0,0.0,0.0%,0.0,,,,0,
554,28,Titans,Chris Johnson,27,RB,16,15,276.0,1243.0,6,46.0,41.7,94.0,4.5,77.7,17.3,49.0,36.0,232.0,6.4,0,7.0,36.7,22.0,2.3,14.5,73.5%,4.7,312.0,4.7,1475.0,6,5.0
555,10,Titans,Jake Locker,24,QB,11,11,41.0,291.0,1,14.0,48.8,32.0,7.1,26.5,3.7,1.0,0.0,0.0,,0,0.0,0.0,0.0,0.0,0.0,0.0%,0.0,41.0,7.1,291.0,1,4.0
556,23,Titans,Jamie Harper,23,RB,10,0,19.0,30.0,3,4.0,36.8,13.0,1.6,3.0,1.9,1.0,1.0,8.0,8.0,0,0.0,0.0,8.0,0.1,0.8,100.0%,8.0,20.0,1.9,38.0,3,
557,25,Titans,Darius Reynaud,28,WR,16,0,16.0,33.0,0,1.0,12.5,11.0,2.1,2.1,1.0,10.0,5.0,35.0,7.0,0,4.0,50.0,9.0,0.3,2.2,50.0%,3.5,21.0,3.2,68.0,0,1.0
558,8,Titans,Matt Hasselbeck,37,QB,8,5,13.0,38.0,0,2.0,23.1,16.0,2.9,4.8,1.6,,,,,0,,,,,,,,13.0,2.9,38.0,0,3.0
559,42,Titans,Collin Mooney,26,RB,2,0,5.0,19.0,0,2.0,40.0,8.0,3.8,9.5,2.5,,,,,0,,,,,,,,5.0,3.8,19.0,0,
560,45,Titans,Quinn Johnson,26,FB,16,8,4.0,5.0,0,2.0,50.0,3.0,1.3,0.3,0.3,8.0,5.0,40.0,8.0,0,2.0,25.0,17.0,0.3,2.5,62.5%,5.0,9.0,5.0,45.0,0,
561,21,Titans,Javon Ringer,25,RB,2,0,2.0,14.0,0,,,9.0,7.0,7.0,1.0,5.0,3.0,12.0,4.0,0,,,6.0,1.5,6.0,60.0%,2.4,5.0,5.2,26.0,0,
562,13,Titans,Kendall Wright,23,WR,15,5,1.0,4.0,0,0.0,100.0,4.0,4.0,0.3,0.1,104.0,64.0,626.0,9.8,4,38.0,49.0,38.0,4.3,41.7,61.5%,6.0,65.0,9.7,630.0,4,1.0
563,26,Titans,Jordan Babineaux,30,SS/FS,16,12,1.0,10.0,0,1.0,100.0,10.0,10.0,0.6,0.1,,,,,0,,,,,,,,1.0,10.0,10.0,0,
564,85,Titans,Nate Washington,29,WR,16,14,,,0,,,,,,,89.0,46.0,746.0,16.2,4,30.0,42.7,71.0,2.9,46.6,51.7%,8.4,46.0,16.2,746.0,4,1.0
565,18,Titans,Kenny Britt,24,WR,14,11,,,0,,,,,,,90.0,45.0,589.0,13.1,4,25.0,41.1,46.0,3.2,42.1,50.0%,6.5,45.0,13.1,589.0,4,2.0
566,89,Titans,Jared Cook,25,TE,13,5,,,0,,,,,,,73.0,44.0,523.0,11.9,4,24.0,47.9,61.0,3.4,40.2,60.3%,7.2,44.0,11.9,523.0,4,1.0
567,17,Titans,Damian Williams,24,WR,13,2,,,0,,,,,,,45.0,30.0,324.0,10.8,0,18.0,48.9,27.0,2.3,24.9,66.7%,7.2,30.0,10.8,324.0,0,
568,88,Titans,Craig Stevens,28,TE,15,15,,,0,,,,,,,33.0,23.0,275.0,12.0,1,14.0,51.5,46.0,1.5,18.3,69.7%,8.3,23.0,12.0,275.0,1,2.0
569,84,Titans,Taylor Thompson,23,TE,16,4,,,0,,,,,,,14.0,6.0,46.0,7.7,0,,,12.0,0.4,2.9,42.9%,3.3,6.0,7.7,46.0,0,
570,87,Titans,Lavelle Hawkins,26,WR,7,1,,,0,,,,,,,11.0,5.0,62.0,12.4,0,2.0,27.3,42.0,0.7,8.9,45.5%,5.6,5.0,12.4,62.0,0,
571,14,Titans,Michael Preston,23,WR,4,0,,,0,,,,,,,6.0,5.0,59.0,11.8,0,2.0,33.3,21.0,1.3,14.8,83.3%,9.8,5.0,11.8,59.0,0,
572,28,Vikings,Adrian Peterson,27,RB,16,16,348.0,2097.0,12,88.0,46.8,82.0,6.0,131.1,21.8,51.0,40.0,217.0,5.4,1,11.0,45.1,20.0,2.5,13.6,78.4%,4.3,388.0,6.0,2314.0,13,4.0
573,7,Vikings,Christian Ponder,24,QB,16,16,60.0,253.0,2,12.0,33.3,29.0,4.2,15.8,3.8,1.0,1.0,-15.0,-15.0,0,0.0,0.0,-15.0,0.1,-0.9,100.0%,-15.0,61.0,3.9,238.0,2,7.0
574,32,Vikings,Toby Gerhart,25,RB,16,0,50.0,169.0,1,11.0,38.0,22.0,3.4,10.6,3.1,27.0,20.0,155.0,7.8,0,9.0,37.0,21.0,1.3,9.7,74.1%,5.7,70.0,4.6,324.0,1,2.0
575,12,Vikings,Percy Harvin,24,WR,9,8,22.0,96.0,1,7.0,54.5,20.0,4.4,10.7,2.4,85.0,62.0,677.0,10.9,3,37.0,61.2,45.0,6.9,75.2,72.9%,8.0,84.0,9.2,773.0,4,2.0
576,48,Vikings,Matt Asiata,25,RB,16,0,3.0,9.0,0,,,5.0,3.0,0.6,0.2,1.0,1.0,2.0,2.0,0,,,2.0,0.1,0.1,100.0%,2.0,4.0,2.8,11.0,0,
577,17,Vikings,Jarius Wright,23,WR,7,1,2.0,11.0,0,1.0,50.0,8.0,5.5,1.6,0.3,36.0,22.0,310.0,14.1,2,14.0,44.4,65.0,3.1,44.3,61.1%,8.6,24.0,13.4,321.0,2,
578,14,Vikings,Joe Webb,26,QB,1,0,1.0,-1.0,0,,,-1.0,-1.0,-1.0,1.0,,,,,0,,,,,,,,1.0,-1.0,-1.0,0,
579,82,Vikings,Kyle Rudolph,23,TE,16,16,,,0,,,,,,,93.0,53.0,493.0,9.3,9,34.0,48.4,29.0,3.3,30.8,57.0%,5.3,53.0,9.3,493.0,9,
580,84,Vikings,Michael Jenkins,30,WR,16,8,,,0,,,,,,,72.0,40.0,449.0,11.2,2,25.0,44.4,32.0,2.5,28.1,55.6%,6.2,40.0,11.2,449.0,2,
581,81,Vikings,Jerome Simpson,26,WR,12,10,,,0,,,,,,,52.0,26.0,274.0,10.5,0,16.0,36.5,33.0,2.2,22.8,50.0%,5.3,26.0,10.5,274.0,0,2.0
582,19,Vikings,Devin Aromashodu,28,WR,15,0,,,0,,,,,,,22.0,11.0,182.0,16.5,0,10.0,50.0,31.0,0.7,12.1,50.0%,8.3,11.0,16.5,182.0,0,
583,89,Vikings,John Carlson,28,TE,14,6,,,0,,,,,,,14.0,8.0,43.0,5.4,0,4.0,35.7,14.0,0.6,3.1,57.1%,3.1,8.0,5.4,43.0,0,
584,40,Vikings,Rhett Ellison,24,FB,16,7,,,0,,,,,,,9.0,7.0,65.0,9.3,0,2.0,66.7,29.0,0.4,4.1,77.8%,7.2,7.0,9.3,65.0,0,
585,11,Vikings,Stephen Burton,23,WR,12,1,,,0,,,,,,,11.0,5.0,35.0,7.0,1,1.0,27.3,13.0,0.4,2.9,45.5%,3.2,5.0,7.0,35.0,1,
586,42,Vikings,Jerome Felton,26,FB,16,7,,,0,,,,,,,4.0,3.0,35.0,11.7,0,2.0,75.0,17.0,0.2,2.2,75.0%,8.8,3.0,11.7,35.0,0,
587,83,Vikings,Allen Reisner,24,TE,4,0,,,0,,,,,,,2.0,1.0,13.0,13.0,0,1.0,50.0,13.0,0.3,3.3,50.0%,6.5,1.0,13.0,13.0,0,
