,Rk,Date,G#,Week,Age,Tm,Unnamed: 6_level_1,Opp,Result,Att,Yds,TD,1D,YBC,YBC/Att,YAC,YAC/Att,BrkTkl,Att/Br,Tgt,Rec,Yds.1,TD.1,1D.1,YBC.1,YBC/R,YAC.1,YAC/R,ADOT,BrkTkl.1,Rec/Br,Drop,Drop%,Int,Rat,Year,Position,Player_Name,Team
0,1.0,2019-09-05,1.0,1.0,22.09,CHI,,GNB,L 3-10,6,18,0,2.0,11,1.8,7,1.2,0,,1,1,27,0,1.0,20,20.0,7,7.0,20.0,0,,0,0.0,0.0,118.7,2019,Running back,David Montgomery,Bears
1,2.0,2019-09-15,2.0,2.0,22.1,CHI,@,DEN,W 16-14,18,62,1,4.0,41,2.3,21,1.2,2,9.0,3,1,6,0,0.0,-1,-1.0,7,7.0,11.7,0,,0,0.0,0.0,42.4,2019,Running back,David Montgomery,Bears
2,3.0,2019-09-23,3.0,3.0,22.108,CHI,@,WAS,W 31-15,13,67,0,2.0,45,3.5,22,1.7,3,4.3,3,3,14,0,1.0,-9,-3.0,23,7.7,-3.0,1,3.0,0,0.0,0.0,86.1,2019,Running back,David Montgomery,Bears
3,4.0,2019-09-29,4.0,4.0,22.114,CHI,,MIN,W 16-6,21,53,0,1.0,23,1.1,30,1.4,1,21.0,5,3,14,0,1.0,3,1.0,11,3.7,1.2,0,,1,20.0,0.0,64.6,2019,Running back,David Montgomery,Bears
4,5.0,2019-10-06,5.0,5.0,22.121,CHI,@,OAK,L 21-24,11,25,1,1.0,14,1.3,11,1.0,2,5.5,1,1,11,0,1.0,7,7.0,4,4.0,7.0,0,,0,0.0,0.0,112.5,2019,Running back,David Montgomery,Bears
5,6.0,2019-10-20,6.0,7.0,22.135,CHI,,NOR,L 25-36,2,6,0,,6,3.0,0,0.0,0,,2,2,13,0,,2,1.0,11,5.5,1.0,0,,0,0.0,0.0,93.7,2019,Running back,David Montgomery,Bears
6,7.0,2019-10-27,7.0,8.0,22.142,CHI,,LAC,L 16-17,27,135,1,10.0,98,3.6,37,1.4,3,9.0,5,4,12,0,0.0,-5,-1.3,17,4.3,-0.6,1,4.0,0,0.0,0.0,79.2,2019,Running back,David Montgomery,Bears
7,8.0,2019-11-03,8.0,9.0,22.149,CHI,@,PHI,L 14-22,14,40,2,4.0,20,1.4,20,1.4,2,7.0,4,3,36,0,1.0,13,4.3,23,7.7,2.8,1,3.0,1,25.0,0.0,102.1,2019,Running back,David Montgomery,Bears
8,9.0,2019-11-10,9.0,10.0,22.156,CHI,,DET,W 20-13,17,60,0,2.0,33,1.9,27,1.6,3,5.7,0,0,0,0,0.0,0,,0,,,0,,0,0.0,,,2019,Running back,David Montgomery,Bears
9,10.0,2019-11-17,10.0,11.0,22.163,CHI,@,LAR,L 7-17,14,31,0,1.0,23,1.6,8,0.6,0,,3,1,19,0,1.0,-1,-1.0,20,20.0,1.3,0,,0,0.0,0.0,56.2,2019,Running back,David Montgomery,Bears
10,11.0,2019-11-24,11.0,12.0,22.17,CHI,,NYG,W 19-14,13,22,0,1.0,6,0.5,16,1.2,0,,3,2,9,0,0.0,-3,-1.5,12,6.0,6.3,2,1.0,0,0.0,0.0,70.1,2019,Running back,David Montgomery,Bears
11,12.0,2019-11-28,12.0,13.0,22.174,CHI,@,DET,W 24-20,16,75,0,6.0,37,2.3,38,2.4,1,16.0,2,2,12,1,1.0,2,1.0,10,5.0,1.0,1,2.0,0,0.0,0.0,131.2,2019,Running back,David Montgomery,Bears
12,13.0,2019-12-05,13.0,14.0,22.181,CHI,,DAL,W 31-24,20,86,0,4.0,21,1.1,65,3.3,3,6.7,1,0,0,0,0.0,0,,0,,-1.0,0,,0,0.0,0.0,39.6,2019,Running back,David Montgomery,Bears
13,14.0,2019-12-15,14.0,15.0,22.191,CHI,@,GNB,L 13-21,14,39,0,1.0,19,1.4,20,1.4,0,,1,1,10,0,0.0,3,3.0,7,7.0,3.0,0,,0,0.0,0.0,108.3,2019,Running back,David Montgomery,Bears
14,15.0,2019-12-22,15.0,16.0,22.198,CHI,,KAN,L 3-26,13,57,0,4.0,36,2.8,21,1.6,3,4.3,1,1,2,0,0.0,-2,-2.0,4,4.0,-2.0,0,,0,0.0,0.0,79.2,2019,Running back,David Montgomery,Bears
15,16.0,2019-12-29,16.0,17.0,22.205,CHI,@,MIN,W 21-19,23,113,1,7.0,63,2.7,50,2.2,5,4.6,0,0,0,0,0.0,0,,0,,,0,,0,0.0,,,2019,Running back,David Montgomery,Bears
16,,16 Games,,,,,,,8-8-0,242,889,6,50.0,496,2.0,393,1.6,28,8.6,35,25,185,1,7.0,29,1.2,156,6.2,2.7,6,4.2,2,5.7,0.0,93.2,2019,Running back,David Montgomery,Bears
