,Rk,Date,G#,Week,Age,Tm,Unnamed: 6_level_1,Opp,Result,Int,Tgt,Cmp,Cmp%,Yds,Yds/Cmp,Yds/Tgt,TD,Rat,DADOT,Air,YAC,Bltz,Hrry,QBKD,Sk,Prss,Comb,MTkl,MTkl%
0,1.0,2019-09-05,1.0,1.0,29.196,CHI,,GNB,L 3-10,0,0,0,,0,,,0,,,0,0,0,0,0,,0,,0,
1,2.0,2019-09-15,2.0,2.0,29.206,CHI,@,DEN,W 16-14,0,0,0,,0,,,0,,,0,0,0,0,0,1.0,1,2.0,0,0.0%
2,3.0,2019-09-23,3.0,3.0,29.214,CHI,@,WAS,W 31-15,0,0,0,,0,,,0,,,0,0,0,0,1,1.0,2,3.0,0,0.0%
3,4.0,2019-09-29,4.0,4.0,29.22,CHI,,MIN,W 16-6,0,0,0,,0,,,0,,,0,0,0,0,0,2.0,2,7.0,0,0.0%
4,5.0,2019-10-06,5.0,5.0,29.227,CHI,@,OAK,L 21-24,0,1,1,100.0%,5,5.0,5.0,0,87.5,1.0,1,4,0,1,0,0.0,1,4.0,0,0.0%
5,6.0,2019-10-20,6.0,7.0,29.241,CHI,,NOR,L 25-36,0,0,0,,0,,,0,,,0,0,0,0,0,0.0,0,1.0,0,0.0%
6,7.0,2019-10-27,7.0,8.0,29.248,CHI,,LAC,L 16-17,0,0,0,,0,,,0,,,0,0,0,0,1,0.0,1,0.0,0,
7,8.0,2019-11-03,8.0,9.0,29.255,CHI,@,PHI,L 14-22,0,0,0,,0,,,0,,,0,0,0,0,0,1.0,1,4.0,0,0.0%
8,9.0,2019-11-10,9.0,10.0,29.262,CHI,,DET,W 20-13,0,1,1,100.0%,3,3.0,3.0,0,79.2,-2.0,-2,5,0,0,1,1.0,2,3.0,0,0.0%
9,10.0,2019-11-17,10.0,11.0,29.269,CHI,@,LAR,L 7-17,0,0,0,,0,,,0,,,0,0,0,1,0,0.0,1,3.0,0,0.0%
10,11.0,2019-11-24,11.0,12.0,29.276,CHI,,NYG,W 19-14,0,0,0,,0,,,0,,,0,0,0,0,0,0.0,0,4.0,0,0.0%
11,12.0,2019-11-28,12.0,13.0,29.28,CHI,@,DET,W 24-20,0,0,0,,0,,,0,,,0,0,0,0,0,0.0,0,1.0,0,0.0%
12,13.0,2019-12-05,13.0,14.0,29.287,CHI,,DAL,W 31-24,0,0,0,,0,,,0,,,0,0,0,1,0,0.0,1,2.0,0,0.0%
13,14.0,2019-12-15,14.0,15.0,29.297,CHI,@,GNB,L 13-21,0,0,0,,0,,,0,,,0,0,0,0,0,0.0,0,2.0,0,0.0%
14,15.0,2019-12-22,15.0,16.0,29.304,CHI,,KAN,L 3-26,0,0,0,,0,,,0,,,0,0,0,0,0,0.0,0,2.0,0,0.0%
15,16.0,2019-12-29,16.0,17.0,29.311,CHI,@,MIN,W 21-19,0,0,0,,0,,,0,,,0,0,0,0,0,0.0,0,4.0,0,0.0%
16,,16 Games,,,,,,,8-8-0,0,2,2,100.0%,8,4.0,4.0,0,83.3,-0.5,-1,9,0,3,3,6.0,12,42.0,0,0.0%
