,Rk,Date,G#,Week,Age,Tm,Unnamed: 6_level_1,Opp,Result,Int,Tgt,Cmp,Cmp%,Yds,Yds/Cmp,Yds/Tgt,TD,Rat,DADOT,Air,YAC,Bltz,Hrry,QBKD,Sk,Prss,Comb,MTkl,MTkl%,Year
0,1.0,2019-09-05,1.0,1.0,26.044,CHI,,GNB,L 3-10,0,0,0,,0.0,,,0.0,,,0.0,0.0,0,1,1,1.0,3,3.0,0,0.0%,2019
1,2.0,2019-09-15,2.0,2.0,26.054,CHI,@,DEN,W 16-14,0,0,0,,0.0,,,0.0,,,0.0,0.0,0,1,0,0.0,1,1.0,0,0.0%,2019
2,3.0,2019-09-23,3.0,3.0,26.062,CHI,@,WAS,W 31-15,0,0,0,,0.0,,,0.0,,,0.0,0.0,0,0,1,0.0,1,2.0,0,0.0%,2019
3,4.0,2019-09-29,4.0,4.0,26.068,CHI,,MIN,W 16-6,0,0,0,,0.0,,,0.0,,,0.0,0.0,0,0,0,1.5,2,3.0,1,25.0%,2019
4,5.0,2019-10-06,5.0,5.0,26.075,CHI,@,OAK,L 21-24,0,0,0,,0.0,,,0.0,,,0.0,0.0,0,1,0,0.0,1,4.0,1,20.0%,2019
5,6.0,2019-10-20,6.0,7.0,26.089,CHI,,NOR,L 25-36,0,0,0,,0.0,,,0.0,,,0.0,0.0,0,0,0,0.0,0,0.0,0,,2019
6,7.0,2019-10-27,7.0,8.0,26.096,CHI,,LAC,L 16-17,0,0,0,,0.0,,,0.0,,,0.0,0.0,0,0,1,0.0,1,2.0,0,0.0%,2019
7,8.0,2019-11-03,8.0,9.0,26.103,CHI,@,PHI,L 14-22,0,0,0,,0.0,,,0.0,,,0.0,0.0,0,0,0,0.0,0,3.0,0,0.0%,2019
8,9.0,2019-11-10,9.0,10.0,26.11,CHI,,DET,W 20-13,0,1,1,100.0%,0.0,,0.0,0.0,79.2,,0.0,0.0,0,2,1,0.0,3,0.0,2,100.0%,2019
9,10.0,2019-11-17,10.0,11.0,26.117,CHI,@,LAR,L 7-17,0,0,0,,0.0,,,0.0,,,0.0,0.0,0,0,0,0.0,0,5.0,0,0.0%,2019
10,11.0,2019-11-24,11.0,12.0,26.124,CHI,,NYG,W 19-14,0,0,0,,0.0,,,0.0,,,0.0,0.0,0,1,2,0.0,3,1.0,0,0.0%,2019
11,12.0,2019-11-28,12.0,13.0,26.128,CHI,@,DET,W 24-20,0,0,0,,0.0,,,0.0,,,0.0,0.0,0,0,0,0.0,0,0.0,0,,2019
12,13.0,2019-12-05,13.0,14.0,26.135,CHI,,DAL,W 31-24,0,0,0,,0.0,,,0.0,,,0.0,0.0,0,0,0,,0,,0,,2019
13,14.0,2019-12-22,15.0,16.0,26.152,CHI,,KAN,L 3-26,0,0,0,,0.0,,,0.0,,,0.0,0.0,0,0,0,0.0,0,3.0,1,25.0%,2019
14,15.0,2019-12-29,16.0,17.0,26.159,CHI,@,MIN,W 21-19,0,0,0,,0.0,,,0.0,,,0.0,0.0,0,1,0,0.0,1,3.0,0,0.0%,2019
15,,15 Games,,,,,,,8-7-0,0,1,1,100.0%,,,,,,,,,0,7,6,2.5,16,30.0,5,14.3%,2019
