,Rk,Date,G#,Week,Age,Tm,Unnamed: 6_level_1,Opp,Result,Tgt,Rec,Yds,TD,1D,YBC,YBC/R,YAC,YAC/R,ADOT,BrkTkl,Rec/Br,Drop,Drop%,Int,Rat,Att,Yds,TD,1D,YBC,YBC/Att,YAC,YAC/Att,BrkTkl,Att/Br
0,1.0,2019-09-05,1.0,1.0,24.041,CHI,,GNB,L 3-10,10,8,49,0,2,23,2.9,26,3.3,4.2,1,8.0,1,10.0,0,87.1,0,0,0,0,0,,0,,0,
1,2.0,2019-09-15,2.0,2.0,24.051,CHI,@,DEN,W 16-14,5,2,7,0,1,-5,-2.5,12,6.0,6.8,0,,1,20.0,0,47.9,4,18,0,1,13,3.3,5,1.3,0,
2,3.0,2019-09-23,3.0,3.0,24.059,CHI,@,WAS,W 31-15,4,2,26,0,1,-4,-2.0,30,15.0,4.5,0,,1,25.0,0,70.8,4,-2,0,0,-6,-1.5,4,1.0,1,4.0
3,4.0,2019-09-29,4.0,4.0,24.065,CHI,,MIN,W 16-6,5,2,7,1,1,2,1.0,5,2.5,6.4,0,,1,20.0,0,87.5,5,11,0,0,5,1.0,6,1.2,1,5.0
4,5.0,2019-10-06,5.0,5.0,24.072,CHI,@,OAK,L 21-24,7,6,39,0,1,-6,-1.0,45,7.5,-1.3,1,6.0,0,0.0,0,89.9,4,10,0,0,8,2.0,2,0.5,0,
5,6.0,2019-10-20,6.0,7.0,24.086,CHI,,NOR,L 25-36,12,9,19,0,1,-11,-1.2,30,3.3,-0.6,2,4.5,0,0.0,0,77.1,3,10,0,0,10,3.3,0,0.0,0,
6,7.0,2019-10-27,7.0,8.0,24.093,CHI,,LAC,L 16-17,3,3,37,0,1,13,4.3,24,8.0,4.3,0,,0,0.0,0,118.1,4,9,0,1,7,1.8,2,0.5,0,
7,8.0,2019-11-03,8.0,9.0,24.1,CHI,@,PHI,L 14-22,5,2,9,0,0,-3,-1.5,12,6.0,3.8,0,,2,40.0,0,47.9,2,7,0,1,7,3.5,0,0.0,0,
8,9.0,2019-11-10,9.0,10.0,24.107,CHI,,DET,W 20-13,4,4,23,1,1,-5,-1.3,28,7.0,-1.3,0,,0,0.0,0,130.2,3,14,0,1,10,3.3,4,1.3,0,
9,10.0,2019-11-17,10.0,11.0,24.114,CHI,@,LAR,L 7-17,6,5,35,1,2,20,4.0,15,3.0,7.0,0,,0,0.0,0,130.6,9,39,0,4,25,2.8,14,1.6,1,9.0
10,11.0,2019-11-24,11.0,12.0,24.121,CHI,,NYG,W 19-14,9,7,29,0,1,-4,-0.6,33,4.7,-0.2,0,,0,0.0,0,80.1,6,25,0,2,16,2.7,9,1.5,0,
11,12.0,2019-11-28,12.0,13.0,24.125,CHI,@,DET,W 24-20,4,4,26,0,2,11,2.8,15,3.8,2.8,0,,0,0.0,0,93.7,3,9,0,0,5,1.7,4,1.3,0,
12,13.0,2019-12-05,13.0,14.0,24.132,CHI,,DAL,W 31-24,6,6,24,0,1,1,0.2,23,3.8,0.2,0,,0,0.0,0,83.3,3,7,0,0,2,0.7,5,1.7,0,
13,14.0,2019-12-15,14.0,15.0,24.142,CHI,@,GNB,L 13-21,10,7,57,0,1,4,0.6,53,7.6,0.1,0,,2,20.0,1,44.6,8,28,0,3,10,1.3,18,2.3,2,4.0
14,15.0,2019-12-22,15.0,16.0,24.149,CHI,,KAN,L 3-26,4,3,25,0,1,0,0.0,25,8.3,0.3,0,,1,25.0,0,90.6,2,8,0,1,2,1.0,6,3.0,1,2.0
15,16.0,2019-12-29,16.0,17.0,24.156,CHI,@,MIN,W 21-19,10,9,44,0,1,-9,-1.0,53,5.9,-0.9,1,9.0,0,0.0,0,85.0,4,20,0,1,20,5.0,0,0.0,0,
16,,16 Games,,,,,,,8-8-0,104,79,456,3,18,27,0.3,429,5.4,1.8,5,15.8,9,8.7,1,89.3,64,213,0,15,134,2.1,79,1.2,6,10.7
