,Rk,Date,G#,Week,Age,Tm,Unnamed: 6_level_1,Opp,Result,Att,Yds,TD,1D,YBC,YBC/Att,YAC,YAC/Att,BrkTkl,Att/Br,Tgt,Rec,Yds,TD,1D,YBC,YBC/R,YAC,YAC/R,ADOT,BrkTkl,Rec/Br,Drop,Drop%,Int,Rat,Year
0,1.0,2022-09-08,1.0,1.0,22.013,LAR,,BUF,L 10-31,,,,,,,,,,,,,,,,,,,,,,,,0.0,,,2022
1,2.0,2022-11-13,9.0,10.0,22.079,LAR,,ARI,L 17-27,1.0,9.0,0.0,0.0,7.0,7.0,2.0,2.0,0.0,,3.0,3.0,30.0,0.0,3.0,9.0,3.0,21.0,7.0,3.0,0.0,,0.0,0.0,0.0,108.3,2022
2,3.0,2022-11-20,10.0,11.0,22.086,LAR,@,NOR,L 20-27,7.0,36.0,0.0,2.0,21.0,3.0,15.0,2.1,0.0,,2.0,1.0,8.0,0.0,1.0,0.0,0.0,8.0,8.0,-0.5,1.0,1.0,0.0,0.0,0.0,60.4,2022
3,4.0,2022-11-27,11.0,12.0,22.093,LAR,@,KAN,L 10-26,11.0,35.0,0.0,1.0,22.0,2.0,13.0,1.2,0.0,,3.0,3.0,25.0,0.0,1.0,1.0,0.3,24.0,8.0,0.3,0.0,,0.0,0.0,0.0,101.4,2022
4,5.0,2022-12-04,12.0,13.0,22.1,LAR,,SEA,L 23-27,3.0,9.0,0.0,1.0,2.0,0.7,7.0,2.3,0.0,,1.0,0.0,0.0,0.0,0.0,0.0,,0.0,,18.0,0.0,,0.0,0.0,1.0,0.0,2022
5,6.0,2022-12-08,13.0,14.0,22.104,LAR,,LVR,W 17-16,3.0,19.0,0.0,1.0,10.0,3.3,9.0,3.0,0.0,,2.0,1.0,10.0,0.0,0.0,-8.0,-8.0,18.0,18.0,-2.0,0.0,,0.0,0.0,0.0,64.6,2022
6,7.0,2022-12-19,14.0,15.0,22.115,LAR,@,GNB,L 12-24,2.0,7.0,0.0,,2.0,1.0,5.0,2.5,0.0,,0.0,0.0,0.0,0.0,,0.0,,0.0,,,0.0,,0.0,0.0,,,2022
7,8.0,2022-12-25,15.0,16.0,22.121,LAR,,DEN,W 51-14,6.0,18.0,0.0,1.0,13.0,2.2,5.0,0.8,0.0,,1.0,1.0,3.0,0.0,0.0,-6.0,-6.0,9.0,9.0,-6.0,0.0,,0.0,0.0,0.0,79.2,2022
8,9.0,2023-01-01,16.0,17.0,22.128,LAR,@,LAC,L 10-31,2.0,6.0,0.0,,3.0,1.5,3.0,1.5,0.0,,0.0,0.0,0.0,0.0,,0.0,,0.0,,,0.0,,0.0,0.0,,,2022
9,10.0,2023-01-08,17.0,18.0,22.135,LAR,@,SEA,L 16-19,,,,,,,,,,,,,,,,,,,,,,,,0.0,,,2022
10,,10 Games,,,,,,,2-8-0,35.0,139.0,0.0,6.0,80.0,2.3,59.0,1.7,0.0,,12.0,9.0,76.0,0.0,5.0,-4.0,-0.4,80.0,8.9,1.4,1.0,9.0,0.0,0.0,1.0,56.3,2022
