,Rk,Date,G#,Week,Age,Tm,Unnamed: 6_level_1,Opp,Result,Tgt,Rec,Yds,TD,1D,YBC,YBC/R,YAC,YAC/R,ADOT,BrkTkl,Rec/Br,Drop,Drop%,Int,Rat
0,1.0,2020-09-13,1.0,1.0,25.007,BAL,,CLE,W 38-6,6,5,58,2,5.0,54,10.8,4,0.8,10.5,0,,0,0.0,0,146.5
1,2.0,2020-09-20,2.0,2.0,25.014,BAL,@,HOU,W 33-16,3,1,29,0,1.0,11,11.0,18,18.0,12.7,0,,0,0.0,0,70.1
2,3.0,2020-09-28,3.0,3.0,25.022,BAL,,KAN,L 20-34,8,3,22,0,1.0,23,7.7,-1,-0.3,13.4,0,,3,37.5,0,45.8
3,4.0,2020-10-04,4.0,4.0,25.028,BAL,@,WAS,W 31-17,3,3,57,2,3.0,52,17.3,5,1.7,17.3,0,,0,0.0,0,158.3
4,5.0,2020-10-11,5.0,5.0,25.035,BAL,,CIN,W 27-3,9,6,56,1,5.0,47,7.8,9,1.5,10.7,0,,0,0.0,0,120.6
5,6.0,2020-10-18,6.0,6.0,25.042,BAL,@,PHI,W 30-28,4,2,21,0,1.0,5,2.5,16,8.0,4.8,0,,0,0.0,0,65.6
6,7.0,2020-11-01,7.0,8.0,25.056,BAL,,PIT,L 24-28,6,3,32,0,2.0,19,6.3,13,4.3,7.3,0,,0,0.0,1,26.4
7,8.0,2020-11-08,8.0,9.0,25.063,BAL,@,IND,W 24-10,5,3,22,0,1.0,15,5.0,7,2.3,3.6,0,,0,0.0,0,70.4
8,9.0,2020-11-15,9.0,10.0,25.07,BAL,@,NWE,L 17-23,9,7,61,0,2.0,39,5.6,22,3.1,5.3,0,,1,11.1,0,94.9
9,10.0,2020-11-22,10.0,11.0,25.077,BAL,,TEN,L 24-30,7,5,96,1,5.0,85,17.0,11,2.2,17.0,0,,0,0.0,0,153.3
10,11.0,2020-12-14,13.0,14.0,25.099,BAL,@,CLE,W 47-42,6,5,78,0,5.0,48,9.6,30,6.0,15.0,1,5.0,0,0.0,0,118.7
11,12.0,2020-12-20,14.0,15.0,25.105,BAL,,JAX,W 40-14,5,5,66,1,4.0,57,11.4,9,1.8,11.4,0,,0,0.0,0,158.3
12,13.0,2020-12-27,15.0,16.0,25.112,BAL,,NYG,W 27-13,10,6,76,0,2.0,56,9.3,20,3.3,10.5,1,6.0,1,10.0,0,83.7
13,14.0,2021-01-03,16.0,17.0,25.119,BAL,@,CIN,W 38-3,7,4,27,0,,8,2.0,19,4.8,6.1,0,,0,0.0,0,65.8
14,,14 Games,,,,,,,10-4-0,88,58,701,7,37.0,519,8.9,182,3.1,10.2,2,29.0,5,5.7,1,112.0
