,Rk,Date,G#,Week,Age,Tm,Unnamed: 6_level_1,Opp,Result,Tgt,Rec,Yds,TD,1D,YBC,YBC/R,YAC,YAC/R,ADOT,BrkTkl,Rec/Br,Drop,Drop%,Int,Rat,Year
0,1.0,2020-09-13,1.0,1.0,27.209,BAL,,CLE,W 38-6,3,2,3,0,,3,1.5,0,0.0,2.7,0,,0,0.0,0,70.1,2020
1,2.0,2020-09-20,2.0,2.0,27.216,BAL,@,HOU,W 33-16,1,1,11,0,1.0,6,6.0,5,5.0,6.0,0,,0,0.0,0,112.5,2020
2,3.0,2020-09-28,3.0,3.0,27.224,BAL,,KAN,L 20-34,1,1,5,1,1.0,5,5.0,0,0.0,5.0,0,,0,0.0,0,127.1,2020
3,4.0,2020-10-04,4.0,4.0,27.23,BAL,@,WAS,W 31-17,1,1,9,0,1.0,9,9.0,0,0.0,9.0,0,,0,0.0,0,104.2,2020
4,5.0,2020-10-11,5.0,5.0,27.237,BAL,,CIN,W 27-3,2,1,2,0,,2,2.0,0,0.0,2.0,0,,0,0.0,0,56.2,2020
5,6.0,2020-10-18,6.0,6.0,27.244,BAL,@,PHI,W 30-28,3,3,33,1,3.0,26,8.7,7,2.3,8.7,0,,0,0.0,0,152.1,2020
6,7.0,2020-11-01,7.0,8.0,27.258,BAL,,PIT,L 24-28,1,0,0,0,,0,,0,,7.0,0,,0,0.0,0,39.6,2020
7,8.0,2020-11-08,8.0,9.0,27.265,BAL,@,IND,W 24-10,4,4,46,0,2.0,17,4.3,29,7.3,4.3,0,,0,0.0,0,114.6,2020
8,9.0,2020-11-15,9.0,10.0,27.272,BAL,@,NWE,L 17-23,1,1,4,0,,4,4.0,0,0.0,4.0,0,,0,0.0,0,83.3,2020
9,,9 Games,,,,,,,6-3-0,17,14,113,2,8.0,72,5.1,41,2.9,5.1,0,,0,0.0,0,133.6,2020
