,Rk,Date,G#,Week,Age,Tm,Unnamed: 6_level_1,Opp,Result,Tgt,Rec,Yds,TD,1D,YBC,YBC/R,YAC,YAC/R,ADOT,BrkTkl,Rec/Br,Drop,Drop%,Int,Rat,Att,Yds,TD,1D,YBC,YBC/Att,YAC,YAC/Att,BrkTkl,Att/Br
0,1.0,2021-09-12,1.0,1.0,28.288,CLE,@,KAN,L 29-33,5,5,71,0,4.0,16,3.2,55,11.0,3.2,0,,0,0.0,0,118.7,2,13,1,2.0,9,4.5,4,2.0,0,
1,2.0,2021-09-19,2.0,2.0,28.295,CLE,,HOU,W 31-21,1,1,9,0,1.0,-2,-2.0,11,11.0,-2.0,0,,0,0.0,0,104.2,0,0,0,0.0,0,,0,,0,
2,3.0,2021-10-21,7.0,7.0,28.327,CLE,,DEN,W 17-14,8,5,37,0,3.0,23,4.6,14,2.8,6.9,0,,0,0.0,0,73.4,0,0,0,0.0,0,,0,,0,
3,4.0,2021-10-31,8.0,8.0,28.337,CLE,,PIT,L 10-15,10,5,65,0,3.0,42,8.4,23,4.6,12.7,1,5.0,1,10.0,0,70.8,1,5,0,1.0,1,1.0,4,4.0,1,1.0
4,5.0,2021-11-07,9.0,9.0,28.344,CLE,@,CIN,W 41-16,5,3,11,0,,-1,-0.3,12,4.0,6.4,0,,0,0.0,0,64.6,1,0,0,,0,0.0,0,0.0,0,
5,6.0,2021-11-14,10.0,10.0,28.351,CLE,@,NWE,L 7-45,5,4,26,0,3.0,5,1.3,21,5.3,1.4,0,,0,0.0,0,88.3,0,0,0,0.0,0,,0,,0,
6,7.0,2021-11-21,11.0,11.0,28.358,CLE,,DET,W 13-10,8,4,26,0,1.0,17,4.3,9,2.3,12.5,0,,0,0.0,2,17.7,1,16,1,1.0,14,14.0,2,2.0,0,
7,8.0,2021-11-28,12.0,12.0,29.0,CLE,@,BAL,L 10-16,10,6,111,0,5.0,62,10.3,49,8.2,11.1,0,,0,0.0,0,98.3,0,0,0,0.0,0,,0,,0,
8,9.0,2021-12-12,13.0,14.0,29.014,CLE,,BAL,W 24-22,10,5,41,1,2.0,31,6.2,10,2.0,7.1,0,,1,10.0,1,54.6,0,0,0,0.0,0,,0,,0,
9,10.0,2021-12-25,15.0,16.0,29.027,CLE,@,GNB,L 22-24,7,4,55,0,3.0,30,7.5,25,6.3,9.6,1,4.0,0,0.0,2,42.9,0,0,0,0.0,0,,0,,0,
10,11.0,2022-01-03,16.0,17.0,29.036,CLE,@,PIT,L 14-26,10,4,43,0,2.0,25,6.3,18,4.5,5.4,0,,0,0.0,0,53.3,1,6,0,0.0,5,5.0,1,1.0,0,
11,12.0,2022-01-09,17.0,18.0,29.042,CLE,,CIN,W 21-16,8,6,75,1,3.0,49,8.2,26,4.3,6.5,1,6.0,0,0.0,0,143.2,0,0,0,0.0,0,,0,,0,
12,,12 Games,,,,,,,6-6-0,87,52,570,2,30.0,297,5.7,273,5.3,7.9,3,17.3,2,2.3,5,62.9,6,40,2,4.0,29,4.8,11,1.8,1,6.0
