,Rk,Date,G#,Week,Age,Tm,Unnamed: 6_level_1,Opp,Result,Att,Yds,TD,1D,YBC,YBC/Att,YAC,YAC/Att,BrkTkl,Att/Br,Tgt,Rec,Yds.1,TD.1,1D.1,YBC.1,YBC/R,YAC.1,YAC/R,ADOT,BrkTkl.1,Rec/Br,Drop,Drop%,Int,Rat,Year,Position,Player_Name,Team
0,1.0,2021-09-12,1.0,1.0,25.259,CLE,@,KAN,L 29-33,15,83,2,4,48,3.2,35,2.3,2,7.5,2,2,18,0,2,-4,-2.0,22,11.0,-2.0,0,,0,0.0,0.0,104.2,2021,Running back,Nick Chubb,Browns
1,2.0,2021-09-19,2.0,2.0,25.266,CLE,,HOU,W 31-21,11,95,1,5,34,3.1,61,5.5,1,11.0,1,1,3,0,0,-5,-5.0,8,8.0,-5.0,0,,0,0.0,0.0,79.2,2021,Running back,Nick Chubb,Browns
2,3.0,2021-09-26,3.0,3.0,25.273,CLE,,CHI,W 26-6,22,84,0,4,64,2.9,20,0.9,1,22.0,0,0,0,0,0,0,,0,,,0,,0,0.0,,,2021,Running back,Nick Chubb,Browns
3,4.0,2021-10-03,4.0,4.0,25.28,CLE,@,MIN,W 14-7,21,100,0,5,38,1.8,62,3.0,1,21.0,1,1,5,0,0,4,4.0,1,1.0,4.0,0,,0,0.0,0.0,87.5,2021,Running back,Nick Chubb,Browns
4,5.0,2021-10-10,5.0,5.0,25.287,CLE,@,LAC,L 42-47,21,161,1,6,50,2.4,111,5.3,4,5.3,1,1,9,0,0,-2,-2.0,11,11.0,-2.0,0,,0,0.0,0.0,104.2,2021,Running back,Nick Chubb,Browns
5,6.0,2021-10-31,8.0,8.0,25.308,CLE,,PIT,L 10-15,16,61,0,4,30,1.9,31,1.9,0,,1,1,8,0,0,4,4.0,4,4.0,4.0,0,,0,0.0,0.0,100.0,2021,Running back,Nick Chubb,Browns
6,7.0,2021-11-07,9.0,9.0,25.315,CLE,@,CIN,W 41-16,14,137,2,6,21,1.5,116,8.3,3,4.7,2,2,26,0,1,20,10.0,6,3.0,10.0,1,2.0,0,0.0,0.0,118.7,2021,Running back,Nick Chubb,Browns
7,8.0,2021-11-21,11.0,11.0,25.329,CLE,,DET,W 13-10,22,130,0,8,75,3.4,55,2.5,4,5.5,2,2,14,1,2,-3,-1.5,17,8.5,-1.5,0,,0,0.0,0.0,135.4,2021,Running back,Nick Chubb,Browns
8,9.0,2021-11-28,12.0,12.0,25.336,CLE,@,BAL,L 10-16,8,16,0,0,0,0.0,16,2.0,0,,4,2,23,0,1,4,2.0,19,9.5,3.8,1,2.0,0,0.0,0.0,67.7,2021,Running back,Nick Chubb,Browns
9,10.0,2021-12-12,13.0,14.0,25.35,CLE,,BAL,W 24-22,17,59,0,3,38,2.2,21,1.2,1,17.0,4,3,6,0,0,-5,-1.7,11,3.7,-0.8,0,,0,0.0,0.0,77.1,2021,Running back,Nick Chubb,Browns
10,11.0,2021-12-20,14.0,15.0,25.358,CLE,,LVR,L 14-16,23,91,1,3,43,1.9,48,2.1,1,23.0,1,1,2,0,0,0,0.0,2,2.0,0.0,0,,0,0.0,0.0,79.2,2021,Running back,Nick Chubb,Browns
11,12.0,2021-12-25,15.0,16.0,25.363,CLE,@,GNB,L 22-24,17,126,1,7,77,4.5,49,2.9,2,8.5,4,3,58,0,3,-6,-2.0,64,21.3,0.0,1,3.0,0,0.0,0.0,116.7,2021,Running back,Nick Chubb,Browns
12,13.0,2022-01-03,16.0,17.0,26.007,CLE,@,PIT,L 14-26,12,58,0,3,35,2.9,23,1.9,0,,1,0,0,0,0,0,,0,,4.0,0,,0,0.0,0.0,39.6,2021,Running back,Nick Chubb,Browns
13,14.0,2022-01-09,17.0,18.0,26.013,CLE,,CIN,W 21-16,9,58,0,3,14,1.6,44,4.9,3,3.0,1,1,2,0,0,-5,-5.0,7,7.0,-5.0,1,1.0,0,0.0,0.0,79.2,2021,Running back,Nick Chubb,Browns
14,,14 Games,,,,,,,7-7-0,228,1259,8,61,567,2.5,692,3.0,23,9.9,25,20,174,1,9,2,0.1,172,8.6,1.0,4,5.0,0,0.0,0.0,109.0,2021,Running back,Nick Chubb,Browns
