,Rank,Player,Tackle,Assist,Sack,Pass Defended,Interception,Forced Fumble,Fumble Recovery,Defend Touchdown,Games Played,Fantasy Football Points,FTPS/Game,ROST,Position,Year
0,1,Tracy Walker,9,2,1,0,0,0,0,0,1,21.5,21.5,1.8%,DB,2020
1,2,Andrew Wingard,4,1,0,1,1,0,0,0,1,20.8,20.8,1.6%,DB,2020
2,3,Josh Norman,4,0,0,2,1,0,0,1,1,20.0,20.0,3.0%,DB,2020
3,4,Troy Hill,3,2,0,2,1,0,0,1,1,20.0,20.0,2.7%,DB,2020
4,5,Harrison Smith,7,2,0,1,1,0,0,0,1,18.5,18.5,18.9%,DB,2020
5,6,Xavier McKinney,4,4,0,1,1,0,0,0,1,18.0,18.0,35.6%,DB,2020
6,7,Adrian Amos,6,3,0,1,1,0,0,0,1,17.8,17.8,0.2%,DB,2020
7,8,Kenny Moore,5,3,1,1,0,0,0,0,1,17.8,17.8,29.0%,DB,2020
8,9,Sean Murphy-Bunting,5,1,0,1,0,1,1,0,1,17.8,17.8,10.3%,DB,2020
9,10,Michael Ojemudia,5,2,0,0,0,2,0,0,1,17.0,17.0,0.0%,DB,2020
10,11,Tre Boston,4,6,1,0,0,0,0,0,1,17.0,17.0,1.0%,DB,2020
11,12,Donovan Wilson,1,3,1,1,1,0,0,0,1,16.8,16.8,20.6%,DB,2020
12,13,Kevin King,7,3,0,2,0,0,0,0,1,15.8,15.8,0.0%,DB,2020
13,14,Byron Jones,6,0,0,1,1,0,0,0,1,15.5,15.5,0.0%,DB,2020
14,15,Marcus Maye,7,3,0,0,0,0,0,0,1,15.3,15.3,2.0%,DB,2020
15,16,Duron Harmon,9,0,0,1,0,0,0,0,1,15.0,15.0,0.0%,DB,2020
16,17,Grant Haley,5,1,0,1,1,0,0,0,1,14.8,14.8,0.0%,DB,2020
17,18,DeAndre Baker,4,1,1,1,0,0,0,0,1,14.8,14.8,0.0%,DB,2020
18,19,Antoine Winfield,5,2,0,1,0,0,1,0,1,14.5,14.5,70.3%,DB,2020
19,20,Dean Marlowe,1,0,0,2,2,0,0,0,1,14.5,14.5,0.2%,DB,2020
20,21,A.J. Moore,4,6,0,0,0,1,0,0,1,14.5,14.5,0.0%,DB,2020
21,22,Anthony Harris,7,1,0,2,0,0,0,0,1,14.3,14.3,0.0%,DB,2020
22,23,Jalen Ramsey,5,0,0,4,0,0,0,0,1,13.5,13.5,17.9%,DB,2020
23,24,Darnell Savage,8,2,0,0,0,0,0,0,1,13.5,13.5,5.1%,DB,2020
24,25,P.J. Williams,4,1,0,1,1,0,0,0,1,13.3,13.3,0.0%,DB,2020
25,26,Chuck Clark,3,1,0,2,1,0,0,0,1,13.3,13.3,6.4%,DB,2020
26,27,Ricardo Allen,4,1,0,1,1,0,0,0,1,13.3,13.3,0.0%,DB,2020
27,28,Jason Verrett,8,1,0,0,0,0,0,0,1,12.8,12.8,0.0%,DB,2020
28,29,Nevin Lawson,8,1,0,0,0,0,0,0,1,12.8,12.8,0.0%,DB,2020
29,30,Kareem Jackson,1,1,0,1,1,0,1,0,1,12.8,12.8,0.7%,DB,2020
30,31,Xavien Howard,4,0,0,1,1,0,0,0,1,12.5,12.5,1.4%,DB,2020
31,32,Malcolm Jenkins,4,0,0,1,1,0,0,0,1,12.5,12.5,15.0%,DB,2020
32,33,Jeremy Reaves,4,0,0,1,1,0,0,0,1,12.5,12.5,0.2%,DB,2020
33,34,J.C. Jackson,4,0,0,1,1,0,0,0,1,12.5,12.5,1.2%,DB,2020
34,35,Jonathan Jones,4,0,0,1,1,0,0,0,1,12.5,12.5,1.9%,DB,2020
35,36,Parnell Motley,3,3,0,1,0,0,1,0,1,12.3,12.3,0.0%,DB,2020
36,37,Marcus Allen,6,1,0,0,0,0,0,0,1,12.3,12.3,0.0%,DB,2020
37,38,Desmond King,3,1,1,0,0,0,0,0,1,11.8,11.8,12.6%,DB,2020
38,39,Justin Simmons,2,1,0,2,1,0,0,0,1,11.8,11.8,11.6%,DB,2020
39,40,M.J. Stewart,3,1,0,1,1,0,0,0,1,11.8,11.8,4.0%,DB,2020
40,41,T.J. Carrie,5,0,0,0,0,0,1,0,1,11.5,11.5,1.0%,DB,2020
41,42,Tre Herndon,7,1,0,0,0,0,0,0,1,11.3,11.3,0.2%,DB,2020
42,43,Dontae Johnson,2,2,1,0,0,0,0,0,1,11.0,11.0,0.0%,DB,2020
43,44,Marcus Epps,2,2,0,1,1,0,0,0,1,11.0,11.0,4.0%,DB,2020
44,45,Kamren Curl,3,0,0,1,1,0,0,0,1,11.0,11.0,30.4%,DB,2020
45,46,Sean Davis,6,0,0,1,0,0,0,0,1,10.5,10.5,0.0%,DB,2020
46,47,Julian Love,5,2,0,1,0,0,0,0,1,10.5,10.5,33.4%,DB,2020
47,48,Julian Blackmon,5,0,0,0,0,0,0,0,1,10.0,10.0,14.3%,DB,2020
48,49,Grayland Arnold,3,2,0,1,0,0,0,0,1,10.0,10.0,0.0%,DB,2020
49,50,Dane Jackson,3,0,0,2,0,0,0,0,1,10.0,10.0,4.1%,DB,2020
50,51,Jessie Bates,5,3,0,0,0,0,0,0,1,9.8,9.8,69.2%,DB,2020
51,52,Chris Claybrooks,6,1,0,0,0,0,0,0,1,9.8,9.8,0.0%,DB,2020
52,53,Bopete Keyes,6,1,0,0,0,0,0,0,1,9.8,9.8,0.0%,DB,2020
53,54,Ronnie Harrison,5,1,0,1,0,0,0,0,1,9.8,9.8,0.5%,DB,2020
54,55,Budda Baker,4,1,0,2,0,0,0,0,1,9.8,9.8,36.6%,DB,2020
55,56,Jabrill Peppers,4,3,0,1,0,0,0,0,1,9.8,9.8,10.4%,DB,2020
56,57,Jaire Alexander,2,1,0,1,0,1,0,0,1,9.3,9.3,8.6%,DB,2020
57,58,Eric Rowe,5,2,0,0,0,0,0,0,1,9.0,9.0,0.2%,DB,2020
58,59,Janoris Jenkins,5,0,0,1,0,0,0,0,1,9.0,9.0,1.0%,DB,2020
59,60,Robert Jackson,5,0,0,1,0,0,0,0,1,9.0,9.0,0.0%,DB,2020
60,61,Kenny Vaccaro,5,2,0,0,0,0,0,0,1,9.0,9.0,4.0%,DB,2020
61,62,Lamar Jackson,5,0,0,1,0,0,0,0,1,9.0,9.0,0.4%,DB,2020
62,63,Trevon Diggs,4,0,0,2,0,0,0,0,1,9.0,9.0,13.9%,DB,2020
63,64,Jarrod Wilson,3,6,0,0,0,0,0,0,1,9.0,9.0,0.0%,DB,2020
64,65,Vernon Hargreaves,4,2,0,1,0,0,0,0,1,9.0,9.0,0.0%,DB,2020
65,66,Armani Watts,5,2,0,0,0,0,0,0,1,9.0,9.0,0.0%,DB,2020
66,67,Shaq Griffin,6,0,0,0,0,0,0,0,1,9.0,9.0,1.2%,DB,2020
67,68,Terrance Mitchell,5,0,0,1,0,0,0,0,1,9.0,9.0,0.0%,DB,2020
68,69,Jamel Dean,6,0,0,0,0,0,0,0,1,9.0,9.0,13.1%,DB,2020
69,70,Amani Hooker,1,1,0,1,1,0,0,0,1,8.8,8.8,14.9%,DB,2020
70,71,Ugo Amadi,4,0,0,0,0,0,0,0,1,8.5,8.5,0.2%,DB,2020
71,72,Quandre Diggs,5,1,0,0,0,0,0,0,1,8.3,8.3,3.1%,DB,2020
72,73,Minkah Fitzpatrick,4,1,0,1,0,0,0,0,1,8.3,8.3,36.8%,DB,2020
73,74,Michael Davis,3,1,0,2,0,0,0,0,1,8.3,8.3,0.9%,DB,2020
74,75,Chandon Sullivan,3,3,0,1,0,0,0,0,1,8.3,8.3,0.0%,DB,2020
75,76,Keanu Neal,4,3,0,0,0,0,0,0,1,8.3,8.3,0.7%,DB,2020
76,77,Taron Johnson,3,3,0,1,0,0,0,0,1,8.3,8.3,30.9%,DB,2020
77,78,K'Von Wallace,5,1,0,0,0,0,0,0,1,8.3,8.3,1.9%,DB,2020
78,79,Devin McCourty,5,1,0,0,0,0,0,0,1,8.3,8.3,4.4%,DB,2020
79,80,Malcolm Butler,5,1,0,0,0,0,0,0,1,8.3,8.3,0.0%,DB,2020
80,81,Marcus Peters,1,0,0,1,1,0,0,0,1,8.0,8.0,1.2%,DB,2020
81,82,James Bradberry,4,0,0,1,0,0,0,0,1,7.5,7.5,2.0%,DB,2020
82,83,Kyle Dugger,5,0,0,0,0,0,0,0,1,7.5,7.5,23.6%,DB,2020
83,84,Darryl Roberts,3,2,0,1,0,0,0,0,1,7.5,7.5,0.0%,DB,2020
84,85,Nasir Adderley,5,0,0,0,0,0,0,0,1,7.5,7.5,0.7%,DB,2020
85,86,Jordan Whitehead,5,0,0,0,0,0,0,0,1,7.5,7.5,16.9%,DB,2020
86,87,Jamal Adams,3,0,0,0,0,0,0,0,1,7.0,7.0,3.4%,DB,2020
87,88,Damon Arnette,3,0,0,0,0,0,0,0,1,7.0,7.0,0.0%,DB,2020
88,89,Xavier Woods,3,0,0,0,0,0,0,0,1,7.0,7.0,11.3%,DB,2020
89,90,Chidobe Awuzie,1,2,0,0,0,0,1,0,1,7.0,7.0,2.3%,DB,2020
90,91,Juan Thornhill,4,1,0,0,0,0,0,0,1,6.8,6.8,4.0%,DB,2020
91,92,Johnathan Abram,3,1,0,1,0,0,0,0,1,6.8,6.8,2.0%,DB,2020
92,93,Keion Crossen,4,1,0,0,0,0,0,0,1,6.8,6.8,0.2%,DB,2020
93,94,Jalen Thompson,4,1,0,0,0,0,0,0,1,6.8,6.8,17.1%,DB,2020
94,95,Joejuan Williams,2,3,0,1,0,0,0,0,1,6.8,6.8,1.0%,DB,2020
95,96,Karl Joseph,3,3,0,0,0,0,0,0,1,6.8,6.8,0.0%,DB,2020
96,97,Kendall Sheffield,4,1,0,0,0,0,0,0,1,6.8,6.8,0.0%,DB,2020
97,98,Kendall Fuller,3,1,0,1,0,0,0,0,1,6.8,6.8,7.0%,DB,2020
98,99,D.J. Reed,2,3,0,1,0,0,0,0,1,6.8,6.8,10.1%,DB,2020
99,100,LeShaun Sims,3,1,0,1,0,0,0,0,1,6.8,6.8,0.0%,DB,2020
100,101,Lamarcus Joyner,3,1,0,1,0,0,0,0,1,6.8,6.8,0.0%,DB,2020
101,102,Donte Jackson,2,3,0,1,0,0,0,0,1,6.8,6.8,4.1%,DB,2020
102,103,Marshon Lattimore,0,0,0,1,1,0,0,0,1,6.5,6.5,6.2%,DB,2020
103,104,Ken Crawley,0,0,0,1,1,0,0,0,1,6.5,6.5,0.0%,DB,2020
104,105,Byron Murphy,1,1,0,0,0,0,1,0,1,6.3,6.3,7.1%,DB,2020
105,106,Javelin Guidry,1,1,0,0,0,1,0,0,1,6.3,6.3,1.0%,DB,2020
106,107,Adoree' Jackson,4,0,0,0,0,0,0,0,1,6.0,6.0,1.2%,DB,2020
107,108,Jeremy Chinn,1,6,0,0,0,0,0,0,1,6.0,6.0,7.0%,DB,2020
108,109,Kevin Byard,4,0,0,0,0,0,0,0,1,6.0,6.0,29.1%,DB,2020
109,110,John Johnson,4,0,0,0,0,0,0,0,1,6.0,6.0,0.0%,DB,2020
110,111,Anthony Averett,2,0,0,2,0,0,0,0,1,6.0,6.0,0.0%,DB,2020
111,112,Jeff Gladney,3,0,0,1,0,0,0,0,1,6.0,6.0,0.0%,DB,2020
112,113,Tavon Wilson,4,0,0,0,0,0,0,0,1,6.0,6.0,0.0%,DB,2020
113,114,Tarvarius Moore,4,0,0,0,0,0,0,0,1,6.0,6.0,0.2%,DB,2020
114,115,Steven Nelson,3,0,0,1,0,0,0,0,1,6.0,6.0,0.2%,DB,2020
115,116,Isaiah Oliver,2,0,0,0,0,0,0,0,1,5.5,5.5,0.4%,DB,2020
116,117,Jimmie Ward,3,1,0,0,0,0,0,0,1,5.3,5.3,9.7%,DB,2020
117,118,Rasul Douglas,3,1,0,0,0,0,0,0,1,5.3,5.3,8.5%,DB,2020
118,119,Ryan Neal,3,1,0,0,0,0,0,0,1,5.3,5.3,2.0%,DB,2020
119,120,Kyle Fuller,3,1,0,0,0,0,0,0,1,5.3,5.3,0.0%,DB,2020
120,121,Siran Neal,2,1,0,1,0,0,0,0,1,5.3,5.3,0.0%,DB,2020
121,122,Anthony Brown,3,1,0,0,0,0,0,0,1,5.3,5.3,0.0%,DB,2020
122,123,Chris Harris,3,1,0,0,0,0,0,0,1,5.3,5.3,0.0%,DB,2020
123,124,Darious Williams,3,1,0,0,0,0,0,0,1,5.3,5.3,10.5%,DB,2020
124,125,Patrick Peterson,3,1,0,0,0,0,0,0,1,5.3,5.3,0.9%,DB,2020
125,126,Blake Countess,3,0,0,0,0,0,0,0,1,4.5,4.5,0.0%,DB,2020
126,127,Greg Mabin,3,0,0,0,0,0,0,0,1,4.5,4.5,0.0%,DB,2020
127,128,Jourdan Lewis,3,0,0,0,0,0,0,0,1,4.5,4.5,2.0%,DB,2020
128,129,Bobby McCain,3,0,0,0,0,0,0,0,1,4.5,4.5,0.0%,DB,2020
129,130,A.J. Terrell,2,0,0,1,0,0,0,0,1,4.5,4.5,4.0%,DB,2020
130,131,Stantley Thomas-Oliver,3,0,0,0,0,0,0,0,1,4.5,4.5,1.0%,DB,2020
131,132,Trayvon Mullen,3,0,0,0,0,0,0,0,1,4.5,4.5,0.0%,DB,2020
132,133,Dre Kirkpatrick,3,0,0,0,0,0,0,0,1,4.5,4.5,0.0%,DB,2020
133,134,Xavier Rhodes,3,0,0,0,0,0,0,0,1,4.5,4.5,0.0%,DB,2020
134,135,Jordan Fuller,1,4,0,0,0,0,0,0,1,4.5,4.5,10.1%,DB,2020
135,136,Kindle Vildor,2,0,0,1,0,0,0,0,1,4.5,4.5,0.0%,DB,2020
136,137,Levi Wallace,3,0,0,0,0,0,0,0,1,4.5,4.5,2.0%,DB,2020
137,138,Eddie Jackson,2,2,0,0,0,0,0,0,1,4.5,4.5,3.1%,DB,2020
138,139,Amani Oruwariye,3,0,0,0,0,0,0,0,1,4.5,4.5,0.2%,DB,2020
139,140,DeAndre Houston-Carson,0,0,0,0,0,0,1,0,1,4.0,4.0,0.0%,DB,2020
140,141,Bryce Hall,2,1,0,0,0,0,0,0,1,3.8,3.8,0.8%,DB,2020
141,142,Matthias Farley,1,1,0,1,0,0,0,0,1,3.8,3.8,4.0%,DB,2020
142,143,Lonnie Johnson,1,3,0,0,0,0,0,0,1,3.8,3.8,0.2%,DB,2020
143,144,Alijah Holder,2,1,0,0,0,0,0,0,1,3.8,3.8,0.0%,DB,2020
144,145,Rudy Ford,2,1,0,0,0,0,0,0,1,3.8,3.8,4.0%,DB,2020
145,146,Jeff Heath,1,1,0,1,0,0,0,0,1,3.8,3.8,1.0%,DB,2020
146,147,Sharrod Neasman,2,1,0,0,0,0,0,0,1,3.8,3.8,0.0%,DB,2020
147,148,Logan Ryan,2,1,0,0,0,0,0,0,1,3.8,3.8,1.3%,DB,2020
148,149,Ross Cockrell,1,1,0,1,0,0,0,0,1,3.8,3.8,0.0%,DB,2020
149,150,Daryl Worley,1,0,0,1,0,0,0,0,1,3.0,3.0,0.0%,DB,2020
150,151,Vonn Bell,1,2,0,0,0,0,0,0,1,3.0,3.0,5.5%,DB,2020
151,152,Darius Phillips,1,2,0,0,0,0,0,0,1,3.0,3.0,0.0%,DB,2020
152,153,Will Redmond,2,0,0,0,0,0,0,0,1,3.0,3.0,0.0%,DB,2020
153,154,Cameron Sutton,2,0,0,0,0,0,0,0,1,3.0,3.0,0.2%,DB,2020
154,155,Fabian Moreau,1,0,0,1,0,0,0,0,1,3.0,3.0,0.0%,DB,2020
155,156,Will Harris,1,0,0,1,0,0,0,0,1,3.0,3.0,0.0%,DB,2020
156,157,Will Parks,1,2,0,0,0,0,0,0,1,3.0,3.0,0.0%,DB,2020
157,158,Ahkello Witherspoon,1,0,0,1,0,0,0,0,1,3.0,3.0,0.2%,DB,2020
158,159,J.T. Gray,1,0,0,1,0,0,0,0,1,3.0,3.0,0.4%,DB,2020
159,160,Tashaun Gipson,1,2,0,0,0,0,0,0,1,3.0,3.0,0.4%,DB,2020
160,161,Jamal Perry,1,1,0,0,0,0,0,0,1,2.3,2.3,0.0%,DB,2020
161,162,Jaquan Johnson,1,1,0,0,0,0,0,0,1,2.3,2.3,0.0%,DB,2020
162,163,Tony Brown,1,1,0,0,0,0,0,0,1,2.3,2.3,0.0%,DB,2020
163,164,Dylan Mabin,1,1,0,0,0,0,0,0,1,2.3,2.3,0.0%,DB,2020
164,165,Jason McCourty,1,1,0,0,0,0,0,0,1,2.3,2.3,0.0%,DB,2020
165,166,Alohi Gilman,1,1,0,0,0,0,0,0,1,2.3,2.3,10.7%,DB,2020
166,167,Blidi Wreh-Wilson,1,1,0,0,0,0,0,0,1,2.3,2.3,0.0%,DB,2020
167,168,Arthur Maulet,1,1,0,0,0,0,0,0,1,2.3,2.3,0.9%,DB,2020
168,169,Harrison Hand,1,1,0,0,0,0,0,0,1,2.3,2.3,0.0%,DB,2020
169,170,Antonio Hamilton,1,1,0,0,0,0,0,0,1,2.3,2.3,0.7%,DB,2020
170,171,Darius Slay,1,1,0,0,0,0,0,0,1,2.3,2.3,10.0%,DB,2020
171,172,Jordan Poyer,1,1,0,0,0,0,0,0,1,2.3,2.3,26.4%,DB,2020
172,173,Marlon Humphrey,1,0,0,0,0,0,0,0,1,1.5,1.5,4.8%,DB,2020
173,174,Adrian Phillips,1,0,0,0,0,0,0,0,1,1.5,1.5,0.7%,DB,2020
174,175,Brandon Jones,1,0,0,0,0,0,0,0,1,1.5,1.5,19.8%,DB,2020
175,176,Jalen Davis,1,0,0,0,0,0,0,0,1,1.5,1.5,0.5%,DB,2020
176,177,Josh Jones,1,0,0,0,0,0,0,0,1,1.5,1.5,0.0%,DB,2020
177,178,DeShon Elliott,0,2,0,0,0,0,0,0,1,1.5,1.5,8.0%,DB,2020
178,179,Nate Ebner,1,0,0,0,0,0,0,0,1,1.5,1.5,0.0%,DB,2020
179,180,Justin Coleman,1,0,0,0,0,0,0,0,1,1.5,1.5,0.0%,DB,2020
180,181,Shawn Williams,1,0,0,0,0,0,0,0,1,1.5,1.5,10.0%,DB,2020
181,182,Ezekiel Turner,1,0,0,0,0,0,0,0,1,1.5,1.5,0.2%,DB,2020
182,183,Cordrea Tankersley,1,0,0,0,0,0,0,0,1,1.5,1.5,0.0%,DB,2020
183,184,Micah Hyde,1,0,0,0,0,0,0,0,1,1.5,1.5,1.2%,DB,2020
184,185,Mike Hilton,1,0,0,0,0,0,0,0,1,1.5,1.5,11.0%,DB,2020
185,186,Josiah Scott,1,0,0,0,0,0,0,0,1,1.5,1.5,0.9%,DB,2020
186,187,Myles Bryant,1,0,0,0,0,0,0,0,1,1.5,1.5,2.8%,DB,2020
187,188,Jimmy Moreland,1,0,0,0,0,0,0,0,1,1.5,1.5,0.0%,DB,2020
188,189,Michael Jackson,1,0,0,0,0,0,0,0,1,1.5,1.5,1.2%,DB,2020
189,190,Kristian Fulton,1,0,0,0,0,0,0,0,1,1.5,1.5,1.8%,DB,2020
190,191,Jaylen Watkins,1,0,0,0,0,0,0,0,1,1.5,1.5,0.0%,DB,2020
191,192,Ronald Darby,0,0,0,1,0,0,0,0,1,1.5,1.5,2.3%,DB,2020
192,193,Noah Igbinoghene,0,0,0,1,0,0,0,0,1,1.5,1.5,0.0%,DB,2020
193,194,Keisean Nixon,0,1,0,0,0,0,0,0,1,0.8,0.8,22.9%,DB,2020
194,195,Juston Burris,0,1,0,0,0,0,0,0,1,0.8,0.8,0.0%,DB,2020
195,196,John Reid,0,0,0,0,0,0,0,0,1,0.0,0.0,0.0%,DB,2020
196,197,James Pierre,0,0,0,0,0,0,0,0,1,0.0,0.0,0.0%,DB,2020
197,198,Elijah Riley,0,0,0,0,0,0,0,0,1,0.0,0.0,0.2%,DB,2020
198,199,JuJu Hughes,0,0,0,0,0,0,0,0,1,0.0,0.0,0.0%,DB,2020
199,200,Jaylinn Hawkins,0,0,0,0,0,0,0,0,1,0.0,0.0,11.0%,DB,2020
200,201,Kenny Robinson,0,0,0,0,0,0,0,0,1,0.0,0.0,0.0%,DB,2020
201,202,Isaiah Rodgers,0,0,0,0,0,0,0,0,1,0.0,0.0,0.5%,DB,2020
202,203,A.J. Green,0,0,0,0,0,0,0,0,1,0.0,0.0,0.0%,DB,2020
203,204,Josh Metellus,0,0,0,0,0,0,0,0,1,0.0,0.0,41.4%,DB,2020
204,205,Myles Hartsfield,1,1,0,0,0,0,0,0,1,0.0,0.0,0.0%,DB,2020
205,206,John Brannon,0,0,0,0,0,0,0,0,1,0.0,0.0,0.0%,DB,2020
206,207,Vernon Scott,0,0,0,0,0,0,0,0,1,0.0,0.0,0.0%,DB,2020
207,208,Jovante Moffatt,0,0,0,0,0,0,0,0,1,0.0,0.0,0.0%,DB,2020
208,209,Jameson Houston,0,0,0,0,0,0,0,0,1,0.0,0.0,0.1%,DB,2020
209,210,Henry Black,0,0,0,0,0,0,0,0,1,0.0,0.0,0.0%,DB,2020
210,211,J.T. Hassell,0,0,0,0,0,0,0,0,1,0.0,0.0,0.0%,DB,2020
211,212,Herb Miller,0,0,0,0,0,0,0,0,1,0.0,0.0,0.0%,DB,2020
212,213,J.R. Reed,0,0,0,0,0,0,0,0,1,0.0,0.0,0.0%,DB,2020
213,214,Isaiah Simmons,1,2,0,0,0,1,0,0,1,0.0,0.0,6.2%,DB,2020
214,215,Antoine Brooks,0,0,0,0,0,0,0,0,1,0.0,0.0,0.0%,DB,2020
215,216,Darnay Holmes,0,0,0,0,0,0,0,0,1,0.0,0.0,0.2%,DB,2020
216,217,Reggie Robinson,0,0,0,0,0,0,0,0,1,0.0,0.0,0.0%,DB,2020
217,218,C.J. Moore,0,0,0,0,0,0,0,0,1,0.0,0.0,5.1%,DB,2020
218,219,Mike Edwards,0,0,0,0,0,0,0,0,1,0.0,0.0,4.2%,DB,2020
219,220,Justin Bethel,0,0,0,0,0,0,0,0,1,0.0,0.0,0.0%,DB,2020
220,221,Anthony Levine,0,0,0,0,0,0,0,0,1,0.0,0.0,7.0%,DB,2020
221,222,Sherrick McManis,0,0,0,0,0,0,0,0,1,0.0,0.0,0.0%,DB,2020
222,223,K'Waun Williams,0,0,0,0,0,0,0,0,1,0.0,0.0,0.0%,DB,2020
223,224,Terrence Brooks,0,0,0,0,0,0,0,0,1,0.0,0.0,0.0%,DB,2020
224,225,Jordan Dangerfield,0,0,0,0,0,0,0,0,1,0.0,0.0,0.0%,DB,2020
225,226,Cody Davis,0,0,0,0,0,0,0,0,1,0.0,0.0,0.0%,DB,2020
226,227,Tramon Williams,0,0,0,0,0,0,0,0,1,0.0,0.0,0.0%,DB,2020
227,228,Cole Luke,0,0,0,0,0,0,0,0,1,0.0,0.0,0.0%,DB,2020
228,229,Quenton Meeks,0,0,0,0,0,0,0,0,1,0.0,0.0,0.0%,DB,2020
229,230,Cornell Armstrong,0,0,0,0,0,0,0,0,1,0.0,0.0,0.0%,DB,2020
230,231,Isaac Yiadom,0,0,0,0,0,0,0,0,1,0.0,0.0,0.0%,DB,2020
231,232,Tremon Smith,0,0,0,0,0,0,0,0,1,0.0,0.0,5.0%,DB,2020
232,233,Troy Apke,0,0,0,0,0,0,0,0,1,0.0,0.0,0.0%,DB,2020
233,234,Steven Parker,0,0,0,0,0,0,0,0,1,0.0,0.0,0.0%,DB,2020
234,235,Brandon Facyson,0,0,0,0,0,0,0,0,1,0.0,0.0,0.5%,DB,2020
235,236,Elijah Lee,0,0,0,0,0,0,0,0,1,0.0,0.0,0.0%,DB,2020
236,237,Corn Elder,0,0,0,0,0,0,0,0,1,0.0,0.0,0.0%,DB,2020
237,238,Adrian Colbert,0,0,0,0,0,0,0,0,1,0.0,0.0,0.0%,DB,2020
238,239,Brandon Wilson,0,0,0,0,0,0,0,0,1,0.0,0.0,0.0%,DB,2020
239,240,Nate Hairston,0,0,0,0,0,0,0,0,1,0.0,0.0,0.0%,DB,2020
240,241,Justin Hardee,0,0,0,0,0,0,0,0,1,0.0,0.0,0.0%,DB,2020
241,242,Kai Nacua,0,0,0,0,0,0,0,0,1,0.0,0.0,0.0%,DB,2020
242,243,Sheldrick Redwine,0,0,0,0,0,0,0,0,1,0.0,0.0,0.2%,DB,2020
243,244,Nate Brooks,0,0,0,0,0,0,0,0,1,0.0,0.0,0.0%,DB,2020
244,245,Nick Scott,0,0,0,0,0,0,0,0,1,0.0,0.0,1.7%,DB,2020
245,246,Deionte Thompson,0,0,0,0,0,0,0,0,1,0.0,0.0,0.0%,DB,2020
246,247,Tae Hayes,0,0,0,0,0,0,0,0,1,0.0,0.0,0.0%,DB,2020
247,248,Mark Fields,0,0,0,0,0,0,0,0,1,0.0,0.0,0.0%,DB,2020
248,249,Rashad Fenton,1,2,0,1,0,0,0,0,1,0.0,0.0,0.0%,DB,2020
249,250,Duke Shelley,1,0,0,0,0,0,0,0,1,0.0,0.0,0.0%,DB,2020
250,251,Brandon Rusnak,0,0,0,0,0,0,0,0,1,0.0,0.0,0.0%,DB,2020
251,252,P.J. Locke,0,0,0,0,0,0,0,0,1,0.0,0.0,5.5%,DB,2020
252,253,Xavier Crawford,0,0,0,0,0,0,0,0,1,0.0,0.0,0.0%,DB,2020
253,254,Corey Ballentine,0,0,0,0,0,0,0,0,1,0.0,0.0,0.6%,DB,2020
254,255,Ka'dar Hollman,0,0,0,0,0,0,0,0,1,0.0,0.0,0.0%,DB,2020
255,256,Nik Needham,0,0,0,0,0,0,0,0,1,0.0,0.0,0.2%,DB,2020
256,257,Tevaughn Campbell,3,0,0,0,0,0,0,0,1,0.0,0.0,2.0%,DB,2020
257,258,Justin Layne,0,0,0,0,0,0,0,0,1,0.0,0.0,0.0%,DB,2020
258,259,David Long,0,0,0,0,0,0,0,0,1,0.0,0.0,0.0%,DB,2020
259,260,Marcell Harris,0,0,0,0,0,0,0,0,1,0.0,0.0,0.0%,DB,2020
260,261,Linden Stephens,0,0,0,0,0,0,0,0,1,0.0,0.0,0.0%,DB,2020
261,262,Chris Board,0,0,0,0,0,0,0,0,1,0.0,0.0,1.5%,DB,2020
262,263,Tre Flowers,0,0,0,0,0,0,0,0,1,0.0,0.0,0.0%,DB,2020
263,264,Montrel Meander,0,0,0,0,0,0,0,0,1,0.0,0.0,0.0%,DB,2020
264,265,Elijah Campbell,0,0,0,0,0,0,0,0,1,0.0,0.0,0.2%,DB,2020
265,266,George Odum,0,0,0,0,0,0,0,0,1,0.0,0.0,0.5%,DB,2020
266,267,Nate Holley,0,0,0,0,0,0,0,0,1,0.0,0.0,0.0%,DB,2020
267,268,Dallin Leavitt,0,0,0,0,0,0,0,0,1,0.0,0.0,4.0%,DB,2020
268,269,Mike Ford,0,0,0,0,0,0,0,0,1,0.0,0.0,0.0%,DB,2020
269,270,Tavierre Thomas,0,0,0,0,0,0,0,0,1,0.0,0.0,2.0%,DB,2020
270,271,Jonathan Owens,0,0,0,0,0,0,0,0,1,0.0,0.0,5.5%,DB,2020
271,272,Joshua Kalu,0,0,0,0,0,0,0,0,1,0.0,0.0,0.0%,DB,2020
272,273,Emmanuel Moseley,0,0,0,0,0,0,0,0,1,0.0,0.0,1.4%,DB,2020
273,274,Danny Johnson,0,0,0,0,0,0,0,0,1,0.0,0.0,0.0%,DB,2020
274,275,Tye Smith,0,0,0,0,0,0,0,0,1,0.0,0.0,0.0%,DB,2020
275,276,De'Vante Bausby,0,0,0,0,0,0,0,0,1,0.0,0.0,0.0%,DB,2020
276,277,C.J. Goodwin,0,0,0,0,0,0,0,0,1,0.0,0.0,0.4%,DB,2020
277,278,Doug Middleton,0,0,0,0,0,0,0,0,1,0.0,0.0,0.0%,DB,2020
278,279,Charles Washington,0,0,0,0,0,0,0,0,1,0.0,0.0,0.0%,DB,2020
279,280,Andrew Adams,0,0,0,0,0,0,0,0,1,0.0,0.0,4.0%,DB,2020
280,281,Jordan Richards,0,0,0,0,0,0,0,0,1,0.0,0.0,0.0%,DB,2020
281,282,Ibraheim Campbell,0,0,0,0,0,0,0,0,1,0.0,0.0,0.0%,DB,2020
282,283,Ryan Smith,0,0,0,0,0,0,0,0,1,0.0,0.0,0.0%,DB,2020
283,284,Clayton Fejedelem,0,0,0,0,0,0,0,0,1,0.0,0.0,0.0%,DB,2020
284,285,Kavon Frazier,0,0,0,0,0,0,0,0,1,0.0,0.0,0.0%,DB,2020
285,286,Kevin Peterson,0,0,0,0,0,0,0,0,1,0.0,0.0,0.0%,DB,2020
286,287,Miles Killebrew,0,0,0,0,0,0,0,0,1,0.0,0.0,0.2%,DB,2020
