,Rank,Player,Tackle,Assist,Sack,Pass Defended,Interception,Forced Fumble,Fumble Recovery,Defend Touchdown,Games Played,Fantasy Football Points,FTPS/Game,ROST,Position,Year
0,1,Trevon Diggs,6,1,0.0,4,2,0,0,0,1,25.8,25.8,13.9%,DB,2020
1,2,Jessie Bates,9,2,0.0,2,1,0,0,0,1,23.0,23.0,69.2%,DB,2020
2,3,Eric Rowe,5,2,0.0,5,1,0,0,0,1,21.5,21.5,0.2%,DB,2020
3,4,Marshon Lattimore,7,1,0.0,1,1,0,0,0,1,20.3,20.3,6.2%,DB,2020
4,5,Donovan Wilson,5,0,1.0,0,0,1,1,0,1,19.5,19.5,20.6%,DB,2020
5,6,Malcolm Jenkins,5,3,1.0,2,0,0,0,0,1,19.3,19.3,15.0%,DB,2020
6,7,Kenny Moore,3,0,0.0,2,1,0,0,1,1,18.5,18.5,29.0%,DB,2020
7,8,Pierre Desir,6,1,0.0,1,0,1,0,0,1,17.8,17.8,0.0%,DB,2020
8,9,Rayshawn Jenkins,6,1,0.0,2,1,0,0,0,1,17.8,17.8,25.3%,DB,2020
9,10,Jabrill Peppers,9,1,0.0,2,0,0,0,0,1,17.3,17.3,10.4%,DB,2020
10,11,D.J. Reed,6,0,0.0,2,1,0,0,0,1,17.0,17.0,10.1%,DB,2020
11,12,Daniel Sorensen,8,1,0.0,0,0,1,0,0,1,16.8,16.8,0.0%,DB,2020
12,13,Jordan Poyer,11,0,0.0,0,0,0,0,0,1,16.5,16.5,26.4%,DB,2020
13,14,C.J. Gardner-Johnson,7,1,0.0,0,0,0,0,0,1,16.3,16.3,16.7%,DB,2020
14,15,Eddie Jackson,6,2,0.0,1,0,1,0,0,1,16.0,16.0,3.1%,DB,2020
15,16,Marcus Peters,3,2,0.0,1,0,1,1,0,1,15.5,15.5,1.2%,DB,2020
16,17,Dean Marlowe,6,0,0.0,0,0,0,1,0,1,15.5,15.5,0.2%,DB,2020
17,18,Kareem Jackson,8,4,0.0,0,0,0,0,0,1,15.0,15.0,0.7%,DB,2020
18,19,Johnathan Joseph,8,2,0.0,1,0,0,0,0,1,15.0,15.0,0.0%,DB,2020
19,20,Rodney McLeod,1,0,0.0,2,0,0,1,1,1,14.5,14.5,0.4%,DB,2020
20,21,Emmanuel Moseley,7,3,0.0,1,0,0,0,0,1,14.3,14.3,1.4%,DB,2020
21,22,Blidi Wreh-Wilson,3,1,0.0,1,1,0,0,0,1,14.3,14.3,0.0%,DB,2020
22,23,Minkah Fitzpatrick,4,3,0.0,1,0,1,0,0,1,13.8,13.8,36.8%,DB,2020
23,24,Jeremy Chinn,6,4,0.0,1,0,0,0,0,1,13.5,13.5,7.0%,DB,2020
24,25,Justin Simmons,4,1,0.0,1,1,0,0,0,1,13.3,13.3,11.6%,DB,2020
25,26,Tre Boston,6,2,0.0,0,0,0,0,0,1,13.0,13.0,1.0%,DB,2020
26,27,Xavien Howard,6,1,0.0,2,0,0,0,0,1,12.8,12.8,1.4%,DB,2020
27,28,J.C. Jackson,3,2,0.0,1,1,0,0,0,1,12.5,12.5,1.2%,DB,2020
28,29,Adrian Amos,6,1,0.0,0,0,0,0,0,1,12.3,12.3,0.2%,DB,2020
29,30,K'Waun Williams,2,0,1.0,0,0,0,0,0,1,12.0,12.0,0.0%,DB,2020
30,31,Carlton Davis,2,1,0.0,2,1,0,0,0,1,11.8,11.8,4.3%,DB,2020
31,32,Sean Murphy-Bunting,3,1,0.0,1,1,0,0,0,1,11.8,11.8,10.3%,DB,2020
32,33,Will Parks,4,1,0.0,0,0,0,0,0,1,11.8,11.8,0.0%,DB,2020
33,34,Jason Verrett,5,2,0.0,0,0,0,0,0,1,11.5,11.5,0.0%,DB,2020
34,35,Bless Austin,6,0,0.0,0,0,0,0,0,1,11.5,11.5,0.0%,DB,2020
35,36,Tre Flowers,4,0,0.0,1,0,1,0,0,1,11.5,11.5,0.0%,DB,2020
36,37,Tracy Walker,5,5,0.0,0,0,0,0,0,1,11.3,11.3,1.8%,DB,2020
37,38,Nik Needham,5,5,0.0,0,0,0,0,0,1,11.3,11.3,0.2%,DB,2020
38,39,Keanu Neal,6,1,0.0,1,0,0,0,0,1,11.3,11.3,0.7%,DB,2020
39,40,Harrison Smith,5,3,0.0,1,0,0,0,0,1,11.3,11.3,18.9%,DB,2020
40,41,Isaiah Oliver,3,0,1.0,0,0,0,0,0,1,11.0,11.0,0.4%,DB,2020
41,42,Donte Jackson,3,0,0.0,1,1,0,0,0,1,11.0,11.0,4.1%,DB,2020
42,43,Bryce Callahan,3,0,0.0,1,1,0,0,0,1,11.0,11.0,0.0%,DB,2020
43,44,Buster Skrine,4,1,0.0,0,0,1,0,0,1,10.8,10.8,0.0%,DB,2020
44,45,Jordan Whitehead,4,3,0.0,0,0,0,0,0,1,10.8,10.8,16.9%,DB,2020
45,46,Jeff Gladney,6,2,0.0,0,0,0,0,0,1,10.5,10.5,0.0%,DB,2020
46,47,Malcolm Butler,4,4,0.0,1,0,0,0,0,1,10.5,10.5,0.0%,DB,2020
47,48,Isaac Yiadom,4,4,0.0,1,0,0,0,0,1,10.5,10.5,0.0%,DB,2020
48,49,Tashaun Gipson,6,2,0.0,0,0,0,0,0,1,10.5,10.5,0.4%,DB,2020
49,50,Ronnie Harrison,2,8,0.0,1,0,0,0,0,1,10.5,10.5,0.5%,DB,2020
50,51,DeShon Elliott,4,3,0.5,0,0,0,0,0,1,10.3,10.3,8.0%,DB,2020
51,52,Khari Willis,4,2,0.0,0,0,0,0,0,1,10.0,10.0,0.1%,DB,2020
52,53,Troy Hill,3,2,0.0,0,0,0,1,0,1,10.0,10.0,2.7%,DB,2020
53,54,Devin McCourty,4,2,0.0,0,0,0,0,0,1,10.0,10.0,4.4%,DB,2020
54,55,Taylor Rapp,3,0,0.0,1,0,1,0,0,1,10.0,10.0,7.7%,DB,2020
55,56,Tyrann Mathieu,5,0,0.0,0,0,0,0,0,1,10.0,10.0,10.0%,DB,2020
56,57,Denzel Ward,4,0,0.0,0,0,1,0,0,1,10.0,10.0,5.2%,DB,2020
57,58,Bashaud Breeland,2,2,0.0,1,0,0,1,0,1,10.0,10.0,1.0%,DB,2020
58,59,Darnay Holmes,4,0,0.0,0,0,0,1,0,1,10.0,10.0,0.2%,DB,2020
59,60,Kevin Byard,4,3,0.0,1,0,0,0,0,1,9.8,9.8,29.1%,DB,2020
60,61,Joe Haden,6,1,0.0,0,0,0,0,0,1,9.8,9.8,1.0%,DB,2020
61,62,Anthony Harris,5,1,0.0,1,0,0,0,0,1,9.8,9.8,0.0%,DB,2020
62,63,Antoine Winfield,6,1,0.0,0,0,0,0,0,1,9.8,9.8,70.3%,DB,2020
63,64,Jamel Dean,6,1,0.0,0,0,0,0,0,1,9.8,9.8,13.1%,DB,2020
64,65,A.J. Bouye,5,1,0.0,1,0,0,0,0,1,9.8,9.8,0.0%,DB,2020
65,66,Nasir Adderley,5,2,0.0,0,0,0,0,0,1,9.0,9.0,0.7%,DB,2020
66,67,LeShaun Sims,6,0,0.0,0,0,0,0,0,1,9.0,9.0,0.0%,DB,2020
67,68,Jalen Mills,5,0,0.0,1,0,0,0,0,1,9.0,9.0,0.5%,DB,2020
68,69,Nickell Robey-Coleman,4,0,0.0,0,0,0,0,0,1,8.5,8.5,0.0%,DB,2020
69,70,Janoris Jenkins,4,0,0.0,0,0,0,0,0,1,8.5,8.5,1.0%,DB,2020
70,71,Jourdan Lewis,3,2,0.0,0,0,0,0,0,1,8.5,8.5,2.0%,DB,2020
71,72,Nevin Lawson,4,1,0.0,1,0,0,0,0,1,8.3,8.3,0.0%,DB,2020
72,73,Jimmie Ward,5,1,0.0,0,0,0,0,0,1,8.3,8.3,9.7%,DB,2020
73,74,Chris Board,1,1,0.5,0,0,1,0,0,1,8.3,8.3,1.5%,DB,2020
74,75,Jeff Okudah,5,0,0.0,0,0,0,0,0,1,7.5,7.5,1.8%,DB,2020
75,76,Avonte Maddox,5,0,0.0,0,0,0,0,0,1,7.5,7.5,2.5%,DB,2020
76,77,Jason McCourty,4,0,0.0,1,0,0,0,0,1,7.5,7.5,0.0%,DB,2020
77,78,Jonathan Jones,4,2,0.0,0,0,0,0,0,1,7.5,7.5,1.9%,DB,2020
78,79,Quinton Dunbar,4,0,0.0,1,0,0,0,0,1,7.5,7.5,0.0%,DB,2020
79,80,Jaire Alexander,5,0,0.0,0,0,0,0,0,1,7.5,7.5,8.6%,DB,2020
80,81,Anthony Brown,4,0,0.0,1,0,0,0,0,1,7.5,7.5,0.0%,DB,2020
81,82,Jayron Kearse,2,0,0.0,0,0,1,0,0,1,7.0,7.0,1.3%,DB,2020
82,83,Cameron Sutton,2,0,0.0,0,0,1,0,0,1,7.0,7.0,0.2%,DB,2020
83,84,Josh Jackson,4,1,0.0,0,0,0,0,0,1,6.8,6.8,0.0%,DB,2020
84,85,Vonn Bell,2,3,0.0,1,0,0,0,0,1,6.8,6.8,5.5%,DB,2020
85,86,Andrew Sendejo,4,1,0.0,0,0,0,0,0,1,6.8,6.8,0.0%,DB,2020
86,87,Quandre Diggs,3,3,0.0,0,0,0,0,0,1,6.8,6.8,3.1%,DB,2020
87,88,A.J. Terrell,4,1,0.0,0,0,0,0,0,1,6.8,6.8,4.0%,DB,2020
88,89,Johnathan Abram,4,0,0.0,0,0,0,0,0,1,6.0,6.0,2.0%,DB,2020
89,90,Marcell Harris,1,4,0.0,1,0,0,0,0,1,6.0,6.0,0.0%,DB,2020
90,91,Michael Davis,3,0,0.0,1,0,0,0,0,1,6.0,6.0,0.9%,DB,2020
91,92,Terrance Mitchell,4,0,0.0,0,0,0,0,0,1,6.0,6.0,0.0%,DB,2020
92,93,Taron Johnson,4,0,0.0,0,0,0,0,0,1,6.0,6.0,30.9%,DB,2020
93,94,Steven Nelson,4,0,0.0,0,0,0,0,0,1,6.0,6.0,0.2%,DB,2020
94,95,Ryan Neal,3,2,0.0,0,0,0,0,0,1,6.0,6.0,2.0%,DB,2020
95,96,Justin Coleman,3,2,0.0,0,0,0,0,0,1,6.0,6.0,0.0%,DB,2020
96,97,Chuck Clark,2,0,0.0,0,0,0,0,0,1,5.5,5.5,6.4%,DB,2020
97,98,Kenny Vaccaro,3,1,0.0,0,0,0,0,0,1,5.3,5.3,4.0%,DB,2020
98,99,Ashtyn Davis,3,1,0.0,0,0,0,0,0,1,5.3,5.3,3.4%,DB,2020
99,100,Michael Ojemudia,3,1,0.0,0,0,0,0,0,1,5.3,5.3,0.0%,DB,2020
100,101,Tre'Davious White,3,1,0.0,0,0,0,0,0,1,5.3,5.3,5.5%,DB,2020
101,102,Julian Blackmon,3,1,0.0,0,0,0,0,0,1,5.3,5.3,14.3%,DB,2020
102,103,Brian Poole,1,3,0.0,1,0,0,0,0,1,5.3,5.3,0.0%,DB,2020
103,104,Troy Pride,1,3,0.0,1,0,0,0,0,1,5.3,5.3,0.0%,DB,2020
104,105,James Bradberry,2,1,0.0,1,0,0,0,0,1,5.3,5.3,2.0%,DB,2020
105,106,Darnell Savage,3,1,0.0,0,0,0,0,0,1,5.3,5.3,5.1%,DB,2020
106,107,Kevin Johnson,3,1,0.0,0,0,0,0,0,1,5.3,5.3,0.0%,DB,2020
107,108,Lamarcus Joyner,2,1,0.0,1,0,0,0,0,1,5.3,5.3,0.0%,DB,2020
108,109,Charvarius Ward,2,0,0.0,1,0,0,0,0,1,4.5,4.5,30.2%,DB,2020
109,110,Jaylon Johnson,3,0,0.0,0,0,0,0,0,1,4.5,4.5,4.8%,DB,2020
110,111,P.J. Williams,3,0,0.0,0,0,0,0,0,1,4.5,4.5,0.0%,DB,2020
111,112,Mackensie Alexander,3,0,0.0,0,0,0,0,0,1,4.5,4.5,0.0%,DB,2020
112,113,Xavier Rhodes,3,0,0.0,0,0,0,0,0,1,4.5,4.5,0.0%,DB,2020
113,114,Logan Ryan,3,0,0.0,0,0,0,0,0,1,4.5,4.5,1.3%,DB,2020
114,115,Marlon Humphrey,2,2,0.0,0,0,0,0,0,1,4.5,4.5,4.8%,DB,2020
115,116,Marcus Williams,2,2,0.0,0,0,0,0,0,1,4.5,4.5,7.1%,DB,2020
116,117,Corn Elder,3,0,0.0,0,0,0,0,0,1,4.5,4.5,0.0%,DB,2020
117,118,Darious Williams,2,0,0.0,1,0,0,0,0,1,4.5,4.5,10.5%,DB,2020
118,119,David Long,3,0,0.0,0,0,0,0,0,1,4.5,4.5,0.0%,DB,2020
119,120,Amani Oruwariye,3,0,0.0,0,0,0,0,0,1,4.5,4.5,0.2%,DB,2020
120,121,Jimmy Smith,3,0,0.0,0,0,0,0,0,1,4.5,4.5,0.0%,DB,2020
121,122,Breon Borders,2,1,0.0,0,0,0,0,0,1,3.8,3.8,0.0%,DB,2020
122,123,Brandon Jones,2,1,0.0,0,0,0,0,0,1,3.8,3.8,19.8%,DB,2020
123,124,Tae Hayes,2,1,0.0,0,0,0,0,0,1,3.8,3.8,0.0%,DB,2020
124,125,Marcus Maye,2,1,0.0,0,0,0,0,0,1,3.8,3.8,2.0%,DB,2020
125,126,Jahleel Addae,2,1,0.0,0,0,0,0,0,1,3.8,3.8,0.0%,DB,2020
126,127,Adrian Phillips,1,3,0.0,0,0,0,0,0,1,3.8,3.8,0.7%,DB,2020
127,128,Kyle Fuller,1,0,0.0,1,0,0,0,0,1,3.0,3.0,0.0%,DB,2020
128,129,Levi Wallace,2,0,0.0,0,0,0,0,0,1,3.0,3.0,2.0%,DB,2020
129,130,Harrison Hand,2,0,0.0,0,0,0,0,0,1,3.0,3.0,0.0%,DB,2020
130,131,Darius Slay,2,0,0.0,0,0,0,0,0,1,3.0,3.0,10.0%,DB,2020
131,132,Terrell Edmunds,2,0,0.0,0,0,0,0,0,1,3.0,3.0,1.1%,DB,2020
132,133,Karl Joseph,2,0,0.0,0,0,0,0,0,1,3.0,3.0,0.0%,DB,2020
133,134,Terrence Brooks,2,0,0.0,0,0,0,0,0,1,3.0,3.0,0.0%,DB,2020
134,135,Brandon Facyson,2,0,0.0,0,0,0,0,0,1,3.0,3.0,0.5%,DB,2020
135,136,William Jackson,2,0,0.0,0,0,0,0,0,1,3.0,3.0,0.0%,DB,2020
136,137,Duron Harmon,1,2,0.0,0,0,0,0,0,1,3.0,3.0,0.0%,DB,2020
137,138,Shawn Williams,1,0,0.0,1,0,0,0,0,1,3.0,3.0,10.0%,DB,2020
138,139,Xavier Woods,1,2,0.0,0,0,0,0,0,1,3.0,3.0,11.3%,DB,2020
139,140,Essang Bassey,2,0,0.0,0,0,0,0,0,1,3.0,3.0,0.0%,DB,2020
140,141,Casey Hayward,0,0,0.0,2,0,0,0,0,1,3.0,3.0,0.0%,DB,2020
141,142,Bobby McCain,2,0,0.0,0,0,0,0,0,1,3.0,3.0,0.0%,DB,2020
142,143,Trayvon Mullen,2,0,0.0,0,0,0,0,0,1,3.0,3.0,0.0%,DB,2020
143,144,Kris Boyd,2,0,0.0,0,0,0,0,0,1,3.0,3.0,0.0%,DB,2020
144,145,Justin Layne,2,0,0.0,0,0,0,0,0,1,3.0,3.0,0.0%,DB,2020
145,146,Cameron Dantzler,2,0,0.0,0,0,0,0,0,1,3.0,3.0,0.0%,DB,2020
146,147,Juan Thornhill,1,1,0.0,0,0,0,0,0,1,2.3,2.3,4.0%,DB,2020
147,148,Rock Ya-Sin,1,1,0.0,0,0,0,0,0,1,2.3,2.3,0.5%,DB,2020
148,149,Julian Love,1,1,0.0,0,0,0,0,0,1,2.3,2.3,33.4%,DB,2020
149,150,Byron Jones,1,1,0.0,0,0,0,0,0,1,2.3,2.3,0.0%,DB,2020
150,151,Erik Harris,1,1,0.0,0,0,0,0,0,1,2.3,2.3,0.4%,DB,2020
151,152,Chandon Sullivan,1,0,0.0,0,0,0,0,0,1,1.5,1.5,0.0%,DB,2020
152,153,Kareem Orr,1,0,0.0,0,0,0,0,0,1,1.5,1.5,0.0%,DB,2020
153,154,Nick Scott,1,0,0.0,0,0,0,0,0,1,1.5,1.5,1.7%,DB,2020
154,155,Stantley Thomas-Oliver,1,0,0.0,0,0,0,0,0,1,1.5,1.5,1.0%,DB,2020
155,156,Mark Fields,1,0,0.0,0,0,0,0,0,1,1.5,1.5,0.0%,DB,2020
156,157,Armani Watts,1,0,0.0,0,0,0,0,0,1,1.5,1.5,0.0%,DB,2020
157,158,Ricardo Allen,1,0,0.0,0,0,0,0,0,1,1.5,1.5,0.0%,DB,2020
158,159,T.J. Carrie,0,0,0.0,1,0,0,0,0,1,1.5,1.5,1.0%,DB,2020
159,160,Marcus Epps,1,0,0.0,0,0,0,0,0,1,1.5,1.5,4.0%,DB,2020
160,161,Mike Edwards,1,0,0.0,0,0,0,0,0,1,1.5,1.5,4.2%,DB,2020
161,162,Kendall Sheffield,1,0,0.0,0,0,0,0,0,1,1.5,1.5,0.0%,DB,2020
162,163,John Johnson,0,2,0.0,0,0,0,0,0,1,1.5,1.5,0.0%,DB,2020
163,164,Amani Hooker,0,1,0.0,0,0,0,0,0,1,0.8,0.8,14.9%,DB,2020
164,165,Joejuan Williams,0,1,0.0,0,0,0,0,0,1,0.8,0.8,1.0%,DB,2020
165,166,Duke Dawson,0,1,0.0,0,0,0,0,0,1,0.8,0.8,0.0%,DB,2020
166,167,Chris Jackson,2,2,0.0,0,0,0,0,0,1,0.0,0.0,0.0%,DB,2020
167,168,Myles Bryant,0,0,0.0,0,0,0,0,0,1,0.0,0.0,2.8%,DB,2020
168,169,Dane Jackson,0,0,0.0,0,0,0,0,0,1,0.0,0.0,4.1%,DB,2020
169,170,Josh Metellus,0,0,0.0,0,0,0,0,0,1,0.0,0.0,41.4%,DB,2020
170,171,Kindle Vildor,0,0,0.0,0,0,0,0,0,1,0.0,0.0,0.0%,DB,2020
171,172,Noah Igbinoghene,0,0,0.0,0,0,0,0,0,1,0.0,0.0,0.0%,DB,2020
172,173,Bopete Keyes,0,0,0.0,0,0,0,0,0,1,0.0,0.0,0.0%,DB,2020
173,174,Javelin Guidry,0,0,0.0,0,0,0,0,0,1,0.0,0.0,1.0%,DB,2020
174,175,Amik Robertson,0,0,0.0,0,0,0,0,0,1,0.0,0.0,0.5%,DB,2020
175,176,Alohi Gilman,0,0,0.0,0,0,0,0,0,1,0.0,0.0,10.7%,DB,2020
176,177,James Pierre,0,0,0.0,0,0,0,0,0,1,0.0,0.0,0.0%,DB,2020
177,178,Michael Jacquet,3,1,0.0,1,0,0,0,0,1,0.0,0.0,0.0%,DB,2020
178,179,Henry Black,0,0,0.0,0,0,0,0,0,1,0.0,0.0,0.0%,DB,2020
179,180,Tyler Hall,0,0,0.0,0,0,0,0,0,1,0.0,0.0,0.0%,DB,2020
180,181,Myles Hartsfield,1,1,0.0,0,0,0,0,0,1,0.0,0.0,0.0%,DB,2020
181,182,Khalil Dorsey,0,0,0.0,0,0,0,0,0,1,0.0,0.0,0.5%,DB,2020
182,183,Jaylinn Hawkins,0,0,0.0,0,0,0,0,0,1,0.0,0.0,11.0%,DB,2020
183,184,JuJu Hughes,0,0,0.0,0,0,0,0,0,1,0.0,0.0,0.0%,DB,2020
184,185,Kenny Robinson,0,0,0.0,0,0,0,0,0,1,0.0,0.0,0.0%,DB,2020
185,186,Isaiah Rodgers,0,0,0.0,0,0,0,0,0,1,0.0,0.0,0.5%,DB,2020
186,187,Vernon Scott,0,0,0.0,0,0,0,0,0,1,0.0,0.0,0.0%,DB,2020
187,188,Josh Thomas,0,0,0.0,0,0,0,0,0,1,0.0,0.0,0.0%,DB,2020
188,189,P.J. Locke,0,0,0.0,0,0,0,0,0,1,0.0,0.0,5.5%,DB,2020
189,190,Jayson Stanley,0,0,0.0,0,0,0,0,0,1,0.0,0.0,0.0%,DB,2020
190,191,Lamar Jackson,0,0,0.0,0,0,0,0,0,1,0.0,0.0,0.4%,DB,2020
191,192,K'Von Wallace,0,0,0.0,0,0,0,0,0,1,0.0,0.0,1.9%,DB,2020
192,193,C.J. Moore,0,0,0.0,0,0,0,0,0,1,0.0,0.0,5.1%,DB,2020
193,194,Terrell Bonds,2,0,0.0,0,0,0,0,0,1,0.0,0.0,0.0%,DB,2020
194,195,Madre Harper,0,0,0.0,0,0,0,0,0,1,0.0,0.0,0.0%,DB,2020
195,196,Saivion Smith,0,0,0.0,0,0,0,0,0,1,0.0,0.0,0.0%,DB,2020
196,197,Justin Bethel,0,0,0.0,0,0,0,0,0,1,0.0,0.0,0.0%,DB,2020
197,198,Nate Ebner,0,0,0.0,0,0,0,0,0,1,0.0,0.0,0.0%,DB,2020
198,199,Anthony Levine,0,0,0.0,0,0,0,0,0,1,0.0,0.0,7.0%,DB,2020
199,200,Jamar Taylor,0,0,0.0,0,0,0,0,0,1,0.0,0.0,0.0%,DB,2020
200,201,Johnathan Cyprien,0,0,0.0,0,0,0,0,0,1,0.0,0.0,0.0%,DB,2020
201,202,Sherrick McManis,0,0,0.0,0,0,0,0,0,1,0.0,0.0,0.0%,DB,2020
202,203,Tavon Wilson,0,0,0.0,0,0,0,0,0,1,0.0,0.0,0.0%,DB,2020
203,204,Ross Cockrell,0,0,0.0,0,0,0,0,0,1,0.0,0.0,0.0%,DB,2020
204,205,Dontae Johnson,0,0,0.0,0,0,0,0,0,1,0.0,0.0,0.0%,DB,2020
205,206,Cody Davis,0,0,0.0,0,0,0,0,0,1,0.0,0.0,0.0%,DB,2020
206,207,Jeff Heath,0,0,0.0,0,0,0,0,0,1,0.0,0.0,1.0%,DB,2020
207,208,Patrick Robinson,0,0,0.0,0,0,0,0,0,1,0.0,0.0,0.0%,DB,2020
208,209,Davontae Harris,0,0,0.0,0,0,0,0,0,1,0.0,0.0,0.0%,DB,2020
209,210,Tony Brown,0,0,0.0,0,0,0,0,0,1,0.0,0.0,0.0%,DB,2020
210,211,M.J. Stewart,0,0,0.0,0,0,0,0,0,1,0.0,0.0,4.0%,DB,2020
211,212,Siran Neal,0,0,0.0,0,0,0,0,0,1,0.0,0.0,0.0%,DB,2020
212,213,Steven Parker,0,0,0.0,0,0,0,0,0,1,0.0,0.0,0.0%,DB,2020
213,214,Marcus Allen,0,0,0.0,0,0,0,0,0,1,0.0,0.0,0.0%,DB,2020
214,215,Darius Phillips,0,0,0.0,0,0,0,0,0,1,0.0,0.0,0.0%,DB,2020
215,216,Arthur Maulet,0,0,0.0,0,0,0,0,0,1,0.0,0.0,0.9%,DB,2020
216,217,Rudy Ford,0,0,0.0,0,0,0,0,0,1,0.0,0.0,4.0%,DB,2020
217,218,Ahkello Witherspoon,0,0,0.0,0,0,0,0,0,1,0.0,0.0,0.2%,DB,2020
218,219,Justin Hardee,0,0,0.0,0,0,0,0,0,1,0.0,0.0,0.0%,DB,2020
219,220,Tedric Thompson,0,0,0.0,0,0,0,0,0,1,0.0,0.0,0.0%,DB,2020
220,221,Isaiah Johnson,0,0,0.0,0,0,0,0,0,1,0.0,0.0,0.0%,DB,2020
221,222,Sheldrick Redwine,0,0,0.0,0,0,0,0,0,1,0.0,0.0,0.2%,DB,2020
222,223,Jaquan Johnson,0,0,0.0,0,0,0,0,0,1,0.0,0.0,0.0%,DB,2020
223,224,Tevaughn Campbell,1,2,0.0,0,0,0,0,0,1,0.0,0.0,2.0%,DB,2020
224,225,Will Harris,0,0,0.0,0,0,0,0,0,1,0.0,0.0,0.0%,DB,2020
225,226,Rashad Fenton,1,0,0.0,0,0,0,0,0,1,0.0,0.0,0.0%,DB,2020
226,227,Keisean Nixon,0,0,0.0,0,0,0,0,0,1,0.0,0.0,22.9%,DB,2020
227,228,Ka'dar Hollman,0,0,0.0,0,0,0,0,0,1,0.0,0.0,0.0%,DB,2020
228,229,Corey Ballentine,0,0,0.0,0,0,0,0,0,1,0.0,0.0,0.6%,DB,2020
229,230,Trey Marshall,0,0,0.0,0,0,0,0,0,1,0.0,0.0,0.0%,DB,2020
230,231,Natrell Jamerson,0,0,0.0,0,0,0,0,0,1,0.0,0.0,0.0%,DB,2020
231,232,Tarvarius Moore,0,0,0.0,0,0,0,0,0,1,0.0,0.0,0.2%,DB,2020
232,233,Robert Jackson,0,0,0.0,0,0,0,0,0,1,0.0,0.0,0.0%,DB,2020
233,234,George Odum,0,0,0.0,0,0,0,0,0,1,0.0,0.0,0.5%,DB,2020
234,235,J.T. Gray,0,0,0.0,0,0,0,0,0,1,0.0,0.0,0.4%,DB,2020
235,236,Linden Stephens,0,0,0.0,0,0,0,0,0,1,0.0,0.0,0.0%,DB,2020
236,237,Tavierre Thomas,0,0,0.0,0,0,0,0,0,1,0.0,0.0,2.0%,DB,2020
237,238,Joshua Kalu,0,0,0.0,0,0,0,0,0,1,0.0,0.0,0.0%,DB,2020
238,239,Brandon Wilson,0,0,0.0,0,0,0,0,0,1,0.0,0.0,0.0%,DB,2020
239,240,Darryl Roberts,0,0,0.0,0,0,0,0,0,1,0.0,0.0,0.0%,DB,2020
240,241,Damarious Randall,0,0,0.0,0,0,0,0,0,1,0.0,0.0,0.0%,DB,2020
241,242,C.J. Goodwin,0,0,0.0,0,0,0,0,0,1,0.0,0.0,0.4%,DB,2020
242,243,Jordan Richards,0,0,0.0,0,0,0,0,0,1,0.0,0.0,0.0%,DB,2020
243,244,Chris Milton,0,0,0.0,0,0,0,0,0,1,0.0,0.0,0.0%,DB,2020
244,245,Antonio Hamilton,0,0,0.0,0,0,0,0,0,1,0.0,0.0,0.7%,DB,2020
245,246,Tony McRae,0,0,0.0,0,0,0,0,0,1,0.0,0.0,0.0%,DB,2020
246,247,Matthias Farley,0,0,0.0,0,0,0,0,0,1,0.0,0.0,4.0%,DB,2020
247,248,Andrew Adams,0,0,0.0,0,0,0,0,0,1,0.0,0.0,4.0%,DB,2020
248,249,Sharrod Neasman,0,0,0.0,0,0,0,0,0,1,0.0,0.0,0.0%,DB,2020
249,250,Darian Thompson,0,0,0.0,0,0,0,0,0,1,0.0,0.0,3.0%,DB,2020
250,251,Will Redmond,0,0,0.0,0,0,0,0,0,1,0.0,0.0,0.0%,DB,2020
251,252,Miles Killebrew,0,0,0.0,0,0,0,0,0,1,0.0,0.0,0.2%,DB,2020
252,253,Kavon Frazier,0,0,0.0,0,0,0,0,0,1,0.0,0.0,0.0%,DB,2020
253,254,DeAndre Houston-Carson,0,0,0.0,0,0,0,0,0,1,0.0,0.0,0.0%,DB,2020
254,255,Ryan Smith,0,0,0.0,0,0,0,0,0,1,0.0,0.0,0.0%,DB,2020
255,256,Sean Davis,0,0,0.0,0,0,0,0,0,1,0.0,0.0,0.0%,DB,2020
256,257,Deon Bush,0,0,0.0,0,0,0,0,0,1,0.0,0.0,0.0%,DB,2020
257,258,Clayton Fejedelem,0,0,0.0,0,0,0,0,0,1,0.0,0.0,0.0%,DB,2020
