,Rank,Player,Tackle,Assist,Sack,Pass Defended,Interception,Forced Fumble,Fumble Recovery,Defend Touchdown,Games Played,Fantasy Football Points,FTPS/Game,ROST,Position,Year
0,1,Stephon Tuitt,8,1,2.0,0,0,0,0,0,1,28.3,28.3,0.1%,DL,2020
1,2,DeMarcus Lawrence,5,1,1.0,0,0,1,0,0,1,23.8,23.8,12.7%,DL,2020
2,3,Tyquan Lewis,3,0,2.0,1,0,0,0,0,1,19.0,19.0,0.4%,DL,2020
3,4,Olivier Vernon,3,1,2.0,0,0,0,0,0,1,18.3,18.3,6.0%,DL,2020
4,5,Jason Pierre-Paul,5,2,1.0,0,0,0,0,0,1,18.0,18.0,0.0%,DL,2020
5,6,Brandon Graham,2,2,1.0,0,0,1,1,0,1,16.5,16.5,2.2%,DL,2020
6,7,Denico Autry,2,0,2.0,0,0,0,0,0,1,16.0,16.0,10.1%,DL,2020
7,8,Aaron Donald,3,1,1.0,0,0,1,0,0,1,15.8,15.8,11.7%,DL,2020
8,9,Romeo Okwara,5,1,1.0,0,0,0,0,0,1,14.8,14.8,0.0%,DL,2020
9,10,Fletcher Cox,2,1,1.0,0,0,0,0,0,1,12.8,12.8,1.1%,DL,2020
10,11,Christian Wilkins,3,2,0.0,1,1,0,0,0,1,12.5,12.5,48.1%,DL,2020
11,12,Jaylon Ferguson,2,0,1.0,0,0,0,0,0,1,12.0,12.0,0.0%,DL,2020
12,13,Tershawn Wharton,2,2,1.0,0,0,0,0,0,1,11.0,11.0,0.4%,DL,2020
13,14,Emmanuel Ogbah,1,0,1.0,1,0,1,0,0,1,11.0,11.0,1.1%,DL,2020
14,15,Shaq Lawson,1,2,1.0,0,0,1,0,0,1,11.0,11.0,0.0%,DL,2020
15,16,David Onyemata,1,4,1.0,0,0,0,0,0,1,11.0,11.0,5.7%,DL,2020
16,17,Dean Lowry,3,0,1.0,0,0,0,0,0,1,11.0,11.0,0.6%,DL,2020
17,18,Danny Shelton,4,1,1.0,0,0,0,0,0,1,10.8,10.8,0.0%,DL,2020
18,19,Jerry Hughes,2,1,1.0,0,0,0,0,0,1,10.3,10.3,1.0%,DL,2020
19,20,Kerry Hyder,2,1,1.0,0,0,0,0,0,1,10.3,10.3,2.0%,DL,2020
20,21,Alton Robinson,2,1,1.0,0,0,0,0,0,1,10.3,10.3,0.0%,DL,2020
21,22,Cameron Jordan,2,1,1.0,0,0,0,0,0,1,10.3,10.3,6.1%,DL,2020
22,23,Leonard Williams,1,3,1.0,0,0,0,0,0,1,10.3,10.3,10.9%,DL,2020
23,24,D.J. Wonnum,1,0,1.0,0,0,1,0,0,1,9.5,9.5,13.9%,DL,2020
24,25,Quinnen Williams,3,0,0.0,0,0,0,0,0,1,9.5,9.5,26.7%,DL,2020
25,26,Shelby Harris,3,3,0.0,0,0,0,0,0,1,9.3,9.3,1.1%,DL,2020
26,27,Jerry Tillery,1,1,1.0,0,0,0,0,0,1,8.8,8.8,0.7%,DL,2020
27,28,Ndamukong Suh,1,1,1.0,0,0,0,0,0,1,8.8,8.8,0.0%,DL,2020
28,29,Josh Sweat,5,1,0.0,0,0,0,0,0,1,8.3,8.3,14.1%,DL,2020
29,30,Vinny Curry,1,0,1.0,0,0,0,0,0,1,8.0,8.0,0.0%,DL,2020
30,31,Trey Hendrickson,1,0,1.0,0,0,0,0,0,1,8.0,8.0,35.3%,DL,2020
31,32,Quinton Jefferson,1,0,1.0,0,0,0,0,0,1,8.0,8.0,3.4%,DL,2020
32,33,Efe Obada,1,0,1.0,0,0,0,0,0,1,8.0,8.0,0.0%,DL,2020
33,34,Justin Jones,2,0,0.0,0,0,0,0,0,1,8.0,8.0,2.9%,DL,2020
34,35,Lawrence Guy,3,1,0.0,0,0,0,0,0,1,7.8,7.8,4.0%,DL,2020
35,36,Aldon Smith,2,1,1.0,0,0,0,0,0,1,7.8,7.8,0.0%,DL,2020
36,37,Da'Shawn Hand,2,2,0.0,0,0,0,0,0,1,7.0,7.0,0.4%,DL,2020
37,38,Stephen Weatherly,2,2,0.0,0,0,0,0,0,1,7.0,7.0,0.0%,DL,2020
38,39,Frank Clark,2,2,0.0,0,0,0,0,0,1,7.0,7.0,0.0%,DL,2020
39,40,Byron Cowart,2,2,0.0,0,0,0,0,0,1,7.0,7.0,0.4%,DL,2020
40,41,Brian Burns,4,1,0.0,0,0,0,0,0,1,6.8,6.8,41.3%,DL,2020
41,42,Arik Armstead,4,1,0.0,0,0,0,0,0,1,6.8,6.8,3.6%,DL,2020
42,43,Cameron Heyward,4,1,0.0,0,0,0,0,0,1,6.8,6.8,23.1%,DL,2020
43,44,Sheldon Richardson,3,1,0.0,1,0,0,0,0,1,6.8,6.8,1.0%,DL,2020
44,45,Marcus Davenport,2,2,0.5,0,0,0,0,0,1,6.5,6.5,2.1%,DL,2020
45,46,Javon Hargrave,1,1,0.0,1,0,0,0,0,1,6.3,6.3,14.8%,DL,2020
46,47,Shy Tuttle,2,1,0.0,0,0,0,0,0,1,6.3,6.3,2.0%,DL,2020
47,48,Trey Flowers,2,1,0.0,0,0,0,0,0,1,6.3,6.3,0.2%,DL,2020
48,49,Dre'Mont Jones,2,1,0.0,0,0,0,0,0,1,6.3,6.3,4.9%,DL,2020
49,50,Poona Ford,2,1,0.0,0,0,0,0,0,1,6.3,6.3,0.7%,DL,2020
50,51,Dante Fowler,1,1,1.0,0,0,0,0,0,1,6.3,6.3,3.5%,DL,2020
51,52,Kenny Clark,4,0,0.0,0,0,0,0,0,1,6.0,6.0,8.9%,DL,2020
52,53,Johnathan Hankins,4,0,0.0,0,0,0,0,0,1,6.0,6.0,0.0%,DL,2020
53,54,Sebastian Joseph-Day,3,2,0.0,0,0,0,0,0,1,6.0,6.0,2.1%,DL,2020
54,55,Christian Covington,3,2,0.0,0,0,0,0,0,1,6.0,6.0,0.0%,DL,2020
55,56,Randy Gregory,4,0,0.0,0,0,0,0,0,1,6.0,6.0,2.2%,DL,2020
56,57,Isaiah Buggs,3,2,0.0,0,0,0,0,0,1,6.0,6.0,0.2%,DL,2020
57,58,Dorance Armstrong,1,0,0.0,0,0,0,1,0,1,5.5,5.5,4.2%,DL,2020
58,59,Justin Houston,1,0,0.0,0,0,0,1,0,1,5.5,5.5,0.0%,DL,2020
59,60,Isaac Rochell,1,0,1.0,0,0,0,0,0,1,5.5,5.5,0.0%,DL,2020
60,61,Justin Zimmer,1,0,0.0,0,0,1,0,0,1,5.5,5.5,0.0%,DL,2020
61,62,Mario Addison,2,0,0.0,0,0,0,0,0,1,5.5,5.5,4.0%,DL,2020
62,63,John Franklin-Myers,1,2,0.0,0,0,0,0,0,1,5.5,5.5,0.9%,DL,2020
63,64,Henry Anderson,2,3,0.0,0,0,0,0,0,1,5.3,5.3,0.0%,DL,2020
64,65,Foley Fatukasi,2,3,0.0,0,0,0,0,0,1,5.3,5.3,0.4%,DL,2020
65,66,William Gholston,2,1,0.0,1,0,0,0,0,1,5.3,5.3,1.6%,DL,2020
66,67,Jaleel Johnson,3,1,0.0,0,0,0,0,0,1,5.3,5.3,0.0%,DL,2020
67,68,Joey Bosa,1,1,0.0,0,0,0,0,0,1,4.8,4.8,16.7%,DL,2020
68,69,John Penisini,1,1,0.0,0,0,0,0,0,1,4.8,4.8,0.0%,DL,2020
69,70,Damontre Moore,1,1,0.0,0,0,0,0,0,1,4.8,4.8,0.0%,DL,2020
70,71,Zach Sieler,2,2,0.0,0,0,0,0,0,1,4.5,4.5,27.9%,DL,2020
71,72,Larry Ogunjobi,2,2,0.0,0,0,0,0,0,1,4.5,4.5,2.5%,DL,2020
72,73,Jeffery Simmons,2,2,0.0,0,0,0,0,0,1,4.5,4.5,27.2%,DL,2020
73,74,Bilal Nichols,2,2,0.0,0,0,0,0,0,1,4.5,4.5,1.3%,DL,2020
74,75,Sylvester Williams,2,0,0.0,1,0,0,0,0,1,4.5,4.5,0.0%,DL,2020
75,76,DeShawn Williams,3,0,0.0,0,0,0,0,0,1,4.5,4.5,0.6%,DL,2020
76,77,Grady Jarrett,1,4,0.0,0,0,0,0,0,1,4.5,4.5,5.7%,DL,2020
77,78,Calais Campbell,2,0,0.0,1,0,0,0,0,1,4.5,4.5,3.1%,DL,2020
78,79,Tyler Lancaster,2,2,0.0,0,0,0,0,0,1,4.5,4.5,0.0%,DL,2020
79,80,Jordan Elliott,2,2,0.0,0,0,0,0,0,1,4.5,4.5,0.2%,DL,2020
80,81,Deatrich Wise,1,3,0.0,0,0,0,0,0,1,3.8,3.8,3.0%,DL,2020
81,82,Harrison Phillips,2,1,0.0,0,0,0,0,0,1,3.8,3.8,23.5%,DL,2020
82,83,Jalyn Holmes,1,3,0.0,0,0,0,0,0,1,3.8,3.8,0.4%,DL,2020
83,84,Derrick Brown,1,3,0.0,0,0,0,0,0,1,3.8,3.8,39.8%,DL,2020
84,85,Xavier Williams,2,1,0.0,0,0,0,0,0,1,3.8,3.8,0.0%,DL,2020
85,86,Raekwon Davis,1,3,0.0,0,0,0,0,0,1,3.8,3.8,0.2%,DL,2020
86,87,Dalvin Tomlinson,2,1,0.0,0,0,0,0,0,1,3.8,3.8,2.2%,DL,2020
87,88,D.J. Jones,2,1,0.0,0,0,0,0,0,1,3.8,3.8,5.0%,DL,2020
88,89,Akiem Hicks,2,1,0.0,0,0,0,0,0,1,3.8,3.8,0.0%,DL,2020
89,90,B.J. Hill,1,3,0.0,0,0,0,0,0,1,3.8,3.8,5.8%,DL,2020
90,91,Maxx Crosby,2,0,0.0,0,0,0,0,0,1,3.0,3.0,69.0%,DL,2020
91,92,DeMarcus Walker,2,0,0.0,0,0,0,0,0,1,3.0,3.0,1.8%,DL,2020
92,93,Tanoh Kpassagnon,1,2,0.0,0,0,0,0,0,1,3.0,3.0,0.0%,DL,2020
93,94,Tarell Basham,1,2,0.0,0,0,0,0,0,1,3.0,3.0,0.0%,DL,2020
94,95,Nick Thurman,2,0,0.0,0,0,0,0,0,1,3.0,3.0,0.7%,DL,2020
95,96,Adrian Clayborn,1,2,0.0,0,0,0,0,0,1,3.0,3.0,0.0%,DL,2020
96,97,Malcom Brown,0,4,0.0,0,0,0,0,0,1,3.0,3.0,0.0%,DL,2020
97,98,Brandon Williams,1,2,0.0,0,0,0,0,0,1,3.0,3.0,0.2%,DL,2020
98,99,Shamar Stephen,2,0,0.0,0,0,0,0,0,1,3.0,3.0,0.0%,DL,2020
99,100,Ed Oliver,2,0,0.0,0,0,0,0,0,1,3.0,3.0,22.1%,DL,2020
100,101,Dexter Lawrence,1,2,0.0,0,0,0,0,0,1,3.0,3.0,12.4%,DL,2020
101,102,Nick Williams,2,0,0.0,0,0,0,0,0,1,3.0,3.0,3.0%,DL,2020
102,103,Jacob Tuioti-Mariner,2,0,0.0,0,0,0,0,0,1,3.0,3.0,0.0%,DL,2020
103,104,Ifeadi Odenigbo,0,4,0.0,0,0,0,0,0,1,3.0,3.0,4.0%,DL,2020
104,105,Tashawn Bower,2,0,0.0,0,0,0,0,0,1,3.0,3.0,0.0%,DL,2020
105,106,Amani Bledsoe,1,0,0.0,1,0,0,0,0,1,3.0,3.0,0.0%,DL,2020
106,107,Sheldon Rankins,0,1,0.5,0,0,0,0,0,1,2.8,2.8,2.0%,DL,2020
107,108,DaQuan Jones,1,1,0.0,0,0,0,0,0,1,2.3,2.3,0.7%,DL,2020
108,109,Brent Urban,1,1,0.0,0,0,0,0,0,1,2.3,2.3,0.4%,DL,2020
109,110,Al-Quadin Muhammad,1,1,0.0,0,0,0,0,0,1,2.3,2.3,0.0%,DL,2020
110,111,Myles Garrett,0,3,0.0,0,0,0,0,0,1,2.3,2.3,63.7%,DL,2020
111,112,Greg Gaines,1,1,0.0,0,0,0,0,0,1,2.3,2.3,0.4%,DL,2020
112,113,Carl Nassib,1,1,0.0,0,0,0,0,0,1,2.3,2.3,0.0%,DL,2020
113,114,Grover Stewart,1,1,0.0,0,0,0,0,0,1,2.3,2.3,3.5%,DL,2020
114,115,Antwaun Woods,0,2,0.0,0,0,0,0,0,1,1.5,1.5,0.0%,DL,2020
115,116,Charles Harris,0,0,0.0,1,0,0,0,0,1,1.5,1.5,4.0%,DL,2020
116,117,Khalid Kareem,1,0,0.0,0,0,0,0,0,1,1.5,1.5,0.0%,DL,2020
117,118,John Jenkins,0,2,0.0,0,0,0,0,0,1,1.5,1.5,1.7%,DL,2020
118,119,Derek Barnett,1,0,0.0,0,0,0,0,0,1,1.5,1.5,0.5%,DL,2020
119,120,Chris Jones,1,0,0.0,0,0,0,0,0,1,1.5,1.5,25.7%,DL,2020
120,121,Yannick Ngakoue,1,0,0.0,0,0,0,0,0,1,1.5,1.5,1.7%,DL,2020
121,122,Trent Harris,0,2,0.0,0,0,0,0,0,1,1.5,1.5,0.0%,DL,2020
122,123,Joshua Uche,1,0,0.0,0,0,0,0,0,1,1.5,1.5,0.9%,DL,2020
123,124,Carl Granderson,1,0,0.0,0,0,0,0,0,1,1.5,1.5,28.7%,DL,2020
124,125,Chris Smith,1,0,0.0,0,0,0,0,0,1,1.5,1.5,0.0%,DL,2020
125,126,Steven Means,1,0,0.0,0,0,0,0,0,1,1.5,1.5,0.0%,DL,2020
126,127,Jarran Reed,0,2,0.0,0,0,0,0,0,1,1.5,1.5,5.8%,DL,2020
127,128,Carl Lawson,0,2,0.0,0,0,0,0,0,1,1.5,1.5,0.0%,DL,2020
128,129,Kevin Givens,1,0,0.0,0,0,0,0,0,1,1.5,1.5,0.2%,DL,2020
129,130,Austin Larkin,1,0,0.0,0,0,0,0,0,1,1.5,1.5,0.0%,DL,2020
130,131,Steve McLendon,1,0,0.0,0,0,0,0,0,1,1.5,1.5,0.0%,DL,2020
131,132,Sheldon Day,0,0,0.0,1,0,0,0,0,1,1.5,1.5,0.0%,DL,2020
132,133,Derrick Nnadi,1,0,0.0,0,0,0,0,0,1,1.5,1.5,0.9%,DL,2020
133,134,Jonathan Bullard,1,0,0.0,0,0,0,0,0,1,1.5,1.5,3.3%,DL,2020
134,135,Jadeveon Clowney,1,0,0.0,0,0,0,0,0,1,1.5,1.5,22.5%,DL,2020
135,136,Austin Johnson,1,0,0.0,0,0,0,0,0,1,1.5,1.5,3.0%,DL,2020
136,137,Mike Daniels,1,0,0.0,0,0,0,0,0,1,1.5,1.5,0.0%,DL,2020
137,138,Bryce Huff,1,0,0.0,0,0,0,0,0,1,1.5,1.5,4.4%,DL,2020
138,139,Mike Pennel,0,2,0.0,0,0,0,0,0,1,1.5,1.5,0.4%,DL,2020
139,140,Maliek Collins,1,0,0.0,0,0,0,0,0,1,1.5,1.5,2.4%,DL,2020
140,141,Armon Watts,0,1,0.0,0,0,0,0,0,1,0.8,0.8,0.7%,DL,2020
141,142,Morgan Fox,0,1,0.0,0,0,0,0,0,1,0.8,0.8,2.3%,DL,2020
142,143,Woodrow Hamilton,0,1,0.0,0,0,0,0,0,1,0.8,0.8,0.0%,DL,2020
143,144,Taco Charlton,0,1,0.0,0,0,0,0,0,1,0.8,0.8,0.0%,DL,2020
144,145,Clelin Ferrell,0,1,0.0,0,0,0,0,0,1,0.8,0.8,1.7%,DL,2020
145,146,Nathan Shepherd,0,1,0.0,0,0,0,0,0,1,0.8,0.8,2.0%,DL,2020
146,147,Roy Robertson-Harris,0,1,0.0,0,0,0,0,0,1,0.8,0.8,1.3%,DL,2020
147,148,Melvin Ingram,0,1,0.0,0,0,0,0,0,1,0.8,0.8,0.0%,DL,2020
148,149,Adam Butler,0,1,0.0,0,0,0,0,0,1,0.8,0.8,0.7%,DL,2020
149,150,Javon Kinlaw,0,1,0.0,0,0,0,0,0,1,0.8,0.8,1.7%,DL,2020
150,151,Jabari Zuniga,0,1,0.0,0,0,0,0,0,1,0.8,0.8,0.2%,DL,2020
151,152,Damion Square,0,1,0.0,0,0,0,0,0,1,0.8,0.8,0.0%,DL,2020
152,153,Mike Danna,0,1,0.0,0,0,0,0,0,1,0.8,0.8,5.2%,DL,2020
153,154,Michael Brockers,0,1,0.0,0,0,0,0,0,1,0.8,0.8,0.0%,DL,2020
154,155,Dion Jordan,0,1,0.0,0,0,0,0,0,1,0.8,0.8,0.0%,DL,2020
155,156,DeForest Buckner,0,1,0.0,0,0,0,0,0,1,0.8,0.8,47.2%,DL,2020
156,157,Darryl Johnson,0,1,0.0,0,0,0,0,0,1,0.8,0.8,0.0%,DL,2020
157,158,Rakeem Nunez-Roches,0,1,0.0,0,0,0,0,0,1,0.8,0.8,0.9%,DL,2020
158,159,Allen Bailey,0,1,0.0,0,0,0,0,0,1,0.8,0.8,0.0%,DL,2020
159,160,Bravvion Roy,0,1,0.0,0,0,0,0,0,1,0.8,0.8,0.0%,DL,2020
160,161,Raequan Williams,0,0,0.0,0,0,0,0,0,1,0.0,0.0,0.0%,DL,2020
161,162,Benito Jones,0,0,0.0,0,0,0,0,0,1,0.0,0.0,0.2%,DL,2020
162,163,Jonathan Garvin,0,0,0.0,0,0,0,0,0,1,0.0,0.0,0.0%,DL,2020
163,164,Cam Gill,0,0,0.0,0,0,0,0,0,1,0.0,0.0,0.0%,DL,2020
164,165,Bradlee Anae,0,0,0.0,0,0,0,0,0,1,0.0,0.0,0.0%,DL,2020
165,166,Alex Highsmith,0,2,0.0,1,1,0,0,0,1,0.0,0.0,25.4%,DL,2020
166,167,Larrell Murchison,0,0,0.0,0,0,0,0,0,1,0.0,0.0,0.4%,DL,2020
167,168,Trent Murphy,0,0,0.0,0,0,0,0,0,1,0.0,0.0,0.0%,DL,2020
168,169,Kyle Van,5,4,0.0,2,0,0,1,0,1,0.0,0.0,8.2%,DL,2020
169,170,Khalil Mack,2,3,1.0,0,0,1,0,0,1,0.0,0.0,52.8%,DL,2020
170,171,Jeremiah Attaochu,0,0,0.0,0,0,0,0,0,1,0.0,0.0,0.0%,DL,2020
171,172,Malik Jackson,0,0,0.0,0,0,0,0,0,1,0.0,0.0,0.0%,DL,2020
172,173,Jack Crawford,0,0,0.0,0,0,0,0,0,1,0.0,0.0,0.0%,DL,2020
173,174,Derek Wolfe,0,0,0.0,0,0,0,0,0,1,0.0,0.0,0.0%,DL,2020
174,175,Tyrone Crawford,0,0,0.0,0,0,0,0,0,1,0.0,0.0,0.0%,DL,2020
175,176,John Simon,4,1,0.0,1,0,0,0,0,1,0.0,0.0,0.0%,DL,2020
176,177,Barkevious Mingo,5,0,0.0,0,0,0,0,0,1,0.0,0.0,6.0%,DL,2020
177,178,Margus Hunt,0,0,0.0,0,0,0,0,0,1,0.0,0.0,0.0%,DL,2020
178,179,Jayrone Elliott,0,0,0.0,0,0,0,0,0,1,0.0,0.0,0.0%,DL,2020
179,180,Alejandro Villanueva,0,0,0.0,0,0,0,0,0,1,0.0,0.0,0.0%,DL,2020
180,181,Shaquil Barrett,2,1,0.0,1,0,0,0,0,1,0.0,0.0,8.4%,DL,2020
181,182,Pernell McPhee,1,0,0.0,0,0,0,0,0,1,0.0,0.0,0.0%,DL,2020
182,183,Robert Quinn,2,0,0.0,0,0,0,0,0,1,0.0,0.0,1.2%,DL,2020
183,184,Jabaal Sheard,0,0,0.0,0,0,0,0,0,1,0.0,0.0,0.0%,DL,2020
184,185,Geno Atkins,0,0,0.0,0,0,0,0,0,1,0.0,0.0,0.0%,DL,2020
185,186,Tyson Alualu,0,0,0.0,0,0,0,0,0,1,0.0,0.0,0.0%,DL,2020
186,187,Linval Joseph,0,0,0.0,0,0,0,0,0,1,0.0,0.0,0.0%,DL,2020
187,188,Taylor Stallworth,0,0,0.0,0,0,0,0,0,1,0.0,0.0,0.0%,DL,2020
188,189,Henry Mondeaux,0,0,0.0,0,0,0,0,0,1,0.0,0.0,3.0%,DL,2020
189,190,Harold Landry,3,2,0.0,1,0,0,0,0,1,0.0,0.0,24.1%,DL,2020
190,191,Hercules Mata'afa,2,0,0.0,0,0,0,0,0,1,0.0,0.0,0.0%,DL,2020
191,192,Bradley Chubb,4,0,1.0,0,0,0,0,0,1,0.0,0.0,18.2%,DL,2020
192,193,Rashaad Coward,0,0,0.0,0,0,0,0,0,1,0.0,0.0,1.0%,DL,2020
193,194,Marquis Haynes,2,0,1.0,0,0,0,0,0,1,0.0,0.0,0.6%,DL,2020
194,195,Kendal Vickers,0,0,0.0,0,0,0,0,0,1,0.0,0.0,0.2%,DL,2020
195,196,Ola Adeniyi,0,0,0.0,0,0,0,0,0,1,0.0,0.0,0.0%,DL,2020
196,197,Maurice Hurst,0,0,0.0,0,0,0,0,0,1,0.0,0.0,0.2%,DL,2020
197,198,Uchenna Nwosu,1,0,0.0,0,0,0,0,0,1,0.0,0.0,17.7%,DL,2020
198,199,Kentavius Street,0,0,0.0,0,0,0,0,0,1,0.0,0.0,0.0%,DL,2020
199,200,Deadrin Senat,0,0,0.0,0,0,0,0,0,1,0.0,0.0,1.0%,DL,2020
200,201,Shaquem Griffin,0,0,0.0,0,0,0,0,0,1,0.0,0.0,0.1%,DL,2020
201,202,Matt Nelson,0,0,0.0,0,0,0,0,0,1,0.0,0.0,0.0%,DL,2020
202,203,Bryan Mone,0,0,0.0,0,0,0,0,0,1,0.0,0.0,0.0%,DL,2020
203,204,Neville Gallimore,0,0,0.0,0,0,0,0,0,1,0.0,0.0,0.6%,DL,2020
204,205,Terrell Lewis,0,0,0.0,0,0,0,0,0,1,0.0,0.0,3.0%,DL,2020
205,206,Justin Madubuike,0,0,0.0,0,0,0,0,0,1,0.0,0.0,24.4%,DL,2020
206,207,Anfernee Jennings,0,0,0.0,0,0,0,0,0,1,0.0,0.0,4.9%,DL,2020
207,208,James Lynch,0,0,0.0,0,0,0,0,0,1,0.0,0.0,1.0%,DL,2020
208,209,Malik Harrison,1,2,0.0,0,0,0,0,0,1,0.0,0.0,7.0%,DL,2020
209,210,Isaiah Mack,0,0,0.0,0,0,0,0,0,1,0.0,0.0,0.0%,DL,2020
210,211,Natrez Patrick,0,0,0.0,0,0,0,0,0,1,0.0,0.0,0.0%,DL,2020
211,212,Emeke Egbule,0,0,0.0,0,0,0,0,0,1,0.0,0.0,0.0%,DL,2020
212,213,Justin Hollins,1,2,0.0,0,0,0,0,0,1,0.0,0.0,0.0%,DL,2020
213,214,Porter Gustin,3,5,0.0,0,0,0,0,0,1,0.0,0.0,0.0%,DL,2020
214,215,Rashan Gary,0,0,0.0,0,0,0,0,0,1,0.0,0.0,11.2%,DL,2020
215,216,Jachai Polite,0,0,0.0,0,0,0,0,0,1,0.0,0.0,0.0%,DL,2020
216,217,Chase Winovich,0,0,0.0,0,0,0,0,0,1,0.0,0.0,0.0%,DL,2020
217,218,Malik Reed,2,1,1.0,0,0,0,0,0,1,0.0,0.0,0.0%,DL,2020
218,219,Ben Banogu,0,0,0.0,0,0,0,0,0,1,0.0,0.0,0.0%,DL,2020
219,220,L.J. Collier,1,0,0.0,0,0,0,0,0,1,0.0,0.0,1.0%,DL,2020
220,221,Kingsley Keke,0,0,0.0,0,0,0,0,0,1,0.0,0.0,1.0%,DL,2020
221,222,Andrew Van,0,2,0.0,1,0,0,1,1,1,0.0,0.0,11.2%,DL,2020
222,223,Anthony Nelson,0,0,0.0,0,0,0,0,0,1,0.0,0.0,0.4%,DL,2020
223,224,Shilique Calhoun,0,0,0.0,0,0,0,0,0,1,0.0,0.0,0.0%,DL,2020
224,225,Leonard Floyd,0,0,0.0,0,0,0,1,0,1,0.0,0.0,5.4%,DL,2020
225,226,Jordan Jenkins,0,0,0.0,0,0,0,0,0,1,0.0,0.0,0.0%,DL,2020
226,227,James Vaughters,0,1,0.0,0,0,0,0,0,1,0.0,0.0,0.0%,DL,2020
227,228,Kyler Fackrell,0,1,0.0,1,0,0,0,0,1,0.0,0.0,0.0%,DL,2020
228,229,Matthew Judon,0,0,0.0,0,0,0,0,0,1,0.0,0.0,16.8%,DL,2020
229,230,Anthony Chickillo,2,0,0.0,0,0,0,0,0,1,0.0,0.0,0.0%,DL,2020
230,231,Vic Beasley,0,0,0.0,0,0,0,0,0,1,0.0,0.0,0.0%,DL,2020
231,232,Preston Smith,3,0,0.0,0,0,0,0,0,1,0.0,0.0,11.1%,DL,2020
232,233,Justin Hamilton,0,0,0.0,0,0,0,0,0,1,0.0,0.0,0.0%,DL,2020
233,234,Mario Edwards,0,0,0.0,0,0,0,0,0,1,0.0,0.0,0.0%,DL,2020
234,235,Za'Darius Smith,3,3,0.0,0,0,0,0,0,1,0.0,0.0,5.4%,DL,2020
235,236,Bud Dupree,4,0,1.0,0,0,1,0,0,1,0.0,0.0,1.3%,DL,2020
236,237,Tyeler Davison,0,0,0.0,0,0,0,0,0,1,0.0,0.0,0.0%,DL,2020
237,238,Patrick O'Connor,0,0,0.0,0,0,0,0,0,1,0.0,0.0,3.0%,DL,2020
238,239,Montravius Adams,0,0,0.0,0,0,0,0,0,1,0.0,0.0,0.4%,DL,2020
239,240,Samson Ebukam,1,2,0.0,0,0,0,0,0,1,0.0,0.0,8.7%,DL,2020
240,241,Vincent Taylor,0,0,0.0,0,0,0,0,0,1,0.0,0.0,0.0%,DL,2020
241,242,Derek Rivers,0,0,0.0,0,0,0,0,0,1,0.0,0.0,0.0%,DL,2020
242,243,Jordan Willis,1,2,0.0,0,0,0,0,0,1,0.0,0.0,1.0%,DL,2020
243,244,T.J. Watt,3,2,1.0,0,0,0,0,0,1,0.0,0.0,78.9%,DL,2020
244,245,Tyus Bowser,0,1,0.0,1,0,0,0,0,1,0.0,0.0,0.7%,DL,2020
245,246,Zach Wood,0,0,0.0,0,0,0,0,0,1,0.0,0.0,0.0%,DL,2020
246,247,Brandin Bryant,1,0,0.0,0,0,0,0,0,1,0.0,0.0,0.0%,DL,2020
247,248,Kameron Canaday,0,0,0.0,0,0,0,0,0,1,0.0,0.0,0.0%,DL,2020
