,Rank,Player,Tackle,Assist,Sack,Pass Defended,Interception,Forced Fumble,Fumble Recovery,Defend Touchdown,Games Played,Fantasy Football Points,FTPS/Game,ROST,Position,Year
0,1,Carlos Dunlap,3,3,1.5,0,0,0,0,0,1,20.3,20.3,3.0%,DL,2020
1,2,Trey Hendrickson,2,1,2.0,0,0,0,0,0,1,16.8,16.8,35.3%,DL,2020
2,3,Shaq Lawson,2,1,0.0,0,0,0,1,1,1,16.3,16.3,0.0%,DL,2020
3,4,Emmanuel Ogbah,4,1,1.0,1,0,1,0,0,1,16.3,16.3,1.1%,DL,2020
4,5,DaQuan Jones,4,3,0.5,0,0,0,0,0,1,15.3,15.3,0.7%,DL,2020
5,6,Al-Quadin Muhammad,4,0,1.0,0,0,0,0,0,1,15.0,15.0,0.0%,DL,2020
6,7,Jarran Reed,2,2,2.0,0,0,0,0,0,1,15.0,15.0,5.8%,DL,2020
7,8,Jerry Tillery,1,0,1.0,1,0,1,1,0,1,15.0,15.0,0.7%,DL,2020
8,9,William Gholston,4,1,0.0,0,0,0,0,0,1,14.3,14.3,1.6%,DL,2020
9,10,Jeffery Simmons,3,0,0.0,1,0,1,1,0,1,14.0,14.0,27.2%,DL,2020
10,11,Deatrich Wise,4,2,1.0,0,0,0,0,0,1,14.0,14.0,3.0%,DL,2020
11,12,Foley Fatukasi,4,3,0.0,0,0,1,0,0,1,12.3,12.3,0.4%,DL,2020
12,13,Mario Addison,3,1,1.0,0,0,0,0,0,1,11.8,11.8,4.0%,DL,2020
13,14,Grover Stewart,3,1,0.0,1,0,0,0,0,1,11.8,11.8,3.5%,DL,2020
14,15,Maxx Crosby,1,5,1.0,0,0,0,0,0,1,11.8,11.8,69.0%,DL,2020
15,16,Daron Payne,5,2,0.0,0,0,0,0,0,1,11.5,11.5,15.4%,DL,2020
16,17,J.J. Watt,2,0,1.0,0,0,1,0,0,1,11.0,11.0,4.2%,DL,2020
17,18,Haason Reddick,3,2,0.0,0,0,0,0,0,1,11.0,11.0,17.6%,DL,2020
18,19,Dre'Mont Jones,2,0,1.0,1,0,0,0,0,1,11.0,11.0,4.9%,DL,2020
19,20,Jason Pierre-Paul,5,2,0.0,1,0,0,0,0,1,10.5,10.5,0.0%,DL,2020
20,21,Carl Nassib,1,1,1.0,1,0,0,0,0,1,10.3,10.3,0.0%,DL,2020
21,22,Tarell Basham,3,1,0.0,0,0,0,0,0,1,10.3,10.3,0.0%,DL,2020
22,23,Cameron Heyward,3,1,0.5,0,0,0,0,0,1,9.8,9.8,23.1%,DL,2020
23,24,Brian Burns,2,0,1.0,0,0,0,0,0,1,9.5,9.5,41.3%,DL,2020
24,25,Leonard Williams,1,2,1.0,0,0,0,0,0,1,9.5,9.5,10.9%,DL,2020
25,26,Jerry Hughes,1,0,1.0,0,0,1,0,0,1,9.5,9.5,1.0%,DL,2020
26,27,DeMarcus Walker,2,0,1.0,0,0,0,0,0,1,9.5,9.5,1.8%,DL,2020
27,28,DeForest Buckner,2,3,0.0,0,0,1,0,0,1,9.3,9.3,47.2%,DL,2020
28,29,DeShawn Williams,4,1,0.0,0,0,0,0,0,1,9.3,9.3,0.6%,DL,2020
29,30,Tanoh Kpassagnon,4,1,0.0,0,0,0,0,0,1,9.3,9.3,0.0%,DL,2020
30,31,DeMarcus Lawrence,3,1,0.0,1,0,0,0,0,1,9.3,9.3,12.7%,DL,2020
31,32,Denico Autry,1,1,1.0,0,0,0,0,0,1,8.8,8.8,10.1%,DL,2020
32,33,Frank Clark,1,1,1.0,0,0,0,0,0,1,8.8,8.8,0.0%,DL,2020
33,34,Mario Edwards,1,1,1.0,0,0,0,0,0,1,8.8,8.8,0.0%,DL,2020
34,35,Stephon Tuitt,4,0,0.0,0,0,0,0,0,1,8.5,8.5,0.1%,DL,2020
35,36,Malcom Brown,1,0,1.0,0,0,0,0,0,1,8.0,8.0,0.0%,DL,2020
36,37,Josh Mauro,1,0,1.0,0,0,0,0,0,1,8.0,8.0,0.0%,DL,2020
37,38,Tim Settle,1,0,1.0,0,0,0,0,0,1,8.0,8.0,0.4%,DL,2020
38,39,Bilal Nichols,1,0,1.0,0,0,0,0,0,1,8.0,8.0,1.3%,DL,2020
39,40,Akiem Hicks,4,2,0.0,0,0,0,0,0,1,7.5,7.5,0.0%,DL,2020
40,41,Henry Anderson,2,2,0.0,0,0,0,0,0,1,7.0,7.0,0.0%,DL,2020
41,42,Jonathan Allen,2,2,0.5,0,0,0,0,0,1,6.5,6.5,14.8%,DL,2020
42,43,David Onyemata,0,0,0.0,1,1,0,0,0,1,6.5,6.5,5.7%,DL,2020
43,44,Randy Gregory,2,1,0.0,0,0,0,0,0,1,6.3,6.3,2.2%,DL,2020
44,45,Chris Jones,1,1,1.0,0,0,0,0,0,1,6.3,6.3,25.7%,DL,2020
45,46,Clelin Ferrell,2,1,0.0,0,0,0,0,0,1,6.3,6.3,1.7%,DL,2020
46,47,Grady Jarrett,2,1,0.0,0,0,0,0,0,1,6.3,6.3,5.7%,DL,2020
47,48,Melvin Ingram,3,2,0.0,0,0,0,0,0,1,6.0,6.0,0.0%,DL,2020
48,49,Derrick Nnadi,3,2,0.0,0,0,0,0,0,1,6.0,6.0,0.9%,DL,2020
49,50,Justin Madubuike,3,2,0.0,0,0,0,0,0,1,6.0,6.0,24.4%,DL,2020
50,51,Josh Allen,1,3,0.5,0,0,0,0,0,1,5.8,5.8,44.1%,DL,2020
51,52,Armon Watts,1,3,0.5,0,0,0,0,0,1,5.8,5.8,0.7%,DL,2020
52,53,Carlos Davis,2,0,0.0,0,0,0,0,0,1,5.5,5.5,0.0%,DL,2020
53,54,Neville Gallimore,1,2,0.0,0,0,0,0,0,1,5.5,5.5,0.6%,DL,2020
54,55,Chase Young,1,0,1.0,0,0,0,0,0,1,5.5,5.5,10.6%,DL,2020
55,56,Montravius Adams,2,0,0.0,0,0,0,0,0,1,5.5,5.5,0.4%,DL,2020
56,57,Zach Sieler,3,1,0.0,0,0,0,0,0,1,5.3,5.3,27.9%,DL,2020
57,58,Derick Roberson,2,1,0.0,1,0,0,0,0,1,5.3,5.3,0.0%,DL,2020
58,59,Johnathan Hankins,3,1,0.0,0,0,0,0,0,1,5.3,5.3,0.0%,DL,2020
59,60,Daniel McCullers,3,1,0.0,0,0,0,0,0,1,5.3,5.3,0.0%,DL,2020
60,61,Derrick Brown,3,1,0.0,0,0,0,0,0,1,5.3,5.3,39.8%,DL,2020
61,62,DaVon Hamilton,0,1,0.0,0,0,0,1,0,1,4.8,4.8,0.7%,DL,2020
62,63,Ndamukong Suh,1,1,0.0,0,0,0,0,0,1,4.8,4.8,0.0%,DL,2020
63,64,Jaylon Ferguson,3,0,0.0,0,0,0,0,0,1,4.5,4.5,0.0%,DL,2020
64,65,Chase Winovich,2,2,0.0,0,0,0,0,0,1,4.5,4.5,0.0%,DL,2020
65,66,Brent Urban,2,2,0.0,0,0,0,0,0,1,4.5,4.5,0.4%,DL,2020
66,67,Derek Wolfe,3,0,0.0,0,0,0,0,0,1,4.5,4.5,0.0%,DL,2020
67,68,Isaiah Buggs,3,0,0.0,0,0,0,0,0,1,4.5,4.5,0.2%,DL,2020
68,69,Romeo Okwara,1,2,0.0,1,0,0,0,0,1,4.5,4.5,0.0%,DL,2020
69,70,Everson Griffen,1,2,0.0,1,0,0,0,0,1,4.5,4.5,2.0%,DL,2020
70,71,John Cominsky,2,2,0.0,0,0,0,0,0,1,4.5,4.5,1.2%,DL,2020
71,72,Dalvin Tomlinson,0,1,0.5,1,0,0,0,0,1,4.3,4.3,2.2%,DL,2020
72,73,Trent Murphy,1,0,0.0,0,0,0,0,0,1,4.0,4.0,0.0%,DL,2020
73,74,Dexter Lawrence,1,0,0.0,0,0,0,0,0,1,4.0,4.0,12.4%,DL,2020
74,75,Adam Gotsis,1,0,0.0,0,0,0,0,0,1,4.0,4.0,1.2%,DL,2020
75,76,Henry Mondeaux,1,0,0.0,0,0,0,0,0,1,4.0,4.0,3.0%,DL,2020
76,77,Vernon Butler,1,0,0.0,0,0,0,0,0,1,4.0,4.0,0.0%,DL,2020
77,78,Taylor Stallworth,1,0,0.0,0,0,0,0,0,1,4.0,4.0,0.0%,DL,2020
78,79,Jaleel Johnson,1,0,0.0,0,0,0,0,0,1,4.0,4.0,0.0%,DL,2020
79,80,Christian Wilkins,2,1,0.0,0,0,0,0,0,1,3.8,3.8,48.1%,DL,2020
80,81,Linval Joseph,2,1,0.0,0,0,0,0,0,1,3.8,3.8,0.0%,DL,2020
81,82,Jalyn Holmes,1,3,0.0,0,0,0,0,0,1,3.8,3.8,0.4%,DL,2020
82,83,Javon Kinlaw,2,1,0.0,0,0,0,0,0,1,3.8,3.8,1.7%,DL,2020
83,84,Kerry Hyder,2,1,0.0,0,0,0,0,0,1,3.8,3.8,2.0%,DL,2020
84,85,Justin Jones,1,3,0.0,0,0,0,0,0,1,3.8,3.8,2.9%,DL,2020
85,86,McTelvin Agim,1,1,0.0,1,0,0,0,0,1,3.8,3.8,0.0%,DL,2020
86,87,Raekwon Davis,2,1,0.0,0,0,0,0,0,1,3.8,3.8,0.2%,DL,2020
87,88,Shamar Stephen,0,2,0.5,0,0,0,0,0,1,3.5,3.5,0.0%,DL,2020
88,89,Poona Ford,2,0,0.0,0,0,0,0,0,1,3.0,3.0,0.7%,DL,2020
89,90,Justin Zimmer,2,0,0.0,0,0,0,0,0,1,3.0,3.0,0.0%,DL,2020
90,91,Dean Lowry,2,0,0.0,0,0,0,0,0,1,3.0,3.0,0.6%,DL,2020
91,92,Austin Bryant,2,0,0.0,0,0,0,0,0,1,3.0,3.0,1.0%,DL,2020
92,93,Carlos Watkins,1,0,0.0,1,0,0,0,0,1,3.0,3.0,0.0%,DL,2020
93,94,Maliek Collins,1,2,0.0,0,0,0,0,0,1,3.0,3.0,2.4%,DL,2020
94,95,Rakeem Nunez-Roches,2,0,0.0,0,0,0,0,0,1,3.0,3.0,0.9%,DL,2020
95,96,Jonathan Greenard,1,2,0.0,0,0,0,0,0,1,3.0,3.0,29.2%,DL,2020
96,97,Nick Williams,1,2,0.0,0,0,0,0,0,1,3.0,3.0,3.0%,DL,2020
97,98,Bryce Huff,2,0,0.0,0,0,0,0,0,1,3.0,3.0,4.4%,DL,2020
98,99,Aldon Smith,2,0,0.0,0,0,0,0,0,1,3.0,3.0,0.0%,DL,2020
99,100,Jabaal Sheard,1,2,0.0,0,0,0,0,0,1,3.0,3.0,0.0%,DL,2020
100,101,Ryan Kerrigan,0,1,0.5,0,0,0,0,0,1,2.8,2.8,0.0%,DL,2020
101,102,Jacob Tuioti-Mariner,1,1,0.0,0,0,0,0,0,1,2.3,2.3,0.0%,DL,2020
102,103,Brandon Williams,1,1,0.0,0,0,0,0,0,1,2.3,2.3,0.2%,DL,2020
103,104,Ifeadi Odenigbo,0,3,0.0,0,0,0,0,0,1,2.3,2.3,4.0%,DL,2020
104,105,Tyler Lancaster,1,1,0.0,0,0,0,0,0,1,2.3,2.3,0.0%,DL,2020
105,106,Corey Peters,1,1,0.0,0,0,0,0,0,1,2.3,2.3,2.0%,DL,2020
106,107,Anthony Nelson,1,1,0.0,0,0,0,0,0,1,2.3,2.3,0.4%,DL,2020
107,108,Danny Shelton,0,3,0.0,0,0,0,0,0,1,2.3,2.3,0.0%,DL,2020
108,109,Byron Cowart,1,1,0.0,0,0,0,0,0,1,2.3,2.3,0.4%,DL,2020
109,110,Tanzel Smart,1,1,0.0,0,0,0,0,0,1,2.3,2.3,0.0%,DL,2020
110,111,Taven Bryan,1,1,0.0,0,0,0,0,0,1,2.3,2.3,0.2%,DL,2020
111,112,Justin Ellis,0,1,0.0,1,0,0,0,0,1,2.3,2.3,2.0%,DL,2020
112,113,Steve McLendon,0,3,0.0,0,0,0,0,0,1,2.3,2.3,0.0%,DL,2020
113,114,Montez Sweat,0,1,0.0,1,0,0,0,0,1,2.3,2.3,35.2%,DL,2020
114,115,Jabari Zuniga,1,1,0.0,0,0,0,0,0,1,2.3,2.3,0.2%,DL,2020
115,116,P.J. Hall,0,2,0.0,0,0,0,0,0,1,1.5,1.5,0.0%,DL,2020
116,117,Nathan Shepherd,0,2,0.0,0,0,0,0,0,1,1.5,1.5,2.0%,DL,2020
117,118,Zach Kerr,0,2,0.0,0,0,0,0,0,1,1.5,1.5,0.0%,DL,2020
118,119,Mike Danna,1,0,0.0,0,0,0,0,0,1,1.5,1.5,5.2%,DL,2020
119,120,Brandon Dunn,0,2,0.0,0,0,0,0,0,1,1.5,1.5,0.0%,DL,2020
120,121,Carl Davis,1,0,0.0,0,0,0,0,0,1,1.5,1.5,1.1%,DL,2020
121,122,Isaac Rochell,1,0,0.0,0,0,0,0,0,1,1.5,1.5,0.0%,DL,2020
122,123,Ross Blacklock,1,0,0.0,0,0,0,0,0,1,1.5,1.5,0.0%,DL,2020
123,124,Kylie Fitts,1,0,0.0,0,0,0,0,0,1,1.5,1.5,0.0%,DL,2020
124,125,Tyeler Davison,1,0,0.0,0,0,0,0,0,1,1.5,1.5,0.0%,DL,2020
125,126,John Franklin-Myers,1,0,0.0,0,0,0,0,0,1,1.5,1.5,0.9%,DL,2020
126,127,Dion Jordan,1,0,0.0,0,0,0,0,0,1,1.5,1.5,0.0%,DL,2020
127,128,Malcolm Roach,0,2,0.0,0,0,0,0,0,1,1.5,1.5,0.9%,DL,2020
128,129,Austin Johnson,1,0,0.0,0,0,0,0,0,1,1.5,1.5,3.0%,DL,2020
129,130,Doug Costin,0,2,0.0,0,0,0,0,0,1,1.5,1.5,0.0%,DL,2020
130,131,Kevin Givens,1,0,0.0,0,0,0,0,0,1,1.5,1.5,0.2%,DL,2020
131,132,Marcus Davenport,0,0,0.0,1,0,0,0,0,1,1.5,1.5,2.1%,DL,2020
132,133,Antwaun Woods,1,0,0.0,0,0,0,0,0,1,1.5,1.5,0.0%,DL,2020
133,134,Bravvion Roy,1,0,0.0,0,0,0,0,0,1,1.5,1.5,0.0%,DL,2020
134,135,Efe Obada,0,1,0.0,0,0,0,0,0,1,0.8,0.8,0.0%,DL,2020
135,136,Jonathan Garvin,0,1,0.0,0,0,0,0,0,1,0.8,0.8,0.0%,DL,2020
136,137,Stephen Weatherly,0,1,0.0,0,0,0,0,0,1,0.8,0.8,0.0%,DL,2020
137,138,Yetur Gross-Matos,0,1,0.0,0,0,0,0,0,1,0.8,0.8,1.1%,DL,2020
138,139,Daniel Ross,0,1,0.0,0,0,0,0,0,1,0.8,0.8,0.0%,DL,2020
139,140,Austin Larkin,0,1,0.0,0,0,0,0,0,1,0.8,0.8,0.0%,DL,2020
140,141,Sylvester Williams,0,1,0.0,0,0,0,0,0,1,0.8,0.8,0.0%,DL,2020
141,142,Nick Thurman,0,1,0.0,0,0,0,0,0,1,0.8,0.8,0.7%,DL,2020
142,143,Tershawn Wharton,0,1,0.0,0,0,0,0,0,1,0.8,0.8,0.4%,DL,2020
143,144,Jack Crawford,0,1,0.0,0,0,0,0,0,1,0.8,0.8,0.0%,DL,2020
144,145,Damion Square,0,1,0.0,0,0,0,0,0,1,0.8,0.8,0.0%,DL,2020
145,146,Calais Campbell,0,1,0.0,0,0,0,0,0,1,0.8,0.8,3.1%,DL,2020
146,147,Dawuane Smoot,0,1,0.0,0,0,0,0,0,1,0.8,0.8,0.4%,DL,2020
147,148,Jason Strowbridge,0,1,0.0,0,0,0,0,0,1,0.8,0.8,0.0%,DL,2020
148,149,Da'Shawn Hand,0,1,0.0,0,0,0,0,0,1,0.8,0.8,0.4%,DL,2020
149,150,Kingsley Keke,0,1,0.0,0,0,0,0,0,1,0.8,0.8,1.0%,DL,2020
150,151,Rasheem Green,0,1,0.0,0,0,0,0,0,1,0.8,0.8,6.0%,DL,2020
151,152,Daniel Ekuale,0,1,0.0,0,0,0,0,0,1,0.8,0.8,0.2%,DL,2020
152,153,Larrell Murchison,0,0,0.0,0,0,0,0,0,1,0.0,0.0,0.4%,DL,2020
153,154,Alex Highsmith,2,0,1.0,0,0,0,0,0,1,0.0,0.0,25.4%,DL,2020
154,155,D.J. Wonnum,0,0,0.0,0,0,0,0,0,1,0.0,0.0,13.9%,DL,2020
155,156,Alton Robinson,0,0,0.0,0,0,0,0,0,1,0.0,0.0,0.0%,DL,2020
156,157,Cam Gill,1,0,0.0,0,0,0,0,0,1,0.0,0.0,0.0%,DL,2020
157,158,John Penisini,0,0,0.0,0,0,0,0,0,1,0.0,0.0,0.0%,DL,2020
158,159,Teair Tart,0,0,0.0,0,0,0,0,0,1,0.0,0.0,0.2%,DL,2020
159,160,James Smith-Williams,0,0,0.0,0,0,0,0,0,1,0.0,0.0,0.2%,DL,2020
160,161,Leki Fotu,0,0,0.0,0,0,0,0,0,1,0.0,0.0,0.4%,DL,2020
161,162,Steven Means,0,0,0.0,0,0,0,0,0,1,0.0,0.0,0.0%,DL,2020
162,163,Khalil Mack,3,0,0.0,0,0,0,0,0,1,0.0,0.0,52.8%,DL,2020
163,164,Kyle Van,4,1,0.0,1,0,0,0,0,1,0.0,0.0,8.2%,DL,2020
164,165,Jeremiah Attaochu,1,0,0.0,0,0,0,0,0,1,0.0,0.0,0.0%,DL,2020
165,166,Chris Smith,0,0,0.0,0,0,0,0,0,1,0.0,0.0,0.0%,DL,2020
166,167,Tyrone Crawford,0,0,0.0,0,0,0,0,0,1,0.0,0.0,0.0%,DL,2020
167,168,Barkevious Mingo,0,1,0.0,0,0,0,0,0,1,0.0,0.0,6.0%,DL,2020
168,169,John Simon,0,1,0.0,0,0,0,0,0,1,0.0,0.0,0.0%,DL,2020
169,170,Mike Pennel,0,0,0.0,0,0,0,0,0,1,0.0,0.0,0.4%,DL,2020
170,171,Jayrone Elliott,0,0,0.0,0,0,0,0,0,1,0.0,0.0,0.0%,DL,2020
171,172,Alejandro Villanueva,0,0,0.0,0,0,0,0,0,1,0.0,0.0,0.0%,DL,2020
172,173,Shaquil Barrett,2,2,1.0,0,0,1,0,0,1,0.0,0.0,8.4%,DL,2020
173,174,Pernell McPhee,3,0,0.0,0,0,0,0,0,1,0.0,0.0,0.0%,DL,2020
174,175,Allen Bailey,0,0,0.0,0,0,0,0,0,1,0.0,0.0,0.0%,DL,2020
175,176,Robert Quinn,1,1,0.0,0,0,0,0,0,1,0.0,0.0,1.2%,DL,2020
176,177,Justin Houston,0,0,0.0,0,0,0,0,0,1,0.0,0.0,0.0%,DL,2020
177,178,Corey Liuget,0,0,0.0,0,0,0,0,0,1,0.0,0.0,0.0%,DL,2020
178,179,Cameron Jordan,0,0,0.0,0,0,0,0,0,1,0.0,0.0,6.1%,DL,2020
179,180,Trent Harris,0,0,0.0,0,0,0,0,0,1,0.0,0.0,0.0%,DL,2020
180,181,Abdullah Anderson,0,0,0.0,0,0,0,0,0,1,0.0,0.0,2.0%,DL,2020
181,182,Dennis Gardeck,0,0,0.0,0,0,0,0,0,1,0.0,0.0,3.6%,DL,2020
182,183,Ola Adeniyi,0,0,0.0,0,0,0,0,0,1,0.0,0.0,0.0%,DL,2020
183,184,Bradley Chubb,1,2,0.0,0,0,0,0,0,1,0.0,0.0,18.2%,DL,2020
184,185,Dorance Armstrong,0,0,0.0,0,0,0,0,0,1,0.0,0.0,4.2%,DL,2020
185,186,Rashaad Coward,0,0,0.0,0,0,0,0,0,1,0.0,0.0,1.0%,DL,2020
186,187,Harold Landry,3,1,1.0,1,0,0,0,0,1,0.0,0.0,24.1%,DL,2020
187,188,Shaquem Griffin,0,0,0.0,0,0,0,0,0,1,0.0,0.0,0.1%,DL,2020
188,189,Kendal Vickers,0,0,0.0,0,0,0,0,0,1,0.0,0.0,0.2%,DL,2020
189,190,Uchenna Nwosu,0,0,0.0,0,0,0,0,0,1,0.0,0.0,17.7%,DL,2020
190,191,Tyquan Lewis,0,0,0.0,0,0,0,0,0,1,0.0,0.0,0.4%,DL,2020
191,192,Hercules Mata'afa,0,1,0.5,0,0,0,0,0,1,0.0,0.0,0.0%,DL,2020
192,193,Marquis Haynes,1,0,0.0,0,0,0,0,0,1,0.0,0.0,0.6%,DL,2020
193,194,B.J. Hill,0,0,0.0,0,0,0,0,0,1,0.0,0.0,5.8%,DL,2020
194,195,Kentavius Street,0,0,0.0,0,0,0,0,0,1,0.0,0.0,0.0%,DL,2020
195,196,Shy Tuttle,0,0,0.0,0,0,0,0,0,1,0.0,0.0,2.0%,DL,2020
196,197,Matt Nelson,0,0,0.0,0,0,0,0,0,1,0.0,0.0,0.0%,DL,2020
197,198,A.J. Epenesa,0,0,0.0,0,0,0,0,0,1,0.0,0.0,2.9%,DL,2020
198,199,K'Lavon Chaisson,0,0,0.0,0,0,0,0,0,1,0.0,0.0,1.3%,DL,2020
199,200,Joshua Uche,0,0,0.0,0,0,0,0,0,1,0.0,0.0,0.9%,DL,2020
200,201,Anfernee Jennings,0,1,0.0,0,0,0,0,0,1,0.0,0.0,4.9%,DL,2020
201,202,Malik Harrison,3,3,0.0,0,0,0,0,0,1,0.0,0.0,7.0%,DL,2020
202,203,Bryan Mone,0,0,0.0,0,0,0,0,0,1,0.0,0.0,0.0%,DL,2020
203,204,Randy Ramsey,0,0,0.0,0,0,0,0,0,1,0.0,0.0,0.0%,DL,2020
204,205,Wyatt Ray,0,0,0.0,0,0,0,0,0,1,0.0,0.0,0.0%,DL,2020
205,206,Carl Granderson,0,0,0.0,0,0,0,0,0,1,0.0,0.0,28.7%,DL,2020
206,207,Emeke Egbule,0,0,0.0,0,0,0,0,0,1,0.0,0.0,0.0%,DL,2020
207,208,Charles Omenihu,0,0,0.0,0,0,0,0,0,1,0.0,0.0,1.1%,DL,2020
208,209,Ed Oliver,0,0,0.0,0,0,0,0,0,1,0.0,0.0,22.1%,DL,2020
209,210,Rashan Gary,1,1,0.0,0,0,0,0,0,1,0.0,0.0,11.2%,DL,2020
210,211,Malik Reed,1,0,0.0,0,0,0,0,0,1,0.0,0.0,0.0%,DL,2020
211,212,Darryl Johnson,0,0,0.0,0,0,0,0,0,1,0.0,0.0,0.0%,DL,2020
212,213,Cortez Broughton,0,0,0.0,0,0,0,0,0,1,0.0,0.0,0.0%,DL,2020
213,214,Andrew Van,0,0,0.0,0,0,0,0,0,1,0.0,0.0,11.2%,DL,2020
214,215,Michael Dogbe,0,0,0.0,0,0,0,0,0,1,0.0,0.0,2.0%,DL,2020
215,216,L.J. Collier,2,0,0.0,0,0,0,0,0,1,0.0,0.0,1.0%,DL,2020
216,217,Shilique Calhoun,1,0,0.0,0,0,0,0,0,1,0.0,0.0,0.0%,DL,2020
217,218,Jonathan Bullard,0,0,0.0,0,0,0,0,0,1,0.0,0.0,3.3%,DL,2020
218,219,James Vaughters,0,1,0.0,0,0,0,0,0,1,0.0,0.0,0.0%,DL,2020
219,220,Kenny Clark,0,0,0.0,0,0,0,0,0,1,0.0,0.0,8.9%,DL,2020
220,221,Matthew Judon,5,2,0.0,1,0,0,0,0,1,0.0,0.0,16.8%,DL,2020
221,222,Jordan Jenkins,3,2,0.0,0,0,0,0,0,1,0.0,0.0,0.0%,DL,2020
222,223,Yannick Ngakoue,0,0,0.0,0,0,0,0,0,1,0.0,0.0,1.7%,DL,2020
223,224,Kyler Fackrell,1,2,0.0,0,0,0,0,0,1,0.0,0.0,0.0%,DL,2020
224,225,Sheldon Day,0,0,0.0,0,0,0,0,0,1,0.0,0.0,0.0%,DL,2020
225,226,Kamalei Correa,0,1,0.0,0,0,0,0,0,1,0.0,0.0,0.0%,DL,2020
226,227,Anthony Chickillo,0,1,0.0,0,0,0,0,0,1,0.0,0.0,0.0%,DL,2020
227,228,Justin Hamilton,0,0,0.0,0,0,0,0,0,1,0.0,0.0,0.0%,DL,2020
228,229,Angelo Blackson,0,0,0.0,0,0,0,0,0,1,0.0,0.0,0.2%,DL,2020
229,230,Bud Dupree,1,0,0.0,0,0,0,0,0,1,0.0,0.0,1.3%,DL,2020
230,231,Jordan Phillips,0,0,0.0,0,0,0,0,0,1,0.0,0.0,0.9%,DL,2020
231,232,Arik Armstead,0,0,0.0,0,0,0,0,0,1,0.0,0.0,3.6%,DL,2020
232,233,Za'Darius Smith,2,0,1.0,0,0,1,1,0,1,0.0,0.0,5.4%,DL,2020
233,234,Preston Smith,1,1,0.0,1,0,0,0,0,1,0.0,0.0,11.1%,DL,2020
234,235,Markus Golden,2,3,1.0,1,0,0,0,0,1,0.0,0.0,0.5%,DL,2020
235,236,Jordan Willis,1,0,1.0,0,0,0,0,0,1,0.0,0.0,1.0%,DL,2020
236,237,Taco Charlton,0,0,0.0,0,0,0,0,0,1,0.0,0.0,0.0%,DL,2020
237,238,Charles Harris,0,0,0.0,0,0,0,0,0,1,0.0,0.0,4.0%,DL,2020
238,239,T.J. Watt,0,1,0.5,3,0,0,0,0,1,0.0,0.0,78.9%,DL,2020
239,240,Tyus Bowser,0,0,0.0,0,0,0,0,0,1,0.0,0.0,0.7%,DL,2020
240,241,Derek Rivers,0,0,0.0,0,0,0,0,0,1,0.0,0.0,0.0%,DL,2020
241,242,Eli Ankou,0,0,0.0,0,0,0,0,0,1,0.0,0.0,0.2%,DL,2020
242,243,Adam Butler,0,0,0.0,0,0,0,0,0,1,0.0,0.0,0.7%,DL,2020
243,244,Ryan Anderson,1,0,0.0,0,0,0,0,0,1,0.0,0.0,0.0%,DL,2020
244,245,Pita Taumoepenu,2,0,0.0,0,0,0,0,0,1,0.0,0.0,0.0%,DL,2020
245,246,Patrick O'Connor,0,0,0.0,0,0,0,0,0,1,0.0,0.0,3.0%,DL,2020
246,247,Tashawn Bower,0,0,0.0,0,0,0,0,0,1,0.0,0.0,0.0%,DL,2020
247,248,D.J. Jones,0,0,0.0,0,0,0,0,0,1,0.0,0.0,5.0%,DL,2020
248,249,Brennan Scarlett,1,1,0.0,0,0,0,0,0,1,0.0,0.0,0.0%,DL,2020
249,250,Quinton Jefferson,0,0,0.0,0,0,0,0,0,1,0.0,0.0,3.4%,DL,2020
250,251,Kameron Canaday,0,0,0.0,0,0,0,0,0,1,0.0,0.0,0.0%,DL,2020
251,252,Zach Wood,0,0,0.0,0,0,0,0,0,1,0.0,0.0,0.0%,DL,2020
