,Rank,Player,Field Goals,Field Attempts,Percentage,Longest Field,1-19 Yards,20-29 Yards,30-39 Yards,40-49 Yards,50+ Yards,Extra Points Made,Extra Points Attempted,Games Played,Fantasy Football Points,FTPS/Game,ROST,Position,Year
0,1,Rodrigo Blankenship,4,5,80.0,43,0,0,3,1,0,2,2,1,15.0,15.0,0.1%,K,2020
1,2,Younghoe Koo,3,3,100.0,52,0,1,0,0,2,0,0,1,13.0,13.0,63.0%,K,2020
2,3,Stephen Gostkowski,3,3,100.0,40,0,1,0,2,0,1,1,1,12.0,12.0,0.1%,K,2020
3,4,Chris Boswell,2,3,66.7,47,0,0,0,2,0,3,3,1,11.0,11.0,17.2%,K,2020
4,5,Michael Badgley,2,2,100.0,44,0,1,0,1,0,4,4,1,11.0,11.0,17.4%,K,2020
5,6,Joey Slye,2,2,100.0,56,0,0,1,0,1,2,2,1,10.0,10.0,0.6%,K,2020
6,7,Dustin Hopkins,2,3,66.7,50,0,0,1,0,1,2,2,1,10.0,10.0,29.7%,K,2020
7,8,Justin Tucker,3,3,100.0,30,0,2,1,0,0,1,1,1,10.0,10.0,98.7%,K,2020
8,9,Jason Sanders,2,2,100.0,53,0,0,0,1,1,1,1,1,10.0,10.0,46.3%,K,2020
9,10,Matt Gay,2,3,66.7,40,0,0,1,1,0,3,3,1,10.0,10.0,30.5%,K,2020
10,11,Ka'imi Fairbairn,2,2,100.0,46,0,0,1,1,0,3,3,1,10.0,10.0,47.9%,K,2020
11,12,Jason Myers,2,2,100.0,41,0,1,0,1,0,2,3,1,9.0,9.0,32.0%,K,2020
12,13,Brandon McManus,2,2,100.0,47,0,1,0,1,0,2,2,1,9.0,9.0,18.2%,K,2020
13,14,Nick Folk,2,2,100.0,45,0,0,1,1,0,2,2,1,9.0,9.0,9.5%,K,2020
14,15,Cody Parkey,2,3,66.7,46,0,1,0,1,0,2,2,1,9.0,9.0,0.1%,K,2020
15,16,Mason Crosby,1,1,100.0,26,0,1,0,0,0,4,4,1,7.0,7.0,0.1%,K,2020
16,17,Daniel Carlson,1,1,100.0,35,0,0,1,0,0,4,4,1,7.0,7.0,24.2%,K,2020
17,18,Jake Elliott,1,1,100.0,43,0,0,0,1,0,2,2,1,6.0,6.0,93.6%,K,2020
18,19,Ryan Succop,1,1,100.0,38,0,0,1,0,0,3,3,1,6.0,6.0,0.0%,K,2020
19,20,Wil Lutz,1,2,50.0,22,0,1,0,0,0,3,3,1,6.0,6.0,10.3%,K,2020
20,21,Harrison Butker,0,0,0.0,0,0,0,0,0,0,5,5,1,5.0,5.0,96.0%,K,2020
21,22,Randy Bullock,1,3,33.3,53,0,0,0,0,1,0,1,1,5.0,5.0,0.1%,K,2020
22,23,Greg Zuerlein,1,1,100.0,19,1,0,0,0,0,2,3,1,5.0,5.0,43.3%,K,2020
23,24,Dan Bailey,0,0,0.0,0,0,0,0,0,0,4,4,1,4.0,4.0,0.0%,K,2020
24,25,Chase McLaughlin,1,1,100.0,41,0,0,0,1,0,0,0,1,4.0,4.0,6.8%,K,2020
25,26,Zane Gonzalez,0,0,0.0,0,0,0,0,0,0,3,3,1,3.0,3.0,0.1%,K,2020
26,27,Sam Ficken,0,0,0.0,0,0,0,0,0,0,2,4,1,2.0,2.0,0.0%,K,2020
27,28,Matt Prater,0,1,0.0,0,0,0,0,0,0,0,0,1,0.0,0.0,1.7%,K,2020
28,29,Ty Long,0,0,0.0,0,0,0,0,0,0,0,0,1,-2.8,-2.8,0.7%,K,2020
