,Rank,Player,Tackle,Assist,Sack,Pass Defended,Interception,Forced Fumble,Fumble Recovery,Defend Touchdown,Games Played,Fantasy Football Points,FTPS/Game,ROST,Position,Year
0,1,Devin White,10,2,3.0,2,0,0,0,0,1,41.5,41.5,22.7%,LB,2020
1,2,Shaquille Leonard,9,6,0.0,0,0,1,0,0,1,22.0,22.0,21.8%,LB,2020
2,3,Jerome Baker,7,1,1.0,0,0,1,0,0,1,21.8,21.8,14.7%,LB,2020
3,4,Alex Singleton,7,4,0.0,0,0,0,1,0,1,20.0,20.0,61.3%,LB,2020
4,5,Patrick Queen,4,2,1.0,0,0,0,0,0,1,19.0,19.0,43.7%,LB,2020
5,6,Terez Hall,11,2,0.0,0,0,0,0,0,1,18.0,18.0,0.0%,LB,2020
6,7,Deion Jones,5,5,1.0,0,0,0,0,0,1,17.8,17.8,2.7%,LB,2020
7,8,Nick Vigil,6,3,1.0,0,0,0,0,0,1,17.8,17.8,0.0%,LB,2020
8,9,T.J. Watt,4,0,1.0,0,0,0,0,0,1,17.5,17.5,78.9%,LB,2020
9,10,Dennis Gardeck,3,0,2.0,0,0,0,0,0,1,17.5,17.5,3.6%,LB,2020
10,11,Todd Davis,4,4,1.0,1,0,0,0,0,1,17.0,17.0,0.0%,LB,2020
11,12,Tyrell Adams,8,3,0.0,0,0,0,0,0,1,16.8,16.8,0.0%,LB,2020
12,13,Zach Cunningham,9,1,0.0,0,0,0,0,0,1,16.8,16.8,1.7%,LB,2020
13,14,Bobby Wagner,7,6,0.0,1,0,0,0,0,1,16.5,16.5,72.4%,LB,2020
14,15,Blake Martinez,5,5,0.0,0,0,0,0,0,1,16.3,16.3,0.0%,LB,2020
15,16,Demario Davis,6,9,0.0,0,0,0,0,0,1,15.8,15.8,22.3%,LB,2020
16,17,Krys Barnes,6,0,0.0,0,0,1,0,0,1,15.5,15.5,8.8%,LB,2020
17,18,Joe Schobert,6,5,0.0,0,0,0,0,0,1,15.3,15.3,0.0%,LB,2020
18,19,David Long,6,6,0.0,1,0,0,0,0,1,15.0,15.0,8.2%,LB,2020
19,20,Josh Bynes,3,5,0.0,0,0,0,1,0,1,14.8,14.8,0.0%,LB,2020
20,21,Eric Wilson,5,6,0.0,0,0,0,0,0,1,14.5,14.5,0.5%,LB,2020
21,22,Elandon Roberts,5,4,0.0,0,0,0,1,0,1,14.5,14.5,15.3%,LB,2020
22,23,K.J. Wright,8,0,0.0,0,0,0,0,0,1,14.5,14.5,0.0%,LB,2020
23,24,Myles Jack,7,3,0.0,1,0,0,0,0,1,14.3,14.3,0.4%,LB,2020
24,25,Troy Reeder,6,5,0.0,1,0,0,0,0,1,14.3,14.3,1.6%,LB,2020
25,26,Bobby Okereke,5,1,0.0,1,0,0,1,0,1,13.8,13.8,79.4%,LB,2020
26,27,Jordan Hicks,5,1,0.0,0,0,0,0,0,1,13.3,13.3,29.9%,LB,2020
27,28,Jeremiah Attaochu,3,1,1.0,0,0,1,0,0,1,13.3,13.3,0.0%,LB,2020
28,29,Kenneth Murray,6,2,0.0,0,0,0,0,0,1,13.0,13.0,15.3%,LB,2020
29,30,Neville Hewitt,7,3,0.0,0,0,0,0,0,1,12.8,12.8,0.0%,LB,2020
30,31,Danny Trevathan,4,7,0.0,1,0,0,0,0,1,12.8,12.8,0.0%,LB,2020
31,32,Tremaine Edmunds,8,0,0.0,0,0,0,0,0,1,12.0,12.0,33.7%,LB,2020
32,33,Kwon Alexander,3,2,0.0,1,0,0,1,0,1,11.5,11.5,1.1%,LB,2020
33,34,Nick Kwiatkoski,5,5,0.0,0,0,0,0,0,1,11.3,11.3,0.0%,LB,2020
34,35,Jaylon Smith,5,5,0.0,0,0,0,0,0,1,11.3,11.3,0.2%,LB,2020
35,36,Za'Darius Smith,3,0,1.0,0,0,0,0,0,1,11.0,11.0,5.4%,LB,2020
36,37,Samson Ebukam,1,2,1.0,0,0,1,0,0,1,11.0,11.0,8.7%,LB,2020
37,38,Matt Milano,5,1,0.0,0,0,0,0,0,1,10.8,10.8,22.8%,LB,2020
38,39,Christian Kirksey,5,4,0.0,0,0,0,0,0,1,10.5,10.5,0.1%,LB,2020
39,40,Robert Quinn,1,1,1.0,0,0,1,0,0,1,10.3,10.3,1.2%,LB,2020
40,41,Rashaan Evans,5,3,0.0,0,0,0,0,0,1,9.8,9.8,0.2%,LB,2020
41,42,Ben Niemann,5,3,0.0,0,0,0,0,0,1,9.8,9.8,0.4%,LB,2020
42,43,Matthew Judon,2,0,1.0,0,0,0,0,0,1,9.5,9.5,16.8%,LB,2020
43,44,L.J. Collier,2,0,1.0,0,0,0,0,0,1,9.5,9.5,1.0%,LB,2020
44,45,Preston Smith,1,2,1.0,0,0,0,0,0,1,9.5,9.5,11.1%,LB,2020
45,46,Raekwon McMillan,2,3,0.0,0,0,1,0,0,1,9.3,9.3,0.4%,LB,2020
46,47,Tae Crowder,3,3,0.0,0,0,0,0,0,1,9.3,9.3,0.0%,LB,2020
47,48,Shaq Thompson,4,1,0.0,0,0,0,0,0,1,9.3,9.3,14.8%,LB,2020
48,49,Tyler Matakevich,5,2,0.0,0,0,0,0,0,1,9.0,9.0,0.0%,LB,2020
49,50,Uchenna Nwosu,3,2,0.0,0,0,0,0,0,1,8.5,8.5,17.7%,LB,2020
50,51,Khaleke Hudson,3,2,0.0,0,0,0,0,0,1,8.5,8.5,2.6%,LB,2020
51,52,Lavonte David,3,2,0.0,0,0,0,0,0,1,8.5,8.5,52.4%,LB,2020
52,53,Avery Williamson,4,3,0.0,0,0,0,0,0,1,8.3,8.3,0.0%,LB,2020
53,54,Germaine Pratt,3,3,0.0,1,0,0,0,0,1,8.3,8.3,17.3%,LB,2020
54,55,Foyesade Oluokun,5,1,0.0,0,0,0,0,0,1,8.3,8.3,93.9%,LB,2020
55,56,Anthony Walker,5,1,0.0,0,0,0,0,0,1,8.3,8.3,4.0%,LB,2020
56,57,De'Vondre Campbell,2,1,0.0,0,0,1,0,0,1,7.8,7.8,20.9%,LB,2020
57,58,Shaun Dion,3,1,0.0,0,0,0,0,0,1,7.8,7.8,0.0%,LB,2020
58,59,Kyle Van,2,1,0.0,1,0,0,0,0,1,7.8,7.8,8.2%,LB,2020
59,60,Markus Golden,2,3,0.0,0,0,0,0,0,1,7.8,7.8,0.5%,LB,2020
60,61,Roquan Smith,4,2,0.0,0,0,0,0,0,1,7.5,7.5,90.7%,LB,2020
61,62,B.J. Goodson,3,4,0.0,0,0,0,0,0,1,7.5,7.5,0.1%,LB,2020
62,63,Alexander Johnson,3,4,0.0,0,0,0,0,0,1,7.5,7.5,1.0%,LB,2020
63,64,Jamie Collins,2,2,0.0,0,0,0,0,0,1,7.0,7.0,0.0%,LB,2020
64,65,Cory Littleton,3,3,0.0,0,0,0,0,0,1,6.8,6.8,0.0%,LB,2020
65,66,Jon Bostic,3,3,0.0,0,0,0,0,0,1,6.8,6.8,0.0%,LB,2020
66,67,Fred Warner,4,1,0.0,0,0,0,0,0,1,6.8,6.8,90.4%,LB,2020
67,68,Shaquil Barrett,2,1,0.0,0,0,0,0,0,1,6.3,6.3,8.4%,LB,2020
68,69,Josey Jewell,1,6,0.0,0,0,0,0,0,1,6.0,6.0,30.2%,LB,2020
69,70,Hercules Mata'afa,2,4,0.0,0,0,0,0,0,1,6.0,6.0,0.0%,LB,2020
70,71,Alex Highsmith,3,2,0.0,0,0,0,0,0,1,6.0,6.0,25.4%,LB,2020
71,72,Jermaine Carter,2,4,0.0,0,0,0,0,0,1,6.0,6.0,0.0%,LB,2020
72,73,Shilique Calhoun,4,0,0.0,0,0,0,0,0,1,6.0,6.0,0.0%,LB,2020
73,74,Harvey Langi,2,4,0.0,0,0,0,0,0,1,6.0,6.0,0.0%,LB,2020
74,75,Joe Giles-Harris,2,0,0.0,0,0,0,0,0,1,5.5,5.5,0.0%,LB,2020
75,76,Tyus Bowser,2,3,0.0,0,0,0,0,0,1,5.3,5.3,0.7%,LB,2020
76,77,Dre Greenlaw,2,3,0.0,0,0,0,0,0,1,5.3,5.3,37.9%,LB,2020
77,78,Reggie Ragland,2,3,0.0,0,0,0,0,0,1,5.3,5.3,0.0%,LB,2020
78,79,Troy Dye,1,5,0.0,0,0,0,0,0,1,5.3,5.3,0.2%,LB,2020
79,80,Isaiah Simmons,3,1,0.0,0,0,0,0,0,1,5.3,5.3,6.2%,LB,2020
80,81,Carter Coughlin,3,1,0.0,0,0,0,0,0,1,5.3,5.3,0.0%,LB,2020
81,82,John Simon,3,1,0.0,0,0,0,0,0,1,5.3,5.3,0.0%,LB,2020
82,83,Malcolm Smith,3,1,0.0,0,0,0,0,0,1,5.3,5.3,0.0%,LB,2020
83,84,Leonard Floyd,2,1,0.0,1,0,0,0,0,1,5.3,5.3,5.4%,LB,2020
84,85,Khalil Mack,1,2,0.5,0,0,0,0,0,1,5.0,5.0,52.8%,LB,2020
85,86,Genard Avery,1,1,0.0,0,0,0,0,0,1,4.8,4.8,0.0%,LB,2020
86,87,David Mayo,1,1,0.0,0,0,0,0,0,1,4.8,4.8,0.2%,LB,2020
87,88,Azeez Al-Shaair,2,2,0.0,0,0,0,0,0,1,4.5,4.5,43.0%,LB,2020
88,89,A.J. Klein,2,2,0.0,0,0,0,0,0,1,4.5,4.5,0.0%,LB,2020
89,90,Kamal Martin,2,2,0.0,0,0,0,0,0,1,4.5,4.5,0.0%,LB,2020
90,91,Will Compton,0,0,0.0,0,0,0,1,0,1,4.0,4.0,0.0%,LB,2020
91,92,Jordan Evans,0,0,0.0,0,0,0,1,0,1,4.0,4.0,0.0%,LB,2020
92,93,Jacob Bobenmoyer,0,0,0.0,0,0,0,1,0,1,4.0,4.0,0.0%,LB,2020
93,94,Harold Landry,1,3,0.0,0,0,0,0,0,1,3.8,3.8,24.1%,LB,2020
94,95,Jarrad Davis,2,1,0.0,0,0,0,0,0,1,3.8,3.8,0.0%,LB,2020
95,96,Ja'Whaun Bentley,1,3,0.0,0,0,0,0,0,1,3.8,3.8,15.7%,LB,2020
96,97,Christian Jones,2,1,0.0,0,0,0,0,0,1,3.8,3.8,0.0%,LB,2020
97,98,Jahlani Tavai,1,3,0.0,0,0,0,0,0,1,3.8,3.8,6.3%,LB,2020
98,99,Sean Lee,1,2,0.0,0,0,0,0,0,1,3.0,3.0,0.0%,LB,2020
99,100,Kyzir White,2,0,0.0,0,0,0,0,0,1,3.0,3.0,22.3%,LB,2020
100,101,Jordyn Brooks,2,0,0.0,0,0,0,0,0,1,3.0,3.0,25.9%,LB,2020
101,102,Leighton Vander,1,2,0.0,0,0,0,0,0,1,3.0,3.0,2.2%,LB,2020
102,103,Devante Downs,2,0,0.0,0,0,0,0,0,1,3.0,3.0,0.0%,LB,2020
103,104,Willie Gay,1,0,0.0,1,0,0,0,0,1,3.0,3.0,7.4%,LB,2020
104,105,Kenny Young,2,0,0.0,0,0,0,0,0,1,3.0,3.0,0.0%,LB,2020
105,106,Rashan Gary,1,2,0.0,0,0,0,0,0,1,3.0,3.0,11.2%,LB,2020
106,107,Anthony Hitchens,1,2,0.0,0,0,0,0,0,1,3.0,3.0,1.0%,LB,2020
107,108,Sione Takitaki,1,2,0.0,0,0,0,0,0,1,3.0,3.0,4.6%,LB,2020
108,109,Joe Thomas,1,1,0.0,0,0,0,0,0,1,2.3,2.3,1.0%,LB,2020
109,110,Pernell McPhee,1,1,0.0,0,0,0,0,0,1,2.3,2.3,0.0%,LB,2020
110,111,Anfernee Jennings,0,3,0.0,0,0,0,0,0,1,2.3,2.3,4.9%,LB,2020
111,112,Jacob Phillips,0,3,0.0,0,0,0,0,0,1,2.3,2.3,0.9%,LB,2020
112,113,Ogbo Okoronkwo,1,1,0.0,0,0,0,0,0,1,2.3,2.3,2.7%,LB,2020
113,114,Malik Reed,1,0,0.0,0,0,0,0,0,1,1.5,1.5,0.0%,LB,2020
114,115,James Vaughters,1,0,0.0,0,0,0,0,0,1,1.5,1.5,0.0%,LB,2020
115,116,Jordan Willis,1,0,0.0,0,0,0,0,0,1,1.5,1.5,1.0%,LB,2020
116,117,Kevin Minter,1,0,0.0,0,0,0,0,0,1,1.5,1.5,0.0%,LB,2020
117,118,Malik Harrison,1,0,0.0,0,0,0,0,0,1,1.5,1.5,7.0%,LB,2020
118,119,Marquis Haynes,1,0,0.0,0,0,0,0,0,1,1.5,1.5,0.6%,LB,2020
119,120,Barkevious Mingo,0,2,0.0,0,0,0,0,0,1,1.5,1.5,6.0%,LB,2020
120,121,Justin Hollins,1,0,0.0,0,0,0,0,0,1,1.5,1.5,0.0%,LB,2020
121,122,T.J. Edwards,1,0,0.0,0,0,0,0,0,1,1.5,1.5,78.9%,LB,2020
122,123,L.J. Fort,1,0,0.0,0,0,0,0,0,1,1.5,1.5,0.0%,LB,2020
123,124,Frankie Luvu,1,0,0.0,0,0,0,0,0,1,1.5,1.5,44.4%,LB,2020
124,125,Zack Baun,0,1,0.0,0,0,0,0,0,1,0.8,0.8,0.9%,LB,2020
125,126,Porter Gustin,0,1,0.0,0,0,0,0,0,1,0.8,0.8,0.0%,LB,2020
126,127,Alex Anzalone,0,1,0.0,0,0,0,0,0,1,0.8,0.8,31.6%,LB,2020
127,128,Duke Riley,0,1,0.0,0,0,0,0,0,1,0.8,0.8,4.0%,LB,2020
128,129,Whitney Mercilus,0,1,0.0,0,0,0,0,0,1,0.8,0.8,0.2%,LB,2020
129,130,Casey Toohill,0,1,0.0,0,0,0,0,0,1,0.8,0.8,0.7%,LB,2020
130,131,Josh Woods,0,1,0.0,0,0,0,0,0,1,0.8,0.8,0.9%,LB,2020
131,132,Bradley Chubb,0,1,0.0,0,0,0,0,0,1,0.8,0.8,18.2%,LB,2020
132,133,Joe Jones,0,1,0.0,0,0,0,0,0,1,0.8,0.8,0.0%,LB,2020
133,134,Andrew Van,0,1,0.0,0,0,0,0,0,1,0.8,0.8,11.2%,LB,2020
134,135,Blake Lynch,0,1,0.0,0,0,0,0,0,1,0.8,0.8,0.0%,LB,2020
135,136,Thomas Davis,0,1,0.0,0,0,0,0,0,1,0.8,0.8,0.0%,LB,2020
136,137,Kaden Elliss,0,0,0.0,0,0,0,0,0,1,0.0,0.0,15.6%,LB,2020
137,138,Josh Watson,0,0,0.0,0,0,0,0,0,1,0.0,0.0,0.0%,LB,2020
138,139,E.J. Speed,0,0,0.0,0,0,0,0,0,1,0.0,0.0,39.8%,LB,2020
139,140,Darius Harris,0,0,0.0,0,0,0,0,0,1,0.0,0.0,0.0%,LB,2020
140,141,Ryan Connelly,0,0,0.0,0,0,0,0,0,1,0.0,0.0,0.0%,LB,2020
141,142,Jordan Brailford,0,0,0.0,0,0,0,0,0,1,0.0,0.0,0.0%,LB,2020
142,143,Tyrel Dodson,0,0,0.0,0,0,0,0,0,1,0.0,0.0,8.9%,LB,2020
143,144,David Long,0,0,0.0,0,0,0,0,0,1,0.0,0.0,0.0%,LB,2020
144,145,Ulysees Gilbert,0,0,0.0,0,0,0,0,0,1,0.0,0.0,0.0%,LB,2020
145,146,Anthony Nelson,0,0,0.0,1,0,0,0,0,1,0.0,0.0,0.4%,LB,2020
146,147,Cole Mazza,0,0,0.0,0,0,0,0,0,1,0.0,0.0,0.0%,LB,2020
147,148,Darryl Johnson,1,0,0.0,0,0,0,0,0,1,0.0,0.0,0.0%,LB,2020
148,149,Demetrius Flannigan-Fowles,0,0,0.0,0,0,0,0,0,1,0.0,0.0,1.6%,LB,2020
149,150,Noah Dawkins,0,0,0.0,0,0,0,0,0,1,0.0,0.0,0.0%,LB,2020
150,151,Cody Barton,0,0,0.0,0,0,0,0,0,1,0.0,0.0,12.0%,LB,2020
151,152,Sam Eguavoen,0,0,0.0,0,0,0,0,0,1,0.0,0.0,0.0%,LB,2020
152,153,Brian Burns,4,0,2.0,0,0,0,0,0,1,0.0,0.0,41.3%,LB,2020
153,154,Jaylon Ferguson,2,0,0.0,0,0,0,0,0,1,0.0,0.0,0.0%,LB,2020
154,155,Ben Burr-Kirven,0,0,0.0,0,0,0,0,0,1,0.0,0.0,0.0%,LB,2020
155,156,Randy Ramsey,1,0,0.0,0,0,0,0,0,1,0.0,0.0,0.0%,LB,2020
156,157,Derick Roberson,0,1,0.0,0,0,1,0,0,1,0.0,0.0,0.0%,LB,2020
157,158,Nate Hall,0,0,0.0,0,0,0,0,0,1,0.0,0.0,0.0%,LB,2020
158,159,Ty Summers,0,0,0.0,0,0,0,0,0,1,0.0,0.0,0.0%,LB,2020
159,160,Dakota Allen,0,0,0.0,0,0,0,0,0,1,0.0,0.0,0.0%,LB,2020
160,161,Wyatt Ray,0,0,0.0,0,0,0,0,0,1,0.0,0.0,0.0%,LB,2020
161,162,Natrez Patrick,0,0,0.0,0,0,0,0,0,1,0.0,0.0,0.0%,LB,2020
162,163,Blake Ferguson,0,0,0.0,0,0,0,0,0,1,0.0,0.0,0.0%,LB,2020
163,164,Markus Bailey,0,0,0.0,0,0,0,0,0,1,0.0,0.0,0.0%,LB,2020
164,165,Derrek Tuszka,0,0,0.0,0,0,0,0,0,1,0.0,0.0,0.0%,LB,2020
165,166,Cam Gill,0,0,0.0,0,0,0,0,0,1,0.0,0.0,0.0%,LB,2020
166,167,Javin White,0,0,0.0,0,0,0,0,0,1,0.0,0.0,0.0%,LB,2020
167,168,Ross Matiscik,0,0,0.0,0,0,0,0,0,1,0.0,0.0,0.0%,LB,2020
168,169,Sam Franklin,0,0,0.0,0,0,0,0,0,1,0.0,0.0,0.4%,LB,2020
169,170,Chapelle Russell,0,0,0.0,0,0,0,0,0,1,0.0,0.0,0.0%,LB,2020
170,171,Joe Bachie,0,0,0.0,0,0,0,0,0,1,0.0,0.0,0.7%,LB,2020
171,172,Trevis Gipson,0,2,0.0,0,0,0,0,0,1,0.0,0.0,1.1%,LB,2020
172,173,Shaquille Quarterman,0,0,0.0,0,0,0,0,0,1,0.0,0.0,0.0%,LB,2020
173,174,Cam Brown,0,0,0.0,0,0,0,0,0,1,0.0,0.0,0.0%,LB,2020
174,175,D.J. Wonnum,2,3,0.0,0,0,0,0,0,1,0.0,0.0,13.9%,LB,2020
175,176,Alton Robinson,1,2,1.0,0,0,1,0,0,1,0.0,0.0,0.0%,LB,2020
176,177,Akeem Davis-Gaither,0,0,0.0,0,0,0,0,0,1,0.0,0.0,2.2%,LB,2020
177,178,Jake Gervase,0,0,0.0,0,0,0,0,0,1,0.0,0.0,8.0%,LB,2020
178,179,Jordan Kunaszyk,0,0,0.0,0,0,0,0,0,1,0.0,0.0,0.0%,LB,2020
179,180,Joshua Uche,1,1,0.0,0,0,0,0,0,1,0.0,0.0,0.9%,LB,2020
180,181,Yetur Gross-Matos,1,0,0.0,0,0,0,0,0,1,0.0,0.0,1.1%,LB,2020
181,182,K'Lavon Chaisson,1,0,0.0,0,0,0,0,0,1,0.0,0.0,1.3%,LB,2020
182,183,Francis Bernard,0,0,0.0,0,0,0,0,0,1,0.0,0.0,0.0%,LB,2020
183,184,Shaun Bradley,0,0,0.0,0,0,0,0,0,1,0.0,0.0,0.0%,LB,2020
184,185,Mykal Walker,0,0,0.0,0,0,0,0,0,1,0.0,0.0,2.6%,LB,2020
185,186,Jessie Lemonier,0,0,0.0,0,0,0,0,0,1,0.0,0.0,4.0%,LB,2020
186,187,Hardy Nickerson,1,1,0.0,0,0,0,0,0,1,0.0,0.0,0.0%,LB,2020
187,188,Julian Stanford,0,0,0.0,0,0,0,0,0,1,0.0,0.0,0.0%,LB,2020
188,189,Craig Robertson,0,0,0.0,0,0,0,0,0,1,0.0,0.0,0.0%,LB,2020
189,190,Steven Means,0,0,0.0,0,0,0,0,0,1,0.0,0.0,0.0%,LB,2020
190,191,Nick Bellore,0,0,0.0,0,0,0,0,0,1,0.0,0.0,7.0%,LB,2020
191,192,Kyle Wilber,0,0,0.0,0,0,0,0,0,1,0.0,0.0,0.0%,LB,2020
192,193,LaRoy Reynolds,0,0,0.0,0,0,0,0,0,1,0.0,0.0,0.0%,LB,2020
193,194,Aaron Lynch,0,0,0.0,0,0,0,0,0,1,0.0,0.0,0.0%,LB,2020
194,195,Daren Bates,0,0,0.0,0,0,0,0,0,1,0.0,0.0,0.0%,LB,2020
195,196,Benson Mayowa,2,0,0.0,0,0,0,0,0,1,0.0,0.0,0.0%,LB,2020
196,197,Devon Kennard,0,0,0.0,0,0,0,0,0,1,0.0,0.0,0.0%,LB,2020
197,198,Chris Smith,0,0,0.0,0,0,0,0,0,1,0.0,0.0,0.0%,LB,2020
198,199,Justin Houston,1,0,0.0,0,0,0,1,0,1,0.0,0.0,0.0%,LB,2020
199,200,Jason Pierre-Paul,0,0,0.0,0,0,0,0,0,1,0.0,0.0,0.0%,LB,2020
200,201,Dawuane Smoot,3,0,1.0,0,0,1,0,0,1,0.0,0.0,0.4%,LB,2020
201,202,Tanoh Kpassagnon,0,0,0.0,0,0,0,0,0,1,0.0,0.0,0.0%,LB,2020
202,203,Calvin Munson,0,0,0.0,0,0,0,0,0,1,0.0,0.0,0.0%,LB,2020
203,204,Haason Reddick,3,1,1.0,0,0,2,0,0,1,0.0,0.0,17.6%,LB,2020
204,205,Tanner Vallejo,0,0,0.0,0,0,0,0,0,1,0.0,0.0,0.0%,LB,2020
205,206,Austin Calitro,0,0,0.0,0,0,0,0,0,1,0.0,0.0,0.0%,LB,2020
206,207,B.J. Bello,0,0,0.0,0,0,0,0,0,1,0.0,0.0,0.0%,LB,2020
207,208,Thomas Hennessy,0,0,0.0,0,0,0,0,0,1,0.0,0.0,0.0%,LB,2020
208,209,Jalen Reeves-Maybin,0,0,0.0,0,0,0,0,0,1,0.0,0.0,1.3%,LB,2020
209,210,Tashawn Bower,3,1,0.0,1,0,0,0,0,1,0.0,0.0,0.0%,LB,2020
210,211,Ifeadi Odenigbo,2,0,0.0,0,0,0,0,0,1,0.0,0.0,4.0%,LB,2020
211,212,Elijah Lee,0,0,0.0,0,0,0,0,0,1,0.0,0.0,0.0%,LB,2020
212,213,Taybor Pepper,0,0,0.0,0,0,0,0,0,1,0.0,0.0,0.0%,LB,2020
213,214,Brennan Scarlett,0,0,0.0,0,0,0,0,0,1,0.0,0.0,0.0%,LB,2020
214,215,Jared Norris,0,0,0.0,0,0,0,0,0,1,0.0,0.0,0.0%,LB,2020
215,216,Reid Ferguson,0,0,0.0,0,0,0,0,0,1,0.0,0.0,0.0%,LB,2020
216,217,Zach Triner,0,0,0.0,0,0,0,0,0,1,0.0,0.0,0.0%,LB,2020
217,218,Kameron Canaday,0,0,0.0,0,0,0,0,0,1,0.0,0.0,0.0%,LB,2020
218,219,Luke Rhodes,0,0,0.0,0,0,0,0,0,1,0.0,0.0,0.0%,LB,2020
219,220,Chris Board,0,1,0.0,0,0,0,0,0,1,0.0,0.0,1.5%,LB,2020
220,221,Trent Sieg,0,0,0.0,0,0,0,0,0,1,0.0,0.0,0.0%,LB,2020
221,222,Jacob Martin,0,0,0.0,0,0,0,0,0,1,0.0,0.0,0.4%,LB,2020
222,223,Ola Adeniyi,0,0,0.0,0,0,0,0,0,1,0.0,0.0,0.0%,LB,2020
223,224,Matthew Adams,0,0,0.0,0,0,0,0,0,1,0.0,0.0,0.2%,LB,2020
224,225,Zaire Franklin,0,0,0.0,0,0,0,0,0,1,0.0,0.0,92.0%,LB,2020
225,226,Peter Kalambayi,0,0,0.0,0,0,0,0,0,1,0.0,0.0,0.0%,LB,2020
226,227,Joel Iyiegbuniwe,0,0,0.0,0,0,0,0,0,1,0.0,0.0,0.0%,LB,2020
227,228,Hunter Bradley,0,0,0.0,0,0,0,0,0,1,0.0,0.0,0.0%,LB,2020
228,229,Oren Burks,0,0,0.0,0,0,0,0,0,1,0.0,0.0,3.8%,LB,2020
229,230,Andre Smith,0,0,0.0,0,0,0,0,0,1,0.0,0.0,0.2%,LB,2020
230,231,Marcell Harris,0,0,0.0,0,0,0,0,0,1,0.0,0.0,0.0%,LB,2020
231,232,Ezekiel Turner,0,0,0.0,0,0,0,0,0,1,0.0,0.0,0.2%,LB,2020
232,233,Sharif Finch,0,0,0.0,0,0,0,0,0,1,0.0,0.0,0.0%,LB,2020
233,234,Tae Davis,0,0,0.0,0,0,0,0,0,1,0.0,0.0,0.2%,LB,2020
234,235,Emmanuel Smith,0,0,0.0,0,0,0,0,0,1,0.0,0.0,0.0%,LB,2020
235,236,Jacob Tuioti-Mariner,1,0,0.0,0,0,0,0,0,1,0.0,0.0,0.0%,LB,2020
236,237,Jason Cabinda,0,0,0.0,0,0,0,0,0,1,0.0,0.0,0.0%,LB,2020
237,238,Shaquem Griffin,0,0,0.0,0,0,0,0,0,1,0.0,0.0,0.1%,LB,2020
238,239,Tegray Scales,0,0,0.0,0,0,0,0,0,1,0.0,0.0,0.0%,LB,2020
239,240,Malik Jefferson,0,0,0.0,0,0,0,0,0,1,0.0,0.0,0.0%,LB,2020
240,241,Arden Key,1,0,0.0,0,0,0,0,0,1,0.0,0.0,2.4%,LB,2020
241,242,Marcus Davenport,0,3,0.0,0,0,0,0,0,1,0.0,0.0,2.1%,LB,2020
242,243,Marcus Allen,2,4,0.0,0,0,0,0,0,1,0.0,0.0,0.0%,LB,2020
243,244,Kyle Emanuel,0,0,0.0,0,0,0,0,0,1,0.0,0.0,0.0%,LB,2020
244,245,Vic Beasley,0,0,0.0,0,0,0,0,0,1,0.0,0.0,0.0%,LB,2020
245,246,Frank Clark,0,1,0.0,0,0,0,0,0,1,0.0,0.0,0.0%,LB,2020
246,247,Edmond Robinson,0,0,0.0,0,0,0,0,0,1,0.0,0.0,0.0%,LB,2020
247,248,Bryce Hager,0,0,0.0,0,0,0,0,0,1,0.0,0.0,0.0%,LB,2020
248,249,Adarius Taylor,0,0,0.0,0,0,0,0,0,1,0.0,0.0,0.0%,LB,2020
249,250,Jayrone Elliott,0,0,0.0,0,0,0,0,0,1,0.0,0.0,0.0%,LB,2020
250,251,Randy Gregory,1,0,0.0,0,0,0,0,0,1,0.0,0.0,2.2%,LB,2020
251,252,Nick Dzubnar,0,0,0.0,0,0,0,0,0,1,0.0,0.0,0.0%,LB,2020
252,253,Carl Nassib,2,3,0.0,1,0,0,0,0,1,0.0,0.0,0.0%,LB,2020
253,254,Jake McQuaide,0,0,0.0,0,0,0,0,0,1,0.0,0.0,0.0%,LB,2020
254,255,Joey Bosa,2,2,0.0,0,0,0,0,0,1,0.0,0.0,16.7%,LB,2020
255,256,Josh Harris,0,0,0.0,0,0,0,0,0,1,0.0,0.0,0.0%,LB,2020
256,257,JJ Jansen,0,0,0.0,0,0,0,0,0,1,0.0,0.0,0.0%,LB,2020
257,258,Andrew DePaola,0,0,0.0,0,0,0,0,0,1,0.0,0.0,0.0%,LB,2020
258,259,L.P. LaDouceur,0,0,0.0,0,0,0,0,0,1,0.0,0.0,0.0%,LB,2020
259,260,Jon Weeks,0,0,0.0,0,0,0,0,0,1,0.0,0.0,0.0%,LB,2020
260,261,Aaron Brewer,0,0,0.0,0,0,0,0,0,1,0.0,0.0,0.0%,LB,2020
261,262,Tyler Ott,0,0,0.0,0,0,0,0,0,1,0.0,0.0,0.0%,LB,2020
262,263,Nick Sundberg,0,0,0.0,0,0,0,0,0,1,0.0,0.0,0.0%,LB,2020
263,264,Patrick Scales,0,0,0.0,0,0,0,0,0,1,0.0,0.0,0.0%,LB,2020
264,265,Don Muhlbach,0,0,0.0,0,0,0,0,0,1,0.0,0.0,0.0%,LB,2020
265,266,Rick Lovato,0,0,0.0,0,0,0,0,0,1,0.0,0.0,0.0%,LB,2020
266,267,Terrance Smith,0,0,0.0,0,0,0,0,0,1,0.0,0.0,0.0%,LB,2020
267,268,Joe Walker,0,0,0.0,0,0,0,0,0,1,0.0,0.0,0.0%,LB,2020
268,269,Kamu Grugier-Hill,0,0,0.0,0,0,0,0,0,1,0.0,0.0,7.2%,LB,2020
269,270,Matt Overton,0,0,0.0,0,0,0,0,0,1,0.0,0.0,0.0%,LB,2020
270,271,Morgan Cox,0,0,0.0,0,0,0,0,0,1,0.0,0.0,0.0%,LB,2020
271,272,Charley Hughlett,0,0,0.0,0,0,0,0,0,1,0.0,0.0,0.0%,LB,2020
272,273,Casey Kreiter,0,0,0.0,0,0,0,0,0,1,0.0,0.0,0.0%,LB,2020
273,274,Joe Cardona,0,0,0.0,0,0,0,0,0,1,0.0,0.0,0.0%,LB,2020
