,Rank,Player,Tackle,Assist,Sack,Pass Defended,Interception,Forced Fumble,Fumble Recovery,Defend Touchdown,Games Played,Fantasy Football Points,FTPS/Game,ROST,Position,Year
0,1,Alex Singleton,8,3,1.0,0,0,0,1,0,1,24.8,24.8,61.3%,LB,2020
1,2,Isaiah Simmons,9,1,1.0,0,0,0,0,0,1,23.3,23.3,6.2%,LB,2020
2,3,Lavonte David,8,1,0.0,1,0,0,0,0,1,21.8,21.8,52.4%,LB,2020
3,4,Christian Kirksey,6,5,0.0,1,1,0,0,0,1,19.3,19.3,0.1%,LB,2020
4,5,Malik Reed,4,2,1.5,0,0,0,0,0,1,18.5,18.5,0.0%,LB,2020
5,6,Sione Takitaki,2,0,0.0,1,1,0,0,1,1,18.0,18.0,4.6%,LB,2020
6,7,Neville Hewitt,9,2,0.0,0,0,0,0,0,1,17.5,17.5,0.0%,LB,2020
7,8,Demario Davis,4,3,1.0,1,0,0,0,0,1,16.3,16.3,22.3%,LB,2020
8,9,Joe Schobert,8,5,0.0,0,0,0,0,0,1,15.8,15.8,0.0%,LB,2020
9,10,Eric Kendricks,2,6,0.0,2,1,0,0,0,1,15.5,15.5,32.1%,LB,2020
10,11,Deion Jones,5,1,1.0,0,0,0,0,0,1,14.8,14.8,2.7%,LB,2020
11,12,Harold Landry,4,3,1.0,0,0,0,0,0,1,14.8,14.8,24.1%,LB,2020
12,13,Harvey Langi,8,3,0.0,0,0,0,0,0,1,14.3,14.3,0.0%,LB,2020
13,14,Jordan Jenkins,2,7,0.5,1,0,0,0,0,1,14.3,14.3,0.0%,LB,2020
14,15,Matthew Judon,4,2,1.0,0,0,0,0,0,1,14.0,14.0,16.8%,LB,2020
15,16,Bobby Wagner,6,3,0.0,0,0,0,0,0,1,13.8,13.8,72.4%,LB,2020
16,17,Bradley Chubb,4,1,1.0,0,0,0,0,0,1,13.3,13.3,18.2%,LB,2020
17,18,Shaquille Leonard,4,2,0.0,1,0,0,1,0,1,13.0,13.0,21.8%,LB,2020
18,19,Devin White,5,4,0.0,0,0,0,0,0,1,13.0,13.0,22.7%,LB,2020
19,20,Leighton Vander,4,8,0.0,0,0,0,0,0,1,12.0,12.0,2.2%,LB,2020
20,21,Zach Cunningham,7,2,0.0,0,0,0,0,0,1,12.0,12.0,1.7%,LB,2020
21,22,Nicholas Morrow,6,2,0.0,1,0,0,0,0,1,12.0,12.0,4.9%,LB,2020
22,23,Bud Dupree,2,1,1.0,1,0,0,0,0,1,11.8,11.8,1.3%,LB,2020
23,24,Za'Darius Smith,4,2,0.0,1,0,0,0,0,1,11.5,11.5,5.4%,LB,2020
24,25,Jaylon Smith,3,4,1.0,0,0,0,0,0,1,11.5,11.5,0.2%,LB,2020
25,26,Jamie Collins,4,5,0.0,1,0,0,0,0,1,11.3,11.3,0.0%,LB,2020
26,27,Nick Kwiatkoski,6,3,0.0,0,0,0,0,0,1,11.3,11.3,0.0%,LB,2020
27,28,Denzel Perryman,2,2,1.0,0,0,0,0,0,1,11.0,11.0,11.8%,LB,2020
28,29,Samson Ebukam,3,0,1.0,0,0,0,0,0,1,11.0,11.0,8.7%,LB,2020
29,30,Kenneth Murray,4,3,0.0,0,0,0,0,0,1,10.8,10.8,15.3%,LB,2020
30,31,Rashaan Evans,5,4,0.0,0,0,0,0,0,1,10.5,10.5,0.2%,LB,2020
31,32,Malik Harrison,3,4,0.0,0,0,0,0,0,1,10.0,10.0,7.0%,LB,2020
32,33,Anthony Hitchens,4,2,0.0,0,0,0,0,0,1,10.0,10.0,1.0%,LB,2020
33,34,K.J. Wright,4,2,0.0,0,0,0,0,0,1,10.0,10.0,0.0%,LB,2020
34,35,Foyesade Oluokun,2,4,0.0,0,0,0,1,0,1,10.0,10.0,93.9%,LB,2020
35,36,Kevin Pierre-Louis,4,2,0.0,0,0,0,0,0,1,10.0,10.0,0.0%,LB,2020
36,37,Eric Wilson,4,5,0.0,0,0,0,0,0,1,9.8,9.8,0.5%,LB,2020
37,38,T.J. Edwards,4,1,0.0,0,0,0,0,0,1,9.3,9.3,78.9%,LB,2020
38,39,Patrick Queen,3,6,0.0,0,0,0,0,0,1,9.0,9.0,43.7%,LB,2020
39,40,Elandon Roberts,3,2,0.0,0,0,0,0,0,1,8.5,8.5,15.3%,LB,2020
40,41,Myles Jack,3,2,0.0,0,0,0,0,0,1,8.5,8.5,0.4%,LB,2020
41,42,B.J. Goodson,4,0,0.0,0,0,0,0,0,1,8.5,8.5,0.1%,LB,2020
42,43,Reggie Ragland,3,0,0.0,0,0,1,0,0,1,8.5,8.5,0.0%,LB,2020
43,44,Tyus Bowser,0,2,0.0,1,1,0,0,0,1,8.0,8.0,0.7%,LB,2020
44,45,Preston Smith,3,1,0.0,0,0,0,0,0,1,7.8,7.8,11.1%,LB,2020
45,46,Jordan Hicks,4,2,0.0,0,0,0,0,0,1,7.5,7.5,29.9%,LB,2020
46,47,Jarrad Davis,4,2,0.0,0,0,0,0,0,1,7.5,7.5,0.0%,LB,2020
47,48,Tyrell Adams,4,2,0.0,0,0,0,0,0,1,7.5,7.5,0.0%,LB,2020
48,49,Alexander Johnson,4,2,0.0,0,0,0,0,0,1,7.5,7.5,1.0%,LB,2020
49,50,Jahlani Tavai,2,2,0.0,0,0,0,0,0,1,7.0,7.0,6.3%,LB,2020
50,51,Jon Bostic,3,0,0.0,0,0,0,0,0,1,7.0,7.0,0.0%,LB,2020
51,52,Damien Wilson,3,3,0.0,0,0,0,0,0,1,6.8,6.8,0.0%,LB,2020
52,53,Willie Gay,4,1,0.0,0,0,0,0,0,1,6.8,6.8,7.4%,LB,2020
53,54,Will Compton,3,3,0.0,0,0,0,0,0,1,6.8,6.8,0.0%,LB,2020
54,55,Shaq Thompson,3,1,0.0,1,0,0,0,0,1,6.8,6.8,14.8%,LB,2020
55,56,Vince Williams,4,1,0.0,0,0,0,0,0,1,6.8,6.8,0.1%,LB,2020
56,57,Andrew Van,1,1,0.0,0,0,1,0,0,1,6.3,6.3,11.2%,LB,2020
57,58,Jayon Brown,2,1,0.0,0,0,0,0,0,1,6.3,6.3,2.0%,LB,2020
58,59,Marquis Haynes,1,1,0.0,0,0,0,1,0,1,6.3,6.3,0.6%,LB,2020
59,60,Kwon Alexander,3,0,0.0,1,0,0,0,0,1,6.0,6.0,1.1%,LB,2020
60,61,Shaquil Barrett,4,0,0.0,0,0,0,0,0,1,6.0,6.0,8.4%,LB,2020
61,62,Malcolm Smith,4,0,0.0,0,0,0,0,0,1,6.0,6.0,0.0%,LB,2020
62,63,Micah Kiser,2,4,0.0,0,0,0,0,0,1,6.0,6.0,0.0%,LB,2020
63,64,Josh Bynes,3,2,0.0,0,0,0,0,0,1,6.0,6.0,0.0%,LB,2020
64,65,L.J. Collier,1,0,1.0,0,0,0,0,0,1,5.5,5.5,1.0%,LB,2020
65,66,Frankie Luvu,2,0,0.0,0,0,0,0,0,1,5.5,5.5,44.4%,LB,2020
66,67,Pernell McPhee,3,1,0.0,0,0,0,0,0,1,5.3,5.3,0.0%,LB,2020
67,68,Logan Wilson,3,1,0.0,0,0,0,0,0,1,5.3,5.3,63.1%,LB,2020
68,69,Mack Wilson,3,1,0.0,0,0,0,0,0,1,5.3,5.3,4.9%,LB,2020
69,70,Rashan Gary,2,1,0.0,1,0,0,0,0,1,5.3,5.3,11.2%,LB,2020
70,71,Kamal Martin,3,1,0.0,0,0,0,0,0,1,5.3,5.3,0.0%,LB,2020
71,72,Robert Spillane,3,1,0.0,0,0,0,0,0,1,5.3,5.3,33.7%,LB,2020
72,73,Mykal Walker,2,0,0.0,1,0,0,0,0,1,4.5,4.5,2.6%,LB,2020
73,74,Ja'Whaun Bentley,1,4,0.0,0,0,0,0,0,1,4.5,4.5,15.7%,LB,2020
74,75,Kyle Van,2,2,0.0,0,0,0,0,0,1,4.5,4.5,8.2%,LB,2020
75,76,Hercules Mata'afa,1,0,0.0,0,0,0,0,0,1,4.0,4.0,0.0%,LB,2020
76,77,Jermaine Carter,1,3,0.0,0,0,0,0,0,1,3.8,3.8,0.0%,LB,2020
77,78,Terez Hall,1,3,0.0,0,0,0,0,0,1,3.8,3.8,0.0%,LB,2020
78,79,Josey Jewell,2,1,0.0,0,0,0,0,0,1,3.8,3.8,30.2%,LB,2020
79,80,Kenny Young,1,3,0.0,0,0,0,0,0,1,3.8,3.8,0.0%,LB,2020
80,81,Christian Jones,1,2,0.0,0,0,0,0,0,1,3.0,3.0,0.0%,LB,2020
81,82,Jordyn Brooks,2,0,0.0,0,0,0,0,0,1,3.0,3.0,25.9%,LB,2020
82,83,Porter Gustin,1,2,0.0,0,0,0,0,0,1,3.0,3.0,0.0%,LB,2020
83,84,John Simon,1,0,0.0,1,0,0,0,0,1,3.0,3.0,0.0%,LB,2020
84,85,Anthony Walker,2,0,0.0,0,0,0,0,0,1,3.0,3.0,4.0%,LB,2020
85,86,Alex Highsmith,2,0,0.0,0,0,0,0,0,1,3.0,3.0,25.4%,LB,2020
86,87,Davion Taylor,2,0,0.0,0,0,0,0,0,1,3.0,3.0,0.0%,LB,2020
87,88,Jacob Martin,2,0,0.0,0,0,0,0,0,1,3.0,3.0,0.4%,LB,2020
88,89,T.J. Watt,2,0,0.0,0,0,0,0,0,1,3.0,3.0,78.9%,LB,2020
89,90,Jeremiah Attaochu,1,1,0.0,0,0,0,0,0,1,2.3,2.3,0.0%,LB,2020
90,91,Jerome Baker,1,1,0.0,0,0,0,0,0,1,2.3,2.3,14.7%,LB,2020
91,92,Cole Holcomb,1,1,0.0,0,0,0,0,0,1,2.3,2.3,9.1%,LB,2020
92,93,Edmond Robinson,1,1,0.0,0,0,0,0,0,1,2.3,2.3,0.0%,LB,2020
93,94,L.J. Fort,0,1,0.0,1,0,0,0,0,1,2.3,2.3,0.0%,LB,2020
94,95,Kamalei Correa,1,0,0.0,0,0,0,0,0,1,1.5,1.5,0.0%,LB,2020
95,96,De'Vondre Campbell,1,0,0.0,0,0,0,0,0,1,1.5,1.5,20.9%,LB,2020
96,97,Bobby Okereke,1,0,0.0,0,0,0,0,0,1,1.5,1.5,79.4%,LB,2020
97,98,Troy Dye,1,0,0.0,0,0,0,0,0,1,1.5,1.5,0.2%,LB,2020
98,99,Sean Lee,1,0,0.0,0,0,0,0,0,1,1.5,1.5,0.0%,LB,2020
99,100,Thomas Davis,1,0,0.0,0,0,0,0,0,1,1.5,1.5,0.0%,LB,2020
100,101,Nick Vigil,1,0,0.0,0,0,0,0,0,1,1.5,1.5,0.0%,LB,2020
101,102,Whitney Mercilus,1,0,0.0,0,0,0,0,0,1,1.5,1.5,0.2%,LB,2020
102,103,Uchenna Nwosu,1,0,0.0,0,0,0,0,0,1,1.5,1.5,17.7%,LB,2020
103,104,Leonard Floyd,0,2,0.0,0,0,0,0,0,1,1.5,1.5,5.4%,LB,2020
104,105,Shaquem Griffin,1,0,0.0,0,0,0,0,0,1,1.5,1.5,0.1%,LB,2020
105,106,Ty Summers,0,1,0.0,0,0,0,0,0,1,0.8,0.8,0.0%,LB,2020
106,107,E.J. Speed,0,0,0.0,0,0,0,0,0,1,0.0,0.0,39.8%,LB,2020
107,108,Anthony Nelson,0,0,0.0,0,0,0,0,0,1,0.0,0.0,0.4%,LB,2020
108,109,Kaden Elliss,0,0,0.0,0,0,0,0,0,1,0.0,0.0,15.6%,LB,2020
109,110,Cole Mazza,0,0,0.0,0,0,0,0,0,1,0.0,0.0,0.0%,LB,2020
110,111,Cody Barton,0,0,0.0,0,0,0,0,0,1,0.0,0.0,12.0%,LB,2020
111,112,Dakota Allen,0,0,0.0,0,0,0,0,0,1,0.0,0.0,0.0%,LB,2020
112,113,Ryan Connelly,0,0,0.0,0,0,0,0,0,1,0.0,0.0,0.0%,LB,2020
113,114,David Long,0,0,0.0,0,0,0,0,0,1,0.0,0.0,0.0%,LB,2020
114,115,Joe Giles-Harris,0,0,0.0,0,0,0,0,0,1,0.0,0.0,0.0%,LB,2020
115,116,Derick Roberson,1,0,0.0,0,0,0,0,0,1,0.0,0.0,0.0%,LB,2020
116,117,Troy Reeder,0,0,0.0,0,0,0,0,0,1,0.0,0.0,1.6%,LB,2020
117,118,Luke Gifford,0,0,0.0,0,0,0,0,0,1,0.0,0.0,0.0%,LB,2020
118,119,Jacob Bobenmoyer,0,0,0.0,0,0,0,0,0,1,0.0,0.0,0.0%,LB,2020
119,120,Josh Watson,0,0,0.0,0,0,0,0,0,1,0.0,0.0,0.0%,LB,2020
120,121,Sam Eguavoen,0,0,0.0,0,0,0,0,0,1,0.0,0.0,0.0%,LB,2020
121,122,Josh Allen,0,0,0.0,0,0,0,0,0,1,0.0,0.0,44.1%,LB,2020
122,123,Jachai Polite,0,0,0.0,0,0,0,0,0,1,0.0,0.0,0.0%,LB,2020
123,124,Brian Burns,2,3,2.0,1,0,0,0,0,1,0.0,0.0,41.3%,LB,2020
124,125,Jaylon Ferguson,1,0,0.0,0,0,0,0,0,1,0.0,0.0,0.0%,LB,2020
125,126,Nate Hall,0,0,0.0,0,0,0,0,0,1,0.0,0.0,0.0%,LB,2020
126,127,Justin Hollins,0,0,0.0,0,0,0,0,0,1,0.0,0.0,0.0%,LB,2020
127,128,Ben Burr-Kirven,0,0,0.0,0,0,0,0,0,1,0.0,0.0,0.0%,LB,2020
128,129,Germaine Pratt,0,0,0.0,0,0,0,0,0,1,0.0,0.0,17.3%,LB,2020
129,130,Randy Ramsey,0,0,0.0,0,0,0,0,0,1,0.0,0.0,0.0%,LB,2020
130,131,Cam Gill,0,0,0.0,0,0,0,0,0,1,0.0,0.0,0.0%,LB,2020
131,132,Cole Christiansen,0,0,0.0,0,0,0,0,0,1,0.0,0.0,0.0%,LB,2020
132,133,Shaun Bradley,0,0,0.0,0,0,0,0,0,1,0.0,0.0,0.0%,LB,2020
133,134,Chapelle Russell,0,0,0.0,0,0,0,0,0,1,0.0,0.0,0.0%,LB,2020
134,135,Markus Bailey,0,0,0.0,0,0,0,0,0,1,0.0,0.0,0.0%,LB,2020
135,136,Francis Bernard,0,0,0.0,0,0,0,0,0,1,0.0,0.0,0.0%,LB,2020
136,137,Ross Matiscik,0,0,0.0,0,0,0,0,0,1,0.0,0.0,0.0%,LB,2020
137,138,Javin White,0,0,0.0,0,0,0,0,0,1,0.0,0.0,0.0%,LB,2020
138,139,Blake Ferguson,0,0,0.0,0,0,0,0,0,1,0.0,0.0,0.0%,LB,2020
139,140,Jordan Glasgow,0,0,0.0,0,0,0,0,0,1,0.0,0.0,0.0%,LB,2020
140,141,Kristian Welch,0,0,0.0,0,0,0,0,0,1,0.0,0.0,0.0%,LB,2020
141,142,Joshua Uche,1,0,0.0,0,0,0,0,0,1,0.0,0.0,0.9%,LB,2020
142,143,Yetur Gross-Matos,0,2,0.5,0,0,0,0,0,1,0.0,0.0,1.1%,LB,2020
143,144,K'Lavon Chaisson,2,0,0.0,0,0,0,0,0,1,0.0,0.0,1.3%,LB,2020
144,145,Terrell Lewis,0,0,0.0,0,0,0,0,0,1,0.0,0.0,3.0%,LB,2020
145,146,Zack Baun,0,0,0.0,0,0,0,0,0,1,0.0,0.0,0.9%,LB,2020
146,147,Akeem Davis-Gaither,0,0,0.0,0,0,0,0,0,1,0.0,0.0,2.2%,LB,2020
147,148,Anfernee Jennings,0,0,0.0,0,0,0,0,0,1,0.0,0.0,4.9%,LB,2020
148,149,Chris Orr,0,0,0.0,0,0,0,0,0,1,0.0,0.0,0.0%,LB,2020
149,150,Jacob Phillips,0,0,0.0,0,0,0,0,0,1,0.0,0.0,0.9%,LB,2020
150,151,Tuzar Skipper,0,0,0.0,0,0,0,0,0,1,0.0,0.0,0.0%,LB,2020
151,152,Jordan Kunaszyk,0,0,0.0,0,0,0,0,0,1,0.0,0.0,0.0%,LB,2020
152,153,Khaleke Hudson,0,0,0.0,0,0,0,0,0,1,0.0,0.0,2.6%,LB,2020
153,154,Casey Toohill,0,0,0.0,0,0,0,0,0,1,0.0,0.0,0.7%,LB,2020
154,155,D.J. Wonnum,1,0,0.0,0,0,0,0,0,1,0.0,0.0,13.9%,LB,2020
155,156,Alton Robinson,0,1,0.0,0,0,0,0,0,1,0.0,0.0,0.0%,LB,2020
156,157,Hardy Nickerson,0,0,0.0,0,0,0,0,0,1,0.0,0.0,0.0%,LB,2020
157,158,Julian Stanford,0,0,0.0,0,0,0,0,0,1,0.0,0.0,0.0%,LB,2020
158,159,Craig Robertson,0,0,0.0,0,0,0,0,0,1,0.0,0.0,0.0%,LB,2020
159,160,Steven Means,4,0,0.0,0,0,0,0,0,1,0.0,0.0,0.0%,LB,2020
160,161,Kevin Minter,0,0,0.0,0,0,0,0,0,1,0.0,0.0,0.0%,LB,2020
161,162,Nick Bellore,0,0,0.0,0,0,0,0,0,1,0.0,0.0,7.0%,LB,2020
162,163,Kyle Wilber,0,0,0.0,0,0,0,0,0,1,0.0,0.0,0.0%,LB,2020
163,164,Melvin Ingram,0,2,0.0,0,0,0,0,0,1,0.0,0.0,0.0%,LB,2020
164,165,Aaron Lynch,0,0,0.0,0,0,0,0,0,1,0.0,0.0,0.0%,LB,2020
165,166,Daren Bates,0,0,0.0,0,0,0,0,0,1,0.0,0.0,0.0%,LB,2020
166,167,LaRoy Reynolds,0,0,0.0,0,0,0,0,0,1,0.0,0.0,0.0%,LB,2020
167,168,Benson Mayowa,0,0,0.0,0,0,0,0,0,1,0.0,0.0,0.0%,LB,2020
168,169,Chris Smith,1,0,0.0,0,0,0,0,0,1,0.0,0.0,0.0%,LB,2020
169,170,Devon Kennard,0,0,0.0,0,0,0,0,0,1,0.0,0.0,0.0%,LB,2020
170,171,Avery Williamson,0,0,0.0,0,0,0,0,0,1,0.0,0.0,0.0%,LB,2020
171,172,Cassius Marsh,0,0,0.0,0,0,0,0,0,1,0.0,0.0,1.0%,LB,2020
172,173,Justin Houston,2,1,1.0,0,0,0,0,0,1,0.0,0.0,0.0%,LB,2020
173,174,Jason Pierre-Paul,4,2,0.0,2,1,0,0,0,1,0.0,0.0,0.0%,LB,2020
174,175,Dawuane Smoot,1,0,0.0,0,0,0,0,0,1,0.0,0.0,0.4%,LB,2020
175,176,Jordan Evans,0,0,0.0,0,0,0,0,0,1,0.0,0.0,0.0%,LB,2020
176,177,Tanoh Kpassagnon,2,1,0.0,0,0,0,0,0,1,0.0,0.0,0.0%,LB,2020
177,178,Haason Reddick,3,2,0.0,0,0,0,0,0,1,0.0,0.0,17.6%,LB,2020
178,179,Tanner Vallejo,0,0,0.0,0,0,0,0,0,1,0.0,0.0,0.0%,LB,2020
179,180,Raekwon McMillan,0,0,0.0,0,0,0,0,0,1,0.0,0.0,0.4%,LB,2020
180,181,Austin Calitro,0,0,0.0,0,0,0,0,0,1,0.0,0.0,0.0%,LB,2020
181,182,Calvin Munson,0,0,0.0,0,0,0,0,0,1,0.0,0.0,0.0%,LB,2020
182,183,Cameron Malveaux,2,0,0.0,0,0,1,0,0,1,0.0,0.0,0.0%,LB,2020
183,184,B.J. Bello,0,0,0.0,0,0,0,0,0,1,0.0,0.0,0.0%,LB,2020
184,185,Thomas Hennessy,0,0,0.0,0,0,0,0,0,1,0.0,0.0,0.0%,LB,2020
185,186,Jalen Reeves-Maybin,0,0,0.0,0,0,0,0,0,1,0.0,0.0,1.3%,LB,2020
186,187,Tashawn Bower,0,0,0.0,0,0,0,0,0,1,0.0,0.0,0.0%,LB,2020
187,188,Ifeadi Odenigbo,0,1,0.0,0,0,0,0,0,1,0.0,0.0,4.0%,LB,2020
188,189,Elijah Lee,0,0,0.0,0,0,0,0,0,1,0.0,0.0,0.0%,LB,2020
189,190,Duke Riley,0,0,0.0,0,0,0,0,0,1,0.0,0.0,4.0%,LB,2020
190,191,Alex Anzalone,0,0,0.0,0,0,0,0,0,1,0.0,0.0,31.6%,LB,2020
191,192,Patrick Onwuasor,0,0,0.0,0,0,0,0,0,1,0.0,0.0,0.0%,LB,2020
192,193,Zach Triner,0,0,0.0,0,0,0,0,0,1,0.0,0.0,0.0%,LB,2020
193,194,Kameron Canaday,0,0,0.0,0,0,0,0,0,1,0.0,0.0,0.0%,LB,2020
194,195,Luke Rhodes,0,0,0.0,0,0,0,0,0,1,0.0,0.0,0.0%,LB,2020
195,196,Trent Sieg,0,0,0.0,0,0,0,0,0,1,0.0,0.0,0.0%,LB,2020
196,197,Chris Board,1,1,0.0,0,0,0,0,0,1,0.0,0.0,1.5%,LB,2020
197,198,Oren Burks,0,0,0.0,0,0,0,0,0,1,0.0,0.0,3.8%,LB,2020
198,199,Hunter Bradley,0,0,0.0,0,0,0,0,0,1,0.0,0.0,0.0%,LB,2020
199,200,Ola Adeniyi,1,0,0.0,0,0,0,0,0,1,0.0,0.0,0.0%,LB,2020
200,201,Zaire Franklin,0,0,0.0,0,0,0,0,0,1,0.0,0.0,92.0%,LB,2020
201,202,Peter Kalambayi,0,0,0.0,0,0,0,0,0,1,0.0,0.0,0.0%,LB,2020
202,203,Kylie Fitts,0,0,0.0,0,0,0,0,0,1,0.0,0.0,0.0%,LB,2020
203,204,Jacob Tuioti-Mariner,1,1,0.0,0,0,0,0,0,1,0.0,0.0,0.0%,LB,2020
204,205,Dennis Gardeck,0,0,0.0,0,0,0,0,0,1,0.0,0.0,3.6%,LB,2020
205,206,Ezekiel Turner,0,0,0.0,0,0,0,0,0,1,0.0,0.0,0.2%,LB,2020
206,207,Ben Niemann,0,0,0.0,0,0,0,0,0,1,0.0,0.0,0.4%,LB,2020
207,208,Jordan Thomas,0,0,0.0,0,0,0,0,0,1,0.0,0.0,0.0%,LB,2020
208,209,Dorian O'Daniel,0,0,0.0,0,0,0,0,0,1,0.0,0.0,0.0%,LB,2020
209,210,Jason Cabinda,0,0,0.0,0,0,0,0,0,1,0.0,0.0,0.0%,LB,2020
210,211,Shaun Dion,0,0,0.0,0,0,0,0,0,1,0.0,0.0,0.0%,LB,2020
211,212,Arden Key,1,1,0.0,0,0,0,0,0,1,0.0,0.0,2.4%,LB,2020
212,213,Marcus Davenport,0,1,0.0,0,0,0,0,0,1,0.0,0.0,2.1%,LB,2020
213,214,Malik Jefferson,0,0,0.0,0,0,0,0,0,1,0.0,0.0,0.0%,LB,2020
214,215,Marcus Allen,0,0,0.0,0,0,0,0,0,1,0.0,0.0,0.0%,LB,2020
215,216,Anthony Chickillo,0,0,0.0,0,0,0,0,0,1,0.0,0.0,0.0%,LB,2020
216,217,Markus Golden,0,0,0.0,0,0,0,0,0,1,0.0,0.0,0.5%,LB,2020
217,218,Nick Dzubnar,0,0,0.0,0,0,0,0,0,1,0.0,0.0,0.0%,LB,2020
218,219,Frank Clark,0,1,0.0,0,0,0,0,0,1,0.0,0.0,0.0%,LB,2020
219,220,Bryce Hager,0,0,0.0,0,0,0,0,0,1,0.0,0.0,0.0%,LB,2020
220,221,Joe Thomas,0,0,0.0,0,0,0,0,0,1,0.0,0.0,1.0%,LB,2020
221,222,Randy Gregory,0,0,0.0,0,0,0,0,0,1,0.0,0.0,2.2%,LB,2020
222,223,Todd Davis,0,0,0.0,0,0,0,0,0,1,0.0,0.0,0.0%,LB,2020
223,224,Carl Nassib,3,0,0.0,0,0,0,0,0,1,0.0,0.0,0.0%,LB,2020
224,225,Jake McQuaide,0,0,0.0,0,0,0,0,0,1,0.0,0.0,0.0%,LB,2020
225,226,Joey Bosa,0,2,0.0,0,0,0,0,0,1,0.0,0.0,16.7%,LB,2020
226,227,JJ Jansen,0,0,0.0,0,0,0,0,0,1,0.0,0.0,0.0%,LB,2020
227,228,Josh Harris,0,0,0.0,0,0,0,0,0,1,0.0,0.0,0.0%,LB,2020
228,229,Jon Weeks,0,0,0.0,0,0,0,0,0,1,0.0,0.0,0.0%,LB,2020
229,230,Aaron Brewer,0,0,0.0,0,0,0,0,0,1,0.0,0.0,0.0%,LB,2020
230,231,L.P. LaDouceur,0,0,0.0,0,0,0,0,0,1,0.0,0.0,0.0%,LB,2020
231,232,Andrew DePaola,0,0,0.0,0,0,0,0,0,1,0.0,0.0,0.0%,LB,2020
232,233,Tyler Ott,0,0,0.0,0,0,0,0,0,1,0.0,0.0,0.0%,LB,2020
233,234,Nick Sundberg,0,0,0.0,0,0,0,0,0,1,0.0,0.0,0.0%,LB,2020
234,235,Don Muhlbach,0,0,0.0,0,0,0,0,0,1,0.0,0.0,0.0%,LB,2020
235,236,Rick Lovato,0,0,0.0,0,0,0,0,0,1,0.0,0.0,0.0%,LB,2020
236,237,Matt Overton,0,0,0.0,0,0,0,0,0,1,0.0,0.0,0.0%,LB,2020
237,238,James Burgess,0,0,0.0,0,0,0,0,0,1,0.0,0.0,0.0%,LB,2020
238,239,Kamu Grugier-Hill,0,0,0.0,0,0,0,0,0,1,0.0,0.0,7.2%,LB,2020
239,240,Morgan Cox,0,0,0.0,0,0,0,0,0,1,0.0,0.0,0.0%,LB,2020
240,241,Joe Cardona,0,0,0.0,0,0,0,0,0,1,0.0,0.0,0.0%,LB,2020
241,242,Charley Hughlett,0,0,0.0,0,0,0,0,0,1,0.0,0.0,0.0%,LB,2020
