,Rank,Player,Tackle,Assist,Sack,Pass Defended,Interception,Forced Fumble,Fumble Recovery,Defend Touchdown,Games Played,Fantasy Football Points,FTPS/Game,ROST,Position,Year
0,1,Zach Cunningham,11,4,1.0,0,0,0,0,0,1,26.0,26.0,1.7%,LB,2020
1,2,Micah Kiser,10,5,0.0,1,0,1,0,0,1,24.3,24.3,0.0%,LB,2020
2,3,Kevin Pierre-Louis,10,6,0.0,0,0,1,0,0,1,23.5,23.5,0.0%,LB,2020
3,4,Devin White,11,4,0.0,1,0,0,0,0,1,23.5,23.5,22.7%,LB,2020
4,5,De'Vondre Campbell,8,2,0.0,2,0,0,0,0,1,21.5,21.5,20.9%,LB,2020
5,6,Jaylon Smith,8,6,0.0,1,0,0,0,0,1,20.5,20.5,0.2%,LB,2020
6,7,Foyesade Oluokun,5,1,0.0,0,0,3,0,0,1,20.3,20.3,93.9%,LB,2020
7,8,T.J. Watt,3,1,2.5,0,0,0,0,0,1,20.3,20.3,78.9%,LB,2020
8,9,Lavonte David,7,2,0.0,0,0,1,1,0,1,20.0,20.0,52.4%,LB,2020
9,10,Eric Kendricks,11,1,0.0,0,0,0,0,0,1,19.8,19.8,32.1%,LB,2020
10,11,Eric Wilson,5,2,0.0,1,1,0,0,0,1,18.0,18.0,0.5%,LB,2020
11,12,Vince Williams,6,1,0.0,0,0,0,0,0,1,17.3,17.3,0.1%,LB,2020
12,13,Blake Martinez,6,2,1.0,0,0,0,0,0,1,17.0,17.0,0.0%,LB,2020
13,14,Nicholas Morrow,7,0,0.0,1,1,0,0,0,1,17.0,17.0,4.9%,LB,2020
14,15,Jon Bostic,5,3,1.0,0,0,0,0,0,1,16.3,16.3,0.0%,LB,2020
15,16,Damien Wilson,7,4,0.0,0,0,0,0,0,1,16.0,16.0,0.0%,LB,2020
16,17,Joe Thomas,6,6,0.0,0,0,0,0,0,1,16.0,16.0,1.0%,LB,2020
17,18,Jordan Hicks,8,2,0.0,0,0,0,0,0,1,16.0,16.0,29.9%,LB,2020
18,19,Fred Warner,9,3,0.0,0,0,0,0,0,1,15.8,15.8,90.4%,LB,2020
19,20,Jamie Collins,4,1,1.0,0,0,0,0,0,1,15.8,15.8,0.0%,LB,2020
20,21,Christian Kirksey,9,3,0.0,0,0,0,0,0,1,15.8,15.8,0.1%,LB,2020
21,22,Kyler Fackrell,4,0,1.0,0,0,0,0,0,1,15.0,15.0,0.0%,LB,2020
22,23,Tyrel Dodson,5,2,0.0,2,0,0,0,0,1,14.5,14.5,8.9%,LB,2020
23,24,Khalil Mack,2,1,1.0,0,0,0,1,0,1,14.3,14.3,52.8%,LB,2020
24,25,Demario Davis,5,3,0.0,1,0,0,0,0,1,13.8,13.8,22.3%,LB,2020
25,26,Myles Jack,5,6,0.0,1,0,0,0,0,1,13.5,13.5,0.4%,LB,2020
26,27,Kenneth Murray,6,4,0.0,1,0,0,0,0,1,13.5,13.5,15.3%,LB,2020
27,28,Harold Landry,2,3,0.0,2,1,0,0,0,1,13.3,13.3,24.1%,LB,2020
28,29,Rashan Gary,2,2,1.5,0,0,0,0,0,1,13.0,13.0,11.2%,LB,2020
29,30,Roquan Smith,6,2,0.0,0,0,0,0,0,1,13.0,13.0,90.7%,LB,2020
30,31,Devin Bush,6,1,0.0,2,0,0,0,0,1,12.8,12.8,5.1%,LB,2020
31,32,Lorenzo Carter,4,0,1.0,0,0,0,0,0,1,12.5,12.5,1.8%,LB,2020
32,33,Shaquille Leonard,5,1,0.0,1,0,0,0,0,1,12.3,12.3,21.8%,LB,2020
33,34,Anthony Hitchens,7,2,0.0,0,0,0,0,0,1,12.0,12.0,1.0%,LB,2020
34,35,Joe Schobert,6,4,0.0,0,0,0,0,0,1,12.0,12.0,0.0%,LB,2020
35,36,Patrick Queen,7,2,0.0,0,0,0,0,0,1,12.0,12.0,43.7%,LB,2020
36,37,Za'Darius Smith,3,1,1.0,0,0,0,0,0,1,11.8,11.8,5.4%,LB,2020
37,38,Jayon Brown,3,4,0.0,1,0,0,0,0,1,11.5,11.5,2.0%,LB,2020
38,39,Kyle Van,4,0,0.0,1,0,1,0,0,1,11.5,11.5,8.2%,LB,2020
39,40,Bobby Wagner,5,5,0.0,0,0,0,0,0,1,11.3,11.3,72.4%,LB,2020
40,41,Benardrick McKinney,3,7,0.0,1,0,0,0,0,1,11.3,11.3,0.0%,LB,2020
41,42,B.J. Goodson,6,1,0.0,1,0,0,0,0,1,11.3,11.3,0.1%,LB,2020
42,43,Devon Kennard,3,0,1.0,0,0,0,0,0,1,11.0,11.0,0.0%,LB,2020
43,44,Jordan Jenkins,2,2,1.0,0,0,0,0,0,1,11.0,11.0,0.0%,LB,2020
44,45,Tyus Bowser,3,0,1.0,0,0,0,0,0,1,11.0,11.0,0.7%,LB,2020
45,46,Malcolm Smith,5,4,0.0,0,0,0,0,0,1,10.5,10.5,0.0%,LB,2020
46,47,Ben Niemann,5,4,0.0,0,0,0,0,0,1,10.5,10.5,0.4%,LB,2020
47,48,Alexander Johnson,6,2,0.0,0,0,0,0,0,1,10.5,10.5,1.0%,LB,2020
48,49,Bud Dupree,1,1,1.0,0,0,1,0,0,1,10.3,10.3,1.3%,LB,2020
49,50,L.J. Fort,0,0,0.0,0,0,0,1,1,1,10.0,10.0,0.0%,LB,2020
50,51,Rashaan Evans,6,1,0.0,0,0,0,0,0,1,9.8,9.8,0.2%,LB,2020
51,52,John Simon,5,3,0.0,0,0,0,0,0,1,9.8,9.8,0.0%,LB,2020
52,53,Robert Quinn,1,0,1.0,0,0,1,0,0,1,9.5,9.5,1.2%,LB,2020
53,54,Barkevious Mingo,2,0,1.0,0,0,0,0,0,1,9.5,9.5,6.0%,LB,2020
54,55,Kyzir White,5,2,0.0,0,0,0,0,0,1,9.0,9.0,22.3%,LB,2020
55,56,Neville Hewitt,6,0,0.0,0,0,0,0,0,1,9.0,9.0,0.0%,LB,2020
56,57,Deion Jones,2,5,0.5,0,0,0,0,0,1,8.8,8.8,2.7%,LB,2020
57,58,T.J. Edwards,3,2,0.0,0,0,0,0,0,1,8.5,8.5,78.9%,LB,2020
58,59,Kenny Young,2,2,0.0,0,0,0,1,0,1,8.5,8.5,0.0%,LB,2020
59,60,Jarrad Davis,3,2,0.0,0,0,0,0,0,1,8.5,8.5,0.0%,LB,2020
60,61,Kwon Alexander,3,2,0.0,0,0,0,0,0,1,8.5,8.5,1.1%,LB,2020
61,62,Josh Bynes,3,5,0.0,0,0,0,0,0,1,8.3,8.3,0.0%,LB,2020
62,63,Shilique Calhoun,1,0,1.0,0,0,0,0,0,1,8.0,8.0,0.0%,LB,2020
63,64,Alec Ogletree,2,0,0.0,0,0,0,0,0,1,8.0,8.0,2.0%,LB,2020
64,65,Tahir Whitehead,4,2,0.0,0,0,0,0,0,1,7.5,7.5,0.0%,LB,2020
65,66,Nate Gerry,3,4,0.0,0,0,0,0,0,1,7.5,7.5,0.0%,LB,2020
66,67,Porter Gustin,2,2,0.0,0,0,0,0,0,1,7.0,7.0,0.0%,LB,2020
67,68,Bradley Chubb,3,0,0.0,0,0,0,0,0,1,7.0,7.0,18.2%,LB,2020
68,69,Mykal Walker,3,3,0.0,0,0,0,0,0,1,6.8,6.8,2.6%,LB,2020
69,70,A.J. Klein,4,1,0.0,0,0,0,0,0,1,6.8,6.8,0.0%,LB,2020
70,71,Christian Jones,3,1,0.0,1,0,0,0,0,1,6.8,6.8,0.0%,LB,2020
71,72,Jahlani Tavai,3,3,0.0,0,0,0,0,0,1,6.8,6.8,6.3%,LB,2020
72,73,Josey Jewell,3,2,0.0,0,0,0,0,0,1,6.0,6.0,30.2%,LB,2020
73,74,Sione Takitaki,3,2,0.0,0,0,0,0,0,1,6.0,6.0,4.6%,LB,2020
74,75,Brandon Copeland,3,2,0.0,0,0,0,0,0,1,6.0,6.0,0.0%,LB,2020
75,76,Shaquil Barrett,3,2,0.0,0,0,0,0,0,1,6.0,6.0,8.4%,LB,2020
76,77,Preston Smith,2,1,0.5,0,0,0,0,0,1,5.8,5.8,11.1%,LB,2020
77,78,L.J. Collier,1,0,0.0,1,0,0,0,0,1,5.5,5.5,1.0%,LB,2020
78,79,Jerome Baker,1,5,0.0,0,0,0,0,0,1,5.3,5.3,14.7%,LB,2020
79,80,Ja'Whaun Bentley,1,4,0.0,0,0,0,0,0,1,4.5,4.5,15.7%,LB,2020
80,81,Malik Reed,2,0,0.0,1,0,0,0,0,1,4.5,4.5,0.0%,LB,2020
81,82,K.J. Wright,2,2,0.0,0,0,0,0,0,1,4.5,4.5,0.0%,LB,2020
82,83,Andrew Van,0,3,0.5,0,0,0,0,0,1,4.3,4.3,11.2%,LB,2020
83,84,Jeremiah Attaochu,1,0,0.0,0,0,0,0,0,1,4.0,4.0,0.0%,LB,2020
84,85,Oshane Ximines,1,0,0.0,0,0,0,0,0,1,4.0,4.0,0.0%,LB,2020
85,86,Aaron Brewer,0,0,0.0,0,0,0,1,0,1,4.0,4.0,0.0%,LB,2020
86,87,Chandler Jones,0,0,0.0,0,0,0,1,0,1,4.0,4.0,0.5%,LB,2020
87,88,Leon Jacobs,1,0,0.0,0,0,0,0,0,1,4.0,4.0,0.0%,LB,2020
88,89,Bobby Okereke,2,1,0.0,0,0,0,0,0,1,3.8,3.8,79.4%,LB,2020
89,90,Takk McKinley,2,1,0.0,0,0,0,0,0,1,3.8,3.8,1.1%,LB,2020
90,91,Avery Williamson,2,1,0.0,0,0,0,0,0,1,3.8,3.8,0.0%,LB,2020
91,92,Cory Littleton,2,1,0.0,0,0,0,0,0,1,3.8,3.8,0.0%,LB,2020
92,93,Alex Anzalone,0,5,0.0,0,0,0,0,0,1,3.8,3.8,31.6%,LB,2020
93,94,Shaun Dion,2,0,0.0,0,0,0,0,0,1,3.0,3.0,0.0%,LB,2020
94,95,Ogbo Okoronkwo,1,2,0.0,0,0,0,0,0,1,3.0,3.0,2.7%,LB,2020
95,96,Jacob Martin,2,0,0.0,0,0,0,0,0,1,3.0,3.0,0.4%,LB,2020
96,97,Krys Barnes,1,2,0.0,0,0,0,0,0,1,3.0,3.0,8.8%,LB,2020
97,98,Adarius Taylor,1,1,0.0,0,0,0,0,0,1,2.3,2.3,0.0%,LB,2020
98,99,Denzel Perryman,0,3,0.0,0,0,0,0,0,1,2.3,2.3,11.8%,LB,2020
99,100,Shaq Thompson,1,1,0.0,0,0,0,0,0,1,2.3,2.3,14.8%,LB,2020
100,101,Germaine Pratt,1,1,0.0,0,0,0,0,0,1,2.3,2.3,17.3%,LB,2020
101,102,Azeez Al-Shaair,1,1,0.0,0,0,0,0,0,1,2.3,2.3,43.0%,LB,2020
102,103,Danny Trevathan,1,1,0.0,0,0,0,0,0,1,2.3,2.3,0.0%,LB,2020
103,104,LaRoy Reynolds,1,0,0.0,0,0,0,0,0,1,1.5,1.5,0.0%,LB,2020
104,105,Anthony Walker,1,0,0.0,0,0,0,0,0,1,1.5,1.5,4.0%,LB,2020
105,106,James Vaughters,1,0,0.0,0,0,0,0,0,1,1.5,1.5,0.0%,LB,2020
106,107,Calvin Munson,1,0,0.0,0,0,0,0,0,1,1.5,1.5,0.0%,LB,2020
107,108,Malik Harrison,1,0,0.0,0,0,0,0,0,1,1.5,1.5,7.0%,LB,2020
108,109,Kyle Wilber,1,0,0.0,0,0,0,0,0,1,1.5,1.5,0.0%,LB,2020
109,110,Dre Greenlaw,1,0,0.0,0,0,0,0,0,1,1.5,1.5,37.9%,LB,2020
110,111,Brennan Scarlett,0,2,0.0,0,0,0,0,0,1,1.5,1.5,0.0%,LB,2020
111,112,Reggie Ragland,0,1,0.0,0,0,0,0,0,1,0.8,0.8,0.0%,LB,2020
112,113,Markus Golden,0,1,0.0,0,0,0,0,0,1,0.8,0.8,0.5%,LB,2020
113,114,Kamu Grugier-Hill,0,1,0.0,0,0,0,0,0,1,0.8,0.8,7.2%,LB,2020
114,115,Willie Gay,0,1,0.0,0,0,0,0,0,1,0.8,0.8,7.4%,LB,2020
115,116,Matthew Judon,0,1,0.0,0,0,0,0,0,1,0.8,0.8,16.8%,LB,2020
116,117,Marquis Haynes,0,1,0.0,0,0,0,0,0,1,0.8,0.8,0.6%,LB,2020
117,118,Leonard Floyd,0,1,0.0,0,0,0,0,0,1,0.8,0.8,5.4%,LB,2020
118,119,Pernell McPhee,0,1,0.0,0,0,0,0,0,1,0.8,0.8,0.0%,LB,2020
119,120,Jacob Bobenmoyer,0,0,0.0,0,0,0,0,0,1,0.0,0.0,0.0%,LB,2020
120,121,David Long,0,0,0.0,0,0,0,0,0,1,0.0,0.0,0.0%,LB,2020
121,122,Anthony Nelson,0,0,0.0,0,0,0,0,0,1,0.0,0.0,0.4%,LB,2020
122,123,Cole Mazza,0,0,0.0,0,0,0,0,0,1,0.0,0.0,0.0%,LB,2020
123,124,Kaden Elliss,0,0,0.0,0,0,0,0,0,1,0.0,0.0,15.6%,LB,2020
124,125,Darryl Johnson,0,0,0.0,0,0,0,0,0,1,0.0,0.0,0.0%,LB,2020
125,126,David Long,0,0,0.0,0,0,0,0,0,1,0.0,0.0,8.2%,LB,2020
126,127,Quinton Bell,0,0,0.0,0,0,0,0,0,1,0.0,0.0,0.0%,LB,2020
127,128,Luke Gifford,0,0,0.0,0,0,0,0,0,1,0.0,0.0,0.0%,LB,2020
128,129,Troy Reeder,0,0,0.0,0,0,0,0,0,1,0.0,0.0,1.6%,LB,2020
129,130,Ryan Connelly,0,0,0.0,0,0,0,0,0,1,0.0,0.0,0.0%,LB,2020
130,131,Brian Burns,4,0,0.0,0,0,0,0,0,1,0.0,0.0,41.3%,LB,2020
131,132,Sam Eguavoen,0,0,0.0,0,0,0,0,0,1,0.0,0.0,0.0%,LB,2020
132,133,Josh Allen,0,1,0.0,0,0,0,0,0,1,0.0,0.0,44.1%,LB,2020
133,134,Jachai Polite,0,0,0.0,0,0,0,0,0,1,0.0,0.0,0.0%,LB,2020
134,135,Jaylon Ferguson,0,0,0.0,0,0,0,0,0,1,0.0,0.0,0.0%,LB,2020
135,136,Ben Burr-Kirven,0,0,0.0,0,0,0,0,0,1,0.0,0.0,0.0%,LB,2020
136,137,Austin Cutting,0,0,0.0,0,0,0,0,0,1,0.0,0.0,0.0%,LB,2020
137,138,Robert Spillane,0,0,0.0,0,0,0,0,0,1,0.0,0.0,33.7%,LB,2020
138,139,Justin Hollins,0,0,0.0,0,0,0,0,0,1,0.0,0.0,0.0%,LB,2020
139,140,Ty Summers,0,0,0.0,0,0,0,0,0,1,0.0,0.0,0.0%,LB,2020
140,141,Otaro Alaka,0,0,0.0,0,0,0,0,0,1,0.0,0.0,0.0%,LB,2020
141,142,Dakota Allen,0,0,0.0,0,0,0,0,0,1,0.0,0.0,0.0%,LB,2020
142,143,Cody Barton,0,0,0.0,0,0,0,0,0,1,0.0,0.0,12.0%,LB,2020
143,144,Natrez Patrick,0,0,0.0,0,0,0,0,0,1,0.0,0.0,0.0%,LB,2020
144,145,Emeke Egbule,0,0,0.0,0,0,0,0,0,1,0.0,0.0,0.0%,LB,2020
145,146,Davion Taylor,0,0,0.0,0,0,0,0,0,1,0.0,0.0,0.0%,LB,2020
146,147,Derrek Tuszka,0,0,0.0,0,0,0,0,0,1,0.0,0.0,0.0%,LB,2020
147,148,Asmar Bilal,0,0,0.0,0,0,0,0,0,1,0.0,0.0,0.0%,LB,2020
148,149,Blake Ferguson,0,0,0.0,0,0,0,0,0,1,0.0,0.0,0.0%,LB,2020
149,150,Javin White,0,0,0.0,0,0,0,0,0,1,0.0,0.0,0.0%,LB,2020
150,151,Ross Matiscik,0,0,0.0,0,0,0,0,0,1,0.0,0.0,0.0%,LB,2020
151,152,Cassh Maluia,0,0,0.0,0,0,0,0,0,1,0.0,0.0,0.6%,LB,2020
152,153,Jordan Glasgow,0,0,0.0,0,0,0,0,0,1,0.0,0.0,0.0%,LB,2020
153,154,Sam Franklin,0,0,0.0,0,0,0,0,0,1,0.0,0.0,0.4%,LB,2020
154,155,Alex Highsmith,0,0,0.0,0,0,0,0,0,1,0.0,0.0,25.4%,LB,2020
155,156,Jordyn Brooks,0,0,0.0,0,0,0,0,0,1,0.0,0.0,25.9%,LB,2020
156,157,Shaquille Quarterman,0,0,0.0,0,0,0,0,0,1,0.0,0.0,0.0%,LB,2020
157,158,Cam Brown,0,0,0.0,0,0,0,0,0,1,0.0,0.0,0.0%,LB,2020
158,159,D.J. Wonnum,1,0,0.0,0,0,0,0,0,1,0.0,0.0,13.9%,LB,2020
159,160,Anfernee Jennings,0,0,0.0,0,0,0,0,0,1,0.0,0.0,4.9%,LB,2020
160,161,Troy Dye,0,0,0.0,0,0,0,0,0,1,0.0,0.0,0.2%,LB,2020
161,162,Isaiah Simmons,0,0,0.0,0,0,0,0,0,1,0.0,0.0,6.2%,LB,2020
162,163,K'Lavon Chaisson,1,1,1.0,0,0,0,0,0,1,0.0,0.0,1.3%,LB,2020
163,164,Zack Baun,0,0,0.0,0,0,0,0,0,1,0.0,0.0,0.9%,LB,2020
164,165,Akeem Davis-Gaither,0,0,0.0,0,0,0,0,0,1,0.0,0.0,2.2%,LB,2020
165,166,Tae Crowder,0,0,0.0,0,0,0,0,0,1,0.0,0.0,0.0%,LB,2020
166,167,Logan Wilson,0,0,0.0,0,0,0,0,0,1,0.0,0.0,63.1%,LB,2020
167,168,Casey Toohill,0,0,0.0,0,0,0,0,0,1,0.0,0.0,0.7%,LB,2020
168,169,Shaun Bradley,0,0,0.0,0,0,0,0,0,1,0.0,0.0,0.0%,LB,2020
169,170,Jonathan Garvin,0,0,0.0,0,0,0,0,0,1,0.0,0.0,0.0%,LB,2020
170,171,Khaleke Hudson,0,0,0.0,0,0,0,0,0,1,0.0,0.0,2.6%,LB,2020
171,172,Julian Stanford,0,0,0.0,0,0,0,0,0,1,0.0,0.0,0.0%,LB,2020
172,173,Craig Robertson,0,0,0.0,0,0,0,0,0,1,0.0,0.0,0.0%,LB,2020
173,174,Steven Means,2,1,0.0,0,0,0,0,0,1,0.0,0.0,0.0%,LB,2020
174,175,Kevin Minter,0,0,0.0,0,0,0,0,0,1,0.0,0.0,0.0%,LB,2020
175,176,Nick Bellore,0,0,0.0,0,0,0,0,0,1,0.0,0.0,7.0%,LB,2020
176,177,Bruce Irvin,2,0,0.0,0,0,0,0,0,1,0.0,0.0,0.2%,LB,2020
177,178,Melvin Ingram,0,0,0.0,1,0,0,0,0,1,0.0,0.0,0.0%,LB,2020
178,179,Whitney Mercilus,0,0,0.0,0,0,0,0,0,1,0.0,0.0,0.2%,LB,2020
179,180,Deon Lacey,0,0,0.0,0,0,0,0,0,1,0.0,0.0,0.0%,LB,2020
180,181,Jadeveon Clowney,2,0,0.0,0,0,0,0,0,1,0.0,0.0,22.5%,LB,2020
181,182,Anthony Barr,0,0,0.0,0,0,0,0,0,1,0.0,0.0,0.0%,LB,2020
182,183,Benson Mayowa,2,0,0.0,0,0,0,0,0,1,0.0,0.0,0.0%,LB,2020
183,184,Cassius Marsh,2,1,0.0,0,0,0,0,0,1,0.0,0.0,1.0%,LB,2020
184,185,Justin Houston,1,1,0.5,0,0,0,0,0,1,0.0,0.0,0.0%,LB,2020
185,186,Brandon Williams,0,0,0.0,0,0,0,0,0,1,0.0,0.0,0.0%,LB,2020
186,187,Jason Pierre-Paul,3,1,1.0,0,0,0,1,0,1,0.0,0.0,0.0%,LB,2020
187,188,Dylan Cole,0,0,0.0,0,0,0,0,0,1,0.0,0.0,0.0%,LB,2020
188,189,Tanoh Kpassagnon,3,1,0.0,1,0,0,0,0,1,0.0,0.0,0.0%,LB,2020
189,190,Dawuane Smoot,1,0,0.0,0,0,0,0,0,1,0.0,0.0,0.4%,LB,2020
190,191,Ryan Anderson,0,0,0.0,0,0,0,0,0,1,0.0,0.0,0.0%,LB,2020
191,192,Jalen Reeves-Maybin,0,0,0.0,0,0,0,0,0,1,0.0,0.0,1.3%,LB,2020
192,193,Ifeadi Odenigbo,2,2,0.0,0,0,0,0,0,1,0.0,0.0,4.0%,LB,2020
193,194,Tanner Vallejo,0,0,0.0,0,0,0,0,0,1,0.0,0.0,0.0%,LB,2020
194,195,Raekwon McMillan,0,0,0.0,0,0,0,0,0,1,0.0,0.0,0.4%,LB,2020
195,196,Austin Calitro,0,0,0.0,0,0,0,0,0,1,0.0,0.0,0.0%,LB,2020
196,197,Harvey Langi,0,0,0.0,0,0,0,0,0,1,0.0,0.0,0.0%,LB,2020
197,198,Jordan Evans,0,0,0.0,0,0,0,0,0,1,0.0,0.0,0.0%,LB,2020
198,199,Thomas Hennessy,0,0,0.0,0,0,0,0,0,1,0.0,0.0,0.0%,LB,2020
199,200,Elijah Lee,0,0,0.0,0,0,0,0,0,1,0.0,0.0,0.0%,LB,2020
200,201,Duke Riley,0,0,0.0,0,0,0,0,0,1,0.0,0.0,4.0%,LB,2020
201,202,Samson Ebukam,0,0,0.0,0,0,0,0,0,1,0.0,0.0,8.7%,LB,2020
202,203,Reid Ferguson,0,0,0.0,0,0,0,0,0,1,0.0,0.0,0.0%,LB,2020
203,204,Zach Triner,0,0,0.0,0,0,0,0,0,1,0.0,0.0,0.0%,LB,2020
204,205,Haason Reddick,2,0,1.0,0,0,0,0,0,1,0.0,0.0,17.6%,LB,2020
205,206,Luke Rhodes,0,0,0.0,0,0,0,0,0,1,0.0,0.0,0.0%,LB,2020
206,207,Kameron Canaday,0,0,0.0,0,0,0,0,0,1,0.0,0.0,0.0%,LB,2020
207,208,Montrel Meander,0,0,0.0,0,0,0,0,0,1,0.0,0.0,0.0%,LB,2020
208,209,Trent Sieg,0,0,0.0,0,0,0,0,0,1,0.0,0.0,0.0%,LB,2020
209,210,Chris Board,0,0,0.0,0,0,0,0,0,1,0.0,0.0,1.5%,LB,2020
210,211,Hunter Bradley,0,0,0.0,0,0,0,0,0,1,0.0,0.0,0.0%,LB,2020
211,212,Matthew Adams,0,0,0.0,0,0,0,0,0,1,0.0,0.0,0.2%,LB,2020
212,213,Zaire Franklin,0,0,0.0,0,0,0,0,0,1,0.0,0.0,92.0%,LB,2020
213,214,Kylie Fitts,0,0,0.0,0,0,0,0,0,1,0.0,0.0,0.0%,LB,2020
214,215,Joel Iyiegbuniwe,0,0,0.0,0,0,0,0,0,1,0.0,0.0,0.0%,LB,2020
215,216,Oren Burks,0,0,0.0,0,0,0,0,0,1,0.0,0.0,3.8%,LB,2020
216,217,Devante Downs,0,0,0.0,0,0,0,0,0,1,0.0,0.0,0.0%,LB,2020
217,218,Jack Cichy,0,0,0.0,0,0,0,0,0,1,0.0,0.0,0.0%,LB,2020
218,219,Jermaine Carter,0,0,0.0,0,0,0,0,0,1,0.0,0.0,0.0%,LB,2020
219,220,Andre Smith,0,0,0.0,0,0,0,0,0,1,0.0,0.0,0.2%,LB,2020
220,221,Marcell Harris,1,0,0.0,0,0,0,0,0,1,0.0,0.0,0.0%,LB,2020
221,222,Genard Avery,0,0,0.0,0,0,0,0,0,1,0.0,0.0,0.0%,LB,2020
222,223,Dennis Gardeck,0,0,0.0,0,0,0,0,0,1,0.0,0.0,3.6%,LB,2020
223,224,Ezekiel Turner,0,0,0.0,0,0,0,0,0,1,0.0,0.0,0.2%,LB,2020
224,225,Frankie Luvu,0,0,0.0,0,0,0,0,0,1,0.0,0.0,44.4%,LB,2020
225,226,Tae Davis,0,0,0.0,0,0,0,0,0,1,0.0,0.0,0.2%,LB,2020
226,227,Jacob Tuioti-Mariner,2,0,0.0,0,0,0,0,0,1,0.0,0.0,0.0%,LB,2020
227,228,Ola Adeniyi,0,0,0.0,0,0,0,0,0,1,0.0,0.0,0.0%,LB,2020
228,229,Joe Jones,0,0,0.0,0,0,0,0,0,1,0.0,0.0,0.0%,LB,2020
229,230,Uchenna Nwosu,0,0,0.0,0,0,0,0,0,1,0.0,0.0,17.7%,LB,2020
230,231,Jason Cabinda,0,0,0.0,0,0,0,0,0,1,0.0,0.0,0.0%,LB,2020
231,232,Dorian O'Daniel,0,0,0.0,0,0,0,0,0,1,0.0,0.0,0.0%,LB,2020
232,233,Marcus Allen,0,0,0.0,0,0,0,0,0,1,0.0,0.0,0.0%,LB,2020
233,234,Arden Key,0,0,0.0,0,0,0,0,0,1,0.0,0.0,2.4%,LB,2020
234,235,Jordan Thomas,0,0,0.0,0,0,0,0,0,1,0.0,0.0,0.0%,LB,2020
235,236,Mark Nzeocha,0,0,0.0,0,0,0,0,0,1,0.0,0.0,0.0%,LB,2020
236,237,Trey Flowers,0,0,0.0,0,0,0,0,0,1,0.0,0.0,0.2%,LB,2020
237,238,Nick Dzubnar,0,0,0.0,0,0,0,0,0,1,0.0,0.0,0.0%,LB,2020
238,239,Justin March-Lillard,0,0,0.0,0,0,0,0,0,1,0.0,0.0,0.0%,LB,2020
239,240,Frank Clark,1,1,0.0,0,0,0,0,0,1,0.0,0.0,0.0%,LB,2020
240,241,Will Compton,0,0,0.0,0,0,0,0,0,1,0.0,0.0,0.0%,LB,2020
241,242,Landon Collins,5,0,1.0,1,1,0,0,0,1,0.0,0.0,0.0%,LB,2020
242,243,Tyler Matakevich,0,0,0.0,0,0,0,0,0,1,0.0,0.0,0.0%,LB,2020
243,244,Nick Vigil,0,0,0.0,0,0,0,0,0,1,0.0,0.0,0.0%,LB,2020
244,245,Kamalei Correa,0,0,0.0,0,0,0,0,0,1,0.0,0.0,0.0%,LB,2020
245,246,Carl Nassib,2,1,0.0,0,0,0,0,0,1,0.0,0.0,0.0%,LB,2020
246,247,Joey Bosa,2,2,1.0,0,0,0,0,0,1,0.0,0.0,16.7%,LB,2020
247,248,Tyler Ott,0,0,0.0,0,0,0,0,0,1,0.0,0.0,0.0%,LB,2020
248,249,Nick Sundberg,0,0,0.0,0,0,0,0,0,1,0.0,0.0,0.0%,LB,2020
249,250,Patrick Scales,0,0,0.0,0,0,0,0,0,1,0.0,0.0,0.0%,LB,2020
250,251,Don Muhlbach,0,0,0.0,0,0,0,0,0,1,0.0,0.0,0.0%,LB,2020
251,252,Rick Lovato,0,0,0.0,0,0,0,0,0,1,0.0,0.0,0.0%,LB,2020
252,253,Josh Harris,0,0,0.0,0,0,0,0,0,1,0.0,0.0,0.0%,LB,2020
253,254,JJ Jansen,0,0,0.0,0,0,0,0,0,1,0.0,0.0,0.0%,LB,2020
254,255,Jake McQuaide,0,0,0.0,0,0,0,0,0,1,0.0,0.0,0.0%,LB,2020
255,256,Devante Bond,0,0,0.0,0,0,0,0,0,1,0.0,0.0,0.0%,LB,2020
256,257,Jared Norris,0,0,0.0,0,0,0,0,0,1,0.0,0.0,0.0%,LB,2020
257,258,Jihad Ward,0,2,0.0,0,0,0,0,0,1,0.0,0.0,0.2%,LB,2020
258,259,L.P. LaDouceur,0,0,0.0,0,0,0,0,0,1,0.0,0.0,0.0%,LB,2020
259,260,Tyrell Adams,0,0,0.0,0,0,0,0,0,1,0.0,0.0,0.0%,LB,2020
260,261,Alex Singleton,0,0,0.0,0,0,0,0,0,1,0.0,0.0,61.3%,LB,2020
261,262,Casey Kreiter,0,0,0.0,0,0,0,0,0,1,0.0,0.0,0.0%,LB,2020
262,263,Joe Cardona,0,0,0.0,0,0,0,0,0,1,0.0,0.0,0.0%,LB,2020
263,264,Charley Hughlett,0,0,0.0,0,0,0,0,0,1,0.0,0.0,0.0%,LB,2020
264,265,Morgan Cox,0,0,0.0,0,0,0,0,0,1,0.0,0.0,0.0%,LB,2020
265,266,Jon Weeks,0,0,0.0,0,0,0,0,0,1,0.0,0.0,0.0%,LB,2020
