,Rank,Player,Tackle,Assist,Sack,Pass Defended,Interception,Forced Fumble,Fumble Recovery,Defend Touchdown,Games Played,Fantasy Football Points,FTPS/Game,ROST,Position,Year
0,1,Robert Spillane,10,1,0.0,2,1,0,1,1,1,36.3,36.3,33.7%,LB,2020
1,2,Bobby Wagner,6,5,2.0,0,0,0,0,0,1,28.3,28.3,72.4%,LB,2020
2,3,T.J. Edwards,6,6,1.0,0,0,1,0,0,1,24.0,24.0,78.9%,LB,2020
3,4,Shaquille Leonard,7,2,1.0,0,0,1,0,0,1,22.5,22.5,21.8%,LB,2020
4,5,Roquan Smith,9,2,0.0,1,0,0,0,0,1,21.5,21.5,90.7%,LB,2020
5,6,Jamie Collins,7,4,0.0,0,0,0,0,0,1,18.5,18.5,0.0%,LB,2020
6,7,Blake Martinez,6,3,0.0,0,0,1,0,0,1,17.8,17.8,0.0%,LB,2020
7,8,Kyle Van,5,4,0.0,2,0,0,1,0,1,17.5,17.5,8.2%,LB,2020
8,9,Deion Jones,5,1,1.0,0,0,0,0,0,1,17.3,17.3,2.7%,LB,2020
9,10,Khalil Mack,2,3,1.0,0,0,1,0,0,1,15.8,15.8,52.8%,LB,2020
10,11,Jerome Baker,5,7,0.0,2,0,0,0,0,1,15.8,15.8,14.7%,LB,2020
11,12,Devin White,5,2,1.0,0,0,0,0,0,1,15.5,15.5,22.7%,LB,2020
12,13,Alexander Johnson,5,5,0.0,1,0,0,0,0,1,15.3,15.3,1.0%,LB,2020
13,14,Eric Kendricks,8,4,0.0,0,0,0,0,0,1,15.0,15.0,32.1%,LB,2020
14,15,Bobby Okereke,6,1,0.0,0,0,0,0,0,1,14.8,14.8,79.4%,LB,2020
15,16,Jayon Brown,7,5,0.0,0,0,0,0,0,1,14.3,14.3,2.0%,LB,2020
16,17,Bud Dupree,4,0,1.0,0,0,1,0,0,1,14.0,14.0,1.3%,LB,2020
17,18,Danny Trevathan,6,3,0.0,0,0,0,0,0,1,13.8,13.8,0.0%,LB,2020
18,19,Ja'Whaun Bentley,4,1,1.0,0,0,0,0,0,1,13.3,13.3,15.7%,LB,2020
19,20,Andrew Van,0,2,0.0,1,0,0,1,1,1,13.0,13.0,11.2%,LB,2020
20,21,Josey Jewell,6,4,0.0,0,0,0,0,0,1,12.0,12.0,30.2%,LB,2020
21,22,Elandon Roberts,4,1,0.0,0,0,0,0,0,1,11.8,11.8,15.3%,LB,2020
22,23,Dre Greenlaw,7,1,0.0,0,0,0,0,0,1,11.3,11.3,37.9%,LB,2020
23,24,Nick Kwiatkoski,4,1,0.0,0,0,1,0,0,1,10.8,10.8,0.0%,LB,2020
24,25,Porter Gustin,3,5,0.0,0,0,0,0,0,1,10.8,10.8,0.0%,LB,2020
25,26,Avery Williamson,5,4,0.0,0,0,0,0,0,1,10.5,10.5,0.0%,LB,2020
26,27,Leighton Vander,1,1,1.0,0,0,1,0,0,1,10.3,10.3,2.2%,LB,2020
27,28,Malik Reed,2,1,1.0,0,0,0,0,0,1,10.3,10.3,0.0%,LB,2020
28,29,Bradley Chubb,4,0,1.0,0,0,0,0,0,1,10.0,10.0,18.2%,LB,2020
29,30,T.J. Watt,3,2,1.0,0,0,0,0,0,1,10.0,10.0,78.9%,LB,2020
30,31,Damien Wilson,6,1,0.0,0,0,0,0,0,1,9.8,9.8,0.0%,LB,2020
31,32,Nicholas Morrow,2,0,0.0,0,0,0,1,0,1,9.5,9.5,4.9%,LB,2020
32,33,Marquis Haynes,2,0,1.0,0,0,0,0,0,1,9.5,9.5,0.6%,LB,2020
33,34,Vince Williams,2,3,0.0,0,0,0,1,0,1,9.3,9.3,0.1%,LB,2020
34,35,Za'Darius Smith,3,3,0.0,0,0,0,0,0,1,9.3,9.3,5.4%,LB,2020
35,36,Neville Hewitt,4,4,0.0,0,0,0,0,0,1,9.0,9.0,0.0%,LB,2020
36,37,Jaylon Smith,5,2,0.0,0,0,0,0,0,1,9.0,9.0,0.2%,LB,2020
37,38,Logan Wilson,1,1,1.0,0,0,0,0,0,1,8.8,8.8,63.1%,LB,2020
38,39,Eric Wilson,2,2,0.0,0,0,0,1,0,1,8.5,8.5,0.5%,LB,2020
39,40,Alex Singleton,4,3,0.0,0,0,0,0,0,1,8.3,8.3,61.3%,LB,2020
40,41,John Simon,4,1,0.0,1,0,0,0,0,1,8.3,8.3,0.0%,LB,2020
41,42,Shaq Thompson,3,3,0.0,1,0,0,0,0,1,8.3,8.3,14.8%,LB,2020
42,43,K.J. Wright,3,3,0.0,1,0,0,0,0,1,8.3,8.3,0.0%,LB,2020
43,44,Tremaine Edmunds,5,1,0.0,0,0,0,0,0,1,8.3,8.3,33.7%,LB,2020
44,45,Alex Highsmith,0,2,0.0,1,1,0,0,0,1,8.0,8.0,25.4%,LB,2020
45,46,Carter Coughlin,1,0,1.0,0,0,0,0,0,1,8.0,8.0,0.0%,LB,2020
46,47,Fred Warner,3,1,0.0,0,0,0,0,0,1,7.8,7.8,90.4%,LB,2020
47,48,Barkevious Mingo,5,0,0.0,0,0,0,0,0,1,7.5,7.5,6.0%,LB,2020
48,49,B.J. Goodson,4,2,0.0,0,0,0,0,0,1,7.5,7.5,0.1%,LB,2020
49,50,Mack Wilson,4,2,0.0,0,0,0,0,0,1,7.5,7.5,4.9%,LB,2020
50,51,Lavonte David,3,2,0.0,1,0,0,0,0,1,7.5,7.5,52.4%,LB,2020
51,52,Rashaan Evans,3,4,0.0,0,0,0,0,0,1,7.5,7.5,0.2%,LB,2020
52,53,Harold Landry,3,2,0.0,1,0,0,0,0,1,7.5,7.5,24.1%,LB,2020
53,54,Kyzir White,3,2,0.0,1,0,0,0,0,1,7.5,7.5,22.3%,LB,2020
54,55,Tahir Whitehead,3,3,0.0,0,0,0,0,0,1,6.8,6.8,0.0%,LB,2020
55,56,Foyesade Oluokun,4,1,0.0,0,0,0,0,0,1,6.8,6.8,93.9%,LB,2020
56,57,Kenny Young,3,1,0.0,1,0,0,0,0,1,6.8,6.8,0.0%,LB,2020
57,58,Sam Franklin,3,1,0.0,1,0,0,0,0,1,6.8,6.8,0.4%,LB,2020
58,59,Duke Riley,2,4,0.0,0,0,0,0,0,1,6.0,6.0,4.0%,LB,2020
59,60,Cory Littleton,3,2,0.0,0,0,0,0,0,1,6.0,6.0,0.0%,LB,2020
60,61,Demario Davis,4,0,0.0,0,0,0,0,0,1,6.0,6.0,22.3%,LB,2020
61,62,Malcolm Smith,2,4,0.0,0,0,0,0,0,1,6.0,6.0,0.0%,LB,2020
62,63,Micah Kiser,1,5,0.0,0,0,0,0,0,1,5.3,5.3,0.0%,LB,2020
63,64,Kenneth Murray,3,1,0.0,0,0,0,0,0,1,5.3,5.3,15.3%,LB,2020
64,65,Patrick Queen,3,1,0.0,0,0,0,0,0,1,5.3,5.3,43.7%,LB,2020
65,66,Shaquil Barrett,2,1,0.0,1,0,0,0,0,1,5.3,5.3,8.4%,LB,2020
66,67,Josh Bynes,2,3,0.0,0,0,0,0,0,1,5.3,5.3,0.0%,LB,2020
67,68,Germaine Pratt,2,3,0.0,0,0,0,0,0,1,5.3,5.3,17.3%,LB,2020
68,69,Alex Anzalone,2,2,0.0,0,0,0,0,0,1,4.5,4.5,31.6%,LB,2020
69,70,Preston Smith,3,0,0.0,0,0,0,0,0,1,4.5,4.5,11.1%,LB,2020
70,71,Christian Jones,2,2,0.0,0,0,0,0,0,1,4.5,4.5,0.0%,LB,2020
71,72,Nick Bellore,0,0,0.0,0,0,0,1,0,1,4.0,4.0,7.0%,LB,2020
72,73,Anthony Walker,1,0,0.0,0,0,0,0,0,1,4.0,4.0,4.0%,LB,2020
73,74,Leonard Floyd,0,0,0.0,0,0,0,1,0,1,4.0,4.0,5.4%,LB,2020
74,75,A.J. Klein,2,1,0.0,0,0,0,0,0,1,3.8,3.8,0.0%,LB,2020
75,76,Krys Barnes,1,3,0.0,0,0,0,0,0,1,3.8,3.8,8.8%,LB,2020
76,77,Jordyn Brooks,1,3,0.0,0,0,0,0,0,1,3.8,3.8,25.9%,LB,2020
77,78,Justin Hollins,1,2,0.0,0,0,0,0,0,1,3.0,3.0,0.0%,LB,2020
78,79,David Mayo,1,2,0.0,0,0,0,0,0,1,3.0,3.0,0.2%,LB,2020
79,80,Robert Quinn,2,0,0.0,0,0,0,0,0,1,3.0,3.0,1.2%,LB,2020
80,81,Kamal Martin,1,2,0.0,0,0,0,0,0,1,3.0,3.0,0.0%,LB,2020
81,82,Samson Ebukam,1,2,0.0,0,0,0,0,0,1,3.0,3.0,8.7%,LB,2020
82,83,Hercules Mata'afa,2,0,0.0,0,0,0,0,0,1,3.0,3.0,0.0%,LB,2020
83,84,Anthony Chickillo,2,0,0.0,0,0,0,0,0,1,3.0,3.0,0.0%,LB,2020
84,85,Andre Smith,2,0,0.0,0,0,0,0,0,1,3.0,3.0,0.2%,LB,2020
85,86,Malik Harrison,1,2,0.0,0,0,0,0,0,1,3.0,3.0,7.0%,LB,2020
86,87,Jahlani Tavai,0,4,0.0,0,0,0,0,0,1,3.0,3.0,6.3%,LB,2020
87,88,Jordan Willis,1,2,0.0,0,0,0,0,0,1,3.0,3.0,1.0%,LB,2020
88,89,Devante Downs,1,0,0.0,1,0,0,0,0,1,3.0,3.0,0.0%,LB,2020
89,90,Sione Takitaki,1,1,0.0,0,0,0,0,0,1,2.3,2.3,4.6%,LB,2020
90,91,Ben Niemann,1,1,0.0,0,0,0,0,0,1,2.3,2.3,0.4%,LB,2020
91,92,Tyus Bowser,0,1,0.0,1,0,0,0,0,1,2.3,2.3,0.7%,LB,2020
92,93,Kyler Fackrell,0,1,0.0,1,0,0,0,0,1,2.3,2.3,0.0%,LB,2020
93,94,Reggie Ragland,1,1,0.0,0,0,0,0,0,1,2.3,2.3,0.0%,LB,2020
94,95,Adarius Taylor,1,1,0.0,0,0,0,0,0,1,2.3,2.3,0.0%,LB,2020
95,96,Kamu Grugier-Hill,1,1,0.0,0,0,0,0,0,1,2.3,2.3,7.2%,LB,2020
96,97,Jarrad Davis,1,0,0.0,0,0,0,0,0,1,1.5,1.5,0.0%,LB,2020
97,98,Pernell McPhee,1,0,0.0,0,0,0,0,0,1,1.5,1.5,0.0%,LB,2020
98,99,Nick Vigil,1,0,0.0,0,0,0,0,0,1,1.5,1.5,0.0%,LB,2020
99,100,Azeez Al-Shaair,1,0,0.0,0,0,0,0,0,1,1.5,1.5,43.0%,LB,2020
100,101,L.J. Fort,1,0,0.0,0,0,0,0,0,1,1.5,1.5,0.0%,LB,2020
101,102,L.J. Collier,1,0,0.0,0,0,0,0,0,1,1.5,1.5,1.0%,LB,2020
102,103,Troy Dye,1,0,0.0,0,0,0,0,0,1,1.5,1.5,0.2%,LB,2020
103,104,Uchenna Nwosu,1,0,0.0,0,0,0,0,0,1,1.5,1.5,17.7%,LB,2020
104,105,Matt Milano,1,0,0.0,0,0,0,0,0,1,1.5,1.5,22.8%,LB,2020
105,106,Willie Gay,1,0,0.0,0,0,0,0,0,1,1.5,1.5,7.4%,LB,2020
106,107,Sean Lee,0,1,0.0,0,0,0,0,0,1,0.8,0.8,0.0%,LB,2020
107,108,James Vaughters,0,1,0.0,0,0,0,0,0,1,0.8,0.8,0.0%,LB,2020
108,109,Darryl Johnson,0,1,0.0,0,0,0,0,0,1,0.0,0.0,0.0%,LB,2020
109,110,E.J. Speed,0,0,0.0,0,0,0,0,0,1,0.0,0.0,39.8%,LB,2020
110,111,David Long,0,0,0.0,0,0,0,0,0,1,0.0,0.0,8.2%,LB,2020
111,112,Kaden Elliss,0,0,0.0,0,0,0,0,0,1,0.0,0.0,15.6%,LB,2020
112,113,Cole Mazza,0,0,0.0,0,0,0,0,0,1,0.0,0.0,0.0%,LB,2020
113,114,Cody Barton,0,0,0.0,0,0,0,0,0,1,0.0,0.0,12.0%,LB,2020
114,115,Ryan Connelly,0,0,0.0,0,0,0,0,0,1,0.0,0.0,0.0%,LB,2020
115,116,Anthony Nelson,0,0,0.0,0,0,0,0,0,1,0.0,0.0,0.4%,LB,2020
116,117,David Long,3,0,0.0,0,0,0,0,0,1,0.0,0.0,0.0%,LB,2020
117,118,Ty Summers,0,0,0.0,0,0,0,0,0,1,0.0,0.0,0.0%,LB,2020
118,119,Troy Reeder,0,0,0.0,0,0,0,0,0,1,0.0,0.0,1.6%,LB,2020
119,120,Demetrius Flannigan-Fowles,0,0,0.0,0,0,0,0,0,1,0.0,0.0,1.6%,LB,2020
120,121,Jacob Bobenmoyer,0,0,0.0,0,0,0,0,0,1,0.0,0.0,0.0%,LB,2020
121,122,Josh Woods,0,0,0.0,0,0,0,0,0,1,0.0,0.0,0.9%,LB,2020
122,123,Sam Eguavoen,0,0,0.0,0,0,0,0,0,1,0.0,0.0,0.0%,LB,2020
123,124,Rashan Gary,0,0,0.0,0,0,0,0,0,1,0.0,0.0,11.2%,LB,2020
124,125,Jachai Polite,0,0,0.0,0,0,0,0,0,1,0.0,0.0,0.0%,LB,2020
125,126,Brian Burns,4,1,0.0,0,0,0,0,0,1,0.0,0.0,41.3%,LB,2020
126,127,Emeke Egbule,0,0,0.0,0,0,0,0,0,1,0.0,0.0,0.0%,LB,2020
127,128,Jaylon Ferguson,2,0,1.0,0,0,0,0,0,1,0.0,0.0,0.0%,LB,2020
128,129,Ben Burr-Kirven,0,0,0.0,0,0,0,0,0,1,0.0,0.0,0.0%,LB,2020
129,130,Austin Cutting,0,0,0.0,0,0,0,0,0,1,0.0,0.0,0.0%,LB,2020
130,131,Natrez Patrick,0,0,0.0,0,0,0,0,0,1,0.0,0.0,0.0%,LB,2020
131,132,Cam Gill,0,0,0.0,0,0,0,0,0,1,0.0,0.0,0.0%,LB,2020
132,133,TJ Brunson,0,0,0.0,0,0,0,0,0,1,0.0,0.0,0.0%,LB,2020
133,134,Shaun Bradley,0,0,0.0,0,0,0,0,0,1,0.0,0.0,0.0%,LB,2020
134,135,Markus Bailey,0,0,0.0,0,0,0,0,0,1,0.0,0.0,0.0%,LB,2020
135,136,Mykal Walker,0,0,0.0,0,0,0,0,0,1,0.0,0.0,2.6%,LB,2020
136,137,Chapelle Russell,0,0,0.0,0,0,0,0,0,1,0.0,0.0,0.0%,LB,2020
137,138,Derrick Moncrief,0,0,0.0,0,0,0,0,0,1,0.0,0.0,0.0%,LB,2020
138,139,Francis Bernard,0,0,0.0,0,0,0,0,0,1,0.0,0.0,0.0%,LB,2020
139,140,Kristian Welch,0,0,0.0,0,0,0,0,0,1,0.0,0.0,0.0%,LB,2020
140,141,Davion Taylor,0,0,0.0,0,0,0,0,0,1,0.0,0.0,0.0%,LB,2020
141,142,Blake Ferguson,0,0,0.0,0,0,0,0,0,1,0.0,0.0,0.0%,LB,2020
142,143,Cassh Maluia,0,0,0.0,0,0,0,0,0,1,0.0,0.0,0.6%,LB,2020
143,144,Jordan Glasgow,0,0,0.0,0,0,0,0,0,1,0.0,0.0,0.0%,LB,2020
144,145,Terrell Lewis,0,0,0.0,0,0,0,0,0,1,0.0,0.0,3.0%,LB,2020
145,146,Zack Baun,0,0,0.0,0,0,0,0,0,1,0.0,0.0,0.9%,LB,2020
146,147,Joshua Uche,1,0,0.0,0,0,0,0,0,1,0.0,0.0,0.9%,LB,2020
147,148,Akeem Davis-Gaither,0,0,0.0,0,0,0,0,0,1,0.0,0.0,2.2%,LB,2020
148,149,Anfernee Jennings,0,0,0.0,0,0,0,0,0,1,0.0,0.0,4.9%,LB,2020
149,150,D.J. Wonnum,1,0,1.0,0,0,1,0,0,1,0.0,0.0,13.9%,LB,2020
150,151,Cam Brown,0,0,0.0,0,0,0,0,0,1,0.0,0.0,0.0%,LB,2020
151,152,Alton Robinson,2,1,1.0,0,0,0,0,0,1,0.0,0.0,0.0%,LB,2020
152,153,Jonathan Garvin,0,0,0.0,0,0,0,0,0,1,0.0,0.0,0.0%,LB,2020
153,154,Tae Davis,0,0,0.0,0,0,0,0,0,1,0.0,0.0,0.2%,LB,2020
154,155,Hardy Nickerson,0,0,0.0,0,0,0,0,0,1,0.0,0.0,0.0%,LB,2020
155,156,Julian Stanford,0,0,0.0,0,0,0,0,0,1,0.0,0.0,0.0%,LB,2020
156,157,Craig Robertson,0,0,0.0,0,0,0,0,0,1,0.0,0.0,0.0%,LB,2020
157,158,Steven Means,1,0,0.0,0,0,0,0,0,1,0.0,0.0,0.0%,LB,2020
158,159,Kevin Minter,0,0,0.0,0,0,0,0,0,1,0.0,0.0,0.0%,LB,2020
159,160,LaRoy Reynolds,0,0,0.0,0,0,0,0,0,1,0.0,0.0,0.0%,LB,2020
160,161,Kyle Wilber,0,0,0.0,0,0,0,0,0,1,0.0,0.0,0.0%,LB,2020
161,162,Melvin Ingram,0,1,0.0,0,0,0,0,0,1,0.0,0.0,0.0%,LB,2020
162,163,Jadeveon Clowney,1,0,0.0,0,0,0,0,0,1,0.0,0.0,22.5%,LB,2020
163,164,Jeremiah Attaochu,0,0,0.0,0,0,0,0,0,1,0.0,0.0,0.0%,LB,2020
164,165,Daren Bates,0,0,0.0,0,0,0,0,0,1,0.0,0.0,0.0%,LB,2020
165,166,Chris Smith,1,0,0.0,0,0,0,0,0,1,0.0,0.0,0.0%,LB,2020
166,167,Anthony Hitchens,0,0,0.0,0,0,0,0,0,1,0.0,0.0,1.0%,LB,2020
167,168,Justin Houston,1,0,0.0,0,0,0,1,0,1,0.0,0.0,0.0%,LB,2020
168,169,Jason Pierre-Paul,5,2,1.0,0,0,0,0,0,1,0.0,0.0,0.0%,LB,2020
169,170,Harvey Langi,0,0,0.0,0,0,0,0,0,1,0.0,0.0,0.0%,LB,2020
170,171,Jordan Evans,0,0,0.0,0,0,0,0,0,1,0.0,0.0,0.0%,LB,2020
171,172,Austin Calitro,0,0,0.0,0,0,0,0,0,1,0.0,0.0,0.0%,LB,2020
172,173,Tanoh Kpassagnon,1,2,0.0,0,0,0,0,0,1,0.0,0.0,0.0%,LB,2020
173,174,Zach Triner,0,0,0.0,0,0,0,0,0,1,0.0,0.0,0.0%,LB,2020
174,175,Taybor Pepper,0,0,0.0,0,0,0,0,0,1,0.0,0.0,0.0%,LB,2020
175,176,Raekwon McMillan,0,0,0.0,0,0,0,0,0,1,0.0,0.0,0.4%,LB,2020
176,177,Jalen Reeves-Maybin,0,0,0.0,0,0,0,0,0,1,0.0,0.0,1.3%,LB,2020
177,178,Calvin Munson,0,0,0.0,0,0,0,0,0,1,0.0,0.0,0.0%,LB,2020
178,179,Tashawn Bower,2,0,0.0,0,0,0,0,0,1,0.0,0.0,0.0%,LB,2020
179,180,Ifeadi Odenigbo,0,4,0.0,0,0,0,0,0,1,0.0,0.0,4.0%,LB,2020
180,181,Reid Ferguson,0,0,0.0,0,0,0,0,0,1,0.0,0.0,0.0%,LB,2020
181,182,Kameron Canaday,0,0,0.0,0,0,0,0,0,1,0.0,0.0,0.0%,LB,2020
182,183,Luke Rhodes,0,0,0.0,0,0,0,0,0,1,0.0,0.0,0.0%,LB,2020
183,184,Thomas Hennessy,0,0,0.0,0,0,0,0,0,1,0.0,0.0,0.0%,LB,2020
184,185,Jermaine Carter,0,0,0.0,0,0,0,0,0,1,0.0,0.0,0.0%,LB,2020
185,186,Marcell Harris,1,4,0.0,1,0,0,0,0,1,0.0,0.0,0.0%,LB,2020
186,187,Trent Harris,0,2,0.0,0,0,0,0,0,1,0.0,0.0,0.0%,LB,2020
187,188,Trent Sieg,0,0,0.0,0,0,0,0,0,1,0.0,0.0,0.0%,LB,2020
188,189,Chris Board,1,1,0.5,0,0,1,0,0,1,0.0,0.0,1.5%,LB,2020
189,190,Ola Adeniyi,0,0,0.0,0,0,0,0,0,1,0.0,0.0,0.0%,LB,2020
190,191,Oren Burks,0,0,0.0,0,0,0,0,0,1,0.0,0.0,3.8%,LB,2020
191,192,Zaire Franklin,0,0,0.0,0,0,0,0,0,1,0.0,0.0,92.0%,LB,2020
192,193,Joel Iyiegbuniwe,0,0,0.0,0,0,0,0,0,1,0.0,0.0,0.0%,LB,2020
193,194,Hunter Bradley,0,0,0.0,0,0,0,0,0,1,0.0,0.0,0.0%,LB,2020
194,195,Jacob Tuioti-Mariner,2,0,0.0,0,0,0,0,0,1,0.0,0.0,0.0%,LB,2020
195,196,Joe Jones,0,0,0.0,0,0,0,0,0,1,0.0,0.0,0.0%,LB,2020
196,197,Jason Cabinda,0,0,0.0,0,0,0,0,0,1,0.0,0.0,0.0%,LB,2020
197,198,Dorian O'Daniel,0,0,0.0,0,0,0,0,0,1,0.0,0.0,0.0%,LB,2020
198,199,Shaquem Griffin,0,0,0.0,0,0,0,0,0,1,0.0,0.0,0.1%,LB,2020
199,200,Marcus Davenport,2,2,0.5,0,0,0,0,0,1,0.0,0.0,2.1%,LB,2020
200,201,Malik Jefferson,0,0,0.0,0,0,0,0,0,1,0.0,0.0,0.0%,LB,2020
201,202,Marcus Allen,0,0,0.0,0,0,0,0,0,1,0.0,0.0,0.0%,LB,2020
202,203,Joe Walker,0,0,0.0,0,0,0,0,0,1,0.0,0.0,0.0%,LB,2020
203,204,Vic Beasley,0,0,0.0,0,0,0,0,0,1,0.0,0.0,0.0%,LB,2020
204,205,Denzel Perryman,0,0,0.0,0,0,0,0,0,1,0.0,0.0,11.8%,LB,2020
205,206,Trey Flowers,2,1,0.0,0,0,0,0,0,1,0.0,0.0,0.2%,LB,2020
206,207,Justin March-Lillard,0,0,0.0,0,0,0,0,0,1,0.0,0.0,0.0%,LB,2020
207,208,Frank Clark,2,2,0.0,0,0,0,0,0,1,0.0,0.0,0.0%,LB,2020
208,209,Edmond Robinson,0,0,0.0,0,0,0,0,0,1,0.0,0.0,0.0%,LB,2020
209,210,Bryce Hager,0,0,0.0,0,0,0,0,0,1,0.0,0.0,0.0%,LB,2020
210,211,Jayrone Elliott,0,0,0.0,0,0,0,0,0,1,0.0,0.0,0.0%,LB,2020
211,212,Joe Thomas,0,0,0.0,0,0,0,0,0,1,0.0,0.0,1.0%,LB,2020
212,213,Randy Gregory,4,0,0.0,0,0,0,0,0,1,0.0,0.0,2.2%,LB,2020
213,214,Nick Dzubnar,0,0,0.0,0,0,0,0,0,1,0.0,0.0,0.0%,LB,2020
214,215,Shilique Calhoun,0,0,0.0,0,0,0,0,0,1,0.0,0.0,0.0%,LB,2020
215,216,Jake McQuaide,0,0,0.0,0,0,0,0,0,1,0.0,0.0,0.0%,LB,2020
216,217,Joey Bosa,1,1,0.0,0,0,0,0,0,1,0.0,0.0,16.7%,LB,2020
217,218,Josh Harris,0,0,0.0,0,0,0,0,0,1,0.0,0.0,0.0%,LB,2020
218,219,Carl Nassib,1,1,0.0,0,0,0,0,0,1,0.0,0.0,0.0%,LB,2020
219,220,Jordan Jenkins,0,0,0.0,0,0,0,0,0,1,0.0,0.0,0.0%,LB,2020
220,221,JJ Jansen,0,0,0.0,0,0,0,0,0,1,0.0,0.0,0.0%,LB,2020
221,222,L.P. LaDouceur,0,0,0.0,0,0,0,0,0,1,0.0,0.0,0.0%,LB,2020
222,223,Tyler Ott,0,0,0.0,0,0,0,0,0,1,0.0,0.0,0.0%,LB,2020
223,224,Patrick Scales,0,0,0.0,0,0,0,0,0,1,0.0,0.0,0.0%,LB,2020
224,225,Don Muhlbach,0,0,0.0,0,0,0,0,0,1,0.0,0.0,0.0%,LB,2020
225,226,Rick Lovato,0,0,0.0,0,0,0,0,0,1,0.0,0.0,0.0%,LB,2020
226,227,Matthew Judon,0,0,0.0,0,0,0,0,0,1,0.0,0.0,16.8%,LB,2020
227,228,Tyler Matakevich,0,0,0.0,0,0,0,0,0,1,0.0,0.0,0.0%,LB,2020
228,229,James Burgess,0,0,0.0,0,0,0,0,0,1,0.0,0.0,0.0%,LB,2020
229,230,Morgan Cox,0,0,0.0,0,0,0,0,0,1,0.0,0.0,0.0%,LB,2020
230,231,Charley Hughlett,0,0,0.0,0,0,0,0,0,1,0.0,0.0,0.0%,LB,2020
231,232,Casey Kreiter,0,0,0.0,0,0,0,0,0,1,0.0,0.0,0.0%,LB,2020
232,233,Joe Cardona,0,0,0.0,0,0,0,0,0,1,0.0,0.0,0.0%,LB,2020
