,Rank,Player,Receiving Receptions,Receiving Target,Receiving Yards,Yards/Reception,Longest Reception,Receiving 20+,Receiving Touchdowns,Rushing Attempts,Rushing Yards,Rushing Touchdown,Fumbles,Games Played,Fantasy Football Points,FTPS/Game,ROST,Position,Year
0,1,Travis Kelce,8,12,109,13.6,25,2,1,0,0,0,0,1,16.9,16.9,99.9%,TE,2020
1,2,Jared Cook,5,7,51,10.2,16,0,1,0,0,0,0,1,11.1,11.1,0.0%,TE,2020
2,3,Eric Ebron,4,5,48,12.0,18,0,1,0,0,0,0,1,10.8,10.8,0.0%,TE,2020
3,4,Rob Gronkowski,4,4,41,10.3,18,0,1,0,0,0,0,1,10.1,10.1,1.5%,TE,2020
4,5,Robert Tonyan,5,7,79,15.8,45,1,0,0,0,0,0,1,7.9,7.9,0.1%,TE,2020
5,6,Jack Doyle,2,3,18,9.0,11,0,1,0,0,0,0,1,7.8,7.8,2.0%,TE,2020
6,7,Ross Dwelley,1,4,16,16.0,16,0,1,0,0,0,0,1,7.6,7.6,0.0%,TE,2020
7,8,Trey Burton,3,4,9,3.0,8,0,0,1,2,1,0,1,7.1,7.1,0.0%,TE,2020
8,9,Evan Engram,5,10,61,12.2,30,1,0,1,9,0,0,1,7.0,7.0,96.9%,TE,2020
9,10,Albert Okwuegbunam,1,1,9,9.0,9,0,1,0,0,0,0,1,6.9,6.9,0.1%,TE,2020
10,11,T.J. Hockenson,7,10,65,9.3,15,0,0,0,0,0,0,1,6.5,6.5,81.3%,TE,2020
11,12,Hayden Hurst,5,7,54,10.8,18,0,0,0,0,0,0,1,5.4,5.4,2.2%,TE,2020
12,13,Dalton Schultz,6,8,53,8.8,15,0,0,0,0,0,0,1,5.3,5.3,77.2%,TE,2020
13,14,Noah Fant,7,9,47,6.7,12,0,0,0,0,0,0,1,4.7,4.7,2.1%,TE,2020
14,15,Jace Sternberger,3,4,46,15.3,27,1,0,0,0,0,0,1,4.6,4.6,0.0%,TE,2020
15,16,George Kittle,2,4,39,19.5,25,1,0,0,0,0,0,1,3.9,3.9,97.3%,TE,2020
16,17,Mo Alie-Cox,3,4,37,12.3,15,0,0,0,0,0,0,1,3.7,3.7,0.1%,TE,2020
17,18,Anthony Firkser,2,3,36,18.0,26,1,0,0,0,0,0,1,3.6,3.6,0.0%,TE,2020
18,19,Cameron Brate,2,2,35,17.5,25,1,0,0,0,0,0,1,3.5,3.5,2.0%,TE,2020
19,20,Hunter Henry,4,4,33,8.3,13,0,0,0,0,0,0,1,3.3,3.3,15.2%,TE,2020
20,21,Mark Andrews,3,6,32,10.7,18,0,0,0,0,0,0,1,3.2,3.2,73.3%,TE,2020
21,22,Gerald Everett,5,9,32,6.4,11,0,0,0,0,0,0,1,3.2,3.2,23.5%,TE,2020
22,23,Jonnu Smith,2,2,29,14.5,19,0,0,0,0,0,0,1,2.9,2.9,8.1%,TE,2020
23,24,Ian Thomas,3,3,28,9.3,21,1,0,0,0,0,0,1,2.8,2.8,0.1%,TE,2020
24,25,Darren Waller,5,6,27,5.4,7,0,0,0,0,0,0,1,2.7,2.7,53.0%,TE,2020
25,26,Ryan Izzo,2,3,24,12.0,15,0,0,0,0,0,0,1,2.4,2.4,0.0%,TE,2020
26,27,Jesse James,1,1,23,23.0,23,1,0,0,0,0,0,1,2.3,2.3,0.0%,TE,2020
27,28,Jason Witten,2,2,21,10.5,13,0,0,0,0,0,0,1,2.1,2.1,0.0%,TE,2020
28,29,David Njoku,1,3,19,19.0,19,0,0,0,0,0,0,1,1.9,1.9,94.0%,TE,2020
29,30,Will Dissly,1,1,17,17.0,17,0,0,0,0,0,0,1,1.7,1.7,0.3%,TE,2020
30,31,Irv Smith,1,1,16,16.0,16,0,0,0,0,0,0,1,1.6,1.6,1.7%,TE,2020
31,32,Durham Smythe,2,2,16,8.0,8,0,0,0,0,0,0,1,1.6,1.6,0.7%,TE,2020
32,33,Dallas Goedert,1,1,15,15.0,15,0,0,0,0,0,0,1,1.5,1.5,89.7%,TE,2020
33,34,Tyler Higbee,2,4,14,7.0,13,0,0,0,0,0,0,1,1.4,1.4,19.7%,TE,2020
34,35,Jimmy Graham,2,7,13,6.5,11,0,0,0,0,0,0,1,1.3,1.3,0.0%,TE,2020
35,36,Kyle Rudolph,1,1,12,12.0,12,0,0,0,0,0,0,1,1.2,1.2,0.0%,TE,2020
36,37,Tyler Kroft,1,1,11,11.0,11,0,0,0,0,0,0,1,1.1,1.1,0.0%,TE,2020
37,38,Levine Toilolo,1,2,9,9.0,9,0,0,0,0,0,0,1,0.9,0.9,0.0%,TE,2020
38,39,Mike Gesicki,1,2,8,8.0,8,0,0,0,0,0,0,1,0.8,0.8,2.3%,TE,2020
39,40,Josh Hill,1,1,7,7.0,7,0,0,0,0,0,0,1,0.7,0.7,0.0%,TE,2020
40,41,Kaden Smith,1,2,6,6.0,6,0,0,0,0,0,0,1,0.6,0.6,0.0%,TE,2020
41,42,Chris Manhertz,1,1,6,6.0,6,0,0,0,0,0,0,1,0.6,0.6,0.0%,TE,2020
42,43,Jacob Hollister,1,2,6,6.0,6,0,0,0,0,0,0,1,0.6,0.6,0.0%,TE,2020
43,44,Harrison Bryant,3,3,25,8.3,10,0,0,0,0,0,1,1,0.5,0.5,0.1%,TE,2020
44,45,Deon Yelder,1,1,5,5.0,5,0,0,0,0,0,0,1,0.5,0.5,0.0%,TE,2020
45,46,Juwan Johnson,1,3,5,5.0,5,0,0,0,0,0,0,1,0.5,0.5,9.7%,TE,2020
46,47,Nick Keizer,1,2,5,5.0,5,0,0,0,0,0,0,1,0.5,0.5,0.0%,TE,2020
47,48,Cethan Carter,1,1,2,2.0,2,0,0,0,0,0,0,1,0.2,0.2,0.0%,TE,2020
48,49,Cole Kmet,1,1,2,2.0,2,0,0,0,0,0,0,1,0.2,0.2,71.6%,TE,2020
49,50,Colby Parkinson,0,0,0,0.0,0,0,0,0,0,0,0,1,0.0,0.0,0.6%,TE,2020
50,51,Adam Trautman,0,0,0,0.0,0,0,0,0,0,0,0,1,0.0,0.0,0.2%,TE,2020
51,52,Foster Moreau,0,1,0,0.0,0,0,0,0,0,0,0,1,0.0,0.0,0.1%,TE,2020
52,53,Drew Sample,0,1,0,0.0,0,0,0,0,0,0,0,1,0.0,0.0,0.1%,TE,2020
53,54,Trevon Wesco,0,0,0,0.0,0,0,0,0,0,0,0,1,0.0,0.0,0.0%,TE,2020
54,55,Isaac Nauta,0,0,0,0.0,0,0,0,0,0,0,0,1,0.0,0.0,0.0%,TE,2020
55,56,Stephen Carlson,0,0,0,0.0,0,0,0,0,0,0,0,1,0.0,0.0,0.1%,TE,2020
56,57,Donald Parham,0,0,0,0.0,0,0,0,0,0,0,0,1,0.0,0.0,1.1%,TE,2020
57,58,Stephen Sullivan,0,0,0,0.0,0,0,0,0,0,0,0,1,0.0,0.0,0.1%,TE,2020
58,59,Charlie Woerner,0,0,0,0.0,0,0,0,0,0,0,0,1,0.0,0.0,0.1%,TE,2020
59,60,Sean McKeon,0,0,0,0.0,0,0,0,0,0,0,0,1,0.0,0.0,0.0%,TE,2020
60,61,Derek Carrier,0,0,0,0.0,0,0,0,0,0,0,0,1,0.0,0.0,0.0%,TE,2020
61,62,Luke Stocker,0,0,0,0.0,0,0,0,0,0,0,0,1,0.0,0.0,0.0%,TE,2020
62,63,Lee Smith,0,0,0,0.0,0,0,0,0,0,0,0,1,0.0,0.0,0.0%,TE,2020
63,64,Richard Rodgers,0,0,0,0.0,0,0,0,0,0,0,0,1,0.0,0.0,0.0%,TE,2020
64,65,Vance McDonald,0,0,0,0.0,0,0,0,0,0,0,0,1,0.0,0.0,0.0%,TE,2020
65,66,Demetrius Harris,0,0,0,0.0,0,0,0,0,0,0,0,1,0.0,0.0,0.0%,TE,2020
66,67,Ryan Griffin,0,0,0,0.0,0,0,0,0,0,0,0,1,0.0,0.0,0.0%,TE,2020
67,68,Luke Willson,0,0,0,0.0,0,0,0,0,0,0,0,1,0.0,0.0,0.0%,TE,2020
68,69,Greg Olsen,0,4,0,0.0,0,0,0,0,0,0,0,1,0.0,0.0,7.0%,TE,2020
69,70,Clark Harris,0,0,0,0.0,0,0,0,0,0,0,0,1,0.0,0.0,0.0%,TE,2020
70,71,Marcedes Lewis,0,0,0,0.0,0,0,0,0,0,0,0,1,0.0,0.0,0.1%,TE,2020
71,72,Adam Shaheen,0,1,0,0.0,0,0,0,0,0,0,0,1,0.0,0.0,0.0%,TE,2020
72,73,Antony Auclair,0,0,0,0.0,0,0,0,0,0,0,0,1,0.0,0.0,0.0%,TE,2020
73,74,Mason Schreck,0,0,0,0.0,0,0,0,0,0,0,0,1,0.0,0.0,0.0%,TE,2020
74,75,Jason Croom,0,0,0,0.0,0,0,0,0,0,0,0,1,0.0,0.0,0.0%,TE,2020
75,76,Johnny Mundt,0,0,0,0.0,0,0,0,0,0,0,0,1,0.0,0.0,1.5%,TE,2020
76,77,Zach Wood,0,0,0,0.0,0,0,0,0,0,0,0,1,0.0,0.0,0.0%,TE,2020
77,78,J.P. Holtz,0,0,0,0.0,0,0,0,0,0,0,0,1,0.0,0.0,0.0%,TE,2020
78,79,Tyler Conklin,0,0,0,0.0,0,0,0,0,0,0,0,1,0.0,0.0,17.9%,TE,2020
79,80,Tanner Hudson,0,1,0,0.0,0,0,0,0,0,0,0,1,0.0,0.0,2.7%,TE,2020
80,81,Jaeden Graham,0,0,0,0.0,0,0,0,0,0,0,0,1,0.0,0.0,0.0%,TE,2020
81,82,Colin Thompson,0,1,0,0.0,0,0,0,0,0,0,0,1,0.0,0.0,0.0%,TE,2020
82,83,Taysom Hill,2,2,30,15.0,20,1,1,5,35,0,0,1,0.0,0.0,36.5%,TE,2020
83,84,Blake Bell,0,0,0,0.0,0,0,0,0,0,0,0,1,0.0,0.0,0.0%,TE,2020
84,85,MyCole Pruitt,0,1,0,0.0,0,0,0,0,0,0,0,1,0.0,0.0,0.0%,TE,2020
85,86,Nick Boyle,0,1,0,0.0,0,0,0,0,0,0,0,1,0.0,0.0,0.0%,TE,2020
86,87,Beau Brinkley,0,0,0,0.0,0,0,0,0,0,0,0,1,0.0,0.0,0.2%,TE,2020
87,88,James Winchester,0,0,0,0.0,0,0,0,0,0,0,0,1,0.0,0.0,0.0%,TE,2020
88,89,Tyler Ott,0,0,0,0.0,0,0,0,0,0,0,0,1,0.0,0.0,0.0%,TE,2020
89,90,Patrick Scales,0,0,0,0.0,0,0,0,0,0,0,0,1,0.0,0.0,0.0%,TE,2020
90,91,Nick Vannett,0,0,0,0.0,0,0,0,0,0,0,0,1,0.0,0.0,0.0%,TE,2020
91,92,Stephen Anderson,0,0,0,0.0,0,0,0,0,0,0,0,1,0.0,0.0,0.0%,TE,2020
92,93,Daniel Brown,0,0,0,0.0,0,0,0,0,0,0,0,1,0.0,0.0,0.0%,TE,2020
93,94,Chris Herndon,1,2,3,3.0,3,0,0,0,0,0,1,1,-1.7,-1.7,0.0%,TE,2020
