,Rank,Player,Receiving Receptions,Receiving Target,Receiving Yards,Yards/Reception,Longest Reception,Receiving 20+,Receiving Touchdowns,Rushing Attempts,Rushing Yards,Rushing Touchdown,Fumbles,Games Played,Fantasy Football Points,FTPS/Game,ROST,Position,Year
0,1,Davante Adams,14,17,156,11.1,40,2,2,0,0,0,0,1,27.6,27.6,99.9%,WR,2020
1,2,Adam Thielen,6,8,110,18.3,37,2,2,0,0,0,0,1,25.0,25.0,74.6%,WR,2020
2,3,Calvin Ridley,9,12,130,14.4,22,1,2,1,-1,0,0,1,24.9,24.9,95.2%,WR,2020
3,4,Darius Slayton,6,9,102,17.0,41,1,2,0,0,0,0,1,22.2,22.2,2.7%,WR,2020
4,5,Robbie Chosen,6,8,114,19.0,75,1,1,0,0,0,0,1,19.4,19.4,0.0%,WR,2020
5,6,JuJu Smith-Schuster,6,6,69,11.5,17,0,2,0,0,0,0,1,18.9,18.9,7.0%,WR,2020
6,7,Jamison Crowder,7,13,115,16.4,69,2,1,0,0,0,0,1,17.5,17.5,0.3%,WR,2020
7,8,Julio Jones,9,12,157,17.4,44,2,0,0,0,0,0,1,15.7,15.7,0.6%,WR,2020
8,9,Marquez Valdes-Scantling,4,6,96,24.0,45,2,1,0,0,0,0,1,15.6,15.6,1.3%,WR,2020
9,10,DK Metcalf,4,8,95,23.8,38,2,1,0,0,0,0,1,15.5,15.5,98.5%,WR,2020
10,11,DeAndre Hopkins,14,16,151,10.8,33,1,0,0,0,0,0,1,15.1,15.1,92.5%,WR,2020
11,12,Sammy Watkins,7,9,82,11.7,19,0,1,1,3,0,0,1,14.5,14.5,0.0%,WR,2020
12,13,Allen Lazard,4,4,63,15.8,38,1,1,1,19,0,0,1,14.2,14.2,4.8%,WR,2020
13,14,Anthony Miller,4,6,76,19.0,27,1,1,0,0,0,0,1,13.6,13.6,0.0%,WR,2020
14,15,John Brown,6,10,70,11.7,20,1,1,0,0,0,0,1,13.0,13.0,0.0%,WR,2020
15,16,Willie Snead,4,4,64,16.0,20,1,1,0,0,0,0,1,12.4,12.4,0.0%,WR,2020
16,17,Robert Woods,6,8,105,17.5,31,3,0,1,14,0,0,1,11.9,11.9,2.7%,WR,2020
17,18,Russell Gage,9,12,114,12.7,24,1,0,0,0,0,0,1,11.4,11.4,0.0%,WR,2020
18,19,William Fuller,8,10,112,14.0,31,2,0,0,0,0,0,1,11.2,11.2,0.0%,WR,2020
19,20,Keelan Cole,5,5,47,9.4,22,1,1,0,0,0,0,1,10.7,10.7,0.0%,WR,2020
20,21,Laviska Shenault,3,4,37,12.3,18,0,1,2,10,0,0,1,10.7,10.7,0.2%,WR,2020
21,22,Tyreek Hill,5,6,46,9.2,15,0,1,0,0,0,0,1,10.6,10.6,100.0%,WR,2020
22,23,Corey Davis,7,8,101,14.4,23,2,0,0,0,0,0,1,10.1,10.1,0.0%,WR,2020
23,24,Hollywood Brown,5,6,101,20.2,47,2,0,0,0,0,0,1,10.1,10.1,79.1%,WR,2020
24,25,James Washington,2,3,34,17.0,21,1,1,0,0,0,0,1,9.4,9.4,0.0%,WR,2020
25,26,Tyler Lockett,8,8,92,11.5,20,1,0,0,0,0,0,1,9.2,9.2,88.8%,WR,2020
26,27,Stefon Diggs,8,9,86,10.8,22,1,0,0,0,0,0,1,8.6,8.6,99.7%,WR,2020
27,28,DJ Chark,3,3,25,8.3,12,0,1,0,0,0,0,1,8.5,8.5,4.6%,WR,2020
28,29,Nelson Agholor,1,1,23,23.0,23,1,1,0,0,0,0,1,8.3,8.3,0.9%,WR,2020
29,30,Danny Amendola,5,7,81,16.2,32,1,0,0,0,0,0,1,8.1,8.1,0.0%,WR,2020
30,31,Amari Cooper,10,14,81,8.1,14,0,0,0,0,0,0,1,8.1,8.1,91.5%,WR,2020
31,32,Julian Edelman,5,7,57,11.4,16,0,0,1,23,0,0,1,8.0,8.0,12.1%,WR,2020
32,33,Parris Campbell,6,9,71,11.8,21,1,0,1,9,0,0,1,8.0,8.0,0.7%,WR,2020
33,34,Chris Godwin,6,7,79,13.2,29,2,0,0,0,0,0,1,7.9,7.9,90.4%,WR,2020
34,35,Scotty Miller,5,6,73,14.6,37,1,0,1,6,0,0,1,7.9,7.9,0.1%,WR,2020
35,36,Emmanuel Sanders,3,5,15,5.0,6,0,1,0,0,0,0,1,7.5,7.5,0.0%,WR,2020
36,37,Allen Robinson,5,9,74,14.8,22,2,0,1,-1,0,0,1,7.3,7.3,0.6%,WR,2020
37,38,Mike Williams,4,9,69,17.3,37,1,0,0,0,0,0,1,6.9,6.9,48.2%,WR,2020
38,39,Henry Ruggs,3,5,55,18.3,45,1,0,2,11,0,0,1,6.6,6.6,10.9%,WR,2020
39,40,Mike Evans,1,4,2,2.0,2,0,1,0,0,0,0,1,6.2,6.2,98.1%,WR,2020
40,41,Javon Wims,1,2,1,1.0,1,0,1,0,0,0,0,1,6.1,6.1,0.0%,WR,2020
41,42,Jarvis Landry,5,6,61,12.2,20,1,0,0,0,0,0,1,6.1,6.1,14.0%,WR,2020
42,43,Terry McLaurin,5,7,61,12.2,21,1,0,0,0,0,0,1,6.1,6.1,90.3%,WR,2020
43,44,CeeDee Lamb,5,6,59,11.8,33,1,0,0,0,0,0,1,5.9,5.9,100.0%,WR,2020
44,45,Cole Beasley,4,7,58,14.5,29,1,0,0,0,0,0,1,5.8,5.8,0.0%,WR,2020
45,46,Bisi Johnson,3,4,56,18.7,29,2,0,0,0,0,0,1,5.6,5.6,0.0%,WR,2020
46,47,Jerry Jeudy,4,8,56,14.0,25,2,0,0,0,0,0,1,5.6,5.6,62.5%,WR,2020
47,48,Jalen Reagor,1,4,55,55.0,55,1,0,0,0,0,0,1,5.5,5.5,0.1%,WR,2020
48,49,Marvin Jones,4,8,55,13.8,21,1,0,0,0,0,0,1,5.5,5.5,0.1%,WR,2020
49,50,DJ Moore,4,9,54,13.5,18,0,0,0,0,0,0,1,5.4,5.4,97.7%,WR,2020
50,51,T.Y. Hilton,4,9,53,13.3,20,1,0,0,0,0,0,1,5.3,5.3,3.0%,WR,2020
51,52,A.J. Green,5,9,51,10.2,14,0,0,0,0,0,0,1,5.1,5.1,0.6%,WR,2020
52,53,Steven Sims,3,3,50,16.7,19,0,0,0,0,0,0,1,5.0,5.0,0.0%,WR,2020
53,54,Michael Gallup,3,5,50,16.7,24,1,0,0,0,0,0,1,5.0,5.0,6.4%,WR,2020
54,55,DeVante Parker,4,4,47,11.8,18,0,0,0,0,0,0,1,4.7,4.7,1.7%,WR,2020
55,56,Sterling Shepard,6,6,47,7.8,14,0,0,0,0,0,0,1,4.7,4.7,0.1%,WR,2020
56,57,Chase Claypool,2,2,39,19.5,28,1,0,1,8,0,0,1,4.7,4.7,0.8%,WR,2020
57,58,Adam Humphries,6,7,47,7.8,10,0,0,0,0,0,0,1,4.7,4.7,0.0%,WR,2020
58,59,DeSean Jackson,2,7,46,23.0,27,1,0,0,0,0,0,1,4.6,4.6,0.6%,WR,2020
59,60,Quintez Cephus,3,10,43,14.3,20,1,0,0,0,0,0,1,4.3,4.3,0.0%,WR,2020
60,61,Curtis Samuel,5,8,38,7.6,19,0,0,1,5,0,0,1,4.3,4.3,49.2%,WR,2020
61,62,Preston Williams,2,7,41,20.5,21,2,0,0,0,0,0,1,4.1,4.1,0.0%,WR,2020
62,63,David Moore,3,3,28,9.3,18,0,0,1,12,0,0,1,4.0,4.0,0.1%,WR,2020
63,64,Cooper Kupp,4,5,40,10.0,15,0,0,0,0,0,0,1,4.0,4.0,97.9%,WR,2020
64,65,A.J. Brown,5,8,39,7.8,12,0,0,0,0,0,0,1,3.9,3.9,99.9%,WR,2020
65,66,Darnell Mooney,3,3,38,12.7,19,0,0,0,0,0,0,1,3.8,3.8,39.1%,WR,2020
66,67,Miles Boykin,3,4,37,12.3,25,1,0,0,0,0,0,1,3.7,3.7,0.0%,WR,2020
67,68,Keenan Allen,4,8,37,9.3,13,0,0,0,0,0,0,1,3.7,3.7,91.1%,WR,2020
68,69,Diontae Johnson,6,10,57,9.5,18,0,0,0,0,0,1,1,3.7,3.7,83.3%,WR,2020
69,70,Larry Fitzgerald,4,5,34,8.5,10,0,0,0,0,0,0,1,3.4,3.4,0.2%,WR,2020
70,71,Kendrick Bourne,2,5,34,17.0,18,0,0,0,0,0,0,1,3.4,3.4,4.5%,WR,2020
71,72,Tyler Boyd,4,5,33,8.3,11,0,0,0,0,0,0,1,3.3,3.3,28.0%,WR,2020
72,73,Greg Ward,5,7,31,6.2,11,0,0,0,0,0,0,1,3.1,3.1,0.0%,WR,2020
73,74,Van Jefferson,1,3,31,31.0,31,1,0,0,0,0,0,1,3.1,3.1,1.4%,WR,2020
74,75,Tim Patrick,4,5,29,7.3,15,0,0,0,0,0,0,1,2.9,2.9,0.6%,WR,2020
75,76,Justin Jefferson,2,3,26,13.0,17,0,0,0,0,0,0,1,2.6,2.6,100.0%,WR,2020
76,77,Deonte Harty,1,1,17,17.0,17,0,0,1,9,0,0,1,2.6,2.6,0.1%,WR,2020
77,78,Marvin Hall,1,2,26,26.0,26,1,0,0,0,0,0,1,2.6,2.6,0.0%,WR,2020
78,79,Jakeem Grant,3,3,25,8.3,14,0,0,0,0,0,0,1,2.5,2.5,0.0%,WR,2020
79,80,Randall Cobb,2,3,23,11.5,17,0,0,0,0,0,0,1,2.3,2.3,0.0%,WR,2020
80,81,Odell Beckham,3,10,22,7.3,16,0,0,0,0,0,0,1,2.2,2.2,33.2%,WR,2020
81,82,Dontrelle Inman,2,5,21,10.5,11,0,0,0,0,0,0,1,2.1,2.1,0.0%,WR,2020
82,83,Hunter Renfrow,2,2,21,10.5,11,0,0,0,0,0,0,1,2.1,2.1,0.7%,WR,2020
83,84,Demarcus Robinson,3,6,20,6.7,9,0,0,0,0,0,0,1,2.0,2.0,15.2%,WR,2020
84,85,Brandin Cooks,2,5,20,10.0,11,0,0,0,0,0,0,1,2.0,2.0,43.5%,WR,2020
85,86,N'Keal Harry,5,6,39,7.8,13,0,0,0,0,0,1,1,1.9,1.9,0.1%,WR,2020
86,87,DaeSean Hamilton,1,3,18,18.0,18,0,0,0,0,0,0,1,1.8,1.8,0.0%,WR,2020
87,88,Zach Pascal,2,3,18,9.0,12,0,0,0,0,0,0,1,1.8,1.8,0.1%,WR,2020
88,89,Isaiah McKenzie,3,3,17,5.7,10,0,0,0,0,0,0,1,1.7,1.7,0.2%,WR,2020
89,90,Freddie Swain,1,1,17,17.0,17,0,0,0,0,0,0,1,1.7,1.7,0.0%,WR,2020
90,91,Mike Thomas,2,3,17,8.5,12,0,0,0,0,0,0,1,1.7,1.7,0.0%,WR,2020
91,92,Michael Thomas,3,5,17,5.7,8,0,0,0,0,0,0,1,1.7,1.7,17.1%,WR,2020
92,93,C.J. Board,2,2,17,8.5,10,0,0,0,0,0,0,1,1.7,1.7,0.0%,WR,2020
93,94,Josh Reynolds,1,1,17,17.0,17,0,0,0,0,0,0,1,1.7,1.7,7.4%,WR,2020
94,95,Breshad Perriman,3,5,17,5.7,13,0,0,0,0,0,0,1,1.7,1.7,0.0%,WR,2020
95,96,John Ross,2,5,17,8.5,15,0,0,0,0,0,0,1,1.7,1.7,0.0%,WR,2020
96,97,Jalen Guyton,1,1,16,16.0,16,0,0,0,0,0,0,1,1.6,1.6,1.1%,WR,2020
97,98,Gabe Davis,2,2,16,8.0,13,0,0,0,0,0,0,1,1.6,1.6,54.0%,WR,2020
98,99,Collin Johnson,1,1,14,14.0,14,0,0,0,0,0,0,1,1.4,1.4,0.0%,WR,2020
99,100,Isaiah Ford,2,5,13,6.5,8,0,0,0,0,0,0,1,1.3,1.3,0.0%,WR,2020
100,101,Devin Duvernay,1,1,12,12.0,12,0,0,0,0,0,0,1,1.2,1.2,0.2%,WR,2020
101,102,KhaDarel Hodge,1,3,12,12.0,12,0,0,0,0,0,0,1,1.2,1.2,0.1%,WR,2020
102,103,Michael Pittman,2,2,10,5.0,5,0,0,0,0,0,0,1,1.0,1.0,97.2%,WR,2020
103,104,Rashard Higgins,1,1,9,9.0,9,0,0,0,0,0,0,1,0.9,0.9,0.0%,WR,2020
104,105,Bryan Edwards,1,1,9,9.0,9,0,0,0,0,0,0,1,0.9,0.9,0.0%,WR,2020
105,106,DeAndre Carter,1,2,8,8.0,8,0,0,0,0,0,0,1,0.8,0.8,0.0%,WR,2020
106,107,Trent Taylor,2,5,7,3.5,5,0,0,0,0,0,0,1,0.7,0.7,0.0%,WR,2020
107,108,Tyrie Cleveland,1,1,7,7.0,7,0,0,0,0,0,0,1,0.7,0.7,0.0%,WR,2020
108,109,Chris Conley,1,1,6,6.0,6,0,0,0,0,0,0,1,0.6,0.6,0.1%,WR,2020
109,110,Mecole Hardman,1,1,6,6.0,6,0,0,0,0,0,0,1,0.6,0.6,1.2%,WR,2020
110,111,Justin Watson,1,2,6,6.0,6,0,0,0,0,0,0,1,0.6,0.6,1.8%,WR,2020
111,112,Seth Roberts,1,2,5,5.0,5,0,0,0,0,0,0,1,0.5,0.5,0.0%,WR,2020
112,113,Tre'Quan Smith,1,1,4,4.0,4,0,0,0,0,0,0,1,0.4,0.4,0.0%,WR,2020
113,114,Tee Higgins,0,0,0,0.0,0,0,0,0,0,0,0,1,0.0,0.0,94.5%,WR,2020
114,115,KJ Hill,0,0,0,0.0,0,0,0,0,0,0,0,1,0.0,0.0,0.0%,WR,2020
115,116,K.J. Osborn,0,0,0,0.0,0,0,0,0,0,0,0,1,0.0,0.0,15.4%,WR,2020
116,117,Isaiah Wright,0,0,0,0.0,0,0,0,0,0,0,0,1,0.0,0.0,0.0%,WR,2020
117,118,Joe Reed,0,0,0,0.0,0,0,0,0,0,0,0,1,0.0,0.0,0.0%,WR,2020
118,119,James Proche,0,0,0,0.0,0,0,0,0,0,0,0,1,0.0,0.0,0.0%,WR,2020
119,120,Ashton Dulin,0,0,0,0.0,0,0,0,0,0,0,0,1,0.0,0.0,0.1%,WR,2020
120,121,Jakobi Meyers,0,0,0,0.0,0,0,0,0,0,0,0,1,0.0,0.0,75.0%,WR,2020
121,122,Quinton Bell,0,0,0,0.0,0,0,0,0,0,0,0,1,0.0,0.0,0.0%,WR,2020
122,123,Nsimba Webster,0,0,0,0.0,0,0,0,0,0,0,0,1,0.0,0.0,0.0%,WR,2020
123,124,Olamide Zaccheaus,0,0,0,0.0,0,0,0,0,0,0,0,1,0.0,0.0,0.1%,WR,2020
124,125,Malik Taylor,0,0,0,0.0,0,0,0,0,0,0,0,1,0.0,0.0,0.0%,WR,2020
125,126,Penny Hart,0,0,0,0.0,0,0,0,0,0,0,0,1,0.0,0.0,0.0%,WR,2020
126,127,Dan Chisena,0,0,0,0.0,0,0,0,0,0,0,0,1,0.0,0.0,0.0%,WR,2020
127,128,Andy Isabella,0,0,0,0.0,0,0,0,0,0,0,0,1,0.0,0.0,0.0%,WR,2020
128,129,Kenny Stills,0,2,0,0.0,0,0,0,0,0,0,0,1,0.0,0.0,0.0%,WR,2020
129,130,Chris Hogan,1,4,0,0.0,0,0,0,0,0,0,0,1,0.0,0.0,0.0%,WR,2020
130,131,Bennie Fowler,0,0,0,0.0,0,0,0,0,0,0,0,1,0.0,0.0,0.0%,WR,2020
131,132,Matthew Slater,0,0,0,0.0,0,0,0,0,0,0,0,1,0.0,0.0,0.0%,WR,2020
132,133,Ted Ginn,0,1,0,0.0,0,0,0,0,0,0,0,1,0.0,0.0,0.0%,WR,2020
133,134,Andre Roberts,0,0,0,0.0,0,0,0,0,0,0,0,1,0.0,0.0,0.0%,WR,2020
134,135,Justin Hardee,0,0,0,0.0,0,0,0,0,0,0,0,1,0.0,0.0,0.0%,WR,2020
135,136,Marcus Kemp,0,0,0,0.0,0,0,0,0,0,0,0,1,0.0,0.0,0.0%,WR,2020
136,137,JoJo Natson,0,0,0,0.0,0,0,0,0,0,0,0,1,0.0,0.0,0.0%,WR,2020
137,138,Brandon Zylstra,0,0,0,0.0,0,0,0,0,0,0,0,1,0.0,0.0,0.0%,WR,2020
138,139,Zay Jones,0,0,0,0.0,0,0,0,0,0,0,0,1,0.0,0.0,16.7%,WR,2020
139,140,Noah Brown,0,0,0,0.0,0,0,0,0,0,0,0,1,0.0,0.0,23.5%,WR,2020
140,141,Mack Hollins,0,0,0,0.0,0,0,0,0,0,0,0,1,0.0,0.0,0.3%,WR,2020
141,142,Jamal Agnew,0,1,0,0.0,0,0,0,0,0,0,0,1,0.0,0.0,1.0%,WR,2020
142,143,Cody Hollister,0,0,0,0.0,0,0,0,0,0,0,0,1,0.0,0.0,0.0%,WR,2020
143,144,Josh Malone,0,0,0,0.0,0,0,0,0,0,0,0,1,0.0,0.0,0.0%,WR,2020
144,145,Cam Sims,0,0,0,0.0,0,0,0,0,0,0,0,1,0.0,0.0,0.0%,WR,2020
145,146,J.J. Arcega-Whiteside,0,0,0,0.0,0,0,0,0,0,0,0,1,0.0,0.0,0.0%,WR,2020
146,147,Malik Turner,0,0,0,0.0,0,0,0,0,0,0,0,1,0.0,0.0,0.0%,WR,2020
147,148,Auden Tate,0,0,0,0.0,0,0,0,0,0,0,0,1,0.0,0.0,0.0%,WR,2020
148,149,Ray-Ray McCloud,0,0,0,0.0,0,0,0,0,0,0,0,1,0.0,0.0,0.6%,WR,2020
149,150,Damion Ratley,0,1,0,0.0,0,0,0,0,0,0,0,1,0.0,0.0,0.0%,WR,2020
150,151,Richie James,0,0,0,0.0,0,0,0,0,0,0,0,1,0.0,0.0,0.0%,WR,2020
151,152,Cedrick Wilson,0,0,0,0.0,0,0,0,0,0,0,0,1,0.0,0.0,1.1%,WR,2020
152,153,Dante Pettis,0,1,0,0.0,0,0,0,0,0,0,0,1,0.0,0.0,0.1%,WR,2020
153,154,Christian Kirk,1,5,0,0.0,0,0,0,0,0,0,0,1,0.0,0.0,70.7%,WR,2020
154,155,Braxton Berrios,0,0,0,0.0,0,0,0,0,0,0,0,1,0.0,0.0,1.2%,WR,2020
155,156,Christian Blake,0,0,0,0.0,0,0,0,0,0,0,0,1,0.0,0.0,0.0%,WR,2020
156,157,Trent Sherfield,0,0,0,0.0,0,0,0,0,0,0,0,1,0.0,0.0,0.1%,WR,2020
157,158,Brandon Powell,0,0,0,0.0,0,0,0,0,0,0,0,1,0.0,0.0,0.7%,WR,2020
158,159,Byron Pringle,0,0,0,0.0,0,0,0,0,0,0,0,1,0.0,0.0,0.0%,WR,2020
159,160,Damiere Byrd,0,0,0,0.0,0,0,0,0,0,0,0,1,0.0,0.0,0.0%,WR,2020
160,161,Diontae Spencer,0,0,0,0.0,0,0,0,0,0,0,0,1,0.0,0.0,0.0%,WR,2020
161,162,Ty Montgomery,0,0,0,0.0,0,0,0,1,-4,0,0,1,0.0,0.0,0.0%,WR,2020
162,163,Kalif Raymond,0,2,0,0.0,0,0,0,0,0,0,0,1,0.0,0.0,1.3%,WR,2020
163,164,Jaydon Mickens,0,0,0,0.0,0,0,0,0,0,0,0,1,0.0,0.0,0.0%,WR,2020
164,165,Alex Erickson,0,0,0,0.0,0,0,0,0,0,0,0,1,0.0,0.0,0.0%,WR,2020
165,166,Tajae Sharpe,0,1,0,0.0,0,0,0,0,0,0,0,1,0.0,0.0,0.0%,WR,2020
166,167,Pharoh Cooper,0,0,0,0.0,0,0,0,0,0,0,0,1,0.0,0.0,0.0%,WR,2020
167,168,John Hightower,1,4,-2,-2.0,0,0,0,0,0,0,0,1,-0.2,-0.2,0.0%,WR,2020
