,Rank,Player,Tackle,Assist,Sack,Pass Defended,Interception,Forced Fumble,Fumble Recovery,Defend Touchdown,Games Played,Fantasy Football Points,FTPS/Game,ROST,Position,Year
0,1,Kareem Jackson,6,5,0,3,1,0,0,1,1,30.8,30.8,0.7%,DB,2019
1,2,Quandre Diggs,4,1,0,2,2,0,0,1,1,25.8,25.8,3.1%,DB,2019
2,3,Adrian Amos,5,1,1,2,1,0,0,0,1,22.8,22.8,0.2%,DB,2019
3,4,Vonn Bell,8,4,1,0,0,0,0,0,1,21.5,21.5,5.5%,DB,2019
4,5,Antoine Bethea,10,3,0,1,0,0,0,0,1,21.3,21.3,28.0%,DB,2019
5,6,Darian Thompson,7,2,1,0,0,0,0,0,1,21.0,21.0,3.0%,DB,2019
6,7,Denzel Ward,4,1,0,2,1,0,0,1,1,20.8,20.8,5.2%,DB,2019
7,8,Malik Hooker,9,1,0,1,1,0,0,0,1,20.8,20.8,3.8%,DB,2019
8,9,Earl Thomas,6,1,1,0,0,1,0,0,1,20.3,20.3,1.1%,DB,2019
9,10,Tracy Walker,9,4,0,0,0,0,0,0,1,19.0,19.0,1.8%,DB,2019
10,11,Joe Haden,4,0,0,2,2,0,0,0,1,19.0,19.0,1.0%,DB,2019
11,12,Eric Reid,7,4,0,1,0,0,0,0,1,17.5,17.5,0.0%,DB,2019
12,13,Malcolm Jenkins,4,0,0,2,0,1,0,0,1,15.5,15.5,15.0%,DB,2019
13,14,Damontae Kazee,1,1,0,2,2,0,0,0,1,15.3,15.3,1.6%,DB,2019
14,15,Harrison Smith,3,0,0,2,1,0,0,0,1,15.0,15.0,18.9%,DB,2019
15,16,Khari Willis,9,2,0,0,0,0,0,0,1,15.0,15.0,0.1%,DB,2019
16,17,Richard Sherman,7,0,0,1,0,0,0,0,1,14.5,14.5,0.1%,DB,2019
17,18,Devin McCourty,7,0,0,0,0,1,0,0,1,14.5,14.5,4.4%,DB,2019
18,19,Eric Rowe,5,4,0,0,0,1,0,0,1,14.5,14.5,0.2%,DB,2019
19,20,Tye Smith,5,3,0,0,0,1,0,0,1,13.8,13.8,0.0%,DB,2019
20,21,Jordan Whitehead,6,3,0,0,0,0,0,0,1,13.8,13.8,16.9%,DB,2019
21,22,Tavon Wilson,7,4,0,0,0,0,0,0,1,13.5,13.5,0.0%,DB,2019
22,23,Marlon Humphrey,4,2,0,2,0,0,0,0,1,13.0,13.0,4.8%,DB,2019
23,24,Jordan Poyer,5,5,0,1,0,0,0,0,1,12.8,12.8,26.4%,DB,2019
24,25,Kyle Fuller,6,1,0,2,0,0,0,0,1,12.8,12.8,0.0%,DB,2019
25,26,Bashaud Breeland,3,0,0,2,1,0,0,0,1,12.5,12.5,1.0%,DB,2019
26,27,Chuck Clark,5,1,0,1,0,0,0,0,1,12.3,12.3,6.4%,DB,2019
27,28,Jimmy Moreland,6,1,0,0,0,0,0,0,1,12.3,12.3,0.0%,DB,2019
28,29,Terrell Edmunds,6,1,0,0,0,0,0,0,1,12.3,12.3,1.1%,DB,2019
29,30,Stephon Gilmore,4,1,0,1,0,0,1,0,1,12.3,12.3,1.5%,DB,2019
30,31,Carlton Davis,5,0,0,3,0,0,0,0,1,12.0,12.0,4.3%,DB,2019
31,32,Sheldrick Redwine,6,2,0,1,0,0,0,0,1,12.0,12.0,0.2%,DB,2019
32,33,Daryl Worley,6,2,0,1,0,0,0,0,1,12.0,12.0,0.0%,DB,2019
33,34,Trae Waynes,8,0,0,0,0,0,0,0,1,12.0,12.0,0.0%,DB,2019
34,35,Jourdan Lewis,2,3,0,1,1,0,0,0,1,11.8,11.8,2.0%,DB,2019
35,36,Troy Hill,2,1,0,2,1,0,0,0,1,11.8,11.8,2.7%,DB,2019
36,37,Jessie Bates,1,1,0,3,1,0,0,0,1,11.8,11.8,69.2%,DB,2019
37,38,Tyrann Mathieu,6,0,0,0,0,0,0,0,1,11.5,11.5,10.0%,DB,2019
38,39,Rock Ya-Sin,4,0,0,1,0,0,1,0,1,11.5,11.5,0.5%,DB,2019
39,40,Julian Love,6,0,0,0,0,0,0,0,1,11.5,11.5,33.4%,DB,2019
40,41,T.J. Carrie,4,2,0,0,0,1,0,0,1,11.5,11.5,1.0%,DB,2019
41,42,Derwin James,4,2,0,1,0,0,0,0,1,11.5,11.5,75.9%,DB,2019
42,43,George Odum,5,0,0,0,0,1,0,0,1,11.5,11.5,0.5%,DB,2019
43,44,Marcell Harris,2,4,0,1,0,1,0,0,1,11.5,11.5,0.0%,DB,2019
44,45,Budda Baker,7,1,0,0,0,0,0,0,1,11.3,11.3,36.6%,DB,2019
45,46,Will Parks,2,2,0,1,1,0,0,0,1,11.0,11.0,0.0%,DB,2019
46,47,Tashaun Gipson,2,0,0,2,1,0,0,0,1,11.0,11.0,0.4%,DB,2019
47,48,Bradley McDougald,5,1,0,0,0,0,0,0,1,10.8,10.8,0.0%,DB,2019
48,49,Ricardo Allen,5,1,0,0,0,0,0,0,1,10.8,10.8,0.0%,DB,2019
49,50,Justin Simmons,2,4,0,3,0,0,0,0,1,10.5,10.5,11.6%,DB,2019
50,51,Erik Harris,7,0,0,0,0,0,0,0,1,10.5,10.5,0.4%,DB,2019
51,52,Nik Needham,4,2,0,2,0,0,0,0,1,10.5,10.5,0.2%,DB,2019
52,53,Darryl Roberts,7,0,0,0,0,0,0,0,1,10.5,10.5,0.0%,DB,2019
53,54,Ryan Lewis,5,2,0,1,0,0,0,0,1,10.5,10.5,0.0%,DB,2019
54,55,Eric Weddle,6,2,0,0,0,0,0,0,1,10.5,10.5,11.0%,DB,2019
55,56,Kevin Toliver,5,2,0,1,0,0,0,0,1,10.5,10.5,0.0%,DB,2019
56,57,K'Waun Williams,3,1,0,0,0,0,0,0,1,10.3,10.3,0.0%,DB,2019
57,58,Steven Nelson,6,1,0,0,0,0,0,0,1,9.8,9.8,0.2%,DB,2019
58,59,Sam Beal,6,1,0,0,0,0,0,0,1,9.8,9.8,0.0%,DB,2019
59,60,Marcus Peters,3,1,0,3,0,0,0,0,1,9.8,9.8,1.2%,DB,2019
60,61,Kevin Byard,5,3,0,0,0,0,0,0,1,9.8,9.8,29.1%,DB,2019
61,62,Nate Hairston,1,0,0,2,1,0,0,0,1,9.5,9.5,0.0%,DB,2019
62,63,J.C. Jackson,2,0,0,1,1,0,0,0,1,9.5,9.5,1.2%,DB,2019
63,64,Ronald Darby,4,1,0,0,0,0,0,0,1,9.3,9.3,2.3%,DB,2019
64,65,Brandon Facyson,4,1,0,0,0,0,0,0,1,9.3,9.3,0.5%,DB,2019
65,66,Shawn Williams,5,2,0,0,0,0,0,0,1,9.0,9.0,10.0%,DB,2019
66,67,Logan Ryan,3,6,0,0,0,0,0,0,1,9.0,9.0,1.3%,DB,2019
67,68,Tre Flowers,6,0,0,0,0,0,0,0,1,9.0,9.0,0.0%,DB,2019
68,69,Jimmie Ward,5,2,0,0,0,0,0,0,1,9.0,9.0,9.7%,DB,2019
69,70,Byron Jones,6,0,0,0,0,0,0,0,1,9.0,9.0,0.0%,DB,2019
70,71,Micah Hyde,5,2,0,0,0,0,0,0,1,9.0,9.0,1.2%,DB,2019
71,72,Jalen Mills,5,0,0,1,0,0,0,0,1,9.0,9.0,0.5%,DB,2019
72,73,Chris Harris,5,2,0,0,0,0,0,0,1,9.0,9.0,0.0%,DB,2019
73,74,Andrew Adams,4,0,0,0,0,0,0,0,1,8.5,8.5,4.0%,DB,2019
74,75,Byron Murphy,4,0,0,0,0,0,0,0,1,8.5,8.5,7.1%,DB,2019
75,76,Ahkello Witherspoon,4,1,0,1,0,0,0,0,1,8.3,8.3,0.2%,DB,2019
76,77,Kendall Sheffield,4,1,0,1,0,0,0,0,1,8.3,8.3,0.0%,DB,2019
77,78,Eddie Jackson,1,0,1,0,0,0,0,0,1,8.0,8.0,3.1%,DB,2019
78,79,Steven Parker,1,0,0,1,1,0,0,0,1,8.0,8.0,0.0%,DB,2019
79,80,Darnell Savage,2,1,0,0,0,1,0,0,1,7.8,7.8,5.1%,DB,2019
80,81,Marcus Maye,3,1,0,0,0,0,0,0,1,7.8,7.8,2.0%,DB,2019
81,82,Kevin Johnson,4,2,0,0,0,0,0,0,1,7.5,7.5,0.0%,DB,2019
82,83,D.J. Swearinger,4,2,0,0,0,0,0,0,1,7.5,7.5,0.0%,DB,2019
83,84,Taylor Rapp,4,2,0,0,0,0,0,0,1,7.5,7.5,7.7%,DB,2019
84,85,Ha Ha,4,2,0,0,0,0,0,0,1,7.5,7.5,0.0%,DB,2019
85,86,Darius Slay,4,0,0,1,0,0,0,0,1,7.5,7.5,10.0%,DB,2019
86,87,Kyron Brown,5,0,0,0,0,0,0,0,1,7.5,7.5,0.2%,DB,2019
87,88,Chandon Sullivan,4,0,0,1,0,0,0,0,1,7.5,7.5,0.0%,DB,2019
88,89,Jonathan Jones,5,0,0,0,0,0,0,0,1,7.5,7.5,1.9%,DB,2019
89,90,Ross Cockrell,3,0,0,2,0,0,0,0,1,7.5,7.5,0.0%,DB,2019
90,91,Avonte Maddox,3,0,0,0,0,0,0,0,1,7.0,7.0,2.5%,DB,2019
91,92,Mike Edwards,1,2,0,0,0,0,1,0,1,7.0,7.0,4.2%,DB,2019
92,93,Bless Austin,4,1,0,0,0,0,0,0,1,6.8,6.8,0.0%,DB,2019
93,94,Jalen Thompson,4,1,0,0,0,0,0,0,1,6.8,6.8,17.1%,DB,2019
94,95,Janoris Jenkins,3,3,0,0,0,0,0,0,1,6.8,6.8,1.0%,DB,2019
95,96,Marshon Lattimore,3,1,0,1,0,0,0,0,1,6.8,6.8,6.2%,DB,2019
96,97,Mike Hilton,4,1,0,0,0,0,0,0,1,6.8,6.8,11.0%,DB,2019
97,98,Patrick Peterson,4,1,0,0,0,0,0,0,1,6.8,6.8,0.9%,DB,2019
98,99,Damarious Randall,4,1,0,0,0,0,0,0,1,6.8,6.8,0.0%,DB,2019
99,100,Patrick Chung,4,1,0,0,0,0,0,0,1,6.8,6.8,0.0%,DB,2019
100,101,Andrew Sendejo,0,0,0,1,1,0,0,0,1,6.5,6.5,0.0%,DB,2019
101,102,DeAndre Baker,1,0,0,3,0,0,0,0,1,6.0,6.0,0.0%,DB,2019
102,103,Greedy Williams,4,0,0,0,0,0,0,0,1,6.0,6.0,0.0%,DB,2019
103,104,Casey Hayward,3,0,0,1,0,0,0,0,1,6.0,6.0,0.0%,DB,2019
104,105,James Bradberry,3,2,0,0,0,0,0,0,1,6.0,6.0,2.0%,DB,2019
105,106,Mike Hughes,3,0,0,1,0,0,0,0,1,6.0,6.0,1.1%,DB,2019
106,107,Justin Reid,2,4,0,0,0,0,0,0,1,6.0,6.0,33.4%,DB,2019
107,108,Holton Hill,4,0,0,0,0,0,0,0,1,6.0,6.0,0.0%,DB,2019
108,109,Jarrod Wilson,2,2,0,1,0,0,0,0,1,6.0,6.0,0.0%,DB,2019
109,110,Emmanuel Moseley,4,0,0,0,0,0,0,0,1,6.0,6.0,1.4%,DB,2019
110,111,Jalen Ramsey,4,0,0,0,0,0,0,0,1,6.0,6.0,17.9%,DB,2019
111,112,Levi Wallace,4,0,0,0,0,0,0,0,1,6.0,6.0,2.0%,DB,2019
112,113,Deon Bush,3,0,0,1,0,0,0,0,1,6.0,6.0,0.0%,DB,2019
113,114,Gareon Conley,3,2,0,0,0,0,0,0,1,6.0,6.0,0.0%,DB,2019
114,115,Landon Collins,4,0,0,0,0,0,0,0,1,6.0,6.0,0.0%,DB,2019
115,116,Marcus Williams,2,2,0,1,0,0,0,0,1,6.0,6.0,7.1%,DB,2019
116,117,Donte Jackson,4,0,0,0,0,0,0,0,1,6.0,6.0,4.1%,DB,2019
117,118,Pierre Desir,1,3,0,1,0,0,0,0,1,5.3,5.3,0.0%,DB,2019
118,119,Chidobe Awuzie,2,3,0,0,0,0,0,0,1,5.3,5.3,2.3%,DB,2019
119,120,Isaac Yiadom,3,1,0,0,0,0,0,0,1,5.3,5.3,0.0%,DB,2019
120,121,Jimmy Smith,2,1,0,1,0,0,0,0,1,5.3,5.3,0.0%,DB,2019
121,122,Juan Thornhill,3,1,0,0,0,0,0,0,1,5.3,5.3,4.0%,DB,2019
122,123,Eli Apple,3,1,0,0,0,0,0,0,1,5.3,5.3,0.0%,DB,2019
123,124,Mackensie Alexander,3,1,0,0,0,0,0,0,1,5.3,5.3,0.0%,DB,2019
124,125,Johnathan Joseph,3,1,0,0,0,0,0,0,1,5.3,5.3,0.0%,DB,2019
125,126,Adrian Phillips,3,1,0,0,0,0,0,0,1,5.3,5.3,0.7%,DB,2019
126,127,Shaq Griffin,2,2,0,0,0,0,0,0,1,4.5,4.5,1.2%,DB,2019
127,128,Montae Nicholson,3,0,0,0,0,0,0,0,1,4.5,4.5,0.0%,DB,2019
128,129,Rolan Milligan,3,0,0,0,0,0,0,0,1,4.5,4.5,0.0%,DB,2019
129,130,Andrew Wingard,2,2,0,0,0,0,0,0,1,4.5,4.5,1.6%,DB,2019
130,131,Jamal Perry,2,2,0,0,0,0,0,0,1,4.5,4.5,0.0%,DB,2019
131,132,Xavier Woods,3,0,0,0,0,0,0,0,1,4.5,4.5,11.3%,DB,2019
132,133,P.J. Williams,3,0,0,0,0,0,0,0,1,4.5,4.5,0.0%,DB,2019
133,134,Lamarcus Joyner,3,0,0,0,0,0,0,0,1,4.5,4.5,0.0%,DB,2019
134,135,Bradley Roby,3,0,0,0,0,0,0,0,1,4.5,4.5,0.0%,DB,2019
135,136,Desmond King,3,0,0,0,0,0,0,0,1,4.5,4.5,12.6%,DB,2019
136,137,Maurice Canady,2,0,0,1,0,0,0,0,1,4.5,4.5,0.0%,DB,2019
137,138,Isaiah Oliver,3,0,0,0,0,0,0,0,1,4.5,4.5,0.4%,DB,2019
138,139,Trayvon Mullen,3,0,0,0,0,0,0,0,1,4.5,4.5,0.0%,DB,2019
139,140,Jaire Alexander,3,0,0,0,0,0,0,0,1,4.5,4.5,8.6%,DB,2019
140,141,D.J. Hayden,1,0,0,0,0,0,0,0,1,4.0,4.0,0.0%,DB,2019
141,142,Minkah Fitzpatrick,1,0,0,0,0,0,0,0,1,4.0,4.0,36.8%,DB,2019
142,143,Vernon Hargreaves,2,1,0,0,0,0,0,0,1,3.8,3.8,0.0%,DB,2019
143,144,C.J. Gardner-Johnson,2,1,0,0,0,0,0,0,1,3.8,3.8,16.7%,DB,2019
144,145,A.J. Bouye,1,1,0,1,0,0,0,0,1,3.8,3.8,0.0%,DB,2019
145,146,Michael J.,2,1,0,0,0,0,0,0,1,3.8,3.8,0.0%,DB,2019
146,147,Taron Johnson,2,1,0,0,0,0,0,0,1,3.8,3.8,30.9%,DB,2019
147,148,Buster Skrine,2,1,0,0,0,0,0,0,1,3.8,3.8,0.0%,DB,2019
148,149,Juston Burris,2,1,0,0,0,0,0,0,1,3.8,3.8,0.0%,DB,2019
149,150,Rodney McLeod,2,1,0,0,0,0,0,0,1,3.8,3.8,0.4%,DB,2019
150,151,Kemal Ishmael,1,3,0,0,0,0,0,0,1,3.8,3.8,0.0%,DB,2019
151,152,Kenny Vaccaro,2,1,0,0,0,0,0,0,1,3.8,3.8,4.0%,DB,2019
152,153,Darqueze Dennard,1,1,0,1,0,0,0,0,1,3.8,3.8,0.0%,DB,2019
153,154,Fabian Moreau,2,0,0,0,0,0,0,0,1,3.0,3.0,0.0%,DB,2019
154,155,William Jackson,2,0,0,0,0,0,0,0,1,3.0,3.0,0.0%,DB,2019
155,156,Jamel Dean,1,0,0,1,0,0,0,0,1,3.0,3.0,13.1%,DB,2019
156,157,Marqui Christian,2,0,0,0,0,0,0,0,1,3.0,3.0,0.0%,DB,2019
157,158,Clayton Geathers,2,0,0,0,0,0,0,0,1,3.0,3.0,0.0%,DB,2019
158,159,Clayton Fejedelem,2,0,0,0,0,0,0,0,1,3.0,3.0,0.0%,DB,2019
159,160,Simeon Thomas,1,2,0,0,0,0,0,0,1,3.0,3.0,0.0%,DB,2019
160,161,Rayshawn Jenkins,1,2,0,0,0,0,0,0,1,3.0,3.0,25.3%,DB,2019
161,162,Kendall Fuller,2,0,0,0,0,0,0,0,1,3.0,3.0,7.0%,DB,2019
162,163,Amani Hooker,1,1,0,0,0,0,0,0,1,2.3,2.3,14.9%,DB,2019
163,164,Adrian Colbert,0,1,0,1,0,0,0,0,1,2.3,2.3,0.0%,DB,2019
164,165,Tramon Williams,1,1,0,0,0,0,0,0,1,2.3,2.3,0.0%,DB,2019
165,166,Chris Banjo,1,1,0,0,0,0,0,0,1,2.3,2.3,0.0%,DB,2019
166,167,Terrence Brooks,1,1,0,0,0,0,0,0,1,2.3,2.3,0.0%,DB,2019
167,168,Jordan Miller,1,1,0,0,0,0,0,0,1,2.3,2.3,0.0%,DB,2019
168,169,Jamal Carter,1,1,0,0,0,0,0,0,1,2.3,2.3,0.0%,DB,2019
169,170,Daniel Sorensen,1,1,0,0,0,0,0,0,1,2.3,2.3,0.0%,DB,2019
170,171,Sean Murphy-Bunting,1,1,0,0,0,0,0,0,1,2.3,2.3,10.3%,DB,2019
171,172,Blidi Wreh-Wilson,1,1,0,0,0,0,0,0,1,2.3,2.3,0.0%,DB,2019
172,173,Nevin Lawson,0,0,0,1,0,0,0,0,1,1.5,1.5,0.0%,DB,2019
173,174,Kam Kelly,1,0,0,0,0,0,0,0,1,1.5,1.5,1.1%,DB,2019
174,175,Ibraheim Campbell,1,0,0,0,0,0,0,0,1,1.5,1.5,0.0%,DB,2019
175,176,Sidney Jones,0,0,0,1,0,0,0,0,1,1.5,1.5,0.0%,DB,2019
176,177,Greg Mabin,1,0,0,0,0,0,0,0,1,1.5,1.5,0.0%,DB,2019
177,178,Ken Webster,1,0,0,0,0,0,0,0,1,1.5,1.5,0.0%,DB,2019
178,179,Tarvarius Moore,0,0,0,1,0,0,0,0,1,1.5,1.5,0.2%,DB,2019
179,180,Charvarius Ward,1,0,0,0,0,0,0,0,1,1.5,1.5,30.2%,DB,2019
180,181,Jaylen Watkins,1,0,0,0,0,0,0,0,1,1.5,1.5,0.0%,DB,2019
181,182,Josh Jackson,1,0,0,0,0,0,0,0,1,1.5,1.5,0.0%,DB,2019
182,183,Justin Coleman,1,0,0,0,0,0,0,0,1,1.5,1.5,0.0%,DB,2019
183,184,Duron Harmon,1,0,0,0,0,0,0,0,1,1.5,1.5,0.0%,DB,2019
184,185,Desmond Trufant,1,0,0,0,0,0,0,0,1,1.5,1.5,0.0%,DB,2019
185,186,D.J. Reed,1,0,0,0,0,0,0,0,1,1.5,1.5,10.1%,DB,2019
186,187,C.J. Goodwin,1,0,0,0,0,0,0,0,1,1.5,1.5,0.4%,DB,2019
187,188,Anthony Harris,1,0,0,0,0,0,0,0,1,1.5,1.5,0.0%,DB,2019
188,189,Cameron Sutton,1,0,0,0,0,0,0,0,1,1.5,1.5,0.2%,DB,2019
189,190,B.W. Webb,0,0,0,1,0,0,0,0,1,1.5,1.5,0.0%,DB,2019
190,191,Jahleel Addae,0,1,0,0,0,0,0,0,1,0.8,0.8,0.0%,DB,2019
191,192,Tre Herndon,0,1,0,0,0,0,0,0,1,0.8,0.8,0.2%,DB,2019
192,193,Tramaine Brock,0,1,0,0,0,0,0,0,1,0.8,0.8,0.0%,DB,2019
193,194,Curtis Riley,0,1,0,0,0,0,0,0,1,0.8,0.8,0.0%,DB,2019
194,195,Brandon Carr,0,1,0,0,0,0,0,0,1,0.8,0.8,0.0%,DB,2019
195,196,J.T. Hassell,0,0,0,0,0,0,0,0,1,0.0,0.0,0.0%,DB,2019
196,197,Kareem Orr,0,0,0,0,0,0,0,0,1,0.0,0.0,0.0%,DB,2019
197,198,C.J. Moore,0,0,0,0,0,0,0,0,1,0.0,0.0,5.1%,DB,2019
198,199,Mazzi Wilkins,0,0,0,0,0,0,0,0,1,0.0,0.0,0.0%,DB,2019
199,200,Xavier Rhodes,0,0,0,0,0,0,0,0,1,0.0,0.0,0.0%,DB,2019
200,201,Nate Ebner,0,0,0,0,0,0,0,0,1,0.0,0.0,0.0%,DB,2019
201,202,Anthony Levine,0,0,0,0,0,0,0,0,1,0.0,0.0,7.0%,DB,2019
202,203,Johnson Bademosi,0,0,0,0,0,0,0,0,1,0.0,0.0,0.0%,DB,2019
203,204,Nickell Robey-Coleman,0,0,0,0,0,0,0,0,1,0.0,0.0,0.0%,DB,2019
204,205,Brynden Trawick,0,0,0,0,0,0,0,0,1,0.0,0.0,0.0%,DB,2019
205,206,Cody Davis,0,0,0,0,0,0,0,0,1,0.0,0.0,0.0%,DB,2019
206,207,Justin Bethel,0,0,0,0,0,0,0,0,1,0.0,0.0,0.0%,DB,2019
207,208,Kurt Coleman,0,0,0,0,0,0,0,0,1,0.0,0.0,0.0%,DB,2019
208,209,Darian Stewart,0,0,0,0,0,0,0,0,1,0.0,0.0,0.0%,DB,2019
209,210,Marcus Sherels,0,0,0,0,0,0,0,0,1,0.0,0.0,0.0%,DB,2019
210,211,Jordan Dangerfield,0,0,0,0,0,0,0,0,1,0.0,0.0,0.0%,DB,2019
211,212,Antone Exum,0,0,0,0,0,0,0,0,1,0.0,0.0,0.0%,DB,2019
212,213,Bennett Jackson,0,0,0,0,0,0,0,0,1,0.0,0.0,0.0%,DB,2019
213,214,Tre Boston,0,0,0,0,0,0,0,0,1,0.0,0.0,1.0%,DB,2019
214,215,Walt Aikens,0,0,0,0,0,0,0,0,1,0.0,0.0,0.0%,DB,2019
215,216,Terrance Mitchell,0,0,0,0,0,0,0,0,1,0.0,0.0,0.0%,DB,2019
216,217,Alex Brown,0,0,0,0,0,0,0,0,1,0.0,0.0,0.0%,DB,2019
217,218,Charles Clay,0,0,0,0,0,0,0,0,1,0.0,0.0,0.0%,DB,2019
218,219,Marcus Gilchrist,0,0,0,0,0,0,0,0,1,0.0,0.0,0.0%,DB,2019
219,220,Colin Jones,0,0,0,0,0,0,0,0,1,0.0,0.0,5.0%,DB,2019
220,221,Jason McCourty,0,0,0,0,0,0,0,0,1,0.0,0.0,0.0%,DB,2019
221,222,Darius Phillips,0,0,0,0,0,0,0,0,1,0.0,0.0,0.0%,DB,2019
222,223,Duke Dawson,0,0,0,0,0,0,0,0,1,0.0,0.0,0.0%,DB,2019
223,224,Cole Luke,0,0,0,0,0,0,0,0,1,0.0,0.0,0.0%,DB,2019
224,225,Armani Watts,0,0,0,0,0,0,0,0,1,0.0,0.0,0.0%,DB,2019
225,226,A.J. Moore,0,0,0,0,0,0,0,0,1,0.0,0.0,0.0%,DB,2019
226,227,Trayvon Henderson,0,0,0,0,0,0,0,0,1,0.0,0.0,0.0%,DB,2019
227,228,Chris Board,0,0,0,0,0,0,0,0,1,0.0,0.0,1.5%,DB,2019
228,229,Trey Marshall,0,0,0,0,0,0,0,0,1,0.0,0.0,0.0%,DB,2019
229,230,Davontae Harris,0,0,0,0,0,0,0,0,1,0.0,0.0,0.0%,DB,2019
230,231,M.J. Stewart,0,0,0,0,0,0,0,0,1,0.0,0.0,4.0%,DB,2019
231,232,Siran Neal,0,0,0,0,0,0,0,0,1,0.0,0.0,0.0%,DB,2019
232,233,Parry Nickerson,0,0,0,0,0,0,0,0,1,0.0,0.0,0.0%,DB,2019
233,234,Keion Crossen,0,0,0,0,0,0,0,0,1,0.0,0.0,0.2%,DB,2019
234,235,Dane Cruikshank,0,0,0,0,0,0,0,0,1,0.0,0.0,0.2%,DB,2019
235,236,Troy Apke,0,0,0,0,0,0,0,0,1,0.0,0.0,0.0%,DB,2019
236,237,Delano Hill,0,0,0,0,0,0,0,0,1,0.0,0.0,0.0%,DB,2019
237,238,Rasul Douglas,0,0,0,0,0,0,0,0,1,0.0,0.0,8.5%,DB,2019
238,239,Josh Jones,0,0,0,0,0,0,0,0,1,0.0,0.0,0.0%,DB,2019
239,240,Elijah Lee,0,0,0,0,0,0,0,0,1,0.0,0.0,0.0%,DB,2019
240,241,Deante Burton,0,0,0,0,0,0,0,0,1,0.0,0.0,0.0%,DB,2019
241,242,Dee Virgin,0,0,0,0,0,0,0,0,1,0.0,0.0,0.1%,DB,2019
242,243,Justin Hardee,0,0,0,0,0,0,0,0,1,0.0,0.0,0.0%,DB,2019
243,244,Keisean Nixon,0,0,0,0,0,0,0,0,1,0.0,0.0,22.9%,DB,2019
244,245,Nick Scott,0,0,0,0,0,0,0,0,1,0.0,0.0,1.7%,DB,2019
245,246,Marquise Blair,0,0,0,0,0,0,0,0,1,0.0,0.0,0.0%,DB,2019
246,247,Ugo Amadi,0,0,0,0,0,0,0,0,1,0.0,0.0,0.2%,DB,2019
247,248,Lonnie Johnson,0,0,0,0,0,0,0,0,1,0.0,0.0,0.2%,DB,2019
248,249,Marcus Epps,0,0,0,0,0,0,0,0,1,0.0,0.0,4.0%,DB,2019
249,250,Justin Layne,0,0,0,0,0,0,0,0,1,0.0,0.0,0.0%,DB,2019
250,251,Brandon Rusnak,0,0,0,0,0,0,0,0,1,0.0,0.0,0.0%,DB,2019
251,252,Will Harris,0,0,0,0,0,0,0,0,1,0.0,0.0,0.0%,DB,2019
252,253,Marvell Tell,0,0,0,0,0,0,0,0,1,0.0,0.0,0.0%,DB,2019
253,254,Donovan Wilson,0,0,0,0,0,0,0,0,1,0.0,0.0,20.6%,DB,2019
254,255,Duke Shelley,0,0,0,0,0,0,0,0,1,0.0,0.0,0.0%,DB,2019
255,256,Tavierre Thomas,0,0,0,0,0,0,0,0,1,0.0,0.0,2.0%,DB,2019
256,257,Ezekiel Turner,0,0,0,0,0,0,0,0,1,0.0,0.0,0.2%,DB,2019
257,258,Joshua Kalu,0,0,0,0,0,0,0,0,1,0.0,0.0,0.0%,DB,2019
258,259,Rico Gafford,0,0,0,0,0,0,0,0,1,0.0,0.0,0.0%,DB,2019
259,260,Jeremy Reaves,0,0,0,0,0,0,0,0,1,0.0,0.0,0.2%,DB,2019
260,261,Grant Haley,0,0,0,0,0,0,0,0,1,0.0,0.0,0.0%,DB,2019
261,262,Chris Jones,0,0,0,0,0,0,0,0,1,0.0,0.0,0.0%,DB,2019
262,263,Sean Chandler,0,0,0,0,0,0,0,0,1,0.0,0.0,5.0%,DB,2019
263,264,Darious Williams,0,0,0,0,0,0,0,0,1,0.0,0.0,10.5%,DB,2019
264,265,Amani Oruwariye,0,0,0,0,0,0,0,0,1,0.0,0.0,0.2%,DB,2019
265,266,Mike Ford,0,0,0,0,0,0,0,0,1,0.0,0.0,0.0%,DB,2019
266,267,Kris Boyd,0,0,0,0,0,0,0,0,1,0.0,0.0,0.0%,DB,2019
267,268,Jaquan Johnson,0,0,0,0,0,0,0,0,1,0.0,0.0,0.0%,DB,2019
268,269,Craig James,0,0,0,0,0,0,0,0,1,0.0,0.0,0.0%,DB,2019
269,270,J.T. Gray,0,0,0,0,0,0,0,0,1,0.0,0.0,0.4%,DB,2019
270,271,Dallin Leavitt,0,0,0,0,0,0,0,0,1,0.0,0.0,4.0%,DB,2019
271,272,Akeem King,0,0,0,0,0,0,0,0,1,0.0,0.0,0.0%,DB,2019
272,273,Quinton Dunbar,0,0,0,0,0,0,0,0,1,0.0,0.0,0.0%,DB,2019
273,274,Jordan Richards,0,0,0,0,0,0,0,0,1,0.0,0.0,0.0%,DB,2019
274,275,Kyle Nelson,0,0,0,0,0,0,0,0,1,0.0,0.0,0.0%,DB,2019
275,276,Charles Washington,0,0,0,0,0,0,0,0,1,0.0,0.0,0.0%,DB,2019
276,277,Antonio Hamilton,0,0,0,0,0,0,0,0,1,0.0,0.0,0.7%,DB,2019
277,278,Tre'Davious White,0,0,0,0,0,0,0,0,1,0.0,0.0,5.5%,DB,2019
278,279,Quincy Wilson,0,0,0,0,0,0,0,0,1,0.0,0.0,0.0%,DB,2019
279,280,Javien Elliott,0,0,0,0,0,0,0,0,1,0.0,0.0,0.0%,DB,2019
280,281,Will Redmond,0,0,0,0,0,0,0,0,1,0.0,0.0,0.0%,DB,2019
281,282,Miles Killebrew,0,0,0,0,0,0,0,0,1,0.0,0.0,0.2%,DB,2019
282,283,Jordan Lucas,0,0,0,0,0,0,0,0,1,0.0,0.0,0.0%,DB,2019
283,284,Jayron Kearse,0,0,0,0,0,0,0,0,1,0.0,0.0,1.3%,DB,2019
284,285,Cre'Von LeBlanc,0,0,0,0,0,0,0,0,1,0.0,0.0,0.0%,DB,2019
285,286,Tony McRae,0,0,0,0,0,0,0,0,1,0.0,0.0,0.0%,DB,2019
286,287,Ryan Smith,0,0,0,0,0,0,0,0,1,0.0,0.0,0.0%,DB,2019
287,288,Anthony Brown,0,0,0,0,0,0,0,0,1,0.0,0.0,0.0%,DB,2019
288,289,Blake Countess,0,0,0,0,0,0,0,0,1,0.0,0.0,0.0%,DB,2019
289,290,Kevin Peterson,0,0,0,0,0,0,0,0,1,0.0,0.0,0.0%,DB,2019
290,291,DeAndre Houston-Carson,0,0,0,0,0,0,0,0,1,0.0,0.0,0.0%,DB,2019
