,Rank,Player,Tackle,Assist,Sack,Pass Defended,Interception,Forced Fumble,Fumble Recovery,Defend Touchdown,Games Played,Fantasy Football Points,FTPS/Game,ROST,Position,Year
0,1,Bashaud Breeland,7,1,0,1,1,0,0,0,1,20.3,20.3,1.0%,DB,2019
1,2,Harrison Smith,4,2,0,1,0,1,1,0,1,19.5,19.5,18.9%,DB,2019
2,3,Vernon Hargreaves,11,1,0,1,0,0,0,0,1,18.8,18.8,0.0%,DB,2019
3,4,Montae Nicholson,7,2,0,1,1,0,0,0,1,18.5,18.5,0.0%,DB,2019
4,5,Brandon Carr,6,1,1,1,0,0,0,0,1,17.8,17.8,0.0%,DB,2019
5,6,Landon Collins,8,4,0,0,0,0,0,0,1,17.5,17.5,0.0%,DB,2019
6,7,Budda Baker,7,4,0,0,0,1,0,0,1,17.5,17.5,36.6%,DB,2019
7,8,Charvarius Ward,3,1,0,2,1,1,0,0,1,17.3,17.3,30.2%,DB,2019
8,9,Stephon Gilmore,0,2,0,3,1,0,0,1,1,17.0,17.0,1.5%,DB,2019
9,10,John Johnson,4,2,0,1,1,0,0,0,1,16.5,16.5,0.0%,DB,2019
10,11,Kendall Fuller,5,1,1,1,0,0,0,0,1,16.3,16.3,7.0%,DB,2019
11,12,Darius Slay,5,1,0,2,1,0,0,0,1,16.3,16.3,10.0%,DB,2019
12,13,Justin Simmons,8,1,0,2,0,0,0,0,1,15.8,15.8,11.6%,DB,2019
13,14,Terrell Edmunds,8,3,0,1,0,0,0,0,1,15.8,15.8,1.1%,DB,2019
14,15,Minkah Fitzpatrick,4,2,0,0,0,1,1,0,1,15.5,15.5,36.8%,DB,2019
15,16,Jarrod Wilson,4,4,0,1,0,0,0,0,1,15.5,15.5,0.0%,DB,2019
16,17,Tracy Walker,7,3,0,0,0,0,0,0,1,15.3,15.3,1.8%,DB,2019
17,18,Eddie Jackson,6,4,0,2,0,0,0,0,1,15.0,15.0,3.1%,DB,2019
18,19,Kyle Fuller,5,1,0,1,1,0,0,0,1,14.8,14.8,0.0%,DB,2019
19,20,Darnell Savage,6,0,0,1,0,1,0,0,1,14.5,14.5,5.1%,DB,2019
20,21,Desmond Trufant,0,0,0,3,2,0,0,0,1,14.5,14.5,0.0%,DB,2019
21,22,Jessie Bates,8,3,0,0,0,0,0,0,1,14.3,14.3,69.2%,DB,2019
22,23,Sidney Jones,4,2,0,1,1,0,0,0,1,14.0,14.0,0.0%,DB,2019
23,24,Daryl Worley,6,1,0,0,0,0,1,0,1,13.8,13.8,0.0%,DB,2019
24,25,Carlton Davis,7,0,0,2,0,0,0,0,1,13.5,13.5,4.3%,DB,2019
25,26,Levi Wallace,8,0,0,1,0,0,0,0,1,13.5,13.5,2.0%,DB,2019
26,27,Byron Jones,8,0,0,1,0,0,0,0,1,13.5,13.5,0.0%,DB,2019
27,28,Darryl Roberts,4,1,0,1,1,0,0,0,1,13.3,13.3,0.0%,DB,2019
28,29,Ronald Darby,2,1,0,3,1,0,0,0,1,13.3,13.3,2.3%,DB,2019
29,30,Ronnie Harrison,4,4,1,0,0,0,0,0,1,13.0,13.0,0.5%,DB,2019
30,31,Shawn Williams,8,1,0,0,0,0,0,0,1,12.8,12.8,10.0%,DB,2019
31,32,Keanu Neal,8,1,0,0,0,0,0,0,1,12.8,12.8,0.7%,DB,2019
32,33,Morgan Burnett,2,4,1,0,0,0,0,0,1,12.5,12.5,0.0%,DB,2019
33,34,Marlon Humphrey,5,1,0,1,0,0,0,0,1,12.3,12.3,4.8%,DB,2019
34,35,Tre'Davious White,8,0,0,0,0,0,0,0,1,12.0,12.0,5.5%,DB,2019
35,36,Johnathan Joseph,5,2,0,2,0,0,0,0,1,12.0,12.0,0.0%,DB,2019
36,37,Byron Murphy,5,2,0,2,0,0,0,0,1,12.0,12.0,7.1%,DB,2019
37,38,D.J. Hayden,2,1,1,1,0,0,0,0,1,11.8,11.8,0.0%,DB,2019
38,39,Logan Ryan,1,3,0,2,1,0,0,0,1,11.8,11.8,1.3%,DB,2019
39,40,Antoine Bethea,5,5,0,0,0,0,0,0,1,11.3,11.3,28.0%,DB,2019
40,41,Steven Nelson,6,1,0,1,0,0,0,0,1,11.3,11.3,0.2%,DB,2019
41,42,Kenny Vaccaro,6,2,0,0,0,0,0,0,1,10.5,10.5,4.0%,DB,2019
42,43,Brandon Facyson,6,2,0,0,0,0,0,0,1,10.5,10.5,0.5%,DB,2019
43,44,Eric Weddle,5,2,0,1,0,0,0,0,1,10.5,10.5,11.0%,DB,2019
44,45,Janoris Jenkins,7,0,0,0,0,0,0,0,1,10.5,10.5,1.0%,DB,2019
45,46,Rodney McLeod,5,2,0,1,0,0,0,0,1,10.5,10.5,0.4%,DB,2019
46,47,Eli Apple,7,0,0,0,0,0,0,0,1,10.5,10.5,0.0%,DB,2019
47,48,Jimmy Moreland,6,0,0,1,0,0,0,0,1,10.5,10.5,0.0%,DB,2019
48,49,Bradley McDougald,2,1,0,1,1,0,0,0,1,10.3,10.3,0.0%,DB,2019
49,50,Andrew Sendejo,2,1,1,0,0,0,0,0,1,10.3,10.3,0.0%,DB,2019
50,51,Jamal Adams,5,0,0,0,0,0,0,0,1,10.0,10.0,3.4%,DB,2019
51,52,Tramaine Brock,5,0,0,0,0,0,0,0,1,10.0,10.0,0.0%,DB,2019
52,53,Khari Willis,6,1,0,0,0,0,0,0,1,9.8,9.8,0.1%,DB,2019
53,54,Dre Kirkpatrick,5,1,0,1,0,0,0,0,1,9.8,9.8,0.0%,DB,2019
54,55,D.J. Swearinger,5,3,0,0,0,0,0,0,1,9.8,9.8,0.0%,DB,2019
55,56,Malcolm Butler,5,1,0,1,0,0,0,0,1,9.8,9.8,0.0%,DB,2019
56,57,Jordan Poyer,2,0,0,1,1,0,0,0,1,9.5,9.5,26.4%,DB,2019
57,58,Casey Hayward,1,2,0,1,1,0,0,0,1,9.5,9.5,0.0%,DB,2019
58,59,Tramon Williams,1,0,0,0,0,1,1,0,1,9.5,9.5,0.0%,DB,2019
59,60,Vonn Bell,4,1,0,0,0,0,0,0,1,9.3,9.3,5.5%,DB,2019
60,61,Prince Amukamara,5,2,0,0,0,0,0,0,1,9.0,9.0,0.0%,DB,2019
61,62,Anthony Harris,5,2,0,0,0,0,0,0,1,9.0,9.0,0.0%,DB,2019
62,63,Kareem Jackson,5,0,0,1,0,0,0,0,1,9.0,9.0,0.7%,DB,2019
63,64,Eric Rowe,3,2,0,2,0,0,0,0,1,9.0,9.0,0.2%,DB,2019
64,65,Ahkello Witherspoon,3,2,0,2,0,0,0,0,1,9.0,9.0,0.2%,DB,2019
65,66,Adrian Phillips,5,2,0,0,0,0,0,0,1,9.0,9.0,0.7%,DB,2019
66,67,Isaiah Oliver,3,2,0,2,0,0,0,0,1,9.0,9.0,0.4%,DB,2019
67,68,Bobby McCain,5,2,0,0,0,0,0,0,1,9.0,9.0,0.0%,DB,2019
68,69,Nickell Robey-Coleman,4,2,0,1,0,0,0,0,1,9.0,9.0,0.0%,DB,2019
69,70,Lamarcus Joyner,6,0,0,0,0,0,0,0,1,9.0,9.0,0.0%,DB,2019
70,71,Rashaan Melvin,4,0,0,2,0,0,0,0,1,9.0,9.0,0.0%,DB,2019
71,72,Devin McCourty,1,1,0,1,1,0,0,0,1,8.8,8.8,4.4%,DB,2019
72,73,Avonte Maddox,3,0,0,1,0,0,0,0,1,8.5,8.5,2.5%,DB,2019
73,74,Siran Neal,3,2,0,0,0,0,0,0,1,8.5,8.5,0.0%,DB,2019
74,75,Pierre Desir,4,0,0,0,0,0,0,0,1,8.5,8.5,0.0%,DB,2019
75,76,Jermaine Whitehead,5,1,0,0,0,0,0,0,1,8.3,8.3,3.0%,DB,2019
76,77,Denzel Ward,4,3,0,0,0,0,0,0,1,8.3,8.3,5.2%,DB,2019
77,78,Jordan Whitehead,3,3,0,1,0,0,0,0,1,8.3,8.3,16.9%,DB,2019
78,79,Rayshawn Jenkins,1,0,0,1,1,0,0,0,1,8.0,8.0,25.3%,DB,2019
79,80,Kevin King,1,0,0,1,1,0,0,0,1,8.0,8.0,0.0%,DB,2019
80,81,Malcolm Jenkins,2,1,0,0,0,1,0,0,1,7.8,7.8,15.0%,DB,2019
81,82,Nate Hairston,2,1,0,1,0,0,0,0,1,7.8,7.8,0.0%,DB,2019
82,83,Mike Hilton,3,1,0,0,0,0,0,0,1,7.8,7.8,11.0%,DB,2019
83,84,K'Waun Williams,3,4,0,0,0,0,0,0,1,7.5,7.5,0.0%,DB,2019
84,85,Taylor Rapp,2,4,0,1,0,0,0,0,1,7.5,7.5,7.7%,DB,2019
85,86,Quandre Diggs,4,2,0,0,0,0,0,0,1,7.5,7.5,3.1%,DB,2019
86,87,Donte Jackson,4,2,0,0,0,0,0,0,1,7.5,7.5,4.1%,DB,2019
87,88,Xavier Woods,4,2,0,0,0,0,0,0,1,7.5,7.5,11.3%,DB,2019
88,89,Tre Herndon,3,2,0,1,0,0,0,0,1,7.5,7.5,0.2%,DB,2019
89,90,Jalen Ramsey,4,0,0,1,0,0,0,0,1,7.5,7.5,17.9%,DB,2019
90,91,Ricardo Allen,4,0,0,1,0,0,0,0,1,7.5,7.5,0.0%,DB,2019
91,92,Sean Davis,5,0,0,0,0,0,0,0,1,7.5,7.5,0.0%,DB,2019
92,93,Tashaun Gipson,5,0,0,0,0,0,0,0,1,7.5,7.5,0.4%,DB,2019
93,94,William Jackson,0,1,0,1,1,0,0,0,1,7.3,7.3,0.0%,DB,2019
94,95,Cameron Sutton,3,0,0,0,0,0,0,0,1,7.0,7.0,0.2%,DB,2019
95,96,Adrian Amos,3,0,0,0,0,0,0,0,1,7.0,7.0,0.2%,DB,2019
96,97,Isaac Yiadom,3,0,0,0,0,0,0,0,1,7.0,7.0,0.0%,DB,2019
97,98,Damontae Kazee,3,3,0,0,0,0,0,0,1,6.8,6.8,1.6%,DB,2019
98,99,Jeff Heath,3,1,0,1,0,0,0,0,1,6.8,6.8,1.0%,DB,2019
99,100,D.J. Reed,2,1,0,2,0,0,0,0,1,6.8,6.8,10.1%,DB,2019
100,101,Jaire Alexander,2,1,0,2,0,0,0,0,1,6.8,6.8,8.6%,DB,2019
101,102,Jabrill Peppers,3,3,0,0,0,0,0,0,1,6.8,6.8,10.4%,DB,2019
102,103,Jayron Kearse,3,1,0,1,0,0,0,0,1,6.8,6.8,1.3%,DB,2019
103,104,Xavien Howard,3,1,0,1,0,0,0,0,1,6.8,6.8,1.4%,DB,2019
104,105,Josh Norman,3,1,0,1,0,0,0,0,1,6.8,6.8,3.0%,DB,2019
105,106,Brian Poole,2,1,0,2,0,0,0,0,1,6.8,6.8,0.0%,DB,2019
106,107,Karl Joseph,2,1,0,0,0,0,0,0,1,6.3,6.3,0.0%,DB,2019
107,108,Chris Harris,3,0,0,1,0,0,0,0,1,6.0,6.0,0.0%,DB,2019
108,109,Joe Haden,4,0,0,0,0,0,0,0,1,6.0,6.0,1.0%,DB,2019
109,110,Jonathan Jones,2,2,0,1,0,0,0,0,1,6.0,6.0,1.9%,DB,2019
110,111,Kevin Byard,4,0,0,0,0,0,0,0,1,6.0,6.0,29.1%,DB,2019
111,112,Anthony Averett,4,0,0,0,0,0,0,0,1,6.0,6.0,0.0%,DB,2019
112,113,Lonnie Johnson,3,0,0,1,0,0,0,0,1,6.0,6.0,0.2%,DB,2019
113,114,Trae Waynes,3,0,0,1,0,0,0,0,1,6.0,6.0,0.0%,DB,2019
114,115,Patrick Chung,2,0,0,0,0,0,0,0,1,5.5,5.5,0.0%,DB,2019
115,116,Jason McCourty,3,1,0,0,0,0,0,0,1,5.3,5.3,0.0%,DB,2019
116,117,Marcus Williams,3,1,0,0,0,0,0,0,1,5.3,5.3,7.1%,DB,2019
117,118,Jamal Perry,3,1,0,0,0,0,0,0,1,5.3,5.3,0.0%,DB,2019
118,119,Jaquiski Tartt,2,3,0,0,0,0,0,0,1,5.3,5.3,0.0%,DB,2019
119,120,Shaq Griffin,3,1,0,0,0,0,0,0,1,5.3,5.3,1.2%,DB,2019
120,121,Xavier Rhodes,3,1,0,0,0,0,0,0,1,5.3,5.3,0.0%,DB,2019
121,122,Marshon Lattimore,2,3,0,0,0,0,0,0,1,5.3,5.3,6.2%,DB,2019
122,123,Jahleel Addae,3,0,0,0,0,0,0,0,1,4.5,4.5,0.0%,DB,2019
123,124,Ha Ha,3,0,0,0,0,0,0,0,1,4.5,4.5,0.0%,DB,2019
124,125,Richard Sherman,2,2,0,0,0,0,0,0,1,4.5,4.5,0.1%,DB,2019
125,126,Dominique Rodgers-Cromartie,2,2,0,0,0,0,0,0,1,4.5,4.5,0.0%,DB,2019
126,127,Tarvarius Moore,2,2,0,0,0,0,0,0,1,4.5,4.5,0.2%,DB,2019
127,128,Kevin Johnson,3,0,0,0,0,0,0,0,1,4.5,4.5,0.0%,DB,2019
128,129,Micah Hyde,1,2,0,1,0,0,0,0,1,4.5,4.5,1.2%,DB,2019
129,130,Anthony Brown,2,0,0,1,0,0,0,0,1,4.5,4.5,0.0%,DB,2019
130,131,Duron Harmon,2,0,0,1,0,0,0,0,1,4.5,4.5,0.0%,DB,2019
131,132,Marcus Maye,2,0,0,1,0,0,0,0,1,4.5,4.5,2.0%,DB,2019
132,133,Justin Reid,2,2,0,0,0,0,0,0,1,4.5,4.5,33.4%,DB,2019
133,134,Eric Reid,2,2,0,0,0,0,0,0,1,4.5,4.5,0.0%,DB,2019
134,135,Gareon Conley,3,0,0,0,0,0,0,0,1,4.5,4.5,0.0%,DB,2019
135,136,James Bradberry,3,0,0,0,0,0,0,0,1,4.5,4.5,2.0%,DB,2019
136,137,Malik Hooker,3,0,0,0,0,0,0,0,1,4.5,4.5,3.8%,DB,2019
137,138,Buster Skrine,2,2,0,0,0,0,0,0,1,4.5,4.5,0.0%,DB,2019
138,139,Curtis Riley,3,0,0,0,0,0,0,0,1,4.5,4.5,0.0%,DB,2019
139,140,DeAndre Baker,3,0,0,0,0,0,0,0,1,4.5,4.5,0.0%,DB,2019
140,141,Juan Thornhill,3,0,0,0,0,0,0,0,1,4.5,4.5,4.0%,DB,2019
141,142,Sharrod Neasman,0,0,0,0,0,0,1,0,1,4.0,4.0,0.0%,DB,2019
142,143,T.J. Carrie,0,0,0,0,0,0,1,0,1,4.0,4.0,1.0%,DB,2019
143,144,Clayton Geathers,2,1,0,0,0,0,0,0,1,3.8,3.8,0.0%,DB,2019
144,145,Rasul Douglas,1,1,0,1,0,0,0,0,1,3.8,3.8,8.5%,DB,2019
145,146,Michael J.,2,1,0,0,0,0,0,0,1,3.8,3.8,0.0%,DB,2019
146,147,Tony Jefferson,1,3,0,0,0,0,0,0,1,3.8,3.8,0.0%,DB,2019
147,148,Tre Boston,1,3,0,0,0,0,0,0,1,3.8,3.8,1.0%,DB,2019
148,149,Delano Hill,2,1,0,0,0,0,0,0,1,3.8,3.8,0.0%,DB,2019
149,150,Greedy Williams,2,1,0,0,0,0,0,0,1,3.8,3.8,0.0%,DB,2019
150,151,Kenny Moore,2,1,0,0,0,0,0,0,1,3.8,3.8,29.0%,DB,2019
151,152,Kam Kelly,2,1,0,0,0,0,0,0,1,3.8,3.8,1.1%,DB,2019
152,153,J.C. Jackson,1,1,0,1,0,0,0,0,1,3.8,3.8,1.2%,DB,2019
153,154,Mike Edwards,2,1,0,0,0,0,0,0,1,3.8,3.8,4.2%,DB,2019
154,155,Eric Murray,1,2,0,0,0,0,0,0,1,3.0,3.0,0.2%,DB,2019
155,156,Cyrus Jones,2,0,0,0,0,0,0,0,1,3.0,3.0,0.0%,DB,2019
156,157,Tre Flowers,2,0,0,0,0,0,0,0,1,3.0,3.0,0.0%,DB,2019
157,158,Erik Harris,2,0,0,0,0,0,0,0,1,3.0,3.0,0.4%,DB,2019
158,159,Dean Marlowe,2,0,0,0,0,0,0,0,1,3.0,3.0,0.2%,DB,2019
159,160,Bradley Roby,2,0,0,0,0,0,0,0,1,3.0,3.0,0.0%,DB,2019
160,161,P.J. Williams,2,0,0,0,0,0,0,0,1,3.0,3.0,0.0%,DB,2019
161,162,Keisean Nixon,2,0,0,0,0,0,0,0,1,3.0,3.0,22.9%,DB,2019
162,163,Rock Ya-Sin,1,2,0,0,0,0,0,0,1,3.0,3.0,0.5%,DB,2019
163,164,Tavon Wilson,1,1,0,0,0,0,0,0,1,2.3,2.3,0.0%,DB,2019
164,165,Tyrann Mathieu,1,1,0,0,0,0,0,0,1,2.3,2.3,10.0%,DB,2019
165,166,Chris Jones,1,1,0,0,0,0,0,0,1,2.3,2.3,0.0%,DB,2019
166,167,Kendall Sheffield,1,0,0,0,0,0,0,0,1,1.5,1.5,0.0%,DB,2019
167,168,Blidi Wreh-Wilson,1,0,0,0,0,0,0,0,1,1.5,1.5,0.0%,DB,2019
168,169,Chris Lammons,1,0,0,0,0,0,0,0,1,1.5,1.5,0.0%,DB,2019
169,170,Brandon Wilson,1,0,0,0,0,0,0,0,1,1.5,1.5,0.0%,DB,2019
170,171,Raven Greene,1,0,0,0,0,0,0,0,1,1.5,1.5,0.0%,DB,2019
171,172,B.W. Webb,1,0,0,0,0,0,0,0,1,1.5,1.5,0.0%,DB,2019
172,173,Rontez Miles,1,0,0,0,0,0,0,0,1,1.5,1.5,4.0%,DB,2019
173,174,Trayvon Mullen,1,0,0,0,0,0,0,0,1,1.5,1.5,0.0%,DB,2019
174,175,Ken Webster,1,0,0,0,0,0,0,0,1,1.5,1.5,0.0%,DB,2019
175,176,Adoree' Jackson,1,0,0,0,0,0,0,0,1,1.5,1.5,1.2%,DB,2019
176,177,Terrence Brooks,1,0,0,0,0,0,0,0,1,1.5,1.5,0.0%,DB,2019
177,178,C.J. Gardner-Johnson,1,0,0,0,0,0,0,0,1,1.5,1.5,16.7%,DB,2019
178,179,Jourdan Lewis,1,0,0,0,0,0,0,0,1,1.5,1.5,2.0%,DB,2019
179,180,Chris Board,1,0,0,0,0,0,0,0,1,1.5,1.5,1.5%,DB,2019
180,181,Darius Phillips,1,0,0,0,0,0,0,0,1,1.5,1.5,0.0%,DB,2019
181,182,Steven Parker,1,0,0,0,0,0,0,0,1,1.5,1.5,0.0%,DB,2019
182,183,Aqib Talib,0,2,0,0,0,0,0,0,1,1.5,1.5,0.0%,DB,2019
183,184,Jaylen Watkins,1,0,0,0,0,0,0,0,1,1.5,1.5,0.0%,DB,2019
184,185,Deon Bush,0,0,0,1,0,0,0,0,1,1.5,1.5,0.0%,DB,2019
185,186,Quincy Wilson,1,0,0,0,0,0,0,0,1,1.5,1.5,0.0%,DB,2019
186,187,Javien Elliott,1,0,0,0,0,0,0,0,1,1.5,1.5,0.0%,DB,2019
187,188,Jamar Taylor,1,0,0,0,0,0,0,0,1,1.5,1.5,0.0%,DB,2019
188,189,Marcus Peters,0,0,0,1,0,0,0,0,1,1.5,1.5,1.2%,DB,2019
189,190,Chidobe Awuzie,0,1,0,0,0,0,0,0,1,0.8,0.8,2.3%,DB,2019
190,191,Simeon Thomas,0,1,0,0,0,0,0,0,1,0.8,0.8,0.0%,DB,2019
191,192,Kavon Frazier,0,1,0,0,0,0,0,0,1,0.8,0.8,0.0%,DB,2019
192,193,Grant Haley,0,1,0,0,0,0,0,0,1,0.8,0.8,0.0%,DB,2019
193,194,Earl Thomas,0,1,0,0,0,0,0,0,1,0.8,0.8,1.1%,DB,2019
194,195,Jalen Thompson,0,0,0,0,0,0,0,0,1,0.0,0.0,17.1%,DB,2019
195,196,C.J. Moore,0,0,0,0,0,0,0,0,1,0.0,0.0,5.1%,DB,2019
196,197,Anthony Levine,0,0,0,0,0,0,0,0,1,0.0,0.0,7.0%,DB,2019
197,198,Johnson Bademosi,0,0,0,0,0,0,0,0,1,0.0,0.0,0.0%,DB,2019
198,199,Johnathan Cyprien,0,0,0,0,0,0,0,0,1,0.0,0.0,0.0%,DB,2019
199,200,Nate Ebner,0,0,0,0,0,0,0,0,1,0.0,0.0,0.0%,DB,2019
200,201,Brynden Trawick,0,0,0,0,0,0,0,0,1,0.0,0.0,0.0%,DB,2019
201,202,Cody Davis,0,0,0,0,0,0,0,0,1,0.0,0.0,0.0%,DB,2019
202,203,Kemal Ishmael,0,0,0,0,0,0,0,0,1,0.0,0.0,0.0%,DB,2019
203,204,Kurt Coleman,0,0,0,0,0,0,0,0,1,0.0,0.0,0.0%,DB,2019
204,205,Darian Stewart,0,0,0,0,0,0,0,0,1,0.0,0.0,0.0%,DB,2019
205,206,Justin Bethel,0,0,0,0,0,0,0,0,1,0.0,0.0,0.0%,DB,2019
206,207,Josh Robinson,0,0,0,0,0,0,0,0,1,0.0,0.0,0.0%,DB,2019
207,208,Trumaine Johnson,0,0,0,0,0,0,0,0,1,0.0,0.0,0.0%,DB,2019
208,209,Jordan Dangerfield,0,0,0,0,0,0,0,0,1,0.0,0.0,0.0%,DB,2019
209,210,Antone Exum,0,0,0,0,0,0,0,0,1,0.0,0.0,0.0%,DB,2019
210,211,Terrance Mitchell,0,0,0,0,0,0,0,0,1,0.0,0.0,0.0%,DB,2019
211,212,Phillip Gaines,0,0,0,0,0,0,0,0,1,0.0,0.0,0.0%,DB,2019
212,213,Ross Cockrell,0,0,0,0,0,0,0,0,1,0.0,0.0,0.0%,DB,2019
213,214,Maurice Alexander,0,0,0,0,0,0,0,0,1,0.0,0.0,0.0%,DB,2019
214,215,Walt Aikens,0,0,0,0,0,0,0,0,1,0.0,0.0,0.0%,DB,2019
215,216,Dontae Johnson,0,0,0,0,0,0,0,0,1,0.0,0.0,0.0%,DB,2019
216,217,Charles Clay,0,0,0,0,0,0,0,0,1,0.0,0.0,0.0%,DB,2019
217,218,Colin Jones,0,0,0,0,0,0,0,0,1,0.0,0.0,5.0%,DB,2019
218,219,Patrick Robinson,0,0,0,0,0,0,0,0,1,0.0,0.0,0.0%,DB,2019
219,220,Duke Dawson,0,0,0,0,0,0,0,0,1,0.0,0.0,0.0%,DB,2019
220,221,DeShon Elliott,0,0,0,0,0,0,0,0,1,0.0,0.0,8.0%,DB,2019
221,222,Armani Watts,0,0,0,0,0,0,0,0,1,0.0,0.0,0.0%,DB,2019
222,223,Davontae Harris,0,0,0,0,0,0,0,0,1,0.0,0.0,0.0%,DB,2019
223,224,Tony Brown,0,0,0,0,0,0,0,0,1,0.0,0.0,0.0%,DB,2019
224,225,M.J. Stewart,0,0,0,0,0,0,0,0,1,0.0,0.0,4.0%,DB,2019
225,226,George Odum,0,0,0,0,0,0,0,0,1,0.0,0.0,0.5%,DB,2019
226,227,Trey Marshall,0,0,0,0,0,0,0,0,1,0.0,0.0,0.0%,DB,2019
227,228,Chandon Sullivan,0,0,0,0,0,0,0,0,1,0.0,0.0,0.0%,DB,2019
228,229,Troy Apke,0,0,0,0,0,0,0,0,1,0.0,0.0,0.0%,DB,2019
229,230,Keion Crossen,0,0,0,0,0,0,0,0,1,0.0,0.0,0.2%,DB,2019
230,231,Dane Cruikshank,0,0,0,0,0,0,0,0,1,0.0,0.0,0.2%,DB,2019
231,232,Josh Jackson,0,0,0,0,0,0,0,0,1,0.0,0.0,0.0%,DB,2019
232,233,Natrell Jamerson,0,0,0,0,0,0,0,0,1,0.0,0.0,0.0%,DB,2019
233,234,A.J. Moore,0,0,0,0,0,0,0,0,1,0.0,0.0,0.0%,DB,2019
234,235,Dee Virgin,0,0,0,0,0,0,0,0,1,0.0,0.0,0.1%,DB,2019
235,236,Justin Hardee,0,0,0,0,0,0,0,0,1,0.0,0.0,0.0%,DB,2019
236,237,Arthur Maulet,0,0,0,0,0,0,0,0,1,0.0,0.0,0.9%,DB,2019
237,238,Rudy Ford,0,0,0,0,0,0,0,0,1,0.0,0.0,4.0%,DB,2019
238,239,Ryan Lewis,0,0,0,0,0,0,0,0,1,0.0,0.0,0.0%,DB,2019
239,240,Breon Borders,0,0,0,0,0,0,0,0,1,0.0,0.0,0.0%,DB,2019
240,241,Corey Ballentine,0,0,0,0,0,0,0,0,1,0.0,0.0,0.6%,DB,2019
241,242,Marquise Blair,0,0,0,0,0,0,0,0,1,0.0,0.0,0.0%,DB,2019
242,243,Marcus Epps,0,0,0,0,0,0,0,0,1,0.0,0.0,4.0%,DB,2019
243,244,Andrew Wingard,0,0,0,0,0,0,0,0,1,0.0,0.0,1.6%,DB,2019
244,245,Jamel Dean,0,0,0,0,0,0,0,0,1,0.0,0.0,13.1%,DB,2019
245,246,Amani Hooker,0,0,0,0,0,0,0,0,1,0.0,0.0,14.9%,DB,2019
246,247,Sheldrick Redwine,0,0,0,0,0,0,0,0,1,0.0,0.0,0.2%,DB,2019
247,248,Ugo Amadi,0,0,0,0,0,0,0,0,1,0.0,0.0,0.2%,DB,2019
248,249,Nick Scott,0,0,0,0,0,0,0,0,1,0.0,0.0,1.7%,DB,2019
249,250,Nathan Meadors,0,0,0,0,0,0,0,0,1,0.0,0.0,0.0%,DB,2019
250,251,Sean Murphy-Bunting,0,0,0,0,0,0,0,0,1,0.0,0.0,10.3%,DB,2019
251,252,Will Harris,0,0,0,0,0,0,0,0,1,0.0,0.0,0.0%,DB,2019
252,253,Xavier Crawford,0,0,0,0,0,0,0,0,1,0.0,0.0,0.0%,DB,2019
253,254,Duke Shelley,0,0,0,0,0,0,0,0,1,0.0,0.0,0.0%,DB,2019
254,255,Sean Chandler,0,0,0,0,0,0,0,0,1,0.0,0.0,5.0%,DB,2019
255,256,Emmanuel Moseley,0,0,0,0,0,0,0,0,1,0.0,0.0,1.4%,DB,2019
256,257,J.T. Gray,0,0,0,0,0,0,0,0,1,0.0,0.0,0.4%,DB,2019
257,258,Terrell Williams,0,0,0,0,0,0,0,0,1,0.0,0.0,0.0%,DB,2019
258,259,Tavierre Thomas,0,0,0,0,0,0,0,0,1,0.0,0.0,2.0%,DB,2019
259,260,Ezekiel Turner,0,0,0,0,0,0,0,0,1,0.0,0.0,0.2%,DB,2019
260,261,Deionte Thompson,0,0,0,0,0,0,0,0,1,0.0,0.0,0.0%,DB,2019
261,262,Julian Love,0,0,0,0,0,0,0,0,1,0.0,0.0,33.4%,DB,2019
262,263,Kris Boyd,0,0,0,0,0,0,0,0,1,0.0,0.0,0.0%,DB,2019
263,264,Nasir Adderley,0,0,0,0,0,0,0,0,1,0.0,0.0,0.7%,DB,2019
264,265,Darious Williams,0,0,0,0,0,0,0,0,1,0.0,0.0,10.5%,DB,2019
265,266,Craig James,0,0,0,0,0,0,0,0,1,0.0,0.0,0.0%,DB,2019
266,267,Dallin Leavitt,0,0,0,0,0,0,0,0,1,0.0,0.0,4.0%,DB,2019
267,268,Mike Ford,0,0,0,0,0,0,0,0,1,0.0,0.0,0.0%,DB,2019
268,269,De'Vante Bausby,0,0,0,0,0,0,0,0,1,0.0,0.0,0.0%,DB,2019
269,270,Justin Coleman,0,0,0,0,0,0,0,0,1,0.0,0.0,0.0%,DB,2019
270,271,Deshazor Everett,0,0,0,0,0,0,0,0,1,0.0,0.0,0.0%,DB,2019
271,272,Akeem King,0,0,0,0,0,0,0,0,1,0.0,0.0,0.0%,DB,2019
272,273,Troy Hill,0,0,0,0,0,0,0,0,1,0.0,0.0,2.7%,DB,2019
273,274,Daniel Sorensen,0,0,0,0,0,0,0,0,1,0.0,0.0,0.0%,DB,2019
274,275,C.J. Goodwin,0,0,0,0,0,0,0,0,1,0.0,0.0,0.4%,DB,2019
275,276,Charles Washington,0,0,0,0,0,0,0,0,1,0.0,0.0,0.0%,DB,2019
276,277,Chris Milton,0,0,0,0,0,0,0,0,1,0.0,0.0,0.0%,DB,2019
277,278,Antonio Hamilton,0,0,0,0,0,0,0,0,1,0.0,0.0,0.7%,DB,2019
278,279,Chuck Clark,0,0,0,0,0,0,0,0,1,0.0,0.0,6.4%,DB,2019
279,280,Desmond King,0,0,0,0,0,0,0,0,1,0.0,0.0,12.6%,DB,2019
280,281,Josh Harvey-Clemons,0,0,0,0,0,0,0,0,1,0.0,0.0,0.0%,DB,2019
281,282,Matthias Farley,0,0,0,0,0,0,0,0,1,0.0,0.0,4.0%,DB,2019
282,283,Maurice Canady,0,0,0,0,0,0,0,0,1,0.0,0.0,0.0%,DB,2019
283,284,Miles Killebrew,0,0,0,0,0,0,0,0,1,0.0,0.0,0.2%,DB,2019
284,285,Jordan Lucas,0,0,0,0,0,0,0,0,1,0.0,0.0,0.0%,DB,2019
285,286,Clayton Fejedelem,0,0,0,0,0,0,0,0,1,0.0,0.0,0.0%,DB,2019
286,287,Will Redmond,0,0,0,0,0,0,0,0,1,0.0,0.0,0.0%,DB,2019
287,288,Darian Thompson,0,0,0,0,0,0,0,0,1,0.0,0.0,3.0%,DB,2019
288,289,Artie Burns,0,0,0,0,0,0,0,0,1,0.0,0.0,0.4%,DB,2019
289,290,Tony McRae,0,0,0,0,0,0,0,0,1,0.0,0.0,0.0%,DB,2019
290,291,Marqui Christian,0,0,0,0,0,0,0,0,1,0.0,0.0,0.0%,DB,2019
291,292,LeShaun Sims,0,0,0,0,0,0,0,0,1,0.0,0.0,0.0%,DB,2019
292,293,Will Parks,0,0,0,0,0,0,0,0,1,0.0,0.0,0.0%,DB,2019
293,294,Kevin Peterson,0,0,0,0,0,0,0,0,1,0.0,0.0,0.0%,DB,2019
294,295,DeAndre Houston-Carson,0,0,0,0,0,0,0,0,1,0.0,0.0,0.0%,DB,2019
