,Rank,Player,Tackle,Assist,Sack,Pass Defended,Interception,Forced Fumble,Fumble Recovery,Defend Touchdown,Games Played,Fantasy Football Points,FTPS/Game,ROST,Position,Year
0,1,Clelin Ferrell,5,3,2.5,1,0,0,0,0,1,26.3,26.3,1.7%,DL,2019
1,2,Jadeveon Clowney,5,0,1.0,0,0,1,1,1,1,25.5,25.5,22.5%,DL,2019
2,3,Melvin Ingram,7,0,2.0,1,0,0,0,0,1,25.0,25.0,0.0%,DL,2019
3,4,Chris Jones,4,4,2.0,0,0,1,0,0,1,23.5,23.5,25.7%,DL,2019
4,5,Aaron Donald,4,2,1.0,0,0,0,0,0,1,19.0,19.0,11.7%,DL,2019
5,6,Grady Jarrett,2,1,2.5,0,0,0,0,0,1,18.8,18.8,5.7%,DL,2019
6,7,Trey Flowers,6,1,1.0,0,0,0,0,0,1,18.8,18.8,0.2%,DL,2019
7,8,DeForest Buckner,1,4,0.0,0,0,0,2,1,1,18.5,18.5,47.2%,DL,2019
8,9,Javon Hargrave,2,5,1.0,0,0,1,0,0,1,17.3,17.3,14.8%,DL,2019
9,10,Al Woods,4,2,1.0,0,0,0,0,0,1,16.5,16.5,0.0%,DL,2019
10,11,Arik Armstead,2,1,1.5,0,0,1,0,0,1,16.3,16.3,3.6%,DL,2019
11,12,Benson Mayowa,2,1,1.5,0,0,1,0,0,1,16.3,16.3,0.0%,DL,2019
12,13,Nathan Shepherd,3,0,1.0,0,0,0,0,0,1,16.0,16.0,2.0%,DL,2019
13,14,Jarran Reed,1,3,1.5,1,0,1,0,0,1,15.3,15.3,5.8%,DL,2019
14,15,Dante Fowler,1,1,0.0,0,0,0,1,1,1,14.8,14.8,3.5%,DL,2019
15,16,Dalvin Tomlinson,2,7,1.0,0,0,0,0,0,1,14.8,14.8,2.2%,DL,2019
16,17,Chris Wormley,3,1,1.0,0,0,0,0,0,1,14.3,14.3,0.0%,DL,2019
17,18,Frank Clark,4,0,1.0,1,0,0,0,0,1,14.0,14.0,0.0%,DL,2019
18,19,Cameron Heyward,2,1,1.0,2,0,0,0,0,1,13.3,13.3,23.1%,DL,2019
19,20,DeMarcus Lawrence,5,3,0.0,0,0,0,0,0,1,12.3,12.3,12.7%,DL,2019
20,21,Trent Murphy,6,1,0.0,0,0,0,0,0,1,12.3,12.3,0.0%,DL,2019
21,22,Poona Ford,1,2,0.5,0,0,0,1,0,1,11.5,11.5,0.7%,DL,2019
22,23,Emmanuel Ogbah,3,0,1.0,0,0,0,0,0,1,11.0,11.0,1.1%,DL,2019
23,24,Justin Houston,3,0,1.0,0,0,0,0,0,1,11.0,11.0,0.0%,DL,2019
24,25,Nick Bosa,3,5,0.0,0,0,0,0,0,1,10.8,10.8,63.2%,DL,2019
25,26,Rodney Gunter,1,1,1.5,0,0,0,0,0,1,10.8,10.8,0.1%,DL,2019
26,27,Vernon Butler,2,1,1.0,0,0,0,0,0,1,10.3,10.3,0.0%,DL,2019
27,28,Nick Williams,2,1,1.0,0,0,0,0,0,1,10.3,10.3,3.0%,DL,2019
28,29,Everson Griffen,2,3,0.5,0,0,0,0,0,1,9.8,9.8,2.0%,DL,2019
29,30,Haason Reddick,3,5,0.0,1,0,0,0,0,1,9.8,9.8,17.6%,DL,2019
30,31,Ndamukong Suh,2,0,1.0,0,0,0,0,0,1,9.5,9.5,0.0%,DL,2019
31,32,Chad Thomas,2,0,1.0,0,0,0,0,0,1,9.5,9.5,0.0%,DL,2019
32,33,Maxx Crosby,1,2,0.5,1,0,0,0,0,1,9.0,9.0,69.0%,DL,2019
33,34,Tyler Lancaster,1,1,1.0,0,0,0,0,0,1,8.8,8.8,0.0%,DL,2019
34,35,Sheldon Richardson,3,0,0.0,0,0,1,0,0,1,8.5,8.5,1.0%,DL,2019
35,36,Gerald McCoy,1,3,0.5,0,0,0,0,0,1,8.3,8.3,0.0%,DL,2019
36,37,Mike Daniels,1,0,1.0,0,0,0,0,0,1,8.0,8.0,0.0%,DL,2019
37,38,Adrian Clayborn,1,0,1.0,0,0,0,0,0,1,8.0,8.0,0.0%,DL,2019
38,39,Morgan Fox,1,0,1.0,0,0,0,0,0,1,8.0,8.0,2.3%,DL,2019
39,40,D.J. Jones,1,0,1.0,0,0,0,0,0,1,8.0,8.0,5.0%,DL,2019
40,41,Jabaal Sheard,2,1,1.0,0,0,0,0,0,1,7.8,7.8,0.0%,DL,2019
41,42,Charles Harris,3,1,0.0,0,0,0,0,0,1,7.8,7.8,4.0%,DL,2019
42,43,Montravius Adams,1,1,0.0,1,0,0,1,0,1,7.8,7.8,0.4%,DL,2019
43,44,Grover Stewart,3,1,0.0,0,0,0,0,0,1,7.8,7.8,3.5%,DL,2019
44,45,Kenny Clark,2,2,0.0,0,0,0,0,0,1,7.0,7.0,8.9%,DL,2019
45,46,Corey Peters,2,1,0.0,0,0,0,0,0,1,6.3,6.3,2.0%,DL,2019
46,47,Brandon Williams,1,6,0.0,0,0,0,0,0,1,6.0,6.0,0.2%,DL,2019
47,48,Brent Urban,4,0,0.0,0,0,0,0,0,1,6.0,6.0,0.4%,DL,2019
48,49,Damon Harrison,4,0,0.0,0,0,0,0,0,1,6.0,6.0,0.0%,DL,2019
49,50,David Onyemata,4,0,0.0,0,0,0,0,0,1,6.0,6.0,5.7%,DL,2019
50,51,Vita Vea,3,0,0.0,1,0,0,0,0,1,6.0,6.0,5.6%,DL,2019
51,52,Steve McLendon,2,1,0.5,0,0,0,0,0,1,5.8,5.8,0.0%,DL,2019
52,53,Armon Watts,2,1,0.5,0,0,0,0,0,1,5.8,5.8,0.7%,DL,2019
53,54,Tanoh Kpassagnon,1,0,0.0,0,0,0,1,0,1,5.5,5.5,0.0%,DL,2019
54,55,Foley Fatukasi,2,0,0.0,0,0,0,0,0,1,5.5,5.5,0.4%,DL,2019
55,56,Jonathan Bullard,2,0,0.0,0,0,0,0,0,1,5.5,5.5,3.3%,DL,2019
56,57,Ronald Blair,2,0,0.0,0,0,0,0,0,1,5.5,5.5,0.0%,DL,2019
57,58,John Jenkins,2,0,0.0,0,0,0,0,0,1,5.5,5.5,1.7%,DL,2019
58,59,Bruce Irvin,3,1,0.0,0,0,0,0,0,1,5.3,5.3,0.2%,DL,2019
59,60,Joey Bosa,1,1,0.0,0,0,0,0,0,1,4.8,4.8,16.7%,DL,2019
60,61,Shaq Lawson,1,1,0.0,0,0,0,0,0,1,4.8,4.8,0.0%,DL,2019
61,62,A'Shawn Robinson,2,0,0.0,1,0,0,0,0,1,4.5,4.5,4.5%,DL,2019
62,63,Antwaun Woods,1,4,0.0,0,0,0,0,0,1,4.5,4.5,0.0%,DL,2019
63,64,Jaylon Ferguson,2,2,0.0,0,0,0,0,0,1,4.5,4.5,0.0%,DL,2019
64,65,P.J. Hall,2,2,0.0,0,0,0,0,0,1,4.5,4.5,0.0%,DL,2019
65,66,Maurice Hurst,1,1,0.5,0,0,0,0,0,1,4.3,4.3,0.2%,DL,2019
66,67,Ifeadi Odenigbo,1,0,0.0,0,0,0,0,0,1,4.0,4.0,4.0%,DL,2019
67,68,Quinnen Williams,0,0,0.0,0,0,0,1,0,1,4.0,4.0,26.7%,DL,2019
68,69,Christian Wilkins,1,3,0.0,0,0,0,0,0,1,3.8,3.8,48.1%,DL,2019
69,70,Damion Square,2,1,0.0,0,0,0,0,0,1,3.8,3.8,0.0%,DL,2019
70,71,Jason Pierre-Paul,2,1,0.0,0,0,0,0,0,1,3.8,3.8,0.0%,DL,2019
71,72,Denico Autry,0,1,0.0,2,0,0,0,0,1,3.8,3.8,10.1%,DL,2019
72,73,Tyson Alualu,1,3,0.0,0,0,0,0,0,1,3.8,3.8,0.0%,DL,2019
73,74,Michael Bennett,2,0,0.0,0,0,0,0,0,1,3.0,3.0,0.0%,DL,2019
74,75,Danielle Hunter,2,0,0.0,0,0,0,0,0,1,3.0,3.0,52.9%,DL,2019
75,76,Cameron Jordan,2,0,0.0,0,0,0,0,0,1,3.0,3.0,6.1%,DL,2019
76,77,Andrew Billings,1,2,0.0,0,0,0,0,0,1,3.0,3.0,1.6%,DL,2019
77,78,Shamar Stephen,2,0,0.0,0,0,0,0,0,1,3.0,3.0,0.0%,DL,2019
78,79,Jaleel Johnson,2,0,0.0,0,0,0,0,0,1,3.0,3.0,0.0%,DL,2019
79,80,Dexter Lawrence,2,0,0.0,0,0,0,0,0,1,3.0,3.0,12.4%,DL,2019
80,81,DaQuan Jones,2,0,0.0,0,0,0,0,0,1,3.0,3.0,0.7%,DL,2019
81,82,Johnathan Hankins,1,2,0.0,0,0,0,0,0,1,3.0,3.0,0.0%,DL,2019
82,83,Michael Brockers,1,2,0.0,0,0,0,0,0,1,3.0,3.0,0.0%,DL,2019
83,84,Shy Tuttle,1,2,0.0,0,0,0,0,0,1,3.0,3.0,2.0%,DL,2019
84,85,Davon Godchaux,1,2,0.0,0,0,0,0,0,1,3.0,3.0,4.3%,DL,2019
85,86,Dean Lowry,1,2,0.0,0,0,0,0,0,1,3.0,3.0,0.6%,DL,2019
86,87,Leonard Williams,1,2,0.0,0,0,0,0,0,1,3.0,3.0,10.9%,DL,2019
87,88,Mario Addison,0,1,0.5,0,0,0,0,0,1,2.8,2.8,4.0%,DL,2019
88,89,Branden Jackson,1,1,0.0,0,0,0,0,0,1,2.3,2.3,0.0%,DL,2019
89,90,Carlos Dunlap,1,1,0.0,0,0,0,0,0,1,2.3,2.3,3.0%,DL,2019
90,91,Sam Hubbard,1,1,0.0,0,0,0,0,0,1,2.3,2.3,21.7%,DL,2019
91,92,Eddie Goldman,1,1,0.0,0,0,0,0,0,1,2.3,2.3,0.2%,DL,2019
92,93,Austin Johnson,1,1,0.0,0,0,0,0,0,1,2.3,2.3,3.0%,DL,2019
93,94,Tarell Basham,0,1,0.0,1,0,0,0,0,1,2.3,2.3,0.0%,DL,2019
94,95,Rasheem Green,1,1,0.0,0,0,0,0,0,1,2.3,2.3,6.0%,DL,2019
95,96,Larry Ogunjobi,1,1,0.0,0,0,0,0,0,1,2.3,2.3,2.5%,DL,2019
96,97,Sylvester Williams,1,1,0.0,0,0,0,0,0,1,2.3,2.3,0.0%,DL,2019
97,98,Stephen Weatherly,1,1,0.0,0,0,0,0,0,1,2.3,2.3,0.0%,DL,2019
98,99,Jeffery Simmons,1,1,0.0,0,0,0,0,0,1,2.3,2.3,27.2%,DL,2019
99,100,Kyle Phillips,0,2,0.0,0,0,0,0,0,1,1.5,1.5,0.0%,DL,2019
100,101,Tyeler Davison,1,0,0.0,0,0,0,0,0,1,1.5,1.5,0.0%,DL,2019
101,102,Jihad Ward,1,0,0.0,0,0,0,0,0,1,1.5,1.5,0.2%,DL,2019
102,103,Josh Tupou,0,2,0.0,0,0,0,0,0,1,1.5,1.5,0.0%,DL,2019
103,104,Khalen Saunders,1,0,0.0,0,0,0,0,0,1,1.5,1.5,1.3%,DL,2019
104,105,Dee Ford,1,0,0.0,0,0,0,0,0,1,1.5,1.5,0.0%,DL,2019
105,106,Margus Hunt,1,0,0.0,0,0,0,0,0,1,1.5,1.5,0.0%,DL,2019
106,107,Jerry Hughes,1,0,0.0,0,0,0,0,0,1,1.5,1.5,1.0%,DL,2019
107,108,Bilal Nichols,1,0,0.0,0,0,0,0,0,1,1.5,1.5,1.3%,DL,2019
108,109,John Atkins,1,0,0.0,0,0,0,0,0,1,1.5,1.5,0.0%,DL,2019
109,110,Marcus Davenport,0,2,0.0,0,0,0,0,0,1,1.5,1.5,2.1%,DL,2019
110,111,Malcom Brown,1,0,0.0,0,0,0,0,0,1,1.5,1.5,0.0%,DL,2019
111,112,Taco Charlton,1,0,0.0,0,0,0,0,0,1,1.5,1.5,0.0%,DL,2019
112,113,Terrell McClain,0,2,0.0,0,0,0,0,0,1,1.5,1.5,0.0%,DL,2019
113,114,Cassius Marsh,1,0,0.0,0,0,0,0,0,1,1.5,1.5,1.0%,DL,2019
114,115,Dorance Armstrong,1,0,0.0,0,0,0,0,0,1,1.5,1.5,4.2%,DL,2019
115,116,Myles Garrett,1,0,0.0,0,0,0,0,0,1,1.5,1.5,63.7%,DL,2019
116,117,B.J. Hill,0,2,0.0,0,0,0,0,0,1,1.5,1.5,5.8%,DL,2019
117,118,Derrick Nnadi,1,0,0.0,0,0,0,0,0,1,1.5,1.5,0.9%,DL,2019
118,119,Henry Anderson,1,0,0.0,0,0,0,0,0,1,1.5,1.5,0.0%,DL,2019
119,120,Isaac Rochell,1,0,0.0,0,0,0,0,0,1,1.5,1.5,0.0%,DL,2019
120,121,Jerry Tillery,0,2,0.0,0,0,0,0,0,1,1.5,1.5,0.7%,DL,2019
121,122,Zach Sieler,1,0,0.0,0,0,0,0,0,1,1.5,1.5,27.9%,DL,2019
122,123,Brian Burns,1,0,0.0,0,0,0,0,0,1,1.5,1.5,41.3%,DL,2019
123,124,Jack Crawford,0,0,0.0,1,0,0,0,0,1,1.5,1.5,0.0%,DL,2019
124,125,Efe Obada,1,0,0.0,0,0,0,0,0,1,1.5,1.5,0.0%,DL,2019
125,126,Al-Quadin Muhammad,1,0,0.0,0,0,0,0,0,1,1.5,1.5,0.0%,DL,2019
126,127,Michael Dogbe,0,1,0.0,0,0,0,0,0,1,0.8,0.8,2.0%,DL,2019
127,128,Geno Atkins,0,1,0.0,0,0,0,0,0,1,0.8,0.8,0.0%,DL,2019
128,129,Brandon Mebane,0,1,0.0,0,0,0,0,0,1,0.8,0.8,0.0%,DL,2019
129,130,Zach Kerr,0,1,0.0,0,0,0,0,0,1,0.8,0.8,0.0%,DL,2019
130,131,Kingsley Keke,0,1,0.0,0,0,0,0,0,1,0.8,0.8,1.0%,DL,2019
131,132,Sebastian Joseph-Day,0,1,0.0,0,0,0,0,0,1,0.8,0.8,2.1%,DL,2019
132,133,Anthony Zettel,0,1,0.0,0,0,0,0,0,1,0.8,0.8,1.0%,DL,2019
133,134,Corey Liuget,0,1,0.0,0,0,0,0,0,1,0.8,0.8,0.0%,DL,2019
134,135,Trey Hendrickson,0,1,0.0,0,0,0,0,0,1,0.8,0.8,35.3%,DL,2019
135,136,Maliek Collins,0,1,0.0,0,0,0,0,0,1,0.8,0.8,2.4%,DL,2019
136,137,Quinton Jefferson,0,1,0.0,0,0,0,0,0,1,0.8,0.8,3.4%,DL,2019
137,138,R.J. McIntosh,0,1,0.0,0,0,0,0,0,1,0.8,0.8,0.0%,DL,2019
138,139,Solomon Thomas,0,1,0.0,0,0,0,0,0,1,0.8,0.8,0.8%,DL,2019
139,140,Jordan Phillips,0,1,0.0,0,0,0,0,0,1,0.8,0.8,0.9%,DL,2019
140,141,William Gholston,0,1,0.0,0,0,0,0,0,1,0.8,0.8,1.6%,DL,2019
141,142,Aaron Lynch,1,0,0.0,0,0,0,0,0,1,0.0,0.0,0.0%,DL,2019
142,143,Daniel McCullers,0,0,0.0,0,0,0,0,0,1,0.0,0.0,0.0%,DL,2019
143,144,Khalil Mack,2,1,0.0,0,0,0,0,0,1,0.0,0.0,52.8%,DL,2019
144,145,Wes Horton,0,0,0.0,0,0,0,0,0,1,0.0,0.0,0.0%,DL,2019
145,146,Chris Smith,0,0,0.0,0,0,0,0,0,1,0.0,0.0,0.0%,DL,2019
146,147,Devon Kennard,2,0,1.0,0,0,0,0,0,1,0.0,0.0,0.0%,DL,2019
147,148,Beau Allen,0,0,0.0,0,0,0,0,0,1,0.0,0.0,0.0%,DL,2019
148,149,Dontari Poe,0,0,0.0,0,0,0,0,0,1,0.0,0.0,0.0%,DL,2019
149,150,Star Lotulelei,0,0,0.0,0,0,0,0,0,1,0.0,0.0,0.0%,DL,2019
150,151,Ezekiel Ansah,0,0,0.0,0,0,0,0,0,1,0.0,0.0,0.0%,DL,2019
151,152,Kerry Hyder,0,0,0.0,0,0,0,0,0,1,0.0,0.0,2.0%,DL,2019
152,153,Alejandro Villanueva,0,0,0.0,0,0,0,0,0,1,0.0,0.0,0.0%,DL,2019
153,154,Shaquil Barrett,3,0,1.0,0,0,0,0,0,1,0.0,0.0,8.4%,DL,2019
154,155,Brandon Copeland,3,4,0.0,0,0,0,0,0,1,0.0,0.0,0.0%,DL,2019
155,156,Terrell Suggs,5,2,0.5,0,0,0,0,0,1,0.0,0.0,0.0%,DL,2019
156,157,Robert Quinn,1,2,1.0,0,0,0,0,0,1,0.0,0.0,1.2%,DL,2019
157,158,Allen Bailey,0,0,0.0,0,0,0,0,0,1,0.0,0.0,0.0%,DL,2019
158,159,Chandler Jones,4,1,2.0,0,0,1,0,0,1,0.0,0.0,0.5%,DL,2019
159,160,Kyle Love,0,0,0.0,0,0,0,0,0,1,0.0,0.0,0.0%,DL,2019
160,161,Clay Matthews,3,0,1.0,1,0,0,0,0,1,0.0,0.0,0.0%,DL,2019
161,162,Cameron Wake,0,0,0.0,0,0,0,0,0,1,0.0,0.0,0.0%,DL,2019
162,163,Vic Beasley,3,1,1.5,0,0,0,0,0,1,0.0,0.0,0.0%,DL,2019
163,164,Jacob Tuioti-Mariner,0,0,0.0,0,0,0,0,0,1,0.0,0.0,0.0%,DL,2019
164,165,Matt Dickerson,0,0,0.0,0,0,0,0,0,1,0.0,0.0,0.0%,DL,2019
165,166,Ed Oliver,0,0,0.0,0,0,0,0,0,1,0.0,0.0,22.1%,DL,2019
166,167,Sharif Finch,2,0,0.0,0,0,0,0,0,1,0.0,0.0,0.0%,DL,2019
167,168,Dennis Gardeck,0,0,0.0,0,0,0,0,0,1,0.0,0.0,3.6%,DL,2019
168,169,Lorenzo Carter,1,2,0.0,0,0,0,0,0,1,0.0,0.0,1.8%,DL,2019
169,170,Harold Landry,1,2,1.0,0,0,0,0,0,1,0.0,0.0,24.1%,DL,2019
170,171,Marquis Haynes,0,0,0.0,0,0,0,0,0,1,0.0,0.0,0.6%,DL,2019
171,172,Andrew Brown,0,0,0.0,0,0,0,0,0,1,0.0,0.0,0.0%,DL,2019
172,173,Rashaad Coward,0,0,0.0,0,0,0,0,0,1,0.0,0.0,1.0%,DL,2019
173,174,Trent Harris,0,0,0.0,0,0,0,0,0,1,0.0,0.0,0.0%,DL,2019
174,175,Jalyn Holmes,0,0,0.0,0,0,0,0,0,1,0.0,0.0,0.4%,DL,2019
175,176,Ogbo Okoronkwo,0,0,0.0,0,0,0,0,0,1,0.0,0.0,2.7%,DL,2019
176,177,Uchenna Nwosu,1,0,1.0,0,0,0,0,0,1,0.0,0.0,17.7%,DL,2019
177,178,Shaquem Griffin,0,0,0.0,0,0,0,0,0,1,0.0,0.0,0.1%,DL,2019
178,179,Ola Adeniyi,0,0,0.0,0,0,0,0,0,1,0.0,0.0,0.0%,DL,2019
179,180,Rashan Gary,0,0,0.0,0,0,0,0,0,1,0.0,0.0,11.2%,DL,2019
180,181,Kahzin Daniels,0,0,0.0,0,0,0,0,0,1,0.0,0.0,0.0%,DL,2019
181,182,Kevin Strong,0,0,0.0,0,0,0,0,0,1,0.0,0.0,0.0%,DL,2019
182,183,Isaiah Mack,0,0,0.0,0,0,0,0,0,1,0.0,0.0,0.0%,DL,2019
183,184,Natrez Patrick,0,0,0.0,0,0,0,0,0,1,0.0,0.0,0.0%,DL,2019
184,185,Emeke Egbule,0,0,0.0,0,0,0,0,0,1,0.0,0.0,0.0%,DL,2019
185,186,Oshane Ximines,1,2,0.0,0,0,0,0,0,1,0.0,0.0,0.0%,DL,2019
186,187,Isaiah Buggs,0,0,0.0,0,0,0,0,0,1,0.0,0.0,0.2%,DL,2019
187,188,Ben Banogu,0,0,0.0,0,0,0,0,0,1,0.0,0.0,0.0%,DL,2019
188,189,Renell Wren,0,0,0.0,0,0,0,0,0,1,0.0,0.0,0.0%,DL,2019
189,190,Darryl Johnson,0,0,0.0,0,0,0,0,0,1,0.0,0.0,0.0%,DL,2019
190,191,Greg Gaines,0,0,0.0,0,0,0,0,0,1,0.0,0.0,0.4%,DL,2019
191,192,Jordan Jenkins,2,0,2.0,1,0,0,0,0,1,0.0,0.0,0.0%,DL,2019
192,193,Leonard Floyd,2,0,0.0,0,0,0,0,0,1,0.0,0.0,5.4%,DL,2019
193,194,Vince Biegel,5,0,0.0,0,0,0,0,0,1,0.0,0.0,0.0%,DL,2019
194,195,Sheldon Rankins,0,0,0.0,0,0,0,0,0,1,0.0,0.0,2.0%,DL,2019
195,196,Sheldon Day,0,0,0.0,0,0,0,0,0,1,0.0,0.0,0.0%,DL,2019
196,197,Kyler Fackrell,0,0,0.0,0,0,0,0,0,1,0.0,0.0,0.0%,DL,2019
197,198,Kamalei Correa,1,1,0.0,0,0,0,0,0,1,0.0,0.0,0.0%,DL,2019
198,199,Roy Robertson-Harris,0,0,0.0,0,0,0,0,0,1,0.0,0.0,1.3%,DL,2019
199,200,Matthew Judon,6,0,0.0,0,0,0,0,0,1,0.0,0.0,16.8%,DL,2019
200,201,Rakeem Nunez-Roches,0,0,0.0,0,0,0,0,0,1,0.0,0.0,0.9%,DL,2019
201,202,Bud Dupree,3,1,0.0,0,0,0,0,0,1,0.0,0.0,1.3%,DL,2019
202,203,Preston Smith,5,1,2.0,0,0,0,0,0,1,0.0,0.0,11.1%,DL,2019
203,204,Mario Edwards,0,0,0.0,0,0,0,0,0,1,0.0,0.0,0.0%,DL,2019
204,205,Markus Golden,2,2,1.0,0,0,0,0,0,1,0.0,0.0,0.5%,DL,2019
205,206,Za'Darius Smith,0,1,0.0,0,0,0,0,0,1,0.0,0.0,5.4%,DL,2019
206,207,Christian Covington,0,0,0.0,0,0,0,0,0,1,0.0,0.0,0.0%,DL,2019
207,208,Anthony Chickillo,1,0,0.0,0,0,0,0,0,1,0.0,0.0,0.0%,DL,2019
208,209,James Vaughters,0,0,0.0,0,0,0,0,0,1,0.0,0.0,0.0%,DL,2019
209,210,Patrick O'Connor,0,0,0.0,0,0,0,0,0,1,0.0,0.0,3.0%,DL,2019
210,211,Samson Ebukam,1,1,0.0,0,0,0,0,0,1,0.0,0.0,8.7%,DL,2019
211,212,Joey Ivie,0,0,0.0,0,0,0,0,0,1,0.0,0.0,0.0%,DL,2019
212,213,Devaroe Lawrence,0,0,0.0,0,0,0,0,0,1,0.0,0.0,0.0%,DL,2019
213,214,Eli Ankou,0,0,0.0,0,0,0,0,0,1,0.0,0.0,0.2%,DL,2019
214,215,Carl Lawson,0,0,0.0,0,0,0,0,0,1,0.0,0.0,0.0%,DL,2019
215,216,Zach Wood,0,0,0.0,0,0,0,0,0,1,0.0,0.0,0.0%,DL,2019
216,217,Reggie Gilbert,1,1,0.0,0,0,0,0,0,1,0.0,0.0,0.1%,DL,2019
217,218,Trevon Coley,0,0,0.0,0,0,0,0,0,1,0.0,0.0,0.0%,DL,2019
218,219,Michael Pierce,0,0,0.0,0,0,0,0,0,1,0.0,0.0,1.7%,DL,2019
219,220,Takk McKinley,2,0,0.0,0,0,0,0,0,1,0.0,0.0,1.1%,DL,2019
220,221,T.J. Watt,4,1,2.0,0,0,1,0,0,1,0.0,0.0,78.9%,DL,2019
221,222,Tyus Bowser,0,2,0.0,1,0,0,1,1,1,0.0,0.0,0.7%,DL,2019
222,223,Kameron Canaday,0,0,0.0,0,0,0,0,0,1,0.0,0.0,0.0%,DL,2019
