,Rank,Player,Tackle,Assist,Sack,Pass Defended,Interception,Forced Fumble,Fumble Recovery,Defend Touchdown,Games Played,Fantasy Football Points,FTPS/Game,ROST,Position,Year
0,1,Myles Garrett,3,2,3.0,0,0,0,0,0,1,25.5,25.5,63.7%,DL,2019
1,2,Denico Autry,4,0,2.0,0,0,1,0,0,1,23.0,23.0,10.1%,DL,2019
2,3,Stephon Tuitt,3,1,2.5,0,0,0,0,0,1,20.3,20.3,0.1%,DL,2019
3,4,Danielle Hunter,6,3,1.0,0,0,0,0,0,1,20.3,20.3,52.9%,DL,2019
4,5,Adam Butler,3,1,2.0,1,0,0,0,0,1,19.8,19.8,0.7%,DL,2019
5,6,Ronald Blair,4,1,1.0,0,0,0,0,0,1,18.3,18.3,0.0%,DL,2019
6,7,Cameron Jordan,5,0,1.0,0,0,0,1,0,1,18.0,18.0,6.1%,DL,2019
7,8,Linval Joseph,4,2,1.0,0,0,0,0,0,1,16.5,16.5,0.0%,DL,2019
8,9,Benson Mayowa,1,2,1.5,0,0,1,0,0,1,15.5,15.5,0.0%,DL,2019
9,10,Chris Jones,3,2,1.0,1,0,0,0,0,1,14.0,14.0,25.7%,DL,2019
10,11,Haason Reddick,5,3,0.0,1,0,0,0,0,1,13.8,13.8,17.6%,DL,2019
11,12,Tanoh Kpassagnon,2,0,1.0,0,0,1,0,0,1,13.5,13.5,0.0%,DL,2019
12,13,Arik Armstead,2,1,1.0,0,0,0,0,0,1,12.8,12.8,3.6%,DL,2019
13,14,Corey Peters,2,1,1.0,0,0,0,0,0,1,12.8,12.8,2.0%,DL,2019
14,15,Al-Quadin Muhammad,4,0,0.0,0,0,1,0,0,1,12.5,12.5,0.0%,DL,2019
15,16,Grady Jarrett,3,2,1.0,0,0,0,0,0,1,12.5,12.5,5.7%,DL,2019
16,17,Dean Lowry,2,1,0.0,1,0,0,1,0,1,11.8,11.8,0.6%,DL,2019
17,18,Trey Hendrickson,2,0,1.0,0,0,1,0,0,1,11.0,11.0,35.3%,DL,2019
18,19,Branden Jackson,3,0,1.0,0,0,0,0,0,1,11.0,11.0,0.0%,DL,2019
19,20,Kenny Clark,1,2,1.0,0,0,1,0,0,1,11.0,11.0,8.9%,DL,2019
20,21,Chase Winovich,1,1,1.5,0,0,0,0,0,1,10.8,10.8,0.0%,DL,2019
21,22,Johnathan Hankins,4,1,0.0,1,0,0,0,0,1,10.8,10.8,0.0%,DL,2019
22,23,Melvin Ingram,4,3,0.0,0,0,0,0,0,1,10.8,10.8,0.0%,DL,2019
23,24,Tarell Basham,1,3,1.0,0,0,0,0,0,1,10.3,10.3,0.0%,DL,2019
24,25,Marcus Davenport,2,1,1.0,0,0,0,0,0,1,10.3,10.3,2.1%,DL,2019
25,26,Charles Omenihu,1,1,1.0,0,0,1,0,0,1,10.3,10.3,1.1%,DL,2019
26,27,Dontari Poe,2,1,1.0,0,0,0,0,0,1,10.3,10.3,0.0%,DL,2019
27,28,Solomon Thomas,2,1,1.0,0,0,0,0,0,1,10.3,10.3,0.8%,DL,2019
28,29,Grover Stewart,1,3,1.0,0,0,0,0,0,1,10.3,10.3,3.5%,DL,2019
29,30,Dante Fowler,4,2,0.0,0,0,0,0,0,1,10.0,10.0,3.5%,DL,2019
30,31,Michael Brockers,1,2,1.0,0,0,0,0,0,1,9.5,9.5,0.0%,DL,2019
31,32,Cassius Marsh,2,0,1.0,0,0,0,0,0,1,9.5,9.5,1.0%,DL,2019
32,33,Nick Williams,2,0,1.0,0,0,0,0,0,1,9.5,9.5,3.0%,DL,2019
33,34,Ryan Kerrigan,2,0,1.0,0,0,0,0,0,1,9.5,9.5,0.0%,DL,2019
34,35,John Jenkins,2,0,1.0,0,0,0,0,0,1,9.5,9.5,1.7%,DL,2019
35,36,Derek Wolfe,4,1,0.0,0,0,0,0,0,1,9.3,9.3,0.0%,DL,2019
36,37,Joey Bosa,3,3,0.0,0,0,0,0,0,1,9.3,9.3,16.7%,DL,2019
37,38,Rodney Gunter,2,1,0.0,0,0,0,0,0,1,8.8,8.8,0.1%,DL,2019
38,39,Cameron Heyward,3,0,0.0,1,0,0,0,0,1,8.5,8.5,23.1%,DL,2019
39,40,Carlos Dunlap,2,4,0.0,0,0,0,0,0,1,8.5,8.5,3.0%,DL,2019
40,41,DJ Reader,3,2,0.0,0,0,0,0,0,1,8.5,8.5,2.6%,DL,2019
41,42,DaQuan Jones,5,1,0.0,0,0,0,0,0,1,8.3,8.3,0.7%,DL,2019
42,43,P.J. Hall,2,1,0.5,0,0,0,0,0,1,8.3,8.3,0.0%,DL,2019
43,44,DeForest Buckner,1,0,1.0,0,0,0,0,0,1,8.0,8.0,47.2%,DL,2019
44,45,Danny Shelton,1,0,1.0,0,0,0,0,0,1,8.0,8.0,0.0%,DL,2019
45,46,Tyrone Crawford,1,0,1.0,0,0,0,0,0,1,8.0,8.0,0.0%,DL,2019
46,47,Isaiah Mack,1,0,1.0,0,0,0,0,0,1,8.0,8.0,0.0%,DL,2019
47,48,Harrison Phillips,1,2,0.5,2,0,0,0,0,1,8.0,8.0,23.5%,DL,2019
48,49,Adrian Clayborn,1,0,1.0,0,0,0,0,0,1,8.0,8.0,0.0%,DL,2019
49,50,Michael Bennett,1,0,1.0,0,0,0,0,0,1,8.0,8.0,0.0%,DL,2019
50,51,Olsen Pierre,1,0,1.0,0,0,0,0,0,1,8.0,8.0,0.0%,DL,2019
51,52,Brian Burns,2,1,1.0,0,0,0,0,0,1,7.8,7.8,41.3%,DL,2019
52,53,Montez Sweat,3,1,0.0,0,0,0,0,0,1,7.8,7.8,35.2%,DL,2019
53,54,Trent Murphy,0,1,0.0,1,1,0,0,0,1,7.3,7.3,0.0%,DL,2019
54,55,A'Shawn Robinson,3,1,0.5,0,0,0,0,0,1,7.3,7.3,4.5%,DL,2019
55,56,Emmanuel Ogbah,2,0,0.0,0,0,1,0,0,1,7.0,7.0,1.1%,DL,2019
56,57,Josh Allen,2,2,0.0,0,0,0,0,0,1,7.0,7.0,44.1%,DL,2019
57,58,Matt Ioannidis,4,1,0.0,0,0,0,0,0,1,6.8,6.8,0.0%,DL,2019
58,59,Anthony Nelson,0,1,0.0,1,0,1,0,0,1,6.3,6.3,0.4%,DL,2019
59,60,Angelo Blackson,2,1,0.0,0,0,0,0,0,1,6.3,6.3,0.2%,DL,2019
60,61,Clelin Ferrell,2,1,0.0,0,0,0,0,0,1,6.3,6.3,1.7%,DL,2019
61,62,Gerald McCoy,1,3,0.0,0,0,0,0,0,1,6.3,6.3,0.0%,DL,2019
62,63,Jurrell Casey,3,2,0.0,0,0,0,0,0,1,6.0,6.0,0.1%,DL,2019
63,64,Sheldon Richardson,3,2,0.0,0,0,0,0,0,1,6.0,6.0,1.0%,DL,2019
64,65,Bronson Kaufusi,2,1,0.5,0,0,0,0,0,1,5.8,5.8,0.0%,DL,2019
65,66,J.J. Watt,0,2,0.0,0,0,0,1,0,1,5.5,5.5,4.2%,DL,2019
66,67,Foley Fatukasi,2,0,0.0,0,0,0,0,0,1,5.5,5.5,0.4%,DL,2019
67,68,Derek Barnett,2,0,0.0,0,0,0,0,0,1,5.5,5.5,0.5%,DL,2019
68,69,Frank Clark,1,2,0.0,0,0,0,0,0,1,5.5,5.5,0.0%,DL,2019
69,70,Brandon Graham,2,0,0.0,0,0,0,0,0,1,5.5,5.5,2.2%,DL,2019
70,71,William Gholston,1,2,0.0,0,0,0,0,0,1,5.5,5.5,1.6%,DL,2019
71,72,Al Woods,3,1,0.0,0,0,0,0,0,1,5.3,5.3,0.0%,DL,2019
72,73,David Onyemata,3,1,0.0,0,0,0,0,0,1,5.3,5.3,5.7%,DL,2019
73,74,Sam Hubbard,2,3,0.0,0,0,0,0,0,1,5.3,5.3,21.7%,DL,2019
74,75,Davon Godchaux,2,3,0.0,0,0,0,0,0,1,5.3,5.3,4.3%,DL,2019
75,76,Shelby Harris,2,3,0.0,0,0,0,0,0,1,5.3,5.3,1.1%,DL,2019
76,77,Zach Allen,1,1,0.0,0,0,0,0,0,1,4.8,4.8,10.7%,DL,2019
77,78,Sheldon Day,1,1,0.0,0,0,0,0,0,1,4.8,4.8,0.0%,DL,2019
78,79,Daniel Ekuale,1,1,0.0,0,0,0,0,0,1,4.8,4.8,0.2%,DL,2019
79,80,Calais Campbell,2,2,0.0,0,0,0,0,0,1,4.5,4.5,3.1%,DL,2019
80,81,Josh Sweat,1,2,0.0,1,0,0,0,0,1,4.5,4.5,14.1%,DL,2019
81,82,Larry Ogunjobi,2,2,0.0,0,0,0,0,0,1,4.5,4.5,2.5%,DL,2019
82,83,Geno Atkins,1,4,0.0,0,0,0,0,0,1,4.5,4.5,0.0%,DL,2019
83,84,Dexter Lawrence,2,2,0.0,0,0,0,0,0,1,4.5,4.5,12.4%,DL,2019
84,85,Steve McLendon,1,4,0.0,0,0,0,0,0,1,4.5,4.5,0.0%,DL,2019
85,86,Xavier Williams,3,0,0.0,0,0,0,0,0,1,4.5,4.5,0.0%,DL,2019
86,87,Aaron Donald,1,0,0.0,0,0,0,0,0,1,4.0,4.0,11.7%,DL,2019
87,88,Ndamukong Suh,0,0,0.0,0,0,0,1,0,1,4.0,4.0,0.0%,DL,2019
88,89,Maliek Collins,1,0,0.0,0,0,0,0,0,1,4.0,4.0,2.4%,DL,2019
89,90,B.J. Hill,2,1,0.0,0,0,0,0,0,1,3.8,3.8,5.8%,DL,2019
90,91,Tyeler Davison,2,1,0.0,0,0,0,0,0,1,3.8,3.8,0.0%,DL,2019
91,92,Lawrence Guy,2,1,0.0,0,0,0,0,0,1,3.8,3.8,4.0%,DL,2019
92,93,Jadeveon Clowney,1,1,0.0,1,0,0,0,0,1,3.8,3.8,22.5%,DL,2019
93,94,Marcell Dareus,2,1,0.0,0,0,0,0,0,1,3.8,3.8,0.0%,DL,2019
94,95,Justin Houston,1,3,0.0,0,0,0,0,0,1,3.8,3.8,0.0%,DL,2019
95,96,Mario Addison,0,2,0.5,0,0,0,0,0,1,3.5,3.5,4.0%,DL,2019
96,97,Romeo Okwara,0,2,0.5,0,0,0,0,0,1,3.5,3.5,0.0%,DL,2019
97,98,Akiem Hicks,2,0,0.0,0,0,0,0,0,1,3.0,3.0,0.0%,DL,2019
98,99,Tyson Alualu,2,0,0.0,0,0,0,0,0,1,3.0,3.0,0.0%,DL,2019
99,100,Dalvin Tomlinson,1,2,0.0,0,0,0,0,0,1,3.0,3.0,2.2%,DL,2019
100,101,Michael Pierce,2,0,0.0,0,0,0,0,0,1,3.0,3.0,1.7%,DL,2019
101,102,Fletcher Cox,1,0,0.0,1,0,0,0,0,1,3.0,3.0,1.1%,DL,2019
102,103,Charles Harris,1,2,0.0,0,0,0,0,0,1,3.0,3.0,4.0%,DL,2019
103,104,Malcom Brown,1,2,0.0,0,0,0,0,0,1,3.0,3.0,0.0%,DL,2019
104,105,Dorance Armstrong,2,0,0.0,0,0,0,0,0,1,3.0,3.0,4.2%,DL,2019
105,106,Vita Vea,0,4,0.0,0,0,0,0,0,1,3.0,3.0,5.6%,DL,2019
106,107,Daron Payne,0,4,0.0,0,0,0,0,0,1,3.0,3.0,15.4%,DL,2019
107,108,Everson Griffen,1,2,0.0,0,0,0,0,0,1,3.0,3.0,2.0%,DL,2019
108,109,Christian Wilkins,1,2,0.0,0,0,0,0,0,1,3.0,3.0,48.1%,DL,2019
109,110,Eddie Goldman,1,2,0.0,0,0,0,0,0,1,3.0,3.0,0.2%,DL,2019
110,111,Ed Oliver,0,2,0.0,1,0,0,0,0,1,3.0,3.0,22.1%,DL,2019
111,112,Daniel McCullers,1,1,0.0,0,0,0,0,0,1,2.3,2.3,0.0%,DL,2019
112,113,Kyle Phillips,1,1,0.0,0,0,0,0,0,1,2.3,2.3,0.0%,DL,2019
113,114,Rasheem Green,1,1,0.0,0,0,0,0,0,1,2.3,2.3,6.0%,DL,2019
114,115,Maxx Crosby,1,1,0.0,0,0,0,0,0,1,2.3,2.3,69.0%,DL,2019
115,116,Brandon Mebane,0,3,0.0,0,0,0,0,0,1,2.3,2.3,0.0%,DL,2019
116,117,Avery Moss,1,1,0.0,0,0,0,0,0,1,2.3,2.3,0.0%,DL,2019
117,118,Jordan Phillips,1,1,0.0,0,0,0,0,0,1,2.3,2.3,0.9%,DL,2019
118,119,DeMarcus Walker,0,1,0.0,1,0,0,0,0,1,2.3,2.3,1.8%,DL,2019
119,120,Carl Nassib,1,1,0.0,0,0,0,0,0,1,2.3,2.3,0.0%,DL,2019
120,121,Andrew Billings,1,1,0.0,0,0,0,0,0,1,2.3,2.3,1.6%,DL,2019
121,122,Jerry Hughes,1,1,0.0,0,0,0,0,0,1,2.3,2.3,1.0%,DL,2019
122,123,R.J. McIntosh,1,1,0.0,0,0,0,0,0,1,2.3,2.3,0.0%,DL,2019
123,124,Chris Smith,0,0,0.0,1,0,0,0,0,1,1.5,1.5,0.0%,DL,2019
124,125,Vinny Curry,1,0,0.0,0,0,0,0,0,1,1.5,1.5,0.0%,DL,2019
125,126,Quinton Jefferson,1,0,0.0,0,0,0,0,0,1,1.5,1.5,3.4%,DL,2019
126,127,Jullian Taylor,0,0,0.0,1,0,0,0,0,1,1.5,1.5,0.0%,DL,2019
127,128,Miles Brown,1,0,0.0,0,0,0,0,0,1,1.5,1.5,0.0%,DL,2019
128,129,Bilal Nichols,1,0,0.0,0,0,0,0,0,1,1.5,1.5,1.3%,DL,2019
129,130,Jaleel Johnson,1,0,0.0,0,0,0,0,0,1,1.5,1.5,0.0%,DL,2019
130,131,Clinton McDonald,1,0,0.0,0,0,0,0,0,1,1.5,1.5,0.0%,DL,2019
131,132,Ola Adeniyi,1,0,0.0,0,0,0,0,0,1,1.5,1.5,0.0%,DL,2019
132,133,Brandon Dunn,0,2,0.0,0,0,0,0,0,1,1.5,1.5,0.0%,DL,2019
133,134,Maurice Hurst,1,0,0.0,0,0,0,0,0,1,1.5,1.5,0.2%,DL,2019
134,135,Kawann Short,1,0,0.0,0,0,0,0,0,1,1.5,1.5,0.0%,DL,2019
135,136,Leonard Williams,0,2,0.0,0,0,0,0,0,1,1.5,1.5,10.9%,DL,2019
136,137,Darryl Johnson,0,2,0.0,0,0,0,0,0,1,1.5,1.5,0.0%,DL,2019
137,138,Chad Thomas,0,2,0.0,0,0,0,0,0,1,1.5,1.5,0.0%,DL,2019
138,139,Henry Anderson,0,2,0.0,0,0,0,0,0,1,1.5,1.5,0.0%,DL,2019
139,140,Taven Bryan,0,2,0.0,0,0,0,0,0,1,1.5,1.5,0.2%,DL,2019
140,141,Tim Settle,1,0,0.0,0,0,0,0,0,1,1.5,1.5,0.4%,DL,2019
141,142,Derrick Nnadi,1,0,0.0,0,0,0,0,0,1,1.5,1.5,0.9%,DL,2019
142,143,Ryan Glasgow,1,0,0.0,0,0,0,0,0,1,1.5,1.5,0.0%,DL,2019
143,144,Kerry Hyder,1,0,0.0,0,0,0,0,0,1,1.5,1.5,2.0%,DL,2019
144,145,Josh Tupou,0,2,0.0,0,0,0,0,0,1,1.5,1.5,0.0%,DL,2019
145,146,John Cominsky,1,0,0.0,0,0,0,0,0,1,1.5,1.5,1.2%,DL,2019
146,147,Jerry Tillery,1,0,0.0,0,0,0,0,0,1,1.5,1.5,0.7%,DL,2019
147,148,Margus Hunt,1,0,0.0,0,0,0,0,0,1,1.5,1.5,0.0%,DL,2019
148,149,Olivier Vernon,1,0,0.0,0,0,0,0,0,1,1.5,1.5,6.0%,DL,2019
149,150,Tyler Lancaster,1,0,0.0,0,0,0,0,0,1,1.5,1.5,0.0%,DL,2019
150,151,Allen Bailey,1,0,0.0,0,0,0,0,0,1,1.5,1.5,0.0%,DL,2019
151,152,Adam Gotsis,0,2,0.0,0,0,0,0,0,1,1.5,1.5,1.2%,DL,2019
152,153,Josh Mauro,1,0,0.0,0,0,0,0,0,1,1.5,1.5,0.0%,DL,2019
153,154,Damon Harrison,0,1,0.0,0,0,0,0,0,1,0.8,0.8,0.0%,DL,2019
154,155,Efe Obada,0,1,0.0,0,0,0,0,0,1,0.8,0.8,0.0%,DL,2019
155,156,Kevin Strong,0,1,0.0,0,0,0,0,0,1,0.8,0.8,0.0%,DL,2019
156,157,Justin Jones,0,1,0.0,0,0,0,0,0,1,0.8,0.8,2.9%,DL,2019
157,158,Joe Jackson,0,1,0.0,0,0,0,0,0,1,0.8,0.8,0.0%,DL,2019
158,159,Beau Allen,0,1,0.0,0,0,0,0,0,1,0.8,0.8,0.0%,DL,2019
159,160,Tyquan Lewis,0,1,0.0,0,0,0,0,0,1,0.8,0.8,0.4%,DL,2019
160,161,Mario Edwards,0,1,0.0,0,0,0,0,0,1,0.8,0.8,0.0%,DL,2019
161,162,Roy Robertson-Harris,0,1,0.0,0,0,0,0,0,1,0.8,0.8,1.3%,DL,2019
162,163,Trey Flowers,0,1,0.0,0,0,0,0,0,1,0.8,0.8,0.2%,DL,2019
163,164,Byron Cowart,0,1,0.0,0,0,0,0,0,1,0.8,0.8,0.4%,DL,2019
164,165,Montravius Adams,0,1,0.0,0,0,0,0,0,1,0.8,0.8,0.4%,DL,2019
165,166,Shaq Lawson,0,1,0.0,0,0,0,0,0,1,0.8,0.8,0.0%,DL,2019
166,167,Dawuane Smoot,0,1,0.0,0,0,0,0,0,1,0.8,0.8,0.4%,DL,2019
167,168,Shy Tuttle,0,1,0.0,0,0,0,0,0,1,0.8,0.8,2.0%,DL,2019
168,169,Carl Lawson,0,1,0.0,0,0,0,0,0,1,0.8,0.8,0.0%,DL,2019
169,170,Jack Crawford,0,1,0.0,0,0,0,0,0,1,0.8,0.8,0.0%,DL,2019
170,171,Dee Ford,0,1,0.0,0,0,0,0,0,1,0.8,0.8,0.0%,DL,2019
171,172,Tanzel Smart,0,1,0.0,0,0,0,0,0,1,0.8,0.8,0.0%,DL,2019
172,173,Javon Hargrave,0,1,0.0,0,0,0,0,0,1,0.8,0.8,14.8%,DL,2019
173,174,Sebastian Joseph-Day,0,1,0.0,0,0,0,0,0,1,0.8,0.8,2.1%,DL,2019
174,175,Kerry Wynn,0,1,0.0,0,0,0,0,0,1,0.8,0.8,0.0%,DL,2019
175,176,Tim Jernigan,0,0,0.0,0,0,0,0,0,1,0.0,0.0,0.0%,DL,2019
176,177,Khalil Mack,1,0,1.0,1,0,0,0,0,1,0.0,0.0,52.8%,DL,2019
177,178,Kyle Van,0,0,0.0,1,0,0,0,0,1,0.0,0.0,8.2%,DL,2019
178,179,DeMarcus Lawrence,0,0,0.0,0,0,0,0,0,1,0.0,0.0,12.7%,DL,2019
179,180,Aaron Lynch,1,0,0.0,1,0,0,0,0,1,0.0,0.0,0.0%,DL,2019
180,181,Damion Square,0,0,0.0,0,0,0,0,0,1,0.0,0.0,0.0%,DL,2019
181,182,Devon Kennard,2,3,0.0,0,0,0,1,0,1,0.0,0.0,0.0%,DL,2019
182,183,Shamar Stephen,0,0,0.0,0,0,0,0,0,1,0.0,0.0,0.0%,DL,2019
183,184,Lerentee McCray,1,0,0.0,0,0,0,0,0,1,0.0,0.0,4.0%,DL,2019
184,185,Mike Daniels,0,0,0.0,0,0,0,0,0,1,0.0,0.0,0.0%,DL,2019
185,186,Barkevious Mingo,0,0,0.0,0,0,0,0,0,1,0.0,0.0,6.0%,DL,2019
186,187,Brandon Williams,0,0,0.0,0,0,0,0,0,1,0.0,0.0,0.2%,DL,2019
187,188,Alex Okafor,0,0,0.0,0,0,0,0,0,1,0.0,0.0,0.0%,DL,2019
188,189,Tank Carradine,1,2,0.0,0,0,0,0,0,1,0.0,0.0,0.0%,DL,2019
189,190,John Simon,1,0,1.0,1,0,0,0,0,1,0.0,0.0,0.0%,DL,2019
190,191,Abry Jones,0,0,0.0,0,0,0,0,0,1,0.0,0.0,0.0%,DL,2019
191,192,Star Lotulelei,0,0,0.0,0,0,0,0,0,1,0.0,0.0,0.0%,DL,2019
192,193,Akeem Spence,0,0,0.0,0,0,0,0,0,1,0.0,0.0,0.0%,DL,2019
193,194,Vic Beasley,1,0,1.0,0,0,0,0,0,1,0.0,0.0,0.0%,DL,2019
194,195,Preston Smith,2,1,0.0,1,1,0,0,0,1,0.0,0.0,11.1%,DL,2019
195,196,Alejandro Villanueva,0,0,0.0,0,0,0,0,0,1,0.0,0.0,0.0%,DL,2019
196,197,Josh Martin,0,0,0.0,0,0,0,0,0,1,0.0,0.0,0.0%,DL,2019
197,198,Shaquil Barrett,3,0,3.0,0,0,0,0,0,1,0.0,0.0,8.4%,DL,2019
198,199,Pernell McPhee,3,1,1.0,0,0,0,0,0,1,0.0,0.0,0.0%,DL,2019
199,200,Von Miller,1,1,0.0,0,0,0,0,0,1,0.0,0.0,2.5%,DL,2019
200,201,Brooks Reed,0,0,0.0,0,0,0,0,0,1,0.0,0.0,0.0%,DL,2019
201,202,Terrell Suggs,1,2,0.0,0,0,0,0,0,1,0.0,0.0,0.0%,DL,2019
202,203,Chandler Jones,1,0,0.0,1,0,0,0,0,1,0.0,0.0,0.5%,DL,2019
203,204,Whitney Mercilus,2,1,2.0,0,0,2,0,0,1,0.0,0.0,0.2%,DL,2019
204,205,Kyle Love,0,0,0.0,0,0,0,0,0,1,0.0,0.0,0.0%,DL,2019
205,206,Clay Matthews,3,0,1.0,0,0,1,0,0,1,0.0,0.0,0.0%,DL,2019
206,207,Cameron Wake,1,0,0.0,0,0,0,0,0,1,0.0,0.0,0.0%,DL,2019
207,208,Dennis Gardeck,0,0,0.0,0,0,0,0,0,1,0.0,0.0,3.6%,DL,2019
208,209,Sharif Finch,1,1,0.0,0,0,0,0,0,1,0.0,0.0,0.0%,DL,2019
209,210,Dre'Mont Jones,0,0,0.0,0,0,0,0,0,1,0.0,0.0,4.9%,DL,2019
210,211,Nick Bosa,0,0,0.0,0,0,0,0,0,1,0.0,0.0,63.2%,DL,2019
211,212,Rashan Gary,0,0,0.0,0,0,0,0,0,1,0.0,0.0,11.2%,DL,2019
212,213,Oshane Ximines,0,2,0.5,0,0,0,0,0,1,0.0,0.0,0.0%,DL,2019
213,214,Uchenna Nwosu,3,2,0.0,0,0,0,0,0,1,0.0,0.0,17.7%,DL,2019
214,215,Shaquem Griffin,0,0,0.0,0,0,0,0,0,1,0.0,0.0,0.1%,DL,2019
215,216,Bradley Chubb,5,1,0.0,0,0,0,0,0,1,0.0,0.0,18.2%,DL,2019
216,217,Arden Key,0,0,0.0,0,0,0,0,0,1,0.0,0.0,2.4%,DL,2019
217,218,Marquis Haynes,1,3,0.0,0,0,0,0,0,1,0.0,0.0,0.6%,DL,2019
218,219,Harold Landry,4,2,1.0,0,0,0,1,0,1,0.0,0.0,24.1%,DL,2019
219,220,Lorenzo Carter,2,3,0.5,0,0,0,0,0,1,0.0,0.0,1.8%,DL,2019
220,221,Hercules Mata'afa,1,0,0.0,0,0,0,1,0,1,0.0,0.0,0.0%,DL,2019
221,222,James Crawford,0,0,0.0,0,0,0,0,0,1,0.0,0.0,0.0%,DL,2019
222,223,Matt Dickerson,0,0,0.0,0,0,0,0,0,1,0.0,0.0,0.0%,DL,2019
223,224,Jacob Martin,0,0,0.0,0,0,0,0,0,1,0.0,0.0,0.4%,DL,2019
224,225,Dontavius Russell,0,0,0.0,0,0,0,0,0,1,0.0,0.0,0.0%,DL,2019
225,226,Bryan Mone,0,0,0.0,0,0,0,0,0,1,0.0,0.0,0.0%,DL,2019
226,227,Tuzar Skipper,0,0,0.0,0,0,0,0,0,1,0.0,0.0,0.0%,DL,2019
227,228,Ben Banogu,0,0,0.0,0,0,0,0,0,1,0.0,0.0,0.0%,DL,2019
228,229,L.J. Collier,0,0,0.0,0,0,0,0,0,1,0.0,0.0,1.0%,DL,2019
229,230,Greg Gaines,0,0,0.0,0,0,0,0,0,1,0.0,0.0,0.4%,DL,2019
230,231,Justin Hollins,0,0,0.0,0,0,0,0,0,1,0.0,0.0,0.0%,DL,2019
231,232,Natrez Patrick,0,0,0.0,0,0,0,0,0,1,0.0,0.0,0.0%,DL,2019
232,233,Emeke Egbule,0,0,0.0,0,0,0,0,0,1,0.0,0.0,0.0%,DL,2019
233,234,Christian Miller,0,0,0.0,0,0,0,0,0,1,0.0,0.0,0.0%,DL,2019
234,235,Malik Reed,0,0,0.0,0,0,0,0,0,1,0.0,0.0,0.0%,DL,2019
235,236,Markus Golden,3,3,1.0,0,0,0,0,0,1,0.0,0.0,0.5%,DL,2019
236,237,Jordan Jenkins,0,1,0.0,0,0,0,0,0,1,0.0,0.0,0.0%,DL,2019
237,238,Vince Biegel,1,0,1.0,0,0,0,0,0,1,0.0,0.0,0.0%,DL,2019
238,239,Antwaun Woods,0,0,0.0,0,0,0,0,0,1,0.0,0.0,0.0%,DL,2019
239,240,Hassan Ridgeway,0,0,0.0,0,0,0,0,0,1,0.0,0.0,0.0%,DL,2019
240,241,Kyler Fackrell,0,1,0.0,0,0,0,0,0,1,0.0,0.0,0.0%,DL,2019
241,242,Kamalei Correa,0,0,0.0,1,0,0,0,0,1,0.0,0.0,0.0%,DL,2019
242,243,Jihad Ward,0,0,0.0,0,0,0,0,0,1,0.0,0.0,0.2%,DL,2019
243,244,Leonard Floyd,2,0,0.0,0,0,0,0,0,1,0.0,0.0,5.4%,DL,2019
244,245,Austin Johnson,0,0,0.0,0,0,0,0,0,1,0.0,0.0,3.0%,DL,2019
245,246,Shilique Calhoun,1,1,0.0,0,0,0,0,0,1,0.0,0.0,0.0%,DL,2019
246,247,Stephen Weatherly,0,0,0.0,0,0,0,0,0,1,0.0,0.0,0.0%,DL,2019
247,248,Devante Bond,1,0,0.0,0,0,0,0,0,1,0.0,0.0,0.0%,DL,2019
248,249,Matthew Judon,3,1,1.0,0,0,0,0,0,1,0.0,0.0,16.8%,DL,2019
249,250,Rakeem Nunez-Roches,0,0,0.0,0,0,0,0,0,1,0.0,0.0,0.9%,DL,2019
250,251,Za'Darius Smith,3,2,0.0,0,0,0,0,0,1,0.0,0.0,5.4%,DL,2019
251,252,Bud Dupree,2,2,0.0,0,0,0,0,0,1,0.0,0.0,1.3%,DL,2019
252,253,Anthony Chickillo,0,0,0.0,0,0,0,0,0,1,0.0,0.0,0.0%,DL,2019
253,254,Christian Covington,0,0,0.0,0,0,0,0,0,1,0.0,0.0,0.0%,DL,2019
254,255,D.J. Jones,0,0,0.0,0,0,0,0,0,1,0.0,0.0,5.0%,DL,2019
255,256,Samson Ebukam,1,0,0.0,0,0,0,0,0,1,0.0,0.0,8.7%,DL,2019
256,257,Joey Ivie,0,0,0.0,0,0,0,0,0,1,0.0,0.0,0.0%,DL,2019
257,258,Isaac Rochell,0,0,0.0,0,0,0,0,0,1,0.0,0.0,0.0%,DL,2019
258,259,Treyvon Hester,0,0,0.0,0,0,0,0,0,1,0.0,0.0,0.0%,DL,2019
259,260,Fadol Brown,0,0,0.0,0,0,0,0,0,1,0.0,0.0,0.0%,DL,2019
260,261,Ryan Anderson,2,1,0.0,0,0,0,0,0,1,0.0,0.0,0.0%,DL,2019
261,262,Ifeadi Odenigbo,0,0,0.0,0,0,0,0,0,1,0.0,0.0,4.0%,DL,2019
262,263,Devaroe Lawrence,0,0,0.0,0,0,0,0,0,1,0.0,0.0,0.0%,DL,2019
263,264,Isaiah Irving,0,1,0.0,0,0,0,0,0,1,0.0,0.0,0.0%,DL,2019
264,265,Zach Wood,0,0,0.0,0,0,0,0,0,1,0.0,0.0,0.0%,DL,2019
265,266,Brennan Scarlett,1,1,0.0,0,0,0,0,0,1,0.0,0.0,0.0%,DL,2019
266,267,Takk McKinley,2,0,0.0,0,0,0,0,0,1,0.0,0.0,1.1%,DL,2019
267,268,Tim Williams,2,0,0.0,0,0,0,0,0,1,0.0,0.0,0.0%,DL,2019
268,269,Chris Wormley,0,0,0.0,0,0,0,0,0,1,0.0,0.0,0.0%,DL,2019
269,270,T.J. Watt,3,3,1.0,0,0,1,0,0,1,0.0,0.0,78.9%,DL,2019
270,271,Tyus Bowser,1,0,0.0,0,0,0,0,0,1,0.0,0.0,0.7%,DL,2019
271,272,Kameron Canaday,0,0,0.0,0,0,0,0,0,1,0.0,0.0,0.0%,DL,2019
272,273,Morgan Fox,0,0,0.0,0,0,0,0,0,1,0.0,0.0,2.3%,DL,2019
