,Rank,Player,Tackle,Assist,Sack,Pass Defended,Interception,Forced Fumble,Fumble Recovery,Defend Touchdown,Games Played,Fantasy Football Points,FTPS/Game,ROST,Position,Year
0,1,Calais Campbell,6,0,3.0,0,0,0,0,0,1,31.0,31.0,3.1%,DL,2019
1,2,Mario Addison,3,0,3.0,0,0,0,0,0,1,24.0,24.0,4.0%,DL,2019
2,3,DeForest Buckner,6,4,1.0,0,0,1,1,0,1,24.0,24.0,47.2%,DL,2019
3,4,Josh Allen,3,1,2.0,0,0,1,0,0,1,22.3,22.3,44.1%,DL,2019
4,5,J.J. Watt,3,2,2.0,0,0,0,0,0,1,19.0,19.0,4.2%,DL,2019
5,6,Dawuane Smoot,2,1,2.0,0,0,0,0,0,1,16.8,16.8,0.4%,DL,2019
6,7,Haason Reddick,5,5,0.0,2,0,0,0,0,1,16.8,16.8,17.6%,DL,2019
7,8,Stephon Tuitt,6,1,1.0,0,0,0,0,0,1,16.3,16.3,0.1%,DL,2019
8,9,Trey Flowers,4,4,1.0,0,0,0,0,0,1,15.5,15.5,0.2%,DL,2019
9,10,Carl Nassib,2,2,1.0,0,0,0,1,0,1,15.0,15.0,0.0%,DL,2019
10,11,Montez Sweat,4,3,1.0,0,0,0,0,0,1,14.8,14.8,35.2%,DL,2019
11,12,Aaron Donald,3,1,1.0,0,0,0,0,0,1,14.3,14.3,11.7%,DL,2019
12,13,Geno Atkins,4,2,1.0,0,0,0,0,0,1,14.0,14.0,0.0%,DL,2019
13,14,Everson Griffen,4,2,1.0,0,0,0,0,0,1,14.0,14.0,2.0%,DL,2019
14,15,Jordan Phillips,3,0,1.0,0,0,0,0,0,1,13.5,13.5,0.9%,DL,2019
15,16,Damon Harrison,1,5,1.0,1,0,0,0,0,1,13.3,13.3,0.0%,DL,2019
16,17,Sam Hubbard,5,2,0.0,0,0,1,0,0,1,13.0,13.0,21.7%,DL,2019
17,18,DeMarcus Lawrence,1,1,1.0,0,0,0,1,0,1,12.8,12.8,12.7%,DL,2019
18,19,Brian Burns,4,0,1.0,0,0,0,0,0,1,12.5,12.5,41.3%,DL,2019
19,20,Emmanuel Ogbah,1,1,1.5,1,0,0,0,0,1,12.3,12.3,1.1%,DL,2019
20,21,DJ Reader,1,2,1.5,0,0,0,0,0,1,11.5,11.5,2.6%,DL,2019
21,22,Matt Ioannidis,2,2,1.0,0,0,0,0,0,1,11.0,11.0,0.0%,DL,2019
22,23,Andrew Billings,3,2,0.0,0,0,0,0,0,1,11.0,11.0,1.6%,DL,2019
23,24,Myles Garrett,1,1,1.0,0,0,1,0,0,1,10.3,10.3,63.7%,DL,2019
24,25,Frank Clark,2,1,1.0,0,0,0,0,0,1,10.3,10.3,0.0%,DL,2019
25,26,Taven Bryan,2,1,1.0,0,0,0,0,0,1,10.3,10.3,0.2%,DL,2019
26,27,Larry Ogunjobi,2,1,1.0,0,0,0,0,0,1,10.3,10.3,2.5%,DL,2019
27,28,Michael Bennett,2,0,1.0,0,0,0,0,0,1,9.5,9.5,0.0%,DL,2019
28,29,Nick Williams,1,2,1.0,0,0,0,0,0,1,9.5,9.5,3.0%,DL,2019
29,30,A'Shawn Robinson,1,2,0.0,0,0,0,1,0,1,9.5,9.5,4.5%,DL,2019
30,31,Romeo Okwara,2,3,0.0,0,0,1,0,0,1,9.3,9.3,0.0%,DL,2019
31,32,Cameron Heyward,4,1,0.0,0,0,0,0,0,1,9.3,9.3,23.1%,DL,2019
32,33,Javon Hargrave,6,0,0.0,0,0,0,0,0,1,9.0,9.0,14.8%,DL,2019
33,34,Taco Charlton,1,1,1.0,0,0,0,0,0,1,8.8,8.8,0.0%,DL,2019
34,35,Danielle Hunter,1,1,1.0,0,0,0,0,0,1,8.8,8.8,52.9%,DL,2019
35,36,Brandon Mebane,1,1,1.0,0,0,0,0,0,1,8.8,8.8,0.0%,DL,2019
36,37,Dexter Lawrence,1,1,1.0,0,0,0,0,0,1,8.8,8.8,12.4%,DL,2019
37,38,Melvin Ingram,4,0,0.0,0,0,0,0,0,1,8.5,8.5,0.0%,DL,2019
38,39,Shelby Harris,4,0,0.0,0,0,0,0,0,1,8.5,8.5,1.1%,DL,2019
39,40,Johnathan Hankins,3,5,0.0,0,0,0,0,0,1,8.3,8.3,0.0%,DL,2019
40,41,Steve McLendon,2,0,0.0,0,0,0,0,0,1,8.0,8.0,0.0%,DL,2019
41,42,Grady Jarrett,2,0,0.0,0,0,0,0,0,1,8.0,8.0,5.7%,DL,2019
42,43,Maliek Collins,1,0,1.0,0,0,0,0,0,1,8.0,8.0,2.4%,DL,2019
43,44,Dee Ford,1,0,1.0,0,0,0,0,0,1,8.0,8.0,0.0%,DL,2019
44,45,Henry Anderson,2,1,0.0,1,0,0,0,0,1,7.8,7.8,0.0%,DL,2019
45,46,Dean Lowry,4,2,0.0,0,0,0,0,0,1,7.5,7.5,0.6%,DL,2019
46,47,Joey Bosa,1,2,0.5,0,0,0,0,0,1,7.5,7.5,16.7%,DL,2019
47,48,Michael Brockers,3,3,0.0,0,0,0,0,0,1,6.8,6.8,0.0%,DL,2019
48,49,Marcus Davenport,2,5,0.0,0,0,0,0,0,1,6.8,6.8,2.1%,DL,2019
49,50,Jurrell Casey,3,3,0.0,0,0,0,0,0,1,6.8,6.8,0.1%,DL,2019
50,51,Christian Wilkins,4,1,0.0,0,0,0,0,0,1,6.8,6.8,48.1%,DL,2019
51,52,Dontari Poe,2,1,0.0,0,0,0,0,0,1,6.3,6.3,0.0%,DL,2019
52,53,Tyler Lancaster,1,6,0.0,0,0,0,0,0,1,6.0,6.0,0.0%,DL,2019
53,54,Dante Fowler,2,2,0.0,1,0,0,0,0,1,6.0,6.0,3.5%,DL,2019
54,55,Arik Armstead,1,0,0.0,0,0,1,0,0,1,5.5,5.5,3.6%,DL,2019
55,56,Christian Covington,2,1,0.0,1,0,0,0,0,1,5.3,5.3,0.0%,DL,2019
56,57,Davon Godchaux,3,1,0.0,0,0,0,0,0,1,5.3,5.3,4.3%,DL,2019
57,58,Michael Pierce,3,1,0.0,0,0,0,0,0,1,5.3,5.3,1.7%,DL,2019
58,59,Clelin Ferrell,2,1,0.0,1,0,0,0,0,1,5.3,5.3,1.7%,DL,2019
59,60,Rodney Gunter,3,1,0.0,0,0,0,0,0,1,5.3,5.3,0.1%,DL,2019
60,61,Danny Shelton,2,3,0.0,0,0,0,0,0,1,5.3,5.3,0.0%,DL,2019
61,62,Maurice Hurst,1,3,0.0,1,0,0,0,0,1,5.3,5.3,0.2%,DL,2019
62,63,Marcell Dareus,1,2,0.5,0,0,0,0,0,1,5.0,5.0,0.0%,DL,2019
63,64,Rakeem Nunez-Roches,0,1,0.0,0,0,0,1,0,1,4.8,4.8,0.9%,DL,2019
64,65,Ben Banogu,1,1,0.0,0,0,0,0,0,1,4.8,4.8,0.0%,DL,2019
65,66,Beau Allen,1,1,0.0,0,0,0,0,0,1,4.8,4.8,0.0%,DL,2019
66,67,David Onyemata,2,2,0.0,0,0,0,0,0,1,4.5,4.5,5.7%,DL,2019
67,68,Yannick Ngakoue,2,2,0.0,0,0,0,0,0,1,4.5,4.5,1.7%,DL,2019
68,69,Sheldon Richardson,2,2,0.0,0,0,0,0,0,1,4.5,4.5,1.0%,DL,2019
69,70,Leonard Williams,3,0,0.0,0,0,0,0,0,1,4.5,4.5,10.9%,DL,2019
70,71,Brandon Graham,3,0,0.0,0,0,0,0,0,1,4.5,4.5,2.2%,DL,2019
71,72,Akeem Spence,3,0,0.0,0,0,0,0,0,1,4.5,4.5,0.0%,DL,2019
72,73,Alex Okafor,2,2,0.0,0,0,0,0,0,1,4.5,4.5,0.0%,DL,2019
73,74,D.J. Jones,3,0,0.0,0,0,0,0,0,1,4.5,4.5,5.0%,DL,2019
74,75,Olivier Vernon,2,2,0.0,0,0,0,0,0,1,4.5,4.5,6.0%,DL,2019
75,76,Lawrence Guy,2,2,0.0,0,0,0,0,0,1,4.5,4.5,4.0%,DL,2019
76,77,Derrick Nnadi,2,2,0.0,0,0,0,0,0,1,4.5,4.5,0.9%,DL,2019
77,78,Adam Butler,0,3,0.5,0,0,0,0,0,1,4.3,4.3,0.7%,DL,2019
78,79,Nick Bosa,1,0,0.0,0,0,0,0,0,1,4.0,4.0,63.2%,DL,2019
79,80,Akiem Hicks,0,0,0.0,0,0,0,1,0,1,4.0,4.0,0.0%,DL,2019
80,81,Brandon Williams,1,0,0.0,0,0,0,0,0,1,4.0,4.0,0.2%,DL,2019
81,82,Shaq Lawson,1,0,0.0,0,0,0,0,0,1,4.0,4.0,0.0%,DL,2019
82,83,Shy Tuttle,1,0,0.0,0,0,0,0,0,1,4.0,4.0,2.0%,DL,2019
83,84,Kyle Phillips,1,0,0.0,0,0,0,0,0,1,4.0,4.0,0.0%,DL,2019
84,85,Al-Quadin Muhammad,1,0,0.0,0,0,0,0,0,1,4.0,4.0,0.0%,DL,2019
85,86,Brandon Dunn,1,0,0.0,0,0,0,0,0,1,4.0,4.0,0.0%,DL,2019
86,87,Solomon Thomas,2,1,0.0,0,0,0,0,0,1,3.8,3.8,0.8%,DL,2019
87,88,Jonathan Allen,2,1,0.0,0,0,0,0,0,1,3.8,3.8,14.8%,DL,2019
88,89,Zach Allen,2,1,0.0,0,0,0,0,0,1,3.8,3.8,10.7%,DL,2019
89,90,Andrew Brown,2,1,0.0,0,0,0,0,0,1,3.8,3.8,0.0%,DL,2019
90,91,Cassius Marsh,2,1,0.0,0,0,0,0,0,1,3.8,3.8,1.0%,DL,2019
91,92,Daron Payne,1,3,0.0,0,0,0,0,0,1,3.8,3.8,15.4%,DL,2019
92,93,Avery Moss,2,1,0.0,0,0,0,0,0,1,3.8,3.8,0.0%,DL,2019
93,94,Carlos Dunlap,2,0,0.0,0,0,0,0,0,1,3.0,3.0,3.0%,DL,2019
94,95,Al Woods,0,4,0.0,0,0,0,0,0,1,3.0,3.0,0.0%,DL,2019
95,96,Tyeler Davison,2,0,0.0,0,0,0,0,0,1,3.0,3.0,0.0%,DL,2019
96,97,Linval Joseph,2,0,0.0,0,0,0,0,0,1,3.0,3.0,0.0%,DL,2019
97,98,Trey Hendrickson,1,2,0.0,0,0,0,0,0,1,3.0,3.0,35.3%,DL,2019
98,99,Roy Robertson-Harris,2,0,0.0,0,0,0,0,0,1,3.0,3.0,1.3%,DL,2019
99,100,Kenny Clark,0,4,0.0,0,0,0,0,0,1,3.0,3.0,8.9%,DL,2019
100,101,Justin Houston,2,0,0.0,0,0,0,0,0,1,3.0,3.0,0.0%,DL,2019
101,102,Abry Jones,1,2,0.0,0,0,0,0,0,1,3.0,3.0,0.0%,DL,2019
102,103,Joe Jackson,1,0,0.0,1,0,0,0,0,1,3.0,3.0,0.0%,DL,2019
103,104,Tanzel Smart,1,2,0.0,0,0,0,0,0,1,3.0,3.0,0.0%,DL,2019
104,105,Gerald McCoy,2,0,0.0,0,0,0,0,0,1,3.0,3.0,0.0%,DL,2019
105,106,B.J. Hill,1,2,0.0,0,0,0,0,0,1,3.0,3.0,5.8%,DL,2019
106,107,Chase Winovich,0,1,0.5,0,0,0,0,0,1,2.8,2.8,0.0%,DL,2019
107,108,Anthony Nelson,0,3,0.0,0,0,0,0,0,1,2.3,2.3,0.4%,DL,2019
108,109,Xavier Williams,1,1,0.0,0,0,0,0,0,1,2.3,2.3,0.0%,DL,2019
109,110,Allen Bailey,1,1,0.0,0,0,0,0,0,1,2.3,2.3,0.0%,DL,2019
110,111,Quinton Jefferson,1,1,0.0,0,0,0,0,0,1,2.3,2.3,3.4%,DL,2019
111,112,Devaroe Lawrence,1,1,0.0,0,0,0,0,0,1,2.3,2.3,0.0%,DL,2019
112,113,Cameron Jordan,0,3,0.0,0,0,0,0,0,1,2.3,2.3,6.1%,DL,2019
113,114,Derek Barnett,1,1,0.0,0,0,0,0,0,1,2.3,2.3,0.5%,DL,2019
114,115,Damion Square,1,1,0.0,0,0,0,0,0,1,2.3,2.3,0.0%,DL,2019
115,116,Denico Autry,1,1,0.0,0,0,0,0,0,1,2.3,2.3,10.1%,DL,2019
116,117,Branden Jackson,1,1,0.0,0,0,0,0,0,1,2.3,2.3,0.0%,DL,2019
117,118,William Gholston,1,1,0.0,0,0,0,0,0,1,2.3,2.3,1.6%,DL,2019
118,119,Ronald Blair,0,3,0.0,0,0,0,0,0,1,2.3,2.3,0.0%,DL,2019
119,120,Chris Jones,1,1,0.0,0,0,0,0,0,1,2.3,2.3,25.7%,DL,2019
120,121,Eddie Goldman,1,1,0.0,0,0,0,0,0,1,2.3,2.3,0.2%,DL,2019
121,122,Corey Peters,1,1,0.0,0,0,0,0,0,1,2.3,2.3,2.0%,DL,2019
122,123,Kevin Strong,0,1,0.0,1,0,0,0,0,1,2.3,2.3,0.0%,DL,2019
123,124,Tyson Alualu,1,1,0.0,0,0,0,0,0,1,2.3,2.3,0.0%,DL,2019
124,125,Poona Ford,1,1,0.0,0,0,0,0,0,1,2.3,2.3,0.7%,DL,2019
125,126,Jerry Hughes,0,1,0.0,1,0,0,0,0,1,2.3,2.3,1.0%,DL,2019
126,127,Justin Jones,1,1,0.0,0,0,0,0,0,1,2.3,2.3,2.9%,DL,2019
127,128,Shamar Stephen,1,1,0.0,0,0,0,0,0,1,2.3,2.3,0.0%,DL,2019
128,129,Adrian Clayborn,1,0,0.0,0,0,0,0,0,1,1.5,1.5,0.0%,DL,2019
129,130,John Cominsky,1,0,0.0,0,0,0,0,0,1,1.5,1.5,1.2%,DL,2019
130,131,Charles Omenihu,1,0,0.0,0,0,0,0,0,1,1.5,1.5,1.1%,DL,2019
131,132,Ed Oliver,1,0,0.0,0,0,0,0,0,1,1.5,1.5,22.1%,DL,2019
132,133,P.J. Hall,1,0,0.0,0,0,0,0,0,1,1.5,1.5,0.0%,DL,2019
133,134,John Jenkins,1,0,0.0,0,0,0,0,0,1,1.5,1.5,1.7%,DL,2019
134,135,Trent Murphy,0,0,0.0,1,0,0,0,0,1,1.5,1.5,0.0%,DL,2019
135,136,Foley Fatukasi,0,2,0.0,0,0,0,0,0,1,1.5,1.5,0.4%,DL,2019
136,137,Star Lotulelei,1,0,0.0,0,0,0,0,0,1,1.5,1.5,0.0%,DL,2019
137,138,Efe Obada,1,0,0.0,0,0,0,0,0,1,1.5,1.5,0.0%,DL,2019
138,139,Mario Edwards,1,0,0.0,0,0,0,0,0,1,1.5,1.5,0.0%,DL,2019
139,140,DaQuan Jones,1,0,0.0,0,0,0,0,0,1,1.5,1.5,0.7%,DL,2019
140,141,Derek Wolfe,1,0,0.0,0,0,0,0,0,1,1.5,1.5,0.0%,DL,2019
141,142,Jack Crawford,1,0,0.0,0,0,0,0,0,1,1.5,1.5,0.0%,DL,2019
142,143,Chad Thomas,0,2,0.0,0,0,0,0,0,1,1.5,1.5,0.0%,DL,2019
143,144,Rasheem Green,0,2,0.0,0,0,0,0,0,1,1.5,1.5,6.0%,DL,2019
144,145,Olsen Pierre,1,0,0.0,0,0,0,0,0,1,1.5,1.5,0.0%,DL,2019
145,146,Josh Tupou,1,0,0.0,0,0,0,0,0,1,1.5,1.5,0.0%,DL,2019
146,147,Mike Daniels,1,0,0.0,0,0,0,0,0,1,1.5,1.5,0.0%,DL,2019
147,148,Benson Mayowa,1,0,0.0,0,0,0,0,0,1,1.5,1.5,0.0%,DL,2019
148,149,Bronson Kaufusi,1,0,0.0,0,0,0,0,0,1,1.5,1.5,0.0%,DL,2019
149,150,Josh Mauro,0,2,0.0,0,0,0,0,0,1,1.5,1.5,0.0%,DL,2019
150,151,Trent Harris,1,0,0.0,0,0,0,0,0,1,1.5,1.5,0.0%,DL,2019
151,152,Clinton McDonald,0,2,0.0,0,0,0,0,0,1,1.5,1.5,0.0%,DL,2019
152,153,Kerry Hyder,0,1,0.0,0,0,0,0,0,1,0.8,0.8,2.0%,DL,2019
153,154,Morgan Fox,0,1,0.0,0,0,0,0,0,1,0.8,0.8,2.3%,DL,2019
154,155,Tarell Basham,0,1,0.0,0,0,0,0,0,1,0.8,0.8,0.0%,DL,2019
155,156,R.J. McIntosh,0,1,0.0,0,0,0,0,0,1,0.8,0.8,0.0%,DL,2019
156,157,Dalvin Tomlinson,0,1,0.0,0,0,0,0,0,1,0.8,0.8,2.2%,DL,2019
157,158,Ndamukong Suh,0,1,0.0,0,0,0,0,0,1,0.8,0.8,0.0%,DL,2019
158,159,Jadeveon Clowney,0,1,0.0,0,0,0,0,0,1,0.8,0.8,22.5%,DL,2019
159,160,Charles Harris,0,1,0.0,0,0,0,0,0,1,0.8,0.8,4.0%,DL,2019
160,161,Sebastian Joseph-Day,0,1,0.0,0,0,0,0,0,1,0.8,0.8,2.1%,DL,2019
161,162,Vita Vea,0,1,0.0,0,0,0,0,0,1,0.8,0.8,5.6%,DL,2019
162,163,Hassan Ridgeway,0,1,0.0,0,0,0,0,0,1,0.8,0.8,0.0%,DL,2019
163,164,Malcom Brown,0,1,0.0,0,0,0,0,0,1,0.8,0.8,0.0%,DL,2019
164,165,Tuzar Skipper,0,1,0.0,0,0,0,0,0,1,0.8,0.8,0.0%,DL,2019
165,166,Kingsley Keke,0,1,0.0,0,0,0,0,0,1,0.8,0.8,1.0%,DL,2019
166,167,Sheldon Day,0,1,0.0,0,0,0,0,0,1,0.8,0.8,0.0%,DL,2019
167,168,Daniel McCullers,0,0,0.0,0,0,0,0,0,1,0.0,0.0,0.0%,DL,2019
168,169,Khalil Mack,3,1,2.0,0,0,2,0,0,1,0.0,0.0,52.8%,DL,2019
169,170,Kyle Van,2,2,0.5,1,0,0,0,0,1,0.0,0.0,8.2%,DL,2019
170,171,Brent Urban,0,0,0.0,0,0,0,0,0,1,0.0,0.0,0.4%,DL,2019
171,172,Aaron Lynch,0,1,0.0,0,0,0,0,0,1,0.0,0.0,0.0%,DL,2019
172,173,Devon Kennard,3,1,0.0,0,0,0,0,0,1,0.0,0.0,0.0%,DL,2019
173,174,Lerentee McCray,0,0,0.0,0,0,0,0,0,1,0.0,0.0,4.0%,DL,2019
174,175,Barkevious Mingo,0,0,0.0,0,0,0,0,0,1,0.0,0.0,6.0%,DL,2019
175,176,Ezekiel Ansah,0,0,0.0,0,0,0,0,0,1,0.0,0.0,0.0%,DL,2019
176,177,John Simon,2,3,0.0,0,0,0,0,0,1,0.0,0.0,0.0%,DL,2019
177,178,Margus Hunt,0,0,0.0,0,0,0,0,0,1,0.0,0.0,0.0%,DL,2019
178,179,Jayrone Elliott,0,0,0.0,0,0,0,0,0,1,0.0,0.0,0.0%,DL,2019
179,180,Vic Beasley,2,1,0.5,0,0,0,0,0,1,0.0,0.0,0.0%,DL,2019
180,181,Preston Smith,4,1,3.0,0,0,1,0,0,1,0.0,0.0,11.1%,DL,2019
181,182,Alejandro Villanueva,0,0,0.0,0,0,0,0,0,1,0.0,0.0,0.0%,DL,2019
182,183,Josh Martin,0,0,0.0,0,0,0,0,0,1,0.0,0.0,0.0%,DL,2019
183,184,Shaquil Barrett,6,2,4.0,0,0,2,0,0,1,0.0,0.0,8.4%,DL,2019
184,185,Fletcher Cox,0,0,0.0,0,0,0,0,0,1,0.0,0.0,1.1%,DL,2019
185,186,Markus Golden,3,2,2.0,0,0,0,0,0,1,0.0,0.0,0.5%,DL,2019
186,187,Terrell Suggs,0,1,0.0,0,0,0,0,0,1,0.0,0.0,0.0%,DL,2019
187,188,Pernell McPhee,1,0,0.0,0,0,0,0,0,1,0.0,0.0,0.0%,DL,2019
188,189,Ryan Kerrigan,0,0,0.0,0,0,0,0,0,1,0.0,0.0,0.0%,DL,2019
189,190,Von Miller,2,1,0.0,0,0,0,0,0,1,0.0,0.0,2.5%,DL,2019
190,191,Robert Quinn,3,0,1.0,0,0,0,0,0,1,0.0,0.0,1.2%,DL,2019
191,192,Brooks Reed,0,0,0.0,0,0,0,0,0,1,0.0,0.0,0.0%,DL,2019
192,193,Chandler Jones,4,0,2.0,0,0,2,1,0,1,0.0,0.0,0.5%,DL,2019
193,194,Whitney Mercilus,5,0,1.0,0,0,1,0,0,1,0.0,0.0,0.2%,DL,2019
194,195,Vinny Curry,0,0,0.0,0,0,0,0,0,1,0.0,0.0,0.0%,DL,2019
195,196,Kyle Love,0,0,0.0,0,0,0,0,0,1,0.0,0.0,0.0%,DL,2019
196,197,Clay Matthews,3,0,2.0,1,0,1,0,0,1,0.0,0.0,0.0%,DL,2019
197,198,Cameron Wake,0,0,0.0,0,0,0,0,0,1,0.0,0.0,0.0%,DL,2019
198,199,Za'Darius Smith,2,1,2.0,0,0,0,0,0,1,0.0,0.0,5.4%,DL,2019
199,200,Demone Harris,0,0,0.0,0,0,0,0,0,1,0.0,0.0,0.0%,DL,2019
200,201,Dennis Gardeck,0,0,0.0,0,0,0,0,0,1,0.0,0.0,3.6%,DL,2019
201,202,Sharif Finch,3,0,0.0,0,0,0,0,0,1,0.0,0.0,0.0%,DL,2019
202,203,Abdullah Anderson,0,0,0.0,0,0,0,0,0,1,0.0,0.0,2.0%,DL,2019
203,204,Rashan Gary,1,3,1.0,0,0,0,1,0,1,0.0,0.0,11.2%,DL,2019
204,205,Dre'Mont Jones,0,0,0.0,0,0,0,0,0,1,0.0,0.0,4.9%,DL,2019
205,206,Jerry Tillery,0,0,0.0,0,0,0,0,0,1,0.0,0.0,0.7%,DL,2019
206,207,Oshane Ximines,3,1,1.0,0,0,0,0,0,1,0.0,0.0,0.0%,DL,2019
207,208,Jaylon Ferguson,0,0,0.0,0,0,0,0,0,1,0.0,0.0,0.0%,DL,2019
208,209,Uchenna Nwosu,0,0,0.0,0,0,0,0,0,1,0.0,0.0,17.7%,DL,2019
209,210,Marquis Haynes,2,0,0.0,0,0,0,0,0,1,0.0,0.0,0.6%,DL,2019
210,211,Shaquem Griffin,0,0,0.0,0,0,0,0,0,1,0.0,0.0,0.1%,DL,2019
211,212,Harold Landry,1,2,0.0,0,0,0,0,0,1,0.0,0.0,24.1%,DL,2019
212,213,Bradley Chubb,2,0,0.0,0,0,0,0,0,1,0.0,0.0,18.2%,DL,2019
213,214,Arden Key,0,0,0.0,0,0,0,0,0,1,0.0,0.0,2.4%,DL,2019
214,215,Dorance Armstrong,0,0,0.0,0,0,0,0,0,1,0.0,0.0,4.2%,DL,2019
215,216,Lorenzo Carter,4,1,0.0,0,0,0,0,0,1,0.0,0.0,1.8%,DL,2019
216,217,Harrison Phillips,0,0,0.0,0,0,0,0,0,1,0.0,0.0,23.5%,DL,2019
217,218,Tyquan Lewis,0,0,0.0,0,0,0,0,0,1,0.0,0.0,0.4%,DL,2019
218,219,Tim Settle,0,0,0.0,0,0,0,0,0,1,0.0,0.0,0.4%,DL,2019
219,220,Hercules Mata'afa,0,0,0.0,0,0,0,0,0,1,0.0,0.0,0.0%,DL,2019
220,221,Josh Sweat,0,0,0.0,0,0,0,0,0,1,0.0,0.0,14.1%,DL,2019
221,222,Kemoko Turay,0,0,0.0,0,0,0,0,0,1,0.0,0.0,0.0%,DL,2019
222,223,Daniel Ekuale,0,0,0.0,0,0,0,0,0,1,0.0,0.0,0.2%,DL,2019
223,224,Jacob Martin,0,0,0.0,0,0,0,0,0,1,0.0,0.0,0.4%,DL,2019
224,225,James Crawford,0,0,0.0,0,0,0,0,0,1,0.0,0.0,0.0%,DL,2019
225,226,Genard Avery,1,0,0.0,0,0,0,0,0,1,0.0,0.0,0.0%,DL,2019
226,227,Ola Adeniyi,0,0,0.0,0,0,0,0,0,1,0.0,0.0,0.0%,DL,2019
227,228,Bryan Mone,0,0,0.0,0,0,0,0,0,1,0.0,0.0,0.0%,DL,2019
228,229,Isaiah Mack,0,0,0.0,0,0,0,0,0,1,0.0,0.0,0.0%,DL,2019
229,230,Justin Hollins,1,0,0.0,0,0,0,0,0,1,0.0,0.0,0.0%,DL,2019
230,231,Natrez Patrick,0,0,0.0,0,0,0,0,0,1,0.0,0.0,0.0%,DL,2019
231,232,Miles Brown,0,0,0.0,0,0,0,0,0,1,0.0,0.0,0.0%,DL,2019
232,233,Trysten Hill,0,0,0.0,0,0,0,0,0,1,0.0,0.0,0.2%,DL,2019
233,234,Christian Miller,2,0,2.0,0,0,0,0,0,1,0.0,0.0,0.0%,DL,2019
234,235,Malik Reed,0,0,0.0,0,0,0,0,0,1,0.0,0.0,0.0%,DL,2019
235,236,Darryl Johnson,0,0,0.0,0,0,0,0,0,1,0.0,0.0,0.0%,DL,2019
236,237,Byron Cowart,0,0,0.0,0,0,0,0,0,1,0.0,0.0,0.4%,DL,2019
237,238,Renell Wren,0,0,0.0,0,0,0,0,0,1,0.0,0.0,0.0%,DL,2019
238,239,Maxx Crosby,0,0,0.0,0,0,0,0,0,1,0.0,0.0,69.0%,DL,2019
239,240,Bud Dupree,3,0,0.0,1,0,0,0,0,1,0.0,0.0,1.3%,DL,2019
240,241,Kyler Fackrell,1,0,0.0,0,0,0,0,0,1,0.0,0.0,0.0%,DL,2019
241,242,Vernon Butler,0,0,0.0,0,0,0,0,0,1,0.0,0.0,0.0%,DL,2019
242,243,Kamalei Correa,1,0,0.0,0,0,0,0,0,1,0.0,0.0,0.0%,DL,2019
243,244,Vince Biegel,0,1,0.0,0,0,0,0,0,1,0.0,0.0,0.0%,DL,2019
244,245,Adam Gotsis,0,0,0.0,0,0,0,0,0,1,0.0,0.0,1.2%,DL,2019
245,246,Austin Johnson,0,0,0.0,0,0,0,0,0,1,0.0,0.0,3.0%,DL,2019
246,247,Leonard Floyd,1,3,0.0,0,0,0,0,0,1,0.0,0.0,5.4%,DL,2019
247,248,Matthew Judon,3,1,1.0,0,0,0,0,0,1,0.0,0.0,16.8%,DL,2019
248,249,Stephen Weatherly,0,0,0.0,0,0,0,0,0,1,0.0,0.0,0.0%,DL,2019
249,250,Angelo Blackson,0,0,0.0,0,0,0,0,0,1,0.0,0.0,0.2%,DL,2019
250,251,Samson Ebukam,2,1,0.0,1,0,0,0,0,1,0.0,0.0,8.7%,DL,2019
251,252,Isaac Rochell,0,0,0.0,0,0,0,0,0,1,0.0,0.0,0.0%,DL,2019
252,253,Tanoh Kpassagnon,0,0,0.0,0,0,0,0,0,1,0.0,0.0,0.0%,DL,2019
253,254,Treyvon Hester,0,0,0.0,0,0,0,0,0,1,0.0,0.0,0.0%,DL,2019
254,255,Fadol Brown,0,0,0.0,0,0,0,0,0,1,0.0,0.0,0.0%,DL,2019
255,256,Ryan Anderson,2,0,0.0,0,0,0,0,0,1,0.0,0.0,0.0%,DL,2019
256,257,Ifeadi Odenigbo,0,0,0.0,0,0,0,0,0,1,0.0,0.0,4.0%,DL,2019
257,258,Jaleel Johnson,0,0,0.0,0,0,0,0,0,1,0.0,0.0,0.0%,DL,2019
258,259,DeMarcus Walker,0,0,0.0,0,0,0,0,0,1,0.0,0.0,1.8%,DL,2019
259,260,Rashaad Coward,0,0,0.0,0,0,0,0,0,1,0.0,0.0,1.0%,DL,2019
260,261,Isaiah Irving,2,0,0.0,0,0,0,0,0,1,0.0,0.0,0.0%,DL,2019
261,262,Reggie Gilbert,2,0,0.0,0,0,0,0,0,1,0.0,0.0,0.1%,DL,2019
262,263,Kameron Canaday,0,0,0.0,0,0,0,0,0,1,0.0,0.0,0.0%,DL,2019
263,264,Brennan Scarlett,2,0,0.0,0,0,0,0,0,1,0.0,0.0,0.0%,DL,2019
264,265,Zach Wood,0,0,0.0,0,0,0,0,0,1,0.0,0.0,0.0%,DL,2019
265,266,Deatrich Wise,0,0,0.0,0,0,0,0,0,1,0.0,0.0,3.0%,DL,2019
266,267,T.J. Watt,2,0,0.0,2,1,0,1,0,1,0.0,0.0,78.9%,DL,2019
267,268,Grover Stewart,0,0,0.0,0,0,0,0,0,1,0.0,0.0,3.5%,DL,2019
268,269,Tyus Bowser,1,0,0.0,0,0,0,0,0,1,0.0,0.0,0.7%,DL,2019
269,270,Chris Wormley,0,0,0.0,0,0,0,0,0,1,0.0,0.0,0.0%,DL,2019
270,271,Takk McKinley,0,1,0.5,0,0,0,0,0,1,0.0,0.0,1.1%,DL,2019
271,272,Tim Williams,0,0,0.0,0,0,0,0,0,1,0.0,0.0,0.0%,DL,2019
