,Rank,Player,Tackle,Assist,Sack,Pass Defended,Interception,Forced Fumble,Fumble Recovery,Defend Touchdown,Games Played,Fantasy Football Points,FTPS/Game,ROST,Position,Year
0,1,Dante Fowler,6,1,3.0,1,0,1,0,0,1,34.8,34.8,3.5%,DL,2019
1,2,Frank Clark,5,0,2.0,0,0,1,0,0,1,24.5,24.5,0.0%,DL,2019
2,3,Alex Okafor,4,0,2.0,0,0,1,0,0,1,23.0,23.0,0.0%,DL,2019
3,4,Nick Bosa,5,2,1.0,0,0,0,0,0,1,23.0,23.0,63.2%,DL,2019
4,5,Joey Bosa,4,2,2.0,0,0,1,0,0,1,22.0,22.0,16.7%,DL,2019
5,6,Geno Atkins,4,2,2.0,0,0,0,0,0,1,20.5,20.5,0.0%,DL,2019
6,7,Yannick Ngakoue,2,0,0.0,1,1,0,0,1,1,18.0,18.0,1.7%,DL,2019
7,8,Justin Houston,3,0,2.0,0,0,0,0,0,1,17.5,17.5,0.0%,DL,2019
8,9,Cameron Jordan,2,0,2.0,0,0,0,0,0,1,16.0,16.0,6.1%,DL,2019
9,10,Matt Ioannidis,8,1,0.0,0,0,0,0,0,1,15.3,15.3,0.0%,DL,2019
10,11,Aaron Donald,2,0,1.0,0,0,1,1,0,1,15.0,15.0,11.7%,DL,2019
11,12,Jabaal Sheard,4,0,1.0,0,0,0,0,0,1,15.0,15.0,0.0%,DL,2019
12,13,Jeffery Simmons,4,0,1.0,0,0,0,0,0,1,15.0,15.0,27.2%,DL,2019
13,14,DeMarcus Lawrence,2,2,1.0,0,0,1,0,0,1,15.0,15.0,12.7%,DL,2019
14,15,Sam Hubbard,4,1,0.0,2,0,0,0,0,1,14.8,14.8,21.7%,DL,2019
15,16,Emmanuel Ogbah,3,0,1.0,2,0,0,0,0,1,14.0,14.0,1.1%,DL,2019
16,17,DeMarcus Walker,3,2,1.0,0,0,0,0,0,1,12.5,12.5,1.8%,DL,2019
17,18,Josh Allen,2,0,1.0,0,0,0,0,0,1,12.0,12.0,44.1%,DL,2019
18,19,Trent Murphy,4,1,0.0,0,0,0,0,0,1,11.8,11.8,0.0%,DL,2019
19,20,Taco Charlton,3,1,1.0,0,0,0,0,0,1,11.8,11.8,0.0%,DL,2019
20,21,Ryan Kerrigan,2,2,0.5,0,0,0,0,0,1,11.5,11.5,0.0%,DL,2019
21,22,Danielle Hunter,3,0,1.0,0,0,0,0,0,1,11.0,11.0,52.9%,DL,2019
22,23,Daron Payne,7,0,0.0,0,0,0,0,0,1,10.5,10.5,15.4%,DL,2019
23,24,Arik Armstead,2,1,1.0,0,0,0,0,0,1,10.3,10.3,3.6%,DL,2019
24,25,Corey Peters,1,3,1.0,0,0,0,0,0,1,10.3,10.3,2.0%,DL,2019
25,26,Abdullah Anderson,2,0,1.0,0,0,0,0,0,1,9.5,9.5,2.0%,DL,2019
26,27,Abry Jones,2,0,1.0,0,0,0,0,0,1,9.5,9.5,0.0%,DL,2019
27,28,Fletcher Cox,1,0,1.0,0,0,1,0,0,1,9.5,9.5,1.1%,DL,2019
28,29,Haason Reddick,2,3,0.0,0,0,0,1,0,1,9.3,9.3,17.6%,DL,2019
29,30,Mike Purcell,4,1,0.0,0,0,0,0,0,1,9.3,9.3,0.0%,DL,2019
30,31,Maliek Collins,2,3,0.0,0,0,0,1,0,1,9.3,9.3,2.4%,DL,2019
31,32,Jonathan Allen,5,2,0.0,0,0,0,0,0,1,9.0,9.0,14.8%,DL,2019
32,33,Derek Barnett,1,1,1.0,0,0,0,0,0,1,8.8,8.8,0.5%,DL,2019
33,34,Everson Griffen,1,1,1.0,0,0,0,0,0,1,8.8,8.8,2.0%,DL,2019
34,35,Ed Oliver,1,1,1.0,0,0,0,0,0,1,8.8,8.8,22.1%,DL,2019
35,36,Brooks Reed,1,1,1.0,0,0,0,0,0,1,8.8,8.8,0.0%,DL,2019
36,37,Dee Ford,1,1,1.0,0,0,0,0,0,1,8.8,8.8,0.0%,DL,2019
37,38,Kyle Phillips,4,3,0.0,0,0,0,0,0,1,8.3,8.3,0.0%,DL,2019
38,39,Branden Jackson,1,0,1.0,0,0,0,0,0,1,8.0,8.0,0.0%,DL,2019
39,40,Maxx Crosby,1,0,1.0,0,0,0,0,0,1,8.0,8.0,69.0%,DL,2019
40,41,Olsen Pierre,1,0,1.0,0,0,0,0,0,1,8.0,8.0,0.0%,DL,2019
41,42,Jullian Taylor,1,0,0.0,0,0,0,1,0,1,8.0,8.0,0.0%,DL,2019
42,43,Hassan Ridgeway,1,0,1.0,0,0,0,0,0,1,8.0,8.0,0.0%,DL,2019
43,44,Bilal Nichols,3,1,0.0,0,0,0,0,0,1,7.8,7.8,1.3%,DL,2019
44,45,Tyeler Davison,2,3,0.0,0,0,0,0,0,1,7.8,7.8,0.0%,DL,2019
45,46,Jadeveon Clowney,3,0,0.0,0,0,0,0,0,1,7.0,7.0,22.5%,DL,2019
46,47,Jordan Phillips,2,0,0.0,0,0,1,0,0,1,7.0,7.0,0.9%,DL,2019
47,48,DeForest Buckner,3,3,0.0,0,0,0,0,0,1,6.8,6.8,47.2%,DL,2019
48,49,Calais Campbell,2,1,0.0,0,0,0,0,0,1,6.3,6.3,3.1%,DL,2019
49,50,Derek Wolfe,2,1,0.0,0,0,0,0,0,1,6.3,6.3,0.0%,DL,2019
50,51,Quinnen Williams,1,1,0.0,1,0,0,0,0,1,6.3,6.3,26.7%,DL,2019
51,52,Kenny Clark,3,2,0.0,0,0,0,0,0,1,6.0,6.0,8.9%,DL,2019
52,53,J.J. Watt,3,0,0.0,1,0,0,0,0,1,6.0,6.0,4.2%,DL,2019
53,54,Johnathan Hankins,4,0,0.0,0,0,0,0,0,1,6.0,6.0,0.0%,DL,2019
54,55,Andrew Brown,3,2,0.0,0,0,0,0,0,1,6.0,6.0,0.0%,DL,2019
55,56,Montez Sweat,1,3,0.5,0,0,0,0,0,1,5.8,5.8,35.2%,DL,2019
56,57,Foley Fatukasi,1,2,0.0,0,0,0,0,0,1,5.5,5.5,0.4%,DL,2019
57,58,A'Shawn Robinson,2,0,0.0,0,0,0,0,0,1,5.5,5.5,4.5%,DL,2019
58,59,Noah Spence,1,0,1.0,0,0,0,0,0,1,5.5,5.5,0.0%,DL,2019
59,60,Jaylon Ferguson,1,2,0.0,0,0,0,0,0,1,5.5,5.5,0.0%,DL,2019
60,61,Ben Banogu,2,0,0.0,0,0,0,0,0,1,5.5,5.5,0.0%,DL,2019
61,62,Kerry Hyder,0,2,0.0,0,0,0,1,0,1,5.5,5.5,2.0%,DL,2019
62,63,Grady Jarrett,3,1,0.0,0,0,0,0,0,1,5.3,5.3,5.7%,DL,2019
63,64,Vinny Curry,3,1,0.0,0,0,0,0,0,1,5.3,5.3,0.0%,DL,2019
64,65,Lawrence Guy,3,1,0.0,0,0,0,0,0,1,5.3,5.3,4.0%,DL,2019
65,66,Cortez Broughton,3,1,0.0,0,0,0,0,0,1,5.3,5.3,0.0%,DL,2019
66,67,Steve McLendon,1,1,0.0,0,0,0,0,0,1,4.8,4.8,0.0%,DL,2019
67,68,Derrick Nnadi,1,1,0.0,0,0,0,0,0,1,4.8,4.8,0.9%,DL,2019
68,69,Dalvin Tomlinson,1,1,0.0,0,0,0,0,0,1,4.8,4.8,2.2%,DL,2019
69,70,Shaq Lawson,1,1,0.0,0,0,0,0,0,1,4.8,4.8,0.0%,DL,2019
70,71,Tarell Basham,3,0,0.0,0,0,0,0,0,1,4.5,4.5,0.0%,DL,2019
71,72,Michael Brockers,3,0,0.0,0,0,0,0,0,1,4.5,4.5,0.0%,DL,2019
72,73,Davon Godchaux,1,2,0.0,1,0,0,0,0,1,4.5,4.5,4.3%,DL,2019
73,74,Leonard Williams,1,2,0.0,1,0,0,0,0,1,4.5,4.5,10.9%,DL,2019
74,75,Eddie Goldman,3,0,0.0,0,0,0,0,0,1,4.5,4.5,0.2%,DL,2019
75,76,Shelby Harris,1,0,0.0,2,0,0,0,0,1,4.5,4.5,1.1%,DL,2019
76,77,Trey Flowers,2,2,0.0,0,0,0,0,0,1,4.5,4.5,0.2%,DL,2019
77,78,Trent Harris,3,0,0.0,0,0,0,0,0,1,4.5,4.5,0.0%,DL,2019
78,79,John Jenkins,2,2,0.0,0,0,0,0,0,1,4.5,4.5,1.7%,DL,2019
79,80,Brandon Williams,2,2,0.0,0,0,0,0,0,1,4.5,4.5,0.2%,DL,2019
80,81,Cassius Marsh,1,0,0.0,0,0,0,0,0,1,4.0,4.0,1.0%,DL,2019
81,82,Jerry Hughes,0,0,0.0,0,0,0,1,0,1,4.0,4.0,1.0%,DL,2019
82,83,Al Woods,1,0,0.0,0,0,0,0,0,1,4.0,4.0,0.0%,DL,2019
83,84,Antwaun Woods,0,0,0.0,0,0,0,1,0,1,4.0,4.0,0.0%,DL,2019
84,85,Jurrell Casey,0,0,0.0,0,0,0,1,0,1,4.0,4.0,0.1%,DL,2019
85,86,Danny Shelton,2,1,0.0,0,0,0,0,0,1,3.8,3.8,0.0%,DL,2019
86,87,Taven Bryan,2,1,0.0,0,0,0,0,0,1,3.8,3.8,0.2%,DL,2019
87,88,Linval Joseph,2,1,0.0,0,0,0,0,0,1,3.8,3.8,0.0%,DL,2019
88,89,Poona Ford,2,1,0.0,0,0,0,0,0,1,3.8,3.8,0.7%,DL,2019
89,90,Damion Square,1,1,0.0,1,0,0,0,0,1,3.8,3.8,0.0%,DL,2019
90,91,Tyler Lancaster,2,1,0.0,0,0,0,0,0,1,3.8,3.8,0.0%,DL,2019
91,92,Charles Harris,2,0,0.0,0,0,0,0,0,1,3.0,3.0,4.0%,DL,2019
92,93,Jack Crawford,0,4,0.0,0,0,0,0,0,1,3.0,3.0,0.0%,DL,2019
93,94,Josh Tupou,0,4,0.0,0,0,0,0,0,1,3.0,3.0,0.0%,DL,2019
94,95,Angelo Blackson,2,0,0.0,0,0,0,0,0,1,3.0,3.0,0.2%,DL,2019
95,96,Ronald Blair,1,2,0.0,0,0,0,0,0,1,3.0,3.0,0.0%,DL,2019
96,97,Marcell Dareus,1,0,0.0,1,0,0,0,0,1,3.0,3.0,0.0%,DL,2019
97,98,Kevin Strong,2,0,0.0,0,0,0,0,0,1,3.0,3.0,0.0%,DL,2019
98,99,Brandon Graham,1,2,0.0,0,0,0,0,0,1,3.0,3.0,2.2%,DL,2019
99,100,Nick Williams,1,0,0.0,1,0,0,0,0,1,3.0,3.0,3.0%,DL,2019
100,101,DJ Reader,2,0,0.0,0,0,0,0,0,1,3.0,3.0,2.6%,DL,2019
101,102,Solomon Thomas,2,0,0.0,0,0,0,0,0,1,3.0,3.0,0.8%,DL,2019
102,103,Grover Stewart,1,1,0.0,0,0,0,0,0,1,2.3,2.3,3.5%,DL,2019
103,104,Isaac Rochell,0,3,0.0,0,0,0,0,0,1,2.3,2.3,0.0%,DL,2019
104,105,Akeem Spence,1,1,0.0,0,0,0,0,0,1,2.3,2.3,0.0%,DL,2019
105,106,Chris Wormley,1,1,0.0,0,0,0,0,0,1,2.3,2.3,0.0%,DL,2019
106,107,P.J. Hall,1,1,0.0,0,0,0,0,0,1,2.3,2.3,0.0%,DL,2019
107,108,John Cominsky,0,1,0.0,1,0,0,0,0,1,2.3,2.3,1.2%,DL,2019
108,109,Deatrich Wise,1,1,0.0,0,0,0,0,0,1,2.3,2.3,3.0%,DL,2019
109,110,Denico Autry,0,1,0.0,1,0,0,0,0,1,2.3,2.3,10.1%,DL,2019
110,111,Montravius Adams,1,1,0.0,0,0,0,0,0,1,2.3,2.3,0.4%,DL,2019
111,112,Josh Sweat,1,1,0.0,0,0,0,0,0,1,2.3,2.3,14.1%,DL,2019
112,113,Rashan Gary,1,1,0.0,0,0,0,0,0,1,2.3,2.3,11.2%,DL,2019
113,114,Daeshon Hall,1,1,0.0,0,0,0,0,0,1,2.3,2.3,2.0%,DL,2019
114,115,Damon Harrison,1,1,0.0,0,0,0,0,0,1,2.3,2.3,0.0%,DL,2019
115,116,Dexter Lawrence,1,1,0.0,0,0,0,0,0,1,2.3,2.3,12.4%,DL,2019
116,117,Khalen Saunders,1,1,0.0,0,0,0,0,0,1,2.3,2.3,1.3%,DL,2019
117,118,DaQuan Jones,1,1,0.0,0,0,0,0,0,1,2.3,2.3,0.7%,DL,2019
118,119,Shamar Stephen,0,1,0.0,1,0,0,0,0,1,2.3,2.3,0.0%,DL,2019
119,120,Stephen Weatherly,1,0,0.0,0,0,0,0,0,1,1.5,1.5,0.0%,DL,2019
120,121,Roy Robertson-Harris,0,0,0.0,1,0,0,0,0,1,1.5,1.5,1.3%,DL,2019
121,122,Joe Jackson,1,0,0.0,0,0,0,0,0,1,1.5,1.5,0.0%,DL,2019
122,123,Kingsley Keke,0,2,0.0,0,0,0,0,0,1,1.5,1.5,1.0%,DL,2019
123,124,Sebastian Joseph-Day,1,0,0.0,0,0,0,0,0,1,1.5,1.5,2.1%,DL,2019
124,125,Chase Winovich,1,0,0.0,0,0,0,0,0,1,1.5,1.5,0.0%,DL,2019
125,126,Dre'Mont Jones,0,2,0.0,0,0,0,0,0,1,1.5,1.5,4.9%,DL,2019
126,127,Dean Lowry,0,2,0.0,0,0,0,0,0,1,1.5,1.5,0.6%,DL,2019
127,128,John Atkins,1,0,0.0,0,0,0,0,0,1,1.5,1.5,0.0%,DL,2019
128,129,Tanoh Kpassagnon,1,0,0.0,0,0,0,0,0,1,1.5,1.5,0.0%,DL,2019
129,130,Jaleel Johnson,1,0,0.0,0,0,0,0,0,1,1.5,1.5,0.0%,DL,2019
130,131,Sheldon Day,1,0,0.0,0,0,0,0,0,1,1.5,1.5,0.0%,DL,2019
131,132,Adrian Clayborn,1,0,0.0,0,0,0,0,0,1,1.5,1.5,0.0%,DL,2019
132,133,Rodney Gunter,0,2,0.0,0,0,0,0,0,1,1.5,1.5,0.1%,DL,2019
133,134,Allen Bailey,1,0,0.0,0,0,0,0,0,1,1.5,1.5,0.0%,DL,2019
134,135,Michael Pierce,0,2,0.0,0,0,0,0,0,1,1.5,1.5,1.7%,DL,2019
135,136,Al-Quadin Muhammad,1,0,0.0,0,0,0,0,0,1,1.5,1.5,0.0%,DL,2019
136,137,Carl Granderson,1,0,0.0,0,0,0,0,0,1,1.5,1.5,28.7%,DL,2019
137,138,Margus Hunt,1,0,0.0,0,0,0,0,0,1,1.5,1.5,0.0%,DL,2019
138,139,Jonathan Bullard,0,2,0.0,0,0,0,0,0,1,1.5,1.5,3.3%,DL,2019
139,140,Andrew Billings,1,0,0.0,0,0,0,0,0,1,1.5,1.5,1.6%,DL,2019
140,141,Corey Liuget,1,0,0.0,0,0,0,0,0,1,1.5,1.5,0.0%,DL,2019
141,142,Jarran Reed,0,2,0.0,0,0,0,0,0,1,1.5,1.5,5.8%,DL,2019
142,143,Zach Kerr,0,0,0.0,1,0,0,0,0,1,1.5,1.5,0.0%,DL,2019
143,144,Terrell McClain,1,0,0.0,0,0,0,0,0,1,1.5,1.5,0.0%,DL,2019
144,145,Renell Wren,0,1,0.0,0,0,0,0,0,1,0.8,0.8,0.0%,DL,2019
145,146,Romeo Okwara,0,1,0.0,0,0,0,0,0,1,0.8,0.8,0.0%,DL,2019
146,147,Marcus Davenport,0,1,0.0,0,0,0,0,0,1,0.8,0.8,2.1%,DL,2019
147,148,Kyle Peko,0,1,0.0,0,0,0,0,0,1,0.8,0.8,0.0%,DL,2019
148,149,T.Y. McGill,0,1,0.0,0,0,0,0,0,1,0.8,0.8,0.2%,DL,2019
149,150,Quinton Jefferson,0,1,0.0,0,0,0,0,0,1,0.8,0.8,3.4%,DL,2019
150,151,Ryan Glasgow,0,1,0.0,0,0,0,0,0,1,0.8,0.8,0.0%,DL,2019
151,152,Josh Mauro,0,1,0.0,0,0,0,0,0,1,0.8,0.8,0.0%,DL,2019
152,153,B.J. Hill,0,1,0.0,0,0,0,0,0,1,0.8,0.8,5.8%,DL,2019
153,154,Jihad Ward,0,1,0.0,0,0,0,0,0,1,0.8,0.8,0.2%,DL,2019
154,155,Aaron Lynch,0,0,0.0,0,0,0,0,0,1,0.0,0.0,0.0%,DL,2019
155,156,Khalil Mack,8,0,0.0,0,0,0,0,0,1,0.0,0.0,52.8%,DL,2019
156,157,Kyle Van,2,3,0.0,0,0,0,1,0,1,0.0,0.0,8.2%,DL,2019
157,158,Jeremiah Attaochu,0,0,0.0,0,0,0,0,0,1,0.0,0.0,0.0%,DL,2019
158,159,Benson Mayowa,0,0,0.0,0,0,0,0,0,1,0.0,0.0,0.0%,DL,2019
159,160,Lerentee McCray,0,0,0.0,0,0,0,0,0,1,0.0,0.0,4.0%,DL,2019
160,161,Devon Kennard,4,0,0.0,0,0,0,0,0,1,0.0,0.0,0.0%,DL,2019
161,162,Barkevious Mingo,0,0,0.0,0,0,0,0,0,1,0.0,0.0,6.0%,DL,2019
162,163,Star Lotulelei,0,0,0.0,0,0,0,0,0,1,0.0,0.0,0.0%,DL,2019
163,164,John Simon,1,2,1.0,0,0,1,0,0,1,0.0,0.0,0.0%,DL,2019
164,165,Brandon Dunn,0,0,0.0,0,0,0,0,0,1,0.0,0.0,0.0%,DL,2019
165,166,Josh Martin,0,0,0.0,0,0,0,0,0,1,0.0,0.0,0.0%,DL,2019
166,167,Brandon Copeland,3,3,0.0,0,0,0,0,0,1,0.0,0.0,0.0%,DL,2019
167,168,Pernell McPhee,1,0,0.0,0,0,0,0,0,1,0.0,0.0,0.0%,DL,2019
168,169,Von Miller,0,0,0.0,0,0,0,0,0,1,0.0,0.0,2.5%,DL,2019
169,170,Robert Quinn,1,1,1.0,1,0,0,0,0,1,0.0,0.0,1.2%,DL,2019
170,171,Terrell Suggs,2,3,1.0,0,0,1,0,0,1,0.0,0.0,0.0%,DL,2019
171,172,Whitney Mercilus,1,3,0.5,0,0,0,1,0,1,0.0,0.0,0.2%,DL,2019
172,173,Clinton McDonald,0,0,0.0,0,0,0,0,0,1,0.0,0.0,0.0%,DL,2019
173,174,Chandler Jones,5,0,4.0,0,0,1,1,0,1,0.0,0.0,0.5%,DL,2019
174,175,Cameron Wake,0,0,0.0,0,0,0,0,0,1,0.0,0.0,0.0%,DL,2019
175,176,Vic Beasley,2,0,0.0,0,0,0,0,0,1,0.0,0.0,0.0%,DL,2019
176,177,Clelin Ferrell,0,0,0.0,0,0,0,0,0,1,0.0,0.0,1.7%,DL,2019
177,178,Dennis Gardeck,0,0,0.0,0,0,0,0,0,1,0.0,0.0,3.6%,DL,2019
178,179,Tim Settle,0,0,0.0,0,0,0,0,0,1,0.0,0.0,0.4%,DL,2019
179,180,Rasheem Green,0,0,0.0,0,0,0,0,0,1,0.0,0.0,6.0%,DL,2019
180,181,Hercules Mata'afa,0,0,0.0,0,0,0,0,0,1,0.0,0.0,0.0%,DL,2019
181,182,R.J. McIntosh,0,0,0.0,0,0,0,0,0,1,0.0,0.0,0.0%,DL,2019
182,183,Lorenzo Carter,1,2,0.0,1,0,0,0,0,1,0.0,0.0,1.8%,DL,2019
183,184,Harold Landry,2,1,0.0,0,0,0,0,0,1,0.0,0.0,24.1%,DL,2019
184,185,Uchenna Nwosu,5,1,0.0,1,0,0,0,0,1,0.0,0.0,17.7%,DL,2019
185,186,Ogbo Okoronkwo,1,1,0.0,0,0,0,0,0,1,0.0,0.0,2.7%,DL,2019
186,187,Maurice Hurst,0,0,0.0,0,0,0,0,0,1,0.0,0.0,0.2%,DL,2019
187,188,Jacob Martin,2,0,0.0,0,0,0,0,0,1,0.0,0.0,0.4%,DL,2019
188,189,Shaquem Griffin,0,0,0.0,0,0,0,0,0,1,0.0,0.0,0.1%,DL,2019
189,190,Christian Wilkins,0,0,0.0,0,0,0,0,0,1,0.0,0.0,48.1%,DL,2019
190,191,Zach Sieler,0,0,0.0,0,0,0,0,0,1,0.0,0.0,27.9%,DL,2019
191,192,Jerry Tillery,0,0,0.0,0,0,0,0,0,1,0.0,0.0,0.7%,DL,2019
192,193,Rashaad Coward,0,0,0.0,0,0,0,0,0,1,0.0,0.0,1.0%,DL,2019
193,194,Shy Tuttle,0,0,0.0,0,0,0,0,0,1,0.0,0.0,2.0%,DL,2019
194,195,Tuzar Skipper,0,0,0.0,0,0,0,0,0,1,0.0,0.0,0.0%,DL,2019
195,196,Isaiah Mack,0,0,0.0,0,0,0,0,0,1,0.0,0.0,0.0%,DL,2019
196,197,Natrez Patrick,1,0,0.0,0,0,0,0,0,1,0.0,0.0,0.0%,DL,2019
197,198,Justin Hollins,1,0,0.0,0,0,0,0,0,1,0.0,0.0,0.0%,DL,2019
198,199,L.J. Collier,0,0,0.0,0,0,0,0,0,1,0.0,0.0,1.0%,DL,2019
199,200,Emeke Egbule,2,0,0.0,0,0,0,0,0,1,0.0,0.0,0.0%,DL,2019
200,201,Oshane Ximines,0,0,0.0,0,0,0,0,0,1,0.0,0.0,0.0%,DL,2019
201,202,Charles Omenihu,0,0,0.0,0,0,0,0,0,1,0.0,0.0,1.1%,DL,2019
202,203,Byron Cowart,0,0,0.0,0,0,0,0,0,1,0.0,0.0,0.4%,DL,2019
203,204,Malik Reed,3,1,0.0,0,0,0,0,0,1,0.0,0.0,0.0%,DL,2019
204,205,Trysten Hill,0,0,0.0,0,0,0,0,0,1,0.0,0.0,0.2%,DL,2019
205,206,Darryl Johnson,0,0,0.0,0,0,0,0,0,1,0.0,0.0,0.0%,DL,2019
206,207,Malcom Brown,0,0,0.0,0,0,0,0,0,1,0.0,0.0,0.0%,DL,2019
207,208,Austin Johnson,0,0,0.0,0,0,0,0,0,1,0.0,0.0,3.0%,DL,2019
208,209,Shilique Calhoun,0,0,0.0,0,0,0,0,0,1,0.0,0.0,0.0%,DL,2019
209,210,Leonard Floyd,3,0,0.0,0,0,0,0,0,1,0.0,0.0,5.4%,DL,2019
210,211,Jordan Jenkins,2,1,0.0,0,0,0,0,0,1,0.0,0.0,0.0%,DL,2019
211,212,Vince Biegel,3,2,1.0,0,0,0,0,0,1,0.0,0.0,0.0%,DL,2019
212,213,Anthony Zettel,0,0,0.0,0,0,0,0,0,1,0.0,0.0,1.0%,DL,2019
213,214,Sheldon Rankins,0,0,0.0,0,0,0,0,0,1,0.0,0.0,2.0%,DL,2019
214,215,Kyler Fackrell,1,1,0.0,0,0,0,0,0,1,0.0,0.0,0.0%,DL,2019
215,216,Kamalei Correa,1,2,0.0,0,0,0,0,0,1,0.0,0.0,0.0%,DL,2019
216,217,David Onyemata,0,0,0.0,0,0,0,0,0,1,0.0,0.0,5.7%,DL,2019
217,218,Matthew Judon,0,1,0.0,0,0,0,0,0,1,0.0,0.0,16.8%,DL,2019
218,219,Christian Covington,0,0,0.0,0,0,0,0,0,1,0.0,0.0,0.0%,DL,2019
219,220,Carl Davis,0,0,0.0,0,0,0,0,0,1,0.0,0.0,1.1%,DL,2019
220,221,Preston Smith,0,1,0.0,0,0,0,0,0,1,0.0,0.0,11.1%,DL,2019
221,222,Mario Edwards,0,0,0.0,0,0,0,0,0,1,0.0,0.0,0.0%,DL,2019
222,223,Markus Golden,3,2,0.0,0,0,0,0,0,1,0.0,0.0,0.5%,DL,2019
223,224,Za'Darius Smith,0,2,0.0,0,0,0,0,0,1,0.0,0.0,5.4%,DL,2019
224,225,Samson Ebukam,0,2,0.0,0,0,0,0,0,1,0.0,0.0,8.7%,DL,2019
225,226,Ifeadi Odenigbo,0,0,0.0,0,0,0,0,0,1,0.0,0.0,4.0%,DL,2019
226,227,D.J. Jones,0,0,0.0,0,0,0,0,0,1,0.0,0.0,5.0%,DL,2019
227,228,Tanzel Smart,0,0,0.0,0,0,0,0,0,1,0.0,0.0,0.0%,DL,2019
228,229,Adam Butler,0,0,0.0,0,0,0,0,0,1,0.0,0.0,0.7%,DL,2019
229,230,Dawuane Smoot,0,0,0.0,0,0,0,0,0,1,0.0,0.0,0.4%,DL,2019
230,231,Treyvon Hester,0,0,0.0,0,0,0,0,0,1,0.0,0.0,0.0%,DL,2019
231,232,Ryan Anderson,2,1,0.0,1,0,0,0,0,1,0.0,0.0,0.0%,DL,2019
232,233,Isaiah Irving,0,1,0.0,0,0,0,0,0,1,0.0,0.0,0.0%,DL,2019
233,234,Zach Wood,0,0,0.0,0,0,0,0,0,1,0.0,0.0,0.0%,DL,2019
234,235,Reggie Gilbert,0,3,0.0,0,0,0,0,0,1,0.0,0.0,0.1%,DL,2019
235,236,Brennan Scarlett,3,1,0.5,0,0,0,0,0,1,0.0,0.0,0.0%,DL,2019
236,237,Takk McKinley,1,0,0.0,0,0,0,0,0,1,0.0,0.0,1.1%,DL,2019
237,238,Tyus Bowser,2,1,0.0,0,0,0,0,0,1,0.0,0.0,0.7%,DL,2019
238,239,Jordan Willis,0,0,0.0,0,0,0,0,0,1,0.0,0.0,1.0%,DL,2019
239,240,Morgan Fox,0,0,0.0,0,0,0,0,0,1,0.0,0.0,2.3%,DL,2019
