,Rank,Player,Tackle,Assist,Sack,Pass Defended,Interception,Forced Fumble,Fumble Recovery,Defend Touchdown,Games Played,Fantasy Football Points,FTPS/Game,ROST,Position,Year
0,1,Everson Griffen,5,1,1.0,0,0,0,0,0,1,19.8,19.8,2.0%,DL,2019
1,2,Justin Houston,2,1,1.0,0,0,1,1,0,1,18.3,18.3,0.0%,DL,2019
2,3,Lawrence Guy,2,2,1.0,0,0,0,1,0,1,17.5,17.5,4.0%,DL,2019
3,4,Christian Wilkins,3,2,1.0,0,0,0,0,0,1,15.0,15.0,48.1%,DL,2019
4,5,Derek Wolfe,4,1,1.0,1,0,0,0,0,1,14.8,14.8,0.0%,DL,2019
5,6,DeForest Buckner,3,1,1.0,0,0,0,0,0,1,14.3,14.3,47.2%,DL,2019
6,7,DeMarcus Lawrence,3,1,1.0,0,0,0,0,0,1,14.3,14.3,12.7%,DL,2019
7,8,Jordan Phillips,3,0,1.0,0,0,0,0,0,1,13.5,13.5,0.9%,DL,2019
8,9,Michael Bennett,3,0,1.0,0,0,0,0,0,1,13.5,13.5,0.0%,DL,2019
9,10,Calais Campbell,4,1,1.0,0,0,0,0,0,1,13.3,13.3,3.1%,DL,2019
10,11,Joey Bosa,2,2,1.5,0,0,0,0,0,1,13.0,13.0,16.7%,DL,2019
11,12,Trey Flowers,2,1,1.0,0,0,0,0,0,1,12.8,12.8,0.2%,DL,2019
12,13,Matt Ioannidis,4,0,1.0,0,0,0,0,0,1,12.5,12.5,0.0%,DL,2019
13,14,Larry Ogunjobi,3,0,1.0,1,0,0,0,0,1,12.5,12.5,2.5%,DL,2019
14,15,Davon Godchaux,2,4,1.0,0,0,0,0,0,1,12.5,12.5,4.3%,DL,2019
15,16,Melvin Ingram,2,1,1.5,0,0,0,0,0,1,12.3,12.3,0.0%,DL,2019
16,17,Yannick Ngakoue,4,1,0.0,0,0,0,0,0,1,11.8,11.8,1.7%,DL,2019
17,18,Brandon Graham,2,2,1.0,0,0,0,0,0,1,11.0,11.0,2.2%,DL,2019
18,19,Montez Sweat,3,0,1.0,0,0,0,0,0,1,11.0,11.0,35.2%,DL,2019
19,20,Chris Jones,2,1,1.0,0,0,0,0,0,1,10.3,10.3,25.7%,DL,2019
20,21,Dontari Poe,2,1,1.0,0,0,0,0,0,1,10.3,10.3,0.0%,DL,2019
21,22,Jerry Hughes,2,1,1.0,0,0,0,0,0,1,10.3,10.3,1.0%,DL,2019
22,23,Quinnen Williams,2,1,1.0,0,0,0,0,0,1,10.3,10.3,26.7%,DL,2019
23,24,Trent Murphy,1,2,1.0,0,0,0,0,0,1,9.5,9.5,0.0%,DL,2019
24,25,Dorance Armstrong,1,0,1.0,0,0,1,0,0,1,9.5,9.5,4.2%,DL,2019
25,26,Ifeadi Odenigbo,2,0,1.0,0,0,0,0,0,1,9.5,9.5,4.0%,DL,2019
26,27,Eddie Goldman,2,0,1.0,0,0,0,0,0,1,9.5,9.5,0.2%,DL,2019
27,28,Dee Ford,2,0,1.0,0,0,0,0,0,1,9.5,9.5,0.0%,DL,2019
28,29,Stephen Weatherly,1,0,1.0,0,0,1,0,0,1,9.5,9.5,0.0%,DL,2019
29,30,Olivier Vernon,2,0,1.0,0,0,0,0,0,1,9.5,9.5,6.0%,DL,2019
30,31,Jonathan Allen,5,2,0.0,0,0,0,0,0,1,9.0,9.0,14.8%,DL,2019
31,32,P.J. Hall,1,1,1.0,0,0,0,0,0,1,8.8,8.8,0.0%,DL,2019
32,33,Maliek Collins,1,1,1.0,0,0,0,0,0,1,8.8,8.8,2.4%,DL,2019
33,34,Carlos Watkins,1,1,1.0,0,0,0,0,0,1,8.8,8.8,0.0%,DL,2019
34,35,Nick Williams,2,2,1.0,0,0,0,0,0,1,8.5,8.5,3.0%,DL,2019
35,36,Damon Harrison,5,1,0.0,0,0,0,0,0,1,8.3,8.3,0.0%,DL,2019
36,37,Arden Key,1,0,1.0,0,0,0,0,0,1,8.0,8.0,2.4%,DL,2019
37,38,Josh Sweat,1,0,1.0,0,0,0,0,0,1,8.0,8.0,14.1%,DL,2019
38,39,Jihad Ward,1,0,1.0,0,0,0,0,0,1,8.0,8.0,0.2%,DL,2019
39,40,Jason Pierre-Paul,2,2,0.5,1,0,0,0,0,1,8.0,8.0,0.0%,DL,2019
40,41,Grover Stewart,2,3,0.0,0,0,0,0,0,1,7.8,7.8,3.5%,DL,2019
41,42,Linval Joseph,3,1,0.0,0,0,0,0,0,1,7.8,7.8,0.0%,DL,2019
42,43,Jarran Reed,5,0,0.0,0,0,0,0,0,1,7.5,7.5,5.8%,DL,2019
43,44,Cameron Heyward,4,2,0.0,0,0,0,0,0,1,7.5,7.5,23.1%,DL,2019
44,45,Henry Anderson,3,0,0.0,0,0,0,0,0,1,7.0,7.0,0.0%,DL,2019
45,46,Rodney Gunter,3,0,0.0,0,0,0,0,0,1,7.0,7.0,0.1%,DL,2019
46,47,Vincent Taylor,3,0,0.0,0,0,0,0,0,1,7.0,7.0,0.0%,DL,2019
47,48,DaQuan Jones,1,5,0.0,1,0,0,0,0,1,6.8,6.8,0.7%,DL,2019
48,49,Abry Jones,4,1,0.0,0,0,0,0,0,1,6.8,6.8,0.0%,DL,2019
49,50,Gerald McCoy,2,1,0.0,0,0,0,0,0,1,6.3,6.3,0.0%,DL,2019
50,51,Derrick Nnadi,2,4,0.0,0,0,0,0,0,1,6.0,6.0,0.9%,DL,2019
51,52,Roy Robertson-Harris,3,0,0.0,1,0,0,0,0,1,6.0,6.0,1.3%,DL,2019
52,53,Danielle Hunter,2,1,0.5,0,0,0,0,0,1,5.8,5.8,52.9%,DL,2019
53,54,Jonathan Bullard,2,0,0.0,0,0,0,0,0,1,5.5,5.5,3.3%,DL,2019
54,55,Myles Garrett,1,2,0.0,0,0,0,0,0,1,5.5,5.5,63.7%,DL,2019
55,56,Steve McLendon,2,0,0.0,0,0,0,0,0,1,5.5,5.5,0.0%,DL,2019
56,57,Charles Harris,1,2,0.0,0,0,0,0,0,1,5.5,5.5,4.0%,DL,2019
57,58,Corey Peters,2,0,0.0,0,0,0,0,0,1,5.5,5.5,2.0%,DL,2019
58,59,Sheldon Richardson,2,0,0.0,0,0,0,0,0,1,5.5,5.5,1.0%,DL,2019
59,60,Clelin Ferrell,3,1,0.0,0,0,0,0,0,1,5.3,5.3,1.7%,DL,2019
60,61,Brent Urban,2,1,0.0,1,0,0,0,0,1,5.3,5.3,0.4%,DL,2019
61,62,Danny Shelton,1,5,0.0,0,0,0,0,0,1,5.3,5.3,0.0%,DL,2019
62,63,Javon Hargrave,3,1,0.0,0,0,0,0,0,1,5.3,5.3,14.8%,DL,2019
63,64,Jadeveon Clowney,1,1,0.0,0,0,0,0,0,1,4.8,4.8,22.5%,DL,2019
64,65,Mike Purcell,1,1,0.0,0,0,0,0,0,1,4.8,4.8,0.0%,DL,2019
65,66,Johnathan Hankins,1,1,0.0,0,0,0,0,0,1,4.8,4.8,0.0%,DL,2019
66,67,Poona Ford,3,0,0.0,0,0,0,0,0,1,4.5,4.5,0.7%,DL,2019
67,68,Kenny Clark,2,2,0.0,0,0,0,0,0,1,4.5,4.5,8.9%,DL,2019
68,69,William Gholston,2,2,0.0,0,0,0,0,0,1,4.5,4.5,1.6%,DL,2019
69,70,Austin Johnson,0,4,0.0,1,0,0,0,0,1,4.5,4.5,3.0%,DL,2019
70,71,Khalen Saunders,1,2,0.0,1,0,0,0,0,1,4.5,4.5,1.3%,DL,2019
71,72,Taven Bryan,3,0,0.0,0,0,0,0,0,1,4.5,4.5,0.2%,DL,2019
72,73,Jaleel Johnson,0,3,0.5,0,0,0,0,0,1,4.3,4.3,0.0%,DL,2019
73,74,Maurice Hurst,0,0,0.0,0,0,0,1,0,1,4.0,4.0,0.2%,DL,2019
74,75,Rasheem Green,0,0,0.0,0,0,0,1,0,1,4.0,4.0,6.0%,DL,2019
75,76,Shelby Harris,2,1,0.0,0,0,0,0,0,1,3.8,3.8,1.1%,DL,2019
76,77,Kyle Phillips,2,1,0.0,0,0,0,0,0,1,3.8,3.8,0.0%,DL,2019
77,78,Shaq Lawson,2,1,0.0,0,0,0,0,0,1,3.8,3.8,0.0%,DL,2019
78,79,Antwaun Woods,2,1,0.0,0,0,0,0,0,1,3.8,3.8,0.0%,DL,2019
79,80,Tarell Basham,0,1,0.0,2,0,0,0,0,1,3.8,3.8,0.0%,DL,2019
80,81,Bilal Nichols,0,4,0.0,0,0,0,0,0,1,3.0,3.0,1.3%,DL,2019
81,82,Josh Allen,2,0,0.0,0,0,0,0,0,1,3.0,3.0,44.1%,DL,2019
82,83,Foley Fatukasi,1,0,0.0,1,0,0,0,0,1,3.0,3.0,0.4%,DL,2019
83,84,Mike Pennel,1,2,0.0,0,0,0,0,0,1,3.0,3.0,0.4%,DL,2019
84,85,Jaylon Ferguson,2,0,0.0,0,0,0,0,0,1,3.0,3.0,0.0%,DL,2019
85,86,DJ Reader,2,0,0.0,0,0,0,0,0,1,3.0,3.0,2.6%,DL,2019
86,87,Zach Kerr,2,0,0.0,0,0,0,0,0,1,3.0,3.0,0.0%,DL,2019
87,88,Montravius Adams,1,2,0.0,0,0,0,0,0,1,3.0,3.0,0.4%,DL,2019
88,89,D.J. Jones,2,0,0.0,0,0,0,0,0,1,3.0,3.0,5.0%,DL,2019
89,90,Fletcher Cox,2,0,0.0,0,0,0,0,0,1,3.0,3.0,1.1%,DL,2019
90,91,Margus Hunt,2,0,0.0,0,0,0,0,0,1,3.0,3.0,0.0%,DL,2019
91,92,Daron Payne,2,0,0.0,0,0,0,0,0,1,3.0,3.0,15.4%,DL,2019
92,93,Vita Vea,1,2,0.0,0,0,0,0,0,1,3.0,3.0,5.6%,DL,2019
93,94,Leonard Williams,1,2,0.0,0,0,0,0,0,1,3.0,3.0,10.9%,DL,2019
94,95,Tyler Lancaster,0,1,0.5,0,0,0,0,0,1,2.8,2.8,0.0%,DL,2019
95,96,Beau Allen,0,1,0.5,0,0,0,0,0,1,2.8,2.8,0.0%,DL,2019
96,97,Anthony Rush,1,1,0.0,0,0,0,0,0,1,2.3,2.3,0.0%,DL,2019
97,98,Haason Reddick,1,1,0.0,0,0,0,0,0,1,2.3,2.3,17.6%,DL,2019
98,99,Maxx Crosby,1,1,0.0,0,0,0,0,0,1,2.3,2.3,69.0%,DL,2019
99,100,Kyle Love,1,1,0.0,0,0,0,0,0,1,2.3,2.3,0.0%,DL,2019
100,101,Jeffery Simmons,0,3,0.0,0,0,0,0,0,1,2.3,2.3,27.2%,DL,2019
101,102,Jabaal Sheard,1,1,0.0,0,0,0,0,0,1,2.3,2.3,0.0%,DL,2019
102,103,Arik Armstead,1,1,0.0,0,0,0,0,0,1,2.3,2.3,3.6%,DL,2019
103,104,Adam Gotsis,1,1,0.0,0,0,0,0,0,1,2.3,2.3,1.2%,DL,2019
104,105,Ndamukong Suh,0,3,0.0,0,0,0,0,0,1,2.3,2.3,0.0%,DL,2019
105,106,Charles Omenihu,0,1,0.0,1,0,0,0,0,1,2.3,2.3,1.1%,DL,2019
106,107,Ryan Kerrigan,1,1,0.0,0,0,0,0,0,1,2.3,2.3,0.0%,DL,2019
107,108,Jerry Tillery,1,0,0.0,0,0,0,0,0,1,1.5,1.5,0.7%,DL,2019
108,109,Chase Winovich,1,0,0.0,0,0,0,0,0,1,1.5,1.5,0.0%,DL,2019
109,110,Tim Jernigan,1,0,0.0,0,0,0,0,0,1,1.5,1.5,0.0%,DL,2019
110,111,Derek Barnett,1,0,0.0,0,0,0,0,0,1,1.5,1.5,0.5%,DL,2019
111,112,Star Lotulelei,1,0,0.0,0,0,0,0,0,1,1.5,1.5,0.0%,DL,2019
112,113,Nick Bosa,1,0,0.0,0,0,0,0,0,1,1.5,1.5,63.2%,DL,2019
113,114,Akeem Spence,1,0,0.0,0,0,0,0,0,1,1.5,1.5,0.0%,DL,2019
114,115,Dalvin Tomlinson,0,2,0.0,0,0,0,0,0,1,1.5,1.5,2.2%,DL,2019
115,116,Ed Oliver,0,2,0.0,0,0,0,0,0,1,1.5,1.5,22.1%,DL,2019
116,117,Kingsley Keke,0,2,0.0,0,0,0,0,0,1,1.5,1.5,1.0%,DL,2019
117,118,Cassius Marsh,1,0,0.0,0,0,0,0,0,1,1.5,1.5,1.0%,DL,2019
118,119,John Atkins,1,0,0.0,0,0,0,0,0,1,1.5,1.5,0.0%,DL,2019
119,120,Dawuane Smoot,1,0,0.0,0,0,0,0,0,1,1.5,1.5,0.4%,DL,2019
120,121,Dexter Lawrence,0,2,0.0,0,0,0,0,0,1,1.5,1.5,12.4%,DL,2019
121,122,Dre'Mont Jones,1,0,0.0,0,0,0,0,0,1,1.5,1.5,4.9%,DL,2019
122,123,Michael Pierce,1,0,0.0,0,0,0,0,0,1,1.5,1.5,1.7%,DL,2019
123,124,Trent Harris,1,0,0.0,0,0,0,0,0,1,1.5,1.5,0.0%,DL,2019
124,125,A'Shawn Robinson,1,0,0.0,0,0,0,0,0,1,1.5,1.5,4.5%,DL,2019
125,126,Solomon Thomas,1,0,0.0,0,0,0,0,0,1,1.5,1.5,0.8%,DL,2019
126,127,Tyson Alualu,1,0,0.0,0,0,0,0,0,1,1.5,1.5,0.0%,DL,2019
127,128,Byron Cowart,1,0,0.0,0,0,0,0,0,1,1.5,1.5,0.4%,DL,2019
128,129,B.J. Hill,1,0,0.0,0,0,0,0,0,1,1.5,1.5,5.8%,DL,2019
129,130,Bryan Cox,1,0,0.0,0,0,0,0,0,1,1.5,1.5,0.0%,DL,2019
130,131,Kevin Strong,1,0,0.0,0,0,0,0,0,1,1.5,1.5,0.0%,DL,2019
131,132,Chris Wormley,0,2,0.0,0,0,0,0,0,1,1.5,1.5,0.0%,DL,2019
132,133,Vernon Butler,1,0,0.0,0,0,0,0,0,1,1.5,1.5,0.0%,DL,2019
133,134,Vinny Curry,1,0,0.0,0,0,0,0,0,1,1.5,1.5,0.0%,DL,2019
134,135,Adam Butler,0,0,0.0,1,0,0,0,0,1,1.5,1.5,0.7%,DL,2019
135,136,Devaroe Lawrence,0,1,0.0,0,0,0,0,0,1,0.8,0.8,0.0%,DL,2019
136,137,Al-Quadin Muhammad,0,1,0.0,0,0,0,0,0,1,0.8,0.8,0.0%,DL,2019
137,138,Sylvester Williams,0,1,0.0,0,0,0,0,0,1,0.8,0.8,0.0%,DL,2019
138,139,Al Woods,0,1,0.0,0,0,0,0,0,1,0.8,0.8,0.0%,DL,2019
139,140,Emmanuel Ogbah,0,1,0.0,0,0,0,0,0,1,0.8,0.8,1.1%,DL,2019
140,141,Damion Square,0,1,0.0,0,0,0,0,0,1,0.8,0.8,0.0%,DL,2019
141,142,T.Y. McGill,0,1,0.0,0,0,0,0,0,1,0.8,0.8,0.2%,DL,2019
142,143,Efe Obada,0,1,0.0,0,0,0,0,0,1,0.8,0.8,0.0%,DL,2019
143,144,Albert Huggins,0,1,0.0,0,0,0,0,0,1,0.8,0.8,0.0%,DL,2019
144,145,Isaac Rochell,0,1,0.0,0,0,0,0,0,1,0.8,0.8,0.0%,DL,2019
145,146,Benson Mayowa,0,1,0.0,0,0,0,0,0,1,0.8,0.8,0.0%,DL,2019
146,147,Brandon Williams,0,1,0.0,0,0,0,0,0,1,0.8,0.8,0.2%,DL,2019
147,148,Branden Jackson,0,1,0.0,0,0,0,0,0,1,0.8,0.8,0.0%,DL,2019
148,149,John Jenkins,0,1,0.0,0,0,0,0,0,1,0.8,0.8,1.7%,DL,2019
149,150,Da'Shawn Hand,0,1,0.0,0,0,0,0,0,1,0.8,0.8,0.4%,DL,2019
150,151,Nathan Shepherd,0,1,0.0,0,0,0,0,0,1,0.8,0.8,2.0%,DL,2019
151,152,Tim Settle,0,1,0.0,0,0,0,0,0,1,0.8,0.8,0.4%,DL,2019
152,153,Bruce Irvin,0,1,0.0,0,0,0,0,0,1,0.8,0.8,0.2%,DL,2019
153,154,Ezekiel Ansah,0,1,0.0,0,0,0,0,0,1,0.8,0.8,0.0%,DL,2019
154,155,Joey Ivie,0,1,0.0,0,0,0,0,0,1,0.8,0.8,0.0%,DL,2019
155,156,Khalil Mack,4,0,0.0,1,0,0,0,0,1,0.0,0.0,52.8%,DL,2019
156,157,Aaron Lynch,1,0,1.0,0,0,0,0,0,1,0.0,0.0,0.0%,DL,2019
157,158,Daniel McCullers,0,0,0.0,0,0,0,0,0,1,0.0,0.0,0.0%,DL,2019
158,159,Kyle Van,5,1,0.0,0,0,1,0,0,1,0.0,0.0,8.2%,DL,2019
159,160,Jeremiah Attaochu,0,0,0.0,0,0,0,0,0,1,0.0,0.0,0.0%,DL,2019
160,161,Lerentee McCray,1,0,0.0,0,0,0,0,0,1,0.0,0.0,4.0%,DL,2019
161,162,Chris Smith,0,0,0.0,0,0,0,0,0,1,0.0,0.0,0.0%,DL,2019
162,163,Devon Kennard,3,2,0.0,0,0,0,0,0,1,0.0,0.0,0.0%,DL,2019
163,164,Shamar Stephen,0,0,0.0,0,0,0,0,0,1,0.0,0.0,0.0%,DL,2019
164,165,Barkevious Mingo,0,0,0.0,0,0,0,0,0,1,0.0,0.0,6.0%,DL,2019
165,166,John Simon,1,0,0.0,0,0,0,0,0,1,0.0,0.0,0.0%,DL,2019
166,167,Whitney Mercilus,3,0,0.0,0,0,0,0,0,1,0.0,0.0,0.2%,DL,2019
167,168,Brandon Dunn,0,0,0.0,0,0,0,0,0,1,0.0,0.0,0.0%,DL,2019
168,169,Kerry Hyder,0,0,0.0,0,0,0,0,0,1,0.0,0.0,2.0%,DL,2019
169,170,Denico Autry,0,0,0.0,0,0,0,0,0,1,0.0,0.0,10.1%,DL,2019
170,171,Josh Martin,0,0,0.0,0,0,0,0,0,1,0.0,0.0,0.0%,DL,2019
171,172,Alejandro Villanueva,0,0,0.0,0,0,0,0,0,1,0.0,0.0,0.0%,DL,2019
172,173,Shaquil Barrett,0,1,0.5,0,0,0,0,0,1,0.0,0.0,8.4%,DL,2019
173,174,Brandon Copeland,7,1,1.0,0,0,0,0,0,1,0.0,0.0,0.0%,DL,2019
174,175,Chandler Jones,1,0,1.0,0,0,0,0,0,1,0.0,0.0,0.5%,DL,2019
175,176,Terrell Suggs,1,2,0.0,0,0,0,0,0,1,0.0,0.0,0.0%,DL,2019
176,177,Terrell McClain,0,0,0.0,0,0,0,0,0,1,0.0,0.0,0.0%,DL,2019
177,178,Von Miller,1,2,0.0,0,0,0,0,0,1,0.0,0.0,2.5%,DL,2019
178,179,Robert Quinn,0,2,0.5,0,0,0,0,0,1,0.0,0.0,1.2%,DL,2019
179,180,Brooks Reed,0,0,0.0,0,0,0,0,0,1,0.0,0.0,0.0%,DL,2019
180,181,Clinton McDonald,0,0,0.0,0,0,0,0,0,1,0.0,0.0,0.0%,DL,2019
181,182,Cameron Wake,0,0,0.0,0,0,0,0,0,1,0.0,0.0,0.0%,DL,2019
182,183,Matt Dickerson,0,0,0.0,0,0,0,0,0,1,0.0,0.0,0.0%,DL,2019
183,184,Dennis Gardeck,0,0,0.0,0,0,0,0,0,1,0.0,0.0,3.6%,DL,2019
184,185,Rashan Gary,2,0,0.0,0,0,0,0,0,1,0.0,0.0,11.2%,DL,2019
185,186,Brian Burns,0,0,0.0,0,0,0,0,0,1,0.0,0.0,41.3%,DL,2019
186,187,Sharif Finch,1,0,1.0,0,0,0,0,0,1,0.0,0.0,0.0%,DL,2019
187,188,Oshane Ximines,1,0,0.0,0,0,0,0,0,1,0.0,0.0,0.0%,DL,2019
188,189,Marquis Haynes,1,0,1.0,0,0,0,0,0,1,0.0,0.0,0.6%,DL,2019
189,190,Lorenzo Carter,3,1,0.0,0,0,0,0,0,1,0.0,0.0,1.8%,DL,2019
190,191,Chad Thomas,0,0,0.0,0,0,0,0,0,1,0.0,0.0,0.0%,DL,2019
191,192,Harold Landry,2,6,1.0,1,1,0,0,0,1,0.0,0.0,24.1%,DL,2019
192,193,Uchenna Nwosu,0,0,0.0,0,0,0,0,0,1,0.0,0.0,17.7%,DL,2019
193,194,Jacob Martin,1,0,0.0,0,0,1,0,0,1,0.0,0.0,0.4%,DL,2019
194,195,Shaquem Griffin,0,0,0.0,0,0,0,0,0,1,0.0,0.0,0.1%,DL,2019
195,196,Genard Avery,1,1,0.5,0,0,0,0,0,1,0.0,0.0,0.0%,DL,2019
196,197,Ola Adeniyi,0,0,0.0,0,0,0,0,0,1,0.0,0.0,0.0%,DL,2019
197,198,Isaiah Mack,0,0,0.0,0,0,0,0,0,1,0.0,0.0,0.0%,DL,2019
198,199,Isaiah Buggs,0,0,0.0,0,0,0,0,0,1,0.0,0.0,0.2%,DL,2019
199,200,Justin Hollins,1,1,1.0,0,0,0,0,0,1,0.0,0.0,0.0%,DL,2019
200,201,Ben Banogu,0,0,0.0,0,0,0,0,0,1,0.0,0.0,0.0%,DL,2019
201,202,L.J. Collier,0,0,0.0,0,0,0,0,0,1,0.0,0.0,1.0%,DL,2019
202,203,Emeke Egbule,0,0,0.0,0,0,0,0,0,1,0.0,0.0,0.0%,DL,2019
203,204,Anthony Nelson,0,0,0.0,0,0,0,0,0,1,0.0,0.0,0.4%,DL,2019
204,205,Malik Reed,3,0,0.0,1,0,0,0,0,1,0.0,0.0,0.0%,DL,2019
205,206,Darryl Johnson,0,0,0.0,0,0,0,0,0,1,0.0,0.0,0.0%,DL,2019
206,207,Rashaad Coward,0,0,0.0,0,0,0,0,0,1,0.0,0.0,1.0%,DL,2019
207,208,Leonard Floyd,4,2,1.0,0,0,0,0,0,1,0.0,0.0,5.4%,DL,2019
208,209,Robert Nkemdiche,0,0,0.0,0,0,0,0,0,1,0.0,0.0,0.0%,DL,2019
209,210,Shilique Calhoun,1,0,0.0,0,0,0,0,0,1,0.0,0.0,0.0%,DL,2019
210,211,Carl Nassib,0,0,0.0,0,0,0,0,0,1,0.0,0.0,0.0%,DL,2019
211,212,Noah Spence,0,0,0.0,0,0,0,0,0,1,0.0,0.0,0.0%,DL,2019
212,213,Jordan Jenkins,1,0,1.0,0,0,0,0,0,1,0.0,0.0,0.0%,DL,2019
213,214,Vince Biegel,0,2,0.0,0,0,0,0,0,1,0.0,0.0,0.0%,DL,2019
214,215,Romeo Okwara,0,0,0.0,0,0,0,0,0,1,0.0,0.0,0.0%,DL,2019
215,216,Ronald Blair,0,0,0.0,0,0,0,0,0,1,0.0,0.0,0.0%,DL,2019
216,217,Kyler Fackrell,1,1,0.0,0,0,0,0,0,1,0.0,0.0,0.0%,DL,2019
217,218,Sheldon Day,0,0,0.0,0,0,0,0,0,1,0.0,0.0,0.0%,DL,2019
218,219,Kamalei Correa,1,2,1.0,0,0,0,0,0,1,0.0,0.0,0.0%,DL,2019
219,220,Dean Lowry,0,0,0.0,0,0,0,0,0,1,0.0,0.0,0.6%,DL,2019
220,221,Matthew Judon,0,0,0.0,0,0,0,0,0,1,0.0,0.0,16.8%,DL,2019
221,222,James Vaughters,1,0,0.0,0,0,0,0,0,1,0.0,0.0,0.0%,DL,2019
222,223,Angelo Blackson,0,0,0.0,0,0,0,0,0,1,0.0,0.0,0.2%,DL,2019
223,224,Rakeem Nunez-Roches,0,0,0.0,0,0,0,0,0,1,0.0,0.0,0.9%,DL,2019
224,225,Olsen Pierre,0,0,0.0,0,0,0,0,0,1,0.0,0.0,0.0%,DL,2019
225,226,Christian Covington,0,0,0.0,0,0,0,0,0,1,0.0,0.0,0.0%,DL,2019
226,227,Za'Darius Smith,5,2,0.5,0,0,0,0,0,1,0.0,0.0,5.4%,DL,2019
227,228,Preston Smith,5,2,1.0,0,0,0,0,0,1,0.0,0.0,11.1%,DL,2019
228,229,Markus Golden,3,2,0.0,0,0,0,0,0,1,0.0,0.0,0.5%,DL,2019
229,230,Bud Dupree,3,0,2.0,0,0,1,1,0,1,0.0,0.0,1.3%,DL,2019
230,231,Anthony Chickillo,1,1,0.0,0,0,0,0,0,1,0.0,0.0,0.0%,DL,2019
231,232,Ryan Anderson,1,1,0.0,0,0,0,0,0,1,0.0,0.0,0.0%,DL,2019
232,233,Tanoh Kpassagnon,0,0,0.0,0,0,0,0,0,1,0.0,0.0,0.0%,DL,2019
233,234,Treyvon Hester,0,0,0.0,0,0,0,0,0,1,0.0,0.0,0.0%,DL,2019
234,235,Eli Ankou,0,0,0.0,0,0,0,0,0,1,0.0,0.0,0.2%,DL,2019
235,236,Jordan Willis,0,0,0.0,0,0,0,0,0,1,0.0,0.0,1.0%,DL,2019
236,237,Brennan Scarlett,2,0,2.0,0,0,1,0,0,1,0.0,0.0,0.0%,DL,2019
237,238,Trevon Coley,0,0,0.0,0,0,0,0,0,1,0.0,0.0,0.0%,DL,2019
238,239,Taco Charlton,0,0,0.0,0,0,0,0,0,1,0.0,0.0,0.0%,DL,2019
239,240,T.J. Watt,2,1,1.5,0,0,0,0,0,1,0.0,0.0,78.9%,DL,2019
240,241,Tyus Bowser,1,0,0.0,0,0,0,0,0,1,0.0,0.0,0.7%,DL,2019
241,242,Kameron Canaday,0,0,0.0,0,0,0,0,0,1,0.0,0.0,0.0%,DL,2019
