,Rank,Player,Field Goals,Field Attempts,Percentage,Longest Field,1-19 Yards,20-29 Yards,30-39 Yards,40-49 Yards,50+ Yards,Extra Points Made,Extra Points Attempted,Games Played,Fantasy Football Points,FTPS/Game,ROST,Position,Year
0,1,Harrison Butker,4,5,80.0,43,0,0,2,2,0,2,3,1,16.0,16.0,96.0%,K,2019
1,2,Younghoe Koo,4,4,100.0,48,0,0,3,1,0,2,2,1,15.0,15.0,63.0%,K,2019
2,3,Matt Gay,3,3,100.0,45,0,0,1,2,0,3,3,1,14.0,14.0,30.5%,K,2019
3,4,Jason Sanders,3,3,100.0,48,0,0,0,3,0,1,1,1,13.0,13.0,46.3%,K,2019
4,5,Chase McLaughlin,3,4,75.0,47,0,0,1,2,0,1,1,1,12.0,12.0,6.8%,K,2019
5,6,Sam Ficken,2,3,66.7,53,0,0,1,0,1,4,4,1,12.0,12.0,0.0%,K,2019
6,7,Zane Gonzalez,2,2,100.0,54,0,0,1,0,1,3,3,1,11.0,11.0,0.1%,K,2019
7,8,Jason Myers,2,2,100.0,46,0,0,0,2,0,3,3,1,11.0,11.0,32.0%,K,2019
8,9,Wil Lutz,3,3,100.0,47,0,2,0,1,0,0,0,1,10.0,10.0,10.3%,K,2019
9,10,Matt Prater,2,2,100.0,54,0,1,0,0,1,1,1,1,9.0,9.0,1.7%,K,2019
10,11,Daniel Carlson,2,3,66.7,40,0,1,0,1,0,2,3,1,9.0,9.0,24.2%,K,2019
11,12,Dan Bailey,2,2,100.0,27,0,2,0,0,0,2,2,1,8.0,8.0,0.0%,K,2019
12,13,Randy Bullock,2,2,100.0,42,0,0,1,1,0,1,1,1,8.0,8.0,0.1%,K,2019
13,14,Austin Seibert,2,2,100.0,47,0,1,0,1,0,1,2,1,8.0,8.0,0.0%,K,2019
14,15,Justin Tucker,0,0,0.0,0,0,0,0,0,0,7,7,1,7.0,7.0,98.7%,K,2019
15,16,Mason Crosby,1,1,100.0,47,0,0,0,1,0,3,3,1,7.0,7.0,0.1%,K,2019
16,17,Joey Slye,1,1,100.0,50,0,0,0,0,1,1,1,1,6.0,6.0,0.6%,K,2019
17,18,Brett Maher,1,2,50.0,23,0,1,0,0,0,3,3,1,6.0,6.0,1.0%,K,2019
18,19,Michael Badgley,1,1,100.0,27,0,1,0,0,0,3,3,1,6.0,6.0,17.4%,K,2019
19,20,Adam Vinatieri,2,2,100.0,39,0,1,1,0,0,0,1,1,6.0,6.0,0.2%,K,2019
20,21,Chris Boswell,1,1,100.0,33,0,0,1,0,0,2,2,1,5.0,5.0,17.2%,K,2019
21,22,Greg Zuerlein,1,2,50.0,30,0,0,1,0,0,1,1,1,4.0,4.0,43.3%,K,2019
22,23,Ryan Succop,0,0,0.0,0,0,0,0,0,0,3,4,1,3.0,3.0,0.0%,K,2019
23,24,Eddy Pineiro,0,0,0.0,0,0,0,0,0,0,2,3,1,2.0,2.0,1.5%,K,2019
24,25,Stephen Hauschka,0,2,0.0,0,0,0,0,0,0,2,2,1,2.0,2.0,0.0%,K,2019
25,26,Aldrick Rosas,0,0,0.0,0,0,0,0,0,0,1,2,1,1.0,1.0,0.0%,K,2019
26,27,Michael Palardy,0,0,0.0,0,0,0,0,0,0,0,0,1,0.0,0.0,33.3%,K,2019
27,28,Ty Long,0,0,0.0,0,0,0,0,0,0,0,0,1,0.0,0.0,0.7%,K,2019
