,Rank,Player,Tackle,Assist,Sack,Pass Defended,Interception,Forced Fumble,Fumble Recovery,Defend Touchdown,Games Played,Fantasy Football Points,FTPS/Game,ROST,Position,Year
0,1,Ryan Anderson,4,1,2.0,0,0,3,0,0,1,29.3,29.3,0.0%,LB,2019
1,2,Lavonte David,7,2,0.0,1,0,1,0,0,1,22.5,22.5,52.4%,LB,2019
2,3,De'Vondre Campbell,7,4,0.0,0,0,1,1,0,1,21.5,21.5,20.9%,LB,2019
3,4,Austin Calitro,8,3,1.0,0,0,0,0,0,1,20.8,20.8,0.0%,LB,2019
4,5,Zach Cunningham,10,4,0.5,0,0,0,0,0,1,20.0,20.0,1.7%,LB,2019
5,6,Jerome Baker,6,6,0.0,1,1,0,0,0,1,20.0,20.0,14.7%,LB,2019
6,7,Donald Payne,11,2,0.0,1,0,0,0,0,1,19.5,19.5,0.0%,LB,2019
7,8,Jayon Brown,7,3,0.0,1,1,0,0,0,1,19.3,19.3,2.0%,LB,2019
8,9,Luke Kuechly,8,9,0.0,0,0,0,0,0,1,18.8,18.8,92.3%,LB,2019
9,10,Sean Lee,3,1,1.0,1,1,0,0,0,1,18.3,18.3,0.0%,LB,2019
10,11,Bobby Wagner,3,7,0.0,2,1,0,0,0,1,17.8,17.8,72.4%,LB,2019
11,12,T.J. Watt,3,1,0.5,1,0,1,0,0,1,17.8,17.8,78.9%,LB,2019
12,13,K.J. Wright,2,2,0.0,2,2,0,0,0,1,17.5,17.5,0.0%,LB,2019
13,14,Vince Biegel,2,3,0.0,1,1,0,0,0,1,16.8,16.8,0.0%,LB,2019
14,15,Jordan Hicks,9,1,0.0,0,0,0,0,0,1,16.8,16.8,29.9%,LB,2019
15,16,Mack Wilson,6,1,0.0,1,1,0,0,0,1,16.3,16.3,4.9%,LB,2019
16,17,Germaine Pratt,7,3,0.0,0,0,0,0,0,1,15.3,15.3,17.3%,LB,2019
17,18,Fred Warner,6,3,0.0,1,0,0,0,0,1,15.3,15.3,90.4%,LB,2019
18,19,Blake Martinez,9,2,0.0,0,0,0,0,0,1,15.0,15.0,0.0%,LB,2019
19,20,Todd Davis,7,5,0.0,0,0,0,0,0,1,14.3,14.3,0.0%,LB,2019
20,21,Nick Kwiatkoski,3,2,1.0,1,0,0,0,0,1,14.0,14.0,0.0%,LB,2019
21,22,Chandler Jones,5,0,1.0,0,0,0,0,0,1,14.0,14.0,0.5%,LB,2019
22,23,Devon Kennard,2,2,1.0,0,0,0,0,0,1,13.5,13.5,0.0%,LB,2019
23,24,Shaquille Leonard,6,6,0.0,0,0,0,0,0,1,13.5,13.5,21.8%,LB,2019
24,25,Shaquil Barrett,4,1,1.0,0,0,0,0,0,1,13.3,13.3,8.4%,LB,2019
25,26,Nigel Bradham,1,2,0.0,0,0,0,1,1,1,13.0,13.0,0.0%,LB,2019
26,27,Tremaine Edmunds,5,2,0.0,1,0,0,0,0,1,13.0,13.0,33.7%,LB,2019
27,28,Eric Kendricks,5,2,0.0,0,0,1,0,0,1,13.0,13.0,32.1%,LB,2019
28,29,Joe Walker,5,2,0.0,0,0,1,0,0,1,13.0,13.0,0.0%,LB,2019
29,30,Kamalei Correa,4,0,1.0,0,0,0,0,0,1,12.5,12.5,0.0%,LB,2019
30,31,Vic Beasley,3,2,1.0,0,0,0,0,0,1,12.5,12.5,0.0%,LB,2019
31,32,Leon Jacobs,6,1,0.0,0,0,0,0,0,1,12.3,12.3,0.0%,LB,2019
32,33,Cory Littleton,4,8,0.0,0,0,0,0,0,1,12.0,12.0,0.0%,LB,2019
33,34,Jahlani Tavai,2,3,0.0,1,1,0,0,0,1,11.8,11.8,6.3%,LB,2019
34,35,Benardrick McKinney,5,3,0.5,0,0,0,0,0,1,11.8,11.8,0.0%,LB,2019
35,36,David Mayo,6,0,0.0,0,0,0,0,0,1,11.5,11.5,0.2%,LB,2019
36,37,Anthony Walker,5,5,0.0,0,0,0,0,0,1,11.3,11.3,4.0%,LB,2019
37,38,Rashan Gary,3,0,1.0,0,0,0,0,0,1,11.0,11.0,11.2%,LB,2019
38,39,Devin Bush,4,0,0.0,0,0,0,0,0,1,11.0,11.0,5.1%,LB,2019
39,40,Clay Matthews,5,1,0.0,0,0,0,0,0,1,10.8,10.8,0.0%,LB,2019
40,41,Denzel Perryman,5,1,0.0,0,0,0,0,0,1,10.8,10.8,11.8%,LB,2019
41,42,Will Compton,5,4,0.0,0,0,0,0,0,1,10.5,10.5,0.0%,LB,2019
42,43,James Burgess,5,2,0.0,1,0,0,0,0,1,10.5,10.5,0.0%,LB,2019
43,44,Sam Eguavoen,1,1,1.0,1,0,0,0,0,1,10.3,10.3,0.0%,LB,2019
44,45,Tyus Bowser,1,1,1.0,0,0,1,0,0,1,10.3,10.3,0.7%,LB,2019
45,46,Shaq Thompson,4,2,0.0,0,0,0,0,0,1,10.0,10.0,14.8%,LB,2019
46,47,Matt Milano,3,2,0.0,0,0,1,0,0,1,10.0,10.0,22.8%,LB,2019
47,48,Justin March-Lillard,5,1,0.0,1,0,0,0,0,1,9.8,9.8,0.0%,LB,2019
48,49,Cody Barton,3,7,0.0,0,0,0,0,0,1,9.8,9.8,12.0%,LB,2019
49,50,Von Miller,2,0,1.0,0,0,0,0,0,1,9.5,9.5,2.5%,LB,2019
50,51,Whitney Mercilus,2,0,0.0,1,1,0,0,0,1,9.5,9.5,0.2%,LB,2019
51,52,Neville Hewitt,4,1,0.0,0,0,0,0,0,1,9.3,9.3,0.0%,LB,2019
52,53,Deion Jones,3,6,0.0,0,0,0,0,0,1,9.0,9.0,2.7%,LB,2019
53,54,Ja'Whaun Bentley,4,4,0.0,0,0,0,0,0,1,9.0,9.0,15.7%,LB,2019
54,55,Rashaan Evans,5,2,0.0,0,0,0,0,0,1,9.0,9.0,0.2%,LB,2019
55,56,Cole Holcomb,6,0,0.0,0,0,0,0,0,1,9.0,9.0,9.1%,LB,2019
56,57,Devin White,3,0,0.0,0,0,0,1,0,1,8.5,8.5,22.7%,LB,2019
57,58,Anthony Barr,3,1,0.0,0,0,0,0,0,1,7.8,7.8,0.0%,LB,2019
58,59,Preston Smith,2,3,0.0,0,0,0,0,0,1,7.8,7.8,11.1%,LB,2019
59,60,Jalen Reeves-Maybin,4,2,0.0,0,0,0,0,0,1,7.5,7.5,1.3%,LB,2019
60,61,Dre Greenlaw,4,2,0.0,0,0,0,0,0,1,7.5,7.5,37.9%,LB,2019
61,62,Deone Bucannon,4,2,0.0,0,0,0,0,0,1,7.5,7.5,0.0%,LB,2019
62,63,Kevin Pierre-Louis,5,0,0.0,0,0,0,0,0,1,7.5,7.5,0.0%,LB,2019
63,64,Thomas Davis,5,0,0.0,0,0,0,0,0,1,7.5,7.5,0.0%,LB,2019
64,65,Demario Davis,3,0,0.0,2,0,0,0,0,1,7.5,7.5,22.3%,LB,2019
65,66,A.J. Klein,1,5,0.5,0,0,0,0,0,1,7.3,7.3,0.0%,LB,2019
66,67,Jeremiah Attaochu,2,2,0.0,0,0,0,0,0,1,7.0,7.0,0.0%,LB,2019
67,68,Alexander Johnson,4,1,0.0,0,0,0,0,0,1,6.8,6.8,1.0%,LB,2019
68,69,Tahir Whitehead,3,3,0.0,0,0,0,0,0,1,6.8,6.8,0.0%,LB,2019
69,70,Jaylon Smith,4,1,0.0,0,0,0,0,0,1,6.8,6.8,0.2%,LB,2019
70,71,Nate Orchard,4,1,0.0,0,0,0,0,0,1,6.8,6.8,0.0%,LB,2019
71,72,Jamie Collins,2,3,0.0,1,0,0,0,0,1,6.8,6.8,0.0%,LB,2019
72,73,Bobby Okereke,3,3,0.0,0,0,0,0,0,1,6.8,6.8,79.4%,LB,2019
73,74,Nick Vigil,4,1,0.0,0,0,0,0,0,1,6.8,6.8,0.0%,LB,2019
74,75,Vince Williams,1,4,0.5,0,0,0,0,0,1,6.5,6.5,0.1%,LB,2019
75,76,Troy Reeder,3,2,0.0,0,0,0,0,0,1,6.0,6.0,1.6%,LB,2019
76,77,B.J. Bello,0,0,0.0,0,0,0,0,0,1,6.0,6.0,0.0%,LB,2019
77,78,Joe Schobert,3,2,0.0,0,0,0,0,0,1,6.0,6.0,0.0%,LB,2019
78,79,Drue Tranquill,4,0,0.0,0,0,0,0,0,1,6.0,6.0,12.4%,LB,2019
79,80,Tanner Vallejo,2,0,0.0,0,0,0,0,0,1,5.5,5.5,0.0%,LB,2019
80,81,Josh Bynes,1,2,0.0,0,0,0,0,0,1,5.5,5.5,0.0%,LB,2019
81,82,Jon Bostic,0,5,0.0,1,0,0,0,0,1,5.3,5.3,0.0%,LB,2019
82,83,Nate Gerry,3,1,0.0,0,0,0,0,0,1,5.3,5.3,0.0%,LB,2019
83,84,Brennan Scarlett,2,3,0.0,0,0,0,0,0,1,5.3,5.3,0.0%,LB,2019
84,85,Markus Golden,1,2,0.5,0,0,0,0,0,1,5.0,5.0,0.5%,LB,2019
85,86,Alec Ogletree,1,2,0.0,1,0,0,0,0,1,4.5,4.5,2.0%,LB,2019
86,87,Raekwon McMillan,2,2,0.0,0,0,0,0,0,1,4.5,4.5,0.4%,LB,2019
87,88,Mark Barron,2,2,0.0,0,0,0,0,0,1,4.5,4.5,0.0%,LB,2019
88,89,Marquel Lee,1,0,0.0,0,0,0,0,0,1,4.0,4.0,0.0%,LB,2019
89,90,Khalil Mack,1,0,0.0,0,0,0,0,0,1,4.0,4.0,52.8%,LB,2019
90,91,Matthew Judon,2,1,0.0,0,0,0,0,0,1,3.8,3.8,16.8%,LB,2019
91,92,Damien Wilson,2,1,0.0,0,0,0,0,0,1,3.8,3.8,0.0%,LB,2019
92,93,Harold Landry,2,1,0.0,0,0,0,0,0,1,3.8,3.8,24.1%,LB,2019
93,94,John Simon,2,1,0.0,0,0,0,0,0,1,3.8,3.8,0.0%,LB,2019
94,95,Patrick Onwuasor,2,1,0.0,0,0,0,0,0,1,3.8,3.8,0.0%,LB,2019
95,96,Ben Niemann,2,1,0.0,0,0,0,0,0,1,3.8,3.8,0.4%,LB,2019
96,97,Samson Ebukam,2,1,0.0,0,0,0,0,0,1,3.8,3.8,8.7%,LB,2019
97,98,Elandon Roberts,2,1,0.0,0,0,0,0,0,1,3.8,3.8,15.3%,LB,2019
98,99,Reggie Gilbert,2,0,0.0,0,0,0,0,0,1,3.0,3.0,0.1%,LB,2019
99,100,Shaun Dion,2,0,0.0,0,0,0,0,0,1,3.0,3.0,0.0%,LB,2019
100,101,Kentrell Brothers,2,0,0.0,0,0,0,0,0,1,3.0,3.0,0.0%,LB,2019
101,102,Chris Covington,2,0,0.0,0,0,0,0,0,1,3.0,3.0,0.0%,LB,2019
102,103,Bud Dupree,1,2,0.0,0,0,0,0,0,1,3.0,3.0,1.3%,LB,2019
103,104,Foyesade Oluokun,1,2,0.0,0,0,0,0,0,1,3.0,3.0,93.9%,LB,2019
104,105,T.J. Edwards,2,0,0.0,0,0,0,0,0,1,3.0,3.0,78.9%,LB,2019
105,106,Anthony Hitchens,1,2,0.0,0,0,0,0,0,1,3.0,3.0,1.0%,LB,2019
106,107,L.J. Fort,1,2,0.0,0,0,0,0,0,1,3.0,3.0,0.0%,LB,2019
107,108,Oshane Ximines,0,1,0.5,0,0,0,0,0,1,2.8,2.8,0.0%,LB,2019
108,109,Lorenzo Carter,0,1,0.0,1,0,0,0,0,1,2.3,2.3,1.8%,LB,2019
109,110,Kyle Van,1,1,0.0,0,0,0,0,0,1,2.3,2.3,8.2%,LB,2019
110,111,Dont'a Hightower,0,3,0.0,0,0,0,0,0,1,2.3,2.3,1.0%,LB,2019
111,112,Joe Thomas,1,1,0.0,0,0,0,0,0,1,2.3,2.3,1.0%,LB,2019
112,113,Anthony Chickillo,1,1,0.0,0,0,0,0,0,1,2.3,2.3,0.0%,LB,2019
113,114,Jordan Jenkins,1,0,0.0,0,0,0,0,0,1,1.5,1.5,0.0%,LB,2019
114,115,Lorenzo Alexander,1,0,0.0,0,0,0,0,0,1,1.5,1.5,3.0%,LB,2019
115,116,Aaron Lynch,0,0,0.0,1,0,0,0,0,1,1.5,1.5,0.0%,LB,2019
116,117,Za'Darius Smith,1,0,0.0,0,0,0,0,0,1,1.5,1.5,5.4%,LB,2019
117,118,Leonard Floyd,1,0,0.0,0,0,0,0,0,1,1.5,1.5,5.4%,LB,2019
118,119,Sione Takitaki,1,0,0.0,0,0,0,0,0,1,1.5,1.5,4.6%,LB,2019
119,120,Isaiah Irving,1,0,0.0,0,0,0,0,0,1,1.5,1.5,0.0%,LB,2019
120,121,Azeez Al-Shaair,1,0,0.0,0,0,0,0,0,1,1.5,1.5,43.0%,LB,2019
121,122,Uchenna Nwosu,1,0,0.0,0,0,0,0,0,1,1.5,1.5,17.7%,LB,2019
122,123,Travin Howard,0,0,0.0,1,0,0,0,0,1,1.5,1.5,0.2%,LB,2019
123,124,Reggie Ragland,1,0,0.0,0,0,0,0,0,1,1.5,1.5,0.0%,LB,2019
124,125,Eric Wilson,0,2,0.0,0,0,0,0,0,1,1.5,1.5,0.5%,LB,2019
125,126,Takk McKinley,0,1,0.0,0,0,0,0,0,1,0.8,0.8,1.1%,LB,2019
126,127,Jordan Evans,0,1,0.0,0,0,0,0,0,1,0.8,0.8,0.0%,LB,2019
127,128,Jermaine Carter,0,1,0.0,0,0,0,0,0,1,0.8,0.8,0.0%,LB,2019
128,129,Justin Hollins,0,1,0.0,0,0,0,0,0,1,0.8,0.8,0.0%,LB,2019
129,130,Steve Longa,0,1,0.0,0,0,0,0,0,1,0.8,0.8,0.0%,LB,2019
130,131,Porter Gustin,0,1,0.0,0,0,0,0,0,1,0.8,0.8,0.0%,LB,2019
131,132,Manti Te'o,0,1,0.0,0,0,0,0,0,1,0.8,0.8,0.1%,LB,2019
132,133,Kyzir White,0,1,0.0,0,0,0,0,0,1,0.8,0.8,22.3%,LB,2019
133,134,Malik Reed,0,1,0.0,0,0,0,0,0,1,0.8,0.8,0.0%,LB,2019
134,135,Josh Watson,0,0,0.0,0,0,0,0,0,1,0.0,0.0,0.0%,LB,2019
135,136,David Long,0,0,0.0,0,0,0,0,0,1,0.0,0.0,8.2%,LB,2019
136,137,Joe Giles-Harris,0,0,0.0,0,0,0,0,0,1,0.0,0.0,0.0%,LB,2019
137,138,Jamal Davis,0,0,0.0,0,0,0,0,0,1,0.0,0.0,0.0%,LB,2019
138,139,Jordan Kunaszyk,0,0,0.0,0,0,0,0,0,1,0.0,0.0,0.0%,LB,2019
139,140,Luke Gifford,0,0,0.0,0,0,0,0,0,1,0.0,0.0,0.0%,LB,2019
140,141,Noah Dawkins,0,0,0.0,0,0,0,0,0,1,0.0,0.0,0.0%,LB,2019
141,142,Matt Orzech,0,0,0.0,0,0,0,0,0,1,0.0,0.0,0.0%,LB,2019
142,143,Darryl Johnson,0,0,0.0,0,0,0,0,0,1,0.0,0.0,0.0%,LB,2019
143,144,Austin Cutting,0,0,0.0,0,0,0,0,0,1,0.0,0.0,0.0%,LB,2019
144,145,Natrez Patrick,0,0,0.0,0,0,0,0,0,1,0.0,0.0,0.0%,LB,2019
145,146,Emeke Egbule,0,0,0.0,0,0,0,0,0,1,0.0,0.0,0.0%,LB,2019
146,147,Ben Burr-Kirven,0,0,0.0,0,0,0,0,0,1,0.0,0.0,0.0%,LB,2019
147,148,Jaylon Ferguson,2,2,0.0,0,0,0,0,0,1,0.0,0.0,0.0%,LB,2019
148,149,Josh Woods,0,0,0.0,0,0,0,0,0,1,0.0,0.0,0.9%,LB,2019
149,150,Brian Burns,0,0,0.0,0,0,0,0,0,1,0.0,0.0,41.3%,LB,2019
150,151,Josh Allen,2,1,1.0,0,0,0,0,0,1,0.0,0.0,44.1%,LB,2019
151,152,Josiah Tauaefa,0,0,0.0,0,0,0,0,0,1,0.0,0.0,0.0%,LB,2019
152,153,Dakota Allen,0,0,0.0,0,0,0,0,0,1,0.0,0.0,0.0%,LB,2019
153,154,Andrew Van,0,0,0.0,0,0,0,0,0,1,0.0,0.0,11.2%,LB,2019
154,155,Cole Mazza,0,0,0.0,0,0,0,0,0,1,0.0,0.0,0.0%,LB,2019
155,156,Ty Summers,0,0,0.0,0,0,0,0,0,1,0.0,0.0,0.0%,LB,2019
156,157,Derick Roberson,0,0,0.0,0,0,0,0,0,1,0.0,0.0,0.0%,LB,2019
157,158,Cameron Smith,0,0,0.0,0,0,0,0,0,1,0.0,0.0,0.0%,LB,2019
158,159,L.J. Collier,0,0,0.0,0,0,0,0,0,1,0.0,0.0,1.0%,LB,2019
159,160,Hardy Nickerson,0,0,0.0,0,0,0,0,0,1,0.0,0.0,0.0%,LB,2019
160,161,Julian Stanford,0,0,0.0,0,0,0,0,0,1,0.0,0.0,0.0%,LB,2019
161,162,Craig Robertson,0,0,0.0,0,0,0,0,0,1,0.0,0.0,0.0%,LB,2019
162,163,Barkevious Mingo,0,0,0.0,0,0,0,0,0,1,0.0,0.0,6.0%,LB,2019
163,164,Kemal Ishmael,1,0,0.0,0,0,1,0,0,1,0.0,0.0,0.0%,LB,2019
164,165,Paul Worrilow,0,0,0.0,0,0,0,0,0,1,0.0,0.0,0.0%,LB,2019
165,166,Kevin Minter,0,0,0.0,0,0,0,0,0,1,0.0,0.0,0.0%,LB,2019
166,167,Nick Bellore,0,0,0.0,0,0,0,0,0,1,0.0,0.0,7.0%,LB,2019
167,168,Bruce Irvin,2,2,1.0,0,0,0,0,0,1,0.0,0.0,0.2%,LB,2019
168,169,Melvin Ingram,3,1,0.0,1,1,0,0,0,1,0.0,0.0,0.0%,LB,2019
169,170,LaRoy Reynolds,0,0,0.0,0,0,0,0,0,1,0.0,0.0,0.0%,LB,2019
170,171,Deon Lacey,0,0,0.0,0,0,0,0,0,1,0.0,0.0,0.0%,LB,2019
171,172,Brandon Copeland,0,0,0.0,0,0,0,0,0,1,0.0,0.0,0.0%,LB,2019
172,173,Josh Martin,0,0,0.0,0,0,0,0,0,1,0.0,0.0,0.0%,LB,2019
173,174,Benson Mayowa,1,0,0.0,0,0,0,0,0,1,0.0,0.0,0.0%,LB,2019
174,175,Cassius Marsh,1,1,0.0,0,0,0,0,0,1,0.0,0.0,1.0%,LB,2019
175,176,Kareem Martin,0,0,0.0,0,0,0,0,0,1,0.0,0.0,0.0%,LB,2019
176,177,Robert Quinn,0,0,0.0,0,0,0,0,0,1,0.0,0.0,1.2%,LB,2019
177,178,Justin Houston,1,1,0.0,0,0,0,0,0,1,0.0,0.0,0.0%,LB,2019
178,179,Sam Acho,0,0,0.0,0,0,0,0,0,1,0.0,0.0,0.0%,LB,2019
179,180,Jason Pierre-Paul,1,0,0.0,0,0,0,0,0,1,0.0,0.0,0.0%,LB,2019
180,181,Wesley Woodyard,0,0,0.0,0,0,0,0,0,1,0.0,0.0,0.0%,LB,2019
181,182,Robert Spillane,0,0,0.0,0,0,0,0,0,1,0.0,0.0,33.7%,LB,2019
182,183,Avery Moss,1,2,0.0,0,0,0,0,0,1,0.0,0.0,0.0%,LB,2019
183,184,Ifeadi Odenigbo,2,0,1.0,0,0,0,1,1,1,0.0,0.0,4.0%,LB,2019
184,185,Elijah Lee,0,0,0.0,0,0,0,0,0,1,0.0,0.0,0.0%,LB,2019
185,186,Duke Riley,0,0,0.0,0,0,0,0,0,1,0.0,0.0,4.0%,LB,2019
186,187,Jordan Willis,0,0,0.0,0,0,0,0,0,1,0.0,0.0,1.0%,LB,2019
187,188,Colin Holba,0,0,0.0,0,0,0,0,0,1,0.0,0.0,0.0%,LB,2019
188,189,Tanoh Kpassagnon,0,1,0.0,1,0,0,0,0,1,0.0,0.0,0.0%,LB,2019
189,190,Dawuane Smoot,0,1,0.0,0,0,0,0,0,1,0.0,0.0,0.4%,LB,2019
190,191,Jamal Carter,0,0,0.0,0,0,0,0,0,1,0.0,0.0,0.0%,LB,2019
191,192,Nicholas Morrow,0,0,0.0,0,0,0,0,0,1,0.0,0.0,4.9%,LB,2019
192,193,Joe Jones,0,0,0.0,0,0,0,0,0,1,0.0,0.0,0.0%,LB,2019
193,194,Thomas Hennessy,0,0,0.0,0,0,0,0,0,1,0.0,0.0,0.0%,LB,2019
194,195,Harvey Langi,0,0,0.0,0,0,0,0,0,1,0.0,0.0,0.0%,LB,2019
195,196,Reid Ferguson,0,0,0.0,0,0,0,0,0,1,0.0,0.0,0.0%,LB,2019
196,197,Taybor Pepper,0,0,0.0,0,0,0,0,0,1,0.0,0.0,0.0%,LB,2019
197,198,Zach Triner,0,0,0.0,0,0,0,0,0,1,0.0,0.0,0.0%,LB,2019
198,199,Haason Reddick,2,0,0.0,0,0,0,0,0,1,0.0,0.0,17.6%,LB,2019
199,200,Luke Rhodes,0,0,0.0,0,0,0,0,0,1,0.0,0.0,0.0%,LB,2019
200,201,Kameron Canaday,0,0,0.0,0,0,0,0,0,1,0.0,0.0,0.0%,LB,2019
201,202,Jacob Martin,0,0,0.0,0,0,0,0,0,1,0.0,0.0,0.4%,LB,2019
202,203,Andre Smith,0,0,0.0,0,0,0,0,0,1,0.0,0.0,0.2%,LB,2019
203,204,Marcell Harris,4,2,0.0,3,0,0,0,0,1,0.0,0.0,0.0%,LB,2019
204,205,Ogbo Okoronkwo,0,0,0.0,0,0,0,0,0,1,0.0,0.0,2.7%,LB,2019
205,206,Trent Harris,0,0,0.0,0,0,0,0,0,1,0.0,0.0,0.0%,LB,2019
206,207,Trent Sieg,0,0,0.0,0,0,0,0,0,1,0.0,0.0,0.0%,LB,2019
207,208,Devante Downs,0,0,0.0,0,0,0,0,0,1,0.0,0.0,0.0%,LB,2019
208,209,Tae Davis,0,0,0.0,0,0,0,0,0,1,0.0,0.0,0.2%,LB,2019
209,210,Corey Thompson,0,0,0.0,0,0,0,0,0,1,0.0,0.0,0.0%,LB,2019
210,211,Jacob Tuioti-Mariner,1,3,0.0,0,0,0,0,0,1,0.0,0.0,0.0%,LB,2019
211,212,Frankie Luvu,0,0,0.0,0,0,0,0,0,1,0.0,0.0,44.4%,LB,2019
212,213,Dennis Gardeck,0,0,0.0,0,0,0,0,0,1,0.0,0.0,3.6%,LB,2019
213,214,Ezekiel Turner,0,0,0.0,0,0,0,0,0,1,0.0,0.0,0.2%,LB,2019
214,215,Josey Jewell,0,0,0.0,0,0,0,0,0,1,0.0,0.0,30.2%,LB,2019
215,216,Chris Odom,1,0,0.0,0,0,0,0,0,1,0.0,0.0,1.0%,LB,2019
216,217,Oren Burks,0,0,0.0,0,0,0,0,0,1,0.0,0.0,3.8%,LB,2019
217,218,Genard Avery,0,0,0.0,0,0,0,0,0,1,0.0,0.0,0.0%,LB,2019
218,219,Ola Adeniyi,0,0,0.0,0,0,0,0,0,1,0.0,0.0,0.0%,LB,2019
219,220,Matthew Adams,0,0,0.0,0,0,0,0,0,1,0.0,0.0,0.2%,LB,2019
220,221,Zaire Franklin,0,0,0.0,0,0,0,0,0,1,0.0,0.0,92.0%,LB,2019
221,222,Peter Kalambayi,0,0,0.0,0,0,0,0,0,1,0.0,0.0,0.0%,LB,2019
222,223,Kylie Fitts,0,0,0.0,0,0,0,0,0,1,0.0,0.0,0.0%,LB,2019
223,224,Joel Iyiegbuniwe,0,0,0.0,0,0,0,0,0,1,0.0,0.0,0.0%,LB,2019
224,225,Hunter Bradley,0,0,0.0,0,0,0,0,0,1,0.0,0.0,0.0%,LB,2019
225,226,Jordan Thomas,0,0,0.0,0,0,0,0,0,1,0.0,0.0,0.0%,LB,2019
226,227,Dorian O'Daniel,0,0,0.0,0,0,0,0,0,1,0.0,0.0,0.0%,LB,2019
227,228,Jason Cabinda,0,0,0.0,0,0,0,0,0,1,0.0,0.0,0.0%,LB,2019
228,229,Kenny Young,0,0,0.0,0,0,0,0,0,1,0.0,0.0,0.0%,LB,2019
229,230,Shaquem Griffin,0,0,0.0,0,0,0,0,0,1,0.0,0.0,0.1%,LB,2019
230,231,Mark Nzeocha,0,0,0.0,0,0,0,0,0,1,0.0,0.0,0.0%,LB,2019
231,232,Trey Flowers,3,0,0.0,0,0,0,0,0,1,0.0,0.0,0.2%,LB,2019
232,233,Stephone Anthony,0,0,0.0,0,0,0,0,0,1,0.0,0.0,0.0%,LB,2019
233,234,Nick Dzubnar,0,0,0.0,0,0,0,0,0,1,0.0,0.0,0.0%,LB,2019
234,235,Frank Clark,2,0,0.0,0,0,0,0,0,1,0.0,0.0,0.0%,LB,2019
235,236,Danielle Hunter,4,1,1.0,0,0,2,1,0,1,0.0,0.0,52.9%,LB,2019
236,237,Adarius Taylor,0,0,0.0,0,0,0,0,0,1,0.0,0.0,0.0%,LB,2019
237,238,Landon Collins,3,2,0.0,0,0,0,0,0,1,0.0,0.0,0.0%,LB,2019
238,239,Alex Singleton,0,0,0.0,0,0,0,0,0,1,0.0,0.0,61.3%,LB,2019
239,240,Carl Nassib,2,0,0.0,0,0,0,0,0,1,0.0,0.0,0.0%,LB,2019
240,241,Darron Lee,0,0,0.0,0,0,0,0,0,1,0.0,0.0,0.0%,LB,2019
241,242,Shilique Calhoun,0,0,0.0,0,0,0,0,0,1,0.0,0.0,0.0%,LB,2019
242,243,Tyler Matakevich,0,0,0.0,0,0,0,0,0,1,0.0,0.0,0.0%,LB,2019
243,244,Kyler Fackrell,0,0,0.0,0,0,0,0,0,1,0.0,0.0,0.0%,LB,2019
244,245,Rick Lovato,0,0,0.0,0,0,0,0,0,1,0.0,0.0,0.0%,LB,2019
245,246,Tyler Ott,0,0,0.0,0,0,0,0,0,1,0.0,0.0,0.0%,LB,2019
246,247,Nick Sundberg,0,0,0.0,0,0,0,0,0,1,0.0,0.0,0.0%,LB,2019
247,248,Patrick Scales,0,0,0.0,0,0,0,0,0,1,0.0,0.0,0.0%,LB,2019
248,249,Don Muhlbach,0,0,0.0,0,0,0,0,0,1,0.0,0.0,0.0%,LB,2019
249,250,Joey Bosa,5,0,0.0,0,0,0,0,0,1,0.0,0.0,16.7%,LB,2019
250,251,Josh Harris,0,0,0.0,0,0,0,0,0,1,0.0,0.0,0.0%,LB,2019
251,252,JJ Jansen,0,0,0.0,0,0,0,0,0,1,0.0,0.0,0.0%,LB,2019
252,253,Jake McQuaide,0,0,0.0,0,0,0,0,0,1,0.0,0.0,0.0%,LB,2019
253,254,Jihad Ward,0,1,0.0,0,0,0,1,0,1,0.0,0.0,0.2%,LB,2019
254,255,L.P. LaDouceur,0,0,0.0,0,0,0,0,0,1,0.0,0.0,0.0%,LB,2019
255,256,Jatavis Brown,0,0,0.0,0,0,0,0,0,1,0.0,0.0,0.1%,LB,2019
256,257,Devante Bond,0,0,0.0,0,0,0,0,0,1,0.0,0.0,0.0%,LB,2019
257,258,Kamu Grugier-Hill,0,0,0.0,0,0,0,0,0,1,0.0,0.0,7.2%,LB,2019
258,259,Tyrell Adams,0,0,0.0,0,0,0,0,0,1,0.0,0.0,0.0%,LB,2019
259,260,Joe Cardona,0,0,0.0,0,0,0,0,0,1,0.0,0.0,0.0%,LB,2019
260,261,Casey Kreiter,0,0,0.0,0,0,0,0,0,1,0.0,0.0,0.0%,LB,2019
261,262,Charley Hughlett,0,0,0.0,0,0,0,0,0,1,0.0,0.0,0.0%,LB,2019
262,263,Morgan Cox,0,0,0.0,0,0,0,0,0,1,0.0,0.0,0.0%,LB,2019
263,264,Jon Weeks,0,0,0.0,0,0,0,0,0,1,0.0,0.0,0.0%,LB,2019
264,265,Aaron Brewer,0,0,0.0,0,0,0,0,0,1,0.0,0.0,0.0%,LB,2019
