,Rank,Player,Tackle,Assist,Sack,Pass Defended,Interception,Forced Fumble,Fumble Recovery,Defend Touchdown,Games Played,Fantasy Football Points,FTPS/Game,ROST,Position,Year
0,1,De'Vondre Campbell,7,10,0.0,0,0,2,0,0,1,31.0,31.0,20.9%,LB,2019
1,2,Kyle Van,6,2,2.0,0,0,2,0,0,1,29.0,29.0,8.2%,LB,2019
2,3,Joe Schobert,9,7,1.0,0,0,0,0,0,1,27.8,27.8,0.0%,LB,2019
3,4,Nick Kwiatkoski,8,1,1.0,0,0,1,0,0,1,25.8,25.8,0.0%,LB,2019
4,5,Jordan Hicks,8,4,0.5,0,0,2,0,0,1,25.0,25.0,29.9%,LB,2019
5,6,Terrell Suggs,5,3,1.5,0,0,1,0,0,1,24.8,24.8,0.0%,LB,2019
6,7,Devin Bush,6,3,1.0,1,0,0,0,0,1,24.3,24.3,5.1%,LB,2019
7,8,Mark Barron,8,3,0.0,1,1,0,0,0,1,23.3,23.3,0.0%,LB,2019
8,9,Nick Vigil,8,3,0.0,0,0,1,0,0,1,23.3,23.3,0.0%,LB,2019
9,10,Shaq Thompson,7,5,1.0,1,0,0,0,0,1,22.3,22.3,14.8%,LB,2019
10,11,Shaquil Barrett,3,1,1.0,2,1,1,0,0,1,21.3,21.3,8.4%,LB,2019
11,12,Mychal Kendricks,5,1,2.0,0,0,0,0,0,1,21.3,21.3,0.0%,LB,2019
12,13,Jaylon Smith,7,2,1.0,0,0,0,0,0,1,21.0,21.0,0.2%,LB,2019
13,14,Von Miller,4,2,2.0,0,0,0,0,0,1,20.5,20.5,2.5%,LB,2019
14,15,Tremaine Edmunds,7,4,0.0,1,0,0,0,0,1,20.0,20.0,33.7%,LB,2019
15,16,Robert Quinn,3,0,2.0,1,0,0,0,0,1,19.0,19.0,1.2%,LB,2019
16,17,Zach Cunningham,8,6,0.0,0,0,0,0,0,1,19.0,19.0,1.7%,LB,2019
17,18,Ryan Connelly,3,2,1.0,1,1,0,0,0,1,19.0,19.0,0.0%,LB,2019
18,19,Blake Martinez,10,5,0.0,0,0,0,0,0,1,18.8,18.8,0.0%,LB,2019
19,20,Bradley Chubb,4,3,1.0,0,0,1,0,0,1,18.8,18.8,18.2%,LB,2019
20,21,Benardrick McKinney,5,7,0.0,1,0,0,1,0,1,18.3,18.3,0.0%,LB,2019
21,22,Jamie Collins,3,1,1.0,1,1,0,0,0,1,18.3,18.3,0.0%,LB,2019
22,23,Harold Landry,3,1,2.0,0,0,0,0,0,1,18.3,18.3,24.1%,LB,2019
23,24,Kevin Minter,5,4,0.0,1,0,0,0,0,1,17.0,17.0,0.0%,LB,2019
24,25,Bud Dupree,5,1,1.0,0,0,1,0,0,1,16.3,16.3,1.3%,LB,2019
25,26,Anthony Walker,7,2,1.0,0,0,0,0,0,1,16.0,16.0,4.0%,LB,2019
26,27,Clay Matthews,4,1,1.0,0,0,0,0,0,1,15.8,15.8,0.0%,LB,2019
27,28,Leighton Vander,10,1,0.0,0,0,0,0,0,1,15.8,15.8,2.2%,LB,2019
28,29,Jayon Brown,3,4,1.0,1,0,0,0,0,1,15.5,15.5,2.0%,LB,2019
29,30,Nigel Bradham,4,2,0.0,2,1,0,0,0,1,15.5,15.5,0.0%,LB,2019
30,31,John Simon,5,0,1.0,1,0,0,0,0,1,15.5,15.5,0.0%,LB,2019
31,32,T.J. Watt,1,1,1.5,0,0,0,1,0,1,14.8,14.8,78.9%,LB,2019
32,33,Lavonte David,4,3,0.0,1,1,0,0,0,1,14.8,14.8,52.4%,LB,2019
33,34,Todd Davis,7,5,0.0,0,0,0,0,0,1,14.3,14.3,0.0%,LB,2019
34,35,Damien Wilson,7,1,0.0,0,0,0,0,0,1,13.8,13.8,0.0%,LB,2019
35,36,Nicholas Morrow,6,1,0.0,1,0,0,0,0,1,13.8,13.8,4.9%,LB,2019
36,37,Eric Kendricks,7,4,0.0,0,0,0,0,0,1,13.5,13.5,32.1%,LB,2019
37,38,Rashaan Evans,5,5,0.5,0,0,0,0,0,1,13.3,13.3,0.2%,LB,2019
38,39,Bobby Wagner,6,5,0.0,0,0,0,0,0,1,12.8,12.8,72.4%,LB,2019
39,40,Bobby Okereke,6,1,0.0,0,0,0,0,0,1,12.3,12.3,79.4%,LB,2019
40,41,Khalil Mack,1,1,1.5,0,0,1,0,0,1,12.3,12.3,52.8%,LB,2019
41,42,David Mayo,5,3,0.0,0,0,0,0,0,1,12.3,12.3,0.2%,LB,2019
42,43,Jon Bostic,5,6,0.0,0,0,0,0,0,1,12.0,12.0,0.0%,LB,2019
43,44,Tahir Whitehead,7,2,0.0,0,0,0,0,0,1,12.0,12.0,0.0%,LB,2019
44,45,A.J. Klein,3,4,0.0,0,0,1,0,0,1,11.5,11.5,0.0%,LB,2019
45,46,Raekwon McMillan,4,4,0.0,0,0,0,0,0,1,11.5,11.5,0.4%,LB,2019
46,47,Demario Davis,6,3,0.0,0,0,0,0,0,1,11.3,11.3,22.3%,LB,2019
47,48,Brennan Scarlett,1,1,1.0,0,0,1,0,0,1,10.3,10.3,0.0%,LB,2019
48,49,Whitney Mercilus,1,1,1.0,0,0,1,0,0,1,10.3,10.3,0.2%,LB,2019
49,50,Jermaine Carter,4,2,0.0,0,0,0,0,0,1,10.0,10.0,0.0%,LB,2019
50,51,Malik Reed,2,0,1.0,0,0,0,0,0,1,9.5,9.5,0.0%,LB,2019
51,52,E.J. Speed,3,3,0.0,0,0,0,0,0,1,9.3,9.3,39.8%,LB,2019
52,53,Quincy Williams,4,4,0.0,0,0,0,0,0,1,9.0,9.0,51.5%,LB,2019
53,54,Preston Brown,5,2,0.0,0,0,0,0,0,1,9.0,9.0,0.0%,LB,2019
54,55,Danny Trevathan,4,4,0.0,0,0,0,0,0,1,9.0,9.0,0.0%,LB,2019
55,56,Matt Milano,4,2,0.0,1,0,0,0,0,1,9.0,9.0,22.8%,LB,2019
56,57,Mack Wilson,3,4,0.0,1,0,0,0,0,1,9.0,9.0,4.9%,LB,2019
57,58,Jarrad Davis,4,0,0.0,0,0,0,0,0,1,8.5,8.5,0.0%,LB,2019
58,59,Patrick Onwuasor,5,1,0.0,0,0,0,0,0,1,8.3,8.3,0.0%,LB,2019
59,60,Deion Jones,3,5,0.0,0,0,0,0,0,1,8.3,8.3,2.7%,LB,2019
60,61,Cory Littleton,3,5,0.0,0,0,0,0,0,1,8.3,8.3,0.0%,LB,2019
61,62,Jerome Baker,5,1,0.0,0,0,0,0,0,1,8.3,8.3,14.7%,LB,2019
62,63,Luke Kuechly,3,5,0.0,0,0,0,0,0,1,8.3,8.3,92.3%,LB,2019
63,64,Anthony Hitchens,3,3,0.0,1,0,0,0,0,1,8.3,8.3,1.0%,LB,2019
64,65,Tyus Bowser,1,0,1.0,0,0,0,0,0,1,8.0,8.0,0.7%,LB,2019
65,66,Cole Holcomb,1,3,0.0,0,0,1,0,0,1,7.8,7.8,9.1%,LB,2019
66,67,Kenny Young,3,1,0.0,0,0,0,0,0,1,7.8,7.8,0.0%,LB,2019
67,68,Wesley Woodyard,3,1,0.0,0,0,0,0,0,1,7.8,7.8,0.0%,LB,2019
68,69,Justin Hollins,4,2,0.0,0,0,0,0,0,1,7.5,7.5,0.0%,LB,2019
69,70,Uchenna Nwosu,3,0,0.0,0,0,0,0,0,1,7.0,7.0,17.7%,LB,2019
70,71,Denzel Perryman,3,0,0.0,0,0,0,0,0,1,7.0,7.0,11.8%,LB,2019
71,72,Shaun Dion,2,0,0.0,0,0,1,0,0,1,7.0,7.0,0.0%,LB,2019
72,73,Pernell McPhee,2,0,0.0,1,0,0,0,0,1,7.0,7.0,0.0%,LB,2019
73,74,Ben Gedeon,4,1,0.0,0,0,0,0,0,1,6.8,6.8,0.0%,LB,2019
74,75,Myles Jack,3,3,0.0,0,0,0,0,0,1,6.8,6.8,0.4%,LB,2019
75,76,Zach Brown,4,1,0.0,0,0,0,0,0,1,6.8,6.8,0.0%,LB,2019
76,77,K.J. Wright,2,5,0.0,0,0,0,0,0,1,6.8,6.8,0.0%,LB,2019
77,78,Vic Beasley,1,3,0.0,0,0,0,0,0,1,6.3,6.3,0.0%,LB,2019
78,79,Takk McKinley,2,1,0.0,0,0,0,0,0,1,6.3,6.3,1.1%,LB,2019
79,80,Kevin Pierre-Louis,4,0,0.0,0,0,0,0,0,1,6.0,6.0,0.0%,LB,2019
80,81,Matthew Judon,3,2,0.0,0,0,0,0,0,1,6.0,6.0,16.8%,LB,2019
81,82,Lorenzo Alexander,3,2,0.0,0,0,0,0,0,1,6.0,6.0,3.0%,LB,2019
82,83,Oshane Ximines,0,3,0.5,1,0,0,0,0,1,5.8,5.8,0.0%,LB,2019
83,84,Thomas Davis,1,3,0.5,0,0,0,0,0,1,5.8,5.8,0.0%,LB,2019
84,85,Devon Kennard,2,0,0.0,0,0,0,0,0,1,5.5,5.5,0.0%,LB,2019
85,86,Sean Lee,2,3,0.0,0,0,0,0,0,1,5.3,5.3,0.0%,LB,2019
86,87,Ja'Whaun Bentley,3,0,0.0,0,0,0,0,0,1,4.5,4.5,15.7%,LB,2019
87,88,Jalen Reeves-Maybin,0,0,0.0,0,0,0,1,0,1,4.0,4.0,1.3%,LB,2019
88,89,Troy Reeder,2,1,0.0,0,0,0,0,0,1,3.8,3.8,1.6%,LB,2019
89,90,Reggie Gilbert,2,1,0.0,0,0,0,0,0,1,3.8,3.8,0.1%,LB,2019
90,91,Markus Golden,0,2,0.5,0,0,0,0,0,1,3.5,3.5,0.5%,LB,2019
91,92,Samson Ebukam,1,2,0.0,0,0,0,0,0,1,3.0,3.0,8.7%,LB,2019
92,93,Joe Thomas,2,0,0.0,0,0,0,0,0,1,3.0,3.0,1.0%,LB,2019
93,94,Anthony Barr,2,0,0.0,0,0,0,0,0,1,3.0,3.0,0.0%,LB,2019
94,95,Drue Tranquill,2,0,0.0,0,0,0,0,0,1,3.0,3.0,12.4%,LB,2019
95,96,B.J. Goodson,2,0,0.0,0,0,0,0,0,1,3.0,3.0,0.1%,LB,2019
96,97,Ryan Anderson,1,1,0.0,0,0,0,0,0,1,2.3,2.3,0.0%,LB,2019
97,98,Preston Smith,1,1,0.0,0,0,0,0,0,1,2.3,2.3,11.1%,LB,2019
98,99,Germaine Pratt,1,1,0.0,0,0,0,0,0,1,2.3,2.3,17.3%,LB,2019
99,100,Christian Jones,1,1,0.0,0,0,0,0,0,1,2.3,2.3,0.0%,LB,2019
100,101,LaRoy Reynolds,1,1,0.0,0,0,0,0,0,1,2.3,2.3,0.0%,LB,2019
101,102,Dylan Cole,1,1,0.0,0,0,0,0,0,1,2.3,2.3,0.0%,LB,2019
102,103,Corey Nelson,0,3,0.0,0,0,0,0,0,1,2.3,2.3,0.0%,LB,2019
103,104,Cameron Wake,0,0,0.0,1,0,0,0,0,1,1.5,1.5,0.0%,LB,2019
104,105,L.J. Collier,1,0,0.0,0,0,0,0,0,1,1.5,1.5,1.0%,LB,2019
105,106,Darron Lee,1,0,0.0,0,0,0,0,0,1,1.5,1.5,0.0%,LB,2019
106,107,Lorenzo Carter,0,2,0.0,0,0,0,0,0,1,1.5,1.5,1.8%,LB,2019
107,108,Kiko Alonso,1,0,0.0,0,0,0,0,0,1,1.5,1.5,0.0%,LB,2019
108,109,Nate Gerry,1,0,0.0,0,0,0,0,0,1,1.5,1.5,0.0%,LB,2019
109,110,Jayrone Elliott,1,0,0.0,0,0,0,0,0,1,1.5,1.5,0.0%,LB,2019
110,111,Devante Bond,1,0,0.0,0,0,0,0,0,1,1.5,1.5,0.0%,LB,2019
111,112,Kamalei Correa,1,0,0.0,0,0,0,0,0,1,1.5,1.5,0.0%,LB,2019
112,113,Bryce Hager,0,2,0.0,0,0,0,0,0,1,1.5,1.5,0.0%,LB,2019
113,114,Deone Bucannon,1,0,0.0,0,0,0,0,0,1,1.5,1.5,0.0%,LB,2019
114,115,Vontaze Burfict,1,0,0.0,0,0,0,0,0,1,1.5,1.5,0.0%,LB,2019
115,116,Reggie Ragland,1,0,0.0,0,0,0,0,0,1,1.5,1.5,0.0%,LB,2019
116,117,Elandon Roberts,0,1,0.0,0,0,0,0,0,1,0.8,0.8,15.3%,LB,2019
117,118,Sam Eguavoen,0,1,0.0,0,0,0,0,0,1,0.8,0.8,0.0%,LB,2019
118,119,Rashan Gary,0,1,0.0,0,0,0,0,0,1,0.8,0.8,11.2%,LB,2019
119,120,Leon Jacobs,0,1,0.0,0,0,0,0,0,1,0.8,0.8,0.0%,LB,2019
120,121,Christian Miller,0,0,0.0,0,0,0,0,0,1,0.0,0.0,0.0%,LB,2019
121,122,Anthony Nelson,0,1,0.0,0,0,0,0,0,1,0.0,0.0,0.4%,LB,2019
122,123,Cole Mazza,0,0,0.0,0,0,0,0,0,1,0.0,0.0,0.0%,LB,2019
123,124,Darryl Johnson,0,0,0.0,0,0,0,0,0,1,0.0,0.0,0.0%,LB,2019
124,125,Ulysees Gilbert,0,0,0.0,0,0,0,0,0,1,0.0,0.0,0.0%,LB,2019
125,126,Willie Harvey,0,0,0.0,0,0,0,0,0,1,0.0,0.0,0.0%,LB,2019
126,127,Matt Orzech,0,0,0.0,0,0,0,0,0,1,0.0,0.0,0.0%,LB,2019
127,128,Tuzar Skipper,0,1,0.5,0,0,0,0,0,1,0.0,0.0,0.0%,LB,2019
128,129,Justin Phillips,0,0,0.0,0,0,0,0,0,1,0.0,0.0,0.0%,LB,2019
129,130,Brian Burns,1,1,0.5,0,0,0,0,0,1,0.0,0.0,41.3%,LB,2019
130,131,Jaylon Ferguson,0,0,0.0,0,0,0,0,0,1,0.0,0.0,0.0%,LB,2019
131,132,Ben Burr-Kirven,0,0,0.0,0,0,0,0,0,1,0.0,0.0,0.0%,LB,2019
132,133,T.J. Edwards,0,0,0.0,0,0,0,0,0,1,0.0,0.0,78.9%,LB,2019
133,134,Austin Cutting,0,0,0.0,0,0,0,0,0,1,0.0,0.0,0.0%,LB,2019
134,135,Josh Allen,2,0,0.0,0,0,0,0,0,1,0.0,0.0,44.1%,LB,2019
135,136,Alexander Johnson,0,0,0.0,0,0,0,0,0,1,0.0,0.0,1.0%,LB,2019
136,137,Josh Woods,0,0,0.0,0,0,0,0,0,1,0.0,0.0,0.9%,LB,2019
137,138,Sione Takitaki,0,0,0.0,0,0,0,0,0,1,0.0,0.0,4.6%,LB,2019
138,139,Ty Summers,0,0,0.0,0,0,0,0,0,1,0.0,0.0,0.0%,LB,2019
139,140,Cody Barton,0,0,0.0,0,0,0,0,0,1,0.0,0.0,12.0%,LB,2019
140,141,Natrez Patrick,0,0,0.0,0,0,0,0,0,1,0.0,0.0,0.0%,LB,2019
141,142,Jahlani Tavai,0,0,0.0,0,0,0,0,0,1,0.0,0.0,6.3%,LB,2019
142,143,Emeke Egbule,0,0,0.0,0,0,0,0,0,1,0.0,0.0,0.0%,LB,2019
143,144,Barkevious Mingo,0,0,0.0,0,0,0,0,0,1,0.0,0.0,6.0%,LB,2019
144,145,L.J. Fort,0,0,0.0,0,0,0,0,0,1,0.0,0.0,0.0%,LB,2019
145,146,Julian Stanford,0,0,0.0,0,0,0,0,0,1,0.0,0.0,0.0%,LB,2019
146,147,Craig Robertson,0,0,0.0,0,0,0,0,0,1,0.0,0.0,0.0%,LB,2019
147,148,Kemal Ishmael,1,9,0.0,0,0,0,0,0,1,0.0,0.0,0.0%,LB,2019
148,149,Lerentee McCray,0,0,0.0,0,0,0,0,0,1,0.0,0.0,4.0%,LB,2019
149,150,Ray-Ray Armstrong,0,0,0.0,0,0,0,0,0,1,0.0,0.0,0.0%,LB,2019
150,151,Nick Bellore,0,0,0.0,0,0,0,0,0,1,0.0,0.0,7.0%,LB,2019
151,152,Najee Goode,0,0,0.0,0,0,0,0,0,1,0.0,0.0,0.0%,LB,2019
152,153,Nate Stupar,0,0,0.0,0,0,0,0,0,1,0.0,0.0,0.0%,LB,2019
153,154,Kyle Wilber,0,0,0.0,0,0,0,0,0,1,0.0,0.0,0.0%,LB,2019
154,155,Melvin Ingram,1,0,0.0,0,0,0,0,0,1,0.0,0.0,0.0%,LB,2019
155,156,Chandler Jones,0,0,0.0,0,0,0,0,0,1,0.0,0.0,0.5%,LB,2019
156,157,Bruce Irvin,2,0,1.0,0,0,0,0,0,1,0.0,0.0,0.2%,LB,2019
157,158,Deon Lacey,0,0,0.0,0,0,0,0,0,1,0.0,0.0,0.0%,LB,2019
158,159,Josh Martin,0,0,0.0,0,0,0,0,0,1,0.0,0.0,0.0%,LB,2019
159,160,Jadeveon Clowney,0,1,0.0,1,1,0,0,1,1,0.0,0.0,22.5%,LB,2019
160,161,Aaron Lynch,0,0,0.0,0,0,0,0,0,1,0.0,0.0,0.0%,LB,2019
161,162,Daren Bates,0,0,0.0,0,0,0,0,0,1,0.0,0.0,0.0%,LB,2019
162,163,Cassius Marsh,3,0,0.0,0,0,0,0,0,1,0.0,0.0,1.0%,LB,2019
163,164,Maurice Alexander,0,0,0.0,0,0,0,0,0,1,0.0,0.0,0.0%,LB,2019
164,165,Chris Smith,0,0,0.0,0,0,0,0,0,1,0.0,0.0,0.0%,LB,2019
165,166,Justin Houston,1,0,0.0,0,0,0,1,0,1,0.0,0.0,0.0%,LB,2019
166,167,Brooks Reed,0,0,0.0,0,0,0,0,0,1,0.0,0.0,0.0%,LB,2019
167,168,Zak DeOssie,0,0,0.0,0,0,0,0,0,1,0.0,0.0,0.0%,LB,2019
168,169,Josh Harvey-Clemons,0,0,0.0,0,0,0,0,0,1,0.0,0.0,0.0%,LB,2019
169,170,Ifeadi Odenigbo,1,0,0.0,0,0,0,0,0,1,0.0,0.0,4.0%,LB,2019
170,171,Eric Wilson,0,0,0.0,0,0,0,0,0,1,0.0,0.0,0.5%,LB,2019
171,172,Duke Riley,0,0,0.0,0,0,0,0,0,1,0.0,0.0,4.0%,LB,2019
172,173,Avery Moss,4,0,0.0,0,0,0,0,0,1,0.0,0.0,0.0%,LB,2019
173,174,Fadol Brown,0,0,0.0,0,0,0,0,0,1,0.0,0.0,0.0%,LB,2019
174,175,Jordan Evans,0,0,0.0,0,0,0,0,0,1,0.0,0.0,0.0%,LB,2019
175,176,Dawuane Smoot,0,0,0.0,0,0,0,0,0,1,0.0,0.0,0.4%,LB,2019
176,177,Tanoh Kpassagnon,2,1,0.0,1,0,0,0,0,1,0.0,0.0,0.0%,LB,2019
177,178,Isaiah Irving,0,0,0.0,0,0,0,0,0,1,0.0,0.0,0.0%,LB,2019
178,179,Reid Ferguson,0,0,0.0,0,0,0,0,0,1,0.0,0.0,0.0%,LB,2019
179,180,Luke Rhodes,0,0,0.0,0,0,0,0,0,1,0.0,0.0,0.0%,LB,2019
180,181,Haason Reddick,4,5,1.0,0,0,0,0,0,1,0.0,0.0,17.6%,LB,2019
181,182,Zach Triner,0,0,0.0,0,0,0,0,0,1,0.0,0.0,0.0%,LB,2019
182,183,Taybor Pepper,0,0,0.0,0,0,0,0,0,1,0.0,0.0,0.0%,LB,2019
183,184,Tim Williams,0,0,0.0,0,0,0,0,0,1,0.0,0.0,0.0%,LB,2019
184,185,Tanner Vallejo,0,0,0.0,0,0,0,0,0,1,0.0,0.0,0.0%,LB,2019
185,186,Austin Calitro,0,0,0.0,0,0,0,0,0,1,0.0,0.0,0.0%,LB,2019
186,187,Kameron Canaday,0,0,0.0,0,0,0,0,0,1,0.0,0.0,0.0%,LB,2019
187,188,Jermaine Grace,0,0,0.0,0,0,0,0,0,1,0.0,0.0,1.1%,LB,2019
188,189,Ben Niemann,0,0,0.0,0,0,0,0,0,1,0.0,0.0,0.4%,LB,2019
189,190,Chris Board,0,2,0.0,0,0,0,0,0,1,0.0,0.0,1.5%,LB,2019
190,191,Trent Sieg,0,0,0.0,0,0,0,0,0,1,0.0,0.0,0.0%,LB,2019
191,192,Jack Cichy,0,0,0.0,0,0,0,0,0,1,0.0,0.0,0.0%,LB,2019
192,193,Foyesade Oluokun,0,0,0.0,0,0,0,0,0,1,0.0,0.0,93.9%,LB,2019
193,194,Andre Smith,0,0,0.0,0,0,0,0,0,1,0.0,0.0,0.2%,LB,2019
194,195,Jacob Martin,0,0,0.0,0,0,0,0,0,1,0.0,0.0,0.4%,LB,2019
195,196,Trent Harris,1,0,0.0,0,0,0,0,0,1,0.0,0.0,0.0%,LB,2019
196,197,Hunter Bradley,0,0,0.0,0,0,0,0,0,1,0.0,0.0,0.0%,LB,2019
197,198,Ezekiel Turner,0,0,0.0,0,0,0,0,0,1,0.0,0.0,0.2%,LB,2019
198,199,Dennis Gardeck,0,0,0.0,0,0,0,0,0,1,0.0,0.0,3.6%,LB,2019
199,200,Joel Iyiegbuniwe,0,0,0.0,0,0,0,0,0,1,0.0,0.0,0.0%,LB,2019
200,201,Arden Key,0,0,0.0,0,0,0,0,0,1,0.0,0.0,2.4%,LB,2019
201,202,Marcus Davenport,0,1,0.0,0,0,0,0,0,1,0.0,0.0,2.1%,LB,2019
202,203,Malik Jefferson,0,0,0.0,0,0,0,0,0,1,0.0,0.0,0.0%,LB,2019
203,204,Josey Jewell,0,0,0.0,0,0,0,0,0,1,0.0,0.0,30.2%,LB,2019
204,205,Kyzir White,0,0,0.0,0,0,0,0,0,1,0.0,0.0,22.3%,LB,2019
205,206,Ola Adeniyi,0,1,0.0,0,0,0,0,0,1,0.0,0.0,0.0%,LB,2019
206,207,Matthew Adams,0,0,0.0,0,0,0,0,0,1,0.0,0.0,0.2%,LB,2019
207,208,Zaire Franklin,0,0,0.0,0,0,0,0,0,1,0.0,0.0,92.0%,LB,2019
208,209,Peter Kalambayi,0,0,0.0,0,0,0,0,0,1,0.0,0.0,0.0%,LB,2019
209,210,Marquis Haynes,0,0,0.0,0,0,0,0,0,1,0.0,0.0,0.6%,LB,2019
210,211,Shaquem Griffin,0,0,0.0,0,0,0,0,0,1,0.0,0.0,0.1%,LB,2019
211,212,Dorian O'Daniel,0,0,0.0,0,0,0,0,0,1,0.0,0.0,0.0%,LB,2019
212,213,Keishawn Bierria,0,0,0.0,0,0,0,0,0,1,0.0,0.0,0.0%,LB,2019
213,214,Travin Howard,0,0,0.0,0,0,0,0,0,1,0.0,0.0,0.2%,LB,2019
214,215,Nick Dzubnar,0,0,0.0,0,0,0,0,0,1,0.0,0.0,0.0%,LB,2019
215,216,Frank Clark,0,2,0.0,0,0,0,0,0,1,0.0,0.0,0.0%,LB,2019
216,217,Justin March-Lillard,0,0,0.0,0,0,0,0,0,1,0.0,0.0,0.0%,LB,2019
217,218,Za'Darius Smith,0,0,0.0,0,0,0,0,0,1,0.0,0.0,5.4%,LB,2019
218,219,Adarius Taylor,0,0,0.0,0,0,0,0,0,1,0.0,0.0,0.0%,LB,2019
219,220,Landon Collins,2,7,0.0,0,0,0,0,0,1,0.0,0.0,0.0%,LB,2019
220,221,Danielle Hunter,6,0,0.0,0,0,0,0,0,1,0.0,0.0,52.9%,LB,2019
221,222,Stephone Anthony,0,0,0.0,0,0,0,0,0,1,0.0,0.0,0.0%,LB,2019
222,223,Trey Flowers,1,3,0.0,0,0,1,0,0,1,0.0,0.0,0.2%,LB,2019
223,224,Vince Biegel,0,0,0.0,0,0,0,0,0,1,0.0,0.0,0.0%,LB,2019
224,225,Leonard Floyd,0,0,0.0,0,0,0,0,0,1,0.0,0.0,5.4%,LB,2019
225,226,Tyler Matakevich,0,0,0.0,0,0,0,0,0,1,0.0,0.0,0.0%,LB,2019
226,227,Kyler Fackrell,0,0,0.0,0,0,0,0,0,1,0.0,0.0,0.0%,LB,2019
227,228,JJ Jansen,0,0,0.0,0,0,0,0,0,1,0.0,0.0,0.0%,LB,2019
228,229,Don Muhlbach,0,0,0.0,0,0,0,0,0,1,0.0,0.0,0.0%,LB,2019
229,230,Rick Lovato,0,0,0.0,0,0,0,0,0,1,0.0,0.0,0.0%,LB,2019
230,231,Josh Harris,0,0,0.0,0,0,0,0,0,1,0.0,0.0,0.0%,LB,2019
231,232,Jake McQuaide,0,0,0.0,0,0,0,0,0,1,0.0,0.0,0.0%,LB,2019
232,233,Joey Bosa,1,2,0.5,0,0,0,0,0,1,0.0,0.0,16.7%,LB,2019
233,234,Shilique Calhoun,0,0,0.0,0,0,0,0,0,1,0.0,0.0,0.0%,LB,2019
234,235,Carl Nassib,1,2,0.0,0,0,0,0,0,1,0.0,0.0,0.0%,LB,2019
235,236,Jihad Ward,0,0,0.0,0,0,0,0,0,1,0.0,0.0,0.2%,LB,2019
236,237,Nick Sundberg,0,0,0.0,0,0,0,0,0,1,0.0,0.0,0.0%,LB,2019
237,238,Joe Walker,0,0,0.0,0,0,0,0,0,1,0.0,0.0,0.0%,LB,2019
238,239,Kamu Grugier-Hill,0,0,0.0,0,0,0,0,0,1,0.0,0.0,7.2%,LB,2019
239,240,Jatavis Brown,0,0,0.0,0,0,0,0,0,1,0.0,0.0,0.1%,LB,2019
240,241,Patrick Scales,0,0,0.0,0,0,0,0,0,1,0.0,0.0,0.0%,LB,2019
241,242,Tyler Ott,0,0,0.0,0,0,0,0,0,1,0.0,0.0,0.0%,LB,2019
242,243,Joe Cardona,0,0,0.0,0,0,0,0,0,1,0.0,0.0,0.0%,LB,2019
243,244,Charley Hughlett,0,0,0.0,0,0,0,0,0,1,0.0,0.0,0.0%,LB,2019
244,245,Morgan Cox,0,0,0.0,0,0,0,0,0,1,0.0,0.0,0.0%,LB,2019
245,246,Casey Kreiter,0,0,0.0,0,0,0,0,0,1,0.0,0.0,0.0%,LB,2019
246,247,Jon Weeks,0,0,0.0,0,0,0,0,0,1,0.0,0.0,0.0%,LB,2019
247,248,Aaron Brewer,0,0,0.0,0,0,0,0,0,1,0.0,0.0,0.0%,LB,2019
248,249,L.P. LaDouceur,0,0,0.0,0,0,0,0,0,1,0.0,0.0,0.0%,LB,2019
