,Rank,Player,Tackle,Assist,Sack,Pass Defended,Interception,Forced Fumble,Fumble Recovery,Defend Touchdown,Games Played,Fantasy Football Points,FTPS/Game,ROST,Position,Year
0,1,Jamie Collins,12,1,1.5,0,0,0,0,0,1,27.3,27.3,0.0%,LB,2019
1,2,Matt Milano,10,3,0.0,0,0,0,0,0,1,24.8,24.8,22.8%,LB,2019
2,3,T.J. Watt,3,0,2.0,0,0,2,1,0,1,24.5,24.5,78.9%,LB,2019
3,4,Luke Kuechly,9,1,0.0,1,1,0,0,0,1,23.3,23.3,92.3%,LB,2019
4,5,Devon Kennard,6,1,0.0,0,0,0,1,1,1,22.3,22.3,0.0%,LB,2019
5,6,Von Miller,5,1,1.5,0,0,0,0,0,1,21.8,21.8,2.5%,LB,2019
6,7,Shaquil Barrett,4,0,1.0,0,0,1,0,0,1,19.0,19.0,8.4%,LB,2019
7,8,Za'Darius Smith,4,0,2.0,0,0,0,0,0,1,19.0,19.0,5.4%,LB,2019
8,9,Shaquille Leonard,6,4,1.0,0,0,0,0,0,1,18.5,18.5,21.8%,LB,2019
9,10,Mychal Kendricks,5,2,0.0,1,1,0,0,0,1,18.0,18.0,0.0%,LB,2019
10,11,Jerome Baker,8,1,0.0,0,0,0,0,0,1,17.8,17.8,14.7%,LB,2019
11,12,Lavonte David,6,6,0.0,1,0,0,0,0,1,17.5,17.5,52.4%,LB,2019
12,13,Harold Landry,3,1,1.0,0,0,1,1,0,1,17.3,17.3,24.1%,LB,2019
13,14,Jon Bostic,7,3,1.0,0,0,0,0,0,1,16.8,16.8,0.0%,LB,2019
14,15,Jordan Hicks,6,4,0.0,1,0,0,0,0,1,16.0,16.0,29.9%,LB,2019
15,16,Rashaan Evans,7,4,0.0,0,0,0,0,0,1,16.0,16.0,0.2%,LB,2019
16,17,Lorenzo Carter,3,3,1.0,0,0,0,0,0,1,15.8,15.8,1.8%,LB,2019
17,18,Bobby Wagner,1,5,1.0,0,0,0,1,0,1,15.8,15.8,72.4%,LB,2019
18,19,Jarrad Davis,3,2,1.0,1,0,1,0,0,1,15.5,15.5,0.0%,LB,2019
19,20,Damien Wilson,5,2,1.0,0,0,0,0,0,1,15.5,15.5,0.0%,LB,2019
20,21,Nate Gerry,5,1,1.0,0,0,0,0,0,1,14.8,14.8,0.0%,LB,2019
21,22,Khalil Mack,3,1,1.0,2,0,0,0,0,1,14.8,14.8,52.8%,LB,2019
22,23,Alexander Johnson,4,4,0.0,1,0,1,0,0,1,14.5,14.5,1.0%,LB,2019
23,24,Tremaine Edmunds,7,2,0.0,0,0,0,0,0,1,14.5,14.5,33.7%,LB,2019
24,25,Joe Schobert,8,3,0.0,0,0,0,0,0,1,14.3,14.3,0.0%,LB,2019
25,26,Dont'a Hightower,2,1,0.0,0,0,0,1,1,1,13.8,13.8,1.0%,LB,2019
26,27,Thomas Davis,6,3,0.0,0,0,0,0,0,1,13.8,13.8,0.0%,LB,2019
27,28,Markus Golden,5,2,0.5,0,0,0,0,0,1,13.5,13.5,0.5%,LB,2019
28,29,Tahir Whitehead,7,4,0.0,0,0,0,0,0,1,13.5,13.5,0.0%,LB,2019
29,30,Jayon Brown,5,3,0.0,2,0,0,0,0,1,12.8,12.8,2.0%,LB,2019
30,31,Jordan Willis,3,0,1.0,0,0,1,0,0,1,12.5,12.5,1.0%,LB,2019
31,32,Bud Dupree,3,2,1.0,0,0,0,0,0,1,12.5,12.5,1.3%,LB,2019
32,33,Whitney Mercilus,4,2,0.0,0,0,0,0,0,1,12.5,12.5,0.2%,LB,2019
33,34,Zach Cunningham,4,3,0.0,1,0,0,0,0,1,12.3,12.3,1.7%,LB,2019
34,35,Vince Biegel,4,5,0.0,0,0,0,0,0,1,12.3,12.3,0.0%,LB,2019
35,36,Blake Cashman,4,2,0.0,0,0,0,1,0,1,11.5,11.5,14.6%,LB,2019
36,37,Todd Davis,6,0,0.0,0,0,0,0,0,1,11.5,11.5,0.0%,LB,2019
37,38,Anthony Walker,5,2,0.0,0,0,0,0,0,1,11.5,11.5,4.0%,LB,2019
38,39,Cory Littleton,4,4,0.5,0,0,0,0,0,1,11.0,11.0,0.0%,LB,2019
39,40,Sam Eguavoen,3,0,1.0,0,0,0,0,0,1,11.0,11.0,0.0%,LB,2019
40,41,Cole Holcomb,3,3,0.0,0,0,1,0,0,1,10.8,10.8,9.1%,LB,2019
41,42,Ogbo Okoronkwo,1,1,1.5,0,0,0,0,0,1,10.8,10.8,2.7%,LB,2019
42,43,Austin Calitro,4,2,0.0,0,0,0,0,0,1,10.0,10.0,0.0%,LB,2019
43,44,Devin Bush,6,1,0.0,0,0,0,0,0,1,9.8,9.8,5.1%,LB,2019
44,45,K.J. Wright,3,7,0.0,0,0,0,0,0,1,9.8,9.8,0.0%,LB,2019
45,46,Christian Jones,5,1,0.0,1,0,0,0,0,1,9.8,9.8,0.0%,LB,2019
46,47,Eric Kendricks,3,4,0.0,1,0,0,0,0,1,9.0,9.0,32.1%,LB,2019
47,48,Denzel Perryman,5,2,0.0,0,0,0,0,0,1,9.0,9.0,11.8%,LB,2019
48,49,Demario Davis,5,2,0.0,0,0,0,0,0,1,9.0,9.0,22.3%,LB,2019
49,50,Anthony Barr,2,2,0.5,0,0,0,0,0,1,9.0,9.0,0.0%,LB,2019
50,51,Devin White,4,2,0.0,1,0,0,0,0,1,9.0,9.0,22.7%,LB,2019
51,52,Blake Martinez,4,3,0.0,0,0,0,0,0,1,8.3,8.3,0.0%,LB,2019
52,53,Fred Warner,5,1,0.0,0,0,0,0,0,1,8.3,8.3,90.4%,LB,2019
53,54,Nicholas Morrow,4,1,0.0,1,0,0,0,0,1,8.3,8.3,4.9%,LB,2019
54,55,Brennan Scarlett,4,3,0.0,0,0,0,0,0,1,8.3,8.3,0.0%,LB,2019
55,56,Raekwon McMillan,4,3,0.0,0,0,0,0,0,1,8.3,8.3,0.4%,LB,2019
56,57,Kyle Van,1,0,1.0,0,0,0,0,0,1,8.0,8.0,8.2%,LB,2019
57,58,James Burgess,2,3,0.0,0,0,0,0,0,1,7.8,7.8,0.0%,LB,2019
58,59,Malik Reed,2,1,0.0,0,0,0,1,0,1,7.8,7.8,0.0%,LB,2019
59,60,Roquan Smith,3,4,0.0,0,0,0,0,0,1,7.5,7.5,90.7%,LB,2019
60,61,Nick Vigil,3,2,0.0,1,0,0,0,0,1,7.5,7.5,0.0%,LB,2019
61,62,Drue Tranquill,4,0,0.0,1,0,0,0,0,1,7.5,7.5,12.4%,LB,2019
62,63,Joe Walker,2,2,0.0,0,0,0,0,0,1,7.0,7.0,0.0%,LB,2019
63,64,Alec Ogletree,3,3,0.0,0,0,0,0,0,1,6.8,6.8,2.0%,LB,2019
64,65,De'Vondre Campbell,2,5,0.0,0,0,0,0,0,1,6.8,6.8,20.9%,LB,2019
65,66,Mark Barron,3,2,0.0,0,0,0,0,0,1,6.0,6.0,0.0%,LB,2019
66,67,Vic Beasley,3,2,0.0,0,0,0,0,0,1,6.0,6.0,0.0%,LB,2019
67,68,Anthony Hitchens,2,4,0.0,0,0,0,0,0,1,6.0,6.0,1.0%,LB,2019
68,69,Danny Trevathan,2,4,0.0,0,0,0,0,0,1,6.0,6.0,0.0%,LB,2019
69,70,Ben Niemann,4,0,0.0,0,0,0,0,0,1,6.0,6.0,0.4%,LB,2019
70,71,Preston Smith,4,0,0.0,0,0,0,0,0,1,6.0,6.0,11.1%,LB,2019
71,72,A.J. Klein,3,2,0.0,0,0,0,0,0,1,6.0,6.0,0.0%,LB,2019
72,73,Ryan Anderson,0,2,0.0,0,0,0,1,0,1,5.5,5.5,0.0%,LB,2019
73,74,Samson Ebukam,2,1,0.0,1,0,0,0,0,1,5.3,5.3,8.7%,LB,2019
74,75,Mack Wilson,3,1,0.0,0,0,0,0,0,1,5.3,5.3,4.9%,LB,2019
75,76,Preston Brown,3,1,0.0,0,0,0,0,0,1,5.3,5.3,0.0%,LB,2019
76,77,Vince Williams,3,1,0.0,0,0,0,0,0,1,5.3,5.3,0.1%,LB,2019
77,78,Myles Jack,3,1,0.0,0,0,0,0,0,1,5.3,5.3,0.4%,LB,2019
78,79,Kwon Alexander,3,1,0.0,0,0,0,0,0,1,5.3,5.3,1.1%,LB,2019
79,80,Leonard Floyd,2,2,0.0,0,0,0,0,0,1,4.5,4.5,5.4%,LB,2019
80,81,Reggie Ragland,2,2,0.0,0,0,0,0,0,1,4.5,4.5,0.0%,LB,2019
81,82,Shaun Dion,2,2,0.0,0,0,0,0,0,1,4.5,4.5,0.0%,LB,2019
82,83,Brandon Copeland,3,0,0.0,0,0,0,0,0,1,4.5,4.5,0.0%,LB,2019
83,84,Shaq Thompson,2,2,0.0,0,0,0,0,0,1,4.5,4.5,14.8%,LB,2019
84,85,Deion Jones,2,2,0.0,0,0,0,0,0,1,4.5,4.5,2.7%,LB,2019
85,86,Julian Stanford,0,0,0.0,0,0,0,1,0,1,4.0,4.0,0.0%,LB,2019
86,87,Kyler Fackrell,1,0,0.0,0,0,0,0,0,1,4.0,4.0,0.0%,LB,2019
87,88,T.J. Edwards,1,3,0.0,0,0,0,0,0,1,3.8,3.8,78.9%,LB,2019
88,89,Benardrick McKinney,0,5,0.0,0,0,0,0,0,1,3.8,3.8,0.0%,LB,2019
89,90,Bobby Okereke,1,2,0.0,0,0,0,0,0,1,3.0,3.0,79.4%,LB,2019
90,91,Shilique Calhoun,2,0,0.0,0,0,0,0,0,1,3.0,3.0,0.0%,LB,2019
91,92,Ben Gedeon,1,2,0.0,0,0,0,0,0,1,3.0,3.0,0.0%,LB,2019
92,93,Takk McKinley,1,2,0.0,0,0,0,0,0,1,3.0,3.0,1.1%,LB,2019
93,94,Kamalei Correa,1,2,0.0,0,0,0,0,0,1,3.0,3.0,0.0%,LB,2019
94,95,Kamu Grugier-Hill,2,0,0.0,0,0,0,0,0,1,3.0,3.0,7.2%,LB,2019
95,96,Dre Greenlaw,2,0,0.0,0,0,0,0,0,1,3.0,3.0,37.9%,LB,2019
96,97,Jahlani Tavai,2,0,0.0,0,0,0,0,0,1,3.0,3.0,6.3%,LB,2019
97,98,Josey Jewell,0,1,0.5,0,0,0,0,0,1,2.8,2.8,30.2%,LB,2019
98,99,Lorenzo Alexander,0,1,0.0,1,0,0,0,0,1,2.3,2.3,3.0%,LB,2019
99,100,Kyzir White,1,1,0.0,0,0,0,0,0,1,2.3,2.3,22.3%,LB,2019
100,101,Germaine Pratt,1,0,0.0,0,0,0,0,0,1,1.5,1.5,17.3%,LB,2019
101,102,Elandon Roberts,1,0,0.0,0,0,0,0,0,1,1.5,1.5,15.3%,LB,2019
102,103,David Mayo,1,0,0.0,0,0,0,0,0,1,1.5,1.5,0.2%,LB,2019
103,104,Cody Barton,1,0,0.0,0,0,0,0,0,1,1.5,1.5,12.0%,LB,2019
104,105,Dylan Cole,0,0,0.0,1,0,0,0,0,1,1.5,1.5,0.0%,LB,2019
105,106,Azeez Al-Shaair,1,0,0.0,0,0,0,0,0,1,1.5,1.5,43.0%,LB,2019
106,107,Deone Bucannon,1,0,0.0,0,0,0,0,0,1,1.5,1.5,0.0%,LB,2019
107,108,Foyesade Oluokun,1,0,0.0,0,0,0,0,0,1,1.5,1.5,93.9%,LB,2019
108,109,Chandler Jones,1,0,0.0,0,0,0,0,0,1,1.5,1.5,0.5%,LB,2019
109,110,Reggie Gilbert,1,0,0.0,0,0,0,0,0,1,1.5,1.5,0.1%,LB,2019
110,111,Ja'Whaun Bentley,1,0,0.0,0,0,0,0,0,1,1.5,1.5,15.7%,LB,2019
111,112,Jordan Jenkins,1,0,0.0,0,0,0,0,0,1,1.5,1.5,0.0%,LB,2019
112,113,John Simon,0,2,0.0,0,0,0,0,0,1,1.5,1.5,0.0%,LB,2019
113,114,L.J. Collier,1,0,0.0,0,0,0,0,0,1,1.5,1.5,1.0%,LB,2019
114,115,Uchenna Nwosu,1,0,0.0,0,0,0,0,0,1,1.5,1.5,17.7%,LB,2019
115,116,Lerentee McCray,0,1,0.0,0,0,0,0,0,1,0.8,0.8,4.0%,LB,2019
116,117,Wesley Woodyard,0,1,0.0,0,0,0,0,0,1,0.8,0.8,0.0%,LB,2019
117,118,Marquis Haynes,0,1,0.0,0,0,0,0,0,1,0.8,0.8,0.6%,LB,2019
118,119,Joe Giles-Harris,0,0,0.0,0,0,0,0,0,1,0.0,0.0,0.0%,LB,2019
119,120,Darryl Johnson,2,0,0.0,0,0,0,0,0,1,0.0,0.0,0.0%,LB,2019
120,121,Anthony Nelson,0,1,0.0,0,0,0,0,0,1,0.0,0.0,0.4%,LB,2019
121,122,Cole Mazza,0,0,0.0,0,0,0,0,0,1,0.0,0.0,0.0%,LB,2019
122,123,Josiah Tauaefa,0,0,0.0,0,0,0,0,0,1,0.0,0.0,0.0%,LB,2019
123,124,E.J. Speed,0,0,0.0,0,0,0,0,0,1,0.0,0.0,39.8%,LB,2019
124,125,David Long,0,0,0.0,0,0,0,0,0,1,0.0,0.0,8.2%,LB,2019
125,126,Shareef Miller,0,0,0.0,0,0,0,0,0,1,0.0,0.0,2.0%,LB,2019
126,127,Matt Orzech,0,0,0.0,0,0,0,0,0,1,0.0,0.0,0.0%,LB,2019
127,128,Troy Reeder,0,0,0.0,0,0,0,0,0,1,0.0,0.0,1.6%,LB,2019
128,129,Noah Dawkins,0,0,0.0,0,0,0,0,0,1,0.0,0.0,0.0%,LB,2019
129,130,Chris Peace,0,0,0.0,0,0,0,0,0,1,0.0,0.0,0.0%,LB,2019
130,131,Justin Phillips,0,0,0.0,0,0,0,0,0,1,0.0,0.0,0.0%,LB,2019
131,132,David Long,0,0,0.0,0,0,0,0,0,1,0.0,0.0,0.0%,LB,2019
132,133,Ben Burr-Kirven,0,0,0.0,0,0,0,0,0,1,0.0,0.0,0.0%,LB,2019
133,134,Rashan Gary,0,0,0.0,0,0,0,0,0,1,0.0,0.0,11.2%,LB,2019
134,135,Brian Burns,0,0,0.0,0,0,0,0,0,1,0.0,0.0,41.3%,LB,2019
135,136,Oshane Ximines,0,0,0.0,0,0,0,0,0,1,0.0,0.0,0.0%,LB,2019
136,137,Austin Cutting,0,0,0.0,0,0,0,0,0,1,0.0,0.0,0.0%,LB,2019
137,138,Josh Allen,2,0,2.0,0,0,1,0,0,1,0.0,0.0,44.1%,LB,2019
138,139,Sione Takitaki,0,0,0.0,0,0,0,0,0,1,0.0,0.0,4.6%,LB,2019
139,140,Ty Summers,0,0,0.0,0,0,0,0,0,1,0.0,0.0,0.0%,LB,2019
140,141,Natrez Patrick,0,0,0.0,0,0,0,0,0,1,0.0,0.0,0.0%,LB,2019
141,142,Emeke Egbule,0,0,0.0,0,0,0,0,0,1,0.0,0.0,0.0%,LB,2019
142,143,Justin Hollins,0,0,0.0,0,0,0,0,0,1,0.0,0.0,0.0%,LB,2019
143,144,Jordan Kunaszyk,0,0,0.0,0,0,0,0,0,1,0.0,0.0,0.0%,LB,2019
144,145,Craig Robertson,0,0,0.0,0,0,0,0,0,1,0.0,0.0,0.0%,LB,2019
145,146,Barkevious Mingo,0,0,0.0,0,0,0,0,0,1,0.0,0.0,6.0%,LB,2019
146,147,Kemal Ishmael,0,0,0.0,0,0,0,0,0,1,0.0,0.0,0.0%,LB,2019
147,148,LaRoy Reynolds,0,0,0.0,0,0,0,0,0,1,0.0,0.0,0.0%,LB,2019
148,149,Kiko Alonso,0,0,0.0,0,0,0,0,0,1,0.0,0.0,0.0%,LB,2019
149,150,Kevin Minter,0,0,0.0,0,0,0,0,0,1,0.0,0.0,0.0%,LB,2019
150,151,Nick Bellore,0,0,0.0,0,0,0,0,0,1,0.0,0.0,7.0%,LB,2019
151,152,Kyle Wilber,0,0,0.0,0,0,0,0,0,1,0.0,0.0,0.0%,LB,2019
152,153,Bruce Irvin,5,0,2.0,0,0,0,0,0,1,0.0,0.0,0.2%,LB,2019
153,154,Melvin Ingram,3,0,0.0,0,0,0,1,0,1,0.0,0.0,0.0%,LB,2019
154,155,Deon Lacey,0,0,0.0,0,0,0,0,0,1,0.0,0.0,0.0%,LB,2019
155,156,Josh Martin,0,0,0.0,0,0,0,0,0,1,0.0,0.0,0.0%,LB,2019
156,157,Jadeveon Clowney,3,0,1.0,0,0,1,0,0,1,0.0,0.0,22.5%,LB,2019
157,158,Dee Ford,0,0,0.0,0,0,0,0,0,1,0.0,0.0,0.0%,LB,2019
158,159,Aaron Lynch,0,0,0.0,0,0,0,0,0,1,0.0,0.0,0.0%,LB,2019
159,160,Jeremiah Attaochu,0,0,0.0,0,0,0,0,0,1,0.0,0.0,0.0%,LB,2019
160,161,Benson Mayowa,1,0,1.0,0,0,0,0,0,1,0.0,0.0,0.0%,LB,2019
161,162,Daren Bates,0,0,0.0,0,0,0,0,0,1,0.0,0.0,0.0%,LB,2019
162,163,Corey Nelson,0,0,0.0,0,0,0,0,0,1,0.0,0.0,0.0%,LB,2019
163,164,Maurice Alexander,0,0,0.0,0,0,0,0,0,1,0.0,0.0,0.0%,LB,2019
164,165,Cassius Marsh,1,0,0.0,0,0,0,0,0,1,0.0,0.0,1.0%,LB,2019
165,166,Terrell Suggs,0,0,0.0,0,0,0,0,0,1,0.0,0.0,0.0%,LB,2019
166,167,Brooks Reed,0,0,0.0,0,0,0,0,0,1,0.0,0.0,0.0%,LB,2019
167,168,Justin Houston,3,0,1.0,0,0,0,0,0,1,0.0,0.0,0.0%,LB,2019
168,169,Malcolm Smith,0,0,0.0,0,0,0,0,0,1,0.0,0.0,0.0%,LB,2019
169,170,Cameron Wake,0,0,0.0,0,0,0,0,0,1,0.0,0.0,0.0%,LB,2019
170,171,Jason Pierre-Paul,3,0,1.0,0,0,0,0,0,1,0.0,0.0,0.0%,LB,2019
171,172,Zak DeOssie,0,0,0.0,0,0,0,0,0,1,0.0,0.0,0.0%,LB,2019
172,173,Jalen Reeves-Maybin,0,0,0.0,0,0,0,0,0,1,0.0,0.0,1.3%,LB,2019
173,174,Ifeadi Odenigbo,2,0,1.0,0,0,0,0,0,1,0.0,0.0,4.0%,LB,2019
174,175,Eric Wilson,0,0,0.0,0,0,0,0,0,1,0.0,0.0,0.5%,LB,2019
175,176,Tanoh Kpassagnon,2,0,2.0,0,0,0,0,0,1,0.0,0.0,0.0%,LB,2019
176,177,Jamal Carter,0,0,0.0,0,0,0,0,0,1,0.0,0.0,0.0%,LB,2019
177,178,Duke Riley,0,0,0.0,0,0,0,0,0,1,0.0,0.0,4.0%,LB,2019
178,179,Tanner Vallejo,0,0,0.0,0,0,0,0,0,1,0.0,0.0,0.0%,LB,2019
179,180,Harvey Langi,0,0,0.0,0,0,0,0,0,1,0.0,0.0,0.0%,LB,2019
180,181,Jordan Evans,0,0,0.0,0,0,0,0,0,1,0.0,0.0,0.0%,LB,2019
181,182,Dawuane Smoot,1,1,1.0,0,0,0,0,0,1,0.0,0.0,0.4%,LB,2019
182,183,Joe Jones,0,0,0.0,0,0,0,0,0,1,0.0,0.0,0.0%,LB,2019
183,184,Thomas Hennessy,0,0,0.0,0,0,0,0,0,1,0.0,0.0,0.0%,LB,2019
184,185,Donald Payne,0,0,0.0,0,0,0,0,0,1,0.0,0.0,0.0%,LB,2019
185,186,Reid Ferguson,0,0,0.0,0,0,0,0,0,1,0.0,0.0,0.0%,LB,2019
186,187,Zach Triner,0,0,0.0,0,0,0,0,0,1,0.0,0.0,0.0%,LB,2019
187,188,Taybor Pepper,0,0,0.0,0,0,0,0,0,1,0.0,0.0,0.0%,LB,2019
188,189,Haason Reddick,4,1,0.0,0,0,0,0,0,1,0.0,0.0,17.6%,LB,2019
189,190,Luke Rhodes,0,0,0.0,0,0,0,0,0,1,0.0,0.0,0.0%,LB,2019
190,191,Steve Longa,0,0,0.0,0,0,0,0,0,1,0.0,0.0,0.0%,LB,2019
191,192,Kameron Canaday,0,0,0.0,0,0,0,0,0,1,0.0,0.0,0.0%,LB,2019
192,193,Isaiah Irving,0,0,0.0,0,0,0,0,0,1,0.0,0.0,0.0%,LB,2019
193,194,Trent Sieg,0,0,0.0,0,0,0,0,0,1,0.0,0.0,0.0%,LB,2019
194,195,Joel Iyiegbuniwe,0,0,0.0,0,0,0,0,0,1,0.0,0.0,0.0%,LB,2019
195,196,Hunter Bradley,0,0,0.0,0,0,0,0,0,1,0.0,0.0,0.0%,LB,2019
196,197,Oren Burks,0,0,0.0,0,0,0,0,0,1,0.0,0.0,3.8%,LB,2019
197,198,Trent Harris,1,1,0.0,0,0,0,0,0,1,0.0,0.0,0.0%,LB,2019
198,199,Jermaine Carter,0,0,0.0,0,0,0,0,0,1,0.0,0.0,0.0%,LB,2019
199,200,Andre Smith,0,0,0.0,0,0,0,0,0,1,0.0,0.0,0.2%,LB,2019
200,201,Marcell Harris,0,0,0.0,0,0,0,0,0,1,0.0,0.0,0.0%,LB,2019
201,202,Jacob Martin,0,0,0.0,0,0,0,0,0,1,0.0,0.0,0.4%,LB,2019
202,203,Peter Kalambayi,0,0,0.0,0,0,0,0,0,1,0.0,0.0,0.0%,LB,2019
203,204,Ezekiel Turner,0,0,0.0,0,0,0,0,0,1,0.0,0.0,0.2%,LB,2019
204,205,Dennis Gardeck,0,0,0.0,0,0,0,0,0,1,0.0,0.0,3.6%,LB,2019
205,206,Zaire Franklin,0,0,0.0,0,0,0,0,0,1,0.0,0.0,92.0%,LB,2019
206,207,Marcus Davenport,0,0,0.0,0,0,0,0,0,1,0.0,0.0,2.1%,LB,2019
207,208,Jermaine Grace,0,0,0.0,0,0,0,0,0,1,0.0,0.0,1.1%,LB,2019
208,209,Arden Key,2,0,1.0,0,0,0,0,0,1,0.0,0.0,2.4%,LB,2019
209,210,Malik Jefferson,0,0,0.0,0,0,0,0,0,1,0.0,0.0,0.0%,LB,2019
210,211,Matthew Adams,0,0,0.0,0,0,0,0,0,1,0.0,0.0,0.2%,LB,2019
211,212,Shaquem Griffin,0,0,0.0,0,0,0,0,0,1,0.0,0.0,0.1%,LB,2019
212,213,Travin Howard,0,0,0.0,0,0,0,0,0,1,0.0,0.0,0.2%,LB,2019
213,214,Genard Avery,0,0,0.0,0,0,0,0,0,1,0.0,0.0,0.0%,LB,2019
214,215,Ola Adeniyi,0,0,0.0,0,0,0,0,0,1,0.0,0.0,0.0%,LB,2019
215,216,Kenny Young,0,0,0.0,0,0,0,0,0,1,0.0,0.0,0.0%,LB,2019
216,217,Dorian O'Daniel,0,0,0.0,0,0,0,0,0,1,0.0,0.0,0.0%,LB,2019
217,218,Mark Nzeocha,0,0,0.0,0,0,0,0,0,1,0.0,0.0,0.0%,LB,2019
218,219,Trey Flowers,3,1,2.0,0,0,1,0,0,1,0.0,0.0,0.2%,LB,2019
219,220,Danielle Hunter,5,0,1.0,0,0,1,0,0,1,0.0,0.0,52.9%,LB,2019
220,221,Nick Dzubnar,0,0,0.0,0,0,0,0,0,1,0.0,0.0,0.0%,LB,2019
221,222,Stephone Anthony,0,0,0.0,0,0,0,0,0,1,0.0,0.0,0.0%,LB,2019
222,223,Adarius Taylor,0,0,0.0,0,0,0,0,0,1,0.0,0.0,0.0%,LB,2019
223,224,Jayrone Elliott,0,0,0.0,0,0,0,0,0,1,0.0,0.0,0.0%,LB,2019
224,225,Landon Collins,6,5,0.0,0,0,0,0,0,1,0.0,0.0,0.0%,LB,2019
225,226,Carl Nassib,3,1,1.0,0,0,0,0,0,1,0.0,0.0,0.0%,LB,2019
226,227,Darron Lee,0,0,0.0,0,0,0,0,0,1,0.0,0.0,0.0%,LB,2019
227,228,Kentrell Brothers,0,0,0.0,0,0,0,0,0,1,0.0,0.0,0.0%,LB,2019
228,229,Tyler Matakevich,0,0,0.0,0,0,0,0,0,1,0.0,0.0,0.0%,LB,2019
229,230,Joey Bosa,7,0,2.0,0,0,0,0,0,1,0.0,0.0,16.7%,LB,2019
230,231,Patrick Scales,0,0,0.0,0,0,0,0,0,1,0.0,0.0,0.0%,LB,2019
231,232,Tyler Ott,0,0,0.0,0,0,0,0,0,1,0.0,0.0,0.0%,LB,2019
232,233,Nick Sundberg,0,0,0.0,0,0,0,0,0,1,0.0,0.0,0.0%,LB,2019
233,234,Don Muhlbach,0,0,0.0,0,0,0,0,0,1,0.0,0.0,0.0%,LB,2019
234,235,Jake McQuaide,0,0,0.0,0,0,0,0,0,1,0.0,0.0,0.0%,LB,2019
235,236,Rick Lovato,0,0,0.0,0,0,0,0,0,1,0.0,0.0,0.0%,LB,2019
236,237,Josh Harris,0,0,0.0,0,0,0,0,0,1,0.0,0.0,0.0%,LB,2019
237,238,JJ Jansen,0,0,0.0,0,0,0,0,0,1,0.0,0.0,0.0%,LB,2019
238,239,B.J. Goodson,0,0,0.0,0,0,0,0,0,1,0.0,0.0,0.1%,LB,2019
239,240,Nick Kwiatkoski,0,0,0.0,0,0,0,0,0,1,0.0,0.0,0.0%,LB,2019
240,241,Aaron Brewer,0,0,0.0,0,0,0,0,0,1,0.0,0.0,0.0%,LB,2019
241,242,Alex Singleton,0,0,0.0,0,0,0,0,0,1,0.0,0.0,61.3%,LB,2019
242,243,Jon Weeks,0,0,0.0,0,0,0,0,0,1,0.0,0.0,0.0%,LB,2019
243,244,Casey Kreiter,0,0,0.0,0,0,0,0,0,1,0.0,0.0,0.0%,LB,2019
244,245,Joe Cardona,0,0,0.0,0,0,0,0,0,1,0.0,0.0,0.0%,LB,2019
245,246,Charley Hughlett,0,0,0.0,0,0,0,0,0,1,0.0,0.0,0.0%,LB,2019
