,Rank,Player,Pass Completions,Pass Attempts,Pass Completion/Attempts,Passing Yards,Passsing Yards/Attempt,Passing Touchdowns,Interception,Sacks,Rushing Attempts,Rushing Yards,Rushing Touchdown,Fumbles,Games Played,Fantasy Football Points,FTPS/Game,ROST,Position,Year
0,1,Russell Wilson,32,50,64.0,406,8.1,2,0,0,7,51,2,0,1,41.3,41.3,30.7%,QB,2019
1,2,Daniel Jones,23,36,63.9,336,9.3,2,0,5,4,28,2,2,1,34.2,34.2,10.7%,QB,2019
2,3,Patrick Mahomes,27,37,73.0,374,10.1,3,0,1,4,9,0,0,1,27.9,27.9,99.4%,QB,2019
3,4,Jameis Winston,23,37,62.2,380,10.3,3,1,4,4,3,0,0,1,26.5,26.5,0.7%,QB,2019
4,5,Deshaun Watson,25,34,73.5,351,10.3,3,0,2,7,18,0,1,1,25.8,25.8,29.7%,QB,2019
5,6,Kyle Allen,19,26,73.1,261,10.0,4,0,2,3,-1,0,1,1,24.3,24.3,0.0%,QB,2019
6,7,Matt Ryan,29,34,85.3,304,8.9,3,1,0,2,3,0,0,1,23.5,23.5,0.1%,QB,2019
7,8,Dak Prescott,19,32,59.4,246,7.7,2,1,1,2,7,1,0,1,23.5,23.5,96.4%,QB,2019
8,9,Carson Wentz,19,36,52.8,259,7.2,2,0,3,4,33,0,0,1,21.7,21.7,0.7%,QB,2019
9,10,Lamar Jackson,22,43,51.2,267,6.2,0,0,3,8,46,1,0,1,21.3,21.3,99.3%,QB,2019
10,11,Jacoby Brissett,28,37,75.7,310,8.4,2,0,1,3,4,0,0,1,20.8,20.8,1.3%,QB,2019
11,12,Mitchell Trubisky,25,31,80.6,231,7.5,3,1,3,1,2,0,0,1,20.4,20.4,1.1%,QB,2019
12,13,Tom Brady,28,42,66.7,306,7.3,2,0,0,2,-1,0,0,1,20.1,20.1,2.7%,QB,2019
13,14,Kyler Murray,30,43,69.8,173,4.0,2,2,8,8,69,0,0,1,19.8,19.8,78.8%,QB,2019
14,15,Philip Rivers,31,46,67.4,318,6.9,2,0,5,2,9,0,1,1,19.6,19.6,20.6%,QB,2019
15,16,Josh Allen,23,36,63.9,243,6.8,1,1,1,9,46,0,0,1,19.3,19.3,99.9%,QB,2019
16,17,Andy Dalton,20,36,55.6,250,6.9,1,2,2,1,1,1,0,1,18.1,18.1,0.1%,QB,2019
17,18,Gardner Minshew,20,30,66.7,204,6.8,2,0,0,4,18,0,0,1,18.0,18.0,16.8%,QB,2019
18,19,Derek Carr,27,34,79.4,242,7.1,2,1,4,1,0,0,0,1,16.7,16.7,25.1%,QB,2019
19,20,Teddy Bridgewater,19,27,70.4,177,6.6,2,0,0,3,12,0,0,1,16.3,16.3,0.1%,QB,2019
20,21,Jared Goff,24,38,63.2,268,7.1,2,2,2,4,14,0,1,1,16.1,16.1,70.8%,QB,2019
21,22,Marcus Mariota,23,40,57.5,304,7.6,0,0,9,6,34,0,0,1,15.6,15.6,3.2%,QB,2019
22,23,Mason Rudolph,14,27,51.9,174,6.4,2,1,2,4,15,0,0,1,15.5,15.5,1.6%,QB,2019
23,24,Case Keenum,30,43,69.8,332,7.7,2,3,4,2,3,0,2,1,14.6,14.6,0.6%,QB,2019
24,25,Aaron Rodgers,17,29,58.6,227,7.8,1,0,0,1,-1,0,0,1,13.0,13.0,50.0%,QB,2019
25,26,Kirk Cousins,15,21,71.4,174,8.3,1,0,0,4,16,0,0,1,12.6,12.6,38.6%,QB,2019
26,27,Matthew Stafford,18,32,56.3,201,6.3,1,0,0,3,1,0,0,1,12.1,12.1,57.0%,QB,2019
27,28,Jimmy Garoppolo,23,32,71.9,277,8.7,1,2,1,6,3,0,1,1,11.4,11.4,1.7%,QB,2019
28,29,Baker Mayfield,18,36,50.0,195,5.4,1,1,3,1,-1,0,0,1,10.7,10.7,43.8%,QB,2019
29,30,Josh Rosen,18,39,46.2,200,5.1,0,0,3,3,13,0,0,1,9.3,9.3,0.0%,QB,2019
30,31,Joe Flacco,20,29,69.0,213,7.3,0,1,6,2,5,0,1,1,6.0,6.0,17.3%,QB,2019
31,32,Luke Falk,12,22,54.5,98,4.5,0,1,5,0,0,0,0,1,2.9,2.9,0.1%,QB,2019
32,33,Ryan Fitzpatrick,2,2,100.0,29,14.5,0,0,0,0,0,0,0,1,1.2,1.2,0.0%,QB,2019
33,34,Taysom Hill,0,0,0.0,0,0.0,0,0,0,1,5,0,0,1,1.0,1.0,36.5%,QB,2019
34,35,Tyrod Taylor,0,0,0.0,0,0.0,0,0,0,0,0,0,0,1,0.0,0.0,2.7%,QB,2019
35,36,Sean Mannion,0,0,0.0,0,0.0,0,0,0,2,-2,0,0,1,-0.2,-0.2,0.0%,QB,2019
36,37,Jarrett Stidham,2,3,66.7,14,4.7,0,1,1,0,0,0,0,1,-0.4,-0.4,2.7%,QB,2019
