,Rank,Player,Rushing Attempts,Rushing Yards,Rushing Yards/Attempts,Longest Rushing,Rushing 20+,Rushing Touchdown,Recptions,TGT,Receiving Yards,Receiving Yards/Reception,Receiving Touchdowns,Fumbles,Games Played,Fantasy Football Points,FTPS/Game,ROST,Position,Year
0,1,James White,14,79,5.6,32,1,0,8,11,98,12.3,2,0,1,29.7,29.7,0.1%,RB,2019
1,2,Derrius Guice,10,129,12.9,60,2,2,2,2,8,4.0,0,0,1,25.7,25.7,1.1%,RB,2019
2,3,Rashaad Penny,15,74,4.9,13,0,1,4,5,33,8.3,1,0,1,22.7,22.7,4.1%,RB,2019
3,4,Raheem Mostert,19,146,7.7,40,1,1,2,2,8,4.0,0,0,1,21.4,21.4,91.6%,RB,2019
4,5,Derrick Henry,26,149,5.7,34,1,1,3,3,17,5.7,0,1,1,20.6,20.6,99.4%,RB,2019
5,6,Peyton Barber,17,44,2.6,15,0,2,0,0,0,0.0,0,0,1,18.4,18.4,1.0%,RB,2019
6,7,Todd Gurley,19,95,5.0,11,0,1,1,1,20,20.0,0,0,1,17.5,17.5,0.1%,RB,2019
7,8,Chris Carson,23,102,4.4,25,1,1,1,2,7,7.0,0,0,1,16.9,16.9,0.3%,RB,2019
8,9,Miles Sanders,17,83,4.9,13,0,0,5,5,22,4.4,1,0,1,16.5,16.5,23.0%,RB,2019
9,10,Devin Singletary,14,63,4.5,26,1,0,3,4,38,12.7,1,0,1,16.1,16.1,83.9%,RB,2019
10,11,Adrian Peterson,13,99,7.6,22,2,1,0,1,0,0.0,0,0,1,15.9,15.9,2.4%,RB,2019
11,12,Duke Johnson,9,36,4.0,13,0,0,5,6,54,10.8,1,0,1,15.0,15.0,0.0%,RB,2019
12,13,David Montgomery,16,75,4.7,14,0,0,2,2,12,6.0,1,0,1,14.7,14.7,93.3%,RB,2019
13,14,Ezekiel Elliott,12,71,5.9,30,1,0,7,10,66,9.4,0,0,1,13.7,13.7,79.1%,RB,2019
14,15,Joe Mixon,19,44,2.3,9,0,1,4,4,26,6.5,0,0,1,13.0,13.0,99.1%,RB,2019
15,16,Patrick Laird,10,5,0.5,4,0,1,4,5,43,10.8,0,0,1,12.8,12.8,0.0%,RB,2019
16,17,Austin Ekeler,9,16,1.8,8,0,0,4,5,51,12.8,1,0,1,12.7,12.7,93.2%,RB,2019
17,18,Benny Snell,16,63,3.9,14,0,1,1,1,4,4.0,0,0,1,12.7,12.7,0.0%,RB,2019
18,19,Kareem Hunt,7,46,6.6,16,0,0,5,5,19,3.8,1,0,1,12.5,12.5,27.3%,RB,2019
19,20,Saquon Barkley,19,83,4.4,16,0,0,3,7,32,10.7,0,0,1,11.5,11.5,100.0%,RB,2019
20,21,Melvin Gordon,20,99,5.0,19,0,0,2,3,11,5.5,0,0,1,11.0,11.0,0.0%,RB,2019
21,22,Josh Jacobs,17,104,6.1,35,1,0,0,0,0,0.0,0,0,1,10.4,10.4,97.3%,RB,2019
22,23,Darwin Thompson,11,44,4.0,9,0,1,0,0,0,0.0,0,0,1,10.4,10.4,0.0%,RB,2019
23,24,Dalvin Cook,9,29,3.2,9,0,1,3,4,35,11.7,0,1,1,10.4,10.4,9.4%,RB,2019
24,25,Christian McCaffrey,14,44,3.1,12,0,0,7,12,58,8.3,0,0,1,10.2,10.2,100.0%,RB,2019
25,26,Nyheim Hines,4,22,5.5,14,0,1,2,2,18,9.0,0,0,1,10.0,10.0,0.5%,RB,2019
26,27,Leonard Fournette,14,38,2.7,10,0,0,9,11,53,5.9,0,0,1,9.1,9.1,2.1%,RB,2019
27,28,LeSean McCoy,5,10,2.0,6,0,1,3,3,20,6.7,0,0,1,9.0,9.0,2.0%,RB,2019
28,29,Alvin Kamara,11,61,5.5,24,1,0,4,8,23,5.8,0,0,1,8.4,8.4,98.2%,RB,2019
29,30,Bo Scarbrough,21,83,4.0,15,0,0,0,0,0,0.0,0,0,1,8.3,8.3,0.0%,RB,2019
30,31,Nick Chubb,16,58,3.6,12,0,0,1,2,21,21.0,0,0,1,7.9,7.9,55.7%,RB,2019
31,32,Darrel Williams,6,13,2.2,15,0,0,1,2,3,3.0,1,0,1,7.6,7.6,0.0%,RB,2019
32,33,Alexander Mattison,4,22,5.5,15,0,0,4,5,51,12.8,0,0,1,7.3,7.3,41.4%,RB,2019
33,34,Jamaal Williams,10,41,4.1,9,0,0,4,4,26,6.5,0,0,1,6.7,6.7,10.3%,RB,2019
34,35,Le'Veon Bell,10,32,3.2,7,0,0,4,5,35,8.8,0,0,1,6.7,6.7,0.2%,RB,2019
35,36,Devonta Freeman,17,51,3.0,6,0,0,4,5,13,3.3,0,0,1,6.4,6.4,0.0%,RB,2019
36,37,Phillip Lindsay,17,58,3.4,15,0,0,3,3,4,1.3,0,0,1,6.2,6.2,0.0%,RB,2019
37,38,Mark Ingram,15,59,3.9,10,0,0,2,2,3,1.5,0,0,1,6.2,6.2,0.1%,RB,2019
38,39,Jordan Wilkins,11,47,4.3,15,0,0,2,3,9,4.5,0,0,1,5.6,5.6,0.0%,RB,2019
39,40,Jaylen Samuels,7,32,4.6,8,0,0,2,2,22,11.0,0,0,1,5.4,5.4,0.0%,RB,2019
40,41,Kenyan Drake,13,31,2.4,9,0,0,2,5,20,10.0,0,0,1,5.1,5.1,0.0%,RB,2019
41,42,DeAndre Washington,2,5,2.5,5,0,0,3,3,44,14.7,0,0,1,4.9,4.9,11.0%,RB,2019
42,43,Sony Michel,10,45,4.5,17,0,0,0,0,0,0.0,0,0,1,4.5,4.5,0.0%,RB,2019
43,44,Brian Hill,4,13,3.3,8,0,0,3,3,24,8.0,0,0,1,3.7,3.7,0.0%,RB,2019
44,45,Tarik Cohen,3,9,3.0,5,0,0,4,4,26,6.5,0,0,1,3.5,3.5,0.0%,RB,2019
45,46,Aaron Jones,11,18,1.6,9,0,0,4,6,13,3.3,0,0,1,3.1,3.1,93.5%,RB,2019
46,47,Malcolm Brown,6,30,5.0,12,0,0,0,1,0,0.0,0,0,1,3.0,3.0,0.0%,RB,2019
47,48,Ty Johnson,3,12,4.0,5,0,0,3,3,17,5.7,0,0,1,2.9,2.9,0.6%,RB,2019
48,49,Chris Thompson,3,14,4.7,9,0,0,1,2,15,15.0,0,0,1,2.9,2.9,0.0%,RB,2019
49,50,Travis Homer,1,29,29.0,29,1,0,0,0,0,0.0,0,0,1,2.9,2.9,0.1%,RB,2019
50,51,Myles Gaskin,2,20,10.0,11,0,0,1,1,6,6.0,0,0,1,2.6,2.6,0.1%,RB,2019
51,52,Frank Gore,9,11,1.2,5,0,0,1,1,14,14.0,0,0,1,2.5,2.5,12.1%,RB,2019
52,53,Jonathan Williams,8,14,1.8,10,0,0,1,1,11,11.0,0,0,1,2.5,2.5,0.0%,RB,2019
53,54,David Johnson,4,15,3.8,9,0,0,2,2,9,4.5,0,0,1,2.4,2.4,0.0%,RB,2019
54,55,J.D. McKissic,2,9,4.5,9,0,0,3,3,15,5.0,0,0,1,2.4,2.4,0.0%,RB,2019
55,56,Royce Freeman,5,11,2.2,5,0,0,4,4,13,3.3,0,0,1,2.4,2.4,3.2%,RB,2019
56,57,Carlos Hyde,10,17,1.7,4,0,0,1,1,5,5.0,0,0,1,2.2,2.2,0.0%,RB,2019
57,58,C.J. Ham,0,0,0.0,0,0,0,2,2,42,21.0,0,1,1,2.2,2.2,0.1%,RB,2019
58,59,Gus Edwards,6,15,2.5,4,0,0,1,1,7,7.0,0,0,1,2.2,2.2,80.8%,RB,2019
59,60,Bilal Powell,4,14,3.5,6,0,0,2,2,4,2.0,0,0,1,1.8,1.8,0.0%,RB,2019
60,61,Alec Ingold,1,4,4.0,4,0,0,2,2,13,6.5,0,0,1,1.7,1.7,0.2%,RB,2019
61,62,Darrell Henderson,4,17,4.3,13,0,0,0,0,0,0.0,0,0,1,1.7,1.7,2.6%,RB,2019
62,63,Rex Burkhead,3,15,5.0,10,0,0,0,1,0,0.0,0,0,1,1.5,1.5,10.0%,RB,2019
63,64,Tevin Coleman,5,6,1.2,2,0,0,1,1,9,9.0,0,0,1,1.5,1.5,0.0%,RB,2019
64,65,Giovani Bernard,1,4,4.0,4,0,0,1,2,8,8.0,0,0,1,1.2,1.2,0.0%,RB,2019
65,66,Dare Ogunbowale,1,0,0.0,0,0,0,2,2,12,6.0,0,0,1,1.2,1.2,0.3%,RB,2019
66,67,Kerrith Whyte,3,10,3.3,5,0,0,0,0,0,0.0,0,0,1,1.0,1.0,0.0%,RB,2019
67,68,Dion Lewis,0,0,0.0,0,0,0,1,1,9,9.0,0,0,1,0.9,0.9,2.0%,RB,2019
68,69,Jay Ajayi,2,9,4.5,8,0,0,0,0,0,0.0,0,0,1,0.9,0.9,7.0%,RB,2019
69,70,Ty Montgomery,1,7,7.0,7,0,0,1,1,1,1.0,0,0,1,0.8,0.8,0.0%,RB,2019
70,71,Jalen Richard,1,2,2.0,2,0,0,1,2,6,6.0,0,0,1,0.8,0.8,1.0%,RB,2019
71,72,Ronald Jones,6,8,1.3,5,0,0,0,0,0,0.0,0,0,1,0.8,0.8,0.0%,RB,2019
72,73,Jeff Wilson,0,0,0.0,0,0,0,1,1,7,7.0,0,0,1,0.7,0.7,6.8%,RB,2019
73,74,Tony Pollard,3,7,2.3,4,0,0,0,1,0,0.0,0,0,1,0.7,0.7,93.4%,RB,2019
74,75,Anthony Sherman,1,0,0.0,0,0,0,1,1,7,7.0,0,0,1,0.7,0.7,0.0%,RB,2019
75,76,Kenjon Barner,0,0,0.0,0,0,0,2,2,6,3.0,0,0,1,0.6,0.6,0.0%,RB,2019
76,77,Keith Smith,2,4,2.0,3,0,0,0,1,0,0.0,0,0,1,0.4,0.4,0.0%,RB,2019
77,78,Javorius Allen,1,4,4.0,4,0,0,0,0,0,0.0,0,0,1,0.4,0.4,0.1%,RB,2019
78,79,Justice Hill,1,3,3.0,3,0,0,0,0,0,0.0,0,0,1,0.3,0.3,10.1%,RB,2019
79,80,Elijhaa Penny,2,2,1.0,2,0,0,0,1,0,0.0,0,0,1,0.2,0.2,0.0%,RB,2019
80,81,T.J. Logan,1,2,2.0,2,0,0,0,0,0,0.0,0,0,1,0.2,0.2,0.0%,RB,2019
81,82,Alex Armah,1,2,2.0,2,0,0,0,0,0,0.0,0,0,1,0.2,0.2,0.0%,RB,2019
82,83,Latavius Murray,4,2,0.5,1,0,0,0,0,0,0.0,0,0,1,0.2,0.2,7.6%,RB,2019
83,84,Patrick Ricard,0,0,0.0,0,0,0,1,2,2,2.0,0,0,1,0.2,0.2,0.1%,RB,2019
84,85,Khari Blasingame,0,0,0.0,0,0,0,0,0,0,0.0,0,0,1,0.0,0.0,0.1%,RB,2019
85,86,Andrew Beck,0,0,0.0,0,0,0,1,1,11,11.0,0,0,1,0.0,0.0,0.1%,RB,2019
86,87,Cullen Gillaspia,0,0,0.0,0,0,0,0,0,0,0.0,0,0,1,0.0,0.0,0.0%,RB,2019
87,88,Chandler Cox,0,0,0.0,0,0,0,0,0,0,0.0,0,0,1,0.0,0.0,0.0%,RB,2019
88,89,D'Ernest Johnson,0,0,0.0,0,0,0,0,0,0,0.0,0,0,1,0.0,0.0,2.7%,RB,2019
89,90,Devine Ozigbo,0,0,0.0,0,0,0,0,0,0,0.0,0,0,1,0.0,0.0,0.0%,RB,2019
90,91,Taiwan Jones,0,0,0.0,0,0,0,0,0,0,0.0,0,0,1,0.0,0.0,0.0%,RB,2019
91,92,Kyle Juszczyk,0,0,0.0,0,0,0,0,0,0,0.0,0,0,1,0.0,0.0,0.9%,RB,2019
92,93,Patrick DiMarco,0,0,0.0,0,0,0,0,0,0,0.0,0,0,1,0.0,0.0,0.0%,RB,2019
93,94,Jamize Olawale,0,0,0.0,0,0,0,0,0,0,0.0,0,0,1,0.0,0.0,0.0%,RB,2019
94,95,Brandon Bolden,0,0,0.0,0,0,0,0,0,0,0.0,0,0,1,0.0,0.0,0.0%,RB,2019
95,96,Cordarrelle Patterson,0,0,0.0,0,0,0,0,0,0,0.0,0,0,1,0.0,0.0,1.4%,RB,2019
96,97,Trey Edmunds,0,0,0.0,0,0,0,0,0,0,0.0,0,0,1,0.0,0.0,0.0%,RB,2019
97,98,J.P. Holtz,0,0,0.0,0,0,0,0,0,0,0.0,0,0,1,0.0,0.0,0.0%,RB,2019
98,99,Brandin Bryant,0,0,0.0,0,0,0,0,0,0,0.0,0,0,1,0.0,0.0,0.0%,RB,2019
99,100,Kalen Ballage,3,0,0.0,1,0,0,0,1,0,0.0,0,0,1,0.0,0.0,0.0%,RB,2019
100,101,De'Lance Turner,0,0,0.0,0,0,0,0,0,0,0.0,0,0,1,0.0,0.0,0.1%,RB,2019
101,102,Dontrell Hilliard,0,0,0.0,0,0,0,0,0,0,0.0,0,0,1,0.0,0.0,0.0%,RB,2019
102,103,Trayveon Williams,0,0,0.0,0,0,0,0,0,0,0.0,0,0,1,0.0,0.0,0.3%,RB,2019
103,104,Ryquell Armstead,0,0,0.0,0,0,0,0,1,0,0.0,0,0,1,0.0,0.0,0.2%,RB,2019
104,105,Qadree Ollison,0,0,0.0,0,0,0,0,0,0,0.0,0,0,1,0.0,0.0,0.0%,RB,2019
105,106,Buddy Howell,0,0,0.0,0,0,0,0,0,0,0.0,0,0,1,0.0,0.0,0.0%,RB,2019
106,107,Boston Scott,0,0,0.0,0,0,0,0,0,0,0.0,0,0,1,0.0,0.0,0.1%,RB,2019
107,108,Chase Edmonds,0,0,0.0,0,0,0,0,0,0,0.0,0,0,1,0.0,0.0,0.8%,RB,2019
108,109,Reggie Bonnafon,0,0,0.0,0,0,0,0,0,0,0.0,0,0,1,0.0,0.0,0.0%,RB,2019
109,110,Mike Boone,0,0,0.0,0,0,0,0,0,0,0.0,0,0,1,0.0,0.0,0.0%,RB,2019
110,111,Ryan Nall,0,0,0.0,0,0,0,0,0,0,0.0,0,0,1,0.0,0.0,0.0%,RB,2019
111,112,Senorise Perry,0,0,0.0,0,0,0,0,0,0,0.0,0,0,1,0.0,0.0,0.0%,RB,2019
112,113,Ameer Abdullah,0,0,0.0,0,0,0,0,0,0,0.0,0,0,1,0.0,0.0,0.7%,RB,2019
113,114,Devontae Booker,0,0,0.0,0,0,0,0,0,0,0.0,0,0,1,0.0,0.0,0.0%,RB,2019
114,115,Danny Vitale,0,0,0.0,0,0,0,0,1,0,0.0,0,0,1,0.0,0.0,0.0%,RB,2019
115,116,Dwayne Washington,0,0,0.0,0,0,0,0,0,0,0.0,0,0,1,0.0,0.0,0.0%,RB,2019
116,117,Derek Watt,0,0,0.0,0,0,0,0,0,0,0.0,0,0,1,0.0,0.0,0.0%,RB,2019
117,118,Mike Davis,0,0,0.0,0,0,0,0,0,0,0.0,0,0,1,0.0,0.0,1.0%,RB,2019
118,119,Michael Burton,0,0,0.0,0,0,0,0,0,0,0.0,0,0,1,0.0,0.0,0.1%,RB,2019
119,120,Troymaine Pope,0,0,0.0,0,0,0,0,0,0,0.0,0,1,1,-2.0,-2.0,0.0%,RB,2019
