,Rank,Player,Rushing Attempts,Rushing Yards,Rushing Yards/Attempts,Longest Rushing,Rushing 20+,Rushing Touchdown,Recptions,TGT,Receiving Yards,Receiving Yards/Reception,Receiving Touchdowns,Fumbles,Games Played,Fantasy Football Points,FTPS/Game,ROST,Position,Year
0,1,Dalvin Cook,20,154,7.7,75,1,1,3,3,37,12.3,0,0,1,25.1,25.1,9.4%,RB,2019
1,2,Raheem Mostert,13,83,6.4,20,1,0,3,4,68,22.7,1,0,1,21.1,21.1,91.6%,RB,2019
2,3,Aaron Jones,23,116,5.0,15,0,1,4,6,34,8.5,0,0,1,21.0,21.0,93.5%,RB,2019
3,4,Saquon Barkley,18,107,5.9,27,1,1,3,7,28,9.3,0,0,1,19.5,19.5,100.0%,RB,2019
4,5,Ezekiel Elliott,23,111,4.8,27,1,1,2,2,9,4.5,0,0,1,18.0,18.0,79.1%,RB,2019
5,6,Austin Ekeler,17,66,3.9,12,0,1,6,6,67,11.2,0,1,1,17.3,17.3,93.2%,RB,2019
6,7,Nick Chubb,18,62,3.4,19,0,1,4,4,36,9.0,0,0,1,15.8,15.8,55.7%,RB,2019
7,8,Jeff Wilson,10,34,3.4,14,0,2,0,0,0,0.0,0,0,1,15.4,15.4,6.8%,RB,2019
8,9,Derrick Henry,15,82,5.5,18,0,1,2,3,12,6.0,0,0,1,15.4,15.4,99.4%,RB,2019
9,10,Peyton Barber,23,82,3.6,16,0,1,1,1,7,7.0,0,0,1,14.9,14.9,1.0%,RB,2019
10,11,Kerryon Johnson,12,41,3.4,9,0,0,2,3,47,23.5,1,0,1,14.8,14.8,0.0%,RB,2019
11,12,Frank Gore,19,68,3.6,9,0,1,2,2,15,7.5,0,0,1,14.3,14.3,12.1%,RB,2019
12,13,Matt Breida,12,121,10.1,34,1,0,1,1,11,11.0,0,0,1,13.2,13.2,1.1%,RB,2019
13,14,David Montgomery,18,62,3.4,12,0,1,1,3,6,6.0,0,0,1,12.8,12.8,93.3%,RB,2019
14,15,Todd Gurley,16,63,3.9,20,1,1,3,4,4,1.3,0,0,1,12.7,12.7,0.1%,RB,2019
15,16,Rashaad Penny,10,62,6.2,37,1,1,1,1,3,3.0,0,0,1,12.5,12.5,4.1%,RB,2019
16,17,Sony Michel,21,83,4.0,12,0,1,0,0,0,0.0,0,1,1,12.3,12.3,0.0%,RB,2019
17,18,Devin Singletary,6,57,9.5,20,1,1,0,0,0,0.0,0,0,1,11.7,11.7,83.9%,RB,2019
18,19,Le'Veon Bell,21,68,3.2,8,0,0,10,10,61,6.1,0,1,1,10.9,10.9,0.2%,RB,2019
19,20,James Conner,11,33,3.0,14,0,1,3,4,12,4.0,0,0,1,10.5,10.5,91.7%,RB,2019
20,21,Royce Freeman,11,54,4.9,14,0,0,5,7,48,9.6,0,0,1,10.2,10.2,3.2%,RB,2019
21,22,Jamaal Williams,9,28,3.1,10,0,0,3,4,13,4.3,1,0,1,10.1,10.1,10.3%,RB,2019
22,23,Josh Jacobs,12,99,8.3,51,1,0,0,0,0,0.0,0,0,1,9.9,9.9,97.3%,RB,2019
23,24,Adrian Peterson,10,25,2.5,10,0,1,2,2,7,3.5,0,0,1,9.2,9.2,2.4%,RB,2019
24,25,Carlos Hyde,20,90,4.5,14,0,0,0,0,0,0.0,0,0,1,9.0,9.0,0.0%,RB,2019
25,26,James White,3,10,3.3,5,0,0,3,4,19,6.3,1,0,1,8.9,8.9,0.1%,RB,2019
26,27,Leonard Fournette,15,47,3.1,14,0,0,4,6,40,10.0,0,0,1,8.7,8.7,2.1%,RB,2019
27,28,Jordan Wilkins,5,82,16.4,55,1,0,1,1,4,4.0,0,0,1,8.6,8.6,0.0%,RB,2019
28,29,Mark Ingram,13,47,3.6,16,0,0,2,2,30,15.0,0,0,1,7.7,7.7,0.1%,RB,2019
29,30,David Johnson,7,14,2.0,4,0,1,1,1,0,0.0,0,0,1,7.4,7.4,0.0%,RB,2019
30,31,Rex Burkhead,5,21,4.2,12,0,0,2,2,47,23.5,0,0,1,6.8,6.8,10.0%,RB,2019
31,32,Chris Carson,15,60,4.0,21,1,0,3,3,27,9.0,0,1,1,6.7,6.7,0.3%,RB,2019
32,33,Phillip Lindsay,13,36,2.8,9,0,0,4,7,30,7.5,0,0,1,6.6,6.6,0.0%,RB,2019
33,34,Devonta Freeman,11,22,2.0,9,0,0,3,4,42,14.0,0,0,1,6.4,6.4,0.0%,RB,2019
34,35,Justin Jackson,7,59,8.4,40,1,0,1,1,5,5.0,0,0,1,6.4,6.4,0.0%,RB,2019
35,36,Marlon Mack,20,51,2.6,10,0,0,2,3,12,6.0,0,0,1,6.3,6.3,0.0%,RB,2019
36,37,Alvin Kamara,13,45,3.5,12,0,0,1,3,15,15.0,0,0,1,6.0,6.0,98.2%,RB,2019
37,38,Damien Williams,9,8,0.9,5,0,0,3,5,48,16.0,0,0,1,5.6,5.6,0.0%,RB,2019
38,39,Christian McCaffrey,16,37,2.3,10,0,0,2,6,16,8.0,0,0,1,5.3,5.3,100.0%,RB,2019
39,40,Chris Thompson,2,3,1.5,2,0,0,5,8,48,9.6,0,0,1,5.1,5.1,0.0%,RB,2019
40,41,D'Ernest Johnson,3,8,2.7,6,0,0,3,4,42,14.0,0,0,1,5.0,5.0,2.7%,RB,2019
41,42,Kenyan Drake,6,19,3.2,9,0,0,5,6,29,5.8,0,0,1,4.8,4.8,0.0%,RB,2019
42,43,Malcolm Brown,6,37,6.2,13,0,0,1,1,10,10.0,0,0,1,4.7,4.7,0.0%,RB,2019
43,44,Ito Smith,4,32,8.0,28,1,0,2,3,13,6.5,0,0,1,4.5,4.5,0.0%,RB,2019
44,45,Ty Montgomery,3,25,8.3,15,0,0,3,3,15,5.0,0,0,1,4.0,4.0,0.0%,RB,2019
45,46,Miles Sanders,10,28,2.8,5,0,0,3,4,9,3.0,0,0,1,3.7,3.7,23.0%,RB,2019
46,47,Ty Johnson,5,30,6.0,17,0,0,2,2,6,3.0,0,0,1,3.6,3.6,0.6%,RB,2019
47,48,DeAndre Washington,3,9,3.0,4,0,0,2,2,26,13.0,0,0,1,3.5,3.5,11.0%,RB,2019
48,49,Duke Johnson,6,31,5.2,19,0,0,0,1,0,0.0,0,0,1,3.1,3.1,0.0%,RB,2019
49,50,Jaylen Samuels,3,18,6.0,7,0,0,1,1,13,13.0,0,0,1,3.1,3.1,0.0%,RB,2019
50,51,Mark Walton,3,15,5.0,6,0,0,1,2,12,12.0,0,0,1,2.7,2.7,2.0%,RB,2019
51,52,Joe Mixon,11,17,1.5,9,0,0,3,5,10,3.3,0,0,1,2.7,2.7,99.1%,RB,2019
52,53,Jordan Howard,8,18,2.3,5,0,0,1,1,8,8.0,0,0,1,2.6,2.6,0.0%,RB,2019
53,54,Alexander Mattison,4,25,6.3,14,0,0,0,0,0,0.0,0,0,1,2.5,2.5,41.4%,RB,2019
54,55,Tony Pollard,4,22,5.5,10,0,0,1,1,3,3.0,0,0,1,2.5,2.5,93.4%,RB,2019
55,56,Tarik Cohen,4,18,4.5,9,0,0,2,5,7,3.5,0,0,1,2.5,2.5,0.0%,RB,2019
56,57,LeSean McCoy,11,23,2.1,6,0,0,3,3,0,0.0,0,0,1,2.3,2.3,2.0%,RB,2019
57,58,Benny Snell,1,23,23.0,23,1,0,0,0,0,0.0,0,0,1,2.3,2.3,0.0%,RB,2019
58,59,Latavius Murray,5,7,1.4,4,0,0,1,1,16,16.0,0,0,1,2.3,2.3,7.6%,RB,2019
59,60,C.J. Prosise,2,7,3.5,5,0,0,3,3,13,4.3,0,0,1,2.0,2.0,0.0%,RB,2019
60,61,Chase Edmonds,1,2,2.0,2,0,0,2,2,15,7.5,0,0,1,1.7,1.7,0.8%,RB,2019
61,62,Justice Hill,1,4,4.0,4,0,0,1,2,10,10.0,0,0,1,1.4,1.4,10.1%,RB,2019
62,63,Nyheim Hines,2,9,4.5,5,0,0,1,2,5,5.0,0,0,1,1.4,1.4,0.5%,RB,2019
63,64,Dion Lewis,3,9,3.0,4,0,0,1,1,5,5.0,0,0,1,1.4,1.4,2.0%,RB,2019
64,65,Giovani Bernard,6,6,1.0,5,0,0,1,3,7,7.0,0,0,1,1.3,1.3,0.0%,RB,2019
65,66,Wendell Smallwood,1,4,4.0,4,0,0,2,2,9,4.5,0,0,1,1.3,1.3,0.0%,RB,2019
66,67,Kalen Ballage,4,6,1.5,3,0,0,1,5,6,6.0,0,0,1,1.2,1.2,0.0%,RB,2019
67,68,Kyle Juszczyk,1,6,6.0,6,0,0,1,2,5,5.0,0,0,1,1.1,1.1,0.9%,RB,2019
68,69,Gus Edwards,3,11,3.7,4,0,0,0,0,0,0.0,0,0,1,1.1,1.1,80.8%,RB,2019
69,70,Ronald Jones,4,9,2.3,12,0,0,0,0,0,0.0,0,0,1,0.9,0.9,0.0%,RB,2019
70,71,Dare Ogunbowale,0,0,0.0,0,0,0,1,1,9,9.0,0,0,1,0.9,0.9,0.3%,RB,2019
71,72,C.J. Anderson,5,8,1.6,7,0,0,0,0,0,0.0,0,0,1,0.8,0.8,1.0%,RB,2019
72,73,Darren Sproles,0,0,0.0,0,0,0,2,3,5,2.5,0,0,1,0.5,0.5,0.1%,RB,2019
73,74,Jalen Richard,2,3,1.5,3,0,0,2,3,2,1.0,0,0,1,0.5,0.5,1.0%,RB,2019
74,75,Patrick DiMarco,1,1,1.0,1,0,0,1,1,3,3.0,0,0,1,0.4,0.4,0.0%,RB,2019
75,76,Derek Watt,0,0,0.0,0,0,0,1,2,3,3.0,0,0,1,0.3,0.3,0.0%,RB,2019
76,77,Patrick Ricard,0,0,0.0,0,0,0,1,1,3,3.0,0,0,1,0.3,0.3,0.1%,RB,2019
77,78,James Develin,2,3,1.5,2,0,0,0,0,0,0.0,0,0,1,0.3,0.3,0.0%,RB,2019
78,79,J.D. McKissic,2,2,1.0,4,0,0,0,0,0,0.0,0,0,1,0.2,0.2,0.0%,RB,2019
79,80,Ameer Abdullah,1,2,2.0,2,0,0,0,0,0,0.0,0,0,1,0.2,0.2,0.7%,RB,2019
80,81,Darwin Thompson,1,1,1.0,1,0,0,0,0,0,0.0,0,0,1,0.1,0.1,0.0%,RB,2019
81,82,Mike Davis,3,1,0.3,2,0,0,0,0,0,0.0,0,0,1,0.1,0.1,1.0%,RB,2019
82,83,Andrew Beck,0,0,0.0,0,0,0,0,0,0,0.0,0,0,1,0.0,0.0,0.1%,RB,2019
83,84,Cullen Gillaspia,0,0,0.0,0,0,0,0,0,0,0.0,0,0,1,0.0,0.0,0.0%,RB,2019
84,85,Chandler Cox,0,0,0.0,0,0,0,0,0,0,0.0,0,0,1,0.0,0.0,0.0%,RB,2019
85,86,Nick Bellore,0,0,0.0,0,0,0,0,0,0,0.0,0,0,1,0.0,0.0,7.0%,RB,2019
86,87,Anthony Sherman,0,0,0.0,0,0,0,0,0,0,0.0,0,0,1,0.0,0.0,0.0%,RB,2019
87,88,Kenjon Barner,0,0,0.0,0,0,0,0,0,0,0.0,0,0,1,0.0,0.0,0.0%,RB,2019
88,89,Zach Line,0,0,0.0,0,0,0,0,1,0,0.0,0,0,1,0.0,0.0,0.0%,RB,2019
89,90,Jamize Olawale,0,0,0.0,0,0,0,0,0,0,0.0,0,0,1,0.0,0.0,0.0%,RB,2019
90,91,Cordarrelle Patterson,2,50,25.0,46,1,0,0,0,0,0.0,0,0,1,0.0,0.0,1.4%,RB,2019
91,92,Alex Armah,0,0,0.0,0,0,0,0,0,0,0.0,0,0,1,0.0,0.0,0.0%,RB,2019
92,93,C.J. Ham,0,0,0.0,0,0,0,0,2,0,0.0,0,0,1,0.0,0.0,0.1%,RB,2019
93,94,Elijhaa Penny,0,0,0.0,0,0,0,0,0,0,0.0,0,0,1,0.0,0.0,0.0%,RB,2019
94,95,Cethan Carter,0,0,0.0,0,0,0,0,0,0,0.0,0,0,1,0.0,0.0,0.0%,RB,2019
95,96,T.J. Logan,0,0,0.0,0,0,0,0,0,0,0.0,0,0,1,0.0,0.0,0.0%,RB,2019
96,97,Samaje Perine,0,0,0.0,0,0,0,0,0,0,0.0,0,0,1,0.0,0.0,12.7%,RB,2019
97,98,Wayne Gallman,0,0,0.0,0,0,0,0,1,0,0.0,0,0,1,0.0,0.0,0.0%,RB,2019
98,99,Patrick Laird,0,0,0.0,0,0,0,0,0,0,0.0,0,0,1,0.0,0.0,0.0%,RB,2019
99,100,Travis Homer,0,0,0.0,0,0,0,0,0,0,0.0,0,0,1,0.0,0.0,0.1%,RB,2019
100,101,Alec Ingold,0,0,0.0,0,0,0,0,0,0,0.0,0,0,1,0.0,0.0,0.2%,RB,2019
101,102,Ryquell Armstead,0,0,0.0,0,0,0,0,0,0,0.0,0,0,1,0.0,0.0,0.2%,RB,2019
102,103,Buddy Howell,0,0,0.0,0,0,0,0,0,0,0.0,0,0,1,0.0,0.0,0.0%,RB,2019
103,104,Nick Bawden,0,0,0.0,0,0,0,0,0,0,0.0,0,0,1,0.0,0.0,0.0%,RB,2019
104,105,Trenton Cannon,0,0,0.0,0,0,0,0,0,0,0.0,0,0,1,0.0,0.0,0.0%,RB,2019
105,106,Darrel Williams,0,0,0.0,0,0,0,0,0,0,0.0,0,0,1,0.0,0.0,0.0%,RB,2019
106,107,Reggie Bonnafon,0,0,0.0,0,0,0,0,0,0,0.0,0,0,1,0.0,0.0,0.0%,RB,2019
107,108,Mike Boone,0,0,0.0,0,0,0,0,0,0,0.0,0,0,1,0.0,0.0,0.0%,RB,2019
108,109,Keith Smith,0,0,0.0,0,0,0,0,0,0,0.0,0,0,1,0.0,0.0,0.0%,RB,2019
109,110,Devontae Booker,0,0,0.0,0,0,0,0,0,0,0.0,0,0,1,0.0,0.0,0.0%,RB,2019
110,111,Tyler Ervin,0,0,0.0,0,0,0,0,0,0,0.0,0,0,1,0.0,0.0,0.0%,RB,2019
111,112,T.J. Yeldon,0,0,0.0,0,0,0,0,0,0,0.0,0,0,1,0.0,0.0,0.0%,RB,2019
112,113,Danny Vitale,0,0,0.0,0,0,0,0,0,0,0.0,0,0,1,0.0,0.0,0.0%,RB,2019
113,114,Dwayne Washington,0,0,0.0,0,0,0,0,0,0,0.0,0,0,1,0.0,0.0,0.0%,RB,2019
114,115,D.J. Foster,0,0,0.0,0,0,0,0,0,0,0.0,0,0,1,0.0,0.0,0.0%,RB,2019
115,116,Corey Clement,0,0,0.0,0,0,0,0,0,0,0.0,0,1,1,-2.0,-2.0,0.0%,RB,2019
