,Rank,Player,Rushing Attempts,Rushing Yards,Rushing Yards/Attempts,Longest Rushing,Rushing 20+,Rushing Touchdown,Recptions,TGT,Receiving Yards,Receiving Yards/Reception,Receiving Touchdowns,Fumbles,Games Played,Fantasy Football Points,FTPS/Game,ROST,Position,Year
0,1,Mark Ingram,16,103,6.4,21,1,3,4,4,32,8.0,0,0,1,31.5,31.5,0.1%,RB,2019
1,2,Alvin Kamara,16,69,4.3,16,0,1,9,10,92,10.2,1,0,1,28.1,28.1,98.2%,RB,2019
2,3,Phillip Lindsay,21,81,3.9,9,0,2,4,5,49,12.3,0,0,1,25.0,25.0,0.0%,RB,2019
3,4,Christian McCaffrey,24,153,6.4,76,1,1,3,4,35,11.7,0,0,1,24.8,24.8,100.0%,RB,2019
4,5,Dalvin Cook,16,110,6.9,25,1,1,4,5,33,8.3,0,0,1,20.3,20.3,9.4%,RB,2019
5,6,LeSean McCoy,8,54,6.8,25,1,1,3,3,26,8.7,1,0,1,20.0,20.0,2.0%,RB,2019
6,7,Tony Pollard,13,103,7.9,28,1,1,3,3,25,8.3,0,0,1,18.8,18.8,93.4%,RB,2019
7,8,Joe Mixon,15,60,4.0,14,0,0,2,2,34,17.0,1,0,1,15.4,15.4,99.1%,RB,2019
8,9,Frank Gore,14,76,5.4,22,1,1,2,2,13,6.5,0,0,1,14.9,14.9,12.1%,RB,2019
9,10,Marlon Mack,16,74,4.6,26,1,1,2,3,14,7.0,0,0,1,14.8,14.8,0.0%,RB,2019
10,11,Aaron Jones,10,19,1.9,7,0,2,1,1,4,4.0,0,0,1,14.3,14.3,93.5%,RB,2019
11,12,Ezekiel Elliott,19,125,6.6,18,0,0,2,3,14,7.0,0,0,1,13.9,13.9,79.1%,RB,2019
12,13,Jeff Wilson,8,18,2.3,5,0,2,0,1,0,0.0,0,0,1,13.8,13.8,6.8%,RB,2019
13,14,Nick Chubb,23,96,4.2,13,0,0,4,7,35,8.8,0,0,1,13.1,13.1,55.7%,RB,2019
14,15,Rex Burkhead,11,47,4.3,8,0,1,6,7,22,3.7,0,0,1,12.9,12.9,10.0%,RB,2019
15,16,David Johnson,11,37,3.4,15,0,0,6,9,28,4.7,1,0,1,12.5,12.5,0.0%,RB,2019
16,17,Ronald Jones,14,80,5.7,25,1,0,1,1,41,41.0,0,0,1,12.1,12.1,0.0%,RB,2019
17,18,Alexander Mattison,12,58,4.8,21,1,1,0,0,0,0.0,0,0,1,11.8,11.8,41.4%,RB,2019
18,19,Darrel Williams,9,62,6.9,41,1,0,5,5,47,9.4,0,0,1,10.9,10.9,0.0%,RB,2019
19,20,Chris Thompson,7,29,4.1,11,0,0,4,5,79,19.8,0,0,1,10.8,10.8,0.0%,RB,2019
20,21,Miles Sanders,13,53,4.1,14,0,0,2,4,73,36.5,0,1,1,10.6,10.6,23.0%,RB,2019
21,22,Derrick Henry,17,44,2.6,11,0,1,1,2,2,2.0,0,0,1,10.6,10.6,99.4%,RB,2019
22,23,Kerryon Johnson,20,36,1.8,11,0,1,1,1,7,7.0,0,0,1,10.3,10.3,0.0%,RB,2019
23,24,Jordan Howard,11,37,3.4,11,0,1,0,1,0,0.0,0,0,1,9.7,9.7,0.0%,RB,2019
24,25,Devonta Freeman,16,88,5.5,28,2,0,3,4,7,2.3,0,0,1,9.5,9.5,0.0%,RB,2019
25,26,Leonard Fournette,15,66,4.4,69,1,0,6,8,26,4.3,0,0,1,9.2,9.2,2.1%,RB,2019
26,27,Matt Breida,14,68,4.9,10,0,0,2,3,20,10.0,0,0,1,8.8,8.8,1.1%,RB,2019
27,28,Jamaal Williams,12,55,4.6,12,0,0,2,2,27,13.5,0,0,1,8.2,8.2,10.3%,RB,2019
28,29,David Montgomery,13,67,5.2,25,1,0,3,3,14,4.7,0,0,1,8.1,8.1,93.3%,RB,2019
29,30,Austin Ekeler,9,36,4.0,11,0,0,7,7,45,6.4,0,0,1,8.1,8.1,93.2%,RB,2019
30,31,Carlos Hyde,10,19,1.9,10,0,1,0,0,0,0.0,0,0,1,7.9,7.9,0.0%,RB,2019
31,32,Royce Freeman,15,63,4.2,13,0,0,4,5,10,2.5,0,0,1,7.3,7.3,3.2%,RB,2019
32,33,Sony Michel,9,11,1.2,5,0,1,0,1,0,0.0,0,0,1,7.1,7.1,0.0%,RB,2019
33,34,Gus Edwards,7,53,7.6,15,0,0,2,2,15,7.5,0,0,1,6.8,6.8,80.8%,RB,2019
34,35,Le'Veon Bell,18,35,1.9,8,0,0,4,4,28,7.0,0,0,1,6.3,6.3,0.2%,RB,2019
35,36,Raheem Mostert,12,79,6.6,19,0,0,0,1,0,0.0,0,1,1,5.9,5.9,91.6%,RB,2019
36,37,Peyton Barber,13,48,3.7,8,0,0,2,2,7,3.5,0,0,1,5.5,5.5,1.0%,RB,2019
37,38,Kenyan Drake,12,38,3.2,8,0,0,3,6,34,11.3,0,1,1,5.2,5.2,0.0%,RB,2019
38,39,Kyle Juszczyk,0,0,0.0,0,0,0,3,3,51,17.0,0,0,1,5.1,5.1,0.9%,RB,2019
39,40,Josh Jacobs,10,44,4.4,18,0,0,0,2,0,0.0,0,0,1,4.4,4.4,97.3%,RB,2019
40,41,J.D. McKissic,1,44,44.0,44,1,0,0,0,0,0.0,0,0,1,4.4,4.4,0.0%,RB,2019
41,42,C.J. Prosise,4,5,1.3,2,0,0,5,5,38,7.6,0,0,1,4.3,4.3,0.0%,RB,2019
42,43,Todd Gurley,14,43,3.1,9,0,0,0,1,0,0.0,0,0,1,4.3,4.3,0.1%,RB,2019
43,44,James Conner,13,43,3.3,10,0,0,4,4,14,3.5,0,1,1,3.7,3.7,91.7%,RB,2019
44,45,Saquon Barkley,8,10,1.3,6,0,0,4,5,27,6.8,0,0,1,3.7,3.7,100.0%,RB,2019
45,46,Adrian Peterson,12,37,3.1,7,0,0,1,3,-3,-3.0,0,0,1,3.4,3.4,2.4%,RB,2019
46,47,Justin Jackson,5,26,5.2,10,0,0,4,4,4,1.0,0,0,1,3.0,3.0,0.0%,RB,2019
47,48,Chris Carson,15,52,3.5,22,1,0,1,1,-2,-2.0,0,1,1,3.0,3.0,0.3%,RB,2019
48,49,T.J. Yeldon,8,30,3.8,10,0,0,2,3,19,9.5,0,1,1,2.9,2.9,0.0%,RB,2019
49,50,Jalen Richard,2,15,7.5,11,0,0,3,3,14,4.7,0,0,1,2.9,2.9,1.0%,RB,2019
50,51,Nyheim Hines,2,3,1.5,2,0,0,3,4,26,8.7,0,0,1,2.9,2.9,0.5%,RB,2019
51,52,Mike Boone,3,28,9.3,24,1,0,0,0,0,0.0,0,0,1,2.8,2.8,0.0%,RB,2019
52,53,Danny Vitale,0,0,0.0,0,0,0,1,1,27,27.0,0,0,1,2.7,2.7,0.0%,RB,2019
53,54,Kalen Ballage,8,17,2.1,6,0,0,1,3,10,10.0,0,0,1,2.7,2.7,0.0%,RB,2019
54,55,Chase Edmonds,3,15,5.0,8,0,0,1,2,10,10.0,0,0,1,2.5,2.5,0.8%,RB,2019
55,56,Tarik Cohen,4,-2,-0.5,1,0,0,2,4,26,13.0,0,0,1,2.4,2.4,0.0%,RB,2019
56,57,Duke Johnson,2,2,1.0,1,0,0,2,3,22,11.0,0,0,1,2.4,2.4,0.0%,RB,2019
57,58,Dare Ogunbowale,0,0,0.0,0,0,0,3,3,23,7.7,0,0,1,2.3,2.3,0.3%,RB,2019
58,59,DeAndre Washington,6,22,3.7,8,0,0,0,0,0,0.0,0,0,1,2.2,2.2,11.0%,RB,2019
59,60,Dion Lewis,3,13,4.3,5,0,0,1,1,7,7.0,0,0,1,2.0,2.0,2.0%,RB,2019
60,61,Brandon Bolden,2,-2,-1.0,3,0,0,2,3,21,10.5,0,0,1,1.9,1.9,0.0%,RB,2019
61,62,Wayne Gallman,5,13,2.6,6,0,0,0,1,0,0.0,0,0,1,1.3,1.3,0.0%,RB,2019
62,63,Giovani Bernard,3,5,1.7,4,0,0,2,2,7,3.5,0,0,1,1.2,1.2,0.0%,RB,2019
63,64,Nick Bawden,0,0,0.0,0,0,0,1,1,10,10.0,0,0,1,1.0,1.0,0.0%,RB,2019
64,65,Darwin Thompson,3,8,2.7,8,0,0,0,0,0,0.0,0,0,1,0.8,0.8,0.0%,RB,2019
65,66,Malcolm Brown,3,7,2.3,4,0,0,0,1,0,0.0,0,0,1,0.7,0.7,0.0%,RB,2019
66,67,Benny Snell,3,6,2.0,4,0,0,0,0,0,0.0,0,0,1,0.6,0.6,0.0%,RB,2019
67,68,Alex Armah,1,4,4.0,4,0,0,1,1,2,2.0,0,0,1,0.6,0.6,0.0%,RB,2019
68,69,Reggie Bonnafon,2,5,2.5,4,0,0,0,0,0,0.0,0,0,1,0.5,0.5,0.0%,RB,2019
69,70,Ty Johnson,4,5,1.3,3,0,0,1,2,0,0.0,0,0,1,0.5,0.5,0.6%,RB,2019
70,71,Kenjon Barner,0,0,0.0,0,0,0,1,1,4,4.0,0,0,1,0.4,0.4,0.0%,RB,2019
71,72,Darren Sproles,2,4,2.0,3,0,0,0,1,0,0.0,0,0,1,0.4,0.4,0.1%,RB,2019
72,73,Latavius Murray,2,2,1.0,2,0,0,0,0,0,0.0,0,0,1,0.2,0.2,7.6%,RB,2019
73,74,Mike Davis,1,2,2.0,2,0,0,0,0,0,0.0,0,0,1,0.2,0.2,1.0%,RB,2019
74,75,Ty Montgomery,2,1,0.5,3,0,0,0,1,0,0.0,0,0,1,0.1,0.1,0.0%,RB,2019
75,76,Justice Hill,1,1,1.0,1,0,0,0,3,0,0.0,0,0,1,0.1,0.1,10.1%,RB,2019
76,77,Andrew Beck,0,0,0.0,0,0,0,0,1,0,0.0,0,0,1,0.0,0.0,0.1%,RB,2019
77,78,Cullen Gillaspia,0,0,0.0,0,0,0,0,0,0,0.0,0,0,1,0.0,0.0,0.0%,RB,2019
78,79,Chandler Cox,0,0,0.0,0,0,0,0,0,0,0.0,0,0,1,0.0,0.0,0.0%,RB,2019
79,80,Jacob Johnson,0,0,0.0,0,0,0,0,0,0,0.0,0,0,1,0.0,0.0,0.0%,RB,2019
80,81,D'Ernest Johnson,0,0,0.0,0,0,0,0,0,0,0.0,0,0,1,0.0,0.0,2.7%,RB,2019
81,82,Nick Bellore,0,0,0.0,0,0,0,0,0,0,0.0,0,0,1,0.0,0.0,7.0%,RB,2019
82,83,Anthony Sherman,0,0,0.0,0,0,0,0,0,0,0.0,0,0,1,0.0,0.0,0.0%,RB,2019
83,84,Bilal Powell,0,0,0.0,0,0,0,0,0,0,0.0,0,0,1,0.0,0.0,0.0%,RB,2019
84,85,Patrick DiMarco,0,0,0.0,0,0,0,0,0,0,0.0,0,0,1,0.0,0.0,0.0%,RB,2019
85,86,Zach Line,1,0,0.0,0,0,0,0,0,0,0.0,0,0,1,0.0,0.0,0.0%,RB,2019
86,87,Jamize Olawale,0,0,0.0,0,0,0,0,0,0,0.0,0,0,1,0.0,0.0,0.0%,RB,2019
87,88,Cordarrelle Patterson,4,14,3.5,7,0,0,1,1,6,6.0,0,0,1,0.0,0.0,1.4%,RB,2019
88,89,Patrick Ricard,0,0,0.0,0,0,0,0,0,0,0.0,0,0,1,0.0,0.0,0.1%,RB,2019
89,90,Cethan Carter,0,0,0.0,0,0,0,0,0,0,0.0,0,0,1,0.0,0.0,0.0%,RB,2019
90,91,C.J. Ham,0,0,0.0,0,0,0,1,2,0,0.0,0,0,1,0.0,0.0,0.1%,RB,2019
91,92,J.P. Holtz,0,0,0.0,0,0,0,0,0,0,0.0,0,0,1,0.0,0.0,0.0%,RB,2019
92,93,T.J. Logan,0,0,0.0,0,0,0,0,0,0,0.0,0,0,1,0.0,0.0,0.0%,RB,2019
93,94,Elijhaa Penny,0,0,0.0,0,0,0,0,0,0,0.0,0,0,1,0.0,0.0,0.0%,RB,2019
94,95,Samaje Perine,0,0,0.0,0,0,0,0,0,0,0.0,0,0,1,0.0,0.0,12.7%,RB,2019
95,96,Troymaine Pope,0,0,0.0,0,0,0,0,0,0,0.0,0,0,1,0.0,0.0,0.0%,RB,2019
96,97,Ito Smith,1,0,0.0,0,0,0,0,0,0,0.0,0,0,1,0.0,0.0,0.0%,RB,2019
97,98,Damien Harris,0,0,0.0,0,0,0,0,0,0,0.0,0,0,1,0.0,0.0,4.6%,RB,2019
98,99,Travis Homer,0,0,0.0,0,0,0,0,0,0,0.0,0,0,1,0.0,0.0,0.1%,RB,2019
99,100,Alec Ingold,0,0,0.0,0,0,0,0,0,0,0.0,0,0,1,0.0,0.0,0.2%,RB,2019
100,101,Ryquell Armstead,0,0,0.0,0,0,0,0,0,0,0.0,0,0,1,0.0,0.0,0.2%,RB,2019
101,102,Patrick Laird,0,0,0.0,0,0,0,0,0,0,0.0,0,0,1,0.0,0.0,0.0%,RB,2019
102,103,Dontrell Hilliard,0,0,0.0,0,0,0,0,0,0,0.0,0,0,1,0.0,0.0,0.0%,RB,2019
103,104,Trenton Cannon,0,0,0.0,0,0,0,0,0,0,0.0,0,0,1,0.0,0.0,0.0%,RB,2019
104,105,Jaylen Samuels,0,0,0.0,0,0,0,0,0,0,0.0,0,0,1,0.0,0.0,0.0%,RB,2019
105,106,Buddy Howell,0,0,0.0,0,0,0,0,0,0,0.0,0,0,1,0.0,0.0,0.0%,RB,2019
106,107,Keith Smith,0,0,0.0,0,0,0,0,0,0,0.0,0,0,1,0.0,0.0,0.0%,RB,2019
107,108,Ameer Abdullah,0,0,0.0,0,0,0,0,1,0,0.0,0,0,1,0.0,0.0,0.7%,RB,2019
108,109,Devontae Booker,0,0,0.0,0,0,0,0,0,0,0.0,0,0,1,0.0,0.0,0.0%,RB,2019
109,110,Dwayne Washington,0,0,0.0,0,0,0,0,0,0,0.0,0,0,1,0.0,0.0,0.0%,RB,2019
110,111,D.J. Foster,0,0,0.0,0,0,0,0,0,0,0.0,0,0,1,0.0,0.0,0.0%,RB,2019
111,112,Wendell Smallwood,0,0,0.0,0,0,0,0,0,0,0.0,0,0,1,0.0,0.0,0.0%,RB,2019
112,113,Tyler Ervin,0,0,0.0,0,0,0,0,0,0,0.0,0,0,1,0.0,0.0,0.0%,RB,2019
113,114,Derek Watt,1,-1,-1.0,0,0,0,0,0,0,0.0,0,0,1,-0.1,-0.1,0.0%,RB,2019
114,115,Jordan Wilkins,3,-2,-0.7,0,0,0,0,0,0,0.0,0,0,1,-0.2,-0.2,0.0%,RB,2019
