,Rank,Player,Receiving Receptions,Receiving Target,Receiving Yards,Yards/Reception,Longest Reception,Receiving 20+,Receiving Touchdowns,Rushing Attempts,Rushing Yards,Rushing Touchdown,Fumbles,Games Played,Fantasy Football Points,FTPS/Game,ROST,Position,Year
0,1,Greg Olsen,6,7,75,12.5,20,1,2,0,0,0,0,1,19.5,19.5,7.0%,TE,2019
1,2,Jordan Akins,3,5,73,24.3,53,1,2,0,0,0,0,1,19.3,19.3,0.1%,TE,2019
2,3,Austin Hooper,6,7,66,11.0,20,1,2,0,0,0,0,1,18.6,18.6,0.4%,TE,2019
3,4,Evan Engram,6,8,113,18.8,75,1,1,0,0,0,0,1,17.3,17.3,96.9%,TE,2019
4,5,Darren Waller,13,14,134,10.3,30,1,0,1,7,0,0,1,14.1,14.1,53.0%,TE,2019
5,6,Dawson Knox,3,4,67,22.3,49,1,1,1,9,0,0,1,13.6,13.6,4.7%,TE,2019
6,7,Will Dissly,6,7,62,10.3,25,1,1,0,0,0,0,1,12.2,12.2,0.3%,TE,2019
7,8,Darren Fells,5,6,49,9.8,16,0,1,0,0,0,0,1,10.9,10.9,0.0%,TE,2019
8,9,Travis Kelce,7,8,89,12.7,21,2,0,0,0,0,0,1,8.9,8.9,99.9%,TE,2019
9,10,James O'Shaughnessy,2,3,18,9.0,11,0,1,0,0,0,0,1,7.8,7.8,0.0%,TE,2019
10,11,O.J. Howard,3,4,66,22.0,30,1,0,0,0,0,0,1,6.6,6.6,0.0%,TE,2019
11,12,Zach Ertz,4,7,64,16.0,23,2,0,0,0,0,0,1,6.4,6.4,3.6%,TE,2019
12,13,Delanie Walker,7,9,64,9.1,29,1,0,0,0,0,0,1,6.4,6.4,0.1%,TE,2019
13,14,Demetrius Harris,1,2,2,2.0,2,0,1,0,0,0,0,1,6.2,6.2,0.0%,TE,2019
14,15,Irv Smith,3,3,60,20.0,26,2,0,0,0,0,0,1,6.0,6.0,1.7%,TE,2019
15,16,Nick Boyle,4,5,58,14.5,23,1,0,0,0,0,0,1,5.8,5.8,0.0%,TE,2019
16,17,George Kittle,6,8,57,9.5,12,0,0,0,0,0,0,1,5.7,5.7,97.3%,TE,2019
17,18,Jason Witten,3,4,54,18.0,33,1,0,0,0,0,0,1,5.4,5.4,0.0%,TE,2019
18,19,Eric Ebron,3,4,47,15.7,30,1,0,0,0,0,0,1,4.7,4.7,0.0%,TE,2019
19,20,Jack Doyle,4,4,46,11.5,14,0,0,0,0,0,0,1,4.6,4.6,2.0%,TE,2019
20,21,Ryan Izzo,1,1,41,41.0,41,1,0,0,0,0,0,1,4.1,4.1,0.0%,TE,2019
21,22,Vernon Davis,2,4,30,15.0,15,0,0,0,0,0,0,1,3.0,3.0,1.6%,TE,2019
22,23,Mo Alie-Cox,2,2,25,12.5,16,0,0,0,0,0,0,1,2.5,2.5,0.1%,TE,2019
23,24,Jeff Heuerman,2,2,20,10.0,10,0,0,0,0,0,0,1,2.0,2.0,0.0%,TE,2019
24,25,Jonnu Smith,2,3,20,10.0,20,1,0,0,0,0,0,1,2.0,2.0,8.1%,TE,2019
25,26,Trey Burton,4,4,20,5.0,11,0,0,0,0,0,0,1,2.0,2.0,0.0%,TE,2019
26,27,Jeremy Sprinkle,2,4,19,9.5,11,0,0,0,0,0,0,1,1.9,1.9,0.0%,TE,2019
27,28,Marcedes Lewis,1,2,19,19.0,19,0,0,0,0,0,0,1,1.9,1.9,0.1%,TE,2019
28,29,Nick O'Leary,1,1,19,19.0,19,0,0,0,0,0,0,1,1.9,1.9,0.0%,TE,2019
29,30,Tyler Eifert,1,1,18,18.0,18,0,0,0,0,0,0,1,1.8,1.8,0.0%,TE,2019
30,31,Noah Fant,3,3,37,12.3,17,0,0,0,0,0,1,1,1.7,1.7,2.1%,TE,2019
31,32,Mark Andrews,3,7,15,5.0,5,0,0,0,0,0,0,1,1.5,1.5,73.3%,TE,2019
32,33,Gerald Everett,2,2,15,7.5,11,0,0,0,0,0,0,1,1.5,1.5,23.5%,TE,2019
33,34,Logan Thomas,1,1,15,15.0,15,0,0,0,0,0,0,1,1.5,1.5,19.3%,TE,2019
34,35,Hayden Hurst,2,5,14,7.0,11,0,0,0,0,0,0,1,1.4,1.4,2.2%,TE,2019
35,36,Ricky Seals-Jones,1,2,14,14.0,14,0,0,0,0,0,0,1,1.4,1.4,0.0%,TE,2019
36,37,Jesse James,1,1,13,13.0,13,0,0,0,0,0,0,1,1.3,1.3,0.0%,TE,2019
37,38,Lance Kendricks,1,2,13,13.0,13,0,0,0,0,0,0,1,1.3,1.3,0.0%,TE,2019
38,39,Luke Stocker,3,4,12,4.0,5,0,0,0,0,0,0,1,1.2,1.2,0.0%,TE,2019
39,40,Kyle Rudolph,1,1,11,11.0,11,0,0,0,0,0,0,1,1.1,1.1,0.0%,TE,2019
40,41,Vance McDonald,1,2,10,10.0,10,0,0,0,0,0,0,1,1.0,1.0,0.0%,TE,2019
41,42,Charles Clay,1,1,9,9.0,9,0,0,0,0,0,0,1,0.9,0.9,0.0%,TE,2019
42,43,Nick Vannett,1,2,9,9.0,9,0,0,0,0,0,0,1,0.9,0.9,0.0%,TE,2019
43,44,Mike Gesicki,3,3,9,3.0,5,0,0,0,0,0,0,1,0.9,0.9,2.3%,TE,2019
44,45,Geoff Swaim,1,2,8,8.0,8,0,0,0,0,0,0,1,0.8,0.8,0.0%,TE,2019
45,46,Cameron Brate,2,2,7,3.5,6,0,0,0,0,0,0,1,0.7,0.7,2.0%,TE,2019
46,47,Jared Cook,1,2,7,7.0,7,0,0,0,0,0,0,1,0.7,0.7,0.0%,TE,2019
47,48,Adam Shaheen,1,1,7,7.0,7,0,0,0,0,0,0,1,0.7,0.7,0.0%,TE,2019
48,49,Ryan Griffin,1,1,5,5.0,5,0,0,0,0,0,0,1,0.5,0.5,0.0%,TE,2019
49,50,Josh Hill,1,2,4,4.0,4,0,0,0,0,0,0,1,0.4,0.4,0.0%,TE,2019
50,51,Robert Tonyan,1,3,4,4.0,4,0,0,0,0,0,0,1,0.4,0.4,0.1%,TE,2019
51,52,Xavier Grimble,1,2,3,3.0,3,0,0,0,0,0,0,1,0.3,0.3,0.0%,TE,2019
52,53,Tommy Sweeney,1,3,3,3.0,3,0,0,0,0,0,0,1,0.3,0.3,0.0%,TE,2019
53,54,Rhett Ellison,1,1,3,3.0,3,0,0,0,0,0,0,1,0.3,0.3,0.0%,TE,2019
54,55,Blake Jarwin,1,3,3,3.0,3,0,0,0,0,0,0,1,0.3,0.3,4.0%,TE,2019
55,56,Foster Moreau,1,2,1,1.0,1,0,0,0,0,0,0,1,0.1,0.1,0.1%,TE,2019
56,57,T.J. Hockenson,1,4,1,1.0,1,0,0,0,0,0,0,1,0.1,0.1,81.3%,TE,2019
57,58,Blake Bell,1,1,1,1.0,1,0,0,0,0,0,0,1,0.1,0.1,0.0%,TE,2019
58,59,Matt Orzech,0,0,0,0.0,0,0,0,0,0,0,0,1,0.0,0.0,0.0%,TE,2019
59,60,Andrew Beck,0,1,0,0.0,0,0,0,0,0,0,0,1,0.0,0.0,0.1%,TE,2019
60,61,Zach Gentry,0,0,0,0.0,0,0,0,0,0,0,0,1,0.0,0.0,0.0%,TE,2019
61,62,Trevon Wesco,0,0,0,0.0,0,0,0,0,0,0,0,1,0.0,0.0,0.0%,TE,2019
62,63,Drew Sample,0,0,0,0.0,0,0,0,0,0,0,0,1,0.0,0.0,0.1%,TE,2019
63,64,Derek Carrier,0,0,0,0.0,0,0,0,0,0,0,0,1,0.0,0.0,0.0%,TE,2019
64,65,Lee Smith,0,1,0,0.0,0,0,0,0,0,0,0,1,0.0,0.0,0.0%,TE,2019
65,66,Virgil Green,0,0,0,0.0,0,0,0,0,0,0,0,1,0.0,0.0,0.0%,TE,2019
66,67,Levine Toilolo,0,0,0,0.0,0,0,0,0,0,0,0,1,0.0,0.0,0.0%,TE,2019
67,68,Clark Harris,0,0,0,0.0,0,0,0,0,0,0,0,1,0.0,0.0,0.0%,TE,2019
68,69,Jimmy Graham,0,1,0,0.0,0,0,0,0,0,0,0,1,0.0,0.0,0.0%,TE,2019
69,70,Johnny Mundt,0,0,0,0.0,0,0,0,0,0,0,0,1,0.0,0.0,1.5%,TE,2019
70,71,Anthony Firkser,0,0,0,0.0,0,0,0,0,0,0,0,1,0.0,0.0,0.0%,TE,2019
71,72,Evan Baylis,0,0,0,0.0,0,0,0,0,0,0,0,1,0.0,0.0,0.0%,TE,2019
72,73,Sean Culkin,0,1,0,0.0,0,0,0,0,0,0,0,1,0.0,0.0,0.0%,TE,2019
73,74,Pharaoh Brown,0,0,0,0.0,0,0,0,0,0,0,0,1,0.0,0.0,0.1%,TE,2019
74,75,Taysom Hill,1,1,5,5.0,5,0,0,1,5,0,0,1,0.0,0.0,36.5%,TE,2019
75,76,Darrell Daniels,0,0,0,0.0,0,0,0,0,0,0,0,1,0.0,0.0,0.0%,TE,2019
76,77,Zach Wood,0,0,0,0.0,0,0,0,0,0,0,0,1,0.0,0.0,0.0%,TE,2019
77,78,Cethan Carter,0,0,0,0.0,0,0,0,0,0,0,0,1,0.0,0.0,0.0%,TE,2019
78,79,Antony Auclair,0,1,0,0.0,0,0,0,0,0,0,0,1,0.0,0.0,0.0%,TE,2019
79,80,Alex Ellis,0,0,0,0.0,0,0,0,0,0,0,0,1,0.0,0.0,0.0%,TE,2019
80,81,Deon Yelder,0,0,0,0.0,0,0,0,0,0,0,0,1,0.0,0.0,0.0%,TE,2019
81,82,Ross Dwelley,0,0,0,0.0,0,0,0,0,0,0,0,1,0.0,0.0,0.0%,TE,2019
82,83,Jaeden Graham,0,0,0,0.0,0,0,0,0,0,0,0,1,0.0,0.0,0.0%,TE,2019
83,84,Dallas Goedert,0,1,0,0.0,0,0,0,0,0,0,0,1,0.0,0.0,89.7%,TE,2019
84,85,Troy Fumagalli,0,0,0,0.0,0,0,0,0,0,0,0,1,0.0,0.0,0.0%,TE,2019
85,86,Dalton Schultz,0,0,0,0.0,0,0,0,0,0,0,0,1,0.0,0.0,77.2%,TE,2019
86,87,Ian Thomas,0,0,0,0.0,0,0,0,0,0,0,0,1,0.0,0.0,0.1%,TE,2019
87,88,Tyler Conklin,0,0,0,0.0,0,0,0,0,0,0,0,1,0.0,0.0,17.9%,TE,2019
88,89,Durham Smythe,0,1,0,0.0,0,0,0,0,0,0,0,1,0.0,0.0,0.7%,TE,2019
89,90,Maxx Williams,0,0,0,0.0,0,0,0,0,0,0,0,1,0.0,0.0,0.0%,TE,2019
90,91,MyCole Pruitt,0,0,0,0.0,0,0,0,0,0,0,0,1,0.0,0.0,0.0%,TE,2019
91,92,Chris Manhertz,0,0,0,0.0,0,0,0,0,0,0,0,1,0.0,0.0,0.0%,TE,2019
92,93,C.J. Uzomah,0,1,0,0.0,0,0,0,0,0,0,0,1,0.0,0.0,0.1%,TE,2019
93,94,Bronson Kaufusi,0,0,0,0.0,0,0,0,0,0,0,0,1,0.0,0.0,0.0%,TE,2019
94,95,Seth DeValve,0,0,0,0.0,0,0,0,0,0,0,0,1,0.0,0.0,0.0%,TE,2019
95,96,Ben Braunecker,0,0,0,0.0,0,0,0,0,0,0,0,1,0.0,0.0,0.0%,TE,2019
96,97,J.P. Holtz,0,0,0,0.0,0,0,0,0,0,0,0,1,0.0,0.0,0.0%,TE,2019
97,98,Patrick Scales,0,0,0,0.0,0,0,0,0,0,0,0,1,0.0,0.0,0.0%,TE,2019
98,99,Eric Tomlinson,0,0,0,0.0,0,0,0,0,0,0,0,1,0.0,0.0,0.0%,TE,2019
99,100,Tyler Ott,0,0,0,0.0,0,0,0,0,0,0,0,1,0.0,0.0,0.0%,TE,2019
100,101,James Winchester,0,0,0,0.0,0,0,0,0,0,0,0,1,0.0,0.0,0.0%,TE,2019
101,102,Beau Brinkley,0,0,0,0.0,0,0,0,0,0,0,0,1,0.0,0.0,0.2%,TE,2019
102,103,Daniel Brown,0,0,0,0.0,0,0,0,0,0,0,0,1,0.0,0.0,0.0%,TE,2019
