,Rank,Player,Receiving Receptions,Receiving Target,Receiving Yards,Yards/Reception,Longest Reception,Receiving 20+,Receiving Touchdowns,Rushing Attempts,Rushing Yards,Rushing Touchdown,Fumbles,Games Played,Fantasy Football Points,FTPS/Game,ROST,Position,Year
0,1,Noah Fant,3,4,115,38.3,75,2,1,0,0,0,0,1,17.5,17.5,2.1%,TE,2019
1,2,Zach Ertz,9,11,103,11.4,25,1,1,0,0,0,0,1,16.3,16.3,3.6%,TE,2019
2,3,Jacob Hollister,4,6,37,9.3,22,1,2,0,0,0,0,1,15.7,15.7,0.0%,TE,2019
3,4,George Kittle,6,8,79,13.2,30,2,1,0,0,0,0,1,13.9,13.9,97.3%,TE,2019
4,5,Blake Jarwin,1,1,42,42.0,42,1,1,0,0,0,0,1,10.2,10.2,4.0%,TE,2019
5,6,Mike Gesicki,6,6,95,15.8,34,1,0,0,0,0,0,1,9.5,9.5,2.3%,TE,2019
6,7,Vance McDonald,5,7,30,6.0,13,0,1,0,0,0,0,1,9.0,9.0,0.0%,TE,2019
7,8,Nick Boyle,5,5,27,5.4,8,0,1,0,0,0,0,1,8.7,8.7,0.0%,TE,2019
8,9,Hunter Henry,7,10,84,12.0,19,0,0,0,0,0,0,1,8.4,8.4,15.2%,TE,2019
9,10,Kyle Rudolph,3,5,23,7.7,15,0,1,0,0,0,0,1,8.3,8.3,0.0%,TE,2019
10,11,Jack Doyle,3,4,22,7.3,11,0,1,0,0,0,0,1,8.2,8.2,2.0%,TE,2019
11,12,Foster Moreau,1,2,3,3.0,3,0,1,0,0,0,0,1,6.3,6.3,0.1%,TE,2019
12,13,Travis Kelce,7,9,62,8.9,17,0,0,0,0,0,0,1,6.2,6.2,99.9%,TE,2019
13,14,Darren Fells,1,3,1,1.0,1,0,1,0,0,0,0,1,6.1,6.1,0.0%,TE,2019
14,15,Jason Witten,8,9,58,7.3,12,0,0,0,0,0,0,1,5.8,5.8,0.0%,TE,2019
15,16,T.J. Hockenson,3,7,56,18.7,23,1,0,0,0,0,0,1,5.6,5.6,81.3%,TE,2019
16,17,Darren Waller,2,2,52,26.0,31,2,0,0,0,0,0,1,5.2,5.2,53.0%,TE,2019
17,18,Evan Engram,6,8,48,8.0,15,0,0,1,2,0,0,1,5.0,5.0,96.9%,TE,2019
18,19,Ryan Griffin,6,8,50,8.3,14,0,0,0,0,0,0,1,5.0,5.0,0.0%,TE,2019
19,20,Seth DeValve,4,5,41,10.3,18,0,0,0,0,0,0,1,4.1,4.1,0.0%,TE,2019
20,21,Greg Olsen,3,6,40,13.3,23,1,0,0,0,0,0,1,4.0,4.0,7.0%,TE,2019
21,22,Dallas Goedert,4,5,39,9.8,16,0,0,0,0,0,0,1,3.9,3.9,89.7%,TE,2019
22,23,Irv Smith,4,6,33,8.3,21,1,0,0,0,0,0,1,3.3,3.3,1.7%,TE,2019
23,24,Ross Dwelley,4,4,29,7.3,11,0,0,0,0,0,0,1,2.9,2.9,0.0%,TE,2019
24,25,Benjamin Watson,4,5,28,7.0,18,0,0,0,0,0,0,1,2.8,2.8,2.8%,TE,2019
25,26,Derek Carrier,0,0,0,0.0,0,0,0,1,27,0,0,1,2.7,2.7,0.0%,TE,2019
26,27,Demetrius Harris,3,4,25,8.3,12,0,0,0,0,0,0,1,2.5,2.5,0.0%,TE,2019
27,28,Jordan Akins,3,3,24,8.0,12,0,0,0,0,0,0,1,2.4,2.4,0.1%,TE,2019
28,29,Mark Andrews,2,3,21,10.5,18,0,0,0,0,0,0,1,2.1,2.1,73.3%,TE,2019
29,30,Luke Willson,2,2,20,10.0,16,0,0,0,0,0,0,1,2.0,2.0,0.0%,TE,2019
30,31,Jonnu Smith,3,5,18,6.0,7,0,0,0,0,0,0,1,1.8,1.8,8.1%,TE,2019
31,32,Jimmy Graham,4,4,17,4.3,7,0,0,0,0,0,0,1,1.7,1.7,0.0%,TE,2019
32,33,Rhett Ellison,2,5,17,8.5,9,0,0,0,0,0,0,1,1.7,1.7,0.0%,TE,2019
33,34,Eric Ebron,2,2,16,8.0,9,0,0,0,0,0,0,1,1.6,1.6,0.0%,TE,2019
34,35,Jeremy Sprinkle,1,1,16,16.0,16,0,0,0,0,0,0,1,1.6,1.6,0.0%,TE,2019
35,36,Hayden Hurst,2,2,15,7.5,8,0,0,0,0,0,0,1,1.5,1.5,2.2%,TE,2019
36,37,Dawson Knox,2,2,14,7.0,8,0,0,0,0,0,0,1,1.4,1.4,4.7%,TE,2019
37,38,Logan Thomas,1,2,13,13.0,13,0,0,0,0,0,0,1,1.3,1.3,19.3%,TE,2019
38,39,Tanner Hudson,1,2,12,12.0,12,0,0,0,0,0,0,1,1.2,1.2,2.7%,TE,2019
39,40,Maxx Williams,1,2,12,12.0,12,0,0,0,0,0,0,1,1.2,1.2,0.0%,TE,2019
40,41,Ricky Seals-Jones,2,2,12,6.0,7,0,0,0,0,0,0,1,1.2,1.2,0.0%,TE,2019
41,42,Antony Auclair,1,2,11,11.0,11,0,0,0,0,0,0,1,1.1,1.1,0.0%,TE,2019
42,43,Mo Alie-Cox,1,1,11,11.0,11,0,0,0,0,0,0,1,1.1,1.1,0.1%,TE,2019
43,44,Troy Fumagalli,1,1,9,9.0,9,0,0,0,0,0,0,1,0.9,0.9,0.0%,TE,2019
44,45,Charles Clay,1,2,6,6.0,6,0,0,0,0,0,0,1,0.6,0.6,0.0%,TE,2019
45,46,Josh Oliver,1,2,4,4.0,4,0,0,0,0,0,0,1,0.4,0.4,0.6%,TE,2019
46,47,Jesse James,1,2,3,3.0,3,0,0,0,0,0,0,1,0.3,0.3,0.0%,TE,2019
47,48,Blake Bell,1,1,2,2.0,2,0,0,0,0,0,0,1,0.2,0.2,0.0%,TE,2019
48,49,Matt Orzech,0,0,0,0.0,0,0,0,0,0,0,0,1,0.0,0.0,0.0%,TE,2019
49,50,Trevon Wesco,0,0,0,0.0,0,0,0,0,0,0,0,1,0.0,0.0,0.0%,TE,2019
50,51,Jace Sternberger,0,0,0,0.0,0,0,0,0,0,0,0,1,0.0,0.0,0.0%,TE,2019
51,52,Hale Hentges,0,0,0,0.0,0,0,0,0,0,0,0,1,0.0,0.0,0.0%,TE,2019
52,53,Stephen Carlson,0,1,0,0.0,0,0,0,0,0,0,0,1,0.0,0.0,0.1%,TE,2019
53,54,Andrew Beck,0,0,0,0.0,0,0,0,0,0,0,0,1,0.0,0.0,0.1%,TE,2019
54,55,Kaden Smith,0,0,0,0.0,0,0,0,0,0,0,0,1,0.0,0.0,0.0%,TE,2019
55,56,Virgil Green,0,0,0,0.0,0,0,0,0,0,0,0,1,0.0,0.0,0.0%,TE,2019
56,57,Lance Kendricks,0,0,0,0.0,0,0,0,0,0,0,0,1,0.0,0.0,0.0%,TE,2019
57,58,Lee Smith,0,0,0,0.0,0,0,0,0,0,0,0,1,0.0,0.0,0.0%,TE,2019
58,59,Trey Burton,0,1,0,0.0,0,0,0,0,0,0,0,1,0.0,0.0,0.0%,TE,2019
59,60,Levine Toilolo,0,0,0,0.0,0,0,0,0,0,0,0,1,0.0,0.0,0.0%,TE,2019
60,61,Marcedes Lewis,0,0,0,0.0,0,0,0,0,0,0,0,1,0.0,0.0,0.1%,TE,2019
61,62,Anthony Firkser,0,1,0,0.0,0,0,0,0,0,0,0,1,0.0,0.0,0.0%,TE,2019
62,63,Darrell Daniels,0,0,0,0.0,0,0,0,0,0,0,0,1,0.0,0.0,0.0%,TE,2019
63,64,J.P. Holtz,0,0,0,0.0,0,0,0,0,0,0,0,1,0.0,0.0,0.0%,TE,2019
64,65,Deon Yelder,0,0,0,0.0,0,0,0,0,0,0,0,1,0.0,0.0,0.0%,TE,2019
65,66,Tyler Conklin,0,0,0,0.0,0,0,0,0,0,0,0,1,0.0,0.0,17.9%,TE,2019
66,67,Durham Smythe,0,0,0,0.0,0,0,0,0,0,0,0,1,0.0,0.0,0.7%,TE,2019
67,68,Ian Thomas,0,0,0,0.0,0,0,0,0,0,0,0,1,0.0,0.0,0.1%,TE,2019
68,69,Dalton Schultz,0,0,0,0.0,0,0,0,0,0,0,0,1,0.0,0.0,77.2%,TE,2019
69,70,Kyle Nelson,0,0,0,0.0,0,0,0,0,0,0,0,1,0.0,0.0,0.0%,TE,2019
70,71,Clive Walford,0,0,0,0.0,0,0,0,0,0,0,0,1,0.0,0.0,0.0%,TE,2019
71,72,Ben Koyack,0,1,0,0.0,0,0,0,0,0,0,0,1,0.0,0.0,0.0%,TE,2019
72,73,Tyler Kroft,0,1,0,0.0,0,0,0,0,0,0,0,1,0.0,0.0,0.0%,TE,2019
73,74,MyCole Pruitt,0,0,0,0.0,0,0,0,0,0,0,0,1,0.0,0.0,0.0%,TE,2019
74,75,Chris Manhertz,0,0,0,0.0,0,0,0,0,0,0,0,1,0.0,0.0,0.0%,TE,2019
75,76,Cameron Brate,0,0,0,0.0,0,0,0,0,0,0,0,1,0.0,0.0,2.0%,TE,2019
76,77,Beau Brinkley,0,0,0,0.0,0,0,0,0,0,0,0,1,0.0,0.0,0.2%,TE,2019
77,78,James Winchester,0,0,0,0.0,0,0,0,0,0,0,0,1,0.0,0.0,0.0%,TE,2019
78,79,Tyler Ott,0,0,0,0.0,0,0,0,0,0,0,0,1,0.0,0.0,0.0%,TE,2019
79,80,Patrick Scales,0,0,0,0.0,0,0,0,0,0,0,0,1,0.0,0.0,0.0%,TE,2019
80,81,Nick Vannett,0,1,0,0.0,0,0,0,0,0,0,0,1,0.0,0.0,0.0%,TE,2019
81,82,Ben Braunecker,0,0,0,0.0,0,0,0,0,0,0,0,1,0.0,0.0,0.0%,TE,2019
82,83,Daniel Brown,0,0,0,0.0,0,0,0,0,0,0,0,1,0.0,0.0,0.0%,TE,2019
83,84,Adam Shaheen,0,1,0,0.0,0,0,0,0,0,0,1,1,-2.0,-2.0,0.0%,TE,2019
