,Rank,Player,Receiving Receptions,Receiving Target,Receiving Yards,Yards/Reception,Longest Reception,Receiving 20+,Receiving Touchdowns,Rushing Attempts,Rushing Yards,Rushing Touchdown,Fumbles,Games Played,Fantasy Football Points,FTPS/Game,ROST,Position,Year
0,1,John Brown,9,14,137,15.2,40,2,2,0,0,0,0,1,25.7,25.7,0.0%,WR,2019
1,2,DJ Chark,8,15,104,13.0,34,2,2,0,0,0,0,1,22.4,22.4,4.6%,WR,2019
2,3,Calvin Ridley,8,8,143,17.9,36,3,1,0,0,0,0,1,20.3,20.3,95.2%,WR,2019
3,4,Stefon Diggs,5,5,121,24.2,54,2,1,0,0,0,0,1,18.1,18.1,99.7%,WR,2019
4,5,Randall Cobb,4,7,115,28.8,49,2,1,0,0,0,0,1,17.5,17.5,0.0%,WR,2019
5,6,Michael Thomas,8,10,114,14.3,41,1,1,0,0,0,0,1,17.4,17.4,17.1%,WR,2019
6,7,Jakeem Grant,3,3,32,10.7,12,0,0,1,7,1,0,1,15.9,15.9,0.0%,WR,2019
7,8,Marvin Jones,4,5,43,10.8,25,1,2,1,-4,0,0,1,15.9,15.9,0.1%,WR,2019
8,9,Michael Gallup,9,13,148,16.4,41,3,0,0,0,0,0,1,14.8,14.8,6.4%,WR,2019
9,10,Courtland Sutton,5,9,113,22.6,48,2,0,2,10,0,0,1,13.8,13.8,83.4%,WR,2019
10,11,Jamison Crowder,5,8,76,15.2,29,1,1,0,0,0,0,1,13.6,13.6,0.3%,WR,2019
11,12,DeVante Parker,7,10,135,19.3,50,2,0,0,0,0,0,1,13.5,13.5,1.7%,WR,2019
12,13,Deebo Samuel,8,10,134,16.8,26,4,0,0,0,0,0,1,13.4,13.4,98.8%,WR,2019
13,14,Keenan Allen,8,12,71,8.9,30,1,1,0,0,0,0,1,13.1,13.1,91.1%,WR,2019
14,15,Chris Godwin,3,6,47,15.7,30,1,1,0,0,0,0,1,10.7,10.7,90.4%,WR,2019
15,16,Jarvis Landry,4,7,43,10.8,25,1,1,0,0,0,0,1,10.3,10.3,14.0%,WR,2019
16,17,Julian Edelman,5,10,53,10.6,14,0,0,0,0,0,0,1,9.9,9.9,12.1%,WR,2019
17,18,Marcus Johnson,4,4,38,9.5,17,0,1,0,0,0,0,1,9.8,9.8,0.0%,WR,2019
18,19,DJ Moore,8,15,95,11.9,31,1,0,0,0,0,0,1,9.5,9.5,97.7%,WR,2019
19,20,Pharoh Cooper,3,4,35,11.7,23,1,1,0,0,0,0,1,9.5,9.5,0.0%,WR,2019
20,21,Phillip Dorsett,3,5,33,11.0,15,0,1,0,0,0,0,1,9.3,9.3,0.0%,WR,2019
21,22,Kendrick Bourne,4,6,31,7.8,19,0,1,0,0,0,0,1,9.1,9.1,4.5%,WR,2019
22,23,Julio Jones,6,8,91,15.2,48,1,0,1,-4,0,0,1,8.7,8.7,0.6%,WR,2019
23,24,Tyrell Williams,4,4,82,20.5,24,3,0,0,0,0,0,1,8.2,8.2,0.0%,WR,2019
24,25,DeAndre Hopkins,7,12,80,11.4,20,1,0,0,0,0,0,1,8.0,8.0,92.5%,WR,2019
25,26,Tim Patrick,4,8,77,19.3,38,2,0,0,0,0,0,1,7.7,7.7,0.6%,WR,2019
26,27,Larry Fitzgerald,5,5,37,7.4,12,0,1,0,0,0,1,1,7.7,7.7,0.2%,WR,2019
27,28,Mike Williams,2,6,76,38.0,50,2,0,0,0,0,0,1,7.6,7.6,48.2%,WR,2019
28,29,Seth Roberts,1,1,15,15.0,15,0,1,0,0,0,0,1,7.5,7.5,0.0%,WR,2019
29,30,Ted Ginn,2,4,14,7.0,8,0,1,0,0,0,0,1,7.4,7.4,0.0%,WR,2019
30,31,Scotty Miller,4,6,71,17.8,48,1,0,0,0,0,0,1,7.1,7.1,0.1%,WR,2019
31,32,Mike Evans,4,8,69,17.3,27,2,0,0,0,0,0,1,6.9,6.9,98.1%,WR,2019
32,33,Terry McLaurin,3,4,69,23.0,41,2,0,0,0,0,0,1,6.9,6.9,90.3%,WR,2019
33,34,Robbie Chosen,1,3,6,6.0,6,0,1,0,0,0,0,1,6.6,6.6,0.0%,WR,2019
34,35,Hunter Renfrow,5,6,66,13.2,27,2,0,0,0,0,0,1,6.6,6.6,0.7%,WR,2019
35,36,Odell Beckham,4,10,60,15.0,42,1,0,0,0,0,0,1,6.0,6.0,33.2%,WR,2019
36,37,Chris Conley,6,8,58,9.7,24,1,0,0,0,0,0,1,5.8,5.8,0.1%,WR,2019
37,38,Taylor Gabriel,7,14,57,8.1,15,0,0,0,0,0,0,1,5.7,5.7,0.1%,WR,2019
38,39,Richie James,1,1,57,57.0,57,1,0,0,0,0,0,1,5.7,5.7,0.0%,WR,2019
39,40,Auden Tate,4,6,56,14.0,20,1,0,0,0,0,0,1,5.6,5.6,0.0%,WR,2019
40,41,Anthony Miller,6,11,54,9.0,16,0,0,0,0,0,0,1,5.4,5.4,0.0%,WR,2019
41,42,Cooper Kupp,3,3,53,17.7,50,1,0,0,0,0,0,1,5.3,5.3,97.9%,WR,2019
42,43,Kelvin Harmon,5,6,53,10.6,24,1,0,0,0,0,0,1,5.3,5.3,0.0%,WR,2019
43,44,Josh Reynolds,3,6,55,18.3,26,1,0,1,-5,0,0,1,5.0,5.0,7.4%,WR,2019
44,45,James Washington,3,5,49,16.3,22,1,0,0,0,0,0,1,4.9,4.9,0.0%,WR,2019
45,46,Danny Amendola,4,5,47,11.8,21,1,0,0,0,0,0,1,4.7,4.7,0.0%,WR,2019
46,47,Demaryius Thomas,4,5,44,11.0,17,0,0,0,0,0,0,1,4.4,4.4,0.1%,WR,2019
47,48,Christian Kirk,6,9,41,6.8,11,0,0,1,1,0,0,1,4.2,4.2,70.7%,WR,2019
48,49,Keelan Cole,4,5,41,10.3,14,0,0,0,0,0,0,1,4.1,4.1,0.0%,WR,2019
49,50,KhaDarel Hodge,1,2,41,41.0,41,1,0,0,0,0,0,1,4.1,4.1,0.1%,WR,2019
50,51,Nelson Agholor,4,9,40,10.0,19,0,0,0,0,0,0,1,4.0,4.0,0.9%,WR,2019
51,52,Marvin Hall,1,1,39,39.0,39,1,0,0,0,0,0,1,3.9,3.9,0.0%,WR,2019
52,53,Amari Cooper,3,8,38,12.7,16,0,0,0,0,0,0,1,3.8,3.8,91.5%,WR,2019
53,54,Cole Beasley,4,4,38,9.5,15,0,0,0,0,0,0,1,3.8,3.8,0.0%,WR,2019
54,55,Bisi Johnson,6,9,35,5.8,9,0,0,0,0,0,0,1,3.5,3.5,0.0%,WR,2019
55,56,Kenny Golladay,1,5,34,34.0,34,1,0,0,0,0,0,1,3.4,3.4,4.0%,WR,2019
56,57,Allen Hurns,4,6,53,13.3,20,1,0,0,0,0,1,1,3.3,3.3,0.0%,WR,2019
57,58,Emmanuel Sanders,3,5,33,11.0,14,0,0,0,0,0,0,1,3.3,3.3,0.0%,WR,2019
58,59,Russell Gage,2,4,32,16.0,18,0,0,0,0,0,0,1,3.2,3.2,0.0%,WR,2019
59,60,Dede Westbrook,4,6,32,8.0,15,0,0,0,0,0,0,1,3.2,3.2,0.0%,WR,2019
60,61,Isaiah McKenzie,3,6,21,7.0,16,0,0,1,10,0,0,1,3.1,3.1,0.2%,WR,2019
61,62,Trey Quinn,2,4,9,4.5,5,0,0,0,0,0,0,1,2.9,2.9,0.0%,WR,2019
62,63,Chester Rogers,1,2,11,11.0,11,0,0,1,18,0,0,1,2.9,2.9,0.0%,WR,2019
63,64,J.J. Arcega-Whiteside,1,1,29,29.0,29,1,0,0,0,0,0,1,2.9,2.9,0.0%,WR,2019
64,65,Kenny Stills,4,7,27,6.8,13,0,0,0,0,0,0,1,2.7,2.7,0.0%,WR,2019
65,66,Sammy Watkins,2,3,26,13.0,15,0,0,0,0,0,0,1,2.6,2.6,0.0%,WR,2019
66,67,Albert Wilson,3,6,26,8.7,13,0,0,0,0,0,0,1,2.6,2.6,0.0%,WR,2019
67,68,Curtis Samuel,4,6,25,6.3,14,0,0,0,0,0,0,1,2.5,2.5,49.2%,WR,2019
68,69,Keke Coutee,3,3,25,8.3,11,0,0,0,0,0,0,1,2.5,2.5,0.0%,WR,2019
69,70,Zay Jones,3,3,25,8.3,13,0,0,0,0,0,0,1,2.5,2.5,16.7%,WR,2019
70,71,Tevin Jones,2,4,24,12.0,16,0,0,0,0,0,0,1,2.4,2.4,0.0%,WR,2019
71,72,Hollywood Brown,2,4,23,11.5,17,0,0,0,0,0,0,1,2.3,2.3,79.1%,WR,2019
72,73,JuJu Smith-Schuster,2,4,21,10.5,16,0,0,0,0,0,0,1,2.1,2.1,7.0%,WR,2019
73,74,Breshad Perriman,1,3,20,20.0,20,1,0,0,0,0,0,1,2.0,2.0,0.0%,WR,2019
74,75,Jarius Wright,1,2,19,19.0,19,0,0,0,0,0,0,1,1.9,1.9,0.0%,WR,2019
75,76,N'Keal Harry,3,4,18,6.0,11,0,0,0,0,0,0,1,1.8,1.8,0.1%,WR,2019
76,77,Johnny Holton,1,7,18,18.0,18,0,0,0,0,0,0,1,1.8,1.8,0.0%,WR,2019
77,78,Zach Pascal,2,6,17,8.5,14,0,0,0,0,0,0,1,1.7,1.7,0.1%,WR,2019
78,79,Diontae Johnson,2,4,17,8.5,13,0,0,0,0,0,0,1,1.7,1.7,83.3%,WR,2019
79,80,Allen Robinson,4,6,15,3.8,6,0,0,0,0,0,0,1,1.5,1.5,0.6%,WR,2019
80,81,Justin Hardy,2,4,14,7.0,13,0,0,0,0,0,0,1,1.4,1.4,0.0%,WR,2019
81,82,Mecole Hardman,2,4,13,6.5,9,0,0,0,0,0,0,1,1.3,1.3,1.2%,WR,2019
82,83,Willie Snead,2,3,13,6.5,10,0,0,0,0,0,0,1,1.3,1.3,0.0%,WR,2019
83,84,Mohamed Sanu,2,4,4,2.0,3,0,0,1,8,0,0,1,1.2,1.2,0.0%,WR,2019
84,85,Javon Wims,1,2,11,11.0,11,0,0,0,0,0,0,1,1.1,1.1,0.0%,WR,2019
85,86,Tyler Boyd,1,3,0,0.0,0,0,0,1,10,0,0,1,1.0,1.0,28.0%,WR,2019
86,87,Mike Thomas,1,3,9,9.0,9,0,0,0,0,0,0,1,0.9,0.9,0.0%,WR,2019
87,88,Byron Pringle,1,1,9,9.0,9,0,0,0,0,0,0,1,0.9,0.9,0.0%,WR,2019
88,89,Jakobi Meyers,1,2,7,7.0,7,0,0,0,0,0,0,1,0.7,0.7,75.0%,WR,2019
89,90,Steven Sims,2,4,6,3.0,9,0,0,0,0,0,0,1,0.6,0.6,0.0%,WR,2019
90,91,Jordan Matthews,1,6,6,6.0,6,0,0,0,0,0,0,1,0.6,0.6,0.0%,WR,2019
91,92,Andy Isabella,1,4,6,6.0,6,0,0,0,0,0,0,1,0.6,0.6,0.0%,WR,2019
92,93,Marquise Goodwin,1,2,5,5.0,5,0,0,0,0,0,0,1,0.5,0.5,0.0%,WR,2019
93,94,Christian Blake,1,1,3,3.0,3,0,0,0,0,0,0,1,0.3,0.3,0.0%,WR,2019
94,95,Damion Willis,0,1,0,0.0,0,0,0,0,0,0,0,1,0.0,0.0,0.0%,WR,2019
95,96,Ventell Bryant,0,0,0,0.0,0,0,0,0,0,0,0,1,0.0,0.0,0.0%,WR,2019
96,97,Jason Moore,0,1,0,0.0,0,0,0,0,0,0,0,1,0.0,0.0,0.0%,WR,2019
97,98,Stanley Morgan,0,0,0,0.0,0,0,0,0,0,0,0,1,0.0,0.0,0.0%,WR,2019
98,99,Miles Boykin,0,2,0,0.0,0,0,0,0,0,0,0,1,0.0,0.0,0.0%,WR,2019
99,100,Ashton Dulin,0,0,0,0.0,0,0,0,0,0,0,0,1,0.0,0.0,0.1%,WR,2019
100,101,Gary Jennings,0,0,0,0.0,0,0,0,0,0,0,0,1,0.0,0.0,0.0%,WR,2019
101,102,Olamide Zaccheaus,0,0,0,0.0,0,0,0,0,0,0,0,1,0.0,0.0,0.1%,WR,2019
102,103,Nsimba Webster,0,0,0,0.0,0,0,0,0,0,0,0,1,0.0,0.0,0.0%,WR,2019
103,104,Michael Walker,0,0,0,0.0,0,0,0,0,0,0,0,1,0.0,0.0,0.0%,WR,2019
104,105,Tavon Austin,0,1,0,0.0,0,0,0,0,0,0,0,1,0.0,0.0,0.1%,WR,2019
105,106,Donte Moncrief,0,0,0,0.0,0,0,0,0,0,0,0,1,0.0,0.0,0.0%,WR,2019
106,107,De'Anthony Thomas,0,0,0,0.0,0,0,0,0,0,0,0,1,0.0,0.0,0.0%,WR,2019
107,108,Matthew Slater,0,0,0,0.0,0,0,0,0,0,0,0,1,0.0,0.0,0.0%,WR,2019
108,109,Andre Roberts,0,0,0,0.0,0,0,0,0,0,0,0,1,0.0,0.0,0.0%,WR,2019
109,110,JoJo Natson,0,0,0,0.0,0,0,0,0,0,0,0,1,0.0,0.0,0.0%,WR,2019
110,111,Justin Hardee,0,0,0,0.0,0,0,0,0,0,0,0,1,0.0,0.0,0.0%,WR,2019
111,112,Andre Patton,0,1,0,0.0,0,0,0,0,0,0,0,1,0.0,0.0,0.0%,WR,2019
112,113,Fred Brown,0,0,0,0.0,0,0,0,0,0,0,0,1,0.0,0.0,0.0%,WR,2019
113,114,Mack Hollins,0,1,0,0.0,0,0,0,0,0,0,0,1,0.0,0.0,0.3%,WR,2019
114,115,Jamal Agnew,0,0,0,0.0,0,0,0,0,0,0,0,1,0.0,0.0,1.0%,WR,2019
115,116,Krishawn Hogan,0,0,0,0.0,0,0,0,0,0,0,0,1,0.0,0.0,0.0%,WR,2019
116,117,Gehrig Dieter,0,0,0,0.0,0,0,0,0,0,0,0,1,0.0,0.0,0.0%,WR,2019
117,118,Cam Sims,0,0,0,0.0,0,0,0,0,0,0,0,1,0.0,0.0,0.0%,WR,2019
118,119,DaeSean Hamilton,0,0,0,0.0,0,0,0,0,0,0,0,1,0.0,0.0,0.0%,WR,2019
119,120,Robert Foster,0,0,0,0.0,0,0,0,0,0,0,0,1,0.0,0.0,0.0%,WR,2019
120,121,Marcell Ateman,0,0,0,0.0,0,0,0,0,0,0,0,1,0.0,0.0,0.0%,WR,2019
121,122,Tre'Quan Smith,0,1,0,0.0,0,0,0,0,0,0,0,1,0.0,0.0,0.0%,WR,2019
122,123,Braxton Berrios,0,0,0,0.0,0,0,0,0,0,0,0,1,0.0,0.0,1.2%,WR,2019
123,124,Dante Pettis,0,0,0,0.0,0,0,0,0,0,0,0,1,0.0,0.0,0.1%,WR,2019
124,125,Damion Ratley,0,0,0,0.0,0,0,0,0,0,0,0,1,0.0,0.0,0.0%,WR,2019
125,126,Trent Sherfield,0,0,0,0.0,0,0,0,0,0,0,0,1,0.0,0.0,0.1%,WR,2019
126,127,Justin Watson,0,0,0,0.0,0,0,0,0,0,0,0,1,0.0,0.0,1.8%,WR,2019
127,128,DeAndre Carter,0,0,0,0.0,0,0,0,0,0,0,0,1,0.0,0.0,0.0%,WR,2019
128,129,DeAndrew White,0,0,0,0.0,0,0,0,0,0,0,0,1,0.0,0.0,0.0%,WR,2019
129,130,Diontae Spencer,0,0,0,0.0,0,0,0,0,0,0,0,1,0.0,0.0,0.0%,WR,2019
130,131,Ty Montgomery,0,1,0,0.0,0,0,0,2,11,0,0,1,0.0,0.0,0.0%,WR,2019
131,132,Tyreek Hill,0,2,0,0.0,0,0,0,0,0,0,0,1,0.0,0.0,100.0%,WR,2019
132,133,Trevor Davis,0,0,0,0.0,0,0,0,0,0,0,0,1,0.0,0.0,0.0%,WR,2019
133,134,Demarcus Robinson,0,1,0,0.0,0,0,0,0,0,0,0,1,0.0,0.0,15.2%,WR,2019
134,135,Alex Erickson,1,5,0,0.0,0,0,0,0,0,0,0,1,0.0,0.0,0.0%,WR,2019
135,136,Laquon Treadwell,0,1,0,0.0,0,0,0,0,0,0,0,1,0.0,0.0,0.0%,WR,2019
136,137,Josh Doctson,0,0,0,0.0,0,0,0,0,0,0,0,1,0.0,0.0,0.0%,WR,2019
137,138,Rashard Higgins,0,0,0,0.0,0,0,0,0,0,0,0,1,0.0,0.0,0.0%,WR,2019
138,139,KeeSean Johnson,2,2,14,7.0,9,0,0,0,0,0,1,1,-0.6,-0.6,0.0%,WR,2019
139,140,Vyncint Smith,0,1,0,0.0,0,0,0,0,0,0,1,1,-2.0,-2.0,0.0%,WR,2019
