,Rank,Player,Receiving Receptions,Receiving Target,Receiving Yards,Yards/Reception,Longest Reception,Receiving 20+,Receiving Touchdowns,Rushing Attempts,Rushing Yards,Rushing Touchdown,Fumbles,Games Played,Fantasy Football Points,FTPS/Game,ROST,Position,Year
0,1,Mike Evans,8,15,190,23.8,55,4,3,0,0,0,0,1,37.0,37.0,98.1%,WR,2019
1,2,Keenan Allen,13,17,183,14.1,34,3,2,1,3,0,0,1,30.6,30.6,91.1%,WR,2019
2,3,Taylor Gabriel,6,7,75,12.5,36,1,3,1,7,0,0,1,26.2,26.2,0.1%,WR,2019
3,4,Cooper Kupp,11,12,101,9.2,22,2,2,0,0,0,0,1,22.1,22.1,97.9%,WR,2019
4,5,Tyler Lockett,11,14,154,14.0,40,3,1,0,0,0,0,1,21.4,21.4,88.8%,WR,2019
5,6,Amari Cooper,6,7,88,14.7,37,1,2,0,0,0,0,1,20.8,20.8,91.5%,WR,2019
6,7,Sterling Shepard,7,9,100,14.3,36,2,1,2,21,0,0,1,20.1,20.1,0.1%,WR,2019
7,8,Julio Jones,8,9,128,16.0,34,2,1,0,0,0,0,1,18.8,18.8,0.6%,WR,2019
8,9,Adam Thielen,3,5,55,18.3,35,1,1,1,1,1,0,1,17.6,17.6,74.6%,WR,2019
9,10,Mecole Hardman,2,5,97,48.5,83,1,1,1,7,0,0,1,16.4,16.4,1.2%,WR,2019
10,11,Marvin Jones,6,9,101,16.8,27,2,1,0,0,0,0,1,16.1,16.1,0.1%,WR,2019
11,12,Marquez Valdes-Scantling,6,10,91,15.2,40,2,1,0,0,0,0,1,15.1,15.1,1.3%,WR,2019
12,13,Nelson Agholor,8,12,50,6.3,20,1,2,0,0,0,1,1,15.0,15.0,0.9%,WR,2019
13,14,Paul Richardson,8,9,83,10.4,22,1,1,0,0,0,0,1,14.3,14.3,0.0%,WR,2019
14,15,JuJu Smith-Schuster,3,7,81,27.0,76,1,1,0,0,0,0,1,14.1,14.1,7.0%,WR,2019
15,16,DJ Chark,4,5,76,19.0,37,2,1,0,0,0,0,1,13.6,13.6,4.6%,WR,2019
16,17,Terry McLaurin,6,8,70,11.7,17,0,1,0,0,0,0,1,13.0,13.0,90.3%,WR,2019
17,18,Phillip Dorsett,6,7,53,8.8,25,1,1,2,12,0,0,1,12.5,12.5,0.0%,WR,2019
18,19,T.Y. Hilton,8,10,65,8.1,26,1,1,0,0,0,0,1,12.5,12.5,3.0%,WR,2019
19,20,DJ Moore,1,2,52,52.0,52,1,1,1,12,0,0,1,12.4,12.4,97.7%,WR,2019
20,21,Julian Edelman,7,10,62,8.9,15,0,1,0,0,0,0,1,12.2,12.2,12.1%,WR,2019
21,22,Brandin Cooks,8,12,112,14.0,23,1,0,1,8,0,0,1,12.0,12.0,43.5%,WR,2019
22,23,Diontae Johnson,3,6,52,17.3,39,1,1,1,6,0,0,1,11.8,11.8,83.3%,WR,2019
23,24,Michael Thomas,5,7,54,10.8,18,0,1,0,0,0,0,1,11.4,11.4,17.1%,WR,2019
24,25,Curtis Samuel,5,7,53,10.6,15,0,1,0,0,0,0,1,11.3,11.3,49.2%,WR,2019
25,26,Zach Pascal,2,3,53,26.5,35,1,1,0,0,0,0,1,11.3,11.3,0.1%,WR,2019
26,27,Demarcus Robinson,3,4,43,14.3,18,0,1,0,0,0,0,1,10.3,10.3,15.2%,WR,2019
27,28,J.J. Nelson,4,5,36,9.0,29,1,1,0,0,0,0,1,9.6,9.6,0.0%,WR,2019
28,29,Larry Fitzgerald,5,7,36,7.2,23,1,1,0,0,0,0,1,9.6,9.6,0.2%,WR,2019
29,30,Adam Humphries,6,9,93,15.5,30,2,0,0,0,0,0,1,9.3,9.3,0.0%,WR,2019
30,31,Kenny Stills,4,6,89,22.3,38,2,0,0,0,0,0,1,8.9,8.9,0.0%,WR,2019
31,32,Tyrell Williams,3,3,29,9.7,15,0,1,0,0,0,0,1,8.9,8.9,0.0%,WR,2019
32,33,Courtland Sutton,5,7,87,17.4,52,1,0,0,0,0,0,1,8.7,8.7,83.4%,WR,2019
33,34,Josh Gordon,6,11,83,13.8,28,2,0,1,1,0,0,1,8.4,8.4,0.0%,WR,2019
34,35,Darius Slayton,3,5,82,27.3,46,2,0,0,0,0,0,1,8.2,8.2,2.7%,WR,2019
35,36,Dante Pettis,4,5,20,5.0,12,0,1,0,0,0,0,1,8.0,8.0,0.1%,WR,2019
36,37,Mohamed Sanu,6,6,75,12.5,16,0,0,1,2,0,0,1,7.7,7.7,0.0%,WR,2019
37,38,Tajae Sharpe,2,3,70,35.0,47,2,0,0,0,0,0,1,7.0,7.0,0.0%,WR,2019
38,39,Auden Tate,6,10,88,14.7,32,2,0,0,0,0,1,1,6.8,6.8,0.0%,WR,2019
39,40,Cole Beasley,8,10,48,6.0,10,0,0,0,0,0,0,1,6.8,6.8,0.0%,WR,2019
40,41,Preston Williams,4,12,68,17.0,25,2,0,0,0,0,0,1,6.8,6.8,0.0%,WR,2019
41,42,Tyler Boyd,6,11,68,11.3,26,1,0,0,0,0,0,1,6.8,6.8,28.0%,WR,2019
42,43,DeAndre Hopkins,6,7,67,11.2,34,1,0,0,0,0,0,1,6.7,6.7,92.5%,WR,2019
43,44,DK Metcalf,2,6,67,33.5,54,1,0,0,0,0,0,1,6.7,6.7,98.5%,WR,2019
44,45,Sammy Watkins,5,8,64,12.8,36,1,0,0,0,0,0,1,6.4,6.4,0.0%,WR,2019
45,46,Mack Hollins,4,7,62,15.5,20,1,0,0,0,0,0,1,6.2,6.2,0.3%,WR,2019
46,47,Jarvis Landry,3,9,62,20.7,27,2,0,0,0,0,0,1,6.2,6.2,14.0%,WR,2019
47,48,Allen Robinson,6,7,60,10.0,14,0,0,0,0,0,0,1,6.0,6.0,0.6%,WR,2019
48,49,Jamal Agnew,0,0,0,0.0,0,0,0,0,0,0,0,1,6.0,6.0,1.0%,WR,2019
49,50,Christian Kirk,10,12,59,5.9,13,0,0,0,0,0,0,1,5.9,5.9,70.7%,WR,2019
50,51,Robert Woods,3,8,40,13.3,18,0,0,2,18,0,0,1,5.8,5.8,2.7%,WR,2019
51,52,Davante Adams,4,4,56,14.0,22,1,0,0,0,0,0,1,5.6,5.6,99.9%,WR,2019
52,53,Odell Beckham,6,9,56,9.3,19,0,0,0,0,0,0,1,5.6,5.6,33.2%,WR,2019
53,54,DeVante Parker,3,6,56,18.7,40,1,0,0,0,0,0,1,5.6,5.6,1.7%,WR,2019
54,55,John Brown,4,5,51,12.8,27,1,0,1,4,0,0,1,5.5,5.5,0.0%,WR,2019
55,56,William Fuller,5,7,51,10.2,30,1,0,0,0,0,0,1,5.1,5.1,0.0%,WR,2019
56,57,Dede Westbrook,5,9,46,9.2,28,1,0,1,4,0,0,1,5.0,5.0,0.0%,WR,2019
57,58,Hollywood Brown,2,9,49,24.5,31,1,0,0,0,0,0,1,4.9,4.9,79.1%,WR,2019
58,59,Willie Snead,3,5,47,15.7,23,1,0,0,0,0,0,1,4.7,4.7,0.0%,WR,2019
59,60,Mike Williams,3,7,45,15.0,20,1,0,0,0,0,0,1,4.5,4.5,48.2%,WR,2019
60,61,Corey Davis,3,4,44,14.7,19,0,0,0,0,0,0,1,4.4,4.4,0.0%,WR,2019
61,62,Deebo Samuel,3,4,44,14.7,20,1,0,0,0,0,0,1,4.4,4.4,98.8%,WR,2019
62,63,Marquise Goodwin,2,2,41,20.5,25,1,0,0,0,0,0,1,4.1,4.1,0.0%,WR,2019
63,64,Chris Godwin,3,5,40,13.3,20,1,0,0,0,0,0,1,4.0,4.0,90.4%,WR,2019
64,65,Deonte Harty,0,0,0,0.0,0,0,0,0,0,0,1,1,4.0,4.0,0.1%,WR,2019
65,66,Devin Smith,2,5,39,19.5,33,1,0,0,0,0,0,1,3.9,3.9,0.0%,WR,2019
66,67,Jarius Wright,2,2,38,19.0,33,1,0,0,0,0,0,1,3.8,3.8,0.0%,WR,2019
67,68,Jakobi Meyers,2,3,38,19.0,20,1,0,0,0,0,0,1,3.8,3.8,75.0%,WR,2019
68,69,Seth Roberts,2,2,37,18.5,25,1,0,0,0,0,0,1,3.7,3.7,0.0%,WR,2019
69,70,Danny Amendola,4,5,37,9.3,22,1,0,0,0,0,0,1,3.7,3.7,0.0%,WR,2019
70,71,Zay Jones,2,3,33,16.5,23,1,0,0,0,0,0,1,3.3,3.3,16.7%,WR,2019
71,72,Jakeem Grant,4,7,27,6.8,10,0,0,1,4,0,0,1,3.1,3.1,0.0%,WR,2019
72,73,Jaron Brown,3,6,30,10.0,16,0,0,0,0,0,0,1,3.0,3.0,0.0%,WR,2019
73,74,Trey Quinn,5,7,30,6.0,7,0,0,0,0,0,0,1,3.0,3.0,0.0%,WR,2019
74,75,Chris Conley,2,3,30,15.0,15,0,0,0,0,0,0,1,3.0,3.0,0.1%,WR,2019
75,76,Braxton Berrios,2,6,29,14.5,23,1,0,0,0,0,0,1,2.9,2.9,1.2%,WR,2019
76,77,David Moore,1,2,29,29.0,29,1,0,0,0,0,0,1,2.9,2.9,0.1%,WR,2019
77,78,Hunter Renfrow,3,4,28,9.3,12,0,0,0,0,0,0,1,2.8,2.8,0.7%,WR,2019
78,79,Damion Ratley,3,5,26,8.7,16,0,0,0,0,0,0,1,2.6,2.6,0.0%,WR,2019
79,80,Jamison Crowder,2,5,25,12.5,15,0,0,0,0,0,0,1,2.5,2.5,0.3%,WR,2019
80,81,Steven Sims,2,2,24,12.0,13,0,0,0,0,0,0,1,2.4,2.4,0.0%,WR,2019
81,82,Parris Campbell,3,3,24,8.0,11,0,0,0,0,0,0,1,2.4,2.4,0.7%,WR,2019
82,83,Randall Cobb,2,4,23,11.5,20,1,0,0,0,0,0,1,2.3,2.3,0.0%,WR,2019
83,84,Dontrelle Inman,1,3,23,23.0,23,1,0,0,0,0,0,1,2.3,2.3,0.0%,WR,2019
84,85,Kendrick Bourne,1,2,22,22.0,22,1,0,0,0,0,0,1,2.2,2.2,4.5%,WR,2019
85,86,Isaiah McKenzie,1,1,9,9.0,9,0,0,3,10,0,0,1,1.9,1.9,0.2%,WR,2019
86,87,Breshad Perriman,1,2,6,6.0,6,0,0,1,13,0,0,1,1.9,1.9,0.0%,WR,2019
87,88,Malik Turner,2,3,19,9.5,11,0,0,0,0,0,0,1,1.9,1.9,0.0%,WR,2019
88,89,Kenny Golladay,2,8,17,8.5,10,0,0,0,0,0,0,1,1.7,1.7,4.0%,WR,2019
89,90,Stefon Diggs,3,3,15,5.0,5,0,0,0,0,0,0,1,1.5,1.5,99.7%,WR,2019
90,91,Ted Ginn,2,5,15,7.5,10,0,0,0,0,0,0,1,1.5,1.5,0.0%,WR,2019
91,92,Anthony Miller,1,3,15,15.0,15,0,0,0,0,0,0,1,1.5,1.5,0.0%,WR,2019
92,93,James Washington,2,5,14,7.0,8,0,0,0,0,0,0,1,1.4,1.4,0.0%,WR,2019
93,94,KeeSean Johnson,3,4,13,4.3,5,0,0,0,0,0,0,1,1.3,1.3,0.0%,WR,2019
94,95,Alex Erickson,1,1,13,13.0,13,0,0,0,0,0,0,1,1.3,1.3,0.0%,WR,2019
95,96,Robbie Chosen,3,5,11,3.7,7,0,0,0,0,0,0,1,1.1,1.1,0.0%,WR,2019
96,97,J.J. Arcega-Whiteside,1,3,10,10.0,10,0,0,0,0,0,0,1,1.0,1.0,0.0%,WR,2019
97,98,Emmanuel Sanders,2,5,10,5.0,6,0,0,0,0,0,0,1,1.0,1.0,0.0%,WR,2019
98,99,Deon Cain,1,3,10,10.0,10,0,0,0,0,0,0,1,1.0,1.0,0.0%,WR,2019
99,100,Damiere Byrd,2,4,9,4.5,11,0,0,0,0,0,0,1,0.9,0.9,0.0%,WR,2019
100,101,Michael Crabtree,2,2,9,4.5,6,0,0,0,0,0,0,1,0.9,0.9,0.0%,WR,2019
101,102,Johnny Holton,0,0,0,0.0,0,0,0,1,9,0,0,1,0.9,0.9,0.0%,WR,2019
102,103,Javon Wims,1,1,8,8.0,8,0,0,0,0,0,0,1,0.8,0.8,0.0%,WR,2019
103,104,Byron Pringle,1,1,7,7.0,7,0,0,0,0,0,0,1,0.7,0.7,0.0%,WR,2019
104,105,Allen Hurns,1,2,6,6.0,6,0,0,0,0,0,0,1,0.6,0.6,0.0%,WR,2019
105,106,Russell Shepard,1,5,6,6.0,6,0,0,0,0,0,0,1,0.6,0.6,0.0%,WR,2019
106,107,Calvin Ridley,1,1,6,6.0,6,0,0,0,0,0,0,1,0.6,0.6,95.2%,WR,2019
107,108,Chris Hogan,1,2,6,6.0,6,0,0,0,0,0,0,1,0.6,0.6,0.0%,WR,2019
108,109,Justin Hardy,1,1,6,6.0,6,0,0,0,0,0,0,1,0.6,0.6,0.0%,WR,2019
109,110,Travis Benjamin,2,5,5,2.5,12,0,0,0,0,0,0,1,0.5,0.5,0.0%,WR,2019
110,111,Bennie Fowler,1,3,5,5.0,5,0,0,0,0,0,0,1,0.5,0.5,0.0%,WR,2019
111,112,A.J. Brown,1,5,4,4.0,4,0,0,0,0,0,0,1,0.4,0.4,99.9%,WR,2019
112,113,John Ross,2,6,22,11.0,15,0,0,0,0,0,1,1,0.2,0.2,0.0%,WR,2019
113,114,Richie James,2,2,22,11.0,16,0,0,0,0,0,1,1,0.2,0.2,0.0%,WR,2019
114,115,Juwann Winfree,0,0,0,0.0,0,0,0,0,0,0,0,1,0.0,0.0,0.0%,WR,2019
115,116,Lil'Jordan Humphrey,0,0,0,0.0,0,0,0,0,0,0,0,1,0.0,0.0,0.1%,WR,2019
116,117,Keelan Doss,0,0,0,0.0,0,0,0,0,0,0,0,1,0.0,0.0,0.0%,WR,2019
117,118,Bisi Johnson,0,0,0,0.0,0,0,0,0,0,0,0,1,0.0,0.0,0.0%,WR,2019
118,119,Scotty Miller,0,0,0,0.0,0,0,0,0,0,0,0,1,0.0,0.0,0.1%,WR,2019
119,120,Damion Willis,0,0,0,0.0,0,0,0,0,0,0,0,1,0.0,0.0,0.0%,WR,2019
120,121,Darrius Shepherd,0,0,0,0.0,0,0,0,0,0,0,0,1,0.0,0.0,0.0%,WR,2019
121,122,Miles Boykin,0,1,0,0.0,0,0,0,0,0,0,0,1,0.0,0.0,0.0%,WR,2019
122,123,Josh Bellamy,0,0,0,0.0,0,0,0,0,0,0,0,1,0.0,0.0,0.0%,WR,2019
123,124,T.J. Jones,0,0,0,0.0,0,0,0,0,0,0,0,1,0.0,0.0,0.0%,WR,2019
124,125,De'Anthony Thomas,0,0,0,0.0,0,0,0,0,0,0,0,1,0.0,0.0,0.0%,WR,2019
125,126,Marqise Lee,0,0,0,0.0,0,0,0,0,0,0,0,1,0.0,0.0,0.0%,WR,2019
126,127,Matthew Slater,0,0,0,0.0,0,0,0,0,0,0,0,1,0.0,0.0,0.0%,WR,2019
127,128,Andre Roberts,0,0,0,0.0,0,0,0,0,0,0,0,1,0.0,0.0,0.0%,WR,2019
128,129,Bobo Wilson,0,1,0,0.0,0,0,0,0,0,0,0,1,0.0,0.0,0.1%,WR,2019
129,130,Greg Ward,0,0,0,0.0,0,0,0,0,0,0,0,1,0.0,0.0,0.0%,WR,2019
130,131,Cedrick Wilson,0,1,0,0.0,0,0,0,0,0,0,0,1,0.0,0.0,1.1%,WR,2019
131,132,Robert Davis,0,0,0,0.0,0,0,0,0,0,0,0,1,0.0,0.0,0.0%,WR,2019
132,133,Josh Reynolds,0,2,0,0.0,0,0,0,0,0,0,0,1,0.0,0.0,7.4%,WR,2019
133,134,Austin Carr,0,0,0,0.0,0,0,0,0,0,0,0,1,0.0,0.0,0.0%,WR,2019
134,135,Taywan Taylor,0,0,0,0.0,0,0,0,0,0,0,0,1,0.0,0.0,0.0%,WR,2019
135,136,JoJo Natson,0,0,0,0.0,0,0,0,0,0,0,0,1,0.0,0.0,0.0%,WR,2019
136,137,Keelan Cole,0,0,0,0.0,0,0,0,0,0,0,0,1,0.0,0.0,0.0%,WR,2019
137,138,Justin Hardee,0,0,0,0.0,0,0,0,0,0,0,0,1,0.0,0.0,0.0%,WR,2019
138,139,Ryan Switzer,0,0,0,0.0,0,0,0,0,0,0,0,1,0.0,0.0,0.0%,WR,2019
139,140,KhaDarel Hodge,0,0,0,0.0,0,0,0,0,0,0,0,1,0.0,0.0,0.1%,WR,2019
140,141,Chad Beebe,0,0,0,0.0,0,0,0,0,0,0,0,1,0.0,0.0,0.0%,WR,2019
141,142,Andy Isabella,0,0,0,0.0,0,0,0,0,0,0,0,1,0.0,0.0,0.0%,WR,2019
142,143,Kelvin Harmon,0,0,0,0.0,0,0,0,0,0,0,0,1,0.0,0.0,0.0%,WR,2019
143,144,Russell Gage,0,0,0,0.0,0,0,0,0,0,0,0,1,0.0,0.0,0.0%,WR,2019
144,145,Ray-Ray McCloud,0,0,0,0.0,0,0,0,0,0,0,0,1,0.0,0.0,0.6%,WR,2019
145,146,Justin Watson,0,0,0,0.0,0,0,0,0,0,0,0,1,0.0,0.0,1.8%,WR,2019
146,147,Keke Coutee,0,0,0,0.0,0,0,0,0,0,0,0,1,0.0,0.0,0.0%,WR,2019
147,148,Allen Lazard,0,0,0,0.0,0,0,0,0,0,0,0,1,0.0,0.0,4.8%,WR,2019
148,149,Robert Foster,0,1,0,0.0,0,0,0,0,0,0,0,1,0.0,0.0,0.0%,WR,2019
149,150,DaeSean Hamilton,0,0,0,0.0,0,0,0,0,0,0,0,1,0.0,0.0,0.0%,WR,2019
150,151,Trent Sherfield,0,1,0,0.0,0,0,0,0,0,0,0,1,0.0,0.0,0.1%,WR,2019
151,152,DeAndre Carter,0,0,0,0.0,0,0,0,0,0,0,0,1,0.0,0.0,0.0%,WR,2019
152,153,Geremy Davis,0,0,0,0.0,0,0,0,0,0,0,0,1,0.0,0.0,0.0%,WR,2019
153,154,Darius Jennings,0,2,0,0.0,0,0,0,0,0,0,0,1,0.0,0.0,0.0%,WR,2019
154,155,Diontae Spencer,0,0,0,0.0,0,0,0,0,0,0,0,1,0.0,0.0,0.0%,WR,2019
155,156,Ty Montgomery,0,1,0,0.0,0,0,0,2,1,0,0,1,0.0,0.0,0.0%,WR,2019
156,157,Chester Rogers,0,0,0,0.0,0,0,0,0,0,0,0,1,0.0,0.0,0.0%,WR,2019
157,158,Mike Thomas,0,0,0,0.0,0,0,0,0,0,0,0,1,0.0,0.0,0.0%,WR,2019
158,159,Marvin Hall,0,0,0,0.0,0,0,0,0,0,0,0,1,0.0,0.0,0.0%,WR,2019
159,160,Chris Moore,0,0,0,0.0,0,0,0,0,0,0,0,1,0.0,0.0,0.1%,WR,2019
160,161,Cody Core,0,0,0,0.0,0,0,0,0,0,0,0,1,0.0,0.0,0.0%,WR,2019
161,162,Geronimo Allison,1,3,-1,-1.0,0,0,0,0,0,0,0,1,-0.1,-0.1,0.0%,WR,2019
162,163,Gunner Olszewski,0,0,0,0.0,0,0,0,0,0,0,1,1,-2.0,-2.0,0.1%,WR,2019
