,Rank,Player,Receiving Receptions,Receiving Target,Receiving Yards,Yards/Reception,Longest Reception,Receiving 20+,Receiving Touchdowns,Rushing Attempts,Rushing Yards,Rushing Touchdown,Fumbles,Games Played,Fantasy Football Points,FTPS/Game,ROST,Position,Year
0,1,William Fuller,14,16,217,15.5,44,4,3,0,0,0,0,1,39.7,39.7,0.0%,WR,2019
1,2,Michael Thomas,11,13,182,16.5,42,3,2,0,0,0,0,1,30.2,30.2,17.1%,WR,2019
2,3,Amari Cooper,11,14,226,20.5,53,5,1,0,0,0,0,1,28.6,28.6,91.5%,WR,2019
3,4,DJ Chark,8,11,164,20.5,37,4,2,0,0,0,0,1,28.4,28.4,4.6%,WR,2019
4,5,Adam Thielen,7,8,130,18.6,44,2,2,0,0,0,0,1,25.0,25.0,74.6%,WR,2019
5,6,Chris Godwin,7,9,125,17.9,26,3,2,0,0,0,0,1,24.5,24.5,90.4%,WR,2019
6,7,Allen Robinson,7,9,97,13.9,32,1,2,0,0,0,0,1,21.7,21.7,0.6%,WR,2019
7,8,Tyler Boyd,10,14,123,12.3,42,2,1,0,0,0,0,1,18.3,18.3,28.0%,WR,2019
8,9,Cooper Kupp,9,17,117,13.0,26,2,1,0,0,0,0,1,17.7,17.7,97.9%,WR,2019
9,10,Michael Gallup,7,14,113,16.1,40,2,1,0,0,0,0,1,17.3,17.3,6.4%,WR,2019
10,11,Julian Edelman,8,9,110,13.8,31,1,1,0,0,0,0,1,17.0,17.0,12.1%,WR,2019
11,12,Byron Pringle,6,8,103,17.2,28,3,1,0,0,0,0,1,16.3,16.3,0.0%,WR,2019
12,13,Courtland Sutton,4,7,92,23.0,70,1,1,0,0,0,0,1,15.2,15.2,83.4%,WR,2019
13,14,Calvin Ridley,5,9,88,17.6,29,2,1,0,0,0,0,1,14.8,14.8,95.2%,WR,2019
14,15,Steven Sims,2,3,1,0.5,5,0,0,1,65,1,0,1,12.6,12.6,0.0%,WR,2019
15,16,Darius Slayton,4,5,62,15.5,35,1,1,0,0,0,0,1,12.2,12.2,2.7%,WR,2019
16,17,JuJu Smith-Schuster,7,7,75,10.7,35,1,1,0,0,0,1,1,11.5,11.5,7.0%,WR,2019
17,18,DK Metcalf,2,3,44,22.0,40,1,1,0,0,0,0,1,10.4,10.4,98.5%,WR,2019
18,19,Tyler Lockett,4,4,51,12.8,17,0,1,1,-8,0,0,1,10.3,10.3,88.8%,WR,2019
19,20,Mohamed Sanu,5,5,42,8.4,14,0,1,1,1,0,0,1,10.3,10.3,0.0%,WR,2019
20,21,Ted Ginn,2,2,35,17.5,33,1,1,1,1,0,0,1,9.6,9.6,0.0%,WR,2019
21,22,DJ Moore,6,8,91,15.2,52,1,0,0,0,0,0,1,9.1,9.1,97.7%,WR,2019
22,23,Duke Williams,4,4,29,7.3,11,0,1,0,0,0,0,1,8.9,8.9,0.0%,WR,2019
23,24,DeAndre Hopkins,7,8,88,12.6,29,2,0,0,0,0,0,1,8.8,8.8,92.5%,WR,2019
24,25,Auden Tate,3,6,26,8.7,15,0,1,0,0,0,0,1,8.6,8.6,0.0%,WR,2019
25,26,Dede Westbrook,7,11,82,11.7,30,1,0,0,0,0,0,1,8.2,8.2,0.0%,WR,2019
26,27,Hollywood Brown,3,5,22,7.3,11,0,1,0,0,0,0,1,8.2,8.2,79.1%,WR,2019
27,28,Vyncint Smith,0,0,0,0.0,0,0,0,1,19,1,0,1,7.9,7.9,0.0%,WR,2019
28,29,Jarvis Landry,4,6,75,18.8,25,2,0,0,0,0,0,1,7.5,7.5,14.0%,WR,2019
29,30,John Brown,5,5,75,15.0,21,1,0,0,0,0,0,1,7.5,7.5,0.0%,WR,2019
30,31,Mike Williams,6,13,74,12.3,20,1,0,0,0,0,0,1,7.4,7.4,48.2%,WR,2019
31,32,Mecole Hardman,4,6,79,19.8,31,1,0,1,-6,0,0,1,7.3,7.3,1.2%,WR,2019
32,33,Keke Coutee,3,4,72,24.0,51,1,0,0,0,0,0,1,7.2,7.2,0.0%,WR,2019
33,34,David Moore,1,2,10,10.0,10,0,1,0,0,0,0,1,7.0,7.0,0.1%,WR,2019
34,35,Josh Gordon,5,8,59,11.8,24,1,0,0,0,0,0,1,5.9,5.9,0.0%,WR,2019
35,36,Larry Fitzgerald,6,8,58,9.7,17,0,0,0,0,0,0,1,5.8,5.8,0.2%,WR,2019
36,37,Brandin Cooks,1,3,29,29.0,29,1,0,1,27,0,0,1,5.6,5.6,43.5%,WR,2019
37,38,Marquise Goodwin,3,4,41,13.7,17,0,0,1,15,0,0,1,5.6,5.6,0.0%,WR,2019
38,39,Randall Cobb,3,6,53,17.7,25,1,0,0,0,0,0,1,5.3,5.3,0.0%,WR,2019
39,40,James Washington,3,6,52,17.3,26,2,0,0,0,0,0,1,5.2,5.2,0.0%,WR,2019
40,41,Alshon Jeffery,6,8,52,8.7,13,0,0,0,0,0,0,1,5.2,5.2,0.0%,WR,2019
41,42,Isaiah McKenzie,2,2,52,26.0,46,1,0,0,0,0,0,1,5.2,5.2,0.2%,WR,2019
42,43,Anthony Miller,4,7,52,13.0,32,1,0,0,0,0,0,1,5.2,5.2,0.0%,WR,2019
43,44,Terry McLaurin,3,7,51,17.0,22,1,0,0,0,0,0,1,5.1,5.1,90.3%,WR,2019
44,45,Willie Snead,4,5,51,12.8,23,1,0,0,0,0,0,1,5.1,5.1,0.0%,WR,2019
45,46,Robert Woods,5,9,48,9.6,17,0,0,0,0,0,0,1,4.8,4.8,2.7%,WR,2019
46,47,Sterling Shepard,5,9,49,9.8,18,0,0,1,-2,0,0,1,4.7,4.7,0.1%,WR,2019
47,48,Demaryius Thomas,4,9,47,11.8,16,0,0,0,0,0,0,1,4.7,4.7,0.1%,WR,2019
48,49,Stefon Diggs,3,4,44,14.7,20,1,0,0,0,0,0,1,4.4,4.4,99.7%,WR,2019
49,50,Curtis Samuel,3,6,19,6.3,7,0,0,2,25,0,0,1,4.4,4.4,49.2%,WR,2019
50,51,Bisi Johnson,4,4,43,10.8,23,1,0,0,0,0,0,1,4.3,4.3,0.0%,WR,2019
51,52,Julio Jones,3,7,42,14.0,20,1,0,0,0,0,0,1,4.2,4.2,0.6%,WR,2019
52,53,Damion Willis,4,4,38,9.5,12,0,0,0,0,0,0,1,3.8,3.8,0.0%,WR,2019
53,54,T.Y. Hilton,4,4,37,9.3,14,0,0,0,0,0,0,1,3.7,3.7,3.0%,WR,2019
54,55,Pharoh Cooper,2,2,33,16.5,28,1,0,0,0,0,0,1,3.3,3.3,0.0%,WR,2019
55,56,Demarcus Robinson,3,6,31,10.3,14,0,0,0,0,0,0,1,3.1,3.1,15.2%,WR,2019
56,57,Adam Humphries,4,6,30,7.5,10,0,0,0,0,0,0,1,3.0,3.0,0.0%,WR,2019
57,58,Odell Beckham,2,6,27,13.5,20,1,0,2,15,0,1,1,3.0,3.0,33.2%,WR,2019
58,59,Geronimo Allison,2,6,28,14.0,22,1,0,0,0,0,0,1,2.8,2.8,0.0%,WR,2019
59,60,Corey Davis,2,4,28,14.0,23,1,0,0,0,0,0,1,2.8,2.8,0.0%,WR,2019
60,61,Diontae Johnson,5,8,27,5.4,13,0,0,0,0,0,0,1,2.7,2.7,83.3%,WR,2019
61,62,A.J. Brown,2,2,27,13.5,14,0,0,0,0,0,0,1,2.7,2.7,99.9%,WR,2019
62,63,Tavon Austin,1,1,13,13.0,13,0,0,1,14,0,0,1,2.7,2.7,0.1%,WR,2019
63,64,Chris Conley,1,3,26,26.0,26,1,0,0,0,0,0,1,2.6,2.6,0.1%,WR,2019
64,65,KeeSean Johnson,3,7,22,7.3,9,0,0,1,3,0,0,1,2.5,2.5,0.0%,WR,2019
65,66,Kendrick Bourne,2,2,24,12.0,14,0,0,0,0,0,0,1,2.4,2.4,4.5%,WR,2019
66,67,Trent Sherfield,1,3,23,23.0,23,1,0,0,0,0,0,1,2.3,2.3,0.1%,WR,2019
67,68,Trevor Davis,4,4,42,10.5,21,1,0,0,0,0,1,1,2.2,2.2,0.0%,WR,2019
68,69,Cole Beasley,3,4,21,7.0,8,0,0,0,0,0,0,1,2.1,2.1,0.0%,WR,2019
69,70,Zach Pascal,1,2,8,8.0,8,0,0,1,12,0,0,1,2.0,2.0,0.1%,WR,2019
70,71,Nelson Agholor,1,3,20,20.0,20,1,0,0,0,0,0,1,2.0,2.0,0.9%,WR,2019
71,72,Marquez Valdes-Scantling,1,4,18,18.0,18,0,0,0,0,0,0,1,1.8,1.8,1.3%,WR,2019
72,73,Scotty Miller,0,2,0,0.0,0,0,0,1,18,0,0,1,1.8,1.8,0.1%,WR,2019
73,74,Keenan Allen,4,6,18,4.5,10,0,0,0,0,0,0,1,1.8,1.8,91.1%,WR,2019
74,75,Robbie Chosen,1,3,16,16.0,16,0,0,0,0,0,0,1,1.6,1.6,0.0%,WR,2019
75,76,Jaron Brown,2,4,36,18.0,21,1,0,0,0,0,1,1,1.6,1.6,0.0%,WR,2019
76,77,Paul Richardson,2,2,14,7.0,8,0,0,0,0,0,0,1,1.4,1.4,0.0%,WR,2019
77,78,Golden Tate,3,6,13,4.3,5,0,0,0,0,0,0,1,1.3,1.3,0.0%,WR,2019
78,79,Travis Benjamin,1,2,13,13.0,13,0,0,0,0,0,0,1,1.3,1.3,0.0%,WR,2019
79,80,Hunter Renfrow,1,5,12,12.0,12,0,0,0,0,0,0,1,1.2,1.2,0.7%,WR,2019
80,81,Russell Gage,1,2,12,12.0,12,0,0,0,0,0,0,1,1.2,1.2,0.0%,WR,2019
81,82,Josh Reynolds,1,1,12,12.0,12,0,0,0,0,0,0,1,1.2,1.2,7.4%,WR,2019
82,83,Tajae Sharpe,1,1,12,12.0,12,0,0,0,0,0,0,1,1.2,1.2,0.0%,WR,2019
83,84,Dante Pettis,1,3,11,11.0,11,0,0,0,0,0,0,1,1.1,1.1,0.1%,WR,2019
84,85,Bobo Wilson,1,2,11,11.0,11,0,0,0,0,0,0,1,1.1,1.1,0.1%,WR,2019
85,86,Andy Isabella,0,0,0,0.0,0,0,0,2,11,0,0,1,1.1,1.1,0.0%,WR,2019
86,87,Keelan Doss,2,2,11,5.5,7,0,0,0,0,0,0,1,1.1,1.1,0.0%,WR,2019
87,88,Jamison Crowder,2,3,10,5.0,5,0,0,0,0,0,0,1,1.0,1.0,0.3%,WR,2019
88,89,Jake Kumerow,1,2,9,9.0,9,0,0,0,0,0,0,1,0.9,0.9,0.0%,WR,2019
89,90,Emmanuel Sanders,1,1,9,9.0,9,0,0,0,0,0,0,1,0.9,0.9,0.0%,WR,2019
90,91,Diontae Spencer,0,0,0,0.0,0,0,0,1,9,0,0,1,0.9,0.9,0.0%,WR,2019
91,92,Deon Cain,1,1,7,7.0,7,0,0,0,0,0,0,1,0.7,0.7,0.0%,WR,2019
92,93,Alex Erickson,1,1,7,7.0,7,0,0,0,0,0,0,1,0.7,0.7,0.0%,WR,2019
93,94,Andre Roberts,0,0,0,0.0,0,0,0,1,7,0,0,1,0.7,0.7,0.0%,WR,2019
94,95,Jakobi Meyers,1,2,6,6.0,6,0,0,0,0,0,0,1,0.6,0.6,75.0%,WR,2019
95,96,Stanley Morgan,1,2,6,6.0,6,0,0,0,0,0,0,1,0.6,0.6,0.0%,WR,2019
96,97,Jarius Wright,1,3,6,6.0,6,0,0,0,0,0,0,1,0.6,0.6,0.0%,WR,2019
97,98,Marqise Lee,1,2,5,5.0,5,0,0,0,0,0,0,1,0.5,0.5,0.0%,WR,2019
98,99,Justin Hardy,1,1,5,5.0,5,0,0,0,0,0,0,1,0.5,0.5,0.0%,WR,2019
99,100,Kelvin Harmon,1,1,4,4.0,4,0,0,0,0,0,0,1,0.4,0.4,0.0%,WR,2019
100,101,Johnny Holton,0,1,4,0.0,4,0,0,0,0,0,0,1,0.4,0.4,0.0%,WR,2019
101,102,Deebo Samuel,1,3,3,3.0,3,0,0,0,0,0,0,1,0.3,0.3,98.8%,WR,2019
102,103,Miles Boykin,0,0,0,0.0,0,0,0,0,0,0,0,1,0.0,0.0,0.0%,WR,2019
103,104,Ashton Dulin,0,0,0,0.0,0,0,0,0,0,0,0,1,0.0,0.0,0.1%,WR,2019
104,105,Deonte Harty,0,0,0,0.0,0,0,0,0,0,0,0,1,0.0,0.0,0.1%,WR,2019
105,106,Gunner Olszewski,0,0,0,0.0,0,0,0,0,0,0,0,1,0.0,0.0,0.1%,WR,2019
106,107,Ventell Bryant,0,0,0,0.0,0,0,0,0,0,0,0,1,0.0,0.0,0.0%,WR,2019
107,108,Darrius Shepherd,0,0,0,0.0,0,0,0,0,0,0,0,1,0.0,0.0,0.0%,WR,2019
108,109,Josh Bellamy,0,0,0,0.0,0,0,0,0,0,0,0,1,0.0,0.0,0.0%,WR,2019
109,110,De'Anthony Thomas,0,0,0,0.0,0,0,0,0,0,0,0,1,0.0,0.0,0.0%,WR,2019
110,111,Sammy Watkins,0,0,0,0.0,0,0,0,0,0,0,0,1,0.0,0.0,0.0%,WR,2019
111,112,Mike Evans,0,3,0,0.0,0,0,0,0,0,0,0,1,0.0,0.0,98.1%,WR,2019
112,113,Cody Latimer,0,1,0,0.0,0,0,0,0,0,0,0,1,0.0,0.0,0.0%,WR,2019
113,114,Matthew Slater,0,0,0,0.0,0,0,0,0,0,0,0,1,0.0,0.0,0.0%,WR,2019
114,115,Keelan Cole,0,1,0,0.0,0,0,0,0,0,0,0,1,0.0,0.0,0.0%,WR,2019
115,116,Justin Hardee,0,0,0,0.0,0,0,0,0,0,0,0,1,0.0,0.0,0.0%,WR,2019
116,117,Andre Patton,0,0,0,0.0,0,0,0,0,0,0,0,1,0.0,0.0,0.0%,WR,2019
117,118,Fred Brown,0,0,0,0.0,0,0,0,0,0,0,0,1,0.0,0.0,0.0%,WR,2019
118,119,JoJo Natson,0,0,0,0.0,0,0,0,0,0,0,0,1,0.0,0.0,0.0%,WR,2019
119,120,Mack Hollins,0,1,0,0.0,0,0,0,0,0,0,0,1,0.0,0.0,0.3%,WR,2019
120,121,Zay Jones,0,0,0,0.0,0,0,0,0,0,0,0,1,0.0,0.0,16.7%,WR,2019
121,122,Austin Carr,0,0,0,0.0,0,0,0,0,0,0,0,1,0.0,0.0,0.0%,WR,2019
122,123,Ryan Switzer,0,0,0,0.0,0,0,0,0,0,0,0,1,0.0,0.0,0.0%,WR,2019
123,124,Brandon Zylstra,0,0,0,0.0,0,0,0,0,0,0,0,1,0.0,0.0,0.0%,WR,2019
124,125,Cam Sims,0,0,0,0.0,0,0,0,0,0,0,0,1,0.0,0.0,0.0%,WR,2019
125,126,KhaDarel Hodge,0,0,0,0.0,0,0,0,0,0,0,0,1,0.0,0.0,0.1%,WR,2019
126,127,Malik Turner,0,0,0,0.0,0,0,0,0,0,0,0,1,0.0,0.0,0.0%,WR,2019
127,128,J.J. Arcega-Whiteside,0,0,0,0.0,0,0,0,0,0,0,0,1,0.0,0.0,0.0%,WR,2019
128,129,Marcell Ateman,0,0,0,0.0,0,0,0,0,0,0,0,1,0.0,0.0,0.0%,WR,2019
129,130,Javon Wims,0,1,0,0.0,0,0,0,0,0,0,0,1,0.0,0.0,0.0%,WR,2019
130,131,DaeSean Hamilton,0,0,0,0.0,0,0,0,0,0,0,0,1,0.0,0.0,0.0%,WR,2019
131,132,Richie James,0,0,0,0.0,0,0,0,0,0,0,0,1,0.0,0.0,0.0%,WR,2019
132,133,Ray-Ray McCloud,0,0,0,0.0,0,0,0,0,0,0,0,1,0.0,0.0,0.6%,WR,2019
133,134,Damion Ratley,0,2,0,0.0,0,0,0,0,0,0,0,1,0.0,0.0,0.0%,WR,2019
134,135,Justin Watson,0,0,0,0.0,0,0,0,0,0,0,0,1,0.0,0.0,1.8%,WR,2019
135,136,Tre'Quan Smith,0,0,0,0.0,0,0,0,0,0,0,0,1,0.0,0.0,0.0%,WR,2019
136,137,Antonio Callaway,0,3,0,0.0,0,0,0,0,0,0,0,1,0.0,0.0,0.0%,WR,2019
137,138,Allen Lazard,0,0,0,0.0,0,0,0,0,0,0,0,1,0.0,0.0,4.8%,WR,2019
138,139,Braxton Berrios,0,0,0,0.0,0,0,0,0,0,0,0,1,0.0,0.0,1.2%,WR,2019
139,140,Geremy Davis,0,0,0,0.0,0,0,0,0,0,0,0,1,0.0,0.0,0.0%,WR,2019
140,141,Ty Montgomery,0,0,0,0.0,0,0,0,2,1,0,0,1,0.0,0.0,0.0%,WR,2019
141,142,Phillip Dorsett,0,0,0,0.0,0,0,0,0,0,0,0,1,0.0,0.0,0.0%,WR,2019
142,143,Seth Roberts,0,2,0,0.0,0,0,0,0,0,0,0,1,0.0,0.0,0.0%,WR,2019
143,144,Chester Rogers,0,2,0,0.0,0,0,0,0,0,0,0,1,0.0,0.0,0.0%,WR,2019
144,145,Mike Thomas,0,0,0,0.0,0,0,0,0,0,0,0,1,0.0,0.0,0.0%,WR,2019
145,146,Darius Jennings,0,0,0,0.0,0,0,0,0,0,0,0,1,0.0,0.0,0.0%,WR,2019
146,147,Laquon Treadwell,0,0,0,0.0,0,0,0,0,0,0,0,1,0.0,0.0,0.0%,WR,2019
147,148,Cody Core,0,0,0,0.0,0,0,0,0,0,0,0,1,0.0,0.0,0.0%,WR,2019
148,149,Chris Moore,0,0,0,0.0,0,0,0,0,0,0,0,1,0.0,0.0,0.1%,WR,2019
149,150,Trey Quinn,3,4,18,6.0,7,0,0,0,0,0,1,1,-0.2,-0.2,0.0%,WR,2019
150,151,DeAndre Carter,0,0,0,0.0,0,0,0,0,0,0,1,1,-2.0,-2.0,0.0%,WR,2019
