,Rk,Date,G#,Week,Age,Tm,Unnamed: 6_level_1,Opp,Result,Tgt,Rec,Yds,TD,1D,YBC,YBC/R,YAC,YAC/R,ADOT,BrkTkl,Rec/Br,Drop,Drop%,Int,Rat,Att,Yds,TD,1D,YBC,YBC/Att,YAC,YAC/Att,BrkTkl,Att/Br,Year
0,1.0,2021-09-12,1.0,1.0,23.318,CHI,@,LAR,L 14-34,7,5,26,0,1.0,22,4.4,4,0.8,6.1,0,,0,0.0,1,37.5,0,0,0,0.0,0,,0,,0,,2021
1,2.0,2021-09-19,2.0,2.0,23.325,CHI,,CIN,W 20-17,8,6,66,0,4.0,59,9.8,7,1.2,10.8,1,6.0,0,0.0,0,99.0,0,0,0,0.0,0,,0,,0,,2021
2,3.0,2021-09-26,3.0,3.0,23.332,CHI,@,CLE,L 6-26,4,1,9,0,,7,7.0,2,2.0,7.3,0,,0,0.0,0,39.6,0,0,0,,0,,0,,0,,2021
3,4.0,2021-10-03,4.0,4.0,23.339,CHI,,DET,W 24-14,7,5,125,0,3.0,100,20.0,25,5.0,16.9,1,5.0,0,0.0,1,74.1,1,10,0,1.0,7,7.0,3,3.0,1,1.0,2021
4,5.0,2021-10-10,5.0,5.0,23.346,CHI,@,LVR,W 20-9,5,3,35,0,2.0,22,7.3,13,4.3,8.8,0,,0,0.0,0,81.2,0,0,0,0.0,0,,0,,0,,2021
5,6.0,2021-10-17,6.0,6.0,23.353,CHI,,GNB,L 14-24,8,5,45,1,3.0,39,7.8,6,1.2,8.8,0,,1,12.5,0,117.2,0,0,0,0.0,0,,0,,0,,2021
6,7.0,2021-10-24,7.0,7.0,23.36,CHI,@,TAM,L 3-38,5,2,39,0,2.0,36,18.0,3,1.5,11.8,0,,2,40.0,1,28.3,0,0,0,0.0,0,,0,,0,,2021
7,8.0,2021-10-31,8.0,8.0,24.002,CHI,,SFO,L 22-33,9,6,64,0,4.0,46,7.7,18,3.0,18.0,0,,0,0.0,1,47.7,0,0,0,0.0,0,,0,,0,,2021
8,9.0,2021-11-08,9.0,9.0,24.01,CHI,@,PIT,L 27-29,6,3,41,1,2.0,40,13.3,1,0.3,15.5,0,,0,0.0,1,72.2,1,15,1,1.0,15,15.0,0,0.0,0,,2021
9,10.0,2021-11-21,10.0,11.0,24.023,CHI,,BAL,L 13-16,16,5,121,1,4.0,51,10.2,70,14.0,13.8,1,5.0,1,6.3,0,80.5,0,0,0,0.0,0,,0,,0,,2021
10,11.0,2021-11-25,11.0,12.0,24.027,CHI,@,DET,W 16-14,8,5,123,0,5.0,91,18.2,32,6.4,14.5,0,,1,12.5,0,106.2,1,2,0,0.0,2,2.0,0,0.0,0,,2021
11,12.0,2021-12-05,12.0,13.0,24.037,CHI,,ARI,L 22-33,7,5,27,0,2.0,8,1.6,19,3.8,4.9,0,,1,14.3,0,77.7,0,0,0,0.0,0,,0,,0,,2021
12,13.0,2021-12-12,13.0,14.0,24.044,CHI,@,GNB,L 30-45,5,1,19,0,1.0,17,17.0,2,2.0,17.4,0,,2,40.0,2,3.3,0,0,0,0.0,0,,0,,0,,2021
13,14.0,2021-12-20,14.0,15.0,24.052,CHI,,MIN,L 9-17,7,5,63,0,3.0,48,9.6,15,3.0,10.1,1,5.0,0,0.0,0,99.1,1,3,0,0.0,3,3.0,0,0.0,0,,2021
14,15.0,2021-12-26,15.0,16.0,24.058,CHI,@,SEA,W 25-24,9,5,57,0,2.0,19,3.8,38,7.6,8.8,1,5.0,0,0.0,0,74.8,2,2,0,0.0,2,1.0,0,0.0,0,,2021
15,16.0,2022-01-02,16.0,17.0,24.065,CHI,,NYG,W 29-3,13,7,69,1,4.0,35,5.0,34,4.9,10.7,0,,1,7.7,0,94.7,0,0,0,0.0,0,,0,,0,,2021
16,17.0,2022-01-09,17.0,18.0,24.072,CHI,@,MIN,L 17-31,16,12,126,0,7.0,34,2.8,92,7.7,6.6,0,,0,0.0,1,71.4,0,0,0,0.0,0,,0,,0,,2021
17,,17 Games,,,,,,,6-11-0,140,81,1055,4,49.0,674,8.3,381,4.7,11.1,5,16.2,9,6.4,8,67.4,6,32,1,2.0,29,4.8,3,0.5,1,6.0,2021
