,Rk,Date,G#,Week,Age,Tm,Unnamed: 6_level_1,Opp,Result,Int,Tgt,Cmp,Cmp%,Yds,Yds/Cmp,Yds/Tgt,TD,Rat,DADOT,Air,YAC,Bltz,Hrry,QBKD,Sk,Prss,Comb,MTkl,MTkl%,Year
0,1.0,2021-09-12,1.0,1.0,23.144,CHI,@,LAR,L 14-34,0,0,0,,0.0,,,0.0,,,0.0,0.0,0,0,0,0.0,0,0.0,0,,2021
1,2.0,2021-09-19,2.0,2.0,23.151,CHI,,CIN,W 20-17,0,0,0,,0.0,,,0.0,,,0.0,0.0,0,0,0,,0,,0,,2021
2,3.0,2021-09-26,3.0,3.0,23.158,CHI,@,CLE,L 6-26,0,0,0,,0.0,,,0.0,,,0.0,0.0,0,0,0,0.0,0,1.0,0,0.0%,2021
3,4.0,2021-10-03,4.0,4.0,23.165,CHI,,DET,W 24-14,0,0,0,,0.0,,,0.0,,,0.0,0.0,0,0,0,0.0,0,1.0,0,0.0%,2021
4,5.0,2021-10-10,5.0,5.0,23.172,CHI,@,LVR,W 20-9,0,0,0,,0.0,,,0.0,,,0.0,0.0,0,0,0,0.0,0,0.0,0,,2021
5,6.0,2021-10-17,6.0,6.0,23.179,CHI,,GNB,L 14-24,0,0,0,,0.0,,,0.0,,,0.0,0.0,0,0,0,0.0,0,0.0,0,,2021
6,7.0,2021-10-24,7.0,7.0,23.186,CHI,@,TAM,L 3-38,0,0,0,,0.0,,,0.0,,,0.0,0.0,0,0,0,0.0,0,0.0,0,,2021
7,8.0,2021-10-31,8.0,8.0,23.193,CHI,,SFO,L 22-33,0,0,0,,0.0,,,0.0,,,0.0,0.0,0,0,0,0.0,0,0.0,0,,2021
8,9.0,2021-11-08,9.0,9.0,23.201,CHI,@,PIT,L 27-29,0,0,0,,0.0,,,0.0,,,0.0,0.0,0,0,0,0.0,0,0.0,0,,2021
9,10.0,2021-11-21,10.0,11.0,23.214,CHI,,BAL,L 13-16,0,0,0,,0.0,,,0.0,,,0.0,0.0,0,0,0,0.0,0,0.0,0,,2021
10,11.0,2021-11-25,11.0,12.0,23.218,CHI,@,DET,W 16-14,0,0,0,,0.0,,,0.0,,,0.0,0.0,0,0,0,0.0,0,0.0,1,100.0%,2021
11,12.0,2021-12-05,12.0,13.0,23.228,CHI,,ARI,L 22-33,0,0,0,,0.0,,,0.0,,,0.0,0.0,0,0,0,0.0,0,0.0,0,,2021
12,13.0,2021-12-12,13.0,14.0,23.235,CHI,@,GNB,L 30-45,0,0,0,,0.0,,,0.0,,,0.0,0.0,0,0,0,0.0,0,0.0,0,,2021
13,14.0,2021-12-20,14.0,15.0,23.243,CHI,,MIN,L 9-17,0,0,0,,0.0,,,0.0,,,0.0,0.0,0,0,0,0.0,0,0.0,0,,2021
14,15.0,2021-12-26,15.0,16.0,23.249,CHI,@,SEA,W 25-24,0,0,0,,0.0,,,0.0,,,0.0,0.0,0,0,0,0.0,0,0.0,0,,2021
15,16.0,2022-01-02,16.0,17.0,23.256,CHI,,NYG,W 29-3,0,0,0,,0.0,,,0.0,,,0.0,0.0,0,0,0,0.0,0,0.0,0,,2021
16,17.0,2022-01-09,17.0,18.0,23.263,CHI,@,MIN,L 17-31,0,0,0,,0.0,,,0.0,,,0.0,0.0,0,0,0,0.0,0,1.0,0,0.0%,2021
17,,17 Games,,,,,,,6-11-0,0,0,0,,,,,,,,,,0,0,0,0.0,0,3.0,1,25.0%,2021
