,Rk,Date,G#,Week,Age,Tm,Unnamed: 6_level_1,Opp,Result,Int,Tgt,Cmp,Cmp%,Yds,Yds/Cmp,Yds/Tgt,TD,Rat,DADOT,Air,YAC,Bltz,Hrry,QBKD,Sk,Prss,Comb,MTkl,MTkl%
0,1.0,2021-09-12,1.0,1.0,26.32,CHI,@,LAR,L 14-34,0,6,5,83.3%,85,17.0,14.2,2,158.3,10.8,60,25,0,0,0,0.0,0,2.0,2,50.0%
1,2.0,2021-09-19,2.0,2.0,26.327,CHI,,CIN,W 20-17,0,0,0,,0,,,0,,,0,0,0,0,0,0.0,0,1.0,0,0.0%
2,3.0,2021-09-26,3.0,3.0,26.334,CHI,@,CLE,L 6-26,0,0,0,,0,,,0,,,0,0,0,0,0,,0,,0,
3,4.0,2021-10-03,4.0,4.0,26.341,CHI,,DET,W 24-14,0,0,0,,0,,,0,,,0,0,0,0,0,,0,,0,
4,5.0,2021-10-10,5.0,5.0,26.348,CHI,@,LVR,W 20-9,0,0,0,,0,,,0,,,0,0,0,0,0,,0,,0,
5,6.0,2021-10-17,6.0,6.0,26.355,CHI,,GNB,L 14-24,0,0,0,,0,,,0,,,0,0,0,0,0,,0,,0,
6,7.0,2021-10-24,7.0,7.0,26.362,CHI,@,TAM,L 3-38,0,1,1,100.0%,34,34.0,34.0,0,118.7,20.0,20,14,0,0,0,0.0,0,1.0,0,0.0%
7,8.0,2021-10-31,8.0,8.0,27.004,CHI,,SFO,L 22-33,0,0,0,,0,,,0,,,0,0,0,0,0,,0,,0,
8,9.0,2021-11-08,9.0,9.0,27.012,CHI,@,PIT,L 27-29,0,0,0,,0,,,0,,,0,0,0,0,0,0.0,0,1.0,0,0.0%
9,10.0,2021-11-21,10.0,11.0,27.025,CHI,,BAL,L 13-16,0,0,0,,0,,,0,,,0,0,1,0,0,0.0,0,2.0,0,0.0%
10,11.0,2021-11-25,11.0,12.0,27.029,CHI,@,DET,W 16-14,0,0,0,,0,,,0,,,0,0,0,0,0,0.0,0,1.0,0,0.0%
11,12.0,2021-12-05,12.0,13.0,27.039,CHI,,ARI,L 22-33,0,0,0,,0,,,0,,,0,0,0,0,0,,0,,0,
12,13.0,2021-12-12,13.0,14.0,27.046,CHI,@,GNB,L 30-45,0,0,0,,0,,,0,,,0,0,0,0,0,,0,,0,
13,14.0,2021-12-20,14.0,15.0,27.054,CHI,,MIN,L 9-17,0,4,1,25.0%,18,18.0,4.5,0,45.8,17.3,15,3,0,0,0,0.0,0,2.0,0,0.0%
14,15.0,2021-12-26,15.0,16.0,27.06,CHI,@,SEA,W 25-24,0,0,0,,0,,,0,,,0,0,0,0,0,0.0,0,2.0,0,0.0%
15,16.0,2022-01-02,16.0,17.0,27.067,CHI,,NYG,W 29-3,0,0,0,,0,,,0,,,0,0,0,0,0,,0,,0,
16,17.0,2022-01-09,17.0,18.0,27.074,CHI,@,MIN,L 17-31,0,1,1,100.0%,44,44.0,44.0,1,158.3,33.0,33,11,1,0,0,0.0,0,0.0,0,
17,,17 Games,,,,,,,6-11-0,0,12,8,66.7%,181,22.6,15.1,3,149.3,15.6,128,53,2,0,0,0.0,0,12.0,2,14.3%
