,Rk,Date,G#,Week,Age,Tm,Unnamed: 6_level_1,Opp,Result,Int,Tgt,Cmp,Cmp%,Yds,Yds/Cmp,Yds/Tgt,TD,Rat,DADOT,Air,YAC,Bltz,Hrry,QBKD,Sk,Prss,Comb,MTkl,MTkl%
0,1.0,2022-09-11,1.0,1.0,25.222,JAX,@,WAS,L 22-28,0,0,0,,0,,,0,,,0,0,0,0,0,0.0,0,2,0,0.0%
1,2.0,2022-09-18,2.0,2.0,25.229,JAX,,IND,W 24-0,0,0,0,,0,,,0,,,0,0,0,0,0,0.0,0,1,0,0.0%
2,3.0,2022-09-25,3.0,3.0,25.236,JAX,@,LAC,W 38-10,0,0,0,,0,,,0,,,0,0,0,1,0,0.0,1,0,0,
3,4.0,2022-10-02,4.0,4.0,25.243,JAX,@,PHI,L 21-29,0,0,0,,0,,,0,,,0,0,1,0,0,0.0,0,5,1,16.7%
4,5.0,2022-10-09,5.0,5.0,25.25,JAX,,HOU,L 6-13,0,0,0,,0,,,0,,,0,0,0,0,1,0.0,1,2,3,60.0%
5,6.0,2022-10-16,6.0,6.0,25.257,JAX,@,IND,L 27-34,0,0,0,,0,,,0,,,0,0,0,0,1,0.0,1,6,0,0.0%
6,7.0,2022-10-23,7.0,7.0,25.264,JAX,,NYG,L 17-23,0,1,1,100.0%,14,14.0,14.0,0,118.7,2.0,2,12,0,0,0,0.0,0,7,1,12.5%
7,8.0,2022-10-30,8.0,8.0,25.271,JAX,,DEN,L 17-21,0,0,0,,0,,,0,,,0,0,0,0,0,0.0,0,4,0,0.0%
8,9.0,2022-11-06,9.0,9.0,25.278,JAX,,LVR,W 27-20,0,0,0,,0,,,0,,,0,0,0,0,0,0.0,0,3,0,0.0%
9,10.0,2022-11-13,10.0,10.0,25.285,JAX,@,KAN,L 17-27,0,0,0,,0,,,0,,,0,0,0,0,1,0.0,1,1,0,0.0%
10,11.0,2022-11-27,11.0,12.0,25.299,JAX,,BAL,W 28-27,0,0,0,,0,,,0,,,0,0,0,0,0,1.0,1,3,0,0.0%
11,12.0,2022-12-04,12.0,13.0,25.306,JAX,@,DET,L 14-40,0,0,0,,0,,,0,,,0,0,0,0,0,0.5,1,5,0,0.0%
12,13.0,2022-12-11,13.0,14.0,25.313,JAX,@,TEN,W 36-22,0,0,0,,0,,,0,,,0,0,0,1,0,0.0,1,1,0,0.0%
13,14.0,2022-12-18,14.0,15.0,25.32,JAX,,DAL,W 40-34,0,1,0,0.0%,0,,0.0,0,39.6,7.0,0,0,0,0,0,0.0,0,4,0,0.0%
14,15.0,2022-12-22,15.0,16.0,25.324,JAX,@,NYJ,W 19-3,0,0,0,,0,,,0,,,0,0,0,0,0,1.0,1,4,0,0.0%
15,16.0,2023-01-01,16.0,17.0,25.334,JAX,@,HOU,W 31-3,0,0,0,,0,,,0,,,0,0,0,0,0,0.0,0,2,0,0.0%
16,17.0,2023-01-07,17.0,18.0,25.34,JAX,,TEN,W 20-16,0,0,0,,0,,,0,,,0,0,0,0,0,0.0,0,6,0,0.0%
17,,17 Games,,,,,,,9-8-0,0,2,1,50.0%,14,14.0,7.0,0,72.9,4.5,2,12,1,2,3,2.5,8,56,5,8.2%
