,Rk,Date,G#,Week,Age,Tm,Unnamed: 6_level_1,Opp,Result,Int,Tgt,Cmp,Cmp%,Yds,Yds/Cmp,Yds/Tgt,TD,Rat,DADOT,Air,YAC,Bltz,Hrry,QBKD,Sk,Prss,Comb,MTkl,MTkl%,Year
0,1.0,2022-09-11,1.0,1.0,29.05,JAX,@,WAS,L 22-28,0,0,0,,0.0,,,0.0,,,0.0,0.0,0,0,0,0.0,0,3,0,0.0%,2022
1,2.0,2022-09-18,2.0,2.0,29.057,JAX,,IND,W 24-0,0,0,0,,0.0,,,0.0,,,0.0,0.0,0,0,1,1.0,2,3,0,0.0%,2022
2,3.0,2022-09-25,3.0,3.0,29.064,JAX,@,LAC,W 38-10,0,0,0,,0.0,,,0.0,,,0.0,0.0,0,0,0,0.0,0,1,0,0.0%,2022
3,4.0,2022-10-02,4.0,4.0,29.071,JAX,@,PHI,L 21-29,0,0,0,,0.0,,,0.0,,,0.0,0.0,1,1,0,0.0,1,9,1,10.0%,2022
4,5.0,2022-10-09,5.0,5.0,29.078,JAX,,HOU,L 6-13,0,0,0,,0.0,,,0.0,,,0.0,0.0,0,0,0,0.0,0,1,1,50.0%,2022
5,6.0,2022-10-16,6.0,6.0,29.085,JAX,@,IND,L 27-34,0,0,0,,0.0,,,0.0,,,0.0,0.0,0,0,1,0.0,1,2,0,0.0%,2022
6,7.0,2022-10-23,7.0,7.0,29.092,JAX,,NYG,L 17-23,0,0,0,,0.0,,,0.0,,,0.0,0.0,0,0,1,0.0,1,2,0,0.0%,2022
7,8.0,2022-10-30,8.0,8.0,29.099,JAX,,DEN,L 17-21,0,0,0,,0.0,,,0.0,,,0.0,0.0,0,0,0,0.0,0,4,0,0.0%,2022
8,9.0,2022-11-06,9.0,9.0,29.106,JAX,,LVR,W 27-20,0,0,0,,0.0,,,0.0,,,0.0,0.0,0,1,0,0.0,1,2,0,0.0%,2022
9,10.0,2022-11-13,10.0,10.0,29.113,JAX,@,KAN,L 17-27,0,0,0,,0.0,,,0.0,,,0.0,0.0,0,0,1,0.0,1,2,0,0.0%,2022
10,11.0,2022-11-27,11.0,12.0,29.127,JAX,,BAL,W 28-27,0,0,0,,0.0,,,0.0,,,0.0,0.0,0,0,0,0.0,0,1,0,0.0%,2022
11,12.0,2022-12-04,12.0,13.0,29.134,JAX,@,DET,L 14-40,0,0,0,,0.0,,,0.0,,,0.0,0.0,0,0,0,0.0,0,1,0,0.0%,2022
12,13.0,2022-12-11,13.0,14.0,29.141,JAX,@,TEN,W 36-22,0,0,0,,0.0,,,0.0,,,0.0,0.0,0,0,0,0.0,0,3,0,0.0%,2022
13,14.0,2022-12-18,14.0,15.0,29.148,JAX,,DAL,W 40-34,0,0,0,,0.0,,,0.0,,,0.0,0.0,0,0,0,0.0,0,5,0,0.0%,2022
14,15.0,2022-12-22,15.0,16.0,29.152,JAX,@,NYJ,W 19-3,0,0,0,,0.0,,,0.0,,,0.0,0.0,0,0,1,1.0,2,2,0,0.0%,2022
15,16.0,2023-01-01,16.0,17.0,29.162,JAX,@,HOU,W 31-3,0,0,0,,0.0,,,0.0,,,0.0,0.0,0,0,2,0.0,2,2,0,0.0%,2022
16,17.0,2023-01-07,17.0,18.0,29.168,JAX,,TEN,W 20-16,0,0,0,,0.0,,,0.0,,,0.0,0.0,0,0,1,1.0,2,2,0,0.0%,2022
17,,17 Games,,,,,,,9-8-0,0,0,0,,,,,,,,,,1,2,8,3.0,13,45,2,4.3%,2022
