,Rk,Date,G#,Week,Age,Tm,Unnamed: 6_level_1,Opp,Result,Int,Tgt,Cmp,Cmp%,Yds,Yds/Cmp,Yds/Tgt,TD,Rat,DADOT,Air,YAC,Bltz,Hrry,QBKD,Sk,Prss,Comb,MTkl,MTkl%,Year
0,1.0,2023-09-10,1.0,1.0,27.13,TEN,@,NOR,L 15-16,0,0,0,,0,,,0,,,0,0,0,1,0,1.5,3,4.0,0,0.0%,2023
1,2.0,2023-09-17,2.0,2.0,27.137,TEN,,LAC,W 27-24,0,0,0,,0,,,0,,,0,0,2,0,1,0.0,1,0.0,0,,2023
2,3.0,2023-09-24,3.0,3.0,27.144,TEN,@,CLE,L 3-27,0,0,0,,0,,,0,,,0,0,0,0,0,0.0,0,3.0,0,0.0%,2023
3,4.0,2023-10-01,4.0,4.0,27.151,TEN,,CIN,W 27-3,0,1,1,100.0%,-1,-1.0,-1.0,0,79.2,-7.0,-7,6,6,0,1,1.0,2,1.0,0,0.0%,2023
4,5.0,2023-10-08,5.0,5.0,27.158,TEN,@,IND,L 16-23,0,0,0,,0,,,0,,,0,0,0,0,0,0.0,0,2.0,0,0.0%,2023
5,6.0,2023-10-15,6.0,6.0,27.165,TEN,,BAL,L 16-24,0,0,0,,0,,,0,,,0,0,1,1,0,0.0,1,0.0,0,,2023
6,7.0,2023-10-29,7.0,8.0,27.179,TEN,,ATL,W 28-23,0,0,0,,0,,,0,,,0,0,0,0,1,0.0,1,2.0,0,0.0%,2023
7,8.0,2023-11-02,8.0,9.0,27.183,TEN,@,PIT,L 16-20,0,0,0,,0,,,0,,,0,0,1,1,0,0.0,1,2.0,0,0.0%,2023
8,9.0,2023-11-12,9.0,10.0,27.193,TEN,@,TAM,L 6-20,0,0,0,,0,,,0,,,0,0,0,0,0,,0,,0,,2023
9,10.0,2023-11-19,10.0,11.0,27.2,TEN,@,JAX,L 14-34,0,0,0,,0,,,0,,,0,0,2,2,0,0.0,2,3.0,0,0.0%,2023
10,11.0,2023-11-26,11.0,12.0,27.207,TEN,,CAR,W 17-10,0,0,0,,0,,,0,,,0,0,1,0,1,1.0,2,2.0,0,0.0%,2023
11,12.0,2023-12-03,12.0,13.0,27.214,TEN,,IND,L 28-31,0,0,0,,0,,,0,,,0,0,1,0,0,0.5,1,1.0,0,0.0%,2023
12,13.0,2023-12-11,13.0,14.0,27.222,TEN,@,MIA,W 28-27,0,0,0,,0,,,0,,,0,0,3,0,0,1.0,1,2.0,0,0.0%,2023
13,14.0,2023-12-17,14.0,15.0,27.228,TEN,,HOU,L 16-19,0,0,0,,0,,,0,,,0,0,2,1,0,0.0,1,0.0,0,,2023
14,15.0,2023-12-24,15.0,16.0,27.235,TEN,,SEA,L 17-20,0,0,0,,0,,,0,,,0,0,0,1,0,1.0,2,4.0,0,0.0%,2023
15,16.0,2023-12-31,16.0,17.0,27.242,TEN,@,HOU,L 3-26,0,1,1,100.0%,10,10.0,10.0,0,108.3,0.0,0,10,1,0,0,0.0,0,0.0,1,100.0%,2023
16,17.0,2024-01-07,17.0,18.0,27.249,TEN,,JAX,W 28-20,0,1,1,100.0%,5,5.0,5.0,0,87.5,4.0,4,1,3,0,1,0.0,1,4.0,0,0.0%,2023
17,,17 Games,,,,,,,6-11-0,0,3,3,100.0%,14,4.7,4.7,0,86.1,-1.0,-3,17,23,7,5,6.0,19,30.0,1,3.2%,2023
