,Rk,Date,G#,Week,Age,Tm,Unnamed: 6_level_1,Opp,Result,Tgt,Rec,Yds,TD,1D,YBC,YBC/R,YAC,YAC/R,ADOT,BrkTkl,Rec/Br,Drop,Drop%,Int,Rat,Att,Yds,TD,1D,YBC,YBC/Att,YAC,YAC/Att,BrkTkl,Att/Br
0,1.0,2023-09-10,1.0,1.0,30.086,TEN,@,NOR,L 15-16,1,0,0,0,,0,,0,,46.0,0,,0,0.0,1.0,0.0,0,0,0,,0,,0,,0,
1,2.0,2023-09-17,2.0,2.0,30.093,TEN,,LAC,W 27-24,1,1,49,0,1.0,49,49.0,0,0.0,49.0,0,,0,0.0,0.0,118.7,0,0,0,0.0,0,,0,,0,
2,3.0,2023-09-24,3.0,3.0,30.1,TEN,@,CLE,L 3-27,3,2,41,0,2.0,34,17.0,7,3.5,10.7,0,,0,0.0,0.0,109.7,0,0,0,0.0,0,,0,,0,
3,4.0,2023-10-01,4.0,4.0,30.107,TEN,,CIN,W 27-3,3,1,44,0,1.0,38,38.0,6,6.0,26.0,0,,1,33.3,0.0,81.9,0,0,0,0.0,0,,0,,0,
4,5.0,2023-10-08,5.0,5.0,30.114,TEN,@,IND,L 16-23,0,0,0,0,,0,,0,,,0,,0,0.0,,,0,0,0,,0,,0,,0,
5,6.0,2023-10-15,6.0,6.0,30.121,TEN,,BAL,L 16-24,1,1,6,0,,-2,-2.0,8,8.0,-2.0,1,1.0,0,0.0,0.0,91.7,0,0,0,,0,,0,,0,
6,7.0,2023-10-29,7.0,8.0,30.135,TEN,,ATL,W 28-23,0,0,0,0,,0,,0,,,0,,0,0.0,,,0,0,0,,0,,0,,0,
7,8.0,2023-11-02,8.0,9.0,30.139,TEN,@,PIT,L 16-20,2,1,29,0,1.0,23,23.0,6,6.0,22.0,0,,0,0.0,0.0,95.8,0,0,0,0.0,0,,0,,0,
8,9.0,2023-11-12,9.0,10.0,30.149,TEN,@,TAM,L 6-20,4,2,21,0,,15,7.5,6,3.0,12.8,0,,0,0.0,0.0,65.6,0,0,0,,0,,0,,0,
9,10.0,2023-11-19,10.0,11.0,30.156,TEN,@,JAX,L 14-34,1,1,49,0,1.0,49,49.0,0,0.0,49.0,0,,0,0.0,0.0,118.7,1,38,0,1.0,35,35.0,3,3.0,0,
10,11.0,2023-11-26,11.0,12.0,30.163,TEN,,CAR,W 17-10,4,3,41,0,2.0,36,12.0,5,1.7,16.5,0,,0,0.0,0.0,107.3,1,1,0,0.0,1,1.0,0,0.0,0,
11,12.0,2023-12-03,12.0,13.0,30.17,TEN,,IND,L 28-31,1,1,12,0,1.0,6,6.0,6,6.0,6.0,0,,0,0.0,0.0,116.7,0,0,0,0.0,0,,0,,0,
12,13.0,2023-12-11,13.0,14.0,30.178,TEN,@,MIA,W 28-27,1,1,22,0,1.0,17,17.0,5,5.0,17.0,0,,0,0.0,0.0,118.7,0,0,0,0.0,0,,0,,0,
13,,13 Games,,,,,,,5-8-0,22,14,314,0,10.0,265,18.9,49,3.5,19.8,1,14.0,1,4.5,1.0,88.3,2,39,0,1.0,36,18.0,3,1.5,0,
