,Rk,Date,G#,Week,Age,Tm,Unnamed: 6_level_1,Opp,Result,Att,Yds,TD,1D,YBC,YBC/Att,YAC,YAC/Att,BrkTkl,Att/Br,Tgt,Rec,Yds,TD,1D,YBC,YBC/R,YAC,YAC/R,ADOT,BrkTkl,Rec/Br,Drop,Drop%,Int,Rat,Year
0,1.0,2023-09-10,1.0,1.0,29.249,TEN,@,NOR,L 15-16,15,63,0,4.0,44,2.9,19,1.3,0,,3,2,56,0,1.0,-10,-5.0,66,33.0,-5.7,0,,0,0.0,0.0,109.7,2023
1,2.0,2023-09-17,2.0,2.0,29.256,TEN,,LAC,W 27-24,25,80,1,5.0,36,1.4,44,1.8,0,,4,3,15,0,0.0,-6,-2.0,21,7.0,-3.5,0,,0,0.0,0.0,80.2,2023
2,3.0,2023-09-24,3.0,3.0,29.263,TEN,@,CLE,L 3-27,11,20,0,,1,0.1,19,1.7,3,3.7,0,0,0,0,,0,,0,,,0,,0,0.0,,,2023
3,4.0,2023-10-01,4.0,4.0,29.27,TEN,,CIN,W 27-3,22,122,1,7.0,59,2.7,63,2.9,1,22.0,1,1,11,0,0.0,-5,-5.0,16,16.0,-5.0,0,,0,0.0,0.0,112.5,2023
4,5.0,2023-10-08,5.0,5.0,29.277,TEN,@,IND,L 16-23,13,43,0,1.0,19,1.5,24,1.8,0,,3,3,19,0,1.0,-8,-2.7,27,9.0,-2.7,0,,0,0.0,0.0,93.1,2023
5,6.0,2023-10-15,6.0,6.0,29.284,TEN,,BAL,L 16-24,12,97,1,3.0,70,5.8,27,2.3,4,3.0,2,2,16,0,0.0,-8,-4.0,24,12.0,-4.0,0,,0,0.0,0.0,100.0,2023
6,7.0,2023-10-29,7.0,8.0,29.298,TEN,,ATL,W 28-23,22,101,0,4.0,56,2.5,45,2.0,0,,4,4,21,0,1.0,-10,-2.5,31,7.8,-2.5,0,,0,0.0,0.0,88.5,2023
7,8.0,2023-11-02,8.0,9.0,29.302,TEN,@,PIT,L 16-20,17,75,1,5.0,47,2.8,28,1.6,1,17.0,4,3,27,0,1.0,-9,-3.0,36,12.0,-2.3,0,,0,0.0,0.0,92.7,2023
8,9.0,2023-11-12,9.0,10.0,29.312,TEN,@,TAM,L 6-20,11,24,0,1.0,16,1.5,8,0.7,0,,1,1,-4,0,0.0,-6,-6.0,2,2.0,-6.0,0,,0,0.0,0.0,79.2,2023
9,10.0,2023-11-19,10.0,11.0,29.319,TEN,@,JAX,L 14-34,10,38,0,2.0,30,3.0,8,0.8,0,,2,1,6,0,0.0,-5,-5.0,11,11.0,-6.5,0,,0,0.0,0.0,56.2,2023
10,11.0,2023-11-26,11.0,12.0,29.326,TEN,,CAR,W 17-10,18,76,2,6.0,9,0.5,67,3.7,5,3.6,2,1,0,0,0.0,0,0.0,0,0.0,-4.0,0,,0,0.0,0.0,56.2,2023
11,12.0,2023-12-03,12.0,13.0,29.333,TEN,,IND,L 28-31,21,102,2,7.0,64,3.0,38,1.8,1,21.0,2,1,18,0,1.0,0,0.0,18,18.0,1.5,0,,1,50.0,0.0,81.2,2023
12,13.0,2023-12-11,13.0,14.0,29.341,TEN,@,MIA,W 28-27,17,34,2,3.0,20,1.2,14,0.8,1,17.0,2,1,17,0,1.0,17,17.0,0,0.0,2.0,0,,0,0.0,0.0,79.2,2023
13,14.0,2023-12-17,14.0,15.0,29.347,TEN,,HOU,L 16-19,16,9,0,2.0,-6,-0.4,15,0.9,1,16.0,4,4,1,0,0.0,-3,-0.8,4,1.0,-0.8,0,,0,0.0,0.0,79.2,2023
14,15.0,2023-12-24,15.0,16.0,29.354,TEN,,SEA,L 17-20,19,88,1,5.0,47,2.5,41,2.2,2,9.5,1,1,11,0,1.0,-8,-8.0,19,19.0,-8.0,1,1.0,0,0.0,0.0,112.5,2023
15,16.0,2023-12-31,16.0,17.0,29.361,TEN,@,HOU,L 3-26,12,42,0,2.0,7,0.6,35,2.9,2,6.0,1,0,0,0,0.0,0,,0,,2.0,0,,0,0.0,0.0,39.6,2023
16,17.0,2024-01-07,17.0,18.0,30.003,TEN,,JAX,W 28-20,19,153,1,6.0,47,2.5,106,5.6,2,9.5,0,0,0,0,0.0,0,,0,,,0,,0,0.0,,,2023
17,,17 Games,,,,,,,6-11-0,280,1167,12,63.0,566,2.0,601,2.1,23,12.2,36,28,214,0,7.0,-61,-2.2,275,9.8,-2.8,1,28.0,1,2.8,0.0,91.4,2023
