,Rk,Date,G#,Week,Age,Tm,Unnamed: 6_level_1,Opp,Result,Int,Tgt,Cmp,Cmp%,Yds,Yds/Cmp,Yds/Tgt,TD,Rat,DADOT,Air,YAC,Bltz,Hrry,QBKD,Sk,Prss,Comb,MTkl,MTkl%
0,1.0,2023-09-10,1.0,1.0,24.122,TEN,@,NOR,L 15-16,0,0,0,,0.0,,,0.0,,,0.0,0.0,0,0,0,0.0,0,0,0,
1,2.0,2023-09-17,2.0,2.0,24.129,TEN,,LAC,W 27-24,0,0,0,,0.0,,,0.0,,,0.0,0.0,0,0,0,0.0,0,0,0,
2,3.0,2023-09-24,3.0,3.0,24.136,TEN,@,CLE,L 3-27,0,0,0,,0.0,,,0.0,,,0.0,0.0,0,0,0,0.0,0,0,0,
3,4.0,2023-10-01,4.0,4.0,24.143,TEN,,CIN,W 27-3,0,0,0,,0.0,,,0.0,,,0.0,0.0,0,0,0,0.0,0,0,0,
4,5.0,2023-10-08,5.0,5.0,24.15,TEN,@,IND,L 16-23,0,0,0,,0.0,,,0.0,,,0.0,0.0,0,0,0,0.0,0,0,0,
5,6.0,2023-10-15,6.0,6.0,24.157,TEN,,BAL,L 16-24,0,0,0,,0.0,,,0.0,,,0.0,0.0,0,0,0,0.0,0,1,0,0.0%
6,7.0,2023-10-29,7.0,8.0,24.171,TEN,,ATL,W 28-23,0,0,0,,0.0,,,0.0,,,0.0,0.0,0,0,0,0.0,0,0,0,
7,8.0,2023-11-02,8.0,9.0,24.175,TEN,@,PIT,L 16-20,0,0,0,,0.0,,,0.0,,,0.0,0.0,0,0,0,0.0,0,0,0,
8,9.0,2023-11-12,9.0,10.0,24.185,TEN,@,TAM,L 6-20,0,0,0,,0.0,,,0.0,,,0.0,0.0,0,0,0,0.0,0,0,0,
9,10.0,2023-11-19,10.0,11.0,24.192,TEN,@,JAX,L 14-34,0,0,0,,0.0,,,0.0,,,0.0,0.0,0,0,0,0.0,0,0,0,
10,11.0,2023-11-26,11.0,12.0,24.199,TEN,,CAR,W 17-10,0,0,0,,0.0,,,0.0,,,0.0,0.0,0,0,0,0.0,0,0,0,
11,12.0,2023-12-03,12.0,13.0,24.206,TEN,,IND,L 28-31,0,0,0,,0.0,,,0.0,,,0.0,0.0,0,0,0,0.0,0,0,0,
12,,12 Games,,,,,,,4-8-0,0,0,0,,,,,,,,,,0,0,0,0.0,0,1,0,0.0%
