,Rank,Player,Tackle,Assist,Sack,Pass Defended,Interception,Forced Fumble,Fumble Recovery,Defend Touchdown,Games Played,Fantasy Football Points,FTPS/Game,ROST,Position,Year
0,1,Antoine Winfield,8,1,2,0,0,1,1,1,1,37.3,37.3,0.0%,DB,2010
1,2,Chris Harris,10,1,0,1,1,0,1,0,1,28.8,28.8,0.0%,DB,2010
2,3,Chris Hope,9,1,0,0,0,0,1,0,1,23.3,23.3,0.0%,DB,2010
3,4,Gregory Toler,7,0,0,1,1,0,0,1,1,23.0,23.0,0.0%,DB,2010
4,5,Joe Haden,5,0,1,1,1,1,0,0,1,22.0,22.0,1.0%,DB,2010
5,6,Eric Weddle,11,5,0,1,0,0,0,0,1,21.8,21.8,11.0%,DB,2010
6,7,Eric Berry,4,0,0,1,1,0,0,1,1,21.0,21.0,0.0%,DB,2010
7,8,Alterraun Verner,8,2,0,0,0,1,0,0,1,20.0,20.0,0.0%,DB,2010
8,9,Quintin Mikell,9,0,0,0,0,0,1,0,1,20.0,20.0,0.0%,DB,2010
9,10,Dominique Rodgers-Cromartie,2,1,0,3,1,0,0,1,1,19.3,19.3,0.0%,DB,2010
10,11,Nick Collins,3,2,0,2,1,0,1,0,1,18.0,18.0,0.0%,DB,2010
11,12,Donte Whitner,9,3,0,1,0,0,0,0,1,17.3,17.3,1.0%,DB,2010
12,13,Patrick Chung,6,0,0,2,1,0,0,0,1,17.0,17.0,0.0%,DB,2010
13,14,Antrel Rolle,7,0,0,0,0,1,0,0,1,17.0,17.0,0.0%,DB,2010
14,15,Ed Reed,2,1,0,2,2,0,0,0,1,16.8,16.8,0.0%,DB,2010
15,16,Dwight Lowery,2,0,0,1,1,0,0,1,1,15.5,15.5,0.0%,DB,2010
16,17,Adrian Wilson,7,0,0,0,0,0,0,0,1,15.5,15.5,0.0%,DB,2010
17,18,Bernard Pollard,7,1,0,0,0,1,0,0,1,15.3,15.3,0.0%,DB,2010
18,19,Kerry Rhodes,6,1,0,1,0,0,1,0,1,15.3,15.3,0.0%,DB,2010
19,20,Brian Dawkins,8,1,0,1,0,0,0,0,1,14.3,14.3,0.0%,DB,2010
20,21,Reggie Nelson,3,5,0,1,0,1,0,0,1,13.8,13.8,0.0%,DB,2010
21,22,Charles Tillman,8,0,0,1,0,0,0,0,1,13.5,13.5,0.1%,DB,2010
22,23,Dunta Robinson,8,0,0,1,0,0,0,0,1,13.5,13.5,0.0%,DB,2010
23,24,Michael Huff,4,1,0,1,1,0,0,0,1,13.3,13.3,0.0%,DB,2010
24,25,Jason Allen,3,1,0,2,1,0,0,0,1,13.3,13.3,0.0%,DB,2010
25,26,Jamarca Sanford,4,1,1,0,0,0,0,0,1,13.3,13.3,0.0%,DB,2010
26,27,Kurt Coleman,7,0,0,0,0,0,0,0,1,13.0,13.0,0.0%,DB,2010
27,28,Ryan Mundy,7,1,0,1,0,0,0,0,1,12.8,12.8,0.0%,DB,2010
28,29,Thomas DeCoud,6,3,0,1,0,0,0,0,1,12.8,12.8,0.0%,DB,2010
29,30,Brandon Carr,2,0,0,3,1,0,0,0,1,12.5,12.5,0.0%,DB,2010
30,31,Tracy Porter,5,0,0,0,0,0,0,0,1,12.5,12.5,0.0%,DB,2010
31,32,Carlos Rogers,3,0,0,2,1,0,0,0,1,12.5,12.5,0.0%,DB,2010
32,33,Terrell Thomas,6,1,0,0,0,0,0,0,1,12.3,12.3,0.0%,DB,2010
33,34,Kenny Phillips,6,4,0,0,0,0,0,0,1,12.0,12.0,0.0%,DB,2010
34,35,Glover Quin,8,0,0,0,0,0,0,0,1,12.0,12.0,0.0%,DB,2010
35,36,Richard Marshall,7,2,0,0,0,0,0,0,1,12.0,12.0,0.0%,DB,2010
36,37,Sam Shields,3,1,0,1,1,0,0,0,1,11.8,11.8,6.0%,DB,2010
37,38,Nate Clements,5,2,0,0,0,0,0,0,1,11.5,11.5,0.0%,DB,2010
38,39,Antoine Bethea,7,1,0,0,0,0,0,0,1,11.3,11.3,28.0%,DB,2010
39,40,Asher Allen,6,1,0,1,0,0,0,0,1,11.3,11.3,0.0%,DB,2010
40,41,Chris Johnson,1,0,0,3,1,0,0,0,1,11.0,11.0,0.0%,DB,2010
41,42,Lardarius Webb,3,0,0,1,1,0,0,0,1,11.0,11.0,0.0%,DB,2010
42,43,Kevin Barnes,3,0,0,1,1,0,0,0,1,11.0,11.0,0.0%,DB,2010
43,44,Husain Abdullah,1,0,0,3,1,0,0,0,1,11.0,11.0,0.0%,DB,2010
44,45,Tim Jennings,4,1,0,0,0,1,0,0,1,10.8,10.8,0.0%,DB,2010
45,46,Yeremiah Bell,5,1,0,0,0,0,0,0,1,10.8,10.8,0.0%,DB,2010
46,47,Drayton Florence,3,2,0,3,0,0,0,0,1,10.5,10.5,0.0%,DB,2010
47,48,Jairus Byrd,6,2,0,0,0,0,0,0,1,10.5,10.5,0.0%,DB,2010
48,49,Brandon Flowers,7,0,0,0,0,0,0,0,1,10.5,10.5,0.0%,DB,2010
49,50,Tramon Williams,1,1,0,2,1,0,0,0,1,10.3,10.3,0.0%,DB,2010
50,51,Bryant McFadden,1,1,0,2,1,0,0,0,1,10.3,10.3,0.0%,DB,2010
51,52,Reggie Smith,5,0,0,0,0,0,0,0,1,10.0,10.0,0.0%,DB,2010
52,53,Phillip Buchanon,4,0,0,1,0,0,0,0,1,10.0,10.0,0.0%,DB,2010
53,54,Cortland Finnegan,4,1,0,2,0,0,0,0,1,9.8,9.8,0.0%,DB,2010
54,55,Devin McCourty,3,1,0,0,0,1,0,0,1,9.3,9.3,4.4%,DB,2010
55,56,Corey Webster,5,0,0,1,0,0,0,0,1,9.0,9.0,0.0%,DB,2010
56,57,Dawan Landry,6,0,0,0,0,0,0,0,1,9.0,9.0,0.0%,DB,2010
57,58,Renaldo Hill,6,0,0,0,0,0,0,0,1,9.0,9.0,0.0%,DB,2010
58,59,Charles Godfrey,5,0,0,1,0,0,0,0,1,9.0,9.0,0.0%,DB,2010
59,60,Brodney Pool,2,2,0,3,0,0,0,0,1,9.0,9.0,0.0%,DB,2010
60,61,Johnathan Joseph,5,0,0,1,0,0,0,0,1,9.0,9.0,0.0%,DB,2010
61,62,Oshiomogho Atogwe,1,1,0,1,1,0,0,0,1,8.8,8.8,0.0%,DB,2010
62,63,Chris Carr,3,0,0,0,0,1,0,0,1,8.5,8.5,0.0%,DB,2010
63,64,Roy Williams,2,2,0,0,0,0,1,0,1,8.5,8.5,0.0%,DB,2010
64,65,Rashad Johnson,4,1,0,1,0,0,0,0,1,8.3,8.3,0.0%,DB,2010
65,66,Michael Griffin,5,1,0,0,0,0,0,0,1,8.3,8.3,5.0%,DB,2010
66,67,Marcus Trufant,5,1,0,0,0,0,0,0,1,8.3,8.3,0.0%,DB,2010
67,68,Ike Taylor,4,1,0,1,0,0,0,0,1,8.3,8.3,0.0%,DB,2010
68,69,Brandon Meriweather,3,3,0,1,0,0,0,0,1,8.3,8.3,0.0%,DB,2010
69,70,Mike Mitchell,5,1,0,0,0,0,0,0,1,8.3,8.3,0.0%,DB,2010
70,71,Sean Jones,5,1,0,0,0,0,0,0,1,8.3,8.3,0.0%,DB,2010
71,72,Keiwan Ratliff,3,5,0,0,0,0,0,0,1,8.3,8.3,0.0%,DB,2010
72,73,Charles Woodson,2,1,0,0,0,1,0,0,1,7.8,7.8,0.0%,DB,2010
73,74,Earl Thomas,2,1,0,0,0,1,0,0,1,7.8,7.8,1.1%,DB,2010
74,75,Antoine Cason,2,3,0,0,0,0,0,0,1,7.8,7.8,0.0%,DB,2010
75,76,Jacob Lacey,5,0,0,0,0,0,0,0,1,7.5,7.5,0.0%,DB,2010
76,77,William Moore,3,2,0,1,0,0,0,0,1,7.5,7.5,0.0%,DB,2010
77,78,Courtney Greene,3,2,0,1,0,0,0,0,1,7.5,7.5,0.0%,DB,2010
78,79,Terence Newman,4,0,0,1,0,0,0,0,1,7.5,7.5,0.0%,DB,2010
79,80,Ryan Clark,3,4,0,0,0,0,0,0,1,7.5,7.5,0.0%,DB,2010
80,81,E.J. Biggers,4,0,0,1,0,0,0,0,1,7.5,7.5,0.0%,DB,2010
81,82,Andre' Goodman,4,0,0,1,0,0,0,0,1,7.5,7.5,0.0%,DB,2010
82,83,Troy Nolan,4,2,0,0,0,0,0,0,1,7.5,7.5,0.0%,DB,2010
83,84,Don Carey,4,2,0,0,0,0,0,0,1,7.5,7.5,0.0%,DB,2010
84,85,Brent Grimes,5,0,0,0,0,0,0,0,1,7.5,7.5,0.0%,DB,2010
85,86,Deon Grant,4,0,0,1,0,0,0,0,1,7.5,7.5,0.0%,DB,2010
86,87,Darrelle Revis,4,0,0,1,0,0,0,0,1,7.5,7.5,0.0%,DB,2010
87,88,Jarrad Page,0,1,0,1,1,0,0,0,1,7.3,7.3,0.0%,DB,2010
88,89,Derek Cox,0,1,0,1,1,0,0,0,1,7.3,7.3,0.0%,DB,2010
89,90,Darian Stewart,3,0,0,0,0,0,0,0,1,7.0,7.0,0.0%,DB,2010
90,91,Steve Gregory,3,3,0,0,0,0,0,0,1,6.8,6.8,0.0%,DB,2010
91,92,Kevin Dockery,4,1,0,0,0,0,0,0,1,6.8,6.8,0.0%,DB,2010
92,93,Jabari Greer,3,1,0,1,0,0,0,0,1,6.8,6.8,0.0%,DB,2010
93,94,Craig Dahl,2,1,0,2,0,0,0,0,1,6.8,6.8,0.0%,DB,2010
94,95,Syd'Quan Thompson,0,0,0,1,1,0,0,0,1,6.5,6.5,0.0%,DB,2010
95,96,Sherrod Martin,1,3,0,0,0,0,0,0,1,6.3,6.3,0.0%,DB,2010
96,97,DeAngelo Hall,4,0,0,0,0,0,0,0,1,6.0,6.0,0.0%,DB,2010
97,98,Danieal Manning,4,0,0,0,0,0,0,0,1,6.0,6.0,0.0%,DB,2010
98,99,Shawntae Spencer,4,0,0,0,0,0,0,0,1,6.0,6.0,0.0%,DB,2010
99,100,Dimitri Patterson,3,0,0,1,0,0,0,0,1,6.0,6.0,0.0%,DB,2010
100,101,Stanford Routt,4,0,0,0,0,0,0,0,1,6.0,6.0,0.0%,DB,2010
101,102,Perrish Cox,2,0,0,0,0,0,0,0,1,5.5,5.5,0.0%,DB,2010
102,103,Atari Bigby,1,0,0,0,0,0,1,0,1,5.5,5.5,0.0%,DB,2010
103,104,Cornelius Brown,2,1,0,1,0,0,0,0,1,5.3,5.3,0.0%,DB,2010
104,105,Frank Walker,2,1,0,1,0,0,0,0,1,5.3,5.3,0.0%,DB,2010
105,106,Roman Harper,3,1,0,0,0,0,0,0,1,5.3,5.3,1.0%,DB,2010
106,107,Asante Samuel,1,0,0,2,0,0,0,0,1,4.5,4.5,0.0%,DB,2010
107,108,Dashon Goldson,3,0,0,0,0,0,0,0,1,4.5,4.5,0.0%,DB,2010
108,109,Joselio Hanson,3,0,0,0,0,0,0,0,1,4.5,4.5,0.0%,DB,2010
109,110,Nnamdi Asomugha,2,0,0,1,0,0,0,0,1,4.5,4.5,0.0%,DB,2010
110,111,Chris Houston,3,0,0,0,0,0,0,0,1,4.5,4.5,0.0%,DB,2010
111,112,Josh Wilson,2,0,0,1,0,0,0,0,1,4.5,4.5,0.0%,DB,2010
112,113,Antonio Cromartie,2,0,0,1,0,0,0,0,1,4.5,4.5,0.0%,DB,2010
113,114,Bradley Fletcher,3,0,0,0,0,0,0,0,1,4.5,4.5,0.0%,DB,2010
114,115,Vontae Davis,2,0,0,1,0,0,0,0,1,4.5,4.5,0.0%,DB,2010
115,116,Lawyer Milloy,2,2,0,0,0,0,0,0,1,4.5,4.5,0.0%,DB,2010
116,117,Orlando Scandrick,3,0,0,0,0,0,0,0,1,4.5,4.5,0.0%,DB,2010
117,118,C.C. Brown,3,0,0,0,0,0,0,0,1,4.5,4.5,0.0%,DB,2010
118,119,Zackary Bowman,3,0,0,0,0,0,0,0,1,4.5,4.5,0.0%,DB,2010
119,120,Kyle Arrington,3,0,0,0,0,0,0,0,1,4.5,4.5,0.0%,DB,2010
120,121,Will Allen,0,0,0,0,0,0,1,0,1,4.0,4.0,0.0%,DB,2010
121,122,Sergio Brown,0,0,0,0,0,0,1,0,1,4.0,4.0,0.0%,DB,2010
122,123,Abram Elam,2,1,0,0,0,0,0,0,1,3.8,3.8,0.0%,DB,2010
123,124,D.J. Moore,1,1,0,1,0,0,0,0,1,3.8,3.8,0.0%,DB,2010
124,125,Captain Munnerlyn,2,1,0,0,0,0,0,0,1,3.8,3.8,0.0%,DB,2010
125,126,Quentin Jammer,2,1,0,0,0,0,0,0,1,3.8,3.8,0.0%,DB,2010
126,127,Gerald Sensabaugh,2,1,0,0,0,0,0,0,1,3.8,3.8,0.0%,DB,2010
127,128,T.J. Ward,1,1,0,1,0,0,0,0,1,3.8,3.8,0.1%,DB,2010
128,129,Paul Oliver,2,1,0,0,0,0,0,0,1,3.8,3.8,0.0%,DB,2010
129,130,Kelly Jennings,1,0,0,1,0,0,0,0,1,3.0,3.0,0.0%,DB,2010
130,131,Jordan Babineaux,2,0,0,0,0,0,0,0,1,3.0,3.0,0.0%,DB,2010
131,132,Byron Westbrook,2,0,0,0,0,0,0,0,1,3.0,3.0,0.0%,DB,2010
132,133,Robert McClain,2,0,0,0,0,0,0,0,1,3.0,3.0,0.0%,DB,2010
133,134,Michael Adams,2,0,0,0,0,0,0,0,1,3.0,3.0,0.0%,DB,2010
134,135,Ron Bartell,2,0,0,0,0,0,0,0,1,3.0,3.0,0.0%,DB,2010
135,136,Darius Butler,0,0,0,2,0,0,0,0,1,3.0,3.0,0.0%,DB,2010
136,137,Sean Smith,2,0,0,0,0,0,0,0,1,3.0,3.0,0.0%,DB,2010
137,138,Javier Arenas,1,0,0,1,0,0,0,0,1,3.0,3.0,0.0%,DB,2010
138,139,Colt Anderson,2,0,0,0,0,0,0,0,1,3.0,3.0,0.0%,DB,2010
139,140,Tarell Brown,2,0,0,0,0,0,0,0,1,3.0,3.0,0.0%,DB,2010
140,141,Jason McCourty,0,0,0,2,0,0,0,0,1,3.0,3.0,0.0%,DB,2010
141,142,Kendrick Lewis,1,0,0,1,0,0,0,0,1,3.0,3.0,0.0%,DB,2010
142,143,Walter Thurmond,2,0,0,0,0,0,0,0,1,3.0,3.0,0.0%,DB,2010
143,144,Mike Jenkins,1,0,0,1,0,0,0,0,1,3.0,3.0,0.0%,DB,2010
144,145,Major Wright,2,0,0,0,0,0,0,0,1,3.0,3.0,0.0%,DB,2010
145,146,Tyrone Culver,2,0,0,0,0,0,0,0,1,3.0,3.0,0.0%,DB,2010
146,147,George Wilson,1,1,0,0,0,0,0,0,1,2.3,2.3,0.0%,DB,2010
147,148,Charlie Peprah,1,1,0,0,0,0,0,0,1,2.3,2.3,0.0%,DB,2010
148,149,Amari Spievey,1,1,0,0,0,0,0,0,1,2.3,2.3,0.0%,DB,2010
149,150,Aaron Ross,1,1,0,0,0,0,0,0,1,2.3,2.3,0.0%,DB,2010
150,151,Marquice Cole,1,0,0,0,0,0,0,0,1,1.5,1.5,0.0%,DB,2010
151,152,Tye Hill,1,0,0,0,0,0,0,0,1,1.5,1.5,0.0%,DB,2010
152,153,Victor Harris,1,0,0,0,0,0,0,0,1,1.5,1.5,0.0%,DB,2010
153,154,Larry Asante,1,0,0,0,0,0,0,0,1,1.5,1.5,0.0%,DB,2010
154,155,Malcolm Jenkins,0,0,0,1,0,0,0,0,1,1.5,1.5,15.0%,DB,2010
155,156,Alan Ball,1,0,0,0,0,0,0,0,1,1.5,1.5,0.0%,DB,2010
156,157,Kam Chancellor,1,0,0,0,0,0,0,0,1,1.5,1.5,0.1%,DB,2010
157,158,Trumaine McBride,1,0,0,0,0,0,0,0,1,1.5,1.5,0.0%,DB,2010
158,159,Phillip Adams,1,0,0,0,0,0,0,0,1,1.5,1.5,0.0%,DB,2010
159,160,William Middleton,1,0,0,0,0,0,0,0,1,1.5,1.5,0.0%,DB,2010
160,161,Aaron Francisco,1,0,0,0,0,0,0,0,1,1.5,1.5,0.0%,DB,2010
161,162,Rashean Mathis,1,0,0,0,0,0,0,0,1,1.5,1.5,0.0%,DB,2010
162,163,Darren Sharper,1,0,0,0,0,0,0,0,1,1.5,1.5,0.0%,DB,2010
163,164,Lito Sheppard,1,0,0,0,0,0,0,0,1,1.5,1.5,0.0%,DB,2010
164,165,C.J. Wilson,1,0,0,0,0,0,0,0,1,1.5,1.5,0.0%,DB,2010
165,166,Mike Hamlin,1,0,0,0,0,0,0,0,1,1.5,1.5,0.0%,DB,2010
166,167,Ronde Barber,1,0,0,0,0,0,0,0,1,1.5,1.5,0.0%,DB,2010
167,168,Rashied Davis,0,0,0,1,0,0,0,0,1,1.5,1.5,0.0%,DB,2010
168,169,Trevard Lindley,0,1,0,0,0,0,0,0,1,0.8,0.8,0.0%,DB,2010
169,170,Donnie Nickey,0,0,0,0,0,0,0,0,1,0.0,0.0,0.0%,DB,2010
170,171,Anthony Madison,0,0,0,0,0,0,0,0,1,0.0,0.0,0.0%,DB,2010
171,172,Emanuel Cook,0,0,0,0,0,0,0,0,1,0.0,0.0,0.0%,DB,2010
172,173,Mike Newton,0,0,0,0,0,0,0,0,1,0.0,0.0,0.0%,DB,2010
173,174,Ricky Price,0,0,0,0,0,0,0,0,1,0.0,0.0,0.0%,DB,2010
174,175,Quinton Teal,0,0,0,0,0,0,0,0,1,0.0,0.0,0.0%,DB,2010
175,176,Nate Jones,1,0,0,0,0,0,0,0,1,0.0,0.0,0.0%,DB,2010
176,177,Eric King,0,1,0,0,0,0,0,0,1,0.0,0.0,0.0%,DB,2010
177,178,Marcus Hudson,0,0,0,0,0,0,0,0,1,0.0,0.0,0.0%,DB,2010
178,179,James Butler,0,0,0,0,0,0,0,0,1,0.0,0.0,0.0%,DB,2010
179,180,Brian Williams,1,2,0,0,0,0,0,0,1,0.0,0.0,0.0%,DB,2010
180,181,Hiram Eugene,0,0,0,0,0,0,0,0,1,0.0,0.0,0.0%,DB,2010
181,182,Jarrett Bush,0,0,0,0,0,0,0,0,1,0.0,0.0,0.0%,DB,2010
182,183,Dante Hughes,0,1,0,0,0,0,0,0,1,0.0,0.0,0.0%,DB,2010
183,184,Leon Hall,0,0,0,0,0,0,0,0,1,0.0,0.0,0.0%,DB,2010
184,185,Sabby Piscitelli,0,0,0,0,0,0,0,0,1,0.0,0.0,0.0%,DB,2010
185,186,Leigh Torrence,0,0,0,0,0,0,0,0,1,0.0,0.0,0.0%,DB,2010
186,187,Erik Coleman,0,0,0,0,0,0,0,0,1,0.0,0.0,0.0%,DB,2010
187,188,Benny Sapp,0,0,0,0,0,0,0,0,1,0.0,0.0,0.0%,DB,2010
188,189,Mike Adams,0,0,0,0,0,0,0,0,1,0.0,0.0,0.4%,DB,2010
189,190,Sean Considine,0,0,0,0,0,0,0,0,1,0.0,0.0,0.0%,DB,2010
190,191,James Sanders,0,0,0,0,0,0,0,0,1,0.0,0.0,0.0%,DB,2010
191,192,Marvin White,0,0,0,0,0,0,0,0,1,0.0,0.0,0.0%,DB,2010
192,193,Nathan Vasher,8,0,0,2,1,0,0,0,1,0.0,0.0,0.0%,DB,2010
193,194,Corey Lynch,0,0,0,0,0,0,0,0,1,0.0,0.0,0.0%,DB,2010
194,195,Haruki Nakamura,0,0,0,0,0,0,0,0,1,0.0,0.0,0.0%,DB,2010
195,196,James Ihedigbo,0,0,0,0,0,0,0,0,1,0.0,0.0,4.0%,DB,2010
196,197,Justin Tryon,4,2,0,0,0,0,0,0,1,0.0,0.0,0.0%,DB,2010
197,198,Christopher Owens,0,0,0,0,0,0,0,0,1,0.0,0.0,0.0%,DB,2010
198,199,Keenan Lewis,0,0,0,0,0,0,0,0,1,0.0,0.0,0.0%,DB,2010
199,200,Leodis McKelvin,0,0,0,0,0,0,0,0,1,0.0,0.0,0.0%,DB,2010
200,201,Corey Graham,0,0,0,0,0,0,0,0,1,0.0,0.0,0.0%,DB,2010
201,202,William Gay,0,0,0,0,0,0,0,0,1,0.0,0.0,0.1%,DB,2010
202,203,John Wendling,0,0,0,0,0,0,0,0,1,0.0,0.0,0.0%,DB,2010
203,204,Tyron Brackenridge,0,0,0,0,0,0,0,0,1,0.0,0.0,0.0%,DB,2010
204,205,Bubba Ventrone,1,0,0,0,0,0,0,0,1,0.0,0.0,0.0%,DB,2010
205,206,Quintin Demps,0,0,0,0,0,0,0,0,1,0.0,0.0,3.0%,DB,2010
206,207,Pat Lee,0,0,0,0,0,0,0,0,1,0.0,0.0,0.0%,DB,2010
207,208,Antwaun Molden,0,0,0,0,0,0,0,0,1,0.0,0.0,0.0%,DB,2010
208,209,Tyvon Branch,7,1,0,0,0,0,0,0,1,0.0,0.0,0.0%,DB,2010
209,210,David Bruton,0,0,0,0,0,0,0,0,1,0.0,0.0,0.0%,DB,2010
210,211,Elbert Mack,0,0,0,0,0,0,0,0,1,0.0,0.0,0.0%,DB,2010
211,212,Julius Jones,0,0,0,0,0,0,0,0,1,0.0,0.0,0.0%,DB,2010
212,213,Jon McGraw,0,0,0,0,0,0,0,0,1,0.0,0.0,0.0%,DB,2010
213,214,Sheldon Brown,4,0,0,0,0,0,0,0,1,0.0,0.0,0.0%,DB,2010
214,215,Ken Hamlin,0,0,0,0,0,0,0,0,1,0.0,0.0,0.0%,DB,2010
215,216,Donald Strickland,0,0,0,0,0,0,0,0,1,0.0,0.0,0.0%,DB,2010
216,217,Champ Bailey,0,0,0,0,0,0,0,0,1,0.0,0.0,0.0%,DB,2010
217,218,Eric Frampton,0,0,0,0,0,0,0,0,1,0.0,0.0,0.0%,DB,2010
218,219,Coye Francies,0,0,0,0,0,0,0,0,1,0.0,0.0,0.0%,DB,2010
219,220,Reshad Jones,0,0,0,0,0,0,0,0,1,0.0,0.0,0.0%,DB,2010
220,221,Jerome Murphy,0,0,0,0,0,0,0,0,1,0.0,0.0,0.0%,DB,2010
221,222,Myron Lewis,0,0,0,0,0,0,0,0,1,0.0,0.0,0.0%,DB,2010
222,223,Nolan Carroll,0,0,0,0,0,0,0,0,1,0.0,0.0,0.0%,DB,2010
223,224,Crezdon Butler,0,0,0,0,0,0,0,0,1,0.0,0.0,0.0%,DB,2010
224,225,Shann Schillinger,0,0,0,0,0,0,0,0,1,0.0,0.0,0.0%,DB,2010
225,226,Jordan Pugh,0,0,0,0,0,0,0,0,1,0.0,0.0,0.0%,DB,2010
226,227,Kareem Jackson,0,0,0,0,0,0,0,0,1,0.0,0.0,0.7%,DB,2010
227,228,Barry Church,0,0,0,0,0,0,0,0,1,0.0,0.0,2.0%,DB,2010
228,229,Chris Clemons,1,0,1,0,0,0,0,0,1,0.0,0.0,0.0%,DB,2010
229,230,Brandon Underwood,0,0,0,0,0,0,0,0,1,0.0,0.0,0.0%,DB,2010
230,231,C.J. Spillman,0,0,0,0,0,0,0,0,1,0.0,0.0,0.0%,DB,2010
231,232,Taylor Mays,0,0,0,0,0,0,0,0,1,0.0,0.0,0.0%,DB,2010
232,233,Patrick Robinson,0,0,0,0,0,0,0,0,1,0.0,0.0,0.0%,DB,2010
233,234,Kyle Wilson,0,0,0,0,0,0,0,0,1,0.0,0.0,0.0%,DB,2010
234,235,Stevie Brown,0,0,0,0,0,0,0,0,1,0.0,0.0,0.0%,DB,2010
235,236,Randy Phillips,0,0,0,0,0,0,0,0,1,0.0,0.0,0.0%,DB,2010
236,237,Cary Williams,0,0,0,0,0,0,0,0,1,0.0,0.0,0.0%,DB,2010
237,238,Matt Giordano,0,0,0,0,0,0,0,0,1,0.0,0.0,0.0%,DB,2010
238,239,Michael Coe,0,0,0,0,0,0,0,0,1,0.0,0.0,0.0%,DB,2010
239,240,Kennard Cox,0,0,0,0,0,0,0,0,1,0.0,0.0,0.0%,DB,2010
240,241,Jonathon Amaya,0,0,0,0,0,0,0,0,1,0.0,0.0,0.0%,DB,2010
241,242,Sherrick McManis,0,0,0,0,0,0,0,0,1,0.0,0.0,0.0%,DB,2010
242,243,Danny McCray,0,0,0,0,0,0,0,0,1,0.0,0.0,0.0%,DB,2010
243,244,Bryan McCann,0,0,0,0,0,0,0,0,1,0.0,0.0,0.0%,DB,2010
244,245,Cassius Vaughn,0,0,0,0,0,0,0,0,1,0.0,0.0,0.0%,DB,2010
245,246,Prince Miller,0,0,0,0,0,0,0,0,1,0.0,0.0,0.0%,DB,2010
246,247,Jeromy Miles,0,0,0,0,0,0,0,0,1,0.0,0.0,0.0%,DB,2010
