,Rank,Player,Tackle,Assist,Sack,Pass Defended,Interception,Forced Fumble,Fumble Recovery,Defend Touchdown,Games Played,Fantasy Football Points,FTPS/Game,ROST,Position,Year
0,1,Cliff Avril,4,0,3.0,0,0,0,0,0,1,25.5,25.5,0.1%,DL,2010
1,2,Jason Pierre-Paul,3,0,2.0,1,0,0,1,0,1,23.0,23.0,0.0%,DL,2010
2,3,Fred Robbins,3,0,2.0,0,0,1,0,0,1,19.0,19.0,0.0%,DL,2010
3,4,Raheem Brock,3,0,2.0,0,0,0,0,0,1,17.5,17.5,0.0%,DL,2010
4,5,Justin Tuck,3,0,1.0,0,0,2,0,0,1,16.5,16.5,0.0%,DL,2010
5,6,Turk McBride,1,4,1.0,0,0,1,1,0,1,16.5,16.5,0.0%,DL,2010
6,7,Cullen Jenkins,2,0,2.0,0,0,0,0,0,1,16.0,16.0,0.0%,DL,2010
7,8,Cory Redding,3,3,1.0,0,0,0,0,0,1,15.8,15.8,0.0%,DL,2010
8,9,Barry Cofield,7,0,0.0,1,0,0,0,0,1,14.5,14.5,0.0%,DL,2010
9,10,Sedrick Ellis,2,1,1.0,0,0,1,0,0,1,14.3,14.3,0.0%,DL,2010
10,11,Jeremy Mincey,2,1,1.0,0,0,0,0,0,1,12.8,12.8,0.0%,DL,2010
11,12,Kamerion Wimbley,4,0,1.0,0,0,0,0,0,1,12.5,12.5,0.0%,DL,2010
12,13,Spencer Johnson,4,2,0.0,0,0,0,0,0,1,12.5,12.5,0.0%,DL,2010
13,14,William Hayes,3,4,0.5,0,0,0,0,0,1,12.0,12.0,2.0%,DL,2010
14,15,Jonathan Babineaux,2,0,1.0,0,0,0,0,0,1,12.0,12.0,0.0%,DL,2010
15,16,Mike Patterson,3,1,1.0,0,0,0,0,0,1,11.8,11.8,0.0%,DL,2010
16,17,Charles Johnson,2,2,1.0,0,0,0,0,0,1,11.0,11.0,0.0%,DL,2010
17,18,Osi Umenyiora,1,2,1.0,0,0,1,0,0,1,11.0,11.0,0.0%,DL,2010
18,19,Brian Robison,1,2,0.0,0,0,0,2,0,1,11.0,11.0,0.0%,DL,2010
19,20,Shaun Rogers,3,0,1.0,0,0,0,0,0,1,11.0,11.0,0.0%,DL,2010
20,21,Julius Peppers,2,2,1.0,0,0,0,0,0,1,11.0,11.0,0.1%,DL,2010
21,22,Chris Clemons,2,1,1.0,2,0,0,0,0,1,10.8,10.8,0.0%,DL,2010
22,23,Carlos Dunlap,1,1,1.5,0,0,0,0,0,1,10.8,10.8,3.0%,DL,2010
23,24,Sione Po'uha,6,2,0.0,0,0,0,0,0,1,10.5,10.5,0.0%,DL,2010
24,25,Ziggy Hood,2,1,1.0,0,0,0,0,0,1,10.3,10.3,0.0%,DL,2010
25,26,Calais Campbell,1,1,1.0,1,0,0,0,0,1,10.3,10.3,3.1%,DL,2010
26,27,Jason Jones,5,0,0.0,0,0,0,0,0,1,10.0,10.0,0.0%,DL,2010
27,28,Darnell Dockett,5,0,0.0,0,0,0,0,0,1,10.0,10.0,0.0%,DL,2010
28,29,Jermaine Cunningham,5,0,0.0,0,0,0,0,0,1,10.0,10.0,0.0%,DL,2010
29,30,Haloti Ngata,3,1,0.5,0,0,0,0,0,1,9.8,9.8,0.0%,DL,2010
30,31,Kevin Williams,3,0,0.0,0,0,0,0,0,1,9.5,9.5,0.1%,DL,2010
31,32,Robert Ayers,3,1,0.0,1,0,0,0,0,1,9.3,9.3,0.0%,DL,2010
32,33,Glenn Dorsey,6,0,0.0,0,0,0,0,0,1,9.0,9.0,0.0%,DL,2010
33,34,Tommy Kelly,1,1,1.0,0,0,0,0,0,1,8.8,8.8,0.0%,DL,2010
34,35,Ogemdi Nwagbuo,3,2,0.0,0,0,0,0,0,1,8.5,8.5,0.0%,DL,2010
35,36,Dan Williams,5,1,0.0,0,0,0,0,0,1,8.3,8.3,0.0%,DL,2010
36,37,Trevor Laws,1,0,0.0,1,1,0,0,0,1,8.0,8.0,0.0%,DL,2010
37,38,B.J. Raji,1,0,1.0,0,0,0,0,0,1,8.0,8.0,0.0%,DL,2010
38,39,Jason Hunter,5,0,0.0,0,0,0,0,0,1,7.5,7.5,0.0%,DL,2010
39,40,Domata Peko,2,2,0.0,0,0,0,0,0,1,7.0,7.0,0.0%,DL,2010
40,41,Dave Tollefson,1,0,0.0,1,0,1,0,0,1,7.0,7.0,0.0%,DL,2010
41,42,Eric Foster,3,0,0.0,0,0,0,0,0,1,7.0,7.0,0.0%,DL,2010
42,43,Alan Branch,3,0,0.0,0,0,0,0,0,1,7.0,7.0,0.0%,DL,2010
43,44,Adam Carriker,4,1,0.0,0,0,0,0,0,1,6.8,6.8,0.0%,DL,2010
44,45,Ma'ake Kemoeatu,4,1,0.0,0,0,0,0,0,1,6.8,6.8,0.0%,DL,2010
45,46,Daniel Muir,4,1,0.0,0,0,0,0,0,1,6.8,6.8,0.0%,DL,2010
46,47,Ndamukong Suh,3,1,0.0,1,0,0,0,0,1,6.8,6.8,0.0%,DL,2010
47,48,Pat Sims,2,1,0.0,0,0,0,0,0,1,6.3,6.3,0.0%,DL,2010
48,49,Ryan Pickett,2,1,0.0,0,0,0,0,0,1,6.3,6.3,0.0%,DL,2010
49,50,Kyle Williams,1,3,0.0,0,0,0,0,0,1,6.3,6.3,3.7%,DL,2010
50,51,Kenyon Coleman,3,2,0.0,0,0,0,0,0,1,6.0,6.0,0.0%,DL,2010
51,52,Paul Soliai,4,0,0.0,0,0,0,0,0,1,6.0,6.0,0.0%,DL,2010
52,53,Jacques Cesaire,4,0,0.0,0,0,0,0,0,1,6.0,6.0,0.0%,DL,2010
53,54,Mike Devito,4,0,0.0,0,0,0,0,0,1,6.0,6.0,0.0%,DL,2010
54,55,Justin Smith,1,3,0.5,0,0,0,0,0,1,5.8,5.8,0.0%,DL,2010
55,56,Amobi Okoye,2,0,0.0,0,0,0,0,0,1,5.5,5.5,0.0%,DL,2010
56,57,Robert Geathers,1,0,0.0,0,0,1,0,0,1,5.5,5.5,0.0%,DL,2010
57,58,Mario Williams,2,0,0.0,0,0,0,0,0,1,5.5,5.5,0.0%,DL,2010
58,59,Mark Anderson,2,0,0.0,0,0,0,0,0,1,5.5,5.5,0.0%,DL,2010
59,60,Justin Bannan,1,0,0.0,0,0,1,0,0,1,5.5,5.5,0.0%,DL,2010
60,61,Israel Idonije,3,1,0.0,0,0,0,0,0,1,5.3,5.3,0.0%,DL,2010
61,62,Brett Keisel,1,3,0.0,1,0,0,0,0,1,5.3,5.3,0.0%,DL,2010
62,63,Anthony Spencer,3,1,0.0,0,0,0,0,0,1,5.3,5.3,0.0%,DL,2010
63,64,Luis Castillo,3,1,0.0,0,0,0,0,0,1,5.3,5.3,0.0%,DL,2010
64,65,Kedric Golston,2,3,0.0,0,0,0,0,0,1,5.3,5.3,0.0%,DL,2010
65,66,Anthony Hargrove,3,1,0.0,0,0,0,0,0,1,5.3,5.3,0.0%,DL,2010
66,67,Austen Lane,3,1,0.0,0,0,0,0,0,1,5.3,5.3,0.0%,DL,2010
67,68,Antonio Garay,3,1,0.0,0,0,0,0,0,1,5.3,5.3,0.0%,DL,2010
68,69,Isaac Sopoaga,1,2,0.5,0,0,0,0,0,1,5.0,5.0,0.0%,DL,2010
69,70,Sammie Lee,1,1,0.0,0,0,0,0,0,1,4.8,4.8,0.0%,DL,2010
70,71,Brandon Mebane,2,2,0.0,0,0,0,0,0,1,4.5,4.5,0.0%,DL,2010
71,72,Kevin Vickerson,2,2,0.0,0,0,0,0,0,1,4.5,4.5,0.0%,DL,2010
72,73,Randy Starks,3,0,0.0,0,0,0,0,0,1,4.5,4.5,0.0%,DL,2010
73,74,Brian Schaefering,3,0,0.0,0,0,0,0,0,1,4.5,4.5,0.0%,DL,2010
74,75,Fili Moala,3,0,0.0,0,0,0,0,0,1,4.5,4.5,0.0%,DL,2010
75,76,Tim Jamison,3,0,0.0,0,0,0,0,0,1,4.5,4.5,0.0%,DL,2010
76,77,Keyunta Dawson,2,0,0.0,1,0,0,0,0,1,4.5,4.5,0.0%,DL,2010
77,78,Vince Wilfork,3,0,0.0,0,0,0,0,0,1,4.5,4.5,0.0%,DL,2010
78,79,Lawrence Jackson,1,2,0.0,1,0,0,0,0,1,4.5,4.5,0.0%,DL,2010
79,80,Corey Williams,3,0,0.0,0,0,0,0,0,1,4.5,4.5,0.0%,DL,2010
80,81,Geno Atkins,1,1,0.5,0,0,0,0,0,1,4.3,4.3,0.0%,DL,2010
81,82,Darryl Tapp,0,0,0.0,0,0,0,1,0,1,4.0,4.0,0.0%,DL,2010
82,83,Michael Bennett,1,0,0.0,0,0,0,0,0,1,4.0,4.0,0.0%,DL,2010
83,84,Phillip Daniels,2,1,0.0,0,0,0,0,0,1,3.8,3.8,0.0%,DL,2010
84,85,Ronald Fields,2,1,0.0,0,0,0,0,0,1,3.8,3.8,0.0%,DL,2010
85,86,Marques Douglas,2,1,0.0,0,0,0,0,0,1,3.8,3.8,0.0%,DL,2010
86,87,Tony McDaniel,0,2,0.5,0,0,0,0,0,1,3.5,3.5,0.0%,DL,2010
87,88,Junior Siavii,2,0,0.0,0,0,0,0,0,1,3.0,3.0,0.0%,DL,2010
88,89,Vance Walker,2,0,0.0,0,0,0,0,0,1,3.0,3.0,0.0%,DL,2010
89,90,Ahtyba Rubin,2,0,0.0,0,0,0,0,0,1,3.0,3.0,0.0%,DL,2010
90,91,Everette Brown,2,0,0.0,0,0,0,0,0,1,3.0,3.0,0.0%,DL,2010
91,92,Will Smith,2,0,0.0,0,0,0,0,0,1,3.0,3.0,0.0%,DL,2010
92,93,Rob Ninkovich,2,0,0.0,0,0,0,0,0,1,3.0,3.0,0.0%,DL,2010
93,94,Corey Peters,2,0,0.0,0,0,0,0,0,1,3.0,3.0,2.0%,DL,2010
94,95,Tony Brown,1,2,0.0,0,0,0,0,0,1,3.0,3.0,0.0%,DL,2010
95,96,Michael Johnson,2,0,0.0,0,0,0,0,0,1,3.0,3.0,0.0%,DL,2010
96,97,Chris Canty,2,0,0.0,0,0,0,0,0,1,3.0,3.0,0.0%,DL,2010
97,98,Kendall Langford,2,0,0.0,0,0,0,0,0,1,3.0,3.0,0.0%,DL,2010
98,99,Kentwan Balmer,1,2,0.0,0,0,0,0,0,1,3.0,3.0,0.0%,DL,2010
99,100,Demetric Evans,2,0,0.0,0,0,0,0,0,1,3.0,3.0,0.0%,DL,2010
100,101,Ryan McBean,2,0,0.0,0,0,0,0,0,1,3.0,3.0,0.0%,DL,2010
101,102,Dave Ball,1,1,0.0,0,0,0,0,0,1,2.3,2.3,0.0%,DL,2010
102,103,Antonio Smith,1,1,0.0,0,0,0,0,0,1,2.3,2.3,0.0%,DL,2010
103,104,Nick Hayden,1,1,0.0,0,0,0,0,0,1,2.3,2.3,0.0%,DL,2010
104,105,Greg Hardy,1,1,0.0,0,0,0,0,0,1,2.3,2.3,0.0%,DL,2010
105,106,Matt Toeaina,1,1,0.0,0,0,0,0,0,1,2.3,2.3,0.0%,DL,2010
106,107,Casey Hampton,1,1,0.0,0,0,0,0,0,1,2.3,2.3,0.0%,DL,2010
107,108,Derek Landri,0,3,0.0,0,0,0,0,0,1,2.3,2.3,0.0%,DL,2010
108,109,Antonio Johnson,1,1,0.0,0,0,0,0,0,1,2.3,2.3,0.0%,DL,2010
109,110,Vaughn Martin,1,1,0.0,0,0,0,0,0,1,2.3,2.3,0.0%,DL,2010
110,111,Roy Miller,1,1,0.0,0,0,0,0,0,1,2.3,2.3,0.0%,DL,2010
111,112,Chauncey Davis,1,0,0.0,0,0,0,0,0,1,1.5,1.5,0.0%,DL,2010
112,113,Peria Jerry,1,0,0.0,0,0,0,0,0,1,1.5,1.5,0.0%,DL,2010
113,114,Antonio Dixon,1,0,0.0,0,0,0,0,0,1,1.5,1.5,0.0%,DL,2010
114,115,Marcus Benard,1,0,0.0,0,0,0,0,0,1,1.5,1.5,0.0%,DL,2010
115,116,Ed Johnson,1,0,0.0,0,0,0,0,0,1,1.5,1.5,0.0%,DL,2010
116,117,Brandon McKinney,0,2,0.0,0,0,0,0,0,1,1.5,1.5,0.0%,DL,2010
117,118,Aaron Morgan,1,0,0.0,0,0,0,0,0,1,1.5,1.5,0.0%,DL,2010
118,119,Damione Lewis,1,0,0.0,0,0,0,0,0,1,1.5,1.5,0.0%,DL,2010
119,120,Ricky Jean-Francois,1,0,0.0,0,0,0,0,0,1,1.5,1.5,0.0%,DL,2010
120,121,Brodrick Bunkley,1,0,0.0,0,0,0,0,0,1,1.5,1.5,0.0%,DL,2010
121,122,Chris Long,1,0,0.0,0,0,0,0,0,1,1.5,1.5,0.0%,DL,2010
122,123,Ron Brace,1,0,0.0,0,0,0,0,0,1,1.5,1.5,0.0%,DL,2010
123,124,Nick Eason,1,0,0.0,0,0,0,0,0,1,1.5,1.5,0.0%,DL,2010
124,125,Tyson Alualu,1,0,0.0,0,0,0,0,0,1,1.5,1.5,0.0%,DL,2010
125,126,Stylez G.,1,0,0.0,0,0,0,0,0,1,1.5,1.5,0.0%,DL,2010
126,127,Daniel Te'o-Nesheim,1,0,0.0,0,0,0,0,0,1,1.5,1.5,0.0%,DL,2010
127,128,Gerard Warren,1,0,0.0,0,0,0,0,0,1,1.5,1.5,0.0%,DL,2010
128,129,Letroy Guion,1,0,0.0,0,0,0,0,0,1,1.5,1.5,0.0%,DL,2010
129,130,Igor Olshansky,1,0,0.0,0,0,0,0,0,1,1.5,1.5,0.0%,DL,2010
130,131,Aubrayo Franklin,1,0,0.0,0,0,0,0,0,1,1.5,1.5,0.0%,DL,2010
131,132,Al Woods,1,0,0.0,0,0,0,0,0,1,1.5,1.5,0.0%,DL,2010
132,133,Remi Ayodele,1,0,0.0,0,0,0,0,0,1,1.5,1.5,0.0%,DL,2010
133,134,Jamal Williams,0,2,0.0,0,0,0,0,0,1,1.5,1.5,0.0%,DL,2010
134,135,Jimmy Kennedy,1,0,0.0,0,0,0,0,0,1,1.5,1.5,0.0%,DL,2010
135,136,Anthony Adams,1,0,0.0,0,0,0,0,0,1,1.5,1.5,0.0%,DL,2010
136,137,Marcus Thomas,0,2,0.0,0,0,0,0,0,1,1.5,1.5,0.0%,DL,2010
137,138,Jeff Charleston,1,0,0.0,0,0,0,0,0,1,1.5,1.5,0.0%,DL,2010
138,139,James Hall,1,0,0.0,0,0,0,0,0,1,1.5,1.5,0.0%,DL,2010
139,140,John McCargo,0,1,0.0,0,0,0,0,0,1,0.8,0.8,0.0%,DL,2010
140,141,Kelly Gregg,0,1,0.0,0,0,0,0,0,1,0.8,0.8,0.0%,DL,2010
141,142,Jacob Ford,0,1,0.0,0,0,0,0,0,1,0.8,0.8,0.0%,DL,2010
142,143,George Selvie,0,1,0.0,0,0,0,0,0,1,0.8,0.8,0.0%,DL,2010
143,144,Jason Hatcher,0,1,0.0,0,0,0,0,0,1,0.8,0.8,0.0%,DL,2010
144,145,Pat Williams,0,1,0.0,0,0,0,0,0,1,0.8,0.8,0.0%,DL,2010
145,146,John Henderson,0,1,0.0,0,0,0,0,0,1,0.8,0.8,0.0%,DL,2010
146,147,Craig Terrill,0,1,0.0,0,0,0,0,0,1,0.8,0.8,0.0%,DL,2010
147,148,Brandon Graham,0,1,0.0,0,0,0,0,0,1,0.8,0.8,2.2%,DL,2010
148,149,Marcus Stroud,0,1,0.0,0,0,0,0,0,1,0.8,0.8,0.0%,DL,2010
149,150,C.J. Ah,0,1,0.0,0,0,0,0,0,1,0.8,0.8,0.0%,DL,2010
150,151,Shaun Ellis,0,1,0.0,0,0,0,0,0,1,0.8,0.8,0.0%,DL,2010
151,152,Jamaal Anderson,0,1,0.0,0,0,0,0,0,1,0.8,0.8,0.0%,DL,2010
152,153,Gary Gibson,0,1,0.0,0,0,0,0,0,1,0.8,0.8,0.0%,DL,2010
153,154,Robert Gallery,0,0,0.0,0,0,0,0,0,1,0.0,0.0,0.0%,DL,2010
154,155,Floyd Womack,0,0,0.0,0,0,0,0,0,1,0.0,0.0,0.0%,DL,2010
155,156,Langston Walker,0,0,0.0,0,0,0,0,0,1,0.0,0.0,0.0%,DL,2010
156,157,Barry Sims,0,0,0.0,0,0,0,0,0,1,0.0,0.0,0.0%,DL,2010
157,158,Alex Brown,1,1,0.0,0,0,0,0,0,1,0.0,0.0,0.0%,DL,2010
158,159,Jeremy Bridges,0,0,0.0,0,0,0,0,0,1,0.0,0.0,0.0%,DL,2010
159,160,Trai Essex,0,0,0.0,0,0,0,0,0,1,0.0,0.0,0.0%,DL,2010
160,161,Stephon Heyer,0,0,0.0,0,0,0,0,0,1,0.0,0.0,0.0%,DL,2010
161,162,Demetress Bell,0,0,0.0,0,0,0,0,0,1,0.0,0.0,0.0%,DL,2010
162,163,Jordan Black,0,0,0.0,0,0,0,0,0,1,0.0,0.0,0.0%,DL,2010
163,164,Jammal Brown,0,0,0.0,0,0,0,0,0,1,0.0,0.0,0.0%,DL,2010
164,165,Stacy Andrews,0,0,0.0,0,0,0,0,0,1,0.0,0.0,0.0%,DL,2010
165,166,Levi Brown,0,0,0.0,0,0,0,0,0,1,0.0,0.0,0.0%,DL,2010
166,167,C.J. Wilson,0,0,0.0,0,0,0,0,0,1,0.0,0.0,0.0%,DL,2010
167,168,Ray McDonald,0,0,0.0,0,0,0,0,0,1,0.0,0.0,0.0%,DL,2010
168,169,Jay Richardson,0,1,0.0,0,0,0,0,0,1,0.0,0.0,0.0%,DL,2010
169,170,Stephen Bowen,0,0,0.0,0,0,0,0,0,1,0.0,0.0,0.0%,DL,2010
170,171,Phillip Merling,0,0,0.0,0,0,0,0,0,1,0.0,0.0,0.0%,DL,2010
171,172,Andre Fluellen,0,0,0.0,0,0,0,0,0,1,0.0,0.0,0.0%,DL,2010
172,173,Jay Ratliff,0,0,0.0,0,0,0,0,0,1,0.0,0.0,0.0%,DL,2010
173,174,Tamba Hali,4,0,2.0,0,0,1,1,0,1,0.0,0.0,2.0%,DL,2010
174,175,Ahmad Brooks,4,0,2.0,0,0,0,0,0,1,0.0,0.0,0.0%,DL,2010
175,176,Kroy Biermann,0,0,0.0,0,0,0,0,0,1,0.0,0.0,0.0%,DL,2010
176,177,Terrence Cody,0,0,0.0,0,0,0,0,0,1,0.0,0.0,0.0%,DL,2010
177,178,Desmond Bryant,0,0,0.0,0,0,0,0,0,1,0.0,0.0,0.0%,DL,2010
178,179,Gerald McCoy,0,0,0.0,0,0,0,0,0,1,0.0,0.0,0.0%,DL,2010
179,180,Everson Griffen,0,0,0.0,0,0,0,0,0,1,0.0,0.0,2.0%,DL,2010
180,181,Jerry Hughes,0,0,0.0,0,0,0,0,0,1,0.0,0.0,1.0%,DL,2010
181,182,Lamarr Houston,2,0,1.0,0,0,0,0,0,1,0.0,0.0,0.0%,DL,2010
182,183,Alex Carrington,0,0,0.0,0,0,0,0,0,1,0.0,0.0,0.0%,DL,2010
183,184,Wallace Gilberry,0,0,0.0,0,0,0,0,0,1,0.0,0.0,0.0%,DL,2010
184,185,Cameron Wake,3,1,1.5,0,0,0,0,0,1,0.0,0.0,0.0%,DL,2010
185,186,Tyson Jackson,0,0,0.0,0,0,0,0,0,1,0.0,0.0,0.0%,DL,2010
186,187,Larry English,1,0,0.0,0,0,0,0,0,1,0.0,0.0,0.0%,DL,2010
187,188,Clay Matthews,6,0,0.0,1,0,0,0,0,1,0.0,0.0,0.0%,DL,2010
188,189,Paul Kruger,0,0,0.0,0,0,0,0,0,1,0.0,0.0,0.0%,DL,2010
189,190,Matt Shaughnessy,0,0,0.0,0,0,0,0,0,1,0.0,0.0,0.0%,DL,2010
190,191,Terrance Knighton,0,0,0.0,0,0,0,0,0,1,0.0,0.0,0.0%,DL,2010
191,192,Henry Melton,0,0,0.0,0,0,0,0,0,1,0.0,0.0,0.0%,DL,2010
192,193,Jared Allen,3,2,1.0,0,0,1,0,0,1,0.0,0.0,0.0%,DL,2010
193,194,Brandon Banks,0,0,0.0,0,0,0,0,0,1,0.0,0.0,0.0%,DL,2010
194,195,Terrell Suggs,4,1,1.5,0,0,0,0,0,1,0.0,0.0,0.0%,DL,2010
195,196,Dwight Freeney,1,0,1.0,0,0,0,0,0,1,0.0,0.0,0.0%,DL,2010
196,197,Jason Babin,1,0,0.0,0,0,0,0,0,1,0.0,0.0,0.0%,DL,2010
197,198,Vonnie Holliday,0,0,0.0,0,0,0,0,0,1,0.0,0.0,0.0%,DL,2010
198,199,Richard Seymour,0,0,0.0,0,0,0,0,0,1,0.0,0.0,0.0%,DL,2010
199,200,Andre Carter,0,0,0.0,0,0,0,0,0,1,0.0,0.0,0.0%,DL,2010
200,201,John Abraham,2,1,0.0,0,0,0,0,0,1,0.0,0.0,0.0%,DL,2010
201,202,Earl Mitchell,0,0,0.0,0,0,0,0,0,1,0.0,0.0,0.0%,DL,2010
202,203,Nate Collins,0,0,0.0,0,0,0,0,0,1,0.0,0.0,0.0%,DL,2010
203,204,Jermelle Cudjo,0,0,0.0,0,0,0,0,0,1,0.0,0.0,0.0%,DL,2010
204,205,C.J. Mosley,0,0,0.0,0,0,0,0,0,1,0.0,0.0,0.0%,DL,2010
205,206,Dexter Davis,0,0,0.0,0,0,0,0,0,1,0.0,0.0,0.0%,DL,2010
206,207,Arthur Moats,0,1,0.0,0,0,0,0,0,1,0.0,0.0,0.0%,DL,2010
207,208,Eugene Sims,0,0,0.0,0,0,0,0,0,1,0.0,0.0,0.0%,DL,2010
208,209,Brandon Deaderick,0,0,0.0,0,0,0,0,0,1,0.0,0.0,0.0%,DL,2010
209,210,Kyle Love,0,0,0.0,0,0,0,0,0,1,0.0,0.0,0.0%,DL,2010
210,211,Josh Brent,0,0,0.0,0,0,0,0,0,1,0.0,0.0,0.0%,DL,2010
211,212,John Denney,0,0,0.0,0,0,0,0,0,1,0.0,0.0,0.0%,DL,2010
