,Rank,Player,Tackle,Assist,Sack,Pass Defended,Interception,Forced Fumble,Fumble Recovery,Defend Touchdown,Games Played,Fantasy Football Points,FTPS/Game,ROST,Position,Year
0,1,Shaun Ellis,6,1,1.0,0,0,1,0,0,1,20.3,20.3,0.0%,DL,2010
1,2,Mathias Kiwanuka,3,1,2.0,0,0,1,0,0,1,19.8,19.8,0.0%,DL,2010
2,3,Kyle Vanden,10,1,0.0,0,0,0,0,0,1,18.3,18.3,0.0%,DL,2010
3,4,Sione Po'uha,4,3,0.0,0,0,0,2,0,1,16.3,16.3,0.0%,DL,2010
4,5,Juqua Parker,2,0,2.0,0,0,0,0,0,1,16.0,16.0,0.0%,DL,2010
5,6,Fred Robbins,4,0,1.0,0,0,0,0,0,1,15.0,15.0,0.0%,DL,2010
6,7,Osi Umenyiora,4,1,1.0,0,0,1,0,0,1,14.8,14.8,0.0%,DL,2010
7,8,Kamerion Wimbley,4,1,1.0,0,0,1,0,0,1,14.8,14.8,0.0%,DL,2010
8,9,Corey Williams,5,0,1.0,0,0,0,0,0,1,14.0,14.0,0.0%,DL,2010
9,10,Darnell Dockett,6,0,0.0,0,0,0,0,0,1,14.0,14.0,0.0%,DL,2010
10,11,Robert Ayers,4,1,1.0,0,0,0,0,0,1,13.3,13.3,0.0%,DL,2010
11,12,Red Bryant,3,0,1.0,0,0,1,0,0,1,12.5,12.5,0.0%,DL,2010
12,13,Sedrick Ellis,3,2,1.0,0,0,0,0,0,1,12.5,12.5,0.0%,DL,2010
13,14,Sammie Lee,1,0,1.0,0,0,0,1,0,1,12.0,12.0,0.0%,DL,2010
14,15,Glenn Dorsey,4,2,0.5,0,0,0,0,0,1,12.0,12.0,0.0%,DL,2010
15,16,Justin Tuck,3,1,0.0,0,0,0,1,0,1,11.8,11.8,0.0%,DL,2010
16,17,Haloti Ngata,3,1,1.0,0,0,0,0,0,1,11.8,11.8,0.0%,DL,2010
17,18,Marcus Benard,1,2,1.5,0,0,0,0,0,1,11.5,11.5,0.0%,DL,2010
18,19,Tyson Alualu,3,0,1.0,0,0,0,0,0,1,11.0,11.0,0.0%,DL,2010
19,20,Matt Shaughnessy,3,0,1.0,0,0,0,0,0,1,11.0,11.0,0.0%,DL,2010
20,21,Calais Campbell,2,0,1.0,1,0,0,0,0,1,11.0,11.0,3.1%,DL,2010
21,22,Richard Seymour,4,1,0.0,0,0,0,1,0,1,10.8,10.8,0.0%,DL,2010
22,23,Barry Cofield,3,1,0.5,0,0,0,0,0,1,9.8,9.8,0.0%,DL,2010
23,24,Julius Peppers,1,0,1.0,0,0,1,0,0,1,9.5,9.5,0.1%,DL,2010
24,25,C.J. Ah,1,0,1.0,0,0,1,0,0,1,9.5,9.5,0.0%,DL,2010
25,26,Jacob Ford,1,0,1.0,0,0,1,0,0,1,9.5,9.5,0.0%,DL,2010
26,27,Turk McBride,1,0,1.0,0,0,1,0,0,1,9.5,9.5,0.0%,DL,2010
27,28,Dexter Davis,2,0,1.0,0,0,0,0,0,1,9.5,9.5,0.0%,DL,2010
28,29,Kroy Biermann,2,0,1.0,0,0,0,0,0,1,9.5,9.5,0.0%,DL,2010
29,30,B.J. Raji,2,0,1.0,0,0,0,0,0,1,9.5,9.5,0.0%,DL,2010
30,31,Jason Hunter,4,1,0.0,0,0,0,0,0,1,9.3,9.3,0.0%,DL,2010
31,32,Marcus Stroud,2,5,0.0,0,0,0,0,0,1,9.3,9.3,0.0%,DL,2010
32,33,Greg Hardy,3,1,0.0,0,0,1,0,0,1,9.3,9.3,0.0%,DL,2010
33,34,Charles Johnson,4,0,0.0,0,0,0,0,0,1,8.5,8.5,0.0%,DL,2010
34,35,Brodrick Bunkley,3,2,0.0,0,0,0,0,0,1,8.5,8.5,0.0%,DL,2010
35,36,Gerald McCoy,3,0,0.0,0,0,1,0,0,1,8.5,8.5,0.0%,DL,2010
36,37,Mario Williams,2,2,1.0,0,0,0,0,0,1,8.5,8.5,0.0%,DL,2010
37,38,Mike Devito,4,3,0.0,0,0,0,0,0,1,8.3,8.3,0.0%,DL,2010
38,39,Jayme Mitchell,1,0,1.0,0,0,0,0,0,1,8.0,8.0,0.0%,DL,2010
39,40,Ndamukong Suh,1,0,1.0,0,0,0,0,0,1,8.0,8.0,0.0%,DL,2010
40,41,Dwan Edwards,3,1,0.0,0,0,0,0,0,1,7.8,7.8,0.0%,DL,2010
41,42,Robaire Smith,4,2,0.0,0,0,0,0,0,1,7.5,7.5,0.0%,DL,2010
42,43,Chris Canty,1,5,0.5,0,0,0,0,0,1,7.3,7.3,0.0%,DL,2010
43,44,Ogemdi Nwagbuo,3,0,0.0,0,0,0,0,0,1,7.0,7.0,0.0%,DL,2010
44,45,Domata Peko,3,0,0.0,0,0,0,0,0,1,7.0,7.0,0.0%,DL,2010
45,46,Israel Idonije,3,0,0.0,0,0,0,0,0,1,7.0,7.0,0.0%,DL,2010
46,47,Mark Anderson,3,0,0.0,0,0,0,0,0,1,7.0,7.0,0.0%,DL,2010
47,48,Rob Ninkovich,1,2,0.0,0,0,0,1,0,1,7.0,7.0,0.0%,DL,2010
48,49,John Henderson,4,1,0.0,0,0,0,0,0,1,6.8,6.8,0.0%,DL,2010
49,50,Kyle Williams,3,3,0.0,0,0,0,0,0,1,6.8,6.8,3.7%,DL,2010
50,51,Tyson Jackson,3,3,0.0,0,0,0,0,0,1,6.8,6.8,0.0%,DL,2010
51,52,Jovan Haye,3,2,0.0,0,0,0,0,0,1,6.0,6.0,0.0%,DL,2010
52,53,Stylez G.,3,2,0.0,0,0,0,0,0,1,6.0,6.0,0.0%,DL,2010
53,54,Amobi Okoye,3,2,0.0,0,0,0,0,0,1,6.0,6.0,0.0%,DL,2010
54,55,Justin Smith,4,0,0.0,0,0,0,0,0,1,6.0,6.0,0.0%,DL,2010
55,56,Dave Ball,1,2,0.0,2,0,0,0,0,1,6.0,6.0,0.0%,DL,2010
56,57,Colin Cole,4,0,0.0,0,0,0,0,0,1,6.0,6.0,0.0%,DL,2010
57,58,James Hall,1,0,0.0,1,0,0,0,0,1,5.5,5.5,0.0%,DL,2010
58,59,Cullen Jenkins,1,0,1.0,0,0,0,0,0,1,5.5,5.5,0.0%,DL,2010
59,60,Junior Siavii,2,0,0.0,0,0,0,0,0,1,5.5,5.5,0.0%,DL,2010
60,61,Tommie Harris,1,0,0.0,0,0,0,1,0,1,5.5,5.5,0.0%,DL,2010
61,62,Andre Fluellen,2,0,0.0,0,0,0,0,0,1,5.5,5.5,0.0%,DL,2010
62,63,Jason Jones,1,0,0.0,1,0,0,0,0,1,5.5,5.5,0.0%,DL,2010
63,64,Ed Johnson,2,0,0.0,0,0,0,0,0,1,5.5,5.5,0.0%,DL,2010
64,65,Cliff Avril,1,0,0.0,0,0,0,1,0,1,5.5,5.5,0.1%,DL,2010
65,66,Kenyon Coleman,3,1,0.0,0,0,0,0,0,1,5.3,5.3,0.0%,DL,2010
66,67,Spencer Johnson,2,1,0.0,1,0,0,0,0,1,5.3,5.3,0.0%,DL,2010
67,68,Fili Moala,2,3,0.0,0,0,0,0,0,1,5.3,5.3,0.0%,DL,2010
68,69,Vince Wilfork,2,1,0.0,1,0,0,0,0,1,5.3,5.3,0.0%,DL,2010
69,70,Ron Edwards,1,4,0.0,0,0,0,0,0,1,4.5,4.5,0.0%,DL,2010
70,71,Aubrayo Franklin,3,0,0.0,0,0,0,0,0,1,4.5,4.5,0.0%,DL,2010
71,72,Anthony Spencer,3,0,0.0,0,0,0,0,0,1,4.5,4.5,0.0%,DL,2010
72,73,Ahtyba Rubin,2,0,0.0,1,0,0,0,0,1,4.5,4.5,0.0%,DL,2010
73,74,Derrick Harvey,2,0,0.0,1,0,0,0,0,1,4.5,4.5,0.0%,DL,2010
74,75,Kedric Golston,2,2,0.0,0,0,0,0,0,1,4.5,4.5,0.0%,DL,2010
75,76,Mike Patterson,3,0,0.0,0,0,0,0,0,1,4.5,4.5,0.0%,DL,2010
76,77,Chauncey Davis,2,0,0.0,1,0,0,0,0,1,4.5,4.5,0.0%,DL,2010
77,78,Tony Brown,3,0,0.0,0,0,0,0,0,1,4.5,4.5,0.0%,DL,2010
78,79,Antonio Smith,0,1,0.5,1,0,0,0,0,1,4.3,4.3,0.0%,DL,2010
79,80,Terrance Knighton,1,1,0.5,0,0,0,0,0,1,4.3,4.3,0.0%,DL,2010
80,81,Peria Jerry,1,0,0.0,0,0,0,0,0,1,4.0,4.0,0.0%,DL,2010
81,82,Ron Brace,1,0,0.0,0,0,0,0,0,1,4.0,4.0,0.0%,DL,2010
82,83,Jared Odrick,1,0,0.0,0,0,0,0,0,1,4.0,4.0,0.0%,DL,2010
83,84,Ray Edwards,1,0,0.0,0,0,0,0,0,1,4.0,4.0,0.0%,DL,2010
84,85,Clifton Ryan,0,0,0.0,0,0,0,1,0,1,4.0,4.0,0.0%,DL,2010
85,86,Isaac Sopoaga,1,0,0.0,0,0,0,0,0,1,4.0,4.0,0.0%,DL,2010
86,87,Daniel Muir,2,1,0.0,0,0,0,0,0,1,3.8,3.8,0.0%,DL,2010
87,88,Kyle Moore,2,1,0.0,0,0,0,0,0,1,3.8,3.8,0.0%,DL,2010
88,89,Andre Carter,1,3,0.0,0,0,0,0,0,1,3.8,3.8,0.0%,DL,2010
89,90,Igor Olshansky,1,3,0.0,0,0,0,0,0,1,3.8,3.8,0.0%,DL,2010
90,91,Trevor Scott,1,1,0.0,1,0,0,0,0,1,3.8,3.8,0.0%,DL,2010
91,92,Myron Pryor,0,2,0.5,0,0,0,0,0,1,3.5,3.5,0.0%,DL,2010
92,93,Jason Hatcher,2,0,0.0,0,0,0,0,0,1,3.0,3.0,0.0%,DL,2010
93,94,Brian Price,2,0,0.0,0,0,0,0,0,1,3.0,3.0,0.0%,DL,2010
94,95,Tommy Kelly,1,2,0.0,0,0,0,0,0,1,3.0,3.0,0.0%,DL,2010
95,96,Pat Williams,2,0,0.0,0,0,0,0,0,1,3.0,3.0,0.0%,DL,2010
96,97,Robert Geathers,2,0,0.0,0,0,0,0,0,1,3.0,3.0,0.0%,DL,2010
97,98,Chris Clemons,1,2,0.0,0,0,0,0,0,1,3.0,3.0,0.0%,DL,2010
98,99,Jamal Williams,2,0,0.0,0,0,0,0,0,1,3.0,3.0,0.0%,DL,2010
99,100,George Selvie,2,0,0.0,0,0,0,0,0,1,3.0,3.0,0.0%,DL,2010
100,101,Alan Branch,2,0,0.0,0,0,0,0,0,1,3.0,3.0,0.0%,DL,2010
101,102,Jamaal Anderson,1,2,0.0,0,0,0,0,0,1,3.0,3.0,0.0%,DL,2010
102,103,Anthony Hargrove,2,0,0.0,0,0,0,0,0,1,3.0,3.0,0.0%,DL,2010
103,104,Josh Brent,2,0,0.0,0,0,0,0,0,1,3.0,3.0,0.0%,DL,2010
104,105,Ryan Pickett,2,0,0.0,0,0,0,0,0,1,3.0,3.0,0.0%,DL,2010
105,106,Marcus Thomas,2,0,0.0,0,0,0,0,0,1,3.0,3.0,0.0%,DL,2010
106,107,Brett Keisel,2,0,0.0,0,0,0,0,0,1,3.0,3.0,0.0%,DL,2010
107,108,Raheem Brock,2,0,0.0,0,0,0,0,0,1,3.0,3.0,0.0%,DL,2010
108,109,Ryan McBean,2,0,0.0,0,0,0,0,0,1,3.0,3.0,0.0%,DL,2010
109,110,Tim Crowder,1,0,0.0,1,0,0,0,0,1,3.0,3.0,0.0%,DL,2010
110,111,Randy Starks,0,1,0.0,1,0,0,0,0,1,2.3,2.3,0.0%,DL,2010
111,112,Mitch King,1,1,0.0,0,0,0,0,0,1,2.3,2.3,0.0%,DL,2010
112,113,Sen'Derrick Marks,1,1,0.0,0,0,0,0,0,1,2.3,2.3,0.0%,DL,2010
113,114,Everette Brown,0,3,0.0,0,0,0,0,0,1,2.3,2.3,0.0%,DL,2010
114,115,Albert Haynesworth,1,1,0.0,0,0,0,0,0,1,2.3,2.3,0.0%,DL,2010
115,116,Shaun Cody,1,1,0.0,0,0,0,0,0,1,2.3,2.3,0.0%,DL,2010
116,117,Antwan Odom,1,1,0.0,0,0,0,0,0,1,2.3,2.3,0.0%,DL,2010
117,118,Roy Miller,1,1,0.0,0,0,0,0,0,1,2.3,2.3,0.0%,DL,2010
118,119,Corey Peters,1,1,0.0,0,0,0,0,0,1,2.3,2.3,2.0%,DL,2010
119,120,Brandon Mebane,1,1,0.0,0,0,0,0,0,1,2.3,2.3,0.0%,DL,2010
120,121,Will Smith,1,1,0.0,0,0,0,0,0,1,2.3,2.3,0.0%,DL,2010
121,122,Kelly Gregg,1,1,0.0,0,0,0,0,0,1,2.3,2.3,0.0%,DL,2010
122,123,Tony McDaniel,0,0,0.0,1,0,0,0,0,1,1.5,1.5,0.0%,DL,2010
123,124,Kenny Iwebema,1,0,0.0,0,0,0,0,0,1,1.5,1.5,0.0%,DL,2010
124,125,Jay Ratliff,1,0,0.0,0,0,0,0,0,1,1.5,1.5,0.0%,DL,2010
125,126,Jeff Charleston,1,0,0.0,0,0,0,0,0,1,1.5,1.5,0.0%,DL,2010
126,127,Keyunta Dawson,0,2,0.0,0,0,0,0,0,1,1.5,1.5,0.0%,DL,2010
127,128,Matt Kroul,1,0,0.0,0,0,0,0,0,1,1.5,1.5,0.0%,DL,2010
128,129,Trey Lewis,0,2,0.0,0,0,0,0,0,1,1.5,1.5,0.0%,DL,2010
129,130,Derek Landri,0,2,0.0,0,0,0,0,0,1,1.5,1.5,0.0%,DL,2010
130,131,Kendall Langford,0,2,0.0,0,0,0,0,0,1,1.5,1.5,0.0%,DL,2010
131,132,Jeremy Mincey,0,0,0.0,1,0,0,0,0,1,1.5,1.5,0.0%,DL,2010
132,133,Jay Alford,1,0,0.0,0,0,0,0,0,1,1.5,1.5,0.0%,DL,2010
133,134,Frostee Rucker,1,0,0.0,0,0,0,0,0,1,1.5,1.5,0.0%,DL,2010
134,135,Kevin Vickerson,1,0,0.0,0,0,0,0,0,1,1.5,1.5,0.0%,DL,2010
135,136,Antonio Garay,1,0,0.0,0,0,0,0,0,1,1.5,1.5,0.0%,DL,2010
136,137,Darell Scott,1,0,0.0,0,0,0,0,0,1,1.5,1.5,0.0%,DL,2010
137,138,Jacques Cesaire,1,0,0.0,0,0,0,0,0,1,1.5,1.5,0.0%,DL,2010
138,139,Chris Hoke,0,2,0.0,0,0,0,0,0,1,1.5,1.5,0.0%,DL,2010
139,140,Ziggy Hood,1,0,0.0,0,0,0,0,0,1,1.5,1.5,0.0%,DL,2010
140,141,Cory Redding,0,0,0.0,1,0,0,0,0,1,1.5,1.5,0.0%,DL,2010
141,142,Brian Schaefering,1,0,0.0,0,0,0,0,0,1,1.5,1.5,0.0%,DL,2010
142,143,Ma'ake Kemoeatu,1,0,0.0,0,0,0,0,0,1,1.5,1.5,0.0%,DL,2010
143,144,Bryan Robinson,1,0,0.0,0,0,0,0,0,1,1.5,1.5,0.0%,DL,2010
144,145,Rocky Bernard,1,0,0.0,0,0,0,0,0,1,1.5,1.5,0.0%,DL,2010
145,146,Shaun Rogers,1,0,0.0,0,0,0,0,0,1,1.5,1.5,0.0%,DL,2010
146,147,Antonio Johnson,0,1,0.0,0,0,0,0,0,1,0.8,0.8,0.0%,DL,2010
147,148,Paul Soliai,0,1,0.0,0,0,0,0,0,1,0.8,0.8,0.0%,DL,2010
148,149,Aaron Smith,0,1,0.0,0,0,0,0,0,1,0.8,0.8,0.0%,DL,2010
149,150,Casey Hampton,0,1,0.0,0,0,0,0,0,1,0.8,0.8,0.0%,DL,2010
150,151,Vance Walker,0,1,0.0,0,0,0,0,0,1,0.8,0.8,0.0%,DL,2010
151,152,Jimmy Wilkerson,0,1,0.0,0,0,0,0,0,1,0.8,0.8,0.0%,DL,2010
152,153,Marcus Spears,0,1,0.0,0,0,0,0,0,1,0.8,0.8,0.0%,DL,2010
153,154,Kris Jenkins,0,1,0.0,0,0,0,0,0,1,0.8,0.8,0.0%,DL,2010
154,155,Eric Foster,0,1,0.0,0,0,0,0,0,1,0.8,0.8,0.0%,DL,2010
155,156,Tank Johnson,0,1,0.0,0,0,0,0,0,1,0.8,0.8,0.0%,DL,2010
156,157,Kevin Williams,0,1,0.0,0,0,0,0,0,1,0.8,0.8,0.1%,DL,2010
157,158,Luis Castillo,0,1,0.0,0,0,0,0,0,1,0.8,0.8,0.0%,DL,2010
158,159,Jason Pierre-Paul,0,1,0.0,0,0,0,0,0,1,0.8,0.8,0.0%,DL,2010
159,160,Jonathan Fanene,0,1,0.0,0,0,0,0,0,1,0.8,0.8,0.0%,DL,2010
160,161,Tim Jamison,0,1,0.0,0,0,0,0,0,1,0.8,0.8,0.0%,DL,2010
161,162,Torell Troup,0,1,0.0,0,0,0,0,0,1,0.8,0.8,0.0%,DL,2010
162,163,Langston Walker,0,0,0.0,0,0,0,0,0,1,0.0,0.0,0.0%,DL,2010
163,164,Kareem McKenzie,0,0,0.0,0,0,0,0,0,1,0.0,0.0,0.0%,DL,2010
164,165,Cornell Green,0,0,0.0,0,0,0,0,0,1,0.0,0.0,0.0%,DL,2010
165,166,Cooper Carlisle,0,0,0.0,0,0,0,0,0,1,0.0,0.0,0.0%,DL,2010
166,167,Damien Woody,0,0,0.0,0,0,0,0,0,1,0.0,0.0,0.0%,DL,2010
167,168,Floyd Womack,0,0,0.0,0,0,0,0,0,1,0.0,0.0,0.0%,DL,2010
168,169,Robert Gallery,0,0,0.0,0,0,0,0,0,1,0.0,0.0,0.0%,DL,2010
169,170,Alex Brown,0,1,0.0,0,0,0,0,0,1,0.0,0.0,0.0%,DL,2010
170,171,John St.,0,0,0.0,0,0,0,0,0,1,0.0,0.0,0.0%,DL,2010
171,172,Flozell Adams,0,0,0.0,0,0,0,0,0,1,0.0,0.0,0.0%,DL,2010
172,173,Mario Henderson,0,0,0.0,0,0,0,0,0,1,0.0,0.0,0.0%,DL,2010
173,174,Adam Goldberg,0,0,0.0,0,0,0,0,0,1,0.0,0.0,0.0%,DL,2010
174,175,Jonathan Stinchcomb,0,0,0.0,0,0,0,0,0,1,0.0,0.0,0.0%,DL,2010
175,176,Levi Brown,0,0,0.0,0,0,0,0,0,1,0.0,0.0,0.0%,DL,2010
176,177,Aaron Morgan,0,0,0.0,0,0,0,0,0,1,0.0,0.0,0.0%,DL,2010
177,178,Lamar Divens,0,0,0.0,0,0,0,0,0,1,0.0,0.0,0.0%,DL,2010
178,179,Letroy Guion,0,0,0.0,0,0,0,0,0,1,0.0,0.0,0.0%,DL,2010
179,180,Chris Long,0,0,0.0,0,0,0,0,0,1,0.0,0.0,0.0%,DL,2010
180,181,Trevor Laws,0,0,0.0,0,0,0,0,0,1,0.0,0.0,0.0%,DL,2010
181,182,Wallace Gilberry,0,0,0.0,0,0,0,0,0,1,0.0,0.0,0.0%,DL,2010
182,183,Leger Douzable,0,0,0.0,0,0,0,0,0,1,0.0,0.0,0.0%,DL,2010
183,184,Cameron Wake,3,0,1.0,2,0,0,0,0,1,0.0,0.0,0.0%,DL,2010
184,185,Larry English,2,1,0.0,0,0,0,0,0,1,0.0,0.0,0.0%,DL,2010
185,186,Clay Matthews,7,0,3.0,1,0,1,0,0,1,0.0,0.0,0.0%,DL,2010
186,187,Fred Evans,0,0,0.0,0,0,0,0,0,1,0.0,0.0,0.0%,DL,2010
187,188,Stephen Bowen,0,0,0.0,0,0,0,0,0,1,0.0,0.0,0.0%,DL,2010
188,189,Brandon McKinney,0,0,0.0,0,0,0,0,0,1,0.0,0.0,0.0%,DL,2010
189,190,Adam Carriker,0,0,0.0,0,0,0,0,0,1,0.0,0.0,0.0%,DL,2010
190,191,Gary Gibson,0,0,0.0,0,0,0,0,0,1,0.0,0.0,0.0%,DL,2010
191,192,Ray McDonald,0,0,0.0,0,0,0,0,0,1,0.0,0.0,0.0%,DL,2010
192,193,Michael Johnson,0,0,0.0,0,0,0,0,0,1,0.0,0.0,0.0%,DL,2010
193,194,Brian Robison,0,0,0.0,0,0,0,0,0,1,0.0,0.0,0.0%,DL,2010
194,195,Matt Toeaina,0,0,0.0,0,0,0,0,0,1,0.0,0.0,0.0%,DL,2010
195,196,Remi Ayodele,0,0,0.0,0,0,0,0,0,1,0.0,0.0,0.0%,DL,2010
196,197,Connor Barwin,0,0,0.0,0,0,0,0,0,1,0.0,0.0,0.0%,DL,2010
197,198,Earl Mitchell,0,0,0.0,0,0,0,0,0,1,0.0,0.0,0.0%,DL,2010
198,199,Eric Norwood,0,0,0.0,0,0,0,0,0,1,0.0,0.0,0.0%,DL,2010
199,200,Lamarr Houston,2,1,0.0,0,0,0,0,0,1,0.0,0.0,0.0%,DL,2010
200,201,Jermaine Cunningham,0,0,0.0,0,0,0,0,0,1,0.0,0.0,0.0%,DL,2010
201,202,Geno Atkins,0,0,0.0,0,0,0,0,0,1,0.0,0.0,0.0%,DL,2010
202,203,Henry Melton,0,0,0.0,0,0,0,0,0,1,0.0,0.0,0.0%,DL,2010
203,204,Lawrence Sidbury,0,0,0.0,0,0,0,0,0,1,0.0,0.0,0.0%,DL,2010
204,205,Ricky Jean-Francois,0,0,0.0,0,0,0,0,0,1,0.0,0.0,0.0%,DL,2010
205,206,Antonio Dixon,0,0,0.0,0,0,0,0,0,1,0.0,0.0,0.0%,DL,2010
206,207,Derrick Morgan,1,0,1.0,1,0,0,0,0,1,0.0,0.0,0.0%,DL,2010
207,208,Brandon Graham,0,0,0.0,0,0,0,0,0,1,0.0,0.0,2.2%,DL,2010
208,209,Dan Williams,0,0,0.0,0,0,0,0,0,1,0.0,0.0,0.0%,DL,2010
209,210,Parys Haralson,2,2,0.0,0,0,0,0,0,1,0.0,0.0,0.0%,DL,2010
210,211,Jared Allen,3,1,0.0,0,0,0,0,0,1,0.0,0.0,0.0%,DL,2010
211,212,Jason Babin,2,0,1.0,0,0,1,0,0,1,0.0,0.0,0.0%,DL,2010
212,213,Mike Wright,0,0,0.0,0,0,0,0,0,1,0.0,0.0,0.0%,DL,2010
213,214,Tamba Hali,3,2,0.5,0,0,0,0,0,1,0.0,0.0,2.0%,DL,2010
214,215,Terrell Suggs,4,2,0.5,0,0,1,0,0,1,0.0,0.0,0.0%,DL,2010
215,216,Vonnie Holliday,0,0,0.0,0,0,0,0,0,1,0.0,0.0,0.0%,DL,2010
216,217,Justin Bannan,0,0,0.0,0,0,0,0,0,1,0.0,0.0,0.0%,DL,2010
217,218,John Abraham,1,1,1.0,1,0,0,0,0,1,0.0,0.0,0.0%,DL,2010
218,219,Dwight Freeney,1,1,1.0,0,0,0,0,0,1,0.0,0.0,0.0%,DL,2010
219,220,Arthur Moats,0,0,0.0,0,0,0,0,0,1,0.0,0.0,0.0%,DL,2010
220,221,Dekoda Watson,0,0,0.0,0,0,0,0,0,1,0.0,0.0,0.0%,DL,2010
221,222,John Denney,0,0,0.0,0,0,0,0,0,1,0.0,0.0,0.0%,DL,2010
