,Rank,Player,Field Goals,Field Attempts,Percentage,Longest Field,1-19 Yards,20-29 Yards,30-39 Yards,40-49 Yards,50+ Yards,Extra Points Made,Extra Points Attempted,Games Played,Fantasy Football Points,FTPS/Game,ROST,Position,Year
0,1,Dan Carpenter,4,6,66.7,49,0,2,0,2,1,3,3,1,22.0,22.0,0.2%,K,2010
1,2,Nate Kaeding,5,5,100.0,50,0,2,2,0,1,3,3,1,20.0,20.0,0.0%,K,2010
2,3,Shaun Suisham,4,4,100.0,48,0,0,0,4,0,1,1,1,17.0,17.0,0.0%,K,2010
3,4,David Akers,4,4,100.0,45,0,1,2,1,0,2,2,1,15.0,15.0,0.0%,K,2010
4,5,Matt Prater,2,2,100.0,49,0,0,0,2,0,3,3,1,11.0,11.0,1.7%,K,2010
5,6,Rian Lindell,3,3,100.0,49,0,1,1,1,0,1,1,1,11.0,11.0,0.0%,K,2010
6,7,Lawrence Tynes,3,3,100.0,29,0,3,0,0,0,1,1,1,10.0,10.0,0.0%,K,2010
7,8,Ryan Succop,0,1,0.0,0,0,0,0,1,0,6,6,1,10.0,10.0,0.0%,K,2010
8,9,Matt Bryant,2,2,100.0,47,0,0,1,1,0,2,2,1,9.0,9.0,1.1%,K,2010
9,10,Josh Brown,3,4,75.0,37,0,1,1,0,0,3,4,1,9.0,9.0,0.0%,K,2010
10,11,Josh Scobee,2,2,100.0,42,0,1,0,1,0,2,2,1,9.0,9.0,0.0%,K,2010
11,12,Shayne Graham,1,1,100.0,19,0,1,0,0,0,6,6,1,9.0,9.0,0.0%,K,2010
12,13,Graham Gano,2,2,100.0,42,0,0,1,1,0,1,1,1,8.0,8.0,1.3%,K,2010
13,14,Robbie Gould,1,1,100.0,23,0,1,0,0,0,4,4,1,7.0,7.0,0.1%,K,2010
14,15,Jay Feely,2,2,100.0,39,0,0,2,0,0,0,0,1,6.0,6.0,0.0%,K,2010
15,16,Nick Folk,1,2,50.0,27,0,1,0,0,0,3,3,1,6.0,6.0,9.5%,K,2010
16,17,Billy Cundiff,1,1,100.0,45,0,0,0,1,0,2,2,1,6.0,6.0,0.0%,K,2010
17,18,Mason Crosby,1,1,100.0,22,0,1,0,0,0,2,2,1,5.0,5.0,0.1%,K,2010
18,19,Connor Barth,1,1,100.0,22,0,1,0,0,0,1,1,1,4.0,4.0,0.0%,K,2010
19,20,Shane Andrus,2,4,50.0,38,0,0,0,0,0,3,3,1,3.0,3.0,0.0%,K,2010
20,21,Garrett Hartley,3,3,100.0,50,0,0,0,0,0,3,3,1,3.0,3.0,0.0%,K,2010
21,22,David Buehler,2,3,66.7,53,0,0,0,0,0,3,3,1,3.0,3.0,0.0%,K,2010
22,23,Phil Dawson,1,1,100.0,41,0,0,0,0,0,3,3,1,3.0,3.0,0.1%,K,2010
23,24,Olindo Mare,1,1,100.0,43,0,0,0,0,0,3,3,1,3.0,3.0,0.0%,K,2010
24,25,Dave Rayner,1,2,50.0,44,0,0,0,0,0,3,3,1,3.0,3.0,0.0%,K,2010
25,26,Adam Vinatieri,0,0,0.0,0,0,0,0,0,0,2,2,1,2.0,2.0,0.2%,K,2010
26,27,Neil Rackers,2,2,100.0,35,0,0,0,0,0,2,2,1,2.0,2.0,0.0%,K,2010
27,28,Ryan Longwell,1,1,100.0,31,0,0,0,0,0,2,2,1,2.0,2.0,0.0%,K,2010
28,29,Sebastian Janikowski,1,1,100.0,30,0,0,0,0,0,2,2,1,2.0,2.0,20.0%,K,2010
29,30,John Kasay,3,5,60.0,43,0,0,0,0,0,2,2,1,2.0,2.0,0.0%,K,2010
30,31,Aaron Pettrey,1,2,50.0,28,0,0,0,0,0,1,1,1,1.0,1.0,0.0%,K,2010
31,32,Jason Baker,0,0,0.0,0,0,0,0,0,0,0,0,1,0.0,0.0,0.0%,K,2010
32,33,Rob Bironas,0,0,0.0,0,0,0,0,0,0,0,0,1,0.0,0.0,0.0%,K,2010
33,34,Rhys Lloyd,0,0,0.0,0,0,0,0,0,0,0,0,1,0.0,0.0,0.0%,K,2010
