,Rank,Player,Field Goals,Field Attempts,Percentage,Longest Field,1-19 Yards,20-29 Yards,30-39 Yards,40-49 Yards,50+ Yards,Extra Points Made,Extra Points Attempted,Games Played,Fantasy Football Points,FTPS/Game,ROST,Position,Year
0,1,Sebastian Janikowski,4,5,80.0,59,0,0,1,1,2,2,2,1,19.0,19.0,20.0%,K,2010
1,2,Josh Brown,3,3,100.0,43,0,1,1,1,0,2,2,1,12.0,12.0,0.0%,K,2010
2,3,Ryan Succop,2,3,66.7,42,0,0,1,1,0,4,4,1,11.0,11.0,0.0%,K,2010
3,4,Jay Feely,2,3,66.7,49,0,0,0,2,0,3,3,1,11.0,11.0,0.0%,K,2010
4,5,David Buehler,2,2,100.0,53,0,0,0,1,1,2,3,1,11.0,11.0,0.0%,K,2010
5,6,Dan Carpenter,2,2,100.0,40,0,1,0,1,0,3,3,1,10.0,10.0,0.2%,K,2010
6,7,Nick Folk,2,2,100.0,34,0,1,1,0,0,4,4,1,10.0,10.0,9.5%,K,2010
7,8,Graham Gano,2,2,100.0,48,0,0,1,0,1,2,2,1,10.0,10.0,1.3%,K,2010
8,9,Billy Cundiff,2,2,100.0,40,0,1,0,1,0,2,2,1,9.0,9.0,0.0%,K,2010
9,10,Shaun Suisham,2,3,66.7,29,0,1,1,0,0,3,3,1,9.0,9.0,0.0%,K,2010
10,11,Connor Barth,1,2,50.0,46,0,0,0,1,0,5,5,1,9.0,9.0,0.0%,K,2010
11,12,Mason Crosby,1,1,100.0,31,0,0,1,0,0,6,6,1,9.0,9.0,0.1%,K,2010
12,13,Robbie Gould,1,2,50.0,37,0,0,1,0,0,5,5,1,8.0,8.0,0.1%,K,2010
13,14,Nate Kaeding,2,2,100.0,28,0,2,0,0,0,2,2,1,8.0,8.0,0.0%,K,2010
14,15,Shayne Graham,2,2,100.0,34,0,0,1,0,0,4,4,1,7.0,7.0,0.0%,K,2010
15,16,Adam Vinatieri,1,1,100.0,30,0,0,1,0,0,4,4,1,7.0,7.0,0.2%,K,2010
16,17,Garrett Hartley,1,1,100.0,52,0,0,0,0,1,2,2,1,7.0,7.0,0.0%,K,2010
17,18,Stephen Hauschka,1,1,100.0,27,0,1,0,0,0,3,3,1,6.0,6.0,0.0%,K,2010
18,19,Josh Scobee,1,2,50.0,34,0,0,1,0,0,2,2,1,5.0,5.0,0.0%,K,2010
19,20,Lawrence Tynes,1,1,100.0,38,0,0,1,0,0,2,2,1,5.0,5.0,0.0%,K,2010
20,21,Dave Rayner,2,2,100.0,47,0,0,0,0,0,4,4,1,4.0,4.0,0.0%,K,2010
21,22,Phil Dawson,1,1,100.0,30,0,0,1,0,0,1,1,1,4.0,4.0,0.1%,K,2010
22,23,Rian Lindell,1,1,100.0,26,0,1,0,0,0,0,0,1,3.0,3.0,0.0%,K,2010
23,24,Ryan Longwell,1,1,100.0,30,0,0,0,0,0,3,3,1,3.0,3.0,0.0%,K,2010
24,25,Matt Bryant,0,0,0.0,0,0,0,0,0,0,2,2,1,2.0,2.0,1.1%,K,2010
25,26,Jeff Reed,1,2,50.0,47,0,0,0,0,0,2,2,1,2.0,2.0,0.0%,K,2010
26,27,Rob Bironas,0,0,0.0,0,0,0,0,0,0,2,2,1,2.0,2.0,0.0%,K,2010
27,28,Neil Rackers,3,3,100.0,57,0,0,0,0,0,2,2,1,2.0,2.0,0.0%,K,2010
28,29,David Akers,0,1,0.0,0,0,0,0,0,0,2,2,1,2.0,2.0,0.0%,K,2010
29,30,Olindo Mare,0,0,0.0,0,0,0,0,0,0,1,1,1,1.0,1.0,0.0%,K,2010
30,31,John Kasay,1,1,100.0,27,0,0,0,0,0,0,0,1,0.0,0.0,0.0%,K,2010
31,32,Rhys Lloyd,0,0,0.0,0,0,0,0,0,0,0,0,1,0.0,0.0,0.0%,K,2010
32,33,Jason Baker,0,0,0.0,0,0,0,0,0,0,0,0,1,0.0,0.0,0.0%,K,2010
