,Rank,Player,Field Goals,Field Attempts,Percentage,Longest Field,1-19 Yards,20-29 Yards,30-39 Yards,40-49 Yards,50+ Yards,Extra Points Made,Extra Points Attempted,Games Played,Fantasy Football Points,FTPS/Game,ROST,Position,Year
0,1,Mason Crosby,2,2,100.0,56,0,0,0,1,1,3,3,1,12.0,12.0,0.1%,K,2010
1,2,Matt Bryant,3,4,75.0,49,0,1,1,1,0,0,0,1,10.0,10.0,1.1%,K,2010
2,3,Rob Bironas,1,1,100.0,43,0,0,0,1,0,5,5,1,9.0,9.0,0.0%,K,2010
3,4,David Akers,2,2,100.0,45,0,1,0,1,0,2,2,1,9.0,9.0,0.0%,K,2010
4,5,Stephen Gostkowski,1,3,33.3,32,0,0,1,0,0,5,5,1,8.0,8.0,0.1%,K,2010
5,6,Josh Brown,2,3,66.7,46,0,1,0,1,0,1,1,1,8.0,8.0,0.0%,K,2010
6,7,Mike Nugent,1,1,100.0,54,0,0,0,0,1,3,3,1,8.0,8.0,1.0%,K,2010
7,8,Josh Scobee,1,1,100.0,45,0,0,0,1,0,3,3,1,7.0,7.0,0.0%,K,2010
8,9,Matt Prater,1,1,100.0,54,0,0,0,0,1,2,2,1,7.0,7.0,1.7%,K,2010
9,10,Sebastian Janikowski,2,3,66.7,34,0,0,2,0,0,1,1,1,7.0,7.0,20.0%,K,2010
10,11,Lawrence Tynes,1,1,100.0,32,0,0,1,0,0,4,4,1,7.0,7.0,0.0%,K,2010
11,12,Adam Vinatieri,1,1,100.0,20,0,1,0,0,0,3,3,1,6.0,6.0,0.2%,K,2010
12,13,Connor Barth,1,1,100.0,49,0,0,0,1,0,2,2,1,6.0,6.0,0.0%,K,2010
13,14,Jay Feely,1,1,100.0,22,0,1,0,0,0,2,2,1,5.0,5.0,0.0%,K,2010
14,15,Graham Gano,2,2,100.0,49,0,1,0,0,0,1,1,1,4.0,4.0,1.3%,K,2010
15,16,Olindo Mare,1,1,100.0,35,0,0,0,0,0,4,4,1,4.0,4.0,0.0%,K,2010
16,17,Neil Rackers,2,2,100.0,49,0,0,0,0,0,4,4,1,4.0,4.0,0.0%,K,2010
17,18,Nick Folk,3,3,100.0,48,0,1,0,0,0,0,0,1,3.0,3.0,9.5%,K,2010
18,19,Ryan Succop,0,0,0.0,0,0,0,0,0,0,3,3,1,3.0,3.0,0.0%,K,2010
19,20,Phil Dawson,0,1,0.0,0,0,0,0,0,0,2,2,1,2.0,2.0,0.1%,K,2010
20,21,Garrett Hartley,0,2,0.0,0,0,0,0,0,0,2,2,1,2.0,2.0,0.0%,K,2010
21,22,Nate Kaeding,0,0,0.0,0,0,0,0,0,0,2,2,1,2.0,2.0,0.0%,K,2010
22,23,Jason Hanson,0,0,0.0,0,0,0,0,0,0,2,2,1,2.0,2.0,0.0%,K,2010
23,24,Billy Cundiff,1,1,100.0,25,0,0,0,0,0,1,1,1,1.0,1.0,0.0%,K,2010
24,25,Robbie Gould,2,2,100.0,31,0,0,0,0,0,1,1,1,1.0,1.0,0.1%,K,2010
25,26,Dan Carpenter,2,3,66.7,43,0,0,0,0,0,1,1,1,1.0,1.0,0.2%,K,2010
26,27,David Buehler,0,1,0.0,0,0,0,0,0,0,1,1,1,1.0,1.0,0.0%,K,2010
27,28,Rian Lindell,1,2,50.0,51,0,0,0,0,0,1,1,1,1.0,1.0,0.0%,K,2010
28,29,John Kasay,3,3,100.0,52,0,0,0,0,0,1,1,1,1.0,1.0,0.0%,K,2010
29,30,Todd Carter,0,0,0.0,0,0,0,0,0,0,0,0,1,0.0,0.0,0.0%,K,2010
30,31,Jeff Reed,3,5,60.0,52,0,0,0,0,0,0,0,1,0.0,0.0,0.0%,K,2010
31,32,Joe Nedney,2,2,100.0,23,0,0,0,0,0,0,0,1,0.0,0.0,0.0%,K,2010
32,33,Ryan Longwell,1,1,100.0,41,0,0,0,0,0,0,0,1,0.0,0.0,0.0%,K,2010
33,34,Jason Baker,0,0,0.0,0,0,0,0,0,0,0,0,1,0.0,0.0,0.0%,K,2010
