,Rank,Player,Field Goals,Field Attempts,Percentage,Longest Field,1-19 Yards,20-29 Yards,30-39 Yards,40-49 Yards,50+ Yards,Extra Points Made,Extra Points Attempted,Games Played,Fantasy Football Points,FTPS/Game,ROST,Position,Year
0,1,David Akers,4,4,100.0,44,0,1,2,1,0,2,2,1,15.0,15.0,0.0%,K,2010
1,2,Nick Folk,3,3,100.0,36,0,0,3,0,0,2,2,1,11.0,11.0,9.5%,K,2010
2,3,Lawrence Tynes,2,2,100.0,25,0,2,0,0,0,5,5,1,11.0,11.0,0.0%,K,2010
3,4,Ryan Succop,2,2,100.0,43,0,1,0,1,0,2,2,1,9.0,9.0,0.0%,K,2010
4,5,Billy Cundiff,4,5,80.0,39,0,1,1,0,0,2,2,1,8.0,8.0,0.0%,K,2010
5,6,Phil Dawson,2,2,100.0,38,0,0,1,0,0,4,4,1,7.0,7.0,0.1%,K,2010
6,7,Jay Feely,1,1,100.0,22,0,1,0,0,0,3,3,1,6.0,6.0,0.0%,K,2010
7,8,Mason Crosby,1,2,50.0,26,0,0,0,0,0,6,6,1,6.0,6.0,0.1%,K,2010
8,9,Matt Bryant,2,2,100.0,41,0,0,1,0,0,3,3,1,6.0,6.0,1.1%,K,2010
9,10,Adam Vinatieri,1,1,100.0,37,0,0,1,0,0,3,3,1,6.0,6.0,0.2%,K,2010
10,11,Sebastian Janikowski,3,4,75.0,41,0,1,0,0,0,2,2,1,5.0,5.0,20.0%,K,2010
11,12,Garrett Hartley,2,2,100.0,36,0,0,0,0,0,4,4,1,4.0,4.0,0.0%,K,2010
12,13,Dan Carpenter,1,2,50.0,19,1,0,0,0,0,1,1,1,4.0,4.0,0.2%,K,2010
13,14,Kris Brown,0,0,0.0,0,0,0,0,0,0,3,3,1,3.0,3.0,0.0%,K,2010
14,15,Mike Nugent,0,2,0.0,0,0,0,0,0,0,3,3,1,3.0,3.0,1.0%,K,2010
15,16,Connor Barth,0,0,0.0,0,0,0,0,0,0,3,3,1,3.0,3.0,0.0%,K,2010
16,17,Ryan Longwell,2,2,100.0,35,0,0,0,0,0,3,3,1,3.0,3.0,0.0%,K,2010
17,18,Jeff Reed,2,3,66.7,53,0,0,0,0,0,3,3,1,3.0,3.0,0.0%,K,2010
18,19,Neil Rackers,3,3,100.0,27,0,0,0,0,0,2,2,1,2.0,2.0,0.0%,K,2010
19,20,Robbie Gould,0,1,0.0,0,0,0,0,0,0,2,2,1,2.0,2.0,0.1%,K,2010
20,21,Jason Hanson,0,0,0.0,0,0,0,0,0,0,2,2,1,2.0,2.0,0.0%,K,2010
21,22,Olindo Mare,0,0,0.0,0,0,0,0,0,0,1,1,1,1.0,1.0,0.0%,K,2010
22,23,David Buehler,0,0,0.0,0,0,0,0,0,0,1,1,1,1.0,1.0,0.0%,K,2010
23,24,Stephen Gostkowski,0,0,0.0,0,0,0,0,0,0,1,1,1,1.0,1.0,0.1%,K,2010
24,25,Rian Lindell,0,0,0.0,0,0,0,0,0,0,1,1,1,1.0,1.0,0.0%,K,2010
25,26,John Kasay,1,2,50.0,20,0,0,0,0,0,0,0,1,0.0,0.0,0.0%,K,2010
26,27,Rhys Lloyd,0,0,0.0,0,0,0,0,0,0,0,0,1,0.0,0.0,0.0%,K,2010
27,28,Jason Baker,0,0,0.0,0,0,0,0,0,0,0,0,1,0.0,0.0,0.0%,K,2010
