,Rank,Player,Tackle,Assist,Sack,Pass Defended,Interception,Forced Fumble,Fumble Recovery,Defend Touchdown,Games Played,Fantasy Football Points,FTPS/Game,ROST,Position,Year
0,1,Ray Lewis,14,1,1.0,1,0,1,1,0,1,35.3,35.3,0.0%,LB,2010
1,2,Scott Fujita,10,1,1.0,1,1,0,0,0,1,31.3,31.3,0.0%,LB,2010
2,3,Chad Greenway,10,2,0.0,0,0,1,0,0,1,28.0,28.0,0.0%,LB,2010
3,4,David Bowens,1,0,0.0,2,2,0,0,2,1,26.5,26.5,0.0%,LB,2010
4,5,Derrick Johnson,3,3,0.0,3,1,0,0,1,1,24.8,24.8,0.0%,LB,2010
5,6,Desmond Bishop,5,3,0.0,1,1,0,0,1,1,22.3,22.3,0.0%,LB,2010
6,7,Bradie James,6,3,0.0,0,0,1,1,0,1,21.8,21.8,0.0%,LB,2010
7,8,D.J. Williams,7,0,1.0,0,0,1,0,0,1,21.0,21.0,0.0%,LB,2010
8,9,Rocky McIntosh,6,2,1.0,0,0,1,0,0,1,21.0,21.0,0.0%,LB,2010
9,10,Daryl Washington,7,4,1.0,0,0,0,0,0,1,20.0,20.0,0.0%,LB,2010
10,11,Jerod Mayo,10,1,0.0,0,0,0,1,0,1,19.8,19.8,0.0%,LB,2010
11,12,Curtis Lofton,6,1,0.0,1,0,2,0,0,1,19.3,19.3,0.0%,LB,2010
12,13,A.J. Hawk,6,5,0.0,1,1,0,0,0,1,19.3,19.3,0.0%,LB,2010
13,14,London Fletcher,6,2,0.0,0,0,1,1,0,1,18.5,18.5,0.0%,LB,2010
14,15,Brian Orakpo,3,1,2.0,0,0,0,0,0,1,18.3,18.3,0.0%,LB,2010
15,16,James Anderson,6,1,0.0,2,0,0,0,0,1,17.8,17.8,0.0%,LB,2010
16,17,Brian Iwuh,3,0,1.0,0,0,1,0,0,1,17.5,17.5,0.0%,LB,2010
17,18,John Abraham,2,0,2.0,1,0,0,0,0,1,17.5,17.5,0.0%,LB,2010
18,19,Keith Brooking,5,1,0.0,1,1,0,0,0,1,17.3,17.3,0.0%,LB,2010
19,20,Patrick Willis,8,3,0.0,0,0,0,0,0,1,16.8,16.8,0.0%,LB,2010
20,21,Stephen Tulloch,10,2,0.0,0,0,0,0,0,1,16.5,16.5,0.0%,LB,2010
21,22,DeMarcus Ware,3,0,1.0,0,0,1,1,0,1,16.5,16.5,0.0%,LB,2010
22,23,Antwan Barnes,2,0,2.0,0,0,0,0,0,1,16.0,16.0,0.0%,LB,2010
23,24,Karlos Dansby,6,2,0.0,0,0,0,0,0,1,15.5,15.5,0.1%,LB,2010
24,25,Aaron Kampman,3,2,1.0,0,0,0,0,0,1,15.0,15.0,0.0%,LB,2010
25,26,Barrett Ruud,8,3,0.0,0,0,0,0,0,1,14.3,14.3,0.0%,LB,2010
26,27,Shaun Phillips,5,0,1.0,0,0,0,0,0,1,14.0,14.0,0.0%,LB,2010
27,28,Trent Cole,5,0,1.0,0,0,0,0,0,1,14.0,14.0,0.0%,LB,2010
28,29,Mario Haggan,7,1,0.0,0,0,0,0,0,1,13.8,13.8,0.0%,LB,2010
29,30,Justin Durant,7,1,0.0,0,0,0,0,0,1,13.8,13.8,0.0%,LB,2010
30,31,Stephen Cooper,9,0,0.0,0,0,0,0,0,1,13.5,13.5,0.0%,LB,2010
31,32,Clark Haggans,6,0,0.0,1,0,0,0,0,1,13.0,13.0,0.0%,LB,2010
32,33,Keith Rivers,7,0,0.0,0,0,0,0,0,1,13.0,13.0,0.0%,LB,2010
33,34,James Laurinaitis,7,1,0.0,1,0,0,0,0,1,12.8,12.8,0.0%,LB,2010
34,35,Tamba Hali,2,1,1.0,0,0,0,0,0,1,12.8,12.8,2.0%,LB,2010
35,36,Larry Foote,4,0,1.0,0,0,0,0,0,1,12.5,12.5,0.0%,LB,2010
36,37,Pisa Tinoisamoa,3,0,0.0,1,0,1,0,0,1,12.5,12.5,0.0%,LB,2010
37,38,Chris Gocong,3,3,1.0,1,0,0,0,0,1,12.3,12.3,0.0%,LB,2010
38,39,Matt Roth,4,1,0.0,0,0,0,0,0,1,11.8,11.8,0.0%,LB,2010
39,40,Terrell Suggs,3,3,0.0,0,0,0,0,0,1,11.8,11.8,0.0%,LB,2010
40,41,Jo-Lonn Dunbar,3,1,1.0,0,0,0,0,0,1,11.8,11.8,0.0%,LB,2010
41,42,James Harrison,3,1,0.0,1,1,0,0,0,1,11.8,11.8,0.0%,LB,2010
42,43,Jarret Johnson,3,6,0.0,0,0,0,0,0,1,11.5,11.5,0.0%,LB,2010
43,44,Gary Guyton,6,0,0.0,0,0,0,0,0,1,11.5,11.5,0.0%,LB,2010
44,45,Ernie Sims,4,2,0.0,1,0,0,0,0,1,11.5,11.5,0.0%,LB,2010
45,46,Dhani Jones,7,1,0.0,0,0,0,0,0,1,11.3,11.3,0.0%,LB,2010
46,47,Joey Porter,3,0,1.0,0,0,0,0,0,1,11.0,11.0,0.0%,LB,2010
47,48,James Farrior,4,1,0.0,0,0,0,1,0,1,10.8,10.8,0.0%,LB,2010
48,49,Michael Boley,4,0,1.0,0,0,0,0,0,1,10.0,10.0,0.0%,LB,2010
49,50,Antwan Applewhite,5,0,0.0,0,0,0,0,0,1,10.0,10.0,0.0%,LB,2010
50,51,Kevin Burnett,4,2,0.0,0,0,0,0,0,1,10.0,10.0,0.0%,LB,2010
51,52,Na'il Diggs,3,0,0.0,2,0,0,0,0,1,10.0,10.0,0.0%,LB,2010
52,53,Cameron Wake,3,1,0.5,0,0,0,0,0,1,9.8,9.8,0.0%,LB,2010
53,54,Jovan Belcher,6,1,0.0,0,0,0,0,0,1,9.8,9.8,0.0%,LB,2010
54,55,Jared Allen,1,0,0.0,2,1,0,0,0,1,9.5,9.5,0.0%,LB,2010
55,56,Danny Clark,3,0,0.0,1,0,0,0,0,1,8.5,8.5,0.0%,LB,2010
56,57,Brian Urlacher,3,2,0.0,0,0,0,0,0,1,8.5,8.5,0.0%,LB,2010
57,58,Bryan Kehl,5,1,0.0,0,0,0,0,0,1,8.3,8.3,0.0%,LB,2010
58,59,Quincy Black,4,1,0.0,1,0,0,0,0,1,8.3,8.3,0.0%,LB,2010
59,60,Daryl Smith,4,3,0.0,0,0,0,0,0,1,8.3,8.3,0.0%,LB,2010
60,61,Paul Posluszny,4,1,0.0,1,0,0,0,0,1,8.3,8.3,4.7%,LB,2010
61,62,Koa Misi,1,1,0.5,0,0,0,1,0,1,8.3,8.3,0.0%,LB,2010
62,63,Parys Haralson,1,3,0.0,0,0,0,1,0,1,7.8,7.8,0.0%,LB,2010
63,64,Dane Fletcher,2,1,0.0,0,0,1,0,0,1,7.8,7.8,0.0%,LB,2010
64,65,Stephen Nicholas,4,2,0.0,0,0,0,0,0,1,7.5,7.5,0.0%,LB,2010
65,66,Lawrence Timmons,3,0,0.0,2,0,0,0,0,1,7.5,7.5,0.1%,LB,2010
66,67,Shaun Smith,3,4,0.0,0,0,0,0,0,1,7.5,7.5,0.0%,LB,2010
67,68,Brad Jones,4,2,0.0,0,0,0,0,0,1,7.5,7.5,0.0%,LB,2010
68,69,Paris Lenon,3,3,0.0,0,0,0,0,0,1,6.8,6.8,0.0%,LB,2010
69,70,Takeo Spikes,3,3,0.0,0,0,0,0,0,1,6.8,6.8,0.0%,LB,2010
70,71,David Hawthorne,4,1,0.0,0,0,0,0,0,1,6.8,6.8,0.0%,LB,2010
71,72,Will Witherspoon,3,1,0.0,1,0,0,0,0,1,6.8,6.8,0.0%,LB,2010
72,73,Moise Fokou,4,1,0.0,0,0,0,0,0,1,6.8,6.8,0.0%,LB,2010
73,74,Chris Kelsay,1,2,0.5,1,0,0,0,0,1,6.5,6.5,0.0%,LB,2010
74,75,Sean Lee,2,1,0.0,0,0,0,0,0,1,6.3,6.3,0.0%,LB,2010
75,76,Jason Babin,2,1,0.0,0,0,0,0,0,1,6.3,6.3,0.0%,LB,2010
76,77,Geno Hayes,4,0,0.0,0,0,0,0,0,1,6.0,6.0,0.0%,LB,2010
77,78,Demorrio Williams,3,0,0.0,1,0,0,0,0,1,6.0,6.0,0.0%,LB,2010
78,79,Jon Beason,4,0,0.0,0,0,0,0,0,1,6.0,6.0,0.0%,LB,2010
79,80,Rolando McClain,1,1,0.5,1,0,0,0,0,1,5.8,5.8,0.0%,LB,2010
80,81,Marvin Mitchell,2,0,0.0,0,0,0,0,0,1,5.5,5.5,0.0%,LB,2010
81,82,Tyler Brayton,2,0,0.0,0,0,0,0,0,1,5.5,5.5,0.0%,LB,2010
82,83,Andra Davis,1,5,0.0,0,0,0,0,0,1,5.3,5.3,0.0%,LB,2010
83,84,Kirk Morrison,3,1,0.0,0,0,0,0,0,1,5.3,5.3,0.0%,LB,2010
84,85,E.J. Henderson,3,1,0.0,0,0,0,0,0,1,5.3,5.3,0.0%,LB,2010
85,86,Mike Vrabel,3,1,0.0,0,0,0,0,0,1,5.3,5.3,0.0%,LB,2010
86,87,Dannell Ellerbe,3,1,0.0,0,0,0,0,0,1,5.3,5.3,0.0%,LB,2010
87,88,Will Davis,1,1,0.0,0,0,0,0,0,1,4.8,4.8,0.0%,LB,2010
88,89,Lofa Tatupu,3,0,0.0,0,0,0,0,0,1,4.5,4.5,0.0%,LB,2010
89,90,Channing Crowder,3,0,0.0,0,0,0,0,0,1,4.5,4.5,0.0%,LB,2010
90,91,Brandon Johnson,2,0,0.0,1,0,0,0,0,1,4.5,4.5,0.0%,LB,2010
91,92,Gerald McRath,2,2,0.0,0,0,0,0,0,1,4.5,4.5,0.0%,LB,2010
92,93,Joe Mays,3,0,0.0,0,0,0,0,0,1,4.5,4.5,0.0%,LB,2010
93,94,Quentin Groves,3,0,0.0,0,0,0,0,0,1,4.5,4.5,0.0%,LB,2010
94,95,Eric Barton,2,2,0.0,0,0,0,0,0,1,4.5,4.5,0.0%,LB,2010
95,96,Thomas Gafford,0,0,0.0,0,0,0,1,0,1,4.0,4.0,0.0%,LB,2010
96,97,Tim Shaw,0,0,0.0,0,0,0,1,0,1,4.0,4.0,0.0%,LB,2010
97,98,Lamarr Houston,0,0,0.0,0,0,0,1,0,1,4.0,4.0,0.0%,LB,2010
98,99,Dan Connor,1,0,0.0,0,0,0,0,0,1,4.0,4.0,0.0%,LB,2010
99,100,LaMarr Woodley,2,1,0.0,0,0,0,0,0,1,3.8,3.8,0.0%,LB,2010
100,101,Ahmad Brooks,2,1,0.0,0,0,0,0,0,1,3.8,3.8,0.0%,LB,2010
101,102,Travis LaBoy,1,1,0.0,1,0,0,0,0,1,3.8,3.8,0.0%,LB,2010
102,103,Jonathan Vilma,0,5,0.0,0,0,0,0,0,1,3.8,3.8,0.0%,LB,2010
103,104,Frank Zombo,2,0,0.0,0,0,0,0,0,1,3.0,3.0,3.0%,LB,2010
104,105,Navorro Bowman,2,0,0.0,0,0,0,0,0,1,3.0,3.0,0.1%,LB,2010
105,106,Aaron Curry,2,0,0.0,0,0,0,0,0,1,3.0,3.0,0.0%,LB,2010
106,107,Stewart Bradley,2,0,0.0,0,0,0,0,0,1,3.0,3.0,0.0%,LB,2010
107,108,Jonathan Goff,2,0,0.0,0,0,0,0,0,1,3.0,3.0,0.0%,LB,2010
108,109,Mike Peterson,2,0,0.0,0,0,0,0,0,1,3.0,3.0,0.0%,LB,2010
109,110,Ben Leber,2,0,0.0,0,0,0,0,0,1,3.0,3.0,0.0%,LB,2010
110,111,Arthur Moats,0,1,0.5,0,0,0,0,0,1,2.8,2.8,0.0%,LB,2010
111,112,Lorenzo Alexander,1,1,0.0,0,0,0,0,0,1,2.3,2.3,3.0%,LB,2010
112,113,Ricky Brown,0,1,0.0,1,0,0,0,0,1,2.3,2.3,0.0%,LB,2010
113,114,Ikaika Alama-Francis,1,1,0.0,0,0,0,0,0,1,2.3,2.3,0.0%,LB,2010
114,115,Keith Bulluck,1,0,0.0,0,0,0,0,0,1,1.5,1.5,0.0%,LB,2010
115,116,Antonio Coleman,1,0,0.0,0,0,0,0,0,1,1.5,1.5,0.0%,LB,2010
116,117,Brandon Spikes,1,0,0.0,0,0,0,0,0,1,1.5,1.5,0.0%,LB,2010
117,118,Jameel McClain,1,0,0.0,0,0,0,0,0,1,1.5,1.5,0.0%,LB,2010
118,119,Cory Greenwood,1,0,0.0,0,0,0,0,0,1,1.5,1.5,0.0%,LB,2010
119,120,Victor Butler,1,0,0.0,0,0,0,0,0,1,1.5,1.5,0.0%,LB,2010
120,121,Paul Kruger,0,0,0.0,1,0,0,0,0,1,1.5,1.5,0.0%,LB,2010
121,122,Brandon Chillar,1,0,0.0,0,0,0,0,0,1,1.5,1.5,0.0%,LB,2010
122,123,Russell Allen,1,0,0.0,0,0,0,0,0,1,1.5,1.5,0.0%,LB,2010
123,124,Clay Matthews,1,0,0.0,0,0,0,0,0,1,1.5,1.5,0.0%,LB,2010
124,125,Reggie Torbor,1,0,0.0,0,0,0,0,0,1,1.5,1.5,0.0%,LB,2010
125,126,Manny Lawson,1,0,0.0,0,0,0,0,0,1,1.5,1.5,0.0%,LB,2010
126,127,Akin Ayodele,0,1,0.0,0,0,0,0,0,1,0.8,0.8,0.0%,LB,2010
127,128,Jamie Winborn,0,0,0.0,0,0,0,0,0,1,0.0,0.0,0.0%,LB,2010
128,129,Ken Amato,0,0,0.0,0,0,0,0,0,1,0.0,0.0,0.0%,LB,2010
129,130,Kevin Alexander,0,0,0.0,0,0,0,0,0,1,0.0,0.0,0.0%,LB,2010
130,131,Mike Bell,0,0,0.0,0,0,0,0,0,1,0.0,0.0,0.0%,LB,2010
131,132,Eric Alexander,0,0,0.0,0,0,0,0,0,1,0.0,0.0,0.0%,LB,2010
132,133,Niko Koutouvides,0,0,0.0,0,0,0,0,0,1,0.0,0.0,0.0%,LB,2010
133,134,H.B. Blades,0,0,0.0,0,0,0,0,0,1,0.0,0.0,0.0%,LB,2010
134,135,Corey Mays,0,0,0.0,0,0,0,0,0,1,0.0,0.0,0.0%,LB,2010
135,136,Anthony Spencer,3,3,0.0,0,0,0,0,0,1,0.0,0.0,0.0%,LB,2010
136,137,Brandon Siler,0,0,0.0,0,0,0,0,0,1,0.0,0.0,0.0%,LB,2010
137,138,Anthony Waters,0,0,0.0,0,0,0,0,0,1,0.0,0.0,0.0%,LB,2010
138,139,Omar Gaither,0,0,0.0,0,0,0,0,0,1,0.0,0.0,0.0%,LB,2010
139,140,Zak DeOssie,0,0,0.0,0,0,0,0,0,1,0.0,0.0,0.0%,LB,2010
140,141,Will Herring,0,0,0.0,0,0,0,0,0,1,0.0,0.0,0.0%,LB,2010
141,142,Adam Hayward,0,0,0.0,0,0,0,0,0,1,0.0,0.0,0.0%,LB,2010
142,143,Tim Dobbins,0,0,0.0,0,0,0,0,0,1,0.0,0.0,0.0%,LB,2010
143,144,Chris Wilson,0,0,0.0,0,0,0,0,0,1,0.0,0.0,0.0%,LB,2010
144,145,Chase Blackburn,0,0,0.0,0,0,0,0,0,1,0.0,0.0,0.0%,LB,2010
145,146,Heath Farwell,0,0,0.0,0,0,0,0,0,1,0.0,0.0,0.0%,LB,2010
146,147,Kamerion Wimbley,2,0,1.0,0,0,0,0,0,1,0.0,0.0,0.0%,LB,2010
147,148,Rob Ninkovich,1,1,0.0,0,0,0,1,0,1,0.0,0.0,0.0%,LB,2010
148,149,Akeem Jordan,0,0,0.0,0,0,0,0,0,1,0.0,0.0,0.0%,LB,2010
149,150,David Vobora,0,0,0.0,0,0,0,0,0,1,0.0,0.0,0.0%,LB,2010
150,151,Jordan Senn,0,0,0.0,0,0,0,0,0,1,0.0,0.0,0.0%,LB,2010
151,152,Everette Brown,0,1,0.0,0,0,0,0,0,1,0.0,0.0,0.0%,LB,2010
152,153,Rey Maualuga,0,0,0.0,0,0,0,0,0,1,0.0,0.0,0.0%,LB,2010
153,154,Chris Chamberlain,0,0,0.0,0,0,0,0,0,1,0.0,0.0,0.0%,LB,2010
154,155,Clint Sintim,0,0,0.0,0,0,0,0,0,1,0.0,0.0,0.0%,LB,2010
155,156,Jason Phillips,0,0,0.0,0,0,0,0,0,1,0.0,0.0,0.0%,LB,2010
156,157,Larry Grant,0,0,0.0,0,0,0,0,0,1,0.0,0.0,0.0%,LB,2010
157,158,Jason Trusnik,0,0,0.0,0,0,0,0,0,1,0.0,0.0,0.0%,LB,2010
158,159,Nick Roach,0,0,0.0,0,0,0,0,0,1,0.0,0.0,0.0%,LB,2010
159,160,Andy Studebaker,0,0,0.0,0,0,0,0,0,1,0.0,0.0,0.0%,LB,2010
160,161,Chris Long,1,1,1.0,0,0,1,0,0,1,0.0,0.0,0.0%,LB,2010
161,162,Kroy Biermann,2,0,0.0,0,0,0,0,0,1,0.0,0.0,0.0%,LB,2010
162,163,Bryan Scott,0,0,0.0,0,0,0,0,0,1,0.0,0.0,0.0%,LB,2010
163,164,Lance Briggs,0,0,0.0,0,0,0,0,0,1,0.0,0.0,0.0%,LB,2010
164,165,Titus Brown,0,0,0.0,0,0,0,0,0,1,0.0,0.0,0.0%,LB,2010
165,166,Dan Skuta,0,0,0.0,0,0,0,0,0,1,0.0,0.0,0.0%,LB,2010
166,167,Rob Francois,0,0,0.0,0,0,0,0,0,1,0.0,0.0,0.0%,LB,2010
167,168,Patrick Bailey,0,0,0.0,0,0,0,0,0,1,0.0,0.0,0.0%,LB,2010
168,169,Blake Costanzo,0,0,0.0,0,0,0,0,0,1,0.0,0.0,0.0%,LB,2010
169,170,Stanley Arnoux,0,0,0.0,0,0,0,0,0,1,0.0,0.0,0.0%,LB,2010
170,171,Jason Worilds,0,0,0.0,0,0,0,0,0,1,0.0,0.0,0.0%,LB,2010
171,172,Jermaine Cunningham,3,0,0.0,0,0,0,0,0,1,0.0,0.0,0.0%,LB,2010
172,173,Jason Pierre-Paul,0,0,0.0,0,0,0,0,0,1,0.0,0.0,0.0%,LB,2010
173,174,Lawrence Sidbury,0,0,0.0,0,0,0,0,0,1,0.0,0.0,0.0%,LB,2010
174,175,Nic Harris,0,0,0.0,0,0,0,0,0,1,0.0,0.0,0.0%,LB,2010
175,176,Jasper Brinkley,0,0,0.0,0,0,0,0,0,1,0.0,0.0,0.0%,LB,2010
176,177,Spencer Adkins,0,0,0.0,0,0,0,0,0,1,0.0,0.0,0.0%,LB,2010
177,178,Kenny Onatolu,0,0,0.0,0,0,0,0,0,1,0.0,0.0,0.0%,LB,2010
178,179,Reggie Walker,0,0,0.0,0,0,0,0,0,1,0.0,0.0,0.0%,LB,2010
179,180,Marcus Benard,3,0,1.0,0,0,0,0,0,1,0.0,0.0,0.0%,LB,2010
180,181,Akwasi Owusu-Ansah,0,0,0.0,0,0,0,0,0,1,0.0,0.0,0.0%,LB,2010
181,182,Matt McCoy,0,0,0.0,0,0,0,0,0,1,0.0,0.0,0.0%,LB,2010
182,183,Dekoda Watson,0,0,0.0,0,0,0,0,0,1,0.0,0.0,0.0%,LB,2010
183,184,Roddrick Muckelroy,0,0,0.0,0,0,0,0,0,1,0.0,0.0,0.0%,LB,2010
184,185,Stevenson Sylvester,0,0,0.0,0,0,0,0,0,1,0.0,0.0,0.0%,LB,2010
185,186,Jamar Chaney,0,0,0.0,0,0,0,0,0,1,0.0,0.0,0.0%,LB,2010
186,187,Austin Spitler,0,0,0.0,0,0,0,0,0,1,0.0,0.0,0.0%,LB,2010
187,188,Patrick Mannelly,0,0,0.0,0,0,0,0,0,1,0.0,0.0,0.0%,LB,2010
188,189,Andrew Economos,0,0,0.0,0,0,0,0,0,1,0.0,0.0,0.0%,LB,2010
189,190,Jeremy Cain,0,0,0.0,0,0,0,0,0,1,0.0,0.0,0.0%,LB,2010
190,191,Cullen Loeffler,0,0,0.0,0,0,0,0,0,1,0.0,0.0,0.0%,LB,2010
191,192,John Denney,0,0,0.0,0,0,0,0,0,1,0.0,0.0,0.0%,LB,2010
192,193,Garrison Sanborn,0,0,0.0,0,0,0,0,0,1,0.0,0.0,0.0%,LB,2010
193,194,Clint Gresham,0,0,0.0,0,0,0,0,0,1,0.0,0.0,0.0%,LB,2010
194,195,JJ Jansen,0,0,0.0,0,0,0,0,0,1,0.0,0.0,0.0%,LB,2010
195,196,Brett Goode,0,0,0.0,0,0,0,0,0,1,0.0,0.0,0.0%,LB,2010
196,197,Morgan Cox,0,0,0.0,0,0,0,0,0,1,0.0,0.0,0.0%,LB,2010
197,198,Greg Warren,0,0,0.0,0,0,0,0,0,1,0.0,0.0,0.0%,LB,2010
198,199,Mike Windt,0,0,0.0,0,0,0,0,0,1,0.0,0.0,0.0%,LB,2010
199,200,Jon Condo,0,0,0.0,0,0,0,0,0,1,0.0,0.0,0.0%,LB,2010
200,201,L.P. LaDouceur,0,0,0.0,0,0,0,0,0,1,0.0,0.0,0.0%,LB,2010
201,202,Jon Dorenbos,0,0,0.0,0,0,0,0,0,1,0.0,0.0,0.0%,LB,2010
202,203,Nick Sundberg,0,0,0.0,0,0,0,0,0,1,0.0,0.0,0.0%,LB,2010
