,Rank,Player,Pass Completions,Pass Attempts,Pass Completion/Attempts,Passing Yards,Passsing Yards/Attempt,Passing Touchdowns,Interception,Sacks,Rushing Attempts,Rushing Yards,Rushing Touchdown,Fumbles,Games Played,Fantasy Football Points,FTPS/Game,ROST,Position,Year
0,1,Aaron Rodgers,25,37,67.6,404,10.9,4,0,2,2,26,0,0,1,34.8,34.8,50.0%,QB,2010
1,2,Josh Freeman,21,26,80.8,237,9.1,5,0,2,4,23,0,0,1,31.8,31.8,0.2%,QB,2010
2,3,Carson Palmer,16,21,76.2,269,12.8,4,0,0,2,-1,0,0,1,26.7,26.7,5.6%,QB,2010
3,4,Matt Cassel,24,34,70.6,314,9.2,3,0,1,3,20,0,0,1,26.6,26.6,0.0%,QB,2010
4,5,Jay Cutler,13,25,52.0,215,8.6,3,1,2,4,3,1,0,1,24.9,24.9,0.2%,QB,2010
5,6,David Garrard,22,38,57.9,299,7.9,1,2,4,6,39,1,0,1,21.9,21.9,0.0%,QB,2010
6,7,Michael Vick,25,43,58.1,263,6.1,1,1,6,8,63,1,2,1,20.8,20.8,0.1%,QB,2010
7,8,Ben Roethlisberger,22,32,68.8,320,10.0,1,0,3,7,2,1,2,1,19.0,19.0,13.6%,QB,2010
8,9,Tom Brady,15,27,55.6,140,5.2,3,0,1,3,13,0,0,1,18.9,18.9,2.7%,QB,2010
9,10,Shaun Hill,14,26,53.8,222,8.5,2,0,2,1,10,0,0,1,17.9,17.9,0.0%,QB,2010
10,11,Peyton Manning,16,30,53.3,179,6.0,3,2,0,3,25,0,0,1,17.7,17.7,0.0%,QB,2010
11,12,Joe Webb,17,26,65.4,195,7.5,0,0,2,6,31,1,0,1,16.9,16.9,0.0%,QB,2010
12,13,Matt Schaub,23,33,69.7,310,9.4,1,1,0,1,0,0,0,1,14.4,14.4,0.0%,QB,2010
13,14,Jason Campbell,29,42,69.0,231,5.5,1,0,3,3,10,0,0,1,14.2,14.2,0.0%,QB,2010
14,15,Sam Bradford,28,37,75.7,292,7.9,1,0,1,0,0,0,1,1,13.7,13.7,0.0%,QB,2010
15,16,John Skelton,11,25,44.0,183,7.3,1,0,1,3,21,0,0,1,13.4,13.4,0.0%,QB,2010
16,17,Kerry Collins,14,37,37.8,235,6.4,2,2,3,2,-1,0,0,1,13.3,13.3,0.0%,QB,2010
17,18,Eli Manning,17,33,51.5,301,9.1,2,4,1,1,12,0,0,1,13.2,13.2,2.3%,QB,2010
18,19,Mark Sanchez,24,37,64.9,269,7.3,1,1,0,0,0,0,0,1,12.8,12.8,0.1%,QB,2010
19,20,Matt Ryan,15,29,51.7,148,5.1,1,0,1,4,26,0,0,1,12.5,12.5,0.1%,QB,2010
20,21,Chad Henne,29,44,65.9,278,6.3,1,2,2,5,14,0,0,1,12.5,12.5,0.1%,QB,2010
21,22,Philip Rivers,27,40,67.5,256,6.4,1,1,1,1,2,0,0,1,12.4,12.4,20.6%,QB,2010
22,23,Drew Brees,35,49,71.4,302,6.2,1,2,1,2,-2,0,0,1,11.9,11.9,35.7%,QB,2010
23,24,Joe Flacco,12,19,63.2,102,5.4,2,1,1,3,16,0,0,1,11.7,11.7,17.3%,QB,2010
24,25,Troy Smith,7,19,36.8,153,8.1,1,1,2,5,28,0,0,1,10.9,10.9,0.0%,QB,2010
25,26,Stephen McGee,11,17,64.7,111,6.5,1,0,1,4,19,0,0,1,10.3,10.3,0.0%,QB,2010
26,27,Rex Grossman,19,39,48.7,182,4.7,1,1,1,1,5,0,0,1,9.8,9.8,0.0%,QB,2010
27,28,Matt Hasselbeck,3,4,75.0,24,6.0,0,0,0,1,1,1,0,1,7.1,7.1,0.0%,QB,2010
28,29,Jon Kitna,12,20,60.0,115,5.8,1,2,4,1,7,0,0,1,5.3,5.3,0.0%,QB,2010
29,30,Charlie Whitehurst,11,18,61.1,66,3.7,0,0,3,3,5,0,0,1,5.1,5.1,0.4%,QB,2010
30,31,Colt McCoy,15,29,51.7,149,5.1,0,3,0,4,30,0,0,1,3.0,3.0,0.0%,QB,2010
31,32,Alex Smith,10,15,66.7,120,8.0,0,0,2,0,0,0,1,1,2.8,2.8,5.0%,QB,2010
32,33,Ryan Fitzpatrick,18,37,48.6,251,6.8,0,3,3,1,14,0,2,1,1.4,1.4,0.0%,QB,2010
33,34,Jimmy Clausen,10,23,43.5,72,3.1,0,1,4,0,0,0,0,1,0.9,0.9,0.0%,QB,2010
34,35,Josh Johnson,2,2,100.0,15,7.5,0,0,0,0,0,0,0,1,0.6,0.6,0.1%,QB,2010
35,36,Matt Flynn,0,0,0.0,0,0.0,0,0,0,0,0,0,0,1,0.0,0.0,0.0%,QB,2010
36,37,Chase Daniel,0,0,0.0,0,0.0,0,0,0,0,0,0,0,1,0.0,0.0,0.0%,QB,2010
37,38,Seneca Wallace,0,0,0.0,0,0.0,0,0,0,0,0,0,0,1,0.0,0.0,0.0%,QB,2010
38,39,Brian Hoyer,0,0,0.0,0,0.0,0,0,0,4,-2,0,0,1,-0.2,-0.2,0.0%,QB,2010
39,40,Brodie Croyle,1,2,50.0,-2,-1.0,0,1,0,0,0,0,0,1,-2.1,-2.1,0.0%,QB,2010
