,Rank,Player,Pass Completions,Pass Attempts,Pass Completion/Attempts,Passing Yards,Passsing Yards/Attempt,Passing Touchdowns,Interception,Sacks,Rushing Attempts,Rushing Yards,Rushing Touchdown,Fumbles,Games Played,Fantasy Football Points,FTPS/Game,ROST,Position,Year
0,1,Matt Schaub,38,52,73.1,497,9.6,3,1,5,1,2,0,0,1,30.1,30.1,0.0%,QB,2010
1,2,Aaron Rodgers,19,29,65.5,255,8.8,2,0,0,5,20,1,0,1,26.2,26.2,50.0%,QB,2010
2,3,Jay Cutler,21,29,72.4,277,9.6,3,0,1,5,3,0,0,1,23.4,23.4,0.2%,QB,2010
3,4,Michael Vick,21,34,61.8,284,8.4,2,0,5,8,37,0,0,1,23.1,23.1,0.1%,QB,2010
4,5,Mark Sanchez,21,30,70.0,220,7.3,3,0,3,4,2,0,0,1,23.0,23.0,0.1%,QB,2010
5,6,Peyton Manning,20,26,76.9,255,9.8,3,0,1,3,-3,0,0,1,21.9,21.9,0.0%,QB,2010
6,7,Philip Rivers,22,29,75.9,334,11.5,3,2,1,0,0,0,0,1,21.4,21.4,20.6%,QB,2010
7,8,Donovan McNabb,28,38,73.7,426,11.2,1,0,3,0,0,0,0,1,21.0,21.0,0.0%,QB,2010
8,9,Shaun Hill,25,45,55.6,335,7.4,2,2,2,3,16,0,0,1,21.0,21.0,0.0%,QB,2010
9,10,Kyle Orton,25,35,71.4,307,8.8,2,0,1,3,-5,0,0,1,19.8,19.8,0.0%,QB,2010
10,11,Matt Ryan,21,32,65.6,225,7.0,3,0,1,6,6,0,1,1,19.6,19.6,0.1%,QB,2010
11,12,Josh Freeman,12,24,50.0,178,7.4,2,0,0,4,43,0,0,1,19.4,19.4,0.2%,QB,2010
12,13,Drew Brees,28,38,73.7,254,6.7,2,0,2,0,0,0,0,1,18.9,18.9,35.7%,QB,2010
13,14,Alex Smith,23,32,71.9,275,8.6,1,2,0,4,28,0,0,1,15.8,15.8,5.0%,QB,2010
14,15,Matt Hasselbeck,20,35,57.1,233,6.7,1,3,1,3,21,1,0,1,15.4,15.4,0.0%,QB,2010
15,16,Tony Romo,34,51,66.7,374,7.3,1,2,0,1,-1,0,0,1,14.9,14.9,0.1%,QB,2010
16,17,Sam Bradford,14,25,56.0,167,6.7,2,1,3,0,0,0,0,1,12.7,12.7,0.0%,QB,2010
17,18,Tom Brady,20,36,55.6,248,6.9,2,2,1,0,0,0,1,1,11.9,11.9,2.7%,QB,2010
18,19,Seneca Wallace,16,31,51.6,229,7.4,1,1,1,1,4,0,0,1,11.6,11.6,0.0%,QB,2010
19,20,Eli Manning,13,24,54.2,161,6.7,2,1,4,1,6,0,2,1,9.0,9.0,2.3%,QB,2010
20,21,Chad Henne,9,15,60.0,114,7.6,1,0,2,2,0,0,0,1,8.6,8.6,0.1%,QB,2010
21,22,Bruce Gradkowski,11,21,52.4,162,7.7,1,1,0,4,0,0,0,1,8.5,8.5,0.0%,QB,2010
22,23,Kerry Collins,17,25,68.0,149,6.0,1,1,2,2,-1,0,1,1,7.9,7.9,0.0%,QB,2010
23,24,Carson Palmer,16,35,45.7,167,4.8,0,0,1,3,-1,0,0,1,6.6,6.6,5.6%,QB,2010
24,25,Luke McCown,11,19,57.9,120,6.3,0,0,0,1,4,0,0,1,5.2,5.2,0.0%,QB,2010
25,26,Matt Moore,6,16,37.5,125,7.8,1,1,4,1,2,0,1,1,5.2,5.2,0.0%,QB,2010
26,27,Matt Cassel,16,28,57.1,176,6.3,0,2,1,4,5,0,0,1,3.5,3.5,0.0%,QB,2010
27,28,Jason Campbell,8,15,53.3,87,5.8,0,1,2,3,19,0,0,1,3.4,3.4,0.0%,QB,2010
28,29,Joe Flacco,17,39,43.6,154,3.9,1,4,1,3,9,0,0,1,3.1,3.1,17.3%,QB,2010
29,30,David Garrard,15,23,65.2,173,7.5,1,4,2,1,-1,0,0,1,2.8,2.8,0.0%,QB,2010
30,31,Derek Anderson,17,31,54.8,161,5.2,0,2,2,0,0,0,0,1,2.4,2.4,0.0%,QB,2010
31,32,Dennis Dixon,4,6,66.7,18,3.0,0,0,2,3,28,0,1,1,1.5,1.5,0.0%,QB,2010
32,33,Trent Edwards,11,18,61.1,102,5.7,0,2,4,3,12,0,0,1,1.3,1.3,0.0%,QB,2010
33,34,Brett Favre,22,36,61.1,225,6.3,0,3,3,0,0,0,1,1,1.0,1.0,0.0%,QB,2010
34,35,Charlie Batch,5,11,45.5,25,2.3,0,0,2,1,0,0,0,1,1.0,1.0,0.0%,QB,2010
35,36,Jimmy Clausen,7,13,53.8,59,4.5,0,1,0,1,0,0,0,1,0.4,0.4,0.0%,QB,2010
36,37,Billy Volek,0,0,0.0,0,0.0,0,0,0,1,-1,0,0,1,-0.1,-0.1,0.0%,QB,2010
37,38,Max Hall,1,2,50.0,3,1.5,0,1,0,0,0,0,0,1,-1.9,-1.9,0.0%,QB,2010
38,39,Vince Young,7,10,70.0,66,6.6,0,2,2,2,12,0,1,1,-2.2,-2.2,0.0%,QB,2010
