,Rank,Player,Rushing Attempts,Rushing Yards,Rushing Yards/Attempts,Longest Rushing,Rushing 20+,Rushing Touchdown,Recptions,TGT,Receiving Yards,Receiving Yards/Reception,Receiving Touchdowns,Fumbles,Games Played,Fantasy Football Points,FTPS/Game,ROST,Position,Year
0,1,Ryan Mathews,26,120,4.6,31,0,3,3,3,19,6.3,0,0,1,31.9,31.9,0.0%,RB,2010
1,2,Arian Foster,31,180,5.8,56,0,2,2,2,10,5.0,0,0,1,31.0,31.0,0.0%,RB,2010
2,3,Michael Bush,25,137,5.5,26,0,1,4,5,34,8.5,0,0,1,23.1,23.1,0.0%,RB,2010
3,4,Brian Westbrook,13,79,6.1,30,0,2,1,4,14,14.0,0,0,1,21.3,21.3,0.0%,RB,2010
4,5,Rashad Jennings,22,108,4.9,16,0,1,4,7,34,8.5,0,0,1,20.2,20.2,0.0%,RB,2010
5,6,Rashard Mendenhall,14,36,2.6,7,0,2,1,1,24,24.0,0,0,1,18.0,18.0,0.0%,RB,2010
6,7,Joe McKnight,32,158,4.9,18,0,0,2,3,15,7.5,0,0,1,17.3,17.3,0.0%,RB,2010
7,8,Jamaal Charles,14,87,6.2,47,0,1,2,4,13,6.5,0,0,1,16.0,16.0,0.1%,RB,2010
8,9,Matt Forte,15,91,6.1,25,0,0,8,8,60,7.5,0,0,1,15.1,15.1,19.1%,RB,2010
9,10,Chris Johnson,20,39,2.0,12,0,0,6,6,51,8.5,1,0,1,15.0,15.0,0.6%,RB,2010
10,11,BenJarvus Green-Ellis,20,80,4.0,11,0,1,1,2,6,6.0,0,0,1,14.6,14.6,0.0%,RB,2010
11,12,Ray Rice,20,77,3.9,11,0,1,0,1,0,0.0,0,0,1,13.7,13.7,0.0%,RB,2010
12,13,Derrick Ward,4,63,15.8,35,0,1,1,1,7,7.0,0,0,1,13.0,13.0,0.0%,RB,2010
13,14,Reggie Bush,9,70,7.8,23,0,0,5,9,55,11.0,0,0,1,12.5,12.5,0.0%,RB,2010
14,15,Jerome Harrison,21,99,4.7,36,0,0,5,6,17,3.4,0,0,1,11.6,11.6,0.0%,RB,2010
15,16,Brandon Jacobs,13,49,3.8,27,0,1,0,0,0,0.0,0,0,1,10.9,10.9,0.0%,RB,2010
16,17,Michael Turner,17,67,3.9,16,0,1,0,1,0,0.0,0,1,1,10.7,10.7,0.0%,RB,2010
17,18,Maurice Morris,12,21,1.8,7,0,1,2,3,24,12.0,0,0,1,10.5,10.5,0.0%,RB,2010
18,19,John Conner,8,44,5.5,16,0,1,0,0,0,0.0,0,0,1,10.4,10.4,0.0%,RB,2010
19,20,Steven Jackson,11,45,4.1,13,0,0,4,6,39,9.8,0,0,1,8.4,8.4,0.0%,RB,2010
20,21,Legedu Naanee,0,0,0.0,0,0,0,4,9,79,19.8,0,0,1,7.9,7.9,0.0%,RB,2010
21,22,Felix Jones,11,81,7.4,20,0,0,1,1,-4,-4.0,0,0,1,7.7,7.7,0.0%,RB,2010
22,23,Darren Sproles,4,43,10.8,27,0,0,2,2,26,13.0,0,0,1,6.9,6.9,0.1%,RB,2010
23,24,Ryan Torain,18,61,3.4,16,0,0,1,1,8,8.0,0,0,1,6.9,6.9,0.0%,RB,2010
24,25,Cedric Benson,21,53,2.5,9,0,0,3,4,12,4.0,0,0,1,6.5,6.5,0.0%,RB,2010
25,26,Correll Buckhalter,3,8,2.7,4,0,0,4,4,49,12.3,0,0,1,5.7,5.7,0.0%,RB,2010
26,27,Jahvid Best,10,34,3.4,9,0,0,6,7,23,3.8,0,0,1,5.7,5.7,0.0%,RB,2010
27,28,Ronnie Brown,6,14,2.3,10,0,0,3,4,39,13.0,0,0,1,5.3,5.3,0.0%,RB,2010
28,29,Deji Karim,7,52,7.4,12,0,0,0,0,0,0.0,0,0,1,5.2,5.2,0.0%,RB,2010
29,30,Keiland Williams,1,4,4.0,4,0,0,4,5,47,11.8,0,0,1,5.1,5.1,0.0%,RB,2010
30,31,Justin Forsett,3,28,9.3,21,0,0,3,6,22,7.3,0,0,1,5.0,5.0,0.0%,RB,2010
31,32,Marshawn Lynch,20,75,3.8,24,0,0,1,1,-7,-7.0,0,1,1,4.8,4.8,0.3%,RB,2010
32,33,LeGarrette Blount,19,66,3.5,16,0,0,2,2,2,1.0,0,1,1,4.8,4.8,0.1%,RB,2010
33,34,Fred Jackson,13,35,2.7,6,0,0,1,1,13,13.0,0,0,1,4.8,4.8,0.0%,RB,2010
34,35,Joseph Addai,11,44,4.0,8,0,0,0,1,0,0.0,0,0,1,4.4,4.4,0.0%,RB,2010
35,36,Jason Snelling,8,17,2.1,9,0,0,3,4,26,8.7,0,0,1,4.3,4.3,0.0%,RB,2010
36,37,Knowshon Moreno,6,41,6.8,35,0,0,1,1,2,2.0,0,0,1,4.3,4.3,0.0%,RB,2010
37,38,Bernard Scott,5,32,6.4,12,0,0,1,1,9,9.0,0,0,1,4.1,4.1,0.0%,RB,2010
38,39,Fred Taylor,10,35,3.5,8,0,0,0,0,0,0.0,0,0,1,3.5,3.5,0.0%,RB,2010
39,40,Brandon Jackson,7,19,2.7,8,0,0,2,3,16,8.0,0,0,1,3.5,3.5,0.0%,RB,2010
40,41,James Starks,5,20,4.0,6,0,0,2,3,15,7.5,0,0,1,3.5,3.5,0.0%,RB,2010
41,42,Tyrell Sutton,2,13,6.5,8,0,0,3,3,21,7.0,0,0,1,3.4,3.4,0.0%,RB,2010
42,43,Chris Ivory,7,33,4.7,11,0,0,0,0,0,0.0,0,0,1,3.3,3.3,0.0%,RB,2010
43,44,Tim Hightower,12,30,2.5,10,0,0,2,5,2,1.0,0,0,1,3.2,3.2,0.0%,RB,2010
44,45,Jason Wright,3,23,7.7,10,0,0,3,6,8,2.7,0,0,1,3.1,3.1,0.0%,RB,2010
45,46,Jonathan Stewart,13,31,2.4,12,0,0,0,0,0,0.0,0,0,1,3.1,3.1,0.0%,RB,2010
46,47,Ahmad Bradshaw,15,22,1.5,4,0,0,2,3,8,4.0,0,0,1,3.0,3.0,0.0%,RB,2010
47,48,Adrian Peterson,14,31,2.2,10,0,0,2,2,-2,-1.0,0,0,1,2.9,2.9,2.4%,RB,2010
48,49,Dominic Rhodes,11,48,4.4,12,0,0,0,0,0,0.0,0,1,1,2.8,2.8,0.0%,RB,2010
49,50,Mike Bell,5,14,2.8,11,0,0,4,5,14,3.5,0,0,1,2.8,2.8,0.0%,RB,2010
50,51,Leon Washington,1,4,4.0,4,0,0,3,3,24,8.0,0,0,1,2.8,2.8,0.0%,RB,2010
51,52,Jonathan Dwyer,9,28,3.1,7,0,0,0,0,0,0.0,0,0,1,2.8,2.8,0.0%,RB,2010
52,53,Lance Ball,6,21,3.5,17,0,0,1,1,6,6.0,0,0,1,2.7,2.7,0.0%,RB,2010
53,54,Sammy Morris,5,18,3.6,7,0,0,1,3,8,8.0,0,0,1,2.6,2.6,0.0%,RB,2010
54,55,Anthony Dixon,11,22,2.0,8,0,0,1,1,2,2.0,0,0,1,2.4,2.4,0.0%,RB,2010
55,56,Beanie Wells,5,16,3.2,7,0,0,1,1,6,6.0,0,0,1,2.2,2.2,0.0%,RB,2010
56,57,Tashard Choice,7,20,2.9,5,0,0,0,2,0,0.0,0,0,1,2.0,2.0,0.0%,RB,2010
57,58,Isaac Redman,3,12,4.0,5,0,0,1,2,7,7.0,0,0,1,1.9,1.9,0.0%,RB,2010
58,59,Ahmard Hall,0,0,0.0,0,0,0,4,5,19,4.8,0,0,1,1.9,1.9,0.0%,RB,2010
59,60,Toby Gerhart,3,12,4.0,6,0,0,1,1,6,6.0,0,0,1,1.8,1.8,0.0%,RB,2010
60,61,Thomas Clayton,6,17,2.8,5,0,0,0,0,0,0.0,0,0,1,1.7,1.7,0.0%,RB,2010
61,62,Peyton Hillis,6,13,2.2,5,0,0,1,1,3,3.0,0,0,1,1.6,1.6,0.0%,RB,2010
62,63,D.J. Ware,0,0,0.0,0,0,0,1,1,16,16.0,0,0,1,1.6,1.6,0.0%,RB,2010
63,64,Thomas Jones,10,17,1.7,4,0,0,1,1,-2,-2.0,0,0,1,1.5,1.5,0.0%,RB,2010
64,65,Dexter McCluster,0,0,0.0,0,0,0,1,7,15,15.0,0,0,1,1.5,1.5,0.0%,RB,2010
65,66,Jackie Battle,4,5,1.3,3,0,0,1,2,9,9.0,0,0,1,1.4,1.4,0.0%,RB,2010
66,67,Jerome Felton,1,9,9.0,9,0,0,1,1,4,4.0,0,0,1,1.3,1.3,0.0%,RB,2010
67,68,Willis McGahee,2,5,2.5,7,0,0,1,1,8,8.0,0,0,1,1.3,1.3,0.0%,RB,2010
68,69,Kregg Lumpkin,0,0,0.0,0,0,0,1,1,12,12.0,0,0,1,1.2,1.2,0.0%,RB,2010
69,70,Stefan Logan,1,12,12.0,12,0,0,0,0,0,0.0,0,0,1,1.2,1.2,0.0%,RB,2010
70,71,Javon Ringer,1,5,5.0,5,0,0,1,1,7,7.0,0,0,1,1.2,1.2,0.0%,RB,2010
71,72,Lousaka Polite,1,4,4.0,4,0,0,1,1,7,7.0,0,0,1,1.1,1.1,0.0%,RB,2010
72,73,Cedric Peerman,1,0,0.0,0,0,0,1,2,11,11.0,0,0,1,1.1,1.1,0.0%,RB,2010
73,74,Chester Taylor,3,11,3.7,5,0,0,0,0,0,0.0,0,0,1,1.1,1.1,0.0%,RB,2010
74,75,Eldra Buckley,2,11,5.5,10,0,0,0,1,0,0.0,0,0,1,1.1,1.1,0.0%,RB,2010
75,76,Erik Lorig,0,0,0.0,0,0,0,1,1,10,10.0,0,0,1,1.0,1.0,0.0%,RB,2010
76,77,Donald Brown,3,9,3.0,5,0,0,0,1,0,0.0,0,0,1,0.9,0.9,0.0%,RB,2010
77,78,Chris Gronkowski,3,9,3.0,5,0,0,0,0,0,0.0,0,0,1,0.9,0.9,0.0%,RB,2010
78,79,Mike Karney,2,4,2.0,4,0,0,1,1,4,4.0,0,0,1,0.8,0.8,0.0%,RB,2010
79,80,Ovie Mughelli,2,8,4.0,4,0,0,0,0,0,0.0,0,0,1,0.8,0.8,0.0%,RB,2010
80,81,John Kuhn,4,0,0.0,1,0,0,1,1,7,7.0,0,0,1,0.7,0.7,0.0%,RB,2010
81,82,Kenneth Darby,1,7,7.0,7,0,0,0,0,0,0.0,0,0,1,0.7,0.7,0.0%,RB,2010
82,83,Cadillac Williams,1,7,7.0,7,0,0,0,0,0,0.0,0,0,1,0.7,0.7,0.0%,RB,2010
83,84,Rock Cartwright,2,6,3.0,3,0,0,0,0,0,0.0,0,0,1,0.6,0.6,0.0%,RB,2010
84,85,Chris Pressley,1,0,0.0,0,0,0,1,1,6,6.0,0,0,1,0.6,0.6,0.0%,RB,2010
85,86,Tony Richardson,2,6,3.0,4,0,0,0,0,0,0.0,0,0,1,0.6,0.6,0.0%,RB,2010
86,87,Keith Toston,0,0,0.0,0,0,0,1,1,6,6.0,0,0,1,0.6,0.6,0.0%,RB,2010
87,88,Lorenzo Booker,0,0,0.0,0,0,0,1,2,6,6.0,0,0,1,0.6,0.6,0.0%,RB,2010
88,89,C.J. Spiller,3,5,1.7,2,0,0,0,0,0,0.0,0,0,1,0.5,0.5,0.1%,RB,2010
89,90,Michael Bennett,1,5,5.0,5,0,0,0,0,0,0.0,0,0,1,0.5,0.5,0.0%,RB,2010
90,91,Marcel Reece,2,4,2.0,3,0,0,0,0,0,0.0,0,0,1,0.4,0.4,0.0%,RB,2010
91,92,Le'Ron McClain,1,0,0.0,0,0,0,3,3,4,1.3,0,0,1,0.4,0.4,0.0%,RB,2010
92,93,Marion Barber,3,3,1.0,2,0,0,0,0,0,0.0,0,0,1,0.3,0.3,0.0%,RB,2010
93,94,Owen Schmitt,0,0,0.0,0,0,0,1,1,3,3.0,0,0,1,0.3,0.3,0.0%,RB,2010
94,95,Naufahu Tahi,0,0,0.0,0,0,0,1,1,2,2.0,0,0,1,0.2,0.2,0.0%,RB,2010
95,96,Heath Evans,0,0,0.0,0,0,0,1,1,2,2.0,0,0,1,0.2,0.2,0.0%,RB,2010
96,97,Michael Robinson,2,1,0.5,1,0,0,0,0,0,0.0,0,0,1,0.1,0.1,0.0%,RB,2010
97,98,Lex Hilliard,0,0,0.0,0,0,0,0,0,0,0.0,0,0,1,0.0,0.0,0.0%,RB,2010
98,99,Lawrence Vickers,0,0,0.0,0,0,0,0,0,0,0.0,0,0,1,0.0,0.0,0.0%,RB,2010
99,100,Patrick Cobbs,0,0,0.0,0,0,0,0,0,0,0.0,0,0,1,0.0,0.0,0.0%,RB,2010
100,101,Steve Slaton,0,0,0.0,0,0,0,0,0,0,0.0,0,0,1,0.0,0.0,0.0%,RB,2010
101,102,Quinn Johnson,0,0,0.0,0,0,0,0,0,0,0.0,0,0,1,0.0,0.0,0.0%,RB,2010
102,103,Montell Owens,0,0,0.0,0,0,0,0,0,0,0.0,0,0,1,0.0,0.0,0.0%,RB,2010
103,104,Jalen Parmele,0,0,0.0,0,0,0,0,0,0,0.0,0,0,1,0.0,0.0,0.0%,RB,2010
104,105,Greg Jones,0,0,0.0,0,0,0,0,0,0,0.0,0,0,1,0.0,0.0,0.0%,RB,2010
105,106,Vonta Leach,0,0,0.0,0,0,0,0,0,0,0.0,0,0,1,0.0,0.0,0.0%,RB,2010
106,107,Curtis Brinkley,0,0,0.0,0,0,0,0,0,0,0.0,0,0,1,0.0,0.0,0.0%,RB,2010
107,108,Darrel Young,0,0,0.0,0,0,0,0,0,0,0.0,0,0,1,0.0,0.0,0.0%,RB,2010
108,109,Jehuu Caulcrick,0,0,0.0,0,0,0,0,0,0,0.0,0,0,1,0.0,0.0,0.0%,RB,2010
109,110,Antone Smith,0,0,0.0,0,0,0,0,0,0,0.0,0,0,1,0.0,0.0,0.0%,RB,2010
110,111,Danny Woodhead,2,19,9.5,19,0,0,0,0,0,0.0,0,1,1,-0.1,-0.1,20.6%,RB,2010
111,112,Gartrell Johnson,2,1,0.5,1,0,0,1,1,-4,-4.0,0,0,1,-0.3,-0.3,0.0%,RB,2010
112,113,Quinton Ganther,1,-6,-6.0,0,0,0,0,0,0,0.0,0,0,1,-0.6,-0.6,0.0%,RB,2010
113,114,Ricky Williams,6,5,0.8,3,0,0,0,1,0,0.0,0,1,1,-1.5,-1.5,0.0%,RB,2010
114,115,Mike Goodson,2,14,7.0,15,0,0,2,3,-11,-5.5,0,1,1,-1.7,-1.7,0.0%,RB,2010
