,Rank,Player,Rushing Attempts,Rushing Yards,Rushing Yards/Attempts,Longest Rushing,Rushing 20+,Rushing Touchdown,Recptions,TGT,Receiving Yards,Receiving Yards/Reception,Receiving Touchdowns,Fumbles,Games Played,Fantasy Football Points,FTPS/Game,ROST,Position,Year
0,1,Keiland Williams,16,89,5.6,32,0,2,4,7,50,12.5,1,0,1,31.9,31.9,0.0%,RB,2010
1,2,Fred Jackson,25,133,5.3,39,0,1,6,7,37,6.2,1,1,1,27.0,27.0,0.0%,RB,2010
2,3,Maurice Jones-Drew,24,100,4.2,15,0,2,2,3,23,11.5,0,0,1,24.3,24.3,0.0%,RB,2010
3,4,Knowshon Moreno,22,106,4.8,14,0,0,3,3,50,16.7,1,0,1,21.6,21.6,0.0%,RB,2010
4,5,Frank Gore,22,87,4.0,23,0,1,3,4,67,22.3,0,0,1,21.4,21.4,12.1%,RB,2010
5,6,Steven Jackson,20,81,4.1,26,0,1,8,9,67,8.4,0,0,1,20.8,20.8,0.0%,RB,2010
6,7,Felix Jones,14,51,3.6,12,0,0,3,3,85,28.3,1,0,1,19.6,19.6,0.0%,RB,2010
7,8,Jerome Harrison,11,109,9.9,50,0,1,1,1,15,15.0,0,0,1,18.4,18.4,0.0%,RB,2010
8,9,Chris Johnson,17,117,6.9,30,0,1,1,3,7,7.0,0,0,1,18.4,18.4,0.6%,RB,2010
9,10,Jamaal Charles,14,41,2.9,7,0,0,5,9,80,16.0,1,0,1,18.1,18.1,0.1%,RB,2010
10,11,Justin Forsett,9,64,7.1,29,0,1,3,4,31,10.3,0,0,1,15.5,15.5,0.0%,RB,2010
11,12,LeSean McCoy,11,43,3.9,9,0,0,5,6,51,10.2,1,0,1,15.4,15.4,2.0%,RB,2010
12,13,LeGarrette Blount,19,91,4.8,24,0,1,0,1,0,0.0,0,0,1,15.1,15.1,0.1%,RB,2010
13,14,Peyton Hillis,19,82,4.3,14,0,1,4,5,27,6.8,0,1,1,14.9,14.9,0.0%,RB,2010
14,15,Cadillac Williams,5,62,12.4,45,0,1,2,2,23,11.5,0,0,1,14.5,14.5,0.0%,RB,2010
15,16,Ahmad Bradshaw,20,73,3.7,9,0,0,6,7,62,10.3,0,0,1,13.5,13.5,0.0%,RB,2010
16,17,Mewelde Moore,4,14,3.5,5,0,0,5,5,79,15.8,0,0,1,13.3,13.3,0.0%,RB,2010
17,18,Jason Snelling,3,11,3.7,5,0,0,6,7,56,9.3,1,0,1,12.7,12.7,0.0%,RB,2010
18,19,BenJarvus Green-Ellis,18,87,4.8,17,0,0,4,5,36,9.0,0,0,1,12.3,12.3,0.0%,RB,2010
19,20,Tim Hightower,13,39,3.0,11,0,1,2,3,23,11.5,0,0,1,12.2,12.2,0.0%,RB,2010
20,21,Marshawn Lynch,13,29,2.2,13,0,1,2,2,33,16.5,0,0,1,12.2,12.2,0.3%,RB,2010
21,22,Arian Foster,15,56,3.7,14,0,1,1,2,4,4.0,0,0,1,12.0,12.0,0.0%,RB,2010
22,23,LaDainian Tomlinson,18,57,3.2,9,0,0,6,10,53,8.8,0,0,1,11.0,11.0,0.0%,RB,2010
23,24,Ray Rice,12,59,4.9,13,0,0,3,5,43,14.3,0,0,1,10.2,10.2,0.0%,RB,2010
24,25,Patrick Cobbs,1,1,1.0,1,0,0,3,5,35,11.7,1,0,1,9.6,9.6,0.0%,RB,2010
25,26,Shonn Greene,20,72,3.6,10,0,0,3,3,22,7.3,0,0,1,9.4,9.4,0.0%,RB,2010
26,27,Mike Goodson,23,100,4.3,18,0,0,3,4,13,4.3,0,1,1,9.3,9.3,0.0%,RB,2010
27,28,Javarris James,10,26,2.6,7,0,1,0,0,0,0.0,0,0,1,8.6,8.6,0.0%,RB,2010
28,29,Spencer Larsen,2,17,8.5,14,0,0,1,1,3,3.0,1,0,1,8.0,8.0,0.0%,RB,2010
29,30,Darrel Young,1,16,16.0,16,0,0,1,1,3,3.0,1,0,1,7.9,7.9,0.0%,RB,2010
30,31,Matt Forte,21,69,3.3,11,0,0,1,2,9,9.0,0,0,1,7.8,7.8,19.1%,RB,2010
31,32,Adrian Peterson,17,51,3.0,20,0,0,4,7,24,6.0,0,0,1,7.5,7.5,2.4%,RB,2010
32,33,Ronnie Brown,12,11,0.9,6,0,1,0,1,0,0.0,0,0,1,7.1,7.1,0.0%,RB,2010
33,34,Ricky Williams,11,64,5.8,23,0,0,2,2,6,3.0,0,0,1,7.0,7.0,0.0%,RB,2010
34,35,Josh Vaughan,3,7,2.3,6,0,1,0,0,0,0.0,0,0,1,6.7,6.7,0.0%,RB,2010
35,36,Kevin Smith,6,19,3.2,6,0,0,3,4,41,13.7,0,0,1,6.0,6.0,0.0%,RB,2010
36,37,Rashard Mendenhall,11,50,4.5,34,0,0,2,3,5,2.5,0,0,1,5.5,5.5,0.0%,RB,2010
37,38,Brian Leonard,1,42,42.0,42,0,0,2,2,8,4.0,0,0,1,5.0,5.0,0.0%,RB,2010
38,39,Donald Brown,12,50,4.2,21,0,0,0,1,0,0.0,0,0,1,5.0,5.0,0.0%,RB,2010
39,40,Marion Barber,8,47,5.9,18,0,0,1,2,-2,-2.0,0,0,1,4.5,4.5,0.0%,RB,2010
40,41,Chester Taylor,11,33,3.0,10,0,0,3,4,8,2.7,0,0,1,4.1,4.1,0.0%,RB,2010
41,42,Michael Turner,17,39,2.3,8,0,0,0,0,0,0.0,0,0,1,3.9,3.9,0.0%,RB,2010
42,43,Jahvid Best,17,35,2.1,9,0,0,4,5,4,1.0,0,0,1,3.9,3.9,0.0%,RB,2010
43,44,Toby Gerhart,4,20,5.0,11,0,0,2,2,17,8.5,0,0,1,3.7,3.7,0.0%,RB,2010
44,45,Danny Woodhead,4,11,2.8,5,0,0,2,3,22,11.0,0,0,1,3.3,3.3,20.6%,RB,2010
45,46,Cedric Benson,14,24,1.7,6,0,0,5,5,27,5.4,0,1,1,3.1,3.1,0.0%,RB,2010
46,47,Brandon Jacobs,5,17,3.4,6,0,0,2,3,11,5.5,0,0,1,2.8,2.8,0.0%,RB,2010
47,48,Jerome Felton,1,4,4.0,4,0,0,1,2,19,19.0,0,0,1,2.3,2.3,0.0%,RB,2010
48,49,Thomas Jones,4,3,0.8,2,0,0,1,1,19,19.0,0,0,1,2.2,2.2,0.0%,RB,2010
49,50,Greg Jones,2,4,2.0,3,0,0,2,2,12,6.0,0,0,1,1.6,1.6,0.0%,RB,2010
50,51,Lousaka Polite,2,4,2.0,2,0,0,1,1,11,11.0,0,0,1,1.5,1.5,0.0%,RB,2010
51,52,Tony Richardson,0,0,0.0,0,0,0,2,2,15,7.5,0,0,1,1.5,1.5,0.0%,RB,2010
52,53,C.J. Spiller,2,14,7.0,16,0,0,0,0,0,0.0,0,0,1,1.4,1.4,0.1%,RB,2010
53,54,LaRod Stephens-Howling,0,0,0.0,0,0,0,2,3,14,7.0,0,0,1,1.4,1.4,0.0%,RB,2010
54,55,Eldra Buckley,5,13,2.6,9,0,0,0,0,0,0.0,0,0,1,1.3,1.3,0.0%,RB,2010
55,56,Ahmard Hall,0,0,0.0,0,0,0,2,2,11,5.5,0,0,1,1.1,1.1,0.0%,RB,2010
56,57,Derrick Ward,3,11,3.7,6,0,0,0,0,0,0.0,0,0,1,1.1,1.1,0.0%,RB,2010
57,58,Correll Buckhalter,0,0,0.0,0,0,0,2,2,9,4.5,0,0,1,0.9,0.9,0.0%,RB,2010
58,59,Lance Ball,2,9,4.5,5,0,0,0,0,0,0.0,0,0,1,0.9,0.9,0.0%,RB,2010
59,60,Rashad Jennings,1,8,8.0,8,0,0,0,0,0,0.0,0,0,1,0.8,0.8,0.0%,RB,2010
60,61,Sammy Morris,1,2,2.0,2,0,0,1,2,6,6.0,0,0,1,0.8,0.8,0.0%,RB,2010
61,62,Javon Ringer,6,4,0.7,3,0,0,1,1,4,4.0,0,0,1,0.8,0.8,0.0%,RB,2010
62,63,Bernard Scott,4,8,2.0,7,0,0,0,0,0,0.0,0,0,1,0.8,0.8,0.0%,RB,2010
63,64,Ovie Mughelli,2,5,2.5,3,0,0,1,1,2,2.0,0,0,1,0.7,0.7,0.0%,RB,2010
64,65,Owen Schmitt,0,0,0.0,0,0,0,1,2,6,6.0,0,0,1,0.6,0.6,0.0%,RB,2010
65,66,Kenneth Darby,0,0,0.0,0,0,0,1,1,6,6.0,0,0,1,0.6,0.6,0.0%,RB,2010
66,67,Le'Ron McClain,1,2,2.0,2,0,0,2,2,3,1.5,0,0,1,0.5,0.5,0.0%,RB,2010
67,68,Brian Westbrook,0,0,0.0,0,0,0,1,1,4,4.0,0,0,1,0.4,0.4,0.0%,RB,2010
68,69,Willis McGahee,3,8,2.7,5,0,0,1,1,-4,-4.0,0,0,1,0.4,0.4,0.0%,RB,2010
69,70,Jackie Battle,2,4,2.0,4,0,0,0,0,0,0.0,0,0,1,0.4,0.4,0.0%,RB,2010
70,71,Lex Hilliard,0,0,0.0,0,0,0,1,1,3,3.0,0,0,1,0.3,0.3,0.0%,RB,2010
71,72,Quinton Ganther,4,2,0.5,3,0,0,0,0,0,0.0,0,0,1,0.2,0.2,0.0%,RB,2010
72,73,Corey McIntyre,1,1,1.0,1,0,0,0,0,0,0.0,0,0,1,0.1,0.1,0.0%,RB,2010
73,74,Mike Bell,0,0,0.0,0,0,0,0,0,0,0.0,0,0,1,0.0,0.0,0.0%,RB,2010
74,75,Erik Lorig,0,0,0.0,0,0,0,0,0,0,0.0,0,0,1,0.0,0.0,0.0%,RB,2010
75,76,Leon Washington,0,0,0.0,0,0,0,0,0,0,0.0,0,0,1,0.0,0.0,0.0%,RB,2010
76,77,Lawrence Vickers,0,0,0.0,0,0,0,0,1,0,0.0,0,0,1,0.0,0.0,0.0%,RB,2010
77,78,Montell Owens,0,0,0.0,0,0,0,0,0,0,0.0,0,0,1,0.0,0.0,0.0%,RB,2010
78,79,Mike Cox,0,0,0.0,0,0,0,1,1,0,0.0,0,0,1,0.0,0.0,0.0%,RB,2010
79,80,Maurice Morris,0,0,0.0,0,0,0,0,0,0,0.0,0,0,1,0.0,0.0,0.0%,RB,2010
80,81,Brit Miller,0,0,0.0,0,0,0,0,0,0,0.0,0,0,1,0.0,0.0,0.0%,RB,2010
81,82,Garrett Wolfe,0,0,0.0,0,0,0,0,0,0,0.0,0,0,1,0.0,0.0,0.0%,RB,2010
82,83,Jason Wright,0,0,0.0,0,0,0,0,1,0,0.0,0,0,1,0.0,0.0,0.0%,RB,2010
83,84,Jalen Parmele,0,0,0.0,0,0,0,0,0,0,0.0,0,0,1,0.0,0.0,0.0%,RB,2010
84,85,Gartrell Johnson,0,0,0.0,0,0,0,0,0,0,0.0,0,0,1,0.0,0.0,0.0%,RB,2010
85,86,Stefan Logan,0,0,0.0,0,0,0,0,0,0,0.0,0,0,1,0.0,0.0,0.0%,RB,2010
86,87,Joe McKnight,0,0,0.0,0,0,0,0,0,0,0.0,0,0,1,0.0,0.0,0.0%,RB,2010
87,88,Deji Karim,0,0,0.0,0,0,0,0,0,0,0.0,0,0,1,0.0,0.0,0.0%,RB,2010
88,89,Vonta Leach,0,0,0.0,0,0,0,0,2,0,0.0,0,0,1,0.0,0.0,0.0%,RB,2010
89,90,Tony Fiammetta,0,0,0.0,0,0,0,0,0,0,0.0,0,0,1,0.0,0.0,0.0%,RB,2010
90,91,Tashard Choice,0,0,0.0,0,0,0,0,0,0,0.0,0,0,1,0.0,0.0,0.0%,RB,2010
91,92,Thomas Clayton,1,0,0.0,0,0,0,0,0,0,0.0,0,0,1,0.0,0.0,0.0%,RB,2010
92,93,Antone Smith,0,0,0.0,0,0,0,0,0,0,0.0,0,0,1,0.0,0.0,0.0%,RB,2010
93,94,Chris Gronkowski,0,0,0.0,0,0,0,0,2,0,0.0,0,0,1,0.0,0.0,0.0%,RB,2010
94,95,Joique Bell,0,0,0.0,0,0,0,0,0,0,0.0,0,0,1,0.0,0.0,0.2%,RB,2010
95,96,John Conner,0,0,0.0,0,0,0,0,0,0,0.0,0,0,1,0.0,0.0,0.0%,RB,2010
96,97,Kregg Lumpkin,0,0,0.0,0,0,0,0,0,0,0.0,0,0,1,0.0,0.0,0.0%,RB,2010
97,98,Isaac Redman,0,0,0.0,0,0,0,0,0,0,0.0,0,0,1,0.0,0.0,0.0%,RB,2010
98,99,Anthony Dixon,1,-1,-1.0,0,0,0,0,0,0,0.0,0,0,1,-0.1,-0.1,0.0%,RB,2010
