,Rank,Player,Rushing Attempts,Rushing Yards,Rushing Yards/Attempts,Longest Rushing,Rushing 20+,Rushing Touchdown,Recptions,TGT,Receiving Yards,Receiving Yards/Reception,Receiving Touchdowns,Fumbles,Games Played,Fantasy Football Points,FTPS/Game,ROST,Position,Year
0,1,Adrian Peterson,23,160,7.0,80,0,2,5,7,30,6.0,0,0,1,31.0,31.0,2.4%,RB,2010
1,2,Chris Johnson,32,125,3.9,42,0,2,0,1,0,0.0,0,0,1,24.5,24.5,0.6%,RB,2010
2,3,Peyton Hillis,22,144,6.5,48,0,1,7,8,36,5.1,0,0,1,24.0,24.0,0.0%,RB,2010
3,4,Cedric Benson,27,81,3.0,11,0,1,2,3,9,4.5,1,0,1,21.0,21.0,0.0%,RB,2010
4,5,Rashard Mendenhall,19,143,7.5,34,0,1,0,0,0,0.0,0,0,1,20.3,20.3,0.0%,RB,2010
5,6,Michael Turner,30,114,3.8,32,0,1,2,3,11,5.5,0,0,1,18.5,18.5,0.0%,RB,2010
6,7,Darren McFadden,25,105,4.2,33,0,1,2,3,17,8.5,0,0,1,18.2,18.2,7.0%,RB,2010
7,8,BenJarvus Green-Ellis,16,98,6.1,22,0,1,1,1,6,6.0,0,0,1,16.4,16.4,0.0%,RB,2010
8,9,Ahmad Bradshaw,15,88,5.9,22,0,1,5,5,30,6.0,0,1,1,15.8,15.8,0.0%,RB,2010
9,10,Thomas Jones,19,95,5.0,27,0,1,1,3,1,1.0,0,0,1,15.6,15.6,0.0%,RB,2010
10,11,Jamaal Charles,12,97,8.1,24,0,0,3,3,57,19.0,0,0,1,15.4,15.4,0.1%,RB,2010
11,12,LaDainian Tomlinson,15,70,4.7,21,0,1,3,5,18,6.0,0,0,1,14.8,14.8,0.0%,RB,2010
12,13,Frank Gore,15,43,2.9,6,0,0,9,13,102,11.3,0,0,1,14.5,14.5,12.1%,RB,2010
13,14,Dexter McCluster,2,-1,-0.5,4,0,0,3,3,69,23.0,1,0,1,12.8,12.8,0.0%,RB,2010
14,15,Steven Jackson,10,58,5.8,42,0,1,1,2,6,6.0,0,0,1,12.4,12.4,0.0%,RB,2010
15,16,Marion Barber,17,55,3.2,12,0,1,1,1,5,5.0,0,0,1,12.0,12.0,0.0%,RB,2010
16,17,Kenneth Darby,14,49,3.5,13,0,1,1,2,8,8.0,0,0,1,11.7,11.7,0.0%,RB,2010
17,18,Arian Foster,17,106,6.2,26,0,0,4,5,20,5.0,0,1,1,10.6,10.6,0.0%,RB,2010
18,19,Danny Woodhead,3,42,14.0,22,0,1,0,0,0,0.0,0,0,1,10.2,10.2,20.6%,RB,2010
19,20,C.J. Spiller,4,29,7.3,19,0,0,3,3,10,3.3,1,0,1,9.9,9.9,0.1%,RB,2010
20,21,Ray Rice,15,80,5.3,25,0,0,4,5,16,4.0,0,0,1,9.6,9.6,0.0%,RB,2010
21,22,Justin Forsett,17,63,3.7,28,0,0,3,4,31,10.3,0,0,1,9.4,9.4,0.0%,RB,2010
22,23,Pierre Thomas,9,30,3.3,12,0,0,6,6,61,10.2,0,0,1,9.1,9.1,0.0%,RB,2010
23,24,Maurice Jones-Drew,22,88,4.0,17,0,0,2,3,1,0.5,0,0,1,8.9,8.9,0.0%,RB,2010
24,25,LeGarrette Blount,6,27,4.5,12,0,1,0,0,0,0.0,0,0,1,8.7,8.7,0.1%,RB,2010
25,26,Marshawn Lynch,13,79,6.1,17,0,0,1,1,7,7.0,0,0,1,8.6,8.6,0.3%,RB,2010
26,27,Beanie Wells,14,75,5.4,24,0,0,0,0,0,0.0,0,0,1,7.5,7.5,0.0%,RB,2010
27,28,Jonathan Stewart,8,13,1.6,7,0,1,2,2,18,9.0,0,1,1,7.1,7.1,0.0%,RB,2010
28,29,Jason Snelling,14,62,4.4,17,0,0,1,2,8,8.0,0,0,1,7.0,7.0,0.0%,RB,2010
29,30,Mike Tolbert,17,73,4.3,13,0,0,3,4,17,5.7,0,1,1,7.0,7.0,0.0%,RB,2010
30,31,Earnest Graham,2,13,6.5,9,0,0,4,4,57,14.3,0,0,1,7.0,7.0,0.0%,RB,2010
31,32,Laurence Maroney,12,24,2.0,6,0,0,2,3,40,20.0,0,0,1,6.4,6.4,0.0%,RB,2010
32,33,DeAngelo Williams,10,64,6.4,26,0,0,0,0,0,0.0,0,0,1,6.4,6.4,0.1%,RB,2010
33,34,LeSean McCoy,11,54,4.9,18,0,0,2,4,7,3.5,0,0,1,6.1,6.1,2.0%,RB,2010
34,35,Clinton Portis,7,44,6.3,27,0,0,1,1,14,14.0,0,0,1,5.8,5.8,0.0%,RB,2010
35,36,Ronnie Brown,11,54,4.9,17,0,0,2,2,-1,-0.5,0,0,1,5.3,5.3,0.0%,RB,2010
36,37,Legedu Naanee,2,-2,-1.0,5,0,0,4,8,53,13.3,0,1,1,5.1,5.1,0.0%,RB,2010
37,38,John Kuhn,6,31,5.2,18,0,0,2,2,20,10.0,0,0,1,5.1,5.1,0.0%,RB,2010
38,39,Mike Goodson,0,0,0.0,0,0,0,4,8,47,11.8,0,0,1,4.7,4.7,0.0%,RB,2010
39,40,Ryan Torain,7,46,6.6,36,0,0,0,1,0,0.0,0,0,1,4.6,4.6,0.0%,RB,2010
40,41,Cadillac Williams,6,13,2.2,8,0,0,5,7,33,6.6,0,0,1,4.6,4.6,0.0%,RB,2010
41,42,Correll Buckhalter,4,12,3.0,7,0,0,6,7,33,5.5,0,0,1,4.5,4.5,0.0%,RB,2010
42,43,Felix Jones,7,43,6.1,15,0,0,0,0,0,0.0,0,0,1,4.3,4.3,0.0%,RB,2010
43,44,Matt Forte,11,29,2.6,12,0,0,2,2,14,7.0,0,0,1,4.3,4.3,19.1%,RB,2010
44,45,Maurice Morris,6,5,0.8,3,0,0,5,7,36,7.2,0,0,1,4.1,4.1,0.0%,RB,2010
45,46,Tim Hightower,11,40,3.6,13,0,0,1,3,0,0.0,0,0,1,4.0,4.0,0.0%,RB,2010
46,47,Isaac Redman,5,31,6.2,16,0,0,1,1,9,9.0,0,0,1,4.0,4.0,0.0%,RB,2010
47,48,Jahvid Best,7,26,3.7,16,0,0,2,4,13,6.5,0,0,1,3.9,3.9,0.0%,RB,2010
48,49,Brandon Jackson,7,12,1.7,11,0,0,4,4,27,6.8,0,0,1,3.9,3.9,0.0%,RB,2010
49,50,Joseph Addai,13,29,2.2,10,0,0,2,4,10,5.0,0,0,1,3.9,3.9,0.0%,RB,2010
50,51,Shonn Greene,10,36,3.6,9,0,0,0,0,0,0.0,0,0,1,3.6,3.6,0.0%,RB,2010
51,52,Rashad Jennings,3,19,6.3,13,0,0,1,2,14,14.0,0,0,1,3.3,3.3,0.0%,RB,2010
52,53,Javon Ringer,6,30,5.0,17,0,0,0,0,0,0.0,0,0,1,3.0,3.0,0.0%,RB,2010
53,54,Willis McGahee,7,29,4.1,9,0,0,0,0,0,0.0,0,0,1,2.9,2.9,0.0%,RB,2010
54,55,Ovie Mughelli,0,0,0.0,0,0,0,2,3,29,14.5,0,0,1,2.9,2.9,0.0%,RB,2010
55,56,Ricky Williams,7,28,4.0,6,0,0,0,1,0,0.0,0,0,1,2.8,2.8,0.0%,RB,2010
56,57,Le'Ron McClain,1,4,4.0,4,0,0,2,2,18,9.0,0,0,1,2.2,2.2,0.0%,RB,2010
57,58,Keith Toston,11,22,2.0,8,0,0,0,0,0,0.0,0,0,1,2.2,2.2,0.0%,RB,2010
58,59,Brian Leonard,3,16,5.3,6,0,0,1,2,6,6.0,0,0,1,2.2,2.2,0.0%,RB,2010
59,60,Sammy Morris,6,19,3.2,9,0,0,0,0,0,0.0,0,0,1,1.9,1.9,0.0%,RB,2010
60,61,Lousaka Polite,1,4,4.0,4,0,0,1,2,14,14.0,0,0,1,1.8,1.8,0.0%,RB,2010
61,62,Vonta Leach,0,0,0.0,0,0,0,1,1,18,18.0,0,0,1,1.8,1.8,0.0%,RB,2010
62,63,Brandon Jacobs,4,17,4.3,7,0,0,1,1,1,1.0,0,0,1,1.8,1.8,0.0%,RB,2010
63,64,Steve Slaton,3,14,4.7,16,0,0,1,2,3,3.0,0,0,1,1.7,1.7,0.0%,RB,2010
64,65,Fred Taylor,6,16,2.7,5,0,0,0,0,0,0.0,0,0,1,1.6,1.6,0.0%,RB,2010
65,66,Bernard Scott,2,15,7.5,12,0,0,0,0,0,0.0,0,0,1,1.5,1.5,0.0%,RB,2010
66,67,Mike Bell,5,14,2.8,9,0,0,0,0,0,0.0,0,0,1,1.4,1.4,0.0%,RB,2010
67,68,Keiland Williams,0,0,0.0,0,0,0,2,4,14,7.0,0,0,1,1.4,1.4,0.0%,RB,2010
68,69,Michael Bush,3,13,4.3,15,0,0,0,0,0,0.0,0,0,1,1.3,1.3,0.0%,RB,2010
69,70,Tim Castille,0,0,0.0,0,0,0,2,2,12,6.0,0,0,1,1.2,1.2,0.0%,RB,2010
70,71,Donald Brown,7,12,1.7,6,0,0,0,1,0,0.0,0,0,1,1.2,1.2,0.0%,RB,2010
71,72,Jerome Felton,2,5,2.5,3,0,0,1,1,5,5.0,0,0,1,1.0,1.0,0.0%,RB,2010
72,73,Chester Taylor,3,9,3.0,6,0,0,0,1,0,0.0,0,0,1,0.9,0.9,0.0%,RB,2010
73,74,James Davis,4,9,2.3,4,0,0,0,0,0,0.0,0,0,1,0.9,0.9,0.0%,RB,2010
74,75,Jackie Battle,4,9,2.3,4,0,0,0,0,0,0.0,0,0,1,0.9,0.9,0.0%,RB,2010
75,76,Jason Wright,0,0,0.0,0,0,0,1,2,8,8.0,0,0,1,0.8,0.8,0.0%,RB,2010
76,77,Fred Jackson,4,8,2.0,5,0,0,0,0,0,0.0,0,0,1,0.8,0.8,0.0%,RB,2010
77,78,Mewelde Moore,1,4,4.0,4,0,0,2,3,4,2.0,0,0,1,0.8,0.8,0.0%,RB,2010
78,79,Owen Schmitt,0,0,0.0,0,0,0,2,2,6,3.0,0,0,1,0.6,0.6,0.0%,RB,2010
79,80,Brian Westbrook,0,0,0.0,0,0,0,2,3,6,3.0,0,0,1,0.6,0.6,0.0%,RB,2010
80,81,Darren Sproles,1,16,16.0,16,0,0,1,4,10,10.0,0,1,1,0.6,0.6,0.1%,RB,2010
81,82,Mike Karney,1,2,2.0,2,0,0,1,1,3,3.0,0,0,1,0.5,0.5,0.0%,RB,2010
82,83,Marcel Reece,1,2,2.0,2,0,0,2,2,2,1.0,0,0,1,0.4,0.4,0.0%,RB,2010
83,84,Tashard Choice,2,4,2.0,3,0,0,0,0,0,0.0,0,0,1,0.4,0.4,0.0%,RB,2010
84,85,Derrick Ward,2,4,2.0,3,0,0,0,0,0,0.0,0,0,1,0.4,0.4,0.0%,RB,2010
85,86,Jacob Hester,0,0,0.0,0,0,0,1,3,2,2.0,0,0,1,0.2,0.2,0.0%,RB,2010
86,87,Stefan Logan,1,21,21.0,21,0,0,0,0,0,0.0,0,1,1,0.1,0.1,0.0%,RB,2010
87,88,Michael Bennett,0,0,0.0,0,0,0,0,0,0,0.0,0,0,1,0.0,0.0,0.0%,RB,2010
88,89,Lex Hilliard,0,0,0.0,0,0,0,0,0,0,0.0,0,0,1,0.0,0.0,0.0%,RB,2010
89,90,Leon Washington,1,0,0.0,0,0,0,0,0,0,0.0,0,0,1,0.0,0.0,0.0%,RB,2010
90,91,Lawrence Vickers,0,0,0.0,0,0,0,1,1,0,0.0,0,0,1,0.0,0.0,0.0%,RB,2010
91,92,LaRod Stephens-Howling,0,0,0.0,0,0,0,0,0,0,0.0,0,0,1,0.0,0.0,0.0%,RB,2010
92,93,Korey Hall,0,0,0.0,0,0,0,0,0,0,0.0,0,0,1,0.0,0.0,0.0%,RB,2010
93,94,Rock Cartwright,0,0,0.0,0,0,0,0,1,0,0.0,0,0,1,0.0,0.0,0.0%,RB,2010
94,95,Tyrell Sutton,0,0,0.0,0,0,0,0,0,0,0.0,0,0,1,0.0,0.0,0.0%,RB,2010
95,96,Tony Fiammetta,0,0,0.0,0,0,0,0,0,0,0.0,0,0,1,0.0,0.0,0.0%,RB,2010
96,97,Michael Robinson,0,0,0.0,0,0,0,0,0,0,0.0,0,0,1,0.0,0.0,0.0%,RB,2010
97,98,Quinn Johnson,0,0,0.0,0,0,0,0,0,0,0.0,0,0,1,0.0,0.0,0.0%,RB,2010
98,99,Montell Owens,0,0,0.0,0,0,0,0,0,0,0.0,0,0,1,0.0,0.0,0.0%,RB,2010
99,100,Chris Pressley,0,0,0.0,0,0,0,0,0,0,0.0,0,0,1,0.0,0.0,0.0%,RB,2010
100,101,Corey McIntyre,0,0,0.0,0,0,0,0,1,0,0.0,0,0,1,0.0,0.0,0.0%,RB,2010
101,102,Ahmard Hall,0,0,0.0,0,0,0,0,1,0,0.0,0,0,1,0.0,0.0,0.0%,RB,2010
102,103,Greg Jones,0,0,0.0,0,0,0,0,0,0,0.0,0,0,1,0.0,0.0,0.0%,RB,2010
103,104,Jalen Parmele,0,0,0.0,0,0,0,0,0,0,0.0,0,0,1,0.0,0.0,0.0%,RB,2010
104,105,Heath Evans,0,0,0.0,0,0,0,0,0,0,0.0,0,0,1,0.0,0.0,0.0%,RB,2010
105,106,Darius Reynaud,0,0,0.0,0,0,0,0,0,0,0.0,0,0,1,0.0,0.0,0.0%,RB,2010
106,107,Spencer Larsen,0,0,0.0,0,0,0,0,0,0,0.0,0,0,1,0.0,0.0,0.0%,RB,2010
107,108,Devin Moore,0,0,0.0,0,0,0,0,0,0,0.0,0,0,1,0.0,0.0,0.0%,RB,2010
108,109,Joique Bell,0,0,0.0,0,0,0,0,0,0,0.0,0,0,1,0.0,0.0,0.2%,RB,2010
109,110,John Conner,0,0,0.0,0,0,0,0,1,0,0.0,0,0,1,0.0,0.0,0.0%,RB,2010
110,111,Andre Brown,0,0,0.0,0,0,0,0,0,0,0.0,0,0,1,0.0,0.0,0.0%,RB,2010
111,112,Antone Smith,0,0,0.0,0,0,0,0,0,0,0.0,0,0,1,0.0,0.0,0.0%,RB,2010
112,113,Anthony Dixon,0,0,0.0,0,0,0,0,0,0,0.0,0,0,1,0.0,0.0,0.0%,RB,2010
113,114,Chris Gronkowski,0,0,0.0,0,0,0,0,0,0,0.0,0,0,1,0.0,0.0,0.0%,RB,2010
114,115,Darrel Young,0,0,0.0,0,0,0,0,0,0,0.0,0,0,1,0.0,0.0,0.0%,RB,2010
115,116,Patrick Cobbs,1,-6,-6.0,0,0,0,0,0,0,0.0,0,0,1,-0.6,-0.6,0.0%,RB,2010
116,117,Chris Ivory,7,13,1.9,9,0,0,0,0,0,0.0,0,1,1,-0.7,-0.7,0.0%,RB,2010
117,118,Toby Gerhart,3,12,4.0,8,0,0,0,1,0,0.0,0,1,1,-0.8,-0.8,0.0%,RB,2010
