,Rank,Player,Rushing Attempts,Rushing Yards,Rushing Yards/Attempts,Longest Rushing,Rushing 20+,Rushing Touchdown,Recptions,TGT,Receiving Yards,Receiving Yards/Reception,Receiving Touchdowns,Fumbles,Games Played,Fantasy Football Points,FTPS/Game,ROST,Position,Year
0,1,Matt Forte,22,166,7.5,68,0,2,2,2,22,11.0,0,0,1,30.8,30.8,19.1%,RB,2010
1,2,Ray Rice,27,133,4.9,18,0,2,4,4,26,6.5,0,0,1,27.9,27.9,0.0%,RB,2010
2,3,Chris Johnson,19,131,6.9,42,0,2,1,1,1,1.0,0,0,1,25.2,25.2,0.6%,RB,2010
3,4,LeSean McCoy,18,92,5.1,29,0,1,5,5,46,9.2,0,0,1,19.8,19.8,2.0%,RB,2010
4,5,Michael Bush,26,104,4.0,14,0,1,3,3,31,10.3,0,0,1,19.5,19.5,0.0%,RB,2010
5,6,Cedric Benson,23,144,6.3,22,0,0,2,3,19,9.5,0,0,1,18.3,18.3,0.0%,RB,2010
6,7,Michael Turner,19,140,7.4,55,0,0,0,2,0,0.0,0,0,1,14.0,14.0,0.0%,RB,2010
7,8,Brandon Jackson,10,115,11.5,71,0,0,5,6,25,5.0,0,0,1,14.0,14.0,0.0%,RB,2010
8,9,Willis McGahee,10,67,6.7,30,0,1,0,0,0,0.0,0,0,1,12.7,12.7,0.0%,RB,2010
9,10,Felix Jones,15,109,7.3,34,0,0,4,4,17,4.3,0,0,1,12.6,12.6,0.0%,RB,2010
10,11,Steven Jackson,25,114,4.6,17,0,0,1,3,12,12.0,0,0,1,12.6,12.6,0.0%,RB,2010
11,12,Earnest Graham,3,65,21.7,61,0,1,0,0,0,0.0,0,0,1,12.5,12.5,0.0%,RB,2010
12,13,Peyton Hillis,10,28,2.8,9,0,0,4,6,49,12.3,1,1,1,11.7,11.7,0.0%,RB,2010
13,14,Shonn Greene,10,57,5.7,23,0,1,0,0,0,0.0,0,0,1,11.7,11.7,0.0%,RB,2010
14,15,Mike Hart,11,50,4.5,11,0,1,1,1,5,5.0,0,0,1,11.5,11.5,0.0%,RB,2010
15,16,Adrian Peterson,18,88,4.9,30,0,0,1,3,20,20.0,0,0,1,10.8,10.8,2.4%,RB,2010
16,17,LaDainian Tomlinson,20,94,4.7,17,0,0,5,7,13,2.6,0,0,1,10.7,10.7,0.0%,RB,2010
17,18,Brandon Jacobs,10,41,4.1,14,0,1,0,0,0,0.0,0,0,1,10.1,10.1,0.0%,RB,2010
18,19,Jahvid Best,17,59,3.5,12,0,0,4,4,37,9.3,0,0,1,9.6,9.6,0.0%,RB,2010
19,20,Maurice Jones-Drew,19,84,4.4,23,0,0,2,4,9,4.5,0,0,1,9.3,9.3,0.0%,RB,2010
20,21,Frank Gore,18,52,2.9,16,0,0,4,8,21,5.3,1,2,1,9.3,9.3,12.1%,RB,2010
21,22,Joseph Addai,17,50,2.9,11,0,0,5,6,39,7.8,0,0,1,8.9,8.9,0.0%,RB,2010
22,23,Ahmad Bradshaw,16,67,4.2,23,0,0,3,4,22,7.3,0,0,1,8.9,8.9,0.0%,RB,2010
23,24,Jamaal Charles,16,87,5.4,14,0,0,3,6,14,4.7,0,1,1,8.1,8.1,0.1%,RB,2010
24,25,Mike Tolbert,12,11,0.9,9,0,1,2,3,24,12.0,0,1,1,7.5,7.5,0.0%,RB,2010
25,26,Derrick Ward,1,1,1.0,1,0,1,1,1,12,12.0,0,0,1,7.3,7.3,0.0%,RB,2010
26,27,Deji Karim,15,70,4.7,15,0,0,0,0,0,0.0,0,0,1,7.0,7.0,0.0%,RB,2010
27,28,Ryan Torain,16,40,2.5,8,0,0,4,7,27,6.8,0,0,1,6.7,6.7,0.0%,RB,2010
28,29,Fred Jackson,12,73,6.1,31,0,0,1,2,-7,-7.0,0,0,1,6.6,6.6,0.0%,RB,2010
29,30,DeAngelo Williams,12,51,4.3,23,0,0,3,3,8,2.7,0,0,1,5.9,5.9,0.1%,RB,2010
30,31,Ryan Mathews,9,59,6.6,17,0,0,1,1,0,0.0,0,0,1,5.9,5.9,0.0%,RB,2010
31,32,Chester Taylor,18,43,2.4,10,0,0,2,3,11,5.5,0,0,1,5.4,5.4,0.0%,RB,2010
32,33,Ladell Betts,10,44,4.4,11,0,0,5,7,26,5.2,0,1,1,5.0,5.0,0.0%,RB,2010
33,34,Kevin Smith,4,24,6.0,15,0,0,1,2,17,17.0,0,0,1,4.1,4.1,0.0%,RB,2010
34,35,Beanie Wells,20,35,1.8,7,0,0,1,1,5,5.0,0,0,1,4.0,4.0,0.0%,RB,2010
35,36,Chris Ivory,10,39,3.9,13,0,0,0,0,0,0.0,0,0,1,3.9,3.9,0.0%,RB,2010
36,37,C.J. Spiller,5,31,6.2,19,0,0,1,2,3,3.0,0,0,1,3.4,3.4,0.1%,RB,2010
37,38,Jonathan Stewart,8,30,3.8,24,0,0,1,1,4,4.0,0,0,1,3.4,3.4,0.0%,RB,2010
38,39,Cadillac Williams,11,33,3.0,14,0,0,0,3,0,0.0,0,0,1,3.3,3.3,0.0%,RB,2010
39,40,Darren Sproles,2,1,0.5,2,0,0,3,4,32,10.7,0,0,1,3.3,3.3,0.1%,RB,2010
40,41,Laurence Maroney,6,27,4.5,13,0,0,0,0,0,0.0,0,0,1,2.7,2.7,0.0%,RB,2010
41,42,Arian Foster,11,25,2.3,9,0,0,2,4,2,1.0,0,0,1,2.7,2.7,0.0%,RB,2010
42,43,Correll Buckhalter,5,13,2.6,8,0,0,1,3,12,12.0,0,0,1,2.5,2.5,0.0%,RB,2010
43,44,Le'Ron McClain,5,13,2.6,6,0,0,2,2,11,5.5,0,0,1,2.4,2.4,0.0%,RB,2010
44,45,Jacob Hester,1,6,6.0,6,0,0,2,3,16,8.0,0,0,1,2.2,2.2,0.0%,RB,2010
45,46,Jason Snelling,6,18,3.0,9,0,0,2,3,2,1.0,0,0,1,2.0,2.0,0.0%,RB,2010
46,47,Marion Barber,6,19,3.2,7,0,0,0,0,0,0.0,0,0,1,1.9,1.9,0.0%,RB,2010
47,48,Owen Schmitt,0,0,0.0,0,0,0,2,2,19,9.5,0,0,1,1.9,1.9,0.0%,RB,2010
48,49,Thomas Jones,8,19,2.4,8,0,0,0,0,0,0.0,0,0,1,1.9,1.9,0.0%,RB,2010
49,50,Dexter McCluster,1,3,3.0,3,0,0,2,4,15,7.5,0,0,1,1.8,1.8,0.0%,RB,2010
50,51,Vonta Leach,0,0,0.0,0,0,0,2,2,18,9.0,0,0,1,1.8,1.8,0.0%,RB,2010
51,52,Kenneth Darby,3,14,4.7,9,0,0,1,1,3,3.0,0,0,1,1.7,1.7,0.0%,RB,2010
52,53,John Kuhn,3,12,4.0,7,0,0,2,3,5,2.5,0,0,1,1.7,1.7,0.0%,RB,2010
53,54,Javon Ringer,4,5,1.3,4,0,0,1,1,9,9.0,0,0,1,1.4,1.4,0.0%,RB,2010
54,55,Lawrence Vickers,1,3,3.0,3,0,0,1,1,10,10.0,0,0,1,1.3,1.3,0.0%,RB,2010
55,56,Keiland Williams,1,1,1.0,1,0,0,1,1,9,9.0,0,0,1,1.0,1.0,0.0%,RB,2010
56,57,Brian Leonard,2,-2,-1.0,0,0,0,1,1,11,11.0,0,0,1,0.9,0.9,0.0%,RB,2010
57,58,LaRod Stephens-Howling,0,0,0.0,0,0,0,1,1,8,8.0,0,0,1,0.8,0.8,0.0%,RB,2010
58,59,Mike Bell,4,8,2.0,3,0,0,0,0,0,0.0,0,0,1,0.8,0.8,0.0%,RB,2010
59,60,Marcel Reece,0,0,0.0,0,0,0,2,4,7,3.5,0,0,1,0.7,0.7,0.0%,RB,2010
60,61,Toby Gerhart,2,7,3.5,6,0,0,0,1,0,0.0,0,0,1,0.7,0.7,0.0%,RB,2010
61,62,Jerome Felton,0,0,0.0,0,0,0,1,1,7,7.0,0,0,1,0.7,0.7,0.0%,RB,2010
62,63,John Conner,0,0,0.0,0,0,0,1,1,7,7.0,0,0,1,0.7,0.7,0.0%,RB,2010
63,64,Jerome Harrison,6,6,1.0,2,0,0,0,0,0,0.0,0,0,1,0.6,0.6,0.0%,RB,2010
64,65,Tim Hightower,4,6,1.5,3,0,0,0,1,0,0.0,0,0,1,0.6,0.6,0.0%,RB,2010
65,66,Brian Westbrook,1,6,6.0,6,0,0,0,0,0,0.0,0,0,1,0.6,0.6,0.0%,RB,2010
66,67,Bernard Scott,2,4,2.0,3,0,0,0,0,0,0.0,0,0,1,0.4,0.4,0.0%,RB,2010
67,68,Kareem Huggins,1,4,4.0,4,0,0,0,0,0,0.0,0,0,1,0.4,0.4,0.0%,RB,2010
68,69,LeGarrette Blount,4,3,0.8,3,0,0,0,0,0,0.0,0,0,1,0.3,0.3,0.1%,RB,2010
69,70,Tony Fiammetta,1,3,3.0,3,0,0,0,0,0,0.0,0,0,1,0.3,0.3,0.0%,RB,2010
70,71,Tim Castille,1,3,3.0,3,0,0,0,0,0,0.0,0,0,1,0.3,0.3,0.0%,RB,2010
71,72,Ovie Mughelli,1,2,2.0,2,0,0,0,0,0,0.0,0,0,1,0.2,0.2,0.0%,RB,2010
72,73,Corey McIntyre,1,1,1.0,1,0,0,0,0,0,0.0,0,0,1,0.1,0.1,0.0%,RB,2010
73,74,Erik Lorig,0,0,0.0,0,0,0,0,0,0,0.0,0,0,1,0.0,0.0,0.0%,RB,2010
74,75,Legedu Naanee,1,0,0.0,0,0,0,0,0,0,0.0,0,0,1,0.0,0.0,0.0%,RB,2010
75,76,Korey Hall,0,0,0.0,0,0,0,0,0,0,0.0,0,0,1,0.0,0.0,0.0%,RB,2010
76,77,Moran Norris,0,0,0.0,0,0,0,0,1,0,0.0,0,0,1,0.0,0.0,0.0%,RB,2010
77,78,Naufahu Tahi,0,0,0.0,0,0,0,0,0,0,0.0,0,0,1,0.0,0.0,0.0%,RB,2010
78,79,Montell Owens,0,0,0.0,0,0,0,0,0,0,0.0,0,0,1,0.0,0.0,0.0%,RB,2010
79,80,Mike Goodson,0,0,0.0,0,0,0,0,0,0,0.0,0,0,1,0.0,0.0,0.0%,RB,2010
80,81,Jason Wright,0,0,0.0,0,0,0,0,0,0,0.0,0,0,1,0.0,0.0,0.0%,RB,2010
81,82,Jalen Parmele,0,0,0.0,0,0,0,0,0,0,0.0,0,0,1,0.0,0.0,0.0%,RB,2010
82,83,Jackie Battle,0,0,0.0,0,0,0,0,0,0,0.0,0,0,1,0.0,0.0,0.0%,RB,2010
83,84,Heath Evans,0,0,0.0,0,0,0,0,1,0,0.0,0,0,1,0.0,0.0,0.0%,RB,2010
84,85,Greg Jones,0,0,0.0,0,0,0,0,0,0,0.0,0,0,1,0.0,0.0,0.0%,RB,2010
85,86,Garrett Wolfe,0,0,0.0,0,0,0,0,0,0,0.0,0,0,1,0.0,0.0,0.0%,RB,2010
86,87,Eldra Buckley,1,0,0.0,0,0,0,0,0,0,0.0,0,0,1,0.0,0.0,0.0%,RB,2010
87,88,DeShawn Wynn,0,0,0.0,0,0,0,0,0,0,0.0,0,0,1,0.0,0.0,0.0%,RB,2010
88,89,Darius Reynaud,0,0,0.0,0,0,0,0,0,0,0.0,0,0,1,0.0,0.0,0.0%,RB,2010
89,90,Rock Cartwright,0,0,0.0,0,0,0,0,0,0,0.0,0,0,1,0.0,0.0,0.0%,RB,2010
90,91,Anthony Dixon,0,0,0.0,0,0,0,0,0,0,0.0,0,0,1,0.0,0.0,0.0%,RB,2010
91,92,Tony Richardson,0,0,0.0,0,0,0,0,0,0,0.0,0,0,1,0.0,0.0,0.0%,RB,2010
92,93,Tashard Choice,0,0,0.0,0,0,0,0,0,0,0.0,0,0,1,0.0,0.0,0.0%,RB,2010
93,94,Stefan Logan,0,0,0.0,0,0,0,0,0,0,0.0,0,0,1,0.0,0.0,0.0%,RB,2010
94,95,Reagan Maui'a,0,0,0.0,0,0,0,0,1,0,0.0,0,0,1,0.0,0.0,0.0%,RB,2010
95,96,Darrel Young,0,0,0.0,0,0,0,0,0,0,0.0,0,0,1,0.0,0.0,0.0%,RB,2010
96,97,Javarris James,0,0,0.0,0,0,0,0,0,0,0.0,0,0,1,0.0,0.0,0.0%,RB,2010
97,98,Antone Smith,0,0,0.0,0,0,0,0,0,0,0.0,0,0,1,0.0,0.0,0.0%,RB,2010
98,99,Keith Toston,0,0,0.0,0,0,0,0,0,0,0.0,0,0,1,0.0,0.0,0.0%,RB,2010
99,100,Steve Slaton,2,-1,-0.5,3,0,0,0,0,0,0.0,0,0,1,-0.1,-0.1,0.0%,RB,2010
100,101,Andre Brown,2,-1,-0.5,0,0,0,0,0,0,0.0,0,0,1,-0.1,-0.1,0.0%,RB,2010
