,Rank,Player,Receiving Receptions,Receiving Target,Receiving Yards,Yards/Reception,Longest Reception,Receiving 20+,Receiving Touchdowns,Rushing Attempts,Rushing Yards,Rushing Touchdown,Fumbles,Games Played,Fantasy Football Points,FTPS/Game,ROST,Position,Year
0,1,Tim Tebow,0,0,0,0.0,0,0,0,10,27,1,0,1,23.0,23.0,0.5%,TE,2010
1,2,Kellen Winslow,7,7,98,14.0,29,0,2,0,0,0,0,1,21.8,21.8,0.0%,TE,2010
2,3,Rob Gronkowski,4,7,54,13.5,23,0,2,0,0,0,0,1,17.4,17.4,1.5%,TE,2010
3,4,Jared Cook,5,9,96,19.2,28,0,1,0,0,0,0,1,15.6,15.6,0.0%,TE,2010
4,5,Jacob Tamme,7,9,78,11.1,18,0,1,0,0,0,0,1,13.8,13.8,0.0%,TE,2010
5,6,Brandon Pettigrew,4,9,74,18.5,33,0,1,0,0,0,0,1,13.4,13.4,0.0%,TE,2010
6,7,Owen Daniels,8,14,73,9.1,31,0,1,0,0,0,0,1,13.3,13.3,0.0%,TE,2010
7,8,Zach Miller,9,12,66,7.3,14,0,1,0,0,0,0,1,12.6,12.6,0.0%,TE,2010
8,9,Jermaine Gresham,4,5,56,14.0,23,0,1,0,0,0,0,1,11.6,11.6,0.0%,TE,2010
9,10,Jason Witten,8,11,45,5.6,14,0,1,0,0,0,0,1,10.5,10.5,0.0%,TE,2010
10,11,Brent Celek,10,12,97,9.7,22,0,0,0,0,0,0,1,9.7,9.7,0.0%,TE,2010
11,12,Jimmy Graham,4,5,26,6.5,10,0,1,0,0,0,0,1,8.6,8.6,0.0%,TE,2010
12,13,Dustin Keller,7,9,79,11.3,26,0,0,0,0,0,0,1,7.9,7.9,0.0%,TE,2010
13,14,Heath Miller,5,6,73,14.6,20,0,0,0,0,0,0,1,7.3,7.3,0.0%,TE,2010
14,15,Maurice Stovall,3,3,12,4.0,10,0,1,0,0,0,0,1,7.2,7.2,0.0%,TE,2010
15,16,Vernon Davis,3,7,70,23.3,29,0,0,0,0,0,0,1,7.0,7.0,1.6%,TE,2010
16,17,Fred Davis,2,4,10,5.0,9,0,1,0,0,0,0,1,7.0,7.0,0.0%,TE,2010
17,18,Alge Crumpler,1,1,4,4.0,4,0,1,0,0,0,0,1,6.4,6.4,0.0%,TE,2010
18,19,Donald Lee,2,2,4,2.0,3,0,1,0,0,0,0,1,6.4,6.4,0.0%,TE,2010
19,20,Tony Moeaki,5,7,63,12.6,19,0,0,0,0,0,0,1,6.3,6.3,0.0%,TE,2010
20,21,Clay Harbor,1,1,3,3.0,3,0,1,0,0,0,0,1,6.3,6.3,0.0%,TE,2010
21,22,Chris Cooley,5,11,48,9.6,12,0,0,0,0,0,0,1,4.8,4.8,0.0%,TE,2010
22,23,Mickey Shuler,2,4,44,22.0,28,0,0,0,0,0,0,1,4.4,4.4,0.0%,TE,2010
23,24,Marcedes Lewis,3,7,37,12.3,26,0,0,0,0,0,0,1,3.7,3.7,0.1%,TE,2010
24,25,Joel Dreessen,3,3,33,11.0,15,0,0,0,0,0,0,1,3.3,3.3,0.0%,TE,2010
25,26,Visanthe Shiancoe,3,5,32,10.7,23,0,0,0,0,0,0,1,3.2,3.2,0.0%,TE,2010
26,27,Anthony Fasano,2,2,31,15.5,20,0,0,0,0,0,0,1,3.1,3.1,0.1%,TE,2010
27,28,Daniel Fells,3,4,28,9.3,11,0,0,0,0,0,0,1,2.8,2.8,0.0%,TE,2010
28,29,John Carlson,3,4,27,9.0,12,0,0,0,0,0,0,1,2.7,2.7,0.0%,TE,2010
29,30,Martellus Bennett,3,5,22,7.3,15,0,0,0,0,0,0,1,2.2,2.2,23.0%,TE,2010
30,31,Benjamin Watson,3,5,22,7.3,10,0,0,0,0,0,0,1,2.2,2.2,2.8%,TE,2010
31,32,Tom Crabtree,1,1,21,21.0,21,0,0,0,0,0,0,1,2.1,2.1,0.0%,TE,2010
32,33,James Casey,1,1,21,21.0,21,0,0,0,0,0,0,1,2.1,2.1,0.0%,TE,2010
33,34,Delanie Walker,3,4,17,5.7,7,0,0,0,0,0,0,1,1.7,1.7,0.1%,TE,2010
34,35,Andrew Quarless,1,1,16,16.0,16,0,0,0,0,0,0,1,1.6,1.6,0.0%,TE,2010
35,36,Tony Scheffler,1,2,15,15.0,15,0,0,0,0,0,0,1,1.5,1.5,0.0%,TE,2010
36,37,Jeff King,2,2,15,7.5,9,0,0,0,0,0,0,1,1.5,1.5,0.0%,TE,2010
37,38,Zach Potter,2,3,14,7.0,8,0,0,0,0,0,0,1,1.4,1.4,0.0%,TE,2010
38,39,Randy McMichael,2,3,13,6.5,8,0,0,0,0,0,0,1,1.3,1.3,0.0%,TE,2010
39,40,Tony Gonzalez,2,3,12,6.0,7,0,0,0,0,0,0,1,1.2,1.2,0.0%,TE,2010
40,41,Jeremy Shockey,1,1,12,12.0,12,0,0,0,0,0,0,1,1.2,1.2,0.0%,TE,2010
41,42,Justin Peelle,1,1,10,10.0,10,0,0,0,0,0,0,1,1.0,1.0,0.0%,TE,2010
42,43,Leonard Pope,1,1,10,10.0,10,0,0,0,0,0,0,1,1.0,1.0,0.0%,TE,2010
43,44,Cameron Morrah,1,3,9,9.0,9,0,0,0,0,0,0,1,0.9,0.9,0.0%,TE,2010
44,45,Kris Wilson,1,2,7,7.0,7,0,0,0,0,0,0,1,0.7,0.7,0.0%,TE,2010
45,46,Alex Smith,1,1,6,6.0,6,0,0,0,0,0,0,1,0.6,0.6,0.0%,TE,2010
46,47,Greg Olsen,1,3,5,5.0,5,0,0,0,0,0,0,1,0.5,0.5,7.0%,TE,2010
47,48,Brandon Myers,1,1,4,4.0,4,0,0,0,0,0,0,1,0.4,0.4,0.0%,TE,2010
48,49,Dante Rosario,1,5,3,3.0,3,0,0,0,0,0,0,1,0.3,0.3,0.0%,TE,2010
49,50,Jimmy Kleinsasser,1,1,3,3.0,3,0,0,0,0,0,0,1,0.3,0.3,0.0%,TE,2010
50,51,Mike Sellers,0,2,0,0.0,0,0,0,1,1,0,0,1,0.1,0.1,0.0%,TE,2010
51,52,Jake O'Connell,0,1,0,0.0,0,0,0,0,0,0,0,1,0.0,0.0,0.0%,TE,2010
52,53,Jeff Dugan,0,0,0,0.0,0,0,0,0,0,0,0,1,0.0,0.0,0.0%,TE,2010
53,54,Jonathan Stupar,0,0,0,0.0,0,0,0,0,0,0,0,1,0.0,0.0,0.0%,TE,2010
54,55,Kellen Davis,0,0,0,0.0,0,0,0,0,0,0,0,1,0.0,0.0,0.2%,TE,2010
55,56,Kevin Boss,0,3,0,0.0,0,0,0,0,0,0,0,1,0.0,0.0,0.0%,TE,2010
56,57,Kory Sperry,0,0,0,0.0,0,0,0,0,0,0,0,1,0.0,0.0,0.0%,TE,2010
57,58,Matt Spaeth,0,0,0,0.0,0,0,0,0,0,0,0,1,0.0,0.0,0.0%,TE,2010
58,59,Matthew Mulligan,0,0,0,0.0,0,0,0,0,0,0,0,1,0.0,0.0,0.0%,TE,2010
59,60,Mike Leach,0,0,0,0.0,0,0,0,0,0,0,0,1,0.0,0.0,0.0%,TE,2010
60,61,Richard Quinn,0,1,0,0.0,0,0,0,0,0,0,0,1,0.0,0.0,0.0%,TE,2010
61,62,Gary Barnidge,0,0,0,0.0,0,0,0,0,0,0,0,1,0.0,0.0,0.1%,TE,2010
62,63,Stephen Spach,0,2,0,0.0,0,0,0,0,0,0,0,1,0.0,0.0,0.0%,TE,2010
63,64,Bear Pascoe,0,0,0,0.0,0,0,0,0,0,0,0,1,0.0,0.0,0.0%,TE,2010
64,65,Ben Hartsock,0,1,0,0.0,0,0,0,0,0,0,0,1,0.0,0.0,0.0%,TE,2010
65,66,Ben Patrick,0,1,0,0.0,0,0,0,0,0,0,0,1,0.0,0.0,0.0%,TE,2010
66,67,Billy Bajema,0,0,0,0.0,0,0,0,0,0,0,0,1,0.0,0.0,0.0%,TE,2010
67,68,Brandon Manumaleuna,0,0,0,0.0,0,0,0,0,0,0,0,1,0.0,0.0,0.0%,TE,2010
68,69,Brian Jennings,0,0,0,0.0,0,0,0,0,0,0,0,1,0.0,0.0,0.0%,TE,2010
69,70,David Johnson,0,0,0,0.0,0,0,0,0,0,0,0,1,0.0,0.0,0.0%,TE,2010
70,71,Daniel Coats,0,0,0,0.0,0,0,0,0,0,0,0,1,0.0,0.0,0.0%,TE,2010
71,72,Craig Stevens,0,1,0,0.0,0,0,0,0,0,0,0,1,0.0,0.0,0.0%,TE,2010
72,73,Colin Cloherty,0,0,0,0.0,0,0,0,0,0,0,0,1,0.0,0.0,0.0%,TE,2010
73,74,Clark Harris,0,0,0,0.0,0,0,0,0,0,0,0,1,0.0,0.0,0.0%,TE,2010
74,75,Will Heller,0,0,0,0.0,0,0,0,0,0,0,0,1,0.0,0.0,0.0%,TE,2010
75,76,Zach Miller,0,1,0,0.0,0,0,0,0,0,0,0,1,0.0,0.0,0.0%,TE,2010
76,77,Dennis Pitta,0,0,0,0.0,0,0,0,0,0,0,0,1,0.0,0.0,0.0%,TE,2010
77,78,Ed Dickson,0,1,0,0.0,0,0,0,0,0,0,0,1,0.0,0.0,0.0%,TE,2010
78,79,Scott Chandler,0,0,0,0.0,0,0,0,0,0,0,0,1,0.0,0.0,0.0%,TE,2010
79,80,Logan Paulsen,0,0,0,0.0,0,0,0,0,0,0,0,1,0.0,0.0,0.0%,TE,2010
80,81,Dorin Dickerson,0,0,0,0.0,0,0,0,0,0,0,0,1,0.0,0.0,0.0%,TE,2010
81,82,Michael Palmer,0,0,0,0.0,0,0,0,0,0,0,0,1,0.0,0.0,0.0%,TE,2010
82,83,Jim Dray,0,1,0,0.0,0,0,0,0,0,0,0,1,0.0,0.0,0.0%,TE,2010
83,84,Brody Eldridge,0,0,0,0.0,0,0,0,0,0,0,0,1,0.0,0.0,0.0%,TE,2010
