,Rank,Player,Receiving Receptions,Receiving Target,Receiving Yards,Yards/Reception,Longest Reception,Receiving 20+,Receiving Touchdowns,Rushing Attempts,Rushing Yards,Rushing Touchdown,Fumbles,Games Played,Fantasy Football Points,FTPS/Game,ROST,Position,Year
0,1,Tim Tebow,0,0,0,0.0,0,0,0,13,94,1,0,1,27.6,27.6,0.5%,TE,2010
1,2,Rob Gronkowski,6,10,102,17.0,28,0,1,0,0,0,0,1,16.2,16.2,1.5%,TE,2010
2,3,Vernon Davis,3,6,96,32.0,59,0,1,0,0,0,0,1,15.6,15.6,1.6%,TE,2010
3,4,Owen Daniels,5,5,62,12.4,27,0,1,0,0,0,0,1,12.2,12.2,0.0%,TE,2010
4,5,Heath Miller,4,7,55,13.8,23,0,1,0,0,0,0,1,11.5,11.5,0.0%,TE,2010
5,6,Tony Gonzalez,6,8,53,8.8,22,0,1,0,0,0,0,1,11.3,11.3,0.0%,TE,2010
6,7,Jason Witten,4,9,46,11.5,33,0,1,0,0,0,0,1,10.6,10.6,0.0%,TE,2010
7,8,Fred Davis,2,3,20,10.0,19,0,1,0,0,0,0,1,8.0,8.0,0.0%,TE,2010
8,9,Adrian Arrington,7,9,79,11.3,17,0,0,0,0,0,0,1,7.9,7.9,0.0%,TE,2010
9,10,Jimmy Graham,2,2,15,7.5,11,0,1,0,0,0,0,1,7.5,7.5,0.0%,TE,2010
10,11,Alge Crumpler,1,2,10,10.0,10,0,1,0,0,0,0,1,7.0,7.0,0.0%,TE,2010
11,12,Jacob Tamme,7,9,67,9.6,18,0,0,0,0,0,0,1,6.7,6.7,0.0%,TE,2010
12,13,Benjamin Watson,7,12,67,9.6,13,0,0,0,0,0,0,1,6.7,6.7,2.8%,TE,2010
13,14,Marcedes Lewis,4,7,26,6.5,11,0,1,0,0,0,1,1,6.6,6.6,0.1%,TE,2010
14,15,Jeff King,2,3,1,0.5,2,0,1,0,0,0,0,1,6.1,6.1,0.0%,TE,2010
15,16,Donald Lee,1,1,1,1.0,1,0,1,0,0,0,0,1,6.1,6.1,0.0%,TE,2010
16,17,Jared Cook,7,9,58,8.3,18,0,0,0,0,0,0,1,5.8,5.8,0.0%,TE,2010
17,18,Todd Heap,3,4,53,17.7,37,0,0,0,0,0,0,1,5.3,5.3,0.0%,TE,2010
18,19,Chris Cooley,5,7,53,10.6,16,0,0,0,0,0,0,1,5.3,5.3,0.0%,TE,2010
19,20,Joel Dreessen,2,2,50,25.0,41,0,0,0,0,0,0,1,5.0,5.0,0.0%,TE,2010
20,21,Maurice Stovall,2,2,45,22.5,38,0,0,0,0,0,0,1,4.5,4.5,0.0%,TE,2010
21,22,Daniel Graham,2,5,41,20.5,25,0,0,0,0,0,0,1,4.1,4.1,0.0%,TE,2010
22,23,Daniel Fells,3,5,39,13.0,15,0,0,0,0,0,0,1,3.9,3.9,0.0%,TE,2010
23,24,Clay Harbor,4,9,32,8.0,18,0,0,0,0,0,0,1,3.2,3.2,0.0%,TE,2010
24,25,Zach Miller,5,5,31,6.2,11,0,0,0,0,0,0,1,3.1,3.1,0.0%,TE,2010
25,26,Chase Coffman,3,5,30,10.0,14,0,0,0,0,0,0,1,3.0,3.0,0.0%,TE,2010
26,27,Tony Scheffler,6,7,50,8.3,16,0,0,0,0,0,1,1,3.0,3.0,0.0%,TE,2010
27,28,Greg Olsen,5,6,29,5.8,7,0,0,0,0,0,0,1,2.9,2.9,7.0%,TE,2010
28,29,Kevin Boss,2,5,29,14.5,24,0,0,0,0,0,0,1,2.9,2.9,0.0%,TE,2010
29,30,Kellen Winslow,3,3,28,9.3,13,0,0,0,0,0,0,1,2.8,2.8,0.0%,TE,2010
30,31,Jimmy Kleinsasser,2,2,22,11.0,20,0,0,0,0,0,0,1,2.2,2.2,0.0%,TE,2010
31,32,Justin Peelle,2,4,22,11.0,13,0,0,0,0,0,0,1,2.2,2.2,0.0%,TE,2010
32,33,Randy McMichael,2,2,22,11.0,17,0,0,0,0,0,0,1,2.2,2.2,0.0%,TE,2010
33,34,Dante Rosario,2,2,19,9.5,12,0,0,0,0,0,0,1,1.9,1.9,0.0%,TE,2010
34,35,Brandon Pettigrew,3,6,19,6.3,12,0,0,0,0,0,0,1,1.9,1.9,0.0%,TE,2010
35,36,Kory Sperry,1,1,17,17.0,17,0,0,0,0,0,0,1,1.7,1.7,0.0%,TE,2010
36,37,Tony Moeaki,1,6,17,17.0,17,0,0,0,0,0,0,1,1.7,1.7,0.0%,TE,2010
37,38,Delanie Walker,1,3,17,17.0,17,0,0,0,0,0,0,1,1.7,1.7,0.1%,TE,2010
38,39,Visanthe Shiancoe,2,3,13,6.5,8,0,0,0,0,0,0,1,1.3,1.3,0.0%,TE,2010
39,40,Ryan Purvis,1,1,11,11.0,11,0,0,0,0,0,0,1,1.1,1.1,0.0%,TE,2010
40,41,Martellus Bennett,2,3,11,5.5,11,0,0,0,0,0,0,1,1.1,1.1,23.0%,TE,2010
41,42,John Gilmore,1,3,9,9.0,9,0,0,0,0,0,0,1,0.9,0.9,0.0%,TE,2010
42,43,Mike Sellers,1,3,9,9.0,9,0,0,0,0,0,0,1,0.9,0.9,0.0%,TE,2010
43,44,Brandon Myers,1,1,7,7.0,7,0,0,0,0,0,0,1,0.7,0.7,0.0%,TE,2010
44,45,Jonathan Stupar,1,2,7,7.0,7,0,0,0,0,0,0,1,0.7,0.7,0.0%,TE,2010
45,46,Cameron Morrah,1,2,6,6.0,6,0,0,0,0,0,0,1,0.6,0.6,0.0%,TE,2010
46,47,Will Heller,1,1,6,6.0,6,0,0,0,0,0,0,1,0.6,0.6,0.0%,TE,2010
47,48,Reggie Kelly,2,2,6,3.0,3,0,0,0,0,0,0,1,0.6,0.6,0.0%,TE,2010
48,49,Andrew Quarless,1,1,5,5.0,5,0,0,0,0,0,0,1,0.5,0.5,0.0%,TE,2010
49,50,Kris Wilson,1,2,3,3.0,3,0,0,0,0,0,0,1,0.3,0.3,0.0%,TE,2010
50,51,Jeff Cumberland,1,2,3,3.0,3,0,0,0,0,0,0,1,0.3,0.3,0.0%,TE,2010
51,52,John Carlson,1,3,3,3.0,3,0,0,0,0,0,0,1,0.3,0.3,0.0%,TE,2010
52,53,Chris Baker,1,1,1,1.0,1,0,0,0,0,0,0,1,0.1,0.1,0.0%,TE,2010
53,54,Jake O'Connell,0,0,0,0.0,0,0,0,0,0,0,0,1,0.0,0.0,0.0%,TE,2010
54,55,James Casey,0,0,0,0.0,0,0,0,0,0,0,0,1,0.0,0.0,0.0%,TE,2010
55,56,Kellen Davis,0,0,0,0.0,0,0,0,0,0,0,0,1,0.0,0.0,0.2%,TE,2010
56,57,Leonard Pope,0,1,0,0.0,0,0,0,0,0,0,0,1,0.0,0.0,0.0%,TE,2010
57,58,Martin Rucker,0,0,0,0.0,0,0,0,0,0,0,0,1,0.0,0.0,0.0%,TE,2010
58,59,Matt Spaeth,0,0,0,0.0,0,0,0,0,0,0,0,1,0.0,0.0,0.0%,TE,2010
59,60,Matthew Mulligan,0,0,0,0.0,0,0,0,0,0,0,0,1,0.0,0.0,0.0%,TE,2010
60,61,Mike Leach,0,0,0,0.0,0,0,0,0,0,0,0,1,0.0,0.0,0.0%,TE,2010
61,62,Richard Quinn,0,0,0,0.0,0,0,0,0,0,0,0,1,0.0,0.0,0.0%,TE,2010
62,63,Robert Royal,0,4,0,0.0,0,0,0,0,0,0,0,1,0.0,0.0,0.0%,TE,2010
63,64,Gary Barnidge,0,1,0,0.0,0,0,0,0,0,0,0,1,0.0,0.0,0.1%,TE,2010
64,65,Brian Jennings,0,0,0,0.0,0,0,0,0,0,0,0,1,0.0,0.0,0.0%,TE,2010
65,66,Bear Pascoe,0,0,0,0.0,0,0,0,0,0,0,0,1,0.0,0.0,0.0%,TE,2010
66,67,Ben Hartsock,0,0,0,0.0,0,0,0,0,0,0,0,1,0.0,0.0,0.0%,TE,2010
67,68,Billy Bajema,0,0,0,0.0,0,0,0,0,0,0,0,1,0.0,0.0,0.0%,TE,2010
68,69,Brandon Manumaleuna,0,1,0,0.0,0,0,0,0,0,0,0,1,0.0,0.0,0.0%,TE,2010
69,70,Brent Celek,0,0,0,0.0,0,0,0,0,0,0,0,1,0.0,0.0,0.0%,TE,2010
70,71,Dustin Keller,0,0,0,0.0,0,0,0,0,0,0,0,1,0.0,0.0,0.0%,TE,2010
71,72,Desmond Clark,0,0,0,0.0,0,0,0,0,0,0,0,1,0.0,0.0,0.0%,TE,2010
72,73,David Martin,1,1,0,0.0,0,0,0,0,0,0,0,1,0.0,0.0,0.0%,TE,2010
73,74,David Johnson,0,0,0,0.0,0,0,0,0,0,0,0,1,0.0,0.0,0.0%,TE,2010
74,75,Daniel Coats,0,1,0,0.0,0,0,0,0,0,0,0,1,0.0,0.0,0.0%,TE,2010
75,76,Craig Stevens,0,0,0,0.0,0,0,0,0,0,0,0,1,0.0,0.0,0.0%,TE,2010
76,77,Colin Cloherty,0,0,0,0.0,0,0,0,0,0,0,0,1,0.0,0.0,0.0%,TE,2010
77,78,Clark Harris,0,0,0,0.0,0,0,0,0,0,0,0,1,0.0,0.0,0.0%,TE,2010
78,79,Jeron Mastrud,0,0,0,0.0,0,0,0,0,0,0,0,1,0.0,0.0,0.0%,TE,2010
79,80,Michael Hoomanawanui,0,0,0,0.0,0,0,0,0,0,0,0,1,0.0,0.0,0.1%,TE,2010
80,81,Tory Humphrey,0,1,0,0.0,0,0,0,0,0,0,0,1,0.0,0.0,0.0%,TE,2010
81,82,Travis Beckum,0,1,0,0.0,0,0,0,0,0,0,0,1,0.0,0.0,0.0%,TE,2010
82,83,Zach Potter,0,0,0,0.0,0,0,0,0,0,0,0,1,0.0,0.0,0.0%,TE,2010
83,84,Ed Dickson,0,1,0,0.0,0,0,0,0,0,0,0,1,0.0,0.0,0.0%,TE,2010
84,85,Scott Chandler,0,1,0,0.0,0,0,0,0,0,0,0,1,0.0,0.0,0.0%,TE,2010
85,86,Logan Paulsen,0,0,0,0.0,0,0,0,0,0,0,0,1,0.0,0.0,0.0%,TE,2010
86,87,Mickey Shuler,0,1,0,0.0,0,0,0,0,0,0,0,1,0.0,0.0,0.0%,TE,2010
87,88,Dorin Dickerson,0,0,0,0.0,0,0,0,0,0,0,0,1,0.0,0.0,0.0%,TE,2010
88,89,Tom Crabtree,0,0,0,0.0,0,0,0,0,0,0,0,1,0.0,0.0,0.0%,TE,2010
89,90,Michael Palmer,0,1,0,0.0,0,0,0,0,0,0,0,1,0.0,0.0,0.0%,TE,2010
90,91,Jim Dray,0,0,0,0.0,0,0,0,0,0,0,0,1,0.0,0.0,0.0%,TE,2010
91,92,Brody Eldridge,0,0,0,0.0,0,0,0,0,0,0,0,1,0.0,0.0,0.0%,TE,2010
