,Rank,Player,Receiving Receptions,Receiving Target,Receiving Yards,Yards/Reception,Longest Reception,Receiving 20+,Receiving Touchdowns,Rushing Attempts,Rushing Yards,Rushing Touchdown,Fumbles,Games Played,Fantasy Football Points,FTPS/Game,ROST,Position,Year
0,1,Antonio Gates,5,7,123,24.6,48,0,1,0,0,0,0,1,18.3,18.3,0.2%,TE,2010
1,2,Marcedes Lewis,2,3,51,25.5,42,0,2,0,0,0,0,1,17.1,17.1,0.1%,TE,2010
2,3,Jason Witten,10,12,97,9.7,27,0,1,0,0,0,0,1,15.7,15.7,0.0%,TE,2010
3,4,Jacob Tamme,6,9,64,10.7,26,0,1,0,0,0,0,1,12.4,12.4,0.0%,TE,2010
4,5,Daniel Fells,4,7,35,8.8,23,0,1,0,0,0,0,1,9.5,9.5,0.0%,TE,2010
5,6,Craig Stevens,2,2,29,14.5,28,0,1,0,0,0,0,1,8.9,8.9,0.0%,TE,2010
6,7,Delanie Walker,5,7,85,17.0,38,0,0,0,0,0,0,1,8.5,8.5,0.1%,TE,2010
7,8,Brandon Pettigrew,2,5,8,4.0,6,0,1,0,0,0,0,1,6.8,6.8,0.0%,TE,2010
8,9,Tim Tebow,0,0,0,0.0,0,0,0,2,1,1,0,1,6.1,6.1,0.5%,TE,2010
9,10,Chris Cooley,4,7,48,12.0,19,0,0,0,0,0,0,1,4.8,4.8,0.0%,TE,2010
10,11,John Carlson,3,4,47,15.7,35,0,0,0,0,0,0,1,4.7,4.7,0.0%,TE,2010
11,12,Dustin Keller,2,6,45,22.5,40,0,0,0,0,0,0,1,4.5,4.5,0.0%,TE,2010
12,13,Tony Moeaki,3,4,45,15.0,18,0,0,0,0,0,0,1,4.5,4.5,0.0%,TE,2010
13,14,Visanthe Shiancoe,4,5,38,9.5,17,0,0,0,0,0,0,1,3.8,3.8,0.0%,TE,2010
14,15,Jared Cook,1,2,36,36.0,36,0,0,0,0,0,0,1,3.6,3.6,0.0%,TE,2010
15,16,Anthony Fasano,3,6,36,12.0,15,0,0,0,0,0,0,1,3.6,3.6,0.1%,TE,2010
16,17,Aaron Hernandez,2,3,33,16.5,27,0,0,0,0,0,0,1,3.3,3.3,0.0%,TE,2010
17,18,Dan Gronkowski,3,3,30,10.0,13,0,0,0,0,0,0,1,3.0,3.0,0.0%,TE,2010
18,19,Jeremy Shockey,3,4,30,10.0,14,0,0,0,0,0,0,1,3.0,3.0,0.0%,TE,2010
19,20,Jeff King,2,2,22,11.0,13,0,0,0,0,0,0,1,2.2,2.2,0.0%,TE,2010
20,21,Matt Spaeth,2,2,21,10.5,12,0,0,0,0,0,0,1,2.1,2.1,0.0%,TE,2010
21,22,Leonard Pope,2,4,20,10.0,14,0,0,0,0,0,0,1,2.0,2.0,0.0%,TE,2010
22,23,Heath Miller,2,2,39,19.5,25,0,0,0,0,0,1,1,1.9,1.9,0.0%,TE,2010
23,24,Michael Hoomanawanui,2,3,19,9.5,15,0,0,0,0,0,0,1,1.9,1.9,0.1%,TE,2010
24,25,Jermaine Gresham,3,8,17,5.7,8,0,0,0,0,0,0,1,1.7,1.7,0.0%,TE,2010
25,26,Dante Rosario,2,2,16,8.0,12,0,0,0,0,0,0,1,1.6,1.6,0.0%,TE,2010
26,27,David Thomas,4,4,15,3.8,9,0,0,0,0,0,0,1,1.5,1.5,0.0%,TE,2010
27,28,Vernon Davis,1,1,12,12.0,12,0,0,0,0,0,0,1,1.2,1.2,1.6%,TE,2010
28,29,John Gilmore,1,2,11,11.0,11,0,0,0,0,0,0,1,1.1,1.1,0.0%,TE,2010
29,30,Daniel Graham,1,2,10,10.0,10,0,0,0,0,0,0,1,1.0,1.0,0.0%,TE,2010
30,31,David Johnson,1,1,9,9.0,9,0,0,0,0,0,0,1,0.9,0.9,0.0%,TE,2010
31,32,Fred Davis,1,2,9,9.0,9,0,0,0,0,0,0,1,0.9,0.9,0.0%,TE,2010
32,33,Zach Miller,1,2,8,8.0,8,0,0,0,0,0,0,1,0.8,0.8,0.0%,TE,2010
33,34,Owen Daniels,1,3,8,8.0,8,0,0,0,0,0,0,1,0.8,0.8,0.0%,TE,2010
34,35,Donald Lee,1,2,5,5.0,5,0,0,0,0,0,0,1,0.5,0.5,0.0%,TE,2010
35,36,Chris Baker,1,1,5,5.0,5,0,0,0,0,0,0,1,0.5,0.5,0.0%,TE,2010
36,37,Rob Gronkowski,1,3,5,5.0,5,0,0,0,0,0,0,1,0.5,0.5,1.5%,TE,2010
37,38,Kellen Winslow,1,2,5,5.0,5,0,0,0,0,0,0,1,0.5,0.5,0.0%,TE,2010
38,39,Ryan Purvis,1,1,5,5.0,5,0,0,0,0,0,0,1,0.5,0.5,0.0%,TE,2010
39,40,Stephen Spach,1,1,3,3.0,3,0,0,0,0,0,0,1,0.3,0.3,0.0%,TE,2010
40,41,Maurice Stovall,1,2,2,2.0,2,0,0,0,0,0,0,1,0.2,0.2,0.0%,TE,2010
41,42,Jimmy Kleinsasser,0,2,0,0.0,0,0,0,0,0,0,0,1,0.0,0.0,0.0%,TE,2010
42,43,James Casey,0,0,0,0.0,0,0,0,0,0,0,0,1,0.0,0.0,0.0%,TE,2010
43,44,Jeff Dugan,0,0,0,0.0,0,0,0,0,0,0,0,1,0.0,0.0,0.0%,TE,2010
44,45,Joel Dreessen,0,1,0,0.0,0,0,0,0,0,0,0,1,0.0,0.0,0.0%,TE,2010
45,46,Richard Quinn,0,0,0,0.0,0,0,0,0,0,0,0,1,0.0,0.0,0.0%,TE,2010
46,47,Randy McMichael,0,2,0,0.0,0,0,0,0,0,0,0,1,0.0,0.0,0.0%,TE,2010
47,48,Mike Sellers,0,1,0,0.0,0,0,0,0,0,0,0,1,0.0,0.0,0.0%,TE,2010
48,49,Mike Leach,0,0,0,0.0,0,0,0,0,0,0,0,1,0.0,0.0,0.0%,TE,2010
49,50,Matthew Mulligan,0,0,0,0.0,0,0,0,0,0,0,0,1,0.0,0.0,0.0%,TE,2010
50,51,Martellus Bennett,0,1,0,0.0,0,0,0,0,0,0,0,1,0.0,0.0,23.0%,TE,2010
51,52,Kris Wilson,0,0,0,0.0,0,0,0,0,0,0,0,1,0.0,0.0,0.0%,TE,2010
52,53,Gijon Robinson,0,1,0,0.0,0,0,0,0,0,0,0,1,0.0,0.0,0.0%,TE,2010
53,54,Brian Jennings,0,0,0,0.0,0,0,0,0,0,0,0,1,0.0,0.0,0.0%,TE,2010
54,55,Ben Hartsock,0,0,0,0.0,0,0,0,0,0,0,0,1,0.0,0.0,0.0%,TE,2010
55,56,Ben Patrick,0,1,0,0.0,0,0,0,0,0,0,0,1,0.0,0.0,0.0%,TE,2010
56,57,Billy Bajema,0,0,0,0.0,0,0,0,0,0,0,0,1,0.0,0.0,0.0%,TE,2010
57,58,Bo Scaife,0,2,0,0.0,0,0,0,0,0,0,0,1,0.0,0.0,0.0%,TE,2010
58,59,Brandon Myers,0,0,0,0.0,0,0,0,0,0,0,0,1,0.0,0.0,0.0%,TE,2010
59,60,Gary Barnidge,0,0,0,0.0,0,0,0,0,0,0,0,1,0.0,0.0,0.1%,TE,2010
60,61,Cameron Morrah,0,0,0,0.0,0,0,0,0,0,0,0,1,0.0,0.0,0.0%,TE,2010
61,62,Clark Harris,0,0,0,0.0,0,0,0,0,0,0,0,1,0.0,0.0,0.0%,TE,2010
62,63,Shawn Nelson,0,0,0,0.0,0,0,0,0,0,0,0,1,0.0,0.0,0.0%,TE,2010
63,64,Logan Paulsen,0,0,0,0.0,0,0,0,0,0,0,0,1,0.0,0.0,0.0%,TE,2010
64,65,Scott Chandler,0,0,0,0.0,0,0,0,0,0,0,0,1,0.0,0.0,0.0%,TE,2010
65,66,Jeron Mastrud,0,0,0,0.0,0,0,0,0,0,0,0,1,0.0,0.0,0.0%,TE,2010
66,67,Andrew Quarless,0,2,0,0.0,0,0,0,0,0,0,0,1,0.0,0.0,0.0%,TE,2010
67,68,Tony Scheffler,0,1,0,0.0,0,0,0,0,0,0,0,1,0.0,0.0,0.0%,TE,2010
68,69,Will Heller,0,0,0,0.0,0,0,0,0,0,0,0,1,0.0,0.0,0.0%,TE,2010
69,70,Zach Miller,0,0,0,0.0,0,0,0,0,0,0,0,1,0.0,0.0,0.0%,TE,2010
70,71,Zach Potter,0,0,0,0.0,0,0,0,0,0,0,0,1,0.0,0.0,0.0%,TE,2010
71,72,Jimmy Graham,0,0,0,0.0,0,0,0,0,0,0,0,1,0.0,0.0,0.0%,TE,2010
72,73,Tom Crabtree,0,0,0,0.0,0,0,0,0,0,0,0,1,0.0,0.0,0.0%,TE,2010
73,74,Jim Dray,0,0,0,0.0,0,0,0,0,0,0,0,1,0.0,0.0,0.0%,TE,2010
74,75,Nate Byham,0,0,0,0.0,0,0,0,0,0,0,0,1,0.0,0.0,0.0%,TE,2010
75,76,Brody Eldridge,0,1,0,0.0,0,0,0,0,0,0,0,1,0.0,0.0,0.0%,TE,2010
76,77,Alge Crumpler,0,1,0,0.0,0,0,0,0,0,0,0,1,0.0,0.0,0.0%,TE,2010
