,Rank,Player,Receiving Receptions,Receiving Target,Receiving Yards,Yards/Reception,Longest Reception,Receiving 20+,Receiving Touchdowns,Rushing Attempts,Rushing Yards,Rushing Touchdown,Fumbles,Games Played,Fantasy Football Points,FTPS/Game,ROST,Position,Year
0,1,Dwayne Bowe,13,18,186,14.3,24,0,2,0,0,0,0,1,30.6,30.6,0.0%,WR,2010
1,2,Roddy White,12,17,138,11.5,33,0,2,0,0,0,0,1,25.8,25.8,0.0%,WR,2010
2,3,Mike Wallace,8,11,136,17.0,33,0,2,0,0,0,0,1,25.6,25.6,0.0%,WR,2010
3,4,Mike Thomas,8,9,149,18.6,50,0,1,2,18,0,0,1,22.7,22.7,0.0%,WR,2010
4,5,Brandon Lloyd,6,10,90,15.0,37,0,2,0,0,0,0,1,21.0,21.0,0.0%,WR,2010
5,6,Andre Johnson,9,11,146,16.2,60,0,1,0,0,0,0,1,20.6,20.6,0.0%,WR,2010
6,7,Calvin Johnson,10,14,128,12.8,29,0,1,0,0,0,0,1,18.8,18.8,0.1%,WR,2010
7,8,Dez Bryant,3,5,104,34.7,46,0,1,0,0,0,0,1,16.4,16.4,2.6%,WR,2010
8,9,DeSean Jackson,2,3,98,49.0,88,0,1,1,5,0,0,1,16.3,16.3,0.6%,WR,2010
9,10,Mario Manningham,10,16,91,9.1,44,0,1,0,0,0,0,1,15.1,15.1,0.0%,WR,2010
10,11,Jeremy Maclin,4,6,79,19.8,48,0,1,1,11,0,0,1,15.0,15.0,0.0%,WR,2010
11,12,Kevin Walter,6,6,90,15.0,25,0,1,0,0,0,0,1,15.0,15.0,0.0%,WR,2010
12,13,Chad Johnson,7,13,86,12.3,25,0,1,0,0,0,0,1,14.6,14.6,0.0%,WR,2010
13,14,Mike Williams,11,17,145,13.2,32,0,0,1,0,0,0,1,14.5,14.5,0.0%,WR,2010
14,15,Jason Avant,5,5,76,15.2,27,0,1,0,0,0,0,1,13.6,13.6,0.0%,WR,2010
15,16,Santonio Holmes,5,8,76,15.2,37,0,1,0,0,0,0,1,13.6,13.6,0.0%,WR,2010
16,17,Early Doucet,6,10,71,11.8,36,0,1,1,2,0,0,1,13.3,13.3,0.0%,WR,2010
17,18,Deon Butler,4,7,66,16.5,63,0,1,1,4,0,0,1,13.0,13.0,0.0%,WR,2010
18,19,Miles Austin,2,3,68,34.0,44,0,1,1,0,0,0,1,12.8,12.8,0.0%,WR,2010
19,20,Percy Harvin,4,6,64,16.0,53,0,1,0,0,0,0,1,12.4,12.4,0.1%,WR,2010
20,21,Danny Amendola,7,8,51,7.3,25,0,1,2,12,0,0,1,12.3,12.3,0.0%,WR,2010
21,22,Michael Crabtree,4,5,61,15.3,21,0,1,0,0,0,0,1,12.1,12.1,0.0%,WR,2010
22,23,Jabar Gaffney,3,5,57,19.0,40,0,1,0,0,0,0,1,11.7,11.7,0.0%,WR,2010
23,24,Larry Fitzgerald,7,15,91,13.0,33,0,0,0,0,0,0,1,11.1,11.1,0.2%,WR,2010
24,25,Anquan Boldin,5,7,50,10.0,16,0,1,0,0,0,0,1,11.0,11.0,0.1%,WR,2010
25,26,Derrick Mason,4,6,48,12.0,22,0,1,0,0,0,0,1,10.8,10.8,0.0%,WR,2010
26,27,Jerricho Cotchery,3,4,43,14.3,25,0,1,0,0,0,0,1,10.3,10.3,0.0%,WR,2010
27,28,Emmanuel Sanders,5,9,41,8.2,11,0,1,0,0,0,0,1,10.1,10.1,0.0%,WR,2010
28,29,Brian Hartline,5,7,98,19.6,54,0,0,0,0,0,0,1,9.8,9.8,0.0%,WR,2010
29,30,Devin Hester,4,6,38,9.5,19,0,1,0,0,0,0,1,9.8,9.8,0.4%,WR,2010
30,31,Steve Breaston,4,10,98,24.5,36,0,0,0,0,0,0,1,9.8,9.8,0.0%,WR,2010
31,32,Chris Chambers,4,8,36,9.0,11,0,1,0,0,0,0,1,9.6,9.6,0.0%,WR,2010
32,33,Johnny Knox,5,7,90,18.0,29,0,0,0,0,0,0,1,9.0,9.0,0.0%,WR,2010
33,34,Arrelious Benn,2,2,29,14.5,21,0,1,0,0,0,0,1,8.9,8.9,0.0%,WR,2010
34,35,Wes Welker,8,12,89,11.1,26,0,0,0,0,0,0,1,8.9,8.9,0.0%,WR,2010
35,36,Nate Washington,3,9,26,8.7,14,0,1,0,0,0,0,1,8.6,8.6,0.0%,WR,2010
36,37,Anthony Armstrong,3,5,83,27.7,76,0,0,0,0,0,0,1,8.3,8.3,0.0%,WR,2010
37,38,Hakeem Nicks,5,8,82,16.4,23,0,0,0,0,0,0,1,8.2,8.2,0.0%,WR,2010
38,39,Ben Obomanu,4,5,60,15.0,40,0,0,2,17,0,0,1,7.7,7.7,0.0%,WR,2010
39,40,Brandon Gibson,8,9,72,9.0,17,0,0,0,0,0,0,1,7.2,7.2,0.0%,WR,2010
40,41,Deion Branch,7,8,71,10.1,17,0,0,0,0,0,0,1,7.1,7.1,0.0%,WR,2010
41,42,Mohamed Massaquoi,2,4,8,4.0,5,0,1,0,0,0,0,1,6.8,6.8,0.0%,WR,2010
42,43,Mike Williams,4,7,68,17.0,28,0,0,0,0,0,0,1,6.8,6.8,0.0%,WR,2010
43,44,Antwaan Randle,5,9,66,13.2,20,0,0,0,0,0,0,1,6.6,6.6,0.0%,WR,2010
44,45,Josh Morgan,1,4,65,65.0,65,0,0,0,0,0,0,1,6.5,6.5,0.0%,WR,2010
45,46,Terrell Owens,4,8,64,16.0,23,0,0,0,0,0,0,1,6.4,6.4,0.0%,WR,2010
46,47,Nate Burleson,4,8,47,11.8,23,0,0,1,17,0,0,1,6.4,6.4,0.0%,WR,2010
47,48,Braylon Edwards,4,7,59,14.8,22,0,0,0,0,0,0,1,5.9,5.9,0.0%,WR,2010
48,49,Eddie Royal,5,5,39,7.8,12,0,0,2,20,0,0,1,5.9,5.9,0.0%,WR,2010
49,50,Terrance Copper,5,8,55,11.0,20,0,0,0,0,0,0,1,5.5,5.5,0.0%,WR,2010
50,51,Lee Evans,2,5,52,26.0,43,0,0,0,0,0,0,1,5.2,5.2,0.0%,WR,2010
51,52,Demaryius Thomas,3,5,51,17.0,22,0,0,0,0,0,0,1,5.1,5.1,0.1%,WR,2010
52,53,Josh Cribbs,1,1,37,37.0,37,0,0,1,14,0,0,1,5.1,5.1,0.0%,WR,2010
53,54,Brandon Tate,2,4,50,25.0,45,0,0,0,0,0,0,1,5.0,5.0,0.0%,WR,2010
54,55,Michael Jenkins,5,10,48,9.6,24,0,0,0,0,0,0,1,4.8,4.8,0.0%,WR,2010
55,56,Steve Smith,3,6,47,15.7,34,0,0,0,0,0,0,1,4.7,4.7,0.0%,WR,2010
56,57,Brad Smith,1,1,6,6.0,6,0,0,5,39,0,0,1,4.5,4.5,0.0%,WR,2010
57,58,David Gettis,3,3,42,14.0,18,0,0,0,0,0,0,1,4.2,4.2,0.0%,WR,2010
58,59,Verran Tucker,1,3,38,38.0,38,0,0,0,0,0,0,1,3.8,3.8,0.0%,WR,2010
59,60,Pierre Garcon,5,9,37,7.4,14,0,0,0,0,0,0,1,3.7,3.7,0.0%,WR,2010
60,61,Steve Johnson,3,8,37,12.3,19,0,0,0,0,0,0,1,3.7,3.7,0.0%,WR,2010
61,62,Brandon James,4,8,36,9.0,17,0,0,0,0,0,0,1,3.6,3.6,0.0%,WR,2010
62,63,Brandon LaFell,3,4,36,12.0,15,0,0,0,0,0,0,1,3.6,3.6,0.0%,WR,2010
63,64,Donte' Stallworth,0,0,0,0.0,0,0,0,2,34,0,0,1,3.4,3.4,0.0%,WR,2010
64,65,Reggie Wayne,3,6,34,11.3,18,0,0,0,0,0,0,1,3.4,3.4,0.0%,WR,2010
65,66,Brandon Marshall,3,7,34,11.3,16,0,0,0,0,0,0,1,3.4,3.4,2.6%,WR,2010
66,67,Ramses Barden,3,4,34,11.3,26,0,0,0,0,0,0,1,3.4,3.4,0.0%,WR,2010
67,68,Roy Williams,2,2,33,16.5,27,0,0,0,0,0,0,1,3.3,3.3,0.0%,WR,2010
68,69,Davone Bess,4,6,29,7.3,16,0,0,0,0,0,0,1,2.9,2.9,0.0%,WR,2010
69,70,Santana Moss,3,5,28,9.3,13,0,0,0,0,0,0,1,2.8,2.8,0.0%,WR,2010
70,71,David Anderson,2,3,27,13.5,19,0,0,0,0,0,0,1,2.7,2.7,0.0%,WR,2010
71,72,Mike Sims-Walker,3,4,26,8.7,11,0,0,0,0,0,0,1,2.6,2.6,0.0%,WR,2010
72,73,Randy Moss,1,4,26,26.0,26,0,0,0,0,0,0,1,2.6,2.6,0.0%,WR,2010
73,74,David Clowney,1,2,25,25.0,25,0,0,0,0,0,0,1,2.5,2.5,0.0%,WR,2010
74,75,Earl Bennett,3,6,21,7.0,9,0,0,1,4,0,0,1,2.5,2.5,0.0%,WR,2010
75,76,Laurent Robinson,2,6,24,12.0,14,0,0,0,0,0,0,1,2.4,2.4,0.0%,WR,2010
76,77,Donald Jones,1,4,20,20.0,20,0,0,0,0,0,0,1,2.0,2.0,0.0%,WR,2010
77,78,Justin Gage,3,9,18,6.0,11,0,0,0,0,0,0,1,1.8,1.8,0.0%,WR,2010
78,79,Brian Finneran,2,3,16,8.0,9,0,0,0,0,0,0,1,1.6,1.6,0.0%,WR,2010
79,80,T.J. Houshmandzadeh,2,6,14,7.0,8,0,0,0,0,0,0,1,1.4,1.4,0.0%,WR,2010
80,81,Greg Lewis,1,3,13,13.0,13,0,0,0,0,0,0,1,1.3,1.3,0.0%,WR,2010
81,82,Jordan Shipley,2,2,13,6.5,10,0,0,0,0,0,0,1,1.3,1.3,0.0%,WR,2010
82,83,Harry Douglas,1,4,12,12.0,12,0,0,0,0,0,0,1,1.2,1.2,0.0%,WR,2010
83,84,Greg Camarillo,1,4,11,11.0,11,0,0,0,0,0,0,1,1.1,1.1,0.0%,WR,2010
84,85,Devin Aromashodu,1,2,9,9.0,9,0,0,0,0,0,0,1,0.9,0.9,0.0%,WR,2010
85,86,Roydell Williams,1,2,9,9.0,9,0,0,0,0,0,0,1,0.9,0.9,0.0%,WR,2010
86,87,Chansi Stuckey,4,6,27,6.8,10,0,0,0,0,0,1,1,0.7,0.7,0.0%,WR,2010
87,88,Jacoby Jones,1,2,5,5.0,5,0,0,0,0,0,0,1,0.5,0.5,0.0%,WR,2010
88,89,Preston Parker,1,2,4,4.0,4,0,0,0,0,0,0,1,0.4,0.4,0.0%,WR,2010
89,90,Marcus Smith,0,0,0,0.0,0,0,0,0,0,0,0,1,0.0,0.0,0.0%,WR,2010
90,91,Tom Nelson,0,0,0,0.0,0,0,0,0,0,0,0,1,0.0,0.0,0.0%,WR,2010
91,92,Ruvell Martin,0,0,0,0.0,0,0,0,0,0,0,0,1,0.0,0.0,0.0%,WR,2010
92,93,Sam Hurd,0,0,0,0.0,0,0,0,0,0,0,0,1,0.0,0.0,0.0%,WR,2010
93,94,Quan Cosby,0,0,0,0.0,0,0,0,0,0,0,0,1,0.0,0.0,0.0%,WR,2010
94,95,Ted Ginn,0,2,0,0.0,0,0,0,0,0,0,0,1,0.0,0.0,0.0%,WR,2010
95,96,Matthew Slater,0,0,0,0.0,0,0,0,0,0,0,0,1,0.0,0.0,0.0%,WR,2010
96,97,Micheal Spurlock,0,1,0,0.0,0,0,0,0,0,0,0,1,0.0,0.0,0.0%,WR,2010
97,98,David Reed,0,0,0,0.0,0,0,0,0,0,0,0,1,0.0,0.0,0.0%,WR,2010
98,99,Mardy Gilyard,0,0,0,0.0,0,0,0,0,0,0,0,1,0.0,0.0,0.0%,WR,2010
99,100,David Nelson,0,0,0,0.0,0,0,0,0,0,0,0,1,0.0,0.0,0.0%,WR,2010
100,101,Stephen Williams,0,0,0,0.0,0,0,0,0,0,0,0,1,0.0,0.0,0.0%,WR,2010
101,102,Dominique Zeigler,0,1,0,0.0,0,0,0,0,0,0,0,1,0.0,0.0,0.0%,WR,2010
102,103,Riley Cooper,0,1,0,0.0,0,0,0,0,0,0,0,1,0.0,0.0,0.0%,WR,2010
103,104,Tiquan Underwood,0,1,0,0.0,0,0,0,0,0,0,0,1,0.0,0.0,0.0%,WR,2010
104,105,Eric Decker,0,0,0,0.0,0,0,0,0,0,0,0,1,0.0,0.0,0.6%,WR,2010
105,106,Andre Roberts,0,1,0,0.0,0,0,0,0,0,0,0,1,0.0,0.0,0.0%,WR,2010
106,107,Damian Williams,0,0,0,0.0,0,0,0,0,0,0,0,1,0.0,0.0,0.0%,WR,2010
107,108,Brody Eldridge,0,0,0,0.0,0,0,0,0,0,0,0,1,0.0,0.0,0.0%,WR,2010
108,109,Arnaz Battle,0,1,0,0.0,0,0,0,0,0,0,0,1,0.0,0.0,0.0%,WR,2010
109,110,Brian Robiskie,0,0,0,0.0,0,0,0,0,0,0,0,1,0.0,0.0,0.0%,WR,2010
110,111,Bryant Johnson,0,1,0,0.0,0,0,0,0,0,0,0,1,0.0,0.0,0.0%,WR,2010
111,112,Eric Weems,0,0,0,0.0,0,0,0,0,0,0,0,1,0.0,0.0,0.0%,WR,2010
112,113,Julian Edelman,0,0,0,0.0,0,0,0,0,0,0,0,1,0.0,0.0,12.1%,WR,2010
113,114,Kassim Osgood,0,1,0,0.0,0,0,0,0,0,0,0,1,0.0,0.0,0.0%,WR,2010
114,115,Hines Ward,0,1,0,0.0,0,0,0,0,0,0,0,1,0.0,0.0,0.0%,WR,2010
115,116,Joey Galloway,0,2,0,0.0,0,0,0,0,0,0,0,1,0.0,0.0,0.0%,WR,2010
116,117,Marc Mariani,0,0,0,0.0,0,0,0,0,0,0,0,1,0.0,0.0,0.0%,WR,2010
117,118,Brandon Banks,0,0,0,0.0,0,0,0,0,0,0,0,1,0.0,0.0,0.0%,WR,2010
118,119,Marlon Moore,0,0,0,0.0,0,0,0,0,0,0,0,1,0.0,0.0,0.0%,WR,2010
119,120,Duke Calhoun,0,0,0,0.0,0,0,0,0,0,0,0,1,0.0,0.0,0.0%,WR,2010
120,121,Andre Caldwell,0,0,0,0.0,0,0,0,1,-2,0,0,1,-0.2,-0.2,0.0%,WR,2010
