,Rk,Date,G#,Week,Age,Tm,Unnamed: 6_level_1,Opp,Result,Tgt,Rec,Yds,TD,1D,YBC,YBC/R,YAC,YAC/R,ADOT,BrkTkl,Rec/Br,Drop,Drop%,Int,Rat,Att,Yds,TD,1D,YBC,YBC/Att,YAC,YAC/Att,BrkTkl,Att/Br,Year
0,1.0,2020-09-13,1.0,1.0,23.3,ARI,@,SFO,W 24-20,5,1,0,0,,-3,-3.0,3,3.0,14.0,0,,0,0.0,0,39.6,0,0,0,,0,,0,,0,,2020
1,2.0,2020-09-20,2.0,2.0,23.307,ARI,,WAS,W 30-15,4,2,57,0,1.0,57,28.5,0,0.0,27.8,0,,0,0.0,0,95.8,1,3,0,1.0,2,2.0,1,1.0,0,,2020
2,3.0,2020-10-04,4.0,4.0,23.321,ARI,@,CAR,L 21-31,5,3,19,1,2.0,15,5.0,4,1.3,10.4,0,,0,0.0,0,107.5,0,0,0,0.0,0,,0,,0,,2020
3,4.0,2020-10-11,5.0,5.0,23.328,ARI,@,NYJ,W 30-10,7,5,78,0,5.0,59,11.8,19,3.8,13.7,0,,0,0.0,1,68.5,0,0,0,0.0,0,,0,,0,,2020
4,5.0,2020-10-19,6.0,6.0,23.336,ARI,@,DAL,W 38-10,3,2,86,2,2.0,37,18.5,49,24.5,14.7,0,,0,0.0,0,149.3,0,0,0,0.0,0,,0,,0,,2020
5,6.0,2020-10-25,7.0,7.0,23.342,ARI,,SEA,W 37-34,8,5,37,2,3.0,24,4.8,13,2.6,8.6,1,5.0,0,0.0,0,113.0,0,0,0,0.0,0,,0,,0,,2020
6,7.0,2020-11-08,8.0,9.0,23.356,ARI,,MIA,L 31-34,8,5,123,1,5.0,108,21.6,15,3.0,13.0,0,,0,0.0,0,145.8,0,0,0,0.0,0,,0,,0,,2020
7,8.0,2020-11-15,9.0,10.0,23.363,ARI,,BUF,W 32-30,6,4,27,0,2.0,15,3.8,12,3.0,3.8,0,,0,0.0,0,76.4,0,0,0,0.0,0,,0,,0,,2020
8,9.0,2020-11-19,10.0,11.0,24.001,ARI,@,SEA,L 21-28,6,4,50,0,4.0,50,12.5,0,0.0,12.8,0,,0,0.0,0,92.4,0,0,0,0.0,0,,0,,0,,2020
9,10.0,2020-11-29,11.0,12.0,24.011,ARI,@,NWE,L 17-20,6,3,19,0,1.0,10,3.3,9,3.0,13.0,0,,1,16.7,0,56.9,1,0,0,0.0,0,0.0,0,0.0,0,,2020
10,11.0,2020-12-06,12.0,13.0,24.018,ARI,,LAR,L 28-38,3,1,2,0,,2,2.0,0,0.0,23.3,0,,0,0.0,0,42.4,0,0,0,,0,,0,,0,,2020
11,12.0,2020-12-13,13.0,14.0,24.025,ARI,@,NYG,W 26-7,4,3,14,0,,2,0.7,12,4.0,1.3,0,,0,0.0,0,79.2,0,0,0,,0,,0,,0,,2020
12,13.0,2020-12-20,14.0,15.0,24.032,ARI,,PHI,W 33-26,4,3,33,0,2.0,16,5.3,17,5.7,5.8,0,,0,0.0,1,59.4,0,0,0,0.0,0,,0,,0,,2020
13,14.0,2020-12-26,15.0,16.0,24.038,ARI,,SFO,L 12-20,10,7,76,0,3.0,54,7.7,22,3.1,11.3,0,,1,10.0,1,52.5,0,0,0,0.0,0,,0,,0,,2020
14,,14 Games,,,,,,,8-6-0,79,48,621,6,30.0,446,9.3,175,3.6,11.8,1,48.0,2,2.5,3,95.0,2,3,0,1.0,2,1.0,1,0.5,0,,2020
