,Rk,Date,G#,Week,Age,Tm,Unnamed: 6_level_1,Opp,Result,Int,Tgt,Cmp,Cmp%,Yds,Yds/Cmp,Yds/Tgt,TD,Rat,DADOT,Air,YAC,Bltz,Hrry,QBKD,Sk,Prss,Comb,MTkl,MTkl%,Year
0,1.0,2020-09-13,1.0,1.0,26.035,ARI,@,SFO,W 24-20,0,0,0,,0.0,,,0.0,,,0.0,0.0,0,0,0,0.0,0,1.0,0,0.0%,2020
1,2.0,2020-09-20,2.0,2.0,26.042,ARI,,WAS,W 30-15,0,0,0,,0.0,,,0.0,,,0.0,0.0,0,0,0,0.0,0,2.0,0,0.0%,2020
2,3.0,2020-09-27,3.0,3.0,26.049,ARI,,DET,L 23-26,0,0,0,,0.0,,,0.0,,,0.0,0.0,0,0,0,,0,,0,,2020
3,4.0,2020-10-04,4.0,4.0,26.056,ARI,@,CAR,L 21-31,0,0,0,,0.0,,,0.0,,,0.0,0.0,0,0,0,0.0,0,1.0,0,0.0%,2020
4,5.0,2020-10-11,5.0,5.0,26.063,ARI,@,NYJ,W 30-10,0,0,0,,0.0,,,0.0,,,0.0,0.0,0,0,0,2.0,2,2.0,0,0.0%,2020
5,6.0,2020-10-19,6.0,6.0,26.071,ARI,@,DAL,W 38-10,0,0,0,,0.0,,,0.0,,,0.0,0.0,2,1,1,0.0,2,1.0,0,0.0%,2020
6,7.0,2020-10-25,7.0,7.0,26.077,ARI,,SEA,W 37-34,0,0,0,,0.0,,,0.0,,,0.0,0.0,0,0,0,,0,,0,,2020
7,8.0,2020-11-08,8.0,9.0,26.091,ARI,,MIA,L 31-34,0,0,0,,0.0,,,0.0,,,0.0,0.0,2,0,0,0.0,0,1.0,0,0.0%,2020
8,9.0,2020-11-15,9.0,10.0,26.098,ARI,,BUF,W 32-30,0,0,0,,0.0,,,0.0,,,0.0,0.0,0,0,0,,0,,0,,2020
9,10.0,2020-11-19,10.0,11.0,26.102,ARI,@,SEA,L 21-28,0,0,0,,0.0,,,0.0,,,0.0,0.0,4,1,2,0.0,3,0.0,0,,2020
10,11.0,2020-11-29,11.0,12.0,26.112,ARI,@,NWE,L 17-20,0,0,0,,0.0,,,0.0,,,0.0,0.0,0,0,0,,0,,0,,2020
11,12.0,2020-12-06,12.0,13.0,26.119,ARI,,LAR,L 28-38,0,0,0,,0.0,,,0.0,,,0.0,0.0,0,0,0,1.0,1,1.0,0,0.0%,2020
12,13.0,2020-12-13,13.0,14.0,26.126,ARI,@,NYG,W 26-7,0,0,0,,0.0,,,0.0,,,0.0,0.0,5,0,0,2.0,2,2.0,0,0.0%,2020
13,14.0,2020-12-20,14.0,15.0,26.133,ARI,,PHI,W 33-26,0,0,0,,0.0,,,0.0,,,0.0,0.0,3,0,0,2.0,2,5.0,0,0.0%,2020
14,,14 Games,,,,,,,8-6-0,0,0,0,,,,,,,,,,16,2,3,7.0,12,16.0,0,0.0%,2020
