,Rk,Date,G#,Week,Age,Tm,Unnamed: 6_level_1,Opp,Result,Int,Tgt,Cmp,Cmp%,Yds,Yds/Cmp,Yds/Tgt,TD,Rat,DADOT,Air,YAC,Bltz,Hrry,QBKD,Sk,Prss,Comb,MTkl,MTkl%,Year
0,1.0,2022-09-11,1.0,1.0,25.119,IND,@,HOU,T 20-20,0,0,0,,0.0,,,0.0,,,0.0,0.0,0,0,0,0.0,0,0.0,0,,2022
1,2.0,2022-09-18,2.0,2.0,25.126,IND,@,JAX,L 0-24,0,0,0,,0.0,,,0.0,,,0.0,0.0,0,0,0,0.0,0,0.0,0,,2022
2,3.0,2022-09-25,3.0,3.0,25.133,IND,,KAN,W 20-17,0,0,0,,0.0,,,0.0,,,0.0,0.0,0,0,0,0.0,0,0.0,0,,2022
3,4.0,2022-10-02,4.0,4.0,25.14,IND,,TEN,L 17-24,0,0,0,,0.0,,,0.0,,,0.0,0.0,0,0,0,0.0,0,0.0,0,,2022
4,5.0,2022-10-06,5.0,5.0,25.144,IND,@,DEN,W 12-9,0,0,0,,0.0,,,0.0,,,0.0,0.0,0,0,0,0.0,0,1.0,0,0.0%,2022
5,6.0,2022-11-13,10.0,10.0,25.182,IND,@,LVR,W 25-20,0,0,0,,0.0,,,0.0,,,0.0,0.0,0,0,0,,0,,0,,2022
6,7.0,2022-11-20,11.0,11.0,25.189,IND,,PHI,L 16-17,0,0,0,,0.0,,,0.0,,,0.0,0.0,0,0,0,0.0,0,1.0,0,0.0%,2022
7,8.0,2022-11-28,12.0,12.0,25.197,IND,,PIT,L 17-24,0,0,0,,0.0,,,0.0,,,0.0,0.0,0,0,0,0.0,0,1.0,0,0.0%,2022
8,9.0,2022-12-04,13.0,13.0,25.203,IND,@,DAL,L 19-54,0,0,0,,0.0,,,0.0,,,0.0,0.0,0,0,0,0.0,0,1.0,0,0.0%,2022
9,10.0,2022-12-17,14.0,15.0,25.216,IND,@,MIN,L 36-39,0,0,0,,0.0,,,0.0,,,0.0,0.0,0,0,0,0.0,0,0.0,0,,2022
10,11.0,2022-12-26,15.0,16.0,25.225,IND,,LAC,L 3-20,0,0,0,,0.0,,,0.0,,,0.0,0.0,0,0,0,0.0,0,1.0,0,0.0%,2022
11,12.0,2023-01-08,17.0,18.0,25.238,IND,,HOU,L 31-32,0,0,0,,0.0,,,0.0,,,0.0,0.0,0,0,0,,0,,0,,2022
12,,12 Games,,,,,,,3-8-1,0,0,0,,,,,,,,,,0,0,0,0.0,0,5.0,0,0.0%,2022
