,Rk,Date,G#,Week,Age,Tm,Unnamed: 6_level_1,Opp,Result,Att,Yds,TD,1D,YBC,YBC/Att,YAC,YAC/Att,BrkTkl,Att/Br,Tgt,Rec,Yds,TD,1D,YBC,YBC/R,YAC,YAC/R,ADOT,BrkTkl,Rec/Br,Drop,Drop%,Int,Rat
0,1.0,2022-09-11,1.0,1.0,23.235,IND,@,HOU,T 20-20,31,161,1,9.0,117,3.8,44,1.4,5,6.2,7,4,14,0,0.0,-3,-0.8,17,4.3,-1.6,0,,0,0.0,1,22.6
1,2.0,2022-09-18,2.0,2.0,23.242,IND,@,JAX,L 0-24,9,54,0,3.0,34,3.8,20,2.2,1,9.0,1,1,9,0,0.0,1,1.0,8,8.0,1.0,1,1.0,0,0.0,0,104.2
2,3.0,2022-09-25,3.0,3.0,23.249,IND,,KAN,W 20-17,21,71,0,3.0,48,2.3,23,1.1,2,10.5,5,3,20,0,1.0,1,0.3,19,6.3,-0.4,0,,0,0.0,0,68.7
3,4.0,2022-10-02,4.0,4.0,23.256,IND,,TEN,L 17-24,20,42,0,3.0,15,0.8,27,1.4,3,6.7,3,1,1,0,0.0,1,1.0,0,0.0,0.7,0,,0,0.0,0,42.4
4,5.0,2022-10-23,7.0,7.0,23.277,IND,@,TEN,L 10-19,10,58,0,4.0,21,2.1,37,3.7,1,10.0,8,7,27,0,0.0,-8,-1.1,35,5.0,-1.0,1,7.0,0,0.0,0,80.7
5,6.0,2022-10-30,8.0,8.0,23.284,IND,,WAS,L 16-17,16,76,0,2.0,51,3.2,25,1.6,0,,1,0,0,0,0.0,0,,0,,2.0,0,,0,0.0,0,39.6
6,7.0,2022-11-13,10.0,10.0,23.298,IND,@,LVR,W 25-20,22,147,1,5.0,111,5.0,36,1.6,0,,2,2,16,0,2.0,-7,-3.5,23,11.5,-3.5,1,2.0,0,0.0,0,100.0
7,8.0,2022-11-20,11.0,11.0,23.305,IND,,PHI,L 16-17,22,84,1,3.0,37,1.7,47,2.1,3,7.3,4,3,10,0,0.0,-15,-5.0,25,8.3,-3.3,0,,0,0.0,0,77.1
8,9.0,2022-11-28,12.0,12.0,23.313,IND,,PIT,L 17-24,20,86,1,4.0,34,1.7,52,2.6,3,6.7,4,3,12,0,0.0,-12,-4.0,24,8.0,-3.0,0,,0,0.0,0,77.1
9,10.0,2022-12-04,13.0,13.0,23.319,IND,@,DAL,L 19-54,21,82,0,3.0,13,0.6,69,3.3,6,3.5,4,3,21,0,1.0,-13,-4.3,34,11.3,-3.8,0,,1,25.0,0,86.5
10,11.0,2022-12-17,14.0,15.0,23.332,IND,@,MIN,L 36-39,0,0,0,,0,,0,,0,,1,1,13,0,,-6,-6.0,19,19.0,-6.0,0,,0,0.0,0,118.7
11,,11 Games,,,,,,,2-8-1,192,861,4,39.0,481,2.5,380,2.0,24,8.0,40,28,143,0,4.0,-61,-2.2,204,7.3,-1.7,3,9.3,1,2.5,1,64.9
