,Rk,Date,G#,Week,Age,Tm,Unnamed: 6_level_1,Opp,Result,Cmp,Att,Yds,1D,1D%,IAY,IAY/PA,CAY,CAY/Cmp,CAY/PA,YAC,YAC/Cmp,Drops,Drop%,BadTh,Bad%,Sk,Bltz,Hrry,Hits,Prss,Prss%,Scrm,Yds/Scr,Year
0,1.0,2022-09-11,1.0,1.0,37.117,IND,@,HOU,T 20-20,32,50,352,20,38.5,317,6.3,180,5.6,3.6,172,5.4,3,6.0%,5,10.0%,2,11,4,4,10,18.5%,2,6.0,2022
1,2.0,2022-09-18,2.0,2.0,37.124,IND,@,JAX,L 0-24,16,30,195,6,17.1,256,8.5,131,8.2,4.4,64,4.0,1,3.4%,5,17.2%,5,10,4,7,16,45.7%,0,,2022
2,3.0,2022-09-25,3.0,3.0,37.131,IND,,KAN,W 20-17,27,37,222,12,28.6,165,4.5,106,3.9,2.9,116,4.3,2,5.6%,6,16.7%,5,17,1,5,11,25.6%,1,3.0,2022
3,4.0,2022-10-02,4.0,4.0,37.138,IND,,TEN,L 17-24,27,37,356,17,42.5,236,6.4,205,7.6,5.5,151,5.6,0,0.0%,7,18.9%,3,7,2,3,8,19.5%,1,2.0,2022
4,5.0,2022-10-06,5.0,5.0,37.142,IND,@,DEN,W 12-9,26,41,251,14,29.8,260,6.3,138,5.3,3.4,113,4.3,2,5.6%,3,8.3%,6,14,3,6,15,31.3%,1,1.0,2022
5,6.0,2022-10-16,6.0,6.0,37.152,IND,,JAX,W 34-27,42,58,389,22,37.9,299,5.2,180,4.3,3.1,209,5.0,1,1.8%,6,10.9%,0,18,4,6,10,17.2%,0,,2022
6,7.0,2022-10-23,7.0,7.0,37.159,IND,@,TEN,L 10-19,33,44,243,12,25.5,177,4.0,124,3.8,2.8,119,3.6,1,2.4%,4,9.8%,3,11,4,7,14,29.2%,1,2.0,2022
7,8.0,2022-11-13,10.0,10.0,37.18,IND,@,LVR,W 25-20,21,28,222,10,34.5,172,6.1,108,5.1,3.9,114,5.4,2,7.4%,1,3.7%,1,11,0,0,1,3.3%,1,39.0,2022
8,9.0,2022-11-20,11.0,11.0,37.187,IND,,PHI,L 16-17,23,32,213,9,25.0,194,6.1,109,4.7,3.4,104,4.5,0,0.0%,5,16.1%,4,5,6,0,10,27.8%,0,,2022
9,10.0,2022-11-28,12.0,12.0,37.195,IND,,PIT,L 17-24,22,34,199,11,29.7,214,6.3,127,5.8,3.7,72,3.3,3,9.4%,2,6.3%,3,15,2,5,10,25.6%,2,10.0,2022
10,11.0,2022-12-04,13.0,13.0,37.201,IND,@,DAL,L 19-54,21,37,233,12,30.0,218,5.9,133,6.3,3.6,100,4.8,2,5.6%,8,22.2%,3,12,2,3,8,20.0%,0,,2022
11,12.0,2022-12-17,14.0,15.0,37.214,IND,@,MIN,L 36-39,19,33,182,11,30.6,255,7.7,102,5.4,3.1,80,4.2,2,6.1%,8,24.2%,3,14,1,5,9,24.3%,1,1.0,2022
12,,12 Games,,,,,,,4-7-1,309,461,3057,156,31.3,2763,6.0,1643,5.3,3.6,1414,4.6,19,4.3%,60,13.5%,38,145,33,51,122,24.0%,10,8.0,2022
