,Rk,Date,G#,Week,Age,Tm,Unnamed: 6_level_1,Opp,Result,Int,Tgt,Cmp,Cmp%,Yds,Yds/Cmp,Yds/Tgt,TD,Rat,DADOT,Air,YAC,Bltz,Hrry,QBKD,Sk,Prss,Comb,MTkl,MTkl%
0,1.0,2022-09-11,1.0,1.0,31.357,IND,@,HOU,T 20-20,0,8,2,25.0%,26,13.0,3.3,0,40.6,10.5,22,4,0,0,0,0.0,0,3,1,25.0%
1,2.0,2022-09-18,2.0,2.0,31.364,IND,@,JAX,L 0-24,0,7,4,57.1%,32,8.0,4.6,0,68.7,9.0,15,17,0,0,0,0.0,0,5,1,16.7%
2,3.0,2022-09-25,3.0,3.0,32.006,IND,,KAN,W 20-17,0,7,5,71.4%,77,15.4,11.0,0,107.4,6.0,27,50,0,0,0,0.0,0,5,0,0.0%
3,4.0,2022-10-02,4.0,4.0,32.013,IND,,TEN,L 17-24,0,1,1,100.0%,6,6.0,6.0,0,91.7,4.0,4,2,0,0,0,0.0,0,1,0,0.0%
4,5.0,2022-10-06,5.0,5.0,32.017,IND,@,DEN,W 12-9,1,9,4,44.4%,23,5.8,2.6,0,12.0,7.1,6,17,0,0,0,0.0,0,5,0,0.0%
5,6.0,2022-10-16,6.0,6.0,32.027,IND,,JAX,W 34-27,0,5,4,80.0%,45,11.3,9.0,0,104.2,11.0,29,16,0,0,0,0.0,0,3,0,0.0%
6,7.0,2022-10-23,7.0,7.0,32.034,IND,@,TEN,L 10-19,0,3,1,33.3%,27,27.0,9.0,0,67.4,13.3,19,8,0,0,0,0.0,0,2,0,0.0%
7,8.0,2022-10-30,8.0,8.0,32.041,IND,,WAS,L 16-17,0,6,4,66.7%,65,16.3,10.8,0,102.8,14.7,58,7,0,0,0,0.0,0,5,0,0.0%
8,9.0,2022-11-06,9.0,9.0,32.048,IND,@,NWE,L 3-26,0,5,2,40.0%,16,8.0,3.2,0,48.7,9.0,8,8,0,0,0,0.0,0,4,1,20.0%
9,10.0,2022-11-13,10.0,10.0,32.055,IND,@,LVR,W 25-20,0,6,3,50.0%,28,9.3,4.7,0,63.2,10.2,0,28,0,0,0,0.0,0,5,0,0.0%
10,11.0,2022-11-20,11.0,11.0,32.062,IND,,PHI,L 16-17,0,6,4,66.7%,55,13.8,9.2,0,95.8,9.5,32,23,0,0,0,0.0,0,1,0,0.0%
11,12.0,2022-11-28,12.0,12.0,32.07,IND,,PIT,L 17-24,0,5,4,80.0%,40,10.0,8.0,0,100.0,6.4,27,13,0,0,0,0.0,0,7,0,0.0%
12,13.0,2022-12-04,13.0,13.0,32.076,IND,@,DAL,L 19-54,1,5,2,40.0%,19,9.5,3.8,0,11.7,6.6,10,9,0,0,0,0.0,0,6,0,0.0%
13,14.0,2022-12-17,14.0,15.0,32.089,IND,@,MIN,L 36-39,0,12,6,50.0%,63,10.5,5.3,2,105.2,6.3,36,27,0,0,0,0.0,0,7,1,12.5%
14,15.0,2022-12-26,15.0,16.0,32.098,IND,,LAC,L 3-20,0,3,3,100.0%,50,16.7,16.7,0,118.7,11.7,35,15,0,0,0,0.0,0,4,1,20.0%
15,16.0,2023-01-01,16.0,17.0,32.104,IND,@,NYG,L 10-38,0,1,1,100.0%,5,5.0,5.0,0,87.5,4.0,4,1,0,0,0,0.0,0,3,0,0.0%
16,,16 Games,,,,,,,4-11-1,2,89,50,56.2%,577,11.5,6.5,2,74.0,8.8,332,245,0,0,0,0.0,0,66,5,7.0%
