,Rk,Date,G#,Week,Age,Tm,Unnamed: 6_level_1,Opp,Result,Int,Tgt,Cmp,Cmp%,Yds,Yds/Cmp,Yds/Tgt,TD,Rat,DADOT,Air,YAC,Bltz,Hrry,QBKD,Sk,Prss,Comb,MTkl,MTkl%,Year
0,1.0,2021-09-12,1.0,1.0,28.026,TEN,,ARI,L 13-38,1,7,3,42.9%,50,16.7,7.1,2,67.6,10.1,35,15,0,0,0,0.0,0,2,0,0.0%,2021
1,2.0,2021-09-19,2.0,2.0,28.033,TEN,@,SEA,W 33-30,0,1,1,100.0%,3,3.0,3.0,0,79.2,3.0,3,0,1,0,1,0.0,1,3,0,0.0%,2021
2,3.0,2021-09-26,3.0,3.0,28.04,TEN,,IND,W 25-16,0,3,1,33.3%,11,11.0,3.7,0,45.1,4.7,-4,15,0,0,0,0.0,0,5,1,16.7%,2021
3,4.0,2021-10-03,4.0,4.0,28.047,TEN,@,NYJ,L 24-27,0,1,0,0.0%,0,,0.0,0,39.6,9.0,0,0,2,0,0,0.0,0,6,0,0.0%,2021
4,5.0,2021-10-10,5.0,5.0,28.054,TEN,@,JAX,W 37-19,1,5,2,40.0%,21,10.5,4.2,0,13.3,8.0,16,5,1,0,0,0.0,0,11,1,8.3%,2021
5,6.0,2021-10-18,6.0,6.0,28.062,TEN,,BUF,W 34-31,1,5,2,40.0%,25,12.5,5.0,0,16.7,5.0,13,12,0,0,0,0.0,0,2,0,0.0%,2021
6,7.0,2021-10-24,7.0,7.0,28.068,TEN,,KAN,W 27-3,0,2,1,50.0%,14,14.0,7.0,0,72.9,7.0,-4,18,0,0,0,0.0,0,4,0,0.0%,2021
7,8.0,2021-10-31,8.0,8.0,28.075,TEN,@,IND,W 34-31,1,4,1,25.0%,38,38.0,9.5,0,27.1,14.8,33,5,2,0,0,0.0,0,4,0,0.0%,2021
8,9.0,2021-11-07,9.0,9.0,28.082,TEN,@,LAR,W 28-16,1,4,1,25.0%,3,3.0,0.8,1,39.6,7.8,3,0,1,0,0,0.0,0,3,0,0.0%,2021
9,10.0,2021-11-14,10.0,10.0,28.089,TEN,,NOR,W 23-21,0,5,4,80.0%,69,17.3,13.8,0,118.7,10.2,51,18,3,0,0,0.0,0,5,0,0.0%,2021
10,11.0,2021-11-21,11.0,11.0,28.096,TEN,,HOU,L 13-22,0,2,2,100.0%,20,10.0,10.0,0,108.3,10.0,20,0,1,0,0,0.0,0,7,0,0.0%,2021
11,12.0,2021-11-28,12.0,12.0,28.103,TEN,@,NWE,L 13-36,0,7,5,71.4%,106,21.2,15.1,2,153.3,12.4,50,56,2,0,1,1.0,2,12,0,0.0%,2021
12,13.0,2021-12-12,13.0,14.0,28.117,TEN,,JAX,W 20-0,0,4,2,50.0%,12,6.0,3.0,0,56.2,8.3,8,4,3,0,0,0.0,0,5,0,0.0%,2021
13,14.0,2021-12-19,14.0,15.0,28.124,TEN,@,PIT,L 13-19,0,1,1,100.0%,19,19.0,19.0,0,118.7,17.0,17,2,0,0,0,0.0,0,4,0,0.0%,2021
14,15.0,2021-12-23,15.0,16.0,28.128,TEN,,SFO,W 20-17,0,5,3,60.0%,36,12.0,7.2,0,82.1,19.4,17,19,1,1,0,0.0,1,6,0,0.0%,2021
15,16.0,2022-01-02,16.0,17.0,28.138,TEN,,MIA,W 34-3,0,2,1,50.0%,1,1.0,0.5,0,56.2,10.5,0,1,0,0,0,0.0,0,4,0,0.0%,2021
16,17.0,2022-01-09,17.0,18.0,28.145,TEN,@,HOU,W 28-25,0,0,0,,0,,,0,,,0,0,2,0,0,0.0,0,5,0,0.0%,2021
17,,17 Games,,,,,,,12-5-0,5,58,30,51.7%,428,14.3,7.4,5,68.8,10.2,258,170,19,1,2,1.0,4,88,2,2.2%,2021
