,Rk,Date,G#,Week,Age,Tm,Unnamed: 6_level_1,Opp,Result,Int,Tgt,Cmp,Cmp%,Yds,Yds/Cmp,Yds/Tgt,TD,Rat,DADOT,Air,YAC,Bltz,Hrry,QBKD,Sk,Prss,Comb,MTkl,MTkl%,Year
0,1.0,2018-09-09,1.0,1.0,31.166,BAL,,BUF,W 47-3,0,0,0,,0,,,0,,,0,0,2,0,0,0.0,0,1,0,0.0%,2018
1,2.0,2018-09-13,2.0,2.0,31.17,BAL,@,CIN,L 23-34,0,0,0,,0,,,0,,,0,0,0,0,0,0.0,0,0,0,,2018
2,3.0,2018-09-23,3.0,3.0,31.18,BAL,,DEN,W 27-14,0,4,4,100.0%,29,7.3,7.3,0,96.9,2.0,8,21,6,0,0,0.0,0,5,0,0.0%,2018
3,4.0,2018-09-30,4.0,4.0,31.187,BAL,@,PIT,W 26-14,1,3,3,100.0%,19,6.3,6.3,0,53.5,1.0,3,16,2,0,0,0.0,0,6,0,0.0%,2018
4,5.0,2018-10-07,5.0,5.0,31.194,BAL,@,CLE,L 9-12,0,6,3,50.0%,30,10.0,5.0,0,64.6,8.7,11,19,7,0,0,0.0,0,5,0,0.0%,2018
5,6.0,2018-10-14,6.0,6.0,31.201,BAL,@,TEN,W 21-0,0,1,1,100.0%,0,0.0,0.0,0,79.2,-4.0,-4,4,2,1,0,1.0,2,1,0,0.0%,2018
6,7.0,2018-10-21,7.0,7.0,31.208,BAL,,NOR,L 23-24,0,0,0,,0,,,0,,,0,0,3,0,0,0.0,0,1,1,50.0%,2018
7,8.0,2018-10-28,8.0,8.0,31.215,BAL,@,CAR,L 21-36,0,0,0,,0,,,0,,,0,0,1,0,0,0.0,0,1,0,0.0%,2018
8,9.0,2018-11-04,9.0,9.0,31.222,BAL,,PIT,L 16-23,0,2,2,100.0%,20,10.0,10.0,0,108.3,7.5,15,5,3,0,0,0.0,0,3,0,0.0%,2018
9,10.0,2018-11-18,10.0,11.0,31.236,BAL,,CIN,W 24-21,0,0,0,,0,,,0,,,0,0,5,0,0,0.0,0,1,0,0.0%,2018
10,11.0,2018-11-25,11.0,12.0,31.243,BAL,,OAK,W 34-17,0,0,0,,0,,,0,,,0,0,0,0,0,0.0,0,0,0,,2018
11,12.0,2018-12-02,12.0,13.0,31.25,BAL,@,ATL,W 26-16,0,0,0,,0,,,0,,,0,0,3,0,0,0.0,0,0,0,,2018
12,13.0,2018-12-09,13.0,14.0,31.257,BAL,@,KAN,L 24-27,0,4,4,100.0%,46,11.5,11.5,1,154.2,7.5,30,16,4,0,0,0.0,0,2,0,0.0%,2018
13,14.0,2018-12-16,14.0,15.0,31.264,BAL,,TAM,W 20-12,0,0,0,,0,,,0,,,0,0,0,0,0,0.0,0,0,0,,2018
14,15.0,2018-12-22,15.0,16.0,31.27,BAL,@,LAC,W 22-10,0,0,0,,0,,,0,,,0,0,0,0,0,0.0,0,0,0,,2018
15,16.0,2018-12-30,16.0,17.0,31.278,BAL,,CLE,W 26-24,0,5,1,20.0%,7,7.0,1.4,0,39.6,8.8,2,5,3,0,0,0.0,0,2,1,33.3%,2018
16,,16 Games,,,,,,,10-6-0,1,25,18,72.0%,151,8.4,6.0,1,83.9,5.9,65,86,41,1,0,1.0,2,28,2,6.7%,2018
