,Rk,Date,G#,Week,Age,Tm,Unnamed: 6_level_1,Opp,Result,Int,Tgt,Cmp,Cmp%,Yds,Yds/Cmp,Yds/Tgt,TD,Rat,DADOT,Air,YAC,Bltz,Hrry,QBKD,Sk,Prss,Comb,MTkl,MTkl%,Year
0,1.0,2018-09-09,1.0,1.0,27.127,BAL,,BUF,W 47-3,0,0,0,,0.0,,,0.0,,,0.0,0.0,0,1,0,0.0,1,1,0,0.0%,2018
1,2.0,2018-09-13,2.0,2.0,27.131,BAL,@,CIN,L 23-34,0,0,0,,0.0,,,0.0,,,0.0,0.0,0,0,0,0.0,0,2,0,0.0%,2018
2,3.0,2018-09-23,3.0,3.0,27.141,BAL,,DEN,W 27-14,0,0,0,,0.0,,,0.0,,,0.0,0.0,0,0,0,0.0,0,2,0,0.0%,2018
3,4.0,2018-09-30,4.0,4.0,27.148,BAL,@,PIT,W 26-14,0,0,0,,0.0,,,0.0,,,0.0,0.0,0,0,0,0.0,0,0,0,,2018
4,5.0,2018-10-07,5.0,5.0,27.155,BAL,@,CLE,L 9-12,0,0,0,,0.0,,,0.0,,,0.0,0.0,0,0,0,0.0,0,2,0,0.0%,2018
5,6.0,2018-10-14,6.0,6.0,27.162,BAL,@,TEN,W 21-0,0,0,0,,0.0,,,0.0,,,0.0,0.0,0,0,0,0.0,0,0,0,,2018
6,7.0,2018-10-21,7.0,7.0,27.169,BAL,,NOR,L 23-24,0,0,0,,0.0,,,0.0,,,0.0,0.0,0,0,0,0.0,0,2,0,0.0%,2018
7,8.0,2018-10-28,8.0,8.0,27.176,BAL,@,CAR,L 21-36,0,0,0,,0.0,,,0.0,,,0.0,0.0,0,2,0,0.0,2,3,1,25.0%,2018
8,9.0,2018-11-04,9.0,9.0,27.183,BAL,,PIT,L 16-23,0,0,0,,0.0,,,0.0,,,0.0,0.0,0,0,0,0.0,0,3,0,0.0%,2018
9,10.0,2018-11-18,10.0,11.0,27.197,BAL,,CIN,W 24-21,0,0,0,,0.0,,,0.0,,,0.0,0.0,0,0,0,0.0,0,1,0,0.0%,2018
10,11.0,2018-11-25,11.0,12.0,27.204,BAL,,OAK,W 34-17,0,0,0,,0.0,,,0.0,,,0.0,0.0,0,0,0,0.0,0,2,0,0.0%,2018
11,12.0,2018-12-02,12.0,13.0,27.211,BAL,@,ATL,W 26-16,0,0,0,,0.0,,,0.0,,,0.0,0.0,0,0,0,0.0,0,2,0,0.0%,2018
12,13.0,2018-12-09,13.0,14.0,27.218,BAL,@,KAN,L 24-27,0,0,0,,0.0,,,0.0,,,0.0,0.0,0,0,0,0.0,0,4,0,0.0%,2018
13,14.0,2018-12-16,14.0,15.0,27.225,BAL,,TAM,W 20-12,0,0,0,,0.0,,,0.0,,,0.0,0.0,0,0,0,0.0,0,0,0,,2018
14,15.0,2018-12-22,15.0,16.0,27.231,BAL,@,LAC,W 22-10,0,0,0,,0.0,,,0.0,,,0.0,0.0,0,0,0,0.5,1,1,1,50.0%,2018
15,16.0,2018-12-30,16.0,17.0,27.239,BAL,,CLE,W 26-24,0,0,0,,0.0,,,0.0,,,0.0,0.0,0,0,0,0.0,0,2,0,0.0%,2018
16,,16 Games,,,,,,,10-6-0,0,0,0,,,,,,,,,,0,3,0,0.5,4,27,2,6.9%,2018
