,Rk,Date,G#,Week,Age,Tm,Unnamed: 6_level_1,Opp,Result,Int,Tgt,Cmp,Cmp%,Yds,Yds/Cmp,Yds/Tgt,TD,Rat,DADOT,Air,YAC,Bltz,Hrry,QBKD,Sk,Prss,Comb,MTkl,MTkl%,Year
0,1.0,2018-09-09,1.0,1.0,24.319,BAL,,BUF,W 47-3,0,0,0,,0.0,,,0.0,,,0.0,0.0,0,1,0,0.0,1,1,1,50.0%,2018
1,2.0,2018-09-13,2.0,2.0,24.323,BAL,@,CIN,L 23-34,0,0,0,,0.0,,,0.0,,,0.0,0.0,0,1,0,0.0,1,2,0,0.0%,2018
2,3.0,2018-09-23,3.0,3.0,24.333,BAL,,DEN,W 27-14,0,0,0,,0.0,,,0.0,,,0.0,0.0,0,0,0,0.0,0,1,1,50.0%,2018
3,4.0,2018-09-30,4.0,4.0,24.34,BAL,@,PIT,W 26-14,0,0,0,,0.0,,,0.0,,,0.0,0.0,0,0,0,0.0,0,0,0,,2018
4,5.0,2018-10-07,5.0,5.0,24.347,BAL,@,CLE,L 9-12,0,0,0,,0.0,,,0.0,,,0.0,0.0,0,1,0,0.0,1,1,0,0.0%,2018
5,6.0,2018-10-14,6.0,6.0,24.354,BAL,@,TEN,W 21-0,0,0,0,,0.0,,,0.0,,,0.0,0.0,0,0,0,1.0,1,1,0,0.0%,2018
6,7.0,2018-10-21,7.0,7.0,24.361,BAL,,NOR,L 23-24,0,0,0,,0.0,,,0.0,,,0.0,0.0,0,0,0,0.0,0,3,0,0.0%,2018
7,8.0,2018-10-28,8.0,8.0,25.003,BAL,@,CAR,L 21-36,0,0,0,,0.0,,,0.0,,,0.0,0.0,0,0,0,0.0,0,1,0,0.0%,2018
8,9.0,2018-11-04,9.0,9.0,25.01,BAL,,PIT,L 16-23,0,0,0,,0.0,,,0.0,,,0.0,0.0,0,0,0,0.0,0,1,1,50.0%,2018
9,10.0,2018-11-18,10.0,11.0,25.024,BAL,,CIN,W 24-21,0,0,0,,0.0,,,0.0,,,0.0,0.0,0,0,0,0.0,0,1,0,0.0%,2018
10,11.0,2018-11-25,11.0,12.0,25.031,BAL,,OAK,W 34-17,0,0,0,,0.0,,,0.0,,,0.0,0.0,0,2,0,0.0,2,1,0,0.0%,2018
11,12.0,2018-12-02,12.0,13.0,25.038,BAL,@,ATL,W 26-16,0,0,0,,0.0,,,0.0,,,0.0,0.0,0,0,0,0.0,0,0,0,,2018
12,13.0,2018-12-09,13.0,14.0,25.045,BAL,@,KAN,L 24-27,0,0,0,,0.0,,,0.0,,,0.0,0.0,0,0,0,0.0,0,0,0,,2018
13,14.0,2018-12-16,14.0,15.0,25.052,BAL,,TAM,W 20-12,0,0,0,,0.0,,,0.0,,,0.0,0.0,0,1,0,0.0,1,2,0,0.0%,2018
14,15.0,2018-12-22,15.0,16.0,25.058,BAL,@,LAC,W 22-10,0,0,0,,0.0,,,0.0,,,0.0,0.0,0,0,0,0.0,0,0,0,,2018
15,16.0,2018-12-30,16.0,17.0,25.066,BAL,,CLE,W 26-24,0,0,0,,0.0,,,0.0,,,0.0,0.0,0,0,1,0.0,1,1,0,0.0%,2018
16,,16 Games,,,,,,,10-6-0,0,0,0,,,,,,,,,,0,6,1,1.0,8,16,3,15.8%,2018
