,Rk,Date,G#,Week,Age,Tm,Unnamed: 6_level_1,Opp,Result,Tgt,Rec,Yds,TD,1D,YBC,YBC/R,YAC,YAC/R,ADOT,BrkTkl,Rec/Br,Drop,Drop%,Int,Rat,Year
0,1.0,2018-09-09,1.0,1.0,23.003,BAL,,BUF,W 47-3,4,3,31,0,2.0,21,7.0,10,3.3,8.8,0,,0,0.0,0,96.9,2018
1,2.0,2018-09-13,2.0,2.0,23.007,BAL,@,CIN,L 23-34,4,3,17,1,3.0,16,5.3,1,0.3,5.3,0,,0,0.0,0,121.9,2018
2,3.0,2018-09-23,3.0,3.0,23.017,BAL,,DEN,W 27-14,3,2,59,0,2.0,33,16.5,26,13.0,17.7,0,,0,0.0,0,109.7,2018
3,4.0,2018-09-30,4.0,4.0,23.024,BAL,@,PIT,W 26-14,2,2,12,0,1.0,5,2.5,7,3.5,2.5,0,,0,0.0,0,91.7,2018
4,5.0,2018-10-07,5.0,5.0,23.031,BAL,@,CLE,L 9-12,3,1,16,0,1.0,11,11.0,5,5.0,12.7,0,,0,0.0,0,52.1,2018
5,6.0,2018-10-14,6.0,6.0,23.038,BAL,@,TEN,W 21-0,4,2,20,0,2.0,17,8.5,3,1.5,4.3,0,,0,0.0,0,64.6,2018
6,7.0,2018-10-21,7.0,7.0,23.045,BAL,,NOR,L 23-24,1,1,8,1,1.0,7,7.0,1,1.0,7.0,0,,0,0.0,0,139.6,2018
7,8.0,2018-10-28,8.0,8.0,23.052,BAL,@,CAR,L 21-36,5,4,31,0,3.0,20,5.0,11,2.8,6.8,0,,1,20.0,0,92.5,2018
8,9.0,2018-11-04,9.0,9.0,23.059,BAL,,PIT,L 16-23,6,3,50,0,2.0,38,12.7,12,4.0,14.8,0,,0,0.0,0,78.5,2018
9,10.0,2018-11-18,10.0,11.0,23.073,BAL,,CIN,W 24-21,1,1,19,0,1.0,18,18.0,1,1.0,18.0,0,,0,0.0,0,118.7,2018
10,11.0,2018-11-25,11.0,12.0,23.08,BAL,,OAK,W 34-17,1,1,74,0,1.0,36,36.0,38,38.0,36.0,0,,0,0.0,0,118.7,2018
11,12.0,2018-12-02,12.0,13.0,23.087,BAL,@,ATL,W 26-16,3,3,47,0,2.0,38,12.7,9,3.0,12.7,0,,0,0.0,0,118.7,2018
12,13.0,2018-12-09,13.0,14.0,23.094,BAL,@,KAN,L 24-27,2,0,0,0,,0,,0,,5.5,0,,1,50.0,0,39.6,2018
13,14.0,2018-12-16,14.0,15.0,23.101,BAL,,TAM,W 20-12,4,2,31,0,2.0,26,13.0,5,2.5,11.5,0,,1,25.0,0,76.0,2018
14,15.0,2018-12-22,15.0,16.0,23.107,BAL,@,LAC,W 22-10,2,2,83,1,2.0,39,19.5,44,22.0,19.5,1,2.0,0,0.0,0,158.3,2018
15,16.0,2018-12-30,16.0,17.0,23.115,BAL,,CLE,W 26-24,5,4,54,0,3.0,44,11.0,10,2.5,10.8,0,,0,0.0,0,111.7,2018
16,,16 Games,,,,,,,10-6-0,50,34,552,3,28.0,369,10.9,183,5.4,10.8,1,34.0,3,6.0,0,124.7,2018
