,Rk,Date,G#,Week,Age,Tm,Unnamed: 6_level_1,Opp,Result,Int,Tgt,Cmp,Cmp%,Yds,Yds/Cmp,Yds/Tgt,TD,Rat,DADOT,Air,YAC,Bltz,Hrry,QBKD,Sk,Prss,Comb,MTkl,MTkl%
0,1.0,2018-09-10,1.0,1.0,23.298,DET,,NYJ,L 17-48,0,2,2,100.0%,16,8.0,8.0,0,100.0,0.5,1,15,1,1,0,0.0,1,4,2,33.3%
1,2.0,2018-09-16,2.0,2.0,23.304,DET,@,SFO,L 27-30,0,2,1,50.0%,16,16.0,8.0,0,77.1,11.0,4,12,5,0,1,2.0,3,6,3,33.3%
2,3.0,2018-09-23,3.0,3.0,23.311,DET,,NWE,W 26-10,0,5,4,80.0%,29,7.3,5.8,0,90.8,3.4,15,14,0,1,0,0.0,1,5,2,28.6%
3,4.0,2018-09-30,4.0,4.0,23.318,DET,@,DAL,L 24-26,0,4,4,100.0%,76,19.0,19.0,1,158.3,7.0,28,48,3,0,1,0.0,1,12,0,0.0%
4,5.0,2018-10-07,5.0,5.0,23.325,DET,,GNB,W 31-23,0,9,4,44.4%,29,7.3,3.2,1,89.6,0.8,0,29,2,1,1,0.0,2,8,3,27.3%
5,6.0,2018-10-21,6.0,7.0,23.339,DET,@,MIA,W 32-21,0,6,5,83.3%,17,3.4,2.8,0,79.2,1.3,12,5,7,1,0,1.0,2,7,0,0.0%
6,7.0,2018-10-28,7.0,8.0,23.346,DET,,SEA,L 14-28,0,0,0,,0,,,0,,,0,0,3,1,0,0.0,1,8,3,27.3%
7,8.0,2018-11-04,8.0,9.0,23.353,DET,@,MIN,L 9-24,0,2,2,100.0%,10,5.0,5.0,0,87.5,-4.5,-9,19,1,0,0,0.0,0,1,0,0.0%
8,9.0,2018-11-11,9.0,10.0,23.36,DET,@,CHI,L 22-34,0,3,3,100.0%,21,7.0,7.0,0,95.8,4.0,12,9,3,0,0,0.0,0,6,1,14.3%
9,10.0,2018-11-18,10.0,11.0,24.002,DET,,CAR,W 20-19,0,1,1,100.0%,5,5.0,5.0,0,87.5,3.0,3,2,6,0,0,1.0,1,6,0,0.0%
10,11.0,2018-11-22,11.0,12.0,24.006,DET,,CHI,L 16-23,0,4,2,50.0%,15,7.5,3.8,0,59.4,1.5,5,10,2,0,0,0.0,0,3,0,0.0%
11,12.0,2018-12-02,12.0,13.0,24.016,DET,,LAR,L 16-30,0,2,0,0.0%,12,,6.0,0,52.1,4.0,8,4,1,0,1,0.0,1,5,2,28.6%
12,13.0,2018-12-09,13.0,14.0,24.023,DET,@,ARI,W 17-3,0,4,2,50.0%,-1,-0.5,-0.3,0,56.2,-3.0,-11,10,8,0,0,1.0,1,8,0,0.0%
13,14.0,2018-12-16,14.0,15.0,24.03,DET,@,BUF,L 13-14,0,1,1,100.0%,4,4.0,4.0,0,83.3,2.0,2,2,5,0,0,0.0,0,9,1,10.0%
14,15.0,2018-12-23,15.0,16.0,24.037,DET,,MIN,L 9-27,0,3,3,100.0%,17,5.7,5.7,0,90.3,-1.0,-3,20,4,0,0,0.0,0,4,1,20.0%
15,16.0,2018-12-30,16.0,17.0,24.044,DET,@,GNB,W 31-0,0,4,2,50.0%,21,10.5,5.3,0,65.6,2.0,11,10,6,2,0,1.0,3,8,0,0.0%
16,,16 Games,,,,,,,6-10-0,0,52,36,69.2%,287,8.0,5.5,2,95.6,1.9,78,209,57,7,4,6.0,17,100,18,15.3%
