,Rk,Date,G#,Week,Age,Tm,Unnamed: 6_level_1,Opp,Result,Att,Yds,TD,1D,YBC,YBC/Att,YAC,YAC/Att,BrkTkl,Att/Br,Tgt,Rec,Yds,TD,1D,YBC,YBC/R,YAC,YAC/R,ADOT,BrkTkl,Rec/Br,Drop,Drop%,Int,Rat,Year
0,1.0,2018-09-10,1.0,1.0,31.279,DET,,NYJ,L 17-48,4,-3,0,,-3,-0.8,0,0.0,1,4.0,0,0,0,0,,0,,0,,,0,,0,0.0,,,2018
1,2.0,2018-09-16,2.0,2.0,31.285,DET,@,SFO,L 27-30,8,38,0,3.0,18,2.3,20,2.5,2,4.0,1,1,-3,0,0.0,-6,-6.0,3,3.0,-6.0,1,1.0,0,0.0,0.0,79.2,2018
2,3.0,2018-09-23,3.0,3.0,31.292,DET,,NWE,W 26-10,16,48,0,2.0,21,1.3,27,1.7,0,,2,2,17,0,1.0,6,3.0,11,5.5,3.0,0,,0,0.0,0.0,102.1,2018
3,4.0,2018-09-30,4.0,4.0,31.299,DET,@,DAL,L 24-26,7,12,0,,-4,-0.6,16,2.3,1,7.0,0,0,0,0,,0,,0,,,0,,0,0.0,,,2018
4,5.0,2018-10-07,5.0,5.0,31.306,DET,,GNB,W 31-23,12,22,2,4.0,14,1.2,8,0.7,0,,0,0,0,0,0.0,0,,0,,,0,,0,0.0,,,2018
5,6.0,2018-10-21,6.0,7.0,31.32,DET,@,MIA,W 32-21,10,50,1,4.0,33,3.3,17,1.7,0,,0,0,0,0,0.0,0,,0,,,0,,0,0.0,,,2018
6,7.0,2018-10-28,7.0,8.0,31.327,DET,,SEA,L 14-28,3,3,0,0.0,2,0.7,1,0.3,0,,1,1,23,0,1.0,-3,-3.0,26,26.0,-3.0,0,,0,0.0,0.0,118.7,2018
7,8.0,2018-11-04,8.0,9.0,31.334,DET,@,MIN,L 9-24,5,8,0,,4,0.8,4,0.8,0,,1,1,2,0,,-6,-6.0,8,8.0,-6.0,0,,0,0.0,0.0,79.2,2018
8,9.0,2018-11-11,9.0,10.0,31.341,DET,@,CHI,L 22-34,6,4,0,1.0,4,0.7,0,0.0,0,,0,0,0,0,0.0,0,,0,,,0,,0,0.0,,,2018
9,10.0,2018-11-18,10.0,11.0,31.348,DET,,CAR,W 20-19,7,1,0,,-6,-0.9,7,1.0,0,,0,0,0,0,,0,,0,,,0,,0,0.0,,,2018
10,11.0,2018-11-22,11.0,12.0,31.352,DET,,CHI,L 16-23,19,88,2,4.0,28,1.5,60,3.2,1,19.0,1,1,15,0,1.0,1,1.0,14,14.0,1.0,0,,0,0.0,0.0,118.7,2018
11,12.0,2018-12-02,12.0,13.0,31.362,DET,,LAR,L 16-30,16,61,0,4.0,30,1.9,31,1.9,1,16.0,1,0,0,0,0.0,0,,0,,-2.0,0,,0,0.0,0.0,39.6,2018
12,13.0,2018-12-09,13.0,14.0,32.004,DET,@,ARI,W 17-3,12,33,0,2.0,20,1.7,13,1.1,0,,3,2,18,0,1.0,-5,-2.5,23,11.5,-0.7,0,,0,0.0,0.0,82.6,2018
13,14.0,2018-12-16,14.0,15.0,32.011,DET,@,BUF,L 13-14,7,9,0,,-5,-0.7,14,2.0,1,7.0,1,0,0,0,,0,,0,,1.0,0,,0,0.0,0.0,39.6,2018
14,15.0,2018-12-23,15.0,16.0,32.018,DET,,MIN,L 9-27,11,29,0,1.0,11,1.0,18,1.6,0,,4,2,-5,0,0.0,-7,-3.5,2,1.0,-2.0,0,,2,50.0,0.0,56.2,2018
15,16.0,2018-12-30,16.0,17.0,32.025,DET,@,GNB,W 31-0,11,15,0,,3,0.3,12,1.1,0,,0,0,0,0,,0,,0,,,0,,0,0.0,,,2018
16,,16 Games,,,,,,,6-10-0,154,418,5,25.0,170,1.1,248,1.6,7,22.0,15,10,67,0,4.0,-20,-2.0,87,8.7,-1.3,1,10.0,2,13.3,0.0,76.2,2018
