,No.,Player,Age,Pos,Games Played,Games Started,Passes Intercepted on Defense,Yards Interceptions were Returned,Interceptions Returned for Touchdowns,Longest Interception Return,Passes Defended by Defensive Player,# Forced Fumble by Opp.,# Fumbled both Lost and Recovered by Own Team,Fumbles Recovered by Original Fumbler,Yards Recovered Fumbles were Returned,Fumbles Recovered for Touchdown,Sacks,Tackles Solo+Assisted,Solo Tackles,Assisted Tackles,Tackles for Loss,Quarterback Hits,Safeties Scored by Player/Team,Team,Year
57,57,Dre Greenlaw,25,RLB,15,15,1,0,0,0,6,2,0,2,23,1,0.0,127,82,45,3,0,0,49ers,2022
54,54,Fred Warner,26,MLB,17,17,1,20,0,20,10,1,0,0,0,0,2.0,130,79,51,3,6,0,49ers,2022
29,29,Talanoa Hufanga,23,SS,17,17,4,61,1,52,9,2,0,0,0,0,2.0,97,66,31,5,3,0,49ers,2022
35,35,Charvarius Ward,26,RCB,17,17,1,9,0,9,11,1,0,1,40,0,0.0,87,59,28,3,0,0,49ers,2022
38,38,Deommodore Lenoir,23,LCB,17,13,1,8,0,8,5,0,0,0,0,0,1.0,79,54,25,6,2,0,49ers,2022
97,97,Nick Bosa,25,RDE,16,16,0,0,0,0,1,2,0,0,0,0,18.5,51,41,10,19,48,0,49ers,2022
31,31,Tashaun Gipson,32,FS,17,17,5,141,0,56,8,0,0,0,0,0,0.5,61,43,18,1,1,0,49ers,2022
1,1,Jimmie Ward,31,DB,12,5,3,0,0,0,5,1,0,0,0,0,0.0,50,38,12,1,2,0,49ers,2022
51,51,Azeez Al-Shaair,25,LLB,12,9,0,0,0,0,0,0,0,1,5,0,0.0,44,20,24,1,1,0,49ers,2022
56,56,Samson Ebukam,27,LDE,15,15,0,0,0,0,1,1,0,1,0,0,5.0,36,21,15,7,13,0,49ers,2022
48,48,Oren Burks,27,LB,17,3,0,0,0,0,1,0,0,0,0,0,0.5,38,15,23,1,1,0,49ers,2022
98,98,Hassan Ridgeway,28,RDT,12,7,0,0,0,0,0,0,0,0,0,0,1.0,28,14,14,3,4,0,49ers,2022
4,4,Emmanuel Moseley,26,LCB,5,5,1,41,1,41,5,0,0,0,0,0,0.0,22,18,4,1,0,0,49ers,2022
30,30,George Odum,29,S,17,0,1,25,0,25,1,0,0,0,0,0,0.0,22,16,6,0,0,0,49ers,2022
45,45,Demetrius Flannigan-Fowles,26,LB,17,0,0,0,0,0,0,0,0,0,0,0,1.0,22,13,9,1,1,0,49ers,2022
26,26,Samuel Womack,23,CB,16,1,1,0,0,0,2,1,0,1,0,0,0.0,19,13,6,1,0,0,49ers,2022
90,90,Kevin Givens,25,LDT,13,11,0,0,0,0,1,0,0,0,0,0,2.0,20,11,9,7,3,0,49ers,2022
92,92,Charles Omenihu,25,DE,17,3,0,0,0,0,1,1,0,0,0,0,4.5,20,7,13,3,16,0,49ers,2022
92,92,Kerry Hyder,31,DE,16,1,0,0,0,0,3,0,0,1,0,0,1.0,19,10,9,1,4,0,49ers,2022
95,95,Drake Jackson,21,DE,15,0,1,0,0,0,8,0,0,0,0,0,3.0,14,8,6,3,6,0,49ers,2022
20,20,Ambry Thomas,23,CB,15,0,0,0,0,0,0,0,0,0,0,0,0.0,13,9,4,0,0,0,49ers,2022
75,75,Jordan Willis,27,DE,9,0,0,0,0,0,0,1,0,1,0,0,2.0,12,6,6,3,4,0,49ers,2022
91,91,Arik Armstead,29,RDT,9,9,0,0,0,0,0,0,0,0,0,0,0.0,11,8,3,2,4,0,49ers,2022
33,33,Tarvarius Moore,26,DB,13,0,0,0,0,0,0,0,0,0,0,0,0.0,8,7,1,0,0,0,49ers,2022
55,55,Akeem Spence,31,DT,7,0,0,0,0,0,0,0,0,0,0,0,0.0,10,4,6,0,0,0,49ers,2022
96,96,T.Y. McGill,30,DT,9,0,0,0,0,0,0,0,0,0,0,0,0.0,8,5,3,2,2,0,49ers,2022
89,89,Charlie Woerner,25,TE,17,2,0,0,0,0,0,0,0,0,0,0,0.0,6,4,2,0,0,0,49ers,2022
24,24,Jordan Mason,23,RB,16,0,0,0,0,0,0,0,0,0,0,0,0.0,6,2,4,0,0,0,49ers,2022
11,11,Brandon Aiyuk,24,WR,17,17,0,0,0,0,0,0,1,0,0,0,0.0,3,3,0,0,0,0,49ers,2022
99,99,Javon Kinlaw,25,LDT,6,6,0,0,0,0,0,0,0,0,0,0,0.0,4,2,2,0,0,0,49ers,2022
19,19,Deebo Samuel,26,WR,13,12,0,0,0,0,0,0,3,1,0,0,0.0,1,1,0,0,0,0,49ers,2022
20,20,Jackrabbit Jenkins,34,DB,2,0,0,0,0,0,0,0,0,0,0,0,0.0,3,2,1,0,0,0,49ers,2022
85,85,George Kittle,29,TE,15,15,0,0,0,0,0,1,1,0,0,0,0.0,2,2,0,0,0,0,49ers,2022
22,22,Jeff Wilson,27,RB,8,6,0,0,0,0,0,0,2,1,0,0,0.0,1,1,0,0,0,0,49ers,2022
50,50,Michael Dwumfour,24,DT,2,0,0,0,0,0,0,0,0,1,0,0,0.0,2,1,1,0,0,0,49ers,2022
9,9,Robbie Gould,40,K,17,0,0,0,0,0,0,0,0,0,0,0,0.0,2,2,0,0,0,0,49ers,2022
15,15,Jauan Jennings,25,WR,16,4,0,0,0,0,0,0,1,0,0,0,0.0,2,1,1,0,0,0,49ers,2022
5,5,Trey Lance,22,QB,2,2,0,0,0,0,0,0,1,1,-5,0,0.0,1,1,0,0,0,0,49ers,2022
3,3,Ray-Ray McCloud,26,WR,17,2,0,0,0,0,0,0,2,2,0,0,0.0,0,0,0,0,0,0,49ers,2022
82,82,Ross Dwelley,27,TE,12,0,0,0,0,0,0,0,0,2,0,0,0.0,1,0,1,0,0,0,49ers,2022
10,10,Jimmy Garoppolo,31,QB,11,10,0,0,0,0,0,0,3,0,0,0,0.0,0,0,0,0,0,0,49ers,2022
60,60,Daniel Brunskill,28,G,14,2,0,0,0,0,0,0,0,0,0,0,0.0,1,1,0,0,0,0,49ers,2022
74,74,Spencer Burford,22,RG,16,16,0,0,0,0,0,1,0,0,0,0,0.0,1,1,0,0,0,0,49ers,2022
28,28,Tevin Coleman,29,RB,5,0,0,0,0,0,0,0,0,0,0,0,0.0,1,1,0,0,0,0,49ers,2022
44,44,Kyle Juszczyk,31,FB,16,12,0,0,0,0,0,1,0,0,0,0,0.0,1,1,0,0,0,0,49ers,2022
53,53,Kemoko Turay,27,DE,3,0,0,0,0,0,0,0,0,0,0,0,0.0,1,1,0,0,0,0,49ers,2022
17,17,Malik Turner,26,WR,3,0,0,0,0,0,0,0,0,0,0,0,0.0,2,0,2,0,0,0,49ers,2022
18,18,Mitch Wishnowsky,30,P,17,0,0,0,0,0,0,0,0,0,0,0,0.0,1,1,0,0,0,0,49ers,2022
64,64,Jake Brendel,30,C,17,17,0,0,0,0,0,0,1,0,0,0,0.0,0,0,0,0,0,0,49ers,2022
6,6,Danny Gray,23,WR,13,0,0,0,0,0,0,0,0,0,0,0,0.0,1,0,1,0,0,0,49ers,2022
47,47,Tyler Kroft,30,TE,11,4,0,0,0,0,0,0,0,0,0,0,0.0,1,0,1,0,0,0,49ers,2022
25,25,Marlon Mack,26,RB,2,0,0,0,0,0,0,0,0,1,0,0,0.0,0,0,0,0,0,0,49ers,2022
23,23,Christian McCaffrey,26,RB,11,10,0,0,0,0,0,0,1,0,0,0,0.0,0,0,0,0,0,0,49ers,2022
