,Rk,Date,G#,Week,Age,Tm,Unnamed: 6_level_1,Opp,Result,Tgt,Rec,Yds,TD,1D,YBC,YBC/R,YAC,YAC/R,ADOT,BrkTkl,Rec/Br,Drop,Drop%,Int,Rat,Att,Yds,TD,1D,YBC,YBC/Att,YAC,YAC/Att,BrkTkl,Att/Br,Year
0,1.0,2019-09-22,3.0,3.0,24.25,SEA,,NOR,L 27-33,2,1,29,0,1.0,28,28.0,1,1.0,21.0,0,,0,0.0,0.0,95.8,0,0,0,0.0,0,,0,,0,,2019
1,2.0,2019-09-29,4.0,4.0,24.257,SEA,@,ARI,W 27-10,2,1,9,0,,5,5.0,4,4.0,7.0,0,,0,0.0,0.0,62.5,0,0,0,,0,,0,,0,,2019
2,3.0,2019-10-03,5.0,5.0,24.261,SEA,,LAR,W 30-29,2,1,10,1,1.0,-2,-2.0,12,12.0,3.5,1,1.0,0,0.0,0.0,104.2,0,0,0,0.0,0,,0,,0,,2019
3,4.0,2019-10-13,6.0,6.0,24.271,SEA,@,CLE,W 32-28,4,3,36,0,3.0,26,8.7,10,3.3,13.5,1,3.0,0,0.0,0.0,102.1,0,0,0,0.0,0,,0,,0,,2019
4,5.0,2019-10-20,7.0,7.0,24.278,SEA,,BAL,L 16-30,3,1,14,0,1.0,6,6.0,8,8.0,22.3,1,1.0,1,33.3,0.0,49.3,0,0,0,0.0,0,,0,,0,,2019
5,6.0,2019-10-27,8.0,8.0,24.285,SEA,@,ATL,W 27-20,4,1,23,0,1.0,5,5.0,18,18.0,15.8,0,,0,0.0,0.0,51.0,1,2,0,0.0,0,0.0,2,2.0,0,,2019
6,7.0,2019-11-03,9.0,9.0,24.292,SEA,,TAM,W 40-34,4,2,18,0,2.0,5,2.5,13,6.5,7.0,0,,0,0.0,0.0,62.5,0,0,0,0.0,0,,0,,0,,2019
7,8.0,2019-11-11,10.0,10.0,24.3,SEA,@,SFO,W 27-24,1,0,0,0,,0,,0,,-1.0,0,,0,0.0,0.0,39.6,0,0,0,,0,,0,,0,,2019
8,9.0,2019-11-24,11.0,12.0,24.313,SEA,@,PHI,W 17-9,2,1,31,0,1.0,31,31.0,0,0.0,30.0,0,,0,0.0,1.0,56.2,1,4,0,0.0,0,0.0,4,4.0,1,1.0,2019
9,10.0,2019-12-02,12.0,13.0,24.321,SEA,,MIN,W 37-30,4,2,65,1,1.0,31,15.5,34,17.0,13.3,0,,0,0.0,0.0,135.4,0,0,0,0.0,0,,0,,0,,2019
10,11.0,2019-12-08,13.0,14.0,24.327,SEA,@,LAR,L 12-28,2,1,15,0,1.0,14,14.0,1,1.0,22.5,0,,0,0.0,0.0,75.0,0,0,0,0.0,0,,0,,0,,2019
11,12.0,2019-12-15,14.0,15.0,24.334,SEA,@,CAR,W 30-24,0,0,0,0,,0,,0,,,0,,0,0.0,,,0,0,0,,0,,0,,0,,2019
12,13.0,2019-12-22,15.0,16.0,24.341,SEA,,ARI,L 13-27,2,1,21,0,0.0,10,10.0,11,11.0,18.0,0,,0,0.0,0.0,87.5,1,19,0,1.0,8,8.0,11,11.0,0,,2019
13,14.0,2019-12-29,16.0,17.0,24.348,SEA,,SFO,L 21-26,2,2,30,0,2.0,14,7.0,16,8.0,7.0,0,,0,0.0,0.0,118.7,0,0,0,0.0,0,,0,,0,,2019
14,,14 Games,,,,,,,9-5-0,34,17,301,2,14.0,173,10.2,128,7.5,14.2,3,5.7,1,2.9,1.0,88.0,3,25,0,1.0,8,2.7,17,5.7,1,3.0,2019
