,Rk,Date,G#,Week,Age,Tm,Unnamed: 6_level_1,Opp,Result,Int,Tgt,Cmp,Cmp%,Yds,Yds/Cmp,Yds/Tgt,TD,Rat,DADOT,Air,YAC,Bltz,Hrry,QBKD,Sk,Prss,Comb,MTkl,MTkl%
0,1.0,2021-09-12,1.0,1.0,23.237,ARI,@,TEN,W 38-13,0,8,4,50.0%,64,16.0,8.0,0,77.1,10.8,42,22,0,0,0,0.0,0,4,0,0.0%
1,2.0,2021-09-19,2.0,2.0,23.244,ARI,,MIN,W 34-33,0,6,3,50.0%,85,28.3,14.2,1,135.4,15.2,51,34,0,0,0,0.0,0,3,0,0.0%
2,3.0,2021-09-26,3.0,3.0,23.251,ARI,@,JAX,W 31-19,2,6,4,66.7%,40,10.0,6.7,0,45.8,2.8,15,25,3,0,0,0.0,0,4,2,33.3%
3,4.0,2021-10-03,4.0,4.0,23.258,ARI,@,LAR,W 37-20,1,7,3,42.9%,50,16.7,7.1,0,28.0,15.3,37,13,0,0,0,0.0,0,3,1,25.0%
4,5.0,2021-10-17,6.0,6.0,23.272,ARI,@,CLE,W 37-14,0,9,5,55.6%,71,14.2,7.9,0,81.2,8.1,53,18,1,0,0,0.0,0,6,0,0.0%
5,6.0,2021-10-24,7.0,7.0,23.279,ARI,,HOU,W 31-5,0,7,5,71.4%,48,9.6,6.9,0,90.2,5.1,26,22,0,0,0,0.0,0,4,0,0.0%
6,7.0,2021-10-28,8.0,8.0,23.283,ARI,,GNB,L 21-24,0,7,5,71.4%,30,6.0,4.3,2,119.0,1.4,11,19,2,1,0,0.0,1,6,0,0.0%
7,8.0,2021-11-07,9.0,9.0,23.293,ARI,@,SFO,W 31-17,0,3,2,66.7%,26,13.0,8.7,0,93.7,17.0,23,3,1,0,0,0.0,0,4,1,20.0%
8,9.0,2021-11-14,10.0,10.0,23.3,ARI,,CAR,L 10-34,0,5,2,40.0%,12,6.0,2.4,0,47.9,2.6,6,6,1,0,0,0.0,0,4,1,20.0%
9,10.0,2021-11-21,11.0,11.0,23.307,ARI,@,SEA,W 23-13,0,3,2,66.7%,20,10.0,6.7,0,85.4,3.3,14,6,2,0,0,0.0,0,1,0,0.0%
10,11.0,2021-12-05,12.0,13.0,23.321,ARI,@,CHI,W 33-22,1,8,6,75.0%,45,7.5,5.6,0,48.4,3.9,8,37,3,0,0,0.5,1,6,0,0.0%
11,12.0,2021-12-13,13.0,14.0,23.329,ARI,,LAR,L 23-30,0,7,6,85.7%,80,13.3,11.4,0,114.3,14.4,59,21,1,1,0,0.0,1,3,1,25.0%
12,13.0,2021-12-19,14.0,15.0,23.335,ARI,@,DET,L 12-30,0,6,5,83.3%,52,10.4,8.7,1,142.4,9.7,43,9,0,0,0,0.0,0,2,0,0.0%
13,14.0,2021-12-25,15.0,16.0,23.341,ARI,,IND,L 16-22,0,5,3,60.0%,32,10.7,6.4,0,78.7,2.2,10,22,1,0,0,0.0,0,4,1,20.0%
14,15.0,2022-01-02,16.0,17.0,23.349,ARI,@,DAL,W 25-22,0,10,8,80.0%,74,9.3,7.4,1,130.8,6.3,49,25,3,1,0,0.0,1,7,0,0.0%
15,16.0,2022-01-09,17.0,18.0,23.356,ARI,,SEA,L 30-38,0,1,1,100.0%,2,2.0,2.0,0,79.2,-4.0,-4,6,2,0,0,0.0,0,3,0,0.0%
16,,16 Games,,,,,,,10-6-0,4,98,64,65.3%,731,11.4,7.5,5,87.6,7.7,443,288,20,3,0,0.5,4,64,7,9.9%
