,Rk,Date,G#,Week,Age,Tm,Unnamed: 6_level_1,Opp,Result,Int,Tgt,Cmp,Cmp%,Yds,Yds/Cmp,Yds/Tgt,TD,Rat,DADOT,Air,YAC,Bltz,Hrry,QBKD,Sk,Prss,Comb,MTkl,MTkl%
0,1.0,2021-09-12,1.0,1.0,29.077,ARI,@,TEN,W 38-13,0,2,2,100.0%,10,5.0,5.0,0,87.5,2.5,5,5,2,0,0,0.0,0,4,0,0.0%
1,2.0,2021-09-19,2.0,2.0,29.084,ARI,,MIN,W 34-33,0,3,2,66.7%,26,13.0,8.7,0,93.7,-0.7,-6,32,6,1,0,0.0,1,6,1,14.3%
2,3.0,2021-09-26,3.0,3.0,29.091,ARI,@,JAX,W 31-19,0,5,3,60.0%,26,8.7,5.2,0,73.7,10.6,16,10,3,0,0,1.0,1,12,0,0.0%
3,4.0,2021-10-03,4.0,4.0,29.098,ARI,@,LAR,W 37-20,0,4,3,75.0%,27,9.0,6.8,0,92.7,0.5,0,27,1,0,0,0.0,0,8,0,0.0%
4,5.0,2021-10-10,5.0,5.0,29.105,ARI,,SFO,W 17-10,0,1,1,100.0%,16,16.0,16.0,0,118.7,10.0,10,6,1,0,0,0.0,0,6,3,33.3%
5,6.0,2021-10-17,6.0,6.0,29.112,ARI,@,CLE,W 37-14,0,2,1,50.0%,3,3.0,1.5,0,56.2,2.5,2,1,5,0,0,2.0,2,6,1,14.3%
6,7.0,2021-10-24,7.0,7.0,29.119,ARI,,HOU,W 31-5,0,2,2,100.0%,8,4.0,4.0,0,83.3,4.0,8,0,1,0,0,0.0,0,2,0,0.0%
7,8.0,2021-10-28,8.0,8.0,29.123,ARI,,GNB,L 21-24,0,3,2,66.7%,27,13.5,9.0,0,95.1,-3.0,-8,35,0,0,0,0.0,0,12,0,0.0%
8,9.0,2021-11-07,9.0,9.0,29.133,ARI,@,SFO,W 31-17,0,7,7,100.0%,65,9.3,9.3,1,144.9,4.1,29,36,0,0,0,0.0,0,8,2,20.0%
9,10.0,2021-11-14,10.0,10.0,29.14,ARI,,CAR,L 10-34,0,5,4,80.0%,14,3.5,2.8,0,79.2,1.6,3,11,3,1,0,0.0,1,10,0,0.0%
10,11.0,2021-11-21,11.0,11.0,29.147,ARI,@,SEA,W 23-13,0,5,2,40.0%,11,5.5,2.2,0,47.9,1.8,-3,14,8,0,0,0.0,0,8,0,0.0%
11,12.0,2021-12-05,12.0,13.0,29.161,ARI,@,CHI,W 33-22,0,9,8,88.9%,56,7.0,6.2,1,129.6,2.6,18,38,5,0,0,1.0,1,12,1,7.7%
12,13.0,2021-12-13,13.0,14.0,29.169,ARI,,LAR,L 23-30,0,3,3,100.0%,53,17.7,17.7,0,118.7,4.7,14,39,3,1,0,0.0,1,7,1,12.5%
13,14.0,2021-12-19,14.0,15.0,29.175,ARI,@,DET,L 12-30,0,4,3,75.0%,40,13.3,10.0,1,145.8,6.3,23,17,1,0,0,0.0,0,5,0,0.0%
14,15.0,2021-12-25,15.0,16.0,29.181,ARI,,IND,L 16-22,0,2,0,0.0%,0,,0.0,0,39.6,5.0,0,0,1,0,0,0.0,0,4,0,0.0%
15,16.0,2022-01-02,16.0,17.0,29.189,ARI,@,DAL,W 25-22,0,3,1,33.3%,9,9.0,3.0,0,42.4,1.7,5,4,6,0,0,0.0,0,1,0,0.0%
16,17.0,2022-01-09,17.0,18.0,29.196,ARI,,SEA,L 30-38,0,2,1,50.0%,23,23.0,11.5,0,91.7,12.0,7,16,3,0,1,0.0,1,5,0,0.0%
17,,17 Games,,,,,,,11-6-0,0,62,45,72.6%,414,9.2,6.7,3,106.5,3.5,123,291,49,3,1,4.0,8,116,9,7.2%
