,Rk,Date,G#,Week,Age,Tm,Unnamed: 6_level_1,Opp,Result,Int,Tgt,Cmp,Cmp%,Yds,Yds/Cmp,Yds/Tgt,TD,Rat,DADOT,Air,YAC,Bltz,Hrry,QBKD,Sk,Prss,Comb,MTkl,MTkl%,Year
0,1.0,2023-09-10,1.0,1.0,25.052,NOR,,TEN,W 16-15,0,0,0,,0,,,0,,,0,0,0,0,0,0.0,0,2.0,0,0.0%,2023
1,2.0,2023-09-18,2.0,2.0,25.06,NOR,@,CAR,W 20-17,0,0,0,,0,,,0,,,0,0,0,0,0,0.0,0,0.0,0,,2023
2,3.0,2023-09-24,3.0,3.0,25.066,NOR,@,GNB,L 17-18,0,0,0,,0,,,0,,,0,0,0,0,0,,0,,0,,2023
3,4.0,2023-10-01,4.0,4.0,25.073,NOR,,TAM,L 9-26,0,0,0,,0,,,0,,,0,0,0,0,0,0.0,0,1.0,0,0.0%,2023
4,5.0,2023-10-08,5.0,5.0,25.08,NOR,@,NWE,W 34-0,0,0,0,,0,,,0,,,0,0,0,0,0,0.0,0,2.0,0,0.0%,2023
5,6.0,2023-10-15,6.0,6.0,25.087,NOR,@,HOU,L 13-20,0,0,0,,0,,,0,,,0,0,1,0,0,0.0,0,0.0,0,,2023
6,7.0,2023-10-19,7.0,7.0,25.091,NOR,,JAX,L 24-31,0,0,0,,0,,,0,,,0,0,0,0,0,,0,,0,,2023
7,8.0,2023-10-29,8.0,8.0,25.101,NOR,@,IND,W 38-27,0,0,0,,0,,,0,,,0,0,0,0,0,,0,,0,,2023
8,9.0,2023-11-05,9.0,9.0,25.108,NOR,,CHI,W 24-17,0,0,0,,0,,,0,,,0,0,0,0,0,,0,,0,,2023
9,10.0,2023-11-12,10.0,10.0,25.115,NOR,@,MIN,L 19-27,0,0,0,,0,,,0,,,0,0,0,0,0,0.0,0,1.0,0,0.0%,2023
10,11.0,2023-11-26,11.0,12.0,25.129,NOR,@,ATL,L 15-24,0,0,0,,0,,,0,,,0,0,0,0,0,,0,,0,,2023
11,12.0,2023-12-03,12.0,13.0,25.136,NOR,,DET,L 28-33,0,0,0,,0,,,0,,,0,0,0,0,0,,0,,0,,2023
12,13.0,2023-12-10,13.0,14.0,25.143,NOR,,CAR,W 28-6,0,0,0,,0,,,0,,,0,0,0,0,0,0.0,0,1.0,0,0.0%,2023
13,14.0,2023-12-17,14.0,15.0,25.15,NOR,,NYG,W 24-6,0,0,0,,0,,,0,,,0,0,0,0,0,,0,,0,,2023
14,15.0,2023-12-21,15.0,16.0,25.154,NOR,@,LAR,L 22-30,0,0,0,,0,,,0,,,0,0,0,0,0,,0,,0,,2023
15,16.0,2023-12-31,16.0,17.0,25.164,NOR,@,TAM,W 23-13,0,0,0,,0,,,0,,,0,0,0,0,0,0.0,0,1.0,0,0.0%,2023
16,17.0,2024-01-07,17.0,18.0,25.171,NOR,,ATL,W 48-17,0,1,1,100.0%,5,5.0,5.0,0,87.5,-2.0,-2,7,0,0,0,0.0,0,4.0,0,0.0%,2023
17,,17 Games,,,,,,,9-8-0,0,1,1,100.0%,5,5.0,5.0,0,87.5,-2.0,-2,7,1,0,0,0.0,0,12.0,0,0.0%,2023
