,Rk,Date,G#,Week,Age,Tm,Unnamed: 6_level_1,Opp,Result,Int,Tgt,Cmp,Cmp%,Yds,Yds/Cmp,Yds/Tgt,TD,Rat,DADOT,Air,YAC,Bltz,Hrry,QBKD,Sk,Prss,Comb,MTkl,MTkl%,Year
0,1.0,2023-09-10,1.0,1.0,24.097,NOR,,TEN,W 16-15,0,2,1,50.0%,4,4.0,2.0,0,56.2,5.5,4,0,4,0,0,0.5,1,8,0,0.0%,2023
1,2.0,2023-09-18,2.0,2.0,24.105,NOR,@,CAR,W 20-17,0,6,5,83.3%,34,6.8,5.7,0,90.3,7.2,25,9,7,0,0,0.0,0,7,0,0.0%,2023
2,3.0,2023-09-24,3.0,3.0,24.111,NOR,@,GNB,L 17-18,0,8,8,100.0%,73,9.1,9.1,0,104.7,3.6,29,44,5,0,0,0.0,0,11,1,8.3%,2023
3,4.0,2023-10-01,4.0,4.0,24.118,NOR,,TAM,L 9-26,0,3,3,100.0%,17,5.7,5.7,0,90.3,3.7,11,6,4,0,0,0.0,0,8,1,11.1%,2023
4,5.0,2023-10-08,5.0,5.0,24.125,NOR,@,NWE,W 34-0,1,2,0,0.0%,0,,0.0,0,0.0,24.0,0,0,0,0,0,0.0,0,3,0,0.0%,2023
5,6.0,2023-10-15,6.0,6.0,24.132,NOR,@,HOU,L 13-20,0,4,2,50.0%,17,8.5,4.3,1,101.0,9.3,8,9,0,0,0,0.0,0,6,0,0.0%,2023
6,7.0,2023-10-19,7.0,7.0,24.136,NOR,,JAX,L 24-31,0,4,3,75.0%,23,7.7,5.8,0,88.5,0.0,7,16,1,0,0,0.0,0,4,0,0.0%,2023
7,8.0,2023-10-29,8.0,8.0,24.146,NOR,@,IND,W 38-27,0,3,3,100.0%,32,10.7,10.7,0,111.1,6.0,18,14,3,0,0,0.0,0,3,0,0.0%,2023
8,9.0,2023-11-05,9.0,9.0,24.153,NOR,,CHI,W 24-17,0,3,2,66.7%,20,10.0,6.7,0,85.4,-1.3,1,19,2,0,0,0.0,0,3,1,25.0%,2023
9,10.0,2023-11-12,10.0,10.0,24.16,NOR,@,MIN,L 19-27,0,5,4,80.0%,37,9.3,7.4,0,97.5,2.6,12,25,2,0,0,0.0,0,6,0,0.0%,2023
10,11.0,2023-11-26,11.0,12.0,24.174,NOR,@,ATL,L 15-24,0,3,2,66.7%,31,15.5,10.3,0,100.7,11.0,27,4,1,0,0,0.0,0,8,0,0.0%,2023
11,12.0,2023-12-10,13.0,14.0,24.188,NOR,,CAR,W 28-6,0,1,1,100.0%,4,4.0,4.0,0,83.3,1.0,1,3,0,0,0,0.0,0,2,0,0.0%,2023
12,13.0,2023-12-17,14.0,15.0,24.195,NOR,,NYG,W 24-6,0,4,3,75.0%,35,11.7,8.8,0,101.0,6.0,21,14,1,0,0,0.0,0,6,0,0.0%,2023
13,14.0,2023-12-21,15.0,16.0,24.199,NOR,@,LAR,L 22-30,0,0,0,,0,,,0,,,0,0,9,0,0,0.0,0,5,0,0.0%,2023
14,15.0,2023-12-31,16.0,17.0,24.209,NOR,@,TAM,W 23-13,0,9,8,88.9%,100,12.5,11.1,1,150.0,4.8,39,61,0,0,0,0.0,0,9,0,0.0%,2023
15,16.0,2024-01-07,17.0,18.0,24.216,NOR,,ATL,W 48-17,0,4,4,100.0%,23,5.8,5.8,0,90.6,-2.5,-10,33,1,1,0,0.0,1,4,1,20.0%,2023
16,,16 Games,,,,,,,9-7-0,1,61,49,80.3%,450,9.2,7.4,2,101.5,4.9,193,257,40,1,0,0.5,2,93,4,4.1%,2023
