,Rk,Date,G#,Week,Age,Tm,Unnamed: 6_level_1,Opp,Result,Int,Tgt,Cmp,Cmp%,Yds,Yds/Cmp,Yds/Tgt,TD,Rat,DADOT,Air,YAC,Bltz,Hrry,QBKD,Sk,Prss,Comb,MTkl,MTkl%,Year
0,1.0,2023-09-10,1.0,1.0,26.117,NOR,,TEN,W 16-15,0,2,0,0.0%,0,,0.0,0,39.6,-0.5,0,0,0,0,0,0.0,0,0.0,0,,2023
1,2.0,2023-09-18,2.0,2.0,26.125,NOR,@,CAR,W 20-17,0,0,0,,0,,,0,,,0,0,0,0,0,,0,,0,,2023
2,3.0,2023-09-24,3.0,3.0,26.131,NOR,@,GNB,L 17-18,0,0,0,,0,,,0,,,0,0,0,0,0,,0,,0,,2023
3,4.0,2023-10-01,4.0,4.0,26.138,NOR,,TAM,L 9-26,0,0,0,,0,,,0,,,0,0,0,0,0,,0,,0,,2023
4,5.0,2023-10-08,5.0,5.0,26.145,NOR,@,NWE,W 34-0,0,1,0,0.0%,0,,0.0,0,39.6,9.0,0,0,0,0,0,0.0,0,0.0,0,,2023
5,6.0,2023-10-15,6.0,6.0,26.152,NOR,@,HOU,L 13-20,0,0,0,,0,,,0,,,0,0,0,0,0,,0,,0,,2023
6,7.0,2023-10-19,7.0,7.0,26.156,NOR,,JAX,L 24-31,0,1,1,100.0%,7,7.0,7.0,0,95.8,6.0,6,1,0,0,0,0.0,0,1.0,0,0.0%,2023
7,8.0,2023-10-29,8.0,8.0,26.166,NOR,@,IND,W 38-27,0,1,0,0.0%,0,,0.0,0,39.6,11.0,0,0,0,0,0,0.0,0,0.0,0,,2023
8,9.0,2023-11-05,9.0,9.0,26.173,NOR,,CHI,W 24-17,0,0,0,,0,,,0,,,0,0,0,0,0,,0,,0,,2023
9,10.0,2023-11-12,10.0,10.0,26.18,NOR,@,MIN,L 19-27,0,0,0,,0,,,0,,,0,0,0,0,0,,0,,0,,2023
10,11.0,2023-11-26,11.0,12.0,26.194,NOR,@,ATL,L 15-24,0,0,0,,0,,,0,,,0,0,0,0,0,,0,,0,,2023
11,12.0,2023-12-03,12.0,13.0,26.201,NOR,,DET,L 28-33,0,0,0,,0,,,0,,,0,0,0,0,0,,0,,0,,2023
12,13.0,2023-12-10,13.0,14.0,26.208,NOR,,CAR,W 28-6,0,0,0,,0,,,0,,,0,0,1,0,0,0.0,0,0.0,0,,2023
13,14.0,2023-12-17,14.0,15.0,26.215,NOR,,NYG,W 24-6,0,0,0,,0,,,0,,,0,0,0,0,0,,0,,0,,2023
14,15.0,2023-12-21,15.0,16.0,26.219,NOR,@,LAR,L 22-30,0,1,1,100.0%,29,29.0,29.0,0,118.7,10.0,10,19,0,0,0,0.0,0,4.0,1,20.0%,2023
15,16.0,2023-12-31,16.0,17.0,26.229,NOR,@,TAM,W 23-13,0,0,0,,0,,,0,,,0,0,0,0,0,,0,,0,,2023
16,17.0,2024-01-07,17.0,18.0,26.236,NOR,,ATL,W 48-17,0,6,3,50.0%,45,15.0,7.5,0,75.0,4.0,16,29,2,0,0,0.0,0,7.0,0,0.0%,2023
17,,17 Games,,,,,,,9-8-0,0,12,5,41.7%,81,16.2,6.8,0,64.9,4.9,32,49,3,0,0,0.0,0,12.0,1,7.7%,2023
