,Rk,Date,G#,Week,Age,Tm,Unnamed: 6_level_1,Opp,Result,Int,Tgt,Cmp,Cmp%,Yds,Yds/Cmp,Yds/Tgt,TD,Rat,DADOT,Air,YAC,Bltz,Hrry,QBKD,Sk,Prss,Comb,MTkl,MTkl%,Year
0,1.0,2018-09-10,1.0,1.0,23.327,NYJ,@,DET,W 48-17,2,10,8,80.0%,43,5.4,4.3,0,45.0,2.3,17,26,4,0,0,0.0,0,7,1,12.5%,2018
1,2.0,2018-09-16,2.0,2.0,23.333,NYJ,,MIA,L 12-20,0,2,1,50.0%,1,1.0,0.5,0,56.2,2.5,-5,6,0,0,0,0.0,0,4,0,0.0%,2018
2,3.0,2018-09-20,3.0,3.0,23.337,NYJ,@,CLE,L 17-21,0,4,3,75.0%,48,16.0,12.0,0,114.6,13.3,35,13,6,0,1,0.0,1,7,1,12.5%,2018
3,4.0,2018-09-30,4.0,4.0,23.347,NYJ,@,JAX,L 12-31,0,6,4,66.7%,50,12.5,8.3,1,131.9,0.2,13,37,2,0,0,0.0,0,6,0,0.0%,2018
4,5.0,2018-10-07,5.0,5.0,23.354,NYJ,,DEN,W 34-16,0,11,10,90.9%,93,9.3,8.5,0,101.9,1.0,12,81,1,0,0,0.0,0,5,0,0.0%,2018
5,6.0,2018-10-14,6.0,6.0,23.361,NYJ,,IND,W 42-34,1,6,3,50.0%,32,10.7,5.3,0,26.4,9.2,9,23,2,0,0,0.0,0,8,1,11.1%,2018
6,7.0,2018-10-21,7.0,7.0,24.003,NYJ,,MIN,L 17-37,0,2,0,0.0%,0,,0.0,0,39.6,4.0,0,0,7,0,0,0.0,0,2,1,33.3%,2018
7,8.0,2018-10-28,8.0,8.0,24.01,NYJ,@,CHI,L 10-24,0,3,1,33.3%,10,10.0,3.3,0,43.7,6.0,9,1,7,0,0,0.0,0,4,1,20.0%,2018
8,9.0,2018-11-04,9.0,9.0,24.017,NYJ,@,MIA,L 6-13,0,3,2,66.7%,17,8.5,5.7,0,81.2,3.0,10,7,4,0,0,0.0,0,7,3,30.0%,2018
9,10.0,2018-11-11,10.0,10.0,24.024,NYJ,,BUF,L 10-41,0,1,1,100.0%,12,12.0,12.0,0,116.7,2.0,2,10,2,0,0,0.0,0,11,1,8.3%,2018
10,11.0,2018-11-25,11.0,12.0,24.038,NYJ,,NWE,L 13-27,0,3,1,33.3%,15,15.0,5.0,0,50.7,7.0,8,7,0,0,0,0.0,0,6,1,14.3%,2018
11,12.0,2018-12-02,12.0,13.0,24.045,NYJ,@,TEN,L 22-26,0,2,2,100.0%,13,6.5,6.5,0,93.7,4.0,8,5,1,0,0,0.0,0,7,2,22.2%,2018
12,,12 Games,,,,,,,3-9-0,3,53,36,67.9%,334,9.3,6.3,1,67.6,4.0,118,216,36,0,1,0.0,1,74,12,14.0%,2018
