,Rk,Date,G#,Week,Age,Tm,Unnamed: 6_level_1,Opp,Result,Int,Tgt,Cmp,Cmp%,Yds,Yds/Cmp,Yds/Tgt,TD,Rat,DADOT,Air,YAC,Bltz,Hrry,QBKD,Sk,Prss,Comb,MTkl,MTkl%
0,1.0,2019-09-08,1.0,1.0,21.279,CLE,,TEN,L 13-43,0,2,1,50.0%,16,16.0,8.0,0,77.1,12.5,15,1,1,0,0,0.0,0,2,0,0.0%
1,2.0,2019-09-16,2.0,2.0,21.287,CLE,@,NYJ,W 23-3,0,4,2,50.0%,18,9.0,4.5,0,62.5,9.0,12,6,0,0,0,0.0,0,3,0,0.0%
2,3.0,2019-10-27,7.0,8.0,21.328,CLE,@,NWE,L 13-27,0,8,5,62.5%,53,10.6,6.6,0,81.8,8.8,48,5,0,0,0,0.0,0,5,0,0.0%
3,4.0,2019-11-03,8.0,9.0,21.335,CLE,@,DEN,L 19-24,0,4,2,50.0%,6,3.0,1.5,0,56.2,4.0,5,1,0,0,0,0.0,0,3,1,25.0%
4,5.0,2019-11-10,9.0,10.0,21.342,CLE,,BUF,W 19-16,0,6,4,66.7%,50,12.5,8.3,0,92.4,13.2,42,8,0,0,0,0.0,0,3,0,0.0%
5,6.0,2019-11-14,10.0,11.0,21.346,CLE,,PIT,W 21-7,0,6,4,66.7%,46,11.5,7.7,0,89.6,18.3,40,6,0,0,0,0.0,0,7,0,0.0%
6,7.0,2019-11-24,11.0,12.0,21.356,CLE,,MIA,W 41-24,0,7,3,42.9%,32,10.7,4.6,0,56.8,12.7,18,14,0,0,0,0.0,0,2,2,50.0%
7,8.0,2019-12-01,12.0,13.0,21.363,CLE,@,PIT,L 13-20,0,4,2,50.0%,59,29.5,14.8,0,95.8,29.3,56,3,0,0,0,0.0,0,3,1,25.0%
8,9.0,2019-12-08,13.0,14.0,22.005,CLE,,CIN,W 27-19,0,9,5,55.6%,60,12.0,6.7,0,76.2,9.1,26,34,2,0,0,0.0,0,4,1,20.0%
9,10.0,2019-12-15,14.0,15.0,22.012,CLE,@,ARI,L 24-38,0,6,6,100.0%,89,14.8,14.8,0,118.7,5.7,34,55,0,0,0,0.0,0,9,0,0.0%
10,11.0,2019-12-22,15.0,16.0,22.019,CLE,,BAL,L 15-31,0,3,2,66.7%,15,7.5,5.0,0,78.5,13.3,4,11,0,0,0,0.0,0,3,0,0.0%
11,12.0,2019-12-29,16.0,17.0,22.026,CLE,@,CIN,L 23-33,0,3,2,66.7%,28,14.0,9.3,0,96.5,12.3,24,4,0,0,0,0.0,0,3,3,50.0%
12,,12 Games,,,,,,,5-7-0,0,62,38,61.3%,472,12.4,7.6,0,84.9,11.9,324,148,3,0,0,0.0,0,47,8,14.5%
