,Rk,Date,G#,Week,Age,Tm,Unnamed: 6_level_1,Opp,Result,Int,Tgt,Cmp,Cmp%,Yds,Yds/Cmp,Yds/Tgt,TD,Rat,DADOT,Air,YAC,Bltz,Hrry,QBKD,Sk,Prss,Comb,MTkl,MTkl%,Year
0,1.0,2019-09-22,3.0,3.0,26.049,CLE,,LAR,L 13-20,1,4,3,75.0%,39,13.0,9.8,0,65.6,11.3,34,5,4,1,0,0.0,1,4.0,0,0.0%,2019
1,2.0,2019-09-29,4.0,4.0,26.056,CLE,@,BAL,W 40-25,0,0,0,,0,,,0,,,0,0,0,0,0,,0,,0,,2019
2,3.0,2019-10-07,5.0,5.0,26.064,CLE,@,SFO,L 3-31,0,0,0,,0,,,0,,,0,0,0,0,0,0.0,0,1.0,0,0.0%,2019
3,4.0,2019-10-13,6.0,6.0,26.07,CLE,,SEA,L 28-32,0,0,0,,0,,,0,,,0,0,0,0,0,,0,,0,,2019
4,5.0,2019-10-27,7.0,8.0,26.084,CLE,@,NWE,L 13-27,0,1,1,100.0%,59,59.0,59.0,0,118.7,-4.0,-4,63,0,0,0,0.0,0,2.0,0,0.0%,2019
5,6.0,2019-11-03,8.0,9.0,26.091,CLE,@,DEN,L 19-24,0,0,0,,0,,,0,,,0,0,0,0,0,,0,,0,,2019
6,7.0,2019-11-10,9.0,10.0,26.098,CLE,,BUF,W 19-16,0,0,0,,0,,,0,,,0,0,0,0,0,0.0,0,1.0,0,0.0%,2019
7,8.0,2019-11-14,10.0,11.0,26.102,CLE,,PIT,W 21-7,1,3,1,33.3%,3,3.0,1.0,1,42.4,4.0,-6,9,3,0,0,1.0,1,5.0,0,0.0%,2019
8,9.0,2019-11-24,11.0,12.0,26.112,CLE,,MIA,W 41-24,0,7,5,71.4%,48,9.6,6.9,2,129.8,9.1,46,2,7,0,0,0.0,0,4.0,2,33.3%,2019
9,10.0,2019-12-01,12.0,13.0,26.119,CLE,@,PIT,L 13-20,0,0,0,,0,,,0,,,0,0,3,1,0,0.0,1,4.0,0,0.0%,2019
10,11.0,2019-12-08,13.0,14.0,26.126,CLE,,CIN,W 27-19,0,0,0,,0,,,0,,,0,0,3,0,1,0.0,1,3.0,0,0.0%,2019
11,12.0,2019-12-15,14.0,15.0,26.133,CLE,@,ARI,L 24-38,0,1,0,0.0%,0,,0.0,0,39.6,22.0,0,0,2,1,0,0.0,1,3.0,2,40.0%,2019
12,13.0,2019-12-22,15.0,16.0,26.14,CLE,,BAL,L 15-31,0,1,1,100.0%,7,7.0,7.0,0,95.8,5.0,5,2,2,0,0,0.0,0,3.0,1,25.0%,2019
13,14.0,2019-12-29,16.0,17.0,26.147,CLE,@,CIN,L 23-33,0,1,0,0.0%,0,,0.0,0,39.6,0.0,0,0,1,0,0,0.0,0,2.0,0,0.0%,2019
14,,14 Games,,,,,,,5-9-0,2,18,11,61.1%,156,14.2,8.7,3,89.1,8.0,75,81,25,3,1,1.0,5,32.0,5,13.5%,2019
