,Rk,Date,G#,Week,Age,Tm,Unnamed: 6_level_1,Opp,Result,Int,Tgt,Cmp,Cmp%,Yds,Yds/Cmp,Yds/Tgt,TD,Rat,DADOT,Air,YAC,Bltz,Hrry,QBKD,Sk,Prss,Comb,MTkl,MTkl%,Year
0,1.0,2021-09-12,1.0,1.0,26.323,LAR,,CHI,W 34-14,0,9,6,66.7%,44,7.3,4.9,0,78.0,3.9,27,17,0,0,0,0.0,0,9,0,0.0%,2021
1,2.0,2021-09-19,2.0,2.0,26.33,LAR,@,IND,W 27-24,1,5,2,40.0%,22,11.0,4.4,0,14.2,7.8,11,11,0,0,0,0.0,0,3,0,0.0%,2021
2,3.0,2021-09-26,3.0,3.0,26.337,LAR,,TAM,W 34-24,0,12,8,66.7%,59,7.4,4.9,0,78.1,5.5,9,50,4,2,0,0.0,2,8,0,0.0%,2021
3,4.0,2021-10-03,4.0,4.0,26.344,LAR,,ARI,L 20-37,0,4,1,25.0%,18,18.0,4.5,0,45.8,13.8,16,2,1,0,0,0.0,0,5,1,16.7%,2021
4,5.0,2021-10-07,5.0,5.0,26.348,LAR,@,SEA,W 26-17,0,10,6,60.0%,75,12.5,7.5,1,116.7,11.4,47,28,0,0,0,0.0,0,4,1,20.0%,2021
5,6.0,2021-10-17,6.0,6.0,26.358,LAR,@,NYG,W 38-11,0,4,4,100.0%,26,6.5,6.5,0,93.7,3.0,12,14,0,0,0,0.0,0,6,0,0.0%,2021
6,7.0,2021-10-24,7.0,7.0,27.0,LAR,,DET,W 28-19,1,5,4,80.0%,72,18.0,14.4,1,118.7,2.6,-1,73,3,0,1,0.0,1,6,0,0.0%,2021
7,8.0,2021-10-31,8.0,8.0,27.007,LAR,@,HOU,W 38-22,0,2,1,50.0%,8,8.0,4.0,0,60.4,6.0,8,0,3,0,0,0.0,0,2,0,0.0%,2021
8,9.0,2021-11-07,9.0,9.0,27.014,LAR,,TEN,L 16-28,1,3,1,33.3%,16,16.0,5.3,0,12.5,12.7,15,1,1,0,0,0.0,0,3,0,0.0%,2021
9,10.0,2021-11-15,10.0,10.0,27.022,LAR,@,SFO,L 10-31,0,2,0,0.0%,0,,0.0,0,39.6,9.0,0,0,2,0,0,0.0,0,4,0,0.0%,2021
10,11.0,2021-11-28,11.0,12.0,27.035,LAR,@,GNB,L 28-36,0,7,7,100.0%,48,6.9,6.9,0,95.2,5.0,35,13,1,1,0,0.0,1,6,2,25.0%,2021
11,12.0,2021-12-05,12.0,13.0,27.042,LAR,,JAX,W 37-7,0,4,1,25.0%,12,12.0,3.0,0,39.6,6.3,12,0,0,0,0,0.0,0,3,0,0.0%,2021
12,13.0,2021-12-21,14.0,15.0,27.058,LAR,,SEA,W 20-10,0,9,4,44.4%,36,9.0,4.0,0,55.8,13.0,18,18,1,0,0,0.0,0,5,0,0.0%,2021
13,14.0,2021-12-26,15.0,16.0,27.063,LAR,@,MIN,W 30-23,0,10,6,60.0%,40,6.7,4.0,0,68.7,9.8,27,13,0,0,0,0.0,0,7,0,0.0%,2021
14,15.0,2022-01-02,16.0,17.0,27.07,LAR,@,BAL,W 20-19,0,6,3,50.0%,28,9.3,4.7,0,63.2,7.7,23,5,0,0,0,0.0,0,3,0,0.0%,2021
15,16.0,2022-01-09,17.0,18.0,27.077,LAR,,SFO,L 24-27,1,6,4,66.7%,120,30.0,20.0,1,109.7,16.2,62,58,0,0,0,0.0,0,3,1,25.0%,2021
16,,16 Games,,,,,,,11-5-0,4,98,58,59.2%,624,10.8,6.4,3,71.1,8.4,321,303,16,3,1,0.0,4,77,5,6.1%,2021
