,Rk,Date,G#,Week,Age,Tm,Unnamed: 6_level_1,Opp,Result,Int,Tgt,Cmp,Cmp%,Yds,Yds/Cmp,Yds/Tgt,TD,Rat,DADOT,Air,YAC,Bltz,Hrry,QBKD,Sk,Prss,Comb,MTkl,MTkl%
0,1.0,2021-09-12,1.0,1.0,21.088,NYG,,DEN,L 13-27,0,0,0,,0,,,0,,,0,0,1,1,0,1.0,2,3,1,25.0%
1,2.0,2021-09-16,2.0,2.0,21.092,NYG,@,WAS,L 29-30,0,1,1,100.0%,12,12.0,12.0,0,116.7,6.0,6,6,0,3,0,1.0,4,1,0,0.0%
2,3.0,2021-09-26,3.0,3.0,21.102,NYG,,ATL,L 14-17,0,0,0,,0,,,0,,,0,0,1,0,0,1.0,1,3,0,0.0%
3,4.0,2021-10-03,4.0,4.0,21.109,NYG,@,NOR,W 27-21,0,0,0,,0,,,0,,,0,0,0,0,0,0.0,0,4,0,0.0%
4,5.0,2021-10-10,5.0,5.0,21.116,NYG,@,DAL,L 20-44,0,1,1,100.0%,7,7.0,7.0,0,95.8,-1.0,-1,8,0,0,0,0.0,0,3,2,40.0%
5,6.0,2021-10-17,6.0,6.0,21.123,NYG,,LAR,L 11-38,0,0,0,,0,,,0,,,0,0,0,0,0,0.0,0,2,0,0.0%
6,7.0,2021-10-24,7.0,7.0,21.13,NYG,,CAR,W 25-3,0,1,1,100.0%,1,1.0,1.0,0,79.2,-4.0,-4,5,1,1,1,2.5,5,5,0,0.0%
7,8.0,2021-11-01,8.0,8.0,21.138,NYG,@,KAN,L 17-20,0,2,2,100.0%,21,10.5,10.5,0,110.4,-3.0,-6,27,2,0,0,0.0,0,2,0,0.0%
8,9.0,2021-11-07,9.0,9.0,21.144,NYG,,LVR,W 23-16,0,2,2,100.0%,4,2.0,2.0,0,79.2,-4.0,-8,12,3,1,0,0.0,1,2,1,33.3%
9,10.0,2021-11-22,10.0,11.0,21.159,NYG,@,TAM,L 10-30,0,0,0,,0,,,0,,,0,0,0,0,0,0.0,0,2,0,0.0%
10,11.0,2021-11-28,11.0,12.0,21.165,NYG,,PHI,W 13-7,0,0,0,,0,,,0,,,0,0,0,3,0,0.0,3,5,0,0.0%
11,12.0,2021-12-05,12.0,13.0,21.172,NYG,@,MIA,L 9-20,0,0,0,,0,,,0,,,0,0,5,2,0,1.0,3,4,0,0.0%
12,13.0,2021-12-12,13.0,14.0,21.179,NYG,@,LAC,L 21-37,0,1,1,100.0%,5,5.0,5.0,0,87.5,-5.0,-5,10,4,0,1,1.0,2,2,0,0.0%
13,14.0,2021-12-19,14.0,15.0,21.186,NYG,,DAL,L 6-21,0,0,0,,0,,,0,,,0,0,4,1,0,0.5,2,4,0,0.0%
14,15.0,2021-12-26,15.0,16.0,21.193,NYG,@,PHI,L 10-34,0,0,0,,0,,,0,,,0,0,0,1,0,0.0,1,3,0,0.0%
15,16.0,2022-01-02,16.0,17.0,21.2,NYG,@,CHI,L 3-29,0,0,0,,0,,,0,,,0,0,1,1,0,0.0,1,1,0,0.0%
16,17.0,2022-01-09,17.0,18.0,21.207,NYG,,WAS,L 7-22,0,0,0,,0,,,0,,,0,0,1,0,2,0.0,2,3,1,25.0%
17,,17 Games,,,,,,,4-13-0,0,8,8,100.0%,50,6.3,6.3,0,92.7,-2.3,-18,68,23,14,4,8.0,27,49,5,9.3%
