,Rk,Date,G#,Week,Age,Tm,Unnamed: 6_level_1,Opp,Result,Int,Tgt,Cmp,Cmp%,Yds,Yds/Cmp,Yds/Tgt,TD,Rat,DADOT,Air,YAC,Bltz,Hrry,QBKD,Sk,Prss,Comb,MTkl,MTkl%,Year
0,1.0,2018-09-09,1.0,1.0,26.192,MIN,,SFO,W 24-16,0,6,4,66.7%,37,9.3,6.2,0,83.3,2.8,3,34,1,1,0,0.0,1,4,0,0.0%,2018
1,2.0,2018-09-16,2.0,2.0,26.199,MIN,@,GNB,T 29-29,0,5,3,60.0%,31,10.3,6.2,0,77.9,4.2,5,26,4,2,0,0.0,2,8,1,11.1%,2018
2,3.0,2018-09-23,3.0,3.0,26.206,MIN,,BUF,L 6-27,0,3,3,100.0%,82,27.3,27.3,1,158.3,8.7,26,56,2,0,0,0.0,0,9,0,0.0%,2018
3,4.0,2018-09-27,4.0,4.0,26.21,MIN,@,LAR,L 31-38,0,4,3,75.0%,55,18.3,13.8,0,116.7,6.3,27,28,6,0,0,0.0,0,7,1,12.5%,2018
4,5.0,2018-10-07,5.0,5.0,26.22,MIN,@,PHI,W 23-21,0,2,2,100.0%,17,8.5,8.5,1,141.7,8.0,16,1,3,0,0,0.0,0,6,1,14.3%,2018
5,6.0,2018-10-14,6.0,6.0,26.227,MIN,,ARI,W 27-17,0,1,1,100.0%,15,15.0,15.0,0,118.7,13.0,13,2,5,0,0,0.0,0,5,2,28.6%,2018
6,7.0,2018-10-21,7.0,7.0,26.234,MIN,@,NYJ,W 37-17,0,7,4,57.1%,70,17.5,10.0,0,91.4,6.4,23,47,2,0,0,0.0,0,5,2,28.6%,2018
7,8.0,2018-10-28,8.0,8.0,26.241,MIN,,NOR,L 20-30,0,3,2,66.7%,21,10.5,7.0,0,86.8,2.0,6,15,2,0,0,0.0,0,7,0,0.0%,2018
8,9.0,2018-11-04,9.0,9.0,26.248,MIN,,DET,W 24-9,0,5,4,80.0%,19,4.8,3.8,0,82.5,0.8,4,15,4,0,0,0.0,0,9,0,0.0%,2018
9,10.0,2018-11-18,10.0,11.0,26.262,MIN,@,CHI,L 20-25,0,6,5,83.3%,41,8.2,6.8,0,95.1,10.5,31,10,1,1,0,0.0,1,12,0,0.0%,2018
10,11.0,2018-11-25,11.0,12.0,26.269,MIN,,GNB,W 24-17,0,5,3,60.0%,42,14.0,8.4,0,87.1,10.4,27,15,2,1,0,0.0,1,7,1,12.5%,2018
11,12.0,2018-12-02,12.0,13.0,26.276,MIN,@,NWE,L 10-24,1,12,9,75.0%,75,8.3,6.3,0,55.9,0.5,-11,86,2,0,0,0.0,0,16,0,0.0%,2018
12,13.0,2018-12-10,13.0,14.0,26.284,MIN,@,SEA,L 7-21,1,2,1,50.0%,5,5.0,2.5,0,16.7,-9.0,-4,9,3,1,0,0.0,1,7,0,0.0%,2018
13,14.0,2018-12-16,14.0,15.0,26.29,MIN,,MIA,W 41-17,0,5,2,40.0%,14,7.0,2.8,0,47.9,4.6,4,10,2,0,0,1.0,1,6,0,0.0%,2018
14,,14 Games,,,,,,,7-6-1,2,66,46,69.7%,524,11.4,7.9,2,90.7,4.5,170,354,39,6,0,1.0,7,108,8,6.9%,2018
