,Rk,Date,G#,Week,Age,Tm,Unnamed: 6_level_1,Opp,Result,Int,Tgt,Cmp,Cmp%,Yds,Yds/Cmp,Yds/Tgt,TD,Rat,DADOT,Air,YAC,Bltz,Hrry,QBKD,Sk,Prss,Comb,MTkl,MTkl%
0,1.0,2018-09-09,1.0,1.0,28.082,MIN,,SFO,W 24-16,1,1,0,0.0%,0,,0.0,0,0.0,10.0,0,0,0,0,0,0.0,0,2,0,0.0%
1,2.0,2018-09-16,2.0,2.0,28.089,MIN,@,GNB,T 29-29,0,12,9,75.0%,70,7.8,5.8,1,116.7,8.8,57,13,0,0,0,0.0,0,8,0,0.0%
2,3.0,2018-09-23,3.0,3.0,28.096,MIN,,BUF,L 6-27,0,6,4,66.7%,38,9.5,6.3,0,84.0,7.8,23,15,0,0,0,0.0,0,2,1,33.3%
3,4.0,2018-09-27,4.0,4.0,28.1,MIN,@,LAR,L 31-38,0,4,3,75.0%,42,14.0,10.5,0,108.3,8.8,25,17,0,0,0,0.0,0,1,0,0.0%
4,5.0,2018-10-07,5.0,5.0,28.11,MIN,@,PHI,W 23-21,0,8,4,50.0%,63,15.8,7.9,0,76.6,12.0,39,24,0,0,0,0.0,0,3,0,0.0%
5,6.0,2018-10-14,6.0,6.0,28.117,MIN,,ARI,W 27-17,0,5,4,80.0%,41,10.3,8.2,0,100.8,4.8,30,11,0,0,0,0.0,0,5,0,0.0%
6,7.0,2018-10-21,7.0,7.0,28.124,MIN,@,NYJ,W 37-17,0,5,1,20.0%,25,25.0,5.0,0,47.9,28.8,10,15,0,0,0,0.0,0,3,0,0.0%
7,8.0,2018-11-04,9.0,9.0,28.138,MIN,,DET,W 24-9,0,6,4,66.7%,37,9.3,6.2,0,83.3,8.0,21,16,0,0,0,0.0,0,4,1,20.0%
8,9.0,2018-11-18,10.0,11.0,28.152,MIN,@,CHI,L 20-25,0,6,3,50.0%,37,12.3,6.2,0,69.4,9.8,30,7,0,0,0,0.0,0,4,0,0.0%
9,10.0,2018-11-25,11.0,12.0,28.159,MIN,,GNB,W 24-17,0,7,6,85.7%,71,11.8,10.1,1,148.5,11.3,42,29,0,0,0,0.0,0,5,0,0.0%
10,11.0,2018-12-02,12.0,13.0,28.166,MIN,@,NWE,L 10-24,0,3,2,66.7%,28,14.0,9.3,0,96.5,0.3,0,28,0,0,0,0.0,0,1,1,50.0%
11,12.0,2018-12-10,13.0,14.0,28.174,MIN,@,SEA,L 7-21,0,2,1,50.0%,14,14.0,7.0,0,72.9,8.5,14,0,0,0,0,0.0,0,1,0,0.0%
12,13.0,2018-12-16,14.0,15.0,28.18,MIN,,MIA,W 41-17,0,4,2,50.0%,20,10.0,5.0,0,64.6,8.0,9,11,0,0,0,0.0,0,2,0,0.0%
13,14.0,2018-12-23,15.0,16.0,28.187,MIN,@,DET,W 27-9,0,11,6,54.5%,71,11.8,6.5,0,74.4,14.2,48,23,0,0,0,0.0,0,6,0,0.0%
14,,14 Games,,,,,,,8-5-1,1,80,49,61.3%,557,11.4,7.0,2,85.3,10.7,348,209,0,0,0,0.0,0,47,3,6.0%
