,Rk,Date,G#,Week,Age,Tm,Unnamed: 6_level_1,Opp,Result,Int,Tgt,Cmp,Cmp%,Yds,Yds/Cmp,Yds/Tgt,TD,Rat,DADOT,Air,YAC,Bltz,Hrry,QBKD,Sk,Prss,Comb,MTkl,MTkl%
0,1.0,2022-09-18,2.0,2.0,21.285,NYG,,CAR,W 19-16,0,3,1,33.3%,13,13.0,4.3,0,47.9,12.3,9,4,0,0,0,0.0,0,5.0,1,16.7%
1,2.0,2022-09-26,3.0,3.0,21.293,NYG,,DAL,L 16-23,0,2,1,50.0%,4,4.0,2.0,0,56.2,18.0,4,0,0,0,0,0.0,0,2.0,0,0.0%
2,3.0,2022-10-02,4.0,4.0,21.299,NYG,,CHI,W 20-12,0,3,2,66.7%,31,15.5,10.3,0,100.7,6.3,14,17,0,0,0,0.0,0,4.0,0,0.0%
3,4.0,2022-10-09,5.0,5.0,21.306,NYG,@,GNB,W 27-22,0,1,1,100.0%,35,35.0,35.0,0,118.7,17.0,17,18,4,0,1,0.0,1,1.0,0,0.0%
4,5.0,2022-10-16,6.0,6.0,21.313,NYG,,BAL,W 24-20,0,5,4,80.0%,49,12.3,9.8,0,107.5,15.2,36,13,2,0,0,0.0,0,6.0,1,14.3%
5,6.0,2022-10-23,7.0,7.0,21.32,NYG,@,JAX,W 23-17,0,1,1,100.0%,12,12.0,12.0,0,116.7,9.0,9,3,0,0,0,0.0,0,1.0,0,0.0%
6,7.0,2022-10-30,8.0,8.0,21.327,NYG,@,SEA,L 13-27,0,0,0,,0,,,0,,,0,0,0,0,0,,0,,0,
7,8.0,2022-11-13,9.0,10.0,21.341,NYG,,HOU,W 24-16,1,6,6,100.0%,89,14.8,14.8,0,79.2,1.2,7,82,5,0,0,0.0,0,4.0,0,0.0%
8,9.0,2022-11-20,10.0,11.0,21.348,NYG,,DET,L 18-31,0,4,3,75.0%,32,10.7,8.0,0,97.9,7.0,19,13,2,0,0,0.0,0,2.0,1,33.3%
9,10.0,2022-11-24,11.0,12.0,21.352,NYG,@,DAL,L 20-28,0,0,0,,0,,,0,,,0,0,0,0,0,,0,,0,
10,11.0,2022-12-04,12.0,13.0,21.362,NYG,,WAS,T 20-20,0,0,0,,0,,,0,,,0,0,0,0,0,,0,,0,
11,12.0,2022-12-11,13.0,14.0,22.004,NYG,,PHI,L 22-48,0,0,0,,0,,,0,,,0,0,0,0,0,,0,,0,
12,13.0,2022-12-18,14.0,15.0,22.011,NYG,@,WAS,W 20-12,0,0,0,,0,,,0,,,0,0,0,0,0,,0,,0,
13,14.0,2022-12-24,15.0,16.0,22.017,NYG,@,MIN,L 24-27,0,0,0,,0,,,0,,,0,0,0,0,0,,0,,0,
14,15.0,2023-01-08,17.0,18.0,22.032,NYG,@,PHI,L 16-22,1,6,1,16.7%,7,7.0,1.2,0,0.0,12.0,7,0,3,1,0,0.0,1,6.0,0,0.0%
15,,15 Games,,,,,,,7-7-1,2,31,20,64.5%,272,13.6,8.8,0,65.5,9.7,122,150,16,1,1,0.0,2,31.0,3,8.8%
