,Rk,Date,G#,Week,Age,Tm,Unnamed: 6_level_1,Opp,Result,Tgt,Rec,Yds,TD,1D,YBC,YBC/R,YAC,YAC/R,ADOT,BrkTkl,Rec/Br,Drop,Drop%,Int,Rat
0,1.0,2022-09-18,2.0,2.0,25.249,NYG,,CAR,W 19-16,,,,,,,,,,,,,,0.0,,
1,2.0,2022-09-26,3.0,3.0,25.257,NYG,,DAL,L 16-23,,,,,,,,,,,,,,0.0,,
2,3.0,2022-10-02,4.0,4.0,25.263,NYG,,CHI,W 20-12,2.0,1.0,11.0,0.0,1.0,5.0,5.0,6.0,6.0,31.5,1.0,1.0,0.0,0.0,1.0,27.1
3,4.0,2022-10-09,5.0,5.0,25.27,NYG,@,GNB,W 27-22,7.0,6.0,79.0,0.0,5.0,55.0,9.2,24.0,4.0,10.4,1.0,6.0,0.0,0.0,0.0,113.7
4,5.0,2022-10-16,6.0,6.0,25.277,NYG,,BAL,W 24-20,3.0,1.0,18.0,0.0,1.0,17.0,17.0,1.0,1.0,12.0,0.0,,1.0,33.3,0.0,54.9
5,6.0,2022-10-23,7.0,7.0,25.284,NYG,@,JAX,W 23-17,6.0,3.0,58.0,1.0,3.0,52.0,17.3,6.0,2.0,15.7,0.0,,1.0,16.7,0.0,123.6
6,7.0,2022-10-30,8.0,8.0,25.291,NYG,@,SEA,L 13-27,6.0,5.0,66.0,0.0,4.0,58.0,11.6,8.0,1.6,12.3,0.0,,0.0,0.0,0.0,112.5
7,8.0,2022-11-13,9.0,10.0,25.305,NYG,,HOU,W 24-16,4.0,3.0,95.0,1.0,2.0,19.0,6.3,76.0,25.3,8.5,0.0,,0.0,0.0,0.0,156.2
8,9.0,2022-11-20,10.0,11.0,25.312,NYG,,DET,L 18-31,10.0,5.0,86.0,0.0,4.0,57.0,11.4,29.0,5.8,9.6,0.0,,2.0,20.0,1.0,40.0
9,10.0,2022-11-24,11.0,12.0,25.316,NYG,@,DAL,L 20-28,6.0,3.0,63.0,0.0,2.0,51.0,17.0,12.0,4.0,18.0,0.0,,1.0,16.7,0.0,87.5
10,11.0,2022-12-04,12.0,13.0,25.326,NYG,,WAS,T 20-20,8.0,6.0,90.0,0.0,3.0,55.0,9.2,35.0,5.8,16.8,0.0,,1.0,12.5,0.0,111.5
11,12.0,2022-12-11,13.0,14.0,25.333,NYG,,PHI,L 22-48,3.0,2.0,42.0,0.0,1.0,25.0,12.5,17.0,8.5,10.3,0.0,,1.0,33.3,0.0,109.7
12,13.0,2022-12-18,14.0,15.0,25.34,NYG,@,WAS,W 20-12,7.0,5.0,23.0,0.0,,21.0,4.2,2.0,0.4,4.4,0.0,,0.0,0.0,0.0,75.3
13,14.0,2022-12-24,15.0,16.0,25.346,NYG,@,MIN,L 24-27,6.0,4.0,79.0,0.0,4.0,36.0,9.0,43.0,10.8,13.7,0.0,,0.0,0.0,0.0,109.7
14,15.0,2023-01-01,16.0,17.0,25.354,NYG,,IND,W 38-10,3.0,2.0,14.0,0.0,,11.0,5.5,3.0,1.5,9.3,0.0,,0.0,0.0,0.0,77.1
15,16.0,2023-01-08,17.0,18.0,25.361,NYG,@,PHI,L 16-22,,,,,,,,,,,,,,0.0,,
16,,16 Games,,,,,,,8-7-1,71.0,46.0,724.0,2.0,30.0,462.0,10.0,262.0,5.7,12.5,2.0,23.0,7.0,9.9,2.0,96.2
