,Rk,Date,G#,Week,Age,Tm,Unnamed: 6_level_1,Opp,Result,Att,Yds,TD,1D,YBC,YBC/Att,YAC,YAC/Att,BrkTkl,Att/Br,Tgt,Rec,Yds,TD,1D,YBC,YBC/R,YAC,YAC/R,ADOT,BrkTkl,Rec/Br,Drop,Drop%,Int,Rat
0,1.0,2022-09-11,1.0,1.0,23.195,NYG,@,TEN,W 21-20,0.0,0.0,0.0,,0.0,,0.0,,0.0,,0.0,0.0,0.0,0.0,,0.0,,0.0,,,0.0,,0.0,0.0,,
1,2.0,2022-09-18,2.0,2.0,23.202,NYG,,CAR,W 19-16,1.0,14.0,0.0,1.0,5.0,5.0,9.0,9.0,0.0,,0.0,0.0,0.0,0.0,0.0,0.0,,0.0,,,0.0,,0.0,0.0,,
2,3.0,2022-09-26,3.0,3.0,23.21,NYG,,DAL,L 16-23,,,,,,,,,,,,,,,,,,,,,,,,0.0,,
3,4.0,2022-10-02,4.0,4.0,23.216,NYG,,CHI,W 20-12,1.0,0.0,0.0,,0.0,0.0,0.0,0.0,0.0,,0.0,0.0,0.0,0.0,,0.0,,0.0,,,0.0,,0.0,0.0,,
4,5.0,2022-10-09,5.0,5.0,23.223,NYG,@,GNB,W 27-22,2.0,5.0,1.0,1.0,3.0,1.5,2.0,1.0,0.0,,0.0,0.0,0.0,0.0,0.0,0.0,,0.0,,,0.0,,0.0,0.0,,
5,6.0,2022-10-16,6.0,6.0,23.23,NYG,,BAL,W 24-20,0.0,0.0,0.0,,0.0,,0.0,,0.0,,0.0,0.0,0.0,0.0,,0.0,,0.0,,,0.0,,0.0,0.0,,
6,7.0,2022-10-23,7.0,7.0,23.237,NYG,@,JAX,W 23-17,,,,,,,,,,,,,,,,,,,,,,,,0.0,,
7,8.0,2022-10-30,8.0,8.0,23.244,NYG,@,SEA,L 13-27,0.0,0.0,0.0,,0.0,,0.0,,0.0,,0.0,0.0,0.0,0.0,,0.0,,0.0,,,0.0,,0.0,0.0,,
8,9.0,2022-11-13,9.0,10.0,23.258,NYG,,HOU,W 24-16,0.0,0.0,0.0,,0.0,,0.0,,0.0,,0.0,0.0,0.0,0.0,,0.0,,0.0,,,0.0,,0.0,0.0,,
9,10.0,2022-11-20,10.0,11.0,23.265,NYG,,DET,L 18-31,0.0,0.0,0.0,,0.0,,0.0,,0.0,,0.0,0.0,0.0,0.0,,0.0,,0.0,,,0.0,,0.0,0.0,,
10,11.0,2022-11-24,11.0,12.0,23.269,NYG,@,DAL,L 20-28,5.0,31.0,0.0,2.0,30.0,6.0,1.0,0.2,0.0,,2.0,2.0,18.0,0.0,2.0,0.0,0.0,18.0,9.0,0.0,0.0,,0.0,0.0,0.0,104.2
11,12.0,2022-12-04,12.0,13.0,23.279,NYG,,WAS,T 20-20,0.0,0.0,0.0,,0.0,,0.0,,0.0,,0.0,0.0,0.0,0.0,,0.0,,0.0,,,0.0,,0.0,0.0,,
12,13.0,2022-12-11,13.0,14.0,23.286,NYG,,PHI,L 22-48,5.0,23.0,0.0,1.0,16.0,3.2,7.0,1.4,0.0,,3.0,2.0,18.0,0.0,2.0,3.0,1.5,15.0,7.5,1.0,1.0,2.0,0.0,0.0,0.0,82.6
13,14.0,2022-12-18,14.0,15.0,23.293,NYG,@,WAS,W 20-12,0.0,0.0,0.0,,0.0,,0.0,,0.0,,0.0,0.0,0.0,0.0,,0.0,,0.0,,,0.0,,0.0,0.0,,
14,15.0,2022-12-24,15.0,16.0,23.299,NYG,@,MIN,L 24-27,1.0,-1.0,0.0,,-1.0,-1.0,0.0,0.0,0.0,,0.0,0.0,0.0,0.0,,0.0,,0.0,,,0.0,,0.0,0.0,,
15,16.0,2023-01-01,16.0,17.0,23.307,NYG,,IND,W 38-10,5.0,9.0,0.0,1.0,6.0,1.2,3.0,0.6,0.0,,0.0,0.0,0.0,0.0,0.0,0.0,,0.0,,,0.0,,0.0,0.0,,
16,17.0,2023-01-08,17.0,18.0,23.314,NYG,@,PHI,L 16-22,11.0,60.0,0.0,3.0,23.0,2.1,37.0,3.4,1.0,11.0,3.0,1.0,3.0,0.0,0.0,1.0,1.0,2.0,2.0,1.3,0.0,,0.0,0.0,0.0,42.4
17,,17 Games,,,,,,,9-7-1,31.0,141.0,1.0,9.0,82.0,2.6,59.0,1.9,1.0,31.0,8.0,5.0,39.0,0.0,4.0,4.0,0.8,35.0,7.0,0.9,1.0,5.0,0.0,0.0,0.0,74.5
