,Rk,Date,G#,Week,Age,Tm,Unnamed: 6_level_1,Opp,Result,Tgt,Rec,Yds,TD,1D,YBC,YBC/R,YAC,YAC/R,ADOT,BrkTkl,Rec/Br,Drop,Drop%,Int,Rat,Att,Yds,TD,1D,YBC,YBC/Att,YAC,YAC/Att,BrkTkl,Att/Br,Year
0,1.0,2022-09-11,1.0,1.0,27.006,NYG,@,TEN,W 21-20,6.0,5.0,59.0,0.0,3.0,46.0,9.2,13.0,2.6,10.5,0.0,,1.0,16.7,0.0,107.6,1.0,2.0,0.0,0.0,2.0,2.0,0.0,0.0,0.0,,2022
1,2.0,2022-09-18,2.0,2.0,27.013,NYG,,CAR,W 19-16,6.0,5.0,51.0,0.0,2.0,40.0,8.0,11.0,2.2,8.7,0.0,,0.0,0.0,0.0,102.1,0.0,0.0,0.0,0.0,0.0,,0.0,,0.0,,2022
2,3.0,2022-09-26,3.0,3.0,27.021,NYG,,DAL,L 16-23,5.0,4.0,36.0,0.0,2.0,26.0,6.5,10.0,2.5,8.2,0.0,,0.0,0.0,0.0,96.7,1.0,4.0,0.0,0.0,0.0,0.0,4.0,4.0,1.0,1.0,2022
3,4.0,2022-10-02,4.0,4.0,27.027,NYG,,CHI,W 20-12,3.0,1.0,9.0,0.0,1.0,9.0,9.0,0.0,0.0,7.3,0.0,,0.0,0.0,0.0,42.4,0.0,0.0,0.0,0.0,0.0,,0.0,,0.0,,2022
4,5.0,2022-10-09,5.0,5.0,27.034,NYG,@,GNB,W 27-22,2.0,2.0,16.0,0.0,1.0,12.0,6.0,4.0,2.0,6.0,1.0,2.0,0.0,0.0,0.0,100.0,0.0,0.0,0.0,0.0,0.0,,0.0,,0.0,,2022
5,6.0,2022-10-16,6.0,6.0,27.041,NYG,,BAL,W 24-20,2.0,2.0,18.0,0.0,,8.0,4.0,10.0,5.0,4.0,0.0,,0.0,0.0,0.0,104.2,0.0,0.0,0.0,,0.0,,0.0,,0.0,,2022
6,7.0,2022-10-23,7.0,7.0,27.048,NYG,@,JAX,W 23-17,2.0,1.0,2.0,0.0,,-1.0,-1.0,3.0,3.0,6.5,0.0,,0.0,0.0,0.0,56.2,0.0,0.0,0.0,,0.0,,0.0,,0.0,,2022
7,8.0,2022-10-30,8.0,8.0,27.055,NYG,@,SEA,L 13-27,0.0,0.0,0.0,0.0,,0.0,,0.0,,,0.0,,0.0,0.0,,,0.0,0.0,0.0,,0.0,,0.0,,0.0,,2022
8,9.0,2022-11-13,9.0,10.0,27.069,NYG,,HOU,W 24-16,,,,,,,,,,,,,,0.0,,,,,,,,,,,,,2022
9,10.0,2022-11-20,10.0,11.0,27.076,NYG,,DET,L 18-31,3.0,3.0,48.0,1.0,3.0,26.0,8.7,22.0,7.3,8.7,0.0,,0.0,0.0,0.0,158.3,0.0,0.0,0.0,0.0,0.0,,0.0,,0.0,,2022
10,11.0,2022-11-24,11.0,12.0,27.08,NYG,@,DAL,L 20-28,6.0,5.0,41.0,1.0,3.0,30.0,6.0,11.0,2.2,5.5,0.0,,0.0,0.0,0.0,134.7,0.0,0.0,0.0,0.0,0.0,,0.0,,0.0,,2022
11,12.0,2022-12-04,12.0,13.0,27.09,NYG,,WAS,T 20-20,3.0,3.0,20.0,0.0,1.0,14.0,4.7,6.0,2.0,4.7,0.0,,0.0,0.0,0.0,94.4,0.0,0.0,0.0,0.0,0.0,,0.0,,0.0,,2022
12,13.0,2022-12-11,13.0,14.0,27.097,NYG,,PHI,L 22-48,9.0,7.0,61.0,1.0,2.0,47.0,6.7,14.0,2.0,6.8,0.0,,0.0,0.0,0.0,131.9,0.0,0.0,0.0,0.0,0.0,,0.0,,0.0,,2022
13,14.0,2022-12-18,14.0,15.0,27.104,NYG,@,WAS,W 20-12,5.0,4.0,42.0,0.0,3.0,26.0,6.5,16.0,4.0,5.8,0.0,,0.0,0.0,0.0,101.7,0.0,0.0,0.0,0.0,0.0,,0.0,,0.0,,2022
14,15.0,2022-12-24,15.0,16.0,27.11,NYG,@,MIN,L 24-27,11.0,8.0,90.0,0.0,4.0,64.0,8.0,26.0,3.3,7.4,0.0,,2.0,18.2,0.0,96.8,0.0,0.0,0.0,0.0,0.0,,0.0,,0.0,,2022
15,16.0,2023-01-01,16.0,17.0,27.118,NYG,,IND,W 38-10,7.0,7.0,76.0,1.0,4.0,46.0,6.6,30.0,4.3,6.6,0.0,,0.0,0.0,0.0,151.5,0.0,0.0,0.0,0.0,0.0,,0.0,,0.0,,2022
16,17.0,2023-01-08,17.0,18.0,27.125,NYG,@,PHI,L 16-22,0.0,0.0,0.0,0.0,,0.0,,0.0,,,0.0,,0.0,0.0,,,0.0,0.0,0.0,,0.0,,0.0,,0.0,,2022
17,,17 Games,,,,,,,9-7-1,70.0,57.0,569.0,4.0,29.0,393.0,6.9,176.0,3.1,7.2,1.0,57.0,3.0,4.3,0.0,119.6,2.0,6.0,0.0,0.0,2.0,1.0,4.0,2.0,1.0,2.0,2022
