,Rk,Date,G#,Week,Age,Tm,Unnamed: 6_level_1,Opp,Result,Att,Yds,TD,1D,YBC,YBC/Att,YAC,YAC/Att,BrkTkl,Att/Br,Tgt,Rec,Yds,TD,1D,YBC,YBC/R,YAC,YAC/R,ADOT,BrkTkl,Rec/Br,Drop,Drop%,Int,Rat,Year
0,1.0,2023-09-17,2.0,2.0,29.136,HOU,,IND,L 20-31,2.0,4.0,0.0,1.0,1.0,0.5,3.0,1.5,0.0,,0.0,0.0,0.0,0.0,0.0,0.0,,0.0,,,0.0,,0.0,0.0,,,2023
1,2.0,2023-10-29,7.0,8.0,29.178,HOU,@,CAR,L 13-15,,,,,,,,,,,,,,,,,,,,,,,,0.0,,,2023
2,3.0,2023-11-05,8.0,9.0,29.185,HOU,,TAM,W 39-37,0.0,0.0,0.0,,0.0,,0.0,,0.0,,0.0,0.0,0.0,0.0,,0.0,,0.0,,,0.0,,0.0,0.0,,,2023
3,4.0,2023-11-12,9.0,10.0,29.192,HOU,@,CIN,W 30-27,0.0,0.0,0.0,,0.0,,0.0,,0.0,,0.0,0.0,0.0,0.0,,0.0,,0.0,,,0.0,,0.0,0.0,,,2023
4,5.0,2023-11-19,10.0,11.0,29.199,HOU,,ARI,W 21-16,,,,,,,,,,,,,,,,,,,,,,,,0.0,,,2023
5,6.0,2023-11-26,11.0,12.0,29.206,HOU,,JAX,L 21-24,,,,,,,,,,,,,,,,,,,,,,,,0.0,,,2023
6,7.0,2023-12-03,12.0,13.0,29.213,HOU,,DEN,W 22-17,1.0,1.0,0.0,,1.0,1.0,0.0,0.0,0.0,,1.0,1.0,14.0,0.0,,10.0,10.0,4.0,4.0,10.0,0.0,,0.0,0.0,0.0,118.7,2023
7,8.0,2023-12-10,13.0,14.0,29.22,HOU,@,NYJ,L 6-30,2.0,7.0,0.0,1.0,6.0,3.0,1.0,0.5,0.0,,2.0,1.0,4.0,0.0,0.0,3.0,3.0,1.0,1.0,2.5,0.0,,0.0,0.0,0.0,56.2,2023
8,9.0,2023-12-17,14.0,15.0,29.227,HOU,@,TEN,W 19-16,1.0,17.0,0.0,,9.0,9.0,8.0,8.0,0.0,,1.0,0.0,0.0,0.0,,0.0,,0.0,,4.0,0.0,,0.0,0.0,1.0,0.0,2023
9,10.0,2023-12-24,15.0,16.0,29.234,HOU,,CLE,L 22-36,1.0,6.0,0.0,,3.0,3.0,3.0,3.0,1.0,1.0,3.0,0.0,0.0,0.0,,0.0,,0.0,,4.0,0.0,,0.0,0.0,0.0,39.6,2023
10,11.0,2023-12-31,16.0,17.0,29.241,HOU,,TEN,W 26-3,1.0,0.0,0.0,,0.0,0.0,0.0,0.0,0.0,,0.0,0.0,0.0,0.0,,0.0,,0.0,,,0.0,,0.0,0.0,,,2023
11,12.0,2024-01-06,17.0,18.0,29.247,HOU,@,IND,W 23-19,0.0,0.0,0.0,,0.0,,0.0,,0.0,,0.0,0.0,0.0,0.0,,0.0,,0.0,,,0.0,,0.0,0.0,,,2023
12,,12 Games,,,,,,,7-5-0,8.0,35.0,0.0,2.0,20.0,2.5,15.0,1.9,1.0,8.0,7.0,2.0,18.0,0.0,0.0,13.0,6.5,5.0,2.5,4.4,0.0,,0.0,0.0,1.0,0.0,2023
