,Rk,Date,G#,Week,Age,Tm,Unnamed: 6_level_1,Opp,Result,Int,Tgt,Cmp,Cmp%,Yds,Yds/Cmp,Yds/Tgt,TD,Rat,DADOT,Air,YAC,Bltz,Hrry,QBKD,Sk,Prss,Comb,MTkl,MTkl%,Year
0,1.0,2023-09-10,1.0,1.0,30.231,HOU,@,BAL,L 9-25,1,4,3,75.0%,44,14.7,11.0,0,70.8,2.0,7,37,0,0,0,0.0,0,2,1,33.3%,2023
1,2.0,2023-09-17,2.0,2.0,30.238,HOU,,IND,L 20-31,0,3,2,66.7%,23,11.5,7.7,0,89.6,5.0,11,12,0,0,0,0.0,0,2,0,0.0%,2023
2,3.0,2023-09-24,3.0,3.0,30.245,HOU,@,JAX,W 37-17,0,3,2,66.7%,34,17.0,11.3,0,104.9,18.7,29,5,1,0,0,0.0,0,4,2,33.3%,2023
3,4.0,2023-10-01,4.0,4.0,30.252,HOU,,PIT,W 30-6,1,4,1,25.0%,4,4.0,1.0,0,0.0,15.8,-1,5,0,0,0,0.0,0,4,1,20.0%,2023
4,5.0,2023-10-08,5.0,5.0,30.259,HOU,@,ATL,L 19-21,0,7,6,85.7%,57,9.5,8.1,0,100.6,5.4,43,14,0,0,0,0.0,0,6,1,14.3%,2023
5,6.0,2023-10-15,6.0,6.0,30.266,HOU,,NOR,W 20-13,1,8,5,62.5%,110,22.0,13.8,1,106.2,19.1,104,6,0,0,0,0.0,0,6,0,0.0%,2023
6,7.0,2023-10-29,7.0,8.0,30.28,HOU,@,CAR,L 13-15,0,3,2,66.7%,26,13.0,8.7,0,93.7,12.0,17,9,0,0,0,0.0,0,2,0,0.0%,2023
7,8.0,2023-11-05,8.0,9.0,30.287,HOU,,TAM,W 39-37,0,4,4,100.0%,92,23.0,23.0,0,118.7,18.5,74,18,0,0,0,0.0,0,5,0,0.0%,2023
8,9.0,2023-11-12,9.0,10.0,30.294,HOU,@,CIN,W 30-27,0,3,2,66.7%,20,10.0,6.7,0,85.4,6.3,12,8,0,0,0,0.0,0,4,0,0.0%,2023
9,10.0,2023-11-19,10.0,11.0,30.301,HOU,,ARI,W 21-16,0,2,1,50.0%,13,13.0,6.5,0,70.8,16.0,12,1,0,0,0,0.0,0,3,0,0.0%,2023
10,11.0,2023-11-26,11.0,12.0,30.308,HOU,,JAX,L 21-24,0,6,2,33.3%,59,29.5,9.8,0,70.8,15.8,30,29,0,0,0,0.0,0,6,0,0.0%,2023
11,12.0,2023-12-03,12.0,13.0,30.315,HOU,,DEN,W 22-17,0,3,1,33.3%,5,5.0,1.7,0,42.4,22.7,-2,7,0,0,0,0.0,0,2,0,0.0%,2023
12,13.0,2023-12-10,13.0,14.0,30.322,HOU,@,NYJ,L 6-30,0,5,3,60.0%,36,12.0,7.2,0,82.1,16.6,29,7,0,0,0,0.0,0,5,0,0.0%,2023
13,14.0,2023-12-17,14.0,15.0,30.329,HOU,@,TEN,W 19-16,1,3,1,33.3%,33,33.0,11.0,0,36.1,31.7,33,0,0,0,0,0.0,0,2,0,0.0%,2023
14,15.0,2023-12-24,15.0,16.0,30.336,HOU,,CLE,L 22-36,0,6,5,83.3%,55,11.0,9.2,0,104.9,10.3,40,15,0,0,0,0.0,0,6,0,0.0%,2023
15,16.0,2023-12-31,16.0,17.0,30.343,HOU,,TEN,W 26-3,0,1,1,100.0%,18,18.0,18.0,0,118.7,18.0,18,0,0,0,0,0.0,0,2,0,0.0%,2023
16,17.0,2024-01-06,17.0,18.0,30.349,HOU,@,IND,W 23-19,0,5,2,40.0%,28,14.0,5.6,0,58.7,13.2,22,6,0,0,0,0.0,0,2,0,0.0%,2023
17,,17 Games,,,,,,,10-7-0,4,70,43,61.4%,657,15.3,9.4,1,73.3,14.0,478,179,1,0,0,0.0,0,63,5,7.4%,2023
