,Rk,Date,G#,Week,Age,Tm,Unnamed: 6_level_1,Opp,Result,Int,Tgt,Cmp,Cmp%,Yds,Yds/Cmp,Yds/Tgt,TD,Rat,DADOT,Air,YAC,Bltz,Hrry,QBKD,Sk,Prss,Comb,MTkl,MTkl%
0,1.0,2023-09-10,1.0,1.0,28.259,DEN,,LVR,L 16-17,0,1,1,100.0%,5,5.0,5.0,0,87.5,5.0,5,0,0,0,0,0.0,0,6,0,0.0%
1,2.0,2023-09-17,2.0,2.0,28.266,DEN,,WAS,L 33-35,0,5,3,60.0%,16,5.3,3.2,0,65.4,4.2,15,1,0,0,0,0.0,0,9,0,0.0%
2,3.0,2023-09-24,3.0,3.0,28.273,DEN,@,MIA,L 20-70,0,1,1,100.0%,3,3.0,3.0,0,79.2,-5.0,-5,8,0,0,0,0.0,0,4,0,0.0%
3,4.0,2023-10-08,5.0,5.0,28.287,DEN,,NYJ,L 21-31,0,0,0,,0,,,0,,,0,0,3,0,0,0.0,0,5,0,0.0%
4,5.0,2023-10-12,6.0,6.0,28.291,DEN,@,KAN,L 8-19,0,6,6,100.0%,50,8.3,8.3,0,101.4,3.5,21,29,2,0,0,0.0,0,9,1,10.0%
5,6.0,2023-10-22,7.0,7.0,28.301,DEN,,GNB,W 19-17,0,3,2,66.7%,7,3.5,2.3,0,70.1,0.0,0,7,1,0,0,0.0,0,10,0,0.0%
6,7.0,2023-10-29,8.0,8.0,28.308,DEN,,KAN,W 24-9,0,5,3,60.0%,40,13.3,8.0,0,85.4,8.4,23,17,2,0,0,0.0,0,5,0,0.0%
7,8.0,2023-11-13,9.0,10.0,28.323,DEN,@,BUF,W 24-22,0,0,0,,0,,,0,,,0,0,1,1,0,0.0,1,6,2,25.0%
8,9.0,2023-11-19,10.0,11.0,28.329,DEN,,MIN,W 21-20,0,3,2,66.7%,6,3.0,2.0,0,70.1,12.3,4,2,0,0,1,0.0,1,6,0,0.0%
9,10.0,2023-11-26,11.0,12.0,28.336,DEN,,CLE,W 29-12,0,4,1,25.0%,2,2.0,0.5,1,79.2,3.8,2,0,4,0,0,1.0,1,3,0,0.0%
10,11.0,2023-12-03,12.0,13.0,28.343,DEN,@,HOU,L 17-22,0,1,1,100.0%,5,5.0,5.0,0,87.5,4.0,4,1,0,0,0,0.0,0,6,0,0.0%
11,12.0,2023-12-10,13.0,14.0,28.35,DEN,@,LAC,W 24-7,0,5,1,20.0%,9,9.0,1.8,0,39.6,-0.6,2,7,10,0,0,1.0,1,9,0,0.0%
12,,12 Games,,,,,,,6-6-0,0,34,21,61.8%,143,6.8,4.2,1,80.9,4.0,71,72,23,1,1,2.0,4,78,3,3.7%
