,Rk,Date,G#,Week,Age,Tm,Unnamed: 6_level_1,Opp,Result,Tgt,Rec,Yds,TD,1D,YBC,YBC/R,YAC,YAC/R,ADOT,BrkTkl,Rec/Br,Drop,Drop%,Int,Rat,Att,Yds,TD,1D,YBC,YBC/Att,YAC,YAC/Att,BrkTkl,Att/Br
0,1.0,2023-09-10,1.0,1.0,27.359,DEN,,LVR,L 16-17,4,4,37,0,2.0,4,1.0,33,8.3,1.0,1,4.0,0,0.0,0,105.2,8,41,0,3.0,7,0.9,34,4.3,0,
1,2.0,2023-09-17,2.0,2.0,28.001,DEN,,WAS,L 33-35,4,3,20,0,,-3,-1.0,23,7.7,-2.0,0,,0,0.0,0,85.4,1,4,0,,0,0.0,4,4.0,0,
2,3.0,2023-09-24,3.0,3.0,28.008,DEN,@,MIA,L 20-70,3,2,15,0,,2,1.0,13,6.5,0.7,0,,0,0.0,0,78.5,3,9,0,,9,3.0,0,0.0,0,
3,4.0,2023-10-01,4.0,4.0,28.015,DEN,@,CHI,W 31-28,2,2,23,0,1.0,2,1.0,21,10.5,1.0,0,,0,0.0,0,114.6,6,12,0,1.0,10,1.7,2,0.3,0,
4,5.0,2023-10-08,5.0,5.0,28.022,DEN,,NYJ,L 21-31,5,4,73,0,3.0,0,0.0,73,18.3,0.6,1,4.0,0,0.0,0,118.7,6,22,0,1.0,10,1.7,12,2.0,0,
5,6.0,2023-10-12,6.0,6.0,28.026,DEN,@,KAN,L 8-19,2,2,16,0,1.0,-5,-2.5,21,10.5,-2.5,0,,0,0.0,0,100.0,0,0,0,0.0,0,,0,,0,
6,7.0,2023-10-22,7.0,7.0,28.036,DEN,,GNB,W 19-17,3,3,31,0,2.0,4,1.3,27,9.0,1.3,1,3.0,0,0.0,0,109.7,2,10,0,0.0,3,1.5,7,3.5,0,
7,8.0,2023-10-29,8.0,8.0,28.043,DEN,,KAN,W 24-9,3,2,16,0,1.0,-4,-2.0,20,10.0,-1.7,1,2.0,1,33.3,0,79.9,1,5,0,0.0,5,5.0,0,0.0,0,
8,9.0,2023-11-13,9.0,10.0,28.058,DEN,@,BUF,W 24-22,3,3,35,0,3.0,5,1.7,30,10.0,1.7,0,,0,0.0,0,115.3,1,8,0,0.0,7,7.0,1,1.0,0,
9,10.0,2023-11-19,10.0,11.0,28.064,DEN,,MIN,W 21-20,7,7,60,0,3.0,6,0.9,54,7.7,0.9,0,,0,0.0,0,102.4,1,7,0,0.0,4,4.0,3,3.0,0,
10,11.0,2023-11-26,11.0,12.0,28.071,DEN,,CLE,W 29-12,1,1,11,0,0.0,2,2.0,9,9.0,2.0,0,,0,0.0,0,112.5,7,55,1,4.0,31,4.4,24,3.4,1,7.0
11,12.0,2023-12-03,12.0,13.0,28.078,DEN,@,HOU,L 17-22,2,2,5,0,,-2,-1.0,7,3.5,-1.0,0,,0,0.0,0,79.2,1,1,0,,0,0.0,1,1.0,0,
12,13.0,2023-12-10,13.0,14.0,28.085,DEN,@,LAC,W 24-7,5,5,36,0,2.0,-7,-1.4,43,8.6,-1.4,0,,0,0.0,0,96.7,2,8,0,1.0,8,4.0,0,0.0,0,
13,,13 Games,,,,,,,7-6-0,44,40,378,0,18.0,4,0.1,374,9.4,0.0,4,10.0,1,2.3,0,102.5,39,182,1,10.0,94,2.4,88,2.3,1,39.0
