,Rk,Date,G#,Week,Age,Tm,Unnamed: 6_level_1,Opp,Result,Int,Tgt,Cmp,Cmp%,Yds,Yds/Cmp,Yds/Tgt,TD,Rat,DADOT,Air,YAC,Bltz,Hrry,QBKD,Sk,Prss,Comb,MTkl,MTkl%,Year
0,1.0,2021-09-12,1.0,1.0,25.177,KAN,,CLE,W 33-29,0,0,0,,0,,,0,,,0,0,0,0,0,0.0,0,1.0,0,0.0%,2021
1,2.0,2021-09-19,2.0,2.0,25.184,KAN,@,BAL,L 35-36,0,0,0,,0,,,0,,,0,0,0,0,0,0.0,0,1.0,0,0.0%,2021
2,3.0,2021-09-26,3.0,3.0,25.191,KAN,,LAC,L 24-30,0,0,0,,0,,,0,,,0,0,0,0,0,0.0,0,1.0,0,0.0%,2021
3,4.0,2021-10-03,4.0,4.0,25.198,KAN,@,PHI,W 42-30,0,0,0,,0,,,0,,,0,0,0,0,0,0.0,0,1.0,0,0.0%,2021
4,5.0,2021-10-10,5.0,5.0,25.205,KAN,,BUF,L 20-38,0,0,0,,0,,,0,,,0,0,0,0,0,,0,,0,,2021
5,6.0,2021-10-17,6.0,6.0,25.212,KAN,@,WAS,W 31-13,0,0,0,,0,,,0,,,0,0,0,0,0,0.0,0,1.0,0,0.0%,2021
6,7.0,2021-10-24,7.0,7.0,25.219,KAN,@,TEN,L 3-27,0,0,0,,0,,,0,,,0,0,0,0,0,,0,,0,,2021
7,8.0,2021-11-01,8.0,8.0,25.227,KAN,,NYG,W 20-17,0,0,0,,0,,,0,,,0,0,0,0,0,,0,,0,,2021
8,9.0,2021-11-07,9.0,9.0,25.233,KAN,,GNB,W 13-7,0,0,0,,0,,,0,,,0,0,0,0,0,0.0,0,1.0,0,0.0%,2021
9,10.0,2021-11-14,10.0,10.0,25.24,KAN,@,LVR,W 41-14,0,2,2,100.0%,4,2.0,2.0,0,79.2,0.5,1,3,0,0,0,0.0,0,7.0,0,0.0%,2021
10,11.0,2021-11-21,11.0,11.0,25.247,KAN,,DAL,W 19-9,0,0,0,,0,,,0,,,0,0,0,0,0,,0,,0,,2021
11,12.0,2021-12-05,12.0,13.0,25.261,KAN,,DEN,W 22-9,0,0,0,,0,,,0,,,0,0,0,0,0,0.0,0,1.0,0,0.0%,2021
12,13.0,2021-12-12,13.0,14.0,25.268,KAN,,LVR,W 48-9,0,2,2,100.0%,7,3.5,3.5,0,81.2,1.0,2,5,0,0,0,0.0,0,4.0,0,0.0%,2021
13,14.0,2021-12-16,14.0,15.0,25.272,KAN,@,LAC,W 34-28,0,0,0,,0,,,0,,,0,0,0,0,0,0.0,0,1.0,0,0.0%,2021
14,15.0,2022-01-02,16.0,17.0,25.289,KAN,@,CIN,L 31-34,0,0,0,,0,,,0,,,0,0,0,0,0,,0,,0,,2021
15,16.0,2022-01-08,17.0,18.0,25.295,KAN,@,DEN,W 28-24,0,0,0,,0,,,0,,,0,0,0,0,0,,0,,0,,2021
16,,16 Games,,,,,,,11-5-0,0,4,4,100.0%,11,2.8,2.8,0,79.2,0.8,3,8,0,0,0,0.0,0,19.0,0,0.0%,2021
