,Rk,Date,G#,Week,Age,Tm,Unnamed: 6_level_1,Opp,Result,Int,Tgt,Cmp,Cmp%,Yds,Yds/Cmp,Yds/Tgt,TD,Rat,DADOT,Air,YAC,Bltz,Hrry,QBKD,Sk,Prss,Comb,MTkl,MTkl%
0,1.0,2021-09-12,1.0,1.0,26.047,KAN,,CLE,W 33-29,0,3,3,100.0%,39,13.0,13.0,0,118.7,-1.0,-3,42,0,0,0,0.0,0,3,0,0.0%
1,2.0,2021-09-19,2.0,2.0,26.054,KAN,@,BAL,L 35-36,0,2,1,50.0%,9,9.0,4.5,0,62.5,17.5,5,4,5,0,0,0.0,0,3,1,25.0%
2,3.0,2021-09-26,3.0,3.0,26.061,KAN,,LAC,L 24-30,0,1,1,100.0%,8,8.0,8.0,0,100.0,-2.0,-2,10,3,0,0,0.0,0,3,0,0.0%
3,4.0,2021-10-03,4.0,4.0,26.068,KAN,@,PHI,W 42-30,0,3,2,66.7%,16,8.0,5.3,0,79.9,-0.3,-3,19,9,0,0,0.0,0,3,4,57.1%
4,5.0,2021-10-10,5.0,5.0,26.075,KAN,,BUF,L 20-38,0,0,0,,0,,,0,,,0,0,1,0,0,0.0,0,2,0,0.0%
5,6.0,2021-10-17,6.0,6.0,26.082,KAN,@,WAS,W 31-13,0,4,4,100.0%,71,17.8,17.8,1,158.3,6.3,25,46,7,0,0,0.0,0,3,0,0.0%
6,7.0,2021-10-24,7.0,7.0,26.089,KAN,@,TEN,L 3-27,0,3,3,100.0%,24,8.0,8.0,0,100.0,-2.3,-7,31,4,1,0,1.0,2,4,0,0.0%
7,8.0,2021-11-01,8.0,8.0,26.097,KAN,,NYG,W 20-17,0,4,3,75.0%,26,8.7,6.5,0,91.7,-0.3,-2,28,1,0,0,0.0,0,4,0,0.0%
8,9.0,2021-11-07,9.0,9.0,26.103,KAN,,GNB,W 13-7,0,0,0,,0,,,0,,,0,0,9,1,0,0.0,1,1,0,0.0%
9,10.0,2021-11-14,10.0,10.0,26.11,KAN,@,LVR,W 41-14,0,4,3,75.0%,24,8.0,6.0,0,89.6,5.8,4,20,0,0,0,0.0,0,2,2,50.0%
10,11.0,2021-11-21,11.0,11.0,26.117,KAN,,DAL,W 19-9,0,2,1,50.0%,4,4.0,2.0,0,56.2,15.5,3,1,5,1,0,0.0,1,2,0,0.0%
11,12.0,2021-12-05,12.0,13.0,26.131,KAN,,DEN,W 22-9,0,5,4,80.0%,78,19.5,15.6,0,118.7,3.8,24,54,3,1,0,0.0,1,5,0,0.0%
12,13.0,2021-12-12,13.0,14.0,26.138,KAN,,LVR,W 48-9,0,0,0,,0,,,0,,,0,0,0,0,0,0.0,0,3,0,0.0%
13,14.0,2021-12-16,14.0,15.0,26.142,KAN,@,LAC,W 34-28,0,1,0,0.0%,0,,0.0,0,39.6,3.0,0,0,1,0,0,0.0,0,9,0,0.0%
14,15.0,2021-12-26,15.0,16.0,26.152,KAN,,PIT,W 36-10,0,2,2,100.0%,7,3.5,3.5,0,81.2,-3.0,-6,13,6,1,0,0.0,1,8,0,0.0%
15,16.0,2022-01-02,16.0,17.0,26.159,KAN,@,CIN,L 31-34,0,1,1,100.0%,4,4.0,4.0,0,83.3,3.0,3,1,4,1,0,0.0,1,1,0,0.0%
16,17.0,2022-01-08,17.0,18.0,26.165,KAN,@,DEN,W 28-24,0,1,1,100.0%,11,11.0,11.0,0,112.5,-2.0,-2,13,1,0,0,0.0,0,1,0,0.0%
17,,17 Games,,,,,,,12-5-0,0,36,29,80.6%,321,11.1,8.9,1,113.1,3.3,39,282,59,6,0,1.0,7,57,7,10.9%
