,Rk,Date,G#,Week,Age,Tm,Unnamed: 6_level_1,Opp,Result,Int,Tgt,Cmp,Cmp%,Yds,Yds/Cmp,Yds/Tgt,TD,Rat,DADOT,Air,YAC,Bltz,Hrry,QBKD,Sk,Prss,Comb,MTkl,MTkl%,Year
0,1.0,2021-09-12,1.0,1.0,25.126,KAN,,CLE,W 33-29,0,0,0,,0,,,0,,,0,0,0,0,0,0.0,0,1,0,0.0%,2021
1,2.0,2021-09-19,2.0,2.0,25.133,KAN,@,BAL,L 35-36,0,0,0,,0,,,0,,,0,0,0,0,0,0.0,0,1,1,50.0%,2021
2,3.0,2021-09-26,3.0,3.0,25.14,KAN,,LAC,L 24-30,0,0,0,,0,,,0,,,0,0,0,0,0,0.0,0,2,0,0.0%,2021
3,4.0,2021-10-03,4.0,4.0,25.147,KAN,@,PHI,W 42-30,0,0,0,,0,,,0,,,0,0,0,0,0,0.0,0,1,0,0.0%,2021
4,5.0,2021-10-10,5.0,5.0,25.154,KAN,,BUF,L 20-38,0,0,0,,0,,,0,,,0,0,0,0,0,0.0,0,4,1,20.0%,2021
5,6.0,2021-10-17,6.0,6.0,25.161,KAN,@,WAS,W 31-13,0,0,0,,0,,,0,,,0,0,0,0,1,0.0,1,2,0,0.0%,2021
6,7.0,2021-10-24,7.0,7.0,25.168,KAN,@,TEN,L 3-27,0,0,0,,0,,,0,,,0,0,0,0,0,0.0,0,3,0,0.0%,2021
7,8.0,2021-11-01,8.0,8.0,25.176,KAN,,NYG,W 20-17,0,0,0,,0,,,0,,,0,0,0,0,0,1.0,1,3,0,0.0%,2021
8,9.0,2021-11-07,9.0,9.0,25.182,KAN,,GNB,W 13-7,0,0,0,,0,,,0,,,0,0,0,1,0,0.0,1,2,0,0.0%,2021
9,10.0,2021-11-14,10.0,10.0,25.189,KAN,@,LVR,W 41-14,0,0,0,,0,,,0,,,0,0,0,0,0,1.0,1,4,0,0.0%,2021
10,11.0,2021-11-21,11.0,11.0,25.196,KAN,,DAL,W 19-9,0,0,0,,0,,,0,,,0,0,0,0,0,0.0,0,3,0,0.0%,2021
11,12.0,2021-12-05,12.0,13.0,25.21,KAN,,DEN,W 22-9,0,0,0,,0,,,0,,,0,0,0,0,1,0.0,1,3,0,0.0%,2021
12,13.0,2021-12-12,13.0,14.0,25.217,KAN,,LVR,W 48-9,0,0,0,,0,,,0,,,0,0,0,0,0,0.0,0,1,0,0.0%,2021
13,14.0,2021-12-16,14.0,15.0,25.221,KAN,@,LAC,W 34-28,0,0,0,,0,,,0,,,0,0,0,0,0,0.0,0,2,1,33.3%,2021
14,15.0,2021-12-26,15.0,16.0,25.231,KAN,,PIT,W 36-10,0,0,0,,0,,,0,,,0,0,0,0,0,0.0,0,3,0,0.0%,2021
15,16.0,2022-01-02,16.0,17.0,25.238,KAN,@,CIN,L 31-34,0,1,1,100.0%,15,15.0,15.0,0,118.7,0.0,0,15,0,0,0,0.0,0,2,0,0.0%,2021
16,17.0,2022-01-08,17.0,18.0,25.244,KAN,@,DEN,W 28-24,0,0,0,,0,,,0,,,0,0,0,0,0,1.0,1,1,0,0.0%,2021
17,,17 Games,,,,,,,12-5-0,0,1,1,100.0%,15,15.0,15.0,0,118.7,0.0,0,15,0,1,2,3.0,6,38,3,7.3%,2021
