,Rk,Date,G#,Week,Age,Tm,Unnamed: 6_level_1,Opp,Result,Int,Tgt,Cmp,Cmp%,Yds,Yds/Cmp,Yds/Tgt,TD,Rat,DADOT,Air,YAC,Bltz,Hrry,QBKD,Sk,Prss,Comb,MTkl,MTkl%,Year
0,1.0,2021-09-19,2.0,2.0,28.097,KAN,@,BAL,L 35-36,0,0,0,,0,,,0,,,0,0,1,0,0,0.0,0,2,1,33.3%,2021
1,2.0,2021-10-10,5.0,5.0,28.118,KAN,,BUF,L 20-38,0,0,0,,0,,,0,,,0,0,0,0,0,0.0,0,2,2,50.0%,2021
2,3.0,2021-10-17,6.0,6.0,28.125,KAN,@,WAS,W 31-13,0,0,0,,0,,,0,,,0,0,0,1,2,0.0,3,1,0,0.0%,2021
3,4.0,2021-10-24,7.0,7.0,28.132,KAN,@,TEN,L 3-27,0,0,0,,0,,,0,,,0,0,0,1,1,0.0,2,2,0,0.0%,2021
4,5.0,2021-11-01,8.0,8.0,28.14,KAN,,NYG,W 20-17,0,1,1,100.0%,4,4.0,4.0,0,83.3,0.0,0,4,0,3,0,1.0,4,3,0,0.0%,2021
5,6.0,2021-11-07,9.0,9.0,28.146,KAN,,GNB,W 13-7,0,1,0,0.0%,0,,0.0,0,39.6,5.0,0,0,0,1,3,0.0,4,2,0,0.0%,2021
6,7.0,2021-11-14,10.0,10.0,28.153,KAN,@,LVR,W 41-14,0,0,0,,0,,,0,,,0,0,0,1,0,0.0,1,1,2,66.7%,2021
7,8.0,2021-11-21,11.0,11.0,28.16,KAN,,DAL,W 19-9,0,0,0,,0,,,0,,,0,0,0,2,3,1.0,6,1,0,0.0%,2021
8,9.0,2021-12-05,12.0,13.0,28.174,KAN,,DEN,W 22-9,0,0,0,,0,,,0,,,0,0,2,0,1,0.0,1,1,0,0.0%,2021
9,10.0,2021-12-12,13.0,14.0,28.181,KAN,,LVR,W 48-9,0,0,0,,0,,,0,,,0,0,2,0,3,0.5,4,1,0,0.0%,2021
10,11.0,2021-12-16,14.0,15.0,28.185,KAN,@,LAC,W 34-28,0,0,0,,0,,,0,,,0,0,0,0,0,0.0,0,2,0,0.0%,2021
11,12.0,2021-12-26,15.0,16.0,28.195,KAN,,PIT,W 36-10,0,0,0,,0,,,0,,,0,0,0,1,0,1.0,2,1,1,50.0%,2021
12,13.0,2022-01-02,16.0,17.0,28.202,KAN,@,CIN,L 31-34,0,0,0,,0,,,0,,,0,0,0,0,0,1.0,1,2,0,0.0%,2021
13,14.0,2022-01-08,17.0,18.0,28.208,KAN,@,DEN,W 28-24,0,0,0,,0,,,0,,,0,0,2,1,0,0.0,1,1,1,50.0%,2021
14,,14 Games,,,,,,,10-4-0,0,2,1,50.0%,4,4.0,2.0,0,56.2,2.5,0,4,7,11,13,4.5,29,22,7,24.1%,2021
