,Rk,Date,G#,Week,Age,Tm,Unnamed: 6_level_1,Opp,Result,Int,Tgt,Cmp,Cmp%,Yds,Yds/Cmp,Yds/Tgt,TD,Rat,DADOT,Air,YAC,Bltz,Hrry,QBKD,Sk,Prss,Comb,MTkl,MTkl%
0,1.0,2020-09-13,1.0,1.0,23.217,GNB,@,MIN,W 43-34,1,7,4,57.1%,66,16.5,9.4,1,89.0,15.0,66,0,1,0,0,1.0,1,5,0,0.0%
1,2.0,2020-09-20,2.0,2.0,23.224,GNB,,DET,W 42-21,0,6,5,83.3%,27,5.4,4.5,0,85.4,6.3,10,17,0,0,0,0.0,0,5,0,0.0%
2,3.0,2020-09-27,3.0,3.0,23.231,GNB,@,NOR,W 37-30,0,3,1,33.3%,-2,-2.0,-0.7,0,42.4,0.7,-5,3,0,0,0,0.0,0,3,3,50.0%
3,4.0,2020-10-05,4.0,4.0,23.239,GNB,,ATL,W 30-16,0,7,4,57.1%,25,6.3,3.6,0,64.6,9.6,16,9,0,0,0,0.0,0,6,0,0.0%
4,5.0,2020-10-18,5.0,6.0,23.252,GNB,@,TAM,L 10-38,0,5,3,60.0%,35,11.7,7.0,0,81.2,10.0,13,22,0,0,0,0.0,0,2,1,33.3%
5,6.0,2020-10-25,6.0,7.0,23.259,GNB,@,HOU,W 35-20,0,3,0,0.0%,0,,0.0,0,39.6,7.7,0,0,1,0,0,0.0,0,0,0,
6,7.0,2020-11-01,7.0,8.0,23.266,GNB,,MIN,L 22-28,0,4,3,75.0%,25,8.3,6.3,0,90.6,4.0,11,14,0,0,0,0.0,0,5,0,0.0%
7,8.0,2020-11-05,8.0,9.0,23.27,GNB,@,SFO,W 34-17,0,0,0,,0,,,0,,,0,0,0,0,0,0.0,0,1,0,0.0%
8,9.0,2020-11-22,10.0,11.0,23.287,GNB,@,IND,L 31-34,0,10,6,60.0%,71,11.8,7.1,0,81.7,11.5,42,29,1,0,0,0.0,0,6,0,0.0%
9,10.0,2020-11-29,11.0,12.0,23.294,GNB,,CHI,W 41-25,0,11,6,54.5%,47,7.8,4.3,0,65.3,9.8,39,8,0,0,0,0.0,0,6,1,14.3%
10,11.0,2020-12-06,12.0,13.0,23.301,GNB,,PHI,W 30-16,0,5,1,20.0%,32,32.0,6.4,1,93.3,12.4,32,0,0,0,0,0.0,0,1,0,0.0%
11,12.0,2020-12-13,13.0,14.0,23.308,GNB,@,DET,W 31-24,0,5,3,60.0%,14,4.7,2.8,0,64.6,4.0,5,9,0,0,0,0.0,0,3,0,0.0%
12,13.0,2020-12-19,14.0,15.0,23.314,GNB,,CAR,W 24-16,0,5,2,40.0%,20,10.0,4.0,0,52.1,11.6,17,3,0,0,0,0.0,0,3,0,0.0%
13,14.0,2020-12-27,15.0,16.0,23.322,GNB,,TEN,W 40-14,0,5,1,20.0%,10,10.0,2.0,0,39.6,7.0,5,5,1,0,0,0.0,0,2,0,0.0%
14,15.0,2021-01-03,16.0,17.0,23.329,GNB,@,CHI,W 35-16,0,4,2,50.0%,5,2.5,1.3,0,56.2,15.5,1,4,0,0,0,0.0,0,3,0,0.0%
15,,15 Games,,,,,,,12-3-0,1,80,41,51.3%,375,9.1,4.7,2,67.4,9.5,252,123,4,0,0,1.0,1,51,5,8.9%
