,Rk,Date,G#,Week,Age,Tm,Unnamed: 6_level_1,Opp,Result,Int,Tgt,Cmp,Cmp%,Yds,Yds/Cmp,Yds/Tgt,TD,Rat,DADOT,Air,YAC,Bltz,Hrry,QBKD,Sk,Prss,Comb,MTkl,MTkl%,Year
0,1.0,2021-09-09,1.0,1.0,32.251,TAM,,DAL,W 31-29,0,4,4,100.0%,18,4.5,4.5,0,85.4,-0.8,-3,21,3,0,0,0.0,0,6,0,0.0%,2021
1,2.0,2021-09-19,2.0,2.0,32.261,TAM,,ATL,W 48-25,0,0,0,,0,,,0,,,0,0,7,0,0,0.0,0,3,0,0.0%,2021
2,3.0,2021-10-10,5.0,5.0,32.282,TAM,,MIA,W 45-17,0,5,5,100.0%,55,11.0,11.0,1,152.1,2.6,13,42,8,1,1,0.0,2,3,2,40.0%,2021
3,4.0,2021-10-14,6.0,6.0,32.286,TAM,@,PHI,W 28-22,0,0,0,,0,,,0,,,0,0,0,1,0,0.5,2,2,0,0.0%,2021
4,5.0,2021-10-24,7.0,7.0,32.296,TAM,,CHI,W 38-3,0,1,1,100.0%,6,6.0,6.0,0,91.7,1.0,1,5,10,1,0,2.0,3,4,0,0.0%,2021
5,6.0,2021-10-31,8.0,8.0,32.303,TAM,@,NOR,L 27-36,0,0,0,,0,,,0,,,0,0,0,2,0,0.0,2,3,0,0.0%,2021
6,7.0,2021-11-14,9.0,10.0,32.317,TAM,@,WAS,L 19-29,0,0,0,,0,,,0,,,0,0,4,0,0,0.0,0,1,1,50.0%,2021
7,8.0,2021-11-22,10.0,11.0,32.325,TAM,,NYG,W 30-10,0,1,1,100.0%,11,11.0,11.0,0,112.5,6.0,6,5,0,1,0,0.0,1,1,0,0.0%,2021
8,9.0,2021-11-28,11.0,12.0,32.331,TAM,@,IND,W 38-31,0,0,0,,0,,,0,,,0,0,3,0,0,0.0,0,1,1,50.0%,2021
9,10.0,2021-12-05,12.0,13.0,32.338,TAM,@,ATL,W 30-17,0,0,0,,0,,,0,,,0,0,5,1,0,0.0,1,2,1,33.3%,2021
10,11.0,2021-12-12,13.0,14.0,32.345,TAM,,BUF,W 33-27,0,1,1,100.0%,10,10.0,10.0,0,108.3,4.0,4,6,0,1,1,0.0,2,3,0,0.0%,2021
11,12.0,2021-12-19,14.0,15.0,32.352,TAM,,NOR,L 0-9,0,1,1,100.0%,8,8.0,8.0,0,100.0,5.0,5,3,7,1,0,0.0,1,2,0,0.0%,2021
12,,12 Games,,,,,,,9-3-0,0,13,13,100.0%,108,8.3,8.3,1,126.9,2.0,26,82,47,9,2,2.5,14,31,5,13.9%,2021
