,Rk,Date,G#,Week,Age,Tm,Unnamed: 6_level_1,Opp,Result,Int,Tgt,Cmp,Cmp%,Yds,Yds/Cmp,Yds/Tgt,TD,Rat,DADOT,Air,YAC,Bltz,Hrry,QBKD,Sk,Prss,Comb,MTkl,MTkl%,Year
0,1.0,2021-09-09,1.0,1.0,27.312,TAM,,DAL,W 31-29,0,0,0,,0.0,,,0.0,,,0.0,0.0,0,0,0,,0,,0,,2021
1,2.0,2021-09-19,2.0,2.0,27.322,TAM,,ATL,W 48-25,0,0,0,,0.0,,,0.0,,,0.0,0.0,0,0,0,,0,,0,,2021
2,3.0,2021-09-26,3.0,3.0,27.329,TAM,@,LAR,L 24-34,0,0,0,,0.0,,,0.0,,,0.0,0.0,0,0,0,,0,,0,,2021
3,4.0,2021-10-03,4.0,4.0,27.336,TAM,@,NWE,W 19-17,0,0,0,,0.0,,,0.0,,,0.0,0.0,0,0,0,,0,,0,,2021
4,5.0,2021-10-14,6.0,6.0,27.347,TAM,@,PHI,W 28-22,0,0,0,,0.0,,,0.0,,,0.0,0.0,0,0,0,0.0,0,1.0,0,0.0%,2021
5,6.0,2021-10-24,7.0,7.0,27.357,TAM,,CHI,W 38-3,0,0,0,,0.0,,,0.0,,,0.0,0.0,0,0,0,,0,,0,,2021
6,7.0,2021-10-31,8.0,8.0,27.364,TAM,@,NOR,L 27-36,0,0,0,,0.0,,,0.0,,,0.0,0.0,0,0,0,0.0,0,1.0,0,0.0%,2021
7,8.0,2021-11-14,9.0,10.0,28.013,TAM,@,WAS,L 19-29,0,0,0,,0.0,,,0.0,,,0.0,0.0,0,0,0,,0,,0,,2021
8,9.0,2021-11-22,10.0,11.0,28.021,TAM,,NYG,W 30-10,0,0,0,,0.0,,,0.0,,,0.0,0.0,0,0,0,0.5,1,1.0,0,0.0%,2021
9,10.0,2021-11-28,11.0,12.0,28.027,TAM,@,IND,W 38-31,0,0,0,,0.0,,,0.0,,,0.0,0.0,0,0,1,0.0,1,0.0,0,,2021
10,11.0,2021-12-05,12.0,13.0,28.034,TAM,@,ATL,W 30-17,0,0,0,,0.0,,,0.0,,,0.0,0.0,0,0,0,,0,,0,,2021
11,12.0,2021-12-12,13.0,14.0,28.041,TAM,,BUF,W 33-27,0,0,0,,0.0,,,0.0,,,0.0,0.0,0,0,0,0.0,0,1.0,0,0.0%,2021
12,13.0,2021-12-19,14.0,15.0,28.048,TAM,,NOR,L 0-9,0,0,0,,0.0,,,0.0,,,0.0,0.0,0,0,0,,0,,0,,2021
13,,13 Games,,,,,,,9-4-0,0,0,0,,,,,,,,,,0,0,1,0.5,2,4.0,0,0.0%,2021
