,Rk,Date,G#,Week,Age,Tm,Unnamed: 6_level_1,Opp,Result,Cmp,Att,Yds,1D,1D%,IAY,IAY/PA,CAY,CAY/Cmp,CAY/PA,YAC,YAC/Cmp,Drops,Drop%,BadTh,Bad%,Sk,Bltz,Hrry,Hits,Prss,Prss%,Scrm,Yds/Scr,Year
0,1.0,2021-09-09,1.0,1.0,44.037,TAM,,DAL,W 31-29,32,50,379,22,44.0,454,9.1,203,6.3,4.1,176,5.5,3,6.4%,7,14.9%,0,11,1,2,3,6.0%,0,,2021
1,2.0,2021-09-19,2.0,2.0,44.047,TAM,,ATL,W 48-25,24,36,276,14,35.9,347,9.6,188,7.8,5.2,88,3.7,0,0.0%,8,22.2%,3,7,1,2,6,15.0%,1,6.0,2021
2,3.0,2021-09-26,3.0,3.0,44.054,TAM,@,LAR,L 24-34,41,55,432,24,41.4,382,6.9,194,4.7,3.5,238,5.8,2,3.7%,9,16.7%,3,13,7,1,11,18.3%,2,6.5,2021
3,4.0,2021-10-03,4.0,4.0,44.061,TAM,@,NWE,W 19-17,22,43,269,12,27.3,459,10.7,160,7.3,3.7,109,5.0,5,12.2%,13,31.7%,1,6,3,2,6,13.3%,1,6.0,2021
4,5.0,2021-10-10,5.0,5.0,44.068,TAM,,MIA,W 45-17,30,41,411,24,55.8,421,10.3,186,6.2,4.5,225,7.5,0,0.0%,6,15.4%,2,10,1,4,7,15.9%,1,13.0,2021
5,6.0,2021-10-14,6.0,6.0,44.072,TAM,@,PHI,W 28-22,34,42,297,17,40.5,283,6.7,106,3.1,2.5,191,5.6,0,0.0%,6,14.3%,0,9,2,2,4,9.5%,0,,2021
6,7.0,2021-10-24,7.0,7.0,44.082,TAM,,CHI,W 38-3,20,36,211,12,33.3,281,7.8,136,6.8,3.8,75,3.8,0,0.0%,10,27.8%,0,6,0,1,1,2.8%,0,,2021
7,8.0,2021-10-31,8.0,8.0,44.089,TAM,@,NOR,L 27-36,28,40,375,13,30.2,340,8.5,170,6.1,4.3,205,7.3,2,5.1%,7,17.9%,3,10,0,2,5,11.6%,0,,2021
8,9.0,2021-11-14,9.0,10.0,44.103,TAM,@,WAS,L 19-29,23,34,220,8,23.5,208,6.1,107,4.7,3.1,113,4.9,3,9.1%,5,15.2%,0,13,3,1,4,11.8%,0,,2021
9,10.0,2021-11-22,10.0,11.0,44.111,TAM,,NYG,W 30-10,30,46,307,16,34.8,326,7.1,179,6.0,3.9,128,4.3,2,4.4%,9,20.0%,0,8,3,2,5,10.6%,1,10.0,2021
10,11.0,2021-11-28,11.0,12.0,44.117,TAM,@,IND,W 38-31,25,34,226,11,30.6,199,5.9,97,3.9,2.9,129,5.2,1,2.9%,3,8.8%,2,9,1,1,4,11.1%,0,,2021
11,12.0,2021-12-05,12.0,13.0,44.124,TAM,@,ATL,W 30-17,38,51,368,22,43.1,324,6.4,201,5.3,3.9,167,4.4,2,3.9%,8,15.7%,0,16,1,1,2,3.9%,0,,2021
12,13.0,2021-12-12,13.0,14.0,44.131,TAM,,BUF,W 33-27,31,46,363,13,27.1,327,7.1,129,4.2,2.8,234,7.5,1,2.2%,10,21.7%,2,12,1,2,5,10.0%,2,7.5,2021
13,14.0,2021-12-19,14.0,15.0,44.138,TAM,,NOR,L 0-9,26,48,214,13,25.0,399,8.3,123,4.7,2.6,91,3.5,6,12.5%,11,22.9%,4,6,3,3,10,18.9%,1,2.0,2021
14,15.0,2021-12-26,15.0,16.0,44.145,TAM,@,CAR,W 32-6,18,30,232,12,40.0,254,8.5,149,8.3,5.0,83,4.6,3,11.1%,4,14.8%,0,17,0,1,1,3.2%,1,11.0,2021
15,16.0,2022-01-02,16.0,17.0,44.152,TAM,@,NYJ,W 28-24,34,50,410,21,41.2,507,10.1,255,7.5,5.1,155,4.6,1,2.0%,11,22.4%,1,12,0,3,4,7.8%,0,,2021
16,17.0,2022-01-09,17.0,18.0,44.159,TAM,,CAR,W 41-17,29,37,326,15,39.5,280,7.6,179,6.2,4.8,147,5.1,1,2.7%,7,18.9%,1,11,3,1,5,13.2%,0,,2021
17,,17 Games,,,,,,,13-4-0,485,719,5316,269,36.3,5791,8.1,2762,5.7,3.8,2554,5.3,32,4.5%,134,19.0%,22,176,30,31,83,11.1%,10,7.6,2021
