,Rk,Date,G#,Week,Age,Tm,Unnamed: 6_level_1,Opp,Result,Int,Tgt,Cmp,Cmp%,Yds,Yds/Cmp,Yds/Tgt,TD,Rat,DADOT,Air,YAC,Bltz,Hrry,QBKD,Sk,Prss,Comb,MTkl,MTkl%
0,1.0,2021-09-12,1.0,1.0,32.196,SEA,@,IND,W 28-16,0,0,0,,0,,,0,,,0,0,0,0,1,0.0,1,0.0,0,
1,2.0,2021-09-19,2.0,2.0,32.203,SEA,,TEN,L 30-33,0,0,0,,0,,,0,,,0,0,0,0,0,,0,,0,
2,3.0,2021-09-26,3.0,3.0,32.21,SEA,@,MIN,L 17-30,0,0,0,,0,,,0,,,0,0,0,1,1,0.0,2,3.0,1,25.0%
3,4.0,2021-10-03,4.0,4.0,32.217,SEA,@,SFO,W 28-21,0,0,0,,0,,,0,,,0,0,0,3,0,0.0,3,0.0,0,
4,5.0,2021-10-07,5.0,5.0,32.221,SEA,,LAR,L 17-26,0,0,0,,0,,,0,,,0,0,0,0,0,0.0,0,3.0,0,0.0%
5,6.0,2021-10-17,6.0,6.0,32.231,SEA,@,PIT,L 20-23,0,0,0,,0,,,0,,,0,0,2,1,0,0.0,1,0.0,0,
6,7.0,2021-10-25,7.0,7.0,32.239,SEA,,NOR,L 10-13,0,0,0,,0,,,0,,,0,0,0,0,0,0.5,1,5.0,0,0.0%
7,8.0,2021-10-31,8.0,8.0,32.245,SEA,,JAX,W 31-7,0,0,0,,0,,,0,,,0,0,12,0,1,0.0,1,1.0,0,0.0%
8,9.0,2021-11-14,9.0,10.0,32.259,SEA,@,GNB,L 0-17,0,1,1,100.0%,3,3.0,3.0,0,79.2,0.0,0,3,1,0,0,0.0,0,3.0,0,0.0%
9,10.0,2021-11-21,10.0,11.0,32.266,SEA,,ARI,L 13-23,0,1,1,100.0%,1,1.0,1.0,0,79.2,-1.0,-1,2,1,0,0,0.0,0,3.0,0,0.0%
10,11.0,2021-11-29,11.0,12.0,32.274,SEA,@,WAS,L 15-17,0,0,0,,0,,,0,,,0,0,1,0,0,0.0,0,0.0,0,
11,12.0,2021-12-05,12.0,13.0,32.28,SEA,,SFO,W 30-23,0,0,0,,0,,,0,,,0,0,0,0,0,1.0,1,1.0,0,0.0%
12,13.0,2021-12-12,13.0,14.0,32.287,SEA,@,HOU,W 33-13,0,1,1,100.0%,19,19.0,19.0,0,118.7,-3.0,-3,22,0,0,0,0.0,0,2.0,0,0.0%
13,14.0,2021-12-21,14.0,15.0,32.296,SEA,@,LAR,L 10-20,0,0,0,,0,,,0,,,0,0,0,0,0,3.0,3,4.0,0,0.0%
14,15.0,2021-12-26,15.0,16.0,32.301,SEA,,CHI,L 24-25,0,0,0,,0,,,0,,,0,0,0,2,0,2.0,4,5.0,0,0.0%
15,16.0,2022-01-02,16.0,17.0,32.308,SEA,,DET,W 51-29,0,1,1,100.0%,12,12.0,12.0,0,116.7,6.0,6,6,0,0,0,0.0,0,1.0,0,0.0%
16,17.0,2022-01-09,17.0,18.0,32.315,SEA,@,ARI,W 38-30,0,0,0,,0,,,0,,,0,0,0,1,1,2.0,4,4.0,0,0.0%
17,,17 Games,,,,,,,7-10-0,0,4,4,100.0%,35,8.8,8.8,0,103.1,0.5,2,33,17,8,4,8.5,21,35.0,1,2.8%
