,Rk,Date,G#,Week,Age,Tm,Unnamed: 6_level_1,Opp,Result,Tgt,Rec,Yds,TD,1D,YBC,YBC/R,YAC,YAC/R,ADOT,BrkTkl,Rec/Br,Drop,Drop%,Int,Rat,Att,Yds,TD,1D,YBC,YBC/Att,YAC,YAC/Att,BrkTkl,Att/Br
0,1.0,2021-09-12,1.0,1.0,24.173,SEA,@,IND,W 28-16,1.0,1.0,6.0,0.0,0.0,6.0,6.0,0.0,0.0,6.0,0.0,,0.0,0.0,0.0,91.7,2.0,22.0,0.0,1.0,12.0,6.0,10.0,5.0,1.0,2.0
1,2.0,2021-11-14,9.0,10.0,24.236,SEA,@,GNB,L 0-17,2.0,1.0,-4.0,0.0,,-5.0,-5.0,1.0,1.0,16.0,0.0,,0.0,0.0,0.0,56.2,0.0,0.0,0.0,,0.0,,0.0,,0.0,
2,3.0,2021-11-21,10.0,11.0,24.243,SEA,,ARI,L 13-23,,,,,,,,,,,,,,0.0,,,,,,,,,,,,
3,4.0,2021-11-29,11.0,12.0,24.251,SEA,@,WAS,L 15-17,3.0,2.0,10.0,0.0,,7.0,3.5,3.0,1.5,5.0,0.0,,0.0,0.0,0.0,71.5,0.0,0.0,0.0,,0.0,,0.0,,0.0,
4,5.0,2021-12-05,12.0,13.0,24.257,SEA,,SFO,W 30-23,3.0,3.0,35.0,1.0,3.0,27.0,9.0,8.0,2.7,9.0,2.0,1.5,0.0,0.0,0.0,154.9,0.0,0.0,0.0,0.0,0.0,,0.0,,0.0,
5,6.0,2021-12-12,13.0,14.0,24.264,SEA,@,HOU,W 33-13,1.0,0.0,0.0,0.0,,0.0,,0.0,,-4.0,0.0,,0.0,0.0,0.0,39.6,0.0,0.0,0.0,,0.0,,0.0,,0.0,
6,7.0,2021-12-21,14.0,15.0,24.273,SEA,@,LAR,L 10-20,4.0,0.0,0.0,0.0,,0.0,,0.0,,33.0,0.0,,0.0,0.0,0.0,39.6,0.0,0.0,0.0,,0.0,,0.0,,0.0,
7,8.0,2021-12-26,15.0,16.0,24.278,SEA,,CHI,L 24-25,3.0,2.0,10.0,0.0,1.0,-8.0,-4.0,18.0,9.0,4.0,0.0,,0.0,0.0,0.0,71.5,1.0,7.0,0.0,0.0,6.0,6.0,1.0,1.0,0.0,
8,9.0,2022-01-02,16.0,17.0,24.285,SEA,,DET,W 51-29,3.0,1.0,7.0,0.0,0.0,5.0,5.0,2.0,2.0,10.7,0.0,,0.0,0.0,0.0,42.4,1.0,30.0,0.0,1.0,24.0,24.0,6.0,6.0,0.0,
9,10.0,2022-01-09,17.0,18.0,24.292,SEA,@,ARI,W 38-30,,,,,,,,,,,,,,0.0,,,,,,,,,,,,
10,,10 Games,,,,,,,5-5-0,20.0,10.0,64.0,1.0,4.0,32.0,3.2,32.0,3.2,12.6,2.0,5.0,0.0,0.0,0.0,73.7,4.0,59.0,0.0,2.0,42.0,10.5,17.0,4.3,1.0,4.0
