,Rk,Date,G#,Week,Age,Tm,Unnamed: 6_level_1,Opp,Result,Int,Tgt,Cmp,Cmp%,Yds,Yds/Cmp,Yds/Tgt,TD,Rat,DADOT,Air,YAC,Bltz,Hrry,QBKD,Sk,Prss,Comb,MTkl,MTkl%,Year
0,1.0,2021-09-12,1.0,1.0,23.215,SEA,@,IND,W 28-16,0,0,0,,0.0,,,0.0,,,0.0,0.0,0,0,0,,0,,0,,2021
1,2.0,2021-09-19,2.0,2.0,23.222,SEA,,TEN,L 30-33,0,0,0,,0.0,,,0.0,,,0.0,0.0,0,0,0,,0,,0,,2021
2,3.0,2021-09-26,3.0,3.0,23.229,SEA,@,MIN,L 17-30,0,0,0,,0.0,,,0.0,,,0.0,0.0,0,0,0,,0,,0,,2021
3,4.0,2021-10-03,4.0,4.0,23.236,SEA,@,SFO,W 28-21,0,0,0,,0.0,,,0.0,,,0.0,0.0,0,0,0,,0,,0,,2021
4,5.0,2021-10-17,6.0,6.0,23.25,SEA,@,PIT,L 20-23,0,0,0,,0.0,,,0.0,,,0.0,0.0,0,0,0,,0,,0,,2021
5,6.0,2021-10-25,7.0,7.0,23.258,SEA,,NOR,L 10-13,0,0,0,,0.0,,,0.0,,,0.0,0.0,0,0,0,,0,,0,,2021
6,7.0,2021-10-31,8.0,8.0,23.264,SEA,,JAX,W 31-7,0,0,0,,0.0,,,0.0,,,0.0,0.0,0,0,0,,0,,0,,2021
7,8.0,2021-11-21,10.0,11.0,23.285,SEA,,ARI,L 13-23,0,0,0,,0.0,,,0.0,,,0.0,0.0,0,0,0,,0,,0,,2021
8,9.0,2021-11-29,11.0,12.0,23.293,SEA,@,WAS,L 15-17,0,0,0,,0.0,,,0.0,,,0.0,0.0,0,0,0,,0,,0,,2021
9,10.0,2021-12-05,12.0,13.0,23.299,SEA,,SFO,W 30-23,0,0,0,,0.0,,,0.0,,,0.0,0.0,0,0,0,0.0,0,1.0,0,0.0%,2021
10,11.0,2021-12-12,13.0,14.0,23.306,SEA,@,HOU,W 33-13,0,0,0,,0.0,,,0.0,,,0.0,0.0,0,0,0,,0,,0,,2021
11,12.0,2021-12-21,14.0,15.0,23.315,SEA,@,LAR,L 10-20,0,0,0,,0.0,,,0.0,,,0.0,0.0,0,0,0,,0,,0,,2021
12,13.0,2021-12-26,15.0,16.0,23.32,SEA,,CHI,L 24-25,0,0,0,,0.0,,,0.0,,,0.0,0.0,0,0,0,,0,,0,,2021
13,14.0,2022-01-02,16.0,17.0,23.327,SEA,,DET,W 51-29,0,0,0,,0.0,,,0.0,,,0.0,0.0,0,0,0,,0,,0,,2021
14,15.0,2022-01-09,17.0,18.0,23.334,SEA,@,ARI,W 38-30,0,0,0,,0.0,,,0.0,,,0.0,0.0,0,0,0,0.0,0,1.0,0,0.0%,2021
15,,15 Games,,,,,,,7-8-0,0,0,0,,,,,,,,,,0,0,0,0.0,0,2.0,0,0.0%,2021
