,Rk,Date,G#,Week,Age,Tm,Unnamed: 6_level_1,Opp,Result,Int,Tgt,Cmp,Cmp%,Yds,Yds/Cmp,Yds/Tgt,TD,Rat,DADOT,Air,YAC,Bltz,Hrry,QBKD,Sk,Prss,Comb,MTkl,MTkl%
0,1.0,2021-09-12,1.0,1.0,24.12,SEA,@,IND,W 28-16,0,2,2,100.0%,22,11.0,11.0,0,112.5,3.5,7,15,0,1,1,1.0,3,4,0,0.0%
1,2.0,2021-09-19,2.0,2.0,24.127,SEA,,TEN,L 30-33,0,1,1,100.0%,15,15.0,15.0,0,118.7,3.0,3,12,0,0,0,0.0,0,2,0,0.0%
2,3.0,2021-09-26,3.0,3.0,24.134,SEA,@,MIN,L 17-30,0,1,1,100.0%,7,7.0,7.0,0,95.8,-3.0,-3,10,0,1,0,0.0,1,1,0,0.0%
3,4.0,2021-10-03,4.0,4.0,24.141,SEA,@,SFO,W 28-21,0,0,0,,0,,,0,,,0,0,0,2,1,0.0,3,3,0,0.0%
4,5.0,2021-10-07,5.0,5.0,24.145,SEA,,LAR,L 17-26,0,0,0,,0,,,0,,,0,0,0,0,0,0.0,0,6,0,0.0%
5,6.0,2021-10-17,6.0,6.0,24.155,SEA,@,PIT,L 20-23,0,1,1,100.0%,6,6.0,6.0,0,91.7,5.0,5,1,0,0,0,0.0,0,2,0,0.0%
6,7.0,2021-10-25,7.0,7.0,24.163,SEA,,NOR,L 10-13,0,1,1,100.0%,7,7.0,7.0,0,95.8,4.0,4,3,0,0,0,1.0,2,4,1,20.0%
7,8.0,2021-10-31,8.0,8.0,24.169,SEA,,JAX,W 31-7,0,0,0,,0,,,0,,,0,0,0,0,0,0.0,0,1,0,0.0%
8,9.0,2021-11-14,9.0,10.0,24.183,SEA,@,GNB,L 0-17,0,1,1,100.0%,24,24.0,24.0,0,118.7,1.0,1,23,0,0,1,1.0,2,2,0,0.0%
9,10.0,2021-11-21,10.0,11.0,24.19,SEA,,ARI,L 13-23,0,0,0,,0,,,0,,,0,0,0,1,1,0.0,2,5,2,28.6%
10,11.0,2021-11-29,11.0,12.0,24.198,SEA,@,WAS,L 15-17,0,0,0,,0,,,0,,,0,0,0,1,0,0.0,1,2,3,60.0%
11,12.0,2021-12-05,12.0,13.0,24.204,SEA,,SFO,W 30-23,0,0,0,,0,,,0,,,0,0,0,1,1,0.0,2,1,0,0.0%
12,13.0,2021-12-12,13.0,14.0,24.211,SEA,@,HOU,W 33-13,0,0,0,,0,,,0,,,0,0,0,0,0,0.5,1,2,0,0.0%
13,14.0,2021-12-21,14.0,15.0,24.22,SEA,@,LAR,L 10-20,0,0,0,,0,,,0,,,0,0,0,0,0,1.0,1,5,1,16.7%
14,15.0,2021-12-26,15.0,16.0,24.225,SEA,,CHI,L 24-25,0,0,0,,0,,,0,,,0,0,0,2,1,2.0,5,2,0,0.0%
15,16.0,2022-01-02,16.0,17.0,24.232,SEA,,DET,W 51-29,0,0,0,,0,,,0,,,0,0,0,1,0,0.0,1,3,0,0.0%
16,17.0,2022-01-09,17.0,18.0,24.239,SEA,@,ARI,W 38-30,0,1,1,100.0%,8,8.0,8.0,0,100.0,-4.0,-4,12,0,0,0,0.0,0,3,0,0.0%
17,,17 Games,,,,,,,7-10-0,0,8,8,100.0%,89,11.1,11.1,0,113.0,1.6,13,76,0,10,6,6.5,24,48,7,12.7%
