,Rk,Date,G#,Week,Age,Tm,Unnamed: 6_level_1,Opp,Result,Int,Tgt,Cmp,Cmp%,Yds,Yds/Cmp,Yds/Tgt,TD,Rat,DADOT,Air,YAC,Bltz,Hrry,QBKD,Sk,Prss,Comb,MTkl,MTkl%,Year
0,1.0,2021-09-12,1.0,1.0,25.066,SEA,@,IND,W 28-16,0,0,0,,0.0,,,0.0,,,0.0,0.0,0,0,0,0.0,0,0.0,0,,2021
1,2.0,2021-09-19,2.0,2.0,25.073,SEA,,TEN,L 30-33,0,0,0,,0.0,,,0.0,,,0.0,0.0,0,0,0,,0,,0,,2021
2,3.0,2021-09-26,3.0,3.0,25.08,SEA,@,MIN,L 17-30,0,0,0,,0.0,,,0.0,,,0.0,0.0,0,0,0,0.0,0,0.0,0,,2021
3,4.0,2021-10-03,4.0,4.0,25.087,SEA,@,SFO,W 28-21,0,0,0,,0.0,,,0.0,,,0.0,0.0,0,0,0,0.0,0,0.0,0,,2021
4,5.0,2021-10-07,5.0,5.0,25.091,SEA,,LAR,L 17-26,0,0,0,,0.0,,,0.0,,,0.0,0.0,0,0,0,0.0,0,0.0,0,,2021
5,6.0,2021-10-17,6.0,6.0,25.101,SEA,@,PIT,L 20-23,0,0,0,,0.0,,,0.0,,,0.0,0.0,0,0,0,0.0,0,0.0,0,,2021
6,7.0,2021-10-25,7.0,7.0,25.109,SEA,,NOR,L 10-13,0,0,0,,0.0,,,0.0,,,0.0,0.0,0,0,0,,0,,0,,2021
7,8.0,2021-10-31,8.0,8.0,25.115,SEA,,JAX,W 31-7,0,0,0,,0.0,,,0.0,,,0.0,0.0,0,0,0,0.0,0,1.0,0,0.0%,2021
8,9.0,2021-11-14,9.0,10.0,25.129,SEA,@,GNB,L 0-17,0,0,0,,0.0,,,0.0,,,0.0,0.0,0,0,0,0.0,0,0.0,0,,2021
9,10.0,2021-11-21,10.0,11.0,25.136,SEA,,ARI,L 13-23,0,0,0,,0.0,,,0.0,,,0.0,0.0,0,0,0,0.0,0,0.0,0,,2021
10,11.0,2021-11-29,11.0,12.0,25.144,SEA,@,WAS,L 15-17,0,0,0,,0.0,,,0.0,,,0.0,0.0,0,0,0,0.0,0,0.0,0,,2021
11,12.0,2021-12-05,12.0,13.0,25.15,SEA,,SFO,W 30-23,0,0,0,,0.0,,,0.0,,,0.0,0.0,0,0,0,0.0,0,0.0,0,,2021
12,13.0,2021-12-12,13.0,14.0,25.157,SEA,@,HOU,W 33-13,0,0,0,,0.0,,,0.0,,,0.0,0.0,0,0,0,0.0,0,0.0,0,,2021
13,14.0,2021-12-21,14.0,15.0,25.166,SEA,@,LAR,L 10-20,0,0,0,,0.0,,,0.0,,,0.0,0.0,0,0,0,0.0,0,0.0,0,,2021
14,15.0,2022-01-02,16.0,17.0,25.178,SEA,,DET,W 51-29,0,0,0,,0.0,,,0.0,,,0.0,0.0,0,0,0,0.0,0,0.0,0,,2021
15,,15 Games,,,,,,,6-9-0,0,0,0,,,,,,,,,,0,0,0,0.0,0,1.0,0,0.0%,2021
