,Rk,Date,G#,Week,Age,Tm,Unnamed: 6_level_1,Opp,Result,Int,Tgt,Cmp,Cmp%,Yds,Yds/Cmp,Yds/Tgt,TD,Rat,DADOT,Air,YAC,Bltz,Hrry,QBKD,Sk,Prss,Comb,MTkl,MTkl%,Year
0,1.0,2018-09-09,1.0,1.0,24.351,CLE,,PIT,T 21-21,0,0,0,,0.0,,,0.0,,,0.0,0.0,0,0,0,0.0,0,0,0,,2018
1,2.0,2018-09-16,2.0,2.0,24.358,CLE,@,NOR,L 18-21,0,0,0,,0.0,,,0.0,,,0.0,0.0,0,0,0,0.0,0,0,0,,2018
2,3.0,2018-09-20,3.0,3.0,24.362,CLE,,NYJ,W 21-17,0,0,0,,0.0,,,0.0,,,0.0,0.0,0,0,0,0.0,0,0,0,,2018
3,4.0,2018-09-30,4.0,4.0,25.007,CLE,@,OAK,L 42-45,0,0,0,,0.0,,,0.0,,,0.0,0.0,0,0,0,0.0,0,1,0,0.0%,2018
4,5.0,2018-10-07,5.0,5.0,25.014,CLE,,BAL,W 12-9,0,0,0,,0.0,,,0.0,,,0.0,0.0,0,0,0,0.0,0,0,0,,2018
5,6.0,2018-10-14,6.0,6.0,25.021,CLE,,LAC,L 14-38,0,0,0,,0.0,,,0.0,,,0.0,0.0,0,0,0,0.0,0,0,0,,2018
6,7.0,2018-10-21,7.0,7.0,25.028,CLE,@,TAM,L 23-26,0,0,0,,0.0,,,0.0,,,0.0,0.0,0,0,0,0.0,0,0,0,,2018
7,8.0,2018-10-28,8.0,8.0,25.035,CLE,@,PIT,L 18-33,0,0,0,,0.0,,,0.0,,,0.0,0.0,0,0,0,0.0,0,0,0,,2018
8,9.0,2018-11-04,9.0,9.0,25.042,CLE,,KAN,L 21-37,0,0,0,,0.0,,,0.0,,,0.0,0.0,0,0,0,0.0,0,0,0,,2018
9,10.0,2018-11-11,10.0,10.0,25.049,CLE,,ATL,W 28-16,0,0,0,,0.0,,,0.0,,,0.0,0.0,0,0,0,0.0,0,0,0,,2018
10,11.0,2018-11-25,11.0,12.0,25.063,CLE,@,CIN,W 35-20,0,0,0,,0.0,,,0.0,,,0.0,0.0,0,0,0,0.0,0,0,0,,2018
11,12.0,2018-12-02,12.0,13.0,25.07,CLE,@,HOU,L 13-29,0,0,0,,0.0,,,0.0,,,0.0,0.0,0,0,0,0.0,0,0,0,,2018
12,13.0,2018-12-09,13.0,14.0,25.077,CLE,,CAR,W 26-20,0,0,0,,0.0,,,0.0,,,0.0,0.0,0,0,0,0.0,0,0,0,,2018
13,14.0,2018-12-15,14.0,15.0,25.083,CLE,@,DEN,W 17-16,0,0,0,,0.0,,,0.0,,,0.0,0.0,0,0,0,0.0,0,0,0,,2018
14,15.0,2018-12-23,15.0,16.0,25.091,CLE,,CIN,W 26-18,0,0,0,,0.0,,,0.0,,,0.0,0.0,0,0,0,0.0,0,0,0,,2018
15,16.0,2018-12-30,16.0,17.0,25.098,CLE,@,BAL,L 24-26,0,0,0,,0.0,,,0.0,,,0.0,0.0,0,0,0,0.0,0,0,0,,2018
16,,16 Games,,,,,,,7-8-1,0,0,0,,,,,,,,,,0,0,0,0.0,0,1,0,0.0%,2018
