,Rk,Date,G#,Week,Age,Tm,Unnamed: 6_level_1,Opp,Result,Tgt,Rec,Yds,TD,1D,YBC,YBC/R,YAC,YAC/R,ADOT,BrkTkl,Rec/Br,Drop,Drop%,Int,Rat,Att,Yds,TD,1D,YBC,YBC/Att,YAC,YAC/Att,BrkTkl,Att/Br,Year
0,1.0,2018-09-09,1.0,1.0,25.307,CIN,@,IND,W 34-23,0,0,0,0,,0,,0,,,0,,0,0.0,,,0,0,0,,0,,0,,0,,2018
1,2.0,2018-09-13,2.0,2.0,25.311,CIN,,BAL,W 34-23,0,0,0,0,,0,,0,,,0,,0,0.0,,,0,0,0,,0,,0,,0,,2018
2,3.0,2018-09-23,3.0,3.0,25.321,CIN,@,CAR,L 21-31,0,0,0,0,,0,,0,,,0,,0,0.0,,,0,0,0,,0,,0,,0,,2018
3,4.0,2018-09-30,4.0,4.0,25.328,CIN,@,ATL,W 37-36,2,1,8,0,,-3,-3.0,11,11.0,5.0,0,,0,0.0,0.0,60.4,1,8,0,,6,6.0,2,2.0,0,,2018
4,5.0,2018-10-07,5.0,5.0,25.335,CIN,,MIA,W 27-17,3,3,24,0,1.0,16,5.3,8,2.7,5.3,0,,0,0.0,0.0,100.0,0,0,0,0.0,0,,0,,0,,2018
5,6.0,2018-10-14,6.0,6.0,25.342,CIN,,PIT,L 21-28,3,2,8,0,,6,3.0,2,1.0,15.0,0,,1,33.3,0.0,70.1,0,0,0,,0,,0,,0,,2018
6,7.0,2018-10-21,7.0,7.0,25.349,CIN,@,KAN,L 10-45,2,1,-1,0,,-1,-1.0,0,0.0,7.0,0,,0,0.0,0.0,56.2,0,0,0,,0,,0,,0,,2018
7,8.0,2018-10-28,8.0,8.0,25.356,CIN,,TAM,W 37-34,4,1,5,0,1.0,5,5.0,0,0.0,8.3,0,,0,0.0,0.0,39.6,0,0,0,0.0,0,,0,,0,,2018
8,9.0,2018-11-11,9.0,10.0,26.005,CIN,,NOR,L 14-51,0,0,0,0,,0,,0,,,0,,0,0.0,,,0,0,0,,0,,0,,0,,2018
9,10.0,2018-11-18,10.0,11.0,26.012,CIN,@,BAL,L 21-24,1,0,0,0,,0,,0,,34.0,0,,0,0.0,0.0,39.6,0,0,0,,0,,0,,0,,2018
10,11.0,2018-11-25,11.0,12.0,26.019,CIN,,CLE,L 20-35,0,0,0,0,,0,,0,,,0,,0,0.0,,,0,0,0,,0,,0,,0,,2018
11,12.0,2018-12-02,12.0,13.0,26.026,CIN,,DEN,L 10-24,1,1,2,0,,-4,-4.0,6,6.0,-4.0,0,,0,0.0,0.0,79.2,1,0,0,,-1,-1.0,1,1.0,0,,2018
12,13.0,2018-12-09,13.0,14.0,26.033,CIN,@,LAC,L 21-26,0,0,0,0,0.0,0,,0,,,0,,0,0.0,,,1,14,0,1.0,11,11.0,3,3.0,0,,2018
13,14.0,2018-12-16,14.0,15.0,26.04,CIN,,OAK,W 30-16,5,3,23,0,1.0,0,0.0,23,7.7,8.8,0,,0,0.0,0.0,71.2,0,0,0,0.0,0,,0,,0,,2018
14,15.0,2018-12-23,15.0,16.0,26.047,CIN,@,CLE,L 18-26,2,2,35,0,1.0,4,2.0,31,15.5,2.0,0,,0,0.0,0.0,118.7,0,0,0,0.0,0,,0,,0,,2018
15,16.0,2018-12-30,16.0,17.0,26.054,CIN,@,PIT,L 13-16,6,6,63,0,3.0,46,7.7,17,2.8,7.7,0,,0,0.0,0.0,110.4,0,0,0,0.0,0,,0,,0,,2018
16,,16 Games,,,,,,,6-10-0,29,20,167,0,7.0,69,3.5,98,4.9,8.3,0,,1,3.4,0.0,83.5,3,22,0,1.0,16,5.3,6,2.0,0,,2018
