,Rk,Date,G#,Week,Age,Tm,Unnamed: 6_level_1,Opp,Result,Int,Tgt,Cmp,Cmp%,Yds,Yds/Cmp,Yds/Tgt,TD,Rat,DADOT,Air,YAC,Bltz,Hrry,QBKD,Sk,Prss,Comb,MTkl,MTkl%
0,1.0,2018-09-09,1.0,1.0,23.187,CIN,@,IND,W 34-23,0,0,0,,0.0,,,0.0,,,0.0,0.0,0,0,0,0.0,0,1,0,0.0%
1,2.0,2018-09-13,2.0,2.0,23.191,CIN,,BAL,W 34-23,0,0,0,,0.0,,,0.0,,,0.0,0.0,0,0,0,0.0,0,0,0,
2,3.0,2018-09-23,3.0,3.0,23.201,CIN,@,CAR,L 21-31,0,0,0,,0.0,,,0.0,,,0.0,0.0,0,0,0,0.0,0,0,0,
3,4.0,2018-09-30,4.0,4.0,23.208,CIN,@,ATL,W 37-36,0,0,0,,0.0,,,0.0,,,0.0,0.0,0,0,1,0.0,1,3,0,0.0%
4,5.0,2018-10-07,5.0,5.0,23.215,CIN,,MIA,W 27-17,0,0,0,,0.0,,,0.0,,,0.0,0.0,0,0,1,0.0,1,0,1,100.0%
5,6.0,2018-10-14,6.0,6.0,23.222,CIN,,PIT,L 21-28,0,0,0,,0.0,,,0.0,,,0.0,0.0,0,1,1,0.0,2,2,0,0.0%
6,7.0,2018-10-21,7.0,7.0,23.229,CIN,@,KAN,L 10-45,0,0,0,,0.0,,,0.0,,,0.0,0.0,0,1,1,1.0,3,5,1,16.7%
7,8.0,2018-10-28,8.0,8.0,23.236,CIN,,TAM,W 37-34,0,0,0,,0.0,,,0.0,,,0.0,0.0,0,1,0,0.0,1,2,0,0.0%
8,9.0,2018-11-11,9.0,10.0,23.25,CIN,,NOR,L 14-51,0,0,0,,0.0,,,0.0,,,0.0,0.0,0,1,0,0.0,1,2,0,0.0%
9,10.0,2018-11-18,10.0,11.0,23.257,CIN,@,BAL,L 21-24,0,0,0,,0.0,,,0.0,,,0.0,0.0,0,0,0,1.0,1,3,0,0.0%
10,11.0,2018-11-25,11.0,12.0,23.264,CIN,,CLE,L 20-35,0,0,0,,0.0,,,0.0,,,0.0,0.0,0,0,0,0.0,0,3,0,0.0%
11,12.0,2018-12-02,12.0,13.0,23.271,CIN,,DEN,L 10-24,0,0,0,,0.0,,,0.0,,,0.0,0.0,0,1,0,0.0,1,5,0,0.0%
12,13.0,2018-12-09,13.0,14.0,23.278,CIN,@,LAC,L 21-26,0,0,0,,0.0,,,0.0,,,0.0,0.0,0,0,0,0.5,1,1,0,0.0%
13,14.0,2018-12-16,14.0,15.0,23.285,CIN,,OAK,W 30-16,0,0,0,,0.0,,,0.0,,,0.0,0.0,0,0,0,0.0,0,1,0,0.0%
14,15.0,2018-12-23,15.0,16.0,23.292,CIN,@,CLE,L 18-26,0,0,0,,0.0,,,0.0,,,0.0,0.0,0,1,0,0.0,1,1,1,50.0%
15,16.0,2018-12-30,16.0,17.0,23.299,CIN,@,PIT,L 13-16,0,0,0,,0.0,,,0.0,,,0.0,0.0,0,0,0,0.0,0,3,0,0.0%
16,,16 Games,,,,,,,6-10-0,0,0,0,,,,,,,,,,0,6,4,2.5,13,32,3,8.6%
