,Rk,Date,G#,Week,Age,Tm,Unnamed: 6_level_1,Opp,Result,Int,Tgt,Cmp,Cmp%,Yds,Yds/Cmp,Yds/Tgt,TD,Rat,DADOT,Air,YAC,Bltz,Hrry,QBKD,Sk,Prss,Comb,MTkl,MTkl%,Year
0,1.0,2018-09-09,1.0,1.0,28.318,CIN,@,IND,W 34-23,0,10,5,50.0%,29,5.8,2.9,0,56.2,9.2,21,8,0,0,0,0.0,0,3,0,0.0%,2018
1,2.0,2018-09-13,2.0,2.0,28.322,CIN,,BAL,W 34-23,0,11,5,45.5%,68,13.6,6.2,1,96.0,16.8,53,15,0,0,0,0.0,0,3,3,50.0%,2018
2,3.0,2018-09-23,3.0,3.0,28.332,CIN,@,CAR,L 21-31,0,9,5,55.6%,58,11.6,6.4,0,75.2,14.4,56,2,0,0,0,0.0,0,7,0,0.0%,2018
3,4.0,2018-09-30,4.0,4.0,28.339,CIN,@,ATL,W 37-36,0,3,1,33.3%,30,30.0,10.0,1,111.1,26.3,26,4,0,0,0,0.0,0,1,1,50.0%,2018
4,5.0,2018-10-07,5.0,5.0,28.346,CIN,,MIA,W 27-17,0,3,0,0.0%,0,,0.0,0,39.6,22.3,0,0,1,0,0,0.0,0,2,0,0.0%,2018
5,6.0,2018-10-14,6.0,6.0,28.353,CIN,,PIT,L 21-28,0,5,2,40.0%,52,26.0,10.4,0,78.7,23.2,12,40,0,0,0,0.0,0,0,0,,2018
6,7.0,2018-10-21,7.0,7.0,28.36,CIN,@,KAN,L 10-45,0,6,4,66.7%,93,23.3,15.5,0,109.7,21.5,67,26,0,0,0,0.0,0,4,2,33.3%,2018
7,8.0,2018-10-28,8.0,8.0,29.002,CIN,,TAM,W 37-34,0,11,6,54.5%,83,13.8,7.5,0,79.0,9.1,58,25,0,0,0,0.0,0,5,2,28.6%,2018
8,9.0,2018-11-11,9.0,10.0,29.016,CIN,,NOR,L 14-51,0,3,2,66.7%,8,4.0,2.7,0,70.1,6.3,8,0,0,0,0,0.0,0,5,0,0.0%,2018
9,10.0,2018-11-18,10.0,11.0,29.023,CIN,@,BAL,L 21-24,0,1,1,100.0%,23,23.0,23.0,0,118.7,14.0,14,9,0,0,0,0.0,0,2,0,0.0%,2018
10,11.0,2018-12-02,12.0,13.0,29.037,CIN,,DEN,L 10-24,0,4,2,50.0%,20,10.0,5.0,0,64.6,6.5,16,4,0,0,0,0.0,0,5,0,0.0%,2018
11,12.0,2018-12-16,14.0,15.0,29.051,CIN,,OAK,W 30-16,0,5,3,60.0%,40,13.3,8.0,0,85.4,8.8,30,10,0,0,0,0.0,0,3,0,0.0%,2018
12,13.0,2018-12-23,15.0,16.0,29.058,CIN,@,CLE,L 18-26,0,1,0,0.0%,0,,0.0,0,39.6,20.0,0,0,0,0,0,0.0,0,1,0,0.0%,2018
13,,13 Games,,,,,,,6-7-0,0,72,36,50.0%,504,14.0,7.0,2,82.2,14.2,361,143,1,0,0,0.0,0,41,8,16.3%,2018
