,Rk,Date,G#,Week,Age,Tm,Unnamed: 6_level_1,Opp,Result,Tgt,Rec,Yds,TD,1D,YBC,YBC/R,YAC,YAC/R,ADOT,BrkTkl,Rec/Br,Drop,Drop%,Int,Rat
0,1.0,2020-09-13,1.0,1.0,24.064,DAL,@,LAR,L 17-20,4,1,11,0,1.0,7,7.0,4,4.0,3.5,0,,2,50.0,0,39.6
1,2.0,2020-09-20,2.0,2.0,24.071,DAL,,ATL,W 40-39,10,9,88,1,6.0,38,4.2,50,5.6,4.4,0,,0,0.0,0,136.7
2,3.0,2020-09-27,3.0,3.0,24.078,DAL,@,SEA,L 31-38,6,4,48,0,3.0,18,4.5,30,7.5,8.5,1,4.0,0,0.0,0,91.0
3,4.0,2020-10-04,4.0,4.0,24.085,DAL,,CLE,L 38-49,8,4,72,1,3.0,43,10.8,29,7.3,11.9,1,4.0,1,12.5,0,120.8
4,5.0,2020-10-11,5.0,5.0,24.092,DAL,,NYG,W 37-34,3,1,6,0,,2,2.0,4,4.0,3.3,0,,0,0.0,0,42.4
5,6.0,2020-10-19,6.0,6.0,24.1,DAL,,ARI,L 10-38,5,4,35,0,1.0,13,3.3,22,5.5,2.6,0,,0,0.0,0,95.8
6,7.0,2020-10-25,7.0,7.0,24.106,DAL,@,WAS,L 3-25,4,2,22,0,2.0,6,3.0,16,8.0,9.3,0,,0,0.0,0,66.7
7,8.0,2020-11-01,8.0,8.0,24.113,DAL,@,PHI,L 9-23,8,6,53,0,1.0,35,5.8,18,3.0,9.0,1,6.0,0,0.0,0,92.2
8,9.0,2020-11-08,9.0,9.0,24.12,DAL,,PIT,L 19-24,7,4,48,0,2.0,39,9.8,9,2.3,8.6,0,,0,0.0,0,78.3
9,10.0,2020-11-22,10.0,11.0,24.134,DAL,@,MIN,W 31-28,6,4,25,1,2.0,18,4.5,7,1.8,5.5,0,,0,0.0,1,75.0
10,11.0,2020-11-26,11.0,12.0,24.138,DAL,,WAS,L 16-41,5,5,24,0,1.0,11,2.2,13,2.6,2.2,0,,0,0.0,0,86.7
11,12.0,2020-12-08,12.0,13.0,24.15,DAL,@,BAL,L 17-34,4,4,44,0,2.0,28,7.0,16,4.0,7.0,2,2.0,0,0.0,0,112.5
12,13.0,2020-12-13,13.0,14.0,24.155,DAL,@,CIN,W 30-7,3,3,34,0,2.0,21,7.0,13,4.3,7.0,0,,0,0.0,0,113.9
13,14.0,2020-12-20,14.0,15.0,24.162,DAL,,SFO,W 41-33,2,2,14,1,1.0,4,2.0,10,5.0,2.0,1,2.0,0,0.0,0,135.4
14,15.0,2020-12-27,15.0,16.0,24.169,DAL,,PHI,W 37-17,4,3,21,0,1.0,20,6.7,1,0.3,5.0,0,,0,0.0,0,86.5
15,16.0,2021-01-03,16.0,17.0,24.176,DAL,@,NYG,L 19-23,10,7,70,0,5.0,33,4.7,37,5.3,6.0,2,3.5,1,10.0,1,50.0
16,,16 Games,,,,,,,6-10-0,89,63,615,4,33.0,336,5.3,279,4.4,6.4,8,7.9,4,4.5,2,95.5
