,Rk,Date,G#,Week,Age,Tm,Unnamed: 6_level_1,Opp,Result,Int,Tgt,Cmp,Cmp%,Yds,Yds/Cmp,Yds/Tgt,TD,Rat,DADOT,Air,YAC,Bltz,Hrry,QBKD,Sk,Prss,Comb,MTkl,MTkl%,Year
0,1.0,2020-09-13,1.0,1.0,21.359,DAL,@,LAR,L 17-20,0,4,3,75.0%,63,21.0,15.8,0,116.7,12.3,49,14,0,0,0,0.0,0,3,2,40.0%,2020
1,2.0,2020-09-20,2.0,2.0,22.0,DAL,,ATL,W 40-39,0,8,3,37.5%,50,16.7,6.3,0,59.4,19.9,46,4,0,0,0,0.0,0,6,0,0.0%,2020
2,3.0,2020-09-27,3.0,3.0,22.007,DAL,@,SEA,L 31-38,0,10,8,80.0%,114,14.3,11.4,1,147.5,14.5,99,15,0,0,0,0.0,0,9,0,0.0%,2020
3,4.0,2020-10-04,4.0,4.0,22.014,DAL,,CLE,L 38-49,0,7,4,57.1%,47,11.8,6.7,0,77.7,14.1,37,10,0,0,0,1.0,1,8,1,11.1%,2020
4,5.0,2020-10-11,5.0,5.0,22.021,DAL,,NYG,W 37-34,0,6,3,50.0%,35,11.7,5.8,0,68.1,13.2,28,7,0,0,0,0.0,0,3,1,25.0%,2020
5,6.0,2020-10-19,6.0,6.0,22.029,DAL,,ARI,L 10-38,0,8,2,25.0%,73,36.5,9.1,0,65.1,10.4,17,56,0,0,0,0.0,0,3,0,0.0%,2020
6,7.0,2020-10-25,7.0,7.0,22.035,DAL,@,WAS,L 3-25,0,4,2,50.0%,57,28.5,14.3,1,135.4,13.8,38,19,0,0,0,0.0,0,2,1,33.3%,2020
7,8.0,2020-11-01,8.0,8.0,22.042,DAL,@,PHI,L 9-23,2,12,7,58.3%,78,11.1,6.5,2,77.8,17.0,61,17,0,0,0,0.0,0,7,0,0.0%,2020
8,9.0,2020-11-08,9.0,9.0,22.049,DAL,,PIT,L 19-24,0,7,5,71.4%,48,9.6,6.9,0,90.2,11.4,23,25,0,0,0,0.0,0,7,0,0.0%,2020
9,10.0,2020-12-20,14.0,15.0,22.091,DAL,,SFO,W 41-33,0,5,2,40.0%,8,4.0,1.6,0,47.9,0.6,-5,13,2,0,0,0.0,0,5,0,0.0%,2020
10,11.0,2020-12-27,15.0,16.0,22.098,DAL,,PHI,W 37-17,1,7,3,42.9%,53,17.7,7.6,0,29.8,10.0,50,3,0,0,0,0.0,0,1,0,0.0%,2020
11,12.0,2021-01-03,16.0,17.0,22.105,DAL,@,NYG,L 19-23,0,6,4,66.7%,41,10.3,6.8,1,125.7,15.3,22,19,0,0,0,0.0,0,4,0,0.0%,2020
12,,12 Games,,,,,,,4-8-0,3,84,46,54.8%,667,14.5,7.9,5,85.8,13.3,465,202,2,0,0,1.0,1,58,5,7.9%,2020
