,Rank,Player,Tackle,Assist,Sack,Pass Defended,Interception,Forced Fumble,Fumble Recovery,Defend Touchdown,Games Played,Fantasy Football Points,FTPS/Game,ROST,Position,Year
0,1,Trumaine Johnson,6,0,0,2,2,0,0,1,1,28.0,28.0,0.0%,DB,2014
1,2,Reshad Jones,9,1,0,1,1,0,0,0,1,25.8,25.8,0.0%,DB,2014
2,3,Jason McCourty,6,1,0,0,0,1,1,1,1,23.8,23.8,0.0%,DB,2014
3,4,Rashad Johnson,4,2,0,1,1,0,0,1,1,20.0,20.0,0.0%,DB,2014
4,5,Da'Norris Searcy,3,1,0,3,2,0,0,0,1,19.8,19.8,0.0%,DB,2014
5,6,Harrison Smith,6,2,1,0,0,0,0,0,1,19.5,19.5,18.9%,DB,2014
6,7,Barry Church,9,2,0,1,0,0,0,0,1,19.0,19.0,2.0%,DB,2014
7,8,Ryan Mundy,11,1,0,0,0,0,0,0,1,17.3,17.3,0.0%,DB,2014
8,9,E.J. Gaines,6,0,0,2,1,0,0,0,1,17.0,17.0,0.0%,DB,2014
9,10,Aaron Colvin,3,1,0,1,0,0,1,1,1,16.8,16.8,0.0%,DB,2014
10,11,Kenny Vaccaro,5,3,0,1,1,0,0,0,1,16.3,16.3,4.0%,DB,2014
11,12,Richard Sherman,2,0,0,2,2,0,0,0,1,16.0,16.0,0.1%,DB,2014
12,13,George Wilson,7,2,0,1,0,0,0,0,1,16.0,16.0,0.0%,DB,2014
13,14,Ryan Clark,3,1,0,1,1,0,1,0,1,15.8,15.8,0.0%,DB,2014
14,15,Glover Quin,5,2,0,1,1,0,0,0,1,15.5,15.5,0.0%,DB,2014
15,16,T.J. Ward,6,0,1,0,0,0,0,0,1,15.5,15.5,0.1%,DB,2014
16,17,Gregory Toler,5,0,1,0,0,1,0,0,1,15.5,15.5,0.0%,DB,2014
17,18,Jim Leonhard,5,0,0,2,1,0,0,0,1,15.5,15.5,0.0%,DB,2014
18,19,Darius Slay,6,2,0,3,0,0,0,0,1,15.0,15.0,10.0%,DB,2014
19,20,Alterraun Verner,5,1,0,1,1,0,0,0,1,14.8,14.8,0.0%,DB,2014
20,21,Terence Newman,4,1,0,2,1,0,0,0,1,14.8,14.8,0.0%,DB,2014
21,22,Louis Delmas,8,3,0,0,0,0,0,0,1,14.3,14.3,0.0%,DB,2014
22,23,Patrick Chung,8,3,0,0,0,0,0,0,1,14.3,14.3,0.0%,DB,2014
23,24,Darrin Walls,4,0,0,2,1,0,0,0,1,14.0,14.0,0.0%,DB,2014
24,25,Josh Wilson,3,0,0,3,1,0,0,0,1,14.0,14.0,0.0%,DB,2014
25,26,Antonio Cromartie,7,1,0,0,0,0,0,0,1,13.8,13.8,0.0%,DB,2014
26,27,Antrel Rolle,6,1,0,1,0,0,0,0,1,13.8,13.8,0.0%,DB,2014
27,28,Josh Evans,6,3,0,0,0,0,0,0,1,13.8,13.8,0.0%,DB,2014
28,29,Tramon Williams,8,1,0,0,0,0,0,0,1,12.8,12.8,0.0%,DB,2014
29,30,Dashon Goldson,7,3,0,0,0,0,0,0,1,12.8,12.8,0.0%,DB,2014
30,31,Nate Allen,1,1,0,1,1,0,1,0,1,12.8,12.8,0.0%,DB,2014
31,32,Devin McCourty,8,1,0,0,0,0,0,0,1,12.8,12.8,4.4%,DB,2014
32,33,Cary Williams,3,0,0,2,1,0,0,0,1,12.5,12.5,0.0%,DB,2014
33,34,Reggie Nelson,5,1,0,1,0,0,0,0,1,12.3,12.3,0.0%,DB,2014
34,35,J.J. Wilcox,6,4,0,0,0,0,0,0,1,12.0,12.0,0.0%,DB,2014
35,36,Anthony Levine,6,4,0,0,0,0,0,0,1,12.0,12.0,7.0%,DB,2014
36,37,Kyle Fuller,7,0,0,1,0,0,0,0,1,12.0,12.0,0.0%,DB,2014
37,38,Corey Graham,7,0,0,1,0,0,0,0,1,12.0,12.0,0.0%,DB,2014
38,39,Dwight Lowery,2,3,0,1,1,0,0,0,1,11.8,11.8,0.0%,DB,2014
39,40,D.J. Hayden,6,0,0,0,0,0,0,0,1,11.5,11.5,0.0%,DB,2014
40,41,Kurt Coleman,5,0,0,0,0,0,1,0,1,11.5,11.5,0.0%,DB,2014
41,42,Shareece Wright,6,1,0,1,0,0,0,0,1,11.3,11.3,0.0%,DB,2014
42,43,Patrick Robinson,4,1,0,3,0,0,0,0,1,11.3,11.3,0.0%,DB,2014
43,44,Johnathan Joseph,3,0,0,1,1,0,0,0,1,11.0,11.0,0.0%,DB,2014
44,45,A.J. Bouye,3,0,0,1,1,0,0,0,1,11.0,11.0,0.0%,DB,2014
45,46,Desmond Trufant,3,1,0,1,0,0,1,0,1,10.8,10.8,0.0%,DB,2014
46,47,Dwayne Gratz,4,1,0,0,0,1,0,0,1,10.8,10.8,0.0%,DB,2014
47,48,Matt Elam,5,2,0,1,0,0,0,0,1,10.5,10.5,0.0%,DB,2014
48,49,Mike Adams,6,0,0,1,0,0,0,0,1,10.5,10.5,0.4%,DB,2014
49,50,Bradley Fletcher,5,0,0,2,0,0,0,0,1,10.5,10.5,0.0%,DB,2014
50,51,Brandon Flowers,6,0,0,1,0,0,0,0,1,10.5,10.5,0.0%,DB,2014
51,52,Darius Butler,6,0,0,1,0,0,0,0,1,10.5,10.5,0.0%,DB,2014
52,53,Donte Whitner,4,2,0,0,0,0,0,0,1,10.0,10.0,1.0%,DB,2014
53,54,Will Hill,5,0,0,0,0,0,0,0,1,10.0,10.0,0.0%,DB,2014
54,55,Dawan Landry,6,1,0,0,0,0,0,0,1,9.8,9.8,0.0%,DB,2014
55,56,Johnathan Cyprien,6,1,0,0,0,0,0,0,1,9.8,9.8,0.0%,DB,2014
56,57,Aaron Williams,4,5,0,0,0,0,0,0,1,9.8,9.8,0.0%,DB,2014
57,58,Quinton Carter,2,0,1,0,0,0,0,0,1,9.5,9.5,0.0%,DB,2014
58,59,Joe Haden,1,0,0,2,1,0,0,0,1,9.5,9.5,1.0%,DB,2014
59,60,Charles Woodson,4,1,0,0,0,0,0,0,1,9.3,9.3,0.0%,DB,2014
60,61,Sean Smith,4,2,0,1,0,0,0,0,1,9.0,9.0,0.0%,DB,2014
61,62,Kyle Arrington,5,0,0,1,0,0,0,0,1,9.0,9.0,0.0%,DB,2014
62,63,Christopher Owens,4,2,0,1,0,0,0,0,1,9.0,9.0,0.0%,DB,2014
63,64,Robert Blanton,4,2,0,1,0,0,0,0,1,9.0,9.0,0.0%,DB,2014
64,65,Ron Parker,5,0,0,1,0,0,0,0,1,9.0,9.0,0.0%,DB,2014
65,66,Corey White,6,0,0,0,0,0,0,0,1,9.0,9.0,0.0%,DB,2014
66,67,Patrick Peterson,6,0,0,0,0,0,0,0,1,9.0,9.0,0.9%,DB,2014
67,68,Marcus Gilchrist,4,4,0,0,0,0,0,0,1,9.0,9.0,0.0%,DB,2014
68,69,Chykie Brown,5,2,0,0,0,0,0,0,1,9.0,9.0,0.0%,DB,2014
69,70,Buster Skrine,5,0,0,1,0,0,0,0,1,9.0,9.0,0.0%,DB,2014
70,71,T.J. McDonald,5,0,0,1,0,0,0,0,1,9.0,9.0,0.0%,DB,2014
71,72,Brandon Boykin,3,0,0,0,0,1,0,0,1,8.5,8.5,0.0%,DB,2014
72,73,Bene' Benwikere,2,2,0,0,0,1,0,0,1,8.5,8.5,0.0%,DB,2014
73,74,Blidi Wreh-Wilson,5,1,0,0,0,0,0,0,1,8.3,8.3,0.0%,DB,2014
74,75,D.J. Swearinger,4,3,0,0,0,0,0,0,1,8.3,8.3,0.0%,DB,2014
75,76,Brock Vereen,4,3,0,0,0,0,0,0,1,8.3,8.3,0.0%,DB,2014
76,77,Ha Ha,3,3,0,1,0,0,0,0,1,8.3,8.3,0.0%,DB,2014
77,78,Pierre Warren,4,3,0,0,0,0,0,0,1,8.3,8.3,0.0%,DB,2014
78,79,Morgan Burnett,4,3,0,0,0,0,0,0,1,8.3,8.3,0.0%,DB,2014
79,80,Johnthan Banks,1,0,0,1,1,0,0,0,1,8.0,8.0,0.0%,DB,2014
80,81,Josh Robinson,1,0,0,1,1,0,0,0,1,8.0,8.0,0.0%,DB,2014
81,82,Jeromy Miles,2,1,0,0,0,0,1,0,1,7.8,7.8,0.0%,DB,2014
82,83,William Moore,1,3,0,0,0,1,0,0,1,7.8,7.8,0.0%,DB,2014
83,84,Kendrick Lewis,3,2,0,1,0,0,0,0,1,7.5,7.5,0.0%,DB,2014
84,85,Captain Munnerlyn,5,0,0,0,0,0,0,0,1,7.5,7.5,0.0%,DB,2014
85,86,Tony Jefferson,4,2,0,0,0,0,0,0,1,7.5,7.5,0.0%,DB,2014
86,87,Phillip Gaines,4,0,0,1,0,0,0,0,1,7.5,7.5,0.0%,DB,2014
87,88,Mike Mitchell,4,2,0,0,0,0,0,0,1,7.5,7.5,0.0%,DB,2014
88,89,Demontre Hurst,2,2,0,0,0,0,0,0,1,7.0,7.0,0.0%,DB,2014
89,90,LaRon Landry,2,2,0,0,0,0,0,0,1,7.0,7.0,0.0%,DB,2014
90,91,Josh Norman,3,1,0,1,0,0,0,0,1,6.8,6.8,3.0%,DB,2014
91,92,Earl Thomas,4,1,0,0,0,0,0,0,1,6.8,6.8,1.1%,DB,2014
92,93,Stephon Gilmore,4,1,0,0,0,0,0,0,1,6.8,6.8,1.5%,DB,2014
93,94,Daimion Stafford,4,1,0,0,0,0,0,0,1,6.8,6.8,4.0%,DB,2014
94,95,Brandon Dixon,0,0,0,1,1,0,0,0,1,6.5,6.5,0.0%,DB,2014
95,96,Tyrann Mathieu,2,1,0,0,0,0,0,0,1,6.3,6.3,10.0%,DB,2014
96,97,Malcolm Jenkins,2,1,0,0,0,0,0,0,1,6.3,6.3,15.0%,DB,2014
97,98,Rodney McLeod,1,1,0,0,0,0,1,0,1,6.3,6.3,0.4%,DB,2014
98,99,Orlando Scandrick,4,0,0,0,0,0,0,0,1,6.0,6.0,0.0%,DB,2014
99,100,Chris Harris,3,0,0,1,0,0,0,0,1,6.0,6.0,0.0%,DB,2014
100,101,Tarell Brown,4,0,0,0,0,0,0,0,1,6.0,6.0,0.0%,DB,2014
101,102,Lardarius Webb,4,0,0,0,0,0,0,0,1,6.0,6.0,0.0%,DB,2014
102,103,Bradley McDougald,4,0,0,0,0,0,0,0,1,6.0,6.0,0.0%,DB,2014
103,104,Roman Harper,4,0,0,0,0,0,0,0,1,6.0,6.0,1.0%,DB,2014
104,105,William Gay,3,2,0,0,0,0,0,0,1,6.0,6.0,0.1%,DB,2014
105,106,Brent Grimes,3,2,0,0,0,0,0,0,1,6.0,6.0,0.0%,DB,2014
106,107,Kam Chancellor,2,2,0,1,0,0,0,0,1,6.0,6.0,0.1%,DB,2014
107,108,Chris Culliver,3,2,0,0,0,0,0,0,1,6.0,6.0,0.0%,DB,2014
108,109,Rahim Moore,1,0,0,0,0,1,0,0,1,5.5,5.5,0.0%,DB,2014
109,110,Bradley Roby,1,0,0,0,0,0,1,0,1,5.5,5.5,0.0%,DB,2014
110,111,Sherrod Martin,2,0,0,0,0,0,0,0,1,5.5,5.5,0.0%,DB,2014
111,112,Jerraud Powers,1,1,0,2,0,0,0,0,1,5.3,5.3,0.0%,DB,2014
112,113,Vontae Davis,1,1,0,2,0,0,0,0,1,5.3,5.3,0.0%,DB,2014
113,114,Sergio Brown,3,1,0,0,0,0,0,0,1,5.3,5.3,0.0%,DB,2014
114,115,Phillip Thomas,3,1,0,0,0,0,0,0,1,5.3,5.3,0.0%,DB,2014
115,116,Troy Polamalu,2,3,0,0,0,0,0,0,1,5.3,5.3,0.0%,DB,2014
116,117,Bashaud Breeland,3,1,0,0,0,0,0,0,1,5.3,5.3,1.0%,DB,2014
117,118,Michael Griffin,2,2,0,0,0,0,0,0,1,4.5,4.5,5.0%,DB,2014
118,119,Xavier Rhodes,0,0,0,3,0,0,0,0,1,4.5,4.5,0.0%,DB,2014
119,120,Leon Hall,3,0,0,0,0,0,0,0,1,4.5,4.5,0.0%,DB,2014
120,121,Robert McClain,2,0,0,1,0,0,0,0,1,4.5,4.5,0.0%,DB,2014
121,122,Josh Gordy,2,0,0,1,0,0,0,0,1,4.5,4.5,0.0%,DB,2014
122,123,Eric Weddle,2,2,0,0,0,0,0,0,1,4.5,4.5,11.0%,DB,2014
123,124,Brandon Browner,2,0,0,1,0,0,0,0,1,4.5,4.5,0.0%,DB,2014
124,125,Eric Reid,3,0,0,0,0,0,0,0,1,4.5,4.5,0.0%,DB,2014
125,126,Thomas DeCoud,3,0,0,0,0,0,0,0,1,4.5,4.5,0.0%,DB,2014
126,127,Husain Abdullah,3,0,0,0,0,0,0,0,1,4.5,4.5,0.0%,DB,2014
127,128,Calvin Pryor,3,0,0,0,0,0,0,0,1,4.5,4.5,5.0%,DB,2014
128,129,Omar Bolden,0,0,0,0,0,0,1,0,1,4.0,4.0,0.0%,DB,2014
129,130,Sterling Moore,1,1,0,1,0,0,0,0,1,3.8,3.8,0.0%,DB,2014
130,131,Coty Sensabaugh,2,1,0,0,0,0,0,0,1,3.8,3.8,0.0%,DB,2014
131,132,Antoine Bethea,2,1,0,0,0,0,0,0,1,3.8,3.8,28.0%,DB,2014
132,133,George Iloka,1,3,0,0,0,0,0,0,1,3.8,3.8,0.0%,DB,2014
133,134,Perrish Cox,2,1,0,0,0,0,0,0,1,3.8,3.8,0.0%,DB,2014
134,135,Marcus Williams,1,3,0,0,0,0,0,0,1,3.8,3.8,4.0%,DB,2014
135,136,Logan Ryan,2,1,0,0,0,0,0,0,1,3.8,3.8,1.3%,DB,2014
136,137,Rashean Mathis,1,1,0,1,0,0,0,0,1,3.8,3.8,0.0%,DB,2014
137,138,K'Waun Williams,2,0,0,0,0,0,0,0,1,3.0,3.0,0.0%,DB,2014
138,139,Jaiquawn Jarrett,1,2,0,0,0,0,0,0,1,3.0,3.0,0.0%,DB,2014
139,140,Tony Carter,2,0,0,0,0,0,0,0,1,3.0,3.0,0.0%,DB,2014
140,141,Danny Gorrer,2,0,0,0,0,0,0,0,1,3.0,3.0,0.0%,DB,2014
141,142,Darryl Morris,2,0,0,0,0,0,0,0,1,3.0,3.0,0.0%,DB,2014
142,143,Keenan Lewis,2,0,0,0,0,0,0,0,1,3.0,3.0,0.0%,DB,2014
143,144,Nolan Carroll,2,0,0,0,0,0,0,0,1,3.0,3.0,0.0%,DB,2014
144,145,Janoris Jenkins,2,0,0,0,0,0,0,0,1,3.0,3.0,1.0%,DB,2014
145,146,Tim Jennings,2,0,0,0,0,0,0,0,1,3.0,3.0,0.0%,DB,2014
146,147,Byron Maxwell,2,0,0,0,0,0,0,0,1,3.0,3.0,0.0%,DB,2014
147,148,Kemal Ishmael,2,0,0,0,0,0,0,0,1,3.0,3.0,0.0%,DB,2014
148,149,Chase Minnifield,2,0,0,0,0,0,0,0,1,3.0,3.0,0.0%,DB,2014
149,150,Tre Boston,2,0,0,0,0,0,0,0,1,3.0,3.0,1.0%,DB,2014
150,151,Darrelle Revis,1,0,0,1,0,0,0,0,1,3.0,3.0,0.0%,DB,2014
151,152,Dominique Rodgers-Cromartie,2,0,0,0,0,0,0,0,1,3.0,3.0,0.0%,DB,2014
152,153,Adam Jones,2,0,0,0,0,0,0,0,1,3.0,3.0,0.0%,DB,2014
153,154,Nickell Robey-Coleman,2,0,0,0,0,0,0,0,1,3.0,3.0,0.0%,DB,2014
154,155,David Amerson,1,0,0,1,0,0,0,0,1,3.0,3.0,0.0%,DB,2014
155,156,Chris Conte,1,1,0,0,0,0,0,0,1,2.3,2.3,0.0%,DB,2014
156,157,Leonard Johnson,1,1,0,0,0,0,0,0,1,2.3,2.3,0.0%,DB,2014
157,158,Danieal Manning,1,1,0,0,0,0,0,0,1,2.3,2.3,0.0%,DB,2014
158,159,Jimmy Wilson,1,1,0,0,0,0,0,0,1,2.3,2.3,0.0%,DB,2014
159,160,Brandon Carr,1,1,0,0,0,0,0,0,1,2.3,2.3,0.0%,DB,2014
160,161,Brandian Ross,0,1,0,1,0,0,0,0,1,2.3,2.3,0.0%,DB,2014
161,162,Craig Dahl,0,0,0,1,0,0,0,0,1,1.5,1.5,0.0%,DB,2014
162,163,Casey Hayward,1,0,0,0,0,0,0,0,1,1.5,1.5,0.0%,DB,2014
163,164,Mike Harris,1,0,0,0,0,0,0,0,1,1.5,1.5,0.0%,DB,2014
164,165,Cassius Vaughn,0,0,0,1,0,0,0,0,1,1.5,1.5,0.0%,DB,2014
165,166,Micah Hyde,1,0,0,0,0,0,0,0,1,1.5,1.5,1.2%,DB,2014
166,167,Kyle Wilson,1,0,0,0,0,0,0,0,1,1.5,1.5,0.0%,DB,2014
167,168,Davon House,1,0,0,0,0,0,0,0,1,1.5,1.5,0.0%,DB,2014
168,169,Brandon Ghee,1,0,0,0,0,0,0,0,1,1.5,1.5,0.0%,DB,2014
169,170,Antoine Cason,1,0,0,0,0,0,0,0,1,1.5,1.5,0.0%,DB,2014
170,171,Brice McCain,0,0,0,1,0,0,0,0,1,1.5,1.5,0.0%,DB,2014
171,172,Tharold Simon,1,0,0,0,0,0,0,0,1,1.5,1.5,0.0%,DB,2014
172,173,Demetrius McCray,1,0,0,0,0,0,0,0,1,1.5,1.5,0.0%,DB,2014
173,174,Will Allen,1,0,0,0,0,0,0,0,1,1.5,1.5,0.0%,DB,2014
174,175,Brandon Meriweather,1,0,0,0,0,0,0,0,1,1.5,1.5,0.0%,DB,2014
175,176,Antwon Blake,1,0,0,0,0,0,0,0,1,1.5,1.5,0.0%,DB,2014
176,177,T.J. Carrie,1,0,0,0,0,0,0,0,1,1.5,1.5,1.0%,DB,2014
177,178,Zackary Bowman,1,0,0,0,0,0,0,0,1,1.5,1.5,0.0%,DB,2014
178,179,Eddie Pleasant,1,0,0,0,0,0,0,0,1,1.5,1.5,0.0%,DB,2014
179,180,Ike Taylor,0,1,0,0,0,0,0,0,1,0.8,0.8,0.0%,DB,2014
180,181,C.J. Spillman,0,1,0,0,0,0,0,0,1,0.8,0.8,0.0%,DB,2014
181,182,Isaiah Frey,0,1,0,0,0,0,0,0,1,0.8,0.8,0.0%,DB,2014
182,183,Sam Shields,0,1,0,0,0,0,0,0,1,0.8,0.8,6.0%,DB,2014
183,184,Duke Williams,0,1,0,0,0,0,0,0,1,0.8,0.8,0.0%,DB,2014
184,185,Antone Exum,0,0,0,0,0,0,0,0,1,0.0,0.0,0.0%,DB,2014
185,186,Andre Hal,0,0,0,0,0,0,0,0,1,0.0,0.0,0.0%,DB,2014
186,187,Jabari Price,0,0,0,0,0,0,0,0,1,0.0,0.0,0.0%,DB,2014
187,188,Robert Nelson,0,0,0,0,0,0,0,0,1,0.0,0.0,0.0%,DB,2014
188,189,Shawn Williams,0,0,0,0,0,0,0,0,1,0.0,0.0,10.0%,DB,2014
189,190,Leon McFadden,0,0,0,0,0,0,0,0,1,0.0,0.0,0.0%,DB,2014
190,191,Duron Harmon,0,0,0,0,0,0,0,0,1,0.0,0.0,0.0%,DB,2014
191,192,Shamarko Thomas,0,0,0,0,0,0,0,0,1,0.0,0.0,0.0%,DB,2014
192,193,Steve Williams,0,0,0,0,0,0,0,0,1,0.0,0.0,0.0%,DB,2014
193,194,Johnson Bademosi,0,0,0,0,0,0,0,0,1,0.0,0.0,0.0%,DB,2014
194,195,Sean Richardson,0,0,0,0,0,0,0,0,1,0.0,0.0,0.0%,DB,2014
195,196,Robert Golden,0,0,0,0,0,0,0,0,1,0.0,0.0,6.0%,DB,2014
196,197,Jordan Poyer,0,0,0,0,0,0,0,0,1,0.0,0.0,26.4%,DB,2014
197,198,Don Jones,0,0,0,0,0,0,0,0,1,0.0,0.0,2.0%,DB,2014
198,199,Marcus Cooper,0,0,0,0,0,0,0,0,1,0.0,0.0,0.0%,DB,2014
199,200,Nat Berhe,0,0,0,0,0,0,0,0,1,0.0,0.0,2.0%,DB,2014
200,201,Marcus Ball,0,0,0,0,0,0,0,0,1,0.0,0.0,0.0%,DB,2014
201,202,Dezmen Southward,0,0,0,0,0,0,0,0,1,0.0,0.0,1.0%,DB,2014
202,203,Darqueze Dennard,0,0,0,0,0,0,0,0,1,0.0,0.0,0.0%,DB,2014
203,204,Ross Cockrell,0,0,0,0,0,0,0,0,1,0.0,0.0,0.0%,DB,2014
204,205,Maurice Alexander,0,0,0,0,0,0,0,0,1,0.0,0.0,0.0%,DB,2014
205,206,Keith McGill,0,0,0,0,0,0,0,0,1,0.0,0.0,0.0%,DB,2014
206,207,Walt Aikens,0,0,0,0,0,0,0,0,1,0.0,0.0,0.0%,DB,2014
207,208,Pierre Desir,0,0,0,0,0,0,0,0,1,0.0,0.0,0.0%,DB,2014
208,209,Dontae Johnson,0,0,0,0,0,0,0,0,1,0.0,0.0,0.0%,DB,2014
209,210,Ray-Ray Armstrong,0,0,0,0,0,0,0,0,1,0.0,0.0,0.0%,DB,2014
210,211,Jahleel Addae,0,0,0,0,0,0,0,0,1,0.0,0.0,0.0%,DB,2014
211,212,Brynden Trawick,0,0,0,0,0,0,0,0,1,0.0,0.0,0.0%,DB,2014
212,213,Chris Maragos,0,0,0,0,0,0,0,0,1,0.0,0.0,0.0%,DB,2014
213,214,Melvin White,0,0,0,0,0,0,0,0,1,0.0,0.0,0.0%,DB,2014
214,215,Cody Davis,0,0,0,0,0,0,0,0,1,0.0,0.0,0.0%,DB,2014
215,216,Jordan Kovacs,0,0,0,0,0,0,0,0,1,0.0,0.0,0.0%,DB,2014
216,217,Jakar Hamilton,0,0,0,0,0,0,0,0,1,0.0,0.0,0.0%,DB,2014
217,218,DeShawn Shead,0,0,0,0,0,0,0,0,1,0.0,0.0,0.0%,DB,2014
218,219,Terrence Brooks,0,0,0,0,0,0,0,0,1,0.0,0.0,0.0%,DB,2014
219,220,Kyle Nelson,0,0,0,0,0,0,0,0,1,0.0,0.0,0.0%,DB,2014
220,221,Tramain Jacobs,0,0,0,0,0,0,0,0,1,0.0,0.0,0.0%,DB,2014
221,222,Dewey McDonald,0,0,0,0,0,0,0,0,1,0.0,0.0,0.0%,DB,2014
222,223,Daniel Sorensen,0,0,0,0,0,0,0,0,1,0.0,0.0,0.0%,DB,2014
223,224,Akeem Davis,0,0,0,0,0,0,0,0,1,0.0,0.0,0.0%,DB,2014
224,225,Trenton Robinson,0,0,0,0,0,0,0,0,1,0.0,0.0,0.0%,DB,2014
225,226,Mohammed Seisay,0,0,0,0,0,0,0,0,1,0.0,0.0,0.0%,DB,2014
226,227,Marcus Burley,0,0,0,0,0,0,0,0,1,0.0,0.0,0.0%,DB,2014
227,228,Craig Loston,0,0,0,0,0,0,0,0,1,0.0,0.0,0.0%,DB,2014
228,229,Micah Pellerin,0,0,0,0,0,0,0,0,1,0.0,0.0,0.0%,DB,2014
229,230,Greg Ducre,0,0,0,0,0,0,0,0,1,0.0,0.0,0.0%,DB,2014
230,231,Jumal Rolle,6,0,0,1,1,0,0,0,1,0.0,0.0,0.0%,DB,2014
231,232,Chandler Fenner,0,0,0,0,0,0,0,0,1,0.0,0.0,0.0%,DB,2014
232,233,Al Louis-Jean,0,0,0,0,0,0,0,0,1,0.0,0.0,0.0%,DB,2014
233,234,L.J. McCray,0,0,0,0,0,0,0,0,1,0.0,0.0,0.0%,DB,2014
234,235,Kelcie McCray,0,0,0,0,0,0,0,0,1,0.0,0.0,2.0%,DB,2014
235,236,Brian Dixon,0,0,0,0,0,0,0,0,1,0.0,0.0,0.0%,DB,2014
236,237,Jarrett Bush,0,0,0,0,0,0,0,0,1,0.0,0.0,0.0%,DB,2014
237,238,Colin Jones,0,0,0,0,0,0,0,0,1,0.0,0.0,5.0%,DB,2014
238,239,Brandon Harris,0,0,0,0,0,0,0,0,1,0.0,0.0,0.0%,DB,2014
239,240,Chimdi Chekwa,0,0,0,0,0,0,0,0,1,0.0,0.0,0.0%,DB,2014
240,241,Jalil Brown,0,0,0,0,0,0,0,0,1,0.0,0.0,0.0%,DB,2014
241,242,Chris Prosinski,0,0,0,0,0,0,0,0,1,0.0,0.0,4.0%,DB,2014
242,243,Tommie Campbell,0,0,0,0,0,0,0,0,1,0.0,0.0,0.0%,DB,2014
243,244,Isa Abdul-Quddus,0,0,0,0,0,0,0,0,1,0.0,0.0,0.0%,DB,2014
244,245,Jeron Johnson,0,0,0,0,0,0,0,0,1,0.0,0.0,0.0%,DB,2014
245,246,Ross Ventrone,0,0,0,0,0,0,0,0,1,0.0,0.0,0.0%,DB,2014
246,247,Andrew Sendejo,0,0,0,0,0,0,0,0,1,0.0,0.0,0.0%,DB,2014
247,248,Stevie Brown,5,1,1,0,0,0,0,0,1,0.0,0.0,0.0%,DB,2014
248,249,Colt Anderson,0,0,0,0,0,0,0,0,1,0.0,0.0,0.0%,DB,2014
249,250,Sherrick McManis,0,0,0,0,0,0,0,0,1,0.0,0.0,0.0%,DB,2014
250,251,Danny McCray,0,0,0,0,0,0,0,0,1,0.0,0.0,0.0%,DB,2014
251,252,Darian Stewart,0,0,0,0,0,0,0,0,1,0.0,0.0,0.0%,DB,2014
252,253,Keith Tandy,0,0,0,0,0,0,0,0,1,0.0,0.0,0.0%,DB,2014
253,254,Justin Bethel,0,0,0,0,0,0,0,0,1,0.0,0.0,0.0%,DB,2014
254,255,Nate Ebner,0,0,0,0,0,0,0,0,1,0.0,0.0,0.0%,DB,2014
255,256,Alfonzo Dennard,0,0,0,0,0,0,0,0,1,0.0,0.0,0.0%,DB,2014
256,257,R.J. Stanford,1,1,0,1,0,0,0,0,1,0.0,0.0,0.0%,DB,2014
257,258,Marcus Sherels,0,0,0,0,0,0,0,0,1,0.0,0.0,0.0%,DB,2014
258,259,Dre Kirkpatrick,0,0,0,0,0,0,0,0,1,0.0,0.0,0.0%,DB,2014
259,260,Antonio Allen,0,0,0,0,0,0,0,0,1,0.0,0.0,0.0%,DB,2014
260,261,Tavon Wilson,0,0,0,0,0,0,0,0,1,0.0,0.0,0.0%,DB,2014
261,262,Ron Brooks,0,0,0,0,0,0,0,0,1,0.0,0.0,0.0%,DB,2014
262,263,James Ihedigbo,1,0,0,1,1,0,0,0,1,0.0,0.0,4.0%,DB,2014
263,264,Quintin Demps,0,0,0,0,0,0,0,0,1,0.0,0.0,3.0%,DB,2014
264,265,Bubba Ventrone,0,0,0,0,0,0,0,0,1,0.0,0.0,0.0%,DB,2014
265,266,Charles Godfrey,0,0,0,0,0,0,0,0,1,0.0,0.0,0.0%,DB,2014
266,267,Taylor Mays,0,0,0,0,0,0,0,0,1,0.0,0.0,0.0%,DB,2014
267,268,Larry Asante,0,0,0,0,0,0,0,0,1,0.0,0.0,0.0%,DB,2014
268,269,Darrell Stuckey,0,0,0,0,0,0,0,0,1,0.0,0.0,3.0%,DB,2014
269,270,Javier Arenas,0,0,0,0,0,0,0,0,1,0.0,0.0,0.0%,DB,2014
270,271,David Bruton,0,0,0,0,0,0,0,0,1,0.0,0.0,0.0%,DB,2014
271,272,Don Carey,0,0,0,0,0,0,0,0,1,0.0,0.0,0.0%,DB,2014
272,273,Jamarca Sanford,0,0,0,0,0,0,0,0,1,0.0,0.0,0.0%,DB,2014
273,274,Chris Davis,0,0,0,0,0,0,0,0,1,0.0,0.0,0.0%,DB,2014
274,275,Darious Williams,0,0,0,0,0,0,0,0,1,0.0,0.0,10.5%,DB,2014
275,276,Jarrod Wilson,0,0,0,0,0,0,0,0,1,0.0,0.0,0.0%,DB,2014
