,Rank,Player,Tackle,Assist,Sack,Pass Defended,Interception,Forced Fumble,Fumble Recovery,Defend Touchdown,Games Played,Fantasy Football Points,FTPS/Game,ROST,Position,Year
0,1,Roman Harper,6,0,0,1,1,0,0,1,1,21.5,21.5,1.0%,DB,2014
1,2,Mike Harris,10,0,0,1,1,0,0,0,1,21.5,21.5,0.0%,DB,2014
2,3,Earl Thomas,11,1,0,0,0,1,0,0,1,21.3,21.3,1.1%,DB,2014
3,4,Dwayne Gratz,3,1,0,3,1,0,0,1,1,20.8,20.8,0.0%,DB,2014
4,5,Jamarca Sanford,9,1,0,0,0,0,0,0,1,19.3,19.3,0.0%,DB,2014
5,6,Johnathan Cyprien,7,4,0,0,0,0,0,0,1,18.5,18.5,0.0%,DB,2014
6,7,Antwon Blake,6,1,0,0,0,1,1,0,1,17.8,17.8,0.0%,DB,2014
7,8,Keith McGill,5,0,0,0,0,0,1,1,1,17.5,17.5,0.0%,DB,2014
8,9,Brice McCain,3,0,0,2,2,0,0,0,1,17.5,17.5,0.0%,DB,2014
9,10,Craig Dahl,7,0,0,1,1,0,0,0,1,17.0,17.0,0.0%,DB,2014
10,11,Reshad Jones,6,1,0,0,0,1,0,0,1,16.3,16.3,0.0%,DB,2014
11,12,Kurt Coleman,2,0,0,2,2,0,0,0,1,16.0,16.0,0.0%,DB,2014
12,13,Bradley McDougald,4,0,0,3,1,0,0,0,1,15.5,15.5,0.0%,DB,2014
13,14,Ron Brooks,8,1,0,0,0,0,0,0,1,15.3,15.3,0.0%,DB,2014
14,15,Donte Whitner,5,1,0,0,0,1,0,0,1,14.8,14.8,1.0%,DB,2014
15,16,Jahleel Addae,6,2,0,0,0,1,0,0,1,14.5,14.5,0.0%,DB,2014
16,17,Marcus Roberson,3,1,0,1,1,0,0,0,1,14.3,14.3,0.0%,DB,2014
17,18,Malcolm Jenkins,7,1,0,2,0,0,0,0,1,14.3,14.3,15.0%,DB,2014
18,19,Chris Culliver,3,0,0,3,1,0,0,0,1,14.0,14.0,0.0%,DB,2014
19,20,Tre Boston,1,0,0,1,1,0,0,1,1,14.0,14.0,1.0%,DB,2014
20,21,Morgan Burnett,5,1,0,1,0,0,1,0,1,13.8,13.8,0.0%,DB,2014
21,22,Ryan Mundy,7,4,0,0,0,0,0,0,1,13.5,13.5,0.0%,DB,2014
22,23,Bashaud Breeland,8,2,0,0,0,0,0,0,1,13.5,13.5,1.0%,DB,2014
23,24,Nate Allen,4,1,0,1,1,0,0,0,1,13.3,13.3,0.0%,DB,2014
24,25,George Iloka,4,3,0,0,0,0,0,0,1,13.3,13.3,0.0%,DB,2014
25,26,Antonio Cromartie,7,0,0,0,0,0,0,0,1,13.0,13.0,0.0%,DB,2014
26,27,Michael Griffin,5,2,0,1,0,0,0,0,1,13.0,13.0,5.0%,DB,2014
27,28,D.J. Hayden,4,3,0,3,0,0,0,0,1,12.8,12.8,0.0%,DB,2014
28,29,Reggie Nelson,3,0,0,2,1,0,0,0,1,12.5,12.5,0.0%,DB,2014
29,30,Demetrius McCray,6,1,0,0,0,0,0,0,1,12.3,12.3,0.0%,DB,2014
30,31,Leon Hall,5,1,0,1,0,0,0,0,1,12.3,12.3,0.0%,DB,2014
31,32,Antrel Rolle,8,0,0,0,0,0,0,0,1,12.0,12.0,0.0%,DB,2014
32,33,Jimmy Wilson,7,0,0,1,0,0,0,0,1,12.0,12.0,0.0%,DB,2014
33,34,Vontae Davis,2,1,0,0,0,1,1,0,1,11.8,11.8,0.0%,DB,2014
34,35,Aqib Talib,3,1,1,0,0,0,0,0,1,11.8,11.8,0.0%,DB,2014
35,36,Jamell Fleming,4,2,0,1,0,0,0,0,1,11.5,11.5,0.0%,DB,2014
36,37,Tony Carter,1,0,0,0,0,0,1,1,1,11.5,11.5,0.0%,DB,2014
37,38,Glover Quin,7,1,0,0,0,0,0,0,1,11.3,11.3,0.0%,DB,2014
38,39,Lamarcus Joyner,2,2,1,0,0,0,0,0,1,11.0,11.0,0.0%,DB,2014
39,40,Casey Hayward,3,1,0,2,0,0,0,0,1,10.8,10.8,0.0%,DB,2014
40,41,T.J. McDonald,3,3,0,0,0,0,1,0,1,10.8,10.8,0.0%,DB,2014
41,42,Kemal Ishmael,7,0,0,0,0,0,0,0,1,10.5,10.5,0.0%,DB,2014
42,43,Andrew Sendejo,5,4,0,0,0,0,0,0,1,10.5,10.5,0.0%,DB,2014
43,44,Brandian Ross,4,4,0,1,0,0,0,0,1,10.5,10.5,0.0%,DB,2014
44,45,Cary Williams,5,0,0,2,0,0,0,0,1,10.5,10.5,0.0%,DB,2014
45,46,Marcus Williams,4,0,0,1,0,0,0,0,1,10.0,10.0,4.0%,DB,2014
46,47,Eric Weddle,5,0,0,0,0,0,0,0,1,10.0,10.0,11.0%,DB,2014
47,48,Barry Church,5,3,0,0,0,0,0,0,1,9.8,9.8,2.0%,DB,2014
48,49,Dontae Johnson,5,1,0,1,0,0,0,0,1,9.8,9.8,0.0%,DB,2014
49,50,Will Allen,6,1,0,0,0,0,0,0,1,9.8,9.8,0.0%,DB,2014
50,51,Kam Chancellor,4,3,0,1,0,0,0,0,1,9.8,9.8,0.1%,DB,2014
51,52,Joe Haden,3,1,0,3,0,0,0,0,1,9.8,9.8,1.0%,DB,2014
52,53,Keith Tandy,2,0,0,1,1,0,0,0,1,9.5,9.5,0.0%,DB,2014
53,54,Keenan Lewis,2,0,0,1,1,0,0,0,1,9.5,9.5,0.0%,DB,2014
54,55,Leonard Johnson,2,0,0,1,1,0,0,0,1,9.5,9.5,0.0%,DB,2014
55,56,Rodney McLeod,3,3,0,0,0,0,0,0,1,9.3,9.3,0.4%,DB,2014
56,57,J.J. Wilcox,3,1,0,0,0,0,1,0,1,9.3,9.3,0.0%,DB,2014
57,58,Christopher Owens,6,0,0,0,0,0,0,0,1,9.0,9.0,0.0%,DB,2014
58,59,Coty Sensabaugh,2,2,0,3,0,0,0,0,1,9.0,9.0,0.0%,DB,2014
59,60,Johnathan Joseph,4,0,0,2,0,0,0,0,1,9.0,9.0,0.0%,DB,2014
60,61,Bene' Benwikere,5,2,0,0,0,0,0,0,1,9.0,9.0,0.0%,DB,2014
61,62,Nolan Carroll,4,0,0,2,0,0,0,0,1,9.0,9.0,0.0%,DB,2014
62,63,Tramon Williams,5,0,0,1,0,0,0,0,1,9.0,9.0,0.0%,DB,2014
63,64,Husain Abdullah,4,2,0,1,0,0,0,0,1,9.0,9.0,0.0%,DB,2014
64,65,Brandon Boykin,3,0,0,3,0,0,0,0,1,9.0,9.0,0.0%,DB,2014
65,66,Mike Adams,2,2,0,0,0,1,0,0,1,8.5,8.5,0.4%,DB,2014
66,67,Jason McCourty,4,0,0,0,0,0,0,0,1,8.5,8.5,0.0%,DB,2014
67,68,Daimion Stafford,5,1,0,0,0,0,0,0,1,8.3,8.3,4.0%,DB,2014
68,69,Robert McClain,5,1,0,0,0,0,0,0,1,8.3,8.3,0.0%,DB,2014
69,70,Chance Casey,4,1,0,1,0,0,0,0,1,8.3,8.3,0.0%,DB,2014
70,71,Charles Woodson,5,1,0,0,0,0,0,0,1,8.3,8.3,0.0%,DB,2014
71,72,Chykie Brown,3,3,0,1,0,0,0,0,1,8.3,8.3,0.0%,DB,2014
72,73,Lardarius Webb,1,0,0,1,1,0,0,0,1,8.0,8.0,0.0%,DB,2014
73,74,Buster Skrine,5,0,0,0,0,0,0,0,1,7.5,7.5,0.0%,DB,2014
74,75,Sterling Moore,3,2,0,1,0,0,0,0,1,7.5,7.5,0.0%,DB,2014
75,76,Bradley Roby,3,0,0,2,0,0,0,0,1,7.5,7.5,0.0%,DB,2014
76,77,Calvin Pryor,5,0,0,0,0,0,0,0,1,7.5,7.5,5.0%,DB,2014
77,78,Kyle Fuller,0,1,0,1,1,0,0,0,1,7.3,7.3,0.0%,DB,2014
78,79,Marcus Gilchrist,3,0,0,0,0,0,0,0,1,7.0,7.0,0.0%,DB,2014
79,80,Nickell Robey-Coleman,4,1,0,0,0,0,0,0,1,6.8,6.8,0.0%,DB,2014
80,81,Ryan Clark,3,3,0,0,0,0,0,0,1,6.8,6.8,0.0%,DB,2014
81,82,Dawan Landry,4,1,0,0,0,0,0,0,1,6.8,6.8,0.0%,DB,2014
82,83,Phillip Thomas,4,1,0,0,0,0,0,0,1,6.8,6.8,0.0%,DB,2014
83,84,Da'Norris Searcy,3,3,0,0,0,0,0,0,1,6.8,6.8,0.0%,DB,2014
84,85,David Bruton,3,1,0,1,0,0,0,0,1,6.8,6.8,0.0%,DB,2014
85,86,David Amerson,3,1,0,1,0,0,0,0,1,6.8,6.8,0.0%,DB,2014
86,87,Ron Parker,3,1,0,1,0,0,0,0,1,6.8,6.8,0.0%,DB,2014
87,88,Josh Bush,0,0,0,1,1,0,0,0,1,6.5,6.5,0.0%,DB,2014
88,89,Tavon Wilson,3,2,0,0,0,0,0,0,1,6.0,6.0,0.0%,DB,2014
89,90,Corey Graham,2,4,0,0,0,0,0,0,1,6.0,6.0,0.0%,DB,2014
90,91,Richard Sherman,4,0,0,0,0,0,0,0,1,6.0,6.0,0.1%,DB,2014
91,92,A.J. Bouye,3,0,0,1,0,0,0,0,1,6.0,6.0,0.0%,DB,2014
92,93,Mike Mitchell,3,2,0,0,0,0,0,0,1,6.0,6.0,0.0%,DB,2014
93,94,Sean Smith,4,0,0,0,0,0,0,0,1,6.0,6.0,0.0%,DB,2014
94,95,Josh Evans,2,4,0,0,0,0,0,0,1,6.0,6.0,0.0%,DB,2014
95,96,Antoine Bethea,4,0,0,0,0,0,0,0,1,6.0,6.0,28.0%,DB,2014
96,97,Brock Vereen,3,2,0,0,0,0,0,0,1,6.0,6.0,0.0%,DB,2014
97,98,Dre Kirkpatrick,3,0,0,1,0,0,0,0,1,6.0,6.0,0.0%,DB,2014
98,99,Kayvon Webster,2,0,0,2,0,0,0,0,1,6.0,6.0,0.0%,DB,2014
99,100,Trumaine Johnson,4,0,0,0,0,0,0,0,1,6.0,6.0,0.0%,DB,2014
100,101,Orlando Scandrick,3,0,0,1,0,0,0,0,1,6.0,6.0,0.0%,DB,2014
101,102,Jordan Kovacs,4,0,0,0,0,0,0,0,1,6.0,6.0,0.0%,DB,2014
102,103,Aaron Williams,2,2,0,1,0,0,0,0,1,6.0,6.0,0.0%,DB,2014
103,104,Malcolm Butler,3,1,0,0,0,0,0,0,1,5.3,5.3,0.0%,DB,2014
104,105,Dashon Goldson,3,1,0,0,0,0,0,0,1,5.3,5.3,0.0%,DB,2014
105,106,Brandon Carr,3,1,0,0,0,0,0,0,1,5.3,5.3,0.0%,DB,2014
106,107,Logan Ryan,2,3,0,0,0,0,0,0,1,5.3,5.3,1.3%,DB,2014
107,108,Gregory Toler,2,1,0,1,0,0,0,0,1,5.3,5.3,0.0%,DB,2014
108,109,Aaron Colvin,3,1,0,0,0,0,0,0,1,5.3,5.3,0.0%,DB,2014
109,110,Rashaan Melvin,3,1,0,0,0,0,0,0,1,5.3,5.3,0.0%,DB,2014
110,111,Cassius Vaughn,0,1,0,0,0,0,1,0,1,4.8,4.8,0.0%,DB,2014
111,112,Captain Munnerlyn,3,0,0,0,0,0,0,0,1,4.5,4.5,0.0%,DB,2014
112,113,George Wilson,3,0,0,0,0,0,0,0,1,4.5,4.5,0.0%,DB,2014
113,114,Colin Jones,3,0,0,0,0,0,0,0,1,4.5,4.5,5.0%,DB,2014
114,115,Cortland Finnegan,3,0,0,0,0,0,0,0,1,4.5,4.5,0.0%,DB,2014
115,116,Darrin Walls,3,0,0,0,0,0,0,0,1,4.5,4.5,0.0%,DB,2014
116,117,Will Hill,1,2,0,1,0,0,0,0,1,4.5,4.5,0.0%,DB,2014
117,118,Xavier Rhodes,2,0,0,1,0,0,0,0,1,4.5,4.5,0.0%,DB,2014
118,119,E.J. Biggers,3,0,0,0,0,0,0,0,1,4.5,4.5,0.0%,DB,2014
119,120,Jaylen Watkins,2,0,0,1,0,0,0,0,1,4.5,4.5,0.0%,DB,2014
120,121,William Gay,3,0,0,0,0,0,0,0,1,4.5,4.5,0.1%,DB,2014
121,122,LaRon Landry,3,0,0,0,0,0,0,0,1,4.5,4.5,0.0%,DB,2014
122,123,Sam Shields,3,0,0,0,0,0,0,0,1,4.5,4.5,6.0%,DB,2014
123,124,C.J. Wilson,3,0,0,0,0,0,0,0,1,4.5,4.5,0.0%,DB,2014
124,125,Kareem Jackson,2,2,0,0,0,0,0,0,1,4.5,4.5,0.7%,DB,2014
125,126,Josh Norman,1,0,0,2,0,0,0,0,1,4.5,4.5,3.0%,DB,2014
126,127,D.J. Swearinger,3,0,0,0,0,0,0,0,1,4.5,4.5,0.0%,DB,2014
127,128,Quintin Demps,3,0,0,0,0,0,0,0,1,4.5,4.5,3.0%,DB,2014
128,129,Tyrann Mathieu,3,0,0,0,0,0,0,0,1,4.5,4.5,10.0%,DB,2014
129,130,Micah Hyde,3,0,0,0,0,0,0,0,1,4.5,4.5,1.2%,DB,2014
130,131,Devin McCourty,2,2,0,0,0,0,0,0,1,4.5,4.5,4.4%,DB,2014
131,132,Rashad Johnson,1,3,0,0,0,0,0,0,1,3.8,3.8,0.0%,DB,2014
132,133,Chris Harris,1,1,0,1,0,0,0,0,1,3.8,3.8,0.0%,DB,2014
133,134,Byron Maxwell,1,1,0,1,0,0,0,0,1,3.8,3.8,0.0%,DB,2014
134,135,Isa Abdul-Quddus,2,1,0,0,0,0,0,0,1,3.8,3.8,0.0%,DB,2014
135,136,Pierre Warren,2,1,0,0,0,0,0,0,1,3.8,3.8,0.0%,DB,2014
136,137,Don Carey,2,1,0,0,0,0,0,0,1,3.8,3.8,0.0%,DB,2014
137,138,Jim Leonhard,2,1,0,0,0,0,0,0,1,3.8,3.8,0.0%,DB,2014
138,139,Harrison Smith,1,3,0,0,0,0,0,0,1,3.8,3.8,18.9%,DB,2014
139,140,Leon McFadden,2,0,0,0,0,0,0,0,1,3.0,3.0,0.0%,DB,2014
140,141,Demontre Hurst,2,0,0,0,0,0,0,0,1,3.0,3.0,0.0%,DB,2014
141,142,Sean Richardson,2,0,0,0,0,0,0,0,1,3.0,3.0,0.0%,DB,2014
142,143,Jeromy Miles,2,0,0,0,0,0,0,0,1,3.0,3.0,0.0%,DB,2014
143,144,Janoris Jenkins,2,0,0,0,0,0,0,0,1,3.0,3.0,1.0%,DB,2014
144,145,Marcus Cromartie,1,0,0,1,0,0,0,0,1,3.0,3.0,0.0%,DB,2014
145,146,K'Waun Williams,1,0,0,1,0,0,0,0,1,3.0,3.0,0.0%,DB,2014
146,147,Dominique Rodgers-Cromartie,2,0,0,0,0,0,0,0,1,3.0,3.0,0.0%,DB,2014
147,148,Matt Elam,1,0,0,1,0,0,0,0,1,3.0,3.0,0.0%,DB,2014
148,149,Kendrick Lewis,2,0,0,0,0,0,0,0,1,3.0,3.0,0.0%,DB,2014
149,150,Brandon Dixon,2,0,0,0,0,0,0,0,1,3.0,3.0,0.0%,DB,2014
150,151,Desmond Trufant,1,0,0,1,0,0,0,0,1,3.0,3.0,0.0%,DB,2014
151,152,Phillip Adams,2,0,0,0,0,0,0,0,1,3.0,3.0,0.0%,DB,2014
152,153,Dwight Lowery,2,0,0,0,0,0,0,0,1,3.0,3.0,0.0%,DB,2014
153,154,Rashean Mathis,2,0,0,0,0,0,0,0,1,3.0,3.0,0.0%,DB,2014
154,155,Patrick Peterson,2,0,0,0,0,0,0,0,1,3.0,3.0,0.9%,DB,2014
155,156,Jalil Brown,1,0,0,1,0,0,0,0,1,3.0,3.0,0.0%,DB,2014
156,157,Jordan Poyer,1,1,0,0,0,0,0,0,1,2.3,2.3,26.4%,DB,2014
157,158,Dezmen Southward,1,1,0,0,0,0,0,0,1,2.3,2.3,1.0%,DB,2014
158,159,Darian Stewart,1,1,0,0,0,0,0,0,1,2.3,2.3,0.0%,DB,2014
159,160,Danieal Manning,1,1,0,0,0,0,0,0,1,2.3,2.3,0.0%,DB,2014
160,161,Darius Butler,0,1,0,1,0,0,0,0,1,2.3,2.3,0.0%,DB,2014
161,162,Patrick Chung,1,1,0,0,0,0,0,0,1,2.3,2.3,0.0%,DB,2014
162,163,Zackary Bowman,1,1,0,0,0,0,0,0,1,2.3,2.3,0.0%,DB,2014
163,164,Sean Baker,1,1,0,0,0,0,0,0,1,2.3,2.3,0.0%,DB,2014
164,165,Brandon Flowers,1,1,0,0,0,0,0,0,1,2.3,2.3,0.0%,DB,2014
165,166,Brent Grimes,1,0,0,0,0,0,0,0,1,1.5,1.5,0.0%,DB,2014
166,167,Chris Davis,1,0,0,0,0,0,0,0,1,1.5,1.5,0.0%,DB,2014
167,168,Thomas DeCoud,1,0,0,0,0,0,0,0,1,1.5,1.5,0.0%,DB,2014
168,169,Darryl Morris,1,0,0,0,0,0,0,0,1,1.5,1.5,0.0%,DB,2014
169,170,Omar Bolden,1,0,0,0,0,0,0,0,1,1.5,1.5,0.0%,DB,2014
170,171,Jerraud Powers,0,0,0,1,0,0,0,0,1,1.5,1.5,0.0%,DB,2014
171,172,Corey White,1,0,0,0,0,0,0,0,1,1.5,1.5,0.0%,DB,2014
172,173,Adam Jones,1,0,0,0,0,0,0,0,1,1.5,1.5,0.0%,DB,2014
173,174,Eddie Pleasant,0,0,0,1,0,0,0,0,1,1.5,1.5,0.0%,DB,2014
174,175,Steve Williams,1,0,0,0,0,0,0,0,1,1.5,1.5,0.0%,DB,2014
175,176,Shareece Wright,1,0,0,0,0,0,0,0,1,1.5,1.5,0.0%,DB,2014
176,177,Tim Jennings,0,2,0,0,0,0,0,0,1,1.5,1.5,0.0%,DB,2014
177,178,Rahim Moore,1,0,0,0,0,0,0,0,1,1.5,1.5,0.0%,DB,2014
178,179,Patrick Robinson,1,0,0,0,0,0,0,0,1,1.5,1.5,0.0%,DB,2014
179,180,Alterraun Verner,1,0,0,0,0,0,0,0,1,1.5,1.5,0.0%,DB,2014
180,181,Darius Slay,1,0,0,0,0,0,0,0,1,1.5,1.5,10.0%,DB,2014
181,182,Johnthan Banks,1,0,0,0,0,0,0,0,1,1.5,1.5,0.0%,DB,2014
182,183,Brandon Harris,0,0,0,1,0,0,0,0,1,1.5,1.5,0.0%,DB,2014
183,184,Ras-I Dowling,1,0,0,0,0,0,0,0,1,1.5,1.5,0.0%,DB,2014
184,185,Duron Harmon,0,1,0,0,0,0,0,0,1,0.8,0.8,0.0%,DB,2014
185,186,Josh Wilson,0,1,0,0,0,0,0,0,1,0.8,0.8,0.0%,DB,2014
186,187,Duke Williams,0,1,0,0,0,0,0,0,1,0.8,0.8,0.0%,DB,2014
187,188,Jeremy Lane,0,1,0,0,0,0,0,0,1,0.8,0.8,0.0%,DB,2014
188,189,Antone Exum,0,0,0,0,0,0,0,0,1,0.0,0.0,0.0%,DB,2014
189,190,Demetri Goodson,0,0,0,0,0,0,0,0,1,0.0,0.0,0.0%,DB,2014
190,191,Andre Hal,0,0,0,0,0,0,0,0,1,0.0,0.0,0.0%,DB,2014
191,192,Jabari Price,0,0,0,0,0,0,0,0,1,0.0,0.0,0.0%,DB,2014
192,193,Bacarri Rambo,0,0,0,0,0,0,0,0,1,0.0,0.0,0.0%,DB,2014
193,194,Tony Jefferson,0,0,0,0,0,0,0,0,1,0.0,0.0,0.0%,DB,2014
194,195,Chris Lewis-Harris,0,0,0,0,0,0,0,0,1,0.0,0.0,0.0%,DB,2014
195,196,Shawn Williams,0,0,0,0,0,0,0,0,1,0.0,0.0,10.0%,DB,2014
196,197,Shamarko Thomas,0,0,0,0,0,0,0,0,1,0.0,0.0,0.0%,DB,2014
197,198,B.W. Webb,0,0,0,0,0,0,0,0,1,0.0,0.0,0.0%,DB,2014
198,199,Anthony Levine,0,0,0,0,0,0,0,0,1,0.0,0.0,7.0%,DB,2014
199,200,Johnson Bademosi,0,0,0,0,0,0,0,0,1,0.0,0.0,0.0%,DB,2014
200,201,Robert Golden,0,0,0,0,0,0,0,0,1,0.0,0.0,6.0%,DB,2014
201,202,Nat Berhe,0,0,0,0,0,0,0,0,1,0.0,0.0,2.0%,DB,2014
202,203,Darqueze Dennard,0,0,0,0,0,0,0,0,1,0.0,0.0,0.0%,DB,2014
203,204,Ha Ha,0,0,0,0,0,0,0,0,1,0.0,0.0,0.0%,DB,2014
204,205,Marcus Ball,0,0,0,0,0,0,0,0,1,0.0,0.0,0.0%,DB,2014
205,206,Ross Cockrell,0,0,0,0,0,0,0,0,1,0.0,0.0,0.0%,DB,2014
206,207,Maurice Alexander,0,0,0,0,0,0,0,0,1,0.0,0.0,0.0%,DB,2014
207,208,Marqueston Huff,0,0,0,0,0,0,0,0,1,0.0,0.0,0.0%,DB,2014
208,209,Pierre Desir,0,0,0,0,0,0,0,0,1,0.0,0.0,0.0%,DB,2014
209,210,DeShawn Shead,0,0,0,0,0,0,0,0,1,0.0,0.0,0.0%,DB,2014
210,211,Khalid Wooten,0,0,0,0,0,0,0,0,1,0.0,0.0,0.0%,DB,2014
211,212,Don Jones,0,0,0,0,0,0,0,0,1,0.0,0.0,2.0%,DB,2014
212,213,Ray-Ray Armstrong,6,2,0,0,0,1,0,0,1,0.0,0.0,0.0%,DB,2014
213,214,Chris Maragos,0,0,0,0,0,0,0,0,1,0.0,0.0,0.0%,DB,2014
214,215,Chris Banjo,0,0,0,0,0,0,0,0,1,0.0,0.0,0.0%,DB,2014
215,216,Melvin White,0,0,0,0,0,0,0,0,1,0.0,0.0,0.0%,DB,2014
216,217,Cody Davis,0,0,0,0,0,0,0,0,1,0.0,0.0,0.0%,DB,2014
217,218,Jeff Heath,0,0,0,0,0,0,0,0,1,0.0,0.0,1.0%,DB,2014
218,219,Teddy Williams,0,0,0,0,0,0,0,0,1,0.0,0.0,0.0%,DB,2014
219,220,Robert Nelson,0,0,0,0,0,0,0,0,1,0.0,0.0,0.0%,DB,2014
220,221,Terrence Frederick,6,0,0,0,0,0,0,0,1,0.0,0.0,0.0%,DB,2014
221,222,Kyle Nelson,0,0,0,0,0,0,0,0,1,0.0,0.0,0.0%,DB,2014
222,223,Dewey McDonald,0,0,0,0,0,0,0,0,1,0.0,0.0,0.0%,DB,2014
223,224,Akeem Davis,0,0,0,0,0,0,0,0,1,0.0,0.0,0.0%,DB,2014
224,225,Trenton Robinson,0,0,0,0,0,0,0,0,1,0.0,0.0,0.0%,DB,2014
225,226,Mohammed Seisay,0,0,0,0,0,0,0,0,1,0.0,0.0,0.0%,DB,2014
226,227,Jumal Rolle,0,0,0,0,0,0,0,0,1,0.0,0.0,0.0%,DB,2014
227,228,Marcus Burley,0,0,0,0,0,0,0,0,1,0.0,0.0,0.0%,DB,2014
228,229,Craig Loston,0,0,0,0,0,0,0,0,1,0.0,0.0,0.0%,DB,2014
229,230,Tyler Patmon,0,0,0,0,0,0,0,0,1,0.0,0.0,0.0%,DB,2014
230,231,Neiko Thorpe,0,0,0,0,0,0,0,0,1,0.0,0.0,0.0%,DB,2014
231,232,Daniel Sorensen,0,0,0,0,0,0,0,0,1,0.0,0.0,0.0%,DB,2014
232,233,Chandler Fenner,0,0,0,0,0,0,0,0,1,0.0,0.0,0.0%,DB,2014
233,234,Kelcie McCray,0,0,0,0,0,0,0,0,1,0.0,0.0,2.0%,DB,2014
234,235,L.J. McCray,0,0,0,0,0,0,0,0,1,0.0,0.0,0.0%,DB,2014
235,236,Carrington Byndom,1,0,0,0,0,0,0,0,1,0.0,0.0,0.0%,DB,2014
236,237,Brian Dixon,0,0,0,0,0,0,0,0,1,0.0,0.0,0.0%,DB,2014
237,238,Jarrett Bush,0,0,0,0,0,0,0,0,1,0.0,0.0,0.0%,DB,2014
238,239,Darrelle Revis,0,0,0,0,0,0,0,0,1,0.0,0.0,0.0%,DB,2014
239,240,Charles Clay,0,0,0,0,0,0,0,0,1,0.0,0.0,0.0%,DB,2014
240,241,Justin Rogers,0,0,0,0,0,0,0,0,1,0.0,0.0,0.0%,DB,2014
241,242,Chris Prosinski,0,0,0,0,0,0,0,0,1,0.0,0.0,4.0%,DB,2014
242,243,Tommie Campbell,0,0,0,0,0,0,0,0,1,0.0,0.0,0.0%,DB,2014
243,244,Sergio Brown,0,0,0,0,0,0,0,0,1,0.0,0.0,0.0%,DB,2014
244,245,Colt Anderson,0,0,0,0,0,0,0,0,1,0.0,0.0,0.0%,DB,2014
245,246,Jeron Johnson,0,0,0,0,0,0,0,0,1,0.0,0.0,0.0%,DB,2014
246,247,Ross Ventrone,0,0,0,0,0,0,0,0,1,0.0,0.0,0.0%,DB,2014
247,248,Danny McCray,0,0,0,0,0,0,0,0,1,0.0,0.0,0.0%,DB,2014
248,249,Sherrick McManis,0,0,0,0,0,0,0,0,1,0.0,0.0,0.0%,DB,2014
249,250,Stevie Brown,2,1,0,0,0,0,0,0,1,0.0,0.0,0.0%,DB,2014
250,251,Anthony Walters,0,0,0,0,0,0,0,0,1,0.0,0.0,0.0%,DB,2014
251,252,T.J. Heath,0,0,0,0,0,0,0,0,1,0.0,0.0,0.0%,DB,2014
252,253,Robert Blanton,0,0,0,0,0,0,0,0,1,0.0,0.0,0.0%,DB,2014
253,254,Justin Bethel,0,0,0,0,0,0,0,0,1,0.0,0.0,0.0%,DB,2014
254,255,Nate Ebner,0,0,0,0,0,0,0,0,1,0.0,0.0,0.0%,DB,2014
255,256,Josh Robinson,0,0,0,0,0,0,0,0,1,0.0,0.0,0.0%,DB,2014
256,257,R.J. Stanford,0,0,0,0,0,0,0,0,1,0.0,0.0,0.0%,DB,2014
257,258,Josh Gordy,0,0,0,0,0,0,0,0,1,0.0,0.0,0.0%,DB,2014
258,259,Marcus Sherels,0,0,0,0,0,0,0,0,1,0.0,0.0,0.0%,DB,2014
259,260,Antonio Allen,2,0,0,0,0,0,0,0,1,0.0,0.0,0.0%,DB,2014
260,261,Javier Arenas,0,0,0,0,0,0,0,0,1,0.0,0.0,0.0%,DB,2014
261,262,James Ihedigbo,3,1,0,0,0,1,0,0,1,0.0,0.0,4.0%,DB,2014
262,263,Antoine Cason,0,0,0,0,0,0,0,0,1,0.0,0.0,0.0%,DB,2014
263,264,C.J. Spillman,0,0,0,0,0,0,0,0,1,0.0,0.0,0.0%,DB,2014
264,265,Taylor Mays,0,0,0,0,0,0,0,0,1,0.0,0.0,0.0%,DB,2014
265,266,Kyle Wilson,0,0,0,0,0,0,0,0,1,0.0,0.0,0.0%,DB,2014
266,267,Darrell Stuckey,0,0,0,0,0,0,0,0,1,0.0,0.0,3.0%,DB,2014
267,268,Sherrod Martin,0,0,0,0,0,0,0,0,1,0.0,0.0,0.0%,DB,2014
268,269,Darious Williams,0,0,0,0,0,0,0,0,1,0.0,0.0,10.5%,DB,2014
269,270,Jarrod Wilson,0,0,0,0,0,0,0,0,1,0.0,0.0,0.0%,DB,2014
270,271,Trevor Williams,0,0,0,0,0,0,0,0,1,0.0,0.0,0.0%,DB,2014
