,Rank,Player,Tackle,Assist,Sack,Pass Defended,Interception,Forced Fumble,Fumble Recovery,Defend Touchdown,Games Played,Fantasy Football Points,FTPS/Game,ROST,Position,Year
0,1,Leodis McKelvin,13,0,0.0,0,0,1,0,0,1,23.5,23.5,0.0%,DB,2014
1,2,Eric Berry,14,1,0.0,1,0,0,0,0,1,23.3,23.3,0.0%,DB,2014
2,3,Harrison Smith,2,0,1.0,1,1,0,0,1,1,22.0,22.0,18.9%,DB,2014
3,4,Antoine Cason,9,0,0.0,2,1,0,0,0,1,21.5,21.5,0.0%,DB,2014
4,5,D.J. Swearinger,6,2,1.0,0,0,1,0,0,1,21.0,21.0,0.0%,DB,2014
5,6,Donte Whitner,13,1,0.0,0,0,0,0,0,1,20.3,20.3,1.0%,DB,2014
6,7,Rahim Moore,3,0,0.0,2,2,0,0,0,1,17.5,17.5,0.0%,DB,2014
7,8,Jason McCourty,3,0,0.0,2,2,0,0,0,1,17.5,17.5,0.0%,DB,2014
8,9,Charles Woodson,5,4,0.0,1,1,0,0,0,1,17.0,17.0,0.0%,DB,2014
9,10,Johnathan Joseph,11,0,0.0,0,0,0,0,0,1,16.5,16.5,0.0%,DB,2014
10,11,Reggie Nelson,6,3,0.5,0,0,0,0,0,1,15.8,15.8,0.0%,DB,2014
11,12,Ha Ha,3,2,1.0,1,0,0,1,0,1,15.5,15.5,0.0%,DB,2014
12,13,Corey Graham,3,0,0.0,4,1,0,0,0,1,15.5,15.5,0.0%,DB,2014
13,14,Dawan Landry,5,2,1.0,0,0,0,0,0,1,15.5,15.5,0.0%,DB,2014
14,15,Bradley Roby,7,0,0.0,3,0,0,0,0,1,15.0,15.0,0.0%,DB,2014
15,16,Byron Maxwell,4,1,0.0,2,1,0,0,0,1,14.8,14.8,0.0%,DB,2014
16,17,Chris Conte,5,1,0.0,1,1,0,0,0,1,14.8,14.8,0.0%,DB,2014
17,18,Kam Chancellor,8,3,0.0,0,0,0,0,0,1,14.3,14.3,0.1%,DB,2014
18,19,Tony Jefferson,7,1,0.0,0,0,0,0,0,1,13.8,13.8,0.0%,DB,2014
19,20,Dwight Lowery,7,4,0.0,0,0,0,0,0,1,13.5,13.5,0.0%,DB,2014
20,21,Glover Quin,4,1,0.0,1,1,0,0,0,1,13.3,13.3,0.0%,DB,2014
21,22,T.J. Carrie,2,3,0.0,0,0,1,1,0,1,13.3,13.3,1.0%,DB,2014
22,23,Robert McClain,4,1,0.0,1,1,0,0,0,1,13.3,13.3,0.0%,DB,2014
23,24,Antoine Bethea,6,0,0.0,1,0,0,0,0,1,13.0,13.0,28.0%,DB,2014
24,25,Corey White,6,0,0.0,0,0,0,1,0,1,13.0,13.0,0.0%,DB,2014
25,26,Troy Polamalu,6,5,0.0,0,0,0,0,0,1,12.8,12.8,0.0%,DB,2014
26,27,Eric Reid,4,0,0.0,1,1,0,0,0,1,12.5,12.5,0.0%,DB,2014
27,28,Carlos Rogers,6,1,0.0,0,0,0,0,0,1,12.3,12.3,0.0%,DB,2014
28,29,Chris Culliver,1,1,0.0,0,0,0,1,1,1,12.3,12.3,0.0%,DB,2014
29,30,Robert Blanton,8,0,0.0,0,0,0,0,0,1,12.0,12.0,0.0%,DB,2014
30,31,Prince Amukamara,4,4,0.0,2,0,0,0,0,1,12.0,12.0,0.0%,DB,2014
31,32,Dashon Goldson,7,2,0.0,0,0,0,0,0,1,12.0,12.0,0.0%,DB,2014
32,33,Shareece Wright,8,0,0.0,0,0,0,0,0,1,12.0,12.0,0.0%,DB,2014
33,34,Michael Griffin,3,1,0.0,1,1,0,0,0,1,11.8,11.8,5.0%,DB,2014
34,35,Antrel Rolle,4,0,0.0,1,0,1,0,0,1,11.5,11.5,0.0%,DB,2014
35,36,William Moore,4,2,0.0,0,0,1,0,0,1,11.5,11.5,0.0%,DB,2014
36,37,Jairus Byrd,5,0,0.0,0,0,1,0,0,1,11.5,11.5,0.0%,DB,2014
37,38,LaRon Landry,7,1,0.0,0,0,0,0,0,1,11.3,11.3,0.0%,DB,2014
38,39,DeAngelo Hall,7,1,0.0,0,0,0,0,0,1,11.3,11.3,0.0%,DB,2014
39,40,Perrish Cox,3,0,0.0,1,1,0,0,0,1,11.0,11.0,0.0%,DB,2014
40,41,Jerraud Powers,2,0,0.0,2,1,0,0,0,1,11.0,11.0,0.0%,DB,2014
41,42,Alan Ball,3,0,0.0,1,1,0,0,0,1,11.0,11.0,0.0%,DB,2014
42,43,Alterraun Verner,5,1,0.0,0,0,0,0,0,1,10.8,10.8,0.0%,DB,2014
43,44,T.J. McDonald,4,1,0.0,1,0,0,0,0,1,10.8,10.8,0.0%,DB,2014
44,45,Kendrick Lewis,4,1,0.0,0,0,0,1,0,1,10.8,10.8,0.0%,DB,2014
45,46,Bene' Benwikere,3,1,0.0,1,0,0,1,0,1,10.8,10.8,0.0%,DB,2014
46,47,Quinton Carter,4,1,0.0,0,0,1,0,0,1,10.8,10.8,0.0%,DB,2014
47,48,Gregory Toler,4,0,0.0,3,0,0,0,0,1,10.5,10.5,0.0%,DB,2014
48,49,Aqib Talib,4,0,0.0,3,0,0,0,0,1,10.5,10.5,0.0%,DB,2014
49,50,Kareem Jackson,6,2,0.0,0,0,0,0,0,1,10.5,10.5,0.7%,DB,2014
50,51,Ron Parker,6,0,0.0,1,0,0,0,0,1,10.5,10.5,0.0%,DB,2014
51,52,Terence Newman,5,2,0.0,1,0,0,0,0,1,10.5,10.5,0.0%,DB,2014
52,53,Cortez Allen,6,0,0.0,1,0,0,0,0,1,10.5,10.5,0.0%,DB,2014
53,54,Nate Allen,2,1,1.0,0,0,0,0,0,1,10.3,10.3,0.0%,DB,2014
54,55,Louis Delmas,4,0,0.0,0,0,0,1,0,1,10.0,10.0,0.0%,DB,2014
55,56,Ryan Mundy,6,1,0.0,0,0,0,0,0,1,9.8,9.8,0.0%,DB,2014
56,57,Justin Gilbert,6,1,0.0,0,0,0,0,0,1,9.8,9.8,0.0%,DB,2014
57,58,Rodney McLeod,6,1,0.0,0,0,0,0,0,1,9.8,9.8,0.4%,DB,2014
58,59,Morgan Burnett,5,3,0.0,0,0,0,0,0,1,9.8,9.8,0.0%,DB,2014
59,60,Darian Stewart,4,5,0.0,0,0,0,0,0,1,9.8,9.8,0.0%,DB,2014
60,61,Brandon Flowers,6,1,0.0,0,0,0,0,0,1,9.8,9.8,0.0%,DB,2014
61,62,Alfonzo Dennard,2,0,0.0,1,1,0,0,0,1,9.5,9.5,0.0%,DB,2014
62,63,Josh Robinson,1,0,0.0,2,1,0,0,0,1,9.5,9.5,0.0%,DB,2014
63,64,Marcus Gilchrist,2,1,0.0,1,0,1,0,0,1,9.3,9.3,0.0%,DB,2014
64,65,Janoris Jenkins,6,0,0.0,0,0,0,0,0,1,9.0,9.0,1.0%,DB,2014
65,66,Rafael Bush,6,0,0.0,0,0,0,0,0,1,9.0,9.0,0.0%,DB,2014
66,67,Dominique Rodgers-Cromartie,4,0,0.0,2,0,0,0,0,1,9.0,9.0,0.0%,DB,2014
67,68,Asa Jackson,5,0,0.0,1,0,0,0,0,1,9.0,9.0,0.0%,DB,2014
68,69,Darius Slay,3,0,0.0,3,0,0,0,0,1,9.0,9.0,10.0%,DB,2014
69,70,Roman Harper,1,1,0.0,1,1,0,0,0,1,8.8,8.8,1.0%,DB,2014
70,71,Brandon Carr,4,0,0.0,0,0,0,0,0,1,8.5,8.5,0.0%,DB,2014
71,72,Darrelle Revis,1,0,0.0,2,0,0,1,0,1,8.5,8.5,0.0%,DB,2014
72,73,Kyle Fuller,3,2,0.0,0,0,0,0,0,1,8.5,8.5,0.0%,DB,2014
73,74,Earl Thomas,4,1,0.0,1,0,0,0,0,1,8.3,8.3,1.1%,DB,2014
74,75,Eric Weddle,3,1,0.0,2,0,0,0,0,1,8.3,8.3,11.0%,DB,2014
75,76,Jimmy Wilson,4,3,0.0,0,0,0,0,0,1,8.3,8.3,0.0%,DB,2014
76,77,Ryan Clark,4,1,0.0,1,0,0,0,0,1,8.3,8.3,0.0%,DB,2014
77,78,Coty Sensabaugh,1,0,1.0,0,0,0,0,0,1,8.0,8.0,0.0%,DB,2014
78,79,Patrick Chung,3,1,0.0,0,0,0,0,0,1,7.8,7.8,0.0%,DB,2014
79,80,Jeremy Lane,3,1,0.0,0,0,0,0,0,1,7.8,7.8,0.0%,DB,2014
80,81,Winston Guy,3,1,0.0,0,0,0,0,0,1,7.8,7.8,0.0%,DB,2014
81,82,Brandon Boykin,5,0,0.0,0,0,0,0,0,1,7.5,7.5,0.0%,DB,2014
82,83,Malcolm Jenkins,4,0,0.0,1,0,0,0,0,1,7.5,7.5,15.0%,DB,2014
83,84,Sean Smith,4,0,0.0,1,0,0,0,0,1,7.5,7.5,0.0%,DB,2014
84,85,Darius Butler,4,0,0.0,1,0,0,0,0,1,7.5,7.5,0.0%,DB,2014
85,86,Mike Mitchell,3,4,0.0,0,0,0,0,0,1,7.5,7.5,0.0%,DB,2014
86,87,Mike Adams,4,2,0.0,0,0,0,0,0,1,7.5,7.5,0.4%,DB,2014
87,88,Johnthan Banks,5,0,0.0,0,0,0,0,0,1,7.5,7.5,0.0%,DB,2014
88,89,Chris Harris,3,0,0.0,2,0,0,0,0,1,7.5,7.5,0.0%,DB,2014
89,90,David Amerson,5,0,0.0,0,0,0,0,0,1,7.5,7.5,0.0%,DB,2014
90,91,William Gay,1,0,0.0,2,0,0,0,0,1,7.0,7.0,0.1%,DB,2014
91,92,Isa Abdul-Quddus,4,1,0.0,0,0,0,0,0,1,6.8,6.8,0.0%,DB,2014
92,93,Jimmy Smith,2,3,0.0,1,0,0,0,0,1,6.8,6.8,0.0%,DB,2014
93,94,Calvin Pryor,2,1,0.0,2,0,0,0,0,1,6.8,6.8,5.0%,DB,2014
94,95,Jason Verrett,3,1,0.0,1,0,0,0,0,1,6.8,6.8,0.0%,DB,2014
95,96,Bernard Pollard,4,1,0.0,0,0,0,0,0,1,6.8,6.8,0.0%,DB,2014
96,97,Adam Jones,4,1,0.0,0,0,0,0,0,1,6.8,6.8,0.0%,DB,2014
97,98,Barry Church,2,3,0.0,1,0,0,0,0,1,6.8,6.8,2.0%,DB,2014
98,99,Dwayne Gratz,4,1,0.0,0,0,0,0,0,1,6.8,6.8,0.0%,DB,2014
99,100,Robert Alford,2,1,0.0,2,0,0,0,0,1,6.8,6.8,0.0%,DB,2014
100,101,Chykie Brown,4,1,0.0,0,0,0,0,0,1,6.8,6.8,0.0%,DB,2014
101,102,Rashad Johnson,4,1,0.0,0,0,0,0,0,1,6.8,6.8,0.0%,DB,2014
102,103,Tramon Williams,3,1,0.0,1,0,0,0,0,1,6.8,6.8,0.0%,DB,2014
103,104,Will Davis,3,1,0.0,1,0,0,0,0,1,6.8,6.8,0.0%,DB,2014
104,105,Cortland Finnegan,3,1,0.0,1,0,0,0,0,1,6.8,6.8,0.0%,DB,2014
105,106,E.J. Gaines,3,0,0.0,1,0,0,0,0,1,6.0,6.0,0.0%,DB,2014
106,107,Buster Skrine,3,2,0.0,0,0,0,0,0,1,6.0,6.0,0.0%,DB,2014
107,108,Dontae Johnson,2,0,0.0,2,0,0,0,0,1,6.0,6.0,0.0%,DB,2014
108,109,Leon Hall,3,0,0.0,1,0,0,0,0,1,6.0,6.0,0.0%,DB,2014
109,110,Will Blackmon,4,0,0.0,0,0,0,0,0,1,6.0,6.0,4.0%,DB,2014
110,111,George Iloka,4,0,0.0,0,0,0,0,0,1,6.0,6.0,0.0%,DB,2014
111,112,Melvin White,3,0,0.0,1,0,0,0,0,1,6.0,6.0,0.0%,DB,2014
112,113,A.J. Bouye,3,0,0.0,1,0,0,0,0,1,6.0,6.0,0.0%,DB,2014
113,114,Keenan Lewis,3,0,0.0,1,0,0,0,0,1,6.0,6.0,0.0%,DB,2014
114,115,Ike Taylor,2,2,0.0,1,0,0,0,0,1,6.0,6.0,0.0%,DB,2014
115,116,Kenny Vaccaro,4,0,0.0,0,0,0,0,0,1,6.0,6.0,4.0%,DB,2014
116,117,Duke Williams,4,0,0.0,0,0,0,0,0,1,6.0,6.0,0.0%,DB,2014
117,118,Micah Hyde,3,2,0.0,0,0,0,0,0,1,6.0,6.0,1.2%,DB,2014
118,119,Charles Tillman,4,0,0.0,0,0,0,0,0,1,6.0,6.0,0.1%,DB,2014
119,120,Chris Prosinski,2,0,0.0,0,0,0,0,0,1,5.5,5.5,4.0%,DB,2014
120,121,Logan Ryan,1,0,0.0,0,0,1,0,0,1,5.5,5.5,1.3%,DB,2014
121,122,Sterling Moore,3,1,0.0,0,0,0,0,0,1,5.3,5.3,0.0%,DB,2014
122,123,Antonio Cromartie,2,1,0.0,1,0,0,0,0,1,5.3,5.3,0.0%,DB,2014
123,124,Brent Grimes,3,1,0.0,0,0,0,0,0,1,5.3,5.3,0.0%,DB,2014
124,125,Aaron Williams,3,1,0.0,0,0,0,0,0,1,5.3,5.3,0.0%,DB,2014
125,126,Captain Munnerlyn,3,1,0.0,0,0,0,0,0,1,5.3,5.3,0.0%,DB,2014
126,127,Da'Norris Searcy,3,1,0.0,0,0,0,0,0,1,5.3,5.3,0.0%,DB,2014
127,128,T.J. Ward,2,1,0.0,1,0,0,0,0,1,5.3,5.3,0.1%,DB,2014
128,129,Sam Shields,2,0,0.0,1,0,0,0,0,1,4.5,4.5,6.0%,DB,2014
129,130,Tony Carter,2,0,0.0,1,0,0,0,0,1,4.5,4.5,0.0%,DB,2014
130,131,Jabari Price,3,0,0.0,0,0,0,0,0,1,4.5,4.5,0.0%,DB,2014
131,132,Jamar Taylor,3,0,0.0,0,0,0,0,0,1,4.5,4.5,0.0%,DB,2014
132,133,Desmond Trufant,2,0,0.0,1,0,0,0,0,1,4.5,4.5,0.0%,DB,2014
133,134,Husain Abdullah,3,0,0.0,0,0,0,0,0,1,4.5,4.5,0.0%,DB,2014
134,135,Blidi Wreh-Wilson,3,0,0.0,0,0,0,0,0,1,4.5,4.5,0.0%,DB,2014
135,136,Tim Jennings,2,2,0.0,0,0,0,0,0,1,4.5,4.5,0.0%,DB,2014
136,137,Patrick Robinson,3,0,0.0,0,0,0,0,0,1,4.5,4.5,0.0%,DB,2014
137,138,Danieal Manning,3,0,0.0,0,0,0,0,0,1,4.5,4.5,0.0%,DB,2014
138,139,Tramaine Brock,3,0,0.0,0,0,0,0,0,1,4.5,4.5,0.0%,DB,2014
139,140,Kyle Wilson,1,0,0.0,0,0,0,0,0,1,4.0,4.0,0.0%,DB,2014
140,141,Richard Marshall,2,1,0.0,0,0,0,0,0,1,3.8,3.8,0.0%,DB,2014
141,142,J.J. Wilcox,2,1,0.0,0,0,0,0,0,1,3.8,3.8,0.0%,DB,2014
142,143,Josh Evans,2,1,0.0,0,0,0,0,0,1,3.8,3.8,0.0%,DB,2014
143,144,Vontae Davis,1,1,0.0,1,0,0,0,0,1,3.8,3.8,0.0%,DB,2014
144,145,Devin McCourty,2,1,0.0,0,0,0,0,0,1,3.8,3.8,4.4%,DB,2014
145,146,Morris Claiborne,2,1,0.0,0,0,0,0,0,1,3.8,3.8,0.0%,DB,2014
146,147,Nolan Carroll,2,0,0.0,0,0,0,0,0,1,3.0,3.0,0.0%,DB,2014
147,148,Malcolm Butler,2,0,0.0,0,0,0,0,0,1,3.0,3.0,0.0%,DB,2014
148,149,Dre Kirkpatrick,2,0,0.0,0,0,0,0,0,1,3.0,3.0,0.0%,DB,2014
149,150,K'Waun Williams,2,0,0.0,0,0,0,0,0,1,3.0,3.0,0.0%,DB,2014
150,151,Matt Elam,1,2,0.0,0,0,0,0,0,1,3.0,3.0,0.0%,DB,2014
151,152,Tarell Brown,1,2,0.0,0,0,0,0,0,1,3.0,3.0,0.0%,DB,2014
152,153,Leonard Johnson,2,0,0.0,0,0,0,0,0,1,3.0,3.0,0.0%,DB,2014
153,154,Casey Hayward,1,2,0.0,0,0,0,0,0,1,3.0,3.0,0.0%,DB,2014
154,155,Jerome Couplin,2,0,0.0,0,0,0,0,0,1,3.0,3.0,0.0%,DB,2014
155,156,Bradley Fletcher,1,0,0.0,1,0,0,0,0,1,3.0,3.0,0.0%,DB,2014
156,157,Christopher Owens,2,0,0.0,0,0,0,0,0,1,3.0,3.0,0.0%,DB,2014
157,158,Darrin Walls,2,0,0.0,0,0,0,0,0,1,3.0,3.0,0.0%,DB,2014
158,159,Lamarcus Joyner,2,0,0.0,0,0,0,0,0,1,3.0,3.0,0.0%,DB,2014
159,160,Tashaun Gipson,2,0,0.0,0,0,0,0,0,1,3.0,3.0,0.4%,DB,2014
160,161,Bacarri Rambo,1,1,0.0,0,0,0,0,0,1,2.3,2.3,0.0%,DB,2014
161,162,Kyle Arrington,1,0,0.0,0,0,0,0,0,1,1.5,1.5,0.0%,DB,2014
162,163,Johnathan Cyprien,0,0,0.0,1,0,0,0,0,1,1.5,1.5,0.0%,DB,2014
163,164,Jimmie Ward,1,0,0.0,0,0,0,0,0,1,1.5,1.5,9.7%,DB,2014
164,165,Nickell Robey-Coleman,0,0,0.0,1,0,0,0,0,1,1.5,1.5,0.0%,DB,2014
165,166,Kemal Ishmael,1,0,0.0,0,0,0,0,0,1,1.5,1.5,0.0%,DB,2014
166,167,Xavier Rhodes,1,0,0.0,0,0,0,0,0,1,1.5,1.5,0.0%,DB,2014
167,168,Nevin Lawson,1,0,0.0,0,0,0,0,0,1,1.5,1.5,0.0%,DB,2014
168,169,Nat Berhe,1,0,0.0,0,0,0,0,0,1,1.5,1.5,2.0%,DB,2014
169,170,Daimion Stafford,1,0,0.0,0,0,0,0,0,1,1.5,1.5,4.0%,DB,2014
170,171,Patrick Peterson,1,0,0.0,0,0,0,0,0,1,1.5,1.5,0.9%,DB,2014
171,172,Charles Godfrey,1,0,0.0,0,0,0,0,0,1,1.5,1.5,0.0%,DB,2014
172,173,Mike Jenkins,1,0,0.0,0,0,0,0,0,1,1.5,1.5,0.0%,DB,2014
173,174,Walter Thurmond,0,2,0.0,0,0,0,0,0,1,1.5,1.5,0.0%,DB,2014
174,175,Earl Wolff,1,0,0.0,0,0,0,0,0,1,1.5,1.5,0.0%,DB,2014
175,176,Cody Davis,1,0,0.0,0,0,0,0,0,1,1.5,1.5,0.0%,DB,2014
176,177,Cary Williams,1,0,0.0,0,0,0,0,0,1,1.5,1.5,0.0%,DB,2014
177,178,Joe Haden,1,0,0.0,0,0,0,0,0,1,1.5,1.5,1.0%,DB,2014
178,179,Danny McCray,1,0,0.0,0,0,0,0,0,1,1.5,1.5,0.0%,DB,2014
179,180,Bashaud Breeland,1,0,0.0,0,0,0,0,0,1,1.5,1.5,1.0%,DB,2014
180,181,Tavon Wilson,1,0,0.0,0,0,0,0,0,1,1.5,1.5,0.0%,DB,2014
181,182,Rashean Mathis,1,0,0.0,0,0,0,0,0,1,1.5,1.5,0.0%,DB,2014
182,183,Marcus Burley,0,1,0.0,0,0,0,0,0,1,0.8,0.8,0.0%,DB,2014
183,184,Jim Leonhard,0,1,0.0,0,0,0,0,0,1,0.8,0.8,0.0%,DB,2014
184,185,Brandon Dixon,0,0,0.0,0,0,0,0,0,1,0.0,0.0,0.0%,DB,2014
185,186,Andre Hal,0,0,0.0,0,0,0,0,0,1,0.0,0.0,0.0%,DB,2014
186,187,Jonathan Dowling,0,0,0.0,0,0,0,0,0,1,0.0,0.0,0.0%,DB,2014
187,188,Michael J.,0,0,0.0,0,0,0,0,0,1,0.0,0.0,0.0%,DB,2014
188,189,Terrence Brooks,0,0,0.0,0,0,0,0,0,1,0.0,0.0,0.0%,DB,2014
189,190,Antone Exum,0,0,0.0,0,0,0,0,0,1,0.0,0.0,0.0%,DB,2014
190,191,Shawn Williams,0,0,0.0,0,0,0,0,0,1,0.0,0.0,10.0%,DB,2014
191,192,Duron Harmon,0,0,0.0,0,0,0,0,0,1,0.0,0.0,0.0%,DB,2014
192,193,Shamarko Thomas,0,0,0.0,0,0,0,0,0,1,0.0,0.0,0.0%,DB,2014
193,194,B.W. Webb,0,0,0.0,0,0,0,0,0,1,0.0,0.0,0.0%,DB,2014
194,195,Steve Williams,0,0,0.0,0,0,0,0,0,1,0.0,0.0,0.0%,DB,2014
195,196,Brandon McGee,0,0,0.0,0,0,0,0,0,1,0.0,0.0,0.0%,DB,2014
196,197,Jeremy Harris,0,0,0.0,0,0,0,0,0,1,0.0,0.0,0.0%,DB,2014
197,198,Demetrius McCray,0,0,0.0,0,0,0,0,0,1,0.0,0.0,0.0%,DB,2014
198,199,Sean Richardson,0,0,0.0,0,0,0,0,0,1,0.0,0.0,0.0%,DB,2014
199,200,Antwon Blake,0,0,0.0,0,0,0,0,0,1,0.0,0.0,0.0%,DB,2014
200,201,Robert Golden,0,0,0.0,0,0,0,0,0,1,0.0,0.0,6.0%,DB,2014
201,202,Jordan Poyer,0,0,0.0,0,0,0,0,0,1,0.0,0.0,26.4%,DB,2014
202,203,Duke Ihenacho,0,0,0.0,0,0,0,0,0,1,0.0,0.0,0.0%,DB,2014
203,204,Onterio McCalebb,0,0,0.0,0,0,0,0,0,1,0.0,0.0,0.0%,DB,2014
204,205,Don Jones,0,0,0.0,0,0,0,0,0,1,0.0,0.0,2.0%,DB,2014
205,206,Vinnie Sunseri,0,0,0.0,0,0,0,0,0,1,0.0,0.0,0.0%,DB,2014
206,207,Dezmen Southward,0,0,0.0,0,0,0,0,0,1,0.0,0.0,1.0%,DB,2014
207,208,Phillip Gaines,0,0,0.0,0,0,0,0,0,1,0.0,0.0,0.0%,DB,2014
208,209,Keith McGill,0,0,0.0,0,0,0,0,0,1,0.0,0.0,0.0%,DB,2014
209,210,Marqueston Huff,0,0,0.0,0,0,0,0,0,1,0.0,0.0,0.0%,DB,2014
210,211,Walt Aikens,0,0,0.0,0,0,0,0,0,1,0.0,0.0,0.0%,DB,2014
211,212,Brock Vereen,0,0,0.0,0,0,0,0,0,1,0.0,0.0,0.0%,DB,2014
212,213,Ray-Ray Armstrong,0,0,0.0,0,0,0,0,0,1,0.0,0.0,0.0%,DB,2014
213,214,Brynden Trawick,0,0,0.0,0,0,0,0,0,1,0.0,0.0,0.0%,DB,2014
214,215,Chris Maragos,0,0,0.0,0,0,0,0,0,1,0.0,0.0,0.0%,DB,2014
215,216,Darryl Morris,0,0,0.0,0,0,0,0,0,1,0.0,0.0,0.0%,DB,2014
216,217,Jeff Heath,0,0,0.0,0,0,0,0,0,1,0.0,0.0,1.0%,DB,2014
217,218,Eddie Pleasant,0,0,0.0,0,0,0,0,0,1,0.0,0.0,0.0%,DB,2014
218,219,DeShawn Shead,0,0,0.0,0,0,0,0,0,1,0.0,0.0,0.0%,DB,2014
219,220,Kyle Nelson,0,0,0.0,0,0,0,0,0,1,0.0,0.0,0.0%,DB,2014
220,221,Daniel Sorensen,0,0,0.0,0,0,0,0,0,1,0.0,0.0,0.0%,DB,2014
221,222,Trenton Robinson,0,0,0.0,0,0,0,0,0,1,0.0,0.0,0.0%,DB,2014
222,223,Demontre Hurst,0,0,0.0,0,0,0,0,0,1,0.0,0.0,0.0%,DB,2014
223,224,Loucheiz Purifoy,0,0,0.0,0,0,0,0,0,1,0.0,0.0,0.0%,DB,2014
224,225,Neiko Thorpe,0,0,0.0,0,0,0,0,0,1,0.0,0.0,0.0%,DB,2014
225,226,Tyler Patmon,0,0,0.0,0,0,0,0,0,1,0.0,0.0,0.0%,DB,2014
226,227,Marcus Roberson,0,0,0.0,0,0,0,0,0,1,0.0,0.0,0.0%,DB,2014
227,228,Sammy Seamster,0,0,0.0,0,0,0,0,0,1,0.0,0.0,0.0%,DB,2014
228,229,L.J. McCray,0,0,0.0,0,0,0,0,0,1,0.0,0.0,0.0%,DB,2014
229,230,Kelcie McCray,0,0,0.0,0,0,0,0,0,1,0.0,0.0,2.0%,DB,2014
230,231,Brian Dixon,0,0,0.0,0,0,0,0,0,1,0.0,0.0,0.0%,DB,2014
231,232,Johnson Bademosi,0,0,0.0,0,0,0,0,0,1,0.0,0.0,0.0%,DB,2014
232,233,Will Allen,0,0,0.0,0,0,0,0,0,1,0.0,0.0,0.0%,DB,2014
233,234,Usama Young,0,0,0.0,0,0,0,0,0,1,0.0,0.0,0.0%,DB,2014
234,235,Josh Wilson,0,0,0.0,0,0,0,0,0,1,0.0,0.0,0.0%,DB,2014
235,236,Trumaine McBride,0,0,0.0,0,0,0,0,0,1,0.0,0.0,0.0%,DB,2014
236,237,Jarrett Bush,0,0,0.0,0,0,0,0,0,1,0.0,0.0,0.0%,DB,2014
237,238,Craig Dahl,0,0,0.0,0,0,0,0,0,1,0.0,0.0,0.0%,DB,2014
238,239,Charles Clay,0,0,0.0,0,0,0,0,0,1,0.0,0.0,0.0%,DB,2014
239,240,Richard Sherman,0,0,0.0,0,0,0,0,0,1,0.0,0.0,0.1%,DB,2014
240,241,Colin Jones,0,0,0.0,0,0,0,0,0,1,0.0,0.0,5.0%,DB,2014
241,242,Elbert Mack,0,0,0.0,0,0,0,0,0,1,0.0,0.0,0.0%,DB,2014
242,243,George Wilson,0,0,0.0,0,0,0,0,0,1,0.0,0.0,0.0%,DB,2014
243,244,Brandon Harris,0,0,0.0,0,0,0,0,0,1,0.0,0.0,0.0%,DB,2014
244,245,Davon House,0,0,0.0,0,0,0,0,0,1,0.0,0.0,0.0%,DB,2014
245,246,Jaiquawn Jarrett,0,0,0.0,0,0,0,0,0,1,0.0,0.0,0.0%,DB,2014
246,247,Jeron Johnson,0,0,0.0,0,0,0,0,0,1,0.0,0.0,0.0%,DB,2014
247,248,Andrew Sendejo,0,0,0.0,0,0,0,0,0,1,0.0,0.0,0.0%,DB,2014
248,249,Stevie Brown,6,3,0.0,0,0,0,0,0,1,0.0,0.0,0.0%,DB,2014
249,250,Phillip Adams,0,0,0.0,0,0,0,0,0,1,0.0,0.0,0.0%,DB,2014
250,251,Jeromy Miles,0,0,0.0,0,0,0,0,0,1,0.0,0.0,0.0%,DB,2014
251,252,Sherrick McManis,0,0,0.0,0,0,0,0,0,1,0.0,0.0,0.0%,DB,2014
252,253,Aaron Berry,0,0,0.0,0,0,0,0,0,1,0.0,0.0,0.0%,DB,2014
253,254,Cassius Vaughn,0,0,0.0,0,0,0,0,0,1,0.0,0.0,0.0%,DB,2014
254,255,Colt Anderson,0,0,0.0,0,0,0,0,0,1,0.0,0.0,0.0%,DB,2014
255,256,Nate Ebner,0,0,0.0,0,0,0,0,0,1,0.0,0.0,0.0%,DB,2014
256,257,Keith Tandy,0,0,0.0,0,0,0,0,0,1,0.0,0.0,0.0%,DB,2014
257,258,Justin Bethel,0,0,0.0,0,0,0,0,0,1,0.0,0.0,0.0%,DB,2014
258,259,Anthony Levine,0,0,0.0,0,0,0,0,0,1,0.0,0.0,7.0%,DB,2014
259,260,Josh Norman,0,0,0.0,0,0,0,0,0,1,0.0,0.0,3.0%,DB,2014
260,261,Josh Gordy,0,0,0.0,0,0,0,0,0,1,0.0,0.0,0.0%,DB,2014
261,262,Marcus Sherels,0,0,0.0,0,0,0,0,0,1,0.0,0.0,0.0%,DB,2014
262,263,Antonio Allen,5,0,0.0,1,0,0,0,0,1,0.0,0.0,0.0%,DB,2014
263,264,Dwight Bentley,0,0,0.0,0,0,0,0,0,1,0.0,0.0,0.0%,DB,2014
264,265,Omar Bolden,0,0,0.0,0,0,0,0,0,1,0.0,0.0,0.0%,DB,2014
265,266,Ron Brooks,0,0,0.0,0,0,0,0,0,1,0.0,0.0,0.0%,DB,2014
266,267,Zackary Bowman,0,0,0.0,0,0,0,0,0,1,0.0,0.0,0.0%,DB,2014
267,268,Thomas DeCoud,0,0,0.0,0,0,0,0,0,1,0.0,0.0,0.0%,DB,2014
268,269,Tyvon Branch,6,1,1.0,1,0,0,0,0,1,0.0,0.0,0.0%,DB,2014
269,270,Quintin Demps,0,0,0.0,0,0,0,0,0,1,0.0,0.0,3.0%,DB,2014
270,271,David Bruton,0,0,0.0,0,0,0,0,0,1,0.0,0.0,0.0%,DB,2014
271,272,Taylor Mays,0,0,0.0,0,0,0,0,0,1,0.0,0.0,0.0%,DB,2014
272,273,Darrell Stuckey,0,0,0.0,0,0,0,0,0,1,0.0,0.0,3.0%,DB,2014
273,274,Major Wright,0,0,0.0,0,0,0,0,0,1,0.0,0.0,0.0%,DB,2014
274,275,E.J. Biggers,0,0,0.0,0,0,0,0,0,1,0.0,0.0,0.0%,DB,2014
275,276,C.J. Spillman,0,0,0.0,0,0,0,0,0,1,0.0,0.0,0.0%,DB,2014
276,277,Darious Williams,0,0,0.0,0,0,0,0,0,1,0.0,0.0,10.5%,DB,2014
277,278,Jarrod Wilson,0,0,0.0,0,0,0,0,0,1,0.0,0.0,0.0%,DB,2014
278,279,Adoree' Jackson,0,0,0.0,0,0,0,0,0,1,0.0,0.0,1.2%,DB,2014
