,Rank,Player,Tackle,Assist,Sack,Pass Defended,Interception,Forced Fumble,Fumble Recovery,Defend Touchdown,Games Played,Fantasy Football Points,FTPS/Game,ROST,Position,Year
0,1,Antoine Cason,7,3,0.0,0,0,2,1,0,1,24.8,24.8,0.0%,DB,2014
1,2,Bernard Pollard,10,1,1.0,0,0,0,0,0,1,22.3,22.3,0.0%,DB,2014
2,3,Tashaun Gipson,3,5,0.0,1,1,0,0,1,1,20.8,20.8,0.4%,DB,2014
3,4,Kyle Fuller,4,2,0.0,2,2,0,0,0,1,20.5,20.5,0.0%,DB,2014
4,5,Rashad Johnson,6,0,1.0,0,0,0,1,0,1,19.5,19.5,0.0%,DB,2014
5,6,Dashon Goldson,9,2,0.0,0,0,0,1,0,1,19.0,19.0,0.0%,DB,2014
6,7,Johnathan Joseph,4,1,0.0,0,0,2,1,0,1,18.8,18.8,0.0%,DB,2014
7,8,Josh Evans,8,6,0.0,1,0,0,0,0,1,18.0,18.0,0.0%,DB,2014
8,9,Terence Newman,7,3,0.0,3,0,0,0,0,1,17.3,17.3,0.0%,DB,2014
9,10,Corey Graham,7,3,0.0,3,0,0,0,0,1,17.3,17.3,0.0%,DB,2014
10,11,Aaron Williams,7,0,0.0,1,0,0,0,0,1,17.0,17.0,0.0%,DB,2014
11,12,Sterling Moore,5,0,0.0,2,0,1,0,0,1,17.0,17.0,0.0%,DB,2014
12,13,Leon Hall,5,1,0.0,2,1,0,0,0,1,16.3,16.3,0.0%,DB,2014
13,14,George Iloka,1,0,0.0,3,2,0,0,0,1,16.0,16.0,0.0%,DB,2014
14,15,Winston Guy,5,2,1.0,0,0,0,0,0,1,15.5,15.5,0.0%,DB,2014
15,16,Barry Church,5,1,0.0,1,1,0,0,0,1,14.8,14.8,2.0%,DB,2014
16,17,Tramon Williams,4,1,0.0,2,1,0,0,0,1,14.8,14.8,0.0%,DB,2014
17,18,Alterraun Verner,8,0,0.0,0,0,0,0,0,1,14.5,14.5,0.0%,DB,2014
18,19,Prince Amukamara,8,1,0.0,1,0,0,0,0,1,14.3,14.3,0.0%,DB,2014
19,20,Bradley Roby,6,0,0.0,0,0,0,0,0,1,14.0,14.0,0.0%,DB,2014
20,21,Rodney McLeod,5,0,0.0,1,1,0,0,0,1,14.0,14.0,0.4%,DB,2014
21,22,Mike Adams,8,0,0.0,1,0,0,0,0,1,13.5,13.5,0.4%,DB,2014
22,23,Morgan Burnett,6,4,0.0,1,0,0,0,0,1,13.5,13.5,0.0%,DB,2014
23,24,Joe Haden,6,4,0.0,1,0,0,0,0,1,13.5,13.5,1.0%,DB,2014
24,25,Malcolm Jenkins,1,5,0.0,2,1,0,0,0,1,13.3,13.3,15.0%,DB,2014
25,26,Troy Polamalu,6,2,0.0,0,0,0,0,0,1,13.0,13.0,0.0%,DB,2014
26,27,Shareece Wright,5,2,0.0,1,0,0,0,0,1,13.0,13.0,0.0%,DB,2014
27,28,Chris Harris,6,0,0.0,1,0,0,0,0,1,13.0,13.0,0.0%,DB,2014
28,29,Charles Woodson,8,1,0.0,0,0,0,0,0,1,12.8,12.8,0.0%,DB,2014
29,30,Melvin White,1,2,0.0,3,1,0,0,0,1,12.5,12.5,0.0%,DB,2014
30,31,Kyle Arrington,3,0,1.0,0,0,1,0,0,1,12.5,12.5,0.0%,DB,2014
31,32,Reggie Nelson,2,2,1.0,1,0,0,0,0,1,12.5,12.5,0.0%,DB,2014
32,33,D.J. Swearinger,3,0,0.0,0,0,1,1,0,1,12.5,12.5,0.0%,DB,2014
33,34,Michael Griffin,6,1,0.0,0,0,0,0,0,1,12.3,12.3,5.0%,DB,2014
34,35,Kendrick Lewis,3,1,0.0,0,0,1,0,0,1,11.8,11.8,0.0%,DB,2014
35,36,Richard Sherman,6,0,0.0,0,0,0,0,0,1,11.5,11.5,0.1%,DB,2014
36,37,Kam Chancellor,6,0,0.0,0,0,0,0,0,1,11.5,11.5,0.1%,DB,2014
37,38,Cary Williams,5,2,0.0,0,0,0,0,0,1,11.5,11.5,0.0%,DB,2014
38,39,Matt Elam,5,5,0.0,0,0,0,0,0,1,11.3,11.3,0.0%,DB,2014
39,40,Harrison Smith,7,1,0.0,0,0,0,0,0,1,11.3,11.3,18.9%,DB,2014
40,41,Tony Jefferson,7,1,0.0,0,0,0,0,0,1,11.3,11.3,0.0%,DB,2014
41,42,A.J. Bouye,7,1,0.0,0,0,0,0,0,1,11.3,11.3,0.0%,DB,2014
42,43,Kareem Jackson,2,0,0.0,2,1,0,0,0,1,11.0,11.0,0.7%,DB,2014
43,44,Logan Ryan,2,0,0.0,2,1,0,0,0,1,11.0,11.0,1.3%,DB,2014
44,45,Darrelle Revis,3,0,0.0,1,1,0,0,0,1,11.0,11.0,0.0%,DB,2014
45,46,Leodis McKelvin,3,0,0.0,1,1,0,0,0,1,11.0,11.0,0.0%,DB,2014
46,47,Antoine Bethea,4,1,0.0,1,0,0,0,0,1,10.8,10.8,28.0%,DB,2014
47,48,Darius Butler,5,0,0.0,2,0,0,0,0,1,10.5,10.5,0.0%,DB,2014
48,49,J.J. Wilcox,6,0,0.0,1,0,0,0,0,1,10.5,10.5,0.0%,DB,2014
49,50,Marcus Cooper,5,0,0.0,2,0,0,0,0,1,10.5,10.5,0.0%,DB,2014
50,51,Dominique Rodgers-Cromartie,5,0,0.0,2,0,0,0,0,1,10.5,10.5,0.0%,DB,2014
51,52,Corey White,7,0,0.0,0,0,0,0,0,1,10.5,10.5,0.0%,DB,2014
52,53,Ron Parker,7,0,0.0,0,0,0,0,0,1,10.5,10.5,0.0%,DB,2014
53,54,Justin Gilbert,5,2,0.0,1,0,0,0,0,1,10.5,10.5,0.0%,DB,2014
54,55,E.J. Gaines,5,0,0.0,0,0,0,0,0,1,10.0,10.0,0.0%,DB,2014
55,56,Byron Maxwell,4,0,0.0,0,0,1,0,0,1,10.0,10.0,0.0%,DB,2014
56,57,Marcus Burley,4,2,0.0,0,0,0,0,0,1,10.0,10.0,0.0%,DB,2014
57,58,Rashean Mathis,4,1,0.0,2,0,0,0,0,1,9.8,9.8,0.0%,DB,2014
58,59,Ryan Mundy,6,1,0.0,0,0,0,0,0,1,9.8,9.8,0.0%,DB,2014
59,60,Patrick Robinson,5,1,0.0,1,0,0,0,0,1,9.8,9.8,0.0%,DB,2014
60,61,Antrel Rolle,3,5,0.0,1,0,0,0,0,1,9.8,9.8,0.0%,DB,2014
61,62,Trenton Robinson,2,0,0.0,1,1,0,0,0,1,9.5,9.5,0.0%,DB,2014
62,63,Da'Norris Searcy,4,1,0.0,0,0,0,0,0,1,9.3,9.3,0.0%,DB,2014
63,64,Xavier Rhodes,4,1,0.0,0,0,0,0,0,1,9.3,9.3,0.0%,DB,2014
64,65,Isa Abdul-Quddus,2,6,0.0,1,0,0,0,0,1,9.0,9.0,0.0%,DB,2014
65,66,Kenny Vaccaro,5,2,0.0,0,0,0,0,0,1,9.0,9.0,4.0%,DB,2014
66,67,David Amerson,4,0,0.0,2,0,0,0,0,1,9.0,9.0,0.0%,DB,2014
67,68,Brent Grimes,2,2,0.0,3,0,0,0,0,1,9.0,9.0,0.0%,DB,2014
68,69,Earl Thomas,5,2,0.0,0,0,0,0,0,1,9.0,9.0,1.1%,DB,2014
69,70,Chris Conte,1,1,0.0,1,1,0,0,0,1,8.8,8.8,0.0%,DB,2014
70,71,Bradley Fletcher,3,1,0.0,2,0,0,0,0,1,8.3,8.3,0.0%,DB,2014
71,72,Blidi Wreh-Wilson,5,1,0.0,0,0,0,0,0,1,8.3,8.3,0.0%,DB,2014
72,73,Jimmy Wilson,5,1,0.0,0,0,0,0,0,1,8.3,8.3,0.0%,DB,2014
73,74,Gregory Toler,1,0,0.0,1,1,0,0,0,1,8.0,8.0,0.0%,DB,2014
74,75,Robert Alford,2,3,0.0,0,0,0,0,0,1,7.8,7.8,0.0%,DB,2014
75,76,LaRon Landry,4,2,0.0,0,0,0,0,0,1,7.5,7.5,0.0%,DB,2014
76,77,Keenan Lewis,5,0,0.0,0,0,0,0,0,1,7.5,7.5,0.0%,DB,2014
77,78,Vontae Davis,4,0,0.0,1,0,0,0,0,1,7.5,7.5,0.0%,DB,2014
78,79,Charles Tillman,4,0,0.0,1,0,0,0,0,1,7.5,7.5,0.1%,DB,2014
79,80,Dwight Lowery,4,2,0.0,0,0,0,0,0,1,7.5,7.5,0.0%,DB,2014
80,81,Alan Ball,4,0,0.0,1,0,0,0,0,1,7.5,7.5,0.0%,DB,2014
81,82,Adam Jones,4,0,0.0,1,0,0,0,0,1,7.5,7.5,0.0%,DB,2014
82,83,Chris Culliver,5,0,0.0,0,0,0,0,0,1,7.5,7.5,0.0%,DB,2014
83,84,T.J. Ward,5,0,0.0,0,0,0,0,0,1,7.5,7.5,0.1%,DB,2014
84,85,Nickell Robey-Coleman,4,2,0.0,0,0,0,0,0,1,7.5,7.5,0.0%,DB,2014
85,86,Jason Verrett,5,0,0.0,0,0,0,0,0,1,7.5,7.5,0.0%,DB,2014
86,87,T.J. McDonald,5,0,0.0,0,0,0,0,0,1,7.5,7.5,0.0%,DB,2014
87,88,Dwayne Gratz,3,2,0.0,1,0,0,0,0,1,7.5,7.5,0.0%,DB,2014
88,89,Danny McCray,2,0,0.0,0,0,0,1,0,1,7.0,7.0,0.0%,DB,2014
89,90,Tarell Brown,4,1,0.0,0,0,0,0,0,1,6.8,6.8,0.0%,DB,2014
90,91,Chimdi Chekwa,3,1,0.0,1,0,0,0,0,1,6.8,6.8,0.0%,DB,2014
91,92,Darryl Morris,4,1,0.0,0,0,0,0,0,1,6.8,6.8,0.0%,DB,2014
92,93,Dawan Landry,4,1,0.0,0,0,0,0,0,1,6.8,6.8,0.0%,DB,2014
93,94,Jerraud Powers,4,1,0.0,0,0,0,0,0,1,6.8,6.8,0.0%,DB,2014
94,95,Louis Delmas,4,1,0.0,0,0,0,0,0,1,6.8,6.8,0.0%,DB,2014
95,96,Kyle Wilson,4,1,0.0,0,0,0,0,0,1,6.8,6.8,0.0%,DB,2014
96,97,Mike Mitchell,4,1,0.0,0,0,0,0,0,1,6.8,6.8,0.0%,DB,2014
97,98,Devin McCourty,0,0,0.0,1,1,0,0,0,1,6.5,6.5,4.4%,DB,2014
98,99,Coty Sensabaugh,4,0,0.0,0,0,0,0,0,1,6.0,6.0,0.0%,DB,2014
99,100,Duke Williams,3,0,0.0,1,0,0,0,0,1,6.0,6.0,0.0%,DB,2014
100,101,Rahim Moore,4,0,0.0,0,0,0,0,0,1,6.0,6.0,0.0%,DB,2014
101,102,Donte Whitner,3,2,0.0,0,0,0,0,0,1,6.0,6.0,1.0%,DB,2014
102,103,Davon House,2,0,0.0,2,0,0,0,0,1,6.0,6.0,0.0%,DB,2014
103,104,Patrick Peterson,4,0,0.0,0,0,0,0,0,1,6.0,6.0,0.9%,DB,2014
104,105,Robert Blanton,2,4,0.0,0,0,0,0,0,1,6.0,6.0,0.0%,DB,2014
105,106,Sean Smith,4,0,0.0,0,0,0,0,0,1,6.0,6.0,0.0%,DB,2014
106,107,William Moore,2,4,0.0,0,0,0,0,0,1,6.0,6.0,0.0%,DB,2014
107,108,Janoris Jenkins,4,0,0.0,0,0,0,0,0,1,6.0,6.0,1.0%,DB,2014
108,109,Calvin Pryor,3,2,0.0,0,0,0,0,0,1,6.0,6.0,5.0%,DB,2014
109,110,Nate Allen,3,2,0.0,0,0,0,0,0,1,6.0,6.0,0.0%,DB,2014
110,111,Darrin Walls,3,0,0.0,1,0,0,0,0,1,6.0,6.0,0.0%,DB,2014
111,112,Antonio Cromartie,3,0,0.0,1,0,0,0,0,1,6.0,6.0,0.0%,DB,2014
112,113,Darian Stewart,4,0,0.0,0,0,0,0,0,1,6.0,6.0,0.0%,DB,2014
113,114,Dee Milliner,4,0,0.0,0,0,0,0,0,1,6.0,6.0,0.0%,DB,2014
114,115,Jason McCourty,4,0,0.0,0,0,0,0,0,1,6.0,6.0,0.0%,DB,2014
115,116,Danieal Manning,2,0,0.0,0,0,0,0,0,1,5.5,5.5,0.0%,DB,2014
116,117,Darrell Stuckey,1,0,0.0,0,0,0,1,0,1,5.5,5.5,3.0%,DB,2014
117,118,Cortland Finnegan,3,1,0.0,0,0,0,0,0,1,5.3,5.3,0.0%,DB,2014
118,119,Darius Slay,3,1,0.0,0,0,0,0,0,1,5.3,5.3,10.0%,DB,2014
119,120,Thomas DeCoud,2,1,0.0,1,0,0,0,0,1,5.3,5.3,0.0%,DB,2014
120,121,Eric Weddle,3,1,0.0,0,0,0,0,0,1,5.3,5.3,11.0%,DB,2014
121,122,Cortez Allen,2,1,0.0,1,0,0,0,0,1,5.3,5.3,0.0%,DB,2014
122,123,Buster Skrine,3,1,0.0,0,0,0,0,0,1,5.3,5.3,0.0%,DB,2014
123,124,Jairus Byrd,1,3,0.0,1,0,0,0,0,1,5.3,5.3,0.0%,DB,2014
124,125,Johnthan Banks,3,1,0.0,0,0,0,0,0,1,5.3,5.3,0.0%,DB,2014
125,126,Captain Munnerlyn,3,0,0.0,0,0,0,0,0,1,4.5,4.5,0.0%,DB,2014
126,127,Jimmie Ward,3,0,0.0,0,0,0,0,0,1,4.5,4.5,9.7%,DB,2014
127,128,Jeromy Miles,2,2,0.0,0,0,0,0,0,1,4.5,4.5,0.0%,DB,2014
128,129,Will Blackmon,2,2,0.0,0,0,0,0,0,1,4.5,4.5,4.0%,DB,2014
129,130,Brandon Carr,1,0,0.0,2,0,0,0,0,1,4.5,4.5,0.0%,DB,2014
130,131,Perrish Cox,2,0,0.0,1,0,0,0,0,1,4.5,4.5,0.0%,DB,2014
131,132,Desmond Trufant,2,0,0.0,1,0,0,0,0,1,4.5,4.5,0.0%,DB,2014
132,133,Glover Quin,2,2,0.0,0,0,0,0,0,1,4.5,4.5,0.0%,DB,2014
133,134,Will Davis,2,0,0.0,1,0,0,0,0,1,4.5,4.5,0.0%,DB,2014
134,135,Jeron Johnson,1,0,0.0,0,0,0,0,0,1,4.0,4.0,0.0%,DB,2014
135,136,DeAngelo Hall,2,1,0.0,0,0,0,0,0,1,3.8,3.8,0.0%,DB,2014
136,137,Sam Shields,1,1,0.0,1,0,0,0,0,1,3.8,3.8,6.0%,DB,2014
137,138,Carlos Rogers,2,1,0.0,0,0,0,0,0,1,3.8,3.8,0.0%,DB,2014
138,139,Michael J.,2,1,0.0,0,0,0,0,0,1,3.8,3.8,0.0%,DB,2014
139,140,Brandon Boykin,2,1,0.0,0,0,0,0,0,1,3.8,3.8,0.0%,DB,2014
140,141,Ryan Clark,0,2,0.5,0,0,0,0,0,1,3.5,3.5,0.0%,DB,2014
141,142,Aqib Talib,2,0,0.0,0,0,0,0,0,1,3.0,3.0,0.0%,DB,2014
142,143,Jaiquawn Jarrett,2,0,0.0,0,0,0,0,0,1,3.0,3.0,0.0%,DB,2014
143,144,Marcus Gilchrist,1,2,0.0,0,0,0,0,0,1,3.0,3.0,0.0%,DB,2014
144,145,Jimmy Smith,1,2,0.0,0,0,0,0,0,1,3.0,3.0,0.0%,DB,2014
145,146,Kayvon Webster,2,0,0.0,0,0,0,0,0,1,3.0,3.0,0.0%,DB,2014
146,147,Steve Williams,2,0,0.0,0,0,0,0,0,1,3.0,3.0,0.0%,DB,2014
147,148,E.J. Biggers,0,0,0.0,2,0,0,0,0,1,3.0,3.0,0.0%,DB,2014
148,149,Ike Taylor,1,0,0.0,1,0,0,0,0,1,3.0,3.0,0.0%,DB,2014
149,150,Patrick Chung,2,0,0.0,0,0,0,0,0,1,3.0,3.0,0.0%,DB,2014
150,151,Richard Marshall,2,0,0.0,0,0,0,0,0,1,3.0,3.0,0.0%,DB,2014
151,152,Tim Jennings,1,2,0.0,0,0,0,0,0,1,3.0,3.0,0.0%,DB,2014
152,153,Walter Thurmond,2,0,0.0,0,0,0,0,0,1,3.0,3.0,0.0%,DB,2014
153,154,Micah Hyde,2,0,0.0,0,0,0,0,0,1,3.0,3.0,1.2%,DB,2014
154,155,Jamar Taylor,2,0,0.0,0,0,0,0,0,1,3.0,3.0,0.0%,DB,2014
155,156,Eric Reid,2,0,0.0,0,0,0,0,0,1,3.0,3.0,0.0%,DB,2014
156,157,DeShawn Shead,1,1,0.0,0,0,0,0,0,1,2.3,2.3,0.0%,DB,2014
157,158,Morris Claiborne,0,1,0.0,1,0,0,0,0,1,2.3,2.3,0.0%,DB,2014
158,159,Stephon Gilmore,1,1,0.0,0,0,0,0,0,1,2.3,2.3,1.5%,DB,2014
159,160,Robert McClain,1,1,0.0,0,0,0,0,0,1,2.3,2.3,0.0%,DB,2014
160,161,Roman Harper,1,1,0.0,0,0,0,0,0,1,2.3,2.3,1.0%,DB,2014
161,162,Christopher Owens,1,0,0.0,0,0,0,0,0,1,1.5,1.5,0.0%,DB,2014
162,163,Asa Jackson,1,0,0.0,0,0,0,0,0,1,1.5,1.5,0.0%,DB,2014
163,164,Crezdon Butler,1,0,0.0,0,0,0,0,0,1,1.5,1.5,0.0%,DB,2014
164,165,Jeff Heath,1,0,0.0,0,0,0,0,0,1,1.5,1.5,1.0%,DB,2014
165,166,Josh Thomas,0,0,0.0,1,0,0,0,0,1,1.5,1.5,0.0%,DB,2014
166,167,Sherrick McManis,1,0,0.0,0,0,0,0,0,1,1.5,1.5,0.0%,DB,2014
167,168,Cassius Vaughn,1,0,0.0,0,0,0,0,0,1,1.5,1.5,0.0%,DB,2014
168,169,Husain Abdullah,1,0,0.0,0,0,0,0,0,1,1.5,1.5,0.0%,DB,2014
169,170,Bene' Benwikere,0,0,0.0,1,0,0,0,0,1,1.5,1.5,0.0%,DB,2014
170,171,Rafael Bush,1,0,0.0,0,0,0,0,0,1,1.5,1.5,0.0%,DB,2014
171,172,William Gay,1,0,0.0,0,0,0,0,0,1,1.5,1.5,0.1%,DB,2014
172,173,Chykie Brown,1,0,0.0,0,0,0,0,0,1,1.5,1.5,0.0%,DB,2014
173,174,Malcolm Butler,1,0,0.0,0,0,0,0,0,1,1.5,1.5,0.0%,DB,2014
174,175,Charles Godfrey,1,0,0.0,0,0,0,0,0,1,1.5,1.5,0.0%,DB,2014
175,176,Bashaud Breeland,0,0,0.0,1,0,0,0,0,1,1.5,1.5,1.0%,DB,2014
176,177,Nolan Carroll,1,0,0.0,0,0,0,0,0,1,1.5,1.5,0.0%,DB,2014
177,178,Andre Hal,0,0,0.0,1,0,0,0,0,1,1.5,1.5,0.0%,DB,2014
178,179,George Wilson,1,0,0.0,0,0,0,0,0,1,1.5,1.5,0.0%,DB,2014
179,180,Tyrann Mathieu,1,0,0.0,0,0,0,0,0,1,1.5,1.5,10.0%,DB,2014
180,181,Major Wright,1,0,0.0,0,0,0,0,0,1,1.5,1.5,0.0%,DB,2014
181,182,Jim Leonhard,0,1,0.0,0,0,0,0,0,1,0.8,0.8,0.0%,DB,2014
182,183,Ha Ha,0,1,0.0,0,0,0,0,0,1,0.8,0.8,0.0%,DB,2014
183,184,Duron Harmon,0,1,0.0,0,0,0,0,0,1,0.8,0.8,0.0%,DB,2014
184,185,Demetrius McCray,0,1,0.0,0,0,0,0,0,1,0.8,0.8,0.0%,DB,2014
185,186,Duke Ihenacho,0,1,0.0,0,0,0,0,0,1,0.8,0.8,0.0%,DB,2014
186,187,Brock Vereen,0,1,0.0,0,0,0,0,0,1,0.8,0.8,0.0%,DB,2014
187,188,Brandon Dixon,0,0,0.0,0,0,0,0,0,1,0.0,0.0,0.0%,DB,2014
188,189,T.J. Carrie,0,0,0.0,0,0,0,0,0,1,0.0,0.0,1.0%,DB,2014
189,190,Jabari Price,0,0,0.0,0,0,0,0,0,1,0.0,0.0,0.0%,DB,2014
190,191,K'Waun Williams,0,0,0.0,0,0,0,0,0,1,0.0,0.0,0.0%,DB,2014
191,192,Robert Nelson,0,0,0.0,0,0,0,0,0,1,0.0,0.0,0.0%,DB,2014
192,193,Terrence Brooks,0,0,0.0,0,0,0,0,0,1,0.0,0.0,0.0%,DB,2014
193,194,Shamarko Thomas,0,0,0.0,0,0,0,0,0,1,0.0,0.0,0.0%,DB,2014
194,195,B.W. Webb,0,0,0.0,0,0,0,0,0,1,0.0,0.0,0.0%,DB,2014
195,196,Earl Wolff,0,0,0.0,0,0,0,0,0,1,0.0,0.0,0.0%,DB,2014
196,197,Brandon McGee,2,1,0.0,0,0,0,0,0,1,0.0,0.0,0.0%,DB,2014
197,198,Kemal Ishmael,0,0,0.0,0,0,0,0,0,1,0.0,0.0,0.0%,DB,2014
198,199,Daimion Stafford,0,0,0.0,0,0,0,0,0,1,0.0,0.0,4.0%,DB,2014
199,200,Don Jones,0,0,0.0,0,0,0,0,0,1,0.0,0.0,2.0%,DB,2014
200,201,Ray-Ray Armstrong,0,0,0.0,0,0,0,0,0,1,0.0,0.0,0.0%,DB,2014
201,202,Shawn Williams,0,0,0.0,0,0,0,0,0,1,0.0,0.0,10.0%,DB,2014
202,203,Antwon Blake,0,0,0.0,0,0,0,0,0,1,0.0,0.0,0.0%,DB,2014
203,204,Robert Golden,0,0,0.0,0,0,0,0,0,1,0.0,0.0,6.0%,DB,2014
204,205,Ellis Lankster,0,0,0.0,0,0,0,0,0,1,0.0,0.0,0.0%,DB,2014
205,206,Jordan Poyer,0,0,0.0,0,0,0,0,0,1,0.0,0.0,26.4%,DB,2014
206,207,Bacarri Rambo,0,0,0.0,0,0,0,0,0,1,0.0,0.0,0.0%,DB,2014
207,208,Brynden Trawick,0,0,0.0,0,0,0,0,0,1,0.0,0.0,0.0%,DB,2014
208,209,Antone Exum,0,0,0.0,0,0,0,0,0,1,0.0,0.0,0.0%,DB,2014
209,210,Walt Aikens,0,0,0.0,0,0,0,0,0,1,0.0,0.0,0.0%,DB,2014
210,211,Dezmen Southward,0,0,0.0,0,0,0,0,0,1,0.0,0.0,1.0%,DB,2014
211,212,Phillip Gaines,0,0,0.0,0,0,0,0,0,1,0.0,0.0,0.0%,DB,2014
212,213,Maurice Alexander,0,0,0.0,0,0,0,0,0,1,0.0,0.0,0.0%,DB,2014
213,214,Keith McGill,0,0,0.0,0,0,0,0,0,1,0.0,0.0,0.0%,DB,2014
214,215,Marqueston Huff,0,0,0.0,0,0,0,0,0,1,0.0,0.0,0.0%,DB,2014
215,216,Dontae Johnson,0,0,0.0,0,0,0,0,0,1,0.0,0.0,0.0%,DB,2014
216,217,Nevin Lawson,0,0,0.0,0,0,0,0,0,1,0.0,0.0,0.0%,DB,2014
217,218,Nat Berhe,0,0,0.0,0,0,0,0,0,1,0.0,0.0,2.0%,DB,2014
218,219,Vinnie Sunseri,0,0,0.0,0,0,0,0,0,1,0.0,0.0,0.0%,DB,2014
219,220,Bradley McDougald,0,0,0.0,0,0,0,0,0,1,0.0,0.0,0.0%,DB,2014
220,221,Chris Maragos,0,0,0.0,0,0,0,0,0,1,0.0,0.0,0.0%,DB,2014
221,222,Cody Davis,0,0,0.0,0,0,0,0,0,1,0.0,0.0,0.0%,DB,2014
222,223,Ahmad Dixon,0,0,0.0,0,0,0,0,0,1,0.0,0.0,0.0%,DB,2014
223,224,Eddie Pleasant,0,0,0.0,0,0,0,0,0,1,0.0,0.0,0.0%,DB,2014
224,225,Darqueze Dennard,0,0,0.0,0,0,0,0,0,1,0.0,0.0,0.0%,DB,2014
225,226,Loucheiz Purifoy,0,0,0.0,0,0,0,0,0,1,0.0,0.0,0.0%,DB,2014
226,227,Johnson Bademosi,0,0,0.0,0,0,0,0,0,1,0.0,0.0,0.0%,DB,2014
227,228,Kyle Nelson,0,0,0.0,0,0,0,0,0,1,0.0,0.0,0.0%,DB,2014
228,229,Akeem Davis,0,0,0.0,0,0,0,0,0,1,0.0,0.0,0.0%,DB,2014
229,230,Jerome Couplin,0,0,0.0,0,0,0,0,0,1,0.0,0.0,0.0%,DB,2014
230,231,Craig Loston,0,0,0.0,0,0,0,0,0,1,0.0,0.0,0.0%,DB,2014
231,232,Neiko Thorpe,0,0,0.0,0,0,0,0,0,1,0.0,0.0,0.0%,DB,2014
232,233,Tyler Patmon,0,0,0.0,0,0,0,0,0,1,0.0,0.0,0.0%,DB,2014
233,234,Marcus Roberson,0,0,0.0,0,0,0,0,0,1,0.0,0.0,0.0%,DB,2014
234,235,Sammy Seamster,0,0,0.0,0,0,0,0,0,1,0.0,0.0,0.0%,DB,2014
235,236,Kelcie McCray,0,0,0.0,0,0,0,0,0,1,0.0,0.0,2.0%,DB,2014
236,237,Brian Dixon,0,0,0.0,0,0,0,0,0,1,0.0,0.0,0.0%,DB,2014
237,238,L.J. McCray,0,0,0.0,0,0,0,0,0,1,0.0,0.0,0.0%,DB,2014
238,239,Sean Richardson,0,0,0.0,0,0,0,0,0,1,0.0,0.0,0.0%,DB,2014
239,240,Will Allen,0,0,0.0,0,0,0,0,0,1,0.0,0.0,0.0%,DB,2014
240,241,Josh Wilson,0,0,0.0,0,0,0,0,0,1,0.0,0.0,0.0%,DB,2014
241,242,Usama Young,0,0,0.0,0,0,0,0,0,1,0.0,0.0,0.0%,DB,2014
242,243,Trumaine McBride,0,0,0.0,0,0,0,0,0,1,0.0,0.0,0.0%,DB,2014
243,244,Craig Dahl,0,0,0.0,0,0,0,0,0,1,0.0,0.0,0.0%,DB,2014
244,245,Jarrett Bush,0,0,0.0,0,0,0,0,0,1,0.0,0.0,0.0%,DB,2014
245,246,Charles Clay,0,0,0.0,0,0,0,0,0,1,0.0,0.0,0.0%,DB,2014
246,247,Colin Jones,0,0,0.0,0,0,0,0,0,1,0.0,0.0,5.0%,DB,2014
247,248,Elbert Mack,0,0,0.0,0,0,0,0,0,1,0.0,0.0,0.0%,DB,2014
248,249,Quinton Carter,0,0,0.0,0,0,0,0,0,1,0.0,0.0,0.0%,DB,2014
249,250,Chris Prosinski,0,0,0.0,0,0,0,0,0,1,0.0,0.0,4.0%,DB,2014
250,251,Josh Gordy,0,0,0.0,0,0,0,0,0,1,0.0,0.0,0.0%,DB,2014
251,252,Marcus Sherels,0,0,0.0,0,0,0,0,0,1,0.0,0.0,0.0%,DB,2014
252,253,Dre Kirkpatrick,0,0,0.0,0,0,0,0,0,1,0.0,0.0,0.0%,DB,2014
253,254,Phillip Adams,0,0,0.0,0,0,0,0,0,1,0.0,0.0,0.0%,DB,2014
254,255,Kurt Coleman,0,0,0.0,0,0,0,0,0,1,0.0,0.0,0.0%,DB,2014
255,256,Stevie Brown,0,1,0.0,1,0,0,0,0,1,0.0,0.0,0.0%,DB,2014
256,257,Sergio Brown,0,0,0.0,0,0,0,0,0,1,0.0,0.0,0.0%,DB,2014
257,258,Colt Anderson,0,0,0.0,0,0,0,0,0,1,0.0,0.0,0.0%,DB,2014
258,259,Andrew Sendejo,0,0,0.0,0,0,0,0,0,1,0.0,0.0,0.0%,DB,2014
259,260,Justin Bethel,0,0,0.0,0,0,0,0,0,1,0.0,0.0,0.0%,DB,2014
260,261,Nate Ebner,0,0,0.0,0,0,0,0,0,1,0.0,0.0,0.0%,DB,2014
261,262,Anthony Levine,0,0,0.0,0,0,0,0,0,1,0.0,0.0,7.0%,DB,2014
262,263,Keith Tandy,0,0,0.0,0,0,0,0,0,1,0.0,0.0,0.0%,DB,2014
263,264,Shaun Prater,0,0,0.0,0,0,0,0,0,1,0.0,0.0,0.0%,DB,2014
264,265,Josh Robinson,0,0,0.0,0,0,0,0,0,1,0.0,0.0,0.0%,DB,2014
265,266,Antonio Allen,2,0,0.0,2,0,0,0,0,1,0.0,0.0,0.0%,DB,2014
266,267,Leonard Johnson,0,0,0.0,0,0,0,0,0,1,0.0,0.0,0.0%,DB,2014
267,268,Casey Hayward,0,0,0.0,0,0,0,0,0,1,0.0,0.0,0.0%,DB,2014
268,269,Tavon Wilson,0,0,0.0,0,0,0,0,0,1,0.0,0.0,0.0%,DB,2014
269,270,Omar Bolden,0,0,0.0,0,0,0,0,0,1,0.0,0.0,0.0%,DB,2014
270,271,Ron Brooks,0,0,0.0,0,0,0,0,0,1,0.0,0.0,0.0%,DB,2014
271,272,Josh Norman,0,0,0.0,0,0,0,0,0,1,0.0,0.0,3.0%,DB,2014
272,273,Tyvon Branch,9,3,0.0,0,0,0,0,0,1,0.0,0.0,0.0%,DB,2014
273,274,Quintin Demps,0,0,0.0,0,0,0,0,0,1,0.0,0.0,3.0%,DB,2014
274,275,Zackary Bowman,0,0,0.0,0,0,0,0,0,1,0.0,0.0,0.0%,DB,2014
275,276,Chris Cook,0,0,0.0,0,0,0,0,0,1,0.0,0.0,0.0%,DB,2014
276,277,Eric Berry,0,0,0.0,0,0,0,0,0,1,0.0,0.0,0.0%,DB,2014
277,278,Taylor Mays,0,0,0.0,0,0,0,0,0,1,0.0,0.0,0.0%,DB,2014
278,279,Nate Ness,0,0,0.0,0,0,0,0,0,1,0.0,0.0,0.0%,DB,2014
279,280,C.J. Spillman,0,0,0.0,0,0,0,0,0,1,0.0,0.0,0.0%,DB,2014
280,281,Darious Williams,0,0,0.0,0,0,0,0,0,1,0.0,0.0,10.5%,DB,2014
281,282,Jarrod Wilson,0,0,0.0,0,0,0,0,0,1,0.0,0.0,0.0%,DB,2014
282,283,Adoree' Jackson,0,0,0.0,0,0,0,0,0,1,0.0,0.0,1.2%,DB,2014
