,Rank,Player,Tackle,Assist,Sack,Pass Defended,Interception,Forced Fumble,Fumble Recovery,Defend Touchdown,Games Played,Fantasy Football Points,FTPS/Game,ROST,Position,Year
0,1,Husain Abdullah,8,0,0.0,2,1,0,0,1,1,26.0,26.0,0.0%,DB,2014
1,2,Malcolm Jenkins,6,1,0.0,1,1,0,0,1,1,22.3,22.3,15.0%,DB,2014
2,3,Antoine Bethea,7,0,0.0,1,1,1,0,0,1,21.0,21.0,28.0%,DB,2014
3,4,Morgan Burnett,12,1,0.0,0,0,0,0,0,1,18.8,18.8,0.0%,DB,2014
4,5,Cortez Allen,5,2,0.0,3,1,0,0,0,1,18.5,18.5,0.0%,DB,2014
5,6,Cortland Finnegan,4,0,0.0,0,0,0,1,1,1,18.5,18.5,0.0%,DB,2014
6,7,Brandon Flowers,6,0,0.0,1,1,0,0,0,1,18.0,18.0,0.0%,DB,2014
7,8,Perrish Cox,3,0,0.0,3,1,0,1,0,1,18.0,18.0,0.0%,DB,2014
8,9,Brandon Meriweather,6,7,0.0,2,0,0,0,0,1,17.3,17.3,0.0%,DB,2014
9,10,Ryan Clark,8,7,0.0,0,0,0,0,0,1,17.3,17.3,0.0%,DB,2014
10,11,Trumaine McBride,1,0,0.0,1,1,1,1,0,1,16.0,16.0,0.0%,DB,2014
11,12,Darryl Morris,3,1,0.0,2,1,0,0,0,1,15.8,15.8,0.0%,DB,2014
12,13,Brent Grimes,5,0,0.0,2,1,0,0,0,1,15.5,15.5,0.0%,DB,2014
13,14,Kenny Vaccaro,6,0,1.0,0,0,0,0,0,1,15.5,15.5,4.0%,DB,2014
14,15,Quintin Demps,2,5,0.0,2,1,0,0,0,1,14.8,14.8,3.0%,DB,2014
15,16,Jahleel Addae,5,1,1.0,0,0,0,0,0,1,14.8,14.8,0.0%,DB,2014
16,17,Harrison Smith,5,1,0.0,1,1,0,0,0,1,14.8,14.8,18.9%,DB,2014
17,18,Mike Adams,0,0,0.0,3,2,0,0,0,1,14.5,14.5,0.4%,DB,2014
18,19,Xavier Rhodes,3,2,0.0,4,0,0,0,0,1,14.5,14.5,0.0%,DB,2014
19,20,Sam Shields,3,0,0.0,3,1,0,0,0,1,14.0,14.0,6.0%,DB,2014
20,21,T.J. Carrie,5,0,0.0,1,1,0,0,0,1,14.0,14.0,1.0%,DB,2014
21,22,Jairus Byrd,6,1,0.0,1,0,0,0,0,1,13.8,13.8,0.0%,DB,2014
22,23,Dawan Landry,4,7,0.5,0,0,0,0,0,1,13.3,13.3,0.0%,DB,2014
23,24,George Wilson,4,4,0.0,1,0,0,0,0,1,13.0,13.0,0.0%,DB,2014
24,25,Johnathan Joseph,5,0,0.0,2,0,0,0,0,1,13.0,13.0,0.0%,DB,2014
25,26,Usama Young,7,0,0.0,0,0,0,0,0,1,13.0,13.0,0.0%,DB,2014
26,27,Orlando Scandrick,6,1,0.0,2,0,0,0,0,1,12.8,12.8,0.0%,DB,2014
27,28,Sean Smith,3,0,0.0,2,1,0,0,0,1,12.5,12.5,0.0%,DB,2014
28,29,Darius Slay,3,2,0.0,1,1,0,0,0,1,12.5,12.5,10.0%,DB,2014
29,30,Prince Amukamara,3,0,0.0,2,1,0,0,0,1,12.5,12.5,0.0%,DB,2014
30,31,Ryan Mundy,8,0,0.0,0,0,0,0,0,1,12.0,12.0,0.0%,DB,2014
31,32,Eric Weddle,3,1,0.0,1,1,0,0,0,1,11.8,11.8,11.0%,DB,2014
32,33,Marcus Gilchrist,6,0,0.0,0,0,0,0,0,1,11.5,11.5,0.0%,DB,2014
33,34,Chris Culliver,4,0,0.0,1,0,1,0,0,1,11.5,11.5,0.0%,DB,2014
34,35,Major Wright,6,3,0.0,0,0,0,0,0,1,11.3,11.3,0.0%,DB,2014
35,36,Leodis McKelvin,3,0,0.0,1,1,0,0,0,1,11.0,11.0,0.0%,DB,2014
36,37,Josh Robinson,2,0,0.0,2,1,0,0,0,1,11.0,11.0,0.0%,DB,2014
37,38,Shareece Wright,5,1,0.0,0,0,0,0,0,1,10.8,10.8,0.0%,DB,2014
38,39,Alterraun Verner,5,1,0.0,0,0,0,0,0,1,10.8,10.8,0.0%,DB,2014
39,40,J.J. Wilcox,4,1,0.0,0,0,0,1,0,1,10.8,10.8,0.0%,DB,2014
40,41,Carlos Rogers,4,1,0.0,0,0,1,0,0,1,10.8,10.8,0.0%,DB,2014
41,42,Leonard Johnson,4,4,0.0,1,0,0,0,0,1,10.5,10.5,0.0%,DB,2014
42,43,Bradley Fletcher,4,2,0.0,2,0,0,0,0,1,10.5,10.5,0.0%,DB,2014
43,44,Cary Williams,7,0,0.0,0,0,0,0,0,1,10.5,10.5,0.0%,DB,2014
44,45,David Amerson,6,2,0.0,0,0,0,0,0,1,10.5,10.5,0.0%,DB,2014
45,46,Jimmy Wilson,2,1,0.0,1,1,0,0,0,1,10.3,10.3,0.0%,DB,2014
46,47,Charles Woodson,3,0,0.0,1,0,0,1,0,1,10.0,10.0,0.0%,DB,2014
47,48,Darian Stewart,5,0,0.0,0,0,0,0,0,1,10.0,10.0,0.0%,DB,2014
48,49,Kendrick Lewis,4,2,0.0,0,0,0,0,0,1,10.0,10.0,0.0%,DB,2014
49,50,Johnathan Cyprien,4,2,0.0,0,0,0,0,0,1,10.0,10.0,0.0%,DB,2014
50,51,Troy Polamalu,3,2,0.0,1,0,0,0,0,1,10.0,10.0,0.0%,DB,2014
51,52,Sterling Moore,1,2,0.0,2,0,0,1,0,1,10.0,10.0,0.0%,DB,2014
52,53,Thomas DeCoud,4,3,0.0,1,0,0,0,0,1,9.8,9.8,0.0%,DB,2014
53,54,Michael Griffin,5,3,0.0,0,0,0,0,0,1,9.8,9.8,5.0%,DB,2014
54,55,Rafael Bush,4,1,0.0,0,0,0,0,0,1,9.3,9.3,0.0%,DB,2014
55,56,Dwight Lowery,4,1,0.0,0,0,0,0,0,1,9.3,9.3,0.0%,DB,2014
56,57,Will Blackmon,4,1,0.0,0,0,0,0,0,1,9.3,9.3,4.0%,DB,2014
57,58,Kareem Jackson,4,2,0.0,1,0,0,0,0,1,9.0,9.0,0.7%,DB,2014
58,59,Captain Munnerlyn,6,0,0.0,0,0,0,0,0,1,9.0,9.0,0.0%,DB,2014
59,60,Jason McCourty,5,0,0.0,1,0,0,0,0,1,9.0,9.0,0.0%,DB,2014
60,61,William Gay,4,0,0.0,2,0,0,0,0,1,9.0,9.0,0.1%,DB,2014
61,62,Tim Jennings,5,0,0.0,1,0,0,0,0,1,9.0,9.0,0.0%,DB,2014
62,63,Tramon Williams,5,0,0.0,1,0,0,0,0,1,9.0,9.0,0.0%,DB,2014
63,64,Coty Sensabaugh,5,0,0.0,1,0,0,0,0,1,9.0,9.0,0.0%,DB,2014
64,65,Will Davis,5,0,0.0,1,0,0,0,0,1,9.0,9.0,0.0%,DB,2014
65,66,Antrel Rolle,1,1,0.0,1,1,0,0,0,1,8.8,8.8,0.0%,DB,2014
66,67,D.J. Swearinger,3,0,0.0,0,0,1,0,0,1,8.5,8.5,0.0%,DB,2014
67,68,Josh Evans,5,1,0.0,0,0,0,0,0,1,8.3,8.3,0.0%,DB,2014
68,69,Mike Mitchell,5,1,0.0,0,0,0,0,0,1,8.3,8.3,0.0%,DB,2014
69,70,Barry Church,5,1,0.0,0,0,0,0,0,1,8.3,8.3,2.0%,DB,2014
70,71,Jaiquawn Jarrett,1,3,0.5,0,0,0,0,0,1,8.3,8.3,0.0%,DB,2014
71,72,Devin McCourty,4,1,0.0,1,0,0,0,0,1,8.3,8.3,4.4%,DB,2014
72,73,Darrin Walls,4,0,0.0,1,0,0,0,0,1,7.5,7.5,0.0%,DB,2014
73,74,Glover Quin,2,6,0.0,0,0,0,0,0,1,7.5,7.5,0.0%,DB,2014
74,75,Alan Ball,3,2,0.0,1,0,0,0,0,1,7.5,7.5,0.0%,DB,2014
75,76,Demetrius McCray,5,0,0.0,0,0,0,0,0,1,7.5,7.5,0.0%,DB,2014
76,77,Robert Blanton,3,4,0.0,0,0,0,0,0,1,7.5,7.5,0.0%,DB,2014
77,78,Kemal Ishmael,2,6,0.0,0,0,0,0,0,1,7.5,7.5,0.0%,DB,2014
78,79,Ha Ha,5,0,0.0,0,0,0,0,0,1,7.5,7.5,0.0%,DB,2014
79,80,Da'Norris Searcy,1,2,0.0,0,0,0,1,0,1,7.0,7.0,0.0%,DB,2014
80,81,Darrelle Revis,4,1,0.0,0,0,0,0,0,1,6.8,6.8,0.0%,DB,2014
81,82,Roman Harper,2,5,0.0,0,0,0,0,0,1,6.8,6.8,1.0%,DB,2014
82,83,Blidi Wreh-Wilson,3,1,0.0,1,0,0,0,0,1,6.8,6.8,0.0%,DB,2014
83,84,Josh Norman,3,3,0.0,0,0,0,0,0,1,6.8,6.8,3.0%,DB,2014
84,85,Walt Aikens,0,0,0.0,1,1,0,0,0,1,6.5,6.5,0.0%,DB,2014
85,86,Corey White,4,0,0.0,0,0,0,0,0,1,6.0,6.0,0.0%,DB,2014
86,87,Aaron Williams,3,0,0.0,1,0,0,0,0,1,6.0,6.0,0.0%,DB,2014
87,88,Robert Alford,3,0,0.0,1,0,0,0,0,1,6.0,6.0,0.0%,DB,2014
88,89,Louis Delmas,4,0,0.0,0,0,0,0,0,1,6.0,6.0,0.0%,DB,2014
89,90,Desmond Trufant,4,0,0.0,0,0,0,0,0,1,6.0,6.0,0.0%,DB,2014
90,91,Micah Hyde,3,2,0.0,0,0,0,0,0,1,6.0,6.0,1.2%,DB,2014
91,92,Tarell Brown,4,0,0.0,0,0,0,0,0,1,6.0,6.0,0.0%,DB,2014
92,93,Jimmy Smith,3,0,0.0,1,0,0,0,0,1,6.0,6.0,0.0%,DB,2014
93,94,Ron Parker,4,0,0.0,0,0,0,0,0,1,6.0,6.0,0.0%,DB,2014
94,95,Davon House,1,0,0.0,0,0,1,0,0,1,5.5,5.5,0.0%,DB,2014
95,96,Duke Williams,3,1,0.0,0,0,0,0,0,1,5.3,5.3,0.0%,DB,2014
96,97,Robert McClain,3,0,0.0,0,0,0,0,0,1,4.5,4.5,0.0%,DB,2014
97,98,Jimmie Ward,3,0,0.0,0,0,0,0,0,1,4.5,4.5,9.7%,DB,2014
98,99,Dezmen Southward,2,2,0.0,0,0,0,0,0,1,4.5,4.5,1.0%,DB,2014
99,100,LaRon Landry,3,0,0.0,0,0,0,0,0,1,4.5,4.5,0.0%,DB,2014
100,101,Brandon Carr,2,2,0.0,0,0,0,0,0,1,4.5,4.5,0.0%,DB,2014
101,102,Asa Jackson,2,2,0.0,0,0,0,0,0,1,4.5,4.5,0.0%,DB,2014
102,103,Chimdi Chekwa,3,0,0.0,0,0,0,0,0,1,4.5,4.5,0.0%,DB,2014
103,104,Stephon Gilmore,3,0,0.0,0,0,0,0,0,1,4.5,4.5,1.5%,DB,2014
104,105,Nate Allen,2,2,0.0,0,0,0,0,0,1,4.5,4.5,0.0%,DB,2014
105,106,Calvin Pryor,0,3,0.5,0,0,0,0,0,1,4.3,4.3,5.0%,DB,2014
106,107,Chris Conte,2,1,0.0,0,0,0,0,0,1,3.8,3.8,0.0%,DB,2014
107,108,Casey Hayward,2,1,0.0,0,0,0,0,0,1,3.8,3.8,0.0%,DB,2014
108,109,Brice McCain,1,1,0.0,1,0,0,0,0,1,3.8,3.8,0.0%,DB,2014
109,110,Melvin White,2,1,0.0,0,0,0,0,0,1,3.8,3.8,0.0%,DB,2014
110,111,Darius Butler,2,1,0.0,0,0,0,0,0,1,3.8,3.8,0.0%,DB,2014
111,112,Kyle Fuller,2,1,0.0,0,0,0,0,0,1,3.8,3.8,0.0%,DB,2014
112,113,Tavon Wilson,1,0,0.0,1,0,0,0,0,1,3.0,3.0,0.0%,DB,2014
113,114,Zackary Bowman,1,0,0.0,1,0,0,0,0,1,3.0,3.0,0.0%,DB,2014
114,115,Bashaud Breeland,2,0,0.0,0,0,0,0,0,1,3.0,3.0,1.0%,DB,2014
115,116,Logan Ryan,2,0,0.0,0,0,0,0,0,1,3.0,3.0,1.3%,DB,2014
116,117,Dwayne Gratz,1,2,0.0,0,0,0,0,0,1,3.0,3.0,0.0%,DB,2014
117,118,Patrick Chung,2,0,0.0,0,0,0,0,0,1,3.0,3.0,0.0%,DB,2014
118,119,Duron Harmon,2,0,0.0,0,0,0,0,0,1,3.0,3.0,0.0%,DB,2014
119,120,Bernard Pollard,2,0,0.0,0,0,0,0,0,1,3.0,3.0,0.0%,DB,2014
120,121,Matt Elam,2,0,0.0,0,0,0,0,0,1,3.0,3.0,0.0%,DB,2014
121,122,Terrence Brooks,2,0,0.0,0,0,0,0,0,1,3.0,3.0,0.0%,DB,2014
122,123,Steve Williams,2,0,0.0,0,0,0,0,0,1,3.0,3.0,0.0%,DB,2014
123,124,Kyle Wilson,2,0,0.0,0,0,0,0,0,1,3.0,3.0,0.0%,DB,2014
124,125,Gregory Toler,2,0,0.0,0,0,0,0,0,1,3.0,3.0,0.0%,DB,2014
125,126,Brynden Trawick,2,0,0.0,0,0,0,0,0,1,3.0,3.0,0.0%,DB,2014
126,127,Kyle Arrington,2,0,0.0,0,0,0,0,0,1,3.0,3.0,0.0%,DB,2014
127,128,Marcus Cooper,1,0,0.0,1,0,0,0,0,1,3.0,3.0,0.0%,DB,2014
128,129,Rashean Mathis,1,2,0.0,0,0,0,0,0,1,3.0,3.0,0.0%,DB,2014
129,130,Johnthan Banks,1,1,0.0,0,0,0,0,0,1,2.3,2.3,0.0%,DB,2014
130,131,Keenan Lewis,0,1,0.0,1,0,0,0,0,1,2.3,2.3,0.0%,DB,2014
131,132,Isaiah Frey,1,1,0.0,0,0,0,0,0,1,2.3,2.3,0.0%,DB,2014
132,133,Nickell Robey-Coleman,1,1,0.0,0,0,0,0,0,1,2.3,2.3,0.0%,DB,2014
133,134,Antoine Cason,1,1,0.0,0,0,0,0,0,1,2.3,2.3,0.0%,DB,2014
134,135,Corey Graham,1,0,0.0,0,0,0,0,0,1,1.5,1.5,0.0%,DB,2014
135,136,Michael J.,1,0,0.0,0,0,0,0,0,1,1.5,1.5,0.0%,DB,2014
136,137,Chris Cook,0,0,0.0,1,0,0,0,0,1,1.5,1.5,0.0%,DB,2014
137,138,Dashon Goldson,1,0,0.0,0,0,0,0,0,1,1.5,1.5,0.0%,DB,2014
138,139,E.J. Biggers,0,2,0.0,0,0,0,0,0,1,1.5,1.5,0.0%,DB,2014
139,140,Chykie Brown,1,0,0.0,0,0,0,0,0,1,1.5,1.5,0.0%,DB,2014
140,141,Jarrett Bush,1,0,0.0,0,0,0,0,0,1,1.5,1.5,0.0%,DB,2014
141,142,Brian Dixon,1,0,0.0,0,0,0,0,0,1,1.5,1.5,0.0%,DB,2014
142,143,Sean Richardson,1,0,0.0,0,0,0,0,0,1,1.5,1.5,0.0%,DB,2014
143,144,Dominique Rodgers-Cromartie,1,0,0.0,0,0,0,0,0,1,1.5,1.5,0.0%,DB,2014
144,145,Tracy Porter,0,2,0.0,0,0,0,0,0,1,1.5,1.5,0.0%,DB,2014
145,146,Malcolm Butler,1,0,0.0,0,0,0,0,0,1,1.5,1.5,0.0%,DB,2014
146,147,Christopher Owens,1,0,0.0,0,0,0,0,0,1,1.5,1.5,0.0%,DB,2014
147,148,Danny Gorrer,0,2,0.0,0,0,0,0,0,1,1.5,1.5,0.0%,DB,2014
148,149,Brandon Boykin,1,0,0.0,0,0,0,0,0,1,1.5,1.5,0.0%,DB,2014
149,150,Earl Wolff,0,0,0.0,1,0,0,0,0,1,1.5,1.5,0.0%,DB,2014
150,151,Loucheiz Purifoy,0,0,0.0,1,0,0,0,0,1,1.5,1.5,0.0%,DB,2014
151,152,Sergio Brown,1,0,0.0,0,0,0,0,0,1,1.5,1.5,0.0%,DB,2014
152,153,Eric Reid,0,1,0.0,0,0,0,0,0,1,0.8,0.8,0.0%,DB,2014
153,154,Trenton Robinson,0,1,0.0,0,0,0,0,0,1,0.8,0.8,0.0%,DB,2014
154,155,Akeem Davis,0,1,0.0,0,0,0,0,0,1,0.8,0.8,0.0%,DB,2014
155,156,Brandian Ross,0,1,0.0,0,0,0,0,0,1,0.8,0.8,0.0%,DB,2014
156,157,Richard Marshall,0,1,0.0,0,0,0,0,0,1,0.8,0.8,0.0%,DB,2014
157,158,Antone Exum,0,0,0.0,0,0,0,0,0,1,0.0,0.0,0.0%,DB,2014
158,159,Brandon Dixon,0,0,0.0,0,0,0,0,0,1,0.0,0.0,0.0%,DB,2014
159,160,Andre Hal,0,0,0.0,0,0,0,0,0,1,0.0,0.0,0.0%,DB,2014
160,161,Jabari Price,0,0,0.0,0,0,0,0,0,1,0.0,0.0,0.0%,DB,2014
161,162,Jonathan Dowling,0,0,0.0,0,0,0,0,0,1,0.0,0.0,0.0%,DB,2014
162,163,Vinnie Sunseri,0,0,0.0,0,0,0,0,0,1,0.0,0.0,0.0%,DB,2014
163,164,Nat Berhe,0,0,0.0,0,0,0,0,0,1,0.0,0.0,2.0%,DB,2014
164,165,Ahmad Dixon,0,0,0.0,0,0,0,0,0,1,0.0,0.0,0.0%,DB,2014
165,166,Stanley Jean-Baptiste,0,0,0.0,0,0,0,0,0,1,0.0,0.0,0.0%,DB,2014
166,167,Phillip Gaines,0,0,0.0,0,0,0,0,0,1,0.0,0.0,0.0%,DB,2014
167,168,Bene' Benwikere,0,0,0.0,0,0,0,0,0,1,0.0,0.0,0.0%,DB,2014
168,169,Keith McGill,0,0,0.0,0,0,0,0,0,1,0.0,0.0,0.0%,DB,2014
169,170,Marqueston Huff,0,0,0.0,0,0,0,0,0,1,0.0,0.0,0.0%,DB,2014
170,171,Dontae Johnson,0,0,0.0,0,0,0,0,0,1,0.0,0.0,0.0%,DB,2014
171,172,Brock Vereen,0,0,0.0,0,0,0,0,0,1,0.0,0.0,0.0%,DB,2014
172,173,Robert Golden,0,0,0.0,0,0,0,0,0,1,0.0,0.0,6.0%,DB,2014
173,174,LeQuan Lewis,0,0,0.0,0,0,0,0,0,1,0.0,0.0,0.0%,DB,2014
174,175,Jamar Taylor,0,0,0.0,0,0,0,0,0,1,0.0,0.0,0.0%,DB,2014
175,176,Antwon Blake,0,0,0.0,0,0,0,0,0,1,0.0,0.0,0.0%,DB,2014
176,177,Winston Guy,0,0,0.0,0,0,0,0,0,1,0.0,0.0,0.0%,DB,2014
177,178,Josh Bush,0,0,0.0,0,0,0,0,0,1,0.0,0.0,0.0%,DB,2014
178,179,Nate Ebner,0,0,0.0,0,0,0,0,0,1,0.0,0.0,0.0%,DB,2014
179,180,Anthony Levine,0,0,0.0,0,0,0,0,0,1,0.0,0.0,7.0%,DB,2014
180,181,Jeff Heath,0,0,0.0,0,0,0,0,0,1,0.0,0.0,1.0%,DB,2014
181,182,Bradley McDougald,0,0,0.0,0,0,0,0,0,1,0.0,0.0,0.0%,DB,2014
182,183,Chris Maragos,0,0,0.0,0,0,0,0,0,1,0.0,0.0,0.0%,DB,2014
183,184,Shamarko Thomas,0,0,0.0,0,0,0,0,0,1,0.0,0.0,0.0%,DB,2014
184,185,B.W. Webb,0,0,0.0,0,0,0,0,0,1,0.0,0.0,0.0%,DB,2014
185,186,Daimion Stafford,0,0,0.0,0,0,0,0,0,1,0.0,0.0,4.0%,DB,2014
186,187,Don Jones,0,0,0.0,0,0,0,0,0,1,0.0,0.0,2.0%,DB,2014
187,188,Kyle Nelson,0,0,0.0,0,0,0,0,0,1,0.0,0.0,0.0%,DB,2014
188,189,Neiko Thorpe,0,0,0.0,0,0,0,0,0,1,0.0,0.0,0.0%,DB,2014
189,190,L.J. McCray,0,0,0.0,0,0,0,0,0,1,0.0,0.0,0.0%,DB,2014
190,191,Kelcie McCray,0,0,0.0,0,0,0,0,0,1,0.0,0.0,2.0%,DB,2014
191,192,Demontre Hurst,0,0,0.0,0,0,0,0,0,1,0.0,0.0,0.0%,DB,2014
192,193,Mohammed Seisay,0,0,0.0,0,0,0,0,0,1,0.0,0.0,0.0%,DB,2014
193,194,Jerome Couplin,0,0,0.0,0,0,0,0,0,1,0.0,0.0,0.0%,DB,2014
194,195,Keith Tandy,0,0,0.0,0,0,0,0,0,1,0.0,0.0,0.0%,DB,2014
195,196,Will Allen,0,0,0.0,0,0,0,0,0,1,0.0,0.0,0.0%,DB,2014
196,197,Josh Wilson,0,0,0.0,0,0,0,0,0,1,0.0,0.0,0.0%,DB,2014
197,198,Danieal Manning,0,0,0.0,0,0,0,0,0,1,0.0,0.0,0.0%,DB,2014
198,199,Charles Clay,0,0,0.0,0,0,0,0,0,1,0.0,0.0,0.0%,DB,2014
199,200,Colin Jones,0,0,0.0,0,0,0,0,0,1,0.0,0.0,5.0%,DB,2014
200,201,Elbert Mack,0,0,0.0,0,0,0,0,0,1,0.0,0.0,0.0%,DB,2014
201,202,Danny McCray,0,0,0.0,0,0,0,0,0,1,0.0,0.0,0.0%,DB,2014
202,203,Jeromy Miles,0,0,0.0,0,0,0,0,0,1,0.0,0.0,0.0%,DB,2014
203,204,Stevie Brown,0,0,0.0,0,0,0,0,0,1,0.0,0.0,0.0%,DB,2014
204,205,Andrew Sendejo,0,0,0.0,0,0,0,0,0,1,0.0,0.0,0.0%,DB,2014
205,206,Isa Abdul-Quddus,0,0,0.0,0,0,0,0,0,1,0.0,0.0,0.0%,DB,2014
206,207,Kurt Coleman,0,0,0.0,0,0,0,0,0,1,0.0,0.0,0.0%,DB,2014
207,208,Nolan Carroll,0,0,0.0,0,0,0,0,0,1,0.0,0.0,0.0%,DB,2014
208,209,Crezdon Butler,0,0,0.0,0,0,0,0,0,1,0.0,0.0,0.0%,DB,2014
209,210,Phillip Adams,0,0,0.0,0,0,0,0,0,1,0.0,0.0,0.0%,DB,2014
210,211,Antonio Allen,4,2,0.0,0,0,0,0,0,1,0.0,0.0,0.0%,DB,2014
211,212,Chase Minnifield,0,0,0.0,0,0,0,0,0,1,0.0,0.0,0.0%,DB,2014
212,213,Ron Brooks,0,0,0.0,0,0,0,0,0,1,0.0,0.0,0.0%,DB,2014
213,214,Shaun Prater,0,0,0.0,0,0,0,0,0,1,0.0,0.0,0.0%,DB,2014
214,215,Morris Claiborne,0,0,0.0,0,0,0,0,0,1,0.0,0.0,0.0%,DB,2014
215,216,Josh Gordy,0,0,0.0,0,0,0,0,0,1,0.0,0.0,0.0%,DB,2014
216,217,Marcus Sherels,0,0,0.0,0,0,0,0,0,1,0.0,0.0,0.0%,DB,2014
217,218,James Ihedigbo,2,3,1.0,0,0,1,0,0,1,0.0,0.0,4.0%,DB,2014
218,219,Vontae Davis,0,0,0.0,0,0,0,0,0,1,0.0,0.0,0.0%,DB,2014
219,220,William Moore,0,0,0.0,0,0,0,0,0,1,0.0,0.0,0.0%,DB,2014
220,221,Sherrod Martin,0,0,0.0,0,0,0,0,0,1,0.0,0.0,0.0%,DB,2014
221,222,Charles Godfrey,0,0,0.0,0,0,0,0,0,1,0.0,0.0,0.0%,DB,2014
222,223,Craig Dahl,0,0,0.0,0,0,0,0,0,1,0.0,0.0,0.0%,DB,2014
223,224,Darrell Stuckey,0,0,0.0,0,0,0,0,0,1,0.0,0.0,3.0%,DB,2014
224,225,C.J. Spillman,0,0,0.0,0,0,0,0,0,1,0.0,0.0,0.0%,DB,2014
225,226,Darious Williams,0,0,0.0,0,0,0,0,0,1,0.0,0.0,10.5%,DB,2014
226,227,Jarrod Wilson,0,0,0.0,0,0,0,0,0,1,0.0,0.0,0.0%,DB,2014
227,228,Adoree' Jackson,0,0,0.0,0,0,0,0,0,1,0.0,0.0,1.2%,DB,2014
