,Rank,Player,Tackle,Assist,Sack,Pass Defended,Interception,Forced Fumble,Fumble Recovery,Defend Touchdown,Games Played,Fantasy Football Points,FTPS/Game,ROST,Position,Year
0,1,Rashad Johnson,5,2,0.0,2,2,0,0,1,1,28.0,28.0,0.0%,DB,2014
1,2,Reggie Nelson,9,2,0.0,2,1,0,0,0,1,25.5,25.5,0.0%,DB,2014
2,3,Blidi Wreh-Wilson,10,1,0.0,2,1,0,0,0,1,23.8,23.8,0.0%,DB,2014
3,4,Jason McCourty,10,1,0.0,1,0,1,0,0,1,21.3,21.3,0.0%,DB,2014
4,5,Johnathan Cyprien,11,3,0.0,0,0,0,0,0,1,21.3,21.3,0.0%,DB,2014
5,6,Aqib Talib,4,0,0.0,2,1,0,0,1,1,20.0,20.0,0.0%,DB,2014
6,7,Jerraud Powers,3,1,0.0,1,1,1,0,0,1,18.3,18.3,0.0%,DB,2014
7,8,Antoine Cason,7,1,0.0,1,1,0,0,0,1,17.8,17.8,0.0%,DB,2014
8,9,Jason Verrett,6,0,0.0,2,1,0,0,0,1,17.0,17.0,0.0%,DB,2014
9,10,Quintin Demps,9,1,0.0,0,0,0,0,0,1,16.8,16.8,3.0%,DB,2014
10,11,Antoine Bethea,5,2,1.0,0,0,0,0,0,1,15.5,15.5,28.0%,DB,2014
11,12,Patrick Chung,5,4,0.0,0,0,0,0,0,1,15.5,15.5,0.0%,DB,2014
12,13,Buster Skrine,3,0,0.0,4,1,0,0,0,1,15.5,15.5,0.0%,DB,2014
13,14,Reshad Jones,9,0,0.0,1,0,0,0,0,1,15.0,15.0,0.0%,DB,2014
14,15,Ha Ha,7,0,0.0,1,0,0,0,0,1,14.5,14.5,0.0%,DB,2014
15,16,Dawan Landry,6,7,0.0,0,0,0,0,0,1,14.3,14.3,0.0%,DB,2014
16,17,Jimmy Smith,5,0,0.0,1,1,0,0,0,1,14.0,14.0,0.0%,DB,2014
17,18,Bradley Roby,3,0,1.0,2,0,0,0,0,1,14.0,14.0,0.0%,DB,2014
18,19,Cortez Allen,6,1,0.0,0,0,0,1,0,1,13.8,13.8,0.0%,DB,2014
19,20,Rodney McLeod,6,0,0.0,0,0,1,0,0,1,13.0,13.0,0.4%,DB,2014
20,21,Troy Polamalu,6,2,0.0,0,0,0,0,0,1,13.0,13.0,0.0%,DB,2014
21,22,Kyle Fuller,5,0,0.0,1,0,1,0,0,1,13.0,13.0,0.0%,DB,2014
22,23,T.J. McDonald,7,3,0.0,0,0,0,0,0,1,12.8,12.8,0.0%,DB,2014
23,24,Dontae Johnson,0,0,0.0,1,1,0,0,1,1,12.5,12.5,0.0%,DB,2014
24,25,Alfonzo Dennard,5,0,0.0,0,0,0,0,0,1,12.5,12.5,0.0%,DB,2014
25,26,Antrel Rolle,4,0,0.0,1,1,0,0,0,1,12.5,12.5,0.0%,DB,2014
26,27,Roman Harper,3,0,0.0,2,1,0,0,0,1,12.5,12.5,1.0%,DB,2014
27,28,Vontae Davis,4,1,0.0,1,0,1,0,0,1,12.3,12.3,0.0%,DB,2014
28,29,Tashaun Gipson,4,5,0.0,0,0,0,0,0,1,12.3,12.3,0.4%,DB,2014
29,30,Devin McCourty,5,1,0.0,0,0,1,0,0,1,12.3,12.3,4.4%,DB,2014
30,31,Brent Grimes,7,0,0.0,1,0,0,0,0,1,12.0,12.0,0.0%,DB,2014
31,32,Kendrick Lewis,6,4,0.0,0,0,0,0,0,1,12.0,12.0,0.0%,DB,2014
32,33,Marqueston Huff,3,1,1.0,0,0,0,0,0,1,11.8,11.8,0.0%,DB,2014
33,34,Brandon Meriweather,4,1,0.0,0,0,0,0,0,1,11.8,11.8,0.0%,DB,2014
34,35,Mike Mitchell,3,0,0.0,2,0,1,0,0,1,11.5,11.5,0.0%,DB,2014
35,36,Tyrann Mathieu,4,0,0.0,1,0,0,1,0,1,11.5,11.5,10.0%,DB,2014
36,37,Donte Whitner,4,4,0.0,0,0,0,0,0,1,11.5,11.5,1.0%,DB,2014
37,38,Adam Jones,5,3,0.0,1,0,0,0,0,1,11.3,11.3,0.0%,DB,2014
38,39,Glover Quin,3,0,0.0,1,1,0,0,0,1,11.0,11.0,0.0%,DB,2014
39,40,Usama Young,6,0,0.0,1,0,0,0,0,1,10.5,10.5,0.0%,DB,2014
40,41,Phillip Adams,4,2,0.0,2,0,0,0,0,1,10.5,10.5,0.0%,DB,2014
41,42,Marcus Burley,6,2,0.0,0,0,0,0,0,1,10.5,10.5,0.0%,DB,2014
42,43,E.J. Biggers,6,0,0.0,1,0,0,0,0,1,10.5,10.5,0.0%,DB,2014
43,44,Will Blackmon,1,1,1.0,0,0,1,0,0,1,10.3,10.3,4.0%,DB,2014
44,45,Demontre Hurst,2,1,0.0,1,1,0,0,0,1,10.3,10.3,0.0%,DB,2014
45,46,Josh Evans,6,1,0.0,0,0,0,0,0,1,9.8,9.8,0.0%,DB,2014
46,47,Melvin White,5,1,0.0,1,0,0,0,0,1,9.8,9.8,0.0%,DB,2014
47,48,Richard Sherman,5,3,0.0,0,0,0,0,0,1,9.8,9.8,0.1%,DB,2014
48,49,Perrish Cox,4,1,0.0,2,0,0,0,0,1,9.8,9.8,0.0%,DB,2014
49,50,Trumaine McBride,6,1,0.0,0,0,0,0,0,1,9.8,9.8,0.0%,DB,2014
50,51,Robert Blanton,5,3,0.0,0,0,0,0,0,1,9.8,9.8,0.0%,DB,2014
51,52,Casey Hayward,2,0,0.0,1,1,0,0,0,1,9.5,9.5,0.0%,DB,2014
52,53,Robert McClain,2,0,1.0,0,0,0,0,0,1,9.5,9.5,0.0%,DB,2014
53,54,Stephon Gilmore,3,0,0.0,0,0,0,0,0,1,9.5,9.5,1.5%,DB,2014
54,55,Orlando Scandrick,4,1,0.0,0,0,0,0,0,1,9.3,9.3,0.0%,DB,2014
55,56,Tarell Brown,4,0,0.0,2,0,0,0,0,1,9.0,9.0,0.0%,DB,2014
56,57,Johnathan Joseph,6,0,0.0,0,0,0,0,0,1,9.0,9.0,0.0%,DB,2014
57,58,Darrin Walls,4,0,0.0,2,0,0,0,0,1,9.0,9.0,0.0%,DB,2014
58,59,Charles Woodson,5,2,0.0,0,0,0,0,0,1,9.0,9.0,0.0%,DB,2014
59,60,Eric Weddle,3,4,0.0,1,0,0,0,0,1,9.0,9.0,11.0%,DB,2014
60,61,Kemal Ishmael,6,0,0.0,0,0,0,0,0,1,9.0,9.0,0.0%,DB,2014
61,62,Duke Williams,4,2,0.0,1,0,0,0,0,1,9.0,9.0,0.0%,DB,2014
62,63,Ryan Clark,5,2,0.0,0,0,0,0,0,1,9.0,9.0,0.0%,DB,2014
63,64,D.J. Swearinger,4,2,0.0,1,0,0,0,0,1,9.0,9.0,0.0%,DB,2014
64,65,Robert Alford,3,0,0.0,1,0,0,0,0,1,8.5,8.5,0.0%,DB,2014
65,66,Bradley Fletcher,3,0,0.0,0,0,1,0,0,1,8.5,8.5,0.0%,DB,2014
66,67,Darrelle Revis,4,0,0.0,0,0,0,0,0,1,8.5,8.5,0.0%,DB,2014
67,68,T.J. Carrie,3,1,0.0,2,0,0,0,0,1,8.3,8.3,1.0%,DB,2014
68,69,Prince Amukamara,5,1,0.0,0,0,0,0,0,1,8.3,8.3,0.0%,DB,2014
69,70,Josh Gordy,3,3,0.0,1,0,0,0,0,1,8.3,8.3,0.0%,DB,2014
70,71,Nate Allen,5,1,0.0,0,0,0,0,0,1,8.3,8.3,0.0%,DB,2014
71,72,Corey Graham,4,3,0.0,0,0,0,0,0,1,8.3,8.3,0.0%,DB,2014
72,73,Joe Haden,3,1,0.0,2,0,0,0,0,1,8.3,8.3,1.0%,DB,2014
73,74,Zackary Bowman,1,0,0.0,1,1,0,0,0,1,8.0,8.0,0.0%,DB,2014
74,75,Mike Adams,2,1,0.0,0,0,0,1,0,1,7.8,7.8,0.4%,DB,2014
75,76,Harrison Smith,3,1,0.0,0,0,0,0,0,1,7.8,7.8,18.9%,DB,2014
76,77,Micah Hyde,5,0,0.0,0,0,0,0,0,1,7.5,7.5,1.2%,DB,2014
77,78,Terence Newman,3,2,0.0,1,0,0,0,0,1,7.5,7.5,0.0%,DB,2014
78,79,Josh Wilson,4,2,0.0,0,0,0,0,0,1,7.5,7.5,0.0%,DB,2014
79,80,Bashaud Breeland,5,0,0.0,0,0,0,0,0,1,7.5,7.5,1.0%,DB,2014
80,81,Kam Chancellor,4,2,0.0,0,0,0,0,0,1,7.5,7.5,0.1%,DB,2014
81,82,Earl Thomas,4,2,0.0,0,0,0,0,0,1,7.5,7.5,1.1%,DB,2014
82,83,Leon Hall,3,1,0.0,1,0,0,0,0,1,6.8,6.8,0.0%,DB,2014
83,84,A.J. Bouye,2,1,0.0,2,0,0,0,0,1,6.8,6.8,0.0%,DB,2014
84,85,Barry Church,2,3,0.0,1,0,0,0,0,1,6.8,6.8,2.0%,DB,2014
85,86,Major Wright,4,1,0.0,0,0,0,0,0,1,6.8,6.8,0.0%,DB,2014
86,87,Thomas DeCoud,4,1,0.0,0,0,0,0,0,1,6.8,6.8,0.0%,DB,2014
87,88,Charles Godfrey,4,1,0.0,0,0,0,0,0,1,6.8,6.8,0.0%,DB,2014
88,89,Kareem Jackson,4,1,0.0,0,0,0,0,0,1,6.8,6.8,0.7%,DB,2014
89,90,Louis Delmas,3,3,0.0,0,0,0,0,0,1,6.8,6.8,0.0%,DB,2014
90,91,Captain Munnerlyn,3,1,0.0,1,0,0,0,0,1,6.8,6.8,0.0%,DB,2014
91,92,Desmond Trufant,3,1,0.0,1,0,0,0,0,1,6.8,6.8,0.0%,DB,2014
92,93,Sam Shields,0,0,0.0,1,1,0,0,0,1,6.5,6.5,6.0%,DB,2014
93,94,Carlos Rogers,3,2,0.0,0,0,0,0,0,1,6.0,6.0,0.0%,DB,2014
94,95,Brandon Flowers,2,0,0.0,2,0,0,0,0,1,6.0,6.0,0.0%,DB,2014
95,96,Kayvon Webster,4,0,0.0,0,0,0,0,0,1,6.0,6.0,0.0%,DB,2014
96,97,Rashean Mathis,4,0,0.0,0,0,0,0,0,1,6.0,6.0,0.0%,DB,2014
97,98,Jeromy Miles,4,0,0.0,0,0,0,0,0,1,6.0,6.0,0.0%,DB,2014
98,99,David Amerson,2,0,0.0,0,0,0,0,0,1,5.5,5.5,0.0%,DB,2014
99,100,Calvin Pryor,2,3,0.0,0,0,0,0,0,1,5.3,5.3,5.0%,DB,2014
100,101,E.J. Gaines,2,1,0.0,1,0,0,0,0,1,5.3,5.3,0.0%,DB,2014
101,102,Cortland Finnegan,1,3,0.0,1,0,0,0,0,1,5.3,5.3,0.0%,DB,2014
102,103,Morgan Burnett,3,1,0.0,0,0,0,0,0,1,5.3,5.3,0.0%,DB,2014
103,104,Trenton Robinson,3,1,0.0,0,0,0,0,0,1,5.3,5.3,0.0%,DB,2014
104,105,Lardarius Webb,3,0,0.0,0,0,0,0,0,1,4.5,4.5,0.0%,DB,2014
105,106,Dwight Lowery,3,0,0.0,0,0,0,0,0,1,4.5,4.5,0.0%,DB,2014
106,107,Nickell Robey-Coleman,2,0,0.0,1,0,0,0,0,1,4.5,4.5,0.0%,DB,2014
107,108,Nolan Carroll,3,0,0.0,0,0,0,0,0,1,4.5,4.5,0.0%,DB,2014
108,109,Patrick Peterson,3,0,0.0,0,0,0,0,0,1,4.5,4.5,0.9%,DB,2014
109,110,Cary Williams,3,0,0.0,0,0,0,0,0,1,4.5,4.5,0.0%,DB,2014
110,111,Janoris Jenkins,3,0,0.0,0,0,0,0,0,1,4.5,4.5,1.0%,DB,2014
111,112,Chris Conte,3,0,0.0,0,0,0,0,0,1,4.5,4.5,0.0%,DB,2014
112,113,Malcolm Jenkins,1,2,0.0,1,0,0,0,0,1,4.5,4.5,15.0%,DB,2014
113,114,Byron Maxwell,1,0,0.0,2,0,0,0,0,1,4.5,4.5,0.0%,DB,2014
114,115,Leodis McKelvin,2,2,0.0,0,0,0,0,0,1,4.5,4.5,0.0%,DB,2014
115,116,Eric Reid,2,0,0.0,1,0,0,0,0,1,4.5,4.5,0.0%,DB,2014
116,117,K'Waun Williams,1,0,0.0,2,0,0,0,0,1,4.5,4.5,0.0%,DB,2014
117,118,Davon House,2,0,0.0,1,0,0,0,0,1,4.5,4.5,0.0%,DB,2014
118,119,Jimmie Ward,3,0,0.0,0,0,0,0,0,1,4.5,4.5,9.7%,DB,2014
119,120,Sergio Brown,2,2,0.0,0,0,0,0,0,1,4.5,4.5,0.0%,DB,2014
120,121,Darian Stewart,3,0,0.0,0,0,0,0,0,1,4.5,4.5,0.0%,DB,2014
121,122,Xavier Rhodes,2,0,0.0,1,0,0,0,0,1,4.5,4.5,0.0%,DB,2014
122,123,Tramon Williams,3,0,0.0,0,0,0,0,0,1,4.5,4.5,0.0%,DB,2014
123,124,Justin Gilbert,3,0,0.0,0,0,0,0,0,1,4.5,4.5,0.0%,DB,2014
124,125,Alterraun Verner,2,1,0.0,0,0,0,0,0,1,3.8,3.8,0.0%,DB,2014
125,126,Jimmy Wilson,2,1,0.0,0,0,0,0,0,1,3.8,3.8,0.0%,DB,2014
126,127,T.J. Ward,2,1,0.0,0,0,0,0,0,1,3.8,3.8,0.1%,DB,2014
127,128,Marcus Gilchrist,1,1,0.0,1,0,0,0,0,1,3.8,3.8,0.0%,DB,2014
128,129,Kyle Arrington,2,1,0.0,0,0,0,0,0,1,3.8,3.8,0.0%,DB,2014
129,130,Duron Harmon,2,1,0.0,0,0,0,0,0,1,3.8,3.8,0.0%,DB,2014
130,131,Tony Jefferson,2,0,0.0,0,0,0,0,0,1,3.0,3.0,0.0%,DB,2014
131,132,Michael Griffin,2,0,0.0,0,0,0,0,0,1,3.0,3.0,5.0%,DB,2014
132,133,Tim Jennings,1,0,0.0,1,0,0,0,0,1,3.0,3.0,0.0%,DB,2014
133,134,Jarrett Bush,2,0,0.0,0,0,0,0,0,1,3.0,3.0,0.0%,DB,2014
134,135,Danny Gorrer,1,0,0.0,1,0,0,0,0,1,3.0,3.0,0.0%,DB,2014
135,136,Rahim Moore,1,2,0.0,0,0,0,0,0,1,3.0,3.0,0.0%,DB,2014
136,137,Daimion Stafford,2,0,0.0,0,0,0,0,0,1,3.0,3.0,4.0%,DB,2014
137,138,George Iloka,0,2,0.0,1,0,0,0,0,1,3.0,3.0,0.0%,DB,2014
138,139,Sterling Moore,1,0,0.0,1,0,0,0,0,1,3.0,3.0,0.0%,DB,2014
139,140,Crezdon Butler,2,0,0.0,0,0,0,0,0,1,3.0,3.0,0.0%,DB,2014
140,141,J.J. Wilcox,2,0,0.0,0,0,0,0,0,1,3.0,3.0,0.0%,DB,2014
141,142,Matt Elam,2,0,0.0,0,0,0,0,0,1,3.0,3.0,0.0%,DB,2014
142,143,Darius Slay,2,0,0.0,0,0,0,0,0,1,3.0,3.0,10.0%,DB,2014
143,144,Dominique Franks,2,0,0.0,0,0,0,0,0,1,3.0,3.0,0.0%,DB,2014
144,145,Kyle Wilson,1,0,0.0,1,0,0,0,0,1,3.0,3.0,0.0%,DB,2014
145,146,Terrence Brooks,2,0,0.0,0,0,0,0,0,1,3.0,3.0,0.0%,DB,2014
146,147,Da'Norris Searcy,1,1,0.0,0,0,0,0,0,1,2.3,2.3,0.0%,DB,2014
147,148,Lamarcus Joyner,1,1,0.0,0,0,0,0,0,1,2.3,2.3,0.0%,DB,2014
148,149,George Wilson,1,1,0.0,0,0,0,0,0,1,2.3,2.3,0.0%,DB,2014
149,150,Demetrius McCray,1,1,0.0,0,0,0,0,0,1,2.3,2.3,0.0%,DB,2014
150,151,Dominique Rodgers-Cromartie,0,1,0.0,1,0,0,0,0,1,2.3,2.3,0.0%,DB,2014
151,152,Gregory Toler,1,1,0.0,0,0,0,0,0,1,2.3,2.3,0.0%,DB,2014
152,153,Jahleel Addae,1,1,0.0,0,0,0,0,0,1,2.3,2.3,0.0%,DB,2014
153,154,William Gay,1,1,0.0,0,0,0,0,0,1,2.3,2.3,0.1%,DB,2014
154,155,Antonio Cromartie,1,0,0.0,0,0,0,0,0,1,1.5,1.5,0.0%,DB,2014
155,156,Richard Marshall,1,0,0.0,0,0,0,0,0,1,1.5,1.5,0.0%,DB,2014
156,157,Brandon Carr,0,0,0.0,1,0,0,0,0,1,1.5,1.5,0.0%,DB,2014
157,158,Alan Ball,1,0,0.0,0,0,0,0,0,1,1.5,1.5,0.0%,DB,2014
158,159,Tyler Patmon,1,0,0.0,0,0,0,0,0,1,1.5,1.5,0.0%,DB,2014
159,160,Brandian Ross,1,0,0.0,0,0,0,0,0,1,1.5,1.5,0.0%,DB,2014
160,161,Chris Harris,1,0,0.0,0,0,0,0,0,1,1.5,1.5,0.0%,DB,2014
161,162,Dezmen Southward,0,0,0.0,1,0,0,0,0,1,1.5,1.5,1.0%,DB,2014
162,163,Brock Vereen,1,0,0.0,0,0,0,0,0,1,1.5,1.5,0.0%,DB,2014
163,164,Cassius Vaughn,1,0,0.0,0,0,0,0,0,1,1.5,1.5,0.0%,DB,2014
164,165,Elbert Mack,1,0,0.0,0,0,0,0,0,1,1.5,1.5,0.0%,DB,2014
165,166,Chris Culliver,1,0,0.0,0,0,0,0,0,1,1.5,1.5,0.0%,DB,2014
166,167,Brandon Dixon,0,0,0.0,1,0,0,0,0,1,1.5,1.5,0.0%,DB,2014
167,168,Keith Tandy,1,0,0.0,0,0,0,0,0,1,1.5,1.5,0.0%,DB,2014
168,169,Chris Cook,1,0,0.0,0,0,0,0,0,1,1.5,1.5,0.0%,DB,2014
169,170,Chykie Brown,0,0,0.0,1,0,0,0,0,1,1.5,1.5,0.0%,DB,2014
170,171,Josh Robinson,1,0,0.0,0,0,0,0,0,1,1.5,1.5,0.0%,DB,2014
171,172,Tavon Wilson,1,0,0.0,0,0,0,0,0,1,1.5,1.5,0.0%,DB,2014
172,173,Bradley McDougald,1,0,0.0,0,0,0,0,0,1,1.5,1.5,0.0%,DB,2014
173,174,Ryan Mundy,1,0,0.0,0,0,0,0,0,1,1.5,1.5,0.0%,DB,2014
174,175,Chase Minnifield,1,0,0.0,0,0,0,0,0,1,1.5,1.5,0.0%,DB,2014
175,176,Jim Leonhard,0,1,0.0,0,0,0,0,0,1,0.8,0.8,0.0%,DB,2014
176,177,Brandon Boykin,0,1,0.0,0,0,0,0,0,1,0.8,0.8,0.0%,DB,2014
177,178,Jaiquawn Jarrett,0,1,0.0,0,0,0,0,0,1,0.8,0.8,0.0%,DB,2014
178,179,Darrell Stuckey,0,1,0.0,0,0,0,0,0,1,0.8,0.8,3.0%,DB,2014
179,180,Steven Terrell,0,0,0.0,0,0,0,0,0,1,0.0,0.0,3.0%,DB,2014
180,181,Nat Berhe,0,0,0.0,0,0,0,0,0,1,0.0,0.0,2.0%,DB,2014
181,182,Antone Exum,0,0,0.0,0,0,0,0,0,1,0.0,0.0,0.0%,DB,2014
182,183,Andre Hal,0,0,0.0,0,0,0,0,0,1,0.0,0.0,0.0%,DB,2014
183,184,Jabari Price,0,0,0.0,0,0,0,0,0,1,0.0,0.0,0.0%,DB,2014
184,185,Tre Boston,0,0,0.0,0,0,0,0,0,1,0.0,0.0,1.0%,DB,2014
185,186,Kenny Ladler,0,0,0.0,0,0,0,0,0,1,0.0,0.0,0.0%,DB,2014
186,187,Michael J.,0,0,0.0,0,0,0,0,0,1,0.0,0.0,0.0%,DB,2014
187,188,Dee Milliner,0,0,0.0,0,0,0,0,0,1,0.0,0.0,0.0%,DB,2014
188,189,Logan Ryan,0,0,0.0,0,0,0,0,0,1,0.0,0.0,1.3%,DB,2014
189,190,Jordan Poyer,0,0,0.0,0,0,0,0,0,1,0.0,0.0,26.4%,DB,2014
190,191,Jamar Taylor,0,0,0.0,0,0,0,0,0,1,0.0,0.0,0.0%,DB,2014
191,192,Will Davis,0,0,0.0,0,0,0,0,0,1,0.0,0.0,0.0%,DB,2014
192,193,Shawn Williams,0,0,0.0,0,0,0,0,0,1,0.0,0.0,10.0%,DB,2014
193,194,Dwayne Gratz,0,0,0.0,0,0,0,0,0,1,0.0,0.0,0.0%,DB,2014
194,195,B.W. Webb,0,0,0.0,0,0,0,0,0,1,0.0,0.0,0.0%,DB,2014
195,196,Earl Wolff,0,0,0.0,0,0,0,0,0,1,0.0,0.0,0.0%,DB,2014
196,197,Johnson Bademosi,0,0,0.0,0,0,0,0,0,1,0.0,0.0,0.0%,DB,2014
197,198,Sean Richardson,0,0,0.0,0,0,0,0,0,1,0.0,0.0,0.0%,DB,2014
198,199,Antwon Blake,0,0,0.0,0,0,0,0,0,1,0.0,0.0,0.0%,DB,2014
199,200,Robert Golden,0,0,0.0,0,0,0,0,0,1,0.0,0.0,6.0%,DB,2014
200,201,Walt Aikens,0,0,0.0,0,0,0,0,0,1,0.0,0.0,0.0%,DB,2014
201,202,Eddie Pleasant,0,0,0.0,0,0,0,0,0,1,0.0,0.0,0.0%,DB,2014
202,203,DeShawn Shead,0,0,0.0,0,0,0,0,0,1,0.0,0.0,0.0%,DB,2014
203,204,Darqueze Dennard,0,0,0.0,0,0,0,0,0,1,0.0,0.0,0.0%,DB,2014
204,205,Teddy Williams,0,0,0.0,0,0,0,0,0,1,0.0,0.0,0.0%,DB,2014
205,206,Jaylen Watkins,0,0,0.0,0,0,0,0,0,1,0.0,0.0,0.0%,DB,2014
206,207,Maurice Alexander,0,0,0.0,0,0,0,0,0,1,0.0,0.0,0.0%,DB,2014
207,208,Don Jones,0,0,0.0,0,0,0,0,0,1,0.0,0.0,2.0%,DB,2014
208,209,Jeff Heath,0,0,0.0,0,0,0,0,0,1,0.0,0.0,1.0%,DB,2014
209,210,Brynden Trawick,0,0,0.0,0,0,0,0,0,1,0.0,0.0,0.0%,DB,2014
210,211,Chris Maragos,0,0,0.0,0,0,0,0,0,1,0.0,0.0,0.0%,DB,2014
211,212,Cody Davis,0,0,0.0,0,0,0,0,0,1,0.0,0.0,0.0%,DB,2014
212,213,Kyle Nelson,0,0,0.0,0,0,0,0,0,1,0.0,0.0,0.0%,DB,2014
213,214,Dewey McDonald,0,0,0.0,0,0,0,0,0,1,0.0,0.0,0.0%,DB,2014
214,215,Al Louis-Jean,0,0,0.0,0,0,0,0,0,1,0.0,0.0,0.0%,DB,2014
215,216,Neiko Thorpe,0,0,0.0,0,0,0,0,0,1,0.0,0.0,0.0%,DB,2014
216,217,Jerome Couplin,0,0,0.0,0,0,0,0,0,1,0.0,0.0,0.0%,DB,2014
217,218,Loucheiz Purifoy,0,0,0.0,0,0,0,0,0,1,0.0,0.0,0.0%,DB,2014
218,219,Robert Nelson,0,0,0.0,0,0,0,0,0,1,0.0,0.0,0.0%,DB,2014
219,220,Craig Loston,0,0,0.0,0,0,0,0,0,1,0.0,0.0,0.0%,DB,2014
220,221,Greg Ducre,0,0,0.0,0,0,0,0,0,1,0.0,0.0,0.0%,DB,2014
221,222,Mohammed Seisay,0,0,0.0,0,0,0,0,0,1,0.0,0.0,0.0%,DB,2014
222,223,Marcus Roberson,0,0,0.0,0,0,0,0,0,1,0.0,0.0,0.0%,DB,2014
223,224,Sean Baker,0,0,0.0,0,0,0,0,0,1,0.0,0.0,0.0%,DB,2014
224,225,Anthony Levine,0,0,0.0,0,0,0,0,0,1,0.0,0.0,7.0%,DB,2014
225,226,Will Allen,0,0,0.0,0,0,0,0,0,1,0.0,0.0,0.0%,DB,2014
226,227,Danieal Manning,0,0,0.0,0,0,0,0,0,1,0.0,0.0,0.0%,DB,2014
227,228,Charles Clay,0,0,0.0,0,0,0,0,0,1,0.0,0.0,0.0%,DB,2014
228,229,Colin Jones,0,0,0.0,0,0,0,0,0,1,0.0,0.0,5.0%,DB,2014
229,230,Brandon Harris,0,0,0.0,0,0,0,0,0,1,0.0,0.0,0.0%,DB,2014
230,231,Quinton Carter,0,0,0.0,0,0,0,0,0,1,0.0,0.0,0.0%,DB,2014
231,232,Chimdi Chekwa,0,0,0.0,0,0,0,0,0,1,0.0,0.0,0.0%,DB,2014
232,233,Jalil Brown,0,0,0.0,0,0,0,0,0,1,0.0,0.0,0.0%,DB,2014
233,234,Craig Dahl,0,0,0.0,0,0,0,0,0,1,0.0,0.0,0.0%,DB,2014
234,235,Isa Abdul-Quddus,0,0,0.0,0,0,0,0,0,1,0.0,0.0,0.0%,DB,2014
235,236,Jeron Johnson,0,0,0.0,0,0,0,0,0,1,0.0,0.0,0.0%,DB,2014
236,237,Ross Ventrone,0,0,0.0,0,0,0,0,0,1,0.0,0.0,0.0%,DB,2014
237,238,James Dockery,0,0,0.0,0,0,0,0,0,1,0.0,0.0,0.0%,DB,2014
238,239,Stevie Brown,0,0,0.0,0,0,0,0,0,1,0.0,0.0,0.0%,DB,2014
239,240,Danny McCray,0,0,0.0,0,0,0,0,0,1,0.0,0.0,0.0%,DB,2014
240,241,Colt Anderson,0,0,0.0,0,0,0,0,0,1,0.0,0.0,0.0%,DB,2014
241,242,Andrew Sendejo,0,0,0.0,0,0,0,0,0,1,0.0,0.0,0.0%,DB,2014
242,243,Shaun Prater,0,0,0.0,0,0,0,0,0,1,0.0,0.0,0.0%,DB,2014
243,244,Justin Bethel,0,0,0.0,0,0,0,0,0,1,0.0,0.0,0.0%,DB,2014
244,245,Marcus Sherels,0,0,0.0,0,0,0,0,0,1,0.0,0.0,0.0%,DB,2014
245,246,Dre Kirkpatrick,0,0,0.0,0,0,0,0,0,1,0.0,0.0,0.0%,DB,2014
246,247,Antonio Allen,0,0,0.0,0,0,0,0,0,1,0.0,0.0,0.0%,DB,2014
247,248,Leonard Johnson,0,0,0.0,0,0,0,0,0,1,0.0,0.0,0.0%,DB,2014
248,249,Jayron Hosley,0,0,0.0,0,0,0,0,0,1,0.0,0.0,0.0%,DB,2014
249,250,Omar Bolden,0,0,0.0,0,0,0,0,0,1,0.0,0.0,0.0%,DB,2014
250,251,Ron Brooks,0,0,0.0,0,0,0,0,0,1,0.0,0.0,0.0%,DB,2014
251,252,James Ihedigbo,3,1,0.5,0,0,0,0,0,1,0.0,0.0,4.0%,DB,2014
252,253,Sherrod Martin,0,0,0.0,0,0,0,0,0,1,0.0,0.0,0.0%,DB,2014
253,254,Bubba Ventrone,0,0,0.0,0,0,0,0,0,1,0.0,0.0,0.0%,DB,2014
254,255,Taylor Mays,0,0,0.0,0,0,0,0,0,1,0.0,0.0,0.0%,DB,2014
255,256,C.J. Spillman,0,0,0.0,0,0,0,0,0,1,0.0,0.0,0.0%,DB,2014
256,257,Keenan Lewis,0,0,0.0,0,0,0,0,0,1,0.0,0.0,0.0%,DB,2014
257,258,David Bruton,0,0,0.0,0,0,0,0,0,1,0.0,0.0,0.0%,DB,2014
258,259,Don Carey,0,0,0.0,0,0,0,0,0,1,0.0,0.0,0.0%,DB,2014
259,260,Brice McCain,0,0,0.0,0,0,0,0,0,1,0.0,0.0,0.0%,DB,2014
260,261,Jamarca Sanford,0,0,0.0,0,0,0,0,0,1,0.0,0.0,0.0%,DB,2014
261,262,Chris Davis,0,0,0.0,0,0,0,0,0,1,0.0,0.0,0.0%,DB,2014
262,263,Darious Williams,0,0,0.0,0,0,0,0,0,1,0.0,0.0,10.5%,DB,2014
263,264,Trevor Williams,0,0,0.0,0,0,0,0,0,1,0.0,0.0,0.0%,DB,2014
264,265,Jarrod Wilson,0,0,0.0,0,0,0,0,0,1,0.0,0.0,0.0%,DB,2014
