,Rank,Player,Tackle,Assist,Sack,Pass Defended,Interception,Forced Fumble,Fumble Recovery,Defend Touchdown,Games Played,Fantasy Football Points,FTPS/Game,ROST,Position,Year
0,1,Connor Barwin,6,2,3.5,0,0,0,0,0,1,32.0,32.0,0.0%,DL,2014
1,2,Marcell Dareus,4,3,3.0,0,0,0,0,0,1,27.8,27.8,0.0%,DL,2014
2,3,Calais Campbell,5,1,2.0,0,0,0,0,0,1,26.3,26.3,3.1%,DL,2014
3,4,Ezekiel Ansah,6,0,1.0,0,0,1,0,0,1,22.0,22.0,0.0%,DL,2014
4,5,Jerry Hughes,3,1,2.0,0,0,0,0,0,1,20.8,20.8,1.0%,DL,2014
5,6,Brandon Graham,3,1,1.5,0,0,1,0,0,1,20.3,20.3,2.2%,DL,2014
6,7,Desmond Bryant,3,3,2.0,0,0,0,0,0,1,19.8,19.8,0.0%,DL,2014
7,8,Kroy Biermann,4,1,1.5,1,0,0,0,0,1,19.3,19.3,0.0%,DL,2014
8,9,Julius Peppers,2,1,1.0,2,0,1,1,0,1,18.8,18.8,0.1%,DL,2014
9,10,Allen Bailey,6,2,0.0,0,0,0,0,0,1,18.0,18.0,0.0%,DL,2014
10,11,Jason Pierre-Paul,6,1,0.0,1,0,1,0,0,1,17.8,17.8,0.0%,DL,2014
11,12,Ndamukong Suh,3,1,1.0,0,0,0,0,0,1,16.8,16.8,0.0%,DL,2014
12,13,Vinny Curry,2,0,1.0,0,0,1,1,0,1,15.0,15.0,0.0%,DL,2014
13,14,Cameron Jordan,2,1,1.0,0,0,0,1,0,1,14.3,14.3,6.1%,DL,2014
14,15,Cameron Heyward,4,2,1.0,0,0,0,0,0,1,14.0,14.0,23.1%,DL,2014
15,16,Alex Okafor,3,0,1.0,0,0,0,0,0,1,13.5,13.5,0.0%,DL,2014
16,17,Jack Crawford,2,0,1.0,0,0,1,0,0,1,13.5,13.5,0.0%,DL,2014
17,18,Muhammad Wilkerson,4,1,0.0,0,0,1,0,0,1,13.3,13.3,0.0%,DL,2014
18,19,Michael Bennett,2,1,1.0,0,0,0,0,0,1,12.8,12.8,0.0%,DL,2014
19,20,Osi Umenyiora,2,1,1.5,0,0,0,0,0,1,12.3,12.3,0.0%,DL,2014
20,21,Dontari Poe,3,1,1.0,0,0,0,0,0,1,11.8,11.8,0.0%,DL,2014
21,22,Robert Ayers,2,3,1.0,0,0,0,0,0,1,11.8,11.8,0.0%,DL,2014
22,23,Fletcher Cox,1,3,1.0,0,0,0,0,0,1,10.3,10.3,1.1%,DL,2014
23,24,Quinton Coples,3,1,0.0,0,0,0,0,0,1,10.3,10.3,0.0%,DL,2014
24,25,Tim Jernigan,1,3,1.0,0,0,0,0,0,1,10.3,10.3,0.0%,DL,2014
25,26,Johnathan Hankins,1,3,1.0,0,0,0,0,0,1,10.3,10.3,0.0%,DL,2014
26,27,Quinton Dial,1,1,1.0,1,0,0,0,0,1,10.3,10.3,0.0%,DL,2014
27,28,Mario Williams,2,0,1.0,0,0,0,0,0,1,9.5,9.5,0.0%,DL,2014
28,29,Josh Boyd,2,2,0.0,0,0,0,0,0,1,9.5,9.5,0.0%,DL,2014
29,30,Leger Douzable,1,2,1.0,0,0,0,0,0,1,9.5,9.5,0.0%,DL,2014
30,31,Sen'Derrick Marks,2,0,1.0,0,0,0,0,0,1,9.5,9.5,0.0%,DL,2014
31,32,Tyrunn Walker,1,0,1.0,0,0,1,0,0,1,9.5,9.5,0.0%,DL,2014
32,33,Jonathan Babineaux,2,0,1.0,0,0,0,0,0,1,9.5,9.5,0.0%,DL,2014
33,34,Haloti Ngata,2,1,0.0,1,0,1,0,0,1,9.3,9.3,0.0%,DL,2014
34,35,Jurrell Casey,3,3,0.0,0,0,0,0,0,1,9.3,9.3,0.1%,DL,2014
35,36,Clinton McDonald,1,1,1.0,0,0,0,0,0,1,8.8,8.8,0.0%,DL,2014
36,37,Jeremy Mincey,1,0,1.0,0,0,0,0,0,1,8.0,8.0,0.0%,DL,2014
37,38,Justin Tuck,0,2,0.0,1,1,0,0,0,1,8.0,8.0,0.0%,DL,2014
38,39,Marcus Benard,1,0,1.0,0,0,0,0,0,1,8.0,8.0,0.0%,DL,2014
39,40,Malliciah Goodman,2,1,0.0,0,0,1,0,0,1,7.8,7.8,0.0%,DL,2014
40,41,Carlos Dunlap,2,3,0.0,0,0,0,0,0,1,7.8,7.8,3.0%,DL,2014
41,42,William Hayes,3,0,0.0,0,0,0,0,0,1,7.0,7.0,2.0%,DL,2014
42,43,George Selvie,1,1,0.0,0,0,1,0,0,1,6.3,6.3,0.0%,DL,2014
43,44,Sheldon Richardson,1,3,0.0,0,0,0,0,0,1,6.3,6.3,1.0%,DL,2014
44,45,Aaron Donald,2,1,0.0,0,0,0,0,0,1,6.3,6.3,11.7%,DL,2014
45,46,Brett Keisel,1,1,1.0,0,0,0,0,0,1,6.3,6.3,0.0%,DL,2014
46,47,Cedric Thornton,0,3,0.0,0,0,0,1,0,1,6.3,6.3,0.0%,DL,2014
47,48,Colin Cole,2,1,0.0,0,0,0,0,0,1,6.3,6.3,0.0%,DL,2014
48,49,Bennie Logan,4,0,0.0,0,0,0,0,0,1,6.0,6.0,0.0%,DL,2014
49,50,Justin Houston,3,2,0.0,0,0,0,0,0,1,6.0,6.0,0.0%,DL,2014
50,51,Earl Mitchell,1,2,0.0,0,0,0,0,0,1,5.5,5.5,0.0%,DL,2014
51,52,Margus Hunt,2,0,0.0,0,0,0,0,0,1,5.5,5.5,0.0%,DL,2014
52,53,Malik Jackson,1,0,0.0,0,0,1,0,0,1,5.5,5.5,0.0%,DL,2014
53,54,DeMarcus Lawrence,2,0,0.0,0,0,0,0,0,1,5.5,5.5,12.7%,DL,2014
54,55,Brandon Bair,2,0,0.0,0,0,0,0,0,1,5.5,5.5,0.0%,DL,2014
55,56,Karl Klug,2,0,0.0,0,0,0,0,0,1,5.5,5.5,0.0%,DL,2014
56,57,Phil Taylor,2,1,0.0,1,0,0,0,0,1,5.3,5.3,0.0%,DL,2014
57,58,Anthony Spencer,3,1,0.0,0,0,0,0,0,1,5.3,5.3,0.0%,DL,2014
58,59,Kyle Williams,3,1,0.0,0,0,0,0,0,1,5.3,5.3,3.7%,DL,2014
59,60,Brandon Thompson,1,5,0.0,0,0,0,0,0,1,5.3,5.3,0.0%,DL,2014
60,61,Cam Thomas,1,2,0.5,0,0,0,0,0,1,5.0,5.0,0.0%,DL,2014
61,62,Jarius Wynn,0,1,0.0,0,0,0,1,0,1,4.8,4.8,0.0%,DL,2014
62,63,Jordan Hill,0,1,0.0,0,0,0,1,0,1,4.8,4.8,0.0%,DL,2014
63,64,Lawrence Guy,0,1,0.0,0,0,0,1,0,1,4.8,4.8,4.0%,DL,2014
64,65,Brandon Mebane,1,1,0.0,0,0,0,0,0,1,4.8,4.8,0.0%,DL,2014
65,66,Red Bryant,3,0,0.0,0,0,0,0,0,1,4.5,4.5,0.0%,DL,2014
66,67,Dion Jordan,2,0,0.0,1,0,0,0,0,1,4.5,4.5,0.0%,DL,2014
67,68,Ego Ferguson,2,2,0.0,0,0,0,0,0,1,4.5,4.5,0.0%,DL,2014
68,69,Frostee Rucker,3,0,0.0,0,0,0,0,0,1,4.5,4.5,0.0%,DL,2014
69,70,Jabaal Sheard,1,4,0.0,0,0,0,0,0,1,4.5,4.5,0.0%,DL,2014
70,71,Darryl Tapp,1,1,0.5,0,0,0,0,0,1,4.3,4.3,0.0%,DL,2014
71,72,Datone Jones,1,0,0.0,0,0,0,0,0,1,4.0,4.0,0.0%,DL,2014
72,73,Star Lotulelei,1,0,0.0,0,0,0,0,0,1,4.0,4.0,0.0%,DL,2014
73,74,Chris Clemons,1,0,0.0,0,0,0,0,0,1,4.0,4.0,0.0%,DL,2014
74,75,Stansly Maponga,0,0,0.0,0,0,0,1,0,1,4.0,4.0,1.0%,DL,2014
75,76,Geno Atkins,1,0,0.0,0,0,0,0,0,1,4.0,4.0,0.0%,DL,2014
76,77,Henry Melton,1,0,0.0,0,0,0,0,0,1,4.0,4.0,0.0%,DL,2014
77,78,Bruce Irvin,1,0,0.0,0,0,0,0,0,1,4.0,4.0,0.2%,DL,2014
78,79,Gerald McCoy,1,0,0.0,0,0,0,0,0,1,4.0,4.0,0.0%,DL,2014
79,80,Randy Starks,2,1,0.0,0,0,0,0,0,1,3.8,3.8,0.0%,DL,2014
80,81,Roy Miller,2,1,0.0,0,0,0,0,0,1,3.8,3.8,0.0%,DL,2014
81,82,Ray McDonald,2,1,0.0,0,0,0,0,0,1,3.8,3.8,0.0%,DL,2014
82,83,Domata Peko,2,1,0.0,0,0,0,0,0,1,3.8,3.8,0.0%,DL,2014
83,84,Brandon Williams,2,1,0.0,0,0,0,0,0,1,3.8,3.8,0.2%,DL,2014
84,85,Ryan Davis,2,0,0.0,0,0,0,0,0,1,3.0,3.0,0.0%,DL,2014
85,86,Pat Sims,1,0,0.0,1,0,0,0,0,1,3.0,3.0,0.0%,DL,2014
86,87,Wallace Gilberry,1,2,0.0,0,0,0,0,0,1,3.0,3.0,0.0%,DL,2014
87,88,Brodrick Bunkley,2,0,0.0,0,0,0,0,0,1,3.0,3.0,0.0%,DL,2014
88,89,Quanterus Smith,2,0,0.0,0,0,0,0,0,1,3.0,3.0,0.0%,DL,2014
89,90,Olivier Vernon,1,2,0.0,0,0,0,0,0,1,3.0,3.0,6.0%,DL,2014
90,91,Devon Still,1,2,0.0,0,0,0,0,0,1,3.0,3.0,0.0%,DL,2014
91,92,Kamerion Wimbley,1,2,0.0,0,0,0,0,0,1,3.0,3.0,0.0%,DL,2014
92,93,Tommy Kelly,2,0,0.0,0,0,0,0,0,1,3.0,3.0,0.0%,DL,2014
93,94,Kendall Langford,2,0,0.0,0,0,0,0,0,1,3.0,3.0,0.0%,DL,2014
94,95,Justin Smith,1,2,0.0,0,0,0,0,0,1,3.0,3.0,0.0%,DL,2014
95,96,Al Woods,0,3,0.0,0,0,0,0,0,1,2.3,2.3,0.0%,DL,2014
96,97,Ed Stinson,0,1,0.0,1,0,0,0,0,1,2.3,2.3,0.0%,DL,2014
97,98,Dwan Edwards,1,1,0.0,0,0,0,0,0,1,2.3,2.3,0.0%,DL,2014
98,99,Tony McDaniel,1,1,0.0,0,0,0,0,0,1,2.3,2.3,0.0%,DL,2014
99,100,Devin Taylor,1,1,0.0,0,0,0,0,0,1,2.3,2.3,0.0%,DL,2014
100,101,Benson Mayowa,1,1,0.0,0,0,0,0,0,1,2.3,2.3,0.0%,DL,2014
101,102,Jaye Howard,1,1,0.0,0,0,0,0,0,1,2.3,2.3,0.0%,DL,2014
102,103,Jacquies Smith,1,1,0.0,0,0,0,0,0,1,2.3,2.3,0.0%,DL,2014
103,104,Ropati Pitoitua,1,1,0.0,0,0,0,0,0,1,2.3,2.3,0.0%,DL,2014
104,105,Paul Soliai,1,1,0.0,0,0,0,0,0,1,2.3,2.3,0.0%,DL,2014
105,106,C.J. Mosley,1,1,0.0,0,0,0,0,0,1,2.3,2.3,0.0%,DL,2014
106,107,Cullen Jenkins,0,2,0.0,0,0,0,0,0,1,1.5,1.5,0.0%,DL,2014
107,108,Michael Brockers,1,0,0.0,0,0,0,0,0,1,1.5,1.5,0.0%,DL,2014
108,109,George Johnson,1,0,0.0,0,0,0,0,0,1,1.5,1.5,0.0%,DL,2014
109,110,Stacy McGee,1,0,0.0,0,0,0,0,0,1,1.5,1.5,0.0%,DL,2014
110,111,Brandon Deaderick,1,0,0.0,0,0,0,0,0,1,1.5,1.5,0.0%,DL,2014
111,112,Cornelius Washington,1,0,0.0,0,0,0,0,0,1,1.5,1.5,0.0%,DL,2014
112,113,Nick Hayden,1,0,0.0,0,0,0,0,0,1,1.5,1.5,0.0%,DL,2014
113,114,Damon Harrison,0,2,0.0,0,0,0,0,0,1,1.5,1.5,0.0%,DL,2014
114,115,Abry Jones,1,0,0.0,0,0,0,0,0,1,1.5,1.5,0.0%,DL,2014
115,116,Derek Wolfe,1,0,0.0,0,0,0,0,0,1,1.5,1.5,0.0%,DL,2014
116,117,Will Sutton,1,0,0.0,0,0,0,0,0,1,1.5,1.5,0.0%,DL,2014
117,118,Tyson Alualu,1,0,0.0,0,0,0,0,0,1,1.5,1.5,0.0%,DL,2014
118,119,Billy Winn,1,0,0.0,0,0,0,0,0,1,1.5,1.5,1.0%,DL,2014
119,120,Terrell McClain,1,0,0.0,0,0,0,0,0,1,1.5,1.5,0.0%,DL,2014
120,121,Derrick Shelby,1,0,0.0,0,0,0,0,0,1,1.5,1.5,0.0%,DL,2014
121,122,Justin Ellis,0,0,0.0,1,0,0,0,0,1,1.5,1.5,2.0%,DL,2014
122,123,Steve McLendon,1,0,0.0,0,0,0,0,0,1,1.5,1.5,0.0%,DL,2014
123,124,Mathias Kiwanuka,1,0,0.0,0,0,0,0,0,1,1.5,1.5,0.0%,DL,2014
124,125,John Jenkins,1,0,0.0,0,0,0,0,0,1,1.5,1.5,1.7%,DL,2014
125,126,Denico Autry,1,0,0.0,0,0,0,0,0,1,1.5,1.5,10.1%,DL,2014
126,127,Beau Allen,1,0,0.0,0,0,0,0,0,1,1.5,1.5,0.0%,DL,2014
127,128,Jared Odrick,1,0,0.0,0,0,0,0,0,1,1.5,1.5,0.0%,DL,2014
128,129,Tyson Jackson,1,0,0.0,0,0,0,0,0,1,1.5,1.5,0.0%,DL,2014
129,130,Da'Quan Bowers,1,0,0.0,0,0,0,0,0,1,1.5,1.5,0.0%,DL,2014
130,131,Terrance Knighton,1,0,0.0,0,0,0,0,0,1,1.5,1.5,0.0%,DL,2014
131,132,Tony Jerod-Eddie,0,2,0.0,0,0,0,0,0,1,1.5,1.5,0.0%,DL,2014
132,133,Mario Addison,0,2,0.0,0,0,0,0,0,1,1.5,1.5,4.0%,DL,2014
133,134,Kevin Vickerson,1,0,0.0,0,0,0,0,0,1,1.5,1.5,0.0%,DL,2014
134,135,Ra'Shede Hageman,1,0,0.0,0,0,0,0,0,1,1.5,1.5,0.0%,DL,2014
135,136,Wes Horton,1,0,0.0,0,0,0,0,0,1,1.5,1.5,0.0%,DL,2014
136,137,Jason Jones,0,1,0.0,0,0,0,0,0,1,0.8,0.8,0.0%,DL,2014
137,138,Jay Ratliff,0,1,0.0,0,0,0,0,0,1,0.8,0.8,0.0%,DL,2014
138,139,Akeem Spence,0,1,0.0,0,0,0,0,0,1,0.8,0.8,0.0%,DL,2014
139,140,Dan Williams,0,1,0.0,0,0,0,0,0,1,0.8,0.8,0.0%,DL,2014
140,141,Letroy Guion,0,1,0.0,0,0,0,0,0,1,0.8,0.8,0.0%,DL,2014
141,142,Mike Daniels,0,1,0.0,0,0,0,0,0,1,0.8,0.8,0.0%,DL,2014
142,143,Trevor Scott,0,1,0.0,0,0,0,0,0,1,0.8,0.8,0.0%,DL,2014
143,144,Stefan Charles,0,1,0.0,0,0,0,0,0,1,0.8,0.8,0.0%,DL,2014
144,145,Markus Kuhn,0,1,0.0,0,0,0,0,0,1,0.8,0.8,0.0%,DL,2014
145,146,Demarcus Dobbs,0,1,0.0,0,0,0,0,0,1,0.8,0.8,0.0%,DL,2014
146,147,Sylvester Williams,0,1,0.0,0,0,0,0,0,1,0.8,0.8,0.0%,DL,2014
147,148,Akiem Hicks,0,1,0.0,0,0,0,0,0,1,0.8,0.8,0.0%,DL,2014
148,149,Kenrick Ellis,0,1,0.0,0,0,0,0,0,1,0.8,0.8,0.0%,DL,2014
149,150,William Gholston,0,1,0.0,0,0,0,0,0,1,0.8,0.8,1.6%,DL,2014
150,151,Stephon Tuitt,0,1,0.0,0,0,0,0,0,1,0.8,0.8,0.1%,DL,2014
151,152,Corey Washington,0,0,0.0,0,0,0,0,0,1,0.0,0.0,0.0%,DL,2014
152,153,Jayrone Elliott,1,0,0.0,0,0,0,0,0,1,0.0,0.0,0.0%,DL,2014
153,154,Mike Pennel,0,0,0.0,0,0,0,0,0,1,0.0,0.0,0.4%,DL,2014
154,155,Kareem Martin,1,0,1.0,0,0,1,0,0,1,0.0,0.0,0.0%,DL,2014
155,156,DaQuan Jones,0,0,0.0,0,0,0,0,0,1,0.0,0.0,0.7%,DL,2014
156,157,Marcus Smith,0,0,0.0,0,0,0,0,0,1,0.0,0.0,0.0%,DL,2014
157,158,Caraun Reid,0,0,0.0,0,0,0,0,0,1,0.0,0.0,0.0%,DL,2014
158,159,Chris Smith,0,0,0.0,0,0,0,0,0,1,0.0,0.0,0.0%,DL,2014
159,160,Devon Kennard,1,0,0.0,0,0,0,0,0,1,0.0,0.0,0.0%,DL,2014
160,161,Kony Ealy,0,0,0.0,0,0,0,0,0,1,0.0,0.0,0.0%,DL,2014
161,162,Kyle Van,1,0,0.0,0,0,0,0,0,1,0.0,0.0,8.2%,DL,2014
162,163,Dee Ford,0,0,0.0,0,0,0,0,0,1,0.0,0.0,0.0%,DL,2014
163,164,Aaron Lynch,2,4,0.0,1,0,0,0,0,1,0.0,0.0,0.0%,DL,2014
164,165,Daniel McCullers,0,0,0.0,0,0,0,0,0,1,0.0,0.0,0.0%,DL,2014
165,166,Khalil Mack,1,0,0.0,1,0,1,0,0,1,0.0,0.0,52.8%,DL,2014
166,167,C.J. Wilson,0,0,0.0,0,0,0,0,0,1,0.0,0.0,0.0%,DL,2014
167,168,Chris McCain,0,0,0.0,0,0,0,0,0,1,0.0,0.0,0.0%,DL,2014
168,169,Kasim Edebali,0,0,0.0,0,0,0,0,0,1,0.0,0.0,0.0%,DL,2014
169,170,T.J. Fatinikun,0,0,0.0,0,0,0,0,0,1,0.0,0.0,0.0%,DL,2014
170,171,Chris Canty,0,0,0.0,0,0,0,0,0,1,0.0,0.0,0.0%,DL,2014
171,172,Mike Patterson,0,0,0.0,0,0,0,0,0,1,0.0,0.0,0.0%,DL,2014
172,173,Tamba Hali,0,3,0.0,0,0,0,0,0,1,0.0,0.0,2.0%,DL,2014
173,174,Elvis Dumervil,3,2,2.5,0,0,0,0,0,1,0.0,0.0,0.0%,DL,2014
174,175,Jason Babin,0,0,0.0,0,0,0,0,0,1,0.0,0.0,0.0%,DL,2014
175,176,Robert Geathers,0,0,0.0,0,0,0,0,0,1,0.0,0.0,0.0%,DL,2014
176,177,Jared Allen,1,2,0.0,0,0,0,0,0,1,0.0,0.0,0.0%,DL,2014
177,178,Antonio Smith,0,0,0.0,0,0,0,0,0,1,0.0,0.0,0.0%,DL,2014
178,179,Parys Haralson,4,0,1.0,0,0,0,0,0,1,0.0,0.0,0.0%,DL,2014
179,180,Ahmad Brooks,2,1,1.0,0,0,1,0,0,1,0.0,0.0,0.0%,DL,2014
180,181,Charles Johnson,0,0,0.0,0,0,0,0,0,1,0.0,0.0,0.0%,DL,2014
181,182,Pernell McPhee,0,2,0.0,0,0,0,0,0,1,0.0,0.0,0.0%,DL,2014
182,183,Ian Williams,0,0,0.0,0,0,0,0,0,1,0.0,0.0,0.0%,DL,2014
183,184,Sione Fua,0,0,0.0,0,0,0,0,0,1,0.0,0.0,0.0%,DL,2014
184,185,Von Miller,4,3,0.0,0,0,0,0,0,1,0.0,0.0,2.5%,DL,2014
185,186,Robert Quinn,2,2,1.0,0,0,0,0,0,1,0.0,0.0,1.2%,DL,2014
186,187,Stephen Paea,0,0,0.0,0,0,0,0,0,1,0.0,0.0,0.0%,DL,2014
187,188,Marvin Austin,0,0,0.0,0,0,0,0,0,1,0.0,0.0,0.0%,DL,2014
188,189,Kevin Williams,0,0,0.0,0,0,0,0,0,1,0.0,0.0,0.1%,DL,2014
189,190,Terrell Suggs,2,4,1.5,0,0,0,0,0,1,0.0,0.0,0.0%,DL,2014
190,191,Mike Martin,0,0,0.0,0,0,0,0,0,1,0.0,0.0,0.0%,DL,2014
191,192,Corbin Bryant,0,0,0.0,0,0,0,0,0,1,0.0,0.0,0.0%,DL,2014
192,193,Will Tukuafu,0,0,0.0,0,0,0,0,0,1,0.0,0.0,0.0%,DL,2014
193,194,Courtney Upshaw,1,3,0.0,0,0,0,0,0,1,0.0,0.0,0.0%,DL,2014
194,195,Jonathan Massaquoi,0,0,0.0,0,0,0,0,0,1,0.0,0.0,0.0%,DL,2014
195,196,Mitch Unrein,0,0,0.0,0,0,0,0,0,1,0.0,0.0,0.0%,DL,2014
196,197,Kawann Short,0,0,0.0,0,0,0,0,0,1,0.0,0.0,0.0%,DL,2014
197,198,Lerentee McCray,0,0,0.0,0,0,0,0,0,1,0.0,0.0,4.0%,DL,2014
198,199,Barkevious Mingo,0,0,0.0,0,0,0,0,0,1,0.0,0.0,6.0%,DL,2014
199,200,Ishmaa'ily Kitchen,0,0,0.0,0,0,0,0,0,1,0.0,0.0,0.0%,DL,2014
200,201,Nate Chandler,0,0,0.0,0,0,0,0,0,1,0.0,0.0,0.0%,DL,2014
201,202,Damontre Moore,0,0,0.0,0,0,0,0,0,1,0.0,0.0,0.0%,DL,2014
202,203,Tank Carradine,1,0,0.0,0,0,0,0,0,1,0.0,0.0,0.0%,DL,2014
203,204,Cliff Avril,0,0,0.0,0,0,0,0,0,1,0.0,0.0,0.1%,DL,2014
204,205,Larry English,1,0,0.0,0,0,0,0,0,1,0.0,0.0,0.0%,DL,2014
205,206,Clay Matthews,9,2,1.0,0,0,0,0,0,1,0.0,0.0,0.0%,DL,2014
206,207,Ziggy Hood,0,0,0.0,0,0,0,0,0,1,0.0,0.0,0.0%,DL,2014
207,208,Paul Kruger,1,1,0.0,1,0,0,0,0,1,0.0,0.0,0.0%,DL,2014
208,209,Vance Walker,0,0,0.0,0,0,0,0,0,1,0.0,0.0,0.0%,DL,2014
209,210,Andre Fluellen,0,0,0.0,0,0,0,0,0,1,0.0,0.0,0.0%,DL,2014
210,211,Ahtyba Rubin,0,0,0.0,0,0,0,0,0,1,0.0,0.0,0.0%,DL,2014
211,212,Cameron Wake,2,0,2.0,0,0,0,0,0,1,0.0,0.0,0.0%,DL,2014
212,213,Arthur Moats,3,1,0.0,0,0,0,0,0,1,0.0,0.0,0.0%,DL,2014
213,214,Eugene Sims,0,0,0.0,0,0,0,0,0,1,0.0,0.0,0.0%,DL,2014
214,215,Dekoda Watson,2,0,0.0,0,0,0,0,0,1,0.0,0.0,0.0%,DL,2014
215,216,Junior Galette,1,0,0.0,0,0,0,0,0,1,0.0,0.0,0.0%,DL,2014
216,217,Derrick Morgan,2,1,1.0,1,0,0,0,0,1,0.0,0.0,0.0%,DL,2014
217,218,Willie Young,1,0,0.0,0,0,0,0,0,1,0.0,0.0,0.0%,DL,2014
218,219,Mike Neal,1,3,0.0,0,0,0,0,0,1,0.0,0.0,0.0%,DL,2014
219,220,Alex Carrington,0,0,0.0,0,0,0,0,0,1,0.0,0.0,0.0%,DL,2014
220,221,Corey Peters,0,0,0.0,0,0,0,0,0,1,0.0,0.0,2.0%,DL,2014
221,222,Justin Jones,0,0,0.0,0,0,0,0,0,1,0.0,0.0,2.9%,DL,2014
222,223,John Denney,0,0,0.0,0,0,0,0,0,1,0.0,0.0,0.0%,DL,2014
