,Rank,Player,Tackle,Assist,Sack,Pass Defended,Interception,Forced Fumble,Fumble Recovery,Defend Touchdown,Games Played,Fantasy Football Points,FTPS/Game,ROST,Position,Year
0,1,Mario Williams,4,1,3.5,0,0,0,0,0,1,28.3,28.3,0.0%,DL,2014
1,2,J.J. Watt,4,1,1.0,0,0,1,1,0,1,26.3,26.3,4.2%,DL,2014
2,3,Jacquies Smith,3,0,2.0,0,0,1,0,0,1,21.5,21.5,0.0%,DL,2014
3,4,Alex Okafor,3,0,2.0,0,0,0,0,0,1,17.5,17.5,0.0%,DL,2014
4,5,Ray McDonald,5,2,1.0,0,0,1,0,0,1,17.0,17.0,0.0%,DL,2014
5,6,Julius Peppers,1,1,0.0,1,1,0,0,1,1,14.8,14.8,0.1%,DL,2014
6,7,Gerald McCoy,3,2,1.5,0,0,0,0,0,1,14.5,14.5,0.0%,DL,2014
7,8,Charles Johnson,4,2,1.0,0,0,0,0,0,1,14.0,14.0,0.0%,DL,2014
8,9,Rob Ninkovich,4,1,1.0,0,0,0,0,0,1,13.3,13.3,0.0%,DL,2014
9,10,Clinton McDonald,3,1,1.0,0,0,0,0,0,1,11.8,11.8,0.0%,DL,2014
10,11,Letroy Guion,3,1,1.0,0,0,0,0,0,1,11.8,11.8,0.0%,DL,2014
11,12,Jurrell Casey,5,2,0.0,0,0,0,0,0,1,11.5,11.5,0.1%,DL,2014
12,13,Brooks Reed,2,1,1.0,0,0,0,0,0,1,10.3,10.3,0.0%,DL,2014
13,14,Dontari Poe,2,1,1.0,0,0,0,0,0,1,10.3,10.3,0.0%,DL,2014
14,15,Aaron Donald,2,1,1.0,0,0,0,0,0,1,10.3,10.3,11.7%,DL,2014
15,16,Trent Murphy,1,1,1.0,0,0,1,0,0,1,10.3,10.3,0.0%,DL,2014
16,17,Vinny Curry,1,1,1.0,0,0,1,0,0,1,10.3,10.3,0.0%,DL,2014
17,18,Sharrif Floyd,5,0,0.0,0,0,0,0,0,1,10.0,10.0,0.0%,DL,2014
18,19,Malik Jackson,5,0,0.0,0,0,0,0,0,1,10.0,10.0,0.0%,DL,2014
19,20,Bjoern Werner,6,1,0.0,0,0,0,0,0,1,9.8,9.8,0.0%,DL,2014
20,21,Domata Peko,5,3,0.0,0,0,0,0,0,1,9.8,9.8,0.0%,DL,2014
21,22,Robert Ayers,2,0,1.0,0,0,0,0,0,1,9.5,9.5,0.0%,DL,2014
22,23,Andre Fluellen,3,0,0.0,0,0,0,0,0,1,9.5,9.5,0.0%,DL,2014
23,24,Frostee Rucker,1,2,1.0,0,0,0,0,0,1,9.5,9.5,0.0%,DL,2014
24,25,Michael Johnson,2,0,1.0,0,0,0,0,0,1,9.5,9.5,0.0%,DL,2014
25,26,Antonio Smith,2,0,1.0,0,0,0,0,0,1,9.5,9.5,0.0%,DL,2014
26,27,Kyle Williams,4,1,0.0,0,0,0,0,0,1,9.3,9.3,3.7%,DL,2014
27,28,Calais Campbell,3,1,0.0,0,0,1,0,0,1,9.3,9.3,3.1%,DL,2014
28,29,Mario Addison,1,1,1.0,0,0,0,0,0,1,8.8,8.8,4.0%,DL,2014
29,30,Ryan Kerrigan,2,1,0.0,0,0,0,0,0,1,8.8,8.8,0.0%,DL,2014
30,31,Barry Cofield,1,1,1.0,0,0,0,0,0,1,8.8,8.8,0.0%,DL,2014
31,32,Jerry Hughes,3,0,0.0,0,0,1,0,0,1,8.5,8.5,1.0%,DL,2014
32,33,Carlos Dunlap,2,0,0.0,1,0,1,0,0,1,8.5,8.5,3.0%,DL,2014
33,34,Kroy Biermann,4,3,0.0,0,0,0,0,0,1,8.3,8.3,0.0%,DL,2014
34,35,Olivier Vernon,1,0,1.0,0,0,0,0,0,1,8.0,8.0,6.0%,DL,2014
35,36,Stefan Charles,1,0,1.0,0,0,0,0,0,1,8.0,8.0,0.0%,DL,2014
36,37,Earl Mitchell,1,0,1.0,0,0,0,0,0,1,8.0,8.0,0.0%,DL,2014
37,38,Mathias Kiwanuka,3,1,0.0,0,0,0,0,0,1,7.8,7.8,0.0%,DL,2014
38,39,Marvin Austin,5,0,0.0,0,0,0,0,0,1,7.5,7.5,0.0%,DL,2014
39,40,Desmond Bryant,2,6,0.0,0,0,0,0,0,1,7.5,7.5,0.0%,DL,2014
40,41,Josh Boyd,3,0,0.0,0,0,0,0,0,1,7.0,7.0,0.0%,DL,2014
41,42,Derek Wolfe,2,0,1.0,0,0,0,0,0,1,7.0,7.0,0.0%,DL,2014
42,43,Sylvester Williams,3,0,0.0,0,0,0,0,0,1,7.0,7.0,0.0%,DL,2014
43,44,Akiem Hicks,4,1,0.0,0,0,0,0,0,1,6.8,6.8,0.0%,DL,2014
44,45,Jonathan Babineaux,2,1,0.0,0,0,0,0,0,1,6.3,6.3,0.0%,DL,2014
45,46,C.J. Mosley,2,1,0.0,0,0,0,0,0,1,6.3,6.3,0.0%,DL,2014
46,47,Ezekiel Ansah,2,1,0.0,0,0,0,0,0,1,6.3,6.3,0.0%,DL,2014
47,48,Vance Walker,2,1,0.0,0,0,0,0,0,1,6.3,6.3,0.0%,DL,2014
48,49,Jarvis Jenkins,4,0,0.0,0,0,0,0,0,1,6.0,6.0,0.0%,DL,2014
49,50,Justin Houston,2,2,0.0,1,0,0,0,0,1,6.0,6.0,0.0%,DL,2014
50,51,Will Clarke,1,0,0.0,0,0,0,1,0,1,5.5,5.5,0.0%,DL,2014
51,52,Jordan Hill,1,0,0.0,0,0,0,1,0,1,5.5,5.5,0.0%,DL,2014
52,53,Datone Jones,2,0,0.0,0,0,0,0,0,1,5.5,5.5,0.0%,DL,2014
53,54,Akeem Spence,1,0,0.0,0,0,0,1,0,1,5.5,5.5,0.0%,DL,2014
54,55,Jared Odrick,1,0,0.0,1,0,0,0,0,1,5.5,5.5,0.0%,DL,2014
55,56,William Gholston,2,0,0.0,0,0,0,0,0,1,5.5,5.5,1.6%,DL,2014
56,57,Jaye Howard,1,2,0.0,0,0,0,0,0,1,5.5,5.5,0.0%,DL,2014
57,58,Ndamukong Suh,1,0,0.0,1,0,0,0,0,1,5.5,5.5,0.0%,DL,2014
58,59,Connor Barwin,2,0,0.0,0,0,0,0,0,1,5.5,5.5,0.0%,DL,2014
59,60,Jadeveon Clowney,2,0,0.0,0,0,0,0,0,1,5.5,5.5,22.5%,DL,2014
60,61,Wallace Gilberry,1,2,0.0,0,0,0,0,0,1,5.5,5.5,0.0%,DL,2014
61,62,Fletcher Cox,3,1,0.0,0,0,0,0,0,1,5.3,5.3,1.1%,DL,2014
62,63,Cameron Jordan,3,1,0.0,0,0,0,0,0,1,5.3,5.3,6.1%,DL,2014
63,64,Dwan Edwards,2,3,0.0,0,0,0,0,0,1,5.3,5.3,0.0%,DL,2014
64,65,Tony Jerod-Eddie,1,1,0.0,0,0,0,0,0,1,4.8,4.8,0.0%,DL,2014
65,66,Denico Autry,1,1,0.0,0,0,0,0,0,1,4.8,4.8,10.1%,DL,2014
66,67,Linval Joseph,3,0,0.0,0,0,0,0,0,1,4.5,4.5,0.0%,DL,2014
67,68,Kamerion Wimbley,1,4,0.0,0,0,0,0,0,1,4.5,4.5,0.0%,DL,2014
68,69,Justin Smith,2,2,0.0,0,0,0,0,0,1,4.5,4.5,0.0%,DL,2014
69,70,Frank Kearse,3,0,0.0,0,0,0,0,0,1,4.5,4.5,0.0%,DL,2014
70,71,Derrick Shelby,3,0,0.0,0,0,0,0,0,1,4.5,4.5,0.0%,DL,2014
71,72,Brett Keisel,0,2,0.0,2,0,0,0,0,1,4.5,4.5,0.0%,DL,2014
72,73,Everson Griffen,2,0,0.0,1,0,0,0,0,1,4.5,4.5,2.0%,DL,2014
73,74,Pat Sims,2,2,0.0,0,0,0,0,0,1,4.5,4.5,0.0%,DL,2014
74,75,Ryan Carrethers,3,0,0.0,0,0,0,0,0,1,4.5,4.5,0.0%,DL,2014
75,76,Quinton Dial,2,2,0.0,0,0,0,0,0,1,4.5,4.5,0.0%,DL,2014
76,77,Melvin Ingram,2,2,0.0,0,0,0,0,0,1,4.5,4.5,0.0%,DL,2014
77,78,John Jenkins,3,0,0.0,0,0,0,0,0,1,4.5,4.5,1.7%,DL,2014
78,79,Dominique Easley,1,0,0.0,0,0,0,0,0,1,4.0,4.0,0.0%,DL,2014
79,80,Justin Tuck,1,0,0.0,0,0,0,0,0,1,4.0,4.0,0.0%,DL,2014
80,81,Bennie Logan,1,0,0.0,0,0,0,0,0,1,4.0,4.0,0.0%,DL,2014
81,82,Beau Allen,2,1,0.0,0,0,0,0,0,1,3.8,3.8,0.0%,DL,2014
82,83,Mike Patterson,2,1,0.0,0,0,0,0,0,1,3.8,3.8,0.0%,DL,2014
83,84,Ricardo Mathews,2,1,0.0,0,0,0,0,0,1,3.8,3.8,0.0%,DL,2014
84,85,Brandon Bair,2,1,0.0,0,0,0,0,0,1,3.8,3.8,0.0%,DL,2014
85,86,Kevin Vickerson,2,1,0.0,0,0,0,0,0,1,3.8,3.8,0.0%,DL,2014
86,87,Alan Branch,2,1,0.0,0,0,0,0,0,1,3.8,3.8,0.0%,DL,2014
87,88,Jabaal Sheard,2,1,0.0,0,0,0,0,0,1,3.8,3.8,0.0%,DL,2014
88,89,Brodrick Bunkley,2,1,0.0,0,0,0,0,0,1,3.8,3.8,0.0%,DL,2014
89,90,Kawann Short,0,4,0.0,0,0,0,0,0,1,3.0,3.0,0.0%,DL,2014
90,91,Jared Crick,1,0,0.0,1,0,0,0,0,1,3.0,3.0,0.0%,DL,2014
91,92,Cedric Thornton,1,0,0.0,1,0,0,0,0,1,3.0,3.0,0.0%,DL,2014
92,93,Allen Bailey,2,0,0.0,0,0,0,0,0,1,3.0,3.0,0.0%,DL,2014
93,94,Devin Taylor,2,0,0.0,0,0,0,0,0,1,3.0,3.0,0.0%,DL,2014
94,95,William Hayes,2,0,0.0,0,0,0,0,0,1,3.0,3.0,2.0%,DL,2014
95,96,Eugene Sims,2,0,0.0,0,0,0,0,0,1,3.0,3.0,0.0%,DL,2014
96,97,Robert Geathers,0,2,0.0,1,0,0,0,0,1,3.0,3.0,0.0%,DL,2014
97,98,Billy Winn,1,2,0.0,0,0,0,0,0,1,3.0,3.0,1.0%,DL,2014
98,99,Ropati Pitoitua,1,2,0.0,0,0,0,0,0,1,3.0,3.0,0.0%,DL,2014
99,100,C.J. Wilson,2,0,0.0,0,0,0,0,0,1,3.0,3.0,0.0%,DL,2014
100,101,Tony McDaniel,2,0,0.0,0,0,0,0,0,1,3.0,3.0,0.0%,DL,2014
101,102,Corey Wootton,2,0,0.0,0,0,0,0,0,1,3.0,3.0,0.0%,DL,2014
102,103,Ryan Pickett,2,0,0.0,0,0,0,0,0,1,3.0,3.0,0.0%,DL,2014
103,104,Karl Klug,1,2,0.0,0,0,0,0,0,1,3.0,3.0,0.0%,DL,2014
104,105,T.J. Fatinikun,0,1,0.5,0,0,0,0,0,1,2.8,2.8,0.0%,DL,2014
105,106,Corbin Bryant,0,1,0.5,0,0,0,0,0,1,2.8,2.8,0.0%,DL,2014
106,107,Randy Starks,1,1,0.0,0,0,0,0,0,1,2.3,2.3,0.0%,DL,2014
107,108,Brandon Graham,1,1,0.0,0,0,0,0,0,1,2.3,2.3,2.2%,DL,2014
108,109,Ishmaa'ily Kitchen,1,1,0.0,0,0,0,0,0,1,2.3,2.3,0.0%,DL,2014
109,110,Tommy Kelly,1,1,0.0,0,0,0,0,0,1,2.3,2.3,0.0%,DL,2014
110,111,Geno Atkins,1,1,0.0,0,0,0,0,0,1,2.3,2.3,0.0%,DL,2014
111,112,Terrance Knighton,1,1,0.0,0,0,0,0,0,1,2.3,2.3,0.0%,DL,2014
112,113,Markus Kuhn,1,1,0.0,0,0,0,0,0,1,2.3,2.3,0.0%,DL,2014
113,114,Marcell Dareus,1,1,0.0,0,0,0,0,0,1,2.3,2.3,0.0%,DL,2014
114,115,Cameron Heyward,1,1,0.0,0,0,0,0,0,1,2.3,2.3,23.1%,DL,2014
115,116,Paul Soliai,0,3,0.0,0,0,0,0,0,1,2.3,2.3,0.0%,DL,2014
116,117,Brandon Thompson,1,1,0.0,0,0,0,0,0,1,2.3,2.3,0.0%,DL,2014
117,118,Montori Hughes,1,1,0.0,0,0,0,0,0,1,2.3,2.3,0.0%,DL,2014
118,119,Ra'Shede Hageman,1,1,0.0,0,0,0,0,0,1,2.3,2.3,0.0%,DL,2014
119,120,Darryl Tapp,1,0,0.0,0,0,0,0,0,1,1.5,1.5,0.0%,DL,2014
120,121,Jason Hatcher,1,0,0.0,0,0,0,0,0,1,1.5,1.5,0.0%,DL,2014
121,122,Tom Johnson,1,0,0.0,0,0,0,0,0,1,1.5,1.5,0.0%,DL,2014
122,123,Demarcus Dobbs,1,0,0.0,0,0,0,0,0,1,1.5,1.5,0.0%,DL,2014
123,124,Marcus Benard,1,0,0.0,0,0,0,0,0,1,1.5,1.5,0.0%,DL,2014
124,125,Jonathan Massaquoi,1,0,0.0,0,0,0,0,0,1,1.5,1.5,0.0%,DL,2014
125,126,Dan Williams,1,0,0.0,0,0,0,0,0,1,1.5,1.5,0.0%,DL,2014
126,127,Zach Kerr,0,2,0.0,0,0,0,0,0,1,1.5,1.5,0.0%,DL,2014
127,128,Corey Liuget,1,0,0.0,0,0,0,0,0,1,1.5,1.5,0.0%,DL,2014
128,129,Josh Chapman,1,0,0.0,0,0,0,0,0,1,1.5,1.5,0.0%,DL,2014
129,130,Mike Daniels,1,0,0.0,0,0,0,0,0,1,1.5,1.5,0.0%,DL,2014
130,131,Jason Pierre-Paul,1,0,0.0,0,0,0,0,0,1,1.5,1.5,0.0%,DL,2014
131,132,Mike Martin,1,0,0.0,0,0,0,0,0,1,1.5,1.5,0.0%,DL,2014
132,133,Cliff Avril,1,0,0.0,0,0,0,0,0,1,1.5,1.5,0.1%,DL,2014
133,134,Bruce Irvin,1,0,0.0,0,0,0,0,0,1,1.5,1.5,0.2%,DL,2014
134,135,Michael Brockers,1,0,0.0,0,0,0,0,0,1,1.5,1.5,0.0%,DL,2014
135,136,Jay Ratliff,1,0,0.0,0,0,0,0,0,1,1.5,1.5,0.0%,DL,2014
136,137,Benson Mayowa,1,0,0.0,0,0,0,0,0,1,1.5,1.5,0.0%,DL,2014
137,138,Johnathan Hankins,0,2,0.0,0,0,0,0,0,1,1.5,1.5,0.0%,DL,2014
138,139,Dion Jordan,1,0,0.0,0,0,0,0,0,1,1.5,1.5,0.0%,DL,2014
139,140,Shamar Stephen,1,0,0.0,0,0,0,0,0,1,1.5,1.5,0.0%,DL,2014
140,141,Corey Peters,1,0,0.0,0,0,0,0,0,1,1.5,1.5,2.0%,DL,2014
141,142,Vince Wilfork,1,0,0.0,0,0,0,0,0,1,1.5,1.5,0.0%,DL,2014
142,143,Kevin Williams,1,0,0.0,0,0,0,0,0,1,1.5,1.5,0.1%,DL,2014
143,144,Justin Ellis,1,0,0.0,0,0,0,0,0,1,1.5,1.5,2.0%,DL,2014
144,145,Jeoffrey Pagan,1,0,0.0,0,0,0,0,0,1,1.5,1.5,0.0%,DL,2014
145,146,Osi Umenyiora,0,1,0.0,0,0,0,0,0,1,0.8,0.8,0.0%,DL,2014
146,147,Jerrell Powe,0,1,0.0,0,0,0,0,0,1,0.8,0.8,0.0%,DL,2014
147,148,Kony Ealy,0,1,0.0,0,0,0,0,0,1,0.8,0.8,0.0%,DL,2014
148,149,Wes Horton,0,1,0.0,0,0,0,0,0,1,0.8,0.8,0.0%,DL,2014
149,150,Malliciah Goodman,0,1,0.0,0,0,0,0,0,1,0.8,0.8,0.0%,DL,2014
150,151,Stacy McGee,0,1,0.0,0,0,0,0,0,1,0.8,0.8,0.0%,DL,2014
151,152,Tyson Jackson,0,1,0.0,0,0,0,0,0,1,0.8,0.8,0.0%,DL,2014
152,153,Tyrunn Walker,0,1,0.0,0,0,0,0,0,1,0.8,0.8,0.0%,DL,2014
153,154,Will Sutton,0,1,0.0,0,0,0,0,0,1,0.8,0.8,0.0%,DL,2014
154,155,Kendall Reyes,0,1,0.0,0,0,0,0,0,1,0.8,0.8,0.0%,DL,2014
155,156,Ahtyba Rubin,0,1,0.0,0,0,0,0,0,1,0.8,0.8,0.0%,DL,2014
156,157,Ethan Westbrooks,0,1,0.0,0,0,0,0,0,1,0.8,0.8,0.0%,DL,2014
157,158,Sammie Lee,0,0,0.0,0,0,0,0,0,1,0.0,0.0,0.0%,DL,2014
158,159,Corey Washington,0,0,0.0,0,0,0,0,0,1,0.0,0.0,0.0%,DL,2014
159,160,George Johnson,0,0,0.0,0,0,0,0,0,1,0.0,0.0,0.0%,DL,2014
160,161,Mike Pennel,0,0,0.0,0,0,0,0,0,1,0.0,0.0,0.4%,DL,2014
161,162,Tenny Palepoi,0,0,0.0,0,0,0,0,0,1,0.0,0.0,0.0%,DL,2014
162,163,Josh Martin,0,0,0.0,0,0,0,0,0,1,0.0,0.0,0.0%,DL,2014
163,164,Kareem Martin,0,0,0.0,0,0,0,0,0,1,0.0,0.0,0.0%,DL,2014
164,165,Caraun Reid,0,0,0.0,0,0,0,0,0,1,0.0,0.0,0.0%,DL,2014
165,166,Jonathan Newsome,0,0,0.0,0,0,0,0,0,1,0.0,0.0,0.0%,DL,2014
166,167,Devon Kennard,7,2,0.0,0,0,0,0,0,1,0.0,0.0,0.0%,DL,2014
167,168,Zach Moore,0,0,0.0,0,0,0,0,0,1,0.0,0.0,0.0%,DL,2014
168,169,Jeremiah Attaochu,2,0,1.0,0,0,0,0,0,1,0.0,0.0,0.0%,DL,2014
169,170,Stephon Tuitt,0,0,0.0,0,0,0,0,0,1,0.0,0.0,0.1%,DL,2014
170,171,Dee Ford,0,0,0.0,0,0,0,0,0,1,0.0,0.0,0.0%,DL,2014
171,172,Kyle Van,1,0,0.0,0,0,0,0,0,1,0.0,0.0,8.2%,DL,2014
172,173,Aaron Lynch,2,0,1.0,0,0,0,0,0,1,0.0,0.0,0.0%,DL,2014
173,174,Ego Ferguson,0,0,0.0,0,0,0,0,0,1,0.0,0.0,0.0%,DL,2014
174,175,Daniel McCullers,0,0,0.0,0,0,0,0,0,1,0.0,0.0,0.0%,DL,2014
175,176,Khalil Mack,4,1,1.0,0,0,0,0,0,1,0.0,0.0,52.8%,DL,2014
176,177,Kasim Edebali,1,1,0.0,0,0,0,0,0,1,0.0,0.0,0.0%,DL,2014
177,178,Tamba Hali,7,0,1.0,0,0,0,0,0,1,0.0,0.0,2.0%,DL,2014
178,179,Parys Haralson,4,0,1.0,0,0,0,0,0,1,0.0,0.0,0.0%,DL,2014
179,180,Kedric Golston,0,0,0.0,0,0,0,0,0,1,0.0,0.0,0.0%,DL,2014
180,181,Jared Allen,6,0,1.0,0,0,0,0,0,1,0.0,0.0,0.0%,DL,2014
181,182,Ahmad Brooks,0,0,0.0,0,0,0,0,0,1,0.0,0.0,0.0%,DL,2014
182,183,Brian Robison,0,0,0.0,0,0,0,0,0,1,0.0,0.0,0.0%,DL,2014
183,184,Aldon Smith,0,0,0.0,0,0,0,0,0,1,0.0,0.0,0.0%,DL,2014
184,185,Von Miller,5,0,1.0,0,0,0,0,0,1,0.0,0.0,2.5%,DL,2014
185,186,Robert Quinn,0,0,0.0,3,0,0,0,0,1,0.0,0.0,1.2%,DL,2014
186,187,Stephen Paea,0,0,0.0,0,0,0,0,0,1,0.0,0.0,0.0%,DL,2014
187,188,Sione Fua,0,0,0.0,0,0,0,0,0,1,0.0,0.0,0.0%,DL,2014
188,189,Colin Cole,0,0,0.0,0,0,0,0,0,1,0.0,0.0,0.0%,DL,2014
189,190,Cory Redding,0,0,0.0,0,0,0,0,0,1,0.0,0.0,0.0%,DL,2014
190,191,Dwight Freeney,0,0,0.0,1,0,0,0,0,1,0.0,0.0,0.0%,DL,2014
191,192,Alameda Ta'amu,0,0,0.0,0,0,0,0,0,1,0.0,0.0,0.0%,DL,2014
192,193,Tim Jamison,0,0,0.0,0,0,0,0,0,1,0.0,0.0,0.0%,DL,2014
193,194,Will Tukuafu,0,1,0.0,0,0,0,0,0,1,0.0,0.0,0.0%,DL,2014
194,195,Whitney Mercilus,1,1,0.0,0,0,0,0,0,1,0.0,0.0,0.2%,DL,2014
195,196,Nate Chandler,0,0,0.0,0,0,0,0,0,1,0.0,0.0,0.0%,DL,2014
196,197,Tourek Williams,0,0,0.0,0,0,0,0,0,1,0.0,0.0,0.0%,DL,2014
197,198,Cornelius Washington,0,0,0.0,0,0,0,0,0,1,0.0,0.0,0.0%,DL,2014
198,199,Chris Jones,0,0,0.0,0,0,0,0,0,1,0.0,0.0,0.0%,DL,2014
199,200,Lerentee McCray,0,0,0.0,0,0,0,0,0,1,0.0,0.0,4.0%,DL,2014
200,201,Quanterus Smith,0,0,0.0,0,0,0,0,0,1,0.0,0.0,0.0%,DL,2014
201,202,Barkevious Mingo,3,3,0.0,0,0,0,0,0,1,0.0,0.0,6.0%,DL,2014
202,203,Chris Baker,0,0,0.0,0,0,0,0,0,1,0.0,0.0,0.0%,DL,2014
203,204,Damontre Moore,0,0,0.0,0,0,0,0,0,1,0.0,0.0,0.0%,DL,2014
204,205,Tank Carradine,2,0,0.0,0,0,0,0,0,1,0.0,0.0,0.0%,DL,2014
205,206,John Simon,0,0,0.0,0,0,0,0,0,1,0.0,0.0,0.0%,DL,2014
206,207,Margus Hunt,0,0,0.0,0,0,0,0,0,1,0.0,0.0,0.0%,DL,2014
207,208,Stansly Maponga,0,0,0.0,0,0,0,0,0,1,0.0,0.0,1.0%,DL,2014
208,209,Paul Kruger,1,4,0.0,1,0,0,0,0,1,0.0,0.0,0.0%,DL,2014
209,210,Ricky Jean-Francois,0,0,0.0,0,0,0,0,0,1,0.0,0.0,0.0%,DL,2014
210,211,Clay Matthews,4,1,1.0,1,0,0,0,0,1,0.0,0.0,0.0%,DL,2014
211,212,Larry English,3,0,0.0,0,0,0,0,0,1,0.0,0.0,0.0%,DL,2014
212,213,Jason Jones,0,0,0.0,0,0,0,0,0,1,0.0,0.0,0.0%,DL,2014
213,214,Kendall Langford,0,0,0.0,0,0,0,0,0,1,0.0,0.0,0.0%,DL,2014
214,215,Cameron Wake,1,1,0.0,0,0,0,0,0,1,0.0,0.0,0.0%,DL,2014
215,216,Everette Brown,0,0,0.0,0,0,0,0,0,1,0.0,0.0,0.0%,DL,2014
216,217,Mitch Unrein,0,0,0.0,0,0,0,0,0,1,0.0,0.0,0.0%,DL,2014
217,218,Brandon Deaderick,0,0,0.0,0,0,0,0,0,1,0.0,0.0,0.0%,DL,2014
218,219,Arthur Moats,0,0,0.0,0,0,0,0,0,1,0.0,0.0,0.0%,DL,2014
219,220,Junior Galette,0,2,0.0,0,0,1,0,0,1,0.0,0.0,0.0%,DL,2014
220,221,Cam Thomas,0,0,0.0,0,0,0,0,0,1,0.0,0.0,0.0%,DL,2014
221,222,Michael Bennett,0,0,0.0,0,0,0,0,0,1,0.0,0.0,0.0%,DL,2014
222,223,Derrick Morgan,1,4,0.5,0,0,0,0,0,1,0.0,0.0,0.0%,DL,2014
223,224,Willie Young,1,0,1.0,0,0,0,0,0,1,0.0,0.0,0.0%,DL,2014
224,225,Mike Neal,2,0,1.0,0,0,0,0,0,1,0.0,0.0,0.0%,DL,2014
225,226,Al Woods,0,0,0.0,0,0,0,0,0,1,0.0,0.0,0.0%,DL,2014
226,227,Justin Jones,0,0,0.0,0,0,0,0,0,1,0.0,0.0,2.9%,DL,2014
227,228,John Denney,0,0,0.0,0,0,0,0,0,1,0.0,0.0,0.0%,DL,2014
