,Rank,Player,Tackle,Assist,Sack,Pass Defended,Interception,Forced Fumble,Fumble Recovery,Defend Touchdown,Games Played,Fantasy Football Points,FTPS/Game,ROST,Position,Year
0,1,J.J. Watt,7,1,1.0,0,0,0,0,0,1,22.8,22.8,4.2%,DL,2014
1,2,Kerry Wynn,3,0,1.0,1,1,0,1,0,1,21.5,21.5,0.0%,DL,2014
2,3,Ryan Kerrigan,6,0,1.0,0,0,1,1,0,1,21.0,21.0,0.0%,DL,2014
3,4,Corey Liuget,2,0,0.0,0,0,0,2,1,1,19.5,19.5,0.0%,DL,2014
4,5,Ndamukong Suh,4,0,2.0,0,0,0,0,0,1,19.0,19.0,0.0%,DL,2014
5,6,Alex Okafor,4,2,1.0,1,0,0,0,0,1,18.0,18.0,0.0%,DL,2014
6,7,Julius Peppers,2,0,2.0,0,0,1,0,0,1,17.5,17.5,0.1%,DL,2014
7,8,Jared Crick,3,2,1.0,1,0,0,0,0,1,16.5,16.5,0.0%,DL,2014
8,9,Sealver Siliga,4,4,1.0,0,0,0,0,0,1,15.5,15.5,0.0%,DL,2014
9,10,Quinton Dial,5,2,1.0,0,0,0,0,0,1,15.5,15.5,0.0%,DL,2014
10,11,Justin Tuck,4,0,1.0,0,0,0,0,0,1,15.0,15.0,0.0%,DL,2014
11,12,Stephon Tuitt,3,0,1.0,0,0,1,0,0,1,15.0,15.0,0.1%,DL,2014
12,13,Arthur Jones,4,3,1.0,0,0,0,0,0,1,14.8,14.8,0.0%,DL,2014
13,14,Kawann Short,3,0,1.0,0,0,0,0,0,1,13.5,13.5,0.0%,DL,2014
14,15,Cameron Heyward,2,2,1.5,0,0,0,0,0,1,13.0,13.0,23.1%,DL,2014
15,16,Justin Houston,4,0,1.0,0,0,0,0,0,1,12.5,12.5,0.0%,DL,2014
16,17,Jason Pierre-Paul,4,0,1.0,0,0,0,0,0,1,12.5,12.5,0.0%,DL,2014
17,18,Abry Jones,3,2,1.0,0,0,0,0,0,1,12.5,12.5,0.0%,DL,2014
18,19,Clinton McDonald,5,1,0.0,0,0,0,1,0,1,12.3,12.3,0.0%,DL,2014
19,20,Mario Williams,3,1,0.5,0,0,0,0,0,1,12.3,12.3,0.0%,DL,2014
20,21,Corey Peters,2,0,1.0,0,0,0,0,0,1,12.0,12.0,2.0%,DL,2014
21,22,Fletcher Cox,3,0,1.0,0,0,0,0,0,1,11.0,11.0,1.1%,DL,2014
22,23,Charles Johnson,2,0,1.0,1,0,0,0,0,1,11.0,11.0,0.0%,DL,2014
23,24,Michael Johnson,1,2,1.0,0,0,1,0,0,1,11.0,11.0,0.0%,DL,2014
24,25,Bjoern Werner,3,0,0.0,1,0,0,0,0,1,11.0,11.0,0.0%,DL,2014
25,26,Carlos Dunlap,2,2,1.0,0,0,0,0,0,1,11.0,11.0,3.0%,DL,2014
26,27,Kroy Biermann,1,2,1.0,0,0,1,0,0,1,11.0,11.0,0.0%,DL,2014
27,28,Sen'Derrick Marks,3,0,1.0,0,0,0,0,0,1,11.0,11.0,0.0%,DL,2014
28,29,Michael Bennett,2,2,1.0,0,0,0,0,0,1,11.0,11.0,0.0%,DL,2014
29,30,Ra'Shede Hageman,2,1,1.0,0,0,0,0,0,1,10.3,10.3,0.0%,DL,2014
30,31,Quinton Coples,5,1,0.5,0,0,0,0,0,1,10.3,10.3,0.0%,DL,2014
31,32,Jordan Hill,2,1,1.0,0,0,0,0,0,1,10.3,10.3,0.0%,DL,2014
32,33,Randy Starks,2,1,1.0,0,0,0,0,0,1,10.3,10.3,0.0%,DL,2014
33,34,Osi Umenyiora,0,0,0.0,0,0,0,1,1,1,10.0,10.0,0.0%,DL,2014
34,35,John Jenkins,4,2,0.0,0,0,0,0,0,1,10.0,10.0,1.7%,DL,2014
35,36,Vince Wilfork,4,5,0.0,0,0,0,0,0,1,9.8,9.8,0.0%,DL,2014
36,37,Kyle Williams,3,1,0.5,0,0,0,0,0,1,9.8,9.8,3.7%,DL,2014
37,38,Derrick Shelby,2,0,0.0,1,1,0,0,0,1,9.5,9.5,0.0%,DL,2014
38,39,Antonio Smith,2,0,0.0,0,0,1,0,0,1,9.5,9.5,0.0%,DL,2014
39,40,Dion Jordan,2,0,1.0,0,0,0,0,0,1,9.5,9.5,0.0%,DL,2014
40,41,Jay Ratliff,2,0,1.0,0,0,0,0,0,1,9.5,9.5,0.0%,DL,2014
41,42,Chris Smith,2,0,1.0,0,0,0,0,0,1,9.5,9.5,0.0%,DL,2014
42,43,Datone Jones,0,1,0.5,1,1,0,0,0,1,9.3,9.3,0.0%,DL,2014
43,44,Jonathan Babineaux,1,1,1.0,0,0,0,0,0,1,8.8,8.8,0.0%,DL,2014
44,45,Jackson Jeffcoat,1,1,1.0,0,0,0,0,0,1,8.8,8.8,0.0%,DL,2014
45,46,Ryan Davis,1,1,1.0,0,0,0,0,0,1,8.8,8.8,0.0%,DL,2014
46,47,Sammie Lee,2,0,1.0,1,0,0,0,0,1,8.5,8.5,0.0%,DL,2014
47,48,Stephen Paea,3,0,0.0,0,0,1,0,0,1,8.5,8.5,0.0%,DL,2014
48,49,Mike Daniels,2,1,0.5,0,0,0,0,0,1,8.3,8.3,0.0%,DL,2014
49,50,Tom Johnson,1,0,1.0,0,0,0,0,0,1,8.0,8.0,0.0%,DL,2014
50,51,David King,1,0,1.0,0,0,0,0,0,1,8.0,8.0,0.0%,DL,2014
51,52,Kony Ealy,1,0,1.0,0,0,0,0,0,1,8.0,8.0,0.0%,DL,2014
52,53,Sean Lissemore,2,1,0.0,0,0,0,1,0,1,7.8,7.8,0.0%,DL,2014
53,54,Brooks Reed,3,1,0.0,0,0,0,0,0,1,7.8,7.8,0.0%,DL,2014
54,55,Da'Quan Bowers,3,1,0.0,0,0,0,0,0,1,7.8,7.8,0.0%,DL,2014
55,56,Ricardo Mathews,0,2,0.5,0,0,1,0,0,1,7.5,7.5,0.0%,DL,2014
56,57,Malik Jackson,5,0,0.0,0,0,0,0,0,1,7.5,7.5,0.0%,DL,2014
57,58,Billy Winn,0,1,0.0,1,1,0,0,0,1,7.3,7.3,1.0%,DL,2014
58,59,Sharrif Floyd,3,0,0.0,0,0,0,0,0,1,7.0,7.0,0.0%,DL,2014
59,60,Justin Smith,3,0,0.0,0,0,0,0,0,1,7.0,7.0,0.0%,DL,2014
60,61,Wallace Gilberry,2,0,0.0,1,0,0,0,0,1,7.0,7.0,0.0%,DL,2014
61,62,Terrance Knighton,3,0,0.0,0,0,0,0,0,1,7.0,7.0,0.0%,DL,2014
62,63,Tony Jerod-Eddie,2,1,0.0,0,0,0,0,0,1,6.3,6.3,0.0%,DL,2014
63,64,Brandon Graham,2,4,0.0,0,0,0,0,0,1,6.0,6.0,2.2%,DL,2014
64,65,Sheldon Richardson,2,1,0.5,0,0,0,0,0,1,5.8,5.8,1.0%,DL,2014
65,66,Dan Williams,1,2,0.0,0,0,0,0,0,1,5.5,5.5,0.0%,DL,2014
66,67,Colin Cole,2,0,0.0,0,0,0,0,0,1,5.5,5.5,0.0%,DL,2014
67,68,Domata Peko,2,0,0.0,0,0,0,0,0,1,5.5,5.5,0.0%,DL,2014
68,69,Jeremy Mincey,2,0,0.0,0,0,0,0,0,1,5.5,5.5,0.0%,DL,2014
69,70,Rob Ninkovich,2,3,0.0,0,0,0,0,0,1,5.3,5.3,0.0%,DL,2014
70,71,Sione Fua,3,1,0.0,0,0,0,0,0,1,5.3,5.3,0.0%,DL,2014
71,72,Linval Joseph,3,1,0.0,0,0,0,0,0,1,5.3,5.3,0.0%,DL,2014
72,73,Muhammad Wilkerson,0,2,0.5,1,0,0,0,0,1,5.0,5.0,0.0%,DL,2014
73,74,Corbin Bryant,1,1,0.0,0,0,0,0,0,1,4.8,4.8,0.0%,DL,2014
74,75,Jared Odrick,3,0,0.0,0,0,0,0,0,1,4.5,4.5,0.0%,DL,2014
75,76,Melvin Ingram,3,0,0.0,0,0,0,0,0,1,4.5,4.5,0.0%,DL,2014
76,77,Connor Barwin,2,2,0.0,0,0,0,0,0,1,4.5,4.5,0.0%,DL,2014
77,78,Cedric Thornton,2,2,0.0,0,0,0,0,0,1,4.5,4.5,0.0%,DL,2014
78,79,Tim Jernigan,2,2,0.0,0,0,0,0,0,1,4.5,4.5,0.0%,DL,2014
79,80,Akeem Spence,3,0,0.0,0,0,0,0,0,1,4.5,4.5,0.0%,DL,2014
80,81,Bennie Logan,3,0,0.0,0,0,0,0,0,1,4.5,4.5,0.0%,DL,2014
81,82,Sylvester Williams,1,0,0.0,0,0,0,0,0,1,4.0,4.0,0.0%,DL,2014
82,83,Karl Klug,1,0,0.0,0,0,0,0,0,1,4.0,4.0,0.0%,DL,2014
83,84,George Selvie,0,0,0.0,0,0,0,1,0,1,4.0,4.0,0.0%,DL,2014
84,85,Josh Chapman,1,0,0.0,0,0,0,0,0,1,4.0,4.0,0.0%,DL,2014
85,86,Tyrone Crawford,1,0,0.0,0,0,0,0,0,1,4.0,4.0,0.0%,DL,2014
86,87,Kevin Williams,1,0,0.0,0,0,0,0,0,1,4.0,4.0,0.1%,DL,2014
87,88,Frostee Rucker,1,0,0.0,0,0,0,0,0,1,4.0,4.0,0.0%,DL,2014
88,89,Michael Brockers,2,1,0.0,0,0,0,0,0,1,3.8,3.8,0.0%,DL,2014
89,90,Stefan Charles,1,3,0.0,0,0,0,0,0,1,3.8,3.8,0.0%,DL,2014
90,91,Ishmaa'ily Kitchen,0,5,0.0,0,0,0,0,0,1,3.8,3.8,0.0%,DL,2014
91,92,Kevin Vickerson,2,1,0.0,0,0,0,0,0,1,3.8,3.8,0.0%,DL,2014
92,93,Ricky Lumpkin,2,1,0.0,0,0,0,0,0,1,3.8,3.8,0.0%,DL,2014
93,94,Tommy Kelly,1,3,0.0,0,0,0,0,0,1,3.8,3.8,0.0%,DL,2014
94,95,Jurrell Casey,2,1,0.0,0,0,0,0,0,1,3.8,3.8,0.1%,DL,2014
95,96,Allen Bailey,1,0,0.0,1,0,0,0,0,1,3.0,3.0,0.0%,DL,2014
96,97,Jabaal Sheard,2,0,0.0,0,0,0,0,0,1,3.0,3.0,0.0%,DL,2014
97,98,Akiem Hicks,1,2,0.0,0,0,0,0,0,1,3.0,3.0,0.0%,DL,2014
98,99,Dwan Edwards,2,0,0.0,0,0,0,0,0,1,3.0,3.0,0.0%,DL,2014
99,100,Dontari Poe,1,2,0.0,0,0,0,0,0,1,3.0,3.0,0.0%,DL,2014
100,101,Stephen Bowen,2,0,0.0,0,0,0,0,0,1,3.0,3.0,0.0%,DL,2014
101,102,Alan Branch,2,0,0.0,0,0,0,0,0,1,3.0,3.0,0.0%,DL,2014
102,103,Brandon Dunn,1,0,0.0,1,0,0,0,0,1,3.0,3.0,0.0%,DL,2014
103,104,Jason Jones,2,0,0.0,0,0,0,0,0,1,3.0,3.0,0.0%,DL,2014
104,105,Brian Robison,2,0,0.0,0,0,0,0,0,1,3.0,3.0,0.0%,DL,2014
105,106,Damon Harrison,2,0,0.0,0,0,0,0,0,1,3.0,3.0,0.0%,DL,2014
106,107,Derek Wolfe,2,0,0.0,0,0,0,0,0,1,3.0,3.0,0.0%,DL,2014
107,108,Ezekiel Ansah,2,0,0.0,0,0,0,0,0,1,3.0,3.0,0.0%,DL,2014
108,109,Chris Canty,1,2,0.0,0,0,0,0,0,1,3.0,3.0,0.0%,DL,2014
109,110,Cliff Avril,1,0,0.0,1,0,0,0,0,1,3.0,3.0,0.1%,DL,2014
110,111,Ricky Jean-Francois,2,0,0.0,0,0,0,0,0,1,3.0,3.0,0.0%,DL,2014
111,112,Bruce Irvin,1,1,0.0,0,0,0,0,0,1,2.3,2.3,0.2%,DL,2014
112,113,Vance Walker,1,1,0.0,0,0,0,0,0,1,2.3,2.3,0.0%,DL,2014
113,114,Darryl Tapp,1,1,0.0,0,0,0,0,0,1,2.3,2.3,0.0%,DL,2014
114,115,Kendall Reyes,1,1,0.0,0,0,0,0,0,1,2.3,2.3,0.0%,DL,2014
115,116,Jerry Hughes,1,1,0.0,0,0,0,0,0,1,2.3,2.3,1.0%,DL,2014
116,117,Henry Melton,1,1,0.0,0,0,0,0,0,1,2.3,2.3,0.0%,DL,2014
117,118,Cliff Matthews,1,1,0.0,0,0,0,0,0,1,2.3,2.3,0.0%,DL,2014
118,119,Brandon Williams,1,1,0.0,0,0,0,0,0,1,2.3,2.3,0.2%,DL,2014
119,120,Ziggy Hood,1,1,0.0,0,0,0,0,0,1,2.3,2.3,0.0%,DL,2014
120,121,Desmond Bryant,1,1,0.0,0,0,0,0,0,1,2.3,2.3,0.0%,DL,2014
121,122,Jaye Howard,1,1,0.0,0,0,0,0,0,1,2.3,2.3,0.0%,DL,2014
122,123,Chris Baker,1,1,0.0,0,0,0,0,0,1,2.3,2.3,0.0%,DL,2014
123,124,Eugene Sims,1,1,0.0,0,0,0,0,0,1,2.3,2.3,0.0%,DL,2014
124,125,Jonathan Newsome,1,1,0.0,0,0,0,0,0,1,2.3,2.3,0.0%,DL,2014
125,126,Corey Wootton,1,0,0.0,0,0,0,0,0,1,1.5,1.5,0.0%,DL,2014
126,127,Marcell Dareus,1,0,0.0,0,0,0,0,0,1,1.5,1.5,0.0%,DL,2014
127,128,Aldon Smith,1,0,0.0,0,0,0,0,0,1,1.5,1.5,0.0%,DL,2014
128,129,Kamerion Wimbley,1,0,0.0,0,0,0,0,0,1,1.5,1.5,0.0%,DL,2014
129,130,Kendall Langford,1,0,0.0,0,0,0,0,0,1,1.5,1.5,0.0%,DL,2014
130,131,Denico Autry,1,0,0.0,0,0,0,0,0,1,1.5,1.5,10.1%,DL,2014
131,132,Barry Cofield,1,0,0.0,0,0,0,0,0,1,1.5,1.5,0.0%,DL,2014
132,133,Kedric Golston,1,0,0.0,0,0,0,0,0,1,1.5,1.5,0.0%,DL,2014
133,134,Aaron Donald,1,0,0.0,0,0,0,0,0,1,1.5,1.5,11.7%,DL,2014
134,135,Tony McDaniel,1,0,0.0,0,0,0,0,0,1,1.5,1.5,0.0%,DL,2014
135,136,Ahtyba Rubin,1,0,0.0,0,0,0,0,0,1,1.5,1.5,0.0%,DL,2014
136,137,Nick Hayden,0,0,0.0,1,0,0,0,0,1,1.5,1.5,0.0%,DL,2014
137,138,Josh Mauro,1,0,0.0,0,0,0,0,0,1,1.5,1.5,0.0%,DL,2014
138,139,Jarvis Jenkins,1,0,0.0,0,0,0,0,0,1,1.5,1.5,0.0%,DL,2014
139,140,Chris Long,1,0,0.0,0,0,0,0,0,1,1.5,1.5,0.0%,DL,2014
140,141,Everson Griffen,1,0,0.0,0,0,0,0,0,1,1.5,1.5,2.0%,DL,2014
141,142,Chris Jones,1,0,0.0,0,0,0,0,0,1,1.5,1.5,0.0%,DL,2014
142,143,Lawrence Guy,0,2,0.0,0,0,0,0,0,1,1.5,1.5,4.0%,DL,2014
143,144,Josh Boyd,0,2,0.0,0,0,0,0,0,1,1.5,1.5,0.0%,DL,2014
144,145,DaQuan Jones,0,2,0.0,0,0,0,0,0,1,1.5,1.5,0.7%,DL,2014
145,146,Star Lotulelei,1,0,0.0,0,0,0,0,0,1,1.5,1.5,0.0%,DL,2014
146,147,Benson Mayowa,1,0,0.0,0,0,0,0,0,1,1.5,1.5,0.0%,DL,2014
147,148,Beau Allen,0,1,0.0,0,0,0,0,0,1,0.8,0.8,0.0%,DL,2014
148,149,Earl Mitchell,0,1,0.0,0,0,0,0,0,1,0.8,0.8,0.0%,DL,2014
149,150,Tyson Jackson,0,1,0.0,0,0,0,0,0,1,0.8,0.8,0.0%,DL,2014
150,151,Kenrick Ellis,0,1,0.0,0,0,0,0,0,1,0.8,0.8,0.0%,DL,2014
151,152,Cameron Jordan,0,1,0.0,0,0,0,0,0,1,0.8,0.8,6.1%,DL,2014
152,153,Ropati Pitoitua,0,1,0.0,0,0,0,0,0,1,0.8,0.8,0.0%,DL,2014
153,154,Matt Shaughnessy,0,1,0.0,0,0,0,0,0,1,0.8,0.8,0.0%,DL,2014
154,155,Johnathan Hankins,0,1,0.0,0,0,0,0,0,1,0.8,0.8,0.0%,DL,2014
155,156,T.J. Fatinikun,0,1,0.0,0,0,0,0,0,1,0.8,0.8,0.0%,DL,2014
156,157,Geno Atkins,0,1,0.0,0,0,0,0,0,1,0.8,0.8,0.0%,DL,2014
157,158,Tyson Alualu,0,1,0.0,0,0,0,0,0,1,0.8,0.8,0.0%,DL,2014
158,159,DeAngelo Tyson,0,1,0.0,0,0,0,0,0,1,0.8,0.8,0.0%,DL,2014
159,160,Tenny Palepoi,0,1,0.0,0,0,0,0,0,1,0.8,0.8,0.0%,DL,2014
160,161,Brandon Deaderick,0,1,0.0,0,0,0,0,0,1,0.8,0.8,0.0%,DL,2014
161,162,DeMarcus Lawrence,0,1,0.0,0,0,0,0,0,1,0.8,0.8,12.7%,DL,2014
162,163,Marvin Austin,0,1,0.0,0,0,0,0,0,1,0.8,0.8,0.0%,DL,2014
163,164,Zach Kerr,0,0,0.0,0,0,0,0,0,1,0.0,0.0,0.0%,DL,2014
164,165,Keith Browner,0,0,0.0,0,0,0,0,0,1,0.0,0.0,0.0%,DL,2014
165,166,Justin Staples,0,0,0.0,0,0,0,0,0,1,0.0,0.0,0.0%,DL,2014
166,167,Jacquies Smith,0,0,0.0,0,0,0,0,0,1,0.0,0.0,0.0%,DL,2014
167,168,Jayrone Elliott,0,0,0.0,0,0,0,0,0,1,0.0,0.0,0.0%,DL,2014
168,169,George Johnson,0,0,0.0,0,0,0,0,0,1,0.0,0.0,0.0%,DL,2014
169,170,Mike Pennel,0,0,0.0,0,0,0,0,0,1,0.0,0.0,0.4%,DL,2014
170,171,Josh Martin,0,0,0.0,0,0,0,0,0,1,0.0,0.0,0.0%,DL,2014
171,172,Corey Washington,0,0,0.0,0,0,0,0,0,1,0.0,0.0,0.0%,DL,2014
172,173,Devon Kennard,4,0,0.0,0,0,0,0,0,1,0.0,0.0,0.0%,DL,2014
173,174,Will Clarke,0,0,0.0,0,0,0,0,0,1,0.0,0.0,0.0%,DL,2014
174,175,Jeoffrey Pagan,0,0,0.0,0,0,0,0,0,1,0.0,0.0,0.0%,DL,2014
175,176,Shamar Stephen,0,0,0.0,0,0,0,0,0,1,0.0,0.0,0.0%,DL,2014
176,177,Terrence Fede,0,0,0.0,0,0,0,0,0,1,0.0,0.0,0.0%,DL,2014
177,178,Justin Ellis,0,0,0.0,0,0,0,0,0,1,0.0,0.0,2.0%,DL,2014
178,179,Trent Murphy,0,0,0.0,0,0,0,0,0,1,0.0,0.0,0.0%,DL,2014
179,180,Dee Ford,0,0,0.0,0,0,0,0,0,1,0.0,0.0,0.0%,DL,2014
180,181,Aaron Lynch,0,0,0.0,0,0,0,0,0,1,0.0,0.0,0.0%,DL,2014
181,182,Ego Ferguson,0,0,0.0,0,0,0,0,0,1,0.0,0.0,0.0%,DL,2014
182,183,Daniel McCullers,0,0,0.0,0,0,0,0,0,1,0.0,0.0,0.0%,DL,2014
183,184,Khalil Mack,2,3,1.0,0,0,0,0,0,1,0.0,0.0,52.8%,DL,2014
184,185,Kyle Van,1,0,0.0,0,0,0,0,0,1,0.0,0.0,8.2%,DL,2014
185,186,Jeremiah Attaochu,1,0,0.0,0,0,0,0,0,1,0.0,0.0,0.0%,DL,2014
186,187,Scott Crichton,0,0,0.0,0,0,0,0,0,1,0.0,0.0,0.0%,DL,2014
187,188,Jay Bromley,0,0,0.0,0,0,0,0,0,1,0.0,0.0,0.0%,DL,2014
188,189,C.J. Wilson,0,0,0.0,0,0,0,0,0,1,0.0,0.0,0.0%,DL,2014
189,190,George Uko,0,0,0.0,0,0,0,0,0,1,0.0,0.0,0.0%,DL,2014
190,191,Kasim Edebali,0,0,0.0,0,0,0,0,0,1,0.0,0.0,0.0%,DL,2014
191,192,Mike Purcell,0,0,0.0,0,0,0,0,0,1,0.0,0.0,0.0%,DL,2014
192,193,Tyrunn Walker,0,0,0.0,0,0,0,0,0,1,0.0,0.0,0.0%,DL,2014
193,194,Tamba Hali,2,4,0.0,0,0,0,0,0,1,0.0,0.0,2.0%,DL,2014
194,195,Elvis Dumervil,1,0,0.0,0,0,0,0,0,1,0.0,0.0,0.0%,DL,2014
195,196,Parys Haralson,2,2,0.0,0,0,0,0,0,1,0.0,0.0,0.0%,DL,2014
196,197,Robert Geathers,0,0,0.0,0,0,0,0,0,1,0.0,0.0,0.0%,DL,2014
197,198,Jared Allen,2,0,1.0,0,0,0,0,0,1,0.0,0.0,0.0%,DL,2014
198,199,Cullen Jenkins,0,0,0.0,0,0,0,0,0,1,0.0,0.0,0.0%,DL,2014
199,200,Mike Patterson,0,0,0.0,0,0,0,0,0,1,0.0,0.0,0.0%,DL,2014
200,201,Red Bryant,0,0,0.0,0,0,0,0,0,1,0.0,0.0,0.0%,DL,2014
201,202,Calais Campbell,0,0,0.0,0,0,0,0,0,1,0.0,0.0,3.1%,DL,2014
202,203,Anthony Spencer,0,0,0.0,0,0,0,0,0,1,0.0,0.0,0.0%,DL,2014
203,204,Paul Soliai,0,0,0.0,0,0,0,0,0,1,0.0,0.0,0.0%,DL,2014
204,205,Frank Kearse,0,0,0.0,0,0,0,0,0,1,0.0,0.0,0.0%,DL,2014
205,206,Ryan Pickett,0,0,0.0,0,0,0,0,0,1,0.0,0.0,0.0%,DL,2014
206,207,Von Miller,3,1,0.0,0,0,1,1,0,1,0.0,0.0,2.5%,DL,2014
207,208,Robert Quinn,5,0,0.0,0,0,0,0,0,1,0.0,0.0,1.2%,DL,2014
208,209,Terrell McClain,0,0,0.0,0,0,0,0,0,1,0.0,0.0,0.0%,DL,2014
209,210,Pernell McPhee,5,1,0.0,1,0,0,0,0,1,0.0,0.0,0.0%,DL,2014
210,211,Jerrell Powe,0,0,0.0,0,0,0,0,0,1,0.0,0.0,0.0%,DL,2014
211,212,Jason Babin,1,1,0.0,0,0,0,0,0,1,0.0,0.0,0.0%,DL,2014
212,213,Terrell Suggs,6,1,0.0,0,0,0,0,0,1,0.0,0.0,0.0%,DL,2014
213,214,Cory Redding,0,0,0.0,0,0,0,0,0,1,0.0,0.0,0.0%,DL,2014
214,215,Chris Clemons,0,0,0.0,0,0,0,0,0,1,0.0,0.0,0.0%,DL,2014
215,216,Dwight Freeney,0,1,0.5,0,0,0,0,0,1,0.0,0.0,0.0%,DL,2014
216,217,Markus Kuhn,0,0,0.0,0,0,0,0,0,1,0.0,0.0,0.0%,DL,2014
217,218,Steve McLendon,0,0,0.0,0,0,0,0,0,1,0.0,0.0,0.0%,DL,2014
218,219,Scott Solomon,2,2,1.0,0,0,1,0,0,1,0.0,0.0,0.0%,DL,2014
219,220,Brandon Thompson,0,0,0.0,0,0,0,0,0,1,0.0,0.0,0.0%,DL,2014
220,221,Will Tukuafu,0,0,0.0,0,0,0,0,0,1,0.0,0.0,0.0%,DL,2014
221,222,Chandler Jones,2,3,0.0,0,0,0,0,0,1,0.0,0.0,0.5%,DL,2014
222,223,Whitney Mercilus,1,2,0.0,0,0,1,0,0,1,0.0,0.0,0.2%,DL,2014
223,224,Vinny Curry,0,0,0.0,0,0,0,0,0,1,0.0,0.0,0.0%,DL,2014
224,225,Jonathan Massaquoi,0,0,0.0,0,0,0,0,0,1,0.0,0.0,0.0%,DL,2014
225,226,Courtney Upshaw,4,2,0.0,0,0,0,0,0,1,0.0,0.0,0.0%,DL,2014
226,227,Olivier Vernon,0,0,0.0,0,0,0,0,0,1,0.0,0.0,6.0%,DL,2014
227,228,Lerentee McCray,1,0,0.0,0,0,0,0,0,1,0.0,0.0,4.0%,DL,2014
228,229,Cornelius Washington,0,0,0.0,0,0,0,0,0,1,0.0,0.0,0.0%,DL,2014
229,230,Paul Hazel,0,0,0.0,0,0,0,0,0,1,0.0,0.0,0.0%,DL,2014
230,231,Wes Horton,0,0,0.0,0,0,0,0,0,1,0.0,0.0,0.0%,DL,2014
231,232,Tourek Williams,0,0,0.0,0,0,0,0,0,1,0.0,0.0,0.0%,DL,2014
232,233,Margus Hunt,0,0,0.0,0,0,0,0,0,1,0.0,0.0,0.0%,DL,2014
233,234,Damontre Moore,0,0,0.0,0,0,0,0,0,1,0.0,0.0,0.0%,DL,2014
234,235,William Gholston,0,0,0.0,0,0,0,0,0,1,0.0,0.0,1.6%,DL,2014
235,236,Devin Taylor,0,0,0.0,0,0,0,0,0,1,0.0,0.0,0.0%,DL,2014
236,237,Tank Carradine,2,0,0.0,0,0,0,0,0,1,0.0,0.0,0.0%,DL,2014
237,238,John Simon,0,1,0.0,0,0,0,0,0,1,0.0,0.0,0.0%,DL,2014
238,239,Malliciah Goodman,0,0,0.0,0,0,0,0,0,1,0.0,0.0,0.0%,DL,2014
239,240,Barkevious Mingo,1,1,0.0,0,0,0,0,0,1,0.0,0.0,6.0%,DL,2014
240,241,C.J. Mosley,0,0,0.0,0,0,0,0,0,1,0.0,0.0,0.0%,DL,2014
241,242,Paul Kruger,3,4,0.0,0,0,0,0,0,1,0.0,0.0,0.0%,DL,2014
242,243,Clay Matthews,4,2,2.5,1,0,0,0,0,1,0.0,0.0,0.0%,DL,2014
243,244,Jarius Wynn,0,0,0.0,0,0,0,0,0,1,0.0,0.0,0.0%,DL,2014
244,245,Marcus Benard,0,0,0.0,0,0,0,0,0,1,0.0,0.0,0.0%,DL,2014
245,246,Derrick Morgan,5,1,2.0,1,0,1,0,0,1,0.0,0.0,0.0%,DL,2014
246,247,Pat Sims,0,0,0.0,0,0,0,0,0,1,0.0,0.0,0.0%,DL,2014
247,248,Andre Fluellen,0,0,0.0,0,0,0,0,0,1,0.0,0.0,0.0%,DL,2014
248,249,William Hayes,0,0,0.0,0,0,0,0,0,1,0.0,0.0,2.0%,DL,2014
249,250,Letroy Guion,0,0,0.0,0,0,0,0,0,1,0.0,0.0,0.0%,DL,2014
250,251,Larry English,1,0,0.0,0,0,0,0,0,1,0.0,0.0,0.0%,DL,2014
251,252,Leger Douzable,0,0,0.0,0,0,0,0,0,1,0.0,0.0,0.0%,DL,2014
252,253,Cameron Wake,4,1,2.0,0,0,0,0,0,1,0.0,0.0,0.0%,DL,2014
253,254,Mario Addison,0,0,0.0,0,0,0,0,0,1,0.0,0.0,4.0%,DL,2014
254,255,Mitch Unrein,0,0,0.0,0,0,0,0,0,1,0.0,0.0,0.0%,DL,2014
255,256,Brandon Bair,0,0,0.0,0,0,0,0,0,1,0.0,0.0,0.0%,DL,2014
256,257,Justin Trattou,0,0,0.0,0,0,0,0,0,1,0.0,0.0,0.0%,DL,2014
257,258,Junior Galette,2,1,0.0,0,0,0,0,0,1,0.0,0.0,0.0%,DL,2014
258,259,Willie Young,0,0,0.0,0,0,0,0,0,1,0.0,0.0,0.0%,DL,2014
259,260,Mike Neal,1,0,1.0,0,0,0,0,0,1,0.0,0.0,0.0%,DL,2014
260,261,Al Woods,0,0,0.0,0,0,0,0,0,1,0.0,0.0,0.0%,DL,2014
261,262,Cam Thomas,0,0,0.0,0,0,0,0,0,1,0.0,0.0,0.0%,DL,2014
262,263,Arthur Moats,0,0,0.0,0,0,0,0,0,1,0.0,0.0,0.0%,DL,2014
263,264,Justin Jones,0,0,0.0,0,0,0,0,0,1,0.0,0.0,2.9%,DL,2014
264,265,John Denney,0,0,0.0,0,0,0,0,0,1,0.0,0.0,0.0%,DL,2014
