,Rank,Player,Tackle,Assist,Sack,Pass Defended,Interception,Forced Fumble,Fumble Recovery,Defend Touchdown,Games Played,Fantasy Football Points,FTPS/Game,ROST,Position,Year
0,1,Marcell Dareus,5,0,3.0,0,0,1,0,0,1,28.5,28.5,0.0%,DL,2014
1,2,Jerry Hughes,4,1,2.0,0,0,1,0,0,1,26.3,26.3,1.0%,DL,2014
2,3,Bjoern Werner,4,2,2.0,1,0,0,0,0,1,22.0,22.0,0.0%,DL,2014
3,4,Abry Jones,4,0,2.0,0,0,1,0,0,1,20.5,20.5,0.0%,DL,2014
4,5,Connor Barwin,3,1,2.0,1,0,0,0,0,1,19.8,19.8,0.0%,DL,2014
5,6,Muhammad Wilkerson,5,3,0.0,0,0,0,0,0,1,17.3,17.3,0.0%,DL,2014
6,7,Julius Peppers,0,3,0.5,1,1,0,0,1,1,16.8,16.8,0.1%,DL,2014
7,8,Cedric Thornton,0,2,0.0,0,0,0,2,1,1,15.5,15.5,0.0%,DL,2014
8,9,Justin Houston,4,0,1.0,0,0,0,0,0,1,15.0,15.0,0.0%,DL,2014
9,10,Wes Horton,3,1,1.0,0,0,0,0,0,1,14.3,14.3,0.0%,DL,2014
10,11,Charles Johnson,1,1,1.0,1,0,0,1,0,1,14.3,14.3,0.0%,DL,2014
11,12,Allen Bailey,3,1,1.5,0,0,0,0,0,1,13.8,13.8,0.0%,DL,2014
12,13,Kawann Short,1,0,1.0,0,0,1,1,0,1,13.5,13.5,0.0%,DL,2014
13,14,Sheldon Richardson,4,1,1.0,0,0,0,0,0,1,13.3,13.3,1.0%,DL,2014
14,15,Frank Kearse,4,1,1.0,0,0,0,0,0,1,13.3,13.3,0.0%,DL,2014
15,16,Letroy Guion,2,2,1.5,0,0,0,0,0,1,13.0,13.0,0.0%,DL,2014
16,17,Vinny Curry,3,0,1.0,0,0,1,0,0,1,12.5,12.5,0.0%,DL,2014
17,18,Johnathan Hankins,2,2,1.0,1,0,0,0,0,1,12.5,12.5,0.0%,DL,2014
18,19,Mike Daniels,2,1,1.5,0,0,0,0,0,1,12.3,12.3,0.0%,DL,2014
19,20,George Johnson,2,0,1.0,0,0,0,0,0,1,12.0,12.0,0.0%,DL,2014
20,21,Calais Campbell,2,0,0.0,1,1,0,0,0,1,12.0,12.0,3.1%,DL,2014
21,22,Jabaal Sheard,2,1,1.0,1,0,0,0,0,1,11.8,11.8,0.0%,DL,2014
22,23,Ryan Kerrigan,2,3,1.0,0,0,0,0,0,1,11.8,11.8,0.0%,DL,2014
23,24,Mario Williams,3,0,1.0,0,0,0,0,0,1,11.0,11.0,0.0%,DL,2014
24,25,Chris Clemons,4,1,1.0,0,0,0,0,0,1,10.8,10.8,0.0%,DL,2014
25,26,Stephen Paea,1,3,1.0,0,0,0,0,0,1,10.3,10.3,0.0%,DL,2014
26,27,Gerald McCoy,3,1,0.0,0,0,0,0,0,1,10.3,10.3,0.0%,DL,2014
27,28,Justin Smith,2,1,0.0,0,0,1,0,0,1,10.3,10.3,0.0%,DL,2014
28,29,William Gholston,3,2,0.0,1,0,0,0,0,1,10.0,10.0,1.6%,DL,2014
29,30,Damon Harrison,5,3,0.0,0,0,0,0,0,1,9.8,9.8,0.0%,DL,2014
30,31,Robert Geathers,1,2,1.0,0,0,0,0,0,1,9.5,9.5,0.0%,DL,2014
31,32,Chris Jones,1,2,1.0,0,0,0,0,0,1,9.5,9.5,0.0%,DL,2014
32,33,Brandon Graham,2,0,0.0,0,0,1,0,0,1,9.5,9.5,2.2%,DL,2014
33,34,Haloti Ngata,1,0,0.0,2,1,0,0,0,1,9.5,9.5,0.0%,DL,2014
34,35,Sharrif Floyd,1,1,1.0,0,0,0,0,0,1,8.8,8.8,0.0%,DL,2014
35,36,Everson Griffen,1,1,1.0,0,0,0,0,0,1,8.8,8.8,2.0%,DL,2014
36,37,Cory Redding,1,1,1.0,0,0,0,0,0,1,8.8,8.8,0.0%,DL,2014
37,38,Al Woods,4,0,0.0,0,0,0,0,0,1,8.5,8.5,0.0%,DL,2014
38,39,Kroy Biermann,3,2,0.0,0,0,0,0,0,1,8.5,8.5,0.0%,DL,2014
39,40,Ndamukong Suh,3,2,0.0,0,0,0,0,0,1,8.5,8.5,0.0%,DL,2014
40,41,Cameron Jordan,4,0,0.0,0,0,0,0,0,1,8.5,8.5,6.1%,DL,2014
41,42,Leger Douzable,5,1,0.0,0,0,0,0,0,1,8.3,8.3,0.0%,DL,2014
42,43,Domata Peko,3,5,0.0,0,0,0,0,0,1,8.3,8.3,0.0%,DL,2014
43,44,Sean Lissemore,1,0,1.0,0,0,0,0,0,1,8.0,8.0,0.0%,DL,2014
44,45,Osi Umenyiora,1,0,1.0,0,0,0,0,0,1,8.0,8.0,0.0%,DL,2014
45,46,Frostee Rucker,1,0,1.0,0,0,0,0,0,1,8.0,8.0,0.0%,DL,2014
46,47,Carlos Dunlap,2,3,0.0,0,0,0,0,0,1,7.8,7.8,3.0%,DL,2014
47,48,Wallace Gilberry,3,4,0.0,0,0,0,0,0,1,7.5,7.5,0.0%,DL,2014
48,49,Ricardo Mathews,2,0,0.0,0,0,1,0,0,1,7.0,7.0,0.0%,DL,2014
49,50,Terrance Knighton,3,0,0.0,0,0,0,0,0,1,7.0,7.0,0.0%,DL,2014
50,51,Ropati Pitoitua,2,2,0.0,0,0,0,0,0,1,7.0,7.0,0.0%,DL,2014
51,52,Sen'Derrick Marks,3,0,0.0,0,0,0,0,0,1,7.0,7.0,0.0%,DL,2014
52,53,Cullen Jenkins,2,2,0.0,0,0,0,0,0,1,7.0,7.0,0.0%,DL,2014
53,54,Jason Pierre-Paul,2,3,0.0,1,0,0,0,0,1,6.8,6.8,0.0%,DL,2014
54,55,Kevin Williams,2,3,0.0,1,0,0,0,0,1,6.8,6.8,0.1%,DL,2014
55,56,Ezekiel Ansah,1,3,0.0,0,0,0,0,0,1,6.3,6.3,0.0%,DL,2014
56,57,J.J. Watt,4,0,0.0,0,0,0,0,0,1,6.0,6.0,4.2%,DL,2014
57,58,Dontari Poe,2,1,0.5,0,0,0,0,0,1,5.8,5.8,0.0%,DL,2014
58,59,Andre Branch,1,0,0.0,0,0,0,1,0,1,5.5,5.5,0.0%,DL,2014
59,60,Fletcher Cox,1,0,0.0,0,0,0,1,0,1,5.5,5.5,1.1%,DL,2014
60,61,Stefan Charles,2,0,0.0,0,0,0,0,0,1,5.5,5.5,0.0%,DL,2014
61,62,Mike Patterson,1,2,0.0,0,0,0,0,0,1,5.5,5.5,0.0%,DL,2014
62,63,Tyrone Crawford,2,0,0.0,0,0,0,0,0,1,5.5,5.5,0.0%,DL,2014
63,64,Jordan Hill,2,1,0.0,1,0,0,0,0,1,5.3,5.3,0.0%,DL,2014
64,65,Mathias Kiwanuka,3,1,0.0,0,0,0,0,0,1,5.3,5.3,0.0%,DL,2014
65,66,Billy Winn,3,1,0.0,0,0,0,0,0,1,5.3,5.3,1.0%,DL,2014
66,67,Paul Soliai,3,1,0.0,0,0,0,0,0,1,5.3,5.3,0.0%,DL,2014
67,68,Dwan Edwards,1,2,0.5,0,0,0,0,0,1,5.0,5.0,0.0%,DL,2014
68,69,Montori Hughes,0,1,0.0,0,0,0,1,0,1,4.8,4.8,0.0%,DL,2014
69,70,Sammie Lee,1,0,0.0,2,0,0,0,0,1,4.5,4.5,0.0%,DL,2014
70,71,Jarvis Jenkins,2,2,0.0,0,0,0,0,0,1,4.5,4.5,0.0%,DL,2014
71,72,DeAngelo Tyson,1,4,0.0,0,0,0,0,0,1,4.5,4.5,0.0%,DL,2014
72,73,Jared Crick,3,0,0.0,0,0,0,0,0,1,4.5,4.5,0.0%,DL,2014
73,74,Ego Ferguson,0,2,0.0,2,0,0,0,0,1,4.5,4.5,0.0%,DL,2014
74,75,Matt Shaughnessy,3,0,0.0,0,0,0,0,0,1,4.5,4.5,0.0%,DL,2014
75,76,Malik Jackson,1,1,0.5,0,0,0,0,0,1,4.3,4.3,0.0%,DL,2014
76,77,Kamerion Wimbley,1,0,0.0,0,0,0,0,0,1,4.0,4.0,0.0%,DL,2014
77,78,Michael Brockers,0,0,0.0,0,0,0,1,0,1,4.0,4.0,0.0%,DL,2014
78,79,Casey Walker,1,0,0.0,0,0,0,0,0,1,4.0,4.0,0.0%,DL,2014
79,80,Phil Taylor,1,0,0.0,0,0,0,0,0,1,4.0,4.0,0.0%,DL,2014
80,81,Ahtyba Rubin,2,1,0.0,0,0,0,0,0,1,3.8,3.8,0.0%,DL,2014
81,82,Rob Ninkovich,2,1,0.0,0,0,0,0,0,1,3.8,3.8,0.0%,DL,2014
82,83,Jaye Howard,2,1,0.0,0,0,0,0,0,1,3.8,3.8,0.0%,DL,2014
83,84,Will Sutton,1,3,0.0,0,0,0,0,0,1,3.8,3.8,0.0%,DL,2014
84,85,Ryan Pickett,2,0,0.0,0,0,0,0,0,1,3.0,3.0,0.0%,DL,2014
85,86,Robert Ayers,2,0,0.0,0,0,0,0,0,1,3.0,3.0,0.0%,DL,2014
86,87,Brandon Bair,1,0,0.0,1,0,0,0,0,1,3.0,3.0,0.0%,DL,2014
87,88,Ethan Westbrooks,2,0,0.0,0,0,0,0,0,1,3.0,3.0,0.0%,DL,2014
88,89,Chris Baker,1,2,0.0,0,0,0,0,0,1,3.0,3.0,0.0%,DL,2014
89,90,Ryan Carrethers,2,0,0.0,0,0,0,0,0,1,3.0,3.0,0.0%,DL,2014
90,91,Bruce Irvin,1,2,0.0,0,0,0,0,0,1,3.0,3.0,0.2%,DL,2014
91,92,Bennie Logan,1,2,0.0,0,0,0,0,0,1,3.0,3.0,0.0%,DL,2014
92,93,Corey Peters,2,0,0.0,0,0,0,0,0,1,3.0,3.0,2.0%,DL,2014
93,94,Jason Hatcher,0,4,0.0,0,0,0,0,0,1,3.0,3.0,0.0%,DL,2014
94,95,Nick Hayden,2,0,0.0,0,0,0,0,0,1,3.0,3.0,0.0%,DL,2014
95,96,Akeem Spence,2,0,0.0,0,0,0,0,0,1,3.0,3.0,0.0%,DL,2014
96,97,Mike Pennel,2,0,0.0,0,0,0,0,0,1,3.0,3.0,0.4%,DL,2014
97,98,Akiem Hicks,1,2,0.0,0,0,0,0,0,1,3.0,3.0,0.0%,DL,2014
98,99,Brandon Williams,2,0,0.0,0,0,0,0,0,1,3.0,3.0,0.2%,DL,2014
99,100,Mario Addison,0,1,0.5,0,0,0,0,0,1,2.8,2.8,4.0%,DL,2014
100,101,Christo Bilukidi,0,3,0.0,0,0,0,0,0,1,2.3,2.3,0.0%,DL,2014
101,102,Brian Robison,1,1,0.0,0,0,0,0,0,1,2.3,2.3,0.0%,DL,2014
102,103,Derek Wolfe,1,1,0.0,0,0,0,0,0,1,2.3,2.3,0.0%,DL,2014
103,104,Markus Kuhn,1,1,0.0,0,0,0,0,0,1,2.3,2.3,0.0%,DL,2014
104,105,Terrell McClain,1,1,0.0,0,0,0,0,0,1,2.3,2.3,0.0%,DL,2014
105,106,Brandon Mebane,0,3,0.0,0,0,0,0,0,1,2.3,2.3,0.0%,DL,2014
106,107,C.J. Mosley,1,1,0.0,0,0,0,0,0,1,2.3,2.3,0.0%,DL,2014
107,108,Nick Fairley,1,1,0.0,0,0,0,0,0,1,2.3,2.3,0.0%,DL,2014
108,109,Desmond Bryant,0,1,0.0,1,0,0,0,0,1,2.3,2.3,0.0%,DL,2014
109,110,Tony McDaniel,1,1,0.0,0,0,0,0,0,1,2.3,2.3,0.0%,DL,2014
110,111,Brooks Reed,1,1,0.0,0,0,0,0,0,1,2.3,2.3,0.0%,DL,2014
111,112,Linval Joseph,0,3,0.0,0,0,0,0,0,1,2.3,2.3,0.0%,DL,2014
112,113,Jason Jones,0,1,0.0,1,0,0,0,0,1,2.3,2.3,0.0%,DL,2014
113,114,Tom Johnson,1,1,0.0,0,0,0,0,0,1,2.3,2.3,0.0%,DL,2014
114,115,Ricky Jean-Francois,0,3,0.0,0,0,0,0,0,1,2.3,2.3,0.0%,DL,2014
115,116,Geno Atkins,1,1,0.0,0,0,0,0,0,1,2.3,2.3,0.0%,DL,2014
116,117,Brodrick Bunkley,0,2,0.0,0,0,0,0,0,1,1.5,1.5,0.0%,DL,2014
117,118,Ziggy Hood,1,0,0.0,0,0,0,0,0,1,1.5,1.5,0.0%,DL,2014
118,119,Henry Melton,1,0,0.0,0,0,0,0,0,1,1.5,1.5,0.0%,DL,2014
119,120,Devon Still,0,2,0.0,0,0,0,0,0,1,1.5,1.5,0.0%,DL,2014
120,121,Ian Williams,1,0,0.0,0,0,0,0,0,1,1.5,1.5,0.0%,DL,2014
121,122,Trent Murphy,1,0,0.0,0,0,0,0,0,1,1.5,1.5,0.0%,DL,2014
122,123,Jarius Wynn,1,0,0.0,0,0,0,0,0,1,1.5,1.5,0.0%,DL,2014
123,124,Darryl Tapp,1,0,0.0,0,0,0,0,0,1,1.5,1.5,0.0%,DL,2014
124,125,Roy Miller,1,0,0.0,0,0,0,0,0,1,1.5,1.5,0.0%,DL,2014
125,126,Jonathan Massaquoi,0,0,0.0,1,0,0,0,0,1,1.5,1.5,0.0%,DL,2014
126,127,George Selvie,0,2,0.0,0,0,0,0,0,1,1.5,1.5,0.0%,DL,2014
127,128,Luther Robinson,0,0,0.0,1,0,0,0,0,1,1.5,1.5,0.0%,DL,2014
128,129,Sylvester Williams,1,0,0.0,0,0,0,0,0,1,1.5,1.5,0.0%,DL,2014
129,130,Aaron Donald,1,0,0.0,0,0,0,0,0,1,1.5,1.5,11.7%,DL,2014
130,131,Star Lotulelei,1,0,0.0,0,0,0,0,0,1,1.5,1.5,0.0%,DL,2014
131,132,Cam Thomas,1,0,0.0,0,0,0,0,0,1,1.5,1.5,0.0%,DL,2014
132,133,Malliciah Goodman,1,0,0.0,0,0,0,0,0,1,1.5,1.5,0.0%,DL,2014
133,134,Eugene Sims,1,0,0.0,0,0,0,0,0,1,1.5,1.5,0.0%,DL,2014
134,135,Devin Taylor,1,0,0.0,0,0,0,0,0,1,1.5,1.5,0.0%,DL,2014
135,136,Shamar Stephen,1,0,0.0,0,0,0,0,0,1,1.5,1.5,0.0%,DL,2014
136,137,Red Bryant,1,0,0.0,0,0,0,0,0,1,1.5,1.5,0.0%,DL,2014
137,138,Karl Klug,1,0,0.0,0,0,0,0,0,1,1.5,1.5,0.0%,DL,2014
138,139,Clinton McDonald,1,0,0.0,0,0,0,0,0,1,1.5,1.5,0.0%,DL,2014
139,140,Ra'Shede Hageman,1,0,0.0,0,0,0,0,0,1,1.5,1.5,0.0%,DL,2014
140,141,Tyson Jackson,0,2,0.0,0,0,0,0,0,1,1.5,1.5,0.0%,DL,2014
141,142,Ray McDonald,0,2,0.0,0,0,0,0,0,1,1.5,1.5,0.0%,DL,2014
142,143,Tyson Alualu,0,2,0.0,0,0,0,0,0,1,1.5,1.5,0.0%,DL,2014
143,144,Tony Jerod-Eddie,1,0,0.0,0,0,0,0,0,1,1.5,1.5,0.0%,DL,2014
144,145,Kendall Reyes,0,1,0.0,0,0,0,0,0,1,0.8,0.8,0.0%,DL,2014
145,146,Cliff Avril,0,1,0.0,0,0,0,0,0,1,0.8,0.8,0.1%,DL,2014
146,147,William Hayes,0,1,0.0,0,0,0,0,0,1,0.8,0.8,2.0%,DL,2014
147,148,Michael Bennett,0,1,0.0,0,0,0,0,0,1,0.8,0.8,0.0%,DL,2014
148,149,Corey Wootton,0,1,0.0,0,0,0,0,0,1,0.8,0.8,0.0%,DL,2014
149,150,Zach Kerr,0,1,0.0,0,0,0,0,0,1,0.8,0.8,0.0%,DL,2014
150,151,Anthony Spencer,0,1,0.0,0,0,0,0,0,1,0.8,0.8,0.0%,DL,2014
151,152,Tenny Palepoi,0,1,0.0,0,0,0,0,0,1,0.8,0.8,0.0%,DL,2014
152,153,Jeremy Mincey,0,1,0.0,0,0,0,0,0,1,0.8,0.8,0.0%,DL,2014
153,154,Corbin Bryant,0,1,0.0,0,0,0,0,0,1,0.8,0.8,0.0%,DL,2014
154,155,Dominique Easley,0,1,0.0,0,0,0,0,0,1,0.8,0.8,0.0%,DL,2014
155,156,Cassius Marsh,0,1,0.0,0,0,0,0,0,1,0.8,0.8,1.0%,DL,2014
156,157,Vince Wilfork,0,1,0.0,0,0,0,0,0,1,0.8,0.8,0.0%,DL,2014
157,158,Kevin Vickerson,0,1,0.0,0,0,0,0,0,1,0.8,0.8,0.0%,DL,2014
158,159,Lawrence Guy,0,1,0.0,0,0,0,0,0,1,0.8,0.8,4.0%,DL,2014
159,160,Cameron Heyward,0,1,0.0,0,0,0,0,0,1,0.8,0.8,23.1%,DL,2014
160,161,Michael Buchanan,0,1,0.0,0,0,0,0,0,1,0.8,0.8,0.0%,DL,2014
161,162,Jacquies Smith,0,0,0.0,0,0,0,0,0,1,0.0,0.0,0.0%,DL,2014
162,163,Jayrone Elliott,0,0,0.0,0,0,0,0,0,1,0.0,0.0,0.0%,DL,2014
163,164,Corey Washington,0,0,0.0,0,0,0,0,0,1,0.0,0.0,0.0%,DL,2014
164,165,Josh Martin,0,2,0.0,0,0,0,0,0,1,0.0,0.0,0.0%,DL,2014
165,166,Cordarro Law,1,1,0.0,0,0,0,0,0,1,0.0,0.0,0.0%,DL,2014
166,167,Ed Stinson,0,0,0.0,0,0,0,0,0,1,0.0,0.0,0.0%,DL,2014
167,168,Caraun Reid,0,0,0.0,0,0,0,0,0,1,0.0,0.0,0.0%,DL,2014
168,169,Jonathan Newsome,0,0,0.0,0,0,0,0,0,1,0.0,0.0,0.0%,DL,2014
169,170,Devon Kennard,0,0,0.0,0,0,0,0,0,1,0.0,0.0,0.0%,DL,2014
170,171,Jeoffrey Pagan,0,0,0.0,0,0,0,0,0,1,0.0,0.0,0.0%,DL,2014
171,172,Beau Allen,0,0,0.0,0,0,0,0,0,1,0.0,0.0,0.0%,DL,2014
172,173,Kareem Martin,3,0,0.0,1,0,0,0,0,1,0.0,0.0,0.0%,DL,2014
173,174,Stephon Tuitt,0,0,0.0,0,0,0,0,0,1,0.0,0.0,0.1%,DL,2014
174,175,Kony Ealy,0,0,0.0,0,0,0,0,0,1,0.0,0.0,0.0%,DL,2014
175,176,Dee Ford,0,0,0.0,0,0,0,0,0,1,0.0,0.0,0.0%,DL,2014
176,177,Aaron Lynch,0,1,0.0,1,0,0,0,0,1,0.0,0.0,0.0%,DL,2014
177,178,Marcus Smith,0,0,0.0,0,0,0,0,0,1,0.0,0.0,0.0%,DL,2014
178,179,Ryan Davis,0,0,0.0,0,0,0,0,0,1,0.0,0.0,0.0%,DL,2014
179,180,Kasim Edebali,0,0,0.0,0,0,0,0,0,1,0.0,0.0,0.0%,DL,2014
180,181,Tyrunn Walker,0,0,0.0,0,0,0,0,0,1,0.0,0.0,0.0%,DL,2014
181,182,Jonathan Babineaux,0,0,0.0,0,0,0,0,0,1,0.0,0.0,0.0%,DL,2014
182,183,Tamba Hali,1,1,0.0,0,0,0,0,0,1,0.0,0.0,2.0%,DL,2014
183,184,Elvis Dumervil,1,1,0.0,0,0,0,0,0,1,0.0,0.0,0.0%,DL,2014
184,185,Parys Haralson,1,3,0.0,0,0,0,0,0,1,0.0,0.0,0.0%,DL,2014
185,186,Jared Allen,2,5,0.0,1,0,0,0,0,1,0.0,0.0,0.0%,DL,2014
186,187,Tommy Kelly,0,0,0.0,0,0,0,0,0,1,0.0,0.0,0.0%,DL,2014
187,188,Kedric Golston,0,0,0.0,0,0,0,0,0,1,0.0,0.0,0.0%,DL,2014
188,189,Ahmad Brooks,2,0,0.0,1,0,0,0,0,1,0.0,0.0,0.0%,DL,2014
189,190,Michael Johnson,0,0,0.0,0,0,0,0,0,1,0.0,0.0,0.0%,DL,2014
190,191,Jason Babin,0,1,0.0,0,0,0,0,0,1,0.0,0.0,0.0%,DL,2014
191,192,Jerrell Powe,0,0,0.0,0,0,0,0,0,1,0.0,0.0,0.0%,DL,2014
192,193,Corey Liuget,0,0,0.0,0,0,0,0,0,1,0.0,0.0,0.0%,DL,2014
193,194,Da'Quan Bowers,0,0,0.0,0,0,0,0,0,1,0.0,0.0,0.0%,DL,2014
194,195,Von Miller,2,2,2.0,0,0,0,0,0,1,0.0,0.0,2.5%,DL,2014
195,196,Robert Quinn,2,0,0.0,0,0,0,0,0,1,0.0,0.0,1.2%,DL,2014
196,197,Marvin Austin,0,0,0.0,0,0,0,0,0,1,0.0,0.0,0.0%,DL,2014
197,198,Jurrell Casey,0,0,0.0,0,0,0,0,0,1,0.0,0.0,0.1%,DL,2014
198,199,Pernell McPhee,2,1,1.0,0,0,0,0,0,1,0.0,0.0,0.0%,DL,2014
199,200,Brett Keisel,0,0,0.0,0,0,0,0,0,1,0.0,0.0,0.0%,DL,2014
200,201,Terrell Suggs,1,1,0.0,0,0,0,0,0,1,0.0,0.0,0.0%,DL,2014
201,202,Colin Cole,0,0,0.0,0,0,0,0,0,1,0.0,0.0,0.0%,DL,2014
202,203,Dwight Freeney,0,0,0.0,0,0,0,0,0,1,0.0,0.0,0.0%,DL,2014
203,204,Steve McLendon,0,0,0.0,0,0,0,0,0,1,0.0,0.0,0.0%,DL,2014
204,205,Nate Chandler,0,0,0.0,0,0,0,0,0,1,0.0,0.0,0.0%,DL,2014
205,206,Alex Okafor,0,0,0.0,0,0,0,0,0,1,0.0,0.0,0.0%,DL,2014
206,207,Mike Martin,0,0,0.0,0,0,0,0,0,1,0.0,0.0,0.0%,DL,2014
207,208,Chandler Jones,0,0,0.0,0,0,0,0,0,1,0.0,0.0,0.5%,DL,2014
208,209,Whitney Mercilus,4,1,0.0,0,0,0,0,0,1,0.0,0.0,0.2%,DL,2014
209,210,Courtney Upshaw,5,0,0.0,0,0,0,0,0,1,0.0,0.0,0.0%,DL,2014
210,211,Alameda Ta'amu,0,0,0.0,0,0,0,0,0,1,0.0,0.0,0.0%,DL,2014
211,212,Josh Chapman,0,0,0.0,0,0,0,0,0,1,0.0,0.0,0.0%,DL,2014
212,213,Jack Crawford,0,0,0.0,0,0,0,0,0,1,0.0,0.0,0.0%,DL,2014
213,214,Scott Solomon,0,0,0.0,0,0,0,0,0,1,0.0,0.0,0.0%,DL,2014
214,215,Damontre Moore,0,0,0.0,0,0,0,0,0,1,0.0,0.0,0.0%,DL,2014
215,216,Glenn Foster,0,0,0.0,0,0,0,0,0,1,0.0,0.0,0.0%,DL,2014
216,217,Armonty Bryant,3,3,1.0,0,0,0,0,0,1,0.0,0.0,0.0%,DL,2014
217,218,Joe Vellano,0,0,0.0,0,0,0,0,0,1,0.0,0.0,0.0%,DL,2014
218,219,John Jenkins,0,0,0.0,0,0,0,0,0,1,0.0,0.0,1.7%,DL,2014
219,220,Datone Jones,0,0,0.0,0,0,0,0,0,1,0.0,0.0,0.0%,DL,2014
220,221,Margus Hunt,0,0,0.0,0,0,0,0,0,1,0.0,0.0,0.0%,DL,2014
221,222,Barkevious Mingo,1,2,0.0,0,0,0,0,0,1,0.0,0.0,6.0%,DL,2014
222,223,Quanterus Smith,0,0,0.0,0,0,0,0,0,1,0.0,0.0,0.0%,DL,2014
223,224,Quinton Dial,0,0,0.0,0,0,0,0,0,1,0.0,0.0,0.0%,DL,2014
224,225,Tourek Williams,1,0,0.0,0,0,0,0,0,1,0.0,0.0,0.0%,DL,2014
225,226,Cornelius Washington,0,0,0.0,0,0,0,0,0,1,0.0,0.0,0.0%,DL,2014
226,227,Quinton Coples,0,0,0.0,0,0,0,0,0,1,0.0,0.0,0.0%,DL,2014
227,228,Vance Walker,0,0,0.0,0,0,0,0,0,1,0.0,0.0,0.0%,DL,2014
228,229,Derrick Morgan,3,1,0.0,1,0,0,0,0,1,0.0,0.0,0.0%,DL,2014
229,230,Dan Williams,0,0,0.0,0,0,0,0,0,1,0.0,0.0,0.0%,DL,2014
230,231,Paul Kruger,2,0,0.0,0,0,0,0,0,1,0.0,0.0,0.0%,DL,2014
231,232,Clay Matthews,1,0,0.0,0,0,0,0,0,1,0.0,0.0,0.0%,DL,2014
232,233,Trevor Scott,0,0,0.0,0,0,0,0,0,1,0.0,0.0,0.0%,DL,2014
233,234,Kendall Langford,0,0,0.0,0,0,0,0,0,1,0.0,0.0,0.0%,DL,2014
234,235,Junior Galette,2,0,1.0,1,0,0,0,0,1,0.0,0.0,0.0%,DL,2014
235,236,Demarcus Dobbs,0,0,0.0,0,0,0,0,0,1,0.0,0.0,0.0%,DL,2014
236,237,Tim Jamison,0,0,0.0,0,0,0,0,0,1,0.0,0.0,0.0%,DL,2014
237,238,Willie Young,2,3,1.0,0,0,1,0,0,1,0.0,0.0,0.0%,DL,2014
238,239,Lamarr Houston,2,0,0.0,0,0,0,1,0,1,0.0,0.0,0.0%,DL,2014
239,240,Mike Neal,2,0,0.0,0,0,0,0,0,1,0.0,0.0,0.0%,DL,2014
240,241,Alex Carrington,0,0,0.0,0,0,0,0,0,1,0.0,0.0,0.0%,DL,2014
241,242,Arthur Moats,2,0,0.0,0,0,0,0,0,1,0.0,0.0,0.0%,DL,2014
242,243,Clifton Geathers,0,0,0.0,0,0,0,0,0,1,0.0,0.0,0.0%,DL,2014
243,244,Dekoda Watson,0,0,0.0,0,0,0,0,0,1,0.0,0.0,0.0%,DL,2014
244,245,Justin Jones,0,0,0.0,0,0,0,0,0,1,0.0,0.0,2.9%,DL,2014
