,Rank,Player,Tackle,Assist,Sack,Pass Defended,Interception,Forced Fumble,Fumble Recovery,Defend Touchdown,Games Played,Fantasy Football Points,FTPS/Game,ROST,Position,Year
0,1,J.J. Watt,4,3,2.0,3,0,0,1,1,1,38.3,38.3,4.2%,DL,2014
1,2,Rob Ninkovich,4,2,3.0,0,0,0,0,0,1,29.5,29.5,0.0%,DL,2014
2,3,Connor Barwin,5,0,3.0,0,0,1,0,0,1,28.5,28.5,0.0%,DL,2014
3,4,Ezekiel Ansah,4,1,2.5,0,0,1,0,0,1,28.3,28.3,0.0%,DL,2014
4,5,Jurrell Casey,7,2,2.0,0,0,0,0,0,1,27.5,27.5,0.1%,DL,2014
5,6,Olivier Vernon,5,2,1.5,0,0,1,0,0,1,24.0,24.0,6.0%,DL,2014
6,7,Ndamukong Suh,4,0,2.0,0,0,0,0,0,1,21.5,21.5,0.0%,DL,2014
7,8,Ryan Kerrigan,7,2,0.5,0,0,1,0,0,1,20.5,20.5,0.0%,DL,2014
8,9,Alex Okafor,4,0,2.0,0,0,0,0,0,1,19.0,19.0,0.0%,DL,2014
9,10,George Johnson,4,1,1.5,0,0,0,0,0,1,17.8,17.8,0.0%,DL,2014
10,11,Muhammad Wilkerson,6,2,1.0,0,0,0,0,0,1,17.0,17.0,0.0%,DL,2014
11,12,Brandon Graham,4,0,1.0,0,0,1,0,0,1,16.5,16.5,2.2%,DL,2014
12,13,Vinny Curry,2,0,2.0,0,0,0,0,0,1,16.0,16.0,0.0%,DL,2014
13,14,Ricky Jean-Francois,3,1,1.0,1,0,0,0,0,1,15.8,15.8,0.0%,DL,2014
14,15,Jerry Hughes,5,2,1.0,0,0,0,0,0,1,15.5,15.5,1.0%,DL,2014
15,16,Jonathan Massaquoi,4,0,1.0,0,0,0,0,0,1,15.0,15.0,0.0%,DL,2014
16,17,Sheldon Richardson,4,3,0.0,0,0,1,0,0,1,14.8,14.8,1.0%,DL,2014
17,18,Mario Williams,3,1,1.0,0,0,0,0,0,1,14.3,14.3,0.0%,DL,2014
18,19,Everson Griffen,4,2,1.0,0,0,0,0,0,1,14.0,14.0,2.0%,DL,2014
19,20,Bjoern Werner,3,1,1.0,0,0,1,0,0,1,13.3,13.3,0.0%,DL,2014
20,21,Charles Johnson,2,1,1.0,0,0,0,0,0,1,12.8,12.8,0.0%,DL,2014
21,22,Julius Peppers,4,0,0.0,0,0,0,1,0,1,12.5,12.5,0.1%,DL,2014
22,23,Ian Williams,6,0,0.0,0,0,0,0,0,1,11.5,11.5,0.0%,DL,2014
23,24,Clinton McDonald,4,0,0.0,0,0,0,0,0,1,11.0,11.0,0.0%,DL,2014
24,25,Brandon Bair,3,0,1.0,0,0,0,0,0,1,11.0,11.0,0.0%,DL,2014
25,26,Cameron Heyward,2,2,1.0,0,0,0,0,0,1,11.0,11.0,23.1%,DL,2014
26,27,Jared Crick,3,3,0.0,1,0,0,0,0,1,10.8,10.8,0.0%,DL,2014
27,28,Brandon Williams,3,2,0.5,0,0,0,0,0,1,10.5,10.5,0.2%,DL,2014
28,29,Desmond Bryant,2,1,1.0,0,0,0,0,0,1,10.3,10.3,0.0%,DL,2014
29,30,Stephen Paea,1,1,1.0,1,0,0,0,0,1,10.3,10.3,0.0%,DL,2014
30,31,Sen'Derrick Marks,4,0,0.0,1,0,0,0,0,1,10.0,10.0,0.0%,DL,2014
31,32,Leger Douzable,2,0,1.0,0,0,0,0,0,1,9.5,9.5,0.0%,DL,2014
32,33,Ziggy Hood,2,0,1.0,0,0,0,0,0,1,9.5,9.5,0.0%,DL,2014
33,34,Damontre Moore,2,0,1.0,0,0,0,0,0,1,9.5,9.5,0.0%,DL,2014
34,35,George Selvie,2,3,1.0,0,0,0,0,0,1,9.3,9.3,0.0%,DL,2014
35,36,Carlos Dunlap,4,1,0.0,0,0,0,0,0,1,9.3,9.3,3.0%,DL,2014
36,37,Chris Clemons,1,1,1.0,0,0,0,0,0,1,8.8,8.8,0.0%,DL,2014
37,38,Bruce Irvin,1,1,1.0,0,0,0,0,0,1,8.8,8.8,0.2%,DL,2014
38,39,Kamerion Wimbley,1,1,1.0,0,0,0,0,0,1,8.8,8.8,0.0%,DL,2014
39,40,Tom Johnson,1,1,1.0,0,0,0,0,0,1,8.8,8.8,0.0%,DL,2014
40,41,Johnathan Hankins,4,0,0.0,0,0,0,0,0,1,8.5,8.5,0.0%,DL,2014
41,42,Derek Wolfe,4,1,0.0,1,0,0,0,0,1,8.3,8.3,0.0%,DL,2014
42,43,Jonathan Newsome,1,0,1.0,0,0,0,0,0,1,8.0,8.0,0.0%,DL,2014
43,44,C.J. Wilson,1,0,1.0,0,0,0,0,0,1,8.0,8.0,0.0%,DL,2014
44,45,Karl Klug,1,0,1.0,0,0,0,0,0,1,8.0,8.0,0.0%,DL,2014
45,46,Malik Jackson,3,1,0.0,0,0,0,0,0,1,7.8,7.8,0.0%,DL,2014
46,47,Kendall Reyes,3,1,0.0,0,0,0,0,0,1,7.8,7.8,0.0%,DL,2014
47,48,Tyson Jackson,3,1,0.0,0,0,0,0,0,1,7.8,7.8,0.0%,DL,2014
48,49,Darryl Tapp,2,1,0.0,2,0,0,0,0,1,6.8,6.8,0.0%,DL,2014
49,50,Fletcher Cox,4,1,0.0,0,0,0,0,0,1,6.8,6.8,1.1%,DL,2014
50,51,William Hayes,2,1,0.0,0,0,0,0,0,1,6.3,6.3,2.0%,DL,2014
51,52,Justin Tuck,2,1,0.0,0,0,0,0,0,1,6.3,6.3,0.0%,DL,2014
52,53,Gerald McCoy,2,1,0.0,0,0,0,0,0,1,6.3,6.3,0.0%,DL,2014
53,54,Vince Wilfork,2,4,0.0,0,0,0,0,0,1,6.0,6.0,0.0%,DL,2014
54,55,Aaron Donald,4,0,0.0,0,0,0,0,0,1,6.0,6.0,11.7%,DL,2014
55,56,Jason Pierre-Paul,4,0,0.0,0,0,0,0,0,1,6.0,6.0,0.0%,DL,2014
56,57,Damon Harrison,4,0,0.0,0,0,0,0,0,1,6.0,6.0,0.0%,DL,2014
57,58,Brian Robison,1,3,0.5,0,0,0,0,0,1,5.8,5.8,0.0%,DL,2014
58,59,Jason Jones,2,1,0.5,0,0,0,0,0,1,5.8,5.8,0.0%,DL,2014
59,60,Linval Joseph,2,1,0.5,0,0,0,0,0,1,5.8,5.8,0.0%,DL,2014
60,61,Mike Patterson,2,0,0.0,0,0,0,0,0,1,5.5,5.5,0.0%,DL,2014
61,62,Josh Chapman,2,0,0.0,0,0,0,0,0,1,5.5,5.5,0.0%,DL,2014
62,63,Roy Miller,2,0,0.0,0,0,0,0,0,1,5.5,5.5,0.0%,DL,2014
63,64,Eugene Sims,2,0,0.0,0,0,0,0,0,1,5.5,5.5,0.0%,DL,2014
64,65,Ropati Pitoitua,2,0,0.0,0,0,0,0,0,1,5.5,5.5,0.0%,DL,2014
65,66,Earl Mitchell,2,0,0.0,0,0,0,0,0,1,5.5,5.5,0.0%,DL,2014
66,67,Michael Brockers,2,0,0.0,0,0,0,0,0,1,5.5,5.5,0.0%,DL,2014
67,68,Ishmaa'ily Kitchen,1,5,0.0,0,0,0,0,0,1,5.3,5.3,0.0%,DL,2014
68,69,Tony McDaniel,3,1,0.0,0,0,0,0,0,1,5.3,5.3,0.0%,DL,2014
69,70,Mathias Kiwanuka,3,1,0.0,0,0,0,0,0,1,5.3,5.3,0.0%,DL,2014
70,71,Kroy Biermann,3,1,0.0,0,0,0,0,0,1,5.3,5.3,0.0%,DL,2014
71,72,Kawann Short,3,1,0.0,0,0,0,0,0,1,5.3,5.3,0.0%,DL,2014
72,73,Star Lotulelei,3,0,0.0,0,0,0,0,0,1,4.5,4.5,0.0%,DL,2014
73,74,Cedric Thornton,3,0,0.0,0,0,0,0,0,1,4.5,4.5,0.0%,DL,2014
74,75,Chris Baker,3,0,0.0,0,0,0,0,0,1,4.5,4.5,0.0%,DL,2014
75,76,Casey Walker,3,0,0.0,0,0,0,0,0,1,4.5,4.5,0.0%,DL,2014
76,77,Brandon Mebane,2,2,0.0,0,0,0,0,0,1,4.5,4.5,0.0%,DL,2014
77,78,Ray McDonald,2,2,0.0,0,0,0,0,0,1,4.5,4.5,0.0%,DL,2014
78,79,William Gholston,2,2,0.0,0,0,0,0,0,1,4.5,4.5,1.6%,DL,2014
79,80,Jared Odrick,1,0,0.0,2,0,0,0,0,1,4.5,4.5,0.0%,DL,2014
80,81,Tony Jerod-Eddie,1,0,0.0,0,0,0,0,0,1,4.0,4.0,0.0%,DL,2014
81,82,Cliff Avril,1,0,0.0,0,0,0,0,0,1,4.0,4.0,0.1%,DL,2014
82,83,Nick Fairley,1,0,0.0,0,0,0,0,0,1,4.0,4.0,0.0%,DL,2014
83,84,Jordan Hill,0,0,0.0,0,0,0,1,0,1,4.0,4.0,0.0%,DL,2014
84,85,Chris McCain,1,0,0.0,0,0,0,0,0,1,4.0,4.0,0.0%,DL,2014
85,86,Da'Quan Bowers,0,0,0.0,0,0,0,1,0,1,4.0,4.0,0.0%,DL,2014
86,87,Sylvester Williams,1,0,0.0,0,0,0,0,0,1,4.0,4.0,0.0%,DL,2014
87,88,Zach Moore,0,0,0.0,0,0,0,1,0,1,4.0,4.0,0.0%,DL,2014
88,89,Haloti Ngata,2,1,0.0,0,0,0,0,0,1,3.8,3.8,0.0%,DL,2014
89,90,Jeremy Mincey,1,3,0.0,0,0,0,0,0,1,3.8,3.8,0.0%,DL,2014
90,91,Robert Geathers,1,1,0.0,1,0,0,0,0,1,3.8,3.8,0.0%,DL,2014
91,92,Domata Peko,2,1,0.0,0,0,0,0,0,1,3.8,3.8,0.0%,DL,2014
92,93,Justin Ellis,2,1,0.0,0,0,0,0,0,1,3.8,3.8,2.0%,DL,2014
93,94,Chris Jones,2,1,0.0,0,0,0,0,0,1,3.8,3.8,0.0%,DL,2014
94,95,Paul Soliai,2,1,0.0,0,0,0,0,0,1,3.8,3.8,0.0%,DL,2014
95,96,Justin Smith,2,1,0.0,0,0,0,0,0,1,3.8,3.8,0.0%,DL,2014
96,97,Marcell Dareus,2,1,0.0,0,0,0,0,0,1,3.8,3.8,0.0%,DL,2014
97,98,Kevin Williams,1,2,0.0,0,0,0,0,0,1,3.0,3.0,0.1%,DL,2014
98,99,Michael Johnson,2,0,0.0,0,0,0,0,0,1,3.0,3.0,0.0%,DL,2014
99,100,Tyrone Crawford,1,2,0.0,0,0,0,0,0,1,3.0,3.0,0.0%,DL,2014
100,101,Dan Williams,2,0,0.0,0,0,0,0,0,1,3.0,3.0,0.0%,DL,2014
101,102,Jonathan Babineaux,2,0,0.0,0,0,0,0,0,1,3.0,3.0,0.0%,DL,2014
102,103,Bennie Logan,2,0,0.0,0,0,0,0,0,1,3.0,3.0,0.0%,DL,2014
103,104,Shamar Stephen,2,0,0.0,0,0,0,0,0,1,3.0,3.0,0.0%,DL,2014
104,105,Letroy Guion,2,0,0.0,0,0,0,0,0,1,3.0,3.0,0.0%,DL,2014
105,106,Kyle Williams,2,0,0.0,0,0,0,0,0,1,3.0,3.0,3.7%,DL,2014
106,107,Wallace Gilberry,1,2,0.0,0,0,0,0,0,1,3.0,3.0,0.0%,DL,2014
107,108,Jabaal Sheard,1,2,0.0,0,0,0,0,0,1,3.0,3.0,0.0%,DL,2014
108,109,Markus Kuhn,2,0,0.0,0,0,0,0,0,1,3.0,3.0,0.0%,DL,2014
109,110,Terrence Fede,2,0,0.0,0,0,0,0,0,1,3.0,3.0,0.0%,DL,2014
110,111,Corey Liuget,2,0,0.0,0,0,0,0,0,1,3.0,3.0,0.0%,DL,2014
111,112,Abry Jones,2,0,0.0,0,0,0,0,0,1,3.0,3.0,0.0%,DL,2014
112,113,Terrance Knighton,1,2,0.0,0,0,0,0,0,1,3.0,3.0,0.0%,DL,2014
113,114,Brooks Reed,1,2,0.0,0,0,0,0,0,1,3.0,3.0,0.0%,DL,2014
114,115,Jason Hatcher,0,1,0.5,0,0,0,0,0,1,2.8,2.8,0.0%,DL,2014
115,116,C.J. Mosley,0,1,0.5,0,0,0,0,0,1,2.8,2.8,0.0%,DL,2014
116,117,Quanterus Smith,0,1,0.0,1,0,0,0,0,1,2.3,2.3,0.0%,DL,2014
117,118,Antonio Smith,1,1,0.0,0,0,0,0,0,1,2.3,2.3,0.0%,DL,2014
118,119,Kony Ealy,1,1,0.0,0,0,0,0,0,1,2.3,2.3,0.0%,DL,2014
119,120,Tommy Kelly,1,1,0.0,0,0,0,0,0,1,2.3,2.3,0.0%,DL,2014
120,121,Wes Horton,1,1,0.0,0,0,0,0,0,1,2.3,2.3,0.0%,DL,2014
121,122,John Hughes,0,1,0.0,1,0,0,0,0,1,2.3,2.3,0.0%,DL,2014
122,123,Ryan Pickett,0,1,0.0,1,0,0,0,0,1,2.3,2.3,0.0%,DL,2014
123,124,Anthony Spencer,0,3,0.0,0,0,0,0,0,1,2.3,2.3,0.0%,DL,2014
124,125,Brett Keisel,1,1,0.0,0,0,0,0,0,1,2.3,2.3,0.0%,DL,2014
125,126,Tim Jamison,1,0,0.0,0,0,0,0,0,1,1.5,1.5,0.0%,DL,2014
126,127,Will Sutton,0,0,0.0,1,0,0,0,0,1,1.5,1.5,0.0%,DL,2014
127,128,Mike Daniels,1,0,0.0,0,0,0,0,0,1,1.5,1.5,0.0%,DL,2014
128,129,Ed Stinson,1,0,0.0,0,0,0,0,0,1,1.5,1.5,0.0%,DL,2014
129,130,Stefan Charles,1,0,0.0,0,0,0,0,0,1,1.5,1.5,0.0%,DL,2014
130,131,Quinton Coples,1,0,0.0,0,0,0,0,0,1,1.5,1.5,0.0%,DL,2014
131,132,Michael Bennett,1,0,0.0,0,0,0,0,0,1,1.5,1.5,0.0%,DL,2014
132,133,Red Bryant,1,0,0.0,0,0,0,0,0,1,1.5,1.5,0.0%,DL,2014
133,134,Mike Martin,1,0,0.0,0,0,0,0,0,1,1.5,1.5,0.0%,DL,2014
134,135,Jarvis Jenkins,1,0,0.0,0,0,0,0,0,1,1.5,1.5,0.0%,DL,2014
135,136,Montori Hughes,1,0,0.0,0,0,0,0,0,1,1.5,1.5,0.0%,DL,2014
136,137,Demarcus Dobbs,1,0,0.0,0,0,0,0,0,1,1.5,1.5,0.0%,DL,2014
137,138,Devon Still,1,0,0.0,0,0,0,0,0,1,1.5,1.5,0.0%,DL,2014
138,139,Malliciah Goodman,0,2,0.0,0,0,0,0,0,1,1.5,1.5,0.0%,DL,2014
139,140,Ego Ferguson,0,0,0.0,1,0,0,0,0,1,1.5,1.5,0.0%,DL,2014
140,141,Dwan Edwards,0,2,0.0,0,0,0,0,0,1,1.5,1.5,0.0%,DL,2014
141,142,Zach Kerr,1,0,0.0,0,0,0,0,0,1,1.5,1.5,0.0%,DL,2014
142,143,Colin Cole,0,2,0.0,0,0,0,0,0,1,1.5,1.5,0.0%,DL,2014
143,144,Cam Thomas,1,0,0.0,0,0,0,0,0,1,1.5,1.5,0.0%,DL,2014
144,145,Frostee Rucker,1,0,0.0,0,0,0,0,0,1,1.5,1.5,0.0%,DL,2014
145,146,Nick Hayden,0,2,0.0,0,0,0,0,0,1,1.5,1.5,0.0%,DL,2014
146,147,Geno Atkins,1,0,0.0,0,0,0,0,0,1,1.5,1.5,0.0%,DL,2014
147,148,Henry Melton,0,0,0.0,1,0,0,0,0,1,1.5,1.5,0.0%,DL,2014
148,149,Mike Pennel,1,0,0.0,0,0,0,0,0,1,1.5,1.5,0.4%,DL,2014
149,150,Corey Peters,1,0,0.0,0,0,0,0,0,1,1.5,1.5,2.0%,DL,2014
150,151,Al Woods,1,0,0.0,0,0,0,0,0,1,1.5,1.5,0.0%,DL,2014
151,152,Andre Branch,0,1,0.0,0,0,0,0,0,1,0.8,0.8,0.0%,DL,2014
152,153,Mario Addison,0,1,0.0,0,0,0,0,0,1,0.8,0.8,4.0%,DL,2014
153,154,Randy Starks,0,1,0.0,0,0,0,0,0,1,0.8,0.8,0.0%,DL,2014
154,155,Sean Lissemore,0,1,0.0,0,0,0,0,0,1,0.8,0.8,0.0%,DL,2014
155,156,Pat Sims,0,1,0.0,0,0,0,0,0,1,0.8,0.8,0.0%,DL,2014
156,157,Cory Redding,0,1,0.0,0,0,0,0,0,1,0.8,0.8,0.0%,DL,2014
157,158,Stephon Tuitt,0,1,0.0,0,0,0,0,0,1,0.8,0.8,0.1%,DL,2014
158,159,Sharrif Floyd,0,1,0.0,0,0,0,0,0,1,0.8,0.8,0.0%,DL,2014
159,160,Jarius Wynn,0,1,0.0,0,0,0,0,0,1,0.8,0.8,0.0%,DL,2014
160,161,Jacquies Smith,0,0,0.0,0,0,0,0,0,1,0.0,0.0,0.0%,DL,2014
161,162,Anthony Johnson,0,0,0.0,0,0,0,0,0,1,0.0,0.0,0.0%,DL,2014
162,163,Sammie Lee,0,0,0.0,0,0,0,0,0,1,0.0,0.0,0.0%,DL,2014
163,164,Corey Washington,0,0,0.0,0,0,0,0,0,1,0.0,0.0,0.0%,DL,2014
164,165,Jayrone Elliott,0,0,0.0,0,0,0,0,0,1,0.0,0.0,0.0%,DL,2014
165,166,Luther Robinson,0,0,0.0,0,0,0,0,0,1,0.0,0.0,0.0%,DL,2014
166,167,Tenny Palepoi,0,0,0.0,0,0,0,0,0,1,0.0,0.0,0.0%,DL,2014
167,168,Caraun Reid,0,0,0.0,0,0,0,0,0,1,0.0,0.0,0.0%,DL,2014
168,169,Cassius Marsh,0,0,0.0,0,0,0,0,0,1,0.0,0.0,1.0%,DL,2014
169,170,Ryan Carrethers,0,0,0.0,0,0,0,0,0,1,0.0,0.0,0.0%,DL,2014
170,171,Devon Kennard,0,0,0.0,0,0,0,0,0,1,0.0,0.0,0.0%,DL,2014
171,172,Jeoffrey Pagan,0,0,0.0,0,0,0,0,0,1,0.0,0.0,0.0%,DL,2014
172,173,Beau Allen,0,0,0.0,0,0,0,0,0,1,0.0,0.0,0.0%,DL,2014
173,174,Kareem Martin,0,0,0.0,0,0,0,0,0,1,0.0,0.0,0.0%,DL,2014
174,175,Trent Murphy,0,0,0.0,0,0,0,0,0,1,0.0,0.0,0.0%,DL,2014
175,176,Aaron Lynch,0,0,0.0,0,0,0,0,0,1,0.0,0.0,0.0%,DL,2014
176,177,Ra'Shede Hageman,0,0,0.0,0,0,0,0,0,1,0.0,0.0,0.0%,DL,2014
177,178,Khalil Mack,2,0,0.0,0,0,0,0,0,1,0.0,0.0,52.8%,DL,2014
178,179,Jeremiah Attaochu,0,1,0.0,0,0,0,0,0,1,0.0,0.0,0.0%,DL,2014
179,180,Marcus Smith,0,0,0.0,0,0,0,0,0,1,0.0,0.0,0.0%,DL,2014
180,181,Ethan Westbrooks,0,0,0.0,0,0,0,0,0,1,0.0,0.0,0.0%,DL,2014
181,182,Ryan Davis,0,0,0.0,0,0,0,0,0,1,0.0,0.0,0.0%,DL,2014
182,183,Jay Ratliff,0,0,0.0,0,0,0,0,0,1,0.0,0.0,0.0%,DL,2014
183,184,Elvis Dumervil,2,2,1.5,0,0,1,0,0,1,0.0,0.0,0.0%,DL,2014
184,185,Jason Babin,0,2,0.0,0,0,0,0,0,1,0.0,0.0,0.0%,DL,2014
185,186,Jared Allen,2,0,1.0,0,0,0,0,0,1,0.0,0.0,0.0%,DL,2014
186,187,Cullen Jenkins,0,0,0.0,0,0,0,0,0,1,0.0,0.0,0.0%,DL,2014
187,188,Kedric Golston,0,0,0.0,0,0,0,0,0,1,0.0,0.0,0.0%,DL,2014
188,189,Ahmad Brooks,5,0,2.0,0,0,0,0,0,1,0.0,0.0,0.0%,DL,2014
189,190,Lawrence Guy,0,0,0.0,0,0,0,0,0,1,0.0,0.0,4.0%,DL,2014
190,191,Frank Kearse,0,0,0.0,0,0,0,0,0,1,0.0,0.0,0.0%,DL,2014
191,192,Jerrell Powe,0,0,0.0,0,0,0,0,0,1,0.0,0.0,0.0%,DL,2014
192,193,Pernell McPhee,1,0,1.0,0,0,0,0,0,1,0.0,0.0,0.0%,DL,2014
193,194,Von Miller,3,3,2.0,1,0,0,0,0,1,0.0,0.0,2.5%,DL,2014
194,195,Robert Quinn,3,0,0.0,0,0,0,0,0,1,0.0,0.0,1.2%,DL,2014
195,196,Marvin Austin,0,0,0.0,0,0,0,0,0,1,0.0,0.0,0.0%,DL,2014
196,197,Terrell McClain,0,0,0.0,0,0,0,0,0,1,0.0,0.0,0.0%,DL,2014
197,198,Kenrick Ellis,0,0,0.0,0,0,0,0,0,1,0.0,0.0,0.0%,DL,2014
198,199,Terrell Suggs,2,0,1.0,0,0,0,0,0,1,0.0,0.0,0.0%,DL,2014
199,200,Osi Umenyiora,0,0,0.0,0,0,0,0,0,1,0.0,0.0,0.0%,DL,2014
200,201,Dwight Freeney,0,0,0.0,0,0,0,0,0,1,0.0,0.0,0.0%,DL,2014
201,202,Steve McLendon,0,0,0.0,0,0,0,0,0,1,0.0,0.0,0.0%,DL,2014
202,203,Nate Chandler,0,0,0.0,0,0,0,0,0,1,0.0,0.0,0.0%,DL,2014
203,204,DeAngelo Tyson,0,0,0.0,0,0,0,0,0,1,0.0,0.0,0.0%,DL,2014
204,205,Chandler Jones,4,1,1.0,0,0,1,1,0,1,0.0,0.0,0.5%,DL,2014
205,206,Whitney Mercilus,3,3,0.0,0,0,0,0,0,1,0.0,0.0,0.2%,DL,2014
206,207,Courtney Upshaw,1,1,0.0,0,0,0,0,0,1,0.0,0.0,0.0%,DL,2014
207,208,Alameda Ta'amu,0,0,0.0,0,0,0,0,0,1,0.0,0.0,0.0%,DL,2014
208,209,Christo Bilukidi,0,0,0.0,0,0,0,0,0,1,0.0,0.0,0.0%,DL,2014
209,210,Scott Solomon,3,0,0.0,0,0,0,0,0,1,0.0,0.0,0.0%,DL,2014
210,211,Benson Mayowa,0,0,0.0,0,0,0,0,0,1,0.0,0.0,0.0%,DL,2014
211,212,Armonty Bryant,1,1,0.0,0,0,0,0,0,1,0.0,0.0,0.0%,DL,2014
212,213,Stacy McGee,0,0,0.0,0,0,0,0,0,1,0.0,0.0,0.0%,DL,2014
213,214,Lavar Edwards,0,0,0.0,0,0,0,0,0,1,0.0,0.0,0.0%,DL,2014
214,215,Stansly Maponga,0,0,0.0,0,0,0,0,0,1,0.0,0.0,1.0%,DL,2014
215,216,Devin Taylor,0,0,0.0,0,0,0,0,0,1,0.0,0.0,0.0%,DL,2014
216,217,John Simon,1,1,1.0,0,0,0,0,0,1,0.0,0.0,0.0%,DL,2014
217,218,Margus Hunt,0,0,0.0,0,0,0,0,0,1,0.0,0.0,0.0%,DL,2014
218,219,Akeem Spence,0,0,0.0,0,0,0,0,0,1,0.0,0.0,0.0%,DL,2014
219,220,Cornelius Washington,0,0,0.0,0,0,0,0,0,1,0.0,0.0,0.0%,DL,2014
220,221,Barkevious Mingo,1,0,0.0,0,0,0,0,0,1,0.0,0.0,6.0%,DL,2014
221,222,Josh Boyd,0,0,0.0,0,0,0,0,0,1,0.0,0.0,0.0%,DL,2014
222,223,Tourek Williams,0,0,0.0,0,0,0,0,0,1,0.0,0.0,0.0%,DL,2014
223,224,Paul Kruger,2,0,0.0,0,0,0,0,0,1,0.0,0.0,0.0%,DL,2014
224,225,Robert Ayers,0,0,0.0,0,0,0,0,0,1,0.0,0.0,0.0%,DL,2014
225,226,Marcus Benard,0,0,0.0,0,0,0,0,0,1,0.0,0.0,0.0%,DL,2014
226,227,Derrick Morgan,1,1,0.0,1,0,0,0,0,1,0.0,0.0,0.0%,DL,2014
227,228,Clay Matthews,1,0,0.0,1,0,1,0,0,1,0.0,0.0,0.0%,DL,2014
228,229,Corey Wootton,0,0,0.0,0,0,0,0,0,1,0.0,0.0,0.0%,DL,2014
229,230,Kendall Langford,0,0,0.0,0,0,0,0,0,1,0.0,0.0,0.0%,DL,2014
230,231,Trevor Scott,0,0,0.0,0,0,0,0,0,1,0.0,0.0,0.0%,DL,2014
231,232,Cameron Wake,2,1,1.5,0,0,0,0,0,1,0.0,0.0,0.0%,DL,2014
232,233,Ricardo Mathews,0,0,0.0,0,0,0,0,0,1,0.0,0.0,0.0%,DL,2014
233,234,Corbin Bryant,0,0,0.0,0,0,0,0,0,1,0.0,0.0,0.0%,DL,2014
234,235,Tyson Alualu,0,0,0.0,0,0,0,0,0,1,0.0,0.0,0.0%,DL,2014
235,236,Willie Young,3,0,2.0,0,0,0,0,0,1,0.0,0.0,0.0%,DL,2014
236,237,Lamarr Houston,1,0,0.0,0,0,0,0,0,1,0.0,0.0,0.0%,DL,2014
237,238,Mike Neal,1,0,1.0,0,0,0,0,0,1,0.0,0.0,0.0%,DL,2014
238,239,Dekoda Watson,0,0,0.0,0,0,0,0,0,1,0.0,0.0,0.0%,DL,2014
239,240,Arthur Moats,0,0,0.0,0,0,0,0,0,1,0.0,0.0,0.0%,DL,2014
240,241,Clifton Geathers,0,0,0.0,0,0,0,0,0,1,0.0,0.0,0.0%,DL,2014
241,242,Justin Jones,0,0,0.0,0,0,0,0,0,1,0.0,0.0,2.9%,DL,2014
242,243,John Denney,0,0,0.0,0,0,0,0,0,1,0.0,0.0,0.0%,DL,2014
