,Rank,Player,Field Goals,Field Attempts,Percentage,Longest Field,1-19 Yards,20-29 Yards,30-39 Yards,40-49 Yards,50+ Yards,Extra Points Made,Extra Points Attempted,Games Played,Fantasy Football Points,FTPS/Game,ROST,Position,Year
0,1,Matt Bryant,3,3,100.0,52,0,0,0,1,2,4,4,1,18.0,18.0,1.1%,K,2014
1,2,Mike Nugent,5,6,83.3,49,0,2,1,2,0,0,0,1,17.0,17.0,1.0%,K,2014
2,3,Ryan Succop,4,4,100.0,47,0,0,2,2,0,2,2,1,16.0,16.0,0.0%,K,2014
3,4,Caleb Sturgis,4,4,100.0,38,0,3,1,0,0,3,3,1,15.0,15.0,0.0%,K,2014
4,5,Blair Walsh,2,2,100.0,52,0,0,0,1,1,4,4,1,13.0,13.0,0.1%,K,2014
5,6,Dan Carpenter,3,3,100.0,50,0,1,1,0,1,2,2,1,13.0,13.0,0.2%,K,2014
6,7,Shaun Suisham,3,3,100.0,41,0,0,2,1,0,3,3,1,13.0,13.0,0.0%,K,2014
7,8,Cody Parkey,2,2,100.0,51,0,1,0,0,1,4,4,1,12.0,12.0,0.1%,K,2014
8,9,Shayne Graham,2,2,100.0,50,0,0,1,0,1,4,4,1,12.0,12.0,0.0%,K,2014
9,10,Stephen Gostkowski,2,2,100.0,47,0,0,0,2,0,2,2,1,10.0,10.0,0.1%,K,2014
10,11,Stephen Hauschka,2,2,100.0,35,0,1,1,0,0,4,4,1,10.0,10.0,0.0%,K,2014
11,12,Nick Folk,2,2,100.0,45,0,0,0,2,0,1,1,1,9.0,9.0,9.5%,K,2014
12,13,Robbie Gould,2,2,100.0,41,0,0,1,1,0,2,2,1,9.0,9.0,0.1%,K,2014
13,14,Nate Freese,2,3,66.7,28,0,2,0,0,0,3,3,1,9.0,9.0,0.0%,K,2014
14,15,Greg Zuerlein,2,3,66.7,56,0,0,0,1,1,0,0,1,9.0,9.0,43.3%,K,2014
15,16,Billy Cundiff,2,2,100.0,39,0,1,1,0,0,3,3,1,9.0,9.0,0.0%,K,2014
16,17,Graham Gano,2,3,66.7,33,0,1,1,0,0,2,2,1,8.0,8.0,1.3%,K,2014
17,18,Brandon McManus,1,1,100.0,21,0,1,0,0,0,4,4,1,7.0,7.0,18.2%,K,2014
18,19,Chandler Catanzaro,2,2,100.0,44,0,1,0,1,0,0,0,1,7.0,7.0,0.0%,K,2014
19,20,Josh Scobee,1,3,33.3,49,0,0,0,1,0,2,2,1,6.0,6.0,0.0%,K,2014
20,21,Randy Bullock,1,1,100.0,42,0,0,0,1,0,2,2,1,6.0,6.0,0.1%,K,2014
21,22,Adam Vinatieri,1,1,100.0,25,0,1,0,0,0,3,3,1,6.0,6.0,0.2%,K,2014
22,23,Nick Novak,1,1,100.0,36,0,0,1,0,0,2,2,1,5.0,5.0,0.1%,K,2014
23,24,Dan Bailey,1,1,100.0,29,0,1,0,0,0,2,2,1,5.0,5.0,0.0%,K,2014
24,25,Cairo Santos,1,2,50.0,35,0,0,1,0,0,1,1,1,4.0,4.0,26.1%,K,2014
25,26,Mason Crosby,1,1,100.0,23,0,1,0,0,0,1,1,1,4.0,4.0,0.1%,K,2014
26,27,Phil Dawson,0,1,0.0,0,0,0,0,0,0,4,4,1,4.0,4.0,0.1%,K,2014
27,28,Justin Tucker,1,2,50.0,38,0,0,1,0,0,1,1,1,4.0,4.0,98.7%,K,2014
28,29,Josh Brown,0,0,0.0,0,0,0,0,0,0,2,2,1,2.0,2.0,0.0%,K,2014
29,30,Patrick Murray,0,0,0.0,0,0,0,0,0,0,2,2,1,2.0,2.0,1.0%,K,2014
30,31,Sebastian Janikowski,0,0,0.0,0,0,0,0,0,0,2,2,1,2.0,2.0,20.0%,K,2014
31,32,Jordan Gay,0,0,0.0,0,0,0,0,0,0,0,0,1,0.0,0.0,0.0%,K,2014
32,33,Jonathan Brown,0,0,0.0,0,0,0,0,0,0,0,0,1,0.0,0.0,0.0%,K,2014
33,34,Kai Forbath,0,0,0.0,0,0,0,0,0,0,0,0,1,0.0,0.0,3.0%,K,2014
