,Rank,Player,Tackle,Assist,Sack,Pass Defended,Interception,Forced Fumble,Fumble Recovery,Defend Touchdown,Games Played,Fantasy Football Points,FTPS/Game,ROST,Position,Year
0,1,David Harris,6,3,2.0,3,0,1,0,0,1,30.3,30.3,4.0%,LB,2014
1,2,Bruce Carter,7,4,0.0,2,2,0,0,0,1,29.0,29.0,0.0%,LB,2014
2,3,Pernell McPhee,4,1,2.0,1,0,0,0,0,1,23.8,23.8,0.0%,LB,2014
3,4,Audie Cole,11,3,0.0,1,0,0,0,0,1,22.8,22.8,0.0%,LB,2014
4,5,Michael Wilhoite,8,1,0.0,1,1,0,0,0,1,21.8,21.8,0.0%,LB,2014
5,6,Telvin Smith,11,5,0.0,0,0,0,0,0,1,20.3,20.3,0.1%,LB,2014
6,7,Bobby Wagner,5,5,0.0,1,0,0,0,0,1,17.8,17.8,72.4%,LB,2014
7,8,Keenan Robinson,7,3,0.0,1,0,0,0,0,1,16.8,16.8,0.0%,LB,2014
8,9,Paul Kruger,3,2,1.0,0,0,1,0,0,1,16.5,16.5,0.0%,LB,2014
9,10,Demario Davis,4,0,1.0,0,0,0,1,0,1,16.5,16.5,22.3%,LB,2014
10,11,Manti Te'o,9,4,0.0,0,0,0,0,0,1,16.5,16.5,0.1%,LB,2014
11,12,Jamie Collins,1,4,1.0,0,0,1,1,0,1,16.5,16.5,0.0%,LB,2014
12,13,Christian Jones,6,1,1.0,0,0,0,0,0,1,16.3,16.3,0.0%,LB,2014
13,14,Luke Kuechly,6,2,0.0,2,0,0,0,0,1,16.0,16.0,92.3%,LB,2014
14,15,Terrell Suggs,2,1,1.0,1,0,0,1,0,1,15.8,15.8,0.0%,LB,2014
15,16,Mark Herzlich,5,2,1.0,0,0,0,0,0,1,15.5,15.5,1.0%,LB,2014
16,17,Clay Matthews,3,0,1.0,1,0,0,0,0,1,15.0,15.0,0.0%,LB,2014
17,18,Gerald Hodges,6,5,0.5,0,0,0,0,0,1,14.8,14.8,0.0%,LB,2014
18,19,Craig Robertson,5,3,0.0,0,0,0,0,0,1,14.8,14.8,0.0%,LB,2014
19,20,Ray-Ray Armstrong,6,2,0.0,0,0,1,0,0,1,14.5,14.5,0.0%,LB,2014
20,21,Jon Bostic,6,4,0.0,0,0,0,0,0,1,14.5,14.5,0.0%,LB,2014
21,22,Von Miller,3,1,1.0,0,0,0,0,0,1,14.3,14.3,2.5%,LB,2014
22,23,DeAndre Levy,8,3,0.0,0,0,0,0,0,1,14.3,14.3,0.0%,LB,2014
23,24,Jason Worilds,5,0,1.0,0,0,0,0,0,1,14.0,14.0,0.0%,LB,2014
24,25,J.T. Thomas,7,1,0.0,0,0,0,0,0,1,13.8,13.8,0.0%,LB,2014
25,26,D'Qwell Jackson,6,3,0.0,0,0,0,0,0,1,13.8,13.8,0.0%,LB,2014
26,27,Tank Carradine,3,0,1.0,0,0,0,0,0,1,13.5,13.5,0.0%,LB,2014
27,28,Lawrence Timmons,7,4,0.0,0,0,0,0,0,1,13.5,13.5,0.1%,LB,2014
28,29,Joshua Mauga,4,4,0.5,0,0,0,0,0,1,13.5,13.5,0.0%,LB,2014
29,30,Curtis Lofton,7,3,0.0,0,0,0,0,0,1,12.8,12.8,0.0%,LB,2014
30,31,Alec Ogletree,3,5,0.0,0,0,1,0,0,1,12.3,12.3,2.0%,LB,2014
31,32,Rey Maualuga,5,1,0.0,1,0,0,0,0,1,12.3,12.3,0.0%,LB,2014
32,33,Jason Trusnik,2,0,0.0,0,0,0,1,0,1,12.0,12.0,0.0%,LB,2014
33,34,Jameel McClain,6,2,0.0,1,0,0,0,0,1,12.0,12.0,0.0%,LB,2014
34,35,Thomas Davis,2,2,0.5,1,0,0,1,0,1,12.0,12.0,0.0%,LB,2014
35,36,Kevin Minter,6,0,0.0,0,0,0,0,0,1,11.5,11.5,0.0%,LB,2014
36,37,Prince Shembo,5,2,0.0,0,0,0,0,0,1,11.5,11.5,0.0%,LB,2014
37,38,Glenn Carson,6,3,0.0,0,0,0,0,0,1,11.3,11.3,0.0%,LB,2014
38,39,Todd Davis,5,1,0.0,2,0,0,0,0,1,11.3,11.3,0.0%,LB,2014
39,40,David Bass,2,2,1.0,0,0,0,0,0,1,11.0,11.0,0.0%,LB,2014
40,41,Joplo Bartu,2,2,1.0,0,0,0,0,0,1,11.0,11.0,0.0%,LB,2014
41,42,Whitney Mercilus,3,0,1.0,0,0,0,0,0,1,11.0,11.0,0.2%,LB,2014
42,43,Andrew Jackson,3,0,1.0,0,0,0,0,0,1,11.0,11.0,0.0%,LB,2014
43,44,Sean Spence,2,2,1.0,0,0,0,0,0,1,11.0,11.0,0.0%,LB,2014
44,45,James Laurinaitis,4,6,0.0,0,0,0,0,0,1,10.5,10.5,0.0%,LB,2014
45,46,Josh McNary,3,2,0.5,0,0,0,0,0,1,10.5,10.5,0.0%,LB,2014
46,47,Karlos Dansby,6,2,0.0,0,0,0,0,0,1,10.5,10.5,0.1%,LB,2014
47,48,Lerentee McCray,1,1,1.0,0,0,1,0,0,1,10.3,10.3,4.0%,LB,2014
48,49,Junior Galette,2,1,1.0,0,0,0,0,0,1,10.3,10.3,0.0%,LB,2014
49,50,Nick Moody,4,2,0.0,0,0,0,0,0,1,10.0,10.0,0.0%,LB,2014
50,51,Derrick Morgan,5,0,0.0,0,0,0,0,0,1,10.0,10.0,0.0%,LB,2014
51,52,Lavonte David,3,2,0.0,0,0,1,0,0,1,10.0,10.0,52.4%,LB,2014
52,53,Vincent Rey,4,3,0.0,1,0,0,0,0,1,9.8,9.8,0.0%,LB,2014
53,54,Jonathan Casillas,4,5,0.0,0,0,0,0,0,1,9.8,9.8,0.0%,LB,2014
54,55,Aaron Lynch,2,0,1.0,0,0,0,0,0,1,9.5,9.5,0.0%,LB,2014
55,56,O'Brien Schofield,2,0,1.0,0,0,0,0,0,1,9.5,9.5,0.0%,LB,2014
56,57,Jelani Jenkins,4,1,0.0,0,0,0,0,0,1,9.3,9.3,0.0%,LB,2014
57,58,Joe Mays,3,1,0.0,0,0,0,1,0,1,9.3,9.3,0.0%,LB,2014
58,59,Adarius Taylor,3,1,0.0,0,0,1,0,0,1,9.3,9.3,0.0%,LB,2014
59,60,Preston Brown,4,1,0.0,0,0,0,0,0,1,9.3,9.3,0.0%,LB,2014
60,61,Daryl Smith,3,6,0.0,0,0,0,0,0,1,9.0,9.0,0.0%,LB,2014
61,62,David Hawthorne,5,2,0.0,0,0,0,0,0,1,9.0,9.0,0.0%,LB,2014
62,63,Sam Barrington,5,2,0.0,0,0,0,0,0,1,9.0,9.0,0.0%,LB,2014
63,64,Geno Hayes,1,1,1.0,0,0,0,0,0,1,8.8,8.8,0.0%,LB,2014
64,65,Sam Acho,1,1,1.0,0,0,0,0,0,1,8.8,8.8,0.0%,LB,2014
65,66,Nick Perry,3,0,0.0,0,0,1,0,0,1,8.5,8.5,0.0%,LB,2014
66,67,Ryan Shazier,3,2,0.0,0,0,0,0,0,1,8.5,8.5,0.1%,LB,2014
67,68,K.J. Wright,4,3,0.0,0,0,0,0,0,1,8.3,8.3,0.0%,LB,2014
68,69,Miles Burris,5,1,0.0,0,0,0,0,0,1,8.3,8.3,0.0%,LB,2014
69,70,Akeem Ayers,1,0,1.0,0,0,0,0,0,1,8.0,8.0,0.0%,LB,2014
70,71,Dwight Freeney,1,0,1.0,0,0,0,0,0,1,8.0,8.0,0.0%,LB,2014
71,72,Mark Barron,1,0,1.0,0,0,0,0,0,1,8.0,8.0,0.0%,LB,2014
72,73,Ramon Humber,5,0,0.0,0,0,0,0,0,1,7.5,7.5,0.0%,LB,2014
73,74,Mychal Kendricks,4,2,0.0,0,0,0,0,0,1,7.5,7.5,0.0%,LB,2014
74,75,C.J. Mosley,3,4,0.0,0,0,0,0,0,1,7.5,7.5,65.7%,LB,2014
75,76,Perry Riley,2,6,0.0,0,0,0,0,0,1,7.5,7.5,0.0%,LB,2014
76,77,Kavell Conner,3,0,0.0,0,0,0,0,0,1,7.0,7.0,0.0%,LB,2014
77,78,Wesley Woodyard,4,1,0.0,0,0,0,0,0,1,6.8,6.8,0.0%,LB,2014
78,79,Paul Worrilow,3,3,0.0,0,0,0,0,0,1,6.8,6.8,0.0%,LB,2014
79,80,Cameron Lawrence,2,5,0.0,0,0,0,0,0,1,6.8,6.8,0.0%,LB,2014
80,81,Shea McClellin,2,1,0.0,0,0,0,0,0,1,6.3,6.3,0.0%,LB,2014
81,82,Casey Matthews,2,1,0.0,0,0,0,0,0,1,6.3,6.3,0.0%,LB,2014
82,83,Andrew Gachkar,1,1,1.0,0,0,0,0,0,1,6.3,6.3,0.0%,LB,2014
83,84,Akeem Dent,4,0,0.0,0,0,0,0,0,1,6.0,6.0,0.0%,LB,2014
84,85,Elvis Dumervil,3,2,0.0,0,0,0,0,0,1,6.0,6.0,0.0%,LB,2014
85,86,Dane Fletcher,4,0,0.0,0,0,0,0,0,1,6.0,6.0,0.0%,LB,2014
86,87,Tahir Whitehead,2,2,0.0,1,0,0,0,0,1,6.0,6.0,0.0%,LB,2014
87,88,Chandler Jones,3,2,0.0,0,0,0,0,0,1,6.0,6.0,0.5%,LB,2014
88,89,Cameron Wake,2,1,0.0,1,0,0,0,0,1,5.3,5.3,0.0%,LB,2014
89,90,Trent Cole,3,1,0.0,0,0,0,0,0,1,5.3,5.3,0.0%,LB,2014
90,91,Nigel Bradham,3,1,0.0,0,0,0,0,0,1,5.3,5.3,0.0%,LB,2014
91,92,Darius Fleming,1,5,0.0,0,0,0,0,0,1,5.3,5.3,0.0%,LB,2014
92,93,Koa Misi,2,1,0.0,1,0,0,0,0,1,5.3,5.3,0.0%,LB,2014
93,94,Jarret Johnson,1,1,0.0,0,0,0,0,0,1,4.8,4.8,0.0%,LB,2014
94,95,DeMarcus Ware,3,0,0.0,0,0,0,0,0,1,4.5,4.5,0.0%,LB,2014
95,96,Avery Williamson,2,2,0.0,0,0,0,0,0,1,4.5,4.5,0.0%,LB,2014
96,97,Emmanuel Lamur,3,0,0.0,0,0,0,0,0,1,4.5,4.5,0.0%,LB,2014
97,98,James Harrison,2,2,0.0,0,0,0,0,0,1,4.5,4.5,0.0%,LB,2014
98,99,Orie Lemon,3,0,0.0,0,0,0,0,0,1,4.5,4.5,0.0%,LB,2014
99,100,Manny Lawson,1,1,0.5,0,0,0,0,0,1,4.3,4.3,0.0%,LB,2014
100,101,Ty Powell,1,0,0.0,0,0,0,0,0,1,4.0,4.0,0.0%,LB,2014
101,102,Jason Williams,2,1,0.0,0,0,0,0,0,1,3.8,3.8,0.0%,LB,2014
102,103,Jared Allen,1,1,0.0,1,0,0,0,0,1,3.8,3.8,0.0%,LB,2014
103,104,Emmanuel Acho,1,3,0.0,0,0,0,0,0,1,3.8,3.8,0.0%,LB,2014
104,105,Corey Nelson,1,1,0.0,1,0,0,0,0,1,3.8,3.8,0.0%,LB,2014
105,106,Deone Bucannon,1,3,0.0,0,0,0,0,0,1,3.8,3.8,0.0%,LB,2014
106,107,Tamba Hali,2,0,0.0,0,0,0,0,0,1,3.0,3.0,2.0%,LB,2014
107,108,Calvin Pace,1,0,0.0,1,0,0,0,0,1,3.0,3.0,0.0%,LB,2014
108,109,Kelvin Sheppard,2,0,0.0,0,0,0,0,0,1,3.0,3.0,1.0%,LB,2014
109,110,Khalil Mack,2,0,0.0,0,0,0,0,0,1,3.0,3.0,52.8%,LB,2014
110,111,Dan Skuta,1,2,0.0,0,0,0,0,0,1,3.0,3.0,0.0%,LB,2014
111,112,Mike Neal,2,0,0.0,0,0,0,0,0,1,3.0,3.0,0.0%,LB,2014
112,113,Parys Haralson,1,1,0.0,0,0,0,0,0,1,2.3,2.3,0.0%,LB,2014
113,114,Jasper Brinkley,1,1,0.0,0,0,0,0,0,1,2.3,2.3,0.0%,LB,2014
114,115,Steven Johnson,1,1,0.0,0,0,0,0,0,1,2.3,2.3,0.0%,LB,2014
115,116,Scott Solomon,0,3,0.0,0,0,0,0,0,1,2.3,2.3,0.0%,LB,2014
116,117,A.J. Hawk,1,1,0.0,0,0,0,0,0,1,2.3,2.3,0.0%,LB,2014
117,118,Danny Lansanah,1,1,0.0,0,0,0,0,0,1,2.3,2.3,0.0%,LB,2014
118,119,Kyle Wilber,1,1,0.0,0,0,0,0,0,1,2.3,2.3,0.0%,LB,2014
119,120,Ben Jacobs,0,1,0.0,1,0,0,0,0,1,2.3,2.3,0.0%,LB,2014
120,121,Gabe Miller,1,1,0.0,0,0,0,0,0,1,2.3,2.3,0.0%,LB,2014
121,122,Malcolm Smith,1,1,0.0,0,0,0,0,0,1,2.3,2.3,0.0%,LB,2014
122,123,Corey Lemonier,0,2,0.0,0,0,0,0,0,1,1.5,1.5,2.0%,LB,2014
123,124,Brian Cushing,1,0,0.0,0,0,0,0,0,1,1.5,1.5,0.0%,LB,2014
124,125,Shaun Phillips,1,0,0.0,0,0,0,0,0,1,1.5,1.5,0.0%,LB,2014
125,126,Trevor Reilly,1,0,0.0,0,0,0,0,0,1,1.5,1.5,0.0%,LB,2014
126,127,Lawrence Sidbury,1,0,0.0,0,0,0,0,0,1,1.5,1.5,0.0%,LB,2014
127,128,Barkevious Mingo,0,0,0.0,1,0,0,0,0,1,1.5,1.5,6.0%,LB,2014
128,129,Vince Williams,1,0,0.0,0,0,0,0,0,1,1.5,1.5,0.1%,LB,2014
129,130,Bojay Filimoeatu,1,0,0.0,0,0,0,0,0,1,1.5,1.5,0.0%,LB,2014
130,131,Anthony Hitchens,1,0,0.0,0,0,0,0,0,1,1.5,1.5,1.0%,LB,2014
131,132,Jo-Lonn Dunbar,0,1,0.0,0,0,0,0,0,1,0.8,0.8,0.0%,LB,2014
132,133,Erik Walden,0,1,0.0,0,0,0,0,0,1,0.8,0.8,0.0%,LB,2014
133,134,Kasim Edebali,0,1,0.0,0,0,0,0,0,1,0.8,0.8,0.0%,LB,2014
134,135,Christian Kirksey,0,1,0.0,0,0,0,0,0,1,0.8,0.8,0.1%,LB,2014
135,136,Jeremiah Attaochu,0,1,0.0,0,0,0,0,0,1,0.8,0.8,0.0%,LB,2014
136,137,Philip Wheeler,0,1,0.0,0,0,0,0,0,1,0.8,0.8,1.0%,LB,2014
137,138,Robert Quinn,0,1,0.0,0,0,0,0,0,1,0.8,0.8,1.2%,LB,2014
138,139,Quentin Groves,0,1,0.0,0,0,0,0,0,1,0.8,0.8,0.0%,LB,2014
139,140,Kyle Van,0,0,0.0,0,0,0,0,0,1,0.0,0.0,8.2%,LB,2014
140,141,Ronald Powell,0,0,0.0,0,0,0,0,0,1,0.0,0.0,0.0%,LB,2014
141,142,Lamin Barrow,0,0,0.0,0,0,0,0,0,1,0.0,0.0,0.0%,LB,2014
142,143,Dee Ford,0,1,0.5,0,0,0,0,0,1,0.0,0.0,0.0%,LB,2014
143,144,Henoc Muamba,0,0,0.0,0,0,0,0,0,1,0.0,0.0,0.0%,LB,2014
144,145,Maurice Alexander,0,0,0.0,0,0,0,0,0,1,0.0,0.0,0.0%,LB,2014
145,146,Jackson Jeffcoat,1,2,0.0,1,1,0,0,0,1,0.0,0.0,0.0%,LB,2014
146,147,Terence Garvin,0,0,0.0,0,0,0,0,0,1,0.0,0.0,0.0%,LB,2014
147,148,Jonathan Freeny,0,0,0.0,0,0,0,0,0,1,0.0,0.0,0.0%,LB,2014
148,149,Kyle Knox,0,0,0.0,0,0,0,0,0,1,0.0,0.0,0.0%,LB,2014
149,150,Daren Bates,0,0,0.0,0,0,0,0,0,1,0.0,0.0,0.0%,LB,2014
150,151,Kenny Demens,0,0,0.0,0,0,0,0,0,1,0.0,0.0,0.0%,LB,2014
151,152,Ryan Davis,0,0,0.0,0,0,0,1,0,1,0.0,0.0,0.0%,LB,2014
152,153,Jeremiah George,0,0,0.0,0,0,0,0,0,1,0.0,0.0,0.0%,LB,2014
153,154,Justin Tuggle,0,0,0.0,0,0,0,0,0,1,0.0,0.0,0.0%,LB,2014
154,155,Marquis Flowers,0,0,0.0,0,0,0,0,0,1,0.0,0.0,0.0%,LB,2014
155,156,Jonathan Newsome,6,0,2.0,0,0,1,0,0,1,0.0,0.0,0.0%,LB,2014
156,157,Jordan Tripp,0,0,0.0,0,0,0,0,0,1,0.0,0.0,0.0%,LB,2014
157,158,IK Enemkpali,0,0,0.0,0,0,0,0,0,1,0.0,0.0,0.0%,LB,2014
158,159,Paul Hazel,0,0,0.0,0,0,0,0,0,1,0.0,0.0,0.0%,LB,2014
159,160,Michael Morgan,0,0,0.0,0,0,0,0,0,1,0.0,0.0,0.0%,LB,2014
160,161,Kaelin Burnett,0,0,0.0,0,0,0,0,0,1,0.0,0.0,0.0%,LB,2014
161,162,Julian Stanford,0,0,0.0,0,0,0,0,0,1,0.0,0.0,0.0%,LB,2014
162,163,Tank Carder,0,0,0.0,0,0,0,0,0,1,0.0,0.0,0.0%,LB,2014
163,164,Korey Toomer,0,0,0.0,0,0,0,0,0,1,0.0,0.0,0.0%,LB,2014
164,165,Josh Kaddu,0,0,0.0,0,0,0,0,0,1,0.0,0.0,0.0%,LB,2014
165,166,Nate Stupar,0,0,0.0,0,0,0,0,0,1,0.0,0.0,0.0%,LB,2014
166,167,Albert McClellan,0,0,0.0,0,0,0,0,0,1,0.0,0.0,0.0%,LB,2014
167,168,John Simon,0,0,0.0,0,0,0,0,0,1,0.0,0.0,0.0%,LB,2014
168,169,Jarvis Jones,0,0,0.0,0,0,0,0,0,1,0.0,0.0,0.0%,LB,2014
169,170,Benson Mayowa,0,0,0.0,0,0,0,0,0,1,0.0,0.0,0.0%,LB,2014
170,171,Kemal Ishmael,7,0,0.0,0,0,0,0,0,1,0.0,0.0,0.0%,LB,2014
171,172,LaRoy Reynolds,0,0,0.0,0,0,0,0,0,1,0.0,0.0,0.0%,LB,2014
172,173,Tourek Williams,0,0,0.0,0,0,0,0,0,1,0.0,0.0,0.0%,LB,2014
173,174,Arthur Brown,0,0,0.0,0,0,0,0,0,1,0.0,0.0,0.0%,LB,2014
174,175,Nico Johnson,0,0,0.0,0,0,0,0,0,1,0.0,0.0,0.0%,LB,2014
175,176,Chase Thomas,0,0,0.0,0,0,0,0,0,1,0.0,0.0,0.0%,LB,2014
176,177,Kevin Reddick,0,0,0.0,0,0,0,0,0,1,0.0,0.0,0.0%,LB,2014
177,178,Zaviar Gooden,0,0,0.0,0,0,0,0,0,1,0.0,0.0,0.0%,LB,2014
178,179,Khaseem Greene,0,0,0.0,0,0,0,0,0,1,0.0,0.0,0.0%,LB,2014
179,180,Trevardo Williams,0,0,0.0,0,0,0,0,0,1,0.0,0.0,0.0%,LB,2014
180,181,Zach Orr,0,0,0.0,0,0,0,0,0,1,0.0,0.0,0.0%,LB,2014
181,182,James Davidson,0,0,0.0,0,0,0,0,0,1,0.0,0.0,0.0%,LB,2014
182,183,Dewey McDonald,0,0,0.0,0,0,0,0,0,1,0.0,0.0,0.0%,LB,2014
183,184,Spencer Hadley,0,0,0.0,0,0,0,0,0,1,0.0,0.0,0.0%,LB,2014
184,185,Brock Coyle,0,0,0.0,0,0,0,0,0,1,0.0,0.0,0.0%,LB,2014
185,186,Ja'Gared Davis,0,0,0.0,0,0,0,0,0,1,0.0,0.0,0.0%,LB,2014
186,187,Justin Staples,0,0,0.0,0,0,0,0,0,1,0.0,0.0,0.0%,LB,2014
187,188,DeDe Lattimore,0,0,0.0,0,0,0,0,0,1,0.0,0.0,0.0%,LB,2014
188,189,Will Compton,0,0,0.0,0,0,0,0,0,1,0.0,0.0,0.0%,LB,2014
189,190,Jayrone Elliott,0,0,0.0,0,0,0,0,0,1,0.0,0.0,0.0%,LB,2014
190,191,Josh Martin,0,0,0.0,0,0,0,0,0,1,0.0,0.0,0.0%,LB,2014
191,192,James-Michael Johnson,0,0,0.0,0,0,0,0,0,1,0.0,0.0,0.0%,LB,2014
192,193,Jason Babin,0,0,0.0,0,0,0,0,0,1,0.0,0.0,0.0%,LB,2014
193,194,Kamerion Wimbley,1,0,0.0,0,0,0,0,0,1,0.0,0.0,0.0%,LB,2014
194,195,Anthony Spencer,0,1,0.0,1,0,0,1,1,1,0.0,0.0,0.0%,LB,2014
195,196,Rob Ninkovich,1,2,0.0,0,0,0,0,0,1,0.0,0.0,0.0%,LB,2014
196,197,Zak DeOssie,0,0,0.0,0,0,0,0,0,1,0.0,0.0,0.0%,LB,2014
197,198,Justin Houston,6,0,4.0,1,0,1,0,0,1,0.0,0.0,0.0%,LB,2014
198,199,Brooks Reed,1,2,0.0,2,0,0,0,0,1,0.0,0.0,0.0%,LB,2014
199,200,Chris Carter,0,0,0.0,0,0,0,0,0,1,0.0,0.0,0.0%,LB,2014
200,201,Chris White,0,0,0.0,0,0,0,0,0,1,0.0,0.0,0.0%,LB,2014
201,202,Arthur Moats,0,0,0.0,0,0,0,0,0,1,0.0,0.0,0.0%,LB,2014
202,203,Frank Zombo,0,0,0.0,0,0,0,0,0,1,0.0,0.0,3.0%,LB,2014
203,204,A.J. Edds,0,0,0.0,0,0,0,0,0,1,0.0,0.0,0.0%,LB,2014
204,205,Nick Bellore,0,0,0.0,0,0,0,0,0,1,0.0,0.0,7.0%,LB,2014
205,206,Spencer Paysinger,0,0,0.0,0,0,0,0,0,1,0.0,0.0,0.0%,LB,2014
206,207,Josh Bynes,0,0,0.0,0,0,0,0,0,1,0.0,0.0,0.0%,LB,2014
207,208,Quinton Coples,2,0,2.0,0,0,0,0,0,1,0.0,0.0,0.0%,LB,2014
208,209,Melvin Ingram,1,0,1.0,0,0,0,0,0,1,0.0,0.0,0.0%,LB,2014
209,210,Andre Branch,1,3,0.0,1,0,0,0,0,1,0.0,0.0,0.0%,LB,2014
210,211,Jonathan Massaquoi,0,1,0.0,0,0,0,0,0,1,0.0,0.0,0.0%,LB,2014
211,212,Courtney Upshaw,0,0,0.0,0,0,0,0,0,1,0.0,0.0,0.0%,LB,2014
212,213,Bruce Irvin,3,3,1.0,1,1,1,0,1,1,0.0,0.0,0.2%,LB,2014
213,214,Bryan Braman,0,0,0.0,0,0,0,0,0,1,0.0,0.0,0.0%,LB,2014
214,215,Larry Dean,0,0,0.0,0,0,0,0,0,1,0.0,0.0,0.0%,LB,2014
215,216,Jeff Tarpinian,0,0,0.0,0,0,0,0,0,1,0.0,0.0,0.0%,LB,2014
216,217,Brandon Spikes,0,0,0.0,0,0,0,0,0,1,0.0,0.0,0.0%,LB,2014
217,218,Chris Long,0,0,0.0,0,0,0,0,0,1,0.0,0.0,0.0%,LB,2014
218,219,Keith Rivers,0,0,0.0,0,0,0,0,0,1,0.0,0.0,0.0%,LB,2014
219,220,Kroy Biermann,2,2,0.0,0,0,0,0,0,1,0.0,0.0,0.0%,LB,2014
220,221,Andy Studebaker,0,0,0.0,0,0,0,0,0,1,0.0,0.0,0.0%,LB,2014
221,222,Will Herring,0,0,0.0,0,0,0,0,0,1,0.0,0.0,0.0%,LB,2014
222,223,Desmond Bishop,0,0,0.0,0,0,0,0,0,1,0.0,0.0,0.0%,LB,2014
223,224,Lorenzo Alexander,0,0,0.0,0,0,0,0,0,1,0.0,0.0,3.0%,LB,2014
224,225,Jason Pierre-Paul,4,1,2.0,0,0,0,0,0,1,0.0,0.0,0.0%,LB,2014
225,226,Brad Jones,0,0,0.0,0,0,0,0,0,1,0.0,0.0,0.0%,LB,2014
226,227,Ashlee Palmer,0,0,0.0,0,0,0,0,0,1,0.0,0.0,0.0%,LB,2014
227,228,Reggie Walker,0,0,0.0,0,0,0,0,0,1,0.0,0.0,0.0%,LB,2014
228,229,Marcus Benard,1,0,0.0,0,0,0,0,0,1,0.0,0.0,0.0%,LB,2014
229,230,Larry English,0,0,0.0,0,0,0,0,0,1,0.0,0.0,0.0%,LB,2014
230,231,Connor Barwin,1,1,0.0,0,0,0,0,0,1,0.0,0.0,0.0%,LB,2014
231,232,Tanner Purdum,0,0,0.0,0,0,0,0,0,1,0.0,0.0,0.0%,LB,2014
232,233,Cullen Loeffler,0,0,0.0,0,0,0,0,0,1,0.0,0.0,0.0%,LB,2014
233,234,Garrison Sanborn,0,0,0.0,0,0,0,0,0,1,0.0,0.0,0.0%,LB,2014
234,235,John Denney,0,0,0.0,0,0,0,0,0,1,0.0,0.0,0.0%,LB,2014
235,236,Greg Warren,0,0,0.0,0,0,0,0,0,1,0.0,0.0,0.0%,LB,2014
236,237,Matt Overton,0,0,0.0,0,0,0,0,0,1,0.0,0.0,0.0%,LB,2014
237,238,Carson Tinker,0,0,0.0,0,0,0,0,0,1,0.0,0.0,0.0%,LB,2014
238,239,Jon Weeks,0,0,0.0,0,0,0,0,0,1,0.0,0.0,0.0%,LB,2014
239,240,Aaron Brewer,0,0,0.0,0,0,0,0,0,1,0.0,0.0,0.0%,LB,2014
240,241,Christian Yount,0,0,0.0,0,0,0,0,0,1,0.0,0.0,0.0%,LB,2014
241,242,Jeremy Cain,0,0,0.0,0,0,0,0,0,1,0.0,0.0,0.0%,LB,2014
242,243,Jon Condo,0,0,0.0,0,0,0,0,0,1,0.0,0.0,0.0%,LB,2014
243,244,Mike Windt,0,0,0.0,0,0,0,0,0,1,0.0,0.0,0.0%,LB,2014
244,245,Thomas Gafford,0,0,0.0,0,0,0,0,0,1,0.0,0.0,0.0%,LB,2014
245,246,L.P. LaDouceur,0,0,0.0,0,0,0,0,0,1,0.0,0.0,0.0%,LB,2014
246,247,Brett Goode,0,0,0.0,0,0,0,0,0,1,0.0,0.0,0.0%,LB,2014
247,248,Jon Dorenbos,0,0,0.0,0,0,0,0,0,1,0.0,0.0,0.0%,LB,2014
248,249,Danny Aiken,0,0,0.0,0,0,0,0,0,1,0.0,0.0,0.0%,LB,2014
249,250,Nick Sundberg,0,0,0.0,0,0,0,0,0,1,0.0,0.0,0.0%,LB,2014
250,251,Patrick Scales,0,0,0.0,0,0,0,0,0,1,0.0,0.0,0.0%,LB,2014
251,252,Don Muhlbach,0,0,0.0,0,0,0,0,0,1,0.0,0.0,0.0%,LB,2014
252,253,Clint Gresham,0,0,0.0,0,0,0,0,0,1,0.0,0.0,0.0%,LB,2014
253,254,Andrew DePaola,0,0,0.0,0,0,0,0,0,1,0.0,0.0,0.0%,LB,2014
254,255,Josh Harris,0,0,0.0,0,0,0,0,0,1,0.0,0.0,0.0%,LB,2014
255,256,JJ Jansen,0,0,0.0,0,0,0,0,0,1,0.0,0.0,0.0%,LB,2014
256,257,Justin Drescher,0,0,0.0,0,0,0,0,0,1,0.0,0.0,0.0%,LB,2014
257,258,Jake McQuaide,0,0,0.0,0,0,0,0,0,1,0.0,0.0,0.0%,LB,2014
