,Rank,Player,Tackle,Assist,Sack,Pass Defended,Interception,Forced Fumble,Fumble Recovery,Defend Touchdown,Games Played,Fantasy Football Points,FTPS/Game,ROST,Position,Year
0,1,Craig Robertson,10,2,0.0,1,0,0,1,1,1,30.5,30.5,0.0%,LB,2014
1,2,Jamie Collins,8,1,2.0,0,0,0,0,0,1,28.3,28.3,0.0%,LB,2014
2,3,Elvis Dumervil,3,1,3.5,0,0,1,0,0,1,28.3,28.3,0.0%,LB,2014
3,4,Curtis Lofton,11,6,0.0,0,0,1,0,0,1,27.5,27.5,0.0%,LB,2014
4,5,Devon Kennard,6,0,2.0,0,0,1,0,0,1,26.0,26.0,0.0%,LB,2014
5,6,Gerald Hodges,5,3,0.0,2,1,0,0,1,1,23.8,23.8,0.0%,LB,2014
6,7,Arthur Moats,3,1,2.0,0,0,1,1,0,1,23.8,23.8,0.0%,LB,2014
7,8,Brandon Marshall,9,0,0.0,3,1,0,0,0,1,23.0,23.0,0.0%,LB,2014
8,9,Perry Riley,9,1,0.0,0,0,0,0,0,1,21.8,21.8,0.0%,LB,2014
9,10,Jameel McClain,8,0,1.0,0,0,0,0,0,1,21.0,21.0,0.0%,LB,2014
10,11,Chris Borland,11,2,0.0,0,0,0,0,0,1,20.5,20.5,0.0%,LB,2014
11,12,Robert Quinn,3,2,1.5,1,0,1,0,0,1,20.0,20.0,1.2%,LB,2014
12,13,Mychal Kendricks,7,4,0.0,0,0,1,0,0,1,20.0,20.0,0.0%,LB,2014
13,14,DeAndre Levy,4,1,2.0,0,0,0,0,0,1,19.8,19.8,0.0%,LB,2014
14,15,Terrell Suggs,4,2,1.5,0,0,0,0,0,1,18.5,18.5,0.0%,LB,2014
15,16,C.J. Mosley,7,1,1.0,0,0,0,0,0,1,17.8,17.8,65.7%,LB,2014
16,17,Rolando McClain,10,0,0.0,0,0,0,0,0,1,17.5,17.5,0.0%,LB,2014
17,18,James Laurinaitis,4,2,1.5,1,0,0,0,0,1,17.5,17.5,0.0%,LB,2014
18,19,Will Compton,9,5,0.0,0,0,0,0,0,1,17.3,17.3,0.0%,LB,2014
19,20,Vincent Rey,6,9,0.0,1,0,0,0,0,1,17.3,17.3,0.0%,LB,2014
20,21,Chad Greenway,7,4,0.0,0,0,0,0,0,1,16.0,16.0,0.0%,LB,2014
21,22,Paul Kruger,1,0,1.0,0,0,1,1,0,1,16.0,16.0,0.0%,LB,2014
22,23,Khalil Mack,2,0,2.0,0,0,0,0,0,1,16.0,16.0,52.8%,LB,2014
23,24,Luke Kuechly,6,1,0.0,2,0,0,0,0,1,15.3,15.3,92.3%,LB,2014
24,25,Willie Young,4,0,1.0,0,0,0,0,0,1,15.0,15.0,0.0%,LB,2014
25,26,Trent Cole,7,2,0.0,0,0,0,0,0,1,14.5,14.5,0.0%,LB,2014
26,27,D'Qwell Jackson,6,3,0.0,0,0,0,0,0,1,13.8,13.8,0.0%,LB,2014
27,28,Danny Lansanah,7,1,0.0,0,0,0,0,0,1,13.8,13.8,0.0%,LB,2014
28,29,Jerrell Freeman,7,2,0.0,1,0,0,0,0,1,13.5,13.5,0.1%,LB,2014
29,30,Manti Te'o,1,2,0.0,2,1,0,0,0,1,13.5,13.5,0.1%,LB,2014
30,31,Dan Skuta,4,1,1.0,0,0,0,0,0,1,13.3,13.3,0.0%,LB,2014
31,32,Telvin Smith,4,1,0.0,1,0,0,0,0,1,13.3,13.3,0.1%,LB,2014
32,33,J.T. Thomas,5,1,0.0,1,0,0,0,0,1,12.3,12.3,0.0%,LB,2014
33,34,Andrew Gachkar,5,1,0.0,1,0,0,0,0,1,12.3,12.3,0.0%,LB,2014
34,35,Mark Barron,3,1,1.0,0,0,0,0,0,1,11.8,11.8,0.0%,LB,2014
35,36,David Harris,4,4,0.0,0,0,0,0,0,1,11.5,11.5,4.0%,LB,2014
36,37,Sam Barrington,5,2,0.0,0,0,0,0,0,1,11.5,11.5,0.0%,LB,2014
37,38,Clay Matthews,1,4,1.0,0,0,0,0,0,1,11.0,11.0,0.0%,LB,2014
38,39,Jarret Johnson,3,5,0.0,0,0,0,0,0,1,10.8,10.8,0.0%,LB,2014
39,40,Jason Worilds,3,3,0.0,0,0,0,1,0,1,10.8,10.8,0.0%,LB,2014
40,41,Shea McClellin,5,1,0.0,0,0,0,0,0,1,10.8,10.8,0.0%,LB,2014
41,42,Jonathan Casillas,4,1,0.0,0,0,1,0,0,1,10.8,10.8,0.0%,LB,2014
42,43,Bobby Wagner,7,0,0.0,0,0,0,0,0,1,10.5,10.5,72.4%,LB,2014
43,44,Barkevious Mingo,1,1,1.0,1,0,0,0,0,1,10.3,10.3,6.0%,LB,2014
44,45,Paul Worrilow,3,2,0.0,1,0,0,0,0,1,10.0,10.0,0.0%,LB,2014
45,46,Mike Mohamed,4,3,0.0,1,0,0,0,0,1,9.8,9.8,0.0%,LB,2014
46,47,Casey Matthews,4,5,0.0,0,0,0,0,0,1,9.8,9.8,0.0%,LB,2014
47,48,Jasper Brinkley,5,3,0.0,0,0,0,0,0,1,9.8,9.8,0.0%,LB,2014
48,49,Jon Bostic,5,3,0.0,0,0,0,0,0,1,9.8,9.8,0.0%,LB,2014
49,50,Philip Wheeler,6,1,0.0,0,0,0,0,0,1,9.8,9.8,1.0%,LB,2014
50,51,Larry English,1,0,1.0,0,0,1,0,0,1,9.5,9.5,0.0%,LB,2014
51,52,Von Miller,2,0,1.0,0,0,0,0,0,1,9.5,9.5,2.5%,LB,2014
52,53,Daryl Smith,3,1,0.0,1,0,0,0,0,1,9.3,9.3,0.0%,LB,2014
53,54,Orie Lemon,4,1,0.0,0,0,0,0,0,1,9.3,9.3,0.0%,LB,2014
54,55,Kavell Conner,5,2,0.0,0,0,0,0,0,1,9.0,9.0,0.0%,LB,2014
55,56,Wesley Woodyard,4,4,0.0,0,0,0,0,0,1,9.0,9.0,0.0%,LB,2014
56,57,Akeem Ayers,1,1,0.0,1,1,0,0,0,1,8.8,8.8,0.0%,LB,2014
57,58,Erik Walden,1,1,1.0,0,0,0,0,0,1,8.8,8.8,0.0%,LB,2014
58,59,Michael Wilhoite,3,2,0.0,0,0,0,0,0,1,8.5,8.5,0.0%,LB,2014
59,60,Deone Bucannon,3,0,0.0,0,0,1,0,0,1,8.5,8.5,0.0%,LB,2014
60,61,Jelani Jenkins,4,0,0.0,0,0,0,0,0,1,8.5,8.5,0.0%,LB,2014
61,62,Joe Mays,4,0,0.0,0,0,0,0,0,1,8.5,8.5,0.0%,LB,2014
62,63,Jason Babin,5,1,0.0,0,0,0,0,0,1,8.3,8.3,0.0%,LB,2014
63,64,Thomas Davis,4,1,0.0,1,0,0,0,0,1,8.3,8.3,0.0%,LB,2014
64,65,Alec Ogletree,2,5,0.0,1,0,0,0,0,1,8.3,8.3,2.0%,LB,2014
65,66,Joshua Mauga,4,1,0.0,1,0,0,0,0,1,8.3,8.3,0.0%,LB,2014
66,67,Lavonte David,4,1,0.0,1,0,0,0,0,1,8.3,8.3,52.4%,LB,2014
67,68,K.J. Wright,2,1,0.0,0,0,1,0,0,1,7.8,7.8,0.0%,LB,2014
68,69,David Hawthorne,3,2,0.0,1,0,0,0,0,1,7.5,7.5,0.0%,LB,2014
69,70,Rey Maualuga,2,6,0.0,0,0,0,0,0,1,7.5,7.5,0.0%,LB,2014
70,71,Koa Misi,5,0,0.0,0,0,0,0,0,1,7.5,7.5,0.0%,LB,2014
71,72,Parys Haralson,2,2,0.0,0,0,0,0,0,1,7.0,7.0,0.0%,LB,2014
72,73,Lawrence Timmons,2,3,0.0,1,0,0,0,0,1,6.8,6.8,0.1%,LB,2014
73,74,Larry Foote,2,3,0.0,1,0,0,0,0,1,6.8,6.8,0.0%,LB,2014
74,75,Demario Davis,4,1,0.0,0,0,0,0,0,1,6.8,6.8,22.3%,LB,2014
75,76,Nigel Bradham,2,4,0.0,0,0,0,0,0,1,6.0,6.0,0.0%,LB,2014
76,77,Anthony Hitchens,4,0,0.0,0,0,0,0,0,1,6.0,6.0,1.0%,LB,2014
77,78,Jared Allen,4,0,0.0,0,0,0,0,0,1,6.0,6.0,0.0%,LB,2014
78,79,Mike Neal,2,0,0.0,0,0,0,0,0,1,5.5,5.5,0.0%,LB,2014
79,80,Quentin Groves,2,0,0.0,0,0,0,0,0,1,5.5,5.5,0.0%,LB,2014
80,81,Prince Shembo,2,3,0.0,0,0,0,0,0,1,5.3,5.3,0.0%,LB,2014
81,82,Avery Williamson,2,3,0.0,0,0,0,0,0,1,5.3,5.3,0.0%,LB,2014
82,83,Preston Brown,1,5,0.0,0,0,0,0,0,1,5.3,5.3,0.0%,LB,2014
83,84,Steven Johnson,1,2,0.5,0,0,0,0,0,1,5.0,5.0,0.0%,LB,2014
84,85,Geno Hayes,1,1,0.0,0,0,0,0,0,1,4.8,4.8,0.0%,LB,2014
85,86,Joplo Bartu,2,2,0.0,0,0,0,0,0,1,4.5,4.5,0.0%,LB,2014
86,87,Akeem Dent,3,0,0.0,0,0,0,0,0,1,4.5,4.5,0.0%,LB,2014
87,88,Christian Jones,2,2,0.0,0,0,0,0,0,1,4.5,4.5,0.0%,LB,2014
88,89,Tamba Hali,3,0,0.0,0,0,0,0,0,1,4.5,4.5,2.0%,LB,2014
89,90,Emmanuel Lamur,2,2,0.0,0,0,0,0,0,1,4.5,4.5,0.0%,LB,2014
90,91,Tahir Whitehead,3,0,0.0,0,0,0,0,0,1,4.5,4.5,0.0%,LB,2014
91,92,D.J. Williams,2,2,0.0,0,0,0,0,0,1,4.5,4.5,0.0%,LB,2014
92,93,Brian Cushing,2,2,0.0,0,0,0,0,0,1,4.5,4.5,0.0%,LB,2014
93,94,Brandon Spikes,3,0,0.0,0,0,0,0,0,1,4.5,4.5,0.0%,LB,2014
94,95,Vince Williams,3,0,0.0,0,0,0,0,0,1,4.5,4.5,0.1%,LB,2014
95,96,Sio Moore,1,0,0.0,0,0,0,0,0,1,4.0,4.0,0.0%,LB,2014
96,97,Josh Bynes,1,0,0.0,0,0,0,0,0,1,4.0,4.0,0.0%,LB,2014
97,98,Donald Butler,1,3,0.0,0,0,0,0,0,1,3.8,3.8,0.0%,LB,2014
98,99,Kevin Minter,2,1,0.0,0,0,0,0,0,1,3.8,3.8,0.0%,LB,2014
99,100,Christian Kirksey,2,1,0.0,0,0,0,0,0,1,3.8,3.8,0.1%,LB,2014
100,101,Miles Burris,2,1,0.0,0,0,0,0,0,1,3.8,3.8,0.0%,LB,2014
101,102,Sean Spence,1,3,0.0,0,0,0,0,0,1,3.8,3.8,0.0%,LB,2014
102,103,Sam Acho,2,0,0.0,0,0,0,0,0,1,3.0,3.0,0.0%,LB,2014
103,104,Ben Jacobs,1,2,0.0,0,0,0,0,0,1,3.0,3.0,0.0%,LB,2014
104,105,Ramon Humber,2,0,0.0,0,0,0,0,0,1,3.0,3.0,0.0%,LB,2014
105,106,Kasim Edebali,1,2,0.0,0,0,0,0,0,1,3.0,3.0,0.0%,LB,2014
106,107,Shaun Phillips,1,1,0.0,0,0,0,0,0,1,2.3,2.3,0.0%,LB,2014
107,108,A.J. Hawk,1,1,0.0,0,0,0,0,0,1,2.3,2.3,0.0%,LB,2014
108,109,Lerentee McCray,0,0,0.0,1,0,0,0,0,1,1.5,1.5,4.0%,LB,2014
109,110,Jeremiah Attaochu,0,0,0.0,1,0,0,0,0,1,1.5,1.5,0.0%,LB,2014
110,111,Jarvis Jones,0,2,0.0,0,0,0,0,0,1,1.5,1.5,0.0%,LB,2014
111,112,Bruce Carter,1,0,0.0,0,0,0,0,0,1,1.5,1.5,0.0%,LB,2014
112,113,Daren Bates,1,0,0.0,0,0,0,0,0,1,1.5,1.5,0.0%,LB,2014
113,114,Cameron Wake,0,0,0.0,1,0,0,0,0,1,1.5,1.5,0.0%,LB,2014
114,115,Whitney Mercilus,1,0,0.0,0,0,0,0,0,1,1.5,1.5,0.2%,LB,2014
115,116,Tourek Williams,0,0,0.0,1,0,0,0,0,1,1.5,1.5,0.0%,LB,2014
116,117,A.J. Klein,1,0,0.0,0,0,0,0,0,1,1.5,1.5,0.0%,LB,2014
117,118,Brad Jones,1,0,0.0,0,0,0,0,0,1,1.5,1.5,0.0%,LB,2014
118,119,Pernell McPhee,1,0,0.0,0,0,0,0,0,1,1.5,1.5,0.0%,LB,2014
119,120,Dane Fletcher,0,1,0.0,0,0,0,0,0,1,0.8,0.8,0.0%,LB,2014
120,121,David Bass,0,1,0.0,0,0,0,0,0,1,0.8,0.8,0.0%,LB,2014
121,122,Ty Powell,0,1,0.0,0,0,0,0,0,1,0.8,0.8,0.0%,LB,2014
122,123,O'Brien Schofield,0,1,0.0,0,0,0,0,0,1,0.8,0.8,0.0%,LB,2014
123,124,Derrick Morgan,0,1,0.0,0,0,0,0,0,1,0.8,0.8,0.0%,LB,2014
124,125,Calvin Pace,0,1,0.0,0,0,0,0,0,1,0.8,0.8,0.0%,LB,2014
125,126,Josh McNary,0,0,0.0,0,0,0,0,0,1,0.0,0.0,0.0%,LB,2014
126,127,Dominique Easley,0,0,0.0,0,0,0,0,0,1,0.0,0.0,0.0%,LB,2014
127,128,Dee Ford,0,0,0.0,0,0,0,0,0,1,0.0,0.0,0.0%,LB,2014
128,129,Aaron Lynch,0,0,0.0,0,0,0,0,0,1,0.0,0.0,0.0%,LB,2014
129,130,Ryan Davis,1,0,0.0,0,0,0,0,0,1,0.0,0.0,0.0%,LB,2014
130,131,Ryan Shazier,0,0,0.0,0,0,0,0,0,1,0.0,0.0,0.1%,LB,2014
131,132,Kyle Van,0,0,0.0,0,0,0,0,0,1,0.0,0.0,8.2%,LB,2014
132,133,Ronald Powell,0,0,0.0,0,0,0,0,0,1,0.0,0.0,0.0%,LB,2014
133,134,Lamin Barrow,0,0,0.0,0,0,0,0,0,1,0.0,0.0,0.0%,LB,2014
134,135,Henoc Muamba,0,0,0.0,0,0,0,0,0,1,0.0,0.0,0.0%,LB,2014
135,136,Benson Mayowa,1,0,1.0,0,0,0,0,0,1,0.0,0.0,0.0%,LB,2014
136,137,Justin Tuggle,0,0,0.0,0,0,0,0,0,1,0.0,0.0,0.0%,LB,2014
137,138,Paul Hazel,0,0,0.0,0,0,0,0,0,1,0.0,0.0,0.0%,LB,2014
138,139,Cameron Lawrence,0,0,0.0,0,0,0,0,0,1,0.0,0.0,0.0%,LB,2014
139,140,Kyle Knox,0,0,0.0,0,0,0,0,0,1,0.0,0.0,0.0%,LB,2014
140,141,Terence Garvin,0,0,0.0,0,0,0,0,0,1,0.0,0.0,0.0%,LB,2014
141,142,Kenny Demens,0,0,0.0,0,0,0,0,0,1,0.0,0.0,0.0%,LB,2014
142,143,Glenn Carson,0,0,0.0,0,0,0,0,0,1,0.0,0.0,0.0%,LB,2014
143,144,Marcus Smith,0,0,0.0,0,0,0,0,0,1,0.0,0.0,0.0%,LB,2014
144,145,Corey Nelson,0,0,0.0,0,0,0,0,0,1,0.0,0.0,0.0%,LB,2014
145,146,Trevor Reilly,0,0,0.0,0,0,0,0,0,1,0.0,0.0,0.0%,LB,2014
146,147,Chris Smith,0,1,0.5,0,0,0,0,0,1,0.0,0.0,0.0%,LB,2014
147,148,Maurice Alexander,0,0,0.0,0,0,0,0,0,1,0.0,0.0,0.0%,LB,2014
148,149,Jeremiah George,0,0,0.0,0,0,0,0,0,1,0.0,0.0,0.0%,LB,2014
149,150,Jonathan Newsome,0,0,0.0,0,0,0,0,0,1,0.0,0.0,0.0%,LB,2014
150,151,Jordan Tripp,0,0,0.0,0,0,0,0,0,1,0.0,0.0,0.0%,LB,2014
151,152,Andrew Jackson,0,0,0.0,0,0,0,0,0,1,0.0,0.0,0.0%,LB,2014
152,153,Marquis Flowers,0,0,0.0,0,0,0,0,0,1,0.0,0.0,0.0%,LB,2014
153,154,Ray-Ray Armstrong,0,0,0.0,0,0,0,0,0,1,0.0,0.0,0.0%,LB,2014
154,155,Eric Martin,0,0,0.0,0,0,0,0,0,1,0.0,0.0,0.0%,LB,2014
155,156,Albert McClellan,0,0,0.0,0,0,0,0,0,1,0.0,0.0,0.0%,LB,2014
156,157,Julian Stanford,0,0,0.0,0,0,0,0,0,1,0.0,0.0,0.0%,LB,2014
157,158,Michael Morgan,0,0,0.0,0,0,0,0,0,1,0.0,0.0,0.0%,LB,2014
158,159,Kaelin Burnett,0,0,0.0,0,0,0,0,0,1,0.0,0.0,0.0%,LB,2014
159,160,Korey Toomer,0,0,0.0,0,0,0,0,0,1,0.0,0.0,0.0%,LB,2014
160,161,Audie Cole,0,0,0.0,0,0,0,0,0,1,0.0,0.0,0.0%,LB,2014
161,162,Kyle Wilber,0,0,0.0,0,0,0,0,0,1,0.0,0.0,0.0%,LB,2014
162,163,James-Michael Johnson,0,0,0.0,0,0,0,0,0,1,0.0,0.0,0.0%,LB,2014
163,164,Tank Carder,0,0,0.0,0,0,0,0,0,1,0.0,0.0,0.0%,LB,2014
164,165,Nate Stupar,0,0,0.0,0,0,0,0,0,1,0.0,0.0,0.0%,LB,2014
165,166,Darius Fleming,0,0,0.0,0,0,0,0,0,1,0.0,0.0,0.0%,LB,2014
166,167,Emmanuel Acho,0,0,0.0,0,0,0,0,0,1,0.0,0.0,0.0%,LB,2014
167,168,Brandon Magee,0,0,0.0,0,0,0,0,0,1,0.0,0.0,0.0%,LB,2014
168,169,Nick Moody,0,0,0.0,0,0,0,0,0,1,0.0,0.0,0.0%,LB,2014
169,170,Steve Beauharnais,0,0,0.0,0,0,0,0,0,1,0.0,0.0,0.0%,LB,2014
170,171,Kemal Ishmael,5,2,0.0,1,0,0,0,0,1,0.0,0.0,0.0%,LB,2014
171,172,LaRoy Reynolds,0,0,0.0,0,0,0,0,0,1,0.0,0.0,0.0%,LB,2014
172,173,Nico Johnson,0,0,0.0,0,0,0,0,0,1,0.0,0.0,0.0%,LB,2014
173,174,Bjoern Werner,3,1,0.0,0,0,0,0,0,1,0.0,0.0,0.0%,LB,2014
174,175,Corey Lemonier,0,0,0.0,0,0,0,0,0,1,0.0,0.0,2.0%,LB,2014
175,176,Tank Carradine,0,0,0.0,0,0,0,0,0,1,0.0,0.0,0.0%,LB,2014
176,177,John Simon,0,0,0.0,0,0,0,0,0,1,0.0,0.0,0.0%,LB,2014
177,178,Arthur Brown,0,0,0.0,0,0,0,0,0,1,0.0,0.0,0.0%,LB,2014
178,179,Michael Mauti,0,0,0.0,0,0,0,0,0,1,0.0,0.0,0.0%,LB,2014
179,180,Zaviar Gooden,0,0,0.0,0,0,0,0,0,1,0.0,0.0,0.0%,LB,2014
180,181,Brock Coyle,0,0,0.0,0,0,0,0,0,1,0.0,0.0,0.0%,LB,2014
181,182,Zach Orr,0,0,0.0,0,0,0,0,0,1,0.0,0.0,0.0%,LB,2014
182,183,Adarius Taylor,0,0,0.0,0,0,0,0,0,1,0.0,0.0,0.0%,LB,2014
183,184,Todd Davis,0,0,0.0,0,0,0,0,0,1,0.0,0.0,0.0%,LB,2014
184,185,James Davidson,0,0,0.0,0,0,0,0,0,1,0.0,0.0,0.0%,LB,2014
185,186,Dewey McDonald,0,0,0.0,0,0,0,0,0,1,0.0,0.0,0.0%,LB,2014
186,187,Jayrone Elliott,0,0,0.0,0,0,0,0,0,1,0.0,0.0,0.0%,LB,2014
187,188,Josh Martin,0,0,0.0,0,0,0,0,0,1,0.0,0.0,0.0%,LB,2014
188,189,DeDe Lattimore,0,0,0.0,0,0,0,0,0,1,0.0,0.0,0.0%,LB,2014
189,190,Justin Staples,0,0,0.0,0,0,0,0,0,1,0.0,0.0,0.0%,LB,2014
190,191,Zac Diles,0,0,0.0,0,0,0,0,0,1,0.0,0.0,0.0%,LB,2014
191,192,DeMarcus Ware,0,0,0.0,0,0,0,0,0,1,0.0,0.0,0.0%,LB,2014
192,193,Anthony Spencer,1,0,0.0,0,0,1,0,0,1,0.0,0.0,0.0%,LB,2014
193,194,Manny Lawson,0,0,0.0,0,0,0,0,0,1,0.0,0.0,0.0%,LB,2014
194,195,Rob Ninkovich,5,0,1.0,0,0,0,0,0,1,0.0,0.0,0.0%,LB,2014
195,196,Malcolm Smith,0,0,0.0,0,0,0,0,0,1,0.0,0.0,0.0%,LB,2014
196,197,Dontay Moch,0,0,0.0,1,0,0,0,0,1,0.0,0.0,0.0%,LB,2014
197,198,Justin Houston,3,0,2.0,0,0,1,0,0,1,0.0,0.0,0.0%,LB,2014
198,199,Brooks Reed,5,0,1.0,1,0,0,0,0,1,0.0,0.0,0.0%,LB,2014
199,200,Kelvin Sheppard,0,0,0.0,0,0,0,0,0,1,0.0,0.0,1.0%,LB,2014
200,201,Gabe Miller,0,0,0.0,0,0,0,0,0,1,0.0,0.0,0.0%,LB,2014
201,202,Dwight Freeney,0,0,0.0,0,0,0,0,0,1,0.0,0.0,0.0%,LB,2014
202,203,Jamar Chaney,0,0,0.0,0,0,0,0,0,1,0.0,0.0,0.0%,LB,2014
203,204,Frank Zombo,0,0,0.0,0,0,0,0,0,1,0.0,0.0,3.0%,LB,2014
204,205,Junior Galette,0,0,0.0,0,0,0,0,0,1,0.0,0.0,0.0%,LB,2014
205,206,Jason Pierre-Paul,4,3,2.0,0,0,1,0,0,1,0.0,0.0,0.0%,LB,2014
206,207,Nick Bellore,0,0,0.0,0,0,0,0,0,1,0.0,0.0,7.0%,LB,2014
207,208,Spencer Paysinger,0,0,0.0,0,0,0,0,0,1,0.0,0.0,0.0%,LB,2014
208,209,Quinton Coples,1,1,0.0,0,0,0,0,0,1,0.0,0.0,0.0%,LB,2014
209,210,Melvin Ingram,5,1,1.0,0,0,0,0,0,1,0.0,0.0,0.0%,LB,2014
210,211,Nick Perry,0,0,0.0,0,0,0,0,0,1,0.0,0.0,0.0%,LB,2014
211,212,Jonathan Massaquoi,1,0,0.0,0,0,0,0,0,1,0.0,0.0,0.0%,LB,2014
212,213,Courtney Upshaw,0,0,0.0,0,0,0,0,0,1,0.0,0.0,0.0%,LB,2014
213,214,Bruce Irvin,1,0,0.0,0,0,0,0,0,1,0.0,0.0,0.2%,LB,2014
214,215,Bryan Braman,0,0,0.0,0,0,0,0,0,1,0.0,0.0,0.0%,LB,2014
215,216,Larry Dean,0,0,0.0,0,0,0,0,0,1,0.0,0.0,0.0%,LB,2014
216,217,Jeff Tarpinian,0,0,0.0,0,0,0,0,0,1,0.0,0.0,0.0%,LB,2014
217,218,Marcus Benard,0,0,0.0,0,0,0,0,0,1,0.0,0.0,0.0%,LB,2014
218,219,Chris Long,1,0,0.0,0,0,0,0,0,1,0.0,0.0,0.0%,LB,2014
219,220,Keith Rivers,0,0,0.0,0,0,0,0,0,1,0.0,0.0,0.0%,LB,2014
220,221,Kroy Biermann,2,2,1.0,0,0,0,0,0,1,0.0,0.0,0.0%,LB,2014
221,222,Zak DeOssie,0,0,0.0,0,0,0,0,0,1,0.0,0.0,0.0%,LB,2014
222,223,Will Herring,0,0,0.0,0,0,0,0,0,1,0.0,0.0,0.0%,LB,2014
223,224,Lorenzo Alexander,0,0,0.0,0,0,0,0,0,1,0.0,0.0,3.0%,LB,2014
224,225,Jason Trusnik,0,0,0.0,0,0,0,0,0,1,0.0,0.0,0.0%,LB,2014
225,226,Ashlee Palmer,0,0,0.0,0,0,0,0,0,1,0.0,0.0,0.0%,LB,2014
226,227,Reggie Walker,0,0,0.0,0,0,0,0,0,1,0.0,0.0,0.0%,LB,2014
227,228,Everette Brown,0,0,0.0,0,0,0,0,0,1,0.0,0.0,0.0%,LB,2014
228,229,Jo-Lonn Dunbar,0,0,0.0,0,0,0,0,0,1,0.0,0.0,0.0%,LB,2014
229,230,Connor Barwin,5,1,1.0,0,0,0,0,0,1,0.0,0.0,0.0%,LB,2014
230,231,Skai Moore,0,0,0.0,0,0,0,0,0,1,0.0,0.0,0.0%,LB,2014
231,232,Christian Yount,0,0,0.0,0,0,0,0,0,1,0.0,0.0,0.0%,LB,2014
232,233,Jeremy Cain,0,0,0.0,0,0,0,0,0,1,0.0,0.0,0.0%,LB,2014
233,234,Cullen Loeffler,0,0,0.0,0,0,0,0,0,1,0.0,0.0,0.0%,LB,2014
234,235,Garrison Sanborn,0,0,0.0,0,0,0,0,0,1,0.0,0.0,0.0%,LB,2014
235,236,John Denney,0,0,0.0,0,0,0,0,0,1,0.0,0.0,0.0%,LB,2014
236,237,Tanner Purdum,0,0,0.0,0,0,0,0,0,1,0.0,0.0,0.0%,LB,2014
237,238,Josh Harris,0,0,0.0,0,0,0,0,0,1,0.0,0.0,0.0%,LB,2014
238,239,JJ Jansen,0,0,0.0,0,0,0,0,0,1,0.0,0.0,0.0%,LB,2014
239,240,Justin Drescher,0,0,0.0,0,0,0,0,0,1,0.0,0.0,0.0%,LB,2014
240,241,Jake McQuaide,0,0,0.0,0,0,0,0,0,1,0.0,0.0,0.0%,LB,2014
241,242,Clint Gresham,0,0,0.0,0,0,0,0,0,1,0.0,0.0,0.0%,LB,2014
242,243,Kevin McDermott,0,0,0.0,0,0,0,0,0,1,0.0,0.0,0.0%,LB,2014
243,244,Andrew DePaola,0,0,0.0,0,0,0,0,0,1,0.0,0.0,0.0%,LB,2014
244,245,Jon Condo,0,0,0.0,0,0,0,0,0,1,0.0,0.0,0.0%,LB,2014
245,246,Greg Warren,0,0,0.0,0,0,0,0,0,1,0.0,0.0,0.0%,LB,2014
246,247,Matt Overton,0,0,0.0,0,0,0,0,0,1,0.0,0.0,0.0%,LB,2014
247,248,Carson Tinker,0,0,0.0,0,0,0,0,0,1,0.0,0.0,0.0%,LB,2014
248,249,Jon Weeks,0,0,0.0,0,0,0,0,0,1,0.0,0.0,0.0%,LB,2014
249,250,Aaron Brewer,0,0,0.0,0,0,0,0,0,1,0.0,0.0,0.0%,LB,2014
250,251,Mike Windt,0,0,0.0,0,0,0,0,0,1,0.0,0.0,0.0%,LB,2014
251,252,Thomas Gafford,0,0,0.0,0,0,0,0,0,1,0.0,0.0,0.0%,LB,2014
252,253,Brett Goode,0,0,0.0,0,0,0,0,0,1,0.0,0.0,0.0%,LB,2014
253,254,L.P. LaDouceur,0,0,0.0,0,0,0,0,0,1,0.0,0.0,0.0%,LB,2014
254,255,Jon Dorenbos,0,0,0.0,0,0,0,0,0,1,0.0,0.0,0.0%,LB,2014
255,256,Danny Aiken,0,0,0.0,0,0,0,0,0,1,0.0,0.0,0.0%,LB,2014
256,257,Nick Sundberg,0,0,0.0,0,0,0,0,0,1,0.0,0.0,0.0%,LB,2014
257,258,Don Muhlbach,0,0,0.0,0,0,0,0,0,1,0.0,0.0,0.0%,LB,2014
