,Rank,Player,Pass Completions,Pass Attempts,Pass Completion/Attempts,Passing Yards,Passsing Yards/Attempt,Passing Touchdowns,Interception,Sacks,Rushing Attempts,Rushing Yards,Rushing Touchdown,Fumbles,Games Played,Fantasy Football Points,FTPS/Game,ROST,Position,Year
0,1,Russell Wilson,20,31,64.5,339,10.9,2,0,1,6,88,1,0,1,36.4,36.4,30.7%,QB,2014
1,2,Ryan Tannehill,35,47,74.5,396,8.4,4,1,1,6,-5,0,0,1,29.3,29.3,1.1%,QB,2014
2,3,Colin Kaepernick,15,24,62.5,114,4.8,1,0,2,7,151,1,1,1,27.7,27.7,0.1%,QB,2014
3,4,Tony Romo,18,20,90.0,218,10.9,4,0,1,3,28,0,0,1,27.5,27.5,0.1%,QB,2014
4,5,Eli Manning,25,32,78.1,391,12.2,3,0,1,3,-3,0,0,1,27.3,27.3,2.3%,QB,2014
5,6,Philip Rivers,33,54,61.1,356,6.6,4,3,2,0,0,0,0,1,24.2,24.2,20.6%,QB,2014
6,7,Cam Newton,18,31,58.1,201,6.5,1,1,1,12,63,1,0,1,22.3,22.3,9.1%,QB,2014
7,8,Mark Sanchez,37,50,74.0,374,7.5,2,1,3,5,22,0,1,1,21.2,21.2,0.1%,QB,2014
8,9,Kyle Orton,32,49,65.3,329,6.7,3,2,2,0,0,0,0,1,21.2,21.2,0.0%,QB,2014
9,10,Teddy Bridgewater,19,26,73.1,259,10.0,2,1,4,5,13,0,0,1,17.7,17.7,0.1%,QB,2014
10,11,Matt Ryan,30,40,75.0,322,8.1,1,0,0,2,7,0,0,1,17.6,17.6,0.1%,QB,2014
11,12,Shaun Hill,24,32,75.0,290,9.1,2,1,2,1,0,0,0,1,17.6,17.6,0.0%,QB,2014
12,13,Charlie Whitehurst,24,35,68.6,287,8.2,1,0,4,3,12,0,0,1,16.7,16.7,0.4%,QB,2014
13,14,Derek Carr,17,34,50.0,214,6.3,2,0,1,4,0,0,0,1,16.6,16.6,25.1%,QB,2014
14,15,Aaron Rodgers,31,40,77.5,318,8.0,1,0,1,0,0,0,1,1,14.7,14.7,50.0%,QB,2014
15,16,Andy Dalton,17,25,68.0,146,5.8,2,1,0,6,25,0,0,1,14.3,14.3,0.1%,QB,2014
16,17,Jimmy Clausen,23,39,59.0,181,4.6,2,1,2,3,9,0,0,1,14.1,14.1,0.0%,QB,2014
17,18,Alex Smith,31,45,68.9,311,6.9,0,0,6,2,14,0,0,1,13.8,13.8,5.0%,QB,2014
18,19,Blake Bortles,13,26,50.0,115,4.4,1,0,4,5,50,0,0,1,13.6,13.6,0.0%,QB,2014
19,20,Peyton Manning,28,44,63.6,311,7.1,2,4,2,0,0,0,0,1,12.4,12.4,0.0%,QB,2014
20,21,Ben Roethlisberger,18,25,72.0,220,8.8,1,0,1,4,-4,0,0,1,12.4,12.4,13.6%,QB,2014
21,22,Geno Smith,17,27,63.0,210,7.8,1,1,2,3,9,0,0,1,11.3,11.3,38.2%,QB,2014
22,23,Drew Brees,30,47,63.8,313,6.7,1,2,5,2,8,0,1,1,11.3,11.3,35.7%,QB,2014
23,24,Tom Brady,23,35,65.7,182,5.2,1,1,4,7,10,0,0,1,10.3,10.3,2.7%,QB,2014
24,25,Joe Flacco,21,50,42.0,195,3.9,2,3,2,1,5,0,0,1,10.3,10.3,17.3%,QB,2014
25,26,Brian Hoyer,7,13,53.8,134,10.3,1,1,3,2,19,0,0,1,9.3,9.3,0.0%,QB,2014
26,27,Robert Griffin,16,23,69.6,220,9.6,0,1,2,5,11,0,0,1,7.9,7.9,1.0%,QB,2014
27,28,Case Keenum,20,42,47.6,185,4.4,0,1,0,4,19,0,0,1,7.3,7.3,0.6%,QB,2014
28,29,Matt Hasselbeck,15,21,71.4,126,6.0,1,0,2,0,0,0,1,1,7.0,7.0,0.0%,QB,2014
29,30,Ryan Lindley,18,44,40.9,216,4.9,0,1,4,0,0,0,0,1,6.6,6.6,0.0%,QB,2014
30,31,Matthew Stafford,22,39,56.4,243,6.2,0,2,4,4,2,0,0,1,5.9,5.9,57.0%,QB,2014
31,32,Brandon Weeden,1,1,100.0,43,43.0,1,0,0,0,0,0,0,1,5.7,5.7,0.0%,QB,2014
32,33,Josh McCown,12,26,46.2,147,5.7,0,1,7,0,0,0,0,1,3.9,3.9,0.0%,QB,2014
33,34,Johnny Manziel,3,8,37.5,32,4.0,0,0,0,2,3,0,0,1,1.6,1.6,0.1%,QB,2014
34,35,Andrew Luck,15,22,68.2,109,5.0,0,2,0,0,0,0,0,1,0.4,0.4,2.2%,QB,2014
35,36,Luke McCown,0,0,0.0,0,0.0,0,0,0,0,0,0,0,1,0.0,0.0,0.0%,QB,2014
36,37,Joe Webb,0,0,0.0,0,0.0,0,0,0,0,0,0,0,1,0.0,0.0,0.0%,QB,2014
37,38,Matt Schaub,0,0,0.0,0,0.0,0,0,0,0,0,0,0,1,0.0,0.0,0.0%,QB,2014
38,39,Tarvaris Jackson,1,1,100.0,0,0.0,0,0,0,0,0,0,0,1,0.0,0.0,0.0%,QB,2014
39,40,Matt Flynn,0,0,0.0,0,0.0,0,0,0,3,-3,0,0,1,-0.3,-0.3,0.0%,QB,2014
