,Rank,Player,Pass Completions,Pass Attempts,Pass Completion/Attempts,Passing Yards,Passsing Yards/Attempt,Passing Touchdowns,Interception,Sacks,Rushing Attempts,Rushing Yards,Rushing Touchdown,Fumbles,Games Played,Fantasy Football Points,FTPS/Game,ROST,Position,Year
0,1,Aaron Rodgers,22,36,61.1,341,9.5,3,0,1,3,32,0,0,1,28.8,28.8,50.0%,QB,2014
1,2,Jay Cutler,31,43,72.1,330,7.7,3,2,0,5,21,0,0,1,23.3,23.3,0.2%,QB,2014
2,3,Russell Wilson,20,32,62.5,178,5.6,2,0,2,8,71,0,0,1,22.2,22.2,30.7%,QB,2014
3,4,Andy Dalton,16,22,72.7,220,10.0,3,0,1,5,12,0,0,1,22.0,22.0,0.1%,QB,2014
4,5,Josh McCown,15,23,65.2,288,12.5,2,0,2,3,8,0,0,1,20.3,20.3,0.0%,QB,2014
5,6,Andrew Luck,23,39,59.0,303,7.8,2,1,1,3,15,0,0,1,19.6,19.6,2.2%,QB,2014
6,7,Cam Newton,23,37,62.2,292,7.9,2,2,2,5,30,0,0,1,18.7,18.7,9.1%,QB,2014
7,8,Ryan Tannehill,26,34,76.5,240,7.1,2,0,5,4,16,0,1,1,16.8,16.8,1.1%,QB,2014
8,9,Zach Mettenberger,15,24,62.5,263,11.0,2,1,0,0,0,0,0,1,16.5,16.5,0.0%,QB,2014
9,10,Drew Stanton,21,32,65.6,306,9.6,2,2,0,4,-4,0,0,1,15.8,15.8,0.0%,QB,2014
10,11,Peyton Manning,34,54,63.0,389,7.2,1,2,2,1,-1,0,0,1,15.5,15.5,0.0%,QB,2014
11,12,Brian Hoyer,20,50,40.0,330,6.6,1,1,3,2,1,0,0,1,15.3,15.3,0.0%,QB,2014
12,13,Matt Ryan,31,45,68.9,268,6.0,1,0,2,1,4,0,0,1,15.1,15.1,0.1%,QB,2014
13,14,Drew Brees,33,41,80.5,255,6.2,1,0,0,1,3,0,0,1,14.5,14.5,35.7%,QB,2014
14,15,Tom Brady,19,30,63.3,257,8.6,2,2,0,2,-2,0,0,1,14.1,14.1,2.7%,QB,2014
15,16,Ryan Mallett,20,30,66.7,211,7.0,2,1,0,4,-3,0,0,1,14.1,14.1,0.0%,QB,2014
16,17,Colin Kaepernick,15,29,51.7,193,6.7,1,0,1,8,24,0,0,1,14.1,14.1,0.1%,QB,2014
17,18,Mark Sanchez,26,44,59.1,346,7.9,2,2,3,3,0,0,2,1,13.8,13.8,0.1%,QB,2014
18,19,Shaun Hill,20,29,69.0,220,7.6,1,0,3,0,0,0,0,1,12.8,12.8,0.0%,QB,2014
19,20,Robert Griffin,23,32,71.9,207,6.5,1,2,6,6,41,0,0,1,12.4,12.4,1.0%,QB,2014
20,21,Philip Rivers,22,34,64.7,193,5.7,1,0,2,1,-1,0,0,1,11.6,11.6,20.6%,QB,2014
21,22,Ben Roethlisberger,21,32,65.6,207,6.5,1,1,5,3,2,0,0,1,10.5,10.5,13.6%,QB,2014
22,23,Teddy Bridgewater,18,28,64.3,158,5.6,1,1,2,4,2,0,0,1,8.5,8.5,0.1%,QB,2014
23,24,Kyle Orton,22,39,56.4,193,4.9,0,0,2,2,2,0,0,1,7.9,7.9,0.0%,QB,2014
24,25,Matthew Stafford,18,30,60.0,183,6.1,0,1,4,0,0,0,0,1,5.3,5.3,57.0%,QB,2014
25,26,Eli Manning,22,45,48.9,280,6.2,1,5,2,0,0,0,0,1,5.2,5.2,2.3%,QB,2014
26,27,Derek Carr,16,34,47.1,172,5.1,0,0,2,2,0,0,1,1,4.9,4.9,25.1%,QB,2014
27,28,Alex Smith,11,16,68.8,108,6.8,0,0,0,2,-1,0,0,1,4.2,4.2,5.0%,QB,2014
28,29,Matt Flynn,2,2,100.0,26,13.0,0,0,0,3,-3,0,0,1,0.7,0.7,0.0%,QB,2014
29,30,Luke McCown,0,0,0.0,0,0.0,0,0,0,0,0,0,0,1,0.0,0.0,0.0%,QB,2014
30,31,Joe Webb,0,0,0.0,0,0.0,0,0,0,0,0,0,0,1,0.0,0.0,0.0%,QB,2014
31,32,Matt Schaub,0,0,0.0,0,0.0,0,0,0,0,0,0,0,1,0.0,0.0,0.0%,QB,2014
32,33,Jimmy Garoppolo,0,0,0.0,0,0.0,0,0,0,2,-2,0,0,1,-0.2,-0.2,1.7%,QB,2014
