,Rank,Player,Pass Completions,Pass Attempts,Pass Completion/Attempts,Passing Yards,Passsing Yards/Attempt,Passing Touchdowns,Interception,Sacks,Rushing Attempts,Rushing Yards,Rushing Touchdown,Fumbles,Games Played,Fantasy Football Points,FTPS/Game,ROST,Position,Year
0,1,Eli Manning,28,39,71.8,300,7.7,4,1,1,1,1,1,0,1,32.1,32.1,2.3%,QB,2014
1,2,Andrew Luck,29,41,70.7,393,9.6,4,1,0,1,-1,0,0,1,29.6,29.6,2.2%,QB,2014
2,3,Aaron Rodgers,22,28,78.6,302,10.8,4,0,1,1,8,0,0,1,28.9,28.9,50.0%,QB,2014
3,4,Philip Rivers,29,39,74.4,377,9.7,3,0,2,1,0,0,0,1,27.1,27.1,20.6%,QB,2014
4,5,Matthew Stafford,24,34,70.6,293,8.6,2,0,4,6,8,1,0,1,26.5,26.5,57.0%,QB,2014
5,6,Joe Flacco,22,31,71.0,327,10.5,3,0,0,1,3,0,0,1,25.4,25.4,17.3%,QB,2014
6,7,Tony Romo,22,29,75.9,262,9.0,3,0,1,6,20,0,0,1,24.5,24.5,0.1%,QB,2014
7,8,Teddy Bridgewater,19,30,63.3,317,10.6,0,0,0,5,27,1,0,1,23.4,23.4,0.1%,QB,2014
8,9,Alex Smith,20,26,76.9,248,9.5,3,0,2,4,8,0,0,1,22.7,22.7,5.0%,QB,2014
9,10,Ben Roethlisberger,29,40,72.5,314,7.9,3,0,5,2,4,0,1,1,22.4,22.4,13.6%,QB,2014
10,11,Ryan Tannehill,23,31,74.2,278,9.0,2,1,0,5,35,0,0,1,20.6,20.6,1.1%,QB,2014
11,12,Colin Kaepernick,17,30,56.7,218,7.3,2,1,4,7,58,0,0,1,20.5,20.5,0.1%,QB,2014
12,13,Drew Brees,32,44,72.7,340,7.7,2,1,1,1,6,0,0,1,20.2,20.2,35.7%,QB,2014
13,14,Matt Ryan,25,41,61.0,298,7.3,3,2,1,2,2,0,0,1,20.1,20.1,0.1%,QB,2014
14,15,Mike Glennon,21,42,50.0,302,7.2,2,1,1,0,0,0,0,1,18.1,18.1,1.0%,QB,2014
15,16,Jay Cutler,22,34,64.7,256,7.5,2,2,1,3,29,0,0,1,17.1,17.1,0.2%,QB,2014
16,17,E.J. Manuel,21,44,47.7,225,5.1,2,2,2,1,3,0,0,1,13.3,13.3,0.0%,QB,2014
17,18,Charlie Whitehurst,12,23,52.2,177,7.7,1,1,3,5,40,0,0,1,13.1,13.1,0.4%,QB,2014
18,19,Cam Newton,14,25,56.0,197,7.9,1,0,2,2,7,0,0,1,12.6,12.6,9.1%,QB,2014
19,20,Blake Bortles,29,37,78.4,254,6.9,1,2,3,5,24,0,0,1,12.6,12.6,0.0%,QB,2014
20,21,Ryan Fitzpatrick,25,37,67.6,268,7.2,1,2,3,5,14,0,0,1,12.1,12.1,0.0%,QB,2014
21,22,Geno Smith,17,33,51.5,209,6.3,1,1,2,4,4,0,1,1,8.8,8.8,38.2%,QB,2014
22,23,Derek Carr,16,25,64.0,146,5.8,1,1,1,2,9,0,0,1,8.7,8.7,25.1%,QB,2014
23,24,Jimmy Garoppolo,6,7,85.7,70,10.0,1,0,1,0,0,0,0,1,6.8,6.8,1.7%,QB,2014
24,25,Matt McGloin,12,19,63.2,129,6.8,1,2,1,2,3,0,0,1,5.5,5.5,0.2%,QB,2014
25,26,Kirk Cousins,19,33,57.6,257,7.8,1,4,2,1,12,0,1,1,5.5,5.5,38.6%,QB,2014
26,27,Tom Brady,14,23,60.9,159,6.9,1,2,2,0,0,0,1,1,4.4,4.4,2.7%,QB,2014
27,28,Nick Foles,21,43,48.8,195,4.5,0,2,1,1,1,0,0,1,3.9,3.9,0.0%,QB,2014
28,29,Derek Anderson,6,9,66.7,71,7.9,0,0,0,0,0,0,0,1,2.8,2.8,0.0%,QB,2014
29,30,Jimmy Clausen,1,1,100.0,9,9.0,0,0,0,0,0,0,0,1,0.4,0.4,0.0%,QB,2014
30,31,Christian Ponder,0,0,0.0,0,0.0,0,0,0,1,1,0,0,1,0.1,0.1,0.0%,QB,2014
31,32,Ryan Nassib,0,0,0.0,0,0.0,0,0,0,0,0,0,0,1,0.0,0.0,0.0%,QB,2014
32,33,Luke McCown,0,0,0.0,0,0.0,0,0,0,0,0,0,0,1,0.0,0.0,0.0%,QB,2014
33,34,Matt Moore,0,0,0.0,0,0.0,0,0,0,2,-2,0,0,1,-0.2,-0.2,0.0%,QB,2014
34,35,Matt Hasselbeck,0,0,0.0,0,0.0,0,0,0,3,-2,0,0,1,-0.2,-0.2,0.0%,QB,2014
35,36,Zach Mettenberger,2,5,40.0,17,3.4,0,1,0,0,0,0,0,1,-1.3,-1.3,0.0%,QB,2014
