,Rank,Player,Rushing Attempts,Rushing Yards,Rushing Yards/Attempts,Longest Rushing,Rushing 20+,Rushing Touchdown,Recptions,TGT,Receiving Yards,Receiving Yards/Reception,Receiving Touchdowns,Fumbles,Games Played,Fantasy Football Points,FTPS/Game,ROST,Position,Year
0,1,Tre Mason,14,117,8.4,89,0,2,3,4,47,15.7,1,0,1,34.4,34.4,0.6%,RB,2014
1,2,Le'Veon Bell,21,95,4.5,18,0,1,8,11,159,19.9,0,0,1,31.4,31.4,0.2%,RB,2014
2,3,C.J. Anderson,32,168,5.3,20,1,0,2,3,17,8.5,1,0,1,24.5,24.5,1.0%,RB,2014
3,4,Joique Bell,23,91,4.0,22,1,2,2,2,16,8.0,0,0,1,22.7,22.7,0.2%,RB,2014
4,5,Rashad Jennings,26,91,3.5,17,0,2,3,5,3,1.0,0,0,1,21.4,21.4,0.0%,RB,2014
5,6,LeSean McCoy,25,159,6.4,38,0,1,0,0,0,0.0,0,1,1,19.9,19.9,2.0%,RB,2014
6,7,DeMarco Murray,20,73,3.7,9,0,1,6,6,40,6.7,0,0,1,17.3,17.3,0.1%,RB,2014
7,8,Arian Foster,19,79,4.2,18,0,0,5,7,26,5.2,1,0,1,16.5,16.5,0.0%,RB,2014
8,9,Dan Herron,8,88,11.0,49,0,1,2,2,8,4.0,0,1,1,13.6,13.6,0.0%,RB,2014
9,10,Lamar Miller,13,56,4.3,13,0,1,2,3,11,5.5,0,0,1,12.7,12.7,0.0%,RB,2014
10,11,Roy Helu,1,5,5.0,5,0,0,4,4,61,15.3,1,0,1,12.6,12.6,0.0%,RB,2014
11,12,Justin Forsett,24,106,4.4,23,1,0,2,3,17,8.5,0,0,1,12.3,12.3,0.0%,RB,2014
12,13,Doug Martin,18,58,3.2,10,0,1,1,1,3,3.0,0,0,1,12.1,12.1,0.0%,RB,2014
13,14,Mark Ingram,23,122,5.3,31,1,0,2,2,-1,-0.5,0,0,1,12.1,12.1,0.1%,RB,2014
14,15,Jamaal Charles,10,35,3.5,11,0,0,4,6,24,6.0,1,0,1,11.9,11.9,0.1%,RB,2014
15,16,Robert Turbin,4,8,2.0,5,0,0,2,2,47,23.5,1,0,1,11.5,11.5,0.0%,RB,2014
16,17,Eddie Lacy,21,98,4.7,24,1,0,2,3,17,8.5,0,0,1,11.5,11.5,0.3%,RB,2014
17,18,Marshawn Lynch,20,104,5.2,33,0,0,1,1,7,7.0,0,0,1,11.1,11.1,0.3%,RB,2014
18,19,Jonathan Stewart,12,85,7.1,26,1,0,2,2,25,12.5,0,0,1,11.0,11.0,0.0%,RB,2014
19,20,Ryan Mathews,12,40,3.3,14,0,1,1,2,6,6.0,0,0,1,10.6,10.6,0.0%,RB,2014
20,21,Chris Johnson,17,105,6.2,47,0,0,0,0,0,0.0,0,0,1,10.5,10.5,0.6%,RB,2014
21,22,Steven Jackson,18,101,5.6,55,0,0,0,0,0,0.0,0,0,1,10.1,10.1,0.0%,RB,2014
22,23,Fred Jackson,21,70,3.3,8,0,0,3,4,27,9.0,0,0,1,9.7,9.7,0.0%,RB,2014
23,24,Stepfan Taylor,0,0,0.0,0,0,0,1,2,3,3.0,1,0,1,8.3,8.3,0.2%,RB,2014
24,25,Alfred Morris,17,67,3.9,21,1,0,3,5,16,5.3,0,0,1,8.3,8.3,0.0%,RB,2014
25,26,Brandon Bolden,3,17,5.7,12,0,1,0,0,0,0.0,0,0,1,7.7,7.7,0.0%,RB,2014
26,27,Erik Lorig,0,0,0.0,0,0,0,1,1,4,4.0,1,0,1,6.4,6.4,0.0%,RB,2014
27,28,Chris Ivory,16,62,3.9,11,0,0,0,0,0,0.0,0,0,1,6.2,6.2,0.0%,RB,2014
28,29,LeGarrette Blount,10,58,5.8,13,0,0,0,0,0,0.0,0,0,1,5.8,5.8,0.1%,RB,2014
29,30,Matt Forte,5,6,1.2,3,0,0,6,9,52,8.7,0,0,1,5.8,5.8,19.1%,RB,2014
30,31,Matt Asiata,14,52,3.7,8,0,0,4,4,5,1.3,0,0,1,5.7,5.7,0.0%,RB,2014
31,32,Carlos Hyde,5,19,3.8,12,0,0,3,3,38,12.7,0,0,1,5.7,5.7,0.0%,RB,2014
32,33,Charles Sims,5,6,1.2,5,0,0,4,4,49,12.3,0,0,1,5.5,5.5,0.0%,RB,2014
33,34,Theo Riddick,0,0,0.0,0,0,0,6,7,54,9.0,0,0,1,5.4,5.4,0.0%,RB,2014
34,35,Denard Robinson,11,44,4.0,17,0,0,3,4,10,3.3,0,0,1,5.4,5.4,0.2%,RB,2014
35,36,Giovani Bernard,10,49,4.9,15,0,0,1,1,4,4.0,0,0,1,5.3,5.3,0.0%,RB,2014
36,37,Jeremy Hill,13,40,3.1,12,0,0,4,4,12,3.0,0,0,1,5.2,5.2,0.0%,RB,2014
37,38,Bobby Rainey,1,11,11.0,11,0,0,2,2,41,20.5,0,0,1,5.2,5.2,0.0%,RB,2014
38,39,Chris Polk,11,49,4.5,12,0,0,0,0,0,0.0,0,0,1,4.9,4.9,0.0%,RB,2014
39,40,Darren McFadden,11,27,2.5,7,0,0,2,2,18,9.0,0,0,1,4.5,4.5,7.0%,RB,2014
40,41,Maurice Jones-Drew,5,21,4.2,13,0,0,3,4,23,7.7,0,0,1,4.4,4.4,0.0%,RB,2014
41,42,Dexter McCluster,9,33,3.7,10,0,0,2,3,11,5.5,0,0,1,4.4,4.4,0.0%,RB,2014
42,43,Isaiah Crowell,17,29,1.7,11,0,0,1,2,15,15.0,0,0,1,4.4,4.4,0.1%,RB,2014
43,44,Bishop Sankey,10,42,4.2,12,0,0,0,0,0,0.0,0,0,1,4.2,4.2,0.0%,RB,2014
44,45,Marion Grice,5,16,3.2,7,0,0,3,3,24,8.0,0,0,1,4.0,4.0,0.0%,RB,2014
45,46,Marcel Reece,4,12,3.0,8,0,0,6,8,48,8.0,0,1,1,4.0,4.0,0.0%,RB,2014
46,47,Juwan Thompson,10,39,3.9,17,0,0,0,0,0,0.0,0,0,1,3.9,3.9,0.0%,RB,2014
47,48,Andre Williams,8,21,2.6,11,0,0,2,3,16,8.0,0,0,1,3.7,3.7,0.0%,RB,2014
48,49,Pierre Thomas,3,21,7.0,13,0,0,2,4,16,8.0,0,0,1,3.7,3.7,0.0%,RB,2014
49,50,James Starks,1,2,2.0,2,0,0,2,2,34,17.0,0,0,1,3.6,3.6,0.0%,RB,2014
50,51,Frank Gore,10,28,2.8,7,0,0,1,2,8,8.0,0,0,1,3.6,3.6,12.1%,RB,2014
51,52,Darren Sproles,1,13,13.0,13,0,0,3,3,19,6.3,0,0,1,3.2,3.2,0.1%,RB,2014
52,53,Shane Vereen,3,6,2.0,3,0,0,1,2,26,26.0,0,0,1,3.2,3.2,0.0%,RB,2014
53,54,Devonta Freeman,8,26,3.3,19,0,0,1,1,4,4.0,0,0,1,3.0,3.0,0.0%,RB,2014
54,55,Zac Stacy,6,27,4.5,11,0,0,0,0,0,0.0,0,0,1,2.7,2.7,0.0%,RB,2014
55,56,Anthony Dixon,6,25,4.2,8,0,0,0,0,0,0.0,0,0,1,2.5,2.5,0.0%,RB,2014
56,57,Jacquizz Rodgers,4,7,1.8,5,0,0,3,3,18,6.0,0,0,1,2.5,2.5,0.0%,RB,2014
57,58,Bilal Powell,2,4,2.0,5,0,0,2,3,19,9.5,0,0,1,2.3,2.3,0.0%,RB,2014
58,59,Christine Michael,3,10,3.3,8,0,0,1,1,12,12.0,0,0,1,2.2,2.2,0.0%,RB,2014
59,60,DeAngelo Williams,7,21,3.0,9,0,0,0,0,0,0.0,0,0,1,2.1,2.1,0.1%,RB,2014
60,61,Terrance West,7,32,4.6,18,0,0,1,1,4,4.0,0,1,1,1.6,1.6,0.0%,RB,2014
61,62,Bernard Pierce,6,16,2.7,6,0,0,0,1,0,0.0,0,0,1,1.6,1.6,0.0%,RB,2014
62,63,Fozzy Whittaker,1,16,16.0,16,0,0,0,0,0,0.0,0,0,1,1.6,1.6,0.0%,RB,2014
63,64,Ben Tate,5,15,3.0,9,0,0,0,0,0,0.0,0,0,1,1.5,1.5,0.0%,RB,2014
64,65,Lance Dunbar,2,15,7.5,14,0,0,0,0,0,0.0,0,0,1,1.5,1.5,0.0%,RB,2014
65,66,Ka'Deem Carey,2,8,4.0,5,0,0,1,1,7,7.0,0,0,1,1.5,1.5,0.0%,RB,2014
66,67,Jonathan Grimes,5,13,2.6,10,0,0,0,0,0,0.0,0,0,1,1.3,1.3,0.0%,RB,2014
67,68,Trent Richardson,8,12,1.5,3,0,0,0,0,0,0.0,0,0,1,1.2,1.2,0.0%,RB,2014
68,69,Andre Ellington,5,12,2.4,7,0,0,0,0,0,0.0,0,0,1,1.2,1.2,0.1%,RB,2014
69,70,Travaris Cadet,0,0,0.0,0,0,0,2,2,11,5.5,0,0,1,1.1,1.1,0.0%,RB,2014
70,71,Bryce Brown,3,11,3.7,4,0,0,0,0,0,0.0,0,0,1,1.1,1.1,0.0%,RB,2014
71,72,Leon Washington,0,0,0.0,0,0,0,1,1,8,8.0,0,0,1,0.8,0.8,0.0%,RB,2014
72,73,Joe Banyard,2,8,4.0,5,0,0,0,0,0,0.0,0,0,1,0.8,0.8,0.0%,RB,2014
73,74,Daniel Thomas,1,5,5.0,5,0,0,1,1,3,3.0,0,0,1,0.8,0.8,0.0%,RB,2014
74,75,Toby Gerhart,5,7,1.4,4,0,0,0,0,0,0.0,0,0,1,0.7,0.7,0.0%,RB,2014
75,76,Branden Oliver,1,7,7.0,7,0,0,0,0,0,0.0,0,0,1,0.7,0.7,0.0%,RB,2014
76,77,Jordan Todman,1,-1,-1.0,0,0,0,1,2,7,7.0,0,0,1,0.6,0.6,0.0%,RB,2014
77,78,Alfred Blue,7,6,0.9,5,0,0,0,0,0,0.0,0,0,1,0.6,0.6,0.0%,RB,2014
78,79,Mike Tolbert,2,5,2.5,3,0,0,2,2,0,0.0,0,0,1,0.5,0.5,0.0%,RB,2014
79,80,Joseph Randle,2,6,3.0,3,0,0,1,1,-1,-1.0,0,0,1,0.5,0.5,0.0%,RB,2014
80,81,Donald Brown,1,-2,-2.0,0,0,0,1,1,6,6.0,0,0,1,0.4,0.4,0.0%,RB,2014
81,82,Jonas Gray,1,4,4.0,4,0,0,0,0,0,0.0,0,0,1,0.4,0.4,0.0%,RB,2014
82,83,Benny Cunningham,2,3,1.5,5,0,0,0,0,0,0.0,0,0,1,0.3,0.3,0.0%,RB,2014
83,84,Ryan Hewitt,0,0,0.0,0,0,0,1,1,3,3.0,0,0,1,0.3,0.3,0.0%,RB,2014
84,85,John Conner,1,2,2.0,2,0,0,0,0,0,0.0,0,0,1,0.2,0.2,0.0%,RB,2014
85,86,Jamize Olawale,0,0,0.0,0,0,0,0,0,0,0.0,0,0,1,0.0,0.0,0.0%,RB,2014
86,87,Cordarrelle Patterson,0,0,0.0,0,0,0,0,1,0,0.0,0,0,1,0.0,0.0,1.4%,RB,2014
87,88,Cory Harkey,0,0,0.0,0,0,0,2,2,12,6.0,1,0,1,0.0,0.0,0.2%,RB,2014
88,89,Jeremy Stewart,0,0,0.0,0,0,0,0,0,0,0.0,0,0,1,0.0,0.0,0.0%,RB,2014
89,90,Will Ta'ufo'ou,0,0,0.0,0,0,0,0,0,0,0.0,0,0,1,0.0,0.0,0.0%,RB,2014
90,91,Robert Hughes,0,0,0.0,0,0,0,0,0,0,0.0,0,0,1,0.0,0.0,0.0%,RB,2014
91,92,Will Johnson,0,0,0.0,0,0,0,0,0,0,0.0,0,0,1,0.0,0.0,0.0%,RB,2014
92,93,Marcus Thigpen,0,0,0.0,0,0,0,0,0,0,0.0,0,0,1,0.0,0.0,0.0%,RB,2014
93,94,Nick Bellore,0,0,0.0,0,0,0,0,0,0,0.0,0,0,1,0.0,0.0,7.0%,RB,2014
94,95,DuJuan Harris,0,0,0.0,0,0,0,0,0,0,0.0,0,0,1,0.0,0.0,0.0%,RB,2014
95,96,Bruce Miller,0,0,0.0,0,0,0,0,1,0,0.0,0,0,1,0.0,0.0,0.0%,RB,2014
96,97,Tyler Clutts,0,0,0.0,0,0,0,0,0,0,0.0,0,0,1,0.0,0.0,0.0%,RB,2014
97,98,Will Tukuafu,0,0,0.0,0,0,0,0,0,0,0.0,0,0,1,0.0,0.0,0.0%,RB,2014
98,99,Henry Hynoski,0,0,0.0,0,0,0,0,0,0,0.0,0,0,1,0.0,0.0,0.0%,RB,2014
99,100,Jed Collins,0,0,0.0,0,0,0,0,0,0,0.0,0,0,1,0.0,0.0,0.0%,RB,2014
100,101,Alfonso Smith,0,0,0.0,0,0,0,0,0,0,0.0,0,0,1,0.0,0.0,0.0%,RB,2014
101,102,Anthony Sherman,0,0,0.0,0,0,0,0,0,0,0.0,0,0,1,0.0,0.0,0.0%,RB,2014
102,103,George Winn,0,0,0.0,0,0,0,0,0,0,0.0,0,0,1,0.0,0.0,0.0%,RB,2014
103,104,Damien Williams,0,0,0.0,0,0,0,0,0,0,0.0,0,0,1,0.0,0.0,0.0%,RB,2014
104,105,Jay Prosch,0,0,0.0,0,0,0,0,0,0,0.0,0,0,1,0.0,0.0,0.0%,RB,2014
105,106,Dri Archer,1,0,0.0,0,0,0,0,0,0,0.0,0,0,1,0.0,0.0,0.0%,RB,2014
106,107,Keith Smith,0,0,0.0,0,0,0,0,0,0,0.0,0,0,1,0.0,0.0,0.0%,RB,2014
107,108,Ray Agnew,0,0,0.0,0,0,0,1,1,0,0.0,0,0,1,0.0,0.0,0.0%,RB,2014
108,109,Lorenzo Taliaferro,0,0,0.0,0,0,0,0,0,0,0.0,0,0,1,0.0,0.0,0.0%,RB,2014
109,110,Knile Davis,0,0,0.0,0,0,0,0,0,0,0.0,0,0,1,0.0,0.0,0.0%,RB,2014
110,111,Kyle Juszczyk,0,0,0.0,0,0,0,0,2,0,0.0,0,0,1,0.0,0.0,0.9%,RB,2014
111,112,Mike James,0,0,0.0,0,0,0,0,0,0,0.0,0,0,1,0.0,0.0,0.0%,RB,2014
112,113,Silas Redd,0,0,0.0,0,0,0,0,0,0,0.0,0,0,1,0.0,0.0,0.0%,RB,2014
113,114,Patrick DiMarco,0,0,0.0,0,0,0,0,1,0,0.0,0,0,1,0.0,0.0,0.0%,RB,2014
114,115,Chase Reynolds,0,0,0.0,0,0,0,0,0,0,0.0,0,0,1,0.0,0.0,0.0%,RB,2014
115,116,James Develin,0,0,0.0,0,0,0,0,0,0,0.0,0,0,1,0.0,0.0,0.0%,RB,2014
116,117,John Kuhn,0,0,0.0,0,0,0,0,0,0,0.0,0,0,1,0.0,0.0,0.0%,RB,2014
117,118,Jerome Felton,0,0,0.0,0,0,0,0,0,0,0.0,0,0,1,0.0,0.0,0.0%,RB,2014
118,119,Jackie Battle,0,0,0.0,0,0,0,0,0,0,0.0,0,0,1,0.0,0.0,0.0%,RB,2014
119,120,Cedric Peerman,0,0,0.0,0,0,0,0,0,0,0.0,0,0,1,0.0,0.0,0.0%,RB,2014
120,121,Darrel Young,0,0,0.0,0,0,0,0,1,0,0.0,0,0,1,0.0,0.0,0.0%,RB,2014
121,122,Shonn Greene,2,0,0.0,0,0,0,0,0,0,0.0,0,0,1,0.0,0.0,0.0%,RB,2014
122,123,George Atkinson,0,0,0.0,0,0,0,0,0,0,0.0,0,0,1,0.0,0.0,0.0%,RB,2014
123,124,Charcandrick West,0,0,0.0,0,0,0,0,0,0,0.0,0,0,1,0.0,0.0,0.0%,RB,2014
124,125,Trey Watts,0,0,0.0,0,0,0,0,1,0,0.0,0,0,1,0.0,0.0,0.0%,RB,2014
125,126,Orleans Darkwa,0,0,0.0,0,0,0,0,0,0,0.0,0,0,1,0.0,0.0,0.0%,RB,2014
126,127,Josh Harris,0,0,0.0,0,0,0,0,0,0,0.0,0,0,1,0.0,0.0,0.0%,RB,2014
127,128,Glenn Winston,0,0,0.0,0,0,0,0,0,0,0.0,0,0,1,0.0,0.0,0.0%,RB,2014
128,129,Zurlon Tipton,0,0,0.0,0,0,0,0,0,0,0.0,0,0,1,0.0,0.0,0.0%,RB,2014
129,130,Senorise Perry,0,0,0.0,0,0,0,1,1,-1,-1.0,0,0,1,-0.1,-0.1,0.0%,RB,2014
