,Rank,Player,Rushing Attempts,Rushing Yards,Rushing Yards/Attempts,Longest Rushing,Rushing 20+,Rushing Touchdown,Recptions,TGT,Receiving Yards,Receiving Yards/Reception,Receiving Touchdowns,Fumbles,Games Played,Fantasy Football Points,FTPS/Game,ROST,Position,Year
0,1,Marshawn Lynch,21,140,6.7,22,1,4,1,1,23,23.0,0,0,1,40.3,40.3,0.3%,RB,2014
1,2,Justin Forsett,20,112,5.6,37,0,2,0,1,0,0.0,0,0,1,23.2,23.2,0.0%,RB,2014
2,3,C.J. Anderson,13,90,6.9,17,0,0,4,7,73,18.3,1,0,1,22.3,22.3,1.0%,RB,2014
3,4,Eddie Lacy,14,50,3.6,16,0,0,3,6,68,22.7,1,0,1,17.8,17.8,0.3%,RB,2014
4,5,Jamaal Charles,15,98,6.5,39,0,1,3,4,20,6.7,0,0,1,17.8,17.8,0.1%,RB,2014
5,6,Denard Robinson,15,60,4.0,32,0,2,2,3,10,5.0,0,1,1,17.0,17.0,0.2%,RB,2014
6,7,Steven Jackson,16,81,5.1,27,1,1,2,2,14,7.0,0,0,1,15.5,15.5,0.0%,RB,2014
7,8,Terrance West,26,94,3.6,14,0,1,0,0,0,0.0,0,0,1,15.4,15.4,0.0%,RB,2014
8,9,Frank Gore,23,81,3.5,11,0,1,1,1,2,2.0,0,0,1,14.3,14.3,12.1%,RB,2014
9,10,Mark Ingram,27,120,4.4,11,0,0,3,5,19,6.3,0,0,1,13.9,13.9,0.1%,RB,2014
10,11,DeMarco Murray,19,100,5.3,23,2,0,6,7,31,5.2,0,0,1,13.1,13.1,0.1%,RB,2014
11,12,Ben Tate,10,34,3.4,8,0,1,2,2,27,13.5,0,0,1,12.1,12.1,0.0%,RB,2014
12,13,Jonathan Stewart,11,36,3.3,10,0,1,4,4,23,5.8,0,0,1,11.9,11.9,0.0%,RB,2014
13,14,Joseph Randle,7,56,8.0,40,0,1,0,0,0,0.0,0,0,1,11.6,11.6,0.0%,RB,2014
14,15,Andre Ellington,18,23,1.3,5,0,1,5,5,19,3.8,0,0,1,10.2,10.2,0.1%,RB,2014
15,16,Isaiah Crowell,12,41,3.4,6,0,1,0,0,0,0.0,0,0,1,10.1,10.1,0.1%,RB,2014
16,17,Andre Williams,13,33,2.5,7,0,1,2,5,5,2.5,0,0,1,9.8,9.8,0.0%,RB,2014
17,18,Carlos Hyde,4,36,9.0,15,0,1,0,0,0,0.0,0,0,1,9.6,9.6,0.0%,RB,2014
18,19,Benny Cunningham,4,12,3.0,5,0,1,2,4,16,8.0,0,0,1,8.8,8.8,0.0%,RB,2014
19,20,Matt Forte,17,54,3.2,13,0,0,3,7,27,9.0,0,0,1,8.1,8.1,19.1%,RB,2014
20,21,Joique Bell,10,44,4.4,16,0,0,2,3,37,18.5,0,0,1,8.1,8.1,0.2%,RB,2014
21,22,Tre Mason,14,48,3.4,16,0,0,4,6,33,8.3,0,0,1,8.1,8.1,0.6%,RB,2014
22,23,Darren Sproles,1,8,8.0,8,0,1,1,2,13,13.0,0,0,1,8.1,8.1,0.1%,RB,2014
23,24,Bryce Brown,7,35,5.0,14,0,0,6,7,65,10.8,0,1,1,8.0,8.0,0.0%,RB,2014
24,25,LeSean McCoy,12,19,1.6,6,0,1,1,3,-2,-2.0,0,0,1,7.7,7.7,2.0%,RB,2014
25,26,Leon Washington,1,3,3.0,3,0,0,2,3,12,6.0,1,0,1,7.5,7.5,0.0%,RB,2014
26,27,Bishop Sankey,16,55,3.4,11,0,0,3,3,19,6.3,0,0,1,7.4,7.4,0.0%,RB,2014
27,28,Christine Michael,4,71,17.8,45,0,0,0,0,0,0.0,0,0,1,7.1,7.1,0.0%,RB,2014
28,29,Le'Veon Bell,11,36,3.3,8,0,0,8,10,33,4.1,0,0,1,6.9,6.9,0.2%,RB,2014
29,30,Theo Riddick,3,0,0.0,3,0,0,2,3,5,2.5,1,0,1,6.5,6.5,0.0%,RB,2014
30,31,Anthony Dixon,9,62,6.9,27,1,0,0,0,0,0.0,0,0,1,6.2,6.2,0.0%,RB,2014
31,32,Damien Williams,7,34,4.9,19,0,0,3,3,27,9.0,0,0,1,6.1,6.1,0.0%,RB,2014
32,33,Bobby Rainey,6,14,2.3,8,0,0,4,5,42,10.5,0,0,1,5.6,5.6,0.0%,RB,2014
33,34,DuJuan Harris,8,52,6.5,12,0,0,0,0,0,0.0,0,0,1,5.2,5.2,0.0%,RB,2014
34,35,Chris Ivory,14,51,3.6,12,0,0,0,0,0,0.0,0,0,1,5.1,5.1,0.0%,RB,2014
35,36,Fred Jackson,3,10,3.3,10,0,0,4,5,39,9.8,0,0,1,4.9,4.9,0.0%,RB,2014
36,37,Jeremy Hill,12,55,4.6,13,0,0,1,2,6,6.0,0,1,1,4.1,4.1,0.0%,RB,2014
37,38,Fozzy Whittaker,6,29,4.8,17,0,0,2,2,7,3.5,0,0,1,3.6,3.6,0.0%,RB,2014
38,39,Darren McFadden,7,14,2.0,6,0,0,4,7,22,5.5,0,0,1,3.6,3.6,7.0%,RB,2014
39,40,Chris Johnson,7,23,3.3,4,0,0,1,1,12,12.0,0,0,1,3.5,3.5,0.6%,RB,2014
40,41,Jordan Todman,2,6,3.0,3,0,0,3,6,27,9.0,0,0,1,3.3,3.3,0.0%,RB,2014
41,42,Bernard Pierce,8,31,3.9,10,0,0,0,0,0,0.0,0,0,1,3.1,3.1,0.0%,RB,2014
42,43,Jed Collins,0,0,0.0,0,0,0,2,2,30,15.0,0,0,1,3.0,3.0,0.0%,RB,2014
43,44,DeAngelo Williams,13,31,2.4,8,0,0,3,3,17,5.7,0,1,1,2.8,2.8,0.1%,RB,2014
44,45,Travaris Cadet,2,9,4.5,8,0,0,3,5,18,6.0,0,0,1,2.7,2.7,0.0%,RB,2014
45,46,Kyle Juszczyk,0,0,0.0,0,0,0,3,3,26,8.7,0,0,1,2.6,2.6,0.9%,RB,2014
46,47,Reggie Bush,4,20,5.0,8,0,0,1,1,5,5.0,0,0,1,2.5,2.5,0.0%,RB,2014
47,48,Ka'Deem Carey,2,13,6.5,8,0,0,1,1,11,11.0,0,0,1,2.4,2.4,0.0%,RB,2014
48,49,Ronnie Hillman,6,13,2.2,6,0,0,2,5,9,4.5,0,0,1,2.2,2.2,0.0%,RB,2014
49,50,Charles Sims,8,23,2.9,6,0,0,2,2,17,8.5,0,1,1,2.0,2.0,0.0%,RB,2014
50,51,John Kuhn,5,20,4.0,7,0,0,0,0,0,0.0,0,0,1,2.0,2.0,0.0%,RB,2014
51,52,Maurice Jones-Drew,3,10,3.3,6,0,0,1,1,7,7.0,0,0,1,1.7,1.7,0.0%,RB,2014
52,53,Mike James,4,16,4.0,9,0,0,0,0,0,0.0,0,0,1,1.6,1.6,0.0%,RB,2014
53,54,Rex Burkhead,4,12,3.0,7,0,0,2,4,3,1.5,0,0,1,1.5,1.5,10.0%,RB,2014
54,55,Michael Cox,2,6,3.0,4,0,0,2,3,9,4.5,0,0,1,1.5,1.5,0.0%,RB,2014
55,56,Devonta Freeman,3,16,5.3,9,0,0,1,1,-2,-2.0,0,0,1,1.4,1.4,0.0%,RB,2014
56,57,Erik Lorig,0,0,0.0,0,0,0,1,1,14,14.0,0,0,1,1.4,1.4,0.0%,RB,2014
57,58,Robert Turbin,6,32,5.3,6,0,0,0,0,0,0.0,0,1,1,1.2,1.2,0.0%,RB,2014
58,59,Jacquizz Rodgers,1,1,1.0,1,0,0,2,2,11,5.5,0,0,1,1.2,1.2,0.0%,RB,2014
59,60,Latavius Murray,2,4,2.0,3,0,0,1,1,7,7.0,0,0,1,1.1,1.1,7.6%,RB,2014
60,61,Chris Polk,5,11,2.2,6,0,0,0,0,0,0.0,0,0,1,1.1,1.1,0.0%,RB,2014
61,62,Jackie Battle,0,0,0.0,0,0,0,1,1,11,11.0,0,0,1,1.1,1.1,0.0%,RB,2014
62,63,Lorenzo Taliaferro,3,10,3.3,4,0,0,0,0,0,0.0,0,0,1,1.0,1.0,0.0%,RB,2014
63,64,James Starks,5,10,2.0,6,0,0,0,1,0,0.0,0,0,1,1.0,1.0,0.0%,RB,2014
64,65,Marcel Reece,1,3,3.0,3,0,0,2,2,6,3.0,0,0,1,0.9,0.9,0.0%,RB,2014
65,66,Peyton Hillis,1,4,4.0,4,0,0,1,2,5,5.0,0,0,1,0.9,0.9,0.0%,RB,2014
66,67,Juwan Thompson,4,8,2.0,5,0,0,0,0,0,0.0,0,0,1,0.8,0.8,0.0%,RB,2014
67,68,Lance Dunbar,0,0,0.0,0,0,0,2,2,7,3.5,0,0,1,0.7,0.7,0.0%,RB,2014
68,69,Lamar Miller,4,10,2.5,5,0,0,1,2,-4,-4.0,0,0,1,0.6,0.6,0.0%,RB,2014
69,70,Bilal Powell,1,4,4.0,4,0,0,0,1,0,0.0,0,0,1,0.4,0.4,0.0%,RB,2014
70,71,Frank Summers,1,1,1.0,1,0,0,1,3,2,2.0,0,0,1,0.3,0.3,0.0%,RB,2014
71,72,Antone Smith,4,3,0.8,4,0,0,0,0,0,0.0,0,0,1,0.3,0.3,0.0%,RB,2014
72,73,Toby Gerhart,4,2,0.5,2,0,0,0,0,0,0.0,0,0,1,0.2,0.2,0.0%,RB,2014
73,74,Marion Grice,1,1,1.0,1,0,0,0,1,0,0.0,0,0,1,0.1,0.1,0.0%,RB,2014
74,75,Edwin Baker,0,0,0.0,0,0,0,0,0,0,0.0,0,0,1,0.0,0.0,0.0%,RB,2014
75,76,Cory Harkey,0,0,0.0,0,0,0,0,0,0,0.0,0,0,1,0.0,0.0,0.2%,RB,2014
76,77,Will Ta'ufo'ou,0,0,0.0,0,0,0,0,0,0,0.0,0,0,1,0.0,0.0,0.0%,RB,2014
77,78,Robert Hughes,0,0,0.0,0,0,0,0,0,0,0.0,0,0,1,0.0,0.0,0.0%,RB,2014
78,79,Marcus Thigpen,0,0,0.0,0,0,0,0,1,0,0.0,0,0,1,0.0,0.0,0.0%,RB,2014
79,80,Jamize Olawale,0,0,0.0,0,0,0,0,0,0,0.0,0,0,1,0.0,0.0,0.0%,RB,2014
80,81,Cyrus Gray,0,0,0.0,0,0,0,0,0,0,0.0,0,0,1,0.0,0.0,0.0%,RB,2014
81,82,Nick Bellore,0,0,0.0,0,0,0,0,0,0,0.0,0,0,1,0.0,0.0,7.0%,RB,2014
82,83,Bruce Miller,1,3,3.0,3,0,0,0,1,0,0.0,0,0,1,0.0,0.0,0.0%,RB,2014
83,84,Anthony Sherman,0,0,0.0,0,0,0,0,2,0,0.0,0,0,1,0.0,0.0,0.0%,RB,2014
84,85,Will Tukuafu,0,0,0.0,0,0,0,0,0,0,0.0,0,0,1,0.0,0.0,0.0%,RB,2014
85,86,Tyler Clutts,0,0,0.0,0,0,0,0,0,0,0.0,0,0,1,0.0,0.0,0.0%,RB,2014
86,87,Henry Hynoski,0,0,0.0,0,0,0,0,0,0,0.0,0,0,1,0.0,0.0,0.0%,RB,2014
87,88,George Winn,0,0,0.0,0,0,0,0,0,0,0.0,0,0,1,0.0,0.0,0.0%,RB,2014
88,89,Kiero Small,0,0,0.0,0,0,0,0,0,0,0.0,0,0,1,0.0,0.0,0.0%,RB,2014
89,90,Dri Archer,0,0,0.0,0,0,0,0,0,0,0.0,0,0,1,0.0,0.0,0.0%,RB,2014
90,91,Ryan Hewitt,0,0,0.0,0,0,0,0,0,0,0.0,0,0,1,0.0,0.0,0.0%,RB,2014
91,92,Kerwynn Williams,0,0,0.0,0,0,0,0,0,0,0.0,0,0,1,0.0,0.0,0.0%,RB,2014
92,93,Zac Stacy,0,0,0.0,0,0,0,0,0,0,0.0,0,0,1,0.0,0.0,0.0%,RB,2014
93,94,Patrick DiMarco,0,0,0.0,0,0,0,0,2,0,0.0,0,0,1,0.0,0.0,0.0%,RB,2014
94,95,Chase Reynolds,0,0,0.0,0,0,0,0,0,0,0.0,0,0,1,0.0,0.0,0.0%,RB,2014
95,96,LeGarrette Blount,5,0,0.0,4,0,0,0,0,0,0.0,0,0,1,0.0,0.0,0.1%,RB,2014
96,97,Dexter McCluster,0,0,0.0,0,0,0,0,0,0,0.0,0,0,1,0.0,0.0,0.0%,RB,2014
97,98,John Conner,0,0,0.0,0,0,0,0,0,0,0.0,0,0,1,0.0,0.0,0.0%,RB,2014
98,99,Keith Smith,0,0,0.0,0,0,0,0,0,0,0.0,0,0,1,0.0,0.0,0.0%,RB,2014
99,100,Jorvorskie Lane,0,0,0.0,0,0,0,0,0,0,0.0,0,0,1,0.0,0.0,0.0%,RB,2014
100,101,Senorise Perry,0,0,0.0,0,0,0,0,0,0,0.0,0,0,1,0.0,0.0,0.0%,RB,2014
101,102,Cedric Peerman,2,-2,-1.0,1,0,0,0,0,0,0.0,0,0,1,-0.2,-0.2,0.0%,RB,2014
102,103,Will Johnson,0,0,0.0,0,0,0,1,1,-5,-5.0,0,0,1,-0.5,-0.5,0.0%,RB,2014
103,104,Daniel Thomas,5,14,2.8,7,0,0,0,0,0,0.0,0,1,1,-0.6,-0.6,0.0%,RB,2014
104,105,Shonn Greene,4,8,2.0,4,0,0,0,0,0,0.0,0,1,1,-1.2,-1.2,0.0%,RB,2014
105,106,Knile Davis,4,1,0.3,4,0,0,1,1,5,5.0,0,1,1,-1.4,-1.4,0.0%,RB,2014
