,Rank,Player,Receiving Receptions,Receiving Target,Receiving Yards,Yards/Reception,Longest Reception,Receiving 20+,Receiving Touchdowns,Rushing Attempts,Rushing Yards,Rushing Touchdown,Fumbles,Games Played,Fantasy Football Points,FTPS/Game,ROST,Position,Year
0,1,Coby Fleener,7,7,144,20.6,45,4,0,0,0,0,0,1,14.4,14.4,0.0%,TE,2014
1,2,Jermaine Gresham,2,3,13,6.5,12,0,2,0,0,0,0,1,13.3,13.3,0.0%,TE,2014
2,3,Rob Gronkowski,4,5,71,17.8,26,2,1,0,0,0,0,1,13.1,13.1,1.5%,TE,2014
3,4,Larry Donnell,3,6,54,18.0,30,0,1,0,0,0,0,1,11.4,11.4,0.0%,TE,2014
4,5,Garrett Graham,2,2,34,17.0,20,1,1,0,0,0,0,1,9.4,9.4,0.0%,TE,2014
5,6,Chase Coffman,3,4,32,10.7,18,0,1,0,0,0,0,1,9.2,9.2,0.0%,TE,2014
6,7,Heath Miller,5,5,71,14.2,23,1,0,0,0,0,0,1,7.1,7.1,0.0%,TE,2014
7,8,Rhett Ellison,1,1,7,7.0,7,0,1,0,0,0,0,1,6.7,6.7,0.0%,TE,2014
8,9,Tim Wright,1,2,2,2.0,2,0,1,0,0,0,0,1,6.2,6.2,0.0%,TE,2014
9,10,Greg Olsen,5,11,61,12.2,15,0,0,0,0,0,0,1,6.1,6.1,7.0%,TE,2014
10,11,Tony Moeaki,1,1,1,1.0,1,0,1,0,0,0,0,1,6.1,6.1,0.0%,TE,2014
11,12,Zach Ertz,4,7,55,13.8,22,1,0,0,0,0,0,1,5.5,5.5,3.6%,TE,2014
12,13,Luke Willson,3,3,51,17.0,27,1,0,0,0,0,0,1,5.1,5.1,0.0%,TE,2014
13,14,Jim Dray,2,2,46,23.0,30,0,0,0,0,0,0,1,4.6,4.6,0.0%,TE,2014
14,15,Mychal Rivera,3,5,40,13.3,33,0,0,0,0,0,0,1,4.0,4.0,0.2%,TE,2014
15,16,John Carlson,3,4,37,12.3,17,0,0,0,0,0,0,1,3.7,3.7,0.0%,TE,2014
16,17,Andrew Quarless,2,2,35,17.5,24,1,0,0,0,0,0,1,3.5,3.5,0.0%,TE,2014
17,18,Antonio Gates,3,3,32,10.7,15,0,0,0,0,0,0,1,3.2,3.2,0.2%,TE,2014
18,19,Charles Clay,5,6,31,6.2,12,0,0,0,0,0,0,1,3.1,3.1,0.0%,TE,2014
19,20,Jacob Tamme,4,10,31,7.8,10,0,0,0,0,0,0,1,3.1,3.1,0.0%,TE,2014
20,21,Jimmy Graham,3,3,29,9.7,13,0,0,0,0,0,0,1,2.9,2.9,0.0%,TE,2014
21,22,Martellus Bennett,4,4,29,7.3,12,0,0,0,0,0,0,1,2.9,2.9,23.0%,TE,2014
22,23,Rob Housler,1,1,27,27.0,27,1,0,0,0,0,0,1,2.7,2.7,0.0%,TE,2014
23,24,Levine Toilolo,2,4,23,11.5,20,1,0,0,0,0,0,1,2.3,2.3,0.0%,TE,2014
24,25,Jordan Reed,2,3,22,11.0,12,0,0,0,0,0,0,1,2.2,2.2,19.0%,TE,2014
25,26,Eric Ebron,4,4,22,5.5,8,0,0,0,0,0,0,1,2.2,2.2,0.0%,TE,2014
26,27,Brandon Myers,1,1,21,21.0,21,1,0,0,0,0,0,1,2.1,2.1,0.0%,TE,2014
27,28,Ed Dickson,2,2,20,10.0,17,0,0,0,0,0,0,1,2.0,2.0,0.0%,TE,2014
28,29,Richard Rodgers,1,2,19,19.0,19,0,0,0,0,0,0,1,1.9,1.9,0.0%,TE,2014
29,30,Jared Cook,3,5,19,6.3,9,0,0,0,0,0,0,1,1.9,1.9,0.0%,TE,2014
30,31,Travis Kelce,3,5,37,12.3,23,1,0,0,0,0,1,1,1.7,1.7,99.9%,TE,2014
31,32,Niles Paul,3,5,17,5.7,8,0,0,0,0,0,0,1,1.7,1.7,0.0%,TE,2014
32,33,Bruce Miller,2,2,16,8.0,11,0,0,0,0,0,0,1,1.6,1.6,0.0%,TE,2014
33,34,Vernon Davis,1,5,7,7.0,7,0,0,1,4,0,0,1,1.1,1.1,1.6%,TE,2014
34,35,Dion Sims,2,2,11,5.5,8,0,0,0,0,0,0,1,1.1,1.1,0.0%,TE,2014
35,36,Gary Barnidge,1,5,11,11.0,11,0,0,0,0,0,0,1,1.1,1.1,0.1%,TE,2014
36,37,Brent Celek,1,2,11,11.0,11,0,0,0,0,0,0,1,1.1,1.1,0.0%,TE,2014
37,38,Ladarius Green,1,2,11,11.0,11,0,0,0,0,0,0,1,1.1,1.1,0.0%,TE,2014
38,39,Austin Seferian-Jenkins,1,1,7,7.0,7,0,0,0,0,0,0,1,0.7,0.7,0.0%,TE,2014
39,40,Dante Rosario,1,2,7,7.0,7,0,0,0,0,0,0,1,0.7,0.7,0.0%,TE,2014
40,41,Troy Niklas,1,1,5,5.0,5,0,0,0,0,0,0,1,0.5,0.5,0.0%,TE,2014
41,42,Lance Kendricks,2,3,5,2.5,8,0,0,0,0,0,0,1,0.5,0.5,0.0%,TE,2014
42,43,Chase Ford,1,2,4,4.0,4,0,0,0,0,0,0,1,0.4,0.4,0.0%,TE,2014
43,44,Brian Leonhardt,1,1,4,4.0,4,0,0,0,0,0,0,1,0.4,0.4,0.0%,TE,2014
44,45,David Johnson,1,1,4,4.0,4,0,0,0,0,0,0,1,0.4,0.4,0.0%,TE,2014
45,46,Julius Thomas,2,3,3,1.5,2,0,0,0,0,0,0,1,0.3,0.3,0.0%,TE,2014
46,47,Phillip Supernaw,1,1,3,3.0,3,0,0,0,0,0,0,1,0.3,0.3,0.0%,TE,2014
47,48,Chris Gragg,1,1,2,2.0,2,0,0,0,0,0,0,1,0.2,0.2,0.0%,TE,2014
48,49,Cooper Helfet,1,3,2,2.0,2,0,0,0,0,0,0,1,0.2,0.2,0.0%,TE,2014
49,50,Joseph Fauria,0,0,0,0.0,0,0,0,0,0,0,0,1,0.0,0.0,0.0%,TE,2014
50,51,Brett Brackett,0,0,0,0.0,0,0,0,0,0,0,0,1,0.0,0.0,0.0%,TE,2014
51,52,Cory Harkey,0,0,0,0.0,0,0,0,0,0,0,0,1,0.0,0.0,0.2%,TE,2014
52,53,Derek Carrier,0,0,0,0.0,0,0,0,0,0,0,0,1,0.0,0.0,0.0%,TE,2014
53,54,Vance McDonald,0,2,0,0.0,0,0,0,0,0,0,0,1,0.0,0.0,0.0%,TE,2014
54,55,Ryan Griffin,0,0,0,0.0,0,0,0,0,0,0,0,1,0.0,0.0,0.0%,TE,2014
55,56,Brandon Williams,0,0,0,0.0,0,0,0,0,0,0,0,1,0.0,0.0,0.0%,TE,2014
56,57,Kevin Brock,0,0,0,0.0,0,0,0,0,0,0,0,1,0.0,0.0,0.0%,TE,2014
57,58,Adrien Robinson,0,0,0,0.0,0,0,0,0,0,0,0,1,0.0,0.0,0.0%,TE,2014
58,59,Dwayne Allen,0,0,0,0.0,0,0,0,0,0,0,0,1,0.0,0.0,0.0%,TE,2014
59,60,Jack Doyle,0,1,0,0.0,0,0,0,0,0,0,0,1,0.0,0.0,2.0%,TE,2014
60,61,Ryan Hewitt,0,0,0,0.0,0,0,0,0,0,0,0,1,0.0,0.0,0.0%,TE,2014
61,62,Justin Perillo,0,0,0,0.0,0,0,0,0,0,0,0,1,0.0,0.0,0.0%,TE,2014
62,63,Kelvin Benjamin,9,13,109,12.1,22,1,1,0,0,0,0,1,0.0,0.0,0.1%,TE,2014
63,64,Jordan Matthews,5,8,107,21.4,40,0,1,0,0,0,0,1,0.0,0.0,0.0%,TE,2014
64,65,C.J. Fiedorowicz,0,0,0,0.0,0,0,0,0,0,0,0,1,0.0,0.0,0.0%,TE,2014
65,66,Trey Burton,0,0,0,0.0,0,0,0,0,0,0,0,1,0.0,0.0,0.0%,TE,2014
66,67,Harold Hoskins,0,0,0,0.0,0,0,0,0,0,0,0,1,0.0,0.0,0.0%,TE,2014
67,68,James Casey,0,0,0,0.0,0,0,0,0,0,0,0,1,0.0,0.0,0.0%,TE,2014
68,69,John Phillips,0,0,0,0.0,0,0,0,0,0,0,0,1,0.0,0.0,0.0%,TE,2014
69,70,Bear Pascoe,0,0,0,0.0,0,0,0,0,0,0,0,1,0.0,0.0,0.0%,TE,2014
70,71,Benjamin Watson,0,0,0,0.0,0,0,0,0,0,0,0,1,0.0,0.0,2.8%,TE,2014
71,72,Daniel Fells,0,0,0,0.0,0,0,0,0,0,0,0,1,0.0,0.0,0.0%,TE,2014
72,73,Clark Harris,0,0,0,0.0,0,0,0,0,0,0,0,1,0.0,0.0,0.0%,TE,2014
73,74,Kellen Davis,0,0,0,0.0,0,0,0,0,0,0,0,1,0.0,0.0,0.2%,TE,2014
74,75,Michael Hoomanawanui,0,1,0,0.0,0,0,0,0,0,0,0,1,0.0,0.0,0.1%,TE,2014
75,76,Michael Palmer,0,0,0,0.0,0,0,0,0,0,0,0,1,0.0,0.0,0.0%,TE,2014
76,77,Ryan Taylor,0,0,0,0.0,0,0,0,0,0,0,0,1,0.0,0.0,0.0%,TE,2014
77,78,Richard Gordon,0,0,0,0.0,0,0,0,0,0,0,0,1,0.0,0.0,0.0%,TE,2014
78,79,Lee Smith,0,0,0,0.0,0,0,0,0,0,0,0,1,0.0,0.0,0.0%,TE,2014
79,80,Kyle Rudolph,0,0,0,0.0,0,0,0,0,0,0,0,1,0.0,0.0,0.0%,TE,2014
80,81,Scott Chandler,0,3,0,0.0,0,0,0,0,0,0,0,1,0.0,0.0,0.0%,TE,2014
81,82,Logan Paulsen,0,0,0,0.0,0,0,0,0,0,0,0,1,0.0,0.0,0.0%,TE,2014
82,83,Matt Spaeth,0,0,0,0.0,0,0,0,0,0,0,0,1,0.0,0.0,0.0%,TE,2014
83,84,Mike Leach,0,0,0,0.0,0,0,0,0,0,0,0,1,0.0,0.0,0.0%,TE,2014
84,85,Josh Hill,0,1,0,0.0,0,0,0,0,0,0,0,1,0.0,0.0,0.0%,TE,2014
85,86,Kyle Nelson,0,0,0,0.0,0,0,0,0,0,0,0,1,0.0,0.0,0.0%,TE,2014
86,87,Beau Brinkley,0,0,0,0.0,0,0,0,0,0,0,0,1,0.0,0.0,0.2%,TE,2014
87,88,Andrew DePaola,0,0,0,0.0,0,0,0,0,0,0,0,1,0.0,0.0,0.0%,TE,2014
