,Rank,Player,Receiving Receptions,Receiving Target,Receiving Yards,Yards/Reception,Longest Reception,Receiving 20+,Receiving Touchdowns,Rushing Attempts,Rushing Yards,Rushing Touchdown,Fumbles,Games Played,Fantasy Football Points,FTPS/Game,ROST,Position,Year
0,1,Rob Gronkowski,3,8,96,32.0,35,1,1,0,0,0,0,1,15.6,15.6,1.5%,TE,2014
1,2,Josh Hill,2,2,15,7.5,8,0,2,0,0,0,0,1,13.5,13.5,0.0%,TE,2014
2,3,Owen Daniels,4,9,62,15.5,29,2,1,0,0,0,0,1,12.2,12.2,0.0%,TE,2014
3,4,Antonio Gates,6,7,54,9.0,15,0,1,0,0,0,0,1,11.4,11.4,0.2%,TE,2014
4,5,Greg Olsen,10,13,110,11.0,16,0,0,0,0,0,0,1,11.0,11.0,7.0%,TE,2014
5,6,Travis Kelce,5,6,59,11.8,20,1,1,0,0,0,1,1,9.9,9.9,99.9%,TE,2014
6,7,Delanie Walker,4,5,93,23.3,33,0,0,0,0,0,0,1,9.3,9.3,0.1%,TE,2014
7,8,Jimmy Graham,5,7,87,17.4,29,3,0,0,0,0,0,1,8.7,8.7,0.0%,TE,2014
8,9,Dwayne Allen,2,4,16,8.0,13,0,1,0,0,0,0,1,7.6,7.6,0.0%,TE,2014
9,10,Jason Witten,7,9,69,9.9,21,1,0,0,0,0,0,1,6.9,6.9,0.0%,TE,2014
10,11,Kyle Rudolph,7,7,69,9.9,21,1,0,0,0,0,0,1,6.9,6.9,0.0%,TE,2014
11,12,Heath Miller,4,5,68,17.0,26,2,0,0,0,0,0,1,6.8,6.8,0.0%,TE,2014
12,13,Bruce Miller,4,6,56,14.0,22,1,0,2,4,0,0,1,6.0,6.0,0.0%,TE,2014
13,14,Charles Clay,6,7,59,9.8,22,1,0,0,0,0,0,1,5.9,5.9,0.0%,TE,2014
14,15,Martellus Bennett,4,6,36,9.0,12,0,0,0,0,0,0,1,5.6,5.6,23.0%,TE,2014
15,16,Mychal Rivera,7,12,39,5.6,9,0,0,0,0,0,0,1,3.9,3.9,0.2%,TE,2014
16,17,Crockett Gillmore,2,3,37,18.5,20,1,0,0,0,0,0,1,3.7,3.7,0.0%,TE,2014
17,18,Zach Ertz,3,4,32,10.7,15,0,0,0,0,0,0,1,3.2,3.2,3.6%,TE,2014
18,19,Brent Celek,4,6,52,13.0,23,1,0,0,0,0,1,1,3.2,3.2,0.0%,TE,2014
19,20,Coby Fleener,2,5,32,16.0,22,1,0,0,0,0,0,1,3.2,3.2,0.0%,TE,2014
20,21,Garrett Celek,1,1,31,31.0,31,0,0,0,0,0,0,1,3.1,3.1,0.0%,TE,2014
21,22,Julius Thomas,1,2,30,30.0,30,0,0,0,0,0,0,1,3.0,3.0,0.0%,TE,2014
22,23,Jared Cook,3,9,22,7.3,10,0,0,0,0,0,0,1,2.2,2.2,0.0%,TE,2014
23,24,Marcedes Lewis,2,3,22,11.0,17,0,0,0,0,0,0,1,2.2,2.2,0.1%,TE,2014
24,25,Jeff Cumberland,2,2,22,11.0,13,0,0,0,0,0,0,1,2.2,2.2,0.0%,TE,2014
25,26,Scott Chandler,2,2,22,11.0,12,0,0,0,0,0,0,1,2.2,2.2,0.0%,TE,2014
26,27,Cory Harkey,1,1,21,21.0,21,1,0,0,0,0,0,1,2.1,2.1,0.2%,TE,2014
27,28,Jace Amaro,1,1,20,20.0,20,1,0,0,0,0,0,1,2.0,2.0,0.2%,TE,2014
28,29,Niles Paul,1,1,17,17.0,17,0,0,0,0,0,0,1,1.7,1.7,0.0%,TE,2014
29,30,Daniel Fells,1,1,16,16.0,16,0,0,0,0,0,0,1,1.6,1.6,0.0%,TE,2014
30,31,Jordan Reed,3,4,13,4.3,7,0,0,0,0,0,0,1,1.3,1.3,19.0%,TE,2014
31,32,James Hanna,1,1,12,12.0,12,0,0,0,0,0,0,1,1.2,1.2,0.0%,TE,2014
32,33,Eric Ebron,1,2,11,11.0,11,0,0,0,0,0,0,1,1.1,1.1,0.0%,TE,2014
33,34,Larry Donnell,2,2,11,5.5,6,0,0,0,0,0,0,1,1.1,1.1,0.0%,TE,2014
34,35,Ryan Griffin,2,4,11,5.5,8,0,0,0,0,0,0,1,1.1,1.1,0.0%,TE,2014
35,36,John Carlson,1,1,11,11.0,11,0,0,0,0,0,0,1,1.1,1.1,0.0%,TE,2014
36,37,Lance Kendricks,1,2,10,10.0,10,0,0,0,0,0,0,1,1.0,1.0,0.0%,TE,2014
37,38,Logan Paulsen,1,1,9,9.0,9,0,0,0,0,0,0,1,0.9,0.9,0.0%,TE,2014
38,39,Rhett Ellison,2,2,9,4.5,10,0,0,0,0,0,0,1,0.9,0.9,0.0%,TE,2014
39,40,Chase Ford,1,1,7,7.0,7,0,0,0,0,0,0,1,0.7,0.7,0.0%,TE,2014
40,41,MarQueis Gray,1,1,7,7.0,7,0,0,0,0,0,0,1,0.7,0.7,0.0%,TE,2014
41,42,Andrew Quarless,1,4,7,7.0,7,0,0,0,0,0,0,1,0.7,0.7,0.0%,TE,2014
42,43,Darren Fells,1,4,6,6.0,6,0,0,0,0,0,0,1,0.6,0.6,0.0%,TE,2014
43,44,Benjamin Watson,1,1,5,5.0,5,0,0,0,0,0,0,1,0.5,0.5,2.8%,TE,2014
44,45,Jordan Cameron,1,1,4,4.0,4,0,0,0,0,0,0,1,0.4,0.4,0.1%,TE,2014
45,46,Levine Toilolo,1,2,4,4.0,4,0,0,0,0,0,0,1,0.4,0.4,0.0%,TE,2014
46,47,Dante Rosario,1,2,4,4.0,4,0,0,0,0,0,0,1,0.4,0.4,0.0%,TE,2014
47,48,Kevin Brock,1,1,2,2.0,2,0,0,0,0,0,0,1,0.2,0.2,0.0%,TE,2014
48,49,Anthony Fasano,1,1,2,2.0,2,0,0,0,0,0,0,1,0.2,0.2,0.1%,TE,2014
49,50,Lee Smith,2,2,1,0.5,1,0,0,0,0,0,0,1,0.1,0.1,0.0%,TE,2014
50,51,Rob Housler,0,0,0,0.0,0,0,0,1,1,0,0,1,0.1,0.1,0.0%,TE,2014
51,52,Brandon Bostick,0,0,0,0.0,0,0,0,0,0,0,0,1,0.0,0.0,0.2%,TE,2014
52,53,Dion Sims,0,1,0,0.0,0,0,0,0,0,0,0,1,0.0,0.0,0.0%,TE,2014
53,54,Gavin Escobar,0,0,0,0.0,0,0,0,0,0,0,0,1,0.0,0.0,0.0%,TE,2014
54,55,Dominique Jones,0,0,0,0.0,0,0,0,0,0,0,0,1,0.0,0.0,0.0%,TE,2014
55,56,Zach Sudfeld,0,0,0,0.0,0,0,0,0,0,0,0,1,0.0,0.0,0.0%,TE,2014
56,57,Luke Willson,0,1,0,0.0,0,0,0,0,0,0,0,1,0.0,0.0,0.0%,TE,2014
57,58,Brandon Williams,0,0,0,0.0,0,0,0,0,0,0,0,1,0.0,0.0,0.0%,TE,2014
58,59,Jack Doyle,0,0,0,0.0,0,0,0,0,0,0,0,1,0.0,0.0,2.0%,TE,2014
59,60,Tim Wright,0,0,0,0.0,0,0,0,0,0,0,0,1,0.0,0.0,0.0%,TE,2014
60,61,Brett Brackett,0,0,0,0.0,0,0,0,0,0,0,0,1,0.0,0.0,0.0%,TE,2014
61,62,Adrien Robinson,0,0,0,0.0,0,0,0,0,0,0,0,1,0.0,0.0,0.0%,TE,2014
62,63,Chris Pantale,0,0,0,0.0,0,0,0,0,0,0,0,1,0.0,0.0,0.0%,TE,2014
63,64,Ryan Hewitt,3,4,34,11.3,15,0,0,0,0,0,0,1,0.0,0.0,0.0%,TE,2014
64,65,Phillip Supernaw,0,0,0,0.0,0,0,0,0,0,0,0,1,0.0,0.0,0.0%,TE,2014
65,66,Anthony Denham,0,0,0,0.0,0,0,0,0,0,0,0,1,0.0,0.0,0.0%,TE,2014
66,67,Cameron Brate,0,0,0,0.0,0,0,0,0,0,0,0,1,0.0,0.0,2.0%,TE,2014
67,68,Kelvin Benjamin,8,13,104,13.0,21,1,0,0,0,0,0,1,0.0,0.0,0.1%,TE,2014
68,69,Harold Hoskins,0,0,0,0.0,0,0,0,0,0,0,0,1,0.0,0.0,0.0%,TE,2014
69,70,Jordan Matthews,0,1,0,0.0,0,0,0,0,0,0,0,1,0.0,0.0,0.0%,TE,2014
70,71,C.J. Fiedorowicz,0,0,0,0.0,0,0,0,0,0,0,0,1,0.0,0.0,0.0%,TE,2014
71,72,Trey Burton,0,0,0,0.0,0,0,0,0,0,0,0,1,0.0,0.0,0.0%,TE,2014
72,73,Richard Rodgers,0,2,0,0.0,0,0,0,0,0,0,0,1,0.0,0.0,0.0%,TE,2014
73,74,James Casey,0,0,0,0.0,0,0,0,0,0,0,0,1,0.0,0.0,0.0%,TE,2014
74,75,John Phillips,0,0,0,0.0,0,0,0,0,0,0,0,1,0.0,0.0,0.0%,TE,2014
75,76,Bear Pascoe,0,0,0,0.0,0,0,0,0,0,0,0,1,0.0,0.0,0.0%,TE,2014
76,77,Brandon Myers,0,2,0,0.0,0,0,0,0,0,0,0,1,0.0,0.0,0.0%,TE,2014
77,78,Brandon Pettigrew,0,0,0,0.0,0,0,0,0,0,0,0,1,0.0,0.0,0.0%,TE,2014
78,79,David Johnson,0,0,0,0.0,0,0,0,0,0,0,0,1,0.0,0.0,0.0%,TE,2014
79,80,Clark Harris,0,0,0,0.0,0,0,0,0,0,0,0,1,0.0,0.0,0.0%,TE,2014
80,81,Chase Coffman,0,1,0,0.0,0,0,0,0,0,0,0,1,0.0,0.0,0.0%,TE,2014
81,82,Kellen Davis,0,0,0,0.0,0,0,0,0,0,0,0,1,0.0,0.0,0.2%,TE,2014
82,83,Ed Dickson,0,1,0,0.0,0,0,0,0,0,0,0,1,0.0,0.0,0.0%,TE,2014
83,84,Tony Moeaki,0,2,0,0.0,0,0,0,0,0,0,0,1,0.0,0.0,0.0%,TE,2014
84,85,Michael Hoomanawanui,0,1,0,0.0,0,0,0,0,0,0,0,1,0.0,0.0,0.1%,TE,2014
85,86,Clay Harbor,0,0,0,0.0,0,0,0,0,0,0,0,1,0.0,0.0,0.0%,TE,2014
86,87,Jim Dray,0,3,0,0.0,0,0,0,0,0,0,0,1,0.0,0.0,0.0%,TE,2014
87,88,Ryan Taylor,0,0,0,0.0,0,0,0,0,0,0,0,1,0.0,0.0,0.0%,TE,2014
88,89,Virgil Green,0,0,0,0.0,0,0,0,0,0,0,0,1,0.0,0.0,0.0%,TE,2014
89,90,Luke Stocker,0,0,0,0.0,0,0,0,0,0,0,0,1,0.0,0.0,0.0%,TE,2014
90,91,Michael Palmer,0,0,0,0.0,0,0,0,0,0,0,0,1,0.0,0.0,0.0%,TE,2014
91,92,Matt Spaeth,0,0,0,0.0,0,0,0,0,0,0,0,1,0.0,0.0,0.0%,TE,2014
92,93,Mike Leach,0,0,0,0.0,0,0,0,0,0,0,0,1,0.0,0.0,0.0%,TE,2014
93,94,Vernon Davis,0,2,0,0.0,0,0,0,0,0,0,0,1,0.0,0.0,1.6%,TE,2014
94,95,Nic Jacobs,0,0,0,0.0,0,0,0,0,0,0,0,1,0.0,0.0,0.0%,TE,2014
95,96,Asante Cleveland,0,1,0,0.0,0,0,0,0,0,0,0,1,0.0,0.0,0.0%,TE,2014
96,97,Scott Simonson,0,0,0,0.0,0,0,0,0,0,0,0,1,0.0,0.0,0.0%,TE,2014
97,98,Kyle Nelson,0,0,0,0.0,0,0,0,0,0,0,0,1,0.0,0.0,0.0%,TE,2014
98,99,Kevin McDermott,0,0,0,0.0,0,0,0,0,0,0,0,1,0.0,0.0,0.0%,TE,2014
99,100,Beau Brinkley,0,0,0,0.0,0,0,0,0,0,0,0,1,0.0,0.0,0.2%,TE,2014
100,101,Andrew DePaola,0,0,0,0.0,0,0,0,0,0,0,0,1,0.0,0.0,0.0%,TE,2014
