,Rank,Player,Receiving Receptions,Receiving Target,Receiving Yards,Yards/Reception,Longest Reception,Receiving 20+,Receiving Touchdowns,Rushing Attempts,Rushing Yards,Rushing Touchdown,Fumbles,Games Played,Fantasy Football Points,FTPS/Game,ROST,Position,Year
0,1,Martellus Bennett,5,8,54,10.8,16,0,2,0,0,0,0,1,17.4,17.4,23.0%,TE,2014
1,2,Greg Olsen,5,7,69,13.8,37,0,1,0,0,0,0,1,12.9,12.9,7.0%,TE,2014
2,3,Coby Fleener,4,7,49,12.3,23,1,1,0,0,0,0,1,10.9,10.9,0.0%,TE,2014
3,4,Josh Hill,2,2,48,24.0,34,0,1,0,0,0,0,1,10.8,10.8,0.0%,TE,2014
4,5,Rob Gronkowski,3,6,44,14.7,22,1,1,0,0,0,0,1,10.4,10.4,1.5%,TE,2014
5,6,Dwayne Allen,4,6,43,10.8,22,1,1,0,0,0,0,1,10.3,10.3,0.0%,TE,2014
6,7,Andrew Quarless,4,5,43,10.8,18,0,1,0,0,0,0,1,10.3,10.3,0.0%,TE,2014
7,8,Travis Kelce,3,4,36,12.0,20,1,1,0,0,0,0,1,9.6,9.6,99.9%,TE,2014
8,9,Lance Kendricks,6,7,29,4.8,10,0,1,0,0,0,0,1,8.9,8.9,0.0%,TE,2014
9,10,Daniel Fells,2,2,22,11.0,13,0,1,0,0,0,0,1,8.2,8.2,0.0%,TE,2014
10,11,Jacob Tamme,2,3,22,11.0,26,1,1,0,0,0,0,1,8.2,8.2,0.0%,TE,2014
11,12,Julius Thomas,3,4,17,5.7,9,0,1,0,0,0,0,1,7.7,7.7,0.0%,TE,2014
12,13,Jared Cook,7,9,75,10.7,18,0,0,1,0,0,0,1,7.5,7.5,0.0%,TE,2014
13,14,Scott Chandler,5,5,74,14.8,37,1,0,0,0,0,0,1,7.4,7.4,0.0%,TE,2014
14,15,Niles Paul,6,9,68,11.3,37,0,0,0,0,0,0,1,6.8,6.8,0.0%,TE,2014
15,16,Ladarius Green,4,6,64,16.0,26,2,0,0,0,0,0,1,6.4,6.4,0.0%,TE,2014
16,17,Jimmy Graham,6,8,54,9.0,15,0,0,0,0,0,0,1,5.4,5.4,0.0%,TE,2014
17,18,Jace Amaro,3,4,54,18.0,43,0,0,0,0,0,0,1,5.4,5.4,0.2%,TE,2014
18,19,Delanie Walker,4,7,54,13.5,23,1,0,0,0,0,0,1,5.4,5.4,0.1%,TE,2014
19,20,Heath Miller,4,5,51,12.8,30,0,0,0,0,0,0,1,5.1,5.1,0.0%,TE,2014
20,21,Jason Witten,4,5,49,12.3,15,0,0,0,0,0,0,1,4.9,4.9,0.0%,TE,2014
21,22,Garrett Graham,5,6,41,8.2,11,0,0,0,0,0,0,1,4.1,4.1,0.0%,TE,2014
22,23,John Carlson,3,3,33,11.0,15,0,0,0,0,0,0,1,3.3,3.3,0.0%,TE,2014
23,24,Brandon Myers,5,5,33,6.6,9,0,0,0,0,0,0,1,3.3,3.3,0.0%,TE,2014
24,25,Kyle Rudolph,3,5,27,9.0,10,0,0,0,0,0,0,1,2.7,2.7,0.0%,TE,2014
25,26,Craig Stevens,2,2,26,13.0,20,1,0,0,0,0,0,1,2.6,2.6,0.0%,TE,2014
26,27,Larry Donnell,6,6,45,7.5,18,0,0,0,0,0,1,1,2.5,2.5,0.0%,TE,2014
27,28,Derek Carrier,1,2,23,23.0,23,1,0,0,0,0,0,1,2.3,2.3,0.0%,TE,2014
28,29,Jordan Cameron,1,3,23,23.0,23,1,0,0,0,0,0,1,2.3,2.3,0.1%,TE,2014
29,30,Anthony Fasano,2,2,23,11.5,13,0,0,0,0,0,0,1,2.3,2.3,0.1%,TE,2014
30,31,Charles Clay,3,4,21,7.0,8,0,0,0,0,0,0,1,2.1,2.1,0.0%,TE,2014
31,32,Tim Wright,1,1,20,20.0,20,1,0,0,0,0,0,1,2.0,2.0,0.0%,TE,2014
32,33,James Casey,1,1,19,19.0,19,0,0,0,0,0,0,1,1.9,1.9,0.0%,TE,2014
33,34,Jeff Cumberland,3,6,18,6.0,11,0,0,0,0,0,0,1,1.8,1.8,0.0%,TE,2014
34,35,Zach Sudfeld,1,1,15,15.0,15,0,0,0,0,0,0,1,1.5,1.5,0.0%,TE,2014
35,36,Luke Stocker,2,2,15,7.5,11,0,0,0,0,0,0,1,1.5,1.5,0.0%,TE,2014
36,37,Zach Ertz,2,3,14,7.0,10,0,0,0,0,0,0,1,1.4,1.4,3.6%,TE,2014
37,38,Dennis Pitta,3,3,12,4.0,9,0,0,0,0,0,0,1,1.2,1.2,0.0%,TE,2014
38,39,Zach Miller,2,2,12,6.0,8,0,0,0,0,0,0,1,1.2,1.2,0.0%,TE,2014
39,40,Mychal Rivera,2,4,11,5.5,8,0,0,0,0,0,0,1,1.1,1.1,0.2%,TE,2014
40,41,Virgil Green,1,1,10,10.0,10,0,0,1,0,0,0,1,1.0,1.0,0.0%,TE,2014
41,42,Jack Doyle,3,3,10,3.3,6,0,0,0,0,0,0,1,1.0,1.0,2.0%,TE,2014
42,43,Benjamin Watson,1,1,10,10.0,10,0,0,0,0,0,0,1,1.0,1.0,2.8%,TE,2014
43,44,Dante Rosario,1,1,8,8.0,8,0,0,0,0,0,0,1,0.8,0.8,0.0%,TE,2014
44,45,Marcel Jensen,1,1,8,8.0,8,0,0,0,0,0,0,1,0.8,0.8,0.0%,TE,2014
45,46,Antonio Gates,1,1,8,8.0,8,0,0,0,0,0,0,1,0.8,0.8,0.2%,TE,2014
46,47,Owen Daniels,1,1,8,8.0,8,0,0,0,0,0,0,1,0.8,0.8,0.0%,TE,2014
47,48,Gavin Escobar,1,1,7,7.0,7,0,0,0,0,0,0,1,0.7,0.7,0.0%,TE,2014
48,49,Logan Paulsen,2,2,7,3.5,4,0,0,0,0,0,0,1,0.7,0.7,0.0%,TE,2014
49,50,Brian Leonhardt,1,1,7,7.0,7,0,0,0,0,0,0,1,0.7,0.7,0.0%,TE,2014
50,51,Levine Toilolo,2,2,25,12.5,13,0,0,0,0,0,1,1,0.5,0.5,0.0%,TE,2014
51,52,Jermaine Gresham,1,1,5,5.0,5,0,0,0,0,0,0,1,0.5,0.5,0.0%,TE,2014
52,53,Joseph Fauria,1,2,3,3.0,3,0,0,0,0,0,0,1,0.3,0.3,0.0%,TE,2014
53,54,Ryan Griffin,0,0,0,0.0,0,0,0,0,0,0,0,1,0.0,0.0,0.0%,TE,2014
54,55,Brandon Bostick,0,0,0,0.0,0,0,0,0,0,0,0,1,0.0,0.0,0.2%,TE,2014
55,56,Dion Sims,0,1,0,0.0,0,0,0,0,0,0,0,1,0.0,0.0,0.0%,TE,2014
56,57,Luke Willson,0,0,0,0.0,0,0,0,0,0,0,0,1,0.0,0.0,0.0%,TE,2014
57,58,Cory Harkey,0,0,0,0.0,0,0,0,0,0,0,0,1,0.0,0.0,0.2%,TE,2014
58,59,MarQueis Gray,0,0,0,0.0,0,0,0,0,0,0,0,1,0.0,0.0,0.0%,TE,2014
59,60,Demetrius Harris,0,0,0,0.0,0,0,0,0,0,0,0,1,0.0,0.0,0.0%,TE,2014
60,61,Brandon Williams,0,0,0,0.0,0,0,0,0,0,0,0,1,0.0,0.0,0.0%,TE,2014
61,62,Kelvin Benjamin,8,11,115,14.4,35,0,1,0,0,0,0,1,0.0,0.0,0.1%,TE,2014
62,63,Eric Ebron,0,1,0,0.0,0,0,0,0,0,0,0,1,0.0,0.0,0.0%,TE,2014
63,64,Adrien Robinson,0,0,0,0.0,0,0,0,0,0,0,0,1,0.0,0.0,0.0%,TE,2014
64,65,Rhett Ellison,0,2,0,0.0,0,0,0,0,0,0,0,1,0.0,0.0,0.0%,TE,2014
65,66,James Hanna,0,0,0,0.0,0,0,0,0,0,0,0,1,0.0,0.0,0.0%,TE,2014
66,67,Taylor Thompson,0,1,0,0.0,0,0,0,0,0,0,0,1,0.0,0.0,0.0%,TE,2014
67,68,Jordan Matthews,8,9,59,7.4,13,0,2,0,0,0,0,1,0.0,0.0,0.0%,TE,2014
68,69,Ryan Hewitt,1,1,6,6.0,6,0,0,1,0,0,0,1,0.0,0.0,0.0%,TE,2014
69,70,C.J. Fiedorowicz,0,0,0,0.0,0,0,0,0,0,0,0,1,0.0,0.0,0.0%,TE,2014
70,71,Troy Niklas,0,0,0,0.0,0,0,0,0,0,0,0,1,0.0,0.0,0.0%,TE,2014
71,72,Trey Burton,0,0,0,0.0,0,0,0,0,0,0,0,1,0.0,0.0,0.0%,TE,2014
72,73,Richard Rodgers,0,0,0,0.0,0,0,0,0,0,0,0,1,0.0,0.0,0.0%,TE,2014
73,74,Crockett Gillmore,0,0,0,0.0,0,0,0,0,0,0,0,1,0.0,0.0,0.0%,TE,2014
74,75,Harold Hoskins,0,0,0,0.0,0,0,0,0,0,0,0,1,0.0,0.0,0.0%,TE,2014
75,76,Gary Barnidge,0,0,0,0.0,0,0,0,0,0,0,0,1,0.0,0.0,0.1%,TE,2014
76,77,John Phillips,0,0,0,0.0,0,0,0,0,0,0,0,1,0.0,0.0,0.0%,TE,2014
77,78,Bear Pascoe,0,0,0,0.0,0,0,0,0,0,0,0,1,0.0,0.0,0.0%,TE,2014
78,79,Brandon Pettigrew,0,1,0,0.0,0,0,0,0,0,0,0,1,0.0,0.0,0.0%,TE,2014
79,80,Brent Celek,0,4,0,0.0,0,0,0,0,0,0,0,1,0.0,0.0,0.0%,TE,2014
80,81,David Johnson,0,0,0,0.0,0,0,0,0,0,0,0,1,0.0,0.0,0.0%,TE,2014
81,82,Clark Harris,0,0,0,0.0,0,0,0,0,0,0,0,1,0.0,0.0,0.0%,TE,2014
82,83,Richie Brockel,0,0,0,0.0,0,0,0,0,0,0,0,1,0.0,0.0,0.0%,TE,2014
83,84,Michael Hoomanawanui,0,0,0,0.0,0,0,0,0,0,0,0,1,0.0,0.0,0.1%,TE,2014
84,85,Jim Dray,0,0,0,0.0,0,0,0,0,0,0,0,1,0.0,0.0,0.0%,TE,2014
85,86,Michael Palmer,0,0,0,0.0,0,0,0,0,0,0,0,1,0.0,0.0,0.0%,TE,2014
86,87,Ryan Taylor,0,0,0,0.0,0,0,0,0,0,0,0,1,0.0,0.0,0.0%,TE,2014
87,88,David Ausberry,0,0,0,0.0,0,0,0,0,0,0,0,1,0.0,0.0,0.0%,TE,2014
88,89,Bruce Miller,0,0,0,0.0,0,0,0,0,0,0,0,1,0.0,0.0,0.0%,TE,2014
89,90,Lee Smith,0,0,0,0.0,0,0,0,0,0,0,0,1,0.0,0.0,0.0%,TE,2014
90,91,Mickey Shuler,0,1,0,0.0,0,0,0,0,0,0,0,1,0.0,0.0,0.0%,TE,2014
91,92,Matt Spaeth,0,0,0,0.0,0,0,0,0,0,0,0,1,0.0,0.0,0.0%,TE,2014
92,93,Mike Leach,0,0,0,0.0,0,0,0,0,0,0,0,1,0.0,0.0,0.0%,TE,2014
93,94,Ed Dickson,0,0,0,0.0,0,0,0,0,0,0,0,1,0.0,0.0,0.0%,TE,2014
94,95,Zach Miller,0,0,0,0.0,0,0,0,0,0,0,0,1,0.0,0.0,0.0%,TE,2014
95,96,Asante Cleveland,0,0,0,0.0,0,0,0,0,0,0,0,1,0.0,0.0,0.0%,TE,2014
96,97,Darren Fells,0,1,0,0.0,0,0,0,0,0,0,0,1,0.0,0.0,0.0%,TE,2014
97,98,Alex Bayer,0,0,0,0.0,0,0,0,0,0,0,0,1,0.0,0.0,0.0%,TE,2014
98,99,Cooper Helfet,0,0,0,0.0,0,0,0,0,0,0,0,1,0.0,0.0,0.0%,TE,2014
99,100,Kyle Nelson,0,0,0,0.0,0,0,0,0,0,0,0,1,0.0,0.0,0.0%,TE,2014
100,101,Beau Brinkley,0,0,0,0.0,0,0,0,0,0,0,0,1,0.0,0.0,0.2%,TE,2014
101,102,Andrew DePaola,0,0,0,0.0,0,0,0,0,0,0,0,1,0.0,0.0,0.0%,TE,2014
102,103,Kevin Brock,1,1,-3,-3.0,0,0,0,0,0,0,0,1,-0.3,-0.3,0.0%,TE,2014
