,Rank,Player,Receiving Receptions,Receiving Target,Receiving Yards,Yards/Reception,Longest Reception,Receiving 20+,Receiving Touchdowns,Rushing Attempts,Rushing Yards,Rushing Touchdown,Fumbles,Games Played,Fantasy Football Points,FTPS/Game,ROST,Position,Year
0,1,Larry Donnell,7,8,54,7.7,14,0,3,0,0,0,0,1,23.4,23.4,0.0%,TE,2014
1,2,Travis Kelce,8,9,93,11.6,33,0,1,0,0,0,0,1,15.3,15.3,99.9%,TE,2014
2,3,Heath Miller,10,11,85,8.5,19,0,1,0,0,0,0,1,14.5,14.5,0.0%,TE,2014
3,4,Delanie Walker,5,7,84,16.8,31,0,1,0,0,0,0,1,14.4,14.4,0.1%,TE,2014
4,5,Martellus Bennett,9,11,134,14.9,27,3,0,0,0,0,0,1,13.4,13.4,23.0%,TE,2014
5,6,Jimmy Graham,8,10,86,10.8,17,0,1,0,0,0,1,1,12.6,12.6,0.0%,TE,2014
6,7,Dwayne Allen,3,3,38,12.7,17,0,1,0,0,0,0,1,9.8,9.8,0.0%,TE,2014
7,8,Eric Ebron,3,4,34,11.3,16,0,1,0,0,0,0,1,9.4,9.4,0.0%,TE,2014
8,9,Rob Gronkowski,2,3,31,15.5,18,0,1,0,0,0,0,1,9.1,9.1,1.5%,TE,2014
9,10,Coby Fleener,2,3,26,13.0,24,1,1,0,0,0,0,1,8.6,8.6,0.0%,TE,2014
10,11,Dion Sims,1,2,18,18.0,18,0,1,0,0,0,0,1,7.8,7.8,0.0%,TE,2014
11,12,Josh Hill,1,1,12,12.0,12,0,1,0,0,0,0,1,7.2,7.2,0.0%,TE,2014
12,13,Clay Harbor,8,8,70,8.8,30,1,0,0,0,0,0,1,7.0,7.0,0.0%,TE,2014
13,14,Daniel Fells,2,2,8,4.0,6,0,1,0,0,0,0,1,6.8,6.8,0.0%,TE,2014
14,15,Brian Leonhardt,1,1,3,3.0,3,0,1,0,0,0,0,1,6.3,6.3,0.0%,TE,2014
15,16,Nic Jacobs,1,1,2,2.0,2,0,1,0,0,0,0,1,6.2,6.2,0.0%,TE,2014
16,17,Jason Witten,5,5,61,12.2,16,0,0,0,0,0,0,1,6.1,6.1,0.0%,TE,2014
17,18,Niles Paul,3,4,60,20.0,28,1,0,0,0,0,0,1,6.0,6.0,0.0%,TE,2014
18,19,Jace Amaro,5,5,58,11.6,21,1,0,0,0,0,0,1,5.8,5.8,0.2%,TE,2014
19,20,Richard Rodgers,2,2,52,26.0,43,0,0,0,0,0,0,1,5.2,5.2,0.0%,TE,2014
20,21,Austin Seferian-Jenkins,3,7,44,14.7,21,1,0,0,0,0,0,1,4.4,4.4,0.0%,TE,2014
21,22,Owen Daniels,4,6,43,10.8,14,0,0,0,0,0,0,1,4.3,4.3,0.0%,TE,2014
22,23,Rhett Ellison,1,1,19,19.0,19,0,0,0,0,0,0,1,3.9,3.9,0.0%,TE,2014
23,24,Charles Clay,2,4,32,16.0,17,0,0,0,0,0,0,1,3.2,3.2,0.0%,TE,2014
24,25,Greg Olsen,2,5,30,15.0,17,0,0,0,0,0,0,1,3.0,3.0,7.0%,TE,2014
25,26,Antonio Gates,3,5,30,10.0,17,0,0,0,0,0,0,1,3.0,3.0,0.2%,TE,2014
26,27,Garrett Graham,3,5,28,9.3,12,0,0,0,0,0,0,1,2.8,2.8,0.0%,TE,2014
27,28,Zach Ertz,4,6,43,10.8,14,0,0,0,0,0,1,1,2.3,2.3,3.6%,TE,2014
28,29,Brandon Pettigrew,2,2,19,9.5,11,0,0,0,0,0,0,1,1.9,1.9,0.0%,TE,2014
29,30,Chase Ford,1,4,17,17.0,17,0,0,0,0,0,0,1,1.7,1.7,0.0%,TE,2014
30,31,Scott Chandler,2,5,15,7.5,11,0,0,0,0,0,0,1,1.5,1.5,0.0%,TE,2014
31,32,Adrien Robinson,1,1,15,15.0,15,0,0,0,0,0,0,1,1.5,1.5,0.0%,TE,2014
32,33,David Ausberry,2,4,14,7.0,7,0,0,0,0,0,0,1,1.4,1.4,0.0%,TE,2014
33,34,Levine Toilolo,1,2,12,12.0,12,0,0,0,0,0,0,1,1.2,1.2,0.0%,TE,2014
34,35,Mychal Rivera,2,4,10,5.0,6,0,0,0,0,0,0,1,1.0,1.0,0.2%,TE,2014
35,36,Derek Carrier,1,2,10,10.0,10,0,0,0,0,0,0,1,1.0,1.0,0.0%,TE,2014
36,37,Vernon Davis,2,3,8,4.0,5,0,0,0,0,0,0,1,0.8,0.8,1.6%,TE,2014
37,38,Logan Paulsen,3,3,28,9.3,13,0,0,0,0,0,1,1,0.8,0.8,0.0%,TE,2014
38,39,Jack Doyle,1,1,7,7.0,7,0,0,0,0,0,0,1,0.7,0.7,2.0%,TE,2014
39,40,Benjamin Watson,1,1,7,7.0,7,0,0,0,0,0,0,1,0.7,0.7,2.8%,TE,2014
40,41,Gavin Escobar,1,1,6,6.0,6,0,0,0,0,0,0,1,0.6,0.6,0.0%,TE,2014
41,42,Brandon Bostick,0,0,0,0.0,0,0,0,0,0,0,0,1,0.0,0.0,0.2%,TE,2014
42,43,Ryan Griffin,0,0,0,0.0,0,0,0,0,0,0,0,1,0.0,0.0,0.0%,TE,2014
43,44,Zach Sudfeld,0,1,0,0.0,0,0,0,0,0,0,0,1,0.0,0.0,0.0%,TE,2014
44,45,Chris Gragg,0,0,0,0.0,0,0,0,0,0,0,0,1,0.0,0.0,0.0%,TE,2014
45,46,James Hanna,0,1,0,0.0,0,0,0,0,0,0,0,1,0.0,0.0,0.0%,TE,2014
46,47,MarQueis Gray,0,0,0,0.0,0,0,0,0,0,0,0,1,0.0,0.0,0.0%,TE,2014
47,48,Bruce Miller,0,0,0,0.0,0,0,0,0,0,0,0,1,0.0,0.0,0.0%,TE,2014
48,49,Ryan Taylor,0,0,0,0.0,0,0,0,0,0,0,0,1,0.0,0.0,0.0%,TE,2014
49,50,Richie Brockel,0,0,0,0.0,0,0,0,0,0,0,0,1,0.0,0.0,0.0%,TE,2014
50,51,Jeff Cumberland,0,1,0,0.0,0,0,0,0,0,0,0,1,0.0,0.0,0.0%,TE,2014
51,52,Demetrius Harris,0,0,0,0.0,0,0,0,0,0,0,0,1,0.0,0.0,0.0%,TE,2014
52,53,Phillip Supernaw,0,0,0,0.0,0,0,0,0,0,0,0,1,0.0,0.0,0.0%,TE,2014
53,54,Tim Wright,0,0,0,0.0,0,0,0,0,0,0,0,1,0.0,0.0,0.0%,TE,2014
54,55,Kelvin Benjamin,5,9,76,15.2,28,1,1,0,0,0,0,1,0.0,0.0,0.1%,TE,2014
55,56,Jordan Matthews,4,7,28,7.0,11,0,0,0,0,0,0,1,0.0,0.0,0.0%,TE,2014
56,57,C.J. Fiedorowicz,0,1,0,0.0,0,0,0,0,0,0,0,1,0.0,0.0,0.0%,TE,2014
57,58,Harold Hoskins,0,0,0,0.0,0,0,0,0,0,0,0,1,0.0,0.0,0.0%,TE,2014
58,59,Crockett Gillmore,0,0,0,0.0,0,0,0,0,0,0,0,1,0.0,0.0,0.0%,TE,2014
59,60,Trey Burton,0,0,0,0.0,0,0,0,0,0,0,0,1,0.0,0.0,0.0%,TE,2014
60,61,Lee Smith,0,0,0,0.0,0,0,0,0,0,0,0,1,0.0,0.0,0.0%,TE,2014
61,62,James Casey,0,0,0,0.0,0,0,0,0,0,0,0,1,0.0,0.0,0.0%,TE,2014
62,63,John Phillips,0,0,0,0.0,0,0,0,0,0,0,0,1,0.0,0.0,0.0%,TE,2014
63,64,Anthony Fasano,0,1,0,0.0,0,0,0,0,0,0,0,1,0.0,0.0,0.1%,TE,2014
64,65,Bear Pascoe,0,0,0,0.0,0,0,0,0,0,0,0,1,0.0,0.0,0.0%,TE,2014
65,66,Brandon Myers,0,1,0,0.0,0,0,0,0,0,0,0,1,0.0,0.0,0.0%,TE,2014
66,67,Brent Celek,0,2,0,0.0,0,0,0,0,0,0,0,1,0.0,0.0,0.0%,TE,2014
67,68,Dante Rosario,0,1,0,0.0,0,0,0,0,0,0,0,1,0.0,0.0,0.0%,TE,2014
68,69,Craig Stevens,0,0,0,0.0,0,0,0,0,0,0,0,1,0.0,0.0,0.0%,TE,2014
69,70,Chase Coffman,0,0,0,0.0,0,0,0,0,0,0,0,1,0.0,0.0,0.0%,TE,2014
70,71,Luke Stocker,0,0,0,0.0,0,0,0,0,0,0,0,1,0.0,0.0,0.0%,TE,2014
71,72,Ed Dickson,0,0,0,0.0,0,0,0,0,0,0,0,1,0.0,0.0,0.0%,TE,2014
72,73,Michael Hoomanawanui,0,0,0,0.0,0,0,0,0,0,0,0,1,0.0,0.0,0.1%,TE,2014
73,74,Andrew Quarless,0,0,0,0.0,0,0,0,0,0,0,0,1,0.0,0.0,0.0%,TE,2014
74,75,Michael Palmer,0,0,0,0.0,0,0,0,0,0,0,0,1,0.0,0.0,0.0%,TE,2014
75,76,Matt Spaeth,0,0,0,0.0,0,0,0,0,0,0,0,1,0.0,0.0,0.0%,TE,2014
76,77,Kyle Nelson,0,0,0,0.0,0,0,0,0,0,0,0,1,0.0,0.0,0.0%,TE,2014
77,78,Beau Brinkley,0,0,0,0.0,0,0,0,0,0,0,0,1,0.0,0.0,0.2%,TE,2014
78,79,Andrew DePaola,0,0,0,0.0,0,0,0,0,0,0,0,1,0.0,0.0,0.0%,TE,2014
