,Rank,Player,Receiving Receptions,Receiving Target,Receiving Yards,Yards/Reception,Longest Reception,Receiving 20+,Receiving Touchdowns,Rushing Attempts,Rushing Yards,Rushing Touchdown,Fumbles,Games Played,Fantasy Football Points,FTPS/Game,ROST,Position,Year
0,1,Calvin Johnson,7,11,164,23.4,67,2,2,0,0,0,0,1,28.4,28.4,0.1%,WR,2014
1,2,Allen Hurns,4,9,110,27.5,46,1,2,0,0,0,0,1,23.0,23.0,0.0%,WR,2014
2,3,A.J. Green,6,9,131,21.8,77,1,1,1,5,0,0,1,19.6,19.6,0.6%,WR,2014
3,4,Steve Smith,7,15,118,16.9,80,0,1,0,0,0,0,1,17.8,17.8,0.0%,WR,2014
4,5,Antonio Brown,5,6,116,23.2,41,0,1,0,0,0,0,1,17.6,17.6,0.8%,WR,2014
5,6,Jeremy Maclin,4,10,97,24.3,68,0,1,0,0,0,0,1,15.7,15.7,0.0%,WR,2014
6,7,Brandin Cooks,7,8,77,11.0,32,0,1,1,18,0,0,1,15.5,15.5,43.5%,WR,2014
7,8,Kelvin Benjamin,6,8,92,15.3,26,2,1,0,0,0,0,1,15.2,15.2,0.1%,WR,2014
8,9,DeAndre Hopkins,4,5,89,22.3,76,0,1,0,0,0,0,1,14.9,14.9,92.5%,WR,2014
9,10,Roddy White,5,7,72,14.4,39,0,1,0,0,0,0,1,13.2,13.2,0.0%,WR,2014
10,11,Mike Wallace,7,11,81,11.6,22,1,1,0,0,0,1,1,12.1,12.1,0.0%,WR,2014
11,12,Michael Floyd,5,7,119,23.8,63,1,0,1,2,0,0,1,12.1,12.1,0.0%,WR,2014
12,13,Randall Cobb,6,9,58,9.7,23,1,1,0,0,0,0,1,11.8,11.8,0.0%,WR,2014
13,14,Greg Jennings,6,7,58,9.7,18,0,1,0,0,0,0,1,11.8,11.8,0.0%,WR,2014
14,15,Julian Edelman,6,8,95,15.8,44,1,0,2,21,0,0,1,11.6,11.6,12.1%,WR,2014
15,16,Brandon Marshall,8,12,71,8.9,15,0,1,0,0,0,1,1,11.1,11.1,2.6%,WR,2014
16,17,Terrance Williams,4,7,50,12.5,21,1,1,0,0,0,0,1,11.0,11.0,0.0%,WR,2014
17,18,Malcom Floyd,4,6,50,12.5,32,0,1,0,0,0,0,1,11.0,11.0,0.0%,WR,2014
18,19,Rod Streater,5,7,46,9.2,17,0,1,0,0,0,0,1,10.6,10.6,0.1%,WR,2014
19,20,Kendall Wright,6,7,46,7.7,14,0,1,0,0,0,0,1,10.6,10.6,0.0%,WR,2014
20,21,Percy Harvin,7,7,59,8.4,33,0,0,4,41,0,0,1,10.0,10.0,0.1%,WR,2014
21,22,Anquan Boldin,8,9,99,12.4,37,0,0,0,0,0,0,1,9.9,9.9,0.1%,WR,2014
22,23,Brian Quick,7,9,99,14.1,23,2,0,0,0,0,0,1,9.9,9.9,0.0%,WR,2014
23,24,Devin Hester,5,6,99,19.8,35,1,0,0,0,0,0,1,9.9,9.9,0.4%,WR,2014
24,25,Reggie Wayne,9,13,98,10.9,22,2,0,0,0,0,0,1,9.8,9.8,0.0%,WR,2014
25,26,Ricardo Lockette,2,3,38,19.0,33,0,1,0,0,0,0,1,9.8,9.8,0.0%,WR,2014
26,27,Golden Tate,6,6,93,15.5,44,0,0,1,4,0,0,1,9.7,9.7,0.0%,WR,2014
27,28,Markus Wheaton,6,7,97,16.2,40,1,0,0,0,0,0,1,9.7,9.7,0.0%,WR,2014
28,29,Hakeem Nicks,5,5,36,7.2,13,0,1,0,0,0,0,1,9.6,9.6,0.0%,WR,2014
29,30,Julio Jones,7,9,116,16.6,27,4,0,0,0,0,1,1,9.6,9.6,0.6%,WR,2014
30,31,James Jones,3,3,34,11.3,30,0,1,0,0,0,0,1,9.4,9.4,0.0%,WR,2014
31,32,Andre Johnson,6,9,93,15.5,23,2,0,0,0,0,0,1,9.3,9.3,0.0%,WR,2014
32,33,Travis Benjamin,2,3,20,10.0,11,0,1,1,10,0,0,1,9.0,9.0,0.0%,WR,2014
33,34,Marques Colston,5,8,110,22.0,57,0,0,0,0,0,1,1,9.0,9.0,0.0%,WR,2014
34,35,John Brown,2,5,29,14.5,16,0,1,0,0,0,0,1,8.9,8.9,0.0%,WR,2014
35,36,Emmanuel Sanders,6,9,77,12.8,40,0,0,1,11,0,0,1,8.8,8.8,0.0%,WR,2014
36,37,Andrew Hawkins,8,10,87,10.9,25,1,0,0,0,0,0,1,8.7,8.7,0.0%,WR,2014
37,38,Donnie Avery,7,13,84,12.0,25,1,0,0,0,0,0,1,8.4,8.4,0.0%,WR,2014
38,39,Jordy Nelson,9,14,83,9.2,16,0,0,0,0,0,0,1,8.3,8.3,0.1%,WR,2014
39,40,Chris Owusu,2,2,20,10.0,19,0,1,0,0,0,0,1,8.0,8.0,0.0%,WR,2014
40,41,Robert Woods,4,6,78,19.5,32,1,0,0,0,0,0,1,7.8,7.8,2.7%,WR,2014
41,42,Pierre Garcon,10,12,77,7.7,15,0,0,0,0,0,0,1,7.7,7.7,0.0%,WR,2014
42,43,Eric Decker,5,7,74,14.8,24,3,0,0,0,0,0,1,7.4,7.4,0.6%,WR,2014
43,44,Alshon Jeffery,5,6,71,14.2,44,0,0,0,0,0,0,1,7.1,7.1,0.0%,WR,2014
44,45,Harry Douglas,6,7,69,11.5,23,1,0,0,0,0,0,1,6.9,6.9,0.0%,WR,2014
45,46,Dwayne Harris,1,2,56,56.0,56,0,0,1,9,0,0,1,6.5,6.5,0.0%,WR,2014
46,47,Justin Hunter,3,8,63,21.0,39,0,0,0,0,0,0,1,6.3,6.3,0.0%,WR,2014
47,48,Marqise Lee,6,10,62,10.3,18,0,0,0,0,0,0,1,6.2,6.2,0.0%,WR,2014
48,49,Mohamed Sanu,4,5,36,9.0,13,0,0,1,4,0,0,1,6.0,6.0,0.0%,WR,2014
49,50,Nate Washington,4,6,59,14.8,19,0,0,0,0,0,0,1,5.9,5.9,0.0%,WR,2014
50,51,Dez Bryant,4,6,55,13.8,20,1,0,0,0,0,0,1,5.5,5.5,2.6%,WR,2014
51,52,DeSean Jackson,8,9,62,7.8,17,0,0,1,-9,0,0,1,5.3,5.3,0.6%,WR,2014
52,53,Torrey Smith,3,7,50,16.7,25,1,0,0,0,0,0,1,5.0,5.0,0.0%,WR,2014
53,54,Demaryius Thomas,4,11,48,12.0,26,1,0,0,0,0,0,1,4.8,4.8,0.1%,WR,2014
54,55,Cole Beasley,4,5,42,10.5,13,0,0,0,0,0,0,1,4.2,4.2,0.0%,WR,2014
55,56,T.Y. Hilton,5,11,41,8.2,9,0,0,0,0,0,0,1,4.1,4.1,3.0%,WR,2014
56,57,Tavon Austin,3,3,34,11.3,28,1,0,3,5,0,0,1,3.9,3.9,0.1%,WR,2014
57,58,Jeremy Kerley,5,5,38,7.6,19,0,0,0,0,0,0,1,3.8,3.8,0.0%,WR,2014
58,59,Justin Brown,3,4,38,12.7,18,0,0,0,0,0,0,1,3.8,3.8,0.0%,WR,2014
59,60,Keenan Allen,5,9,37,7.4,12,0,0,0,0,0,0,1,3.7,3.7,91.1%,WR,2014
60,61,Mike Evans,5,9,37,7.4,11,0,0,0,0,0,0,1,3.7,3.7,98.1%,WR,2014
61,62,Kenbrell Thompkins,5,10,37,7.4,14,0,0,0,0,0,0,1,3.7,3.7,0.0%,WR,2014
62,63,Jordan Matthews,2,4,37,18.5,30,0,0,0,0,0,0,1,3.7,3.7,0.0%,WR,2014
63,64,Mike Brown,3,5,36,12.0,17,0,0,0,0,0,0,1,3.6,3.6,0.0%,WR,2014
64,65,Vincent Jackson,4,9,36,9.0,15,0,0,0,0,0,0,1,3.6,3.6,0.0%,WR,2014
65,66,Mike Williams,2,3,36,18.0,20,1,0,0,0,0,0,1,3.6,3.6,0.0%,WR,2014
66,67,Chris Givens,2,3,30,15.0,27,1,0,1,4,0,0,1,3.4,3.4,0.0%,WR,2014
67,68,Steve Johnson,2,2,33,16.5,21,1,0,0,0,0,0,1,3.3,3.3,0.0%,WR,2014
68,69,Jerricho Cotchery,4,4,32,8.0,11,0,0,0,0,0,0,1,3.2,3.2,0.0%,WR,2014
69,70,Sammy Watkins,3,4,31,10.3,25,1,0,0,0,0,0,1,3.1,3.1,0.0%,WR,2014
70,71,Kamar Aiken,4,4,30,7.5,8,0,0,0,0,0,0,1,3.0,3.0,0.0%,WR,2014
71,72,Riley Cooper,4,8,29,7.3,13,0,0,0,0,0,0,1,2.9,2.9,0.0%,WR,2014
72,73,Ted Ginn,2,3,29,14.5,25,1,0,0,0,0,0,1,2.9,2.9,0.0%,WR,2014
73,74,Brian Hartline,2,4,26,13.0,15,0,0,0,0,0,0,1,2.6,2.6,0.0%,WR,2014
74,75,Michael Crabtree,2,4,25,12.5,13,0,0,0,0,0,0,1,2.5,2.5,0.0%,WR,2014
75,76,Jarius Wright,2,3,25,12.5,15,0,0,0,0,0,0,1,2.5,2.5,0.0%,WR,2014
76,77,Victor Cruz,2,6,24,12.0,20,1,0,0,0,0,0,1,2.4,2.4,0.1%,WR,2014
77,78,Jerrel Jernigan,4,7,25,6.3,9,0,0,1,-2,0,0,1,2.3,2.3,0.0%,WR,2014
78,79,Frankie Hammond,1,2,22,22.0,22,1,0,0,0,0,0,1,2.2,2.2,0.0%,WR,2014
79,80,Larry Fitzgerald,1,4,22,22.0,22,1,0,0,0,0,0,1,2.2,2.2,0.2%,WR,2014
80,81,Andre Roberts,1,3,22,22.0,22,1,0,0,0,0,0,1,2.2,2.2,0.0%,WR,2014
81,82,Santonio Holmes,2,5,21,10.5,13,0,0,0,0,0,0,1,2.1,2.1,0.0%,WR,2014
82,83,Miles Austin,2,3,20,10.0,17,0,0,0,0,0,0,1,2.0,2.0,0.0%,WR,2014
83,84,Eddie Royal,1,6,20,20.0,20,1,0,2,-1,0,0,1,1.9,1.9,0.0%,WR,2014
84,85,Brandon Tate,4,6,19,4.8,7,0,0,0,0,0,0,1,1.9,1.9,0.0%,WR,2014
85,86,Devin Street,2,3,18,9.0,9,0,0,0,0,0,0,1,1.8,1.8,0.0%,WR,2014
86,87,David Nelson,1,1,17,17.0,17,0,0,0,0,0,0,1,1.7,1.7,0.0%,WR,2014
87,88,Andre Caldwell,2,5,16,8.0,8,0,0,0,0,0,0,1,1.6,1.6,0.0%,WR,2014
88,89,Danny Amendola,3,5,16,5.3,8,0,0,0,0,0,0,1,1.6,1.6,0.0%,WR,2014
89,90,Jacoby Jones,2,7,16,8.0,11,0,0,0,0,0,0,1,1.6,1.6,0.0%,WR,2014
90,91,Doug Baldwin,3,5,14,4.7,6,0,0,0,0,0,0,1,1.4,1.4,0.0%,WR,2014
91,92,Taylor Gabriel,1,5,5,5.0,5,0,0,1,8,0,0,1,1.3,1.3,0.1%,WR,2014
92,93,Jeff Maehl,1,1,12,12.0,12,0,0,0,0,0,0,1,1.2,1.2,0.0%,WR,2014
93,94,Greg Salas,1,2,12,12.0,12,0,0,0,0,0,0,1,1.2,1.2,0.0%,WR,2014
94,95,Donte Moncrief,1,1,9,9.0,9,0,0,0,0,0,0,1,0.9,0.9,0.0%,WR,2014
95,96,Derek Hagan,1,1,9,9.0,9,0,0,0,0,0,0,1,0.9,0.9,0.0%,WR,2014
96,97,Brandon Gibson,1,1,9,9.0,9,0,0,0,0,0,0,1,0.9,0.9,0.0%,WR,2014
97,98,Josh Morgan,1,3,9,9.0,9,0,0,0,0,0,0,1,0.9,0.9,0.0%,WR,2014
98,99,Denarius Moore,2,8,8,4.0,8,0,0,0,0,0,0,1,0.8,0.8,0.0%,WR,2014
99,100,Jermaine Kearse,1,3,8,8.0,8,0,0,0,0,0,0,1,0.8,0.8,0.0%,WR,2014
100,101,Micheal Spurlock,1,3,8,8.0,8,0,0,0,0,0,0,1,0.8,0.8,0.0%,WR,2014
101,102,Jaron Brown,1,1,6,6.0,6,0,0,0,0,0,0,1,0.6,0.6,0.0%,WR,2014
102,103,Damaris Johnson,1,3,1,1.0,1,0,0,0,0,0,0,1,0.1,0.1,0.0%,WR,2014
103,104,Rueben Randle,2,3,1,0.5,1,0,0,0,0,0,0,1,0.1,0.1,0.0%,WR,2014
104,105,Jalen Saunders,0,0,0,0.0,0,0,0,0,0,0,0,1,0.0,0.0,0.0%,WR,2014
105,106,Bruce Ellington,0,0,0,0.0,0,0,0,0,0,0,0,1,0.0,0.0,0.0%,WR,2014
106,107,Paul Richardson,0,0,0,0.0,0,0,0,0,0,0,0,1,0.0,0.0,0.0%,WR,2014
107,108,Jarvis Landry,0,1,0,0.0,0,0,0,0,0,0,0,1,0.0,0.0,14.0%,WR,2014
108,109,Robert Herron,0,0,0,0.0,0,0,0,0,0,0,0,1,0.0,0.0,0.0%,WR,2014
109,110,Ryan Davis,0,0,0,0.0,0,0,0,0,0,0,0,1,0.0,0.0,0.0%,WR,2014
110,111,Davante Adams,0,0,0,0.0,0,0,0,0,0,0,0,1,0.0,0.0,99.9%,WR,2014
111,112,Allen Robinson,1,3,0,0.0,0,0,0,0,0,0,0,1,0.0,0.0,0.6%,WR,2014
112,113,Cody Latimer,0,0,0,0.0,0,0,0,0,0,0,0,1,0.0,0.0,0.0%,WR,2014
113,114,Ryan Grant,0,0,0,0.0,0,0,0,0,0,0,0,1,0.0,0.0,0.0%,WR,2014
114,115,James Wright,0,0,0,0.0,0,0,0,0,0,0,0,1,0.0,0.0,0.0%,WR,2014
115,116,Albert Wilson,0,0,0,0.0,0,0,0,0,0,0,0,1,0.0,0.0,0.0%,WR,2014
116,117,Darius Johnson,0,0,0,0.0,0,0,0,0,0,0,0,1,0.0,0.0,0.0%,WR,2014
117,118,Russell Shepard,0,0,0,0.0,0,0,0,0,0,0,0,1,0.0,0.0,0.0%,WR,2014
118,119,Marquise Goodwin,0,1,0,0.0,0,0,0,0,0,0,0,1,0.0,0.0,0.0%,WR,2014
119,120,Saalim Hakim,0,0,0,0.0,0,0,0,0,0,0,0,1,0.0,0.0,0.0%,WR,2014
120,121,Griff Whalen,0,0,0,0.0,0,0,0,0,0,0,0,1,0.0,0.0,0.0%,WR,2014
121,122,Laron Byrd,0,0,0,0.0,0,0,0,0,0,0,0,1,0.0,0.0,0.0%,WR,2014
122,123,Chris Hogan,0,0,0,0.0,0,0,0,0,0,0,0,1,0.0,0.0,0.0%,WR,2014
123,124,Marlon Brown,0,1,0,0.0,0,0,0,0,0,0,0,1,0.0,0.0,0.0%,WR,2014
124,125,Rodney Smith,0,0,0,0.0,0,0,0,0,0,0,0,1,0.0,0.0,0.0%,WR,2014
125,126,Corey Fuller,0,0,0,0.0,0,0,0,0,0,0,0,1,0.0,0.0,0.0%,WR,2014
126,127,Onterio McCalebb,0,0,0,0.0,0,0,0,0,0,0,0,1,0.0,0.0,0.0%,WR,2014
127,128,Duke Williams,0,0,0,0.0,0,0,0,0,0,0,0,1,0.0,0.0,0.0%,WR,2014
128,129,Corey Brown,0,0,0,0.0,0,0,0,0,0,0,0,1,0.0,0.0,0.2%,WR,2014
129,130,Solomon Patton,0,0,0,0.0,0,0,0,0,0,0,0,1,0.0,0.0,0.0%,WR,2014
130,131,Anthony Johnson,0,0,0,0.0,0,0,0,0,0,0,0,1,0.0,0.0,0.0%,WR,2014
131,132,Adam Thielen,0,0,0,0.0,0,0,0,0,0,0,0,1,0.0,0.0,74.6%,WR,2014
132,133,Corey Washington,0,1,0,0.0,0,0,0,0,0,0,0,1,0.0,0.0,0.0%,WR,2014
133,134,Isaiah Burse,0,0,0,0.0,0,0,0,0,0,0,0,1,0.0,0.0,0.0%,WR,2014
134,135,Matthew Slater,0,0,0,0.0,0,0,0,0,0,0,0,1,0.0,0.0,0.0%,WR,2014
135,136,Kenny Britt,0,3,0,0.0,0,0,0,0,0,0,0,1,0.0,0.0,0.0%,WR,2014
136,137,Robert Meachem,0,2,0,0.0,0,0,0,0,0,0,0,1,0.0,0.0,0.0%,WR,2014
137,138,Courtney Roby,0,0,0,0.0,0,0,0,0,0,0,0,1,0.0,0.0,0.0%,WR,2014
138,139,Darrius Heyward-Bey,0,0,0,0.0,0,0,0,0,0,0,0,1,0.0,0.0,0.0%,WR,2014
139,140,Brad Smith,0,0,0,0.0,0,0,0,0,0,0,0,1,0.0,0.0,0.0%,WR,2014
140,141,Brandon Lloyd,0,1,0,0.0,0,0,0,0,0,0,0,1,0.0,0.0,0.0%,WR,2014
141,142,Jason Avant,1,1,0,0.0,0,0,0,0,0,0,0,1,0.0,0.0,0.0%,WR,2014
142,143,Eric Weems,0,0,0,0.0,0,0,0,0,0,0,0,1,0.0,0.0,0.0%,WR,2014
143,144,Dane Sanzenbacher,0,0,0,0.0,0,0,0,0,0,0,0,1,0.0,0.0,0.0%,WR,2014
144,145,Bryan Walters,0,0,0,0.0,0,0,0,0,0,0,0,1,0.0,0.0,0.0%,WR,2014
145,146,Joe Morgan,0,3,0,0.0,0,0,0,0,0,0,0,1,0.0,0.0,0.0%,WR,2014
146,147,Junior Hemingway,0,2,0,0.0,0,0,0,0,0,0,0,1,0.0,0.0,0.0%,WR,2014
147,148,Andre Holmes,0,0,0,0.0,0,0,0,0,0,0,0,1,0.0,0.0,0.0%,WR,2014
148,149,Jarrett Boykin,0,0,0,0.0,0,0,0,0,0,0,0,1,0.0,0.0,0.0%,WR,2014
149,150,Rishard Matthews,0,0,0,0.0,0,0,0,0,0,0,0,1,0.0,0.0,0.0%,WR,2014
150,151,Jeremy Ross,0,0,0,0.0,0,0,0,0,0,0,0,1,0.0,0.0,0.0%,WR,2014
151,152,A.J. Jenkins,0,0,0,0.0,0,0,0,0,0,0,0,1,0.0,0.0,0.0%,WR,2014
152,153,Keshawn Martin,0,0,0,0.0,0,0,0,0,0,0,0,1,0.0,0.0,0.0%,WR,2014
153,154,Brandon LaFell,0,6,0,0.0,0,0,0,0,0,0,0,1,0.0,0.0,0.0%,WR,2014
154,155,Marcus Easley,0,0,0,0.0,0,0,0,0,0,0,0,1,0.0,0.0,0.0%,WR,2014
155,156,Austin Pettis,0,0,0,0.0,0,0,0,0,0,0,0,1,0.0,0.0,0.0%,WR,2014
156,157,Aldrick Robinson,0,0,0,0.0,0,0,0,0,0,0,0,1,0.0,0.0,0.0%,WR,2014
157,158,Seyi Ajirotutu,0,0,0,0.0,0,0,0,0,0,0,0,1,0.0,0.0,0.0%,WR,2014
158,159,Preston Parker,0,0,0,0.0,0,0,0,0,0,0,0,1,0.0,0.0,0.0%,WR,2014
159,160,J.J. Jones,0,0,0,0.0,0,0,0,0,0,0,0,1,0.0,0.0,0.0%,WR,2014
