,Rank,Player,Receiving Receptions,Receiving Target,Receiving Yards,Yards/Reception,Longest Reception,Receiving 20+,Receiving Touchdowns,Rushing Attempts,Rushing Yards,Rushing Touchdown,Fumbles,Games Played,Fantasy Football Points,FTPS/Game,ROST,Position,Year
0,1,DeAndre Hopkins,9,9,238,26.4,58,1,2,0,0,0,0,1,35.8,35.8,92.5%,WR,2014
1,2,Calvin Johnson,11,16,146,13.3,25,3,2,0,0,0,0,1,26.6,26.6,0.1%,WR,2014
2,3,Donte Moncrief,3,4,134,44.7,79,0,2,1,6,0,0,1,26.0,26.0,0.0%,WR,2014
3,4,Julio Jones,10,12,189,18.9,41,1,1,0,0,0,0,1,24.9,24.9,0.6%,WR,2014
4,5,Keenan Allen,11,15,121,11.0,23,1,2,0,0,0,0,1,24.1,24.1,91.1%,WR,2014
5,6,Antonio Brown,8,12,97,12.1,21,2,2,0,0,0,0,1,23.7,23.7,0.8%,WR,2014
6,7,Kenny Stills,5,6,162,32.4,69,1,1,0,0,0,0,1,22.2,22.2,0.0%,WR,2014
7,8,Kendall Wright,7,9,132,18.9,36,1,1,0,0,0,0,1,19.2,19.2,0.0%,WR,2014
8,9,Alshon Jeffery,9,13,71,7.9,26,1,2,0,0,0,0,1,19.1,19.1,0.0%,WR,2014
9,10,Torrey Smith,6,8,65,10.8,17,0,2,0,0,0,0,1,18.5,18.5,0.0%,WR,2014
10,11,Brandon LaFell,5,7,38,7.6,15,0,2,0,0,0,0,1,15.8,15.8,0.0%,WR,2014
11,12,DeSean Jackson,5,6,84,16.8,42,0,1,0,0,0,0,1,14.4,14.4,0.6%,WR,2014
12,13,Marqise Lee,6,8,75,12.5,30,1,1,0,0,0,0,1,13.5,13.5,0.0%,WR,2014
13,14,Demaryius Thomas,6,13,63,10.5,23,1,1,0,0,0,0,1,12.3,12.3,0.1%,WR,2014
14,15,T.Y. Hilton,5,5,62,12.4,25,1,1,0,0,0,0,1,12.2,12.2,3.0%,WR,2014
15,16,Eddie Royal,9,10,81,9.0,21,1,1,0,0,0,1,1,12.1,12.1,0.0%,WR,2014
16,17,Davante Adams,6,11,121,20.2,45,0,0,0,0,0,0,1,12.1,12.1,99.9%,WR,2014
17,18,Nate Washington,5,9,61,12.2,25,1,1,0,0,0,0,1,12.1,12.1,0.0%,WR,2014
18,19,A.J. Green,4,8,57,14.3,20,1,1,0,0,0,0,1,11.7,11.7,0.6%,WR,2014
19,20,Harry Douglas,9,12,116,12.9,19,0,0,0,0,0,0,1,11.6,11.6,0.0%,WR,2014
20,21,Jordy Nelson,2,6,53,26.5,45,0,1,0,0,0,0,1,11.3,11.3,0.1%,WR,2014
21,22,Jordan Matthews,4,5,51,12.8,27,1,1,0,0,0,0,1,11.1,11.1,0.0%,WR,2014
22,23,Jeremy Maclin,8,10,108,13.5,58,0,0,0,0,0,0,1,10.8,10.8,0.0%,WR,2014
23,24,Greg Jennings,5,6,45,9.0,17,0,1,0,0,0,0,1,10.5,10.5,0.0%,WR,2014
24,25,Stedman Bailey,5,6,100,20.0,34,1,0,0,0,0,0,1,10.0,10.0,0.0%,WR,2014
25,26,Corey Brown,2,4,34,17.0,32,0,1,1,4,0,0,1,9.8,9.8,0.2%,WR,2014
26,27,Tavon Austin,2,5,11,5.5,6,0,0,2,24,1,0,1,9.5,9.5,0.1%,WR,2014
27,28,Odell Beckham,7,8,90,12.9,29,2,0,1,4,0,0,1,9.4,9.4,33.2%,WR,2014
28,29,Andre Johnson,7,11,53,7.6,17,0,1,0,0,0,1,1,9.3,9.3,0.0%,WR,2014
29,30,Randall Cobb,7,11,85,12.1,33,0,0,2,8,0,0,1,9.3,9.3,0.0%,WR,2014
30,31,Golden Tate,8,10,89,11.1,24,2,0,0,0,0,0,1,8.9,8.9,0.0%,WR,2014
31,32,Miles Austin,7,9,86,12.3,30,0,0,0,0,0,0,1,8.6,8.6,0.0%,WR,2014
32,33,Malcom Floyd,3,6,85,28.3,59,0,0,0,0,0,0,1,8.5,8.5,0.0%,WR,2014
33,34,Greg Salas,0,0,0,0.0,0,0,0,1,20,1,0,1,8.0,8.0,0.0%,WR,2014
34,35,Nick Toon,2,2,17,8.5,11,0,1,0,0,0,0,1,7.7,7.7,0.0%,WR,2014
35,36,Marques Colston,3,5,16,5.3,8,0,1,0,0,0,0,1,7.6,7.6,0.0%,WR,2014
36,37,Jaron Brown,7,9,75,10.7,23,1,0,0,0,0,0,1,7.5,7.5,0.0%,WR,2014
37,38,Josh Gordon,7,13,75,10.7,18,0,0,0,0,0,0,1,7.5,7.5,0.0%,WR,2014
38,39,Dez Bryant,4,7,73,18.3,38,1,0,0,0,0,0,1,7.3,7.3,2.6%,WR,2014
39,40,Emmanuel Sanders,6,11,73,12.2,23,2,0,0,0,0,0,1,7.3,7.3,0.0%,WR,2014
40,41,Robert Woods,4,7,71,17.8,34,0,0,0,0,0,0,1,7.1,7.1,2.7%,WR,2014
41,42,Mike Wallace,6,11,69,11.5,25,1,0,0,0,0,0,1,6.9,6.9,0.0%,WR,2014
42,43,Chris Hogan,2,4,8,4.0,5,0,1,0,0,0,0,1,6.8,6.8,0.0%,WR,2014
43,44,Jarvis Landry,8,11,68,8.5,25,1,0,0,0,0,0,1,6.8,6.8,14.0%,WR,2014
44,45,Preston Parker,2,4,6,3.0,3,0,1,0,0,0,0,1,6.6,6.6,0.0%,WR,2014
45,46,James Wright,3,5,59,19.7,30,0,0,1,6,0,0,1,6.5,6.5,0.0%,WR,2014
46,47,Markus Wheaton,5,9,61,12.2,16,0,0,0,0,0,0,1,6.1,6.1,0.0%,WR,2014
47,48,Ted Ginn,4,7,61,15.3,22,1,0,0,0,0,0,1,6.1,6.1,0.0%,WR,2014
48,49,Kelvin Benjamin,5,12,56,11.2,30,0,0,0,0,0,0,1,5.6,5.6,0.1%,WR,2014
49,50,Rueben Randle,3,4,52,17.3,23,1,0,0,0,0,0,1,5.2,5.2,0.0%,WR,2014
50,51,Kamar Aiken,3,4,51,17.0,24,1,0,0,0,0,0,1,5.1,5.1,0.0%,WR,2014
51,52,Mike Evans,4,9,49,12.3,23,1,0,0,0,0,0,1,4.9,4.9,98.1%,WR,2014
52,53,Julian Edelman,7,10,48,6.9,17,0,0,0,0,0,0,1,4.8,4.8,12.1%,WR,2014
53,54,Andre Roberts,2,5,46,23.0,24,2,0,0,0,0,0,1,4.6,4.6,0.0%,WR,2014
54,55,Jarius Wright,2,2,40,20.0,35,0,0,1,5,0,0,1,4.5,4.5,0.0%,WR,2014
55,56,Allen Hurns,4,8,42,10.5,14,0,0,0,0,0,0,1,4.2,4.2,0.0%,WR,2014
56,57,Brandon Marshall,6,11,42,7.0,12,0,0,0,0,0,0,1,4.2,4.2,2.6%,WR,2014
57,58,Charles Johnson,2,4,41,20.5,24,1,0,0,0,0,0,1,4.1,4.1,0.0%,WR,2014
58,59,John Brown,2,5,40,20.0,27,1,0,0,0,0,0,1,4.0,4.0,0.0%,WR,2014
59,60,Jeremy Kerley,1,1,2,2.0,2,0,0,2,38,0,0,1,4.0,4.0,0.0%,WR,2014
60,61,Derek Hagan,2,3,39,19.5,20,1,0,0,0,0,0,1,3.9,3.9,0.0%,WR,2014
61,62,Terrance Williams,2,4,38,19.0,20,1,0,0,0,0,0,1,3.8,3.8,0.0%,WR,2014
62,63,Jacoby Jones,2,2,35,17.5,31,0,0,0,0,0,0,1,3.5,3.5,0.0%,WR,2014
63,64,Cecil Shorts,4,8,35,8.8,12,0,0,0,0,0,0,1,3.5,3.5,0.0%,WR,2014
64,65,Jermaine Kearse,3,5,34,11.3,17,0,0,0,0,0,0,1,3.4,3.4,0.0%,WR,2014
65,66,Percy Harvin,1,3,6,6.0,6,0,0,6,27,0,0,1,3.3,3.3,0.1%,WR,2014
66,67,Lance Moore,2,5,13,6.5,9,0,0,0,0,0,0,1,3.3,3.3,0.0%,WR,2014
67,68,James Jones,6,8,33,5.5,13,0,0,0,0,0,0,1,3.3,3.3,0.0%,WR,2014
68,69,Mohamed Sanu,2,3,19,9.5,15,0,0,1,10,0,0,1,3.3,3.3,0.0%,WR,2014
69,70,Michael Floyd,5,10,53,10.6,22,1,0,0,0,0,1,1,3.3,3.3,0.0%,WR,2014
70,71,Keshawn Martin,1,1,32,32.0,32,0,0,0,0,0,0,1,3.2,3.2,0.0%,WR,2014
71,72,Riley Cooper,4,7,32,8.0,10,0,0,0,0,0,0,1,3.2,3.2,0.0%,WR,2014
72,73,Reggie Wayne,4,5,31,7.8,11,0,0,0,0,0,0,1,3.1,3.1,0.0%,WR,2014
73,74,Jeremy Ross,1,1,31,31.0,31,0,0,0,0,0,0,1,3.1,3.1,0.0%,WR,2014
74,75,Santana Moss,3,3,30,10.0,13,0,0,0,0,0,0,1,3.0,3.0,0.0%,WR,2014
75,76,Jason Avant,2,4,30,15.0,19,0,0,0,0,0,0,1,3.0,3.0,0.0%,WR,2014
76,77,Steve Johnson,3,6,28,9.3,13,0,0,0,0,0,0,1,2.8,2.8,0.0%,WR,2014
77,78,Kenbrell Thompkins,2,5,28,14.0,18,0,0,0,0,0,0,1,2.8,2.8,0.0%,WR,2014
78,79,Doug Baldwin,2,4,28,14.0,24,1,0,0,0,0,0,1,2.8,2.8,0.0%,WR,2014
79,80,Andre Holmes,3,6,28,9.3,16,0,0,0,0,0,0,1,2.8,2.8,0.0%,WR,2014
80,81,Brice Butler,2,2,27,13.5,17,0,0,0,0,0,0,1,2.7,2.7,0.0%,WR,2014
81,82,Kevin Ogletree,2,2,25,12.5,13,0,0,0,0,0,0,1,2.5,2.5,0.0%,WR,2014
82,83,Marlon Brown,3,3,25,8.3,10,0,0,0,0,0,0,1,2.5,2.5,0.0%,WR,2014
83,84,Vincent Jackson,2,4,24,12.0,15,0,0,0,0,0,0,1,2.4,2.4,0.0%,WR,2014
84,85,Andrew Hawkins,2,3,24,12.0,15,0,0,0,0,0,0,1,2.4,2.4,0.0%,WR,2014
85,86,Martavis Bryant,1,4,23,23.0,23,1,0,0,0,0,0,1,2.3,2.3,0.0%,WR,2014
86,87,Cole Beasley,4,7,41,10.3,16,0,0,0,0,0,1,1,2.1,2.1,0.0%,WR,2014
87,88,Corey Fuller,1,1,21,21.0,21,1,0,0,0,0,0,1,2.1,2.1,0.0%,WR,2014
88,89,Jerricho Cotchery,2,5,20,10.0,14,0,0,0,0,0,0,1,2.0,2.0,0.0%,WR,2014
89,90,Eric Decker,2,4,18,9.0,11,0,0,0,0,0,0,1,1.8,1.8,0.6%,WR,2014
90,91,Justin Hunter,1,3,18,18.0,18,0,0,0,0,0,0,1,1.8,1.8,0.0%,WR,2014
91,92,Anquan Boldin,3,5,18,6.0,10,0,0,0,0,0,0,1,1.8,1.8,0.1%,WR,2014
92,93,Dwayne Bowe,2,5,18,9.0,10,0,0,0,0,0,0,1,1.8,1.8,0.0%,WR,2014
93,94,Brandon Gibson,2,3,17,8.5,14,0,0,0,0,0,0,1,1.7,1.7,0.0%,WR,2014
94,95,Devin Hester,1,4,10,10.0,10,0,0,1,4,0,0,1,1.4,1.4,0.4%,WR,2014
95,96,Kenny Britt,1,1,13,13.0,13,0,0,0,0,0,0,1,1.3,1.3,0.0%,WR,2014
96,97,Wes Welker,1,2,12,12.0,12,0,0,0,0,0,0,1,1.2,1.2,0.0%,WR,2014
97,98,Sammy Watkins,3,9,11,3.7,5,0,0,0,0,0,0,1,1.1,1.1,0.0%,WR,2014
98,99,Michael Crabtree,3,3,10,3.3,5,0,0,0,0,0,0,1,1.0,1.0,0.0%,WR,2014
99,100,Vincent Brown,1,4,10,10.0,10,0,0,0,0,0,0,1,1.0,1.0,0.0%,WR,2014
100,101,Pierre Garcon,3,9,9,3.0,5,0,0,0,0,0,0,1,0.9,0.9,0.0%,WR,2014
101,102,Eric Weems,2,2,9,4.5,6,0,0,0,0,0,0,1,0.9,0.9,0.0%,WR,2014
102,103,Brian Hartline,1,1,9,9.0,9,0,0,0,0,0,0,1,0.9,0.9,0.0%,WR,2014
103,104,Josh Huff,0,0,0,0.0,0,0,0,1,7,0,0,1,0.7,0.7,0.0%,WR,2014
104,105,Louis Murphy,1,5,7,7.0,7,0,0,0,0,0,0,1,0.7,0.7,0.0%,WR,2014
105,106,Paul Richardson,1,1,6,6.0,6,0,0,0,0,0,0,1,0.6,0.6,0.0%,WR,2014
106,107,Brandon Lloyd,1,6,6,6.0,6,0,0,0,0,0,0,1,0.6,0.6,0.0%,WR,2014
107,108,Jarrett Boykin,1,1,6,6.0,6,0,0,0,0,0,0,1,0.6,0.6,0.0%,WR,2014
108,109,De'Anthony Thomas,2,2,5,2.5,5,0,0,0,0,0,0,1,0.5,0.5,0.0%,WR,2014
109,110,Steve Smith,1,4,2,2.0,2,0,0,0,0,0,0,1,0.2,0.2,0.0%,WR,2014
110,111,Ryan Grant,0,0,0,0.0,0,0,0,0,0,0,0,1,0.0,0.0,0.0%,WR,2014
111,112,Kevin Norwood,0,0,0,0.0,0,0,0,0,0,0,0,1,0.0,0.0,0.0%,WR,2014
112,113,Cody Latimer,0,1,0,0.0,0,0,0,0,0,0,0,1,0.0,0.0,0.0%,WR,2014
113,114,Robert Herron,0,3,0,0.0,0,0,0,0,0,0,0,1,0.0,0.0,0.0%,WR,2014
114,115,Devin Street,0,2,0,0.0,0,0,0,0,0,0,0,1,0.0,0.0,0.0%,WR,2014
115,116,Ryan Davis,0,0,0,0.0,0,0,0,0,0,0,0,1,0.0,0.0,0.0%,WR,2014
116,117,Brian Tyms,0,0,0,0.0,0,0,0,0,0,0,0,1,0.0,0.0,0.0%,WR,2014
117,118,Jalen Saunders,0,0,0,0.0,0,0,0,0,0,0,0,1,0.0,0.0,0.0%,WR,2014
118,119,Albert Wilson,0,0,0,0.0,0,0,0,0,0,0,0,1,0.0,0.0,0.0%,WR,2014
119,120,Darius Johnson,0,0,0,0.0,0,0,0,0,0,0,0,1,0.0,0.0,0.0%,WR,2014
120,121,Saalim Hakim,0,0,0,0.0,0,0,0,0,0,0,0,1,0.0,0.0,0.0%,WR,2014
121,122,Marquise Goodwin,0,1,0,0.0,0,0,0,0,0,0,0,1,0.0,0.0,0.0%,WR,2014
122,123,Russell Shepard,0,0,0,0.0,0,0,0,0,0,0,0,1,0.0,0.0,0.0%,WR,2014
123,124,Marquess Wilson,0,2,0,0.0,0,0,0,0,0,0,0,1,0.0,0.0,0.0%,WR,2014
124,125,Marcus Thigpen,0,0,0,0.0,0,0,0,0,0,0,0,1,0.0,0.0,0.0%,WR,2014
125,126,Drew Davis,0,0,0,0.0,0,0,0,0,0,0,0,1,0.0,0.0,0.0%,WR,2014
126,127,Ace Sanders,0,0,0,0.0,0,0,0,0,0,0,0,1,0.0,0.0,0.0%,WR,2014
127,128,Aaron Dobson,0,1,0,0.0,0,0,0,0,0,0,0,1,0.0,0.0,0.0%,WR,2014
128,129,Duke Williams,0,0,0,0.0,0,0,0,0,0,0,0,1,0.0,0.0,0.0%,WR,2014
129,130,Brenton Bersin,0,0,0,0.0,0,0,0,0,0,0,0,1,0.0,0.0,0.0%,WR,2014
130,131,Anthony Johnson,0,0,0,0.0,0,0,0,0,0,0,0,1,0.0,0.0,0.0%,WR,2014
131,132,Taylor Gabriel,0,1,0,0.0,0,0,0,0,0,0,0,1,0.0,0.0,0.1%,WR,2014
132,133,Adam Thielen,0,0,0,0.0,0,0,0,0,0,0,0,1,0.0,0.0,74.6%,WR,2014
133,134,Corey Washington,0,0,0,0.0,0,0,0,0,0,0,0,1,0.0,0.0,0.0%,WR,2014
134,135,Isaiah Burse,0,0,0,0.0,0,0,0,0,0,0,0,1,0.0,0.0,0.0%,WR,2014
135,136,Frankie Hammond,0,0,0,0.0,0,0,0,0,0,0,0,1,0.0,0.0,0.0%,WR,2014
136,137,Matthew Slater,0,0,0,0.0,0,0,0,0,0,0,0,1,0.0,0.0,0.0%,WR,2014
137,138,Josh Cribbs,0,0,0,0.0,0,0,0,0,0,0,0,1,0.0,0.0,0.0%,WR,2014
138,139,Josh Morgan,0,0,0,0.0,0,0,0,0,0,0,0,1,0.0,0.0,0.0%,WR,2014
139,140,Kassim Osgood,0,0,0,0.0,0,0,0,0,0,0,0,1,0.0,0.0,0.0%,WR,2014
140,141,Danny Amendola,0,1,0,0.0,0,0,0,0,0,0,0,1,0.0,0.0,0.0%,WR,2014
141,142,Darrius Heyward-Bey,0,1,0,0.0,0,0,0,0,0,0,0,1,0.0,0.0,0.0%,WR,2014
142,143,Brad Smith,0,1,0,0.0,0,0,0,0,0,0,0,1,0.0,0.0,0.0%,WR,2014
143,144,Brandon Tate,0,0,0,0.0,0,0,0,0,0,0,0,1,0.0,0.0,0.0%,WR,2014
144,145,Hakeem Nicks,0,0,0,0.0,0,0,0,0,0,0,0,1,0.0,0.0,0.0%,WR,2014
145,146,Donnie Avery,1,2,20,20.0,20,1,0,0,0,0,1,1,0.0,0.0,0.0%,WR,2014
146,147,Joe Morgan,0,0,0,0.0,0,0,0,0,0,0,0,1,0.0,0.0,0.0%,WR,2014
147,148,Bryan Walters,0,0,0,0.0,0,0,0,0,0,0,0,1,0.0,0.0,0.0%,WR,2014
148,149,Ricardo Lockette,0,0,0,0.0,0,0,0,0,0,0,0,1,0.0,0.0,0.0%,WR,2014
149,150,Dane Sanzenbacher,0,0,0,0.0,0,0,0,0,0,0,0,1,0.0,0.0,0.0%,WR,2014
150,151,Tommy Streeter,0,0,0,0.0,0,0,0,0,0,0,0,1,0.0,0.0,0.0%,WR,2014
151,152,Rishard Matthews,0,0,0,0.0,0,0,0,0,0,0,0,1,0.0,0.0,0.0%,WR,2014
152,153,Trevor Graham,0,0,0,0.0,0,0,0,0,0,0,0,1,0.0,0.0,0.0%,WR,2014
153,154,Chris Givens,0,0,0,0.0,0,0,0,0,0,0,0,1,0.0,0.0,0.0%,WR,2014
154,155,Travis Benjamin,0,2,0,0.0,0,0,0,0,0,0,0,1,0.0,0.0,0.0%,WR,2014
155,156,Marcus Easley,0,0,0,0.0,0,0,0,0,0,0,0,1,0.0,0.0,0.0%,WR,2014
156,157,Marc Mariani,0,0,0,0.0,0,0,0,0,0,0,0,1,0.0,0.0,0.0%,WR,2014
157,158,Dwayne Harris,0,0,0,0.0,0,0,0,0,0,0,0,1,0.0,0.0,0.0%,WR,2014
158,159,Seyi Ajirotutu,0,1,0,0.0,0,0,0,0,0,0,0,1,0.0,0.0,0.0%,WR,2014
159,160,Andre Caldwell,0,1,0,0.0,0,0,0,0,0,0,0,1,0.0,0.0,0.0%,WR,2014
160,161,J.J. Jones,0,0,0,0.0,0,0,0,0,0,0,0,1,0.0,0.0,0.0%,WR,2014
161,162,DeAndre Presley,0,1,0,0.0,0,0,0,1,-2,0,0,1,-0.2,-0.2,0.0%,WR,2014
162,163,Damaris Johnson,0,1,0,0.0,0,0,0,1,-7,0,0,1,-0.7,-0.7,0.0%,WR,2014
