,Rk,Date,G#,Week,Age,Tm,Unnamed: 6_level_1,Opp,Result,Int,Tgt,Cmp,Cmp%,Yds,Yds/Cmp,Yds/Tgt,TD,Rat,DADOT,Air,YAC,Bltz,Hrry,QBKD,Sk,Prss,Comb,MTkl,MTkl%,Year
0,1.0,2023-09-10,1.0,1.0,30.352,JAX,@,IND,W 31-21,0,1,1,100.0%,-4,-4.0,-4.0,0,79.2,-6.0,-6,2,0,1,0,0.0,1,2.0,0,0.0%,2023
1,2.0,2023-09-17,2.0,2.0,30.359,JAX,,KAN,L 9-17,0,0,0,,0,,,0,,,0,0,0,0,1,0.0,1,3.0,0,0.0%,2023
2,3.0,2023-09-24,3.0,3.0,31.001,JAX,,HOU,L 17-37,0,0,0,,0,,,0,,,0,0,0,0,0,0.0,0,1.0,2,66.7%,2023
3,4.0,2023-10-01,4.0,4.0,31.008,JAX,,ATL,W 23-7,0,0,0,,0,,,0,,,0,0,0,0,0,0.0,0,1.0,1,50.0%,2023
4,5.0,2023-10-08,5.0,5.0,31.015,JAX,@,BUF,W 25-20,0,0,0,,0,,,0,,,0,0,0,0,1,0.0,1,1.0,0,0.0%,2023
5,6.0,2023-10-15,6.0,6.0,31.022,JAX,,IND,W 37-20,0,0,0,,0,,,0,,,0,0,0,0,0,0.0,0,2.0,0,0.0%,2023
6,7.0,2023-10-19,7.0,7.0,31.026,JAX,@,NOR,W 31-24,0,0,0,,0,,,0,,,0,0,0,1,0,0.0,1,2.0,0,0.0%,2023
7,8.0,2023-10-29,8.0,8.0,31.036,JAX,@,PIT,W 20-10,0,1,1,100.0%,13,13.0,13.0,0,118.7,2.0,2,11,0,1,1,0.0,2,1.0,0,0.0%,2023
8,9.0,2023-11-12,9.0,10.0,31.05,JAX,,SFO,L 3-34,0,0,0,,0,,,0,,,0,0,0,0,0,0.0,0,3.0,0,0.0%,2023
9,10.0,2023-11-19,10.0,11.0,31.057,JAX,,TEN,W 34-14,0,0,0,,0,,,0,,,0,0,0,0,1,0.0,1,1.0,0,0.0%,2023
10,11.0,2023-11-26,11.0,12.0,31.064,JAX,@,HOU,W 24-21,0,0,0,,0,,,0,,,0,0,0,0,0,0.0,0,2.0,0,0.0%,2023
11,12.0,2023-12-04,12.0,13.0,31.072,JAX,,CIN,L 31-34,0,0,0,,0,,,0,,,0,0,0,2,0,0.0,2,2.0,1,33.3%,2023
12,13.0,2023-12-10,13.0,14.0,31.078,JAX,@,CLE,L 27-31,0,0,0,,0,,,0,,,0,0,0,1,0,0.0,1,1.0,0,0.0%,2023
13,14.0,2023-12-17,14.0,15.0,31.085,JAX,,BAL,L 7-23,0,0,0,,0,,,0,,,0,0,0,0,1,1.0,2,1.0,0,0.0%,2023
14,15.0,2023-12-24,15.0,16.0,31.092,JAX,@,TAM,L 12-30,0,0,0,,0,,,0,,,0,0,0,0,0,0.0,0,2.0,0,0.0%,2023
15,16.0,2023-12-31,16.0,17.0,31.099,JAX,,CAR,W 26-0,0,0,0,,0,,,0,,,0,0,0,0,0,,0,,0,,2023
16,17.0,2024-01-07,17.0,18.0,31.106,JAX,@,TEN,L 20-28,0,0,0,,0,,,0,,,0,0,0,0,0,0.0,0,1.0,0,0.0%,2023
17,,17 Games,,,,,,,9-8-0,0,2,2,100.0%,9,4.5,4.5,0,85.4,-2.0,-4,13,0,6,5,1.0,12,26.0,4,13.3%,2023
