,Rk,Date,G#,Week,Age,Tm,Unnamed: 6_level_1,Opp,Result,Int,Tgt,Cmp,Cmp%,Yds,Yds/Cmp,Yds/Tgt,TD,Rat,DADOT,Air,YAC,Bltz,Hrry,QBKD,Sk,Prss,Comb,MTkl,MTkl%,Year
0,1.0,2023-09-17,2.0,2.0,23.311,JAX,,KAN,L 9-17,0,0,0,,0.0,,,0.0,,,0.0,0.0,0,0,0,0.0,0,1.0,0,0.0%,2023
1,2.0,2023-09-24,3.0,3.0,23.318,JAX,,HOU,L 17-37,0,0,0,,0.0,,,0.0,,,0.0,0.0,0,0,0,,0,,0,,2023
2,3.0,2023-10-01,4.0,4.0,23.325,JAX,,ATL,W 23-7,0,0,0,,0.0,,,0.0,,,0.0,0.0,0,0,0,,0,,0,,2023
3,4.0,2023-10-08,5.0,5.0,23.332,JAX,@,BUF,W 25-20,0,0,0,,0.0,,,0.0,,,0.0,0.0,0,0,0,0.0,0,1.0,0,0.0%,2023
4,5.0,2023-10-15,6.0,6.0,23.339,JAX,,IND,W 37-20,0,0,0,,0.0,,,0.0,,,0.0,0.0,0,0,0,,0,,0,,2023
5,6.0,2023-10-19,7.0,7.0,23.343,JAX,@,NOR,W 31-24,0,0,0,,0.0,,,0.0,,,0.0,0.0,0,0,0,0.0,0,1.0,0,0.0%,2023
6,7.0,2023-11-12,9.0,10.0,24.002,JAX,,SFO,L 3-34,0,0,0,,0.0,,,0.0,,,0.0,0.0,0,0,1,0.0,1,3.0,0,0.0%,2023
7,8.0,2023-11-19,10.0,11.0,24.009,JAX,,TEN,W 34-14,0,0,0,,0.0,,,0.0,,,0.0,0.0,0,0,0,0.0,0,2.0,0,0.0%,2023
8,9.0,2023-11-26,11.0,12.0,24.016,JAX,@,HOU,W 24-21,0,0,0,,0.0,,,0.0,,,0.0,0.0,0,0,0,,0,,0,,2023
9,10.0,2023-12-04,12.0,13.0,24.024,JAX,,CIN,L 31-34,0,0,0,,0.0,,,0.0,,,0.0,0.0,0,0,0,,0,,0,,2023
10,11.0,2023-12-10,13.0,14.0,24.03,JAX,@,CLE,L 27-31,0,0,0,,0.0,,,0.0,,,0.0,0.0,0,0,1,0.0,1,0.0,0,,2023
11,12.0,2023-12-17,14.0,15.0,24.037,JAX,,BAL,L 7-23,0,0,0,,0.0,,,0.0,,,0.0,0.0,0,0,0,0.0,0,1.0,0,0.0%,2023
12,13.0,2023-12-24,15.0,16.0,24.044,JAX,@,TAM,L 12-30,0,0,0,,0.0,,,0.0,,,0.0,0.0,0,0,0,0.0,0,2.0,0,0.0%,2023
13,14.0,2023-12-31,16.0,17.0,24.051,JAX,,CAR,W 26-0,0,0,0,,0.0,,,0.0,,,0.0,0.0,0,0,0,0.0,0,1.0,0,0.0%,2023
14,15.0,2024-01-07,17.0,18.0,24.058,JAX,@,TEN,L 20-28,0,0,0,,0.0,,,0.0,,,0.0,0.0,0,0,1,0.0,1,0.0,0,,2023
15,,15 Games,,,,,,,7-8-0,0,0,0,,,,,,,,,,0,0,3,0.0,3,12.0,0,0.0%,2023
