,Rk,Date,G#,Week,Age,Tm,Unnamed: 6_level_1,Opp,Result,Tgt,Rec,Yds,TD,1D,YBC,YBC/R,YAC,YAC/R,ADOT,BrkTkl,Rec/Br,Drop,Drop%,Int,Rat,Year
0,1.0,2023-09-10,1.0,1.0,28.164,JAX,@,IND,W 31-21,7,5,55,1,4.0,53,10.6,2,0.4,10.6,0,,0,0.0,0,133.9,2023
1,2.0,2023-09-17,2.0,2.0,28.171,JAX,,KAN,L 9-17,6,0,0,0,,0,,0,,14.0,0,,0,0.0,0,39.6,2023
2,3.0,2023-10-08,5.0,5.0,28.192,JAX,@,BUF,W 25-20,5,3,23,1,1.0,17,5.7,6,2.0,7.4,0,,1,20.0,0,110.8,2023
3,4.0,2023-11-19,10.0,11.0,28.234,JAX,,TEN,W 34-14,4,4,20,0,,17,4.3,3,0.8,4.3,0,,0,0.0,0,87.5,2023
4,5.0,2023-11-26,11.0,12.0,28.241,JAX,@,HOU,W 24-21,3,1,10,0,1.0,10,10.0,0,0.0,20.3,0,,0,0.0,0,43.7,2023
5,6.0,2023-12-04,12.0,13.0,28.249,JAX,,CIN,L 31-34,8,5,78,0,3.0,63,12.6,15,3.0,20.0,0,,0,0.0,0,94.8,2023
6,7.0,2023-12-10,13.0,14.0,28.255,JAX,@,CLE,L 27-31,14,5,29,0,2.0,23,4.6,6,1.2,16.1,0,,0,0.0,1,14.6,2023
7,8.0,2023-12-17,14.0,15.0,28.262,JAX,,BAL,L 7-23,8,5,59,0,2.0,51,10.2,8,1.6,18.0,0,,0,0.0,0,84.9,2023
8,9.0,2024-01-07,17.0,18.0,28.283,JAX,@,TEN,L 20-28,9,6,47,0,1.0,36,6.0,11,1.8,7.7,0,,0,0.0,1,39.8,2023
9,,9 Games,,,,,,,4-5-0,64,34,321,2,14.0,270,7.9,51,1.5,13.6,0,,1,1.6,2,64.6,2023
