,Rk,Date,G#,Week,Age,Tm,Unnamed: 6_level_1,Opp,Result,Int,Tgt,Cmp,Cmp%,Yds,Yds/Cmp,Yds/Tgt,TD,Rat,DADOT,Air,YAC,Bltz,Hrry,QBKD,Sk,Prss,Comb,MTkl,MTkl%,Year
0,1.0,2018-09-09,1.0,1.0,23.269,LAC,,KAN,L 28-38,0,4,2,50.0%,9,4.5,2.3,0,56.2,11.3,4,5,2,1,0,0.0,1,5,0,0.0%,2018
1,2.0,2018-09-16,2.0,2.0,23.276,LAC,@,BUF,W 31-20,0,5,5,100.0%,65,13.0,13.0,0,118.7,4.4,22,43,2,0,0,0.0,0,2,1,33.3%,2018
2,3.0,2018-09-23,3.0,3.0,23.283,LAC,@,LAR,L 23-35,0,6,5,83.3%,42,8.4,7.0,0,95.8,-0.5,-3,45,0,0,0,0.0,0,5,0,0.0%,2018
3,4.0,2018-09-30,4.0,4.0,23.29,LAC,,SFO,W 29-27,0,3,3,100.0%,16,5.3,5.3,0,88.9,-1.0,-3,19,0,0,0,0.0,0,2,1,33.3%,2018
4,5.0,2018-10-07,5.0,5.0,23.297,LAC,,OAK,W 26-10,0,3,2,66.7%,9,4.5,3.0,1,109.7,3.0,4,5,1,0,0,0.0,0,1,2,66.7%,2018
5,6.0,2018-10-14,6.0,6.0,23.304,LAC,@,CLE,W 38-14,2,8,4,50.0%,34,8.5,4.3,0,21.9,4.5,3,31,1,0,1,0.0,1,2,1,33.3%,2018
6,7.0,2018-10-21,7.0,7.0,23.311,LAC,,TEN,W 20-19,0,6,5,83.3%,40,8.0,6.7,0,94.4,5.7,29,11,0,0,0,0.0,0,7,0,0.0%,2018
7,8.0,2018-11-04,8.0,9.0,23.325,LAC,@,SEA,W 25-17,1,3,1,33.3%,7,7.0,2.3,0,2.8,13.0,3,4,1,0,0,0.0,0,3,0,0.0%,2018
8,9.0,2018-11-11,9.0,10.0,23.332,LAC,@,OAK,W 20-6,0,8,7,87.5%,57,8.1,7.1,0,96.4,3.5,24,33,0,0,0,0.0,0,3,3,50.0%,2018
9,10.0,2018-11-18,10.0,11.0,23.339,LAC,,DEN,L 22-23,0,3,3,100.0%,47,15.7,15.7,0,118.7,6.3,19,28,0,0,0,0.0,0,2,0,0.0%,2018
10,11.0,2018-11-25,11.0,12.0,23.346,LAC,,ARI,W 45-10,0,3,3,100.0%,20,6.7,6.7,0,94.4,-1.3,-4,24,0,0,0,0.0,0,1,0,0.0%,2018
11,12.0,2018-12-02,12.0,13.0,23.353,LAC,@,PIT,W 33-30,0,12,9,75.0%,70,7.8,5.8,0,88.9,3.4,29,41,0,0,0,0.0,0,10,1,9.1%,2018
12,13.0,2018-12-09,13.0,14.0,23.36,LAC,,CIN,W 26-21,0,6,4,66.7%,18,4.5,3.0,0,70.1,8.7,5,13,3,0,0,0.0,0,3,0,0.0%,2018
13,14.0,2018-12-13,14.0,15.0,23.364,LAC,@,KAN,W 29-28,0,5,4,80.0%,31,7.8,6.2,1,132.1,3.8,-3,34,1,0,0,0.0,0,5,0,0.0%,2018
14,15.0,2018-12-22,15.0,16.0,24.008,LAC,,BAL,L 10-22,0,3,2,66.7%,15,7.5,5.0,0,78.5,0.3,4,11,3,1,0,0.0,1,4,0,0.0%,2018
15,16.0,2018-12-30,16.0,17.0,24.016,LAC,@,DEN,W 23-9,0,9,5,55.6%,28,5.6,3.1,0,61.3,6.6,7,21,0,0,0,0.0,0,7,1,12.5%,2018
16,,16 Games,,,,,,,12-4-0,3,87,64,73.6%,508,7.9,5.8,2,81.0,4.5,140,368,14,2,1,0.0,3,62,10,13.9%,2018
