,Rk,Date,G#,Week,Age,Tm,Unnamed: 6_level_1,Opp,Result,Int,Tgt,Cmp,Cmp%,Yds,Yds/Cmp,Yds/Tgt,TD,Rat,DADOT,Air,YAC,Bltz,Hrry,QBKD,Sk,Prss,Comb,MTkl,MTkl%
0,1.0,2018-09-09,1.0,1.0,27.025,LAC,,KAN,L 28-38,0,0,0,,0.0,,,0.0,,,0.0,0.0,0,0,0,0.0,0,0,0,
1,2.0,2018-09-16,2.0,2.0,27.032,LAC,@,BUF,W 31-20,0,0,0,,0.0,,,0.0,,,0.0,0.0,0,0,0,0.0,0,1,0,0.0%
2,3.0,2018-09-23,3.0,3.0,27.039,LAC,@,LAR,L 23-35,0,0,0,,0.0,,,0.0,,,0.0,0.0,0,0,0,0.0,0,0,0,
3,4.0,2018-09-30,4.0,4.0,27.046,LAC,,SFO,W 29-27,0,0,0,,0.0,,,0.0,,,0.0,0.0,0,0,0,0.0,0,1,0,0.0%
4,5.0,2018-10-07,5.0,5.0,27.053,LAC,,OAK,W 26-10,0,0,0,,0.0,,,0.0,,,0.0,0.0,0,0,0,0.0,0,0,0,
5,6.0,2018-10-14,6.0,6.0,27.06,LAC,@,CLE,W 38-14,0,0,0,,0.0,,,0.0,,,0.0,0.0,0,0,0,0.0,0,2,0,0.0%
6,7.0,2018-10-21,7.0,7.0,27.067,LAC,,TEN,W 20-19,0,0,0,,0.0,,,0.0,,,0.0,0.0,0,0,0,0.0,0,0,0,
7,8.0,2018-11-04,8.0,9.0,27.081,LAC,@,SEA,W 25-17,0,0,0,,0.0,,,0.0,,,0.0,0.0,0,0,0,0.0,0,1,0,0.0%
8,9.0,2018-11-11,9.0,10.0,27.088,LAC,@,OAK,W 20-6,0,0,0,,0.0,,,0.0,,,0.0,0.0,0,0,0,0.0,0,1,0,0.0%
9,10.0,2018-11-18,10.0,11.0,27.095,LAC,,DEN,L 22-23,0,0,0,,0.0,,,0.0,,,0.0,0.0,0,0,0,0.0,0,0,0,
10,11.0,2018-11-25,11.0,12.0,27.102,LAC,,ARI,W 45-10,0,0,0,,0.0,,,0.0,,,0.0,0.0,0,0,0,0.0,0,0,0,
11,12.0,2018-12-02,12.0,13.0,27.109,LAC,@,PIT,W 33-30,0,0,0,,0.0,,,0.0,,,0.0,0.0,0,0,0,0.0,0,2,0,0.0%
12,13.0,2018-12-09,13.0,14.0,27.116,LAC,,CIN,W 26-21,0,0,0,,0.0,,,0.0,,,0.0,0.0,0,0,0,0.0,0,1,0,0.0%
13,14.0,2018-12-13,14.0,15.0,27.12,LAC,@,KAN,W 29-28,0,0,0,,0.0,,,0.0,,,0.0,0.0,0,0,0,0.0,0,0,0,
14,15.0,2018-12-22,15.0,16.0,27.129,LAC,,BAL,L 10-22,0,0,0,,0.0,,,0.0,,,0.0,0.0,0,0,0,0.0,0,0,0,
15,16.0,2018-12-30,16.0,17.0,27.137,LAC,@,DEN,W 23-9,0,0,0,,0.0,,,0.0,,,0.0,0.0,0,0,0,0.0,0,1,0,0.0%
16,,16 Games,,,,,,,12-4-0,0,0,0,,,,,,,,,,0,0,0,0.0,0,10,0,0.0%
