,Rk,Date,G#,Week,Age,Tm,Unnamed: 6_level_1,Opp,Result,Int,Tgt,Cmp,Cmp%,Yds,Yds/Cmp,Yds/Tgt,TD,Rat,DADOT,Air,YAC,Bltz,Hrry,QBKD,Sk,Prss,Comb,MTkl,MTkl%,Year
0,1.0,2023-09-10,1.0,1.0,23.292,LAR,@,SEA,W 30-13,0,3,2,66.7%,3,1.5,1.0,0,70.1,0.0,0,3,4,0,0,0.0,0,9,0,0.0%,2023
1,2.0,2023-09-17,2.0,2.0,23.299,LAR,,SFO,L 23-30,0,1,1,100.0%,23,23.0,23.0,0,118.7,-3.0,-3,26,2,0,0,0.0,0,10,0,0.0%,2023
2,3.0,2023-09-25,3.0,3.0,23.307,LAR,@,CIN,L 16-19,0,6,2,33.3%,18,9.0,3.0,0,42.4,1.5,10,8,6,0,0,0.0,0,9,0,0.0%,2023
3,4.0,2023-10-01,4.0,4.0,23.313,LAR,@,IND,W 29-23,0,2,0,0.0%,0,,0.0,0,39.6,1.5,0,0,3,0,0,1.0,1,10,0,0.0%,2023
4,5.0,2023-10-08,5.0,5.0,23.32,LAR,,PHI,L 14-23,0,2,2,100.0%,12,6.0,6.0,0,91.7,-1.0,-2,14,2,0,0,0.0,0,15,0,0.0%,2023
5,6.0,2023-10-15,6.0,6.0,23.327,LAR,,ARI,W 26-9,0,3,2,66.7%,21,10.5,7.0,0,86.8,1.0,-1,22,3,0,0,0.0,0,10,0,0.0%,2023
6,7.0,2023-10-22,7.0,7.0,23.334,LAR,,PIT,L 17-24,0,1,1,100.0%,8,8.0,8.0,0,100.0,-5.0,-5,13,0,0,0,0.0,0,4,1,20.0%,2023
7,8.0,2023-10-29,8.0,8.0,23.341,LAR,@,DAL,L 20-43,0,3,3,100.0%,12,4.0,4.0,0,83.3,-1.0,-3,15,3,0,0,0.0,0,8,1,11.1%,2023
8,9.0,2023-11-19,10.0,11.0,23.362,LAR,,SEA,W 17-16,0,3,3,100.0%,26,8.7,8.7,0,102.8,0.3,1,25,11,1,1,0.5,3,12,0,0.0%,2023
9,10.0,2023-11-26,11.0,12.0,24.004,LAR,@,ARI,W 37-14,0,6,3,50.0%,41,13.7,6.8,0,72.2,3.5,9,32,1,0,0,0.0,0,6,0,0.0%,2023
10,11.0,2023-12-03,12.0,13.0,24.011,LAR,,CLE,W 36-19,0,5,5,100.0%,35,7.0,7.0,1,135.4,0.2,1,34,1,2,0,0.0,2,15,0,0.0%,2023
11,12.0,2023-12-10,13.0,14.0,24.018,LAR,@,BAL,L 31-37,0,3,1,33.3%,12,12.0,4.0,0,46.5,4.7,4,8,5,1,0,1.0,2,10,0,0.0%,2023
12,13.0,2023-12-17,14.0,15.0,24.025,LAR,,WAS,W 28-20,0,0,0,,0,,,0,,,0,0,2,0,0,1.0,1,7,0,0.0%,2023
13,14.0,2023-12-21,15.0,16.0,24.029,LAR,,NOR,W 30-22,0,3,2,66.7%,25,12.5,8.3,0,92.4,5.7,12,13,8,1,0,1.0,2,7,0,0.0%,2023
14,15.0,2023-12-31,16.0,17.0,24.039,LAR,@,NYG,W 26-25,0,7,7,100.0%,58,8.3,8.3,0,101.2,3.7,26,32,7,2,1,0.0,3,13,0,0.0%,2023
15,,15 Games,,,,,,,9-6-0,0,48,34,70.8%,294,8.6,6.1,1,93.6,1.7,49,245,58,7,2,4.5,14,145,2,1.4%,2023
