,Rk,Date,G#,Week,Age,Tm,Unnamed: 6_level_1,Opp,Result,Int,Tgt,Cmp,Cmp%,Yds,Yds/Cmp,Yds/Tgt,TD,Rat,DADOT,Air,YAC,Bltz,Hrry,QBKD,Sk,Prss,Comb,MTkl,MTkl%,Year
0,1.0,2023-09-10,1.0,1.0,27.265,LAR,@,SEA,W 30-13,0,0,0,,0,,,0,,,0,0,0,0,0,0.0,0,1.0,0,0.0%,2023
1,2.0,2023-09-17,2.0,2.0,27.272,LAR,,SFO,L 23-30,0,1,1,100.0%,6,6.0,6.0,0,91.7,6.0,6,0,0,0,0,0.0,0,1.0,0,0.0%,2023
2,3.0,2023-09-25,3.0,3.0,27.28,LAR,@,CIN,L 16-19,0,0,0,,0,,,0,,,0,0,0,0,0,,0,,0,,2023
3,4.0,2023-10-01,4.0,4.0,27.286,LAR,@,IND,W 29-23,0,0,0,,0,,,0,,,0,0,0,0,0,,0,,0,,2023
4,5.0,2023-10-08,5.0,5.0,27.293,LAR,,PHI,L 14-23,0,0,0,,0,,,0,,,0,0,0,0,0,,0,,0,,2023
5,6.0,2023-10-15,6.0,6.0,27.3,LAR,,ARI,W 26-9,0,0,0,,0,,,0,,,0,0,0,0,0,,0,,0,,2023
6,7.0,2023-10-22,7.0,7.0,27.307,LAR,,PIT,L 17-24,0,0,0,,0,,,0,,,0,0,0,0,0,0.0,0,1.0,0,0.0%,2023
7,8.0,2023-10-29,8.0,8.0,27.314,LAR,@,DAL,L 20-43,0,0,0,,0,,,0,,,0,0,0,0,0,,0,,0,,2023
8,9.0,2023-11-05,9.0,9.0,27.321,LAR,@,GNB,L 3-20,0,0,0,,0,,,0,,,0,0,1,0,0,0.0,0,0.0,0,,2023
9,10.0,2023-11-19,10.0,11.0,27.335,LAR,,SEA,W 17-16,0,5,2,40.0%,53,26.5,10.6,0,79.6,22.4,52,1,0,0,0,0.0,0,3.0,0,0.0%,2023
10,11.0,2023-11-26,11.0,12.0,27.342,LAR,@,ARI,W 37-14,0,3,1,33.3%,14,14.0,4.7,0,49.3,10.0,13,1,0,0,0,0.0,0,4.0,0,0.0%,2023
11,12.0,2023-12-03,12.0,13.0,27.349,LAR,,CLE,W 36-19,1,4,1,25.0%,13,13.0,3.3,0,1.0,26.8,13,0,0,0,0,0.0,0,6.0,0,0.0%,2023
12,13.0,2023-12-10,13.0,14.0,27.356,LAR,@,BAL,L 31-37,0,5,4,80.0%,70,17.5,14.0,1,158.3,6.0,30,40,1,0,0,0.0,0,8.0,1,11.1%,2023
13,14.0,2023-12-17,14.0,15.0,27.363,LAR,,WAS,W 28-20,1,2,2,100.0%,7,3.5,3.5,0,41.7,1.5,3,4,0,0,0,0.0,0,3.0,0,0.0%,2023
14,15.0,2023-12-21,15.0,16.0,28.002,LAR,,NOR,W 30-22,0,3,3,100.0%,32,10.7,10.7,1,150.7,9.7,29,3,1,1,0,0.0,1,8.0,0,0.0%,2023
15,16.0,2023-12-31,16.0,17.0,28.012,LAR,@,NYG,W 26-25,0,2,1,50.0%,9,9.0,4.5,0,62.5,3.5,2,7,2,0,0,0.0,0,3.0,1,25.0%,2023
16,17.0,2024-01-07,17.0,18.0,28.019,LAR,@,SFO,W 21-20,0,1,1,100.0%,9,9.0,9.0,0,104.2,9.0,9,0,0,0,0,0.0,0,4.0,0,0.0%,2023
17,,17 Games,,,,,,,10-7-0,2,26,16,61.5%,213,13.3,8.2,2,81.1,12.8,157,56,5,1,0,0.0,1,42.0,2,4.5%,2023
