,Rk,Date,G#,Week,Age,Tm,Home/Away,Opp,Result,Tgt,Rec,Yds,TD,1D,YBC,YBC/R,YAC,YAC/R,ADOT,BrkTkl,Rec/Br,Drop,Drop%,Int,Rat,Att,Yds.1,TD.1,1D.1,YBC.1,YBC/Att,YAC.1,YAC/Att,BrkTkl.1,Att/Br,Year
0,1.0,2023-09-10,1.0,1.0,23.338,LAR,SEA,W 30-13,8,6,119,0,6.0,84,14.0,35,5.8,15.8,0,,0,0.0,0,116.7,0,0,0,0.0,0,,0,,0,,2023,Away
1,2.0,2023-09-17,2.0,2.0,23.345,LAR,SFO,L 23-30,9,7,77,0,6.0,73,10.4,4,0.6,11.3,0,,0,0.0,0,102.3,1,5,0,0.0,4,4.0,1,1.0,0,,2023,Home
2,3.0,2023-09-25,3.0,3.0,23.353,LAR,CIN,L 16-19,9,4,50,1,2.0,29,7.3,21,5.3,12.2,0,,1,11.1,0,99.3,1,22,0,1.0,17,17.0,5,5.0,0,,2023,Away
3,4.0,2023-10-01,4.0,4.0,23.359,LAR,IND,W 29-23,9,5,24,0,2.0,21,4.2,3,0.6,5.6,0,,0,0.0,1,21.3,0,0,0,0.0,0,,0,,0,,2023,Away
4,5.0,2023-10-08,5.0,5.0,24.001,LAR,PHI,L 14-23,5,2,9,1,1.0,9,4.5,0,0.0,12.8,0,,1,20.0,0,87.5,0,0,0,0.0,0,,0,,0,,2023,Home
5,6.0,2023-10-15,6.0,6.0,24.008,LAR,ARI,W 26-9,1,1,30,0,1.0,19,19.0,11,11.0,19.0,0,,0,0.0,0,118.7,0,0,0,0.0,0,,0,,0,,2023,Home
6,7.0,2023-10-22,7.0,7.0,24.015,LAR,PIT,L 17-24,2,1,31,1,1.0,30,30.0,1,1.0,20.0,0,,0,0.0,0,135.4,0,0,0,0.0,0,,0,,0,,2023,Home
7,8.0,2023-10-29,8.0,8.0,24.022,LAR,DAL,L 20-43,4,2,21,0,1.0,19,9.5,2,1.0,8.0,0,,0,0.0,0,65.6,2,8,0,1.0,8,4.0,0,0.0,0,,2023,Away
8,9.0,2023-11-05,9.0,9.0,24.029,LAR,GNB,L 3-20,7,4,13,0,,10,2.5,3,0.8,8.4,0,,0,0.0,0,62.2,0,0,0,,0,,0,,0,,2023,Away
9,10.0,2023-11-19,10.0,11.0,24.043,LAR,SEA,W 17-16,3,1,17,0,1.0,11,11.0,6,6.0,8.3,0,,2,66.7,0,53.5,0,0,0,0.0,0,,0,,0,,2023,Home
10,11.0,2023-11-26,11.0,12.0,24.05,LAR,ARI,W 37-14,3,3,76,0,3.0,69,23.0,7,2.3,23.0,0,,0,0.0,0,118.7,0,0,0,0.0,0,,0,,0,,2023,Away
11,12.0,2023-12-03,12.0,13.0,24.057,LAR,CLE,W 36-19,2,1,9,0,,4,4.0,5,5.0,17.0,0,,0,0.0,0,62.5,0,0,0,,0,,0,,0,,2023,Home
12,13.0,2023-12-10,13.0,14.0,24.064,LAR,BAL,L 31-37,1,0,0,0,,0,,0,,20.0,0,,0,0.0,0,39.6,0,0,0,,0,,0,,0,,2023,Away
13,,13 Games,,,,,,6-7-0,63,37,476,3,24.0,378,10.2,98,2.6,11.9,0,,4,6.3,1,91.8,4,35,0,2.0,29,7.3,6,1.5,0,,2023,Home
