,Rk,Date,G#,Week,Age,Tm,Unnamed: 6_level_1,Opp,Result,Tgt,Rec,Yds,TD,1D,YBC,YBC/R,YAC,YAC/R,ADOT,BrkTkl,Rec/Br,Drop,Drop%,Int,Rat,Year
0,1.0,2018-09-09,1.0,1.0,22.038,HOU,@,NWE,L 20-27,2,1,27,0,1.0,22.0,22.0,5.0,5.0,11.0,0.0,,0.0,0.0,0.0,95.8,2018
1,2.0,2018-09-16,2.0,2.0,22.045,HOU,@,TEN,L 17-20,3,0,0,0,,0.0,,0.0,,6.0,0.0,,0.0,0.0,0.0,39.6,2018
2,3.0,2018-09-23,3.0,3.0,22.052,HOU,,NYG,L 22-27,2,2,53,0,2.0,15.0,7.5,38.0,19.0,7.5,0.0,,0.0,0.0,0.0,118.7,2018
3,4.0,2018-09-30,4.0,4.0,22.059,HOU,@,IND,W 37-34,0,0,0,0,,,,,,,,,,0.0,,,2018
4,5.0,2018-10-07,5.0,5.0,22.066,HOU,,DAL,W 19-16,1,1,11,0,1.0,7.0,7.0,4.0,4.0,7.0,1.0,1.0,0.0,0.0,0.0,112.5,2018
5,6.0,2018-10-14,6.0,6.0,22.073,HOU,,BUF,W 20-13,0,0,0,0,,,,,,,,,,0.0,,,2018
6,7.0,2018-10-21,7.0,7.0,22.08,HOU,@,JAX,W 20-7,1,0,0,0,,0.0,,0.0,,3.0,0.0,,0.0,0.0,0.0,39.6,2018
7,8.0,2018-10-25,8.0,8.0,22.084,HOU,,MIA,W 42-23,4,4,29,2,2.0,21.0,5.3,8.0,2.0,5.3,0.0,,0.0,0.0,0.0,136.5,2018
8,9.0,2018-11-04,9.0,9.0,22.094,HOU,@,DEN,W 19-17,1,1,7,1,1.0,7.0,7.0,0.0,0.0,7.0,0.0,,0.0,0.0,0.0,135.4,2018
9,10.0,2018-11-18,10.0,11.0,22.108,HOU,@,WAS,W 23-21,1,1,11,0,,-1.0,-1.0,12.0,12.0,-1.0,0.0,,0.0,0.0,0.0,112.5,2018
10,11.0,2018-11-26,11.0,12.0,22.116,HOU,,TEN,W 34-17,2,1,6,0,,-1.0,-1.0,7.0,7.0,4.0,0.0,,1.0,50.0,0.0,56.2,2018
11,12.0,2018-12-02,12.0,13.0,22.122,HOU,,CLE,W 29-13,3,3,32,1,2.0,11.0,3.7,21.0,7.0,3.7,1.0,3.0,0.0,0.0,0.0,150.7,2018
12,13.0,2018-12-09,13.0,14.0,22.129,HOU,,IND,L 21-24,4,4,31,0,2.0,23.0,5.8,8.0,2.0,5.8,0.0,,0.0,0.0,0.0,99.0,2018
13,14.0,2018-12-15,14.0,15.0,22.135,HOU,@,NYJ,W 29-22,1,1,2,0,,1.0,1.0,1.0,1.0,1.0,0.0,,0.0,0.0,0.0,79.2,2018
14,15.0,2018-12-23,15.0,16.0,22.143,HOU,@,PHI,L 30-32,1,0,0,0,,0.0,,0.0,,12.0,0.0,,0.0,0.0,0.0,39.6,2018
15,16.0,2018-12-30,16.0,17.0,22.15,HOU,,JAX,W 20-3,1,1,6,0,1.0,4.0,4.0,2.0,2.0,4.0,0.0,,0.0,0.0,0.0,91.7,2018
16,,16 Games,,,,,,,11-5-0,27,20,215,4,12.0,109.0,5.5,106.0,5.3,5.6,2.0,10.0,1.0,3.7,0.0,136.6,2018
