,Rk,Date,G#,Week,Age,Tm,Unnamed: 6_level_1,Opp,Result,Int,Tgt,Cmp,Cmp%,Yds,Yds/Cmp,Yds/Tgt,TD,Rat,DADOT,Air,YAC,Bltz,Hrry,QBKD,Sk,Prss,Comb,MTkl,MTkl%
0,1.0,2018-09-09,1.0,1.0,30.152,HOU,@,NWE,L 20-27,0,3,2,66.7%,36,18.0,12.0,0,107.6,10.7,28,8,1,0,0,0.0,0,8,0,0.0%
1,2.0,2018-09-16,2.0,2.0,30.159,HOU,@,TEN,L 17-20,0,8,3,37.5%,32,10.7,4.0,0,50.0,10.9,27,5,0,0,0,0.0,0,6,2,25.0%
2,3.0,2018-09-23,3.0,3.0,30.166,HOU,,NYG,L 22-27,0,2,2,100.0%,48,24.0,24.0,0,118.7,13.5,27,21,0,0,0,0.0,0,9,2,18.2%
3,4.0,2018-09-30,4.0,4.0,30.173,HOU,@,IND,W 37-34,0,3,2,66.7%,22,11.0,7.3,1,127.8,13.0,11,11,2,0,0,0.0,0,4,1,20.0%
4,5.0,2018-10-07,5.0,5.0,30.18,HOU,,DAL,W 19-16,1,4,2,50.0%,43,21.5,10.8,0,49.0,13.3,23,20,4,0,0,0.0,0,5,2,28.6%
5,6.0,2018-10-14,6.0,6.0,30.187,HOU,,BUF,W 20-13,1,5,2,40.0%,15,7.5,3.0,0,8.3,3.8,9,6,2,0,0,0.0,0,3,0,0.0%
6,7.0,2018-10-21,7.0,7.0,30.194,HOU,@,JAX,W 20-7,0,10,7,70.0%,59,8.4,5.9,0,85.0,4.7,28,31,0,0,0,0.0,0,3,1,25.0%
7,8.0,2018-10-25,8.0,8.0,30.198,HOU,,MIA,W 42-23,0,8,7,87.5%,96,13.7,12.0,1,156.2,7.5,42,54,0,0,0,0.0,0,9,1,10.0%
8,9.0,2018-11-04,9.0,9.0,30.208,HOU,@,DEN,W 19-17,0,9,4,44.4%,19,4.8,2.1,0,51.6,2.7,6,13,1,0,0,0.0,0,4,2,33.3%
9,10.0,2018-11-18,10.0,11.0,30.222,HOU,@,WAS,W 23-21,0,7,5,71.4%,78,15.6,11.1,0,108.0,13.0,60,18,3,1,0,1.0,2,10,0,0.0%
10,11.0,2018-11-26,11.0,12.0,30.23,HOU,,TEN,W 34-17,0,0,0,,0,,,0,,,0,0,1,0,0,0.0,0,2,1,33.3%
11,12.0,2018-12-02,12.0,13.0,30.236,HOU,,CLE,W 29-13,0,5,4,80.0%,50,12.5,10.0,0,108.3,8.6,40,10,0,0,0,0.0,0,4,0,0.0%
12,13.0,2018-12-09,13.0,14.0,30.243,HOU,,IND,L 21-24,0,11,9,81.8%,87,9.7,7.9,0,99.6,6.3,42,45,0,0,0,0.0,0,11,1,8.3%
13,14.0,2018-12-15,14.0,15.0,30.249,HOU,@,NYJ,W 29-22,0,4,4,100.0%,36,9.0,9.0,0,104.2,5.5,22,14,1,0,0,0.0,0,4,0,0.0%
14,15.0,2018-12-23,15.0,16.0,30.257,HOU,@,PHI,L 30-32,0,2,2,100.0%,17,8.5,8.5,0,102.1,8.0,16,1,0,0,0,0.0,0,2,0,0.0%
15,16.0,2018-12-30,16.0,17.0,30.264,HOU,,JAX,W 20-3,0,6,2,33.3%,22,11.0,3.7,0,45.1,16.8,16,6,0,0,0,0.0,0,3,0,0.0%
16,,16 Games,,,,,,,11-5-0,2,87,57,65.5%,660,11.6,7.6,2,86.4,8.4,397,263,15,1,0,1.0,2,87,13,13.0%
