,Rk,Date,G#,Week,Age,Tm,Unnamed: 6_level_1,Opp,Result,Att,Yds,TD,1D,YBC,YBC/Att,YAC,YAC/Att,BrkTkl,Att/Br,Tgt,Rec,Yds,TD,1D,YBC,YBC/R,YAC,YAC/R,ADOT,BrkTkl,Rec/Br,Drop,Drop%,Int,Rat,Year
0,1.0,2018-09-09,1.0,1.0,27.137,HOU,@,NWE,L 20-27,20,98,0,3.0,43,2.2,55,2.8,1,20.0,2,1,11,0,0.0,2,2.0,9,9.0,1.5,0,,1,50.0,0.0,66.7,2018
1,2.0,2018-09-16,2.0,2.0,27.144,HOU,@,TEN,L 17-20,14,68,0,3.0,42,3.0,26,1.9,1,14.0,2,2,2,0,0.0,-5,-2.5,7,3.5,-2.5,0,,0,0.0,0.0,79.2,2018
2,3.0,2018-09-23,3.0,3.0,27.151,HOU,,NYG,L 22-27,10,10,0,0.0,7,0.7,3,0.3,0,,6,5,41,1,2.0,10,2.0,31,6.2,5.8,1,5.0,0,0.0,1.0,95.1,2018
3,4.0,2018-09-30,4.0,4.0,27.158,HOU,@,IND,W 37-34,14,49,0,2.0,24,1.7,25,1.8,1,14.0,0,0,0,0,0.0,0,,0,,,0,,0,0.0,,,2018
4,5.0,2018-10-14,6.0,6.0,27.172,HOU,,BUF,W 20-13,15,46,0,0.0,25,1.7,21,1.4,1,15.0,3,2,25,0,2.0,0,0.0,25,12.5,5.7,0,,0,0.0,0.0,92.4,2018
5,6.0,2018-10-21,7.0,7.0,27.179,HOU,@,JAX,W 20-7,22,100,1,5.0,62,2.8,38,1.7,0,,3,1,-1,0,0.0,-4,-4.0,3,3.0,-3.7,0,,0,0.0,0.0,42.4,2018
6,7.0,2018-10-25,8.0,8.0,27.183,HOU,,MIA,W 42-23,18,133,1,5.0,27,1.5,106,5.9,1,18.0,2,0,0,0,0.0,0,,0,,1.5,0,,0,0.0,0.0,39.6,2018
7,8.0,2018-11-04,9.0,9.0,27.193,HOU,@,DEN,W 19-17,12,21,0,1.0,14,1.2,7,0.6,0,,2,2,27,0,1.0,-2,-1.0,29,14.5,-1.0,0,,0,0.0,0.0,118.7,2018
8,9.0,2018-11-18,10.0,11.0,27.207,HOU,@,WAS,W 23-21,20,86,0,4.0,56,2.8,30,1.5,0,,5,3,22,0,1.0,2,0.7,20,6.7,-1.2,0,,1,20.0,1.0,30.8,2018
9,10.0,2018-11-26,11.0,12.0,27.215,HOU,,TEN,W 34-17,12,162,1,4.0,53,4.4,109,9.1,3,4.0,1,1,5,0,0.0,-2,-2.0,7,7.0,-2.0,0,,0,0.0,0.0,87.5,2018
10,11.0,2018-12-02,12.0,13.0,27.221,HOU,,CLE,W 29-13,19,103,0,5.0,77,4.1,26,1.4,0,,1,1,12,0,1.0,1,1.0,11,11.0,1.0,0,,0,0.0,0.0,116.7,2018
11,12.0,2018-12-09,13.0,14.0,27.228,HOU,,IND,L 21-24,14,33,1,2.0,8,0.6,25,1.8,2,7.0,6,5,19,0,1.0,-9,-1.8,28,5.6,-1.3,0,,0,0.0,0.0,79.9,2018
12,13.0,2018-12-15,14.0,15.0,27.234,HOU,@,NYJ,W 29-22,3,8,0,,1,0.3,7,2.3,0,,0,0,0,0,,0,,0,,,0,,0,0.0,,,2018
13,14.0,2018-12-30,16.0,17.0,27.249,HOU,,JAX,W 20-3,17,56,1,2.0,33,1.9,23,1.4,1,17.0,2,2,0,0,0.0,-1,-0.5,1,0.5,-0.5,0,,0,0.0,0.0,79.2,2018
14,,14 Games,,,,,,,10-4-0,210,973,5,36.0,472,2.2,501,2.4,11,19.1,35,25,163,1,8.0,-8,-0.3,171,6.8,0.7,1,25.0,2,5.7,2.0,66.7,2018
