,Rk,Date,G#,Week,Age,Tm,Unnamed: 6_level_1,Opp,Result,Int,Tgt,Cmp,Cmp%,Yds,Yds/Cmp,Yds/Tgt,TD,Rat,DADOT,Air,YAC,Bltz,Hrry,QBKD,Sk,Prss,Comb,MTkl,MTkl%
0,1.0,2018-09-09,1.0,1.0,28.05,HOU,@,NWE,L 20-27,0,4,4,100.0%,35,8.8,8.8,0,103.1,4.3,17,18,12,0,0,0.0,0,2,1,33.3%
1,2.0,2018-09-16,2.0,2.0,28.057,HOU,@,TEN,L 17-20,0,0,0,,0,,,0,,,0,0,5,0,0,0.0,0,3,1,25.0%
2,3.0,2018-09-23,3.0,3.0,28.064,HOU,,NYG,L 22-27,0,0,0,,0,,,0,,,0,0,7,0,0,0.0,0,3,2,40.0%
3,4.0,2018-09-30,4.0,4.0,28.071,HOU,@,IND,W 37-34,0,0,0,,0,,,0,,,0,0,35,1,3,0.0,4,1,0,0.0%
4,5.0,2018-10-07,5.0,5.0,28.078,HOU,,DAL,W 19-16,0,0,0,,0,,,0,,,0,0,0,0,0,0.0,0,0,0,
5,6.0,2018-10-14,6.0,6.0,28.085,HOU,,BUF,W 20-13,0,0,0,,0,,,0,,,0,0,9,2,1,0.0,3,4,0,0.0%
6,7.0,2018-10-21,7.0,7.0,28.092,HOU,@,JAX,W 20-7,0,0,0,,0,,,0,,,0,0,1,0,1,1.0,2,4,0,0.0%
7,8.0,2018-10-25,8.0,8.0,28.096,HOU,,MIA,W 42-23,0,0,0,,0,,,0,,,0,0,1,2,0,0.0,2,1,0,0.0%
8,9.0,2018-11-04,9.0,9.0,28.106,HOU,@,DEN,W 19-17,0,3,2,66.7%,28,14.0,9.3,0,96.5,4.0,10,18,4,1,1,0.0,2,2,0,0.0%
9,10.0,2018-11-18,10.0,11.0,28.12,HOU,@,WAS,W 23-21,0,3,3,100.0%,27,9.0,9.0,0,104.2,4.0,12,15,4,2,0,1.0,3,3,0,0.0%
10,11.0,2018-11-26,11.0,12.0,28.128,HOU,,TEN,W 34-17,0,3,3,100.0%,24,8.0,8.0,0,100.0,0.3,1,23,2,0,0,1.5,2,5,1,16.7%
11,12.0,2018-12-02,12.0,13.0,28.134,HOU,,CLE,W 29-13,0,2,1,50.0%,-5,-5.0,-2.5,0,56.2,5.0,-4,-1,0,1,0,0.0,1,2,3,60.0%
12,13.0,2018-12-09,13.0,14.0,28.141,HOU,,IND,L 21-24,0,2,1,50.0%,15,15.0,7.5,0,75.0,9.5,13,2,5,0,0,0.0,0,3,0,0.0%
13,14.0,2018-12-15,14.0,15.0,28.147,HOU,@,NYJ,W 29-22,0,3,2,66.7%,25,12.5,8.3,0,92.4,4.0,12,13,1,2,1,0.0,3,3,0,0.0%
14,15.0,2018-12-23,15.0,16.0,28.155,HOU,@,PHI,L 30-32,0,1,1,100.0%,7,7.0,7.0,0,95.8,-2.0,-2,9,1,1,0,0.0,1,1,0,0.0%
15,16.0,2018-12-30,16.0,17.0,28.162,HOU,,JAX,W 20-3,0,1,1,100.0%,6,6.0,6.0,0,91.7,-4.0,-4,10,2,2,0,0.5,3,2,0,0.0%
16,,16 Games,,,,,,,11-5-0,0,22,18,81.8%,162,9.0,7.4,0,97.3,3.5,55,107,89,14,7,4.0,26,39,8,17.0%
