,Rk,Date,G#,Week,Age,Tm,Unnamed: 6_level_1,Opp,Result,Tgt,Rec,Yds,TD,1D,YBC,YBC/R,YAC,YAC/R,ADOT,BrkTkl,Rec/Br,Drop,Drop%,Int,Rat,Att,Yds,TD,1D,YBC,YBC/Att,YAC,YAC/Att,BrkTkl,Att/Br
0,1.0,2019-09-08,1.0,1.0,23.028,CAR,,LAR,L 27-30,4,3,32,0,2,8,2.7,24,8.0,9.5,1,3.0,0,0.0,0,97.9,0,0,0,0,0,,0,,0,
1,2.0,2019-09-12,2.0,2.0,23.032,CAR,,TAM,L 14-20,13,5,91,0,3,76,15.2,15,3.0,18.0,0,,1,7.7,0,63.3,1,2,0,0,-1,-1.0,3,3.0,1,1.0
2,3.0,2019-09-22,3.0,3.0,23.042,CAR,@,ARI,W 38-20,7,5,53,1,4,52,10.4,1,0.2,7.7,0,,1,14.3,0,132.7,0,0,0,0,0,,0,,0,
3,4.0,2019-09-29,4.0,4.0,23.049,CAR,@,HOU,W 16-10,7,3,32,0,1,31,10.3,1,0.3,21.6,0,,0,0.0,0,56.8,1,1,0,0,1,1.0,0,0.0,0,
4,5.0,2019-10-06,5.0,5.0,23.056,CAR,,JAX,W 34-27,6,3,19,0,1,2,0.7,17,5.7,10.0,0,,0,0.0,0,56.9,2,25,0,1,25,12.5,0,0.0,0,
5,6.0,2019-10-13,6.0,6.0,23.063,CAR,@,TAM,W 37-26,6,4,70,1,3,54,13.5,16,4.0,18.8,0,,0,0.0,0,145.8,1,8,1,1,0,0.0,8,8.0,0,
6,7.0,2019-10-27,7.0,8.0,23.077,CAR,@,SFO,L 13-51,11,4,46,0,3,35,8.8,11,2.8,14.5,0,,1,9.1,1,11.9,0,0,0,0,0,,0,,0,
7,8.0,2019-11-03,8.0,9.0,23.084,CAR,,TEN,W 30-20,6,3,64,1,3,62,20.7,2,0.7,22.7,0,,0,0.0,0,127.8,1,10,0,1,10,10.0,0,0.0,0,
8,9.0,2019-11-10,9.0,10.0,23.091,CAR,@,GNB,L 16-24,8,4,35,1,3,31,7.8,4,1.0,14.0,0,,0,0.0,0,101.6,0,0,0,0,0,,0,,0,
9,10.0,2019-11-17,10.0,11.0,23.098,CAR,,ATL,L 3-29,6,4,25,0,2,24,6.0,1,0.3,9.5,1,4.0,0,0.0,0,75.0,0,0,0,0,0,,0,,0,
10,11.0,2019-11-24,11.0,12.0,23.105,CAR,@,NOR,L 31-34,4,1,9,0,0,2,2.0,7,7.0,10.5,0,,2,50.0,0,39.6,4,40,0,2,33,8.3,7,1.8,0,
11,12.0,2019-12-01,12.0,13.0,23.112,CAR,,WAS,L 21-29,7,4,65,1,4,57,14.3,8,2.0,16.7,0,,2,28.6,0,128.0,0,0,0,0,0,,0,,0,
12,13.0,2019-12-08,13.0,14.0,23.119,CAR,@,ATL,L 20-40,4,2,25,0,2,12,6.0,13,6.5,20.8,1,2.0,0,0.0,0,69.8,3,17,0,1,17,5.7,0,0.0,0,
13,14.0,2019-12-15,14.0,15.0,23.126,CAR,,SEA,L 24-30,7,5,31,1,3,8,1.6,23,4.6,2.9,0,,0,0.0,0,119.6,4,23,0,1,17,4.3,6,1.5,0,
14,15.0,2019-12-22,15.0,16.0,23.133,CAR,@,IND,L 6-38,5,2,17,0,1,12,6.0,5,2.5,18.6,0,,0,0.0,0,49.6,2,4,0,0,1,0.5,3,1.5,0,
15,16.0,2019-12-29,16.0,17.0,23.14,CAR,,NOR,L 10-42,4,2,13,0,1,8,4.0,5,2.5,17.3,0,,0,0.0,0,57.3,0,0,0,0,0,,0,,0,
16,,16 Games,,,,,,,5-11-0,105,54,627,6,36,474,8.8,153,2.8,14.6,3,18.0,7,6.7,1,84.9,19,130,1,7,103,5.4,27,1.4,1,19.0
