,Rk,Date,G#,Week,Age,Tm,Unnamed: 6_level_1,Opp,Result,Int,Tgt,Cmp,Cmp%,Yds,Yds/Cmp,Yds/Tgt,TD,Rat,DADOT,Air,YAC,Bltz,Hrry,QBKD,Sk,Prss,Comb,MTkl,MTkl%,Year
0,1.0,2019-09-08,1.0,1.0,24.237,CAR,,LAR,L 27-30,0,1,0,0.0%,0,,0.0,0,39.6,7.0,0,0,3,0,0,0.0,0,4.0,0,0.0%,2019
1,2.0,2019-09-12,2.0,2.0,24.241,CAR,,TAM,L 14-20,0,0,0,,0,,,0,,,0,0,2,0,0,0.5,1,1.0,0,0.0%,2019
2,3.0,2019-09-22,3.0,3.0,24.251,CAR,@,ARI,W 38-20,0,0,0,,0,,,0,,,0,0,0,0,0,,0,,0,,2019
3,4.0,2019-09-29,4.0,4.0,24.258,CAR,@,HOU,W 16-10,0,4,4,100.0%,22,5.5,5.5,0,89.6,3.0,12,10,3,0,0,0.0,0,6.0,1,14.3%,2019
4,5.0,2019-10-06,5.0,5.0,24.265,CAR,,JAX,W 34-27,0,0,0,,0,,,0,,,0,0,0,0,0,,0,,0,,2019
5,6.0,2019-10-13,6.0,6.0,24.272,CAR,@,TAM,W 37-26,0,0,0,,0,,,0,,,0,0,0,0,0,,0,,0,,2019
6,7.0,2019-10-27,7.0,8.0,24.286,CAR,@,SFO,L 13-51,0,0,0,,0,,,0,,,0,0,0,0,0,,0,,0,,2019
7,8.0,2019-11-03,8.0,9.0,24.293,CAR,,TEN,W 30-20,0,0,0,,0,,,0,,,0,0,0,0,0,0.0,0,1.0,0,0.0%,2019
8,9.0,2019-11-10,9.0,10.0,24.3,CAR,@,GNB,L 16-24,0,0,0,,0,,,0,,,0,0,0,0,0,,0,,0,,2019
9,10.0,2019-11-17,10.0,11.0,24.307,CAR,,ATL,L 3-29,0,0,0,,0,,,0,,,0,0,0,0,0,0.0,0,1.0,0,0.0%,2019
10,11.0,2019-11-24,11.0,12.0,24.314,CAR,@,NOR,L 31-34,0,0,0,,0,,,0,,,0,0,0,0,0,,0,,0,,2019
11,12.0,2019-12-01,12.0,13.0,24.321,CAR,,WAS,L 21-29,0,0,0,,0,,,0,,,0,0,0,0,0,0.0,0,3.0,0,0.0%,2019
12,13.0,2019-12-08,13.0,14.0,24.328,CAR,@,ATL,L 20-40,0,0,0,,0,,,0,,,0,0,0,0,0,0.0,0,1.0,0,0.0%,2019
13,14.0,2019-12-15,14.0,15.0,24.335,CAR,,SEA,L 24-30,0,0,0,,0,,,0,,,0,0,0,0,0,0.0,0,1.0,0,0.0%,2019
14,15.0,2019-12-22,15.0,16.0,24.342,CAR,@,IND,L 6-38,0,3,2,66.7%,27,13.5,9.0,0,95.1,8.7,24,3,4,1,2,0.0,3,2.0,1,33.3%,2019
15,16.0,2019-12-29,16.0,17.0,24.349,CAR,,NOR,L 10-42,0,4,3,75.0%,21,7.0,5.3,0,86.5,1.8,5,16,0,0,0,0.0,0,11.0,1,8.3%,2019
16,,16 Games,,,,,,,5-11-0,0,12,9,75.0%,70,7.8,5.8,0,88.9,4.3,41,29,12,1,2,0.5,4,31.0,3,8.8%,2019
