,Rk,Date,G#,Week,Age,Tm,Unnamed: 6_level_1,Opp,Result,Int,Tgt,Cmp,Cmp%,Yds,Yds/Cmp,Yds/Tgt,TD,Rat,DADOT,Air,YAC,Bltz,Hrry,QBKD,Sk,Prss,Comb,MTkl,MTkl%,Year
0,1.0,2019-09-08,1.0,1.0,26.227,NYG,@,DAL,L 17-35,0,7,7,100.0%,77,11.0,11.0,0,112.5,4.4,31,46,0,0,0,0.0,0,5.0,3,37.5%,2019
1,2.0,2019-09-15,2.0,2.0,26.234,NYG,,BUF,L 14-28,0,0,0,,0,,,0,,,0,0,0,0,0,,0,,0,,2019
2,3.0,2019-09-22,3.0,3.0,26.241,NYG,@,TAM,W 32-31,0,0,0,,0,,,0,,,0,0,0,0,0,0.0,0,1.0,0,0.0%,2019
3,4.0,2019-09-29,4.0,4.0,26.248,NYG,,WAS,W 24-3,0,0,0,,0,,,0,,,0,0,0,0,0,0.0,0,1.0,0,0.0%,2019
4,5.0,2019-10-06,5.0,5.0,26.255,NYG,,MIN,L 10-28,0,0,0,,0,,,0,,,0,0,0,0,0,,0,,0,,2019
5,6.0,2019-10-10,6.0,6.0,26.259,NYG,@,NWE,L 14-35,0,0,0,,0,,,0,,,0,0,0,0,0,,0,,0,,2019
6,7.0,2019-10-20,7.0,7.0,26.269,NYG,,ARI,L 21-27,0,1,1,100.0%,4,4.0,4.0,0,83.3,4.0,4,0,0,0,0,0.0,0,1.0,0,0.0%,2019
7,8.0,2019-10-27,8.0,8.0,26.276,NYG,@,DET,L 26-31,0,0,0,,0,,,0,,,0,0,0,0,0,,0,,0,,2019
8,9.0,2019-11-04,9.0,9.0,26.284,NYG,,DAL,L 18-37,0,0,0,,0,,,0,,,0,0,0,0,0,0.0,0,1.0,0,0.0%,2019
9,10.0,2019-11-10,10.0,10.0,26.29,NYG,@,NYJ,L 27-34,0,0,0,,0,,,0,,,0,0,0,0,0,0.0,0,1.0,0,0.0%,2019
10,11.0,2019-11-24,11.0,12.0,26.304,NYG,@,CHI,L 14-19,0,0,0,,0,,,0,,,0,0,0,0,0,,0,,0,,2019
11,12.0,2019-12-01,12.0,13.0,26.311,NYG,,GNB,L 13-31,0,0,0,,0,,,0,,,0,0,0,0,0,,0,,0,,2019
12,13.0,2019-12-09,13.0,14.0,26.319,NYG,@,PHI,L 17-23,0,0,0,,0,,,0,,,0,0,0,0,0,0.0,0,1.0,0,0.0%,2019
13,14.0,2019-12-15,14.0,15.0,26.325,NYG,,MIA,W 36-20,0,0,0,,0,,,0,,,0,0,0,0,0,,0,,0,,2019
14,15.0,2019-12-22,15.0,16.0,26.332,NYG,@,WAS,W 41-35,0,1,1,100.0%,13,13.0,13.0,0,118.7,13.0,13,0,0,0,0,0.0,0,1.0,0,0.0%,2019
15,16.0,2019-12-29,16.0,17.0,26.339,NYG,,PHI,L 17-34,0,9,3,33.3%,62,20.7,6.9,0,58.6,17.2,57,5,2,1,0,0.0,1,5.0,0,0.0%,2019
16,,16 Games,,,,,,,4-12-0,0,18,12,66.7%,156,13.0,8.7,0,93.7,11.3,105,51,2,1,0,0.0,1,17.0,3,15.0%,2019
