,Rk,Date,G#,Week,Age,Tm,Unnamed: 6_level_1,Opp,Result,Tgt,Rec,Yds,TD,1D,YBC,YBC/R,YAC,YAC/R,ADOT,BrkTkl,Rec/Br,Drop,Drop%,Int,Rat,Att,Yds,TD,1D,YBC,YBC/Att,YAC,YAC/Att,BrkTkl,Att/Br,Year
0,1.0,2019-09-08,1.0,1.0,25.006,NYG,@,DAL,L 17-35,14,11,116,1,8.0,59,5.4,57,5.2,5.1,1,11.0,0,0.0,0,125.0,0,0,0,0.0,0,,0,,0,,2019
1,2.0,2019-09-15,2.0,2.0,25.013,NYG,,BUF,L 14-28,8,6,48,0,2.0,39,6.5,9,1.5,7.5,0,,1,12.5,0,89.6,0,0,0,0.0,0,,0,,0,,2019
2,3.0,2019-09-22,3.0,3.0,25.02,NYG,@,TAM,W 32-31,8,6,113,1,4.0,30,5.0,83,13.8,4.5,1,6.0,0,0.0,0,156.2,0,0,0,0.0,0,,0,,0,,2019
3,4.0,2019-09-29,4.0,4.0,25.027,NYG,,WAS,W 24-3,7,4,54,0,2.0,13,3.3,41,10.3,4.4,0,,0,0.0,0,81.8,0,0,0,0.0,0,,0,,0,,2019
4,5.0,2019-10-06,5.0,5.0,25.034,NYG,,MIN,L 10-28,11,6,42,0,2.0,13,2.2,29,4.8,7.5,0,,0,0.0,0,63.4,2,5,0,0.0,4,2.0,1,0.5,0,,2019
5,6.0,2019-10-20,7.0,7.0,25.048,NYG,,ARI,L 21-27,5,1,6,0,,4,4.0,2,2.0,8.0,0,,2,40.0,0,39.6,0,0,0,,0,,0,,0,,2019
6,7.0,2019-10-27,8.0,8.0,25.055,NYG,@,DET,L 26-31,7,4,40,1,2.0,27,6.8,13,3.3,3.9,0,,0,0.0,0,113.1,0,0,0,0.0,0,,0,,0,,2019
7,8.0,2019-11-04,9.0,9.0,25.063,NYG,,DAL,L 18-37,8,6,48,0,3.0,30,5.0,18,3.0,6.0,0,,0,0.0,0,89.6,1,2,0,0.0,2,2.0,0,0.0,0,,2019
8,,8 Games,,,,,,,2-6-0,68,44,467,3,23.0,215,4.9,252,5.7,5.8,2,22.0,3,4.4,0,99.3,3,7,0,0.0,6,2.0,1,0.3,0,,2019
