,Rk,Date,G#,Week,Age,Tm,Unnamed: 6_level_1,Opp,Result,Tgt,Rec,Yds,TD,1D,YBC,YBC/R,YAC,YAC/R,ADOT,BrkTkl,Rec/Br,Drop,Drop%,Int,Rat,Att,Yds,TD,1D,YBC,YBC/Att,YAC,YAC/Att,BrkTkl,Att/Br
0,1.0,2022-09-11,1.0,1.0,24.364,BAL,@,NYJ,W 24-9,4,4,54,2,2.0,47,11.8,7,1.8,11.8,0,,0,0.0,0,158.3,0,0,0,0.0,0,,0,,0,
1,2.0,2022-09-18,2.0,2.0,25.006,BAL,,MIA,L 38-42,2,2,42,0,2.0,35,17.5,7,3.5,17.5,0,,0,0.0,0,118.7,0,0,0,0.0,0,,0,,0,
2,3.0,2022-09-25,3.0,3.0,25.013,BAL,@,NWE,W 37-26,2,2,25,1,2.0,15,7.5,10,5.0,7.5,0,,0,0.0,0,158.3,2,-2,0,0.0,-2,-1.0,0,0.0,0,
3,4.0,2022-10-02,4.0,4.0,25.02,BAL,,BUF,L 20-23,5,4,51,0,2.0,43,10.8,8,2.0,9.0,0,,0,0.0,1,69.6,0,0,0,0.0,0,,0,,0,
4,5.0,2022-10-09,5.0,5.0,25.027,BAL,,CIN,W 19-17,7,5,54,0,2.0,30,6.0,24,4.8,15.9,0,,0,0.0,0,93.7,3,24,0,2.0,24,8.0,0,0.0,0,
5,6.0,2022-10-16,6.0,6.0,25.034,BAL,@,NYG,L 20-24,5,1,14,0,1.0,-2,-2.0,16,16.0,11.0,0,,0,0.0,0,39.6,0,0,0,0.0,0,,0,,0,
6,7.0,2022-10-23,7.0,7.0,25.041,BAL,,CLE,W 23-20,3,2,42,0,2.0,31,15.5,11,5.5,8.0,0,,0,0.0,0,109.7,0,0,0,0.0,0,,0,,0,
7,8.0,2022-10-27,8.0,8.0,25.045,BAL,@,TAM,W 27-22,4,4,31,0,3.0,5,1.3,26,6.5,1.3,0,,0,0.0,0,99.0,2,33,1,2.0,33,16.5,0,0.0,0,
8,9.0,2022-11-07,9.0,9.0,25.056,BAL,@,NOR,W 27-13,1,1,5,0,,4,4.0,1,1.0,4.0,0,,0,0.0,0,87.5,0,0,0,,0,,0,,0,
9,10.0,2022-11-20,10.0,11.0,25.069,BAL,,CAR,W 13-3,1,1,3,0,0.0,-1,-1.0,4,4.0,-1.0,0,,0,0.0,0,79.2,1,4,0,1.0,4,4.0,0,0.0,0,
10,11.0,2022-11-27,11.0,12.0,25.076,BAL,@,JAX,L 27-28,5,3,23,0,1.0,13,4.3,10,3.3,10.6,0,,1,20.0,0,71.2,2,16,0,1.0,9,4.5,7,3.5,0,
11,12.0,2022-12-04,12.0,13.0,25.083,BAL,,DEN,W 10-9,6,6,34,0,1.0,25,4.2,9,1.5,4.2,0,,0,0.0,0,90.3,2,9,0,1.0,7,3.5,2,1.0,0,
12,13.0,2022-12-11,13.0,14.0,25.09,BAL,@,PIT,W 16-14,1,0,0,0,,0,,0,,11.0,0,,0,0.0,0,39.6,0,0,0,,0,,0,,0,
13,14.0,2022-12-17,14.0,15.0,25.096,BAL,@,CLE,L 3-13,3,2,29,0,1.0,6,3.0,23,11.5,3.7,0,,0,0.0,0,97.9,0,0,0,0.0,0,,0,,0,
14,,14 Games,,,,,,,9-5-0,49,37,407,3,19.0,251,6.8,156,4.2,9.0,0,,1,2.0,1,111.5,12,84,1,7.0,75,6.3,9,0.8,0,
