,Rk,Date,G#,Week,Age,Tm,Unnamed: 6_level_1,Opp,Result,Tgt,Rec,Yds,TD,1D,YBC,YBC/R,YAC,YAC/R,ADOT,BrkTkl,Rec/Br,Drop,Drop%,Int,Rat,Att,Yds,TD,1D,YBC,YBC/Att,YAC,YAC/Att,BrkTkl,Att/Br,Year
0,1.0,2019-09-08,1.0,1.0,26.076,TEN,@,CLE,W 43-13,1,1,5,0,1.0,5,5.0,0,0.0,5.0,0,,0,0.0,0,87.5,0,0,0,0.0,0,,0,,0,,2019
1,2.0,2019-09-15,2.0,2.0,26.083,TEN,,IND,L 17-19,2,2,-1,0,,-9,-4.5,8,4.0,-4.5,0,,0,0.0,0,79.2,1,1,0,,1,1.0,0,0.0,0,,2019
2,3.0,2019-09-19,3.0,3.0,26.087,TEN,@,JAX,L 7-20,9,6,93,0,5.0,78,13.0,15,2.5,11.0,0,,1,11.1,0,100.7,0,0,0,0.0,0,,0,,0,,2019
3,4.0,2019-09-29,4.0,4.0,26.097,TEN,@,ATL,W 24-10,3,2,15,0,1.0,13,6.5,2,1.0,5.0,0,,0,0.0,0,78.5,0,0,0,0.0,0,,0,,0,,2019
4,5.0,2019-10-06,5.0,5.0,26.104,TEN,,BUF,L 7-14,6,4,30,0,1.0,11,2.8,19,4.8,3.2,0,,0,0.0,0,78.5,0,0,0,0.0,0,,0,,0,,2019
5,6.0,2019-10-13,6.0,6.0,26.111,TEN,@,DEN,L 0-16,6,6,47,0,2.0,39,6.5,8,1.3,6.5,0,,0,0.0,0,99.3,0,0,0,0.0,0,,0,,0,,2019
6,7.0,2019-10-20,7.0,7.0,26.118,TEN,,LAC,W 23-20,4,4,40,0,2.0,21,5.3,19,4.8,5.3,0,,0,0.0,0,108.3,0,0,0,0.0,0,,0,,0,,2019
7,8.0,2019-10-27,8.0,8.0,26.125,TEN,,TAM,W 27-23,6,3,24,0,2.0,15,5.0,9,3.0,8.3,0,,0,0.0,0,60.4,0,0,0,0.0,0,,0,,0,,2019
8,9.0,2019-11-03,9.0,9.0,26.132,TEN,@,CAR,L 20-30,4,4,65,0,2.0,39,9.8,26,6.5,9.8,0,,0,0.0,0,118.7,0,0,0,0.0,0,,0,,0,,2019
9,10.0,2019-11-10,10.0,10.0,26.139,TEN,,KAN,W 35-32,1,1,23,1,1.0,17,17.0,6,6.0,17.0,0,,0,0.0,0,158.3,0,0,0,0.0,0,,0,,0,,2019
10,11.0,2019-11-24,11.0,12.0,26.153,TEN,,JAX,W 42-20,3,3,20,0,2.0,17,5.7,3,1.0,5.7,0,,0,0.0,0,94.4,0,0,0,0.0,0,,0,,0,,2019
11,12.0,2019-12-01,12.0,13.0,26.16,TEN,@,IND,W 31-17,2,1,13,1,1.0,8,8.0,5,5.0,19.5,0,,0,0.0,0,110.4,0,0,0,0.0,0,,0,,0,,2019
12,,12 Games,,,,,,,7-5-0,47,37,374,2,20.0,254,6.9,120,3.2,7.5,0,,1,2.1,0,114.0,1,1,0,0.0,1,1.0,0,0.0,0,,2019
