,Rk,Date,G#,Week,Age,Tm,Unnamed: 6_level_1,Opp,Result,Int,Tgt,Cmp,Cmp%,Yds,Yds/Cmp,Yds/Tgt,TD,Rat,DADOT,Air,YAC,Bltz,Hrry,QBKD,Sk,Prss,Comb,MTkl,MTkl%
0,1.0,2019-09-08,1.0,1.0,28.211,TEN,@,CLE,W 43-13,1,9,6,66.7%,76,12.7,8.4,0,53.2,9.7,45,31,4,0,0,1.5,2,8,0,0.0%
1,2.0,2019-09-15,2.0,2.0,28.218,TEN,,IND,L 17-19,1,8,4,50.0%,36,9.0,4.5,1,62.5,5.4,6,30,2,0,0,0.0,0,4,0,0.0%
2,3.0,2019-09-19,3.0,3.0,28.222,TEN,@,JAX,L 7-20,0,5,2,40.0%,5,2.5,1.0,0,47.9,7.2,-3,8,2,0,0,0.0,0,1,0,0.0%
3,4.0,2019-09-29,4.0,4.0,28.232,TEN,@,ATL,W 24-10,0,8,5,62.5%,50,10.0,6.3,0,80.2,10.6,32,18,1,0,0,0.0,0,8,1,11.1%
4,5.0,2019-10-06,5.0,5.0,28.239,TEN,,BUF,L 7-14,0,3,3,100.0%,21,7.0,7.0,0,95.8,5.0,15,6,3,0,1,1.0,2,9,0,0.0%
5,6.0,2019-10-13,6.0,6.0,28.246,TEN,@,DEN,L 0-16,0,2,2,100.0%,46,23.0,23.0,0,118.7,22.0,44,2,2,1,0,0.0,1,5,1,16.7%
6,7.0,2019-10-20,7.0,7.0,28.253,TEN,,LAC,W 23-20,0,8,4,50.0%,47,11.8,5.9,0,68.2,11.9,31,16,2,0,0,0.0,0,8,0,0.0%
7,8.0,2019-10-27,8.0,8.0,28.26,TEN,,TAM,W 27-23,1,9,6,66.7%,50,8.3,5.6,1,78.2,13.6,39,11,3,0,0,1.0,1,8,1,11.1%
8,9.0,2019-11-03,9.0,9.0,28.267,TEN,@,CAR,L 20-30,0,8,4,50.0%,60,15.0,7.5,0,75.0,13.9,42,18,2,0,0,0.0,0,10,1,9.1%
9,10.0,2019-11-10,10.0,10.0,28.274,TEN,,KAN,W 35-32,0,11,7,63.6%,124,17.7,11.3,2,141.7,9.0,58,66,3,0,0,0.0,0,13,1,7.1%
10,11.0,2019-11-24,11.0,12.0,28.288,TEN,,JAX,W 42-20,0,8,7,87.5%,84,12.0,10.5,0,110.4,10.0,66,18,4,0,0,0.0,0,4,1,20.0%
11,12.0,2019-12-01,12.0,13.0,28.295,TEN,@,IND,W 31-17,1,5,3,60.0%,28,9.3,5.6,0,35.8,14.0,20,8,3,1,1,0.0,2,7,2,22.2%
12,13.0,2019-12-08,13.0,14.0,28.302,TEN,@,OAK,W 42-21,0,5,5,100.0%,54,10.8,10.8,0,111.7,7.2,36,18,3,1,0,0.0,1,9,1,10.0%
13,14.0,2019-12-15,14.0,15.0,28.309,TEN,,HOU,L 21-24,0,5,4,80.0%,52,13.0,10.4,1,149.6,8.2,39,13,0,0,0,0.0,0,8,0,0.0%
14,15.0,2019-12-22,15.0,16.0,28.316,TEN,,NOR,L 28-38,0,7,5,71.4%,40,8.0,5.7,0,85.4,6.4,11,29,1,0,0,0.0,0,7,0,0.0%
15,16.0,2019-12-29,16.0,17.0,28.323,TEN,@,HOU,W 35-14,0,2,1,50.0%,8,8.0,4.0,0,60.4,3.5,-1,9,5,0,0,1.0,1,4,2,33.3%
16,,16 Games,,,,,,,9-7-0,4,103,68,66.0%,781,11.5,7.6,5,88.7,9.9,480,301,40,3,2,4.5,10,113,11,8.9%
