,Rk,Date,G#,Week,Age,Tm,Unnamed: 6_level_1,Opp,Result,Tgt,Rec,Yds,TD,1D,YBC,YBC/R,YAC,YAC/R,ADOT,BrkTkl,Rec/Br,Drop,Drop%,Int,Rat,Year
0,1.0,2019-09-08,1.0,1.0,24.259,TEN,@,CLE,W 43-13,2.0,0.0,0.0,0.0,,0.0,,0.0,,12.0,0.0,,0.0,0.0,0.0,39.6,2019
1,2.0,2019-09-15,2.0,2.0,24.266,TEN,,IND,L 17-19,2.0,2.0,24.0,0.0,1.0,24.0,12.0,0.0,0.0,12.0,0.0,,0.0,0.0,0.0,116.7,2019
2,3.0,2019-09-19,3.0,3.0,24.27,TEN,@,JAX,L 7-20,3.0,2.0,70.0,0.0,2.0,63.0,31.5,7.0,3.5,30.3,0.0,,0.0,0.0,0.0,109.7,2019
3,4.0,2019-09-29,4.0,4.0,24.28,TEN,@,ATL,W 24-10,,,,,,,,,,,,,,0.0,,,2019
4,5.0,2019-10-06,5.0,5.0,24.287,TEN,,BUF,L 7-14,1.0,1.0,12.0,0.0,1.0,12.0,12.0,0.0,0.0,12.0,0.0,,0.0,0.0,0.0,116.7,2019
5,6.0,2019-10-13,6.0,6.0,24.294,TEN,@,DEN,L 0-16,2.0,0.0,0.0,0.0,,0.0,,0.0,,23.0,0.0,,0.0,0.0,1.0,0.0,2019
6,7.0,2019-10-20,7.0,7.0,24.301,TEN,,LAC,W 23-20,3.0,2.0,19.0,1.0,2.0,19.0,9.5,0.0,0.0,10.7,0.0,,0.0,0.0,0.0,123.6,2019
7,8.0,2019-10-27,8.0,8.0,24.308,TEN,,TAM,W 27-23,3.0,3.0,18.0,1.0,2.0,17.0,5.7,1.0,0.3,5.7,0.0,,0.0,0.0,0.0,131.2,2019
8,9.0,2019-11-03,9.0,9.0,24.315,TEN,@,CAR,L 20-30,4.0,2.0,31.0,0.0,2.0,30.0,15.0,1.0,0.5,20.8,0.0,,0.0,0.0,0.0,76.0,2019
9,10.0,2019-11-10,10.0,10.0,24.322,TEN,,KAN,W 35-32,1.0,1.0,20.0,0.0,1.0,20.0,20.0,0.0,0.0,20.0,0.0,,0.0,0.0,0.0,118.7,2019
10,11.0,2019-11-24,11.0,12.0,24.336,TEN,,JAX,W 42-20,,,,,,,,,,,,,,0.0,,,2019
11,12.0,2019-12-08,13.0,14.0,24.35,TEN,@,OAK,W 42-21,4.0,4.0,25.0,0.0,2.0,13.0,3.3,12.0,3.0,3.3,0.0,,0.0,0.0,0.0,92.7,2019
12,13.0,2019-12-15,14.0,15.0,24.357,TEN,,HOU,L 21-24,2.0,2.0,28.0,0.0,2.0,26.0,13.0,2.0,1.0,13.0,0.0,,0.0,0.0,0.0,118.7,2019
13,14.0,2019-12-22,15.0,16.0,24.364,TEN,,NOR,L 28-38,6.0,5.0,69.0,2.0,4.0,34.0,6.8,35.0,7.0,12.5,0.0,,0.0,0.0,0.0,154.2,2019
14,15.0,2019-12-29,16.0,17.0,25.006,TEN,@,HOU,W 35-14,2.0,1.0,13.0,0.0,1.0,13.0,13.0,0.0,0.0,17.5,0.0,,0.0,0.0,0.0,70.8,2019
15,,15 Games,,,,,,,8-7-0,35.0,25.0,329.0,4.0,20.0,271.0,10.8,58.0,2.3,14.2,0.0,,0.0,0.0,1.0,127.0,2019
