,Rk,Date,G#,Week,Age,Tm,Unnamed: 6_level_1,Opp,Result,Int,Tgt,Cmp,Cmp%,Yds,Yds/Cmp,Yds/Tgt,TD,Rat,DADOT,Air,YAC,Bltz,Hrry,QBKD,Sk,Prss,Comb,MTkl,MTkl%,Year
0,1.0,2022-09-11,1.0,1.0,26.113,CIN,,PIT,L 20-23,0,1,1,100.0%,1,1.0,1.0,1,118.7,-1.0,-1,2,3,0,0,0.0,0,8,1,11.1%,2022
1,2.0,2022-09-18,2.0,2.0,26.12,CIN,@,DAL,L 17-20,0,1,1,100.0%,9,9.0,9.0,0,104.2,6.0,6,3,1,1,0,0.0,1,5,0,0.0%,2022
2,3.0,2022-09-29,4.0,4.0,26.131,CIN,,MIA,W 27-15,0,4,4,100.0%,42,10.5,10.5,0,110.4,6.3,25,17,1,0,0,0.0,0,9,0,0.0%,2022
3,4.0,2022-10-09,5.0,5.0,26.141,CIN,@,BAL,L 17-19,0,2,2,100.0%,17,8.5,8.5,0,102.1,2.0,4,13,5,0,0,1.0,1,8,1,11.1%,2022
4,5.0,2022-10-16,6.0,6.0,26.148,CIN,@,NOR,W 30-26,0,5,2,40.0%,6,3.0,1.2,0,47.9,2.8,-5,11,0,0,0,0.0,0,14,0,0.0%,2022
5,6.0,2022-10-23,7.0,7.0,26.155,CIN,,ATL,W 35-17,0,1,1,100.0%,9,9.0,9.0,0,104.2,8.0,8,1,2,0,0,0.0,0,6,0,0.0%,2022
6,7.0,2022-10-31,8.0,8.0,26.163,CIN,@,CLE,L 13-32,0,2,2,100.0%,8,4.0,4.0,0,83.3,-1.5,-3,11,5,1,0,0.0,1,9,2,18.2%,2022
7,8.0,2022-11-06,9.0,9.0,26.169,CIN,,CAR,W 42-21,1,2,1,50.0%,5,5.0,2.5,0,16.7,2.0,-3,8,0,0,0,0.0,0,1,1,50.0%,2022
8,9.0,2022-11-20,10.0,11.0,26.183,CIN,@,PIT,W 37-30,0,2,1,50.0%,5,5.0,2.5,0,56.2,8.0,4,1,0,0,0,0.0,0,8,0,0.0%,2022
9,10.0,2022-11-27,11.0,12.0,26.19,CIN,@,TEN,W 20-16,0,2,2,100.0%,20,10.0,10.0,0,108.3,4.0,8,12,2,0,0,0.0,0,6,0,0.0%,2022
10,11.0,2022-12-04,12.0,13.0,26.197,CIN,,KAN,W 27-24,0,2,2,100.0%,32,16.0,16.0,0,118.7,8.5,17,15,0,0,0,0.0,0,4,0,0.0%,2022
11,12.0,2022-12-11,13.0,14.0,26.204,CIN,,CLE,W 23-10,0,4,3,75.0%,22,7.3,5.5,0,87.5,2.5,6,16,0,0,0,0.0,0,5,0,0.0%,2022
12,13.0,2022-12-18,14.0,15.0,26.211,CIN,@,TAM,W 34-23,1,2,0,0.0%,0,,0.0,0,0.0,6.5,0,0,1,0,0,0.0,0,9,0,0.0%,2022
13,14.0,2022-12-24,15.0,16.0,26.217,CIN,@,NWE,W 22-18,0,3,1,33.3%,4,4.0,1.3,0,42.4,3.0,3,1,2,0,0,0.0,0,3,0,0.0%,2022
14,15.0,2023-01-08,16.0,18.0,26.232,CIN,,BAL,W 27-16,0,7,2,28.6%,16,8.0,2.3,0,39.6,1.3,-1,17,2,0,0,0.0,0,4,0,0.0%,2022
15,,15 Games,,,,,,,11-4-0,2,40,25,62.5%,196,7.8,4.9,1,62.1,3.5,68,128,24,2,0,1.0,3,99,5,4.8%,2022
