,Rk,Date,G#,Week,Age,Tm,Unnamed: 6_level_1,Opp,Result,Int,Tgt,Cmp,Cmp%,Yds,Yds/Cmp,Yds/Tgt,TD,Rat,DADOT,Air,YAC,Bltz,Hrry,QBKD,Sk,Prss,Comb,MTkl,MTkl%,Year
0,1.0,2022-09-11,1.0,1.0,29.047,CIN,,PIT,L 20-23,0,0,0,,0.0,,,0.0,,,0.0,0.0,0,0,0,,0,,0,,2022
1,2.0,2022-09-18,2.0,2.0,29.054,CIN,@,DAL,L 17-20,0,0,0,,0.0,,,0.0,,,0.0,0.0,0,0,0,,0,,0,,2022
2,3.0,2022-09-25,3.0,3.0,29.061,CIN,@,NYJ,W 27-12,0,0,0,,0.0,,,0.0,,,0.0,0.0,0,0,0,,0,,0,,2022
3,4.0,2022-09-29,4.0,4.0,29.065,CIN,,MIA,W 27-15,0,0,0,,0.0,,,0.0,,,0.0,0.0,0,0,0,,0,,0,,2022
4,5.0,2022-10-09,5.0,5.0,29.075,CIN,@,BAL,L 17-19,0,0,0,,0.0,,,0.0,,,0.0,0.0,0,0,0,,0,,0,,2022
5,6.0,2022-10-16,6.0,6.0,29.082,CIN,@,NOR,W 30-26,0,0,0,,0.0,,,0.0,,,0.0,0.0,0,0,0,,0,,0,,2022
6,7.0,2022-10-23,7.0,7.0,29.089,CIN,,ATL,W 35-17,0,0,0,,0.0,,,0.0,,,0.0,0.0,0,0,0,,0,,0,,2022
7,8.0,2022-10-31,8.0,8.0,29.097,CIN,@,CLE,L 13-32,0,0,0,,0.0,,,0.0,,,0.0,0.0,0,0,0,,0,,0,,2022
8,9.0,2022-11-06,9.0,9.0,29.103,CIN,,CAR,W 42-21,0,0,0,,0.0,,,0.0,,,0.0,0.0,0,0,0,,0,,0,,2022
9,10.0,2022-11-20,10.0,11.0,29.117,CIN,@,PIT,W 37-30,0,0,0,,0.0,,,0.0,,,0.0,0.0,0,0,0,0.0,0,1.0,0,0.0%,2022
10,11.0,2022-11-27,11.0,12.0,29.124,CIN,@,TEN,W 20-16,0,0,0,,0.0,,,0.0,,,0.0,0.0,0,0,0,,0,,0,,2022
11,12.0,2022-12-04,12.0,13.0,29.131,CIN,,KAN,W 27-24,0,0,0,,0.0,,,0.0,,,0.0,0.0,0,0,0,,0,,0,,2022
12,13.0,2022-12-11,13.0,14.0,29.138,CIN,,CLE,W 23-10,0,0,0,,0.0,,,0.0,,,0.0,0.0,0,0,0,,0,,0,,2022
13,14.0,2022-12-18,14.0,15.0,29.145,CIN,@,TAM,W 34-23,0,0,0,,0.0,,,0.0,,,0.0,0.0,0,0,0,,0,,0,,2022
14,15.0,2022-12-24,15.0,16.0,29.151,CIN,@,NWE,W 22-18,0,0,0,,0.0,,,0.0,,,0.0,0.0,0,0,0,,0,,0,,2022
15,,15 Games,,,,,,,11-4-0,0,0,0,,,,,,,,,,0,0,0,0.0,0,1.0,0,0.0%,2022
