,Rk,Date,G#,Week,Age,Tm,Unnamed: 6_level_1,Opp,Result,Att,Yds,TD,1D,YBC,YBC/Att,YAC,YAC/Att,BrkTkl,Att/Br,Tgt,Rec,Yds,TD,1D,YBC,YBC/R,YAC,YAC/R,ADOT,BrkTkl,Rec/Br,Drop,Drop%,Int,Rat
0,1.0,2022-09-11,1.0,1.0,26.36,CIN,,PIT,L 20-23,1,4,0,0.0,4,4.0,0,0.0,0,,5,3,33,0,1.0,0,0.0,33,11.0,9.6,0,,0,0.0,0,79.6
1,2.0,2022-09-18,2.0,2.0,27.002,CIN,@,DAL,L 17-20,1,2,0,,2,2.0,0,0.0,0,,1,1,8,0,,1,1.0,7,7.0,1.0,0,,0,0.0,0,100.0
2,3.0,2022-09-25,3.0,3.0,27.009,CIN,@,NYJ,W 27-12,9,47,0,3.0,31,3.4,16,1.8,1,9.0,2,2,14,1,1.0,13,6.5,1,0.5,6.5,0,,0,0.0,0,135.4
3,4.0,2022-09-29,4.0,4.0,27.013,CIN,,MIA,W 27-15,1,0,0,,0,0.0,0,0.0,0,,1,0,0,0,,0,,0,,-1.0,0,,1,100.0,0,39.6
4,5.0,2022-10-09,5.0,5.0,27.023,CIN,@,BAL,L 17-19,3,17,0,1.0,10,3.3,7,2.3,0,,4,4,39,0,2.0,-8,-2.0,47,11.8,-2.0,1,4.0,0,0.0,0,107.3
5,6.0,2022-10-16,6.0,6.0,27.03,CIN,@,NOR,W 30-26,2,5,0,,4,2.0,1,0.5,0,,2,2,11,0,,-4,-2.0,15,7.5,-2.0,2,1.0,0,0.0,0,89.6
6,7.0,2022-10-23,7.0,7.0,27.037,CIN,,ATL,W 35-17,1,0,0,,0,0.0,0,0.0,0,,2,2,8,0,,-1,-0.5,9,4.5,-0.5,0,,0,0.0,0,83.3
7,8.0,2022-10-31,8.0,8.0,27.045,CIN,@,CLE,L 13-32,1,7,0,1.0,2,2.0,5,5.0,0,,3,3,10,0,0.0,-8,-2.7,18,6.0,-2.7,0,,0,0.0,0,80.6
8,9.0,2022-11-06,9.0,9.0,27.051,CIN,,CAR,W 42-21,6,51,0,2.0,25,4.2,26,4.3,0,,2,1,3,0,0.0,1,1.0,2,2.0,0.5,0,,1,50.0,0,56.2
9,10.0,2022-11-20,10.0,11.0,27.065,CIN,@,PIT,W 37-30,11,30,0,2.0,15,1.4,15,1.4,0,,4,4,52,3,3.0,-3,-0.8,55,13.8,-0.8,1,4.0,0,0.0,0,158.3
10,11.0,2022-11-27,11.0,12.0,27.072,CIN,@,TEN,W 20-16,17,58,1,4.0,36,2.1,22,1.3,1,17.0,7,4,35,0,1.0,-11,-2.8,46,11.5,-2.0,1,4.0,0,0.0,0,70.5
11,12.0,2022-12-04,12.0,13.0,27.079,CIN,,KAN,W 27-24,21,106,0,4.0,55,2.6,51,2.4,2,10.5,7,6,49,0,3.0,-12,-2.0,61,10.2,-1.6,0,,1,14.3,0,95.8
12,13.0,2022-12-11,13.0,14.0,27.086,CIN,,CLE,W 23-10,4,22,1,1.0,9,2.3,13,3.3,1,4.0,5,1,2,0,0.0,-1,-1.0,3,3.0,-1.6,0,,2,40.0,0,39.6
13,14.0,2022-12-18,14.0,15.0,27.093,CIN,@,TAM,W 34-23,7,24,0,1.0,18,2.6,6,0.9,0,,1,1,0,0,0.0,-5,-5.0,5,5.0,-5.0,0,,0,0.0,0,79.2
14,15.0,2022-12-24,15.0,16.0,27.099,CIN,@,NWE,W 22-18,4,3,0,,3,0.8,0,0.0,0,,4,3,19,0,,3,1.0,16,5.3,2.8,0,,0,0.0,0,84.4
15,16.0,2023-01-08,16.0,18.0,27.114,CIN,,BAL,W 27-16,6,18,0,,18,3.0,0,0.0,0,,1,1,4,0,,1,1.0,3,3.0,1.0,0,,0,0.0,0,83.3
16,,16 Games,,,,,,,12-4-0,95,394,2,19.0,232,2.4,162,1.7,5,19.0,51,38,287,4,11.0,-34,-0.9,321,8.4,0.2,5,7.6,5,9.8,0,113.8
