,Rk,Date,G#,Week,Age,Tm,Unnamed: 6_level_1,Opp,Result,Tgt,Rec,Yds,TD,1D,YBC,YBC/R,YAC,YAC/R,ADOT,BrkTkl,Rec/Br,Drop,Drop%,Int,Rat,Att,Yds,TD,1D,YBC,YBC/Att,YAC,YAC/Att,BrkTkl,Att/Br,Year
0,1.0,2022-09-11,1.0,1.0,28.134,CIN,,PIT,L 20-23,0,0,0,0,,0,,0,,,0,,0,0.0,,,0,0,0,,0,,0,,0,,2022
1,2.0,2022-09-18,2.0,2.0,28.141,CIN,@,DAL,L 17-20,0,0,0,0,,0,,0,,,0,,0,0.0,,,0,0,0,,0,,0,,0,,2022
2,3.0,2022-09-25,3.0,3.0,28.148,CIN,@,NYJ,W 27-12,0,0,0,0,,0,,0,,,0,,0,0.0,,,0,0,0,,0,,0,,0,,2022
3,4.0,2022-09-29,4.0,4.0,28.152,CIN,,MIA,W 27-15,0,0,0,0,,0,,0,,,0,,0,0.0,,,0,0,0,,0,,0,,0,,2022
4,5.0,2022-10-09,5.0,5.0,28.162,CIN,@,BAL,L 17-19,0,0,0,0,,0,,0,,,0,,0,0.0,,,0,0,0,,0,,0,,0,,2022
5,6.0,2022-10-16,6.0,6.0,28.169,CIN,@,NOR,W 30-26,0,0,0,0,,0,,0,,,0,,0,0.0,,,0,0,0,,0,,0,,0,,2022
6,7.0,2022-10-23,7.0,7.0,28.176,CIN,,ATL,W 35-17,0,0,0,0,,0,,0,,,0,,0,0.0,,,0,0,0,,0,,0,,0,,2022
7,8.0,2022-10-31,8.0,8.0,28.184,CIN,@,CLE,L 13-32,1,1,5,0,,-4,-4.0,9,9.0,-4.0,0,,0,0.0,0.0,87.5,0,0,0,,0,,0,,0,,2022
8,9.0,2022-11-06,9.0,9.0,28.19,CIN,,CAR,W 42-21,2,2,14,0,,5,2.5,9,4.5,2.5,0,,0,0.0,0.0,95.8,3,18,0,,15,5.0,3,1.0,1,3.0,2022
9,10.0,2022-11-20,10.0,11.0,28.204,CIN,@,PIT,W 37-30,1,1,1,0,,3,3.0,-2,-2.0,3.0,0,,0,0.0,0.0,79.2,0,0,0,,0,,0,,0,,2022
10,11.0,2022-11-27,11.0,12.0,28.211,CIN,@,TEN,W 20-16,2,1,8,0,,3,3.0,5,5.0,1.5,0,,0,0.0,0.0,60.4,0,0,0,,0,,0,,0,,2022
11,12.0,2022-12-04,12.0,13.0,28.218,CIN,,KAN,W 27-24,0,0,0,0,,0,,0,,,0,,0,0.0,,,1,-3,0,,-3,-3.0,0,0.0,0,,2022
12,13.0,2022-12-11,13.0,14.0,28.225,CIN,,CLE,W 23-10,4,1,34,0,1.0,12,12.0,22,22.0,9.5,1,1.0,0,0.0,0.0,62.5,0,0,0,0.0,0,,0,,0,,2022
13,14.0,2022-12-18,14.0,15.0,28.232,CIN,@,TAM,W 34-23,0,0,0,0,,0,,0,,,0,,0,0.0,,,0,0,0,,0,,0,,0,,2022
14,15.0,2022-12-24,15.0,16.0,28.238,CIN,@,NWE,W 22-18,0,0,0,0,,0,,0,,,0,,0,0.0,,,0,0,0,,0,,0,,0,,2022
15,16.0,2023-01-08,16.0,18.0,28.253,CIN,,BAL,W 27-16,0,0,0,0,,0,,0,,,0,,0,0.0,,,0,0,0,,0,,0,,0,,2022
16,,16 Games,,,,,,,12-4-0,10,6,62,0,1.0,19,3.2,43,7.2,4.5,1,6.0,0,0.0,0.0,77.9,4,15,0,0.0,12,3.0,3,0.8,1,4.0,2022
