,Rk,Date,G#,Week,Age,Tm,Unnamed: 6_level_1,Opp,Result,Int,Tgt,Cmp,Cmp%,Yds,Yds/Cmp,Yds/Tgt,TD,Rat,DADOT,Air,YAC,Bltz,Hrry,QBKD,Sk,Prss,Comb,MTkl,MTkl%,Year
0,1.0,2022-09-11,1.0,1.0,27.28,CIN,,PIT,L 20-23,0,1,1,100.0%,2,2.0,2.0,0,79.2,-3.0,-3,5,0,0,1,0.0,1,4,0,0.0%,2022
1,2.0,2022-09-18,2.0,2.0,27.287,CIN,@,DAL,L 17-20,0,0,0,,0,,,0,,,0,0,0,0,1,0.0,1,1,0,0.0%,2022
2,3.0,2022-09-25,3.0,3.0,27.294,CIN,@,NYJ,W 27-12,0,0,0,,0,,,0,,,0,0,0,0,4,2.5,7,4,2,33.3%,2022
3,4.0,2022-09-29,4.0,4.0,27.298,CIN,,MIA,W 27-15,0,1,1,100.0%,7,7.0,7.0,1,135.4,-2.0,-2,9,0,2,2,0.0,4,0,0,,2022
4,5.0,2022-10-09,5.0,5.0,27.308,CIN,@,BAL,L 17-19,0,1,1,100.0%,20,20.0,20.0,0,118.7,9.0,9,11,0,3,1,0.0,4,2,0,0.0%,2022
5,6.0,2022-10-16,6.0,6.0,27.315,CIN,@,NOR,W 30-26,0,0,0,,0,,,0,,,0,0,0,1,2,0.0,3,3,0,0.0%,2022
6,7.0,2022-10-23,7.0,7.0,27.322,CIN,,ATL,W 35-17,0,0,0,,0,,,0,,,0,0,0,0,0,1.0,1,2,0,0.0%,2022
7,8.0,2022-10-31,8.0,8.0,27.33,CIN,@,CLE,L 13-32,0,0,0,,0,,,0,,,0,0,0,0,0,0.5,1,5,1,16.7%,2022
8,9.0,2022-11-06,9.0,9.0,27.336,CIN,,CAR,W 42-21,0,2,0,0.0%,0,,0.0,0,39.6,-1.5,0,0,0,0,0,0.0,0,1,0,0.0%,2022
9,10.0,2022-11-20,10.0,11.0,27.35,CIN,@,PIT,W 37-30,0,3,2,66.7%,2,1.0,0.7,0,70.1,0.0,-6,8,0,1,2,2.0,5,5,0,0.0%,2022
10,11.0,2022-11-27,11.0,12.0,27.357,CIN,@,TEN,W 20-16,0,0,0,,0,,,0,,,0,0,0,2,0,0.0,2,1,0,0.0%,2022
11,12.0,2022-12-04,12.0,13.0,27.364,CIN,,KAN,W 27-24,0,0,0,,0,,,0,,,0,0,0,1,3,0.0,4,0,0,,2022
12,13.0,2022-12-11,13.0,14.0,28.006,CIN,,CLE,W 23-10,0,0,0,,0,,,0,,,0,0,0,0,0,0.0,0,1,0,0.0%,2022
13,14.0,2022-12-24,15.0,16.0,28.019,CIN,@,NWE,W 22-18,0,0,0,,0,,,0,,,0,0,0,0,0,0.0,0,1,0,0.0%,2022
14,15.0,2023-01-08,16.0,18.0,28.034,CIN,,BAL,W 27-16,0,0,0,,0,,,0,,,0,0,0,0,0,2.0,2,2,0,0.0%,2022
15,,15 Games,,,,,,,11-4-0,0,8,5,62.5%,31,6.2,3.9,1,109.9,0.1,-2,33,0,10,16,8.0,35,32,3,8.6%,2022
