,Rk,Date,G#,Week,Age,Tm,Unnamed: 6_level_1,Opp,Result,Int,Tgt,Cmp,Cmp%,Yds,Yds/Cmp,Yds/Tgt,TD,Rat,DADOT,Air,YAC,Bltz,Hrry,QBKD,Sk,Prss,Comb,MTkl,MTkl%
0,1.0,2020-09-13,1.0,1.0,25.302,DET,,CHI,L 23-27,0,0,0,,0,,,0,,,0,0,2,0,0,0.0,0,5.0,0,0.0%
1,2.0,2020-09-20,2.0,2.0,25.309,DET,@,GNB,L 21-42,0,2,2,100.0%,15,7.5,7.5,1,137.5,3.0,6,9,3,0,1,0.0,1,5.0,3,37.5%
2,3.0,2020-09-27,3.0,3.0,25.316,DET,@,ARI,W 26-23,0,0,0,,0,,,0,,,0,0,0,0,0,,0,,0,
3,4.0,2020-10-04,4.0,4.0,25.323,DET,,NOR,L 29-35,0,1,1,100.0%,7,7.0,7.0,0,95.8,3.0,3,4,0,0,0,0.0,0,1.0,0,0.0%
4,5.0,2020-10-18,5.0,6.0,25.337,DET,@,JAX,W 34-16,0,0,0,,0,,,0,,,0,0,0,3,0,0.0,3,4.0,1,20.0%
5,6.0,2020-10-25,6.0,7.0,25.344,DET,@,ATL,W 23-22,0,0,0,,0,,,0,,,0,0,3,0,2,0.0,2,2.0,1,33.3%
6,7.0,2020-11-01,7.0,8.0,25.351,DET,,IND,L 21-41,0,0,0,,0,,,0,,,0,0,3,0,0,0.0,0,1.0,0,0.0%
7,8.0,2020-11-22,10.0,11.0,26.006,DET,@,CAR,L 0-20,0,1,1,100.0%,4,4.0,4.0,0,83.3,-6.0,-6,10,1,0,0,0.0,0,6.0,0,0.0%
8,9.0,2020-11-26,11.0,12.0,26.01,DET,,HOU,L 25-41,0,0,0,,0,,,0,,,0,0,1,0,0,0.5,1,3.0,0,0.0%
9,10.0,2020-12-06,12.0,13.0,26.02,DET,@,CHI,W 34-30,0,2,2,100.0%,29,14.5,14.5,0,118.7,7.5,15,14,1,0,0,0.0,0,3.0,0,0.0%
10,11.0,2020-12-13,13.0,14.0,26.027,DET,,GNB,L 24-31,0,2,2,100.0%,15,7.5,7.5,0,97.9,-5.0,-10,25,1,0,0,0.0,0,2.0,0,0.0%
11,12.0,2020-12-20,14.0,15.0,26.034,DET,@,TEN,L 25-46,0,4,4,100.0%,38,9.5,9.5,1,145.8,-0.8,-3,41,1,0,0,0.0,0,3.0,2,40.0%
12,13.0,2020-12-26,15.0,16.0,26.04,DET,,TAM,L 7-47,0,3,3,100.0%,30,10.0,10.0,0,108.3,6.0,18,12,2,0,0,0.0,0,9.0,1,10.0%
13,14.0,2021-01-03,16.0,17.0,26.048,DET,,MIN,L 35-37,0,0,0,,0,,,0,,,0,0,4,1,0,0.0,1,2.0,0,0.0%
14,,14 Games,,,,,,,4-10-0,0,15,15,100.0%,138,9.2,9.2,2,144.6,1.5,23,115,22,4,3,0.5,8,46.0,8,14.8%
