,Rank,Player,Tackle,Assist,Sack,Pass Defended,Interception,Forced Fumble,Fumble Recovery,Defend Touchdown,Games Played,Fantasy Football Points,FTPS/Game,ROST,Position,Year
0,1,Derek Cox,16,0,0.0,2,1,0,0,0,1,32.0,32.0,0.0%,DB,2012
1,2,Reshad Jones,11,3,0.0,1,0,1,0,0,1,24.3,24.3,0.0%,DB,2012
2,3,Roman Harper,9,2,0.0,1,1,0,0,0,1,24.0,24.0,1.0%,DB,2012
3,4,Aqib Talib,5,2,0.0,1,1,0,0,1,1,21.5,21.5,0.0%,DB,2012
4,5,DeAngelo Hall,6,1,0.0,1,1,0,0,0,1,21.3,21.3,0.0%,DB,2012
5,6,Malcolm Jenkins,5,1,0.0,1,1,0,0,1,1,20.8,20.8,15.0%,DB,2012
6,7,Eric Weddle,5,1,0.0,1,1,0,0,1,1,20.8,20.8,11.0%,DB,2012
7,8,William Gay,5,0,0.0,1,1,1,0,0,1,20.5,20.5,0.1%,DB,2012
8,9,LaRon Landry,8,0,0.0,0,0,2,0,0,1,20.0,20.0,0.0%,DB,2012
9,10,Quintin Mikell,8,0,1.0,0,0,1,0,0,1,20.0,20.0,0.0%,DB,2012
10,11,Alfonzo Dennard,4,0,0.0,2,1,0,0,1,1,20.0,20.0,0.0%,DB,2012
11,12,Keenan Lewis,8,2,0.0,2,0,0,0,0,1,19.0,19.0,0.0%,DB,2012
12,13,Danieal Manning,6,2,1.0,0,0,1,0,0,1,18.5,18.5,0.0%,DB,2012
13,14,Corey Graham,4,4,0.0,3,1,0,0,0,1,18.5,18.5,0.0%,DB,2012
14,15,Morgan Burnett,7,2,1.0,0,0,0,0,0,1,18.5,18.5,0.0%,DB,2012
15,16,Brandon Meriweather,3,4,0.0,2,1,0,0,0,1,18.0,18.0,0.0%,DB,2012
16,17,Adam Jones,6,0,1.0,0,0,0,0,0,1,18.0,18.0,0.0%,DB,2012
17,18,Captain Munnerlyn,2,0,0.0,2,1,0,0,1,1,17.0,17.0,0.0%,DB,2012
18,19,Eric Berry,11,0,0.0,0,0,0,0,0,1,16.5,16.5,0.0%,DB,2012
19,20,Jairus Byrd,2,2,0.0,2,1,0,1,0,1,16.5,16.5,0.0%,DB,2012
20,21,Casey Hayward,3,1,0.0,4,1,0,0,0,1,16.3,16.3,0.0%,DB,2012
21,22,Yeremiah Bell,6,0,0.0,1,0,0,0,0,1,15.5,15.5,0.0%,DB,2012
22,23,M.D. Jennings,1,1,0.0,1,1,0,0,1,1,14.8,14.8,0.0%,DB,2012
23,24,Haruki Nakamura,3,2,0.0,2,1,0,0,0,1,14.0,14.0,0.0%,DB,2012
24,25,Eric Smith,3,0,0.0,1,1,0,0,0,1,13.5,13.5,0.0%,DB,2012
25,26,Sean Smith,6,0,0.0,0,0,1,0,0,1,13.0,13.0,0.0%,DB,2012
26,27,Josh Wilson,2,0,1.0,1,0,1,0,0,1,12.5,12.5,0.0%,DB,2012
27,28,Davon House,2,2,1.0,1,0,0,0,0,1,12.5,12.5,0.0%,DB,2012
28,29,Jacob Lacey,2,0,0.0,3,1,0,0,0,1,12.5,12.5,0.0%,DB,2012
29,30,Kerry Rhodes,4,0,0.0,1,1,0,0,0,1,12.5,12.5,0.0%,DB,2012
30,31,Kurt Coleman,6,1,0.0,0,0,0,0,0,1,12.3,12.3,0.0%,DB,2012
31,32,Marcus Gilchrist,5,1,0.0,1,0,0,0,0,1,12.3,12.3,0.0%,DB,2012
32,33,Mike Mitchell,6,4,0.0,0,0,0,0,0,1,12.0,12.0,0.0%,DB,2012
33,34,Rashad Johnson,1,0,0.0,1,1,0,1,0,1,12.0,12.0,0.0%,DB,2012
34,35,Champ Bailey,8,0,0.0,0,0,0,0,0,1,12.0,12.0,0.0%,DB,2012
35,36,Major Wright,8,0,0.0,0,0,0,0,0,1,12.0,12.0,0.0%,DB,2012
36,37,Darius Butler,4,2,0.0,0,0,1,0,0,1,11.5,11.5,0.0%,DB,2012
37,38,William Moore,5,0,0.0,1,0,0,0,0,1,11.5,11.5,0.0%,DB,2012
38,39,Robert McClain,6,1,0.0,1,0,0,0,0,1,11.3,11.3,0.0%,DB,2012
39,40,Jerron McMillian,1,3,0.0,2,0,0,1,0,1,10.8,10.8,0.0%,DB,2012
40,41,Ryan Clark,4,1,0.0,0,0,1,0,0,1,10.8,10.8,0.0%,DB,2012
41,42,Buster Skrine,6,2,0.0,0,0,0,0,0,1,10.5,10.5,0.0%,DB,2012
42,43,Dawan Landry,6,2,0.0,0,0,0,0,0,1,10.5,10.5,0.0%,DB,2012
43,44,Kareem Jackson,5,0,0.0,2,0,0,0,0,1,10.5,10.5,0.7%,DB,2012
44,45,Charles Tillman,5,2,0.0,1,0,0,0,0,1,10.5,10.5,0.1%,DB,2012
45,46,Tarell Brown,2,1,0.0,1,1,0,0,0,1,10.3,10.3,0.0%,DB,2012
46,47,Bernard Pollard,3,2,0.0,1,0,0,0,0,1,10.0,10.0,0.0%,DB,2012
47,48,Gerald Sensabaugh,4,0,0.0,0,0,1,0,0,1,10.0,10.0,0.0%,DB,2012
48,49,Devin McCourty,4,3,0.0,1,0,0,0,0,1,9.8,9.8,4.4%,DB,2012
49,50,Charles Godfrey,3,4,0.0,1,0,0,0,0,1,9.0,9.0,0.0%,DB,2012
50,51,Brandon Carr,5,0,0.0,1,0,0,0,0,1,9.0,9.0,0.0%,DB,2012
51,52,Cortland Finnegan,6,0,0.0,0,0,0,0,0,1,9.0,9.0,0.0%,DB,2012
52,53,Kyle Arrington,3,2,0.0,2,0,0,0,0,1,9.0,9.0,0.0%,DB,2012
53,54,Antoine Bethea,4,4,0.0,0,0,0,0,0,1,9.0,9.0,28.0%,DB,2012
54,55,Danny McCray,6,0,0.0,0,0,0,0,0,1,9.0,9.0,0.0%,DB,2012
55,56,Jimmy Wilson,4,0,0.0,0,0,0,0,0,1,8.5,8.5,0.0%,DB,2012
56,57,Justin Rogers,4,0,0.0,0,0,0,0,0,1,8.5,8.5,0.0%,DB,2012
57,58,Stephon Gilmore,3,0,0.0,0,0,1,0,0,1,8.5,8.5,1.5%,DB,2012
58,59,Chris Prosinski,3,3,0.0,1,0,0,0,0,1,8.3,8.3,4.0%,DB,2012
59,60,Dashon Goldson,1,0,0.0,1,1,0,0,0,1,8.0,8.0,0.0%,DB,2012
60,61,Tavon Wilson,1,0,0.0,1,1,0,0,0,1,8.0,8.0,0.0%,DB,2012
61,62,Chris Conte,5,0,0.0,0,0,0,0,0,1,7.5,7.5,0.0%,DB,2012
62,63,Nate Allen,4,2,0.0,0,0,0,0,0,1,7.5,7.5,0.0%,DB,2012
63,64,Tim Jennings,5,0,0.0,0,0,0,0,0,1,7.5,7.5,0.0%,DB,2012
64,65,Abram Elam,5,0,0.0,0,0,0,0,0,1,7.5,7.5,0.0%,DB,2012
65,66,George Wilson,4,2,0.0,0,0,0,0,0,1,7.5,7.5,0.0%,DB,2012
66,67,Drayton Florence,4,2,0.0,0,0,0,0,0,1,7.5,7.5,0.0%,DB,2012
67,68,Gregory Toler,4,0,0.0,1,0,0,0,0,1,7.5,7.5,0.0%,DB,2012
68,69,Ricardo Silva,5,0,0.0,0,0,0,0,0,1,7.5,7.5,0.0%,DB,2012
69,70,Ed Reed,2,0,0.0,0,0,0,1,0,1,7.0,7.0,0.0%,DB,2012
70,71,Joselio Hanson,2,0,0.0,0,0,1,0,0,1,7.0,7.0,0.0%,DB,2012
71,72,Ronde Barber,2,2,0.0,0,0,0,0,0,1,7.0,7.0,0.0%,DB,2012
72,73,Michael Huff,2,0,0.0,1,0,0,0,0,1,7.0,7.0,0.0%,DB,2012
73,74,Elbert Mack,0,3,0.0,3,0,0,0,0,1,6.8,6.8,0.0%,DB,2012
74,75,Trevin Wade,3,1,0.0,1,0,0,0,0,1,6.8,6.8,0.0%,DB,2012
75,76,Brandon Flowers,4,1,0.0,0,0,0,0,0,1,6.8,6.8,0.0%,DB,2012
76,77,Tony Carter,4,1,0.0,0,0,0,0,0,1,6.8,6.8,0.0%,DB,2012
77,78,Janoris Jenkins,3,1,0.0,1,0,0,0,0,1,6.8,6.8,1.0%,DB,2012
78,79,Donte Whitner,4,1,0.0,0,0,0,0,0,1,6.8,6.8,1.0%,DB,2012
79,80,Jim Leonhard,0,0,0.0,1,1,0,0,0,1,6.5,6.5,0.0%,DB,2012
80,81,Patrick Peterson,4,0,0.0,0,0,0,0,0,1,6.0,6.0,0.9%,DB,2012
81,82,Nate Clements,4,0,0.0,0,0,0,0,0,1,6.0,6.0,0.0%,DB,2012
82,83,Atari Bigby,2,2,0.0,1,0,0,0,0,1,6.0,6.0,0.0%,DB,2012
83,84,Johnson Bademosi,3,0,0.0,1,0,0,0,0,1,6.0,6.0,0.0%,DB,2012
84,85,Josh Norman,4,0,0.0,0,0,0,0,0,1,6.0,6.0,3.0%,DB,2012
85,86,Shareece Wright,4,0,0.0,0,0,0,0,0,1,6.0,6.0,0.0%,DB,2012
86,87,Dominique Rodgers-Cromartie,3,0,0.0,1,0,0,0,0,1,6.0,6.0,0.0%,DB,2012
87,88,Chris Harris,3,0,0.0,1,0,0,0,0,1,6.0,6.0,0.0%,DB,2012
88,89,Kyle Wilson,4,0,0.0,0,0,0,0,0,1,6.0,6.0,0.0%,DB,2012
89,90,Josh Thomas,2,0,0.0,2,0,0,0,0,1,6.0,6.0,0.0%,DB,2012
90,91,Usama Young,2,1,0.5,0,0,0,0,0,1,5.8,5.8,0.0%,DB,2012
91,92,Chris Johnson,1,0,0.0,0,0,1,0,0,1,5.5,5.5,0.0%,DB,2012
92,93,Matt Giordano,3,1,0.0,0,0,0,0,0,1,5.3,5.3,0.0%,DB,2012
93,94,Chris Houston,3,1,0.0,0,0,0,0,0,1,5.3,5.3,0.0%,DB,2012
94,95,Ahmad Black,3,1,0.0,0,0,0,0,0,1,5.3,5.3,0.0%,DB,2012
95,96,Da'Norris Searcy,3,1,0.0,0,0,0,0,0,1,5.3,5.3,0.0%,DB,2012
96,97,Aaron Ross,3,1,0.0,0,0,0,0,0,1,5.3,5.3,0.0%,DB,2012
97,98,Steve Gregory,2,1,0.0,1,0,0,0,0,1,5.3,5.3,0.0%,DB,2012
98,99,Josh Gordy,3,1,0.0,0,0,0,0,0,1,5.3,5.3,0.0%,DB,2012
99,100,Christopher Owens,3,1,0.0,0,0,0,0,0,1,5.3,5.3,0.0%,DB,2012
100,101,Cedric Griffin,3,0,0.0,0,0,0,0,0,1,4.5,4.5,0.0%,DB,2012
101,102,Carlos Rogers,3,0,0.0,0,0,0,0,0,1,4.5,4.5,0.0%,DB,2012
102,103,Eric Wright,3,0,0.0,0,0,0,0,0,1,4.5,4.5,0.0%,DB,2012
103,104,Jabari Greer,1,4,0.0,0,0,0,0,0,1,4.5,4.5,0.0%,DB,2012
104,105,Ellis Lankster,2,0,0.0,1,0,0,0,0,1,4.5,4.5,0.0%,DB,2012
105,106,Johnathan Joseph,2,0,0.0,1,0,0,0,0,1,4.5,4.5,0.0%,DB,2012
106,107,Ike Taylor,2,0,0.0,1,0,0,0,0,1,4.5,4.5,0.0%,DB,2012
107,108,Glover Quin,3,0,0.0,0,0,0,0,0,1,4.5,4.5,0.0%,DB,2012
108,109,Brice McCain,2,0,0.0,1,0,0,0,0,1,4.5,4.5,0.0%,DB,2012
109,110,Tom Zbikowski,2,2,0.0,0,0,0,0,0,1,4.5,4.5,0.0%,DB,2012
110,111,Isa Abdul-Quddus,3,0,0.0,0,0,0,0,0,1,4.5,4.5,0.0%,DB,2012
111,112,Marquice Cole,3,0,0.0,0,0,0,0,0,1,4.5,4.5,0.0%,DB,2012
112,113,Javier Arenas,3,0,0.0,0,0,0,0,0,1,4.5,4.5,0.0%,DB,2012
113,114,Nnamdi Asomugha,3,0,0.0,0,0,0,0,0,1,4.5,4.5,0.0%,DB,2012
114,115,Morris Claiborne,3,0,0.0,0,0,0,0,0,1,4.5,4.5,0.0%,DB,2012
115,116,Taylor Mays,3,0,0.0,0,0,0,0,0,1,4.5,4.5,0.0%,DB,2012
116,117,Quentin Jammer,3,0,0.0,0,0,0,0,0,1,4.5,4.5,0.0%,DB,2012
117,118,Eric Hagg,3,0,0.0,0,0,0,0,0,1,4.5,4.5,0.0%,DB,2012
118,119,Rahim Moore,2,1,0.0,0,0,0,0,0,1,3.8,3.8,0.0%,DB,2012
119,120,Orlando Scandrick,2,1,0.0,0,0,0,0,0,1,3.8,3.8,0.0%,DB,2012
120,121,Ron Bartell,2,1,0.0,0,0,0,0,0,1,3.8,3.8,0.0%,DB,2012
121,122,Cortez Allen,2,0,0.0,0,0,0,0,0,1,3.0,3.0,0.0%,DB,2012
122,123,Tramon Williams,2,0,0.0,0,0,0,0,0,1,3.0,3.0,0.0%,DB,2012
123,124,Antonio Cromartie,1,0,0.0,1,0,0,0,0,1,3.0,3.0,0.0%,DB,2012
124,125,Dre Kirkpatrick,2,0,0.0,0,0,0,0,0,1,3.0,3.0,0.0%,DB,2012
125,126,Madieu Williams,2,0,0.0,0,0,0,0,0,1,3.0,3.0,0.0%,DB,2012
126,127,Dunta Robinson,1,0,0.0,1,0,0,0,0,1,3.0,3.0,0.0%,DB,2012
127,128,Patrick Robinson,0,0,0.0,2,0,0,0,0,1,3.0,3.0,0.0%,DB,2012
128,129,Kendrick Lewis,2,0,0.0,0,0,0,0,0,1,3.0,3.0,0.0%,DB,2012
129,130,Antoine Cason,2,0,0.0,0,0,0,0,0,1,3.0,3.0,0.0%,DB,2012
130,131,Johnny Patrick,2,0,0.0,0,0,0,0,0,1,3.0,3.0,0.0%,DB,2012
131,132,Asante Samuel,0,0,0.0,2,0,0,0,0,1,3.0,3.0,0.0%,DB,2012
132,133,Trumaine Johnson,2,0,0.0,0,0,0,0,0,1,3.0,3.0,0.0%,DB,2012
133,134,Chris Crocker,2,0,0.0,0,0,0,0,0,1,3.0,3.0,0.0%,DB,2012
134,135,Leonard Johnson,2,0,0.0,0,0,0,0,0,1,3.0,3.0,0.0%,DB,2012
135,136,Cassius Vaughn,0,3,0.0,0,0,0,0,0,1,2.3,2.3,0.0%,DB,2012
136,137,T.J. Ward,1,1,0.0,0,0,0,0,0,1,2.3,2.3,0.1%,DB,2012
137,138,E.J. Biggers,1,1,0.0,0,0,0,0,0,1,2.3,2.3,0.0%,DB,2012
138,139,Nolan Carroll,1,1,0.0,0,0,0,0,0,1,2.3,2.3,0.0%,DB,2012
139,140,Tashaun Gipson,1,1,0.0,0,0,0,0,0,1,2.3,2.3,0.4%,DB,2012
140,141,Cary Williams,0,1,0.0,1,0,0,0,0,1,2.3,2.3,0.0%,DB,2012
141,142,Jonte Green,1,1,0.0,0,0,0,0,0,1,2.3,2.3,0.0%,DB,2012
142,143,LeQuan Lewis,1,0,0.0,0,0,0,0,0,1,1.5,1.5,0.0%,DB,2012
143,144,Don Carey,1,0,0.0,0,0,0,0,0,1,1.5,1.5,0.0%,DB,2012
144,145,Eric Frampton,1,0,0.0,0,0,0,0,0,1,1.5,1.5,0.0%,DB,2012
145,146,D.J. Johnson,1,0,0.0,0,0,0,0,0,1,1.5,1.5,0.0%,DB,2012
146,147,David Bruton,1,0,0.0,0,0,0,0,0,1,1.5,1.5,0.0%,DB,2012
147,148,Jeromy Miles,1,0,0.0,0,0,0,0,0,1,1.5,1.5,0.0%,DB,2012
148,149,Leon Hall,1,0,0.0,0,0,0,0,0,1,1.5,1.5,0.0%,DB,2012
149,150,Ryan Mundy,0,0,0.0,1,0,0,0,0,1,1.5,1.5,0.0%,DB,2012
150,151,Leodis McKelvin,1,0,0.0,0,0,0,0,0,1,1.5,1.5,0.0%,DB,2012
151,152,Thomas DeCoud,1,0,0.0,0,0,0,0,0,1,1.5,1.5,0.0%,DB,2012
152,153,Craig Dahl,1,0,0.0,0,0,0,0,0,1,1.5,1.5,0.0%,DB,2012
153,154,Alan Ball,0,0,0.0,1,0,0,0,0,1,1.5,1.5,0.0%,DB,2012
154,155,Quintin Demps,0,0,0.0,1,0,0,0,0,1,1.5,1.5,3.0%,DB,2012
155,156,Kelvin Hayden,1,0,0.0,0,0,0,0,0,1,1.5,1.5,0.0%,DB,2012
156,157,Will Allen,1,0,0.0,0,0,0,0,0,1,1.5,1.5,0.0%,DB,2012
157,158,Erik Coleman,1,0,0.0,0,0,0,0,0,1,1.5,1.5,0.0%,DB,2012
158,159,Jalil Brown,1,0,0.0,0,0,0,0,0,1,1.5,1.5,0.0%,DB,2012
159,160,Chris Culliver,1,0,0.0,0,0,0,0,0,1,1.5,1.5,0.0%,DB,2012
160,161,Adrian Wilson,1,0,0.0,0,0,0,0,0,1,1.5,1.5,0.0%,DB,2012
161,162,Terence Newman,0,0,0.0,1,0,0,0,0,1,1.5,1.5,0.0%,DB,2012
162,163,Chykie Brown,1,0,0.0,0,0,0,0,0,1,1.5,1.5,0.0%,DB,2012
163,164,Charlie Peprah,0,1,0.0,0,0,0,0,0,1,0.8,0.8,0.0%,DB,2012
164,165,Sean Richardson,0,1,0.0,0,0,0,0,0,1,0.8,0.8,0.0%,DB,2012
165,166,Derrick Martin,0,0,0.0,0,0,0,0,0,1,0.0,0.0,0.0%,DB,2012
166,167,Mana Silva,0,0,0.0,0,0,0,0,0,1,0.0,0.0,0.0%,DB,2012
167,168,Vince Agnew,0,0,0.0,0,0,0,0,0,1,0.0,0.0,0.0%,DB,2012
168,169,Brandon Hughes,0,0,0.0,0,0,0,0,0,1,0.0,0.0,0.0%,DB,2012
169,170,Teddy Williams,0,0,0.0,0,0,0,0,0,1,0.0,0.0,0.0%,DB,2012
170,171,Neiko Thorpe,0,0,0.0,0,0,0,0,0,1,0.0,0.0,0.0%,DB,2012
171,172,Brandian Ross,0,0,0.0,0,0,0,0,0,1,0.0,0.0,0.0%,DB,2012
172,173,Anderson Russell,0,0,0.0,0,0,0,0,0,1,0.0,0.0,0.0%,DB,2012
173,174,Reed Doughty,0,0,0.0,0,0,0,0,0,1,0.0,0.0,0.0%,DB,2012
174,175,Jarrett Bush,0,0,0.0,0,0,0,0,0,1,0.0,0.0,0.0%,DB,2012
175,176,James Sanders,0,0,0.0,0,0,0,0,0,1,0.0,0.0,0.0%,DB,2012
176,177,Chris Harris,0,0,0.0,0,0,0,0,0,1,0.0,0.0,0.0%,DB,2012
177,178,Mike Adams,0,0,0.0,0,0,0,0,0,1,0.0,0.0,0.4%,DB,2012
178,179,Pat Lee,0,0,0.0,0,0,0,0,0,1,0.0,0.0,0.0%,DB,2012
179,180,Craig Steltz,0,0,0.0,0,0,0,0,0,1,0.0,0.0,0.0%,DB,2012
180,181,Zackary Bowman,0,0,0.0,0,0,0,0,0,1,0.0,0.0,0.0%,DB,2012
181,182,Corey Lynch,0,0,0.0,0,0,0,0,0,1,0.0,0.0,0.0%,DB,2012
182,183,John Wendling,0,0,0.0,0,0,0,0,0,1,0.0,0.0,0.0%,DB,2012
183,184,Michael Adams,0,0,0.0,0,0,0,0,0,1,0.0,0.0,0.0%,DB,2012
184,185,James Ihedigbo,1,0,1.0,0,0,0,0,0,1,0.0,0.0,4.0%,DB,2012
185,186,Colin Jones,0,0,0.0,0,0,0,0,0,1,0.0,0.0,5.0%,DB,2012
186,187,Charles Clay,0,0,0.0,0,0,0,0,0,1,0.0,0.0,0.0%,DB,2012
187,188,Shiloh Keo,0,0,0.0,0,0,0,0,0,1,0.0,0.0,0.0%,DB,2012
188,189,DeJon Gomes,1,1,0.0,2,0,0,0,0,1,0.0,0.0,0.0%,DB,2012
189,190,Curtis Marsh,0,0,0.0,0,0,0,0,0,1,0.0,0.0,0.0%,DB,2012
190,191,Curtis Brown,0,0,0.0,0,0,0,0,0,1,0.0,0.0,0.0%,DB,2012
191,192,Chris Hope,0,0,0.0,0,0,0,0,0,1,0.0,0.0,0.0%,DB,2012
192,193,Sheldon Brown,9,0,0.0,1,0,0,0,0,1,0.0,0.0,0.0%,DB,2012
193,194,Brandon Boykin,0,0,0.0,0,0,0,0,0,1,0.0,0.0,0.0%,DB,2012
194,195,George Iloka,0,0,0.0,0,0,0,0,0,1,0.0,0.0,0.0%,DB,2012
195,196,Jamell Fleming,0,0,0.0,0,0,0,0,0,1,0.0,0.0,0.0%,DB,2012
196,197,Omar Bolden,0,0,0.0,0,0,0,0,0,1,0.0,0.0,0.0%,DB,2012
197,198,Ron Brooks,0,0,0.0,0,0,0,0,0,1,0.0,0.0,0.0%,DB,2012
198,199,Kevin Rutland,0,0,0.0,0,0,0,0,0,1,0.0,0.0,0.0%,DB,2012
199,200,Anthony Walters,0,0,0.0,0,0,0,0,0,1,0.0,0.0,0.0%,DB,2012
200,201,Jonathon Amaya,0,0,0.0,0,0,0,0,0,1,0.0,0.0,0.0%,DB,2012
201,202,R.J. Stanford,3,0,0.0,0,0,0,0,0,1,0.0,0.0,0.0%,DB,2012
202,203,Tramaine Brock,0,0,0.0,0,0,0,0,0,1,0.0,0.0,0.0%,DB,2012
203,204,Robert Golden,0,0,0.0,0,0,0,0,0,1,0.0,0.0,6.0%,DB,2012
204,205,Coye Francies,0,0,0.0,0,0,0,0,0,1,0.0,0.0,0.0%,DB,2012
205,206,Antwon Blake,0,0,0.0,0,0,0,0,0,1,0.0,0.0,0.0%,DB,2012
206,207,Quinton Pointer,0,0,0.0,0,0,0,0,0,1,0.0,0.0,0.0%,DB,2012
207,208,Rodney McLeod,0,0,0.0,0,0,0,0,0,1,0.0,0.0,0.4%,DB,2012
208,209,Mike Harris,0,0,0.0,0,0,0,0,0,1,0.0,0.0,0.0%,DB,2012
209,210,Justin Bethel,0,0,0.0,0,0,0,0,0,1,0.0,0.0,0.0%,DB,2012
210,211,Josh Bush,0,0,0.0,0,0,0,0,0,1,0.0,0.0,0.0%,DB,2012
211,212,Nate Ebner,0,0,0.0,0,0,0,0,0,1,0.0,0.0,0.0%,DB,2012
212,213,Anthony Levine,0,0,0.0,0,0,0,0,0,1,0.0,0.0,7.0%,DB,2012
213,214,David Sims,0,0,0.0,0,0,0,0,0,1,0.0,0.0,0.0%,DB,2012
214,215,C.J. Spillman,0,0,0.0,0,0,0,0,0,1,0.0,0.0,0.0%,DB,2012
215,216,Dominique Franks,0,0,0.0,0,0,0,0,0,1,0.0,0.0,0.0%,DB,2012
216,217,Chris Clemons,4,6,0.0,1,0,0,0,0,1,0.0,0.0,0.0%,DB,2012
217,218,Sherrod Martin,0,0,0.0,0,0,0,0,0,1,0.0,0.0,0.0%,DB,2012
218,219,Darcel McBath,0,0,0.0,0,0,0,0,0,1,0.0,0.0,0.0%,DB,2012
219,220,Bradley Fletcher,0,0,0.0,0,0,0,0,0,1,0.0,0.0,0.0%,DB,2012
220,221,Sherrick McManis,0,0,0.0,0,0,0,0,0,1,0.0,0.0,0.0%,DB,2012
221,222,Bryan McCann,0,0,0.0,0,0,0,0,0,1,0.0,0.0,0.0%,DB,2012
222,223,Aaron Berry,0,0,0.0,0,0,0,0,0,1,0.0,0.0,0.0%,DB,2012
223,224,Phillip Adams,0,0,0.0,0,0,0,0,0,1,0.0,0.0,0.0%,DB,2012
224,225,Sergio Brown,0,0,0.0,0,0,0,0,0,1,0.0,0.0,0.0%,DB,2012
225,226,Colt Anderson,0,0,0.0,0,0,0,0,0,1,0.0,0.0,0.0%,DB,2012
226,227,Rafael Bush,0,0,0.0,0,0,0,0,0,1,0.0,0.0,0.0%,DB,2012
227,228,Joe Young,0,0,0.0,0,0,0,0,0,1,0.0,0.0,0.0%,DB,2012
228,229,James Dockery,0,0,0.0,0,0,0,0,0,1,0.0,0.0,0.0%,DB,2012
229,230,Darrell Stuckey,0,0,0.0,0,0,0,0,0,1,0.0,0.0,3.0%,DB,2012
230,231,Perrish Cox,0,0,0.0,0,0,0,0,0,1,0.0,0.0,0.0%,DB,2012
231,232,Myron Lewis,0,0,0.0,0,0,0,0,0,1,0.0,0.0,0.0%,DB,2012
232,233,Cody Grimm,0,0,0.0,0,0,0,0,0,1,0.0,0.0,0.0%,DB,2012
233,234,Crezdon Butler,0,0,0.0,0,0,0,0,0,1,0.0,0.0,0.0%,DB,2012
234,235,Jordan Pugh,0,0,0.0,0,0,0,0,0,1,0.0,0.0,0.0%,DB,2012
235,236,Jarrod Wilson,0,0,0.0,0,0,0,0,0,1,0.0,0.0,0.0%,DB,2012
