,Rank,Player,Tackle,Assist,Sack,Pass Defended,Interception,Forced Fumble,Fumble Recovery,Defend Touchdown,Games Played,Fantasy Football Points,FTPS/Game,ROST,Position,Year
0,1,Thomas DeCoud,3,0,0,3,2,0,1,0,1,23.0,23.0,0.0%,DB,2012
1,2,Alterraun Verner,4,3,0,0,0,1,1,1,1,22.3,22.3,0.0%,DB,2012
2,3,Atari Bigby,11,4,0,0,0,0,0,0,1,19.5,19.5,0.0%,DB,2012
3,4,Aqib Talib,7,0,0,1,1,0,0,0,1,19.5,19.5,0.0%,DB,2012
4,5,Ryan Clark,6,1,0,1,1,0,0,0,1,18.8,18.8,0.0%,DB,2012
5,6,Roman Harper,7,3,0,2,0,0,0,0,1,18.3,18.3,1.0%,DB,2012
6,7,Ed Reed,7,2,0,2,0,0,0,0,1,17.5,17.5,0.0%,DB,2012
7,8,Richard Marshall,5,0,0,3,1,0,0,0,1,17.0,17.0,0.0%,DB,2012
8,9,Antoine Cason,5,0,0,3,1,0,0,0,1,17.0,17.0,0.0%,DB,2012
9,10,Darrelle Revis,5,2,0,0,0,1,1,0,1,17.0,17.0,0.0%,DB,2012
10,11,Joselio Hanson,5,3,0,0,0,0,1,0,1,16.3,16.3,0.0%,DB,2012
11,12,William Moore,4,1,0,1,0,1,1,0,1,16.3,16.3,0.0%,DB,2012
12,13,Devin McCourty,6,1,0,4,0,0,0,0,1,15.8,15.8,4.4%,DB,2012
13,14,DeAngelo Hall,8,3,0,1,0,0,0,0,1,15.8,15.8,0.0%,DB,2012
14,15,Josh Norman,8,3,0,1,0,0,0,0,1,15.8,15.8,3.0%,DB,2012
15,16,Jabari Greer,5,0,0,2,1,0,0,0,1,15.5,15.5,0.0%,DB,2012
16,17,LaRon Landry,2,0,0,1,1,0,0,1,1,15.5,15.5,0.0%,DB,2012
17,18,Major Wright,2,0,0,1,1,0,0,1,1,15.5,15.5,0.0%,DB,2012
18,19,Kerry Rhodes,4,0,1,1,0,1,0,0,1,15.5,15.5,0.0%,DB,2012
19,20,Kam Chancellor,7,3,0,0,0,0,0,0,1,15.3,15.3,0.1%,DB,2012
20,21,Malcolm Jenkins,7,1,0,1,0,0,0,0,1,15.3,15.3,15.0%,DB,2012
21,22,Cary Williams,10,0,0,0,0,0,0,0,1,15.0,15.0,0.0%,DB,2012
22,23,Patrick Robinson,5,3,0,3,0,0,0,0,1,14.3,14.3,0.0%,DB,2012
23,24,Josh Wilson,4,0,0,0,0,1,1,0,1,14.0,14.0,0.0%,DB,2012
24,25,Chris Houston,4,1,0,2,0,1,0,0,1,13.8,13.8,0.0%,DB,2012
25,26,Quintin Demps,6,1,0,1,0,0,0,0,1,13.8,13.8,3.0%,DB,2012
26,27,Rahim Moore,9,0,0,0,0,0,0,0,1,13.5,13.5,0.0%,DB,2012
27,28,Kurt Coleman,7,2,0,1,0,0,0,0,1,13.5,13.5,0.0%,DB,2012
28,29,Stanford Routt,4,1,0,1,1,0,0,0,1,13.3,13.3,0.0%,DB,2012
29,30,Cortland Finnegan,2,1,0,3,1,0,0,0,1,13.3,13.3,0.0%,DB,2012
30,31,Antoine Winfield,4,4,0,1,0,0,0,0,1,13.0,13.0,0.0%,DB,2012
31,32,Kareem Jackson,7,1,0,1,0,0,0,0,1,12.8,12.8,0.7%,DB,2012
32,33,Reggie Nelson,7,3,0,0,0,0,0,0,1,12.8,12.8,0.0%,DB,2012
33,34,Steve Gregory,4,0,0,1,1,0,0,0,1,12.5,12.5,0.0%,DB,2012
34,35,Tim Jennings,2,0,0,3,1,0,0,0,1,12.5,12.5,0.0%,DB,2012
35,36,Jamarca Sanford,5,1,0,0,0,1,0,0,1,12.3,12.3,0.0%,DB,2012
36,37,Bernard Pollard,5,1,0,1,0,0,0,0,1,12.3,12.3,0.0%,DB,2012
37,38,Mike Adams,4,2,0,3,0,0,0,0,1,12.0,12.0,0.4%,DB,2012
38,39,Johnathan Joseph,5,0,0,3,0,0,0,0,1,12.0,12.0,0.0%,DB,2012
39,40,Donte Whitner,4,2,0,0,0,1,0,0,1,11.5,11.5,1.0%,DB,2012
40,41,Eric Wright,5,0,0,0,0,0,1,0,1,11.5,11.5,0.0%,DB,2012
41,42,James Sanders,1,0,0,0,0,0,1,1,1,11.5,11.5,0.0%,DB,2012
42,43,Nate Clements,5,5,0,0,0,0,0,0,1,11.3,11.3,0.0%,DB,2012
43,44,Jayron Hosley,1,2,0,2,1,0,0,0,1,11.0,11.0,0.0%,DB,2012
44,45,Ike Taylor,5,1,0,0,0,0,0,0,1,10.8,10.8,0.0%,DB,2012
45,46,Eric Berry,3,5,0,0,0,0,0,0,1,10.8,10.8,0.0%,DB,2012
46,47,Antrel Rolle,7,0,0,0,0,0,0,0,1,10.5,10.5,0.0%,DB,2012
47,48,Kyle Arrington,7,0,0,0,0,0,0,0,1,10.5,10.5,0.0%,DB,2012
48,49,Asante Samuel,6,0,0,1,0,0,0,0,1,10.5,10.5,0.0%,DB,2012
49,50,Charles Godfrey,5,4,0,0,0,0,0,0,1,10.5,10.5,0.0%,DB,2012
50,51,Josh Robinson,2,1,0,1,1,0,0,0,1,10.3,10.3,0.0%,DB,2012
51,52,Terence Newman,4,0,0,1,0,0,0,0,1,10.0,10.0,0.0%,DB,2012
52,53,Buster Skrine,4,0,0,1,0,0,0,0,1,10.0,10.0,0.0%,DB,2012
53,54,William Gay,4,2,0,0,0,0,0,0,1,10.0,10.0,0.1%,DB,2012
54,55,T.J. Ward,6,1,0,0,0,0,0,0,1,9.8,9.8,0.1%,DB,2012
55,56,Janoris Jenkins,5,1,0,1,0,0,0,0,1,9.8,9.8,1.0%,DB,2012
56,57,Patrick Chung,4,1,0,0,0,0,0,0,1,9.3,9.3,0.0%,DB,2012
57,58,Pat Lee,3,1,0,0,0,1,0,0,1,9.3,9.3,0.0%,DB,2012
58,59,Dunta Robinson,5,2,0,0,0,0,0,0,1,9.0,9.0,0.0%,DB,2012
59,60,George Wilson,6,0,0,0,0,0,0,0,1,9.0,9.0,0.0%,DB,2012
60,61,Usama Young,6,0,0,0,0,0,0,0,1,9.0,9.0,0.0%,DB,2012
61,62,Reshad Jones,5,0,0,1,0,0,0,0,1,9.0,9.0,0.0%,DB,2012
62,63,Jason McCourty,4,2,0,1,0,0,0,0,1,9.0,9.0,0.0%,DB,2012
63,64,Michael Griffin,4,4,0,0,0,0,0,0,1,9.0,9.0,5.0%,DB,2012
64,65,Yeremiah Bell,5,2,0,0,0,0,0,0,1,9.0,9.0,0.0%,DB,2012
65,66,Jordan Babineaux,3,2,0,2,0,0,0,0,1,9.0,9.0,0.0%,DB,2012
66,67,Madieu Williams,2,4,0,0,0,0,0,0,1,8.5,8.5,0.0%,DB,2012
67,68,Earl Thomas,2,2,0,0,0,1,0,0,1,8.5,8.5,1.1%,DB,2012
68,69,Ryan Mundy,4,0,0,0,0,0,0,0,1,8.5,8.5,0.0%,DB,2012
69,70,Jimmy Smith,4,1,0,1,0,0,0,0,1,8.3,8.3,0.0%,DB,2012
70,71,John Wendling,5,1,0,0,0,0,0,0,1,8.3,8.3,0.0%,DB,2012
71,72,Brandon Flowers,4,1,0,1,0,0,0,0,1,8.3,8.3,0.0%,DB,2012
72,73,Dwight Bentley,5,1,0,0,0,0,0,0,1,8.3,8.3,0.0%,DB,2012
73,74,Quintin Mikell,4,2,0,0,0,0,0,0,1,7.5,7.5,0.0%,DB,2012
74,75,Chris Harris,4,0,0,1,0,0,0,0,1,7.5,7.5,0.0%,DB,2012
75,76,Justin Rogers,4,0,0,1,0,0,0,0,1,7.5,7.5,0.0%,DB,2012
76,77,Dominique Rodgers-Cromartie,3,0,0,2,0,0,0,0,1,7.5,7.5,0.0%,DB,2012
77,78,Harrison Smith,2,4,0,1,0,0,0,0,1,7.5,7.5,18.9%,DB,2012
78,79,Matt Giordano,4,2,0,0,0,0,0,0,1,7.5,7.5,0.0%,DB,2012
79,80,Jerraud Powers,2,0,0,1,0,0,0,0,1,7.0,7.0,0.0%,DB,2012
80,81,Nnamdi Asomugha,3,0,0,0,0,0,0,0,1,7.0,7.0,0.0%,DB,2012
81,82,Jairus Byrd,3,0,0,0,0,0,0,0,1,7.0,7.0,0.0%,DB,2012
82,83,Brandon McDonald,3,0,0,0,0,0,0,0,1,7.0,7.0,0.0%,DB,2012
83,84,Cortez Allen,4,1,0,0,0,0,0,0,1,6.8,6.8,0.0%,DB,2012
84,85,Rashad Johnson,4,1,0,0,0,0,0,0,1,6.8,6.8,0.0%,DB,2012
85,86,Kenny Phillips,4,1,0,0,0,0,0,0,1,6.8,6.8,0.0%,DB,2012
86,87,William Middleton,3,1,0,1,0,0,0,0,1,6.8,6.8,0.0%,DB,2012
87,88,Leodis McKelvin,0,0,0,1,1,0,0,0,1,6.5,6.5,0.0%,DB,2012
88,89,Tracy Porter,2,1,0,0,0,0,0,0,1,6.3,6.3,0.0%,DB,2012
89,90,Aaron Ross,3,0,0,1,0,0,0,0,1,6.0,6.0,0.0%,DB,2012
90,91,Adam Jones,3,0,0,1,0,0,0,0,1,6.0,6.0,0.0%,DB,2012
91,92,Dwight Lowery,2,0,0,2,0,0,0,0,1,6.0,6.0,0.0%,DB,2012
92,93,Dawan Landry,3,2,0,0,0,0,0,0,1,6.0,6.0,0.0%,DB,2012
93,94,Jamell Fleming,4,0,0,0,0,0,0,0,1,6.0,6.0,0.0%,DB,2012
94,95,Corey Webster,4,0,0,0,0,0,0,0,1,6.0,6.0,0.0%,DB,2012
95,96,Rashean Mathis,3,0,0,1,0,0,0,0,1,6.0,6.0,0.0%,DB,2012
96,97,Eric Weddle,3,2,0,0,0,0,0,0,1,6.0,6.0,11.0%,DB,2012
97,98,Charles Tillman,4,0,0,0,0,0,0,0,1,6.0,6.0,0.1%,DB,2012
98,99,Craig Dahl,4,0,0,0,0,0,0,0,1,6.0,6.0,0.0%,DB,2012
99,100,Tarell Brown,4,0,0,0,0,0,0,0,1,6.0,6.0,0.0%,DB,2012
100,101,D.J. Moore,4,0,0,0,0,0,0,0,1,6.0,6.0,0.0%,DB,2012
101,102,Glover Quin,2,0,0,2,0,0,0,0,1,6.0,6.0,0.0%,DB,2012
102,103,Ronde Barber,4,0,0,0,0,0,0,0,1,6.0,6.0,0.0%,DB,2012
103,104,Richard Sherman,2,2,0,1,0,0,0,0,1,6.0,6.0,0.1%,DB,2012
104,105,Bradley Fletcher,3,0,0,1,0,0,0,0,1,6.0,6.0,0.0%,DB,2012
105,106,Carlos Rogers,1,0,0,0,0,0,1,0,1,5.5,5.5,0.0%,DB,2012
106,107,Michael Huff,3,1,0,0,0,0,0,0,1,5.3,5.3,0.0%,DB,2012
107,108,Brandon Browner,2,1,0,1,0,0,0,0,1,5.3,5.3,0.0%,DB,2012
108,109,Marcus Gilchrist,3,1,0,0,0,0,0,0,1,5.3,5.3,0.0%,DB,2012
109,110,Haruki Nakamura,3,1,0,0,0,0,0,0,1,5.3,5.3,0.0%,DB,2012
110,111,Aaron Williams,1,1,0,2,0,0,0,0,1,5.3,5.3,0.0%,DB,2012
111,112,Chris Cook,3,1,0,0,0,0,0,0,1,5.3,5.3,0.0%,DB,2012
112,113,Chris Gamble,2,3,0,0,0,0,0,0,1,5.3,5.3,0.0%,DB,2012
113,114,Dashon Goldson,2,1,0,1,0,0,0,0,1,5.3,5.3,0.0%,DB,2012
114,115,Tashaun Gipson,3,1,0,0,0,0,0,0,1,5.3,5.3,0.4%,DB,2012
115,116,Brandon Boykin,3,0,0,0,0,0,0,0,1,4.5,4.5,0.0%,DB,2012
116,117,Amari Spievey,3,0,0,0,0,0,0,0,1,4.5,4.5,0.0%,DB,2012
117,118,Antonio Cromartie,2,0,0,1,0,0,0,0,1,4.5,4.5,0.0%,DB,2012
118,119,Charles Woodson,1,2,0,1,0,0,0,0,1,4.5,4.5,0.0%,DB,2012
119,120,Dominique Franks,3,0,0,0,0,0,0,0,1,4.5,4.5,0.0%,DB,2012
120,121,Barry Church,3,0,0,0,0,0,0,0,1,4.5,4.5,2.0%,DB,2012
121,122,Vontae Davis,1,2,0,1,0,0,0,0,1,4.5,4.5,0.0%,DB,2012
122,123,Lardarius Webb,2,0,0,1,0,0,0,0,1,4.5,4.5,0.0%,DB,2012
123,124,Chris Conte,3,0,0,0,0,0,0,0,1,4.5,4.5,0.0%,DB,2012
124,125,Corey White,3,0,0,0,0,0,0,0,1,4.5,4.5,0.0%,DB,2012
125,126,Derek Cox,3,0,0,0,0,0,0,0,1,4.5,4.5,0.0%,DB,2012
126,127,Sean Smith,2,0,0,1,0,0,0,0,1,4.5,4.5,0.0%,DB,2012
127,128,Jeron Johnson,1,0,0,0,0,0,0,0,1,4.0,4.0,0.0%,DB,2012
128,129,Keenan Lewis,2,1,0,0,0,0,0,0,1,3.8,3.8,0.0%,DB,2012
129,130,Nate Allen,2,1,0,0,0,0,0,0,1,3.8,3.8,0.0%,DB,2012
130,131,Tom Zbikowski,2,1,0,0,0,0,0,0,1,3.8,3.8,0.0%,DB,2012
131,132,Jacob Lacey,2,1,0,0,0,0,0,0,1,3.8,3.8,0.0%,DB,2012
132,133,Danieal Manning,2,1,0,0,0,0,0,0,1,3.8,3.8,0.0%,DB,2012
133,134,Richard Crawford,2,1,0,0,0,0,0,0,1,3.8,3.8,0.0%,DB,2012
134,135,Captain Munnerlyn,1,1,0,1,0,0,0,0,1,3.8,3.8,0.0%,DB,2012
135,136,Marcus Trufant,2,1,0,0,0,0,0,0,1,3.8,3.8,0.0%,DB,2012
136,137,Eric Smith,1,0,0,1,0,0,0,0,1,3.0,3.0,0.0%,DB,2012
137,138,Jason Allen,2,0,0,0,0,0,0,0,1,3.0,3.0,0.0%,DB,2012
138,139,Javier Arenas,2,0,0,0,0,0,0,0,1,3.0,3.0,0.0%,DB,2012
139,140,LeQuan Lewis,1,0,0,1,0,0,0,0,1,3.0,3.0,0.0%,DB,2012
140,141,Ellis Lankster,1,0,0,1,0,0,0,0,1,3.0,3.0,0.0%,DB,2012
141,142,Casey Hayward,1,0,0,1,0,0,0,0,1,3.0,3.0,0.0%,DB,2012
142,143,Quentin Jammer,2,0,0,0,0,0,0,0,1,3.0,3.0,0.0%,DB,2012
143,144,Coty Sensabaugh,2,0,0,0,0,0,0,0,1,3.0,3.0,0.0%,DB,2012
144,145,Mike Jenkins,1,0,0,1,0,0,0,0,1,3.0,3.0,0.0%,DB,2012
145,146,Kyle Wilson,2,0,0,0,0,0,0,0,1,3.0,3.0,0.0%,DB,2012
146,147,Tavon Wilson,2,0,0,0,0,0,0,0,1,3.0,3.0,0.0%,DB,2012
147,148,Abram Elam,2,0,0,0,0,0,0,0,1,3.0,3.0,0.0%,DB,2012
148,149,Sam Shields,0,2,0,1,0,0,0,0,1,3.0,3.0,6.0%,DB,2012
149,150,Terrence McGee,1,0,0,1,0,0,0,0,1,3.0,3.0,0.0%,DB,2012
150,151,Brice McCain,1,0,0,1,0,0,0,0,1,3.0,3.0,0.0%,DB,2012
151,152,Prince Amukamara,1,0,0,1,0,0,0,0,1,3.0,3.0,0.0%,DB,2012
152,153,Tramon Williams,1,1,0,0,0,0,0,0,1,2.3,2.3,0.0%,DB,2012
153,154,Chris Culliver,1,1,0,0,0,0,0,0,1,2.3,2.3,0.0%,DB,2012
154,155,Orlando Scandrick,1,1,0,0,0,0,0,0,1,2.3,2.3,0.0%,DB,2012
155,156,Sergio Brown,1,0,0,0,0,0,0,0,1,1.5,1.5,0.0%,DB,2012
156,157,Patrick Peterson,1,0,0,0,0,0,0,0,1,1.5,1.5,0.9%,DB,2012
157,158,Morgan Burnett,0,2,0,0,0,0,0,0,1,1.5,1.5,0.0%,DB,2012
158,159,Dimitri Patterson,0,2,0,0,0,0,0,0,1,1.5,1.5,0.0%,DB,2012
159,160,Antoine Bethea,0,0,0,1,0,0,0,0,1,1.5,1.5,28.0%,DB,2012
160,161,Chris Prosinski,1,0,0,0,0,0,0,0,1,1.5,1.5,4.0%,DB,2012
161,162,Gregory Toler,1,0,0,0,0,0,0,0,1,1.5,1.5,0.0%,DB,2012
162,163,Jerron McMillian,0,0,0,1,0,0,0,0,1,1.5,1.5,0.0%,DB,2012
163,164,Corey Lynch,1,0,0,0,0,0,0,0,1,1.5,1.5,0.0%,DB,2012
164,165,Champ Bailey,1,0,0,0,0,0,0,0,1,1.5,1.5,0.0%,DB,2012
165,166,Brandon Hughes,1,0,0,0,0,0,0,0,1,1.5,1.5,0.0%,DB,2012
166,167,Stephon Gilmore,1,0,0,0,0,0,0,0,1,1.5,1.5,1.5%,DB,2012
167,168,Nolan Carroll,1,0,0,0,0,0,0,0,1,1.5,1.5,0.0%,DB,2012
168,169,Sterling Moore,1,0,0,0,0,0,0,0,1,1.5,1.5,0.0%,DB,2012
169,170,Morris Claiborne,1,0,0,0,0,0,0,0,1,1.5,1.5,0.0%,DB,2012
170,171,Mike Mitchell,1,0,0,0,0,0,0,0,1,1.5,1.5,0.0%,DB,2012
171,172,Erik Coleman,0,2,0,0,0,0,0,0,1,1.5,1.5,0.0%,DB,2012
172,173,Brandon Carr,0,0,0,1,0,0,0,0,1,1.5,1.5,0.0%,DB,2012
173,174,Tony Carter,1,0,0,0,0,0,0,0,1,1.5,1.5,0.0%,DB,2012
174,175,Mike Harris,1,0,0,0,0,0,0,0,1,1.5,1.5,0.0%,DB,2012
175,176,Will Hill,1,0,0,0,0,0,0,0,1,1.5,1.5,0.0%,DB,2012
176,177,Will Allen,0,1,0,0,0,0,0,0,1,0.8,0.8,0.0%,DB,2012
177,178,Taylor Mays,0,1,0,0,0,0,0,0,1,0.8,0.8,0.0%,DB,2012
178,179,Robert Johnson,0,1,0,0,0,0,0,0,1,0.8,0.8,0.0%,DB,2012
179,180,Justin King,0,1,0,0,0,0,0,0,1,0.8,0.8,0.0%,DB,2012
180,181,Greg Gatson,0,0,0,0,0,0,0,0,1,0.0,0.0,0.0%,DB,2012
181,182,Mana Silva,0,0,0,0,0,0,0,0,1,0.0,0.0,0.0%,DB,2012
182,183,Chris Maragos,0,0,0,0,0,0,0,0,1,0.0,0.0,0.0%,DB,2012
183,184,Isaiah Trufant,0,0,0,0,0,0,0,0,1,0.0,0.0,0.0%,DB,2012
184,185,Trenton Robinson,0,0,0,0,0,0,0,0,1,0.0,0.0,0.0%,DB,2012
185,186,Brandian Ross,0,0,0,0,0,0,0,0,1,0.0,0.0,0.0%,DB,2012
186,187,Jim Leonhard,0,0,0,0,0,0,0,0,1,0.0,0.0,0.0%,DB,2012
187,188,Reed Doughty,0,0,0,0,0,0,0,0,1,0.0,0.0,0.0%,DB,2012
188,189,Jarrett Bush,0,0,0,0,0,0,0,0,1,0.0,0.0,0.0%,DB,2012
189,190,Kelvin Hayden,0,0,0,0,0,0,0,0,1,0.0,0.0,0.0%,DB,2012
190,191,Travis Daniels,1,0,0,1,0,0,0,0,1,0.0,0.0,0.0%,DB,2012
191,192,Tyvon Branch,5,5,0,0,0,0,0,0,1,0.0,0.0,0.0%,DB,2012
192,193,Craig Steltz,0,0,0,0,0,0,0,0,1,0.0,0.0,0.0%,DB,2012
193,194,Justin Tryon,0,0,0,0,0,0,1,0,1,0.0,0.0,0.0%,DB,2012
194,195,James Ihedigbo,0,0,0,0,0,0,0,0,1,0.0,0.0,4.0%,DB,2012
195,196,Corey Graham,0,0,0,0,0,0,0,0,1,0.0,0.0,0.0%,DB,2012
196,197,Alan Ball,0,0,0,0,0,0,0,0,1,0.0,0.0,0.0%,DB,2012
197,198,Bubba Ventrone,0,0,0,0,0,0,0,0,1,0.0,0.0,0.0%,DB,2012
198,199,Michael Adams,0,0,0,0,0,0,0,0,1,0.0,0.0,0.0%,DB,2012
199,200,Chykie Brown,0,0,0,0,0,0,0,0,1,0.0,0.0,0.0%,DB,2012
200,201,Josh Thomas,0,0,0,0,0,0,0,0,1,0.0,0.0,0.0%,DB,2012
201,202,Shiloh Keo,0,0,0,0,0,0,0,0,1,0.0,0.0,0.0%,DB,2012
202,203,DeJon Gomes,1,2,0,0,0,0,0,0,1,0.0,0.0,0.0%,DB,2012
203,204,Ahmad Black,0,0,0,0,0,0,0,0,1,0.0,0.0,0.0%,DB,2012
204,205,Mistral Raymond,0,0,0,0,0,0,0,0,1,0.0,0.0,0.0%,DB,2012
205,206,Charles Clay,0,0,0,0,0,0,0,0,1,0.0,0.0,0.0%,DB,2012
206,207,Ras-I Dowling,0,0,0,0,0,0,0,0,1,0.0,0.0,0.0%,DB,2012
207,208,Johnny Patrick,0,0,0,0,0,0,0,0,1,0.0,0.0,0.0%,DB,2012
208,209,Jalil Brown,0,0,0,0,0,0,0,0,1,0.0,0.0,0.0%,DB,2012
209,210,DeMarcus Van,0,0,0,0,0,0,0,0,1,0.0,0.0,0.0%,DB,2012
210,211,Curtis Marsh,0,0,0,0,0,0,0,0,1,0.0,0.0,0.0%,DB,2012
211,212,Curtis Brown,0,0,0,0,0,0,0,0,1,0.0,0.0,0.0%,DB,2012
212,213,Da'Norris Searcy,0,0,0,0,0,0,0,0,1,0.0,0.0,0.0%,DB,2012
213,214,Quinton Carter,0,0,0,0,0,0,0,0,1,0.0,0.0,0.0%,DB,2012
214,215,Jimmy Wilson,0,0,0,0,0,0,0,0,1,0.0,0.0,0.0%,DB,2012
215,216,Sheldon Brown,6,0,0,1,0,0,0,0,1,0.0,0.0,0.0%,DB,2012
216,217,Chris Hope,0,0,0,0,0,0,0,0,1,0.0,0.0,0.0%,DB,2012
217,218,Tommie Campbell,0,0,0,0,0,0,0,0,1,0.0,0.0,0.0%,DB,2012
218,219,Darcel McBath,0,0,0,0,0,0,0,0,1,0.0,0.0,0.0%,DB,2012
219,220,Jeremy Lane,0,0,0,0,0,0,0,0,1,0.0,0.0,0.0%,DB,2012
220,221,Justin Bethel,0,0,0,0,0,0,0,0,1,0.0,0.0,0.0%,DB,2012
221,222,Josh Bush,0,0,0,0,0,0,0,0,1,0.0,0.0,0.0%,DB,2012
222,223,Charles Mitchell,0,0,0,0,0,0,0,0,1,0.0,0.0,0.0%,DB,2012
223,224,Jonte Green,0,0,0,0,0,0,0,0,1,0.0,0.0,0.0%,DB,2012
224,225,Nate Ebner,0,0,0,0,0,0,0,0,1,0.0,0.0,0.0%,DB,2012
225,226,Trevin Wade,0,0,0,0,0,0,0,0,1,0.0,0.0,0.0%,DB,2012
226,227,Christian Thompson,0,0,0,0,0,0,0,0,1,0.0,0.0,0.0%,DB,2012
227,228,R.J. Stanford,0,0,0,0,0,0,0,0,1,0.0,0.0,0.0%,DB,2012
228,229,Tramaine Brock,0,0,0,0,0,0,0,0,1,0.0,0.0,0.0%,DB,2012
229,230,Marcus Sherels,0,0,0,0,0,0,0,0,1,0.0,0.0,0.0%,DB,2012
230,231,George Iloka,0,0,0,0,0,0,0,0,1,0.0,0.0,0.0%,DB,2012
231,232,Leonard Johnson,0,0,0,0,0,0,0,0,1,0.0,0.0,0.0%,DB,2012
232,233,Trumaine Johnson,0,0,0,0,0,0,0,0,1,0.0,0.0,0.0%,DB,2012
233,234,Omar Bolden,0,0,0,0,0,0,0,0,1,0.0,0.0,0.0%,DB,2012
234,235,David Sims,0,0,0,0,0,0,0,0,1,0.0,0.0,0.0%,DB,2012
235,236,Robert Golden,0,0,0,0,0,0,0,0,1,0.0,0.0,6.0%,DB,2012
236,237,Delano Howell,0,0,0,0,0,0,0,0,1,0.0,0.0,0.0%,DB,2012
237,238,Johnson Bademosi,0,0,0,0,0,0,0,0,1,0.0,0.0,0.0%,DB,2012
238,239,Rodney McLeod,0,0,0,0,0,0,0,0,1,0.0,0.0,0.4%,DB,2012
239,240,Antwon Blake,0,0,0,0,0,0,0,0,1,0.0,0.0,0.0%,DB,2012
240,241,Tysyn Hartman,0,0,0,0,0,0,0,0,1,0.0,0.0,0.0%,DB,2012
241,242,Coye Francies,0,0,0,0,0,0,0,0,1,0.0,0.0,0.0%,DB,2012
242,243,Sherrod Martin,0,0,0,0,0,0,0,0,1,0.0,0.0,0.0%,DB,2012
243,244,C.J. Spillman,0,0,0,0,0,0,0,0,1,0.0,0.0,0.0%,DB,2012
244,245,Marquice Cole,0,0,0,0,0,0,0,0,1,0.0,0.0,0.0%,DB,2012
245,246,Troy Nolan,0,0,0,0,0,0,0,0,1,0.0,0.0,0.0%,DB,2012
246,247,Darrell Stuckey,0,0,0,0,0,0,0,0,1,0.0,0.0,3.0%,DB,2012
247,248,Perrish Cox,0,0,0,0,0,0,0,0,1,0.0,0.0,0.0%,DB,2012
248,249,Jerome Murphy,0,0,0,0,0,0,0,0,1,0.0,0.0,0.0%,DB,2012
249,250,Myron Lewis,0,0,0,0,0,0,0,0,1,0.0,0.0,0.0%,DB,2012
250,251,Crezdon Butler,0,0,0,0,0,0,0,0,1,0.0,0.0,0.0%,DB,2012
251,252,Ryan Mouton,6,3,0,0,0,0,0,0,1,0.0,0.0,0.0%,DB,2012
252,253,David Bruton,0,0,0,0,0,0,0,0,1,0.0,0.0,0.0%,DB,2012
253,254,Chris Clemons,6,0,0,1,1,0,0,0,1,0.0,0.0,0.0%,DB,2012
254,255,Rafael Bush,0,0,0,0,0,0,0,0,1,0.0,0.0,0.0%,DB,2012
255,256,Joe Young,0,0,0,0,0,0,0,0,1,0.0,0.0,0.0%,DB,2012
256,257,M.D. Jennings,0,0,0,0,0,0,0,0,1,0.0,0.0,0.0%,DB,2012
257,258,Isa Abdul-Quddus,0,0,0,0,0,0,0,0,1,0.0,0.0,0.0%,DB,2012
258,259,Kevin Rutland,0,0,0,0,0,0,0,0,1,0.0,0.0,0.0%,DB,2012
259,260,Andrew Sendejo,0,0,0,0,0,0,0,0,1,0.0,0.0,0.0%,DB,2012
260,261,Anthony Walters,0,0,0,0,0,0,0,0,1,0.0,0.0,0.0%,DB,2012
261,262,Terrence Johnson,0,0,0,0,0,0,0,0,1,0.0,0.0,0.0%,DB,2012
262,263,Jeromy Miles,0,0,0,0,0,0,0,0,1,0.0,0.0,0.0%,DB,2012
263,264,Stevie Brown,0,0,0,1,1,0,0,0,1,0.0,0.0,0.0%,DB,2012
264,265,Cody Grimm,0,0,0,0,0,0,0,0,1,0.0,0.0,0.0%,DB,2012
265,266,Phillip Adams,0,0,0,0,0,0,0,0,1,0.0,0.0,0.0%,DB,2012
266,267,Robert McClain,0,0,0,0,0,0,0,0,1,0.0,0.0,0.0%,DB,2012
267,268,Colt Anderson,0,0,0,0,0,0,0,0,1,0.0,0.0,0.0%,DB,2012
268,269,Sherrick McManis,0,0,0,0,0,0,0,0,1,0.0,0.0,0.0%,DB,2012
269,270,Danny McCray,0,0,0,0,0,0,0,0,1,0.0,0.0,0.0%,DB,2012
270,271,Cassius Vaughn,0,0,0,0,0,0,0,0,1,0.0,0.0,0.0%,DB,2012
271,272,Darian Stewart,0,0,0,0,0,0,0,0,1,0.0,0.0,0.0%,DB,2012
272,273,A.J. Jefferson,0,0,0,0,0,0,0,0,1,0.0,0.0,0.0%,DB,2012
273,274,Anthony Jefferson,0,0,0,0,0,0,0,0,1,0.0,0.0,0.0%,DB,2012
274,275,Jarrod Wilson,0,0,0,0,0,0,0,0,1,0.0,0.0,0.0%,DB,2012
