,Rank,Player,Tackle,Assist,Sack,Pass Defended,Interception,Forced Fumble,Fumble Recovery,Defend Touchdown,Games Played,Fantasy Football Points,FTPS/Game,ROST,Position,Year
0,1,Roman Harper,5,1,0.0,3,1,0,0,0,1,20.3,20.3,1.0%,DB,2012
1,2,Cortland Finnegan,5,5,1.0,1,0,0,0,0,1,19.3,19.3,0.0%,DB,2012
2,3,Dunta Robinson,3,3,0.5,2,1,0,0,0,1,19.3,19.3,0.0%,DB,2012
3,4,Tramon Williams,7,0,0.0,4,0,0,0,0,1,19.0,19.0,0.0%,DB,2012
4,5,Charles Tillman,4,0,0.0,1,1,0,0,1,1,18.5,18.5,0.1%,DB,2012
5,6,Usama Young,5,5,0.0,1,1,0,0,0,1,17.8,17.8,0.0%,DB,2012
6,7,Eric Weddle,6,1,1.0,0,0,1,0,0,1,17.8,17.8,11.0%,DB,2012
7,8,Mike Adams,6,6,0.0,0,0,0,1,0,1,17.5,17.5,0.4%,DB,2012
8,9,Brandon Browner,4,2,0.0,1,0,1,1,0,1,17.0,17.0,0.0%,DB,2012
9,10,Reshad Jones,3,4,0.0,1,1,0,0,0,1,16.5,16.5,0.0%,DB,2012
10,11,Captain Munnerlyn,2,1,0.0,1,1,0,0,1,1,16.3,16.3,0.0%,DB,2012
11,12,Rahim Moore,6,6,0.0,0,0,0,0,0,1,16.0,16.0,0.0%,DB,2012
12,13,Sean Smith,6,2,0.0,1,0,1,0,0,1,16.0,16.0,0.0%,DB,2012
13,14,Keenan Lewis,7,0,0.0,1,0,1,0,0,1,16.0,16.0,0.0%,DB,2012
14,15,Jordan Babineaux,4,4,0.0,1,1,0,0,0,1,15.5,15.5,0.0%,DB,2012
15,16,Quentin Jammer,4,2,0.0,2,1,0,0,0,1,15.5,15.5,0.0%,DB,2012
16,17,Antoine Cason,7,1,0.0,0,0,1,0,0,1,15.3,15.3,0.0%,DB,2012
17,18,Nate Clements,4,5,0.0,1,0,1,0,0,1,15.3,15.3,0.0%,DB,2012
18,19,Charles Woodson,7,1,0.0,2,0,0,0,0,1,14.3,14.3,0.0%,DB,2012
19,20,Bernard Pollard,9,1,0.0,0,0,0,0,0,1,14.3,14.3,0.0%,DB,2012
20,21,Terence Newman,4,2,0.0,0,0,0,1,0,1,14.0,14.0,0.0%,DB,2012
21,22,Derek Cox,4,0,0.0,2,1,0,0,0,1,14.0,14.0,0.0%,DB,2012
22,23,Patrick Peterson,4,0,0.0,2,1,0,0,0,1,14.0,14.0,0.9%,DB,2012
23,24,Alterraun Verner,5,2,0.0,0,0,0,0,0,1,14.0,14.0,0.0%,DB,2012
24,25,Reggie Nelson,5,5,0.0,0,0,0,0,0,1,13.8,13.8,0.0%,DB,2012
25,26,Buster Skrine,6,0,0.0,3,0,0,0,0,1,13.5,13.5,0.0%,DB,2012
26,27,Jason McCourty,7,2,0.0,1,0,0,0,0,1,13.5,13.5,0.0%,DB,2012
27,28,Morgan Burnett,9,0,0.0,0,0,0,0,0,1,13.5,13.5,0.0%,DB,2012
28,29,Richard Sherman,5,0,0.0,1,0,1,0,0,1,13.0,13.0,0.1%,DB,2012
29,30,Nate Allen,7,1,0.0,1,0,0,0,0,1,12.8,12.8,0.0%,DB,2012
30,31,Jerraud Powers,4,0,0.0,1,1,0,0,0,1,12.5,12.5,0.0%,DB,2012
31,32,DeAngelo Hall,4,5,0.0,0,0,0,0,0,1,12.3,12.3,0.0%,DB,2012
32,33,Rashean Mathis,7,0,0.0,1,0,0,0,0,1,12.0,12.0,0.0%,DB,2012
33,34,Josh Wilson,4,2,0.0,3,0,0,0,0,1,12.0,12.0,0.0%,DB,2012
34,35,Sterling Moore,2,1,0.0,0,0,1,1,0,1,11.8,11.8,0.0%,DB,2012
35,36,Antoine Winfield,3,1,0.0,1,1,0,0,0,1,11.8,11.8,0.0%,DB,2012
36,37,Cary Williams,3,1,0.0,1,1,0,0,0,1,11.8,11.8,0.0%,DB,2012
37,38,Ryan Clark,4,0,0.0,1,0,1,0,0,1,11.5,11.5,0.0%,DB,2012
38,39,Corey Webster,7,1,0.0,0,0,0,0,0,1,11.3,11.3,0.0%,DB,2012
39,40,Nnamdi Asomugha,7,1,0.0,0,0,0,0,0,1,11.3,11.3,0.0%,DB,2012
40,41,Tavon Wilson,5,5,0.0,0,0,0,0,0,1,11.3,11.3,0.0%,DB,2012
41,42,Lardarius Webb,3,0,0.0,1,1,0,0,0,1,11.0,11.0,0.0%,DB,2012
42,43,Glover Quin,5,1,0.0,0,0,0,0,0,1,10.8,10.8,0.0%,DB,2012
43,44,Brice McCain,1,1,0.5,1,1,0,0,0,1,10.8,10.8,0.0%,DB,2012
44,45,Antrel Rolle,5,1,0.0,0,0,0,0,0,1,10.8,10.8,0.0%,DB,2012
45,46,William Moore,5,4,0.0,0,0,0,0,0,1,10.5,10.5,0.0%,DB,2012
46,47,Tim Jennings,6,0,0.0,1,0,0,0,0,1,10.5,10.5,0.0%,DB,2012
47,48,Yeremiah Bell,7,0,0.0,0,0,0,0,0,1,10.5,10.5,0.0%,DB,2012
48,49,Thomas DeCoud,2,1,0.0,1,1,0,0,0,1,10.3,10.3,0.0%,DB,2012
49,50,Marcus Gilchrist,4,0,0.0,1,0,0,0,0,1,10.0,10.0,0.0%,DB,2012
50,51,Josh Robinson,6,1,0.0,0,0,0,0,0,1,9.8,9.8,0.0%,DB,2012
51,52,Janoris Jenkins,3,1,0.0,3,0,0,0,0,1,9.8,9.8,1.0%,DB,2012
52,53,Dawan Landry,6,1,0.0,0,0,0,0,0,1,9.8,9.8,0.0%,DB,2012
53,54,Patrick Robinson,6,1,0.0,0,0,0,0,0,1,9.8,9.8,0.0%,DB,2012
54,55,LaRon Landry,5,3,0.0,0,0,0,0,0,1,9.8,9.8,0.0%,DB,2012
55,56,Brandon Flowers,2,0,0.0,1,1,0,0,0,1,9.5,9.5,0.0%,DB,2012
56,57,Bradley Fletcher,3,1,1.0,0,0,0,0,0,1,9.3,9.3,0.0%,DB,2012
57,58,Sam Shields,5,0,0.0,1,0,0,0,0,1,9.0,9.0,6.0%,DB,2012
58,59,George Wilson,6,0,0.0,0,0,0,0,0,1,9.0,9.0,0.0%,DB,2012
59,60,Chris Culliver,1,1,0.0,1,1,0,0,0,1,8.8,8.8,0.0%,DB,2012
60,61,Casey Hayward,1,1,0.0,1,1,0,0,0,1,8.8,8.8,0.0%,DB,2012
61,62,Chris Conte,4,0,0.0,0,0,0,0,0,1,8.5,8.5,0.0%,DB,2012
62,63,Ed Reed,3,0,0.0,0,0,0,1,0,1,8.5,8.5,0.0%,DB,2012
63,64,Josh Thomas,3,0,0.0,0,0,0,1,0,1,8.5,8.5,0.0%,DB,2012
64,65,Dashon Goldson,3,0,0.0,0,0,0,1,0,1,8.5,8.5,0.0%,DB,2012
65,66,Chris Harris,4,3,0.0,0,0,0,0,0,1,8.3,8.3,0.0%,DB,2012
66,67,Kurt Coleman,4,1,0.0,1,0,0,0,0,1,8.3,8.3,0.0%,DB,2012
67,68,Stephon Gilmore,4,1,0.0,1,0,0,0,0,1,8.3,8.3,1.5%,DB,2012
68,69,Kam Chancellor,3,1,0.0,2,0,0,0,0,1,8.3,8.3,0.1%,DB,2012
69,70,Kareem Jackson,1,0,0.0,1,1,0,0,0,1,8.0,8.0,0.7%,DB,2012
70,71,Antonio Cromartie,1,0,0.0,1,1,0,0,0,1,8.0,8.0,0.0%,DB,2012
71,72,Craig Dahl,4,2,0.0,0,0,0,0,0,1,7.5,7.5,0.0%,DB,2012
72,73,Johnathan Joseph,5,0,0.0,0,0,0,0,0,1,7.5,7.5,0.0%,DB,2012
73,74,Antoine Bethea,4,2,0.0,0,0,0,0,0,1,7.5,7.5,28.0%,DB,2012
74,75,Eric Berry,5,0,0.0,0,0,0,0,0,1,7.5,7.5,0.0%,DB,2012
75,76,Dimitri Patterson,3,0,0.0,2,0,0,0,0,1,7.5,7.5,0.0%,DB,2012
76,77,Corey Lynch,3,0,0.0,0,0,0,0,0,1,7.0,7.0,0.0%,DB,2012
77,78,Major Wright,3,0,0.0,0,0,0,0,0,1,7.0,7.0,0.0%,DB,2012
78,79,D.J. Moore,3,0,0.0,0,0,0,0,0,1,7.0,7.0,0.0%,DB,2012
79,80,Harrison Smith,2,0,0.0,0,0,0,1,0,1,7.0,7.0,18.9%,DB,2012
80,81,Will Hill,3,0,0.0,0,0,0,0,0,1,7.0,7.0,0.0%,DB,2012
81,82,Madieu Williams,1,3,0.0,2,0,0,0,0,1,6.8,6.8,0.0%,DB,2012
82,83,Tracy Porter,3,3,0.0,0,0,0,0,0,1,6.8,6.8,0.0%,DB,2012
83,84,Ryan Mundy,4,1,0.0,0,0,0,0,0,1,6.8,6.8,0.0%,DB,2012
84,85,Sherrod Martin,4,1,0.0,0,0,0,0,0,1,6.8,6.8,0.0%,DB,2012
85,86,Chris Cook,3,1,0.0,1,0,0,0,0,1,6.8,6.8,0.0%,DB,2012
86,87,Robert Blanton,4,1,0.0,0,0,0,0,0,1,6.8,6.8,0.0%,DB,2012
87,88,Robert Johnson,0,0,0.0,1,1,0,0,0,1,6.5,6.5,0.0%,DB,2012
88,89,Jamarca Sanford,2,0,0.0,2,0,0,0,0,1,6.0,6.0,0.0%,DB,2012
89,90,Devin McCourty,4,0,0.0,0,0,0,0,0,1,6.0,6.0,4.4%,DB,2012
90,91,Gregory Toler,4,0,0.0,0,0,0,0,0,1,6.0,6.0,0.0%,DB,2012
91,92,Nolan Carroll,2,2,0.0,1,0,0,0,0,1,6.0,6.0,0.0%,DB,2012
92,93,Brandon Boykin,4,0,0.0,0,0,0,0,0,1,6.0,6.0,0.0%,DB,2012
93,94,Trumaine Johnson,4,0,0.0,0,0,0,0,0,1,6.0,6.0,0.0%,DB,2012
94,95,Patrick Chung,3,2,0.0,0,0,0,0,0,1,6.0,6.0,0.0%,DB,2012
95,96,Cassius Vaughn,3,1,0.0,0,0,0,0,0,1,5.3,5.3,0.0%,DB,2012
96,97,Tom Zbikowski,2,1,0.0,1,0,0,0,0,1,5.3,5.3,0.0%,DB,2012
97,98,Champ Bailey,3,1,0.0,0,0,0,0,0,1,5.3,5.3,0.0%,DB,2012
98,99,Michael Griffin,2,3,0.0,0,0,0,0,0,1,5.3,5.3,5.0%,DB,2012
99,100,Danieal Manning,2,1,0.0,1,0,0,0,0,1,5.3,5.3,0.0%,DB,2012
100,101,Aaron Williams,2,3,0.0,0,0,0,0,0,1,5.3,5.3,0.0%,DB,2012
101,102,Corey White,2,1,0.0,1,0,0,0,0,1,5.3,5.3,0.0%,DB,2012
102,103,Kyle Arrington,3,1,0.0,0,0,0,0,0,1,5.3,5.3,0.0%,DB,2012
103,104,Malcolm Jenkins,1,3,0.0,1,0,0,0,0,1,5.3,5.3,15.0%,DB,2012
104,105,Jimmy Wilson,1,2,0.0,1,0,0,0,0,1,4.5,4.5,0.0%,DB,2012
105,106,Haruki Nakamura,1,4,0.0,0,0,0,0,0,1,4.5,4.5,0.0%,DB,2012
106,107,Alfonzo Dennard,1,0,0.0,2,0,0,0,0,1,4.5,4.5,0.0%,DB,2012
107,108,Dominique Rodgers-Cromartie,3,0,0.0,0,0,0,0,0,1,4.5,4.5,0.0%,DB,2012
108,109,Stanford Routt,3,0,0.0,0,0,0,0,0,1,4.5,4.5,0.0%,DB,2012
109,110,Dwight Lowery,2,0,0.0,1,0,0,0,0,1,4.5,4.5,0.0%,DB,2012
110,111,Da'Norris Searcy,3,0,0.0,0,0,0,0,0,1,4.5,4.5,0.0%,DB,2012
111,112,Josh Norman,2,2,0.0,0,0,0,0,0,1,4.5,4.5,3.0%,DB,2012
112,113,Richard Crawford,2,2,0.0,0,0,0,0,0,1,4.5,4.5,0.0%,DB,2012
113,114,T.J. Ward,2,2,0.0,0,0,0,0,0,1,4.5,4.5,0.1%,DB,2012
114,115,Donte Whitner,3,0,0.0,0,0,0,0,0,1,4.5,4.5,1.0%,DB,2012
115,116,Darian Stewart,3,0,0.0,0,0,0,0,0,1,4.5,4.5,0.0%,DB,2012
116,117,Eric Smith,1,1,0.0,1,0,0,0,0,1,3.8,3.8,0.0%,DB,2012
117,118,Johnny Patrick,2,1,0.0,0,0,0,0,0,1,3.8,3.8,0.0%,DB,2012
118,119,Carlos Rogers,2,1,0.0,0,0,0,0,0,1,3.8,3.8,0.0%,DB,2012
119,120,Reed Doughty,2,1,0.0,0,0,0,0,0,1,3.8,3.8,0.0%,DB,2012
120,121,Josh Gordy,2,1,0.0,0,0,0,0,0,1,3.8,3.8,0.0%,DB,2012
121,122,Leon Hall,1,1,0.0,1,0,0,0,0,1,3.8,3.8,0.0%,DB,2012
122,123,Prince Amukamara,2,1,0.0,0,0,0,0,0,1,3.8,3.8,0.0%,DB,2012
123,124,Jairus Byrd,1,2,0.0,0,0,0,0,0,1,3.0,3.0,0.0%,DB,2012
124,125,Aaron Ross,2,0,0.0,0,0,0,0,0,1,3.0,3.0,0.0%,DB,2012
125,126,Troy Polamalu,2,0,0.0,0,0,0,0,0,1,3.0,3.0,0.0%,DB,2012
126,127,Adam Jones,1,0,0.0,1,0,0,0,0,1,3.0,3.0,0.0%,DB,2012
127,128,Tarell Brown,2,0,0.0,0,0,0,0,0,1,3.0,3.0,0.0%,DB,2012
128,129,Earl Thomas,1,0,0.0,1,0,0,0,0,1,3.0,3.0,1.1%,DB,2012
129,130,Robert McClain,2,0,0.0,0,0,0,0,0,1,3.0,3.0,0.0%,DB,2012
130,131,Kerry Rhodes,2,0,0.0,0,0,0,0,0,1,3.0,3.0,0.0%,DB,2012
131,132,Sergio Brown,1,0,0.0,1,0,0,0,0,1,3.0,3.0,0.0%,DB,2012
132,133,Ike Taylor,2,0,0.0,0,0,0,0,0,1,3.0,3.0,0.0%,DB,2012
133,134,Charles Godfrey,1,2,0.0,0,0,0,0,0,1,3.0,3.0,0.0%,DB,2012
134,135,Javier Arenas,1,0,0.0,1,0,0,0,0,1,3.0,3.0,0.0%,DB,2012
135,136,Quintin Mikell,1,2,0.0,0,0,0,0,0,1,3.0,3.0,0.0%,DB,2012
136,137,Abram Elam,1,0,0.0,1,0,0,0,0,1,3.0,3.0,0.0%,DB,2012
137,138,Atari Bigby,2,0,0.0,0,0,0,0,0,1,3.0,3.0,0.0%,DB,2012
138,139,Ras-I Dowling,1,1,0.0,0,0,0,0,0,1,2.3,2.3,0.0%,DB,2012
139,140,Trevin Wade,1,0,0.0,0,0,0,0,0,1,1.5,1.5,0.0%,DB,2012
140,141,Darcel McBath,1,0,0.0,0,0,0,0,0,1,1.5,1.5,0.0%,DB,2012
141,142,A.J. Jefferson,1,0,0.0,0,0,0,0,0,1,1.5,1.5,0.0%,DB,2012
142,143,Ellis Lankster,1,0,0.0,0,0,0,0,0,1,1.5,1.5,0.0%,DB,2012
143,144,Perrish Cox,1,0,0.0,0,0,0,0,0,1,1.5,1.5,0.0%,DB,2012
144,145,Tommie Campbell,1,0,0.0,0,0,0,0,0,1,1.5,1.5,0.0%,DB,2012
145,146,Adrian Wilson,1,0,0.0,0,0,0,0,0,1,1.5,1.5,0.0%,DB,2012
146,147,Tramaine Brock,1,0,0.0,0,0,0,0,0,1,1.5,1.5,0.0%,DB,2012
147,148,C.J. Spillman,1,0,0.0,0,0,0,0,0,1,1.5,1.5,0.0%,DB,2012
148,149,Terrence McGee,1,0,0.0,0,0,0,0,0,1,1.5,1.5,0.0%,DB,2012
149,150,Asante Samuel,1,0,0.0,0,0,0,0,0,1,1.5,1.5,0.0%,DB,2012
150,151,Cortez Allen,1,0,0.0,0,0,0,0,0,1,1.5,1.5,0.0%,DB,2012
151,152,Michael Adams,1,0,0.0,0,0,0,0,0,1,1.5,1.5,0.0%,DB,2012
152,153,Justin Rogers,1,0,0.0,0,0,0,0,0,1,1.5,1.5,0.0%,DB,2012
153,154,Jabari Greer,0,0,0.0,1,0,0,0,0,1,1.5,1.5,0.0%,DB,2012
154,155,Chris Crocker,1,0,0.0,0,0,0,0,0,1,1.5,1.5,0.0%,DB,2012
155,156,Isa Abdul-Quddus,0,1,0.0,0,0,0,0,0,1,0.8,0.8,0.0%,DB,2012
156,157,Marcus Trufant,0,1,0.0,0,0,0,0,0,1,0.8,0.8,0.0%,DB,2012
157,158,Brandon Hughes,0,0,0.0,0,0,0,0,0,1,0.0,0.0,0.0%,DB,2012
158,159,Chris Maragos,0,0,0.0,0,0,0,0,0,1,0.0,0.0,0.0%,DB,2012
159,160,Isaiah Trufant,0,0,0.0,0,0,0,0,0,1,0.0,0.0,0.0%,DB,2012
160,161,Neiko Thorpe,0,0,0.0,0,0,0,0,0,1,0.0,0.0,0.0%,DB,2012
161,162,Chris Carr,0,0,0.0,0,0,0,0,0,1,0.0,0.0,0.0%,DB,2012
162,163,Jarrett Bush,0,0,0.0,0,0,0,0,0,1,0.0,0.0,0.0%,DB,2012
163,164,Jim Leonhard,0,0,0.0,0,0,0,0,0,1,0.0,0.0,0.0%,DB,2012
164,165,Kelvin Hayden,0,0,0.0,0,0,0,0,0,1,0.0,0.0,0.0%,DB,2012
165,166,Sean Considine,0,0,0.0,0,0,0,0,0,1,0.0,0.0,0.0%,DB,2012
166,167,Travis Daniels,1,0,0.0,0,0,0,0,0,1,0.0,0.0,0.0%,DB,2012
167,168,James Sanders,0,0,0.0,0,0,0,0,0,1,0.0,0.0,0.0%,DB,2012
168,169,Leodis McKelvin,0,0,0.0,0,0,0,0,0,1,0.0,0.0,0.0%,DB,2012
169,170,Bubba Ventrone,0,0,0.0,0,0,0,0,0,1,0.0,0.0,0.0%,DB,2012
170,171,Craig Steltz,0,0,0.0,0,0,0,0,0,1,0.0,0.0,0.0%,DB,2012
171,172,Corey Graham,0,0,0.0,0,0,0,0,0,1,0.0,0.0,0.0%,DB,2012
172,173,William Gay,0,0,0.0,0,0,0,0,0,1,0.0,0.0,0.1%,DB,2012
173,174,Alan Ball,0,0,0.0,0,0,0,0,0,1,0.0,0.0,0.0%,DB,2012
174,175,Byron Maxwell,0,0,0.0,0,0,0,0,0,1,0.0,0.0,0.0%,DB,2012
175,176,Shiloh Keo,0,0,0.0,0,0,0,0,0,1,0.0,0.0,0.0%,DB,2012
176,177,DeJon Gomes,3,1,0.0,0,0,0,0,0,1,0.0,0.0,0.0%,DB,2012
177,178,Chykie Brown,0,0,0.0,0,0,0,0,0,1,0.0,0.0,0.0%,DB,2012
178,179,Charles Clay,0,0,0.0,0,0,0,0,0,1,0.0,0.0,0.0%,DB,2012
179,180,Colin Jones,0,0,0.0,0,0,0,0,0,1,0.0,0.0,5.0%,DB,2012
180,181,Brandon Burton,0,0,0.0,0,0,0,0,0,1,0.0,0.0,0.0%,DB,2012
181,182,Jimmy Smith,0,0,0.0,0,0,0,0,0,1,0.0,0.0,0.0%,DB,2012
182,183,DeMarcus Van,0,0,0.0,0,0,0,0,0,1,0.0,0.0,0.0%,DB,2012
183,184,Curtis Marsh,0,0,0.0,0,0,0,0,0,1,0.0,0.0,0.0%,DB,2012
184,185,Curtis Brown,0,0,0.0,0,0,0,0,0,1,0.0,0.0,0.0%,DB,2012
185,186,Chris Prosinski,0,0,0.0,0,0,0,0,0,1,0.0,0.0,4.0%,DB,2012
186,187,Eric Hagg,0,0,0.0,0,0,0,0,0,1,0.0,0.0,0.0%,DB,2012
187,188,Chris Hope,0,0,0.0,0,0,0,0,0,1,0.0,0.0,0.0%,DB,2012
188,189,Will Allen,0,0,0.0,0,0,0,0,0,1,0.0,0.0,0.0%,DB,2012
189,190,Sheldon Brown,4,0,0.0,1,0,0,1,0,1,0.0,0.0,0.0%,DB,2012
190,191,Jamell Fleming,0,0,0.0,0,0,0,0,0,1,0.0,0.0,0.0%,DB,2012
191,192,Omar Bolden,0,0,0.0,0,0,0,0,0,1,0.0,0.0,0.0%,DB,2012
192,193,Coty Sensabaugh,0,0,0.0,0,0,0,0,0,1,0.0,0.0,0.0%,DB,2012
193,194,Jerron McMillian,0,0,0.0,0,0,0,0,0,1,0.0,0.0,0.0%,DB,2012
194,195,Marcus Sherels,0,0,0.0,0,0,0,0,0,1,0.0,0.0,0.0%,DB,2012
195,196,Ron Parker,0,0,0.0,0,0,0,0,0,1,0.0,0.0,0.0%,DB,2012
196,197,Anthony Walters,0,0,0.0,0,0,0,0,0,1,0.0,0.0,0.0%,DB,2012
197,198,Jonathon Amaya,0,0,0.0,0,0,0,0,0,1,0.0,0.0,0.0%,DB,2012
198,199,Michael Coe,0,0,0.0,0,0,0,0,0,1,0.0,0.0,0.0%,DB,2012
199,200,R.J. Stanford,0,1,0.0,0,0,0,0,0,1,0.0,0.0,0.0%,DB,2012
200,201,Antwon Blake,0,0,0.0,0,0,0,0,0,1,0.0,0.0,0.0%,DB,2012
201,202,Tysyn Hartman,0,0,0.0,0,0,0,0,0,1,0.0,0.0,0.0%,DB,2012
202,203,Rodney McLeod,0,0,0.0,0,0,0,0,0,1,0.0,0.0,0.4%,DB,2012
203,204,Johnson Bademosi,0,0,0.0,0,0,0,0,0,1,0.0,0.0,0.0%,DB,2012
204,205,Mike Harris,0,0,0.0,0,0,0,0,0,1,0.0,0.0,0.0%,DB,2012
205,206,Justin Bethel,0,0,0.0,0,0,0,0,0,1,0.0,0.0,0.0%,DB,2012
206,207,Josh Bush,0,0,0.0,0,0,0,0,0,1,0.0,0.0,0.0%,DB,2012
207,208,Charles Mitchell,0,0,0.0,0,0,0,0,0,1,0.0,0.0,0.0%,DB,2012
208,209,Nate Ebner,0,0,0.0,0,0,0,0,0,1,0.0,0.0,0.0%,DB,2012
209,210,David Sims,0,0,0.0,0,0,0,0,0,1,0.0,0.0,0.0%,DB,2012
210,211,Tony Carter,0,0,0.0,0,0,0,0,0,1,0.0,0.0,0.0%,DB,2012
211,212,Jeron Johnson,0,0,0.0,0,0,0,0,0,1,0.0,0.0,0.0%,DB,2012
212,213,Chris Clemons,2,4,0.0,0,0,0,0,0,1,0.0,0.0,0.0%,DB,2012
213,214,Al Afalava,0,0,0.0,0,0,0,0,0,1,0.0,0.0,0.0%,DB,2012
214,215,Troy Nolan,0,0,0.0,0,0,0,0,0,1,0.0,0.0,0.0%,DB,2012
215,216,David Bruton,0,0,0.0,0,0,0,0,0,1,0.0,0.0,0.0%,DB,2012
216,217,James Ihedigbo,0,0,0.0,0,0,0,0,0,1,0.0,0.0,4.0%,DB,2012
217,218,Darius Butler,0,0,0.0,0,0,0,0,0,1,0.0,0.0,0.0%,DB,2012
218,219,Christopher Owens,0,0,0.0,0,0,0,0,0,1,0.0,0.0,0.0%,DB,2012
219,220,Ryan Mouton,1,1,0.0,2,0,0,0,0,1,0.0,0.0,0.0%,DB,2012
220,221,Rashad Johnson,0,0,0.0,0,0,0,0,0,1,0.0,0.0,0.0%,DB,2012
221,222,Marquice Cole,0,0,0.0,0,0,0,0,0,1,0.0,0.0,0.0%,DB,2012
222,223,Aaron Berry,0,0,0.0,0,0,0,0,0,1,0.0,0.0,0.0%,DB,2012
223,224,Stevie Brown,2,1,0.0,1,1,0,1,0,1,0.0,0.0,0.0%,DB,2012
224,225,Sherrick McManis,0,0,0.0,0,0,0,0,0,1,0.0,0.0,0.0%,DB,2012
225,226,Colt Anderson,0,0,0.0,0,0,0,0,0,1,0.0,0.0,0.0%,DB,2012
226,227,Jeromy Miles,0,0,0.0,0,0,0,0,0,1,0.0,0.0,0.0%,DB,2012
227,228,Rafael Bush,0,0,0.0,0,0,0,0,0,1,0.0,0.0,0.0%,DB,2012
228,229,Joe Young,0,0,0.0,0,0,0,0,0,1,0.0,0.0,0.0%,DB,2012
229,230,M.D. Jennings,0,0,0.0,0,0,0,0,0,1,0.0,0.0,0.0%,DB,2012
230,231,Taylor Mays,0,0,0.0,0,0,0,0,0,1,0.0,0.0,0.0%,DB,2012
231,232,Kyle Wilson,0,0,0.0,0,0,0,0,0,1,0.0,0.0,0.0%,DB,2012
232,233,Dominique Franks,0,0,0.0,0,0,0,0,0,1,0.0,0.0,0.0%,DB,2012
233,234,Darrell Stuckey,0,0,0.0,0,0,0,0,0,1,0.0,0.0,3.0%,DB,2012
234,235,Jordan Pugh,0,0,0.0,0,0,0,0,0,1,0.0,0.0,0.0%,DB,2012
235,236,Jarrod Wilson,0,0,0.0,0,0,0,0,0,1,0.0,0.0,0.0%,DB,2012
236,237,Anthony Jefferson,0,0,0.0,0,0,0,0,0,1,0.0,0.0,0.0%,DB,2012
