,Rank,Player,Tackle,Assist,Sack,Pass Defended,Interception,Forced Fumble,Fumble Recovery,Defend Touchdown,Games Played,Fantasy Football Points,FTPS/Game,ROST,Position,Year
0,1,Charles Tillman,9,0,0,1,0,4,0,0,1,31.0,31.0,0.1%,DB,2012
1,2,Nolan Carroll,10,0,0,3,0,0,0,0,1,24.5,24.5,0.0%,DB,2012
2,3,Terence Newman,2,2,0,4,2,0,0,0,1,20.5,20.5,0.0%,DB,2012
3,4,Eric Berry,6,2,0,1,1,0,0,0,1,19.5,19.5,0.0%,DB,2012
4,5,E.J. Biggers,3,0,0,1,1,1,0,0,1,17.5,17.5,0.0%,DB,2012
5,6,Ahmad Black,4,1,0,1,1,1,0,0,1,17.3,17.3,0.0%,DB,2012
6,7,Ed Reed,4,1,0,3,1,0,0,0,1,16.3,16.3,0.0%,DB,2012
7,8,Leonard Johnson,5,1,0,2,1,0,0,0,1,16.3,16.3,0.0%,DB,2012
8,9,Casey Hayward,5,2,0,2,0,1,0,0,1,16.0,16.0,0.0%,DB,2012
9,10,Cary Williams,6,0,0,1,1,0,0,0,1,15.5,15.5,0.0%,DB,2012
10,11,Javier Arenas,8,1,0,0,0,0,0,0,1,15.3,15.3,0.0%,DB,2012
11,12,Malcolm Jenkins,7,6,0,0,0,0,0,0,1,15.0,15.0,15.0%,DB,2012
12,13,Champ Bailey,5,1,0,1,1,0,0,0,1,14.8,14.8,0.0%,DB,2012
13,14,Ike Taylor,4,3,0,1,1,0,0,0,1,14.8,14.8,0.0%,DB,2012
14,15,Brandon Browner,4,3,0,1,1,0,0,0,1,14.8,14.8,0.0%,DB,2012
15,16,David Sims,6,2,0,1,0,0,0,0,1,14.5,14.5,0.0%,DB,2012
16,17,Patrick Robinson,1,0,0,1,1,0,0,1,1,14.0,14.0,0.0%,DB,2012
17,18,Jonte Green,5,0,0,1,1,0,0,0,1,14.0,14.0,0.0%,DB,2012
18,19,Marcus Trufant,3,1,0,0,0,1,1,0,1,13.3,13.3,0.0%,DB,2012
19,20,Eric Weddle,7,0,0,0,0,0,0,0,1,13.0,13.0,11.0%,DB,2012
20,21,Ryan Clark,6,2,0,0,0,0,0,0,1,13.0,13.0,0.0%,DB,2012
21,22,Antrel Rolle,6,3,0,1,0,0,0,0,1,12.8,12.8,0.0%,DB,2012
22,23,Josh Norman,4,5,0,2,0,0,0,0,1,12.8,12.8,3.0%,DB,2012
23,24,Erik Coleman,3,0,0,2,1,0,0,0,1,12.5,12.5,0.0%,DB,2012
24,25,Reed Doughty,6,4,0,0,0,0,0,0,1,12.0,12.0,0.0%,DB,2012
25,26,Quentin Jammer,3,1,0,0,0,0,1,0,1,11.8,11.8,0.0%,DB,2012
26,27,Quintin Demps,4,0,0,1,0,0,1,0,1,11.5,11.5,3.0%,DB,2012
27,28,Chris Harris,4,2,0,1,0,0,0,0,1,11.5,11.5,0.0%,DB,2012
28,29,Reshad Jones,4,0,0,1,0,1,0,0,1,11.5,11.5,0.0%,DB,2012
29,30,Corey Webster,2,0,0,2,1,0,0,0,1,11.0,11.0,0.0%,DB,2012
30,31,Ronde Barber,4,2,0,2,0,0,0,0,1,10.5,10.5,0.0%,DB,2012
31,32,Kelvin Hayden,1,1,0,0,0,0,2,0,1,10.3,10.3,0.0%,DB,2012
32,33,Aaron Ross,6,1,0,0,0,0,0,0,1,9.8,9.8,0.0%,DB,2012
33,34,Captain Munnerlyn,4,5,0,0,0,0,0,0,1,9.8,9.8,0.0%,DB,2012
34,35,Morgan Burnett,6,1,0,0,0,0,0,0,1,9.8,9.8,0.0%,DB,2012
35,36,Gerald Sensabaugh,5,2,0,0,0,0,0,0,1,9.0,9.0,0.0%,DB,2012
36,37,Chris Crocker,5,2,0,0,0,0,0,0,1,9.0,9.0,0.0%,DB,2012
37,38,Jabari Greer,4,2,0,1,0,0,0,0,1,9.0,9.0,0.0%,DB,2012
38,39,Davon House,5,0,0,1,0,0,0,0,1,9.0,9.0,0.0%,DB,2012
39,40,Chris Conte,0,0,0,3,0,0,1,0,1,8.5,8.5,0.0%,DB,2012
40,41,Danny McCray,4,3,0,0,0,0,0,0,1,8.3,8.3,0.0%,DB,2012
41,42,Jason McCourty,5,1,0,0,0,0,0,0,1,8.3,8.3,0.0%,DB,2012
42,43,Jimmy Smith,4,3,0,0,0,0,0,0,1,8.3,8.3,0.0%,DB,2012
43,44,Roman Harper,3,3,0,1,0,0,0,0,1,8.3,8.3,1.0%,DB,2012
44,45,Harrison Smith,4,3,0,0,0,0,0,0,1,8.3,8.3,18.9%,DB,2012
45,46,Sean Smith,4,1,0,1,0,0,0,0,1,8.3,8.3,0.0%,DB,2012
46,47,Jeron Johnson,1,0,1,0,0,0,0,0,1,8.0,8.0,0.0%,DB,2012
47,48,Isa Abdul-Quddus,1,1,0,1,0,0,1,0,1,7.8,7.8,0.0%,DB,2012
48,49,Danieal Manning,3,1,0,0,0,0,0,0,1,7.8,7.8,0.0%,DB,2012
49,50,T.J. Ward,3,4,0,0,0,0,0,0,1,7.5,7.5,0.1%,DB,2012
50,51,Johnathan Joseph,4,0,0,1,0,0,0,0,1,7.5,7.5,0.0%,DB,2012
51,52,Dawan Landry,5,0,0,0,0,0,0,0,1,7.5,7.5,0.0%,DB,2012
52,53,Chris Houston,4,0,0,1,0,0,0,0,1,7.5,7.5,0.0%,DB,2012
53,54,Tim Jennings,3,0,0,2,0,0,0,0,1,7.5,7.5,0.0%,DB,2012
54,55,Cassius Vaughn,4,2,0,0,0,0,0,0,1,7.5,7.5,0.0%,DB,2012
55,56,Corey Graham,4,2,0,0,0,0,0,0,1,7.5,7.5,0.0%,DB,2012
56,57,Kerry Rhodes,5,0,0,0,0,0,0,0,1,7.5,7.5,0.0%,DB,2012
57,58,Reggie Nelson,3,2,0,1,0,0,0,0,1,7.5,7.5,0.0%,DB,2012
58,59,Robert McClain,4,2,0,0,0,0,0,0,1,7.5,7.5,0.0%,DB,2012
59,60,Jamarca Sanford,3,4,0,0,0,0,0,0,1,7.5,7.5,0.0%,DB,2012
60,61,Glover Quin,4,2,0,0,0,0,0,0,1,7.5,7.5,0.0%,DB,2012
61,62,Derek Cox,5,0,0,0,0,0,0,0,1,7.5,7.5,0.0%,DB,2012
62,63,Marcus Gilchrist,5,0,0,0,0,0,0,0,1,7.5,7.5,0.0%,DB,2012
63,64,Rahim Moore,3,0,0,0,0,0,0,0,1,7.0,7.0,0.0%,DB,2012
64,65,Earl Thomas,3,3,0,0,0,0,0,0,1,6.8,6.8,1.1%,DB,2012
65,66,Atari Bigby,3,3,0,0,0,0,0,0,1,6.8,6.8,0.0%,DB,2012
66,67,Jairus Byrd,4,1,0,0,0,0,0,0,1,6.8,6.8,0.0%,DB,2012
67,68,Charles Godfrey,2,3,0,1,0,0,0,0,1,6.8,6.8,0.0%,DB,2012
68,69,Mike Adams,4,1,0,0,0,0,0,0,1,6.8,6.8,0.4%,DB,2012
69,70,Joe Haden,3,1,0,1,0,0,0,0,1,6.8,6.8,1.0%,DB,2012
70,71,Jerron McMillian,3,1,0,1,0,0,0,0,1,6.8,6.8,0.0%,DB,2012
71,72,Antoine Bethea,3,3,0,0,0,0,0,0,1,6.8,6.8,28.0%,DB,2012
72,73,Keenan Lewis,1,1,0,3,0,0,0,0,1,6.8,6.8,0.0%,DB,2012
73,74,Leon Hall,4,1,0,0,0,0,0,0,1,6.8,6.8,0.0%,DB,2012
74,75,Patrick Peterson,3,1,0,1,0,0,0,0,1,6.8,6.8,0.9%,DB,2012
75,76,William Gay,0,0,0,1,1,0,0,0,1,6.5,6.5,0.1%,DB,2012
76,77,Pat Lee,4,0,0,0,0,0,0,0,1,6.0,6.0,0.0%,DB,2012
77,78,Asante Samuel,3,0,0,1,0,0,0,0,1,6.0,6.0,0.0%,DB,2012
78,79,Will Allen,3,2,0,0,0,0,0,0,1,6.0,6.0,0.0%,DB,2012
79,80,Chris Prosinski,4,0,0,0,0,0,0,0,1,6.0,6.0,4.0%,DB,2012
80,81,Mike Harris,4,0,0,0,0,0,0,0,1,6.0,6.0,0.0%,DB,2012
81,82,Kurt Coleman,3,2,0,0,0,0,0,0,1,6.0,6.0,0.0%,DB,2012
82,83,Madieu Williams,3,2,0,0,0,0,0,0,1,6.0,6.0,0.0%,DB,2012
83,84,Morris Claiborne,3,0,0,1,0,0,0,0,1,6.0,6.0,0.0%,DB,2012
84,85,Stephon Gilmore,3,0,0,1,0,0,0,0,1,6.0,6.0,1.5%,DB,2012
85,86,Antoine Winfield,3,2,0,0,0,0,0,0,1,6.0,6.0,0.0%,DB,2012
86,87,Usama Young,2,2,0,1,0,0,0,0,1,6.0,6.0,0.0%,DB,2012
87,88,Antoine Cason,4,0,0,0,0,0,0,0,1,6.0,6.0,0.0%,DB,2012
88,89,Dunta Robinson,4,0,0,0,0,0,0,0,1,6.0,6.0,0.0%,DB,2012
89,90,George Wilson,3,2,0,0,0,0,0,0,1,6.0,6.0,0.0%,DB,2012
90,91,Nate Clements,3,0,0,1,0,0,0,0,1,6.0,6.0,0.0%,DB,2012
91,92,Brice McCain,3,0,0,1,0,0,0,0,1,6.0,6.0,0.0%,DB,2012
92,93,Bernard Pollard,1,6,0,0,0,0,0,0,1,6.0,6.0,0.0%,DB,2012
93,94,Zackary Bowman,1,0,0,1,0,0,0,0,1,5.5,5.5,0.0%,DB,2012
94,95,Jayron Hosley,1,0,0,0,0,1,0,0,1,5.5,5.5,0.0%,DB,2012
95,96,DeAngelo Hall,0,3,0,2,0,0,0,0,1,5.3,5.3,0.0%,DB,2012
96,97,Kam Chancellor,3,1,0,0,0,0,0,0,1,5.3,5.3,0.1%,DB,2012
97,98,Jimmy Wilson,2,1,0,1,0,0,0,0,1,5.3,5.3,0.0%,DB,2012
98,99,William Moore,3,1,0,0,0,0,0,0,1,5.3,5.3,0.0%,DB,2012
99,100,Haruki Nakamura,2,3,0,0,0,0,0,0,1,5.3,5.3,0.0%,DB,2012
100,101,Michael Huff,2,3,0,0,0,0,0,0,1,5.3,5.3,0.0%,DB,2012
101,102,Aaron Williams,3,1,0,0,0,0,0,0,1,5.3,5.3,0.0%,DB,2012
102,103,Adrian Wilson,2,3,0,0,0,0,0,0,1,5.3,5.3,0.0%,DB,2012
103,104,Corey White,3,1,0,0,0,0,0,0,1,5.3,5.3,0.0%,DB,2012
104,105,Eric Wright,3,1,0,0,0,0,0,0,1,5.3,5.3,0.0%,DB,2012
105,106,Jordan Babineaux,2,2,0,0,0,0,0,0,1,4.5,4.5,0.0%,DB,2012
106,107,Leodis McKelvin,3,0,0,0,0,0,0,0,1,4.5,4.5,0.0%,DB,2012
107,108,Da'Norris Searcy,3,0,0,0,0,0,0,0,1,4.5,4.5,0.0%,DB,2012
108,109,Sherrod Martin,2,0,0,1,0,0,0,0,1,4.5,4.5,0.0%,DB,2012
109,110,Prince Amukamara,2,2,0,0,0,0,0,0,1,4.5,4.5,0.0%,DB,2012
110,111,Dominique Rodgers-Cromartie,3,0,0,0,0,0,0,0,1,4.5,4.5,0.0%,DB,2012
111,112,Buster Skrine,3,0,0,0,0,0,0,0,1,4.5,4.5,0.0%,DB,2012
112,113,M.D. Jennings,1,2,0,1,0,0,0,0,1,4.5,4.5,0.0%,DB,2012
113,114,Thomas DeCoud,3,0,0,0,0,0,0,0,1,4.5,4.5,0.0%,DB,2012
114,115,Brandon Carr,2,0,0,1,0,0,0,0,1,4.5,4.5,0.0%,DB,2012
115,116,Coty Sensabaugh,2,2,0,0,0,0,0,0,1,4.5,4.5,0.0%,DB,2012
116,117,Jacob Lacey,3,0,0,0,0,0,0,0,1,4.5,4.5,0.0%,DB,2012
117,118,Jamell Fleming,3,0,0,0,0,0,0,0,1,4.5,4.5,0.0%,DB,2012
118,119,Tony Carter,1,0,0,2,0,0,0,0,1,4.5,4.5,0.0%,DB,2012
119,120,Jarrett Bush,0,0,0,0,0,0,1,0,1,4.0,4.0,0.0%,DB,2012
120,121,Darrell Stuckey,0,0,0,0,0,0,1,0,1,4.0,4.0,3.0%,DB,2012
121,122,Brandon Hughes,0,0,0,0,0,0,1,0,1,4.0,4.0,0.0%,DB,2012
122,123,Matt Giordano,2,1,0,0,0,0,0,0,1,3.8,3.8,0.0%,DB,2012
123,124,Jerraud Powers,2,1,0,0,0,0,0,0,1,3.8,3.8,0.0%,DB,2012
124,125,Tom Zbikowski,2,1,0,0,0,0,0,0,1,3.8,3.8,0.0%,DB,2012
125,126,Darius Butler,1,1,0,1,0,0,0,0,1,3.8,3.8,0.0%,DB,2012
126,127,A.J. Jefferson,2,1,0,0,0,0,0,0,1,3.8,3.8,0.0%,DB,2012
127,128,Ryan Mundy,2,0,0,0,0,0,0,0,1,3.0,3.0,0.0%,DB,2012
128,129,Josh Wilson,1,2,0,0,0,0,0,0,1,3.0,3.0,0.0%,DB,2012
129,130,Alterraun Verner,1,2,0,0,0,0,0,0,1,3.0,3.0,0.0%,DB,2012
130,131,D.J. Moore,2,0,0,0,0,0,0,0,1,3.0,3.0,0.0%,DB,2012
131,132,Kareem Jackson,2,0,0,0,0,0,0,0,1,3.0,3.0,0.7%,DB,2012
132,133,Jim Leonhard,1,2,0,0,0,0,0,0,1,3.0,3.0,0.0%,DB,2012
133,134,Orlando Scandrick,2,0,0,0,0,0,0,0,1,3.0,3.0,0.0%,DB,2012
134,135,Josh Robinson,2,0,0,0,0,0,0,0,1,3.0,3.0,0.0%,DB,2012
135,136,Nnamdi Asomugha,0,1,0,1,0,0,0,0,1,2.3,2.3,0.0%,DB,2012
136,137,Major Wright,1,1,0,0,0,0,0,0,1,2.3,2.3,0.0%,DB,2012
137,138,Corey Lynch,0,1,0,1,0,0,0,0,1,2.3,2.3,0.0%,DB,2012
138,139,Tramon Williams,1,1,0,0,0,0,0,0,1,2.3,2.3,0.0%,DB,2012
139,140,Jordan Pugh,1,0,0,0,0,0,0,0,1,1.5,1.5,0.0%,DB,2012
140,141,Shareece Wright,1,0,0,0,0,0,0,0,1,1.5,1.5,0.0%,DB,2012
141,142,Curtis Marsh,1,0,0,0,0,0,0,0,1,1.5,1.5,0.0%,DB,2012
142,143,Johnny Patrick,1,0,0,0,0,0,0,0,1,1.5,1.5,0.0%,DB,2012
143,144,Cedric Griffin,1,0,0,0,0,0,0,0,1,1.5,1.5,0.0%,DB,2012
144,145,Justin Rogers,0,0,0,1,0,0,0,0,1,1.5,1.5,0.0%,DB,2012
145,146,Phillip Adams,1,0,0,0,0,0,0,0,1,1.5,1.5,0.0%,DB,2012
146,147,Ricardo Silva,1,0,0,0,0,0,0,0,1,1.5,1.5,0.0%,DB,2012
147,148,Craig Steltz,1,0,0,0,0,0,0,0,1,1.5,1.5,0.0%,DB,2012
148,149,Brandon Flowers,1,0,0,0,0,0,0,0,1,1.5,1.5,0.0%,DB,2012
149,150,Kendrick Lewis,1,0,0,0,0,0,0,0,1,1.5,1.5,0.0%,DB,2012
150,151,Brandon Boykin,1,0,0,0,0,0,0,0,1,1.5,1.5,0.0%,DB,2012
151,152,Michael Griffin,1,0,0,0,0,0,0,0,1,1.5,1.5,5.0%,DB,2012
152,153,Myron Lewis,1,0,0,0,0,0,0,0,1,1.5,1.5,0.0%,DB,2012
153,154,Michael Adams,0,0,0,1,0,0,0,0,1,1.5,1.5,0.0%,DB,2012
154,155,Cortez Allen,0,0,0,1,0,0,0,0,1,1.5,1.5,0.0%,DB,2012
155,156,Abram Elam,1,0,0,0,0,0,0,0,1,1.5,1.5,0.0%,DB,2012
156,157,Taylor Mays,1,0,0,0,0,0,0,0,1,1.5,1.5,0.0%,DB,2012
157,158,Richard Sherman,1,0,0,0,0,0,0,0,1,1.5,1.5,0.1%,DB,2012
158,159,Mike Jenkins,0,0,0,1,0,0,0,0,1,1.5,1.5,0.0%,DB,2012
159,160,Robert Johnson,0,1,0,0,0,0,0,0,1,0.8,0.8,0.0%,DB,2012
160,161,Josh Thomas,0,1,0,0,0,0,0,0,1,0.8,0.8,0.0%,DB,2012
161,162,Chris Maragos,0,0,0,0,0,0,0,0,1,0.0,0.0,0.0%,DB,2012
162,163,Brandian Ross,0,0,0,0,0,0,0,0,1,0.0,0.0,0.0%,DB,2012
163,164,Adam Jones,0,0,0,0,0,0,0,0,1,0.0,0.0,0.0%,DB,2012
164,165,Sean Considine,0,0,0,0,0,0,0,0,1,0.0,0.0,0.0%,DB,2012
165,166,Travis Daniels,1,1,0,0,0,0,0,0,1,0.0,0.0,0.0%,DB,2012
166,167,James Sanders,0,0,0,0,0,0,0,0,1,0.0,0.0,0.0%,DB,2012
167,168,Joselio Hanson,0,0,0,0,0,0,0,0,1,0.0,0.0,0.0%,DB,2012
168,169,Bubba Ventrone,0,0,0,0,0,0,0,0,1,0.0,0.0,0.0%,DB,2012
169,170,Tyvon Branch,9,2,0,1,0,0,0,0,1,0.0,0.0,0.0%,DB,2012
170,171,Justin Tryon,0,0,0,0,0,0,0,0,1,0.0,0.0,0.0%,DB,2012
171,172,Brandon McDonald,0,0,0,0,0,0,0,0,1,0.0,0.0,0.0%,DB,2012
172,173,John Wendling,0,0,0,0,0,0,0,0,1,0.0,0.0,0.0%,DB,2012
173,174,Alan Ball,0,0,0,0,0,0,0,0,1,0.0,0.0,0.0%,DB,2012
174,175,Tyler Sash,0,0,0,0,0,0,0,0,1,0.0,0.0,0.0%,DB,2012
175,176,Chykie Brown,0,0,0,0,0,0,0,0,1,0.0,0.0,0.0%,DB,2012
176,177,Charles Clay,0,0,0,0,0,0,0,0,1,0.0,0.0,0.0%,DB,2012
177,178,Colin Jones,0,0,0,0,0,0,0,0,1,0.0,0.0,5.0%,DB,2012
178,179,DeJon Gomes,0,0,0,0,0,0,0,0,1,0.0,0.0,0.0%,DB,2012
179,180,Eric Hagg,0,0,0,0,0,0,0,0,1,0.0,0.0,0.0%,DB,2012
180,181,Tommie Campbell,0,0,0,0,0,0,0,0,1,0.0,0.0,0.0%,DB,2012
181,182,Shiloh Keo,0,0,0,0,0,0,0,0,1,0.0,0.0,0.0%,DB,2012
182,183,Brandon Burton,0,0,0,0,0,0,0,0,1,0.0,0.0,0.0%,DB,2012
183,184,DeMarcus Van,0,0,0,0,0,0,0,0,1,0.0,0.0,0.0%,DB,2012
184,185,Curtis Brown,0,0,0,0,0,0,0,0,1,0.0,0.0,0.0%,DB,2012
185,186,Jalil Brown,0,0,0,0,0,0,0,0,1,0.0,0.0,0.0%,DB,2012
186,187,Chris Hope,0,0,0,0,0,0,0,0,1,0.0,0.0,0.0%,DB,2012
187,188,Sheldon Brown,2,0,0,0,0,0,0,0,1,0.0,0.0,0.0%,DB,2012
188,189,Omar Bolden,0,0,0,0,0,0,0,0,1,0.0,0.0,0.0%,DB,2012
189,190,Ron Brooks,0,0,0,0,0,0,0,0,1,0.0,0.0,0.0%,DB,2012
190,191,Christian Thompson,0,0,0,0,0,0,0,0,1,0.0,0.0,0.0%,DB,2012
191,192,Robert Blanton,0,0,0,0,0,0,0,0,1,0.0,0.0,0.0%,DB,2012
192,193,Dre Kirkpatrick,0,0,0,0,0,0,0,0,1,0.0,0.0,0.0%,DB,2012
193,194,Jeremy Lane,0,0,0,0,0,0,0,0,1,0.0,0.0,0.0%,DB,2012
194,195,Anthony Walters,0,0,0,0,0,0,0,0,1,0.0,0.0,0.0%,DB,2012
195,196,Tracy Wilson,0,0,0,0,0,0,0,0,1,0.0,0.0,0.0%,DB,2012
196,197,Marcus Sherels,0,0,0,0,0,0,0,0,1,0.0,0.0,0.0%,DB,2012
197,198,Michael Coe,1,0,0,0,0,0,0,0,1,0.0,0.0,0.0%,DB,2012
198,199,R.J. Stanford,1,0,0,0,0,0,0,0,1,0.0,0.0,0.0%,DB,2012
199,200,Jonathon Amaya,0,0,0,0,0,0,0,0,1,0.0,0.0,0.0%,DB,2012
200,201,Josh Gordy,0,0,0,0,0,0,0,0,1,0.0,0.0,0.0%,DB,2012
201,202,Robert Golden,0,0,0,0,0,0,0,0,1,0.0,0.0,6.0%,DB,2012
202,203,Tysyn Hartman,0,0,0,0,0,0,0,0,1,0.0,0.0,0.0%,DB,2012
203,204,Duke Ihenacho,0,0,0,0,0,0,0,0,1,0.0,0.0,0.0%,DB,2012
204,205,Eric Frampton,0,0,0,0,0,0,0,0,1,0.0,0.0,0.0%,DB,2012
205,206,Coye Francies,0,0,0,0,0,0,0,0,1,0.0,0.0,0.0%,DB,2012
206,207,Antwon Blake,0,0,0,0,0,0,0,0,1,0.0,0.0,0.0%,DB,2012
207,208,Justin Bethel,0,0,0,0,0,0,0,0,1,0.0,0.0,0.0%,DB,2012
208,209,Trevin Wade,0,0,0,0,0,0,0,0,1,0.0,0.0,0.0%,DB,2012
209,210,Charles Mitchell,0,0,0,0,0,0,0,0,1,0.0,0.0,0.0%,DB,2012
210,211,Johnson Bademosi,0,0,0,0,0,0,0,0,1,0.0,0.0,0.0%,DB,2012
211,212,Sean Richardson,0,0,0,0,0,0,0,0,1,0.0,0.0,0.0%,DB,2012
212,213,Kevin Rutland,0,0,0,0,0,0,0,0,1,0.0,0.0,0.0%,DB,2012
213,214,Chris Clemons,4,2,0,0,0,0,0,0,1,0.0,0.0,0.0%,DB,2012
214,215,Don Carey,0,0,0,0,0,0,0,0,1,0.0,0.0,0.0%,DB,2012
215,216,Al Afalava,0,0,0,0,0,0,0,0,1,0.0,0.0,0.0%,DB,2012
216,217,David Bruton,0,0,0,0,0,0,0,0,1,0.0,0.0,0.0%,DB,2012
217,218,James Ihedigbo,0,0,0,0,0,0,0,0,1,0.0,0.0,4.0%,DB,2012
218,219,Mike Mitchell,0,0,0,0,0,0,0,0,1,0.0,0.0,0.0%,DB,2012
219,220,Christopher Owens,0,0,0,0,0,0,0,0,1,0.0,0.0,0.0%,DB,2012
220,221,Ryan Mouton,1,0,0,1,0,0,0,0,1,0.0,0.0,0.0%,DB,2012
221,222,Rashad Johnson,0,0,0,0,0,0,0,0,1,0.0,0.0,0.0%,DB,2012
222,223,Stevie Brown,7,2,0,0,0,0,0,0,1,0.0,0.0,0.0%,DB,2012
223,224,Sherrick McManis,0,0,0,0,0,0,0,0,1,0.0,0.0,0.0%,DB,2012
224,225,Sergio Brown,0,0,0,0,0,0,0,0,1,0.0,0.0,0.0%,DB,2012
225,226,Colt Anderson,0,0,0,0,0,0,0,0,1,0.0,0.0,0.0%,DB,2012
226,227,Jeromy Miles,0,0,0,0,0,0,0,0,1,0.0,0.0,0.0%,DB,2012
227,228,Andrew Sendejo,0,0,0,0,0,0,0,0,1,0.0,0.0,0.0%,DB,2012
228,229,Rafael Bush,0,0,0,0,0,0,0,0,1,0.0,0.0,0.0%,DB,2012
229,230,Joe Young,0,0,0,0,0,0,0,0,1,0.0,0.0,0.0%,DB,2012
230,231,James Dockery,0,0,0,0,0,0,0,0,1,0.0,0.0,0.0%,DB,2012
231,232,Cody Grimm,0,0,0,0,0,0,0,0,1,0.0,0.0,0.0%,DB,2012
232,233,Dominique Franks,0,0,0,0,0,0,0,0,1,0.0,0.0,0.0%,DB,2012
233,234,Jarrod Wilson,0,0,0,0,0,0,0,0,1,0.0,0.0,0.0%,DB,2012
234,235,Anthony Jefferson,0,0,0,0,0,0,0,0,1,0.0,0.0,0.0%,DB,2012
