,Rank,Player,Tackle,Assist,Sack,Pass Defended,Interception,Forced Fumble,Fumble Recovery,Defend Touchdown,Games Played,Fantasy Football Points,FTPS/Game,ROST,Position,Year
0,1,Aldon Smith,6,0,2.0,0,0,0,0,0,1,24.5,24.5,0.0%,DL,2012
1,2,Muhammad Wilkerson,4,3,0.0,0,0,1,1,1,1,22.3,22.3,0.0%,DL,2012
2,3,Brett Keisel,6,2,2.0,0,0,0,0,0,1,21.0,21.0,0.0%,DL,2012
3,4,Justin Houston,5,2,1.0,0,0,1,0,0,1,19.5,19.5,0.0%,DL,2012
4,5,Charles Johnson,4,0,1.0,1,0,2,0,0,1,19.5,19.5,0.0%,DL,2012
5,6,Carlos Dunlap,5,0,1.0,0,0,0,1,0,1,18.0,18.0,3.0%,DL,2012
6,7,Nick Fairley,4,0,1.0,0,0,0,0,0,1,17.5,17.5,0.0%,DL,2012
7,8,Mike Devito,3,2,1.0,0,0,1,0,0,1,16.5,16.5,0.0%,DL,2012
8,9,Bruce Irvin,2,0,2.0,0,0,0,0,0,1,16.0,16.0,0.2%,DL,2012
9,10,Tyson Alualu,5,0,1.0,1,0,0,0,0,1,15.5,15.5,0.0%,DL,2012
10,11,Robert Ayers,3,2,1.0,0,0,0,0,0,1,15.0,15.0,0.0%,DL,2012
11,12,Michael Brockers,3,2,1.5,0,0,0,0,0,1,14.5,14.5,0.0%,DL,2012
12,13,Wallace Gilberry,1,1,1.0,0,0,1,1,0,1,14.3,14.3,0.0%,DL,2012
13,14,Kevin Vickerson,2,1,2.0,0,0,0,0,0,1,14.3,14.3,0.0%,DL,2012
14,15,Connor Barwin,6,0,0.0,0,0,0,0,0,1,14.0,14.0,0.0%,DL,2012
15,16,Corey Liuget,5,1,0.0,0,0,0,0,0,1,13.3,13.3,0.0%,DL,2012
16,17,Daniel Te'o-Nesheim,4,1,1.0,0,0,0,0,0,1,13.3,13.3,0.0%,DL,2012
17,18,Greg Hardy,3,1,0.0,0,0,1,1,0,1,13.3,13.3,0.0%,DL,2012
18,19,Desmond Bryant,5,0,0.0,0,0,0,0,0,1,12.5,12.5,0.0%,DL,2012
19,20,Chris Long,4,0,1.0,0,0,0,0,0,1,12.5,12.5,0.0%,DL,2012
20,21,Julius Peppers,4,0,1.0,0,0,0,0,0,1,12.5,12.5,0.1%,DL,2012
21,22,Henry Melton,4,2,0.0,0,0,0,0,0,1,12.5,12.5,0.0%,DL,2012
22,23,Vince Wilfork,2,2,1.0,0,0,1,0,0,1,12.5,12.5,0.0%,DL,2012
23,24,Jermaine Cunningham,1,0,1.0,0,0,0,1,0,1,12.0,12.0,0.0%,DL,2012
24,25,Marcell Dareus,4,1,0.5,2,0,0,0,0,1,11.8,11.8,0.0%,DL,2012
25,26,Robert Geathers,1,2,1.5,0,0,0,0,0,1,11.5,11.5,0.0%,DL,2012
26,27,Justin Smith,4,4,0.0,0,0,0,0,0,1,11.5,11.5,0.0%,DL,2012
27,28,Rob Ninkovich,2,2,1.0,0,0,0,0,0,1,11.0,11.0,0.0%,DL,2012
28,29,Everson Griffen,3,0,1.0,0,0,0,0,0,1,11.0,11.0,2.0%,DL,2012
29,30,Jason Hatcher,0,1,0.0,0,0,0,1,1,1,10.8,10.8,0.0%,DL,2012
30,31,Anthony Spencer,2,2,0.5,0,0,1,0,0,1,10.5,10.5,0.0%,DL,2012
31,32,Kevin Williams,2,1,1.0,0,0,0,0,0,1,10.3,10.3,0.1%,DL,2012
32,33,Jeremy Mincey,4,0,0.0,0,0,0,1,0,1,10.0,10.0,0.0%,DL,2012
33,34,Sen'Derrick Marks,2,0,1.0,0,0,0,0,0,1,9.5,9.5,0.0%,DL,2012
34,35,Jarius Wynn,2,0,1.0,0,0,0,0,0,1,9.5,9.5,0.0%,DL,2012
35,36,Austen Lane,1,0,1.0,0,0,1,0,0,1,9.5,9.5,0.0%,DL,2012
36,37,Ndamukong Suh,2,0,1.0,0,0,0,0,0,1,9.5,9.5,0.0%,DL,2012
37,38,Jerry Hughes,2,0,1.0,0,0,0,0,0,1,9.5,9.5,1.0%,DL,2012
38,39,Will Smith,4,1,0.0,0,0,0,0,0,1,9.3,9.3,0.0%,DL,2012
39,40,Jason Pierre-Paul,3,2,0.0,0,0,0,0,0,1,8.5,8.5,0.0%,DL,2012
40,41,Fletcher Cox,1,0,1.0,0,0,0,0,0,1,8.0,8.0,1.1%,DL,2012
41,42,Pat Sims,0,2,0.0,1,1,0,0,0,1,8.0,8.0,0.0%,DL,2012
42,43,Cullen Jenkins,1,0,1.0,0,0,0,0,0,1,8.0,8.0,0.0%,DL,2012
43,44,Kendall Langford,3,1,0.0,0,0,0,0,0,1,7.8,7.8,0.0%,DL,2012
44,45,Israel Idonije,1,4,0.0,0,0,0,0,0,1,7.0,7.0,0.0%,DL,2012
45,46,Michael Bennett,3,0,0.0,0,0,0,0,0,1,7.0,7.0,0.0%,DL,2012
46,47,Andre Carter,3,0,0.0,0,0,0,0,0,1,7.0,7.0,0.0%,DL,2012
47,48,Jermelle Cudjo,3,0,0.0,0,0,0,0,0,1,7.0,7.0,0.0%,DL,2012
48,49,Kyle Williams,1,1,0.5,0,0,0,0,0,1,6.8,6.8,3.7%,DL,2012
49,50,Fred Evans,2,1,0.0,0,0,0,0,0,1,6.3,6.3,0.0%,DL,2012
50,51,Geno Atkins,1,1,0.0,0,0,1,0,0,1,6.3,6.3,0.0%,DL,2012
51,52,Sione Po'uha,2,4,0.0,0,0,0,0,0,1,6.0,6.0,0.0%,DL,2012
52,53,Matt Shaughnessy,2,0,0.0,0,0,0,0,0,1,5.5,5.5,0.0%,DL,2012
53,54,Alex Carrington,2,0,0.0,0,0,0,0,0,1,5.5,5.5,0.0%,DL,2012
54,55,Ziggy Hood,2,0,0.0,0,0,0,0,0,1,5.5,5.5,0.0%,DL,2012
55,56,Cameron Jordan,2,0,0.0,0,0,0,0,0,1,5.5,5.5,6.1%,DL,2012
56,57,Allen Bailey,1,0,0.0,0,0,0,1,0,1,5.5,5.5,0.0%,DL,2012
57,58,J.J. Watt,2,0,0.0,0,0,0,0,0,1,5.5,5.5,4.2%,DL,2012
58,59,Cliff Avril,2,0,0.0,0,0,0,0,0,1,5.5,5.5,0.1%,DL,2012
59,60,Earl Mitchell,3,1,0.0,0,0,0,0,0,1,5.3,5.3,0.0%,DL,2012
60,61,Domata Peko,0,2,0.5,1,0,0,0,0,1,5.0,5.0,0.0%,DL,2012
61,62,Nate Collins,1,1,0.0,0,0,0,0,0,1,4.8,4.8,0.0%,DL,2012
62,63,Quinton Coples,1,1,0.0,0,0,0,0,0,1,4.8,4.8,0.0%,DL,2012
63,64,Derek Landri,2,0,0.0,1,0,0,0,0,1,4.5,4.5,0.0%,DL,2012
64,65,Red Bryant,2,0,0.0,1,0,0,0,0,1,4.5,4.5,0.0%,DL,2012
65,66,Osi Umenyiora,2,2,0.0,0,0,0,0,0,1,4.5,4.5,0.0%,DL,2012
66,67,Ropati Pitoitua,1,4,0.0,0,0,0,0,0,1,4.5,4.5,0.0%,DL,2012
67,68,Cory Redding,2,0,0.0,1,0,0,0,0,1,4.5,4.5,0.0%,DL,2012
68,69,Brandon Mebane,0,6,0.0,0,0,0,0,0,1,4.5,4.5,0.0%,DL,2012
69,70,Ray McDonald,3,0,0.0,0,0,0,0,0,1,4.5,4.5,0.0%,DL,2012
70,71,Mario Williams,3,0,0.0,0,0,0,0,0,1,4.5,4.5,0.0%,DL,2012
71,72,Justin Bannan,2,0,0.0,1,0,0,0,0,1,4.5,4.5,0.0%,DL,2012
72,73,Jason Jones,0,0,0.0,0,0,0,1,0,1,4.0,4.0,0.0%,DL,2012
73,74,Ray Edwards,1,0,0.0,0,0,0,0,0,1,4.0,4.0,0.0%,DL,2012
74,75,Jared Odrick,1,0,0.0,0,0,0,0,0,1,4.0,4.0,0.0%,DL,2012
75,76,Christo Bilukidi,2,1,0.0,0,0,0,0,0,1,3.8,3.8,0.0%,DL,2012
76,77,Terrence Cody,2,1,0.0,0,0,0,0,0,1,3.8,3.8,0.0%,DL,2012
77,78,Casey Hampton,2,1,0.0,0,0,0,0,0,1,3.8,3.8,0.0%,DL,2012
78,79,Mathias Kiwanuka,2,1,0.0,0,0,0,0,0,1,3.8,3.8,0.0%,DL,2012
79,80,Tom Johnson,2,1,0.0,0,0,0,0,0,1,3.8,3.8,0.0%,DL,2012
80,81,Sammie Lee,1,3,0.0,0,0,0,0,0,1,3.8,3.8,0.0%,DL,2012
81,82,Vance Walker,0,4,0.0,0,0,0,0,0,1,3.0,3.0,0.0%,DL,2012
82,83,Roy Miller,1,2,0.0,0,0,0,0,0,1,3.0,3.0,0.0%,DL,2012
83,84,Kyle Moore,1,2,0.0,0,0,0,0,0,1,3.0,3.0,0.0%,DL,2012
84,85,Alan Branch,0,2,0.0,1,0,0,0,0,1,3.0,3.0,0.0%,DL,2012
85,86,Olivier Vernon,2,0,0.0,0,0,0,0,0,1,3.0,3.0,6.0%,DL,2012
86,87,George Selvie,2,0,0.0,0,0,0,0,0,1,3.0,3.0,0.0%,DL,2012
87,88,Antonio Johnson,2,0,0.0,0,0,0,0,0,1,3.0,3.0,0.0%,DL,2012
88,89,Darryl Tapp,2,0,0.0,0,0,0,0,0,1,3.0,3.0,0.0%,DL,2012
89,90,Isaac Sopoaga,2,0,0.0,0,0,0,0,0,1,3.0,3.0,0.0%,DL,2012
90,91,DeAngelo Tyson,0,0,0.0,2,0,0,0,0,1,3.0,3.0,0.0%,DL,2012
91,92,Kyle Vanden,1,2,0.0,0,0,0,0,0,1,3.0,3.0,0.0%,DL,2012
92,93,Kroy Biermann,1,2,0.0,0,0,0,0,0,1,3.0,3.0,0.0%,DL,2012
93,94,Brian Robison,1,0,0.0,1,0,0,0,0,1,3.0,3.0,0.0%,DL,2012
94,95,C.J. Mosley,2,0,0.0,0,0,0,0,0,1,3.0,3.0,0.0%,DL,2012
95,96,Lawrence Jackson,1,2,0.0,0,0,0,0,0,1,3.0,3.0,0.0%,DL,2012
96,97,Tyson Jackson,1,2,0.0,0,0,0,0,0,1,3.0,3.0,0.0%,DL,2012
97,98,Andre Branch,2,0,0.0,0,0,0,0,0,1,3.0,3.0,0.0%,DL,2012
98,99,Corey Peters,0,1,0.0,1,0,0,0,0,1,2.3,2.3,2.0%,DL,2012
99,100,Brooks Reed,1,1,0.0,0,0,0,0,0,1,2.3,2.3,0.0%,DL,2012
100,101,Arthur Jones,1,1,0.0,0,0,0,0,0,1,2.3,2.3,0.0%,DL,2012
101,102,Brodrick Bunkley,1,1,0.0,0,0,0,0,0,1,2.3,2.3,0.0%,DL,2012
102,103,Stephen Paea,1,1,0.0,0,0,0,0,0,1,2.3,2.3,0.0%,DL,2012
103,104,Jay Ratliff,1,1,0.0,0,0,0,0,0,1,2.3,2.3,0.0%,DL,2012
104,105,Linval Joseph,1,1,0.0,0,0,0,0,0,1,2.3,2.3,0.0%,DL,2012
105,106,Corey Wootton,1,1,0.0,0,0,0,0,0,1,2.3,2.3,0.0%,DL,2012
106,107,Tony McDaniel,1,1,0.0,0,0,0,0,0,1,2.3,2.3,0.0%,DL,2012
107,108,Spencer Johnson,1,1,0.0,0,0,0,0,0,1,2.3,2.3,0.0%,DL,2012
108,109,William Hayes,1,1,0.0,0,0,0,0,0,1,2.3,2.3,2.0%,DL,2012
109,110,Ron Edwards,1,1,0.0,0,0,0,0,0,1,2.3,2.3,0.0%,DL,2012
110,111,Michael Johnson,0,3,0.0,0,0,0,0,0,1,2.3,2.3,0.0%,DL,2012
111,112,Malik Jackson,1,0,0.0,0,0,0,0,0,1,1.5,1.5,0.0%,DL,2012
112,113,Markus Kuhn,0,0,0.0,1,0,0,0,0,1,1.5,1.5,0.0%,DL,2012
113,114,Tommy Kelly,0,2,0.0,0,0,0,0,0,1,1.5,1.5,0.0%,DL,2012
114,115,Kheeston Randall,1,0,0.0,0,0,0,0,0,1,1.5,1.5,0.0%,DL,2012
115,116,Mike Martin,1,0,0.0,0,0,0,0,0,1,1.5,1.5,0.0%,DL,2012
116,117,Ricardo Mathews,1,0,0.0,0,0,0,0,0,1,1.5,1.5,0.0%,DL,2012
117,118,Justin Tuck,0,2,0.0,0,0,0,0,0,1,1.5,1.5,0.0%,DL,2012
118,119,Sedrick Ellis,0,0,0.0,1,0,0,0,0,1,1.5,1.5,0.0%,DL,2012
119,120,Turk McBride,1,0,0.0,0,0,0,0,0,1,1.5,1.5,0.0%,DL,2012
120,121,Kenyon Coleman,1,0,0.0,0,0,0,0,0,1,1.5,1.5,0.0%,DL,2012
121,122,Aubrayo Franklin,1,0,0.0,0,0,0,0,0,1,1.5,1.5,0.0%,DL,2012
122,123,Derrick Shelby,1,0,0.0,0,0,0,0,0,1,1.5,1.5,0.0%,DL,2012
123,124,Demarcus Dobbs,1,0,0.0,0,0,0,0,0,1,1.5,1.5,0.0%,DL,2012
124,125,Drake Nevis,1,0,0.0,0,0,0,0,0,1,1.5,1.5,0.0%,DL,2012
125,126,Kendall Reyes,1,0,0.0,0,0,0,0,0,1,1.5,1.5,0.0%,DL,2012
126,127,Derek Wolfe,1,0,0.0,0,0,0,0,0,1,1.5,1.5,0.0%,DL,2012
127,128,Jonathan Babineaux,1,0,0.0,0,0,0,0,0,1,1.5,1.5,0.0%,DL,2012
128,129,Dwan Edwards,0,2,0.0,0,0,0,0,0,1,1.5,1.5,0.0%,DL,2012
129,130,Gerald McCoy,0,1,0.0,0,0,0,0,0,1,0.8,0.8,0.0%,DL,2012
130,131,Josh Brent,0,1,0.0,0,0,0,0,0,1,0.8,0.8,0.0%,DL,2012
131,132,Chris Canty,0,1,0.0,0,0,0,0,0,1,0.8,0.8,0.0%,DL,2012
132,133,Kyle Love,0,1,0.0,0,0,0,0,0,1,0.8,0.8,0.0%,DL,2012
133,134,Gary Gibson,0,1,0.0,0,0,0,0,0,1,0.8,0.8,0.0%,DL,2012
134,135,Andre Neblett,0,1,0.0,0,0,0,0,0,1,0.8,0.8,0.0%,DL,2012
135,136,Dontari Poe,0,1,0.0,0,0,0,0,0,1,0.8,0.8,0.0%,DL,2012
136,137,Karl Klug,0,1,0.0,0,0,0,0,0,1,0.8,0.8,0.0%,DL,2012
137,138,Rocky Bernard,0,1,0.0,0,0,0,0,0,1,0.8,0.8,0.0%,DL,2012
138,139,Justin Francis,0,1,0.0,0,0,0,0,0,1,0.8,0.8,0.0%,DL,2012
139,140,Ma'ake Kemoeatu,0,1,0.0,0,0,0,0,0,1,0.8,0.8,0.0%,DL,2012
140,141,Antonio Smith,0,1,0.0,0,0,0,0,0,1,0.8,0.8,0.0%,DL,2012
141,142,Chris Clemons,0,1,0.0,0,0,0,0,0,1,0.8,0.8,0.0%,DL,2012
142,143,Jeff Backus,0,0,0.0,0,0,0,0,0,1,0.0,0.0,0.0%,DL,2012
143,144,Demetress Bell,0,0,0.0,0,0,0,0,0,1,0.0,0.0,0.0%,DL,2012
144,145,Aaron Morgan,0,0,0.0,0,0,0,0,0,1,0.0,0.0,0.0%,DL,2012
145,146,Elvis Dumervil,2,0,1.0,0,0,1,0,0,1,0.0,0.0,0.0%,DL,2012
146,147,Ahmad Brooks,8,0,0.0,3,0,1,0,0,1,0.0,0.0,0.0%,DL,2012
147,148,Tamba Hali,1,1,0.0,1,0,0,0,0,1,0.0,0.0,2.0%,DL,2012
148,149,Jared Allen,1,0,0.0,0,0,0,0,0,1,0.0,0.0,0.0%,DL,2012
149,150,Marcus Spears,0,0,0.0,0,0,0,0,0,1,0.0,0.0,0.0%,DL,2012
150,151,Mike Patterson,0,0,0.0,0,0,0,0,0,1,0.0,0.0,0.0%,DL,2012
151,152,Kamerion Wimbley,0,0,0.0,0,0,0,0,0,1,0.0,0.0,0.0%,DL,2012
152,153,Randy Starks,0,0,0.0,0,0,0,0,0,1,0.0,0.0,0.0%,DL,2012
153,154,Cameron Wake,1,1,0.0,0,0,0,0,0,1,0.0,0.0,0.0%,DL,2012
154,155,Peria Jerry,0,0,0.0,0,0,0,0,0,1,0.0,0.0,0.0%,DL,2012
155,156,Paul Soliai,0,0,0.0,0,0,0,0,0,1,0.0,0.0,0.0%,DL,2012
156,157,Fili Moala,0,0,0.0,0,0,0,0,0,1,0.0,0.0,0.0%,DL,2012
157,158,Lawrence Guy,0,0,0.0,0,0,0,0,0,1,0.0,0.0,4.0%,DL,2012
158,159,D'Aundre Reed,0,0,0.0,0,0,0,0,0,1,0.0,0.0,0.0%,DL,2012
159,160,Cliff Matthews,0,0,0.0,0,0,0,0,0,1,0.0,0.0,0.0%,DL,2012
160,161,Christian Ballard,0,0,0.0,0,0,0,0,0,1,0.0,0.0,0.0%,DL,2012
161,162,Da'Quan Bowers,0,0,0.0,0,0,0,0,0,1,0.0,0.0,0.0%,DL,2012
162,163,Cameron Heyward,0,0,0.0,0,0,0,0,0,1,0.0,0.0,23.1%,DL,2012
163,164,Von Miller,6,0,1.0,0,0,1,0,0,1,0.0,0.0,2.5%,DL,2012
164,165,Robert Quinn,3,1,1.5,0,0,0,0,0,1,0.0,0.0,1.2%,DL,2012
165,166,Martez Wilson,1,0,1.0,0,0,0,0,0,1,0.0,0.0,0.0%,DL,2012
166,167,Sione Fua,0,0,0.0,0,0,0,0,0,1,0.0,0.0,0.0%,DL,2012
167,168,Jurrell Casey,0,0,0.0,0,0,0,0,0,1,0.0,0.0,0.1%,DL,2012
168,169,Antonio Garay,0,0,0.0,0,0,0,0,0,1,0.0,0.0,0.0%,DL,2012
169,170,Terrell Suggs,2,1,0.0,2,0,0,0,0,1,0.0,0.0,0.0%,DL,2012
170,171,Jason Babin,0,0,0.0,0,0,0,0,0,1,0.0,0.0,0.0%,DL,2012
171,172,John Abraham,0,1,0.0,0,0,0,0,0,1,0.0,0.0,0.0%,DL,2012
172,173,Dwight Freeney,0,0,0.0,0,0,0,0,0,1,0.0,0.0,0.0%,DL,2012
173,174,Larry English,0,1,0.0,0,0,0,0,0,1,0.0,0.0,0.0%,DL,2012
174,175,Cedric Thornton,0,0,0.0,0,0,0,0,0,1,0.0,0.0,0.0%,DL,2012
175,176,Anthony Toribio,0,0,0.0,0,0,0,0,0,1,0.0,0.0,0.0%,DL,2012
176,177,Steve McLendon,0,0,0.0,0,0,0,0,0,1,0.0,0.0,0.0%,DL,2012
177,178,Matt Conrath,0,0,0.0,0,0,0,0,0,1,0.0,0.0,0.0%,DL,2012
178,179,Nate Chandler,0,0,0.0,0,0,0,0,0,1,0.0,0.0,0.0%,DL,2012
179,180,Corvey Irvin,0,0,0.0,0,0,0,0,0,1,0.0,0.0,0.0%,DL,2012
180,181,Damon Harrison,0,0,0.0,0,0,0,0,0,1,0.0,0.0,0.0%,DL,2012
181,182,Lamarr Houston,3,0,0.0,0,0,0,0,0,1,0.0,0.0,0.0%,DL,2012
182,183,D'Anthony Smith,0,0,0.0,0,0,0,0,0,1,0.0,0.0,0.0%,DL,2012
183,184,Al Woods,0,0,0.0,0,0,0,0,0,1,0.0,0.0,0.0%,DL,2012
184,185,Cam Thomas,0,0,0.0,0,0,0,0,0,1,0.0,0.0,0.0%,DL,2012
185,186,Arthur Moats,0,1,0.0,0,0,0,0,0,1,0.0,0.0,0.0%,DL,2012
186,187,Dekoda Watson,0,0,0.0,0,0,0,0,0,1,0.0,0.0,0.0%,DL,2012
187,188,Brandon Deaderick,0,0,0.0,0,0,0,0,0,1,0.0,0.0,0.0%,DL,2012
188,189,Willie Young,0,0,0.0,0,0,0,0,0,1,0.0,0.0,0.0%,DL,2012
189,190,Ricky Jean-Francois,0,0,0.0,0,0,0,0,0,1,0.0,0.0,0.0%,DL,2012
190,191,Paul Kruger,5,1,2.0,1,1,0,0,0,1,0.0,0.0,0.0%,DL,2012
191,192,Terrance Knighton,0,0,0.0,0,0,0,0,0,1,0.0,0.0,0.0%,DL,2012
192,193,Vaughn Martin,0,0,0.0,0,0,0,0,0,1,0.0,0.0,0.0%,DL,2012
193,194,Lawrence Sidbury,0,0,0.0,0,0,0,0,0,1,0.0,0.0,0.0%,DL,2012
194,195,Derrick Morgan,3,0,0.0,1,0,0,0,0,1,0.0,0.0,0.0%,DL,2012
195,196,Brandon Graham,0,0,0.0,0,0,0,0,0,1,0.0,0.0,2.2%,DL,2012
196,197,Jared Crick,0,0,0.0,0,0,0,0,0,1,0.0,0.0,0.0%,DL,2012
197,198,Akiem Hicks,0,0,0.0,0,0,0,0,0,1,0.0,0.0,0.0%,DL,2012
198,199,Courtney Upshaw,4,0,0.0,1,0,0,0,0,1,0.0,0.0,0.0%,DL,2012
199,200,Tyrone Crawford,0,0,0.0,0,0,0,0,0,1,0.0,0.0,0.0%,DL,2012
200,201,Frank Alexander,0,0,0.0,0,0,0,0,0,1,0.0,0.0,0.0%,DL,2012
201,202,Jaye Howard,0,0,0.0,0,0,0,0,0,1,0.0,0.0,0.0%,DL,2012
202,203,Scott Solomon,0,0,0.0,0,0,0,0,0,1,0.0,0.0,0.0%,DL,2012
203,204,Jonathan Massaquoi,0,0,0.0,0,0,0,0,0,1,0.0,0.0,0.0%,DL,2012
204,205,Whitney Mercilus,1,0,0.0,0,0,0,0,0,1,0.0,0.0,0.2%,DL,2012
205,206,Martin Tevaseu,0,0,0.0,0,0,0,0,0,1,0.0,0.0,0.0%,DL,2012
206,207,Mitch Unrein,0,0,0.0,0,0,0,0,0,1,0.0,0.0,0.0%,DL,2012
207,208,Chandler Jones,0,1,0.0,0,0,0,0,0,1,0.0,0.0,0.5%,DL,2012
208,209,Will Tukuafu,0,0,0.0,0,0,0,0,0,1,0.0,0.0,0.0%,DL,2012
209,210,Melvin Ingram,0,0,0.0,0,0,0,0,0,1,0.0,0.0,0.0%,DL,2012
210,211,Ronnell Lewis,0,0,0.0,0,0,0,0,0,1,0.0,0.0,0.0%,DL,2012
211,212,John Denney,0,0,0.0,0,0,0,0,0,1,0.0,0.0,0.0%,DL,2012
212,213,Chris Jones,0,0,0.0,0,0,0,0,0,1,0.0,0.0,25.7%,DL,2012
