,Rank,Player,Field Goals,Field Attempts,Percentage,Longest Field,1-19 Yards,20-29 Yards,30-39 Yards,40-49 Yards,50+ Yards,Extra Points Made,Extra Points Attempted,Games Played,Fantasy Football Points,FTPS/Game,ROST,Position,Year
0,1,Blair Walsh,4,4,100.0,48,0,2,1,1,0,2,2,1,15.0,15.0,0.1%,K,2012
1,2,Stephen Gostkowski,3,3,100.0,48,0,1,0,2,0,4,4,1,15.0,15.0,0.1%,K,2012
2,3,Rob Bironas,3,3,100.0,53,0,0,2,0,1,4,4,1,15.0,15.0,0.0%,K,2012
3,4,Justin Tucker,2,2,100.0,48,0,0,1,1,0,7,7,1,14.0,14.0,98.7%,K,2012
4,5,Connor Barth,2,2,100.0,45,0,0,0,2,0,4,4,1,12.0,12.0,0.0%,K,2012
5,6,Matt Prater,2,3,66.7,53,0,1,0,0,1,4,4,1,12.0,12.0,1.7%,K,2012
6,7,Adam Vinatieri,2,2,100.0,41,0,0,1,1,0,3,3,1,10.0,10.0,0.2%,K,2012
7,8,Shaun Suisham,3,3,100.0,35,0,1,2,0,0,1,1,1,10.0,10.0,0.0%,K,2012
8,9,Matt Bryant,2,2,100.0,37,0,1,1,0,0,3,3,1,9.0,9.0,1.1%,K,2012
9,10,Sebastian Janikowski,2,2,100.0,47,0,0,1,1,0,2,2,1,9.0,9.0,20.0%,K,2012
10,11,Dan Bailey,1,1,100.0,30,0,0,1,0,0,5,5,1,8.0,8.0,0.0%,K,2012
11,12,Shayne Graham,2,2,100.0,42,0,1,0,1,0,1,1,1,8.0,8.0,0.0%,K,2012
12,13,Ryan Succop,2,3,66.7,46,0,1,0,1,0,1,1,1,8.0,8.0,0.0%,K,2012
13,14,Rian Lindell,1,1,100.0,41,0,0,0,1,0,4,4,1,8.0,8.0,0.0%,K,2012
14,15,Robbie Gould,2,3,66.7,51,0,1,0,0,1,0,0,1,8.0,8.0,0.1%,K,2012
15,16,Garrett Hartley,1,1,100.0,31,0,0,1,0,0,4,4,1,7.0,7.0,0.0%,K,2012
16,17,Mike Nugent,1,1,100.0,28,0,1,0,0,0,4,4,1,7.0,7.0,1.0%,K,2012
17,18,Lawrence Tynes,2,2,100.0,31,0,1,1,0,0,1,1,1,7.0,7.0,0.0%,K,2012
18,19,Alex Henery,1,1,100.0,40,0,0,0,1,0,2,3,1,6.0,6.0,0.0%,K,2012
19,20,Greg Zuerlein,1,2,50.0,27,0,1,0,0,0,3,3,1,6.0,6.0,43.3%,K,2012
20,21,Nick Novak,1,1,100.0,34,0,0,1,0,0,3,3,1,6.0,6.0,0.1%,K,2012
21,22,David Akers,1,2,50.0,33,0,0,1,0,0,3,3,1,6.0,6.0,0.0%,K,2012
22,23,Josh Scobee,1,2,50.0,40,0,0,0,1,0,1,1,1,5.0,5.0,0.0%,K,2012
23,24,Dan Carpenter,1,1,100.0,40,0,0,0,1,0,0,0,1,4.0,4.0,0.2%,K,2012
24,25,Stephen Hauschka,0,0,0.0,0,0,0,0,0,0,4,4,1,4.0,4.0,0.0%,K,2012
25,26,Jason Hanson,1,1,100.0,41,0,0,0,0,0,3,3,1,3.0,3.0,0.0%,K,2012
26,27,Justin Medlock,0,1,0.0,0,0,0,0,0,0,2,2,1,2.0,2.0,0.0%,K,2012
27,28,Nick Folk,0,0,0.0,0,0,0,0,0,0,1,1,1,1.0,1.0,9.5%,K,2012
