,Rank,Player,Field Goals,Field Attempts,Percentage,Longest Field,1-19 Yards,20-29 Yards,30-39 Yards,40-49 Yards,50+ Yards,Extra Points Made,Extra Points Attempted,Games Played,Fantasy Football Points,FTPS/Game,ROST,Position,Year
0,1,Connor Barth,3,3,100.0,55,0,0,1,0,2,2,2,1,15.0,15.0,0.0%,K,2012
1,2,Matt Bryant,3,3,100.0,55,0,1,0,1,1,2,2,1,14.0,14.0,1.1%,K,2012
2,3,Shaun Suisham,3,3,100.0,46,0,0,0,3,0,2,2,1,14.0,14.0,0.0%,K,2012
3,4,Ryan Succop,2,2,100.0,52,0,0,0,1,1,3,3,1,12.0,12.0,0.0%,K,2012
4,5,Rian Lindell,2,2,100.0,50,0,1,0,0,1,4,4,1,12.0,12.0,0.0%,K,2012
5,6,Stephen Gostkowski,3,4,75.0,43,0,1,1,1,0,2,2,1,12.0,12.0,0.1%,K,2012
6,7,Mason Crosby,3,4,75.0,47,0,0,2,1,0,2,2,1,12.0,12.0,0.1%,K,2012
7,8,Dan Carpenter,3,3,100.0,44,0,0,1,2,0,1,1,1,12.0,12.0,0.2%,K,2012
8,9,Alex Henery,2,2,100.0,43,0,0,0,2,0,3,3,1,11.0,11.0,0.0%,K,2012
9,10,Lawrence Tynes,3,4,75.0,40,0,0,2,1,0,1,1,1,11.0,11.0,0.0%,K,2012
10,11,Greg Zuerlein,2,3,66.7,54,0,0,0,0,2,0,0,1,10.0,10.0,43.3%,K,2012
11,12,Garrett Hartley,2,2,100.0,52,0,1,0,0,1,1,1,1,9.0,9.0,0.0%,K,2012
12,13,Justin Tucker,2,2,100.0,45,0,1,0,1,0,2,2,1,9.0,9.0,98.7%,K,2012
13,14,Phil Dawson,2,3,66.7,41,0,0,1,1,0,2,2,1,9.0,9.0,0.1%,K,2012
14,15,Mike Nugent,2,2,100.0,24,1,1,0,0,0,2,2,1,8.0,8.0,1.0%,K,2012
15,16,Dan Bailey,1,1,100.0,39,0,0,1,0,0,5,5,1,8.0,8.0,0.0%,K,2012
16,17,Shayne Graham,1,1,100.0,50,0,0,0,0,1,3,3,1,8.0,8.0,0.0%,K,2012
17,18,Jay Feely,2,2,100.0,48,0,0,1,1,0,0,0,1,7.0,7.0,0.0%,K,2012
18,19,David Akers,2,3,66.7,33,0,1,1,0,0,1,1,1,7.0,7.0,0.0%,K,2012
19,20,Sebastian Janikowski,1,2,50.0,51,0,0,0,0,1,2,2,1,7.0,7.0,20.0%,K,2012
20,21,Nick Novak,2,3,66.7,20,1,1,0,0,0,1,1,1,7.0,7.0,0.1%,K,2012
21,22,Matt Prater,1,2,50.0,31,0,0,1,0,0,4,4,1,7.0,7.0,1.7%,K,2012
22,23,Robbie Gould,1,1,100.0,46,0,0,0,1,0,2,2,1,6.0,6.0,0.1%,K,2012
23,24,Stephen Hauschka,1,1,100.0,31,0,0,1,0,0,2,2,1,5.0,5.0,0.0%,K,2012
24,25,Adam Vinatieri,0,0,0.0,0,0,0,0,0,0,5,5,1,5.0,5.0,0.2%,K,2012
25,26,Kai Forbath,1,1,100.0,33,0,0,1,0,0,2,2,1,5.0,5.0,3.0%,K,2012
26,27,Josh Scobee,1,1,100.0,36,0,0,1,0,0,1,1,1,4.0,4.0,0.0%,K,2012
27,28,Rob Bironas,1,1,100.0,37,0,0,1,0,0,1,1,1,4.0,4.0,0.0%,K,2012
28,29,Graham Gano,0,0,0.0,0,0,0,0,0,0,3,3,1,3.0,3.0,1.3%,K,2012
29,30,Jason Hanson,4,4,100.0,52,0,0,0,0,0,3,3,1,3.0,3.0,0.0%,K,2012
30,31,Blair Walsh,0,1,0.0,0,0,0,0,0,0,2,2,1,2.0,2.0,0.1%,K,2012
31,32,Nick Folk,0,2,0.0,0,0,0,0,0,0,1,1,1,1.0,1.0,9.5%,K,2012
