,Rank,Player,Field Goals,Field Attempts,Percentage,Longest Field,1-19 Yards,20-29 Yards,30-39 Yards,40-49 Yards,50+ Yards,Extra Points Made,Extra Points Attempted,Games Played,Fantasy Football Points,FTPS/Game,ROST,Position,Year
0,1,Nate Kaeding,5,5,100.0,45,1,2,0,2,0,1,1,1,18.0,18.0,0.0%,K,2012
1,2,Billy Cundiff,4,4,100.0,45,0,0,2,2,0,4,4,1,18.0,18.0,0.0%,K,2012
2,3,Blair Walsh,4,4,100.0,55,0,1,1,1,1,2,2,1,17.0,17.0,0.1%,K,2012
3,4,Matt Bryant,4,4,100.0,41,0,1,2,1,0,4,4,1,17.0,17.0,1.1%,K,2012
4,5,Justin Tucker,3,3,100.0,46,0,0,1,2,0,5,5,1,16.0,16.0,98.7%,K,2012
5,6,David Akers,3,3,100.0,63,0,0,0,2,1,3,3,1,16.0,16.0,0.0%,K,2012
6,7,Greg Zuerlein,3,3,100.0,48,0,1,0,2,0,2,2,1,13.0,13.0,43.3%,K,2012
7,8,Shayne Graham,3,4,75.0,40,1,0,1,1,0,3,3,1,13.0,13.0,0.0%,K,2012
8,9,Nick Folk,2,2,100.0,39,0,1,1,0,0,6,6,1,12.0,12.0,9.5%,K,2012
9,10,Phil Dawson,3,3,100.0,43,0,1,0,2,0,1,1,1,12.0,12.0,0.1%,K,2012
10,11,Connor Barth,3,3,100.0,40,0,1,1,1,0,1,1,1,11.0,11.0,0.0%,K,2012
11,12,Stephen Hauschka,3,4,75.0,47,0,1,1,1,0,1,1,1,11.0,11.0,0.0%,K,2012
12,13,Robbie Gould,2,2,100.0,35,0,1,1,0,0,5,5,1,11.0,11.0,0.1%,K,2012
13,14,Josh Scobee,3,3,100.0,47,1,1,0,1,0,0,0,1,10.0,10.0,0.0%,K,2012
14,15,Stephen Gostkowski,2,2,100.0,31,0,1,1,0,0,4,4,1,10.0,10.0,0.1%,K,2012
15,16,Sebastian Janikowski,2,2,100.0,51,1,0,0,0,1,0,0,1,8.0,8.0,20.0%,K,2012
16,17,Jay Feely,2,2,100.0,31,0,1,1,0,0,2,2,1,8.0,8.0,0.0%,K,2012
17,18,Shaun Suisham,2,2,100.0,35,0,1,1,0,0,1,1,1,7.0,7.0,0.0%,K,2012
18,19,Mike Nugent,2,2,100.0,34,1,0,1,0,0,1,1,1,7.0,7.0,1.0%,K,2012
19,20,Rob Bironas,2,2,100.0,28,0,2,0,0,0,1,1,1,7.0,7.0,0.0%,K,2012
20,21,Ryan Succop,1,2,50.0,39,0,0,1,0,0,3,3,1,6.0,6.0,0.0%,K,2012
21,22,Dan Bailey,1,1,100.0,33,0,0,1,0,0,3,3,1,6.0,6.0,0.0%,K,2012
22,23,Garrett Hartley,1,1,100.0,21,0,1,0,0,0,3,3,1,6.0,6.0,0.0%,K,2012
23,24,Alex Henery,1,2,50.0,42,0,0,0,1,0,2,2,1,6.0,6.0,0.0%,K,2012
24,25,Lawrence Tynes,1,1,100.0,22,0,1,0,0,0,2,2,1,5.0,5.0,0.0%,K,2012
25,26,Matt Prater,1,1,100.0,26,0,1,0,0,0,2,2,1,5.0,5.0,1.7%,K,2012
26,27,Rian Lindell,0,0,0.0,0,0,0,0,0,0,4,4,1,4.0,4.0,0.0%,K,2012
27,28,Dan Carpenter,1,1,100.0,39,0,0,1,0,0,1,1,1,4.0,4.0,0.2%,K,2012
28,29,Adam Vinatieri,0,1,0.0,0,0,0,0,0,0,3,3,1,3.0,3.0,0.2%,K,2012
29,30,Jason Hanson,2,2,100.0,45,0,0,0,0,0,3,3,1,3.0,3.0,0.0%,K,2012
30,31,Mason Crosby,0,0,0.0,0,0,0,0,0,0,2,2,1,2.0,2.0,0.1%,K,2012
31,32,Justin Medlock,1,1,100.0,21,0,0,0,0,0,1,1,1,1.0,1.0,0.0%,K,2012
32,33,John Potter,0,0,0.0,0,0,0,0,0,0,0,0,1,0.0,0.0,0.0%,K,2012
