,Rank,Player,Tackle,Assist,Sack,Pass Defended,Interception,Forced Fumble,Fumble Recovery,Defend Touchdown,Games Played,Fantasy Football Points,FTPS/Game,ROST,Position,Year
0,1,Derrick Johnson,12,1,0.0,0,0,1,0,0,1,27.8,27.8,0.0%,LB,2012
1,2,Paul Kruger,5,1,2.0,1,1,0,0,0,1,27.8,27.8,0.0%,LB,2012
2,3,Von Miller,6,0,1.0,0,0,1,0,0,1,27.0,27.0,2.5%,LB,2012
3,4,Ahmad Brooks,8,0,0.0,3,0,1,0,0,1,23.0,23.0,0.0%,LB,2012
4,5,Lavonte David,13,1,0.0,0,0,0,0,0,1,22.8,22.8,52.4%,LB,2012
5,6,Bruce Carter,10,0,0.0,0,0,0,0,0,1,20.0,20.0,0.0%,LB,2012
6,7,Navorro Bowman,10,3,0.0,0,0,0,0,0,1,19.8,19.8,0.1%,LB,2012
7,8,Mychal Kendricks,7,0,1.0,0,0,0,0,0,1,19.5,19.5,0.0%,LB,2012
8,9,Colin McCarthy,3,0,0.0,1,1,0,0,1,1,19.5,19.5,0.0%,LB,2012
9,10,Mario Haggan,5,0,1.0,0,0,1,0,0,1,18.0,18.0,0.0%,LB,2012
10,11,Brandon Spikes,5,6,0.0,1,0,1,0,0,1,17.5,17.5,0.0%,LB,2012
11,12,Brian Urlacher,7,1,0.0,0,0,0,0,0,1,16.3,16.3,0.0%,LB,2012
12,13,DeMeco Ryans,7,1,0.0,0,0,0,0,0,1,16.3,16.3,0.0%,LB,2012
13,14,Lawrence Timmons,4,3,0.0,2,1,0,0,0,1,16.3,16.3,0.1%,LB,2012
14,15,Stephen Nicholas,5,2,1.0,0,0,0,0,0,1,15.5,15.5,0.0%,LB,2012
15,16,Bradie James,3,4,0.0,0,0,0,1,0,1,14.0,14.0,0.0%,LB,2012
16,17,Quincy Black,6,0,0.0,0,0,0,0,0,1,14.0,14.0,0.0%,LB,2012
17,18,Robert Quinn,3,1,1.5,0,0,0,0,0,1,13.8,13.8,1.2%,LB,2012
18,19,Luke Kuechly,6,4,0.0,1,0,0,0,0,1,13.5,13.5,92.3%,LB,2012
19,20,Rey Maualuga,4,8,0.0,1,0,0,0,0,1,13.5,13.5,0.0%,LB,2012
20,21,Bart Scott,4,1,1.0,0,0,0,0,0,1,13.3,13.3,0.0%,LB,2012
21,22,Tim Dobbins,5,2,0.0,0,0,0,1,0,1,13.0,13.0,0.0%,LB,2012
22,23,Dannell Ellerbe,6,5,0.0,0,0,0,0,0,1,12.8,12.8,0.0%,LB,2012
23,24,Jameel McClain,7,3,0.0,0,0,0,0,0,1,12.8,12.8,0.0%,LB,2012
24,25,Chad Greenway,3,2,0.0,1,1,0,0,0,1,12.5,12.5,0.0%,LB,2012
25,26,Zach Brown,4,0,0.0,1,1,0,0,0,1,12.5,12.5,0.0%,LB,2012
26,27,Paul Posluszny,8,0,0.0,0,0,0,0,0,1,12.0,12.0,4.7%,LB,2012
27,28,Jerod Mayo,4,8,0.0,0,0,0,0,0,1,12.0,12.0,0.0%,LB,2012
28,29,Donald Butler,3,1,1.0,0,0,0,0,0,1,11.8,11.8,0.0%,LB,2012
29,30,Mason Foster,2,3,1.0,0,0,0,0,0,1,11.8,11.8,0.0%,LB,2012
30,31,LaMarr Woodley,4,4,0.0,0,0,0,0,0,1,11.5,11.5,0.0%,LB,2012
31,32,DeAndre Levy,5,2,0.0,0,0,0,0,0,1,11.5,11.5,0.0%,LB,2012
32,33,Akeem Dent,6,3,0.0,0,0,0,0,0,1,11.3,11.3,0.0%,LB,2012
33,34,Justin Durant,6,3,0.0,0,0,0,0,0,1,11.3,11.3,0.0%,LB,2012
34,35,David Harris,3,3,0.5,0,0,0,0,0,1,11.3,11.3,4.0%,LB,2012
35,36,Elvis Dumervil,2,0,1.0,0,0,1,0,0,1,11.0,11.0,0.0%,LB,2012
36,37,Albert McClellan,3,0,0.0,0,0,0,1,0,1,11.0,11.0,0.0%,LB,2012
37,38,Mark Barron,6,0,0.0,1,0,0,0,0,1,10.5,10.5,0.0%,LB,2012
38,39,Bryan Thomas,4,3,0.5,0,0,0,0,0,1,10.3,10.3,0.0%,LB,2012
39,40,Victor Butler,2,1,1.0,0,0,0,0,0,1,10.3,10.3,0.0%,LB,2012
40,41,Michael Boley,3,4,0.0,0,0,0,0,0,1,10.0,10.0,0.0%,LB,2012
41,42,Courtney Upshaw,4,0,0.0,1,0,0,0,0,1,10.0,10.0,0.0%,LB,2012
42,43,Koa Misi,4,0,0.0,1,0,0,0,0,1,10.0,10.0,0.0%,LB,2012
43,44,Patrick Willis,6,1,0.0,0,0,0,0,0,1,9.8,9.8,0.0%,LB,2012
44,45,Philip Wheeler,6,1,0.0,0,0,0,0,0,1,9.8,9.8,1.0%,LB,2012
45,46,James Laurinaitis,6,1,0.0,0,0,0,0,0,1,9.8,9.8,0.0%,LB,2012
46,47,Akeem Ayers,1,0,0.0,2,1,0,0,0,1,9.5,9.5,0.0%,LB,2012
47,48,James Anderson,4,1,0.0,0,0,0,0,0,1,9.3,9.3,0.0%,LB,2012
48,49,Karlos Dansby,4,2,0.0,1,0,0,0,0,1,9.0,9.0,0.1%,LB,2012
49,50,Vontaze Burfict,3,6,0.0,0,0,0,0,0,1,9.0,9.0,0.0%,LB,2012
50,51,Russell Allen,6,0,0.0,0,0,0,0,0,1,9.0,9.0,0.0%,LB,2012
51,52,Derrick Morgan,3,0,0.0,1,0,0,0,0,1,8.5,8.5,0.0%,LB,2012
52,53,Moise Fokou,2,0,0.0,1,0,1,0,0,1,8.5,8.5,0.0%,LB,2012
53,54,Bobby Wagner,2,7,0.0,0,0,0,0,0,1,8.3,8.3,72.4%,LB,2012
54,55,Adam Hayward,1,1,0.0,0,0,0,0,0,1,8.3,8.3,0.0%,LB,2012
55,56,Kevin Burnett,5,1,0.0,0,0,0,0,0,1,8.3,8.3,0.0%,LB,2012
56,57,Martez Wilson,1,0,1.0,0,0,0,0,0,1,8.0,8.0,0.0%,LB,2012
57,58,Jasper Brinkley,2,3,0.0,0,0,0,0,0,1,7.8,7.8,0.0%,LB,2012
58,59,Calvin Pace,1,1,0.0,1,0,0,1,0,1,7.8,7.8,0.0%,LB,2012
59,60,David Hawthorne,3,1,0.0,0,0,0,0,0,1,7.8,7.8,0.0%,LB,2012
60,61,Leroy Hill,4,2,0.0,0,0,0,0,0,1,7.5,7.5,0.0%,LB,2012
61,62,Shaun Phillips,5,0,0.0,0,0,0,0,0,1,7.5,7.5,0.0%,LB,2012
62,63,Nick Barnett,4,2,0.0,0,0,0,0,0,1,7.5,7.5,0.0%,LB,2012
63,64,Larry Foote,3,4,0.0,0,0,0,0,0,1,7.5,7.5,0.0%,LB,2012
64,65,Curtis Lofton,2,3,0.0,1,0,0,0,0,1,6.8,6.8,0.0%,LB,2012
65,66,Terrell Suggs,2,1,0.0,2,0,0,0,0,1,6.8,6.8,0.0%,LB,2012
66,67,Ernie Sims,4,1,0.0,0,0,0,0,0,1,6.8,6.8,0.0%,LB,2012
67,68,Jo-Lonn Dunbar,4,1,0.0,0,0,0,0,0,1,6.8,6.8,0.0%,LB,2012
68,69,Chase Blackburn,2,5,0.0,0,0,0,0,0,1,6.8,6.8,0.0%,LB,2012
69,70,Keith Brooking,3,3,0.0,0,0,0,0,0,1,6.8,6.8,0.0%,LB,2012
70,71,Stephen Tulloch,2,1,0.0,0,0,0,0,0,1,6.3,6.3,0.0%,LB,2012
71,72,Jarret Johnson,4,0,0.0,0,0,0,0,0,1,6.0,6.0,0.0%,LB,2012
72,73,James Harrison,1,6,0.0,0,0,0,0,0,1,6.0,6.0,0.0%,LB,2012
73,74,Wesley Woodyard,3,2,0.0,0,0,0,0,0,1,6.0,6.0,0.0%,LB,2012
74,75,Erin Henderson,3,0,0.0,1,0,0,0,0,1,6.0,6.0,0.0%,LB,2012
75,76,Miles Burris,3,2,0.0,0,0,0,0,0,1,6.0,6.0,0.0%,LB,2012
76,77,Michael Morgan,2,4,0.0,0,0,0,0,0,1,6.0,6.0,0.0%,LB,2012
77,78,DeMarcus Ware,2,1,0.5,0,0,0,0,0,1,5.8,5.8,0.0%,LB,2012
78,79,Jovan Belcher,3,1,0.0,0,0,0,0,0,1,5.3,5.3,0.0%,LB,2012
79,80,Mike Peterson,2,3,0.0,0,0,0,0,0,1,5.3,5.3,0.0%,LB,2012
80,81,Akeem Jordan,3,1,0.0,0,0,0,0,0,1,5.3,5.3,0.0%,LB,2012
81,82,Lance Briggs,3,1,0.0,0,0,0,0,0,1,5.3,5.3,0.0%,LB,2012
82,83,Thomas Davis,2,2,0.0,0,0,0,0,0,1,4.5,4.5,0.0%,LB,2012
83,84,Danny Trevathan,2,0,0.0,1,0,0,0,0,1,4.5,4.5,0.0%,LB,2012
84,85,Lamarr Houston,3,0,0.0,0,0,0,0,0,1,4.5,4.5,0.0%,LB,2012
85,86,Brendon Ayanbadejo,0,0,0.0,0,0,0,1,0,1,4.0,4.0,0.0%,LB,2012
86,87,Aaron Curry,1,0,0.0,0,0,0,0,0,1,4.0,4.0,0.0%,LB,2012
87,88,Emmanuel Lamur,2,1,0.0,0,0,0,0,0,1,3.8,3.8,0.0%,LB,2012
88,89,Dont'a Hightower,1,3,0.0,0,0,0,0,0,1,3.8,3.8,1.0%,LB,2012
89,90,Jonathan Casillas,2,1,0.0,0,0,0,0,0,1,3.8,3.8,0.0%,LB,2012
90,91,Demario Davis,2,1,0.0,0,0,0,0,0,1,3.8,3.8,22.3%,LB,2012
91,92,Garrett McIntyre,2,1,0.0,0,0,0,0,0,1,3.8,3.8,0.0%,LB,2012
92,93,Tamba Hali,1,1,0.0,1,0,0,0,0,1,3.8,3.8,2.0%,LB,2012
93,94,Bryan Scott,1,3,0.0,0,0,0,0,0,1,3.8,3.8,0.0%,LB,2012
94,95,Tim Shaw,2,0,0.0,0,0,0,0,0,1,3.0,3.0,0.0%,LB,2012
95,96,Trent Cole,2,0,0.0,0,0,0,0,0,1,3.0,3.0,0.0%,LB,2012
96,97,Rolando McClain,2,0,0.0,0,0,0,0,0,1,3.0,3.0,0.0%,LB,2012
97,98,Nick Roach,2,0,0.0,0,0,0,0,0,1,3.0,3.0,0.0%,LB,2012
98,99,Spencer Paysinger,0,4,0.0,0,0,0,0,0,1,3.0,3.0,0.0%,LB,2012
99,100,Jerrell Freeman,2,0,0.0,0,0,0,0,0,1,3.0,3.0,0.1%,LB,2012
100,101,Bryan Hall,1,1,0.0,0,0,0,0,0,1,2.3,2.3,0.0%,LB,2012
101,102,Cameron Wake,1,1,0.0,0,0,0,0,0,1,2.3,2.3,0.0%,LB,2012
102,103,Takeo Spikes,1,1,0.0,0,0,0,0,0,1,2.3,2.3,0.0%,LB,2012
103,104,Jason Trusnik,1,0,0.0,0,0,0,0,0,1,1.5,1.5,0.0%,LB,2012
104,105,Jared Allen,1,0,0.0,0,0,0,0,0,1,1.5,1.5,0.0%,LB,2012
105,106,Dan Skuta,1,0,0.0,0,0,0,0,0,1,1.5,1.5,0.0%,LB,2012
106,107,Kavell Conner,1,0,0.0,0,0,0,0,0,1,1.5,1.5,0.0%,LB,2012
107,108,Rocky McIntosh,1,0,0.0,0,0,0,0,0,1,1.5,1.5,0.0%,LB,2012
108,109,Pat Angerer,1,0,0.0,0,0,0,0,0,1,1.5,1.5,0.0%,LB,2012
109,110,Whitney Mercilus,1,0,0.0,0,0,0,0,0,1,1.5,1.5,0.2%,LB,2012
110,111,Jonathan Freeny,1,0,0.0,0,0,0,0,0,1,1.5,1.5,0.0%,LB,2012
111,112,Manny Lawson,1,0,0.0,0,0,0,0,0,1,1.5,1.5,0.0%,LB,2012
112,113,Josh Bynes,1,0,0.0,0,0,0,0,0,1,1.5,1.5,0.0%,LB,2012
113,114,Kyle Wilber,1,0,0.0,0,0,0,0,0,1,1.5,1.5,0.0%,LB,2012
114,115,Demorrio Williams,0,1,0.0,0,0,0,0,0,1,0.8,0.8,0.0%,LB,2012
115,116,John Abraham,0,1,0.0,0,0,0,0,0,1,0.8,0.8,0.0%,LB,2012
116,117,Jonathan Vilma,0,1,0.0,0,0,0,0,0,1,0.8,0.8,0.0%,LB,2012
117,118,Arthur Moats,0,1,0.0,0,0,0,0,0,1,0.8,0.8,0.0%,LB,2012
118,119,Larry English,0,1,0.0,0,0,0,0,0,1,0.8,0.8,0.0%,LB,2012
119,120,Chandler Jones,0,1,0.0,0,0,0,0,0,1,0.8,0.8,0.5%,LB,2012
120,121,Will Witherspoon,0,1,0.0,0,0,0,0,0,1,0.8,0.8,0.0%,LB,2012
121,122,Nate Irving,0,1,0.0,0,0,0,0,0,1,0.8,0.8,0.0%,LB,2012
122,123,Edgar Jones,0,0,0.0,0,0,0,0,0,1,0.0,0.0,0.0%,LB,2012
123,124,Niko Koutouvides,0,0,0.0,0,0,0,0,0,1,0.0,0.0,0.0%,LB,2012
124,125,Mike Rivera,0,0,0.0,0,0,0,0,0,1,0.0,0.0,0.0%,LB,2012
125,126,Robert James,0,0,0.0,0,0,0,0,0,1,0.0,0.0,0.0%,LB,2012
126,127,Cory Greenwood,0,0,0.0,0,0,0,0,0,1,0.0,0.0,0.0%,LB,2012
127,128,Doug Hogue,0,0,0.0,0,0,0,0,0,1,0.0,0.0,0.0%,LB,2012
128,129,Justin Cole,0,0,0.0,0,0,0,0,0,1,0.0,0.0,0.0%,LB,2012
129,130,Aaron Morgan,0,0,0.0,0,0,0,0,0,1,0.0,0.0,0.0%,LB,2012
130,131,Heath Farwell,0,0,0.0,0,0,0,0,0,1,0.0,0.0,0.0%,LB,2012
131,132,Kamerion Wimbley,0,0,0.0,0,0,0,0,0,1,0.0,0.0,0.0%,LB,2012
132,133,Rob Ninkovich,2,2,1.0,0,0,0,0,0,1,0.0,0.0,0.0%,LB,2012
133,134,Brandon Johnson,0,0,0.0,0,0,0,0,0,1,0.0,0.0,0.0%,LB,2012
134,135,D.J. Williams,0,0,0.0,0,0,0,0,0,1,0.0,0.0,0.0%,LB,2012
135,136,Jason Babin,0,0,0.0,0,0,0,0,0,1,0.0,0.0,0.0%,LB,2012
136,137,Barrett Ruud,0,0,0.0,0,0,0,0,0,1,0.0,0.0,0.0%,LB,2012
137,138,Chris Long,4,0,1.0,0,0,0,0,0,1,0.0,0.0,0.0%,LB,2012
138,139,Anthony Spencer,2,2,0.5,0,0,1,0,0,1,0.0,0.0,0.0%,LB,2012
139,140,Zak DeOssie,0,0,0.0,0,0,0,0,0,1,0.0,0.0,0.0%,LB,2012
140,141,Will Herring,0,0,0.0,0,0,0,0,0,1,0.0,0.0,0.0%,LB,2012
141,142,J.T. Thomas,0,0,0.0,0,0,0,0,0,1,0.0,0.0,0.0%,LB,2012
142,143,Andrew Gachkar,0,0,0.0,0,0,0,0,0,1,0.0,0.0,0.0%,LB,2012
143,144,Malcolm Smith,0,0,0.0,0,0,0,0,0,1,0.0,0.0,0.0%,LB,2012
144,145,Kelvin Sheppard,0,0,0.0,0,0,0,0,0,1,0.0,0.0,1.0%,LB,2012
145,146,Justin Houston,5,2,1.0,0,0,1,0,0,1,0.0,0.0,0.0%,LB,2012
146,147,Brooks Reed,1,1,0.0,0,0,0,0,0,1,0.0,0.0,0.0%,LB,2012
147,148,Chris White,0,0,0.0,0,0,0,0,0,1,0.0,0.0,0.0%,LB,2012
148,149,Casey Matthews,0,0,0.0,0,0,0,0,0,1,0.0,0.0,0.0%,LB,2012
149,150,Chris Carter,0,0,0.0,0,0,0,0,0,1,0.0,0.0,0.0%,LB,2012
150,151,Mark Herzlich,0,0,0.0,0,0,0,0,0,1,0.0,0.0,1.0%,LB,2012
151,152,Dwight Freeney,0,0,0.0,0,0,0,0,0,1,0.0,0.0,0.0%,LB,2012
152,153,Kroy Biermann,1,2,0.0,0,0,0,0,0,1,0.0,0.0,0.0%,LB,2012
153,154,Marcus Dowtin,0,0,0.0,0,0,0,0,0,1,0.0,0.0,0.0%,LB,2012
154,155,Josh Hull,0,0,0.0,0,0,0,0,0,1,0.0,0.0,0.0%,LB,2012
155,156,Blake Costanzo,0,0,0.0,0,0,0,0,0,1,0.0,0.0,0.0%,LB,2012
156,157,Patrick Bailey,0,0,0.0,0,0,0,0,0,1,0.0,0.0,0.0%,LB,2012
157,158,Vincent Rey,0,0,0.0,0,0,0,0,0,1,0.0,0.0,0.0%,LB,2012
158,159,Quinton Coples,1,1,0.0,0,0,0,0,0,1,0.0,0.0,0.0%,LB,2012
159,160,Nick Bellore,0,0,0.0,0,0,0,0,0,1,0.0,0.0,7.0%,LB,2012
160,161,Jeff Tarpinian,0,0,0.0,0,0,0,0,0,1,0.0,0.0,0.0%,LB,2012
161,162,Bryan Braman,0,0,0.0,0,0,0,0,0,1,0.0,0.0,0.0%,LB,2012
162,163,Alex Albright,0,0,0.0,0,0,0,0,0,1,0.0,0.0,0.0%,LB,2012
163,164,Kyle Bosworth,0,0,0.0,0,0,0,0,0,1,0.0,0.0,0.0%,LB,2012
164,165,Larry Dean,0,0,0.0,0,0,0,0,0,1,0.0,0.0,0.0%,LB,2012
165,166,Melvin Ingram,0,0,0.0,0,0,0,0,0,1,0.0,0.0,0.0%,LB,2012
166,167,Andre Branch,2,0,0.0,0,0,0,0,0,1,0.0,0.0,0.0%,LB,2012
167,168,Adrian Tracy,0,0,0.0,0,0,0,0,0,1,0.0,0.0,0.0%,LB,2012
168,169,Steven Johnson,0,0,0.0,0,0,0,0,0,1,0.0,0.0,0.0%,LB,2012
169,170,Julian Stanford,0,0,0.0,0,0,0,0,0,1,0.0,0.0,0.0%,LB,2012
170,171,Justin Hickman,0,0,0.0,0,0,0,0,0,1,0.0,0.0,0.0%,LB,2012
171,172,Mario Harvey,0,0,0.0,0,0,0,0,0,1,0.0,0.0,0.0%,LB,2012
172,173,Adrian Robinson,0,0,0.0,0,0,0,0,0,1,0.0,0.0,0.0%,LB,2012
173,174,Scott Solomon,0,0,0.0,0,0,0,0,0,1,0.0,0.0,0.0%,LB,2012
174,175,Jonathan Massaquoi,0,0,0.0,0,0,0,0,0,1,0.0,0.0,0.0%,LB,2012
175,176,Shea McClellin,0,0,0.0,0,0,0,0,0,1,0.0,0.0,0.0%,LB,2012
176,177,Bruce Irvin,2,0,2.0,0,0,0,0,0,1,0.0,0.0,0.2%,LB,2012
177,178,Travis Lewis,0,0,0.0,0,0,0,0,0,1,0.0,0.0,0.0%,LB,2012
178,179,Audie Cole,0,0,0.0,0,0,0,0,0,1,0.0,0.0,0.0%,LB,2012
179,180,Nigel Bradham,0,0,0.0,0,0,0,0,0,1,0.0,0.0,0.0%,LB,2012
180,181,Tahir Whitehead,0,0,0.0,0,0,0,0,0,1,0.0,0.0,0.0%,LB,2012
181,182,Josh Kaddu,0,0,0.0,0,0,0,0,0,1,0.0,0.0,0.0%,LB,2012
182,183,Tyrone McKenzie,0,0,0.0,0,0,0,0,0,1,0.0,0.0,0.0%,LB,2012
183,184,Connor Barwin,6,0,0.0,0,0,0,0,0,1,0.0,0.0,0.0%,LB,2012
184,185,Lawrence Sidbury,0,0,0.0,0,0,0,0,0,1,0.0,0.0,0.0%,LB,2012
185,186,Jason Phillips,0,0,0.0,0,0,0,0,0,1,0.0,0.0,0.0%,LB,2012
186,187,Geno Hayes,0,0,0.0,0,0,0,0,0,1,0.0,0.0,0.0%,LB,2012
187,188,Andy Studebaker,0,0,0.0,0,0,0,0,0,1,0.0,0.0,0.0%,LB,2012
188,189,Larry Grant,0,0,0.0,0,0,0,0,0,1,0.0,0.0,0.0%,LB,2012
189,190,Jordan Senn,0,0,0.0,0,0,0,0,0,1,0.0,0.0,0.0%,LB,2012
190,191,Keenan Clayton,0,0,0.0,0,0,0,0,0,1,0.0,0.0,0.0%,LB,2012
191,192,Travis Goethel,0,0,0.0,0,0,0,0,0,1,0.0,0.0,0.0%,LB,2012
192,193,Dekoda Watson,0,0,0.0,0,0,0,0,0,1,0.0,0.0,0.0%,LB,2012
193,194,Jamar Chaney,0,0,0.0,0,0,0,0,0,1,0.0,0.0,0.0%,LB,2012
194,195,Austin Spitler,0,0,0.0,0,0,0,0,0,1,0.0,0.0,0.0%,LB,2012
195,196,Ramon Humber,0,0,0.0,0,0,0,0,0,1,0.0,0.0,0.0%,LB,2012
196,197,Ashlee Palmer,0,0,0.0,0,0,0,0,0,1,0.0,0.0,0.0%,LB,2012
197,198,Jason Pierre-Paul,3,2,0.0,0,0,0,0,0,1,0.0,0.0,0.0%,LB,2012
198,199,Ricky Sapp,0,0,0.0,0,0,0,0,0,1,0.0,0.0,0.0%,LB,2012
199,200,Jermaine Cunningham,1,0,1.0,0,0,0,1,0,1,0.0,0.0,0.0%,LB,2012
200,201,Jason Worilds,0,0,0.0,0,0,0,0,0,1,0.0,0.0,0.0%,LB,2012
201,202,Willie Young,0,0,0.0,0,0,0,0,0,1,0.0,0.0,0.0%,LB,2012
202,203,Patrick Mannelly,0,0,0.0,0,0,0,0,0,1,0.0,0.0,0.0%,LB,2012
203,204,Andrew Economos,0,0,0.0,0,0,0,0,0,1,0.0,0.0,0.0%,LB,2012
204,205,Jeremy Cain,0,0,0.0,0,0,0,0,0,1,0.0,0.0,0.0%,LB,2012
205,206,Cullen Loeffler,0,0,0.0,0,0,0,0,0,1,0.0,0.0,0.0%,LB,2012
206,207,Garrison Sanborn,0,0,0.0,0,0,0,0,0,1,0.0,0.0,0.0%,LB,2012
207,208,John Denney,0,0,0.0,0,0,0,0,0,1,0.0,0.0,0.0%,LB,2012
208,209,Justin Drescher,0,0,0.0,0,0,0,0,0,1,0.0,0.0,0.0%,LB,2012
209,210,Josh Harris,0,0,0.0,0,0,0,0,0,1,0.0,0.0,0.0%,LB,2012
210,211,JJ Jansen,0,0,0.0,0,0,0,0,0,1,0.0,0.0,0.0%,LB,2012
211,212,Jake McQuaide,0,0,0.0,0,0,0,0,0,1,0.0,0.0,0.0%,LB,2012
212,213,Clint Gresham,0,0,0.0,0,0,0,0,0,1,0.0,0.0,0.0%,LB,2012
213,214,Don Muhlbach,0,0,0.0,0,0,0,0,0,1,0.0,0.0,0.0%,LB,2012
214,215,Tanner Purdum,0,0,0.0,0,0,0,0,0,1,0.0,0.0,0.0%,LB,2012
215,216,Morgan Cox,0,0,0.0,0,0,0,0,0,1,0.0,0.0,0.0%,LB,2012
216,217,Greg Warren,0,0,0.0,0,0,0,0,0,1,0.0,0.0,0.0%,LB,2012
217,218,Matt Overton,0,0,0.0,0,0,0,0,0,1,0.0,0.0,0.0%,LB,2012
218,219,Jon Weeks,0,0,0.0,0,0,0,0,0,1,0.0,0.0,0.0%,LB,2012
219,220,Aaron Brewer,0,0,0.0,0,0,0,0,0,1,0.0,0.0,0.0%,LB,2012
220,221,Mike Windt,0,0,0.0,0,0,0,0,0,1,0.0,0.0,0.0%,LB,2012
221,222,Jon Condo,0,0,0.0,0,0,0,0,0,1,0.0,0.0,0.0%,LB,2012
222,223,Thomas Gafford,0,0,0.0,0,0,0,0,0,1,0.0,0.0,0.0%,LB,2012
223,224,L.P. LaDouceur,0,0,0.0,0,0,0,0,0,1,0.0,0.0,0.0%,LB,2012
224,225,Jon Dorenbos,0,0,0.0,0,0,0,0,0,1,0.0,0.0,0.0%,LB,2012
225,226,Danny Aiken,0,0,0.0,0,0,0,0,0,1,0.0,0.0,0.0%,LB,2012
