,Rank,Player,Tackle,Assist,Sack,Pass Defended,Interception,Forced Fumble,Fumble Recovery,Defend Touchdown,Games Played,Fantasy Football Points,FTPS/Game,ROST,Position,Year
0,1,Von Miller,5,1,1.0,1,1,1,0,1,1,28.8,28.8,2.5%,LB,2012
1,2,Lavonte David,7,3,0.0,1,1,0,0,0,1,26.8,26.8,52.4%,LB,2012
2,3,Luke Kuechly,9,0,1.0,0,0,0,0,0,1,25.0,25.0,92.3%,LB,2012
3,4,Jo-Lonn Dunbar,9,2,0.5,0,0,0,0,0,1,22.0,22.0,0.0%,LB,2012
4,5,Chad Greenway,13,3,0.0,0,0,0,0,0,1,21.8,21.8,0.0%,LB,2012
5,6,Jared Allen,5,1,2.0,0,0,0,0,0,1,21.3,21.3,0.0%,LB,2012
6,7,Whitney Mercilus,2,0,2.0,0,0,0,1,0,1,20.0,20.0,0.2%,LB,2012
7,8,Karlos Dansby,10,1,0.0,1,0,0,0,0,1,19.8,19.8,0.1%,LB,2012
8,9,Demorrio Williams,3,3,0.0,1,1,0,0,1,1,19.3,19.3,0.0%,LB,2012
9,10,Thomas Davis,11,0,0.0,0,0,0,0,0,1,19.0,19.0,0.0%,LB,2012
10,11,Jerod Mayo,5,1,1.0,0,0,1,0,0,1,18.8,18.8,0.0%,LB,2012
11,12,James Harrison,6,1,1.0,0,0,1,0,0,1,17.8,17.8,0.0%,LB,2012
12,13,Bobby Wagner,9,2,0.0,0,0,0,0,0,1,17.5,17.5,72.4%,LB,2012
13,14,Kevin Burnett,9,2,0.0,0,0,0,0,0,1,17.5,17.5,0.0%,LB,2012
14,15,Brian Urlacher,8,0,0.0,1,0,1,0,0,1,17.5,17.5,0.0%,LB,2012
15,16,Paul Posluszny,2,7,0.0,1,1,0,0,0,1,17.3,17.3,4.7%,LB,2012
16,17,Daryl Washington,8,1,0.0,0,0,0,1,0,1,16.8,16.8,0.0%,LB,2012
17,18,Lamarr Houston,3,2,1.0,1,0,0,0,0,1,16.5,16.5,0.0%,LB,2012
18,19,Larry Foote,5,1,1.0,1,0,0,0,0,1,16.3,16.3,0.0%,LB,2012
19,20,Russell Allen,7,2,0.0,1,0,0,0,0,1,16.0,16.0,0.0%,LB,2012
20,21,Tim Dobbins,3,0,0.0,1,1,0,1,0,1,15.0,15.0,0.0%,LB,2012
21,22,James Laurinaitis,10,0,0.0,0,0,0,0,0,1,15.0,15.0,0.0%,LB,2012
22,23,Brad Jones,6,1,0.0,1,0,0,0,0,1,13.8,13.8,0.0%,LB,2012
23,24,A.J. Hawk,8,2,0.0,0,0,0,0,0,1,13.5,13.5,0.0%,LB,2012
24,25,Koa Misi,4,1,1.0,0,0,0,0,0,1,13.3,13.3,0.0%,LB,2012
25,26,Curtis Lofton,4,4,0.0,1,0,0,0,0,1,13.0,13.0,0.0%,LB,2012
26,27,Jasper Brinkley,6,2,0.0,0,0,0,0,0,1,13.0,13.0,0.0%,LB,2012
27,28,John Abraham,2,0,1.0,2,0,0,0,0,1,12.5,12.5,0.0%,LB,2012
28,29,Takeo Spikes,4,3,0.0,0,0,1,0,0,1,12.3,12.3,0.0%,LB,2012
29,30,Cameron Wake,2,1,1.5,0,0,0,0,0,1,12.3,12.3,0.0%,LB,2012
30,31,London Fletcher,4,8,0.0,0,0,0,0,0,1,12.0,12.0,0.0%,LB,2012
31,32,Bryan Thomas,3,1,0.0,1,0,0,0,0,1,11.8,11.8,0.0%,LB,2012
32,33,Jameel McClain,4,1,0.0,0,0,0,0,0,1,11.8,11.8,0.0%,LB,2012
33,34,Navorro Bowman,7,1,0.0,0,0,0,0,0,1,11.3,11.3,0.1%,LB,2012
34,35,Darryl Sharpton,2,2,0.0,1,1,0,0,0,1,11.0,11.0,0.0%,LB,2012
35,36,Barrett Ruud,3,0,1.0,0,0,0,0,0,1,11.0,11.0,0.0%,LB,2012
36,37,Sam Acho,3,0,1.0,0,0,0,0,0,1,11.0,11.0,0.0%,LB,2012
37,38,Victor Butler,2,0,1.0,0,0,1,0,0,1,11.0,11.0,0.0%,LB,2012
38,39,Chase Blackburn,3,3,0.0,0,0,1,0,0,1,10.8,10.8,0.0%,LB,2012
39,40,Miles Burris,6,2,0.0,0,0,0,0,0,1,10.5,10.5,0.0%,LB,2012
40,41,Rey Maualuga,6,2,0.0,0,0,0,0,0,1,10.5,10.5,0.0%,LB,2012
41,42,Sean Weatherspoon,1,3,0.0,1,1,0,0,0,1,10.3,10.3,0.0%,LB,2012
42,43,Dan Connor,4,2,0.0,0,0,0,0,0,1,10.0,10.0,0.0%,LB,2012
43,44,Nick Barnett,3,2,0.0,0,0,1,0,0,1,10.0,10.0,0.0%,LB,2012
44,45,Lance Briggs,5,0,0.0,0,0,0,0,0,1,10.0,10.0,0.0%,LB,2012
45,46,Vontaze Burfict,4,5,0.0,0,0,0,0,0,1,9.8,9.8,0.0%,LB,2012
46,47,Rob Jackson,2,0,1.0,0,0,0,0,0,1,9.5,9.5,0.0%,LB,2012
47,48,Zach Brown,4,1,0.0,0,0,0,0,0,1,9.3,9.3,0.0%,LB,2012
48,49,Brandon Spikes,4,0,0.0,2,0,0,0,0,1,9.0,9.0,0.0%,LB,2012
49,50,Mychal Kendricks,6,0,0.0,0,0,0,0,0,1,9.0,9.0,0.0%,LB,2012
50,51,Rocky McIntosh,6,0,0.0,0,0,0,0,0,1,9.0,9.0,0.0%,LB,2012
51,52,Erin Henderson,4,4,0.0,0,0,0,0,0,1,9.0,9.0,0.0%,LB,2012
52,53,Tim Shaw,5,2,0.0,0,0,0,0,0,1,9.0,9.0,0.0%,LB,2012
53,54,Jerrell Freeman,4,2,0.0,1,0,0,0,0,1,9.0,9.0,0.1%,LB,2012
54,55,Bart Scott,2,2,0.5,0,0,0,0,0,1,9.0,9.0,0.0%,LB,2012
55,56,David Harris,3,3,0.5,0,0,0,0,0,1,8.8,8.8,4.0%,LB,2012
56,57,K.J. Wright,5,1,0.0,0,0,0,0,0,1,8.3,8.3,0.0%,LB,2012
57,58,Quentin Groves,5,1,0.0,0,0,0,0,0,1,8.3,8.3,0.0%,LB,2012
58,59,Stephen Nicholas,4,1,0.0,1,0,0,0,0,1,8.3,8.3,0.0%,LB,2012
59,60,Moise Fokou,4,3,0.0,0,0,0,0,0,1,8.3,8.3,0.0%,LB,2012
60,61,Robert Mathis,1,0,0.0,1,1,0,0,0,1,8.0,8.0,0.0%,LB,2012
61,62,Paul Kruger,1,0,1.0,0,0,0,0,0,1,8.0,8.0,0.0%,LB,2012
62,63,DeMeco Ryans,3,1,0.0,0,0,0,0,0,1,7.8,7.8,0.0%,LB,2012
63,64,Philip Wheeler,2,1,0.0,1,0,0,0,0,1,7.8,7.8,1.0%,LB,2012
64,65,Kaluka Maiava,2,1,0.0,0,0,1,0,0,1,7.8,7.8,0.0%,LB,2012
65,66,Akeem Jordan,3,1,0.0,0,0,0,0,0,1,7.8,7.8,0.0%,LB,2012
66,67,Perry Riley,4,2,0.0,0,0,0,0,0,1,7.5,7.5,0.0%,LB,2012
67,68,Nick Roach,5,0,0.0,0,0,0,0,0,1,7.5,7.5,0.0%,LB,2012
68,69,Derrick Johnson,5,0,0.0,0,0,0,0,0,1,7.5,7.5,0.0%,LB,2012
69,70,Mason Foster,5,0,0.0,0,0,0,0,0,1,7.5,7.5,0.0%,LB,2012
70,71,Jason Babin,2,2,0.0,0,0,0,0,0,1,7.0,7.0,0.0%,LB,2012
71,72,Keith Rivers,0,4,0.0,0,0,0,1,0,1,7.0,7.0,0.0%,LB,2012
72,73,Tamba Hali,3,0,0.0,0,0,0,0,0,1,7.0,7.0,2.0%,LB,2012
73,74,D'Qwell Jackson,4,1,0.0,0,0,0,0,0,1,6.8,6.8,0.0%,LB,2012
74,75,Kavell Conner,3,1,0.0,1,0,0,0,0,1,6.8,6.8,0.0%,LB,2012
75,76,Albert McClellan,4,1,0.0,0,0,0,0,0,1,6.8,6.8,0.0%,LB,2012
76,77,Michael Boley,3,3,0.0,0,0,0,0,0,1,6.8,6.8,0.0%,LB,2012
77,78,Akeem Ayers,2,1,0.0,2,0,0,0,0,1,6.8,6.8,0.0%,LB,2012
78,79,Paris Lenon,2,5,0.0,0,0,0,0,0,1,6.8,6.8,0.0%,LB,2012
79,80,Jonathan Vilma,1,3,0.0,0,0,0,0,0,1,6.3,6.3,0.0%,LB,2012
80,81,Stephen Tulloch,2,1,0.0,0,0,0,0,0,1,6.3,6.3,0.0%,LB,2012
81,82,Ahmad Brooks,3,0,0.0,1,0,0,0,0,1,6.0,6.0,0.0%,LB,2012
82,83,Patrick Willis,4,0,0.0,0,0,0,0,0,1,6.0,6.0,0.0%,LB,2012
83,84,Will Witherspoon,4,0,0.0,0,0,0,0,0,1,6.0,6.0,0.0%,LB,2012
84,85,Courtney Upshaw,4,0,0.0,0,0,0,0,0,1,6.0,6.0,0.0%,LB,2012
85,86,Terrell Suggs,2,0,0.0,0,0,0,0,0,1,5.5,5.5,0.0%,LB,2012
86,87,Brendon Ayanbadejo,2,0,0.0,0,0,0,0,0,1,5.5,5.5,0.0%,LB,2012
87,88,Malcolm Smith,2,0,0.0,0,0,0,0,0,1,5.5,5.5,0.0%,LB,2012
88,89,DeMarcus Ware,1,2,0.0,0,0,0,0,0,1,5.5,5.5,0.0%,LB,2012
89,90,Cory Greenwood,1,0,0.0,0,0,1,0,0,1,5.5,5.5,0.0%,LB,2012
90,91,Mark Barron,3,1,0.0,0,0,0,0,0,1,5.3,5.3,0.0%,LB,2012
91,92,Lawrence Timmons,3,1,0.0,0,0,0,0,0,1,5.3,5.3,0.1%,LB,2012
92,93,Ernie Sims,3,1,0.0,0,0,0,0,0,1,5.3,5.3,0.0%,LB,2012
93,94,Josh Bynes,1,1,0.0,0,0,0,0,0,1,4.8,4.8,0.0%,LB,2012
94,95,James Anderson,3,0,0.0,0,0,0,0,0,1,4.5,4.5,0.0%,LB,2012
95,96,Jason Worilds,3,0,0.0,0,0,0,0,0,1,4.5,4.5,0.0%,LB,2012
96,97,Danny Trevathan,3,0,0.0,0,0,0,0,0,1,4.5,4.5,0.0%,LB,2012
97,98,David Hawthorne,3,0,0.0,0,0,0,0,0,1,4.5,4.5,0.0%,LB,2012
98,99,Kelvin Sheppard,3,0,0.0,0,0,0,0,0,1,4.5,4.5,1.0%,LB,2012
99,100,Justin Durant,2,0,0.0,1,0,0,0,0,1,4.5,4.5,0.0%,LB,2012
100,101,Craig Robertson,3,0,0.0,0,0,0,0,0,1,4.5,4.5,0.0%,LB,2012
101,102,Dezman Moses,3,0,0.0,0,0,0,0,0,1,4.5,4.5,0.0%,LB,2012
102,103,Derrick Morgan,2,2,0.0,0,0,0,0,0,1,4.5,4.5,0.0%,LB,2012
103,104,Justin Hickman,1,0,0.0,0,0,0,0,0,1,4.0,4.0,0.0%,LB,2012
104,105,Pat Angerer,1,0,0.0,0,0,0,0,0,1,4.0,4.0,0.0%,LB,2012
105,106,Shea McClellin,2,1,0.0,0,0,0,0,0,1,3.8,3.8,0.0%,LB,2012
106,107,DeAndre Levy,2,1,0.0,0,0,0,0,0,1,3.8,3.8,0.0%,LB,2012
107,108,Jonathan Casillas,2,1,0.0,0,0,0,0,0,1,3.8,3.8,0.0%,LB,2012
108,109,Larry English,2,1,0.0,0,0,0,0,0,1,3.8,3.8,0.0%,LB,2012
109,110,Calvin Pace,2,1,0.0,0,0,0,0,0,1,3.8,3.8,0.0%,LB,2012
110,111,Trent Cole,0,2,0.5,0,0,0,0,0,1,3.5,3.5,0.0%,LB,2012
111,112,Omar Gaither,2,0,0.0,0,0,0,0,0,1,3.0,3.0,0.0%,LB,2012
112,113,Brandon Siler,2,0,0.0,0,0,0,0,0,1,3.0,3.0,0.0%,LB,2012
113,114,Dont'a Hightower,2,0,0.0,0,0,0,0,0,1,3.0,3.0,1.0%,LB,2012
114,115,D.J. Williams,0,2,0.0,1,0,0,0,0,1,3.0,3.0,0.0%,LB,2012
115,116,Keith Brooking,2,0,0.0,0,0,0,0,0,1,3.0,3.0,0.0%,LB,2012
116,117,Mark Herzlich,1,2,0.0,0,0,0,0,0,1,3.0,3.0,1.0%,LB,2012
117,118,Jason Phillips,2,0,0.0,0,0,0,0,0,1,3.0,3.0,0.0%,LB,2012
118,119,Elvis Dumervil,2,0,0.0,0,0,0,0,0,1,3.0,3.0,0.0%,LB,2012
119,120,Manny Lawson,2,0,0.0,0,0,0,0,0,1,3.0,3.0,0.0%,LB,2012
120,121,Bryan Scott,2,0,0.0,0,0,0,0,0,1,3.0,3.0,0.0%,LB,2012
121,122,Wesley Woodyard,0,3,0.0,0,0,0,0,0,1,2.3,2.3,0.0%,LB,2012
122,123,Nigel Bradham,1,1,0.0,0,0,0,0,0,1,2.3,2.3,0.0%,LB,2012
123,124,Pernell McPhee,1,0,0.0,0,0,0,0,0,1,1.5,1.5,0.0%,LB,2012
124,125,Akeem Dent,1,0,0.0,0,0,0,0,0,1,1.5,1.5,0.0%,LB,2012
125,126,Lorenzo Alexander,1,0,0.0,0,0,0,0,0,1,1.5,1.5,3.0%,LB,2012
126,127,Shawne Merriman,0,2,0.0,0,0,0,0,0,1,1.5,1.5,0.0%,LB,2012
127,128,Dekoda Watson,1,0,0.0,0,0,0,0,0,1,1.5,1.5,0.0%,LB,2012
128,129,Julian Stanford,1,0,0.0,0,0,0,0,0,1,1.5,1.5,0.0%,LB,2012
129,130,Adam Hayward,1,0,0.0,0,0,0,0,0,1,1.5,1.5,0.0%,LB,2012
130,131,Shaun Smith,1,0,0.0,0,0,0,0,0,1,1.5,1.5,0.0%,LB,2012
131,132,Scott Solomon,1,0,0.0,0,0,0,0,0,1,1.5,1.5,0.0%,LB,2012
132,133,Phillip Hunt,1,0,0.0,0,0,0,0,0,1,1.5,1.5,0.0%,LB,2012
133,134,Casey Matthews,1,0,0.0,0,0,0,0,0,1,1.5,1.5,0.0%,LB,2012
134,135,Kyle Wilber,0,1,0.0,0,0,0,0,0,1,0.8,0.8,0.0%,LB,2012
135,136,Mike Neal,0,1,0.0,0,0,0,0,0,1,0.8,0.8,0.0%,LB,2012
136,137,Shaun Phillips,0,1,0.0,0,0,0,0,0,1,0.8,0.8,0.0%,LB,2012
137,138,Edgar Jones,0,0,0.0,0,0,0,0,0,1,0.0,0.0,0.0%,LB,2012
138,139,Randell Johnson,0,0,0.0,0,0,0,0,0,1,0.0,0.0,0.0%,LB,2012
139,140,Mike Rivera,0,0,0.0,0,0,0,0,0,1,0.0,0.0,0.0%,LB,2012
140,141,Niko Koutouvides,0,0,0.0,0,0,0,0,0,1,0.0,0.0,0.0%,LB,2012
141,142,Jonathan Freeny,0,0,0.0,0,0,0,0,0,1,0.0,0.0,0.0%,LB,2012
142,143,Michael Wilhoite,0,0,0.0,0,0,0,0,0,1,0.0,0.0,0.0%,LB,2012
143,144,Patrick Trahan,0,0,0.0,0,0,0,0,0,1,0.0,0.0,0.0%,LB,2012
144,145,Aaron Morgan,0,0,0.0,0,0,0,0,0,1,0.0,0.0,0.0%,LB,2012
145,146,Justin Cole,0,0,0.0,0,0,0,0,0,1,0.0,0.0,0.0%,LB,2012
146,147,Rob Ninkovich,3,0,0.0,0,0,0,0,0,1,0.0,0.0,0.0%,LB,2012
147,148,Brandon Johnson,0,0,0.0,0,0,0,0,0,1,0.0,0.0,0.0%,LB,2012
148,149,Kamerion Wimbley,0,1,0.0,0,0,0,0,0,1,0.0,0.0,0.0%,LB,2012
149,150,Heath Farwell,0,0,0.0,0,0,0,0,0,1,0.0,0.0,0.0%,LB,2012
150,151,Anthony Spencer,5,3,0.0,1,0,0,0,0,1,0.0,0.0,0.0%,LB,2012
151,152,Chris Long,1,0,0.0,0,0,0,0,0,1,0.0,0.0,0.0%,LB,2012
152,153,Bryan Kehl,0,0,0.0,0,0,0,0,0,1,0.0,0.0,0.0%,LB,2012
153,154,Kroy Biermann,2,0,0.0,0,0,0,0,0,1,0.0,0.0,0.0%,LB,2012
154,155,Erik Walden,0,0,0.0,0,0,0,0,0,1,0.0,0.0,0.0%,LB,2012
155,156,Geno Hayes,0,0,0.0,0,0,0,0,0,1,0.0,0.0,0.0%,LB,2012
156,157,Andy Studebaker,0,0,0.0,0,0,0,0,0,1,0.0,0.0,0.0%,LB,2012
157,158,Larry Grant,0,0,0.0,0,0,0,0,0,1,0.0,0.0,0.0%,LB,2012
158,159,Stewart Bradley,0,0,0.0,0,0,0,0,0,1,0.0,0.0,0.0%,LB,2012
159,160,Zak DeOssie,0,0,0.0,0,0,0,0,0,1,0.0,0.0,0.0%,LB,2012
160,161,Antwan Barnes,0,0,0.0,0,0,0,0,0,1,0.0,0.0,0.0%,LB,2012
161,162,Jason Trusnik,0,0,0.0,0,0,0,0,0,1,0.0,0.0,0.0%,LB,2012
162,163,Will Herring,0,0,0.0,0,0,0,0,0,1,0.0,0.0,0.0%,LB,2012
163,164,Marvin Mitchell,0,0,0.0,0,0,0,0,0,1,0.0,0.0,0.0%,LB,2012
164,165,J.T. Thomas,0,0,0.0,0,0,0,0,0,1,0.0,0.0,0.0%,LB,2012
165,166,Greg Jones,0,0,0.0,0,0,0,0,0,1,0.0,0.0,0.0%,LB,2012
166,167,Andrew Gachkar,0,0,0.0,0,0,0,0,0,1,0.0,0.0,0.0%,LB,2012
167,168,Robert Quinn,0,0,0.0,0,0,0,0,0,1,0.0,0.0,1.2%,LB,2012
168,169,Justin Houston,3,0,1.0,0,0,0,0,0,1,0.0,0.0,0.0%,LB,2012
169,170,Martez Wilson,0,0,0.0,0,0,0,0,0,1,0.0,0.0,0.0%,LB,2012
170,171,Jonas Mouton,0,0,0.0,0,0,0,0,0,1,0.0,0.0,0.0%,LB,2012
171,172,Chris White,0,0,0.0,0,0,0,0,0,1,0.0,0.0,0.0%,LB,2012
172,173,Nate Irving,0,0,0.0,0,0,0,0,0,1,0.0,0.0,0.0%,LB,2012
173,174,Mike Peterson,0,0,0.0,0,0,0,0,0,1,0.0,0.0,0.0%,LB,2012
174,175,Dwight Freeney,0,0,0.0,0,0,0,0,0,1,0.0,0.0,0.0%,LB,2012
175,176,Andre Branch,0,1,0.0,0,0,0,0,0,1,0.0,0.0,0.0%,LB,2012
176,177,Quinton Coples,0,0,0.0,1,0,0,0,0,1,0.0,0.0,0.0%,LB,2012
177,178,Melvin Ingram,4,1,0.0,1,0,0,0,0,1,0.0,0.0,0.0%,LB,2012
178,179,Vincent Rey,0,0,0.0,0,0,0,0,0,1,0.0,0.0,0.0%,LB,2012
179,180,Jonathan Massaquoi,0,0,0.0,0,0,0,0,0,1,0.0,0.0,0.0%,LB,2012
180,181,Bruce Irvin,0,0,0.0,0,0,0,0,0,1,0.0,0.0,0.2%,LB,2012
181,182,Travis Lewis,0,0,0.0,0,0,0,0,0,1,0.0,0.0,0.0%,LB,2012
182,183,Bront Bird,0,0,0.0,0,0,0,0,0,1,0.0,0.0,0.0%,LB,2012
183,184,James-Michael Johnson,0,0,0.0,0,0,0,0,0,1,0.0,0.0,0.0%,LB,2012
184,185,Kyle Bosworth,0,0,0.0,0,0,0,0,0,1,0.0,0.0,0.0%,LB,2012
185,186,Larry Dean,0,0,0.0,0,0,0,0,0,1,0.0,0.0,0.0%,LB,2012
186,187,Garrett McIntyre,0,0,0.0,0,0,0,0,0,1,0.0,0.0,0.0%,LB,2012
187,188,Rob Francois,0,0,0.0,0,0,0,0,0,1,0.0,0.0,0.0%,LB,2012
188,189,Blake Costanzo,0,0,0.0,0,0,0,0,0,1,0.0,0.0,0.0%,LB,2012
189,190,Patrick Bailey,0,0,0.0,0,0,0,0,0,1,0.0,0.0,0.0%,LB,2012
190,191,Dan Skuta,0,0,0.0,0,0,0,0,0,1,0.0,0.0,0.0%,LB,2012
191,192,Josh Hull,0,0,0.0,0,0,0,0,0,1,0.0,0.0,0.0%,LB,2012
192,193,Demario Davis,0,0,0.0,0,0,0,0,0,1,0.0,0.0,22.3%,LB,2012
193,194,Tahir Whitehead,0,0,0.0,0,0,0,0,0,1,0.0,0.0,0.0%,LB,2012
194,195,Kaelin Burnett,0,0,0.0,0,0,0,0,0,1,0.0,0.0,0.0%,LB,2012
195,196,Robert James,0,0,0.0,0,0,0,0,0,1,0.0,0.0,0.0%,LB,2012
196,197,Emmanuel Lamur,0,0,0.0,0,0,0,0,0,1,0.0,0.0,0.0%,LB,2012
197,198,Zack Nash,0,0,0.0,0,0,0,0,0,1,0.0,0.0,0.0%,LB,2012
198,199,Michael Morgan,0,0,0.0,0,0,0,0,0,1,0.0,0.0,0.0%,LB,2012
199,200,Jacob Cutrera,0,0,0.0,0,0,0,0,0,1,0.0,0.0,0.0%,LB,2012
200,201,Adrian Robinson,0,0,0.0,0,0,0,0,0,1,0.0,0.0,0.0%,LB,2012
201,202,Tank Carder,0,0,0.0,0,0,0,0,0,1,0.0,0.0,0.0%,LB,2012
202,203,Mario Harvey,0,0,0.0,0,0,0,0,0,1,0.0,0.0,0.0%,LB,2012
203,204,Adrian Tracy,0,0,0.0,0,0,0,0,0,1,0.0,0.0,0.0%,LB,2012
204,205,L.J. Fort,0,0,0.0,0,0,0,0,0,1,0.0,0.0,0.0%,LB,2012
205,206,Steven Johnson,0,0,0.0,0,0,0,0,0,1,0.0,0.0,0.0%,LB,2012
206,207,Alex Albright,0,0,0.0,0,0,0,0,0,1,0.0,0.0,0.0%,LB,2012
207,208,Jordan Senn,0,0,0.0,0,0,0,0,0,1,0.0,0.0,0.0%,LB,2012
208,209,Ramon Humber,0,0,0.0,0,0,0,0,0,1,0.0,0.0,0.0%,LB,2012
209,210,Ashlee Palmer,0,0,0.0,0,0,0,0,0,1,0.0,0.0,0.0%,LB,2012
210,211,Reggie Walker,0,0,0.0,0,0,0,0,0,1,0.0,0.0,0.0%,LB,2012
211,212,Jason Pierre-Paul,1,2,0.0,0,0,0,0,0,1,0.0,0.0,0.0%,LB,2012
212,213,Jesse Nading,0,0,0.0,0,0,0,0,0,1,0.0,0.0,0.0%,LB,2012
213,214,Jason Williams,0,0,0.0,0,0,0,0,0,1,0.0,0.0,0.0%,LB,2012
214,215,Tyrone McKenzie,0,0,0.0,0,0,0,0,0,1,0.0,0.0,0.0%,LB,2012
215,216,Connor Barwin,1,0,0.0,0,0,0,0,0,1,0.0,0.0,0.0%,LB,2012
216,217,Bryan Braman,0,0,0.0,0,0,0,0,0,1,0.0,0.0,0.0%,LB,2012
217,218,Jamar Chaney,0,0,0.0,0,0,0,0,0,1,0.0,0.0,0.0%,LB,2012
218,219,Austin Spitler,0,0,0.0,0,0,0,0,0,1,0.0,0.0,0.0%,LB,2012
219,220,Frank Zombo,0,0,0.0,0,0,0,0,0,1,0.0,0.0,3.0%,LB,2012
220,221,Nick Bellore,0,0,0.0,0,0,0,0,0,1,0.0,0.0,7.0%,LB,2012
221,222,Spencer Paysinger,0,0,0.0,0,0,0,0,0,1,0.0,0.0,0.0%,LB,2012
222,223,Jamari Lattimore,0,0,0.0,0,0,0,0,0,1,0.0,0.0,0.0%,LB,2012
223,224,Arthur Moats,0,0,0.0,0,0,0,0,0,1,0.0,0.0,0.0%,LB,2012
224,225,Willie Young,0,0,0.0,0,0,0,0,0,1,0.0,0.0,0.0%,LB,2012
225,226,Keenan Clayton,0,0,0.0,0,0,0,0,0,1,0.0,0.0,0.0%,LB,2012
226,227,Stevenson Sylvester,0,0,0.0,0,0,0,0,0,1,0.0,0.0,0.0%,LB,2012
227,228,Garrison Sanborn,0,0,0.0,0,0,0,0,0,1,0.0,0.0,0.0%,LB,2012
228,229,Cullen Loeffler,0,0,0.0,0,0,0,0,0,1,0.0,0.0,0.0%,LB,2012
229,230,John Denney,0,0,0.0,0,0,0,0,0,1,0.0,0.0,0.0%,LB,2012
230,231,Jeremy Cain,0,0,0.0,0,0,0,0,0,1,0.0,0.0,0.0%,LB,2012
231,232,Tanner Purdum,0,0,0.0,0,0,0,0,0,1,0.0,0.0,0.0%,LB,2012
232,233,Morgan Cox,0,0,0.0,0,0,0,0,0,1,0.0,0.0,0.0%,LB,2012
233,234,Greg Warren,0,0,0.0,0,0,0,0,0,1,0.0,0.0,0.0%,LB,2012
234,235,Matt Overton,0,0,0.0,0,0,0,0,0,1,0.0,0.0,0.0%,LB,2012
235,236,Christian Yount,0,0,0.0,0,0,0,0,0,1,0.0,0.0,0.0%,LB,2012
236,237,Patrick Mannelly,0,0,0.0,0,0,0,0,0,1,0.0,0.0,0.0%,LB,2012
237,238,Andrew Economos,0,0,0.0,0,0,0,0,0,1,0.0,0.0,0.0%,LB,2012
238,239,Aaron Brewer,0,0,0.0,0,0,0,0,0,1,0.0,0.0,0.0%,LB,2012
239,240,Jon Weeks,0,0,0.0,0,0,0,0,0,1,0.0,0.0,0.0%,LB,2012
240,241,Jon Condo,0,0,0.0,0,0,0,0,0,1,0.0,0.0,0.0%,LB,2012
241,242,Clint Gresham,0,0,0.0,0,0,0,0,0,1,0.0,0.0,0.0%,LB,2012
242,243,Thomas Gafford,0,0,0.0,0,0,0,0,0,1,0.0,0.0,0.0%,LB,2012
243,244,L.P. LaDouceur,0,0,0.0,0,0,0,0,0,1,0.0,0.0,0.0%,LB,2012
244,245,Jon Dorenbos,0,0,0.0,0,0,0,0,0,1,0.0,0.0,0.0%,LB,2012
245,246,Danny Aiken,0,0,0.0,0,0,0,0,0,1,0.0,0.0,0.0%,LB,2012
246,247,Nick Sundberg,0,0,0.0,0,0,0,0,0,1,0.0,0.0,0.0%,LB,2012
247,248,Don Muhlbach,0,0,0.0,0,0,0,0,0,1,0.0,0.0,0.0%,LB,2012
248,249,Jake McQuaide,0,0,0.0,0,0,0,0,0,1,0.0,0.0,0.0%,LB,2012
249,250,Brett Goode,0,0,0.0,0,0,0,0,0,1,0.0,0.0,0.0%,LB,2012
250,251,Josh Harris,0,0,0.0,0,0,0,0,0,1,0.0,0.0,0.0%,LB,2012
251,252,JJ Jansen,0,0,0.0,0,0,0,0,0,1,0.0,0.0,0.0%,LB,2012
252,253,Justin Drescher,0,0,0.0,0,0,0,0,0,1,0.0,0.0,0.0%,LB,2012
