,Rank,Player,Tackle,Assist,Sack,Pass Defended,Interception,Forced Fumble,Fumble Recovery,Defend Touchdown,Games Played,Fantasy Football Points,FTPS/Game,ROST,Position,Year
0,1,Akeem Ayers,11,6,1.0,1,0,0,0,0,1,29.0,29.0,0.0%,LB,2012
1,2,Philip Wheeler,7,4,0.0,2,0,2,1,0,1,28.5,28.5,1.0%,LB,2012
2,3,Chad Greenway,10,3,2.0,0,0,0,0,0,1,27.8,27.8,0.0%,LB,2012
3,4,Rob Jackson,3,0,0.0,1,1,0,0,1,1,24.5,24.5,0.0%,LB,2012
4,5,Luke Kuechly,6,6,0.0,1,0,0,0,0,1,22.5,22.5,92.3%,LB,2012
5,6,Dannell Ellerbe,7,1,1.5,0,0,0,0,0,1,22.3,22.3,0.0%,LB,2012
6,7,DeMarcus Ware,2,3,2.0,0,0,2,0,0,1,21.3,21.3,0.0%,LB,2012
7,8,Curtis Lofton,9,4,0.0,2,0,0,0,0,1,19.5,19.5,0.0%,LB,2012
8,9,James Laurinaitis,11,0,0.0,0,0,0,0,0,1,19.0,19.0,0.0%,LB,2012
9,10,Navorro Bowman,7,11,0.0,0,0,0,0,0,1,18.8,18.8,0.1%,LB,2012
10,11,Daryl Washington,5,1,1.0,1,0,0,0,0,1,18.8,18.8,0.0%,LB,2012
11,12,Perry Riley,3,8,1.0,1,0,0,0,0,1,18.5,18.5,0.0%,LB,2012
12,13,James Anderson,7,7,0.0,0,0,0,0,0,1,18.3,18.3,0.0%,LB,2012
13,14,Takeo Spikes,11,2,0.0,0,0,0,0,0,1,18.0,18.0,0.0%,LB,2012
14,15,Sean Lee,5,2,0.0,1,1,0,0,0,1,18.0,18.0,0.0%,LB,2012
15,16,Ahmad Brooks,6,3,0.0,0,0,1,0,0,1,17.8,17.8,0.0%,LB,2012
16,17,Jason Babin,4,1,1.5,0,0,0,0,0,1,17.8,17.8,0.0%,LB,2012
17,18,Donald Butler,8,4,0.0,0,0,0,0,0,1,17.5,17.5,0.0%,LB,2012
18,19,K.J. Wright,9,2,0.0,0,0,0,0,0,1,17.5,17.5,0.0%,LB,2012
19,20,Junior Galette,2,0,2.0,0,0,1,0,0,1,17.5,17.5,0.0%,LB,2012
20,21,Derrick Johnson,5,4,1.0,0,0,0,0,0,1,17.0,17.0,0.0%,LB,2012
21,22,Paul Posluszny,5,2,0.0,2,1,0,0,0,1,17.0,17.0,4.7%,LB,2012
22,23,Michael Boley,5,1,0.5,1,1,0,0,0,1,16.8,16.8,0.0%,LB,2012
23,24,Russell Allen,9,2,0.0,1,0,0,0,0,1,16.5,16.5,0.0%,LB,2012
24,25,Lance Briggs,7,0,0.0,2,0,0,0,0,1,16.0,16.0,0.0%,LB,2012
25,26,London Fletcher,6,7,0.0,1,0,0,0,0,1,15.8,15.8,0.0%,LB,2012
26,27,Patrick Willis,5,5,0.0,0,0,0,1,0,1,15.3,15.3,0.0%,LB,2012
27,28,Jerod Mayo,9,2,0.0,0,0,0,0,0,1,15.0,15.0,0.0%,LB,2012
28,29,Rey Maualuga,7,6,0.0,0,0,0,0,0,1,15.0,15.0,0.0%,LB,2012
29,30,LaMarr Woodley,4,0,1.0,0,0,0,0,0,1,15.0,15.0,0.0%,LB,2012
30,31,Mason Foster,6,1,0.0,0,0,0,0,0,1,14.8,14.8,0.0%,LB,2012
31,32,O'Brien Schofield,4,2,1.0,0,0,0,0,0,1,14.0,14.0,0.0%,LB,2012
32,33,Nick Barnett,7,1,0.0,0,0,0,0,0,1,13.8,13.8,0.0%,LB,2012
33,34,Bryan Scott,2,0,0.0,1,1,1,0,0,1,13.5,13.5,0.0%,LB,2012
34,35,Elvis Dumervil,4,1,1.0,0,0,0,0,0,1,13.3,13.3,0.0%,LB,2012
35,36,DeAndre Levy,3,3,0.0,0,0,0,1,0,1,13.3,13.3,0.0%,LB,2012
36,37,DeMeco Ryans,7,0,0.0,0,0,0,0,0,1,13.0,13.0,0.0%,LB,2012
37,38,Koa Misi,6,2,0.0,0,0,0,0,0,1,13.0,13.0,0.0%,LB,2012
38,39,Will Witherspoon,5,4,0.0,0,0,0,0,0,1,13.0,13.0,0.0%,LB,2012
39,40,Karlos Dansby,7,1,0.0,1,0,0,0,0,1,12.8,12.8,0.1%,LB,2012
40,41,Ray Lewis,7,3,0.0,0,0,0,0,0,1,12.8,12.8,0.0%,LB,2012
41,42,David Harris,8,1,0.0,0,0,0,0,0,1,12.8,12.8,4.0%,LB,2012
42,43,A.J. Hawk,5,6,0.0,0,0,0,0,0,1,12.0,12.0,0.0%,LB,2012
43,44,Kevin Burnett,5,4,0.0,1,0,0,0,0,1,12.0,12.0,0.0%,LB,2012
44,45,Jerrell Freeman,7,2,0.0,0,0,0,0,0,1,12.0,12.0,0.1%,LB,2012
45,46,Nick Perry,3,1,1.0,0,0,0,0,0,1,11.8,11.8,0.0%,LB,2012
46,47,Sam Acho,2,1,1.0,0,0,1,0,0,1,11.8,11.8,0.0%,LB,2012
47,48,Robert Mathis,2,1,1.0,0,0,1,0,0,1,11.8,11.8,0.0%,LB,2012
48,49,Sean Weatherspoon,5,0,0.0,0,0,1,0,0,1,11.5,11.5,0.0%,LB,2012
49,50,Craig Robertson,7,1,0.0,0,0,0,0,0,1,11.3,11.3,0.0%,LB,2012
50,51,Bart Scott,5,1,0.0,0,0,0,0,0,1,10.8,10.8,0.0%,LB,2012
51,52,Stephen Tulloch,3,3,0.0,1,0,0,0,0,1,10.8,10.8,0.0%,LB,2012
52,53,Arthur Moats,5,1,0.0,0,0,0,0,0,1,10.8,10.8,0.0%,LB,2012
53,54,Rolando McClain,3,8,0.0,0,0,0,0,0,1,10.5,10.5,0.0%,LB,2012
54,55,Mark Barron,6,0,0.0,1,0,0,0,0,1,10.5,10.5,0.0%,LB,2012
55,56,Lavonte David,5,0,0.0,0,0,0,0,0,1,10.0,10.0,52.4%,LB,2012
56,57,Brian Cushing,5,1,0.0,1,0,0,0,0,1,9.8,9.8,0.0%,LB,2012
57,58,Bobby Wagner,5,3,0.0,0,0,0,0,0,1,9.8,9.8,72.4%,LB,2012
58,59,Nick Roach,2,0,1.0,0,0,0,0,0,1,9.5,9.5,0.0%,LB,2012
59,60,Jared Allen,1,0,1.0,0,0,1,0,0,1,9.5,9.5,0.0%,LB,2012
60,61,John Abraham,2,0,1.0,0,0,0,0,0,1,9.5,9.5,0.0%,LB,2012
61,62,Quentin Groves,2,0,1.0,0,0,0,0,0,1,9.5,9.5,0.0%,LB,2012
62,63,Bruce Carter,4,1,0.0,0,0,0,0,0,1,9.3,9.3,0.0%,LB,2012
63,64,Brian Urlacher,3,1,0.0,1,0,0,0,0,1,9.3,9.3,0.0%,LB,2012
64,65,Jonathan Casillas,3,1,0.0,0,0,0,1,0,1,9.3,9.3,0.0%,LB,2012
65,66,Kavell Conner,5,2,0.0,0,0,0,0,0,1,9.0,9.0,0.0%,LB,2012
66,67,Larry Foote,5,2,0.0,0,0,0,0,0,1,9.0,9.0,0.0%,LB,2012
67,68,Antwan Barnes,1,1,1.0,0,0,0,0,0,1,8.8,8.8,0.0%,LB,2012
68,69,D.J. Smith,3,2,0.0,0,0,0,0,0,1,8.5,8.5,0.0%,LB,2012
69,70,Justin Durant,4,0,0.0,0,0,0,0,0,1,8.5,8.5,0.0%,LB,2012
70,71,Lamarr Houston,4,3,0.0,0,0,0,0,0,1,8.3,8.3,0.0%,LB,2012
71,72,Trent Cole,2,1,0.5,0,0,0,0,0,1,8.3,8.3,0.0%,LB,2012
72,73,D'Qwell Jackson,4,3,0.0,0,0,0,0,0,1,8.3,8.3,0.0%,LB,2012
73,74,Stephen Nicholas,5,1,0.0,0,0,0,0,0,1,8.3,8.3,0.0%,LB,2012
74,75,Wesley Woodyard,1,0,0.0,1,1,0,0,0,1,8.0,8.0,0.0%,LB,2012
75,76,Courtney Upshaw,3,1,0.0,0,0,0,0,0,1,7.8,7.8,0.0%,LB,2012
76,77,Vincent Rey,4,0,0.0,1,0,0,0,0,1,7.5,7.5,0.0%,LB,2012
77,78,Dont'a Hightower,5,0,0.0,0,0,0,0,0,1,7.5,7.5,1.0%,LB,2012
78,79,Paul Kruger,3,0,0.0,0,0,0,0,0,1,7.0,7.0,0.0%,LB,2012
79,80,Kyle Bosworth,3,3,0.0,0,0,0,0,0,1,6.8,6.8,0.0%,LB,2012
80,81,Mychal Kendricks,3,3,0.0,0,0,0,0,0,1,6.8,6.8,0.0%,LB,2012
81,82,Cameron Wake,4,1,0.0,0,0,0,0,0,1,6.8,6.8,0.0%,LB,2012
82,83,Jo-Lonn Dunbar,3,3,0.0,0,0,0,0,0,1,6.8,6.8,0.0%,LB,2012
83,84,Calvin Pace,3,2,0.0,0,0,0,0,0,1,6.0,6.0,0.0%,LB,2012
84,85,Vontaze Burfict,1,6,0.0,0,0,0,0,0,1,6.0,6.0,0.0%,LB,2012
85,86,Bradie James,2,0,0.0,0,0,0,0,0,1,5.5,5.5,0.0%,LB,2012
86,87,Spencer Paysinger,1,0,0.0,0,0,0,1,0,1,5.5,5.5,0.0%,LB,2012
87,88,Kelvin Sheppard,2,0,0.0,0,0,0,0,0,1,5.5,5.5,1.0%,LB,2012
88,89,Moise Fokou,3,1,0.0,0,0,0,0,0,1,5.3,5.3,0.0%,LB,2012
89,90,Jon Beason,2,3,0.0,0,0,0,0,0,1,5.3,5.3,0.0%,LB,2012
90,91,Miles Burris,2,1,0.0,1,0,0,0,0,1,5.3,5.3,0.0%,LB,2012
91,92,Rocky McIntosh,3,1,0.0,0,0,0,0,0,1,5.3,5.3,0.0%,LB,2012
92,93,Leroy Hill,2,3,0.0,0,0,0,0,0,1,5.3,5.3,0.0%,LB,2012
93,94,Erik Walden,2,3,0.0,0,0,0,0,0,1,5.3,5.3,0.0%,LB,2012
94,95,Jasper Brinkley,3,1,0.0,0,0,0,0,0,1,5.3,5.3,0.0%,LB,2012
95,96,Chris Wilson,1,2,0.5,0,0,0,0,0,1,5.0,5.0,0.0%,LB,2012
96,97,Julian Stanford,1,1,0.0,0,0,0,0,0,1,4.8,4.8,0.0%,LB,2012
97,98,Paris Lenon,3,0,0.0,0,0,0,0,0,1,4.5,4.5,0.0%,LB,2012
98,99,Lawrence Timmons,3,0,0.0,0,0,0,0,0,1,4.5,4.5,0.1%,LB,2012
99,100,Jovan Belcher,2,2,0.0,0,0,0,0,0,1,4.5,4.5,0.0%,LB,2012
100,101,Scott Shanle,2,2,0.0,0,0,0,0,0,1,4.5,4.5,0.0%,LB,2012
101,102,Brandon Spikes,2,2,0.0,0,0,0,0,0,1,4.5,4.5,0.0%,LB,2012
102,103,Chris Carter,1,2,0.0,1,0,0,0,0,1,4.5,4.5,0.0%,LB,2012
103,104,Jason Worilds,3,0,0.0,0,0,0,0,0,1,4.5,4.5,0.0%,LB,2012
104,105,Zach Brown,3,0,0.0,0,0,0,0,0,1,4.5,4.5,0.0%,LB,2012
105,106,Orie Lemon,0,0,0.0,0,0,0,1,0,1,4.0,4.0,0.0%,LB,2012
106,107,Victor Butler,2,1,0.0,0,0,0,0,0,1,3.8,3.8,0.0%,LB,2012
107,108,Garrett McIntyre,1,1,0.0,1,0,0,0,0,1,3.8,3.8,0.0%,LB,2012
108,109,David Hawthorne,2,1,0.0,0,0,0,0,0,1,3.8,3.8,0.0%,LB,2012
109,110,Brian Rolle,2,0,0.0,0,0,0,0,0,1,3.0,3.0,0.0%,LB,2012
110,111,Marvin Mitchell,2,0,0.0,0,0,0,0,0,1,3.0,3.0,0.0%,LB,2012
111,112,Jarret Johnson,0,4,0.0,0,0,0,0,0,1,3.0,3.0,0.0%,LB,2012
112,113,Akeem Dent,1,2,0.0,0,0,0,0,0,1,3.0,3.0,0.0%,LB,2012
113,114,Joe Mays,1,2,0.0,0,0,0,0,0,1,3.0,3.0,0.0%,LB,2012
114,115,Shea McClellin,0,1,0.5,0,0,0,0,0,1,2.8,2.8,0.0%,LB,2012
115,116,Jacquian Williams,1,1,0.0,0,0,0,0,0,1,2.3,2.3,0.0%,LB,2012
116,117,Pernell McPhee,1,1,0.0,0,0,0,0,0,1,2.3,2.3,0.0%,LB,2012
117,118,Derrick Morgan,0,3,0.0,0,0,0,0,0,1,2.3,2.3,0.0%,LB,2012
118,119,Justin Hickman,1,1,0.0,0,0,0,0,0,1,2.3,2.3,0.0%,LB,2012
119,120,Von Miller,0,3,0.0,0,0,0,0,0,1,2.3,2.3,2.5%,LB,2012
120,121,Clay Matthews,0,3,0.0,0,0,0,0,0,1,2.3,2.3,0.0%,LB,2012
121,122,Keith Brooking,1,1,0.0,0,0,0,0,0,1,2.3,2.3,0.0%,LB,2012
122,123,Manny Lawson,0,3,0.0,0,0,0,0,0,1,2.3,2.3,0.0%,LB,2012
123,124,Albert McClellan,1,0,0.0,0,0,0,0,0,1,1.5,1.5,0.0%,LB,2012
124,125,Shaun Phillips,0,2,0.0,0,0,0,0,0,1,1.5,1.5,0.0%,LB,2012
125,126,Chandler Jones,0,2,0.0,0,0,0,0,0,1,1.5,1.5,0.5%,LB,2012
126,127,Martez Wilson,1,0,0.0,0,0,0,0,0,1,1.5,1.5,0.0%,LB,2012
127,128,Mark Herzlich,1,0,0.0,0,0,0,0,0,1,1.5,1.5,1.0%,LB,2012
128,129,Phillip Hunt,1,0,0.0,0,0,0,0,0,1,1.5,1.5,0.0%,LB,2012
129,130,Chase Blackburn,1,0,0.0,0,0,0,0,0,1,1.5,1.5,0.0%,LB,2012
130,131,Jameel McClain,0,2,0.0,0,0,0,0,0,1,1.5,1.5,0.0%,LB,2012
131,132,Lawrence Sidbury,0,1,0.0,0,0,0,0,0,1,0.8,0.8,0.0%,LB,2012
132,133,Zac Diles,0,1,0.0,0,0,0,0,0,1,0.8,0.8,0.0%,LB,2012
133,134,Thomas Keiser,0,1,0.0,0,0,0,0,0,1,0.8,0.8,0.0%,LB,2012
134,135,Demorrio Williams,0,1,0.0,0,0,0,0,0,1,0.8,0.8,0.0%,LB,2012
135,136,Edgar Jones,0,0,0.0,0,0,0,0,0,1,0.0,0.0,0.0%,LB,2012
136,137,D'Anthony Batiste,0,0,0.0,0,0,0,0,0,1,0.0,0.0,0.0%,LB,2012
137,138,Niko Koutouvides,0,0,0.0,0,0,0,0,0,1,0.0,0.0,0.0%,LB,2012
138,139,Randell Johnson,0,0,0.0,0,0,0,0,0,1,0.0,0.0,0.0%,LB,2012
139,140,Jonathan Freeny,0,0,0.0,0,0,0,0,0,1,0.0,0.0,0.0%,LB,2012
140,141,Doug Hogue,0,0,0.0,0,0,0,0,0,1,0.0,0.0,0.0%,LB,2012
141,142,Aaron Morgan,0,0,0.0,0,0,0,0,0,1,0.0,0.0,0.0%,LB,2012
142,143,Cory Greenwood,0,0,0.0,0,0,0,0,0,1,0.0,0.0,0.0%,LB,2012
143,144,Justin Cole,0,0,0.0,0,0,0,0,0,1,0.0,0.0,0.0%,LB,2012
144,145,Tamba Hali,0,0,0.0,0,0,0,0,0,1,0.0,0.0,2.0%,LB,2012
145,146,Rob Ninkovich,1,1,0.0,0,0,0,0,0,1,0.0,0.0,0.0%,LB,2012
146,147,Kamerion Wimbley,1,1,0.0,0,0,0,0,0,1,0.0,0.0,0.0%,LB,2012
147,148,Heath Farwell,0,0,0.0,0,0,0,0,0,1,0.0,0.0,0.0%,LB,2012
148,149,D.J. Williams,0,0,0.0,0,0,0,0,0,1,0.0,0.0,0.0%,LB,2012
149,150,Dan Connor,0,0,0.0,0,0,0,0,0,1,0.0,0.0,0.0%,LB,2012
150,151,Akeem Jordan,0,0,0.0,0,0,0,0,0,1,0.0,0.0,0.0%,LB,2012
151,152,Chris Long,2,0,2.0,0,0,0,0,0,1,0.0,0.0,0.0%,LB,2012
152,153,Keith Rivers,0,0,0.0,0,0,0,0,0,1,0.0,0.0,0.0%,LB,2012
153,154,Kroy Biermann,1,0,0.0,0,0,0,0,0,1,0.0,0.0,0.0%,LB,2012
154,155,Jason Trusnik,0,0,0.0,0,0,0,0,0,1,0.0,0.0,0.0%,LB,2012
155,156,Lorenzo Alexander,0,0,0.0,0,0,0,0,0,1,0.0,0.0,3.0%,LB,2012
156,157,Anthony Spencer,5,2,0.0,0,0,0,0,0,1,0.0,0.0,0.0%,LB,2012
157,158,Brandon Siler,0,0,0.0,0,0,0,0,0,1,0.0,0.0,0.0%,LB,2012
158,159,Stewart Bradley,0,0,0.0,0,0,0,0,0,1,0.0,0.0,0.0%,LB,2012
159,160,Quincy Black,0,0,0.0,0,0,0,0,0,1,0.0,0.0,0.0%,LB,2012
160,161,Zak DeOssie,0,0,0.0,0,0,0,0,0,1,0.0,0.0,0.0%,LB,2012
161,162,Keyunta Dawson,0,0,0.0,0,0,0,0,0,1,0.0,0.0,0.0%,LB,2012
162,163,Will Herring,0,0,0.0,0,0,0,0,0,1,0.0,0.0,0.0%,LB,2012
163,164,Adam Hayward,0,0,0.0,0,0,0,0,0,1,0.0,0.0,0.0%,LB,2012
164,165,Daryl Smith,0,0,0.0,0,0,0,0,0,1,0.0,0.0,0.0%,LB,2012
165,166,Geno Hayes,0,0,0.0,0,0,0,0,0,1,0.0,0.0,0.0%,LB,2012
166,167,J.T. Thomas,0,0,0.0,0,0,0,0,0,1,0.0,0.0,0.0%,LB,2012
167,168,Markus White,0,0,0.0,0,0,0,0,0,1,0.0,0.0,0.0%,LB,2012
168,169,Andrew Gachkar,0,0,0.0,0,0,0,0,0,1,0.0,0.0,0.0%,LB,2012
169,170,Malcolm Smith,0,0,0.0,0,0,0,0,0,1,0.0,0.0,0.0%,LB,2012
170,171,Mike Peterson,0,0,0.0,0,0,0,0,0,1,0.0,0.0,0.0%,LB,2012
171,172,Robert Quinn,0,0,0.0,0,0,0,0,0,1,0.0,0.0,1.2%,LB,2012
172,173,Justin Houston,3,1,3.0,2,0,0,0,0,1,0.0,0.0,0.0%,LB,2012
173,174,Brooks Reed,0,2,0.5,1,0,0,0,0,1,0.0,0.0,0.0%,LB,2012
174,175,Nate Irving,0,0,0.0,0,0,0,0,0,1,0.0,0.0,0.0%,LB,2012
175,176,Casey Matthews,0,0,0.0,0,0,0,0,0,1,0.0,0.0,0.0%,LB,2012
176,177,Chris White,0,0,0.0,0,0,0,0,0,1,0.0,0.0,0.0%,LB,2012
177,178,Mario Haggan,0,0,0.0,0,0,0,0,0,1,0.0,0.0,0.0%,LB,2012
178,179,Andy Studebaker,0,0,0.0,0,0,0,0,0,1,0.0,0.0,0.0%,LB,2012
179,180,Quinton Coples,2,0,0.0,0,0,0,0,0,1,0.0,0.0,0.0%,LB,2012
180,181,Melvin Ingram,1,1,0.0,1,0,0,0,0,1,0.0,0.0,0.0%,LB,2012
181,182,Andre Branch,0,0,0.0,0,0,0,0,0,1,0.0,0.0,0.0%,LB,2012
182,183,Whitney Mercilus,0,0,0.0,0,0,0,0,0,1,0.0,0.0,0.2%,LB,2012
183,184,Bruce Irvin,2,0,2.0,0,0,0,0,0,1,0.0,0.0,0.2%,LB,2012
184,185,Mister Alexander,0,0,0.0,0,0,0,0,0,1,0.0,0.0,0.0%,LB,2012
185,186,Keenan Robinson,0,0,0.0,0,0,0,0,0,1,0.0,0.0,0.0%,LB,2012
186,187,Audie Cole,0,0,0.0,0,0,0,0,0,1,0.0,0.0,0.0%,LB,2012
187,188,Demario Davis,0,0,0.0,0,0,0,0,0,1,0.0,0.0,22.3%,LB,2012
188,189,Nigel Bradham,0,0,0.0,0,0,0,0,0,1,0.0,0.0,0.0%,LB,2012
189,190,Kyle Wilber,0,0,0.0,0,0,0,0,0,1,0.0,0.0,0.0%,LB,2012
190,191,Tahir Whitehead,0,0,0.0,0,0,0,0,0,1,0.0,0.0,0.0%,LB,2012
191,192,Larry Dean,0,0,0.0,0,0,0,0,0,1,0.0,0.0,0.0%,LB,2012
192,193,Joshua Mauga,0,0,0.0,0,0,0,0,0,1,0.0,0.0,0.0%,LB,2012
193,194,Blake Costanzo,0,0,0.0,0,0,0,0,0,1,0.0,0.0,0.0%,LB,2012
194,195,Patrick Bailey,0,0,0.0,0,0,0,0,0,1,0.0,0.0,0.0%,LB,2012
195,196,Dan Skuta,0,0,0.0,0,0,0,0,0,1,0.0,0.0,0.0%,LB,2012
196,197,Josh Hull,0,0,0.0,0,0,0,0,0,1,0.0,0.0,0.0%,LB,2012
197,198,Rob Francois,0,0,0.0,0,0,0,0,0,1,0.0,0.0,0.0%,LB,2012
198,199,Najee Goode,0,0,0.0,0,0,0,0,0,1,0.0,0.0,0.0%,LB,2012
199,200,Robert James,0,0,0.0,0,0,0,0,0,1,0.0,0.0,0.0%,LB,2012
200,201,Michael Morgan,0,0,0.0,0,0,0,0,0,1,0.0,0.0,0.0%,LB,2012
201,202,Mario Harvey,0,0,0.0,0,0,0,0,0,1,0.0,0.0,0.0%,LB,2012
202,203,Tim Shaw,0,0,0.0,0,0,0,0,0,1,0.0,0.0,0.0%,LB,2012
203,204,Adrian Robinson,0,0,0.0,0,0,0,0,0,1,0.0,0.0,0.0%,LB,2012
204,205,Brandon Marshall,0,0,0.0,0,0,0,0,0,1,0.0,0.0,0.0%,LB,2012
205,206,Tank Carder,0,0,0.0,0,0,0,0,0,1,0.0,0.0,0.0%,LB,2012
206,207,Danny Trevathan,0,0,0.0,0,0,0,0,0,1,0.0,0.0,0.0%,LB,2012
207,208,Scott Solomon,0,0,0.0,0,0,0,0,0,1,0.0,0.0,0.0%,LB,2012
208,209,L.J. Fort,0,0,0.0,0,0,0,0,0,1,0.0,0.0,0.0%,LB,2012
209,210,Dezman Moses,0,0,0.0,0,0,0,0,0,1,0.0,0.0,0.0%,LB,2012
210,211,Adrian Tracy,0,0,0.0,0,0,0,0,0,1,0.0,0.0,0.0%,LB,2012
211,212,Bryan Braman,0,0,0.0,0,0,0,0,0,1,0.0,0.0,0.0%,LB,2012
212,213,Larry Grant,0,0,0.0,0,0,0,0,0,1,0.0,0.0,0.0%,LB,2012
213,214,Kaluka Maiava,0,0,0.0,0,0,0,0,0,1,0.0,0.0,0.0%,LB,2012
214,215,Brad Jones,0,0,0.0,0,0,0,0,0,1,0.0,0.0,0.0%,LB,2012
215,216,Jamaal Westerman,0,0,0.0,0,0,0,0,0,1,0.0,0.0,0.0%,LB,2012
216,217,Kenny Onatolu,0,0,0.0,0,0,0,0,0,1,0.0,0.0,0.0%,LB,2012
217,218,Ashlee Palmer,0,0,0.0,0,0,0,0,0,1,0.0,0.0,0.0%,LB,2012
218,219,Reggie Walker,0,0,0.0,0,0,0,0,0,1,0.0,0.0,0.0%,LB,2012
219,220,Jesse Nading,0,0,0.0,0,0,0,0,0,1,0.0,0.0,0.0%,LB,2012
220,221,Jordan Senn,0,0,0.0,0,0,0,0,0,1,0.0,0.0,0.0%,LB,2012
221,222,Antwan Applewhite,0,0,0.0,0,0,0,0,0,1,0.0,0.0,0.0%,LB,2012
222,223,Connor Barwin,2,0,0.0,0,0,0,1,0,1,0.0,0.0,0.0%,LB,2012
223,224,Aaron Maybin,0,0,0.0,0,0,0,0,0,1,0.0,0.0,0.0%,LB,2012
224,225,Larry English,0,0,0.0,0,0,0,0,0,1,0.0,0.0,0.0%,LB,2012
225,226,Jason Phillips,0,0,0.0,0,0,0,0,0,1,0.0,0.0,0.0%,LB,2012
226,227,Tyrone McKenzie,0,0,0.0,0,0,0,0,0,1,0.0,0.0,0.0%,LB,2012
227,228,Travis Goethel,0,0,0.0,0,0,0,0,0,1,0.0,0.0,0.0%,LB,2012
228,229,Dekoda Watson,0,0,0.0,0,0,0,0,0,1,0.0,0.0,0.0%,LB,2012
229,230,Jamar Chaney,0,0,0.0,0,0,0,0,0,1,0.0,0.0,0.0%,LB,2012
230,231,Austin Spitler,0,0,0.0,0,0,0,0,0,1,0.0,0.0,0.0%,LB,2012
231,232,Nick Bellore,0,0,0.0,0,0,0,0,0,1,0.0,0.0,7.0%,LB,2012
232,233,Jason Pierre-Paul,1,2,0.5,2,0,0,0,0,1,0.0,0.0,0.0%,LB,2012
233,234,Willie Young,0,0,0.0,0,0,0,0,0,1,0.0,0.0,0.0%,LB,2012
234,235,Jermaine Cunningham,2,0,0.0,0,0,0,0,0,1,0.0,0.0,0.0%,LB,2012
235,236,Roddrick Muckelroy,0,0,0.0,0,0,0,0,0,1,0.0,0.0,0.0%,LB,2012
236,237,Keenan Clayton,0,0,0.0,0,0,0,0,0,1,0.0,0.0,0.0%,LB,2012
237,238,Jeremy Cain,0,0,0.0,0,0,0,0,0,1,0.0,0.0,0.0%,LB,2012
238,239,Christian Yount,0,0,0.0,0,0,0,0,0,1,0.0,0.0,0.0%,LB,2012
239,240,Cullen Loeffler,0,0,0.0,0,0,0,0,0,1,0.0,0.0,0.0%,LB,2012
240,241,Garrison Sanborn,0,0,0.0,0,0,0,0,0,1,0.0,0.0,0.0%,LB,2012
241,242,John Denney,0,0,0.0,0,0,0,0,0,1,0.0,0.0,0.0%,LB,2012
242,243,Tanner Purdum,0,0,0.0,0,0,0,0,0,1,0.0,0.0,0.0%,LB,2012
243,244,Morgan Cox,0,0,0.0,0,0,0,0,0,1,0.0,0.0,0.0%,LB,2012
244,245,Greg Warren,0,0,0.0,0,0,0,0,0,1,0.0,0.0,0.0%,LB,2012
245,246,Patrick Mannelly,0,0,0.0,0,0,0,0,0,1,0.0,0.0,0.0%,LB,2012
246,247,Andrew Economos,0,0,0.0,0,0,0,0,0,1,0.0,0.0,0.0%,LB,2012
247,248,Matt Overton,0,0,0.0,0,0,0,0,0,1,0.0,0.0,0.0%,LB,2012
248,249,Jon Weeks,0,0,0.0,0,0,0,0,0,1,0.0,0.0,0.0%,LB,2012
249,250,Aaron Brewer,0,0,0.0,0,0,0,0,0,1,0.0,0.0,0.0%,LB,2012
250,251,Clint Gresham,0,0,0.0,0,0,0,0,0,1,0.0,0.0,0.0%,LB,2012
251,252,Jake McQuaide,0,0,0.0,0,0,0,0,0,1,0.0,0.0,0.0%,LB,2012
252,253,Justin Drescher,0,0,0.0,0,0,0,0,0,1,0.0,0.0,0.0%,LB,2012
253,254,Mike Windt,0,0,0.0,0,0,0,0,0,1,0.0,0.0,0.0%,LB,2012
254,255,Jon Condo,0,0,0.0,0,0,0,0,0,1,0.0,0.0,0.0%,LB,2012
255,256,Thomas Gafford,0,0,0.0,0,0,0,0,0,1,0.0,0.0,0.0%,LB,2012
256,257,L.P. LaDouceur,0,0,0.0,0,0,0,0,0,1,0.0,0.0,0.0%,LB,2012
257,258,Jon Dorenbos,0,0,0.0,0,0,0,0,0,1,0.0,0.0,0.0%,LB,2012
258,259,Danny Aiken,0,0,0.0,0,0,0,0,0,1,0.0,0.0,0.0%,LB,2012
259,260,JJ Jansen,0,0,0.0,0,0,0,0,0,1,0.0,0.0,0.0%,LB,2012
260,261,Don Muhlbach,0,0,0.0,0,0,0,0,0,1,0.0,0.0,0.0%,LB,2012
261,262,Brett Goode,0,0,0.0,0,0,0,0,0,1,0.0,0.0,0.0%,LB,2012
262,263,Josh Harris,0,0,0.0,0,0,0,0,0,1,0.0,0.0,0.0%,LB,2012
