,Rank,Player,Tackle,Assist,Sack,Pass Defended,Interception,Forced Fumble,Fumble Recovery,Defend Touchdown,Games Played,Fantasy Football Points,FTPS/Game,ROST,Position,Year
0,1,Brian Urlacher,5,2,0.0,1,1,1,1,1,1,29.5,29.5,0.0%,LB,2012
1,2,Lavonte David,14,2,0.0,0,0,0,0,0,1,27.5,27.5,52.4%,LB,2012
2,3,Von Miller,4,2,3.0,0,0,0,0,0,1,27.0,27.0,2.5%,LB,2012
3,4,Michael Boley,7,3,0.0,0,0,0,1,1,1,22.8,22.8,0.0%,LB,2012
4,5,Donald Butler,9,1,0.0,1,0,1,0,0,1,22.3,22.3,0.0%,LB,2012
5,6,Zach Brown,7,3,0.0,0,0,0,1,0,1,21.8,21.8,0.0%,LB,2012
6,7,Bruce Carter,9,1,0.0,1,0,0,0,0,1,20.8,20.8,0.0%,LB,2012
7,8,Luke Kuechly,9,6,0.0,0,0,0,0,0,1,20.5,20.5,92.3%,LB,2012
8,9,Whitney Mercilus,2,1,2.0,0,0,1,0,0,1,18.3,18.3,0.2%,LB,2012
9,10,Bobby Wagner,5,5,1.0,0,0,0,0,0,1,17.8,17.8,72.4%,LB,2012
10,11,DeMarcus Ware,3,1,1.5,0,0,1,0,0,1,17.8,17.8,0.0%,LB,2012
11,12,Tamba Hali,6,3,1.0,0,0,0,0,0,1,17.8,17.8,2.0%,LB,2012
12,13,Akeem Ayers,6,2,1.0,0,0,0,0,0,1,17.0,17.0,0.0%,LB,2012
13,14,Dannell Ellerbe,4,5,1.0,0,0,0,0,0,1,16.3,16.3,0.0%,LB,2012
14,15,Wesley Woodyard,4,10,0.0,0,0,0,0,0,1,16.0,16.0,0.0%,LB,2012
15,16,Brad Jones,6,3,0.0,1,0,0,0,0,1,15.3,15.3,0.0%,LB,2012
16,17,Paris Lenon,5,1,0.0,0,0,1,0,0,1,14.8,14.8,0.0%,LB,2012
17,18,Curtis Lofton,6,2,0.0,0,0,1,0,0,1,14.5,14.5,0.0%,LB,2012
18,19,Thomas Davis,5,4,0.0,1,0,0,0,0,1,14.5,14.5,0.0%,LB,2012
19,20,Jasper Brinkley,6,7,0.0,0,0,0,0,0,1,14.3,14.3,0.0%,LB,2012
20,21,Demorrio Williams,1,0,0.0,1,1,0,0,1,1,14.0,14.0,0.0%,LB,2012
21,22,Cameron Wake,4,0,1.0,0,0,1,0,0,1,14.0,14.0,0.0%,LB,2012
22,23,Chad Greenway,4,9,0.0,0,0,0,0,0,1,12.8,12.8,0.0%,LB,2012
23,24,Karlos Dansby,6,3,0.0,1,0,0,0,0,1,12.8,12.8,0.1%,LB,2012
24,25,Jason Babin,2,2,1.0,0,0,1,0,0,1,12.5,12.5,0.0%,LB,2012
25,26,Elvis Dumervil,3,2,1.0,0,0,0,0,0,1,12.5,12.5,0.0%,LB,2012
26,27,Mike Neal,2,0,1.0,0,0,0,0,0,1,12.0,12.0,0.0%,LB,2012
27,28,Shaun Phillips,1,0,0.0,0,0,0,1,1,1,11.5,11.5,0.0%,LB,2012
28,29,Erik Walden,1,1,0.0,1,1,0,0,0,1,11.3,11.3,0.0%,LB,2012
29,30,Paul Posluszny,7,1,0.0,0,0,0,0,0,1,11.3,11.3,4.7%,LB,2012
30,31,LaMarr Woodley,2,0,1.0,0,0,1,0,0,1,11.0,11.0,0.0%,LB,2012
31,32,Lawrence Timmons,3,0,1.0,0,0,0,0,0,1,11.0,11.0,0.1%,LB,2012
32,33,Lamarr Houston,4,0,0.0,0,0,0,0,0,1,11.0,11.0,0.0%,LB,2012
33,34,Jarret Johnson,2,0,1.0,0,0,1,0,0,1,11.0,11.0,0.0%,LB,2012
34,35,Mark Herzlich,6,2,0.0,0,0,0,0,0,1,10.5,10.5,1.0%,LB,2012
35,36,Justin Durant,7,0,0.0,0,0,0,0,0,1,10.5,10.5,0.0%,LB,2012
36,37,Jonathan Vilma,3,1,0.0,0,0,0,0,0,1,10.3,10.3,0.0%,LB,2012
37,38,Nigel Bradham,4,2,0.0,0,0,0,0,0,1,10.0,10.0,0.0%,LB,2012
38,39,Philip Wheeler,4,2,0.0,0,0,0,0,0,1,10.0,10.0,1.0%,LB,2012
39,40,Larry Foote,6,1,0.0,0,0,0,0,0,1,9.8,9.8,0.0%,LB,2012
40,41,Akeem Dent,4,3,0.0,1,0,0,0,0,1,9.8,9.8,0.0%,LB,2012
41,42,Victor Butler,2,0,1.0,0,0,0,0,0,1,9.5,9.5,0.0%,LB,2012
42,43,Dwight Freeney,1,0,1.0,0,0,1,0,0,1,9.5,9.5,0.0%,LB,2012
43,44,Robert Mathis,2,0,1.0,0,0,0,0,0,1,9.5,9.5,0.0%,LB,2012
44,45,Tim Dobbins,4,1,0.0,0,0,0,0,0,1,9.3,9.3,0.0%,LB,2012
45,46,Trent Cole,3,3,0.0,0,0,0,0,0,1,9.3,9.3,0.0%,LB,2012
46,47,Danny Trevathan,1,5,1.0,0,0,0,0,0,1,9.3,9.3,0.0%,LB,2012
47,48,James Harrison,4,1,0.0,0,0,0,0,0,1,9.3,9.3,0.0%,LB,2012
48,49,London Fletcher,5,2,0.0,0,0,0,0,0,1,9.0,9.0,0.0%,LB,2012
49,50,Ernie Sims,5,2,0.0,0,0,0,0,0,1,9.0,9.0,0.0%,LB,2012
50,51,D'Qwell Jackson,3,6,0.0,0,0,0,0,0,1,9.0,9.0,0.0%,LB,2012
51,52,Russell Allen,6,0,0.0,0,0,0,0,0,1,9.0,9.0,0.0%,LB,2012
52,53,Jameel McClain,3,4,0.0,1,0,0,0,0,1,9.0,9.0,0.0%,LB,2012
53,54,Kaluka Maiava,3,2,0.0,2,0,0,0,0,1,9.0,9.0,0.0%,LB,2012
54,55,Jared Allen,3,2,0.0,0,0,0,0,0,1,8.5,8.5,0.0%,LB,2012
55,56,Daryl Washington,4,3,0.0,0,0,0,0,0,1,8.3,8.3,0.0%,LB,2012
56,57,Rolando McClain,5,1,0.0,0,0,0,0,0,1,8.3,8.3,0.0%,LB,2012
57,58,Martez Wilson,1,3,1.0,0,0,0,0,0,1,7.8,7.8,0.0%,LB,2012
58,59,Nick Barnett,3,1,0.0,0,0,0,0,0,1,7.8,7.8,0.0%,LB,2012
59,60,Stephen Tulloch,5,0,0.0,0,0,0,0,0,1,7.5,7.5,0.0%,LB,2012
60,61,Quincy Black,5,0,0.0,0,0,0,0,0,1,7.5,7.5,0.0%,LB,2012
61,62,James-Michael Johnson,4,2,0.0,0,0,0,0,0,1,7.5,7.5,0.0%,LB,2012
62,63,Rey Maualuga,3,4,0.0,0,0,0,0,0,1,7.5,7.5,0.0%,LB,2012
63,64,Kevin Burnett,4,2,0.0,0,0,0,0,0,1,7.5,7.5,0.0%,LB,2012
64,65,Stephen Nicholas,2,2,0.0,0,0,0,0,0,1,7.0,7.0,0.0%,LB,2012
65,66,DeMeco Ryans,3,3,0.0,0,0,0,0,0,1,6.8,6.8,0.0%,LB,2012
66,67,Erin Henderson,1,7,0.0,0,0,0,0,0,1,6.8,6.8,0.0%,LB,2012
67,68,Perry Riley,4,1,0.0,0,0,0,0,0,1,6.8,6.8,0.0%,LB,2012
68,69,Derrick Johnson,4,1,0.0,0,0,0,0,0,1,6.8,6.8,0.0%,LB,2012
69,70,Mychal Kendricks,4,1,0.0,0,0,0,0,0,1,6.8,6.8,0.0%,LB,2012
70,71,Leroy Hill,2,2,0.5,0,0,0,0,0,1,6.5,6.5,0.0%,LB,2012
71,72,Michael Morgan,2,1,0.0,0,0,0,0,0,1,6.3,6.3,0.0%,LB,2012
72,73,Kelvin Sheppard,2,4,0.0,0,0,0,0,0,1,6.0,6.0,1.0%,LB,2012
73,74,Kavell Conner,2,2,0.0,1,0,0,0,0,1,6.0,6.0,0.0%,LB,2012
74,75,Derrick Morgan,2,2,0.0,1,0,0,0,0,1,6.0,6.0,0.0%,LB,2012
75,76,Jonathan Casillas,2,4,0.0,0,0,0,0,0,1,6.0,6.0,0.0%,LB,2012
76,77,Mason Foster,3,2,0.0,0,0,0,0,0,1,6.0,6.0,0.0%,LB,2012
77,78,Moise Fokou,4,0,0.0,0,0,0,0,0,1,6.0,6.0,0.0%,LB,2012
78,79,Akeem Jordan,3,2,0.0,0,0,0,0,0,1,6.0,6.0,0.0%,LB,2012
79,80,Bradie James,3,0,0.0,1,0,0,0,0,1,6.0,6.0,0.0%,LB,2012
80,81,Miles Burris,2,4,0.0,0,0,0,0,0,1,6.0,6.0,0.0%,LB,2012
81,82,Colin McCarthy,3,2,0.0,0,0,0,0,0,1,6.0,6.0,0.0%,LB,2012
82,83,O'Brien Schofield,4,0,0.0,0,0,0,0,0,1,6.0,6.0,0.0%,LB,2012
83,84,James Anderson,1,4,0.0,1,0,0,0,0,1,6.0,6.0,0.0%,LB,2012
84,85,Takeo Spikes,2,3,0.0,0,0,0,0,0,1,5.3,5.3,0.0%,LB,2012
85,86,Vontaze Burfict,1,5,0.0,0,0,0,0,0,1,5.3,5.3,0.0%,LB,2012
86,87,A.J. Hawk,3,1,0.0,0,0,0,0,0,1,5.3,5.3,0.0%,LB,2012
87,88,Jerrell Freeman,1,1,0.0,0,0,0,0,0,1,4.8,4.8,0.1%,LB,2012
88,89,Tim Shaw,2,2,0.0,0,0,0,0,0,1,4.5,4.5,0.0%,LB,2012
89,90,Nick Roach,2,2,0.0,0,0,0,0,0,1,4.5,4.5,0.0%,LB,2012
90,91,Ashlee Palmer,3,0,0.0,0,0,0,0,0,1,4.5,4.5,0.0%,LB,2012
91,92,Jovan Belcher,3,0,0.0,0,0,0,0,0,1,4.5,4.5,0.0%,LB,2012
92,93,Mark Barron,2,2,0.0,0,0,0,0,0,1,4.5,4.5,0.0%,LB,2012
93,94,Lance Briggs,2,2,0.0,0,0,0,0,0,1,4.5,4.5,0.0%,LB,2012
94,95,Cory Greenwood,0,0,0.0,0,0,0,1,0,1,4.0,4.0,0.0%,LB,2012
95,96,Quentin Groves,2,1,0.0,0,0,0,0,0,1,3.8,3.8,0.0%,LB,2012
96,97,Keith Brooking,1,3,0.0,0,0,0,0,0,1,3.8,3.8,0.0%,LB,2012
97,98,Emmanuel Lamur,1,1,0.0,1,0,0,0,0,1,3.8,3.8,0.0%,LB,2012
98,99,Terrell Suggs,2,1,0.0,0,0,0,0,0,1,3.8,3.8,0.0%,LB,2012
99,100,Courtney Upshaw,2,1,0.0,0,0,0,0,0,1,3.8,3.8,0.0%,LB,2012
100,101,Phillip Hunt,2,0,0.0,0,0,0,0,0,1,3.0,3.0,0.0%,LB,2012
101,102,John Abraham,2,0,0.0,0,0,0,0,0,1,3.0,3.0,0.0%,LB,2012
102,103,Dezman Moses,0,2,0.0,1,0,0,0,0,1,3.0,3.0,0.0%,LB,2012
103,104,Sam Acho,2,0,0.0,0,0,0,0,0,1,3.0,3.0,0.0%,LB,2012
104,105,Paul Kruger,1,2,0.0,0,0,0,0,0,1,3.0,3.0,0.0%,LB,2012
105,106,Chris Kelsay,1,1,0.0,0,0,0,0,0,1,2.3,2.3,0.0%,LB,2012
106,107,Pat Angerer,1,1,0.0,0,0,0,0,0,1,2.3,2.3,0.0%,LB,2012
107,108,Bryan Scott,0,1,0.0,1,0,0,0,0,1,2.3,2.3,0.0%,LB,2012
108,109,Rob Jackson,1,1,0.0,0,0,0,0,0,1,2.3,2.3,0.0%,LB,2012
109,110,Alex Albright,1,0,0.0,0,0,0,0,0,1,1.5,1.5,0.0%,LB,2012
110,111,Mike Peterson,1,0,0.0,0,0,0,0,0,1,1.5,1.5,0.0%,LB,2012
111,112,Craig Robertson,0,2,0.0,0,0,0,0,0,1,1.5,1.5,0.0%,LB,2012
112,113,Antwan Barnes,1,0,0.0,0,0,0,0,0,1,1.5,1.5,0.0%,LB,2012
113,114,Jason Trusnik,1,0,0.0,0,0,0,0,0,1,1.5,1.5,0.0%,LB,2012
114,115,Koa Misi,1,0,0.0,0,0,0,0,0,1,1.5,1.5,0.0%,LB,2012
115,116,Scott Shanle,1,0,0.0,0,0,0,0,0,1,1.5,1.5,0.0%,LB,2012
116,117,Lorenzo Alexander,1,0,0.0,0,0,0,0,0,1,1.5,1.5,3.0%,LB,2012
117,118,Justin Hickman,0,1,0.0,0,0,0,0,0,1,0.8,0.8,0.0%,LB,2012
118,119,Shea McClellin,0,1,0.0,0,0,0,0,0,1,0.8,0.8,0.0%,LB,2012
119,120,Albert McClellan,0,1,0.0,0,0,0,0,0,1,0.8,0.8,0.0%,LB,2012
120,121,Edgar Jones,0,0,0.0,0,0,0,0,0,1,0.0,0.0,0.0%,LB,2012
121,122,Brendon Ayanbadejo,0,0,0.0,0,0,0,0,0,1,0.0,0.0,0.0%,LB,2012
122,123,Randell Johnson,0,0,0.0,0,0,0,0,0,1,0.0,0.0,0.0%,LB,2012
123,124,Zack Nash,0,0,0.0,0,0,0,0,0,1,0.0,0.0,0.0%,LB,2012
124,125,Jonathan Freeny,0,0,0.0,0,0,0,0,0,1,0.0,0.0,0.0%,LB,2012
125,126,Orie Lemon,0,0,0.0,0,0,0,0,0,1,0.0,0.0,0.0%,LB,2012
126,127,Doug Hogue,0,0,0.0,0,0,0,0,0,1,0.0,0.0,0.0%,LB,2012
127,128,Aaron Morgan,0,0,0.0,0,0,0,0,0,1,0.0,0.0,0.0%,LB,2012
128,129,Robert James,0,0,0.0,0,0,0,0,0,1,0.0,0.0,0.0%,LB,2012
129,130,Kamerion Wimbley,1,0,1.0,0,0,0,0,0,1,0.0,0.0,0.0%,LB,2012
130,131,Manny Lawson,0,0,0.0,0,0,0,0,0,1,0.0,0.0,0.0%,LB,2012
131,132,Brandon Johnson,0,0,0.0,0,0,0,0,0,1,0.0,0.0,0.0%,LB,2012
132,133,Heath Farwell,0,0,0.0,0,0,0,0,0,1,0.0,0.0,0.0%,LB,2012
133,134,D.J. Williams,0,0,0.0,0,0,0,0,0,1,0.0,0.0,0.0%,LB,2012
134,135,Shawne Merriman,0,0,0.0,0,0,0,0,0,1,0.0,0.0,0.0%,LB,2012
135,136,Barrett Ruud,0,0,0.0,0,0,0,0,0,1,0.0,0.0,0.0%,LB,2012
136,137,Marvin Mitchell,0,0,0.0,0,0,0,0,0,1,0.0,0.0,0.0%,LB,2012
137,138,Anthony Spencer,5,0,0.0,0,0,0,0,0,1,0.0,0.0,0.0%,LB,2012
138,139,Adam Hayward,0,0,0.0,0,0,0,0,0,1,0.0,0.0,0.0%,LB,2012
139,140,Stewart Bradley,0,0,0.0,0,0,0,0,0,1,0.0,0.0,0.0%,LB,2012
140,141,Zak DeOssie,0,0,0.0,0,0,0,0,0,1,0.0,0.0,0.0%,LB,2012
141,142,Will Herring,0,0,0.0,0,0,0,0,0,1,0.0,0.0,0.0%,LB,2012
142,143,J.T. Thomas,0,0,0.0,0,0,0,0,0,1,0.0,0.0,0.0%,LB,2012
143,144,Andrew Gachkar,0,0,0.0,0,0,0,0,0,1,0.0,0.0,0.0%,LB,2012
144,145,Malcolm Smith,0,0,0.0,0,0,0,0,0,1,0.0,0.0,0.0%,LB,2012
145,146,Justin Houston,6,3,0.0,0,0,0,0,0,1,0.0,0.0,0.0%,LB,2012
146,147,Brooks Reed,2,0,0.0,0,0,0,0,0,1,0.0,0.0,0.0%,LB,2012
147,148,Nate Irving,0,0,0.0,0,0,0,0,0,1,0.0,0.0,0.0%,LB,2012
148,149,Chris White,0,0,0.0,0,0,0,0,0,1,0.0,0.0,0.0%,LB,2012
149,150,K.J. Wright,0,0,0.0,0,0,0,0,0,1,0.0,0.0,0.0%,LB,2012
150,151,Casey Matthews,0,0,0.0,0,0,0,0,0,1,0.0,0.0,0.0%,LB,2012
151,152,Chris Carter,0,0,0.0,0,0,0,0,0,1,0.0,0.0,0.0%,LB,2012
152,153,Kroy Biermann,1,1,0.0,0,0,0,0,0,1,0.0,0.0,0.0%,LB,2012
153,154,Blake Costanzo,0,0,0.0,0,0,0,0,0,1,0.0,0.0,0.0%,LB,2012
154,155,Dan Skuta,0,0,0.0,0,0,0,0,0,1,0.0,0.0,0.0%,LB,2012
155,156,Rob Francois,0,0,0.0,0,0,0,0,0,1,0.0,0.0,0.0%,LB,2012
156,157,Vincent Rey,0,0,0.0,0,0,0,0,0,1,0.0,0.0,0.0%,LB,2012
157,158,Josh Bynes,0,0,0.0,0,0,0,0,0,1,0.0,0.0,0.0%,LB,2012
158,159,Spencer Paysinger,0,0,0.0,0,0,0,0,0,1,0.0,0.0,0.0%,LB,2012
159,160,Jamari Lattimore,0,0,0.0,0,0,0,0,0,1,0.0,0.0,0.0%,LB,2012
160,161,Vic So'oto,0,0,0.0,0,0,0,0,0,1,0.0,0.0,0.0%,LB,2012
161,162,Bryan Braman,0,0,0.0,0,0,0,0,0,1,0.0,0.0,0.0%,LB,2012
162,163,Kyle Bosworth,0,0,0.0,0,0,0,0,0,1,0.0,0.0,0.0%,LB,2012
163,164,Larry Dean,0,0,0.0,0,0,0,0,0,1,0.0,0.0,0.0%,LB,2012
164,165,Terrell Manning,0,0,0.0,0,0,0,0,0,1,0.0,0.0,0.0%,LB,2012
165,166,Scott Solomon,0,0,0.0,0,0,0,0,0,1,0.0,0.0,0.0%,LB,2012
166,167,Adrian Tracy,0,0,0.0,0,0,0,0,0,1,0.0,0.0,0.0%,LB,2012
167,168,L.J. Fort,0,0,0.0,0,0,0,0,0,1,0.0,0.0,0.0%,LB,2012
168,169,Steven Johnson,0,0,0.0,0,0,0,0,0,1,0.0,0.0,0.0%,LB,2012
169,170,Julian Stanford,0,0,0.0,0,0,0,0,0,1,0.0,0.0,0.0%,LB,2012
170,171,Mario Harvey,0,1,0.0,0,0,0,0,0,1,0.0,0.0,0.0%,LB,2012
171,172,Adrian Robinson,0,0,0.0,0,0,0,0,0,1,0.0,0.0,0.0%,LB,2012
172,173,Tank Carder,0,0,0.0,0,0,0,0,0,1,0.0,0.0,0.0%,LB,2012
173,174,Melvin Ingram,2,1,0.0,0,0,0,0,0,1,0.0,0.0,0.0%,LB,2012
174,175,Travis Lewis,0,0,0.0,0,0,0,0,0,1,0.0,0.0,0.0%,LB,2012
175,176,Andre Branch,0,0,0.0,0,0,0,0,0,1,0.0,0.0,0.0%,LB,2012
176,177,Bruce Irvin,0,1,0.5,0,0,0,0,0,1,0.0,0.0,0.2%,LB,2012
177,178,Keenan Robinson,0,0,0.0,0,0,0,0,0,1,0.0,0.0,0.0%,LB,2012
178,179,Kyle Wilber,0,0,0.0,0,0,0,0,0,1,0.0,0.0,0.0%,LB,2012
179,180,Tahir Whitehead,0,0,0.0,0,0,0,0,0,1,0.0,0.0,0.0%,LB,2012
180,181,Junior Galette,0,0,0.0,0,0,0,0,0,1,0.0,0.0,0.0%,LB,2012
181,182,Clay Matthews,0,0,0.0,0,0,0,0,0,1,0.0,0.0,0.0%,LB,2012
182,183,Jason Phillips,0,0,0.0,0,0,0,0,0,1,0.0,0.0,0.0%,LB,2012
183,184,Tyrone McKenzie,0,0,0.0,0,0,0,0,0,1,0.0,0.0,0.0%,LB,2012
184,185,Connor Barwin,3,1,1.0,0,0,0,0,0,1,0.0,0.0,0.0%,LB,2012
185,186,Lawrence Sidbury,0,0,0.0,0,0,0,0,0,1,0.0,0.0,0.0%,LB,2012
186,187,Geno Hayes,0,0,0.0,0,0,0,0,0,1,0.0,0.0,0.0%,LB,2012
187,188,Andy Studebaker,0,0,0.0,0,0,0,0,0,1,0.0,0.0,0.0%,LB,2012
188,189,Jordan Senn,0,0,0.0,0,0,0,0,0,1,0.0,0.0,0.0%,LB,2012
189,190,Jesse Nading,0,0,0.0,0,0,0,0,0,1,0.0,0.0,0.0%,LB,2012
190,191,Austin Spitler,0,0,0.0,0,0,0,0,0,1,0.0,0.0,0.0%,LB,2012
191,192,Arthur Moats,0,0,0.0,0,0,0,0,0,1,0.0,0.0,0.0%,LB,2012
192,193,Travis Goethel,0,0,0.0,0,0,0,0,0,1,0.0,0.0,0.0%,LB,2012
193,194,Dekoda Watson,0,0,0.0,0,0,0,0,0,1,0.0,0.0,0.0%,LB,2012
194,195,Jamar Chaney,0,0,0.0,0,0,0,0,0,1,0.0,0.0,0.0%,LB,2012
195,196,Willie Young,0,0,0.0,0,0,0,0,0,1,0.0,0.0,0.0%,LB,2012
196,197,Ramon Humber,0,0,0.0,0,0,0,0,0,1,0.0,0.0,0.0%,LB,2012
197,198,Reggie Walker,0,0,0.0,0,0,0,0,0,1,0.0,0.0,0.0%,LB,2012
198,199,Jason Pierre-Paul,6,2,1.0,0,0,0,0,0,1,0.0,0.0,0.0%,LB,2012
199,200,Jason Worilds,0,0,0.0,0,0,0,0,0,1,0.0,0.0,0.0%,LB,2012
200,201,Patrick Mannelly,0,0,0.0,0,0,0,0,0,1,0.0,0.0,0.0%,LB,2012
201,202,Andrew Economos,0,0,0.0,0,0,0,0,0,1,0.0,0.0,0.0%,LB,2012
202,203,Jeremy Cain,0,0,0.0,0,0,0,0,0,1,0.0,0.0,0.0%,LB,2012
203,204,Christian Yount,0,0,0.0,0,0,0,0,0,1,0.0,0.0,0.0%,LB,2012
204,205,Cullen Loeffler,0,0,0.0,0,0,0,0,0,1,0.0,0.0,0.0%,LB,2012
205,206,Garrison Sanborn,0,0,0.0,0,0,0,0,0,1,0.0,0.0,0.0%,LB,2012
206,207,JJ Jansen,0,0,0.0,0,0,0,0,0,1,0.0,0.0,0.0%,LB,2012
207,208,Don Muhlbach,0,0,0.0,0,0,0,0,0,1,0.0,0.0,0.0%,LB,2012
208,209,Brett Goode,0,0,0.0,0,0,0,0,0,1,0.0,0.0,0.0%,LB,2012
209,210,Josh Harris,0,0,0.0,0,0,0,0,0,1,0.0,0.0,0.0%,LB,2012
210,211,Justin Drescher,0,0,0.0,0,0,0,0,0,1,0.0,0.0,0.0%,LB,2012
211,212,Clint Gresham,0,0,0.0,0,0,0,0,0,1,0.0,0.0,0.0%,LB,2012
212,213,Matt Overton,0,0,0.0,0,0,0,0,0,1,0.0,0.0,0.0%,LB,2012
213,214,John Denney,0,0,0.0,0,0,0,0,0,1,0.0,0.0,0.0%,LB,2012
214,215,Morgan Cox,0,0,0.0,0,0,0,0,0,1,0.0,0.0,0.0%,LB,2012
215,216,Greg Warren,0,0,0.0,0,0,0,0,0,1,0.0,0.0,0.0%,LB,2012
216,217,Jon Weeks,0,0,0.0,0,0,0,0,0,1,0.0,0.0,0.0%,LB,2012
217,218,Aaron Brewer,0,0,0.0,0,0,0,0,0,1,0.0,0.0,0.0%,LB,2012
218,219,Mike Windt,0,0,0.0,0,0,0,0,0,1,0.0,0.0,0.0%,LB,2012
219,220,Jon Condo,0,0,0.0,0,0,0,0,0,1,0.0,0.0,0.0%,LB,2012
220,221,Thomas Gafford,0,0,0.0,0,0,0,0,0,1,0.0,0.0,0.0%,LB,2012
221,222,L.P. LaDouceur,0,0,0.0,0,0,0,0,0,1,0.0,0.0,0.0%,LB,2012
222,223,Jon Dorenbos,0,0,0.0,0,0,0,0,0,1,0.0,0.0,0.0%,LB,2012
