,Rank,Player,Pass Completions,Pass Attempts,Pass Completion/Attempts,Passing Yards,Passsing Yards/Attempt,Passing Touchdowns,Interception,Sacks,Rushing Attempts,Rushing Yards,Rushing Touchdown,Fumbles,Games Played,Fantasy Football Points,FTPS/Game,ROST,Position,Year
0,1,Joe Flacco,21,33,63.6,341,10.3,3,1,0,1,1,1,0,1,29.7,29.7,17.3%,QB,2012
1,2,Matt Ryan,34,52,65.4,411,7.9,3,1,1,2,2,0,0,1,26.6,26.6,0.1%,QB,2012
2,3,Matthew Stafford,28,42,66.7,329,7.8,3,1,2,3,13,0,0,1,24.5,24.5,57.0%,QB,2012
3,4,Andy Dalton,21,30,70.0,199,6.6,4,0,0,2,-2,0,0,1,23.8,23.8,0.1%,QB,2012
4,5,Philip Rivers,29,37,78.4,337,9.1,3,2,2,2,5,0,0,1,22.0,22.0,20.6%,QB,2012
5,6,Drew Brees,21,32,65.6,298,9.3,3,1,1,1,-1,0,0,1,21.8,21.8,35.7%,QB,2012
6,7,Sam Bradford,26,39,66.7,275,7.1,2,0,2,1,0,0,0,1,19.0,19.0,0.0%,QB,2012
7,8,Carson Palmer,29,45,64.4,368,8.2,2,1,3,1,0,0,1,1,18.7,18.7,5.6%,QB,2012
8,9,Ryan Fitzpatrick,27,40,67.5,337,8.4,2,1,3,3,12,0,1,1,18.7,18.7,0.0%,QB,2012
9,10,Andrew Luck,18,26,69.2,227,8.7,0,1,2,7,11,2,1,1,18.2,18.2,2.2%,QB,2012
10,11,Christian Ponder,24,32,75.0,221,6.9,2,0,2,6,22,0,0,1,17.5,17.5,0.0%,QB,2012
11,12,Tom Brady,23,38,60.5,237,6.2,2,0,1,1,-1,0,0,1,17.4,17.4,2.7%,QB,2012
12,13,Colin Kaepernick,11,17,64.7,117,6.9,0,0,3,8,66,1,0,1,17.3,17.3,0.1%,QB,2012
13,14,Russell Wilson,12,19,63.2,188,9.9,2,0,4,7,34,0,1,1,16.9,16.9,30.7%,QB,2012
14,15,Josh Freeman,14,20,70.0,210,10.5,2,0,1,1,4,0,0,1,16.8,16.8,0.2%,QB,2012
15,16,Jake Locker,9,21,42.9,122,5.8,2,0,1,4,36,0,0,1,16.5,16.5,0.0%,QB,2012
16,17,Tony Romo,19,26,73.1,209,8.0,2,0,3,1,-1,0,0,1,16.3,16.3,0.1%,QB,2012
17,18,Peyton Manning,27,38,71.1,301,7.9,1,0,1,3,4,0,1,1,14.4,14.4,0.0%,QB,2012
18,19,Cam Newton,21,36,58.3,241,6.7,2,2,7,4,7,0,0,1,14.3,14.3,9.1%,QB,2012
19,20,Nick Foles,22,32,68.8,219,6.8,1,1,2,0,0,0,1,1,8.8,8.8,0.0%,QB,2012
20,21,Ben Roethlisberger,9,18,50.0,84,4.7,1,0,1,1,14,0,0,1,8.8,8.8,13.6%,QB,2012
21,22,Michael Vick,6,9,66.7,70,7.8,1,0,0,3,7,0,0,1,7.5,7.5,0.1%,QB,2012
22,23,Alex Smith,7,8,87.5,72,9.0,1,0,2,2,5,0,0,1,7.4,7.4,5.0%,QB,2012
23,24,Blaine Gabbert,18,31,58.1,209,6.7,0,1,3,1,10,0,0,1,7.4,7.4,0.0%,QB,2012
24,25,Chad Henne,10,16,62.5,121,7.6,1,1,1,0,0,0,0,1,6.8,6.8,0.1%,QB,2012
25,26,Matt Cassel,11,26,42.3,154,5.9,0,1,2,2,12,0,0,1,5.4,5.4,0.0%,QB,2012
26,27,Jason Campbell,11,19,57.9,94,4.9,0,0,0,1,5,0,0,1,4.3,4.3,0.0%,QB,2012
27,28,Matt Schaub,14,26,53.8,95,3.7,1,2,1,2,-2,0,0,1,3.6,3.6,0.0%,QB,2012
28,29,Byron Leftwich,7,14,50.0,73,5.2,0,0,0,0,0,0,0,1,2.9,2.9,0.0%,QB,2012
29,30,Eli Manning,29,46,63.0,215,4.7,0,2,4,1,1,0,1,1,2.7,2.7,2.3%,QB,2012
30,31,Ryan Tannehill,23,39,59.0,217,5.6,0,3,1,1,-1,0,0,1,2.6,2.6,1.1%,QB,2012
31,32,Jay Cutler,7,14,50.0,40,2.9,0,2,0,3,37,0,0,1,1.3,1.3,0.2%,QB,2012
32,33,Mark Sanchez,9,22,40.9,124,5.6,0,1,3,0,0,0,1,1,1.0,1.0,0.1%,QB,2012
33,34,Matt Moore,0,0,0.0,0,0.0,0,0,1,1,1,0,0,1,0.1,0.1,0.0%,QB,2012
34,35,Tyrod Taylor,0,1,0.0,0,0.0,0,0,0,0,0,0,0,1,0.0,0.0,2.7%,QB,2012
35,36,Chase Daniel,0,0,0.0,0,0.0,0,0,0,0,0,0,0,1,0.0,0.0,0.0%,QB,2012
36,37,Matt Leinart,0,1,0.0,0,0.0,0,0,0,0,0,0,0,1,0.0,0.0,0.0%,QB,2012
37,38,Matt Hasselbeck,0,1,0.0,0,0.0,0,0,0,3,-3,0,0,1,-0.3,-0.3,0.0%,QB,2012
