,Rank,Player,Pass Completions,Pass Attempts,Pass Completion/Attempts,Passing Yards,Passsing Yards/Attempt,Passing Touchdowns,Interception,Sacks,Rushing Attempts,Rushing Yards,Rushing Touchdown,Fumbles,Games Played,Fantasy Football Points,FTPS/Game,ROST,Position,Year
0,1,Cam Newton,23,35,65.7,287,8.2,2,0,1,9,116,1,0,1,37.1,37.1,9.1%,QB,2012
1,2,Nick Foles,32,51,62.7,381,7.5,2,0,6,3,27,1,0,1,31.9,31.9,0.0%,QB,2012
2,3,Tom Brady,21,35,60.0,296,8.5,4,0,1,1,6,0,0,1,28.4,28.4,2.7%,QB,2012
3,4,Ben Roethlisberger,22,42,52.4,285,6.8,3,1,2,5,31,0,1,1,22.5,22.5,13.6%,QB,2012
4,5,Eli Manning,22,35,62.9,259,7.4,4,2,0,2,-3,0,0,1,22.1,22.1,2.3%,QB,2012
5,6,Philip Rivers,21,41,51.2,200,4.9,3,0,1,3,3,0,0,1,20.3,20.3,20.6%,QB,2012
6,7,Matt Ryan,34,49,69.4,342,7.0,2,1,2,0,0,0,0,1,19.7,19.7,0.1%,QB,2012
7,8,Colin Kaepernick,18,23,78.3,185,8.0,0,0,4,6,53,1,0,1,18.7,18.7,0.1%,QB,2012
8,9,Matthew Stafford,27,45,60.0,264,5.9,1,1,1,3,9,1,1,1,17.5,17.5,57.0%,QB,2012
9,10,Robert Griffin,15,26,57.7,242,9.3,1,0,3,7,34,0,0,1,17.1,17.1,1.0%,QB,2012
10,11,Josh Freeman,14,34,41.2,189,5.6,2,0,2,2,13,0,0,1,16.9,16.9,0.2%,QB,2012
11,12,Joe Flacco,16,21,76.2,182,8.7,3,1,2,5,9,0,1,1,16.2,16.2,17.3%,QB,2012
12,13,Jake Locker,22,35,62.9,262,7.5,1,2,1,4,51,0,0,1,15.6,15.6,0.0%,QB,2012
13,14,Carson Palmer,19,30,63.3,273,9.1,2,1,1,1,-1,0,1,1,14.8,14.8,5.6%,QB,2012
14,15,Aaron Rodgers,14,24,58.3,173,7.2,0,0,3,3,32,1,1,1,14.1,14.1,50.0%,QB,2012
15,16,Peyton Manning,26,36,72.2,310,8.6,1,1,3,3,-3,0,0,1,14.1,14.1,0.0%,QB,2012
16,17,Drew Brees,26,43,60.5,354,8.2,1,2,1,1,-1,0,0,1,14.1,14.1,35.7%,QB,2012
17,18,Sam Bradford,19,39,48.7,209,5.4,1,1,1,4,13,0,0,1,13.7,13.7,0.0%,QB,2012
18,19,Tony Romo,25,43,58.1,268,6.2,1,1,3,0,0,0,0,1,12.7,12.7,0.1%,QB,2012
19,20,Ryan Tannehill,17,33,51.5,150,4.5,1,0,2,3,25,0,0,1,12.5,12.5,1.1%,QB,2012
20,21,Ryan Fitzpatrick,25,33,75.8,247,7.5,1,1,5,3,5,0,0,1,12.4,12.4,0.0%,QB,2012
21,22,Jay Cutler,22,44,50.0,260,5.9,1,2,2,2,16,0,0,1,12.0,12.0,0.2%,QB,2012
22,23,Brandon Weeden,17,30,56.7,217,7.2,0,0,3,1,15,0,0,1,10.2,10.2,0.0%,QB,2012
23,24,Andy Dalton,20,33,60.6,206,6.2,1,1,5,1,0,0,0,1,10.2,10.2,0.1%,QB,2012
24,25,Russell Wilson,7,13,53.8,148,11.4,1,1,1,3,12,0,0,1,9.1,9.1,30.7%,QB,2012
25,26,Andrew Luck,16,34,47.1,196,5.8,1,2,4,5,7,0,0,1,8.5,8.5,2.2%,QB,2012
26,27,Jason Campbell,6,9,66.7,64,7.1,1,0,0,1,8,0,0,1,7.4,7.4,0.0%,QB,2012
27,28,Matt Schaub,19,32,59.4,232,7.3,0,1,2,0,0,0,0,1,7.3,7.3,0.0%,QB,2012
28,29,Kirk Cousins,2,2,100.0,26,13.0,1,0,0,0,0,0,0,1,7.0,7.0,38.6%,QB,2012
29,30,T.J. Yates,2,4,50.0,15,3.8,0,0,0,1,1,1,0,1,6.7,6.7,0.0%,QB,2012
30,31,Brady Quinn,10,21,47.6,159,7.6,0,1,5,1,4,0,0,1,4.8,4.8,0.0%,QB,2012
31,32,Mark Sanchez,12,19,63.2,111,5.8,0,0,1,3,11,0,1,1,3.5,3.5,0.1%,QB,2012
32,33,Chad Henne,21,43,48.8,185,4.3,0,2,3,1,1,0,0,1,3.5,3.5,0.1%,QB,2012
33,34,Matt Flynn,5,9,55.6,68,7.6,0,0,0,1,-2,0,0,1,2.5,2.5,0.0%,QB,2012
34,35,Christian Ponder,11,17,64.7,91,5.4,0,1,1,4,0,0,0,1,1.6,1.6,0.0%,QB,2012
35,36,Ryan Lindley,8,17,47.1,59,3.5,0,0,2,1,-2,0,1,1,0.2,0.2,0.0%,QB,2012
36,37,Chase Daniel,0,0,0.0,0,0.0,0,0,0,0,0,0,0,1,0.0,0.0,0.0%,QB,2012
37,38,Colt McCoy,0,0,0.0,0,0.0,0,0,0,2,-2,0,0,1,-0.2,-0.2,0.0%,QB,2012
38,39,Ryan Mallett,0,1,0.0,0,0.0,0,1,0,3,-3,0,0,1,-2.3,-2.3,0.0%,QB,2012
39,40,John Skelton,11,22,50.0,74,3.4,0,4,1,2,2,0,1,1,-6.8,-6.8,0.0%,QB,2012
