,Rank,Player,Pass Completions,Pass Attempts,Pass Completion/Attempts,Passing Yards,Passsing Yards/Attempt,Passing Touchdowns,Interception,Sacks,Rushing Attempts,Rushing Yards,Rushing Touchdown,Fumbles,Games Played,Fantasy Football Points,FTPS/Game,ROST,Position,Year
0,1,Russell Wilson,14,23,60.9,205,8.9,1,0,2,9,92,3,0,1,39.4,39.4,30.7%,QB,2012
1,2,Drew Brees,26,39,66.7,307,7.9,4,0,1,1,11,0,0,1,29.4,29.4,35.7%,QB,2012
2,3,Sam Bradford,35,55,63.6,377,6.9,3,1,4,2,9,0,0,1,28.0,28.0,0.0%,QB,2012
3,4,Colin Kaepernick,14,25,56.0,221,8.8,4,1,1,7,28,0,0,1,25.6,25.6,0.1%,QB,2012
4,5,Aaron Rodgers,23,36,63.9,291,8.1,3,0,3,4,14,0,0,1,24.9,24.9,50.0%,QB,2012
5,6,Tom Brady,36,65,55.4,443,6.8,1,2,3,3,11,1,0,1,24.8,24.8,2.7%,QB,2012
6,7,Matt Ryan,23,28,82.1,270,9.6,3,0,1,1,-1,0,0,1,22.7,22.7,0.1%,QB,2012
7,8,Ryan Tannehill,22,28,78.6,220,7.9,2,0,1,8,52,0,1,1,22.0,22.0,1.1%,QB,2012
8,9,Kirk Cousins,26,37,70.3,329,8.9,2,1,2,3,22,0,0,1,21.4,21.4,38.6%,QB,2012
9,10,Tony Romo,30,42,71.4,341,8.1,2,0,1,4,-4,0,0,1,21.2,21.2,0.1%,QB,2012
10,11,Ben Roethlisberger,24,40,60.0,339,8.5,2,1,4,2,2,0,0,1,19.8,19.8,13.6%,QB,2012
11,12,Cam Newton,19,33,57.6,231,7.0,2,0,2,4,7,0,0,1,17.9,17.9,9.1%,QB,2012
12,13,Andrew Luck,13,27,48.1,186,6.9,2,0,5,2,10,0,0,1,16.4,16.4,2.2%,QB,2012
13,14,Jake Locker,13,22,59.1,149,6.8,0,0,4,7,43,1,0,1,16.3,16.3,0.0%,QB,2012
14,15,Matt Schaub,23,31,74.2,261,8.4,1,0,3,0,0,0,0,1,14.4,14.4,0.0%,QB,2012
15,16,Joe Flacco,20,40,50.0,254,6.4,2,1,3,2,-2,0,1,1,14.0,14.0,17.3%,QB,2012
16,17,Andy Dalton,13,27,48.1,127,4.7,1,0,6,8,18,1,2,1,12.9,12.9,0.1%,QB,2012
17,18,Peyton Manning,17,28,60.7,204,7.3,1,0,2,0,0,0,0,1,12.2,12.2,0.0%,QB,2012
18,19,Christian Ponder,17,24,70.8,131,5.5,0,0,2,4,6,1,0,1,11.8,11.8,0.0%,QB,2012
19,20,Brandon Weeden,21,35,60.0,244,7.0,1,2,2,1,9,0,0,1,10.7,10.7,0.0%,QB,2012
20,21,Chad Henne,18,34,52.9,221,6.5,0,0,2,3,16,0,0,1,10.4,10.4,0.1%,QB,2012
21,22,Jay Cutler,12,21,57.1,135,6.4,1,1,4,1,9,0,0,1,8.3,8.3,0.2%,QB,2012
22,23,Nick Foles,16,33,48.5,180,5.5,1,1,1,2,5,0,1,1,7.7,7.7,0.0%,QB,2012
23,24,Carson Palmer,18,29,62.1,182,6.3,0,0,0,2,4,0,0,1,7.7,7.7,5.6%,QB,2012
24,25,Ryan Fitzpatrick,21,38,55.3,217,5.7,1,2,3,3,8,0,1,1,7.5,7.5,0.0%,QB,2012
25,26,Philip Rivers,16,23,69.6,121,5.3,1,0,6,3,4,0,2,1,5.2,5.2,20.6%,QB,2012
26,27,Matthew Stafford,24,50,48.0,246,4.9,0,3,2,0,0,0,0,1,3.8,3.8,57.0%,QB,2012
27,28,Brady Quinn,18,32,56.3,136,4.3,0,1,4,0,0,0,0,1,3.4,3.4,0.0%,QB,2012
28,29,Ryan Lindley,14,21,66.7,104,5.0,0,1,1,2,8,0,0,1,3.0,3.0,0.0%,QB,2012
29,30,Eli Manning,13,25,52.0,161,6.4,0,2,1,0,0,0,0,1,2.4,2.4,2.3%,QB,2012
30,31,Josh Freeman,26,47,55.3,279,5.9,0,4,2,2,8,0,1,1,2.0,2.0,0.2%,QB,2012
31,32,Dan Orlovsky,4,7,57.1,51,7.3,0,0,0,0,0,0,0,1,2.0,2.0,0.0%,QB,2012
32,33,Tyler Thigpen,3,5,60.0,30,6.0,0,0,0,0,0,0,0,1,1.2,1.2,0.0%,QB,2012
33,34,Chase Daniel,0,0,0.0,0,0.0,0,0,0,0,0,0,0,1,0.0,0.0,0.0%,QB,2012
34,35,Matt Flynn,0,0,0.0,0,0.0,0,0,0,0,0,0,0,1,0.0,0.0,0.0%,QB,2012
35,36,Mark Sanchez,13,28,46.4,131,4.7,1,4,3,4,6,0,1,1,-0.2,-0.2,0.1%,QB,2012
36,37,Luke McCown,0,0,0.0,0,0.0,0,0,0,2,-3,0,0,1,-0.3,-0.3,0.0%,QB,2012
37,38,Brock Osweiler,0,0,0.0,0,0.0,0,0,0,2,-4,0,0,1,-0.4,-0.4,0.0%,QB,2012
