,Rank,Player,Pass Completions,Pass Attempts,Pass Completion/Attempts,Passing Yards,Passsing Yards/Attempt,Passing Touchdowns,Interception,Sacks,Rushing Attempts,Rushing Yards,Rushing Touchdown,Fumbles,Games Played,Fantasy Football Points,FTPS/Game,ROST,Position,Year
0,1,Josh Freeman,24,42,57.1,420,10.0,3,0,2,1,13,0,0,1,30.1,30.1,0.2%,QB,2012
1,2,Drew Brees,27,37,73.0,377,10.2,4,1,0,1,1,0,0,1,29.2,29.2,35.7%,QB,2012
2,3,Aaron Rodgers,30,37,81.1,342,9.2,3,0,3,2,0,0,0,1,25.7,25.7,50.0%,QB,2012
3,4,Robert Griffin,20,28,71.4,258,9.2,2,1,3,9,89,0,1,1,23.2,23.2,1.0%,QB,2012
4,5,Carson Palmer,26,46,56.5,298,6.5,1,1,2,6,14,1,1,1,19.3,19.3,5.6%,QB,2012
5,6,Ryan Fitzpatrick,27,35,77.1,225,6.4,3,1,1,2,23,0,1,1,19.3,19.3,0.0%,QB,2012
6,7,Brandon Weeden,25,41,61.0,264,6.4,2,0,0,1,13,0,0,1,19.0,19.0,0.0%,QB,2012
7,8,Andrew Luck,16,29,55.2,186,6.4,0,0,3,3,12,2,1,1,18.6,18.6,2.2%,QB,2012
8,9,Tom Brady,26,42,61.9,259,6.2,2,0,1,0,0,0,0,1,18.4,18.4,2.7%,QB,2012
9,10,Matt Schaub,23,37,62.2,256,6.9,2,0,2,1,-2,0,0,1,18.0,18.0,0.0%,QB,2012
10,11,Cam Newton,21,37,56.8,233,6.3,1,1,2,6,64,0,1,1,16.3,16.3,9.1%,QB,2012
11,12,Matthew Stafford,28,46,60.9,263,5.7,1,1,3,3,21,0,0,1,14.6,14.6,57.0%,QB,2012
12,13,Tony Romo,24,34,70.6,227,6.7,1,0,0,3,11,0,0,1,14.2,14.2,0.1%,QB,2012
13,14,Eli Manning,26,40,65.0,337,8.4,1,2,1,2,4,0,0,1,13.9,13.9,2.3%,QB,2012
14,15,Jay Cutler,16,31,51.6,150,4.8,1,0,5,3,34,0,0,1,13.4,13.4,0.2%,QB,2012
15,16,Mark Sanchez,28,41,68.3,328,8.0,1,1,4,1,0,0,1,1,13.1,13.1,0.1%,QB,2012
16,17,Ben Roethlisberger,27,37,73.0,278,7.5,1,1,3,1,-1,0,1,1,13.0,13.0,13.6%,QB,2012
17,18,Sam Bradford,21,34,61.8,255,7.5,1,1,3,0,0,0,0,1,12.2,12.2,0.0%,QB,2012
18,19,Matt Hasselbeck,22,33,66.7,205,6.2,1,0,2,1,-2,0,0,1,12.0,12.0,0.0%,QB,2012
19,20,John Skelton,25,36,69.4,262,7.3,1,1,7,0,0,0,1,1,10.5,10.5,0.0%,QB,2012
20,21,Alex Smith,14,23,60.9,140,6.1,1,1,2,5,11,0,0,1,8.7,8.7,5.0%,QB,2012
21,22,Blaine Gabbert,8,12,66.7,110,9.2,1,0,0,0,0,0,0,1,8.4,8.4,0.0%,QB,2012
22,23,Joe Flacco,21,43,48.8,147,3.4,1,2,4,2,7,0,0,1,6.6,6.6,17.3%,QB,2012
23,24,Andy Dalton,14,28,50.0,105,3.8,1,1,0,1,-1,0,0,1,6.1,6.1,0.1%,QB,2012
24,25,Russell Wilson,9,23,39.1,122,5.3,0,1,2,3,10,0,0,1,3.9,3.9,30.7%,QB,2012
25,26,Chad Henne,9,20,45.0,71,3.6,0,0,3,3,4,0,0,1,3.2,3.2,0.1%,QB,2012
26,27,Christian Ponder,8,17,47.1,58,3.4,1,2,3,1,2,0,0,1,2.5,2.5,0.0%,QB,2012
27,28,Jason Campbell,1,1,100.0,0,0.0,0,0,0,1,5,0,0,1,0.5,0.5,0.0%,QB,2012
28,29,Chase Daniel,0,0,0.0,0,0.0,0,0,0,0,0,0,0,1,0.0,0.0,0.0%,QB,2012
29,30,Colin Kaepernick,0,0,0.0,0,0.0,0,0,0,1,-1,0,0,1,-0.1,-0.1,0.1%,QB,2012
