,Rank,Player,Rushing Attempts,Rushing Yards,Rushing Yards/Attempts,Longest Rushing,Rushing 20+,Rushing Touchdown,Recptions,TGT,Receiving Yards,Receiving Yards/Reception,Receiving Touchdowns,Fumbles,Games Played,Fantasy Football Points,FTPS/Game,ROST,Position,Year
0,1,LaRod Stephens-Howling,22,127,5.8,52,0,1,2,4,6,3.0,0,0,1,19.3,19.3,0.0%,RB,2012
1,2,Marcel Reece,19,103,5.4,17,0,0,4,5,90,22.5,0,0,1,19.3,19.3,0.0%,RB,2012
2,3,Bilal Powell,11,42,3.8,11,0,2,2,2,18,9.0,0,0,1,18.0,18.0,0.0%,RB,2012
3,4,BenJarvus Green-Ellis,25,101,4.0,21,1,1,1,1,7,7.0,0,0,1,16.8,16.8,0.0%,RB,2012
4,5,Trent Richardson,28,95,3.4,9,0,0,6,8,49,8.2,0,0,1,14.4,14.4,0.0%,RB,2012
5,6,Mikel Leshoure,19,84,4.4,15,0,1,1,1,-2,-2.0,0,0,1,14.2,14.2,0.0%,RB,2012
6,7,Doug Martin,24,138,5.8,27,3,0,4,5,23,5.8,0,1,1,14.1,14.1,0.0%,RB,2012
7,8,Jonathan Stewart,15,43,2.9,11,0,1,1,1,30,30.0,0,0,1,13.3,13.3,0.0%,RB,2012
8,9,C.J. Spiller,22,91,4.1,20,1,0,3,4,39,13.0,0,0,1,13.0,13.0,0.1%,RB,2012
9,10,Mark Ingram,12,67,5.6,27,1,1,1,1,1,1.0,0,0,1,12.8,12.8,0.1%,RB,2012
10,11,Jamaal Charles,17,87,5.1,17,0,0,4,6,31,7.8,0,0,1,11.8,11.8,0.1%,RB,2012
11,12,Felix Jones,14,43,3.1,12,0,1,2,3,12,6.0,0,0,1,11.5,11.5,0.0%,RB,2012
12,13,Shane Vereen,11,40,3.6,13,0,1,1,3,11,11.0,0,0,1,11.1,11.1,0.0%,RB,2012
13,14,Michael Turner,15,46,3.1,10,0,1,0,2,0,0.0,0,0,1,10.6,10.6,0.0%,RB,2012
14,15,Ray Rice,20,40,2.0,8,0,0,5,5,53,10.6,0,0,1,9.3,9.3,0.0%,RB,2012
15,16,LeSean McCoy,15,45,3.0,9,0,0,6,7,67,11.2,0,1,1,9.2,9.2,2.0%,RB,2012
16,17,Kendall Hunter,5,27,5.4,14,0,1,1,1,3,3.0,0,0,1,9.0,9.0,0.0%,RB,2012
17,18,Stevan Ridley,13,28,2.2,11,0,1,0,0,0,0.0,0,0,1,8.8,8.8,0.0%,RB,2012
18,19,Steven Jackson,13,81,6.2,21,2,0,2,4,5,2.5,0,0,1,8.6,8.6,0.0%,RB,2012
19,20,Arian Foster,28,90,3.2,13,0,0,3,3,15,5.0,0,1,1,8.5,8.5,0.0%,RB,2012
20,21,Ryan Mathews,15,47,3.1,11,0,0,4,6,36,9.0,0,0,1,8.3,8.3,0.0%,RB,2012
21,22,Alfred Morris,20,76,3.8,20,1,0,1,1,7,7.0,0,0,1,8.3,8.3,0.0%,RB,2012
22,23,Jalen Parmele,24,80,3.3,28,1,0,3,3,3,1.0,0,0,1,8.3,8.3,0.0%,RB,2012
23,24,Delone Carter,2,21,10.5,20,1,1,0,0,0,0.0,0,0,1,8.1,8.1,0.0%,RB,2012
24,25,Jonathan Dwyer,12,55,4.6,11,0,0,3,3,26,8.7,0,0,1,8.1,8.1,0.0%,RB,2012
25,26,James Starks,25,74,3.0,11,0,0,1,1,6,6.0,0,0,1,8.0,8.0,0.0%,RB,2012
26,27,Vick Ballard,16,72,4.5,20,1,0,1,1,7,7.0,0,0,1,7.9,7.9,0.0%,RB,2012
27,28,Frank Gore,17,78,4.6,14,0,0,0,0,0,0.0,0,0,1,7.8,7.8,12.1%,RB,2012
28,29,Cedric Peerman,8,75,9.4,32,0,0,0,0,0,0.0,0,0,1,7.5,7.5,0.0%,RB,2012
29,30,Willis McGahee,7,55,7.9,15,0,0,1,2,18,18.0,0,0,1,7.3,7.3,0.0%,RB,2012
30,31,Matt Forte,21,63,3.0,8,0,0,3,4,4,1.3,0,0,1,6.7,6.7,19.1%,RB,2012
31,32,Darrel Young,0,0,0.0,0,0,0,1,1,6,6.0,1,0,1,6.6,6.6,0.0%,RB,2012
32,33,Justin Forsett,7,59,8.4,30,0,0,1,2,6,6.0,0,0,1,6.5,6.5,0.0%,RB,2012
33,34,Shonn Greene,18,64,3.6,14,0,0,0,0,0,0.0,0,0,1,6.4,6.4,0.0%,RB,2012
34,35,Ronnie Hillman,12,43,3.6,21,1,0,2,2,16,8.0,0,0,1,5.9,5.9,0.0%,RB,2012
35,36,Pierre Thomas,5,30,6.0,14,0,0,3,4,28,9.3,0,0,1,5.8,5.8,0.0%,RB,2012
36,37,Jacquizz Rodgers,5,16,3.2,6,0,0,5,6,35,7.0,0,0,1,5.1,5.1,0.0%,RB,2012
37,38,Rashard Mendenhall,11,33,3.0,5,0,0,3,4,17,5.7,0,0,1,5.0,5.0,0.0%,RB,2012
38,39,Chris Ivory,8,37,4.6,25,1,0,0,0,0,0.0,0,0,1,3.7,3.7,0.0%,RB,2012
39,40,Dexter McCluster,0,0,0.0,0,0,0,3,3,37,12.3,0,0,1,3.7,3.7,0.0%,RB,2012
40,41,Lance Ball,6,35,5.8,14,0,0,3,3,21,7.0,0,1,1,3.6,3.6,0.0%,RB,2012
41,42,Bryce Brown,5,35,7.0,14,0,0,0,0,0,0.0,0,0,1,3.5,3.5,0.0%,RB,2012
42,43,Reggie Bush,10,20,2.0,11,0,0,2,3,15,7.5,0,0,1,3.5,3.5,0.0%,RB,2012
43,44,Daniel Thomas,12,33,2.8,8,0,0,0,0,0,0.0,0,0,1,3.3,3.3,0.0%,RB,2012
44,45,Joe McKnight,4,14,3.5,9,0,0,1,2,18,18.0,0,0,1,3.2,3.2,0.0%,RB,2012
45,46,Jeremy Stewart,2,7,3.5,4,0,0,1,1,23,23.0,0,0,1,3.0,3.0,0.0%,RB,2012
46,47,Michael Bush,5,9,1.8,6,0,0,1,1,18,18.0,0,0,1,2.7,2.7,0.0%,RB,2012
47,48,D.J. Ware,1,2,2.0,2,0,0,3,3,23,7.7,0,0,1,2.5,2.5,0.0%,RB,2012
48,49,Travaris Cadet,0,0,0.0,0,0,0,2,3,25,12.5,0,0,1,2.5,2.5,0.0%,RB,2012
49,50,Daryl Richardson,6,26,4.3,11,0,0,1,3,18,18.0,0,1,1,2.4,2.4,0.0%,RB,2012
50,51,Montario Hardesty,4,23,5.8,12,0,0,0,0,0,0.0,0,0,1,2.3,2.3,0.0%,RB,2012
51,52,Donald Brown,4,17,4.3,9,0,0,2,2,6,3.0,0,0,1,2.3,2.3,0.0%,RB,2012
52,53,Jed Collins,0,0,0.0,0,0,0,2,2,21,10.5,0,0,1,2.1,2.1,0.0%,RB,2012
53,54,Bernard Pierce,2,8,4.0,4,0,0,1,1,11,11.0,0,0,1,1.9,1.9,0.0%,RB,2012
54,55,DeAngelo Williams,7,18,2.6,5,0,0,0,0,0,0.0,0,0,1,1.8,1.8,0.1%,RB,2012
55,56,Lance Dunbar,5,10,2.0,7,0,0,2,3,6,3.0,0,0,1,1.6,1.6,0.0%,RB,2012
56,57,Ronnie Brown,4,9,2.3,5,0,0,2,3,6,3.0,0,0,1,1.5,1.5,0.0%,RB,2012
57,58,Mike Tolbert,0,0,0.0,0,0,0,2,2,14,7.0,0,0,1,1.4,1.4,0.0%,RB,2012
58,59,Tashard Choice,6,14,2.3,4,0,0,1,2,0,0.0,0,0,1,1.4,1.4,0.0%,RB,2012
59,60,Taiwan Jones,3,13,4.3,7,0,0,0,0,0,0.0,0,0,1,1.3,1.3,0.0%,RB,2012
60,61,Brian Leonard,0,0,0.0,0,0,0,1,1,11,11.0,0,0,1,1.1,1.1,0.0%,RB,2012
61,62,Shaun Draughn,2,10,5.0,6,0,0,2,3,1,0.5,0,0,1,1.1,1.1,0.0%,RB,2012
62,63,William Powell,4,10,2.5,6,0,0,0,0,0,0.0,0,0,1,1.0,1.0,0.0%,RB,2012
63,64,Joique Bell,1,4,4.0,4,0,0,1,1,5,5.0,0,0,1,0.9,0.9,0.2%,RB,2012
64,65,Stanley Havili,0,0,0.0,0,0,0,1,3,9,9.0,0,0,1,0.9,0.9,0.0%,RB,2012
65,66,Anthony Dixon,3,6,2.0,4,0,0,0,0,0,0.0,0,0,1,0.6,0.6,0.0%,RB,2012
66,67,Robert Hughes,1,5,5.0,5,0,0,0,0,0,0.0,0,0,1,0.5,0.5,0.0%,RB,2012
67,68,Isaac Redman,1,5,5.0,5,0,0,0,0,0,0.0,0,0,1,0.5,0.5,0.0%,RB,2012
68,69,Kevin Smith,1,4,4.0,4,0,0,0,0,0,0.0,0,0,1,0.4,0.4,0.0%,RB,2012
69,70,Jason Snelling,1,-1,-1.0,0,0,0,3,3,25,8.3,0,1,1,0.4,0.4,0.0%,RB,2012
70,71,Baron Batch,1,3,3.0,3,0,0,0,0,0,0.0,0,0,1,0.3,0.3,0.0%,RB,2012
71,72,Lawrence Vickers,0,0,0.0,0,0,0,1,1,3,3.0,0,0,1,0.3,0.3,0.0%,RB,2012
72,73,Evan Royster,1,3,3.0,3,0,0,0,0,0,0.0,0,0,1,0.3,0.3,0.0%,RB,2012
73,74,Chris Ogbonnaya,1,1,1.0,1,0,0,0,0,0,0.0,0,0,1,0.1,0.1,0.0%,RB,2012
74,75,Cory Harkey,0,0,0.0,0,0,0,0,1,0,0.0,0,0,1,0.0,0.0,0.2%,RB,2012
75,76,Will Ta'ufo'ou,0,0,0.0,0,0,0,0,0,0,0.0,0,0,1,0.0,0.0,0.0%,RB,2012
76,77,Will Johnson,0,0,0.0,0,0,0,0,3,0,0.0,0,0,1,0.0,0.0,0.0%,RB,2012
77,78,Marcus Thigpen,0,0,0.0,0,0,0,0,0,0,0.0,0,0,1,0.0,0.0,0.0%,RB,2012
78,79,Kerwynn Williams,0,0,0.0,0,0,0,0,0,0,0.0,0,0,1,0.0,0.0,0.0%,RB,2012
79,80,Jonathan Grimes,0,0,0.0,0,0,0,0,0,0,0.0,0,0,1,0.0,0.0,0.0%,RB,2012
80,81,Chris Rainey,0,0,0.0,0,0,0,0,1,0,0.0,0,0,1,0.0,0.0,0.0%,RB,2012
81,82,Lamar Miller,0,0,0.0,0,0,0,0,0,0,0.0,0,0,1,0.0,0.0,0.0%,RB,2012
82,83,Will Tukuafu,0,0,0.0,0,0,0,0,0,0,0.0,0,0,1,0.0,0.0,0.0%,RB,2012
83,84,Armando Allen,1,0,0.0,0,0,0,0,0,0,0.0,0,0,1,0.0,0.0,0.0%,RB,2012
84,85,Alfonso Smith,0,0,0.0,0,0,0,0,0,0,0.0,0,0,1,0.0,0.0,0.0%,RB,2012
85,86,Isaiah Pead,0,0,0.0,0,0,0,0,0,0,0.0,0,0,1,0.0,0.0,0.0%,RB,2012
86,87,Erik Lorig,0,0,0.0,0,0,0,0,1,0,0.0,0,0,1,0.0,0.0,0.0%,RB,2012
87,88,Evan Rodriguez,0,0,0.0,0,0,0,0,1,0,0.0,0,0,1,0.0,0.0,0.0%,RB,2012
88,89,Tyler Clutts,0,0,0.0,0,0,0,0,0,0,0.0,0,0,1,0.0,0.0,0.0%,RB,2012
89,90,Le'Ron McClain,0,0,0.0,0,0,0,0,0,0,0.0,0,0,1,0.0,0.0,0.0%,RB,2012
90,91,Danny Woodhead,0,0,0.0,0,0,0,0,0,0,0.0,0,0,1,0.0,0.0,20.6%,RB,2012
91,92,Chris Pressley,0,0,0.0,0,0,0,0,0,0,0.0,0,0,1,0.0,0.0,0.0%,RB,2012
92,93,Phillip Tanner,0,0,0.0,0,0,0,0,0,0,0.0,0,0,1,0.0,0.0,0.0%,RB,2012
93,94,Antone Smith,0,0,0.0,0,0,0,0,0,0,0.0,0,0,1,0.0,0.0,0.0%,RB,2012
94,95,Chris Gronkowski,0,0,0.0,0,0,0,0,0,0,0.0,0,0,1,0.0,0.0,0.0%,RB,2012
95,96,Keiland Williams,0,0,0.0,0,0,0,0,0,0,0.0,0,0,1,0.0,0.0,0.0%,RB,2012
96,97,Alex Green,0,0,0.0,0,0,0,0,1,0,0.0,0,0,1,0.0,0.0,0.0%,RB,2012
97,98,Nick Bellore,0,0,0.0,0,0,0,0,0,0,0.0,0,0,1,0.0,0.0,7.0%,RB,2012
98,99,Anthony Allen,0,0,0.0,0,0,0,0,0,0,0.0,0,0,1,0.0,0.0,0.0%,RB,2012
99,100,Bruce Miller,0,0,0.0,0,0,0,0,0,0,0.0,0,0,1,0.0,0.0,0.0%,RB,2012
100,101,Dion Lewis,0,0,0.0,0,0,0,0,0,0,0.0,0,0,1,0.0,0.0,2.0%,RB,2012
101,102,Anthony Sherman,0,0,0.0,0,0,0,0,0,0,0.0,0,0,1,0.0,0.0,0.0%,RB,2012
102,103,Montell Owens,0,0,0.0,0,0,0,0,0,0,0.0,0,0,1,0.0,0.0,0.0%,RB,2012
103,104,Mike Cox,0,0,0.0,0,0,0,0,0,0,0.0,0,0,1,0.0,0.0,0.0%,RB,2012
104,105,Stefan Logan,0,0,0.0,0,0,0,0,0,0,0.0,0,0,1,0.0,0.0,0.0%,RB,2012
105,106,Vonta Leach,0,0,0.0,0,0,0,0,0,0,0.0,0,0,1,0.0,0.0,0.0%,RB,2012
106,107,Jorvorskie Lane,1,0,0.0,0,0,0,0,0,0,0.0,0,0,1,0.0,0.0,0.0%,RB,2012
107,108,John Kuhn,1,-1,-1.0,0,0,0,0,0,0,0.0,0,0,1,-0.1,-0.1,0.0%,RB,2012
108,109,Lex Hilliard,0,0,0.0,0,0,0,1,1,-1,-1.0,0,0,1,-0.1,-0.1,0.0%,RB,2012
109,110,Rashad Jennings,3,-1,-0.3,5,0,0,0,1,0,0.0,0,0,1,-0.1,-0.1,0.0%,RB,2012
110,111,Jackie Battle,4,-3,-0.8,1,0,0,1,1,1,1.0,0,0,1,-0.2,-0.2,0.0%,RB,2012
111,112,Peyton Hillis,3,9,3.0,6,0,0,0,0,0,0.0,0,1,1,-1.1,-1.1,0.0%,RB,2012
