,Rank,Player,Rushing Attempts,Rushing Yards,Rushing Yards/Attempts,Longest Rushing,Rushing 20+,Rushing Touchdown,Recptions,TGT,Receiving Yards,Receiving Yards/Reception,Receiving Touchdowns,Fumbles,Games Played,Fantasy Football Points,FTPS/Game,ROST,Position,Year
0,1,Adrian Peterson,27,171,6.3,61,1,1,3,4,5,1.7,0,0,1,25.6,25.6,2.4%,RB,2012
1,2,Fred Jackson,16,80,5.0,14,0,2,4,5,35,8.8,0,1,1,21.5,21.5,0.0%,RB,2012
2,3,Chris Johnson,23,126,5.5,21,1,1,1,2,8,8.0,0,0,1,19.4,19.4,0.6%,RB,2012
3,4,Marshawn Lynch,27,124,4.6,18,0,1,1,1,27,27.0,0,1,1,19.1,19.1,0.3%,RB,2012
4,5,Steven Jackson,29,101,3.5,10,0,1,2,3,26,13.0,0,0,1,18.7,18.7,0.0%,RB,2012
5,6,Danny Woodhead,1,15,15.0,15,0,1,4,6,46,11.5,1,0,1,18.1,18.1,20.6%,RB,2012
6,7,Arian Foster,29,102,3.5,21,1,0,5,5,15,3.0,1,0,1,17.7,17.7,0.0%,RB,2012
7,8,Frank Gore,21,97,4.6,20,1,1,3,4,18,6.0,0,0,1,17.5,17.5,12.1%,RB,2012
8,9,Jamaal Charles,23,100,4.3,12,0,1,0,0,0,0.0,0,0,1,16.0,16.0,0.1%,RB,2012
9,10,Stevan Ridley,22,98,4.5,24,1,1,0,1,0,0.0,0,0,1,15.8,15.8,0.0%,RB,2012
10,11,Andre Brown,7,65,9.3,29,1,1,5,6,29,5.8,0,0,1,15.4,15.4,0.0%,RB,2012
11,12,Felix Jones,16,71,4.4,15,0,0,3,3,22,7.3,1,0,1,15.3,15.3,0.0%,RB,2012
12,13,Chris Ivory,7,72,10.3,56,0,1,1,1,13,13.0,0,0,1,14.5,14.5,0.0%,RB,2012
13,14,C.J. Spiller,9,70,7.8,14,0,0,4,4,61,15.3,0,0,1,13.1,13.1,0.1%,RB,2012
14,15,Ray Rice,13,35,2.7,7,0,1,4,5,33,8.3,0,0,1,12.8,12.8,0.0%,RB,2012
15,16,Doug Martin,19,68,3.6,14,0,0,3,3,51,17.0,0,0,1,11.9,11.9,0.0%,RB,2012
16,17,Marcel Reece,13,48,3.7,9,0,0,7,9,56,8.0,0,0,1,10.4,10.4,0.0%,RB,2012
17,18,LeSean McCoy,16,82,5.1,23,1,0,4,5,20,5.0,0,0,1,10.2,10.2,2.0%,RB,2012
18,19,Ryan Mathews,17,54,3.2,10,0,0,5,6,22,4.4,0,0,1,7.6,7.6,0.0%,RB,2012
19,20,Ronnie Hillman,5,5,1.0,5,0,1,2,2,8,4.0,0,0,1,7.3,7.3,0.0%,RB,2012
20,21,Willis McGahee,14,56,4.0,13,0,0,4,6,33,8.3,0,1,1,6.9,6.9,0.0%,RB,2012
21,22,Mark Ingram,16,67,4.2,8,0,0,0,1,0,0.0,0,0,1,6.7,6.7,0.1%,RB,2012
22,23,Stanley Havili,1,1,1.0,1,0,1,1,2,3,3.0,0,0,1,6.4,6.4,0.0%,RB,2012
23,24,Shonn Greene,15,58,3.9,9,0,0,1,2,5,5.0,0,0,1,6.3,6.3,0.0%,RB,2012
24,25,Jacquizz Rodgers,3,29,9.7,18,0,0,4,4,33,8.3,0,0,1,6.2,6.2,0.0%,RB,2012
25,26,Jonathan Dwyer,19,56,2.9,17,0,0,1,1,4,4.0,0,0,1,6.0,6.0,0.0%,RB,2012
26,27,Vick Ballard,12,48,4.0,11,0,0,2,2,11,5.5,0,0,1,5.9,5.9,0.0%,RB,2012
27,28,BenJarvus Green-Ellis,15,50,3.3,7,0,0,2,2,8,4.0,0,0,1,5.8,5.8,0.0%,RB,2012
28,29,Daryl Richardson,7,58,8.3,32,0,0,1,2,0,0.0,0,0,1,5.8,5.8,0.0%,RB,2012
29,30,Daniel Thomas,5,21,4.2,8,0,0,5,6,34,6.8,0,0,1,5.5,5.5,0.0%,RB,2012
30,31,Jonathan Stewart,8,31,3.9,14,0,0,2,2,23,11.5,0,0,1,5.4,5.4,0.0%,RB,2012
31,32,Ahmad Bradshaw,10,57,5.7,11,0,0,3,4,14,4.7,0,1,1,5.1,5.1,0.0%,RB,2012
32,33,Mikel Leshoure,13,43,3.3,14,0,0,1,3,5,5.0,0,0,1,4.8,4.8,0.0%,RB,2012
33,34,Joique Bell,1,4,4.0,4,0,0,7,8,44,6.3,0,0,1,4.8,4.8,0.2%,RB,2012
34,35,Donald Brown,14,42,3.0,6,0,0,0,1,0,0.0,0,0,1,4.2,4.2,0.0%,RB,2012
35,36,Mike Tolbert,2,6,3.0,3,0,0,2,2,34,17.0,0,0,1,4.0,4.0,0.0%,RB,2012
36,37,Matt Forte,16,39,2.4,8,0,0,2,5,-3,-1.5,0,0,1,3.6,3.6,19.1%,RB,2012
37,38,Peyton Hillis,10,30,3.0,7,0,0,1,1,2,2.0,0,0,1,3.2,3.2,0.0%,RB,2012
38,39,Cedric Peerman,6,21,3.5,9,0,0,1,1,9,9.0,0,0,1,3.0,3.0,0.0%,RB,2012
39,40,Lawrence Vickers,2,11,5.5,13,0,0,2,2,18,9.0,0,0,1,2.9,2.9,0.0%,RB,2012
40,41,Rashad Jennings,11,27,2.5,4,0,0,0,1,0,0.0,0,0,1,2.7,2.7,0.0%,RB,2012
41,42,Justin Forsett,4,27,6.8,25,1,0,0,0,0,0.0,0,0,1,2.7,2.7,0.0%,RB,2012
42,43,Jalen Parmele,0,0,0.0,0,0,0,1,2,26,26.0,0,0,1,2.6,2.6,0.0%,RB,2012
43,44,Lamar Miller,3,12,4.0,9,0,0,2,3,13,6.5,0,0,1,2.5,2.5,0.0%,RB,2012
44,45,Ronnie Brown,4,18,4.5,16,0,0,3,3,6,2.0,0,0,1,2.4,2.4,0.0%,RB,2012
45,46,Kendall Hunter,3,15,5.0,6,0,0,1,1,8,8.0,0,0,1,2.3,2.3,0.0%,RB,2012
46,47,Bernard Pierce,10,23,2.3,12,0,0,0,0,0,0.0,0,0,1,2.3,2.3,0.0%,RB,2012
47,48,DeAngelo Williams,6,6,1.0,4,0,0,1,1,17,17.0,0,0,1,2.3,2.3,0.1%,RB,2012
48,49,Jeremy Stewart,7,22,3.1,6,0,0,0,0,0,0.0,0,0,1,2.2,2.2,0.0%,RB,2012
49,50,Jackie Battle,1,21,21.0,21,1,0,0,0,0,0.0,0,0,1,2.1,2.1,0.0%,RB,2012
50,51,Lance Dunbar,6,20,3.3,5,0,0,0,0,0,0.0,0,0,1,2.0,2.0,0.0%,RB,2012
51,52,Isaac Redman,8,21,2.6,6,0,0,2,3,18,9.0,0,1,1,1.9,1.9,0.0%,RB,2012
52,53,Dexter McCluster,0,0,0.0,0,0,0,2,5,18,9.0,0,0,1,1.8,1.8,0.0%,RB,2012
53,54,Robert Turbin,7,17,2.4,5,0,0,0,0,0,0.0,0,0,1,1.7,1.7,0.0%,RB,2012
54,55,Travaris Cadet,0,0,0.0,0,0,0,2,3,16,8.0,0,0,1,1.6,1.6,0.0%,RB,2012
55,56,Shane Vereen,5,5,1.0,5,0,0,1,1,11,11.0,0,0,1,1.6,1.6,0.0%,RB,2012
56,57,Pierre Thomas,5,10,2.0,4,0,0,1,2,6,6.0,0,0,1,1.6,1.6,0.0%,RB,2012
57,58,Toby Gerhart,0,0,0.0,0,0,0,2,2,15,7.5,0,0,1,1.5,1.5,0.0%,RB,2012
58,59,Michael Turner,13,15,1.2,9,0,0,0,1,0,0.0,0,0,1,1.5,1.5,0.0%,RB,2012
59,60,Darius Reynaud,4,15,3.8,11,0,0,0,1,0,0.0,0,0,1,1.5,1.5,0.0%,RB,2012
60,61,Michael Bush,3,34,11.3,20,1,0,0,0,0,0.0,0,1,1,1.4,1.4,0.0%,RB,2012
61,62,Taiwan Jones,2,6,3.0,3,0,0,1,1,7,7.0,0,0,1,1.3,1.3,0.0%,RB,2012
62,63,Jason Snelling,0,0,0.0,0,0,0,2,3,12,6.0,0,0,1,1.2,1.2,0.0%,RB,2012
63,64,Bilal Powell,1,7,7.0,7,0,0,1,1,4,4.0,0,0,1,1.1,1.1,0.0%,RB,2012
64,65,Lex Hilliard,1,0,0.0,0,0,0,1,2,9,9.0,0,0,1,0.9,0.9,0.0%,RB,2012
65,66,Reggie Bush,4,21,5.3,15,0,0,1,2,8,8.0,0,1,1,0.9,0.9,0.0%,RB,2012
66,67,Delone Carter,2,7,3.5,4,0,0,0,0,0,0.0,0,0,1,0.7,0.7,0.0%,RB,2012
67,68,Will Johnson,0,0,0.0,0,0,0,1,3,7,7.0,0,0,1,0.7,0.7,0.0%,RB,2012
68,69,Jerome Felton,0,0,0.0,0,0,0,1,1,5,5.0,0,0,1,0.5,0.5,0.0%,RB,2012
69,70,Le'Ron McClain,2,5,2.5,6,0,0,0,0,0,0.0,0,0,1,0.5,0.5,0.0%,RB,2012
70,71,Henry Hynoski,1,5,5.0,5,0,0,0,0,0,0.0,0,0,1,0.5,0.5,0.0%,RB,2012
71,72,Brian Leonard,4,4,1.0,3,0,0,0,0,0,0.0,0,0,1,0.4,0.4,0.0%,RB,2012
72,73,LeGarrette Blount,1,3,3.0,3,0,0,0,0,0,0.0,0,0,1,0.3,0.3,0.1%,RB,2012
73,74,Vonta Leach,2,6,3.0,4,0,0,1,2,-3,-3.0,0,0,1,0.3,0.3,0.0%,RB,2012
74,75,Robert Hughes,0,0,0.0,0,0,0,1,1,3,3.0,0,0,1,0.3,0.3,0.0%,RB,2012
75,76,Quinn Johnson,1,3,3.0,3,0,0,0,1,0,0.0,0,0,1,0.3,0.3,0.0%,RB,2012
76,77,Bryce Brown,3,1,0.3,2,0,0,0,0,0,0.0,0,0,1,0.1,0.1,0.0%,RB,2012
77,78,David Wilson,1,1,1.0,1,0,0,0,0,0,0.0,0,0,1,0.1,0.1,0.0%,RB,2012
78,79,Will Ta'ufo'ou,0,0,0.0,0,0,0,0,0,0,0.0,0,0,1,0.0,0.0,0.0%,RB,2012
79,80,Mario Harvey,0,0,0.0,0,0,0,0,0,0,0.0,0,0,1,0.0,0.0,0.0%,RB,2012
80,81,Marcus Thigpen,0,0,0.0,0,0,0,0,0,0,0.0,0,0,1,0.0,0.0,0.0%,RB,2012
81,82,Matt Asiata,0,0,0.0,0,0,0,0,0,0,0.0,0,0,1,0.0,0.0,0.0%,RB,2012
82,83,Jonathan Grimes,0,0,0.0,0,0,0,0,0,0,0.0,0,0,1,0.0,0.0,0.0%,RB,2012
83,84,Chris Rainey,0,0,0.0,0,0,0,0,0,0,0.0,0,0,1,0.0,0.0,0.0%,RB,2012
84,85,Shaun Draughn,0,0,0.0,0,0,0,0,0,0,0.0,0,0,1,0.0,0.0,0.0%,RB,2012
85,86,Will Tukuafu,0,0,0.0,0,0,0,0,0,0,0.0,0,0,1,0.0,0.0,0.0%,RB,2012
86,87,Armando Allen,0,0,0.0,0,0,0,0,0,0,0.0,0,0,1,0.0,0.0,0.0%,RB,2012
87,88,Jed Collins,0,0,0.0,0,0,0,0,0,0,0.0,0,0,1,0.0,0.0,0.0%,RB,2012
88,89,Curtis Brinkley,0,0,0.0,0,0,0,0,0,0,0.0,0,0,1,0.0,0.0,0.0%,RB,2012
89,90,Evan Rodriguez,0,0,0.0,0,0,0,0,0,0,0.0,0,0,1,0.0,0.0,0.0%,RB,2012
90,91,Erik Lorig,0,0,0.0,0,0,0,0,1,0,0.0,0,0,1,0.0,0.0,0.0%,RB,2012
91,92,Terrance Ganaway,0,0,0.0,0,0,0,0,0,0,0.0,0,0,1,0.0,0.0,0.0%,RB,2012
92,93,Tyler Clutts,0,0,0.0,0,0,0,0,0,0,0.0,0,0,1,0.0,0.0,0.0%,RB,2012
93,94,Kevin Smith,0,0,0.0,0,0,0,0,0,0,0.0,0,0,1,0.0,0.0,0.0%,RB,2012
94,95,Brit Miller,0,0,0.0,0,0,0,0,1,0,0.0,0,0,1,0.0,0.0,0.0%,RB,2012
95,96,Corey McIntyre,0,0,0.0,0,0,0,0,0,0,0.0,0,0,1,0.0,0.0,0.0%,RB,2012
96,97,Chris Pressley,0,0,0.0,0,0,0,0,0,0,0.0,0,0,1,0.0,0.0,0.0%,RB,2012
97,98,Michael Robinson,0,0,0.0,0,0,0,0,0,0,0.0,0,0,1,0.0,0.0,0.0%,RB,2012
98,99,Mike Cox,0,0,0.0,0,0,0,0,0,0,0.0,0,0,1,0.0,0.0,0.0%,RB,2012
99,100,Antone Smith,0,0,0.0,0,0,0,0,0,0,0.0,0,0,1,0.0,0.0,0.0%,RB,2012
100,101,Chris Gronkowski,0,0,0.0,0,0,0,0,0,0,0.0,0,0,1,0.0,0.0,0.0%,RB,2012
101,102,Jamie Harper,2,0,0.0,5,0,0,0,0,0,0.0,0,0,1,0.0,0.0,0.0%,RB,2012
102,103,Phillip Tanner,0,0,0.0,0,0,0,0,0,0,0.0,0,0,1,0.0,0.0,0.0%,RB,2012
103,104,Nick Bellore,0,0,0.0,0,0,0,0,0,0,0.0,0,0,1,0.0,0.0,7.0%,RB,2012
104,105,Dion Lewis,0,0,0.0,0,0,0,0,0,0,0.0,0,0,1,0.0,0.0,2.0%,RB,2012
105,106,Baron Batch,0,0,0.0,0,0,0,0,0,0,0.0,0,0,1,0.0,0.0,0.0%,RB,2012
106,107,Anthony Allen,0,0,0.0,0,0,0,0,1,0,0.0,0,0,1,0.0,0.0,0.0%,RB,2012
107,108,Bruce Miller,0,0,0.0,0,0,0,0,0,0,0.0,0,0,1,0.0,0.0,0.0%,RB,2012
108,109,Tashard Choice,0,0,0.0,0,0,0,0,0,0,0.0,0,0,1,0.0,0.0,0.0%,RB,2012
109,110,Stefan Logan,0,0,0.0,0,0,0,0,0,0,0.0,0,0,1,0.0,0.0,0.0%,RB,2012
110,111,Montell Owens,0,0,0.0,0,0,0,0,0,0,0.0,0,0,1,0.0,0.0,0.0%,RB,2012
111,112,Lance Ball,0,0,0.0,0,0,0,0,0,0,0.0,0,0,1,0.0,0.0,0.0%,RB,2012
112,113,Anthony Dixon,0,0,0.0,0,0,0,0,0,0,0.0,0,0,1,0.0,0.0,0.0%,RB,2012
113,114,Jorvorskie Lane,1,0,0.0,0,0,0,0,0,0,0.0,0,0,1,0.0,0.0,0.0%,RB,2012
114,115,Leon Washington,2,-1,-0.5,2,0,0,0,0,0,0.0,0,0,1,-0.1,-0.1,0.0%,RB,2012
115,116,D.J. Ware,1,-1,-1.0,0,0,0,0,0,0,0.0,0,0,1,-0.1,-0.1,0.0%,RB,2012
116,117,Isaiah Pead,0,0,0.0,0,0,0,1,1,9,9.0,0,1,1,-1.1,-1.1,0.0%,RB,2012
