,Rank,Player,Rushing Attempts,Rushing Yards,Rushing Yards/Attempts,Longest Rushing,Rushing 20+,Rushing Touchdown,Recptions,TGT,Receiving Yards,Receiving Yards/Reception,Receiving Touchdowns,Fumbles,Games Played,Fantasy Football Points,FTPS/Game,ROST,Position,Year
0,1,Bryce Brown,24,169,7.0,39,2,2,4,5,14,3.5,0,1,1,28.3,28.3,0.0%,RB,2012
1,2,Adrian Peterson,21,210,10.0,82,1,1,1,2,10,10.0,0,0,1,28.0,28.0,2.4%,RB,2012
2,3,DeMarco Murray,23,83,3.6,27,1,1,4,4,19,4.8,0,0,1,16.2,16.2,0.1%,RB,2012
3,4,Matt Forte,21,66,3.1,10,0,0,3,3,30,10.0,1,0,1,15.6,15.6,19.1%,RB,2012
4,5,Trent Richardson,20,72,3.6,9,0,1,3,5,23,7.7,0,0,1,15.5,15.5,0.0%,RB,2012
5,6,C.J. Spiller,14,77,5.5,44,0,1,1,1,7,7.0,0,0,1,14.4,14.4,0.1%,RB,2012
6,7,Ray Rice,12,78,6.5,34,0,1,1,2,5,5.0,0,0,1,14.3,14.3,0.0%,RB,2012
7,8,James Starks,15,66,4.4,22,1,1,2,2,16,8.0,0,0,1,14.2,14.2,0.0%,RB,2012
8,9,Marshawn Lynch,19,87,4.6,20,1,1,2,3,11,5.5,0,1,1,13.8,13.8,0.3%,RB,2012
9,10,Jamaal Charles,27,127,4.7,16,0,0,4,4,11,2.8,0,0,1,13.8,13.8,0.1%,RB,2012
10,11,Mikel Leshoure,21,57,2.7,7,0,1,2,3,16,8.0,0,0,1,13.3,13.3,0.0%,RB,2012
11,12,BenJarvus Green-Ellis,25,118,4.7,41,0,0,4,4,14,3.5,0,0,1,13.2,13.2,0.0%,RB,2012
12,13,Stevan Ridley,19,71,3.7,11,0,1,0,0,0,0.0,0,0,1,13.1,13.1,0.0%,RB,2012
13,14,Michael Turner,12,83,6.9,35,0,1,1,1,7,7.0,0,1,1,13.0,13.0,0.0%,RB,2012
14,15,Vick Ballard,9,41,4.6,13,0,1,3,4,21,7.0,0,0,1,12.2,12.2,0.0%,RB,2012
15,16,Fred Jackson,25,109,4.4,15,0,0,2,3,10,5.0,0,0,1,11.9,11.9,0.0%,RB,2012
16,17,Frank Gore,23,58,2.5,23,1,1,0,1,0,0.0,0,0,1,11.8,11.8,12.1%,RB,2012
17,18,Steven Jackson,21,48,2.3,9,0,0,5,7,69,13.8,0,0,1,11.7,11.7,0.0%,RB,2012
18,19,Jonathan Dwyer,16,49,3.1,16,0,1,3,4,8,2.7,0,0,1,11.7,11.7,0.0%,RB,2012
19,20,Ahmad Bradshaw,24,103,4.3,14,0,0,2,2,13,6.5,0,0,1,11.6,11.6,0.0%,RB,2012
20,21,Arian Foster,14,38,2.7,7,0,1,5,5,15,3.0,0,0,1,11.3,11.3,0.0%,RB,2012
21,22,Shonn Greene,24,104,4.3,19,0,0,0,0,0,0.0,0,0,1,10.4,10.4,0.0%,RB,2012
22,23,Alfred Morris,22,124,5.6,19,0,0,0,0,0,0.0,0,1,1,10.4,10.4,0.0%,RB,2012
23,24,Joique Bell,7,81,11.6,67,0,0,3,3,21,7.0,0,0,1,10.2,10.2,0.2%,RB,2012
24,25,Doug Martin,18,56,3.1,9,0,0,3,4,42,14.0,0,0,1,9.8,9.8,0.0%,RB,2012
25,26,Pierre Thomas,14,84,6.0,13,0,0,1,1,5,5.0,0,0,1,8.9,8.9,0.0%,RB,2012
26,27,Peyton Hillis,12,19,1.6,5,0,1,1,1,9,9.0,0,0,1,8.8,8.8,0.0%,RB,2012
27,28,Knowshon Moreno,20,69,3.5,16,0,0,4,5,14,3.5,0,0,1,8.3,8.3,0.0%,RB,2012
28,29,Mark Ingram,6,13,2.2,5,0,1,1,1,-1,-1.0,0,0,1,7.2,7.2,0.1%,RB,2012
29,30,Alex Green,12,58,4.8,11,0,0,1,1,12,12.0,0,0,1,7.0,7.0,0.0%,RB,2012
30,31,DeAngelo Williams,12,67,5.6,13,0,0,1,1,1,1.0,0,0,1,6.8,6.8,0.1%,RB,2012
31,32,Reggie Bush,15,64,4.3,16,0,0,0,1,0,0.0,0,0,1,6.4,6.4,0.0%,RB,2012
32,33,Justin Forsett,14,63,4.5,14,0,0,0,0,0,0.0,0,0,1,6.3,6.3,0.0%,RB,2012
33,34,Montell Owens,7,29,4.1,9,0,0,1,1,11,11.0,0,0,1,6.0,6.0,0.0%,RB,2012
34,35,Bilal Powell,12,58,4.8,17,0,0,0,1,0,0.0,0,0,1,5.8,5.8,0.0%,RB,2012
35,36,Marcel Reece,7,36,5.1,12,0,0,5,6,20,4.0,0,0,1,5.6,5.6,0.0%,RB,2012
36,37,Chris Johnson,13,51,3.9,26,1,0,4,5,20,5.0,0,1,1,5.1,5.1,0.6%,RB,2012
37,38,Ryan Mathews,9,26,2.9,6,0,0,3,7,25,8.3,0,0,1,5.1,5.1,0.0%,RB,2012
38,39,Jeremy Stewart,9,46,5.1,14,0,0,1,1,2,2.0,0,0,1,4.8,4.8,0.0%,RB,2012
39,40,Darren Sproles,0,0,0.0,0,0,0,5,9,47,9.4,0,0,1,4.7,4.7,0.1%,RB,2012
40,41,Isaac Redman,9,43,4.8,24,1,0,0,1,0,0.0,0,0,1,4.3,4.3,0.0%,RB,2012
41,42,Vonta Leach,0,0,0.0,0,0,0,4,4,40,10.0,0,0,1,4.0,4.0,0.0%,RB,2012
42,43,Michael Bush,7,39,5.6,15,0,0,0,1,0,0.0,0,0,1,3.9,3.9,0.0%,RB,2012
43,44,Jacquizz Rodgers,8,43,5.4,14,0,0,2,2,-4,-2.0,0,0,1,3.9,3.9,0.0%,RB,2012
44,45,Montario Hardesty,5,39,7.8,19,0,0,0,1,0,0.0,0,0,1,3.9,3.9,0.0%,RB,2012
45,46,Bernard Pierce,8,34,4.3,11,0,0,1,1,5,5.0,0,0,1,3.9,3.9,0.0%,RB,2012
46,47,Danny Woodhead,6,24,4.0,13,0,0,2,3,15,7.5,0,0,1,3.9,3.9,20.6%,RB,2012
47,48,Mike Tolbert,2,15,7.5,9,0,0,3,4,24,8.0,0,0,1,3.9,3.9,0.0%,RB,2012
48,49,Ronnie Hillman,5,29,5.8,9,0,0,0,0,0,0.0,0,0,1,2.9,2.9,0.0%,RB,2012
49,50,Daniel Thomas,5,10,2.0,9,0,0,2,2,19,9.5,0,0,1,2.9,2.9,0.0%,RB,2012
50,51,Jason Snelling,0,0,0.0,0,0,0,4,5,28,7.0,0,0,1,2.8,2.8,0.0%,RB,2012
51,52,John Kuhn,4,8,2.0,5,0,0,3,4,20,6.7,0,0,1,2.8,2.8,0.0%,RB,2012
52,53,Ronnie Brown,0,0,0.0,0,0,0,4,8,27,6.8,0,0,1,2.7,2.7,0.0%,RB,2012
53,54,Felix Jones,7,26,3.7,7,0,0,0,1,0,0.0,0,0,1,2.6,2.6,0.0%,RB,2012
54,55,Donald Brown,6,13,2.2,7,0,0,2,2,10,5.0,0,0,1,2.3,2.3,0.0%,RB,2012
55,56,Darrel Young,2,8,4.0,4,0,0,1,1,15,15.0,0,0,1,2.3,2.3,0.0%,RB,2012
56,57,Beanie Wells,15,22,1.5,9,0,0,0,0,0,0.0,0,0,1,2.2,2.2,0.0%,RB,2012
57,58,Michael Robinson,1,4,4.0,4,0,0,2,2,17,8.5,0,0,1,2.1,2.1,0.0%,RB,2012
58,59,Rashad Jennings,8,20,2.5,12,0,0,0,0,0,0.0,0,0,1,2.0,2.0,0.0%,RB,2012
59,60,William Powell,4,18,4.5,8,0,0,0,0,0,0.0,0,0,1,1.8,1.8,0.0%,RB,2012
60,61,Ben Tate,3,18,6.0,8,0,0,0,0,0,0.0,0,0,1,1.8,1.8,0.0%,RB,2012
61,62,Dexter McCluster,1,0,0.0,0,0,0,2,2,16,8.0,0,0,1,1.6,1.6,0.0%,RB,2012
62,63,Le'Ron McClain,0,0,0.0,0,0,0,3,3,16,5.3,0,0,1,1.6,1.6,0.0%,RB,2012
63,64,Shane Vereen,3,14,4.7,8,0,0,0,1,0,0.0,0,0,1,1.4,1.4,0.0%,RB,2012
64,65,Dion Lewis,2,14,7.0,11,0,0,0,0,0,0.0,0,0,1,1.4,1.4,2.0%,RB,2012
65,66,Leon Washington,2,8,4.0,6,0,0,1,2,6,6.0,0,0,1,1.4,1.4,0.0%,RB,2012
66,67,Jerome Felton,0,0,0.0,0,0,0,1,1,13,13.0,0,0,1,1.3,1.3,0.0%,RB,2012
67,68,Daryl Richardson,3,6,2.0,3,0,0,3,3,7,2.3,0,0,1,1.3,1.3,0.0%,RB,2012
68,69,David Wilson,4,9,2.3,5,0,0,0,0,0,0.0,0,0,1,0.9,0.9,0.0%,RB,2012
69,70,Toby Gerhart,1,2,2.0,2,0,0,1,1,7,7.0,0,0,1,0.9,0.9,0.0%,RB,2012
70,71,Will Johnson,0,0,0.0,0,0,0,2,2,9,4.5,0,0,1,0.9,0.9,0.0%,RB,2012
71,72,Joe McKnight,2,8,4.0,7,0,0,0,0,0,0.0,0,0,1,0.8,0.8,0.0%,RB,2012
72,73,D.J. Ware,1,8,8.0,8,0,0,0,1,0,0.0,0,0,1,0.8,0.8,0.0%,RB,2012
73,74,Mike Cox,0,0,0.0,0,0,0,1,1,8,8.0,0,0,1,0.8,0.8,0.0%,RB,2012
74,75,Evan Rodriguez,0,0,0.0,0,0,0,2,2,8,4.0,0,0,1,0.8,0.8,0.0%,RB,2012
75,76,Cyrus Gray,0,0,0.0,0,0,0,1,1,6,6.0,0,0,1,0.6,0.6,0.0%,RB,2012
76,77,Brandon Jacobs,4,6,1.5,3,0,0,0,0,0,0.0,0,0,1,0.6,0.6,0.0%,RB,2012
77,78,Robert Turbin,1,6,6.0,6,0,0,0,0,0,0.0,0,0,1,0.6,0.6,0.0%,RB,2012
78,79,Chris Ivory,3,4,1.3,6,0,0,0,1,0,0.0,0,0,1,0.4,0.4,0.0%,RB,2012
79,80,Cedric Peerman,2,4,2.0,2,0,0,0,0,0,0.0,0,0,1,0.4,0.4,0.0%,RB,2012
80,81,Evan Royster,1,3,3.0,3,0,0,0,0,0,0.0,0,0,1,0.3,0.3,0.0%,RB,2012
81,82,Jed Collins,0,0,0.0,0,0,0,2,2,2,1.0,0,0,1,0.2,0.2,0.0%,RB,2012
82,83,Jorvorskie Lane,0,0,0.0,0,0,0,1,1,2,2.0,0,0,1,0.2,0.2,0.0%,RB,2012
83,84,Brian Leonard,1,1,1.0,1,0,0,0,1,0,0.0,0,0,1,0.1,0.1,0.0%,RB,2012
84,85,Richard Murphy,0,0,0.0,0,0,0,0,0,0,0.0,0,0,1,0.0,0.0,0.0%,RB,2012
85,86,Cory Harkey,0,0,0.0,0,0,0,0,0,0,0.0,0,0,1,0.0,0.0,0.2%,RB,2012
86,87,Mario Harvey,0,0,0.0,0,0,0,0,0,0,0.0,0,0,1,0.0,0.0,0.0%,RB,2012
87,88,Marcus Thigpen,1,8,8.0,8,0,0,0,0,0,0.0,0,0,1,0.0,0.0,0.0%,RB,2012
88,89,Kerwynn Williams,0,0,0.0,0,0,0,0,0,0,0.0,0,0,1,0.0,0.0,0.0%,RB,2012
89,90,Matt Asiata,0,0,0.0,0,0,0,0,0,0,0.0,0,0,1,0.0,0.0,0.0%,RB,2012
90,91,Isaiah Pead,0,0,0.0,0,0,0,0,1,0,0.0,0,0,1,0.0,0.0,0.0%,RB,2012
91,92,Chris Rainey,0,0,0.0,0,0,0,0,0,0,0.0,0,0,1,0.0,0.0,0.0%,RB,2012
92,93,Lamar Miller,0,0,0.0,0,0,0,0,0,0,0.0,0,0,1,0.0,0.0,0.0%,RB,2012
93,94,Shaun Draughn,0,0,0.0,0,0,0,0,0,0,0.0,0,0,1,0.0,0.0,0.0%,RB,2012
94,95,Will Tukuafu,0,0,0.0,0,0,0,0,0,0,0.0,0,0,1,0.0,0.0,0.0%,RB,2012
95,96,Armando Allen,0,0,0.0,0,0,0,0,0,0,0.0,0,0,1,0.0,0.0,0.0%,RB,2012
96,97,Collin Mooney,0,0,0.0,0,0,0,0,0,0,0.0,0,0,1,0.0,0.0,0.0%,RB,2012
97,98,Travaris Cadet,0,0,0.0,0,0,0,0,0,0,0.0,0,0,1,0.0,0.0,0.0%,RB,2012
98,99,Jonathan Grimes,0,0,0.0,0,0,0,0,0,0,0.0,0,0,1,0.0,0.0,0.0%,RB,2012
99,100,Erik Lorig,0,0,0.0,0,0,0,0,1,0,0.0,0,0,1,0.0,0.0,0.0%,RB,2012
100,101,Lance Dunbar,0,0,0.0,0,0,0,0,0,0,0.0,0,0,1,0.0,0.0,0.0%,RB,2012
101,102,Patrick DiMarco,0,0,0.0,0,0,0,0,1,0,0.0,0,0,1,0.0,0.0,0.0%,RB,2012
102,103,Kevin Smith,0,0,0.0,0,0,0,0,1,0,0.0,0,0,1,0.0,0.0,0.0%,RB,2012
103,104,Lex Hilliard,0,0,0.0,0,0,0,0,0,0,0.0,0,0,1,0.0,0.0,0.0%,RB,2012
104,105,Lawrence Vickers,0,0,0.0,0,0,0,0,0,0,0.0,0,0,1,0.0,0.0,0.0%,RB,2012
105,106,LaRod Stephens-Howling,1,1,1.0,1,0,0,1,3,-1,-1.0,0,0,1,0.0,0.0,0.0%,RB,2012
106,107,Jackie Battle,0,0,0.0,0,0,0,0,0,0,0.0,0,0,1,0.0,0.0,0.0%,RB,2012
107,108,Greg Jones,0,0,0.0,0,0,0,0,1,0,0.0,0,0,1,0.0,0.0,0.0%,RB,2012
108,109,Chris Ogbonnaya,0,0,0.0,0,0,0,0,0,0,0.0,0,0,1,0.0,0.0,0.0%,RB,2012
109,110,Darius Reynaud,0,0,0.0,0,0,0,0,0,0,0.0,0,0,1,0.0,0.0,0.0%,RB,2012
110,111,Corey McIntyre,0,0,0.0,0,0,0,0,0,0,0.0,0,0,1,0.0,0.0,0.0%,RB,2012
111,112,Chris Pressley,0,0,0.0,0,0,0,0,0,0,0.0,0,0,1,0.0,0.0,0.0%,RB,2012
112,113,Henry Hynoski,0,0,0.0,0,0,0,0,0,0,0.0,0,0,1,0.0,0.0,0.0%,RB,2012
113,114,Taiwan Jones,0,0,0.0,0,0,0,0,0,0,0.0,0,0,1,0.0,0.0,0.0%,RB,2012
114,115,Owen Marecic,0,0,0.0,0,0,0,0,0,0,0.0,0,0,1,0.0,0.0,0.0%,RB,2012
115,116,Delone Carter,0,0,0.0,0,0,0,0,0,0,0.0,0,0,1,0.0,0.0,0.0%,RB,2012
116,117,Anthony Sherman,0,0,0.0,0,0,0,0,0,0,0.0,0,0,1,0.0,0.0,0.0%,RB,2012
117,118,Antone Smith,0,0,0.0,0,0,0,0,0,0,0.0,0,0,1,0.0,0.0,0.0%,RB,2012
118,119,Chris Gronkowski,0,0,0.0,0,0,0,0,0,0,0.0,0,0,1,0.0,0.0,0.0%,RB,2012
119,120,Bruce Miller,0,0,0.0,0,0,0,2,2,17,8.5,0,0,1,0.0,0.0,0.0%,RB,2012
120,121,Tyler Clutts,0,0,0.0,0,0,0,0,0,0,0.0,0,0,1,0.0,0.0,0.0%,RB,2012
121,122,Phillip Tanner,0,0,0.0,0,0,0,0,0,0,0.0,0,0,1,0.0,0.0,0.0%,RB,2012
122,123,Nick Bellore,0,0,0.0,0,0,0,0,0,0,0.0,0,0,1,0.0,0.0,7.0%,RB,2012
123,124,Stanley Havili,0,0,0.0,0,0,0,0,0,0,0.0,0,0,1,0.0,0.0,0.0%,RB,2012
124,125,Anthony Allen,0,0,0.0,0,0,0,0,0,0,0.0,0,0,1,0.0,0.0,0.0%,RB,2012
125,126,Tashard Choice,0,0,0.0,0,0,0,0,0,0,0.0,0,0,1,0.0,0.0,0.0%,RB,2012
126,127,Stefan Logan,0,0,0.0,0,0,0,0,0,0,0.0,0,0,1,0.0,0.0,0.0%,RB,2012
127,128,Quinn Johnson,0,0,0.0,0,0,0,0,0,0,0.0,0,0,1,0.0,0.0,0.0%,RB,2012
128,129,Keiland Williams,0,0,0.0,0,0,0,0,0,0,0.0,0,0,1,0.0,0.0,0.0%,RB,2012
129,130,Kregg Lumpkin,0,0,0.0,0,0,0,0,1,0,0.0,0,0,1,0.0,0.0,0.0%,RB,2012
130,131,Anthony Dixon,0,0,0.0,0,0,0,0,0,0,0.0,0,0,1,0.0,0.0,0.0%,RB,2012
131,132,Lance Ball,2,-2,-1.0,0,0,0,0,0,0,0.0,0,0,1,-0.2,-0.2,0.0%,RB,2012
132,133,Kahlil Bell,0,0,0.0,0,0,0,1,1,2,2.0,0,1,1,-1.8,-1.8,0.0%,RB,2012
