,Rank,Player,Rushing Attempts,Rushing Yards,Rushing Yards/Attempts,Longest Rushing,Rushing 20+,Rushing Touchdown,Recptions,TGT,Receiving Yards,Receiving Yards/Reception,Receiving Touchdowns,Fumbles,Games Played,Fantasy Football Points,FTPS/Game,ROST,Position,Year
0,1,Chris Johnson,18,195,10.8,83,2,2,1,2,3,3.0,0,0,1,31.8,31.8,0.6%,RB,2012
1,2,Arian Foster,19,98,5.2,16,0,2,1,5,5,5.0,0,0,1,22.3,22.3,0.0%,RB,2012
2,3,Adrian Peterson,23,153,6.7,27,2,1,2,4,6,3.0,0,0,1,21.9,21.9,2.4%,RB,2012
3,4,LaRod Stephens-Howling,20,104,5.2,27,1,1,4,5,45,11.3,0,0,1,20.9,20.9,0.0%,RB,2012
4,5,Frank Gore,16,131,8.2,37,1,0,5,6,51,10.2,0,0,1,18.2,18.2,12.1%,RB,2012
5,6,Doug Martin,16,85,5.3,36,0,1,3,3,37,12.3,0,0,1,18.2,18.2,0.0%,RB,2012
6,7,Fred Jackson,9,71,7.9,13,0,0,8,11,49,6.1,1,0,1,18.0,18.0,0.0%,RB,2012
7,8,Rashad Jennings,21,44,2.1,8,0,1,7,9,58,8.3,0,0,1,16.2,16.2,0.0%,RB,2012
8,9,Shonn Greene,16,54,3.4,8,0,1,6,9,34,5.7,0,0,1,14.8,14.8,0.0%,RB,2012
9,10,Jamie Harper,7,8,1.1,8,0,2,0,0,0,0.0,0,0,1,12.8,12.8,0.0%,RB,2012
10,11,Ahmad Bradshaw,12,43,3.6,15,0,1,4,5,22,5.5,0,0,1,12.5,12.5,0.0%,RB,2012
11,12,Jonathan Dwyer,17,122,7.2,32,1,0,0,0,0,0.0,0,0,1,12.2,12.2,0.0%,RB,2012
12,13,Darren Sproles,5,27,5.4,12,0,0,4,4,32,8.0,1,0,1,11.9,11.9,0.1%,RB,2012
13,14,Steven Jackson,12,57,4.8,19,0,1,0,0,0,0.0,0,0,1,11.7,11.7,0.0%,RB,2012
14,15,Marshawn Lynch,19,103,5.4,15,0,0,1,2,13,13.0,0,0,1,11.6,11.6,0.3%,RB,2012
15,16,Alfred Morris,22,120,5.5,30,0,0,2,2,10,5.0,0,1,1,11.0,11.0,0.0%,RB,2012
16,17,Vick Ballard,20,84,4.2,26,1,0,1,1,19,19.0,0,0,1,10.3,10.3,0.0%,RB,2012
17,18,C.J. Spiller,12,70,5.8,20,1,0,6,6,32,5.3,0,0,1,10.2,10.2,0.1%,RB,2012
18,19,Matt Forte,22,96,4.4,39,0,0,3,5,4,1.3,0,0,1,10.0,10.0,19.1%,RB,2012
19,20,Andre Brown,5,17,3.4,6,0,1,1,1,17,17.0,0,0,1,9.4,9.4,0.0%,RB,2012
20,21,Pierre Thomas,13,32,2.5,6,0,1,0,1,0,0.0,0,0,1,9.2,9.2,0.0%,RB,2012
21,22,Chris Rainey,4,17,4.3,11,0,1,1,1,8,8.0,0,0,1,8.5,8.5,0.0%,RB,2012
22,23,Darren McFadden,19,53,2.8,13,0,0,4,7,28,7.0,0,0,1,8.1,8.1,7.0%,RB,2012
23,24,Daryl Richardson,8,36,4.5,11,0,0,3,3,43,14.3,0,0,1,7.9,7.9,0.0%,RB,2012
24,25,Felix Jones,15,44,2.9,9,0,0,5,6,30,6.0,0,0,1,7.4,7.4,0.0%,RB,2012
25,26,BenJarvus Green-Ellis,18,69,3.8,14,0,0,0,1,0,0.0,0,0,1,6.9,6.9,0.0%,RB,2012
26,27,Mike Tolbert,3,9,3.0,4,0,1,0,1,0,0.0,0,0,1,6.9,6.9,0.0%,RB,2012
27,28,Cedric Peerman,1,5,5.0,5,0,1,0,0,0,0.0,0,0,1,6.5,6.5,0.0%,RB,2012
28,29,Stevan Ridley,17,65,3.8,12,0,0,0,0,0,0.0,0,0,1,6.5,6.5,0.0%,RB,2012
29,30,Alex Green,20,35,1.8,15,0,0,4,5,29,7.3,0,0,1,6.4,6.4,0.0%,RB,2012
30,31,Mikel Leshoure,12,63,5.3,15,0,0,6,7,20,3.3,0,1,1,6.3,6.3,0.0%,RB,2012
31,32,Shane Vereen,8,49,6.1,16,0,0,1,1,10,10.0,0,0,1,5.9,5.9,0.0%,RB,2012
32,33,Marcel Reece,0,0,0.0,0,0,0,4,6,58,14.5,0,0,1,5.8,5.8,0.0%,RB,2012
33,34,Ray Rice,9,42,4.7,17,0,0,5,5,12,2.4,0,0,1,5.4,5.4,0.0%,RB,2012
34,35,Ben Tate,10,47,4.7,10,0,0,0,0,0,0.0,0,0,1,4.7,4.7,0.0%,RB,2012
35,36,Danny Woodhead,6,17,2.8,8,0,0,4,4,29,7.3,0,0,1,4.6,4.6,20.6%,RB,2012
36,37,Jonathan Stewart,10,35,3.5,20,1,0,3,4,11,3.7,0,0,1,4.6,4.6,0.0%,RB,2012
37,38,Kendall Hunter,9,31,3.4,10,0,0,2,2,14,7.0,0,0,1,4.5,4.5,0.0%,RB,2012
38,39,Delone Carter,11,41,3.7,6,0,0,0,1,0,0.0,0,0,1,4.1,4.1,0.0%,RB,2012
39,40,Phillip Tanner,13,30,2.3,5,0,0,1,1,8,8.0,0,0,1,3.8,3.8,0.0%,RB,2012
40,41,Michael Bush,6,36,6.0,12,0,0,1,1,-3,-3.0,0,0,1,3.3,3.3,0.0%,RB,2012
41,42,John Kuhn,3,16,5.3,9,0,0,1,1,16,16.0,0,0,1,3.2,3.2,0.0%,RB,2012
42,43,Justin Forsett,6,32,5.3,11,0,0,0,0,0,0.0,0,0,1,3.2,3.2,0.0%,RB,2012
43,44,Darrel Young,5,26,5.2,16,0,0,1,1,6,6.0,0,0,1,3.2,3.2,0.0%,RB,2012
44,45,Montario Hardesty,7,28,4.0,9,0,0,0,0,0,0.0,0,0,1,2.8,2.8,0.0%,RB,2012
45,46,Chris Ogbonnaya,1,6,6.0,6,0,0,3,4,17,5.7,0,0,1,2.3,2.3,0.0%,RB,2012
46,47,Joe McKnight,7,23,3.3,13,0,0,0,0,0,0.0,0,0,1,2.3,2.3,0.0%,RB,2012
47,48,Lex Hilliard,3,14,4.7,9,0,0,1,1,8,8.0,0,0,1,2.2,2.2,0.0%,RB,2012
48,49,Mark Ingram,7,21,3.0,10,0,0,0,0,0,0.0,0,0,1,2.1,2.1,0.1%,RB,2012
49,50,Trent Richardson,8,8,1.0,5,0,0,2,2,11,5.5,0,0,1,1.9,1.9,0.0%,RB,2012
50,51,William Powell,4,13,3.3,7,0,0,1,1,5,5.0,0,0,1,1.8,1.8,0.0%,RB,2012
51,52,Robert Turbin,4,17,4.3,15,0,0,0,1,0,0.0,0,0,1,1.7,1.7,0.0%,RB,2012
52,53,Darius Reynaud,1,-4,-4.0,0,0,0,2,2,18,9.0,0,0,1,1.4,1.4,0.0%,RB,2012
53,54,Michael Robinson,1,2,2.0,2,0,0,1,1,12,12.0,0,0,1,1.4,1.4,0.0%,RB,2012
54,55,Mewelde Moore,3,11,3.7,5,0,0,0,0,0,0.0,0,0,1,1.1,1.1,0.0%,RB,2012
55,56,D.J. Ware,1,4,4.0,4,0,0,1,1,6,6.0,0,0,1,1.0,1.0,0.0%,RB,2012
56,57,Joique Bell,3,13,4.3,8,0,0,3,4,16,5.3,0,1,1,0.9,0.9,0.2%,RB,2012
57,58,Lawrence Vickers,0,0,0.0,0,0,0,1,1,7,7.0,0,0,1,0.7,0.7,0.0%,RB,2012
58,59,Will Johnson,1,5,5.0,5,0,0,1,1,2,2.0,0,0,1,0.7,0.7,0.0%,RB,2012
59,60,Erik Lorig,0,0,0.0,0,0,0,1,1,6,6.0,0,0,1,0.6,0.6,0.0%,RB,2012
60,61,Vonta Leach,1,6,6.0,6,0,0,0,0,0,0.0,0,0,1,0.6,0.6,0.0%,RB,2012
61,62,Mike Goodson,0,0,0.0,0,0,0,1,1,6,6.0,0,0,1,0.6,0.6,0.0%,RB,2012
62,63,Maurice Jones-Drew,2,6,3.0,3,0,0,0,0,0,0.0,0,0,1,0.6,0.6,0.0%,RB,2012
63,64,Baron Batch,2,4,2.0,2,0,0,0,1,0,0.0,0,0,1,0.4,0.4,0.0%,RB,2012
64,65,Jonathan Grimes,1,1,1.0,1,0,0,1,1,3,3.0,0,0,1,0.4,0.4,0.0%,RB,2012
65,66,DeAngelo Williams,2,4,2.0,3,0,0,0,0,0,0.0,0,0,1,0.4,0.4,0.1%,RB,2012
66,67,Leon Washington,2,4,2.0,2,0,0,0,0,0,0.0,0,0,1,0.4,0.4,0.0%,RB,2012
67,68,Henry Hynoski,0,0,0.0,0,0,0,1,1,3,3.0,0,0,1,0.3,0.3,0.0%,RB,2012
68,69,Owen Schmitt,1,2,2.0,2,0,0,0,0,0,0.0,0,0,1,0.2,0.2,0.0%,RB,2012
69,70,Isaiah Pead,1,1,1.0,1,0,0,0,0,0,0.0,0,0,1,0.1,0.1,0.0%,RB,2012
70,71,Toby Gerhart,1,1,1.0,1,0,0,0,0,0,0.0,0,0,1,0.1,0.1,0.0%,RB,2012
71,72,Jed Collins,0,0,0.0,0,0,0,1,1,1,1.0,0,0,1,0.1,0.1,0.0%,RB,2012
72,73,Mario Harvey,0,0,0.0,0,0,0,0,0,0,0.0,0,0,1,0.0,0.0,0.0%,RB,2012
73,74,Matt Asiata,0,0,0.0,0,0,0,0,0,0,0.0,0,0,1,0.0,0.0,0.0%,RB,2012
74,75,Travaris Cadet,0,0,0.0,0,0,0,0,0,0,0.0,0,0,1,0.0,0.0,0.0%,RB,2012
75,76,Lance Dunbar,0,0,0.0,0,0,0,0,0,0,0.0,0,0,1,0.0,0.0,0.0%,RB,2012
76,77,David Wilson,0,0,0.0,0,0,0,0,0,0,0.0,0,0,1,0.0,0.0,0.0%,RB,2012
77,78,Will Tukuafu,0,0,0.0,0,0,0,0,0,0,0.0,0,0,1,0.0,0.0,0.0%,RB,2012
78,79,Armando Allen,0,0,0.0,0,0,0,0,0,0,0.0,0,0,1,0.0,0.0,0.0%,RB,2012
79,80,Bernard Pierce,0,0,0.0,0,0,0,0,0,0,0.0,0,0,1,0.0,0.0,0.0%,RB,2012
80,81,Alfonso Smith,0,0,0.0,0,0,0,0,0,0,0.0,0,0,1,0.0,0.0,0.0%,RB,2012
81,82,Tyler Clutts,0,0,0.0,0,0,0,0,0,0,0.0,0,0,1,0.0,0.0,0.0%,RB,2012
82,83,Nick Bellore,0,0,0.0,0,0,0,0,0,0,0.0,0,0,1,0.0,0.0,7.0%,RB,2012
83,84,Jerome Felton,0,0,0.0,0,0,0,0,0,0,0.0,0,0,1,0.0,0.0,0.0%,RB,2012
84,85,Jalen Parmele,0,0,0.0,0,0,0,0,1,0,0.0,0,0,1,0.0,0.0,0.0%,RB,2012
85,86,Brit Miller,0,0,0.0,0,0,0,0,1,0,0.0,0,0,1,0.0,0.0,0.0%,RB,2012
86,87,Greg Jones,0,0,0.0,0,0,0,0,0,0,0.0,0,0,1,0.0,0.0,0.0%,RB,2012
87,88,Chris Pressley,0,0,0.0,0,0,0,0,0,0,0.0,0,0,1,0.0,0.0,0.0%,RB,2012
88,89,Anthony Allen,0,0,0.0,0,0,0,0,0,0,0.0,0,0,1,0.0,0.0,0.0%,RB,2012
89,90,Owen Marecic,0,0,0.0,0,0,0,0,0,0,0.0,0,0,1,0.0,0.0,0.0%,RB,2012
90,91,Bruce Miller,0,0,0.0,0,0,0,0,0,0,0.0,0,0,1,0.0,0.0,0.0%,RB,2012
91,92,Evan Royster,0,0,0.0,0,0,0,1,1,0,0.0,0,0,1,0.0,0.0,0.0%,RB,2012
92,93,Quinn Johnson,0,0,0.0,0,0,0,0,1,0,0.0,0,0,1,0.0,0.0,0.0%,RB,2012
93,94,Montell Owens,0,0,0.0,0,0,0,0,0,0,0.0,0,0,1,0.0,0.0,0.0%,RB,2012
94,95,Anthony Dixon,0,0,0.0,0,0,0,0,0,0,0.0,0,0,1,0.0,0.0,0.0%,RB,2012
95,96,LeGarrette Blount,5,-2,-0.4,1,0,0,0,1,0,0.0,0,0,1,-0.2,-0.2,0.1%,RB,2012
96,97,Stefan Logan,0,0,0.0,0,0,0,0,0,0,0.0,0,1,1,-2.0,-2.0,0.0%,RB,2012
