,Rank,Player,Receiving Receptions,Receiving Target,Receiving Yards,Yards/Reception,Longest Reception,Receiving 20+,Receiving Touchdowns,Rushing Attempts,Rushing Yards,Rushing Touchdown,Fumbles,Games Played,Fantasy Football Points,FTPS/Game,ROST,Position,Year
0,1,Tony Gonzalez,13,14,123,9.5,21,1,1,0,0,0,0,1,18.3,18.3,0.0%,TE,2012
1,2,Owen Daniels,4,5,79,19.8,34,0,1,0,0,0,0,1,13.9,13.9,0.0%,TE,2012
2,3,Jeff Cumberland,2,4,51,25.5,27,2,1,0,0,0,0,1,11.1,11.1,0.0%,TE,2012
3,4,Vernon Davis,5,7,106,21.2,53,1,0,0,0,0,0,1,10.6,10.6,1.6%,TE,2012
4,5,Dwayne Allen,4,5,38,9.5,11,0,1,0,0,0,0,1,9.8,9.8,0.0%,TE,2012
5,6,Jared Cook,5,8,37,7.4,10,0,1,0,0,0,0,1,9.7,9.7,0.0%,TE,2012
6,7,Kyle Rudolph,4,7,23,5.8,15,0,1,0,0,0,0,1,8.3,8.3,0.0%,TE,2012
7,8,Joel Dreessen,4,4,21,5.3,9,0,1,0,0,0,0,1,8.1,8.1,0.0%,TE,2012
8,9,Brent Celek,3,5,9,3.0,5,0,1,0,0,0,0,1,6.9,6.9,0.0%,TE,2012
9,10,Lance Kendricks,1,2,7,7.0,7,0,1,0,0,0,0,1,6.7,6.7,0.0%,TE,2012
10,11,Jermaine Gresham,5,6,60,12.0,20,1,0,0,0,0,0,1,6.0,6.0,0.0%,TE,2012
11,12,Zach Miller,3,3,59,19.7,30,1,0,0,0,0,0,1,5.9,5.9,0.0%,TE,2012
12,13,Fred Davis,5,7,54,10.8,18,0,0,0,0,0,0,1,5.4,5.4,0.0%,TE,2012
13,14,James Casey,4,4,53,13.3,30,0,0,0,0,0,0,1,5.3,5.3,0.0%,TE,2012
14,15,Jacob Tamme,6,11,50,8.3,17,0,0,0,0,0,0,1,5.0,5.0,0.0%,TE,2012
15,16,Rob Housler,3,6,45,15.0,25,1,0,0,0,0,0,1,4.5,4.5,0.0%,TE,2012
16,17,Heath Miller,4,5,41,10.3,18,0,0,0,0,0,0,1,4.1,4.1,0.0%,TE,2012
17,18,Coby Fleener,5,9,41,8.2,18,0,0,0,0,0,0,1,4.1,4.1,0.0%,TE,2012
18,19,Greg Olsen,2,3,37,18.5,24,1,0,0,0,0,0,1,3.7,3.7,7.0%,TE,2012
19,20,Charles Clay,3,5,35,11.7,24,1,0,0,0,0,0,1,3.5,3.5,0.0%,TE,2012
20,21,Rhett Ellison,2,2,35,17.5,29,1,0,0,0,0,0,1,3.5,3.5,0.0%,TE,2012
21,22,Rob Gronkowski,4,5,35,8.8,13,0,0,0,0,0,0,1,3.5,3.5,1.5%,TE,2012
22,23,Martellus Bennett,3,4,30,10.0,17,0,0,0,0,0,0,1,3.0,3.0,23.0%,TE,2012
23,24,Anthony Fasano,3,4,28,9.3,13,0,0,0,0,0,0,1,2.8,2.8,0.1%,TE,2012
24,25,Kellen Davis,2,4,26,13.0,15,0,0,0,0,0,0,1,2.6,2.6,0.2%,TE,2012
25,26,Jordan Cameron,2,2,26,13.0,21,1,0,0,0,0,0,1,2.6,2.6,0.1%,TE,2012
26,27,Marcedes Lewis,5,7,24,4.8,14,0,0,0,0,0,0,1,2.4,2.4,0.1%,TE,2012
27,28,Dennis Pitta,3,4,22,7.3,11,0,0,0,0,0,0,1,2.2,2.2,0.0%,TE,2012
28,29,Scott Chandler,4,6,40,10.0,20,1,0,0,0,0,1,1,2.0,2.0,0.0%,TE,2012
29,30,D.J. Williams,2,4,20,10.0,12,0,0,0,0,0,0,1,2.0,2.0,0.0%,TE,2012
30,31,Tim Tebow,0,0,0,0.0,0,0,0,5,19,0,0,1,1.9,1.9,0.5%,TE,2012
31,32,Antonio Gates,3,7,19,6.3,13,0,0,0,0,0,0,1,1.9,1.9,0.2%,TE,2012
32,33,Dante Rosario,1,1,16,16.0,16,0,0,0,0,0,0,1,1.6,1.6,0.0%,TE,2012
33,34,Craig Stevens,2,4,14,7.0,18,0,0,0,0,0,0,1,1.4,1.4,0.0%,TE,2012
34,35,Ed Dickson,1,1,11,11.0,11,0,0,0,0,0,0,1,1.1,1.1,0.0%,TE,2012
35,36,Jermichael Finley,3,5,11,3.7,6,0,0,0,0,0,0,1,1.1,1.1,0.0%,TE,2012
36,37,Bruce Miller,0,0,0,0.0,0,0,0,1,9,0,0,1,0.9,0.9,0.0%,TE,2012
37,38,David Paulson,1,1,8,8.0,8,0,0,0,0,0,0,1,0.8,0.8,0.0%,TE,2012
38,39,Clay Harbor,1,1,8,8.0,8,0,0,0,0,0,0,1,0.8,0.8,0.0%,TE,2012
39,40,Tommy Gallarda,1,2,7,7.0,7,0,0,0,0,0,0,1,0.7,0.7,0.0%,TE,2012
40,41,Bear Pascoe,1,1,7,7.0,7,0,0,0,0,0,0,1,0.7,0.7,0.0%,TE,2012
41,42,Taylor Thompson,1,2,7,7.0,7,0,0,0,0,0,0,1,0.7,0.7,0.0%,TE,2012
42,43,Tom Crabtree,1,1,6,6.0,6,0,0,0,0,0,0,1,0.6,0.6,0.0%,TE,2012
43,44,Garrett Celek,1,1,4,4.0,4,0,0,0,0,0,0,1,0.4,0.4,0.0%,TE,2012
44,45,Jeff King,1,1,4,4.0,4,0,0,0,0,0,0,1,0.4,0.4,0.0%,TE,2012
45,46,Jimmy Graham,1,2,4,4.0,4,0,0,0,0,0,0,1,0.4,0.4,0.0%,TE,2012
46,47,John Carlson,1,1,2,2.0,2,0,0,0,0,0,0,1,0.2,0.2,0.0%,TE,2012
47,48,Benjamin Watson,1,3,1,1.0,1,0,0,0,0,0,0,1,0.1,0.1,2.8%,TE,2012
48,49,Orson Charles,0,0,0,0.0,0,0,0,0,0,0,0,1,0.0,0.0,0.0%,TE,2012
49,50,Adrien Robinson,0,0,0,0.0,0,0,0,0,0,0,0,1,0.0,0.0,0.0%,TE,2012
50,51,Mike McNeill,0,0,0,0.0,0,0,0,0,0,0,0,1,0.0,0.0,0.0%,TE,2012
51,52,Steve Maneri,0,0,0,0.0,0,0,0,0,0,0,0,1,0.0,0.0,0.0%,TE,2012
52,53,Dominique Jones,0,0,0,0.0,0,0,0,0,0,0,0,1,0.0,0.0,0.0%,TE,2012
53,54,Gary Barnidge,0,0,0,0.0,0,0,0,0,0,0,0,1,0.0,0.0,0.1%,TE,2012
54,55,Matt Spaeth,0,0,0,0.0,0,0,0,0,0,0,0,1,0.0,0.0,0.0%,TE,2012
55,56,Ben Hartsock,0,1,0,0.0,0,0,0,0,0,0,0,1,0.0,0.0,0.0%,TE,2012
56,57,Brian Jennings,0,0,0,0.0,0,0,0,0,0,0,0,1,0.0,0.0,0.0%,TE,2012
57,58,Delanie Walker,0,0,0,0.0,0,0,0,0,0,0,0,1,0.0,0.0,0.1%,TE,2012
58,59,Daniel Fells,0,2,0,0.0,0,0,0,0,0,0,0,1,0.0,0.0,0.0%,TE,2012
59,60,David Thomas,0,0,0,0.0,0,0,0,0,0,0,0,1,0.0,0.0,0.0%,TE,2012
60,61,Clark Harris,0,0,0,0.0,0,0,0,0,0,0,0,1,0.0,0.0,0.0%,TE,2012
61,62,Matthew Mulligan,0,0,0,0.0,0,0,0,0,0,0,0,1,0.0,0.0,0.0%,TE,2012
62,63,Lee Smith,0,0,0,0.0,0,0,0,0,0,0,0,1,0.0,0.0,0.0%,TE,2012
63,64,Logan Paulsen,0,0,0,0.0,0,0,0,0,0,0,0,1,0.0,0.0,0.0%,TE,2012
64,65,Niles Paul,0,0,0,0.0,0,0,0,0,0,0,0,1,0.0,0.0,0.0%,TE,2012
65,66,Richie Brockel,0,0,0,0.0,0,0,0,0,0,0,0,1,0.0,0.0,0.0%,TE,2012
66,67,Jeron Mastrud,0,0,0,0.0,0,0,0,0,0,0,0,1,0.0,0.0,0.0%,TE,2012
67,68,Kyle Adams,0,1,0,0.0,0,0,0,0,0,0,0,1,0.0,0.0,0.0%,TE,2012
68,69,Virgil Green,0,0,0,0.0,0,0,0,0,0,0,0,1,0.0,0.0,0.0%,TE,2012
69,70,Konrad Reuland,0,1,0,0.0,0,0,0,0,0,0,0,1,0.0,0.0,0.0%,TE,2012
70,71,Ryan Taylor,0,0,0,0.0,0,0,0,0,0,0,0,1,0.0,0.0,0.0%,TE,2012
71,72,Garrett Graham,0,1,0,0.0,0,0,0,0,0,0,0,1,0.0,0.0,0.0%,TE,2012
72,73,Mike Leach,0,0,0,0.0,0,0,0,0,0,0,0,1,0.0,0.0,0.0%,TE,2012
73,74,Randy McMichael,0,0,0,0.0,0,0,0,0,0,0,0,1,0.0,0.0,0.0%,TE,2012
74,75,Tony Moeaki,0,1,0,0.0,0,0,0,0,0,0,0,1,0.0,0.0,0.0%,TE,2012
75,76,Anthony McCoy,0,2,0,0.0,0,0,0,0,0,0,0,1,0.0,0.0,0.0%,TE,2012
76,77,Zach Potter,0,1,0,0.0,0,0,0,0,0,0,0,1,0.0,0.0,0.0%,TE,2012
77,78,Zach Miller,0,0,0,0.0,0,0,0,0,0,0,0,1,0.0,0.0,0.0%,TE,2012
78,79,Josh Hill,0,0,0,0.0,0,0,0,0,0,0,0,1,0.0,0.0,0.0%,TE,2012
79,80,Beau Brinkley,0,0,0,0.0,0,0,0,0,0,0,0,1,0.0,0.0,0.2%,TE,2012
