,Rank,Player,Receiving Receptions,Receiving Target,Receiving Yards,Yards/Reception,Longest Reception,Receiving 20+,Receiving Touchdowns,Rushing Attempts,Rushing Yards,Rushing Touchdown,Fumbles,Games Played,Fantasy Football Points,FTPS/Game,ROST,Position,Year
0,1,Andre Johnson,14,19,273,19.5,48,3,1,0,0,0,0,1,33.3,33.3,0.0%,WR,2012
1,2,Justin Blackmon,7,13,236,33.7,81,0,1,0,0,0,0,1,29.6,29.6,0.0%,WR,2012
2,3,T.Y. Hilton,6,9,100,16.7,43,0,2,0,0,0,0,1,22.0,22.0,3.0%,WR,2012
3,4,Danario Alexander,7,11,96,13.7,21,1,2,0,0,0,0,1,21.6,21.6,0.0%,WR,2012
4,5,Dez Bryant,12,15,145,12.1,30,1,1,0,0,0,0,1,20.5,20.5,2.6%,WR,2012
5,6,Calvin Johnson,5,11,143,28.6,53,2,1,0,0,0,1,1,18.3,18.3,0.1%,WR,2012
6,7,Vincent Jackson,6,11,94,15.7,24,2,1,0,0,0,0,1,17.4,17.4,0.0%,WR,2012
7,8,Lance Moore,2,3,53,26.5,38,0,2,0,0,0,0,1,17.3,17.3,0.0%,WR,2012
8,9,Julian Edelman,5,7,58,11.6,18,0,1,1,47,0,0,1,16.5,16.5,12.1%,WR,2012
9,10,Brandon LaFell,5,7,93,18.6,29,3,1,0,0,0,0,1,15.3,15.3,0.0%,WR,2012
10,11,Randall Cobb,9,12,74,8.2,22,1,1,2,19,0,0,1,15.3,15.3,0.0%,WR,2012
11,12,A.J. Green,6,12,91,15.2,40,2,1,0,0,0,0,1,15.1,15.1,0.6%,WR,2012
12,13,Cecil Shorts,3,6,81,27.0,67,0,1,0,0,0,0,1,14.1,14.1,0.0%,WR,2012
13,14,Brandon Gibson,3,5,9,3.0,6,0,2,0,0,0,0,1,12.9,12.9,0.0%,WR,2012
14,15,Roddy White,8,13,123,15.4,37,1,0,0,0,0,0,1,12.3,12.3,0.0%,WR,2012
15,16,Santana Moss,1,1,61,61.0,61,0,1,0,0,0,0,1,12.1,12.1,0.0%,WR,2012
16,17,Brandon Stokley,4,5,55,13.8,31,0,1,0,0,0,0,1,11.5,11.5,0.0%,WR,2012
17,18,Davone Bess,6,11,50,8.3,18,0,1,0,0,0,0,1,11.0,11.0,0.0%,WR,2012
18,19,Aldrick Robinson,1,1,49,49.0,49,0,1,0,0,0,0,1,10.9,10.9,0.0%,WR,2012
19,20,Chaz Schilens,4,5,48,12.0,25,1,1,0,0,0,0,1,10.8,10.8,0.0%,WR,2012
20,21,Demaryius Thomas,3,9,42,14.0,17,0,1,0,0,0,0,1,10.2,10.2,0.1%,WR,2012
21,22,Michael Crabtree,3,4,31,10.3,20,1,1,0,0,0,0,1,9.1,9.1,0.0%,WR,2012
22,23,Juron Criner,3,6,23,7.7,13,0,1,0,0,0,0,1,8.3,8.3,0.0%,WR,2012
23,24,Eric Decker,2,5,23,11.5,20,1,1,0,0,0,0,1,8.3,8.3,0.6%,WR,2012
24,25,Emmanuel Sanders,3,8,82,27.3,37,2,0,0,0,0,0,1,8.2,8.2,0.0%,WR,2012
25,26,Mohamed Sanu,2,4,22,11.0,14,0,1,2,0,0,0,1,8.2,8.2,0.0%,WR,2012
26,27,Brandon Marshall,2,4,21,10.5,13,0,1,0,0,0,0,1,8.1,8.1,2.6%,WR,2012
27,28,Wes Welker,7,11,80,11.4,18,0,0,0,0,0,0,1,8.0,8.0,0.0%,WR,2012
28,29,Anquan Boldin,8,12,79,9.9,23,1,0,0,0,0,0,1,7.9,7.9,0.1%,WR,2012
29,30,Steve Johnson,6,9,79,13.2,16,0,0,0,0,0,0,1,7.9,7.9,0.0%,WR,2012
30,31,Reggie Wayne,7,18,72,10.3,21,1,0,0,0,0,0,1,7.2,7.2,0.0%,WR,2012
31,32,Darrius Heyward-Bey,4,5,69,17.3,22,1,0,0,0,0,0,1,6.9,6.9,0.0%,WR,2012
32,33,Marques Colston,4,6,69,17.3,24,1,0,0,0,0,0,1,6.9,6.9,0.0%,WR,2012
33,34,Keshawn Martin,1,1,9,9.0,9,0,1,0,0,0,0,1,6.9,6.9,0.0%,WR,2012
34,35,Malcom Floyd,4,6,67,16.8,38,0,0,0,0,0,0,1,6.7,6.7,0.0%,WR,2012
35,36,Riley Cooper,5,8,61,12.2,23,1,0,0,0,0,0,1,6.1,6.1,0.0%,WR,2012
36,37,Steve Smith,5,7,61,12.2,17,0,0,0,0,0,0,1,6.1,6.1,0.0%,WR,2012
37,38,Kyle Williams,2,2,60,30.0,57,0,0,0,0,0,0,1,6.0,6.0,0.0%,WR,2012
38,39,Miles Austin,6,12,58,9.7,13,0,0,0,0,0,0,1,5.8,5.8,0.0%,WR,2012
39,40,Kevin Walter,6,8,54,9.0,13,0,0,0,0,0,0,1,5.4,5.4,0.0%,WR,2012
40,41,Josh Gordon,5,7,53,10.6,23,1,0,0,0,0,0,1,5.3,5.3,0.0%,WR,2012
41,42,Greg Little,3,4,53,17.7,22,1,0,0,0,0,0,1,5.3,5.3,0.0%,WR,2012
42,43,Harry Douglas,5,6,48,9.6,26,1,0,0,0,0,0,1,4.8,4.8,0.0%,WR,2012
43,44,Austin Pettis,2,6,46,23.0,36,0,0,0,0,0,0,1,4.6,4.6,0.0%,WR,2012
44,45,LaVon Brazill,2,4,46,23.0,25,2,0,0,0,0,0,1,4.6,4.6,0.0%,WR,2012
45,46,Jordy Nelson,3,5,45,15.0,19,0,0,0,0,0,0,1,4.5,4.5,0.1%,WR,2012
46,47,Brandon Lloyd,4,7,45,11.3,15,0,0,0,0,0,0,1,4.5,4.5,0.0%,WR,2012
47,48,Mario Manningham,2,2,45,22.5,37,0,0,0,0,0,0,1,4.5,4.5,0.0%,WR,2012
48,49,Jeremy Kerley,3,3,43,14.3,32,0,0,1,-1,0,0,1,4.2,4.2,0.0%,WR,2012
49,50,Danny Amendola,7,11,41,5.9,10,0,0,0,0,0,0,1,4.1,4.1,0.0%,WR,2012
50,51,Ryan Broyles,2,2,35,17.5,27,1,0,0,0,0,0,1,3.5,3.5,0.0%,WR,2012
51,52,Donnie Avery,3,4,34,11.3,19,0,0,0,0,0,0,1,3.4,3.4,0.0%,WR,2012
52,53,James Jones,2,4,33,16.5,20,1,0,0,0,0,0,1,3.3,3.3,0.0%,WR,2012
53,54,Julio Jones,3,7,33,11.0,20,1,0,0,0,0,0,1,3.3,3.3,0.6%,WR,2012
54,55,Terrance Copper,3,4,33,11.0,12,0,0,0,0,0,0,1,3.3,3.3,0.0%,WR,2012
55,56,Leonard Hankerson,2,2,30,15.0,21,1,0,0,0,0,0,1,3.0,3.0,0.0%,WR,2012
56,57,Mike Williams,3,9,29,9.7,13,0,0,0,0,0,0,1,2.9,2.9,0.0%,WR,2012
57,58,Brian Hartline,4,7,49,12.3,17,0,0,0,0,0,1,1,2.9,2.9,0.0%,WR,2012
58,59,Early Doucet,5,7,28,5.6,8,0,0,0,0,0,0,1,2.8,2.8,0.0%,WR,2012
59,60,Rod Streater,2,4,26,13.0,20,1,0,0,0,0,0,1,2.6,2.6,0.1%,WR,2012
60,61,Josh Morgan,3,4,25,8.3,15,0,0,0,0,0,0,1,2.5,2.5,0.0%,WR,2012
61,62,Titus Young,1,6,24,24.0,24,1,0,0,0,0,0,1,2.4,2.4,0.0%,WR,2012
62,63,Brandon Tate,1,2,24,24.0,24,1,0,0,0,0,0,1,2.4,2.4,0.0%,WR,2012
63,64,Devin Hester,3,4,23,7.7,9,0,0,0,0,0,0,1,2.3,2.3,0.4%,WR,2012
64,65,Jerricho Cotchery,2,5,22,11.0,11,0,0,0,0,0,0,1,2.2,2.2,0.0%,WR,2012
65,66,Edmond Gates,1,2,10,10.0,10,0,0,1,12,0,0,1,2.2,2.2,0.0%,WR,2012
66,67,Damaris Johnson,1,2,21,21.0,21,1,0,0,0,0,0,1,2.1,2.1,0.0%,WR,2012
67,68,Dwayne Harris,3,3,20,6.7,8,0,0,0,0,0,0,1,2.0,2.0,0.0%,WR,2012
68,69,Rishard Matthews,1,2,19,19.0,19,0,0,0,0,0,0,1,1.9,1.9,0.0%,WR,2012
69,70,Chris Givens,4,7,19,4.8,9,0,0,0,0,0,0,1,1.9,1.9,0.0%,WR,2012
70,71,Micheal Spurlock,2,5,18,9.0,10,0,0,0,0,0,0,1,1.8,1.8,0.0%,WR,2012
71,72,Tiquan Underwood,1,2,18,18.0,18,0,0,0,0,0,0,1,1.8,1.8,0.0%,WR,2012
72,73,Michael Floyd,2,4,18,9.0,17,0,0,0,0,0,0,1,1.8,1.8,0.0%,WR,2012
73,74,Derek Hagan,1,2,17,17.0,17,0,0,0,0,0,0,1,1.7,1.7,0.0%,WR,2012
74,75,Alshon Jeffery,2,4,15,7.5,9,0,0,0,0,0,0,1,1.5,1.5,0.0%,WR,2012
75,76,Matt Willis,2,4,14,7.0,10,0,0,0,0,0,0,1,1.4,1.4,0.0%,WR,2012
76,77,Steve Breaston,1,3,13,13.0,13,0,0,0,0,0,0,1,1.3,1.3,0.0%,WR,2012
77,78,Randy Moss,1,2,12,12.0,12,0,0,0,0,0,0,1,1.2,1.2,0.0%,WR,2012
78,79,Donald Driver,1,1,12,12.0,12,0,0,0,0,0,0,1,1.2,1.2,0.0%,WR,2012
79,80,Louis Murphy,1,4,12,12.0,12,0,0,0,0,0,0,1,1.2,1.2,0.0%,WR,2012
80,81,Larry Fitzgerald,1,7,11,11.0,11,0,0,0,0,0,0,1,1.1,1.1,0.2%,WR,2012
81,82,Donald Jones,2,5,11,5.5,8,0,0,0,0,0,0,1,1.1,1.1,0.0%,WR,2012
82,83,Lestar Jean,1,1,11,11.0,11,0,0,0,0,0,0,1,1.1,1.1,0.0%,WR,2012
83,84,Robert Meachem,1,2,10,10.0,10,0,0,0,0,0,0,1,1.0,1.0,0.0%,WR,2012
84,85,Kevin Ogletree,1,3,10,10.0,10,0,0,0,0,0,0,1,1.0,1.0,0.0%,WR,2012
85,86,Brian Quick,1,2,9,9.0,9,0,0,0,0,0,0,1,0.9,0.9,0.0%,WR,2012
86,87,Cole Beasley,1,1,8,8.0,8,0,0,0,0,0,0,1,0.8,0.8,0.0%,WR,2012
87,88,Andre Roberts,1,5,7,7.0,7,0,0,0,0,0,0,1,0.7,0.7,0.0%,WR,2012
88,89,Torrey Smith,1,7,7,7.0,7,0,0,0,0,0,0,1,0.7,0.7,0.0%,WR,2012
89,90,David Gilreath,0,1,0,0.0,0,0,0,1,7,0,0,1,0.7,0.7,0.0%,WR,2012
90,91,Mike Thomas,0,0,0,0.0,0,0,0,1,6,0,0,1,0.6,0.6,0.0%,WR,2012
91,92,Josh Cooper,1,2,6,6.0,6,0,0,0,0,0,0,1,0.6,0.6,0.0%,WR,2012
92,93,Earl Bennett,1,2,6,6.0,6,0,0,0,0,0,0,1,0.6,0.6,0.0%,WR,2012
93,94,Brandon Banks,1,1,0,0.0,0,0,0,1,6,0,0,1,0.6,0.6,0.0%,WR,2012
94,95,Ryan Whalen,1,1,6,6.0,6,0,0,0,0,0,0,1,0.6,0.6,0.0%,WR,2012
95,96,Pierre Garcon,3,3,5,1.7,7,0,0,0,0,0,0,1,0.5,0.5,0.0%,WR,2012
96,97,Trevor Graham,2,2,5,2.5,3,0,0,0,0,0,0,1,0.5,0.5,0.0%,WR,2012
97,98,DeSean Jackson,2,9,5,2.5,8,0,0,0,0,0,0,1,0.5,0.5,0.6%,WR,2012
98,99,Denarius Moore,1,7,9,9.0,9,0,0,1,-5,0,0,1,0.4,0.4,0.0%,WR,2012
99,100,Mike Wallace,4,7,24,6.0,13,0,0,0,0,0,1,1,0.4,0.4,0.0%,WR,2012
100,101,Drew Davis,1,1,4,4.0,4,0,0,0,0,0,0,1,0.4,0.4,0.0%,WR,2012
101,102,Devery Henderson,1,1,3,3.0,3,0,0,0,0,0,0,1,0.3,0.3,0.0%,WR,2012
102,103,Jacoby Jones,2,4,1,0.5,4,0,0,0,0,0,0,1,0.1,0.1,0.0%,WR,2012
103,104,Darius Johnson,0,0,0,0.0,0,0,0,0,0,0,0,1,0.0,0.0,0.0%,WR,2012
104,105,Martel Moore,0,0,0,0.0,0,0,0,0,0,0,0,1,0.0,0.0,0.0%,WR,2012
105,106,Matthew Slater,0,0,0,0.0,0,0,0,0,0,0,0,1,0.0,0.0,0.0%,WR,2012
106,107,Mohamed Massaquoi,0,2,0,0.0,0,0,0,0,0,0,0,1,0.0,0.0,0.0%,WR,2012
107,108,Kassim Osgood,0,0,0,0.0,0,0,0,0,0,0,0,1,0.0,0.0,0.0%,WR,2012
108,109,Laurent Robinson,0,2,0,0.0,0,0,0,0,0,0,0,1,0.0,0.0,0.0%,WR,2012
109,110,Arrelious Benn,0,0,0,0.0,0,0,0,0,0,0,0,1,0.0,0.0,0.0%,WR,2012
110,111,Armanti Edwards,0,1,0,0.0,0,0,0,0,0,0,0,1,0.0,0.0,0.0%,WR,2012
111,112,Ted Ginn,0,0,0,0.0,0,0,0,0,0,0,0,1,0.0,0.0,0.0%,WR,2012
112,113,Roscoe Parrish,0,0,0,0.0,0,0,0,0,0,0,0,1,0.0,0.0,0.0%,WR,2012
113,114,Ruvell Martin,0,0,0,0.0,0,0,0,0,0,0,0,1,0.0,0.0,0.0%,WR,2012
114,115,Courtney Roby,0,0,0,0.0,0,0,0,0,0,0,0,1,0.0,0.0,0.0%,WR,2012
115,116,Brad Smith,0,0,0,0.0,0,0,0,0,0,0,0,1,0.0,0.0,0.0%,WR,2012
116,117,Josh Cribbs,0,1,0,0.0,0,0,0,0,0,0,0,1,0.0,0.0,0.0%,WR,2012
117,118,Jeremy Maclin,0,3,0,0.0,0,0,0,0,0,0,0,1,0.0,0.0,0.0%,WR,2012
118,119,Eddie Royal,0,3,0,0.0,0,0,0,0,0,0,0,1,0.0,0.0,0.0%,WR,2012
119,120,Dwayne Bowe,0,2,0,0.0,0,0,0,0,0,0,0,1,0.0,0.0,0.0%,WR,2012
120,121,Eric Weems,0,0,0,0.0,0,0,0,0,0,0,0,1,0.0,0.0,0.0%,WR,2012
121,122,Stephen Hill,0,2,0,0.0,0,0,0,0,0,0,0,1,0.0,0.0,0.0%,WR,2012
122,123,Devon Wylie,0,2,0,0.0,0,0,0,0,0,0,0,1,0.0,0.0,0.0%,WR,2012
123,124,Travis Benjamin,0,0,0,0.0,0,0,0,0,0,0,0,1,0.0,0.0,0.0%,WR,2012
124,125,Trindon Holliday,0,0,0,0.0,0,0,0,0,0,0,0,1,0.0,0.0,0.0%,WR,2012
125,126,Joe Adams,0,0,0,0.0,0,0,0,0,0,0,0,1,0.0,0.0,0.0%,WR,2012
126,127,DeVier Posey,0,0,0,0.0,0,0,0,0,0,0,0,1,0.0,0.0,0.0%,WR,2012
127,128,Kevin Elliott,0,0,0,0.0,0,0,0,0,0,0,0,1,0.0,0.0,0.0%,WR,2012
128,129,Marcus Thigpen,0,0,0,0.0,0,0,0,0,0,0,0,1,0.0,0.0,0.0%,WR,2012
129,130,Nathan Palmer,0,1,0,0.0,0,0,0,0,0,0,0,1,0.0,0.0,0.0%,WR,2012
130,131,Marlon Moore,0,1,0,0.0,0,0,0,0,0,0,0,1,0.0,0.0,0.0%,WR,2012
131,132,Joe Morgan,0,1,0,0.0,0,0,0,0,0,0,0,1,0.0,0.0,0.0%,WR,2012
132,133,LaQuan Williams,0,0,0,0.0,0,0,0,0,0,0,0,1,0.0,0.0,0.0%,WR,2012
133,134,Greg Salas,0,0,0,0.0,0,0,0,0,0,0,0,1,0.0,0.0,0.0%,WR,2012
134,135,Tandon Doss,0,0,0,0.0,0,0,0,0,0,0,0,1,0.0,0.0,0.0%,WR,2012
135,136,Armon Binns,0,0,0,0.0,0,0,0,0,0,0,0,1,0.0,0.0,0.0%,WR,2012
