,Rank,Player,Receiving Receptions,Receiving Target,Receiving Yards,Yards/Reception,Longest Reception,Receiving 20+,Receiving Touchdowns,Rushing Attempts,Rushing Yards,Rushing Touchdown,Fumbles,Games Played,Fantasy Football Points,FTPS/Game,ROST,Position,Year
0,1,Mike Wallace,7,11,112,16.0,40,0,2,1,0,0,0,1,23.2,23.2,0.0%,WR,2012
1,2,Brandon Marshall,10,20,160,16.0,39,2,1,0,0,0,0,1,22.0,22.0,2.6%,WR,2012
2,3,Danario Alexander,7,11,88,12.6,39,0,2,0,0,0,0,1,20.8,20.8,0.0%,WR,2012
3,4,Anquan Boldin,3,3,78,26.0,31,1,2,0,0,0,0,1,19.8,19.8,0.1%,WR,2012
4,5,Vincent Jackson,6,10,131,21.8,40,2,1,0,0,0,0,1,19.1,19.1,0.0%,WR,2012
5,6,Victor Cruz,8,9,121,15.1,35,0,1,0,0,0,0,1,18.1,18.1,0.1%,WR,2012
6,7,Roddy White,9,11,117,13.0,18,0,1,0,0,0,0,1,17.7,17.7,0.0%,WR,2012
7,8,Jeremy Maclin,9,13,104,11.6,24,3,1,0,0,0,0,1,16.4,16.4,0.0%,WR,2012
8,9,Brandon Gibson,6,9,100,16.7,24,2,1,0,0,0,0,1,16.0,16.0,0.0%,WR,2012
9,10,Brandon Lloyd,7,9,89,12.7,37,0,1,0,0,0,0,1,14.9,14.9,0.0%,WR,2012
10,11,Pierre Garcon,5,9,83,16.6,23,2,1,1,2,0,0,1,14.5,14.5,0.0%,WR,2012
11,12,Kenny Britt,8,9,143,17.9,46,0,0,0,0,0,0,1,14.3,14.3,0.0%,WR,2012
12,13,Darrius Heyward-Bey,5,6,82,16.4,56,0,1,0,0,0,0,1,14.2,14.2,0.0%,WR,2012
13,14,Jason Avant,7,12,133,19.0,39,3,0,0,0,0,0,1,13.3,13.3,0.0%,WR,2012
14,15,Hakeem Nicks,4,6,67,16.8,25,2,1,0,0,0,0,1,12.7,12.7,0.0%,WR,2012
15,16,Julio Jones,5,11,66,13.2,21,1,1,0,0,0,0,1,12.6,12.6,0.6%,WR,2012
16,17,Donte' Stallworth,1,2,63,63.0,63,0,1,0,0,0,0,1,12.3,12.3,0.0%,WR,2012
17,18,Reggie Wayne,6,10,64,10.7,20,1,1,1,-5,0,0,1,11.9,11.9,0.0%,WR,2012
18,19,Calvin Johnson,10,13,118,11.8,20,1,0,0,0,0,0,1,11.8,11.8,0.1%,WR,2012
19,20,Alshon Jeffery,3,6,57,19.0,30,1,1,0,0,0,0,1,11.7,11.7,0.0%,WR,2012
20,21,Steve Smith,7,12,109,15.6,22,2,0,0,0,0,0,1,10.9,10.9,0.0%,WR,2012
21,22,Joe Morgan,2,2,106,53.0,62,0,0,0,0,0,0,1,10.6,10.6,0.0%,WR,2012
22,23,Andrew Hawkins,6,8,44,7.3,11,0,1,0,0,0,0,1,10.4,10.4,0.0%,WR,2012
23,24,Randall Cobb,7,7,102,14.6,38,2,0,0,0,0,0,1,10.2,10.2,0.0%,WR,2012
24,25,Rod Streater,4,7,100,25.0,58,0,0,0,0,0,0,1,10.0,10.0,0.1%,WR,2012
25,26,Dez Bryant,4,6,50,12.5,27,1,1,1,-11,0,0,1,9.9,9.9,2.6%,WR,2012
26,27,Antonio Brown,4,9,35,8.8,14,0,1,0,0,0,0,1,9.5,9.5,0.8%,WR,2012
27,28,Andre Johnson,8,10,95,11.9,25,1,0,0,0,0,0,1,9.5,9.5,0.0%,WR,2012
28,29,Michael Crabtree,9,11,93,10.3,25,1,0,0,0,0,0,1,9.3,9.3,0.0%,WR,2012
29,30,Josh Morgan,3,4,30,10.0,21,1,1,0,0,0,0,1,9.0,9.0,0.0%,WR,2012
30,31,Domenik Hixon,3,4,30,10.0,16,0,1,0,0,0,0,1,9.0,9.0,0.0%,WR,2012
31,32,Eric Decker,8,9,88,11.0,29,1,0,0,0,0,0,1,8.8,8.8,0.6%,WR,2012
32,33,Greg Little,4,7,69,17.3,34,0,0,1,17,0,0,1,8.6,8.6,0.0%,WR,2012
33,34,Josh Gordon,8,12,86,10.8,18,0,0,0,0,0,0,1,8.6,8.6,0.0%,WR,2012
34,35,Demaryius Thomas,5,7,83,16.6,22,1,0,0,0,0,0,1,8.3,8.3,0.1%,WR,2012
35,36,Marvin Jones,3,4,45,15.0,17,0,0,1,37,0,0,1,8.2,8.2,0.1%,WR,2012
36,37,Mike Williams,3,7,18,6.0,13,0,1,0,0,0,0,1,7.8,7.8,0.0%,WR,2012
37,38,Steve Johnson,6,8,71,11.8,34,0,0,0,0,0,0,1,7.1,7.1,0.0%,WR,2012
38,39,Malcom Floyd,3,8,10,3.3,4,0,1,0,0,0,0,1,7.0,7.0,0.0%,WR,2012
39,40,Leonard Hankerson,4,5,67,16.8,29,1,0,1,3,0,0,1,7.0,7.0,0.0%,WR,2012
40,41,Dwayne Bowe,2,2,70,35.0,47,1,0,0,0,0,0,1,7.0,7.0,0.0%,WR,2012
41,42,Micheal Spurlock,7,7,64,9.1,13,0,0,0,0,0,0,1,6.4,6.4,0.0%,WR,2012
42,43,Justin Blackmon,6,12,57,9.5,14,0,0,0,0,0,0,1,5.7,5.7,0.0%,WR,2012
43,44,Jordan Shipley,5,7,55,11.0,28,1,0,0,0,0,0,1,5.5,5.5,0.0%,WR,2012
44,45,Kris Durham,4,9,54,13.5,27,1,0,0,0,0,0,1,5.4,5.4,0.0%,WR,2012
45,46,Santana Moss,3,4,52,17.3,31,0,0,0,0,0,0,1,5.2,5.2,0.0%,WR,2012
46,47,Wes Welker,3,9,52,17.3,25,1,0,0,0,0,0,1,5.2,5.2,0.0%,WR,2012
47,48,Davone Bess,5,8,50,10.0,21,1,0,0,0,0,0,1,5.0,5.0,0.0%,WR,2012
48,49,T.Y. Hilton,2,5,50,25.0,36,0,0,1,-2,0,0,1,4.8,4.8,3.0%,WR,2012
49,50,Miles Austin,4,10,46,11.5,15,0,0,0,0,0,0,1,4.6,4.6,0.0%,WR,2012
50,51,A.J. Green,3,8,44,14.7,17,0,0,0,0,0,0,1,4.4,4.4,0.6%,WR,2012
51,52,Denarius Moore,4,6,43,10.8,15,0,0,0,0,0,0,1,4.3,4.3,0.0%,WR,2012
52,53,Chris Givens,3,10,25,8.3,13,0,0,1,-3,0,0,1,4.2,4.2,0.0%,WR,2012
53,54,Marques Colston,4,4,61,15.3,30,0,0,0,0,0,1,1,4.1,4.1,0.0%,WR,2012
54,55,Kendall Wright,5,9,39,7.8,14,0,0,0,0,0,0,1,3.9,3.9,0.0%,WR,2012
55,56,Devin Hester,5,8,39,7.8,14,0,0,0,0,0,0,1,3.9,3.9,0.4%,WR,2012
56,57,Kevin Elliott,3,10,38,12.7,22,1,0,0,0,0,0,1,3.8,3.8,0.0%,WR,2012
57,58,Trevor Graham,3,7,33,11.0,16,0,0,1,5,0,0,1,3.8,3.8,0.0%,WR,2012
58,59,Riley Cooper,4,9,37,9.3,16,0,0,0,0,0,0,1,3.7,3.7,0.0%,WR,2012
59,60,Andre Roberts,3,5,36,12.0,24,1,0,0,0,0,0,1,3.6,3.6,0.0%,WR,2012
60,61,Louis Murphy,5,9,36,7.2,16,0,0,0,0,0,0,1,3.6,3.6,0.0%,WR,2012
61,62,Michael Jenkins,4,5,36,9.0,11,0,0,0,0,0,0,1,3.6,3.6,0.0%,WR,2012
62,63,Emmanuel Sanders,2,4,36,18.0,31,0,0,0,0,0,0,1,3.6,3.6,0.0%,WR,2012
63,64,Sidney Rice,2,5,35,17.5,18,0,0,0,0,0,0,1,3.5,3.5,0.0%,WR,2012
64,65,Brian Hartline,2,8,34,17.0,28,1,0,0,0,0,0,1,3.4,3.4,0.0%,WR,2012
65,66,Donnie Avery,3,9,31,10.3,18,0,0,1,3,0,0,1,3.4,3.4,0.0%,WR,2012
66,67,Austin Pettis,5,5,33,6.6,9,0,0,0,0,0,0,1,3.3,3.3,0.0%,WR,2012
67,68,Dwayne Harris,3,8,33,11.0,21,1,0,0,0,0,0,1,3.3,3.3,0.0%,WR,2012
68,69,Donald Jones,3,5,33,11.0,19,0,0,0,0,0,0,1,3.3,3.3,0.0%,WR,2012
69,70,Terrance Copper,3,3,32,10.7,17,0,0,0,0,0,0,1,3.2,3.2,0.0%,WR,2012
70,71,Lestar Jean,2,5,31,15.5,24,1,0,0,0,0,0,1,3.1,3.1,0.0%,WR,2012
71,72,Randy Moss,2,4,30,15.0,17,0,0,0,0,0,0,1,3.0,3.0,0.0%,WR,2012
72,73,Michael Floyd,2,5,30,15.0,18,0,0,0,0,0,0,1,3.0,3.0,0.0%,WR,2012
73,74,Jarius Wright,2,4,29,14.5,16,0,0,0,0,0,0,1,2.9,2.9,0.0%,WR,2012
74,75,Doug Baldwin,2,4,29,14.5,27,1,0,0,0,0,0,1,2.9,2.9,0.0%,WR,2012
75,76,Harry Douglas,2,3,28,14.0,19,0,0,0,0,0,0,1,2.8,2.8,0.0%,WR,2012
76,77,Kevin Ogletree,2,3,28,14.0,23,1,0,0,0,0,0,1,2.8,2.8,0.0%,WR,2012
77,78,Greg Jennings,1,4,27,27.0,27,1,0,0,0,0,0,1,2.7,2.7,0.0%,WR,2012
78,79,James Jones,2,5,27,13.5,16,0,0,0,0,0,0,1,2.7,2.7,0.0%,WR,2012
79,80,Chaz Schilens,2,3,27,13.5,17,0,0,0,0,0,0,1,2.7,2.7,0.0%,WR,2012
80,81,Lance Moore,1,4,26,26.0,26,1,0,0,0,0,0,1,2.6,2.6,0.0%,WR,2012
81,82,Jamar Newsome,1,5,25,25.0,25,1,0,0,0,0,0,1,2.5,2.5,0.0%,WR,2012
82,83,Mike Thomas,0,0,0,0.0,0,0,0,2,25,0,0,1,2.5,2.5,0.0%,WR,2012
83,84,Juron Criner,2,3,24,12.0,17,0,0,0,0,0,0,1,2.4,2.4,0.0%,WR,2012
84,85,Torrey Smith,1,3,21,21.0,21,1,0,0,0,0,0,1,2.1,2.1,0.0%,WR,2012
85,86,Matt Willis,1,3,19,19.0,19,0,0,0,0,0,0,1,1.9,1.9,0.0%,WR,2012
86,87,DeVier Posey,1,2,19,19.0,19,0,0,0,0,0,0,1,1.9,1.9,0.0%,WR,2012
87,88,Plaxico Burress,1,2,18,18.0,18,0,0,0,0,0,0,1,1.8,1.8,0.0%,WR,2012
88,89,Andre Caldwell,1,1,18,18.0,18,0,0,0,0,0,0,1,1.8,1.8,0.0%,WR,2012
89,90,Tiquan Underwood,1,4,17,17.0,17,0,0,0,0,0,0,1,1.7,1.7,0.0%,WR,2012
90,91,Nate Washington,1,7,15,15.0,15,0,0,0,0,0,0,1,1.5,1.5,0.0%,WR,2012
91,92,Travis Benjamin,0,0,0,0.0,0,0,0,1,15,0,0,1,1.5,1.5,0.0%,WR,2012
92,93,Josh Cribbs,0,0,0,0.0,0,0,0,2,15,0,0,1,1.5,1.5,0.0%,WR,2012
93,94,Mardy Gilyard,2,3,15,7.5,11,0,0,0,0,0,0,1,1.5,1.5,0.0%,WR,2012
94,95,Jerome Simpson,1,1,13,13.0,13,0,0,0,0,0,0,1,1.3,1.3,0.0%,WR,2012
95,96,Devery Henderson,1,4,11,11.0,11,0,0,0,0,0,0,1,1.1,1.1,0.0%,WR,2012
96,97,Michael Preston,1,1,11,11.0,11,0,0,0,0,0,0,1,1.1,1.1,0.0%,WR,2012
97,98,Rishard Matthews,1,2,8,8.0,8,0,0,0,0,0,0,1,0.8,0.8,0.0%,WR,2012
98,99,LaVon Brazill,1,1,8,8.0,8,0,0,0,0,0,0,1,0.8,0.8,0.0%,WR,2012
99,100,Armanti Edwards,1,2,7,7.0,7,0,0,0,0,0,0,1,0.7,0.7,0.0%,WR,2012
100,101,Jeremy Kerley,4,6,27,6.8,12,0,0,0,0,0,1,1,0.7,0.7,0.0%,WR,2012
101,102,Early Doucet,2,2,7,3.5,6,0,0,0,0,0,0,1,0.7,0.7,0.0%,WR,2012
102,103,Brad Smith,1,1,6,6.0,6,0,0,0,0,0,0,1,0.6,0.6,0.0%,WR,2012
103,104,Golden Tate,2,3,6,3.0,6,0,0,0,0,0,0,1,0.6,0.6,0.0%,WR,2012
104,105,Brian Quick,1,1,6,6.0,6,0,0,0,0,0,0,1,0.6,0.6,0.0%,WR,2012
105,106,Drew Davis,1,2,6,6.0,6,0,0,0,0,0,0,1,0.6,0.6,0.0%,WR,2012
106,107,Jarrett Boykin,1,1,4,4.0,4,0,0,0,0,0,0,1,0.4,0.4,0.0%,WR,2012
107,108,Joe Adams,0,0,0,0.0,0,0,0,1,3,0,0,1,0.3,0.3,0.0%,WR,2012
108,109,Larry Fitzgerald,1,11,2,2.0,2,0,0,0,0,0,0,1,0.2,0.2,0.2%,WR,2012
109,110,James Wright,0,0,0,0.0,0,0,0,0,0,0,0,1,0.0,0.0,0.0%,WR,2012
110,111,Darius Johnson,0,0,0,0.0,0,0,0,0,0,0,0,1,0.0,0.0,0.0%,WR,2012
111,112,Martel Moore,0,0,0,0.0,0,0,0,0,0,0,0,1,0.0,0.0,0.0%,WR,2012
112,113,Matthew Slater,0,0,0,0.0,0,0,0,0,0,0,0,1,0.0,0.0,0.0%,WR,2012
113,114,Mohamed Massaquoi,0,1,0,0.0,0,0,0,0,0,0,0,1,0.0,0.0,0.0%,WR,2012
114,115,Kassim Osgood,0,0,0,0.0,0,0,0,0,0,0,0,1,0.0,0.0,0.0%,WR,2012
115,116,Kevin Walter,0,3,0,0.0,0,0,0,0,0,0,0,1,0.0,0.0,0.0%,WR,2012
116,117,Ted Ginn,0,0,0,0.0,0,0,0,0,0,0,0,1,0.0,0.0,0.0%,WR,2012
117,118,Steve Smith,0,1,0,0.0,0,0,0,0,0,0,0,1,0.0,0.0,0.0%,WR,2012
118,119,Quan Cosby,0,0,0,0.0,0,0,0,0,0,0,0,1,0.0,0.0,0.0%,WR,2012
119,120,Ramses Barden,0,1,0,0.0,0,0,0,0,0,0,0,1,0.0,0.0,0.0%,WR,2012
120,121,Robert Meachem,0,0,0,0.0,0,0,0,0,0,0,0,1,0.0,0.0,0.0%,WR,2012
121,122,Roscoe Parrish,0,0,0,0.0,0,0,0,0,0,0,0,1,0.0,0.0,0.0%,WR,2012
122,123,Ruvell Martin,0,0,0,0.0,0,0,0,0,0,0,0,1,0.0,0.0,0.0%,WR,2012
123,124,Courtney Roby,0,0,0,0.0,0,0,0,0,0,0,0,1,0.0,0.0,0.0%,WR,2012
124,125,Brian Robiskie,0,0,0,0.0,0,0,0,0,0,0,0,1,0.0,0.0,0.0%,WR,2012
125,126,Brandon Stokley,0,0,0,0.0,0,0,0,0,0,0,0,1,0.0,0.0,0.0%,WR,2012
126,127,Brandon Tate,0,0,0,0.0,0,0,0,0,0,0,0,1,0.0,0.0,0.0%,WR,2012
127,128,Jacoby Jones,0,1,0,0.0,0,0,0,0,0,0,0,1,0.0,0.0,0.0%,WR,2012
128,129,Jerricho Cotchery,0,1,0,0.0,0,0,0,0,0,0,0,1,0.0,0.0,0.0%,WR,2012
129,130,Devin Aromashodu,0,1,0,0.0,0,0,0,0,0,0,0,1,0.0,0.0,0.0%,WR,2012
130,131,Donald Driver,0,0,0,0.0,0,0,0,0,0,0,0,1,0.0,0.0,0.0%,WR,2012
131,132,Eric Weems,0,0,0,0.0,0,0,0,0,0,0,0,1,0.0,0.0,0.0%,WR,2012
132,133,Jeremy Ross,0,0,0,0.0,0,0,0,0,0,0,0,1,0.0,0.0,0.0%,WR,2012
133,134,Stephen Hill,0,1,0,0.0,0,0,0,0,0,0,0,1,0.0,0.0,0.0%,WR,2012
134,135,A.J. Jenkins,0,0,0,0.0,0,0,0,0,0,0,0,1,0.0,0.0,0.0%,WR,2012
135,136,Chris Owusu,0,0,0,0.0,0,0,0,0,0,0,0,1,0.0,0.0,0.0%,WR,2012
136,137,Toney Clemons,0,2,0,0.0,0,0,0,0,0,0,0,1,0.0,0.0,0.0%,WR,2012
137,138,Trindon Holliday,0,0,0,0.0,0,0,0,0,0,0,0,1,0.0,0.0,0.0%,WR,2012
138,139,Rueben Randle,0,0,0,0.0,0,0,0,0,0,0,0,1,0.0,0.0,0.0%,WR,2012
139,140,Marvin McNutt,0,2,0,0.0,0,0,0,0,0,0,0,1,0.0,0.0,0.0%,WR,2012
140,141,Jermaine Kearse,0,1,0,0.0,0,0,0,0,0,0,0,1,0.0,0.0,0.0%,WR,2012
141,142,Josh Bellamy,0,0,0,0.0,0,0,0,0,0,0,0,1,0.0,0.0,0.0%,WR,2012
142,143,Damaris Johnson,2,2,20,10.0,14,0,0,0,0,0,1,1,0.0,0.0,0.0%,WR,2012
143,144,Kevin Cone,0,1,0,0.0,0,0,0,0,0,0,0,1,0.0,0.0,0.0%,WR,2012
144,145,Marlon Moore,0,1,0,0.0,0,0,0,0,0,0,0,1,0.0,0.0,0.0%,WR,2012
145,146,David Gettis,0,0,0,0.0,0,0,0,0,0,0,0,1,0.0,0.0,0.0%,WR,2012
146,147,David Reed,0,0,0,0.0,0,0,0,0,0,0,0,1,0.0,0.0,0.0%,WR,2012
147,148,LaQuan Williams,0,0,0,0.0,0,0,0,0,0,0,0,1,0.0,0.0,0.0%,WR,2012
148,149,Jon Baldwin,0,2,0,0.0,0,0,0,0,0,0,0,1,0.0,0.0,0.0%,WR,2012
149,150,Jerrel Jernigan,0,1,0,0.0,0,0,0,0,0,0,0,1,0.0,0.0,0.0%,WR,2012
150,151,Tandon Doss,0,0,0,0.0,0,0,0,0,0,0,0,1,0.0,0.0,0.0%,WR,2012
151,152,Ryan Whalen,0,0,0,0.0,0,0,0,0,0,0,0,1,0.0,0.0,0.0%,WR,2012
152,153,Aldrick Robinson,0,0,0,0.0,0,0,0,0,0,0,0,1,0.0,0.0,0.0%,WR,2012
153,154,Stephen Burton,0,0,0,0.0,0,0,0,0,0,0,0,1,0.0,0.0,0.0%,WR,2012
154,155,Jaxon Shipley,0,0,0,0.0,0,0,0,0,0,0,0,1,0.0,0.0,0.0%,WR,2012
155,156,Keshawn Martin,1,3,-4,-4.0,0,0,0,0,0,0,0,1,-0.4,-0.4,0.0%,WR,2012
156,157,Marcus Thigpen,0,0,0,0.0,0,0,0,0,0,0,1,1,-2.0,-2.0,0.0%,WR,2012
