,Rank,Player,Receiving Receptions,Receiving Target,Receiving Yards,Yards/Reception,Longest Reception,Receiving 20+,Receiving Touchdowns,Rushing Attempts,Rushing Yards,Rushing Touchdown,Fumbles,Games Played,Fantasy Football Points,FTPS/Game,ROST,Position,Year
0,1,Marques Colston,9,18,131,14.6,40,0,3,0,0,0,0,1,31.1,31.1,0.0%,WR,2012
1,2,Reggie Wayne,13,20,212,16.3,30,2,1,0,0,0,0,1,27.2,27.2,0.0%,WR,2012
2,3,Percy Harvin,8,10,108,13.5,45,0,1,2,8,1,0,1,23.6,23.6,0.1%,WR,2012
3,4,Victor Cruz,5,8,50,10.0,28,1,3,0,0,0,0,1,23.0,23.0,0.1%,WR,2012
4,5,Brandon Marshall,12,17,144,12.0,24,2,1,0,0,0,0,1,20.4,20.4,2.6%,WR,2012
5,6,Josh Gordon,2,8,82,41.0,62,1,2,0,0,0,0,1,20.2,20.2,0.0%,WR,2012
6,7,Robert Meachem,3,4,67,22.3,44,0,2,0,0,0,0,1,18.7,18.7,0.0%,WR,2012
7,8,Devery Henderson,8,10,123,15.4,41,0,1,0,0,0,0,1,18.3,18.3,0.0%,WR,2012
8,9,Michael Crabtree,6,7,113,18.8,36,1,1,0,0,0,0,1,17.3,17.3,0.0%,WR,2012
9,10,James Jones,4,7,46,11.5,24,1,2,0,0,0,0,1,16.6,16.6,0.0%,WR,2012
10,11,Wes Welker,13,15,104,8.0,15,0,1,0,0,0,0,1,16.4,16.4,0.0%,WR,2012
11,12,Demaryius Thomas,9,11,180,20.0,38,2,0,0,0,0,1,1,16.0,16.0,0.1%,WR,2012
12,13,Julio Jones,10,15,94,9.4,29,1,1,1,1,0,0,1,15.5,15.5,0.6%,WR,2012
13,14,Randall Cobb,4,4,82,20.5,31,1,1,0,0,0,0,1,14.2,14.2,0.0%,WR,2012
14,15,Santana Moss,2,5,80,40.0,77,0,1,0,0,0,0,1,14.0,14.0,0.0%,WR,2012
15,16,A.J. Green,9,13,65,7.2,18,0,1,0,0,0,0,1,12.5,12.5,0.6%,WR,2012
16,17,Kyle Williams,2,2,50,25.0,43,0,1,1,6,0,0,1,11.6,11.6,0.0%,WR,2012
17,18,Chris Givens,1,5,51,51.0,51,0,1,0,0,0,0,1,11.1,11.1,0.0%,WR,2012
18,19,Malcom Floyd,5,8,108,21.6,39,1,0,0,0,0,0,1,10.8,10.8,0.0%,WR,2012
19,20,Jeremy Kerley,5,9,94,18.8,36,0,0,0,0,0,0,1,9.4,9.4,0.0%,WR,2012
20,21,Larry Fitzgerald,8,15,92,11.5,29,1,0,0,0,0,0,1,9.2,9.2,0.2%,WR,2012
21,22,Golden Tate,3,4,31,10.3,13,0,1,1,-1,0,0,1,9.0,9.0,0.0%,WR,2012
22,23,Mario Manningham,4,5,26,6.5,10,0,1,0,0,0,0,1,8.6,8.6,0.0%,WR,2012
23,24,Antonio Brown,7,10,86,12.3,20,1,0,0,0,0,0,1,8.6,8.6,0.8%,WR,2012
24,25,Rueben Randle,6,9,82,13.7,36,0,0,0,0,0,0,1,8.2,8.2,0.0%,WR,2012
25,26,Anquan Boldin,4,10,82,20.5,43,0,0,0,0,0,0,1,8.2,8.2,0.1%,WR,2012
26,27,Jordan Norwood,9,9,81,9.0,15,0,0,1,1,0,0,1,8.2,8.2,0.0%,WR,2012
27,28,Eric Decker,4,8,21,5.3,12,0,1,0,0,0,0,1,8.1,8.1,0.6%,WR,2012
28,29,Alshon Jeffery,2,4,20,10.0,10,0,1,0,0,0,0,1,8.0,8.0,0.0%,WR,2012
29,30,Brandon Stokley,2,3,10,5.0,5,0,1,0,0,0,0,1,7.0,7.0,0.0%,WR,2012
30,31,Roddy White,4,6,68,17.0,20,1,0,0,0,0,0,1,6.8,6.8,0.0%,WR,2012
31,32,Sidney Rice,5,6,67,13.4,18,0,0,0,0,0,0,1,6.7,6.7,0.0%,WR,2012
32,33,Kendall Wright,9,11,66,7.3,10,0,0,0,0,0,0,1,6.6,6.6,0.0%,WR,2012
33,34,Dwayne Bowe,6,8,60,10.0,20,1,0,0,0,0,0,1,6.0,6.0,0.0%,WR,2012
34,35,Brian Hartline,4,5,59,14.8,30,0,0,0,0,0,0,1,5.9,5.9,0.0%,WR,2012
35,36,DeSean Jackson,4,8,58,14.5,24,2,0,0,0,0,0,1,5.8,5.8,0.6%,WR,2012
36,37,Domenik Hixon,5,8,55,11.0,17,0,0,0,0,0,0,1,5.5,5.5,0.0%,WR,2012
37,38,Andrew Hawkins,5,13,47,9.4,24,1,0,1,5,0,0,1,5.2,5.2,0.0%,WR,2012
38,39,Davone Bess,2,6,49,24.5,28,2,0,0,0,0,0,1,4.9,4.9,0.0%,WR,2012
39,40,Devin Hester,2,4,49,24.5,39,0,0,0,0,0,0,1,4.9,4.9,0.4%,WR,2012
40,41,Kevin Walter,4,6,46,11.5,18,0,0,0,0,0,0,1,4.6,4.6,0.0%,WR,2012
41,42,Nate Washington,4,8,46,11.5,17,0,0,0,0,0,0,1,4.6,4.6,0.0%,WR,2012
42,43,Danny Amendola,1,5,44,44.0,44,0,0,0,0,0,0,1,4.4,4.4,0.0%,WR,2012
43,44,Brandon LaFell,3,3,44,14.7,21,1,0,0,0,0,0,1,4.4,4.4,0.0%,WR,2012
44,45,Greg Camarillo,4,5,44,11.0,13,0,0,0,0,0,0,1,4.4,4.4,0.0%,WR,2012
45,46,Cecil Shorts,2,3,43,21.5,34,0,0,0,0,0,0,1,4.3,4.3,0.0%,WR,2012
46,47,Andre Roberts,5,10,39,7.8,11,0,0,1,3,0,0,1,4.2,4.2,0.0%,WR,2012
47,48,Justin Blackmon,3,8,40,13.3,19,0,0,0,0,0,0,1,4.0,4.0,0.0%,WR,2012
48,49,Steve Smith,4,13,40,10.0,14,0,0,0,0,0,0,1,4.0,4.0,0.0%,WR,2012
49,50,Steve Johnson,6,10,39,6.5,14,0,0,0,0,0,0,1,3.9,3.9,0.0%,WR,2012
50,51,Jeremy Maclin,5,8,39,7.8,11,0,0,0,0,0,0,1,3.9,3.9,0.0%,WR,2012
51,52,Harry Douglas,2,5,34,17.0,19,0,0,1,5,0,0,1,3.9,3.9,0.0%,WR,2012
52,53,Torrey Smith,3,4,38,12.7,26,1,0,0,0,0,0,1,3.8,3.8,0.0%,WR,2012
53,54,Doug Baldwin,3,4,37,12.3,19,0,0,0,0,0,0,1,3.7,3.7,0.0%,WR,2012
54,55,T.Y. Hilton,3,9,37,12.3,26,1,0,1,0,0,0,1,3.7,3.7,3.0%,WR,2012
55,56,Brad Smith,1,1,1,1.0,1,0,0,1,35,0,0,1,3.6,3.6,0.0%,WR,2012
56,57,Michael Jenkins,3,4,35,11.7,15,0,0,0,0,0,0,1,3.5,3.5,0.0%,WR,2012
57,58,Brandon Lloyd,3,5,34,11.3,15,0,0,0,0,0,0,1,3.4,3.4,0.0%,WR,2012
58,59,Devin Aromashodu,3,4,34,11.3,19,0,0,0,0,0,0,1,3.4,3.4,0.0%,WR,2012
59,60,Jason Avant,3,3,34,11.3,12,0,0,0,0,0,0,1,3.4,3.4,0.0%,WR,2012
60,61,Brandon Gibson,3,4,33,11.0,14,0,0,0,0,0,0,1,3.3,3.3,0.0%,WR,2012
61,62,Eddie Royal,2,5,31,15.5,20,1,0,0,0,0,0,1,3.1,3.1,0.0%,WR,2012
62,63,Early Doucet,3,7,29,9.7,12,0,0,0,0,0,0,1,2.9,2.9,0.0%,WR,2012
63,64,Chaz Schilens,4,5,29,7.3,12,0,0,0,0,0,0,1,2.9,2.9,0.0%,WR,2012
64,65,Jordy Nelson,2,5,29,14.5,19,0,0,0,0,0,0,1,2.9,2.9,0.1%,WR,2012
65,66,Trevor Graham,2,3,28,14.0,19,0,0,0,0,0,0,1,2.8,2.8,0.0%,WR,2012
66,67,Edmond Gates,1,3,27,27.0,27,1,0,0,0,0,0,1,2.7,2.7,0.0%,WR,2012
67,68,Jon Baldwin,1,3,26,26.0,26,1,0,0,0,0,0,1,2.6,2.6,0.0%,WR,2012
68,69,Deion Branch,1,2,25,25.0,25,1,0,0,0,0,0,1,2.5,2.5,0.0%,WR,2012
69,70,Pierre Garcon,3,7,24,8.0,20,1,0,0,0,0,0,1,2.4,2.4,0.0%,WR,2012
70,71,Kenny Britt,2,5,23,11.5,17,0,0,0,0,0,0,1,2.3,2.3,0.0%,WR,2012
71,72,Emmanuel Sanders,3,7,22,7.3,12,0,0,0,0,0,0,1,2.2,2.2,0.0%,WR,2012
72,73,Donnie Avery,3,8,22,7.3,10,0,0,0,0,0,0,1,2.2,2.2,0.0%,WR,2012
73,74,Armon Binns,4,6,41,10.3,16,0,0,0,0,0,1,1,2.1,2.1,0.0%,WR,2012
74,75,Michael Floyd,1,3,17,17.0,17,0,0,0,0,0,0,1,1.7,1.7,0.0%,WR,2012
75,76,Kevin Elliott,2,3,17,8.5,11,0,0,0,0,0,0,1,1.7,1.7,0.0%,WR,2012
76,77,Mike Wallace,2,8,17,8.5,9,0,0,0,0,0,0,1,1.7,1.7,0.0%,WR,2012
77,78,Andre Johnson,1,6,15,15.0,15,0,0,0,0,0,0,1,1.5,1.5,0.0%,WR,2012
78,79,Mike Thomas,4,8,15,3.8,5,0,0,0,0,0,0,1,1.5,1.5,0.0%,WR,2012
79,80,Donald Driver,1,2,14,14.0,14,0,0,0,0,0,0,1,1.4,1.4,0.0%,WR,2012
80,81,Keshawn Martin,0,0,0,0.0,0,0,0,1,14,0,0,1,1.4,1.4,0.0%,WR,2012
81,82,Donald Jones,2,4,13,6.5,8,0,0,0,0,0,0,1,1.3,1.3,0.0%,WR,2012
82,83,Kealoha Pilares,0,0,0,0.0,0,0,0,0,12,0,0,1,1.2,1.2,0.0%,WR,2012
83,84,Randy Moss,1,2,11,11.0,11,0,0,0,0,0,0,1,1.1,1.1,0.0%,WR,2012
84,85,Ben Obomanu,0,0,0,0.0,0,0,0,1,11,0,0,1,1.1,1.1,0.0%,WR,2012
85,86,Aldrick Robinson,1,1,10,10.0,10,0,0,0,0,0,0,1,1.0,1.0,0.0%,WR,2012
86,87,Jason Hill,1,2,10,10.0,10,0,0,0,0,0,0,1,1.0,1.0,0.0%,WR,2012
87,88,Braylon Edwards,1,1,10,10.0,10,0,0,0,0,0,0,1,1.0,1.0,0.0%,WR,2012
88,89,Damian Williams,1,3,9,9.0,9,0,0,0,0,0,0,1,0.9,0.9,0.0%,WR,2012
89,90,Louis Murphy,1,2,5,5.0,5,0,0,1,3,0,0,1,0.8,0.8,0.0%,WR,2012
90,91,Jerricho Cotchery,1,1,7,7.0,7,0,0,0,0,0,0,1,0.7,0.7,0.0%,WR,2012
91,92,Dane Sanzenbacher,1,2,7,7.0,7,0,0,0,0,0,0,1,0.7,0.7,0.0%,WR,2012
92,93,Jerrel Jernigan,1,1,6,6.0,6,0,0,0,0,0,0,1,0.6,0.6,0.0%,WR,2012
93,94,Stephen Burton,1,1,6,6.0,6,0,0,0,0,0,0,1,0.6,0.6,0.0%,WR,2012
94,95,Austin Pettis,1,2,6,6.0,6,0,0,0,0,0,0,1,0.6,0.6,0.0%,WR,2012
95,96,Leonard Hankerson,1,1,3,3.0,3,0,0,1,2,0,0,1,0.5,0.5,0.0%,WR,2012
96,97,Josh Morgan,1,1,4,4.0,4,0,0,0,0,0,0,1,0.4,0.4,0.0%,WR,2012
97,98,Ryan Davis,0,0,0,0.0,0,0,0,0,0,0,0,1,0.0,0.0,0.0%,WR,2012
98,99,DeAndre Presley,0,0,0,0.0,0,0,0,0,0,0,0,1,0.0,0.0,0.0%,WR,2012
99,100,Darius Johnson,0,0,0,0.0,0,0,0,0,0,0,0,1,0.0,0.0,0.0%,WR,2012
100,101,Martel Moore,0,0,0,0.0,0,0,0,0,0,0,0,1,0.0,0.0,0.0%,WR,2012
101,102,Matt Willis,0,0,0,0.0,0,0,0,0,0,0,0,1,0.0,0.0,0.0%,WR,2012
102,103,Matthew Slater,0,0,0,0.0,0,0,0,0,0,0,0,1,0.0,0.0,0.0%,WR,2012
103,104,Armanti Edwards,0,0,0,0.0,0,0,0,0,0,0,0,1,0.0,0.0,0.0%,WR,2012
104,105,Ruvell Martin,0,0,0,0.0,0,0,0,0,0,0,0,1,0.0,0.0,0.0%,WR,2012
105,106,Ted Ginn,0,0,0,0.0,0,0,0,0,0,0,0,1,0.0,0.0,0.0%,WR,2012
106,107,Terrance Copper,0,0,0,0.0,0,0,0,0,0,0,0,1,0.0,0.0,0.0%,WR,2012
107,108,Mardy Gilyard,0,0,0,0.0,0,0,0,0,0,0,0,1,0.0,0.0,0.0%,WR,2012
108,109,Courtney Roby,0,0,0,0.0,0,0,0,0,0,0,0,1,0.0,0.0,0.0%,WR,2012
109,110,Brandon Tate,0,1,0,0.0,0,0,0,0,0,0,0,1,0.0,0.0,0.0%,WR,2012
110,111,Jerome Simpson,0,3,0,0.0,0,0,0,0,0,0,0,1,0.0,0.0,0.0%,WR,2012
111,112,Eric Weems,0,0,0,0.0,0,0,0,0,0,0,0,1,0.0,0.0,0.0%,WR,2012
112,113,Jacoby Jones,0,2,0,0.0,0,0,0,0,0,0,0,1,0.0,0.0,0.0%,WR,2012
113,114,LaVon Brazill,0,0,0,0.0,0,0,0,0,0,0,0,1,0.0,0.0,0.0%,WR,2012
114,115,Trindon Holliday,0,0,0,0.0,0,0,0,0,0,0,0,1,0.0,0.0,0.0%,WR,2012
115,116,Mohamed Sanu,0,0,0,0.0,0,0,0,0,0,0,0,1,0.0,0.0,0.0%,WR,2012
116,117,Brian Quick,0,1,0,0.0,0,0,0,0,0,0,0,1,0.0,0.0,0.0%,WR,2012
117,118,Marcus Thigpen,0,0,0,0.0,0,0,0,0,0,0,0,1,0.0,0.0,0.0%,WR,2012
118,119,Drew Davis,0,0,0,0.0,0,0,0,0,0,0,0,1,0.0,0.0,0.0%,WR,2012
119,120,Nathan Palmer,0,1,0,0.0,0,0,0,0,0,0,0,1,0.0,0.0,0.0%,WR,2012
120,121,Damaris Johnson,0,0,0,0.0,0,0,0,0,0,0,0,1,0.0,0.0,0.0%,WR,2012
121,122,Kevin Cone,0,0,0,0.0,0,0,0,0,0,0,0,1,0.0,0.0,0.0%,WR,2012
122,123,Marlon Moore,0,0,0,0.0,0,0,0,0,0,0,0,1,0.0,0.0,0.0%,WR,2012
123,124,Brandon Banks,0,0,0,0.0,0,0,0,0,0,0,0,1,0.0,0.0,0.0%,WR,2012
124,125,Richard Goodman,0,0,0,0.0,0,0,0,0,0,0,0,1,0.0,0.0,0.0%,WR,2012
125,126,Anthony Armstrong,0,0,0,0.0,0,0,0,0,0,0,0,1,0.0,0.0,0.0%,WR,2012
126,127,Joe Morgan,0,1,0,0.0,0,0,0,0,0,0,0,1,0.0,0.0,0.0%,WR,2012
127,128,LaQuan Williams,0,0,0,0.0,0,0,0,0,0,0,0,1,0.0,0.0,0.0%,WR,2012
128,129,Tandon Doss,0,1,0,0.0,0,0,0,0,0,0,0,1,0.0,0.0,0.0%,WR,2012
129,130,Greg Little,0,2,0,0.0,0,0,0,0,0,0,0,1,0.0,0.0,0.0%,WR,2012
130,131,Andre Caldwell,0,0,0,0.0,0,0,0,0,0,0,0,1,0.0,0.0,0.0%,WR,2012
131,132,DeVier Posey,0,0,0,0.0,0,0,0,1,-3,0,0,1,-0.3,-0.3,0.0%,WR,2012
132,133,Deonte Thompson,0,0,0,0.0,0,0,0,0,0,0,1,1,-2.0,-2.0,0.0%,WR,2012
133,134,Josh Cribbs,0,0,0,0.0,0,0,0,0,0,0,1,1,-2.0,-2.0,0.0%,WR,2012
