,Rank,Player,Receiving Receptions,Receiving Target,Receiving Yards,Yards/Reception,Longest Reception,Receiving 20+,Receiving Touchdowns,Rushing Attempts,Rushing Yards,Rushing Touchdown,Fumbles,Games Played,Fantasy Football Points,FTPS/Game,ROST,Position,Year
0,1,Brandon Marshall,9,10,122,13.6,39,1,3,0,0,0,0,1,30.2,30.2,2.6%,WR,2012
1,2,Eric Decker,8,11,99,12.4,30,1,2,0,0,0,0,1,21.9,21.9,0.6%,WR,2012
2,3,Randall Cobb,3,9,37,12.3,21,1,2,3,29,0,0,1,18.6,18.6,0.0%,WR,2012
3,4,Golden Tate,4,6,28,7.0,11,0,2,2,21,0,0,1,16.9,16.9,0.0%,WR,2012
4,5,A.J. Green,7,9,99,14.1,37,0,1,1,6,0,0,1,16.5,16.5,0.6%,WR,2012
5,6,T.Y. Hilton,6,11,102,17.0,36,2,1,1,1,0,0,1,16.3,16.3,3.0%,WR,2012
6,7,DeSean Jackson,3,7,100,33.3,77,0,1,0,0,0,0,1,16.0,16.0,0.6%,WR,2012
7,8,Kevin Ogletree,3,4,96,32.0,65,1,1,0,0,0,0,1,15.6,15.6,0.0%,WR,2012
8,9,Vincent Jackson,2,4,84,42.0,64,1,1,0,0,0,0,1,14.4,14.4,0.0%,WR,2012
9,10,Reggie Wayne,7,9,78,11.1,21,1,1,0,0,0,0,1,13.8,13.8,0.0%,WR,2012
10,11,Julio Jones,5,6,129,25.8,48,1,0,1,8,0,0,1,13.7,13.7,0.6%,WR,2012
11,12,Larry Fitzgerald,6,12,74,12.3,31,0,1,0,0,0,0,1,13.4,13.4,0.2%,WR,2012
12,13,Calvin Johnson,7,8,129,18.4,38,1,0,0,0,0,0,1,12.9,12.9,0.1%,WR,2012
13,14,Mike Williams,4,8,68,17.0,37,1,1,0,0,0,0,1,12.8,12.8,0.0%,WR,2012
14,15,Mike Wallace,3,5,66,22.0,51,0,1,0,0,0,0,1,12.6,12.6,0.0%,WR,2012
15,16,Sidney Rice,4,4,54,13.5,23,1,1,0,0,0,0,1,12.4,12.4,0.0%,WR,2012
16,17,James Jones,4,7,61,15.3,28,1,1,0,0,0,0,1,12.1,12.1,0.0%,WR,2012
17,18,Roddy White,7,10,118,16.9,26,3,0,0,0,0,0,1,11.8,11.8,0.0%,WR,2012
18,19,Andre Johnson,8,10,118,14.8,34,0,0,0,0,0,0,1,11.8,11.8,0.0%,WR,2012
19,20,Rod Streater,4,10,54,13.5,25,1,1,0,0,0,0,1,11.4,11.4,0.1%,WR,2012
20,21,Donnie Avery,5,8,108,21.6,48,1,0,0,0,0,0,1,10.8,10.8,0.0%,WR,2012
21,22,Malcom Floyd,4,4,48,12.0,16,0,1,0,0,0,0,1,10.8,10.8,0.0%,WR,2012
22,23,Brian Hartline,8,12,107,13.4,35,0,0,0,0,0,0,1,10.7,10.7,0.0%,WR,2012
23,24,Marques Colston,4,4,46,11.5,21,1,1,0,0,0,0,1,10.6,10.6,0.0%,WR,2012
24,25,Torrey Smith,4,9,46,11.5,26,1,1,0,0,0,0,1,10.6,10.6,0.0%,WR,2012
25,26,Steve Smith,3,7,41,13.7,19,0,1,0,0,0,0,1,10.1,10.1,0.0%,WR,2012
26,27,Micheal Spurlock,5,5,35,7.0,13,0,1,0,0,0,0,1,9.5,9.5,0.0%,WR,2012
27,28,Nate Washington,2,2,35,17.5,30,0,1,0,0,0,0,1,9.5,9.5,0.0%,WR,2012
28,29,Justin Blackmon,5,9,32,6.4,12,0,1,0,0,0,0,1,9.2,9.2,0.0%,WR,2012
29,30,Andre Roberts,4,7,86,21.5,40,1,0,0,0,0,0,1,8.6,8.6,0.0%,WR,2012
30,31,Armanti Edwards,1,1,82,82.0,82,0,0,0,0,0,0,1,8.2,8.2,0.0%,WR,2012
31,32,Emmanuel Sanders,2,2,20,10.0,16,0,1,0,0,0,0,1,8.0,8.0,0.0%,WR,2012
32,33,Michael Floyd,5,7,80,16.0,37,0,0,0,0,0,0,1,8.0,8.0,0.0%,WR,2012
33,34,Demaryius Thomas,6,8,77,12.8,45,0,0,0,0,0,0,1,7.7,7.7,0.1%,WR,2012
34,35,Anquan Boldin,5,5,57,11.4,21,1,0,0,0,0,0,1,7.7,7.7,0.1%,WR,2012
35,36,Miles Austin,7,9,76,10.9,20,1,0,0,0,0,0,1,7.6,7.6,0.0%,WR,2012
36,37,Darrius Heyward-Bey,5,6,74,14.8,46,0,0,0,0,0,0,1,7.4,7.4,0.0%,WR,2012
37,38,Victor Cruz,5,11,67,13.4,26,1,0,0,0,0,0,1,6.7,6.7,0.1%,WR,2012
38,39,Kenny Britt,5,8,67,13.4,23,1,0,0,0,0,1,1,6.7,6.7,0.0%,WR,2012
39,40,Davone Bess,6,9,67,11.2,16,0,0,0,0,0,0,1,6.7,6.7,0.0%,WR,2012
40,41,Denarius Moore,4,9,66,16.5,26,2,0,0,0,0,0,1,6.6,6.6,0.0%,WR,2012
41,42,Donald Jones,6,9,65,10.8,19,0,0,0,0,0,0,1,6.5,6.5,0.0%,WR,2012
42,43,Lance Moore,2,2,61,30.5,38,1,0,0,0,0,0,1,6.1,6.1,0.0%,WR,2012
43,44,Danario Alexander,3,3,61,20.3,30,1,0,0,0,0,0,1,6.1,6.1,0.0%,WR,2012
44,45,Dwayne Bowe,8,10,79,9.9,14,0,0,0,0,0,1,1,5.9,5.9,0.0%,WR,2012
45,46,Cecil Shorts,3,4,56,18.7,25,2,0,0,0,0,0,1,5.6,5.6,0.0%,WR,2012
46,47,Jason Avant,6,9,56,9.3,13,0,0,0,0,0,0,1,5.6,5.6,0.0%,WR,2012
47,48,Josh Morgan,6,12,46,7.7,16,0,0,1,9,0,0,1,5.5,5.5,0.0%,WR,2012
48,49,Ryan Broyles,6,6,52,8.7,13,0,0,0,0,0,0,1,5.2,5.2,0.0%,WR,2012
49,50,Greg Little,5,7,52,10.4,23,1,0,0,0,0,0,1,5.2,5.2,0.0%,WR,2012
50,51,Jerricho Cotchery,4,4,50,12.5,24,1,0,0,0,0,0,1,5.0,5.0,0.0%,WR,2012
51,52,Leonard Hankerson,3,4,49,16.3,25,1,0,0,0,0,0,1,4.9,4.9,0.0%,WR,2012
52,53,Brandon Stokley,3,4,43,14.3,20,1,0,0,0,0,0,1,4.3,4.3,0.0%,WR,2012
53,54,Laurent Robinson,6,9,41,6.8,10,0,0,0,0,0,0,1,4.1,4.1,0.0%,WR,2012
54,55,Josh Gordon,2,3,38,19.0,26,1,0,0,0,0,0,1,3.8,3.8,0.0%,WR,2012
55,56,Kendall Wright,2,7,30,15.0,18,0,0,0,0,0,0,1,3.0,3.0,0.0%,WR,2012
56,57,Andrew Hawkins,4,7,32,8.0,18,0,0,1,-2,0,0,1,3.0,3.0,0.0%,WR,2012
57,58,Mohamed Sanu,2,3,29,14.5,34,0,0,0,0,0,0,1,2.9,2.9,0.0%,WR,2012
58,59,Steve Johnson,3,7,29,9.7,14,0,0,0,0,0,0,1,2.9,2.9,0.0%,WR,2012
59,60,Kevin Walter,2,3,28,14.0,18,0,0,0,0,0,0,1,2.8,2.8,0.0%,WR,2012
60,61,Jeremy Maclin,2,4,28,14.0,22,1,0,0,0,0,0,1,2.8,2.8,0.0%,WR,2012
61,62,Seyi Ajirotutu,1,1,28,28.0,28,1,0,0,0,0,0,1,2.8,2.8,0.0%,WR,2012
62,63,Jabar Gaffney,2,3,27,13.5,18,0,0,0,0,0,0,1,2.7,2.7,0.0%,WR,2012
63,64,LaVon Brazill,2,5,25,12.5,19,0,0,0,0,0,0,1,2.5,2.5,0.0%,WR,2012
64,65,Earl Bennett,4,8,22,5.5,9,0,0,0,0,0,0,1,2.2,2.2,0.0%,WR,2012
65,66,Titus Young,2,5,20,10.0,17,0,0,0,0,0,0,1,2.0,2.0,0.0%,WR,2012
66,67,Juron Criner,0,0,0,0.0,0,0,0,0,0,0,0,1,2.0,2.0,0.0%,WR,2012
67,68,Damian Williams,2,3,19,9.5,19,0,0,0,0,0,0,1,1.9,1.9,0.0%,WR,2012
68,69,Antonio Brown,2,3,19,9.5,12,0,0,0,0,0,0,1,1.9,1.9,0.8%,WR,2012
69,70,Devin Hester,2,2,19,9.5,14,0,0,0,0,0,0,1,1.9,1.9,0.4%,WR,2012
70,71,Travis Benjamin,1,3,19,19.0,19,0,0,0,0,0,0,1,1.9,1.9,0.0%,WR,2012
71,72,Steve Breaston,2,2,17,8.5,10,0,0,0,0,0,0,1,1.7,1.7,0.0%,WR,2012
72,73,Brandon Tate,1,6,17,17.0,17,0,0,0,0,0,0,1,1.7,1.7,0.0%,WR,2012
73,74,Dez Bryant,1,4,15,15.0,15,0,0,0,0,0,0,1,1.5,1.5,2.6%,WR,2012
74,75,Jerome Simpson,1,2,14,14.0,14,0,0,0,0,0,0,1,1.4,1.4,0.0%,WR,2012
75,76,Percy Harvin,2,6,10,5.0,9,0,0,4,24,0,1,1,1.4,1.4,0.1%,WR,2012
76,77,Jon Baldwin,1,2,13,13.0,13,0,0,0,0,0,0,1,1.3,1.3,0.0%,WR,2012
77,78,Tiquan Underwood,1,2,12,12.0,12,0,0,0,0,0,0,1,1.2,1.2,0.0%,WR,2012
78,79,Hakeem Nicks,1,4,10,10.0,10,0,0,0,0,0,0,1,1.0,1.0,0.0%,WR,2012
79,80,Donald Driver,1,2,10,10.0,10,0,0,0,0,0,0,1,1.0,1.0,0.0%,WR,2012
80,81,Dezmon Briscoe,1,1,8,8.0,8,0,0,1,1,0,0,1,0.9,0.9,0.0%,WR,2012
81,82,Michael Jenkins,2,2,8,4.0,7,0,0,0,0,0,0,1,0.8,0.8,0.0%,WR,2012
82,83,Cole Beasley,1,2,8,8.0,8,0,0,0,0,0,0,1,0.8,0.8,0.0%,WR,2012
83,84,Devery Henderson,1,3,8,8.0,8,0,0,0,0,0,0,1,0.8,0.8,0.0%,WR,2012
84,85,Jarrett Boykin,2,2,7,3.5,6,0,0,0,0,0,0,1,0.7,0.7,0.0%,WR,2012
85,86,Doug Baldwin,1,3,6,6.0,6,0,0,0,0,0,0,1,0.6,0.6,0.0%,WR,2012
86,87,Derek Hagan,1,3,6,6.0,6,0,0,0,0,0,0,1,0.6,0.6,0.0%,WR,2012
87,88,Mohamed Massaquoi,1,3,6,6.0,6,0,0,0,0,0,0,1,0.6,0.6,0.0%,WR,2012
88,89,Jermaine Kearse,1,2,6,6.0,6,0,0,0,0,0,0,1,0.6,0.6,0.0%,WR,2012
89,90,Aldrick Robinson,1,2,6,6.0,6,0,0,0,0,0,0,1,0.6,0.6,0.0%,WR,2012
90,91,Louis Murphy,1,2,4,4.0,4,0,0,0,0,0,0,1,0.4,0.4,0.0%,WR,2012
91,92,Trevor Graham,2,3,4,2.0,5,0,0,0,0,0,0,1,0.4,0.4,0.0%,WR,2012
92,93,Santana Moss,1,2,2,2.0,2,0,0,0,0,0,0,1,0.2,0.2,0.0%,WR,2012
93,94,Keshawn Martin,0,0,0,0.0,0,0,0,1,1,0,0,1,0.1,0.1,0.0%,WR,2012
94,95,DeAndre Presley,0,0,0,0.0,0,0,0,0,0,0,0,1,0.0,0.0,0.0%,WR,2012
95,96,Darius Johnson,0,0,0,0.0,0,0,0,0,0,0,0,1,0.0,0.0,0.0%,WR,2012
96,97,Martel Moore,0,0,0,0.0,0,0,0,0,0,0,0,1,0.0,0.0,0.0%,WR,2012
97,98,Matt Willis,0,1,0,0.0,0,0,0,0,0,0,0,1,0.0,0.0,0.0%,WR,2012
98,99,Mike Thomas,0,0,0,0.0,0,0,0,0,0,0,0,1,0.0,0.0,0.0%,WR,2012
99,100,Kassim Osgood,0,0,0,0.0,0,0,0,0,0,0,0,1,0.0,0.0,0.0%,WR,2012
100,101,Terrance Copper,0,1,0,0.0,0,0,0,0,0,0,0,1,0.0,0.0,0.0%,WR,2012
101,102,Arrelious Benn,0,0,0,0.0,0,0,0,0,0,0,0,1,0.0,0.0,0.0%,WR,2012
102,103,Ramses Barden,0,0,0,0.0,0,0,0,0,0,0,0,1,0.0,0.0,0.0%,WR,2012
103,104,Roscoe Parrish,0,0,0,0.0,0,0,0,0,0,0,0,1,0.0,0.0,0.0%,WR,2012
104,105,Ruvell Martin,0,1,0,0.0,0,0,0,0,0,0,0,1,0.0,0.0,0.0%,WR,2012
105,106,Charly Martin,0,0,0,0.0,0,0,0,0,0,0,0,1,0.0,0.0,0.0%,WR,2012
106,107,Brad Smith,0,0,0,0.0,0,0,0,1,0,0,0,1,0.0,0.0,0.0%,WR,2012
107,108,Josh Cribbs,0,0,0,0.0,0,0,0,0,0,0,0,1,0.0,0.0,0.0%,WR,2012
108,109,Jacoby Jones,0,2,0,0.0,0,0,0,0,0,0,0,1,0.0,0.0,0.0%,WR,2012
109,110,Jordy Nelson,0,1,0,0.0,0,0,0,0,0,0,0,1,0.0,0.0,0.1%,WR,2012
110,111,Devin Aromashodu,0,1,0,0.0,0,0,0,0,0,0,0,1,0.0,0.0,0.0%,WR,2012
111,112,Domenik Hixon,0,1,0,0.0,0,0,0,0,0,0,0,1,0.0,0.0,0.0%,WR,2012
112,113,Early Doucet,0,4,0,0.0,0,0,0,0,0,0,0,1,0.0,0.0,0.0%,WR,2012
113,114,Eric Weems,0,1,0,0.0,0,0,0,0,0,0,0,1,0.0,0.0,0.0%,WR,2012
114,115,Trindon Holliday,0,0,0,0.0,0,0,0,0,0,0,0,1,0.0,0.0,0.0%,WR,2012
115,116,Rueben Randle,0,3,0,0.0,0,0,0,0,0,0,0,1,0.0,0.0,0.0%,WR,2012
116,117,Kevin Elliott,0,0,0,0.0,0,0,0,0,0,0,0,1,0.0,0.0,0.0%,WR,2012
117,118,Marcus Thigpen,0,0,0,0.0,0,0,0,0,0,0,0,1,0.0,0.0,0.0%,WR,2012
118,119,Drew Davis,0,0,0,0.0,0,0,0,0,0,0,0,1,0.0,0.0,0.0%,WR,2012
119,120,Damaris Johnson,0,0,0,0.0,0,0,0,0,0,0,0,1,0.0,0.0,0.0%,WR,2012
120,121,LaQuan Williams,0,0,0,0.0,0,0,0,0,0,0,0,1,0.0,0.0,0.0%,WR,2012
121,122,Harry Douglas,0,2,0,0.0,0,0,0,0,0,0,0,1,0.0,0.0,0.0%,WR,2012
122,123,Marlon Moore,0,1,0,0.0,0,0,0,0,0,0,0,1,0.0,0.0,0.0%,WR,2012
123,124,Riley Cooper,0,1,0,0.0,0,0,0,0,0,0,0,1,0.0,0.0,0.0%,WR,2012
124,125,Armon Binns,0,0,0,0.0,0,0,0,0,0,0,0,1,0.0,0.0,0.0%,WR,2012
125,126,Lestar Jean,0,0,0,0.0,0,0,0,0,0,0,0,1,0.0,0.0,0.0%,WR,2012
126,127,Joe Morgan,0,0,0,0.0,0,0,0,0,0,0,0,1,0.0,0.0,0.0%,WR,2012
127,128,Jerrel Jernigan,0,0,0,0.0,0,0,0,0,0,0,0,1,0.0,0.0,0.0%,WR,2012
128,129,Tandon Doss,0,0,0,0.0,0,0,0,0,0,0,0,1,0.0,0.0,0.0%,WR,2012
129,130,Kealoha Pilares,0,1,0,0.0,0,0,0,0,0,0,0,1,0.0,0.0,0.0%,WR,2012
130,131,Dwayne Harris,0,0,0,0.0,0,0,0,0,0,0,0,1,0.0,0.0,0.0%,WR,2012
131,132,Brandon Banks,2,2,-7,-3.5,2,0,0,1,3,0,0,1,-0.4,-0.4,0.0%,WR,2012
