,Rk,Date,G#,Week,Age,Tm,Unnamed: 6_level_1,Opp,Result,Int,Tgt,Cmp,Cmp%,Yds,Yds/Cmp,Yds/Tgt,TD,Rat,DADOT,Air,YAC,Bltz,Hrry,QBKD,Sk,Prss,Comb,MTkl,MTkl%,Year
0,1.0,2022-09-11,1.0,1.0,33.243,NOR,@,ATL,W 27-26,0,5,3,60.0%,26,8.7,5.2,0,73.7,6.6,16,10,0,0,1,0.0,1,6,1,14.3%,2022
1,2.0,2022-09-18,2.0,2.0,33.25,NOR,,TAM,L 10-20,0,3,1,33.3%,3,3.0,1.0,0,42.4,-0.7,-3,6,0,0,0,0.0,0,5,0,0.0%,2022
2,3.0,2022-09-25,3.0,3.0,33.257,NOR,@,CAR,L 14-22,0,4,3,75.0%,30,10.0,7.5,0,95.8,-0.5,-9,39,4,0,1,1.0,2,5,0,0.0%,2022
3,4.0,2022-10-02,4.0,4.0,33.264,NOR,,MIN,L 25-28,0,3,2,66.7%,21,10.5,7.0,0,86.8,6.3,19,2,2,0,0,1.0,1,8,1,11.1%,2022
4,5.0,2022-10-09,5.0,5.0,33.271,NOR,,SEA,W 39-32,0,1,0,0.0%,0,,0.0,0,39.6,5.0,0,0,2,0,0,0.0,0,3,0,0.0%,2022
5,6.0,2022-10-16,6.0,6.0,33.278,NOR,,CIN,L 26-30,0,5,5,100.0%,27,5.4,5.4,0,89.2,0.4,2,25,3,0,0,2.0,2,9,1,10.0%,2022
6,7.0,2022-10-20,7.0,7.0,33.282,NOR,@,ARI,L 34-42,0,3,2,66.7%,31,15.5,10.3,0,100.7,4.7,11,20,0,0,0,1.0,1,4,0,0.0%,2022
7,8.0,2022-10-30,8.0,8.0,33.292,NOR,,LVR,W 24-0,0,3,2,66.7%,3,1.5,1.0,0,70.1,4.3,-2,5,1,0,0,0.0,0,3,0,0.0%,2022
8,9.0,2022-11-07,9.0,9.0,33.3,NOR,,BAL,L 13-27,0,0,0,,0,,,0,,,0,0,7,1,0,1.0,2,7,0,0.0%,2022
9,10.0,2022-11-13,10.0,10.0,33.306,NOR,@,PIT,L 10-20,0,2,2,100.0%,38,19.0,19.0,0,118.7,5.0,10,28,0,0,0,0.0,0,8,1,11.1%,2022
10,11.0,2022-11-20,11.0,11.0,33.313,NOR,,LAR,W 27-20,0,2,1,50.0%,4,4.0,2.0,0,56.2,3.0,3,1,4,0,0,0.5,1,8,1,11.1%,2022
11,12.0,2022-11-27,12.0,12.0,33.32,NOR,@,SFO,L 0-13,0,5,2,40.0%,23,11.5,4.6,0,54.6,3.2,6,17,0,0,0,0.0,0,8,1,11.1%,2022
12,13.0,2022-12-05,13.0,13.0,33.328,NOR,@,TAM,L 16-17,1,8,6,75.0%,30,5.0,3.8,2,80.2,1.9,1,29,1,0,0,0.0,0,7,2,22.2%,2022
13,14.0,2022-12-18,14.0,15.0,33.341,NOR,,ATL,W 21-18,0,2,1,50.0%,12,12.0,6.0,0,68.7,6.5,4,8,0,0,0,0.0,0,8,0,0.0%,2022
14,15.0,2022-12-24,15.0,16.0,33.347,NOR,@,CLE,W 17-10,0,1,1,100.0%,15,15.0,15.0,0,118.7,-2.0,-2,17,0,0,0,0.0,0,5,2,28.6%,2022
15,16.0,2023-01-01,16.0,17.0,33.355,NOR,@,PHI,W 20-10,0,1,1,100.0%,9,9.0,9.0,0,104.2,3.0,3,6,1,0,0,0.0,0,7,0,0.0%,2022
16,17.0,2023-01-08,17.0,18.0,33.362,NOR,,CAR,L 7-10,0,1,1,100.0%,2,2.0,2.0,0,79.2,2.0,2,0,1,0,0,0.0,0,8,0,0.0%,2022
17,,17 Games,,,,,,,7-10-0,1,49,33,67.3%,274,8.3,5.6,2,86.6,3.0,61,213,26,1,2,6.5,10,109,10,8.4%,2022
