,Rk,Date,G#,Week,Age,Tm,Unnamed: 6_level_1,Opp,Result,Att,Yds,TD,1D,YBC,YBC/Att,YAC,YAC/Att,BrkTkl,Att/Br,Tgt,Rec,Yds,TD,1D,YBC,YBC/R,YAC,YAC/R,ADOT,BrkTkl,Rec/Br,Drop,Drop%,Int,Rat,Year
0,1.0,2022-10-02,4.0,4.0,32.257,NOR,,MIN,L 25-28,11,57,1,4,42,3.8,15,1.4,0,,1,1,8,0,0,-2,-2.0,10,10.0,-2.0,0,,0,0.0,0,100.0,2022
1,2.0,2022-10-17,6.0,6.0,32.272,DEN,@,LAC,L 16-19,15,66,0,2,29,1.9,37,2.5,0,,1,1,-2,0,0,-6,-6.0,4,4.0,-6.0,0,,0,0.0,0,79.2,2022
2,3.0,2022-10-23,7.0,7.0,32.278,DEN,,NYJ,L 9-16,8,24,1,2,14,1.8,10,1.3,0,,3,2,-1,0,0,-3,-1.5,2,1.0,-2.3,0,,0,0.0,0,70.1,2022
3,4.0,2022-10-30,8.0,8.0,32.285,DEN,@,JAX,W 21-17,14,46,1,2,18,1.3,28,2.0,4,3.5,2,1,13,0,0,1,1.0,12,12.0,1.5,0,,0,0.0,0,70.8,2022
4,5.0,2022-11-13,9.0,10.0,32.299,DEN,@,TEN,L 10-17,9,24,0,2,17,1.9,7,0.8,0,,3,3,23,0,0,-6,-2.0,29,9.7,-2.0,0,,0,0.0,0,98.6,2022
5,6.0,2022-11-20,10.0,11.0,32.306,DEN,,LVR,L 16-22,17,49,1,4,39,2.3,10,0.6,0,,4,4,23,0,1,-11,-2.8,34,8.5,-2.8,0,,0,0.0,0,90.6,2022
6,7.0,2022-11-27,11.0,12.0,32.313,DEN,@,CAR,L 10-23,13,92,0,3,38,2.9,54,4.2,0,,1,1,6,0,1,4,4.0,2,2.0,4.0,0,,0,0.0,0,91.7,2022
7,8.0,2022-12-04,12.0,13.0,32.32,DEN,@,BAL,L 9-10,17,47,0,1,31,1.8,16,0.9,1,17.0,4,4,14,0,0,-9,-2.3,23,5.8,-2.3,0,,0,0.0,0,81.2,2022
8,9.0,2022-12-11,13.0,14.0,32.327,DEN,,KAN,L 28-34,8,32,0,3,21,2.6,11,1.4,0,,5,3,-1,0,0,-12,-4.0,11,3.7,-1.8,0,,0,0.0,0,64.6,2022
9,10.0,2022-12-18,14.0,15.0,32.334,DEN,,ARI,W 24-15,24,130,1,9,73,3.0,57,2.4,0,,1,1,12,0,0,2,2.0,10,10.0,2.0,0,,0,0.0,0,116.7,2022
10,11.0,2022-12-25,15.0,16.0,32.341,DEN,@,LAR,L 14-51,8,34,0,3,24,3.0,10,1.3,0,,3,1,6,0,0,-6,-6.0,12,12.0,-1.7,0,,0,0.0,0,42.4,2022
11,12.0,2023-01-01,16.0,17.0,32.348,DEN,@,KAN,L 24-27,12,56,0,3,51,4.3,5,0.4,0,,6,4,16,0,1,-2,-0.5,18,4.5,-1.8,0,,0,0.0,0,70.1,2022
12,13.0,2023-01-08,17.0,18.0,32.355,DEN,,LAC,W 31-28,15,103,1,6,81,5.4,22,1.5,0,,1,1,15,0,1,-6,-6.0,21,21.0,-6.0,0,,0,0.0,0,118.7,2022
13,,13 Games,,,,,,,3-10-0,171,760,6,44,478,2.8,282,1.6,5,34.2,35,27,132,0,4,-56,-2.1,188,7.0,-1.8,0,,0,0.0,0,82.1,2022
