,Rk,Date,G#,Week,Age,Tm,Unnamed: 6_level_1,Opp,Result,Att,Yds,TD,1D,YBC,YBC/Att,YAC,YAC/Att,BrkTkl,Att/Br,Tgt,Rec,Yds,TD,1D,YBC,YBC/R,YAC,YAC/R,ADOT,BrkTkl,Rec/Br,Drop,Drop%,Int,Rat,Year
0,1.0,2022-09-11,1.0,1.0,32.019,NOR,@,ATL,W 27-26,4,81,1,2.0,51,12.8,30,7.5,0,,1,1,2,0,0.0,2,2.0,0,0.0,2.0,0,,0,0.0,0.0,79.2,2022
1,2.0,2022-09-18,2.0,2.0,32.026,NOR,,TAM,L 10-20,3,14,0,1.0,13,4.3,1,0.3,0,,0,0,0,0,0.0,0,,0,,,0,,0,0.0,,,2022
2,3.0,2022-10-02,4.0,4.0,32.04,NOR,,MIN,L 25-28,5,21,1,3.0,14,2.8,7,1.4,0,,0,0,0,0,0.0,0,,0,,,0,,0,0.0,,,2022
3,4.0,2022-10-09,5.0,5.0,32.047,NOR,,SEA,W 39-32,9,112,3,7.0,93,10.3,19,2.1,0,,0,0,0,0,0.0,0,,0,,,0,,0,0.0,,,2022
4,5.0,2022-10-16,6.0,6.0,32.054,NOR,,CIN,L 26-30,5,39,0,2.0,8,1.6,31,6.2,1,5.0,0,0,0,0,0.0,0,,0,,,0,,0,0.0,,,2022
5,6.0,2022-10-20,7.0,7.0,32.058,NOR,@,ARI,L 34-42,3,9,0,1.0,6,2.0,3,1.0,0,,1,1,3,1,1.0,-3,-3.0,6,6.0,-3.0,0,,0,0.0,0.0,118.7,2022
6,7.0,2022-10-30,8.0,8.0,32.068,NOR,,LVR,W 24-0,10,61,0,5.0,45,4.5,16,1.6,0,,2,1,11,0,1.0,5,5.0,6,6.0,4.5,0,,1,50.0,0.0,66.7,2022
7,8.0,2022-11-07,9.0,9.0,32.076,NOR,,BAL,L 13-27,1,6,0,0.0,4,4.0,2,2.0,0,,1,0,0,0,0.0,0,,0,,0.0,0,,0,0.0,0.0,39.6,2022
8,9.0,2022-11-13,10.0,10.0,32.082,NOR,@,PIT,L 10-20,3,1,0,,-1,-0.3,2,0.7,0,,0,0,0,0,,0,,0,,,0,,0,0.0,,,2022
9,10.0,2022-11-20,11.0,11.0,32.089,NOR,,LAR,W 27-20,9,52,0,2.0,32,3.6,20,2.2,0,,1,1,8,0,1.0,5,5.0,3,3.0,5.0,0,,0,0.0,0.0,100.0,2022
10,11.0,2022-11-27,12.0,12.0,32.096,NOR,@,SFO,L 0-13,6,13,0,,4,0.7,9,1.5,0,,2,1,7,0,,6,6.0,1,1.0,5.0,0,,0,0.0,0.0,58.3,2022
11,12.0,2022-12-05,13.0,13.0,32.104,NOR,@,TAM,L 16-17,3,10,0,0.0,4,1.3,6,2.0,0,,3,2,35,1,1.0,28,14.0,7,3.5,18.3,0,,0,0.0,0.0,145.8,2022
12,13.0,2022-12-18,14.0,15.0,32.117,NOR,,ATL,W 21-18,7,30,0,2.0,15,2.1,15,2.1,0,,0,0,0,0,0.0,0,,0,,,0,,0,0.0,,,2022
13,14.0,2022-12-24,15.0,16.0,32.123,NOR,@,CLE,W 17-10,9,56,1,4.0,37,4.1,19,2.1,0,,0,0,0,0,0.0,0,,0,,,0,,0,0.0,,,2022
14,15.0,2023-01-01,16.0,17.0,32.131,NOR,@,PHI,W 20-10,14,46,1,4.0,15,1.1,31,2.2,0,,1,1,10,0,1.0,0,0.0,10,10.0,0.0,0,,0,0.0,0.0,108.3,2022
15,16.0,2023-01-08,17.0,18.0,32.138,NOR,,CAR,L 7-10,5,24,0,1.0,14,2.8,10,2.0,0,,1,1,1,0,0.0,-3,-3.0,4,4.0,-3.0,0,,0,0.0,0.0,79.2,2022
16,,16 Games,,,,,,,7-9-0,96,575,7,34.0,354,3.7,221,2.3,1,96.0,13,9,77,2,5.0,40,4.4,37,4.1,5.8,0,,1,7.7,0.0,124.0,2022
