,Rk,Date,G#,Week,Age,Tm,Unnamed: 6_level_1,Opp,Result,Int,Tgt,Cmp,Cmp%,Yds,Yds/Cmp,Yds/Tgt,TD,Rat,DADOT,Air,YAC,Bltz,Hrry,QBKD,Sk,Prss,Comb,MTkl,MTkl%
0,1.0,2022-09-11,1.0,1.0,30.121,NOR,@,ATL,W 27-26,0,1,0,0.0%,0,,0.0,0,39.6,18.0,0,0,0,0,0,0.0,0,7,0,0.0%
1,2.0,2022-09-18,2.0,2.0,30.128,NOR,,TAM,L 10-20,0,1,1,100.0%,9,9.0,9.0,0,104.2,8.0,8,1,1,0,0,0.0,0,3,0,0.0%
2,3.0,2022-09-25,3.0,3.0,30.135,NOR,@,CAR,L 14-22,0,2,1,50.0%,24,24.0,12.0,0,93.7,7.0,18,6,1,0,0,0.0,0,4,0,0.0%
3,4.0,2022-10-02,4.0,4.0,30.142,NOR,,MIN,L 25-28,1,6,4,66.7%,37,9.3,6.2,0,43.7,6.7,19,18,0,0,0,0.0,0,7,2,22.2%
4,5.0,2022-10-09,5.0,5.0,30.149,NOR,,SEA,W 39-32,0,3,1,33.3%,6,6.0,2.0,0,42.4,5.7,-3,9,1,0,0,0.0,0,5,0,0.0%
5,6.0,2022-10-16,6.0,6.0,30.156,NOR,,CIN,L 26-30,0,2,2,100.0%,18,9.0,9.0,0,104.2,7.0,14,4,1,0,0,0.0,0,3,2,40.0%
6,7.0,2022-10-20,7.0,7.0,30.16,NOR,@,ARI,L 34-42,0,0,0,,0,,,0,,,0,0,0,0,0,0.0,0,5,1,16.7%
7,8.0,2022-10-30,8.0,8.0,30.17,NOR,,LVR,W 24-0,1,3,2,66.7%,20,10.0,6.7,0,45.8,7.0,6,14,1,0,1,0.0,1,4,0,0.0%
8,9.0,2022-11-07,9.0,9.0,30.178,NOR,,BAL,L 13-27,0,4,4,100.0%,59,14.8,14.8,1,158.3,8.5,34,25,3,0,0,0.0,0,5,1,16.7%
9,10.0,2022-11-13,10.0,10.0,30.184,NOR,@,PIT,L 10-20,0,0,0,,0,,,0,,,0,0,2,0,0,0.0,0,7,0,0.0%
10,11.0,2022-11-20,11.0,11.0,30.191,NOR,,LAR,W 27-20,0,5,4,80.0%,43,10.8,8.6,1,142.1,7.8,35,8,0,0,0,0.0,0,6,0,0.0%
11,12.0,2022-11-27,12.0,12.0,30.198,NOR,@,SFO,L 0-13,0,5,3,60.0%,17,5.7,3.4,1,105.8,6.8,7,10,1,0,0,0.0,0,3,0,0.0%
12,13.0,2022-12-05,13.0,13.0,30.206,NOR,@,TAM,L 16-17,0,7,5,71.4%,47,9.4,6.7,0,89.6,5.7,27,20,1,0,0,0.0,0,5,0,0.0%
13,14.0,2022-12-18,14.0,15.0,30.219,NOR,,ATL,W 21-18,0,6,3,50.0%,28,9.3,4.7,0,63.2,5.8,10,18,2,0,0,1.0,1,6,0,0.0%
14,15.0,2022-12-24,15.0,16.0,30.225,NOR,@,CLE,W 17-10,0,8,4,50.0%,28,7.0,3.5,0,58.3,3.4,-3,31,0,0,0,0.0,0,11,0,0.0%
15,16.0,2023-01-01,16.0,17.0,30.233,NOR,@,PHI,W 20-10,0,3,2,66.7%,30,15.0,10.0,0,99.3,9.0,20,10,0,0,0,0.0,0,2,0,0.0%
16,17.0,2023-01-08,17.0,18.0,30.24,NOR,,CAR,L 7-10,1,3,1,33.3%,21,21.0,7.0,0,19.4,28.0,12,9,1,0,0,0.0,0,8,0,0.0%
17,,17 Games,,,,,,,7-10-0,3,59,37,62.7%,387,10.5,6.6,3,77.4,7.7,204,183,15,0,1,1.0,2,91,6,6.2%
