,Rk,Date,G#,Week,Age,Tm,Unnamed: 6_level_1,Opp,Result,Int,Tgt,Cmp,Cmp%,Yds,Yds/Cmp,Yds/Tgt,TD,Rat,DADOT,Air,YAC,Bltz,Hrry,QBKD,Sk,Prss,Comb,MTkl,MTkl%,Year
0,1.0,2018-09-09,1.0,1.0,20.13,BUF,@,BAL,L 3-47,0,8,6,75.0%,68,11.3,8.5,0,100.0,6.3,30,38,1,1,0,1.0,2,7,3,30.0%,2018
1,2.0,2018-09-16,2.0,2.0,20.137,BUF,,LAC,L 20-31,0,11,10,90.9%,105,10.5,9.5,1,136.7,3.0,37,68,3,1,0,0.0,1,7,4,36.4%,2018
2,3.0,2018-09-23,3.0,3.0,20.144,BUF,@,MIN,W 27-6,0,6,5,83.3%,33,6.6,5.5,0,89.6,4.2,17,16,4,0,0,0.0,0,10,0,0.0%,2018
3,4.0,2018-09-30,4.0,4.0,20.151,BUF,@,GNB,L 0-22,0,3,3,100.0%,35,11.7,11.7,0,115.3,7.0,21,14,4,0,1,0.0,1,6,3,33.3%,2018
4,5.0,2018-10-07,5.0,5.0,20.158,BUF,,TEN,W 13-12,0,6,6,100.0%,49,8.2,8.2,0,100.7,2.5,15,34,0,0,1,0.0,1,8,2,20.0%,2018
5,6.0,2018-10-14,6.0,6.0,20.165,BUF,@,HOU,L 13-20,0,3,2,66.7%,33,16.5,11.0,0,103.5,7.0,15,18,1,0,0,0.0,0,9,1,10.0%,2018
6,7.0,2018-10-21,7.0,7.0,20.172,BUF,@,IND,L 5-37,0,4,3,75.0%,32,10.7,8.0,0,97.9,9.3,23,9,1,0,1,0.0,1,7,0,0.0%,2018
7,8.0,2018-10-29,8.0,8.0,20.18,BUF,,NWE,L 6-25,0,10,8,80.0%,63,7.9,6.3,0,92.9,4.1,20,43,0,0,0,0.0,0,8,1,11.1%,2018
8,9.0,2018-11-11,10.0,10.0,20.193,BUF,@,NYJ,W 41-10,0,12,8,66.7%,76,9.5,6.3,0,84.0,2.4,19,57,3,1,0,0.0,1,8,5,38.5%,2018
9,10.0,2018-11-25,11.0,12.0,20.207,BUF,,JAX,W 24-21,0,5,2,40.0%,20,10.0,4.0,0,52.1,2.2,-3,23,1,0,1,0.0,1,8,2,20.0%,2018
10,11.0,2018-12-02,12.0,13.0,20.214,BUF,@,MIA,L 17-21,0,6,6,100.0%,43,7.2,7.2,1,136.1,2.3,14,29,4,0,1,0.0,1,4,0,0.0%,2018
11,12.0,2018-12-09,13.0,14.0,20.221,BUF,,NYJ,L 23-27,1,5,4,80.0%,30,7.5,6.0,0,52.1,6.0,9,21,2,0,0,0.0,0,8,2,20.0%,2018
12,13.0,2018-12-16,14.0,15.0,20.228,BUF,,DET,W 14-13,0,5,4,80.0%,15,3.8,3.0,0,79.2,1.0,3,12,8,1,0,0.0,1,8,0,0.0%,2018
13,14.0,2018-12-23,15.0,16.0,20.235,BUF,@,NWE,L 12-24,0,2,0,0.0%,0,,0.0,0,39.6,7.0,0,0,2,0,0,0.0,0,11,1,8.3%,2018
14,15.0,2018-12-30,16.0,17.0,20.242,BUF,,MIA,W 42-17,1,7,6,85.7%,32,5.3,4.6,0,46.1,2.7,2,30,3,0,0,1.0,1,12,0,0.0%,2018
15,,15 Games,,,,,,,6-9-0,2,93,73,78.5%,634,8.7,6.8,2,93.3,3.9,222,412,37,4,5,2.0,11,121,24,16.6%,2018
