,Rk,Date,G#,Week,Age,Tm,Unnamed: 6_level_1,Opp,Result,Tgt,Rec,Yds,TD,1D,YBC,YBC/R,YAC,YAC/R,ADOT,BrkTkl,Rec/Br,Drop,Drop%,Int,Rat,Att,Yds,TD,1D,YBC,YBC/Att,YAC,YAC/Att,BrkTkl,Att/Br
0,1.0,2018-09-09,1.0,1.0,23.163,BUF,@,BAL,L 3-47,6,3,26,0,2.0,25,8.3,1,0.3,9.5,0,,0,0.0,0,61.8,0,0,0,0.0,0,,0,,0,
1,2.0,2018-09-16,2.0,2.0,23.17,BUF,,LAC,L 20-31,3,2,63,0,1.0,59,29.5,4,2.0,24.3,0,,0,0.0,0,109.7,0,0,0,0.0,0,,0,,0,
2,3.0,2018-09-23,3.0,3.0,23.177,BUF,@,MIN,W 27-6,1,1,17,0,,11,11.0,6,6.0,11.0,0,,0,0.0,0,118.7,0,0,0,,0,,0,,0,
3,4.0,2018-09-30,4.0,4.0,23.184,BUF,@,GNB,L 0-22,7,4,38,0,2.0,34,8.5,4,1.0,11.6,0,,0,0.0,1,32.7,0,0,0,0.0,0,,0,,0,
4,5.0,2018-10-07,5.0,5.0,23.191,BUF,,TEN,W 13-12,4,3,20,0,2.0,16,5.3,4,1.3,7.0,0,,0,0.0,0,85.4,0,0,0,0.0,0,,0,,0,
5,6.0,2018-10-14,6.0,6.0,23.198,BUF,@,HOU,L 13-20,8,3,35,1,2.0,32,10.7,3,1.0,9.8,0,,0,0.0,0,91.1,0,0,0,0.0,0,,0,,0,
6,7.0,2018-10-21,7.0,7.0,23.205,BUF,@,IND,L 5-37,5,3,27,0,1.0,16,5.3,11,3.7,6.8,0,,0,0.0,1,35.0,0,0,0,0.0,0,,0,,0,
7,8.0,2018-10-29,8.0,8.0,23.213,BUF,,NWE,L 6-25,8,6,55,0,3.0,39,6.5,16,2.7,10.1,0,,0,0.0,0,93.2,0,0,0,0.0,0,,0,,0,
8,9.0,2018-11-04,9.0,9.0,23.219,BUF,,CHI,L 9-41,6,4,18,0,,8,2.0,10,2.5,2.2,0,,0,0.0,1,30.6,1,0,0,,-2,-2.0,2,2.0,0,
9,10.0,2018-11-11,10.0,10.0,23.226,BUF,@,NYJ,W 41-10,11,8,93,1,7.0,58,7.3,35,4.4,9.6,0,,0,0.0,0,128.2,0,0,0,0.0,0,,0,,0,
10,11.0,2018-11-25,11.0,12.0,23.24,BUF,,JAX,W 24-21,1,0,0,0,,0,,0,,15.0,0,,0,0.0,0,39.6,0,0,0,,0,,0,,0,
11,12.0,2018-12-02,12.0,13.0,23.247,BUF,@,MIA,L 17-21,9,4,67,2,3.0,62,15.5,5,1.3,18.4,0,,1,11.1,0,109.7,0,0,0,0.0,0,,0,,0,
12,13.0,2018-12-09,13.0,14.0,23.254,BUF,,NYJ,L 23-27,9,3,22,0,1.0,22,7.3,0,0.0,12.7,0,,2,22.2,2,2.8,0,0,0,0.0,0,,0,,0,
13,14.0,2018-12-16,14.0,15.0,23.261,BUF,,DET,W 14-13,6,1,11,0,,10,10.0,1,1.0,23.0,0,,0,0.0,0,39.6,0,0,0,,0,,0,,0,
14,15.0,2018-12-23,15.0,16.0,23.268,BUF,@,NWE,L 12-24,9,5,67,1,4.0,59,11.8,8,1.6,16.3,0,,0,0.0,0,116.4,0,0,0,0.0,0,,0,,0,
15,16.0,2018-12-30,16.0,17.0,23.275,BUF,,MIA,W 42-17,9,6,93,2,5.0,59,9.8,34,5.7,9.3,1,6.0,0,0.0,0,140.3,0,0,0,0.0,0,,0,,0,
16,,16 Games,,,,,,,6-10-0,102,56,652,7,33.0,510,9.1,142,2.5,12.0,1,56.0,3,2.9,5,76.9,1,0,0,0.0,-2,-2.0,2,2.0,0,
