,Rk,Date,G#,Week,Age,Tm,Unnamed: 6_level_1,Opp,Result,Int,Tgt,Cmp,Cmp%,Yds,Yds/Cmp,Yds/Tgt,TD,Rat,DADOT,Air,YAC,Bltz,Hrry,QBKD,Sk,Prss,Comb,MTkl,MTkl%,Year
0,1.0,2018-09-09,1.0,1.0,31.021,NWE,,HOU,W 27-20,0,4,1,25.0%,27,27.0,6.8,0,55.2,12.8,22,5,0,0,0,0.0,0,4,0,0.0%,2018
1,2.0,2018-09-16,2.0,2.0,31.028,NWE,@,JAX,L 20-31,0,3,3,100.0%,29,9.7,9.7,1,146.5,7.3,22,7,3,0,0,0.0,0,3,1,25.0%,2018
2,3.0,2018-09-30,4.0,4.0,31.042,NWE,,MIA,W 38-7,0,2,2,100.0%,40,20.0,20.0,0,118.7,12.0,24,16,0,0,0,0.0,0,4,0,0.0%,2018
3,4.0,2018-10-04,5.0,5.0,31.046,NWE,,IND,W 38-24,1,7,3,42.9%,49,16.3,7.0,0,27.4,8.7,31,18,7,0,0,0.5,1,11,1,8.3%,2018
4,5.0,2018-10-14,6.0,6.0,31.056,NWE,,KAN,W 43-40,0,5,3,60.0%,24,8.0,4.8,0,72.1,7.6,8,16,2,0,0,0.0,0,4,0,0.0%,2018
5,6.0,2018-10-21,7.0,7.0,31.063,NWE,@,CHI,W 38-31,0,14,10,71.4%,109,10.9,7.8,0,94.0,9.2,60,49,2,0,1,0.0,1,7,0,0.0%,2018
6,7.0,2018-10-29,8.0,8.0,31.071,NWE,@,BUF,W 25-6,0,10,5,50.0%,34,6.8,3.4,0,57.9,9.1,11,23,4,0,0,0.0,0,5,1,16.7%,2018
7,8.0,2018-11-04,9.0,9.0,31.077,NWE,,GNB,W 31-17,0,7,4,57.1%,41,10.3,5.9,1,113.7,8.4,32,9,0,0,0,0.0,0,6,0,0.0%,2018
8,9.0,2018-11-11,10.0,10.0,31.084,NWE,@,TEN,L 10-34,0,3,3,100.0%,36,12.0,12.0,1,156.2,4.0,12,24,3,1,0,0.0,1,4,2,33.3%,2018
9,10.0,2018-11-25,11.0,12.0,31.098,NWE,@,NYJ,W 27-13,0,8,7,87.5%,40,5.7,5.0,0,87.5,2.6,17,23,7,1,0,0.0,1,13,0,0.0%,2018
10,11.0,2018-12-02,12.0,13.0,31.105,NWE,,MIN,W 24-10,0,3,3,100.0%,57,19.0,19.0,0,118.7,9.3,28,29,3,0,0,0.0,0,3,1,25.0%,2018
11,12.0,2018-12-09,13.0,14.0,31.112,NWE,@,MIA,L 33-34,0,2,2,100.0%,3,1.5,1.5,0,79.2,0.0,0,3,3,0,0,0.0,0,4,0,0.0%,2018
12,13.0,2018-12-16,14.0,15.0,31.119,NWE,@,PIT,L 10-17,0,3,2,66.7%,13,6.5,4.3,1,115.3,9.0,13,0,2,0,0,0.0,0,6,0,0.0%,2018
13,14.0,2018-12-23,15.0,16.0,31.126,NWE,,BUF,W 24-12,0,6,2,33.3%,6,3.0,1.0,0,42.4,6.8,-7,13,1,0,0,0.0,0,7,0,0.0%,2018
14,15.0,2018-12-30,16.0,17.0,31.133,NWE,,NYJ,W 38-3,0,3,1,33.3%,7,7.0,2.3,0,42.4,6.0,3,4,5,1,0,0.0,1,3,0,0.0%,2018
15,,15 Games,,,,,,,11-4-0,1,80,51,63.8%,515,10.1,6.4,4,93.5,7.8,276,239,42,3,1,0.5,5,84,6,6.7%,2018
