,Rk,Date,G#,Week,Age,Tm,Unnamed: 6_level_1,Opp,Result,Tgt,Rec,Yds,TD,1D,YBC,YBC/R,YAC,YAC/R,ADOT,BrkTkl,Rec/Br,Drop,Drop%,Int,Rat,Att,Yds,TD,1D,YBC,YBC/Att,YAC,YAC/Att,BrkTkl,Att/Br
0,1.0,2018-09-09,1.0,1.0,25.247,NWE,,HOU,W 27-20,7,7,66,1,6.0,44.0,6.3,22.0,3.1,6.3,0.0,,0.0,0.0,0.0,145.5,0,0,0,0.0,0.0,,0.0,,0.0,
1,2.0,2018-09-16,2.0,2.0,25.254,NWE,@,JAX,L 20-31,7,5,44,0,2.0,34.0,6.8,10.0,2.0,11.0,0.0,,0.0,0.0,0.0,87.8,0,0,0,0.0,0.0,,0.0,,0.0,
2,3.0,2018-09-23,3.0,3.0,25.261,NWE,@,DET,L 10-26,5,0,0,0,,0.0,,0.0,,25.4,0.0,,1.0,20.0,1.0,0.0,0,0,0,,0.0,,0.0,,0.0,
3,4.0,2018-09-30,4.0,4.0,25.268,NWE,,MIA,W 38-7,7,4,55,1,2.0,22.0,5.5,33.0,8.3,14.9,2.0,2.0,0.0,0.0,2.0,82.4,0,0,0,0.0,0.0,,0.0,,0.0,
4,5.0,2018-10-04,5.0,5.0,25.272,NWE,,IND,W 38-24,3,3,25,0,1.0,24.0,8.0,1.0,0.3,8.0,0.0,,0.0,0.0,0.0,101.4,0,0,0,0.0,0.0,,0.0,,0.0,
5,6.0,2018-10-14,6.0,6.0,25.282,NWE,,KAN,W 43-40,0,0,0,0,,,,,,,,,,0.0,,,0,0,0,,,,,,,
6,7.0,2018-10-21,7.0,7.0,25.289,NWE,@,CHI,W 38-31,1,1,8,0,,8.0,8.0,0.0,0.0,8.0,0.0,,0.0,0.0,0.0,100.0,0,0,0,,0.0,,0.0,,0.0,
7,8.0,2018-10-29,8.0,8.0,25.297,NWE,@,BUF,W 25-6,0,0,0,0,,,,,,,,,,0.0,,,0,0,0,,,,,,,
8,9.0,2018-11-04,9.0,9.0,25.303,NWE,,GNB,W 31-17,3,3,30,0,1.0,23.0,7.7,7.0,2.3,7.7,0.0,,0.0,0.0,0.0,108.3,0,0,0,0.0,0.0,,0.0,,0.0,
9,10.0,2018-11-11,10.0,10.0,25.31,NWE,@,TEN,L 10-34,2,2,18,0,1.0,8.0,4.0,10.0,5.0,4.0,0.0,,0.0,0.0,0.0,104.2,0,0,0,0.0,0.0,,0.0,,0.0,
10,11.0,2018-11-25,11.0,12.0,25.324,NWE,@,NYJ,W 27-13,2,2,10,0,,8.0,4.0,2.0,1.0,4.0,0.0,,0.0,0.0,0.0,87.5,0,0,0,,0.0,,0.0,,0.0,
11,12.0,2018-12-02,12.0,13.0,25.331,NWE,,MIN,W 24-10,0,0,0,0,,,,,,,,,,0.0,,,0,0,0,,,,,,,
12,13.0,2018-12-09,13.0,14.0,25.338,NWE,@,MIA,L 33-34,0,0,0,0,,,,,,,,,,0.0,,,0,0,0,,,,,,,
13,14.0,2018-12-16,14.0,15.0,25.345,NWE,@,PIT,L 10-17,0,0,0,0,,,,,,,,,,0.0,,,0,0,0,,,,,,,
14,15.0,2018-12-23,15.0,16.0,25.352,NWE,,BUF,W 24-12,0,0,0,0,0.0,0.0,,0.0,,,0.0,,0.0,0.0,,,2,13,0,1.0,10.0,5.0,3.0,1.5,0.0,
15,16.0,2018-12-30,16.0,17.0,25.359,NWE,,NYJ,W 38-3,5,5,34,1,1.0,19.0,3.8,15.0,3.0,3.8,0.0,,0.0,0.0,0.0,134.6,2,16,0,1.0,16.0,8.0,0.0,0.0,0.0,
16,,16 Games,,,,,,,11-5-0,42,32,290,3,14.0,190.0,5.9,100.0,3.1,10.5,2.0,16.0,1.0,2.4,3.0,88.4,4,29,0,2.0,26.0,6.5,3.0,0.8,0.0,
