,Rk,Date,G#,Week,Age,Tm,Unnamed: 6_level_1,Opp,Result,Int,Tgt,Cmp,Cmp%,Yds,Yds/Cmp,Yds/Tgt,TD,Rat,DADOT,Air,YAC,Bltz,Hrry,QBKD,Sk,Prss,Comb,MTkl,MTkl%
0,1.0,2023-09-10,1.0,1.0,27.117,SFO,@,PIT,W 30-7,1,7,1,14.3%,35,35.0,5.0,0,8.3,18.6,10,25,0,0,0,0.0,0,3,0,0.0%
1,2.0,2023-09-17,2.0,2.0,27.124,SFO,@,LAR,W 30-23,0,11,10,90.9%,78,7.8,7.1,0,96.2,4.4,41,37,1,1,0,0.0,1,10,0,0.0%
2,3.0,2023-09-21,3.0,3.0,27.128,SFO,,NYG,W 30-12,0,6,3,50.0%,22,7.3,3.7,0,59.0,8.0,20,2,1,0,0,0.0,0,4,0,0.0%
3,4.0,2023-10-01,4.0,4.0,27.138,SFO,,ARI,W 35-16,0,4,2,50.0%,26,13.0,6.5,0,70.8,12.5,25,1,0,0,0,0.0,0,2,0,0.0%
4,5.0,2023-10-08,5.0,5.0,27.145,SFO,,DAL,W 42-10,0,3,1,33.3%,29,29.0,9.7,0,70.1,18.3,14,15,0,0,0,0.0,0,2,0,0.0%
5,6.0,2023-10-15,6.0,6.0,27.152,SFO,@,CLE,L 17-19,0,8,5,62.5%,52,10.4,6.5,0,81.2,12.6,47,5,0,0,0,0.0,0,5,0,0.0%
6,7.0,2023-10-23,7.0,7.0,27.16,SFO,@,MIN,L 17-22,1,9,6,66.7%,110,18.3,12.2,1,106.0,11.6,57,53,1,0,0,0.0,0,5,2,28.6%
7,8.0,2023-10-29,8.0,8.0,27.166,SFO,,CIN,L 17-31,0,7,5,71.4%,68,13.6,9.7,1,141.7,11.0,57,11,0,0,0,0.0,0,4,0,0.0%
8,9.0,2023-11-12,9.0,10.0,27.18,SFO,@,JAX,W 34-3,0,4,1,25.0%,6,6.0,1.5,0,39.6,11.3,-2,8,0,0,0,0.0,0,2,0,0.0%
9,10.0,2023-11-19,10.0,11.0,27.187,SFO,,TAM,W 27-14,0,12,7,58.3%,69,9.9,5.8,0,74.7,14.7,70,-1,0,0,0,0.0,0,9,0,0.0%
10,11.0,2023-11-23,11.0,12.0,27.191,SFO,@,SEA,W 31-13,0,11,4,36.4%,44,11.0,4.0,0,49.1,18.3,37,7,0,0,0,0.0,0,5,0,0.0%
11,12.0,2023-12-03,12.0,13.0,27.201,SFO,@,PHI,W 42-19,0,10,5,50.0%,81,16.2,8.1,0,77.5,8.2,26,55,0,0,0,0.0,0,5,0,0.0%
12,13.0,2023-12-10,13.0,14.0,27.208,SFO,,SEA,W 28-16,0,2,1,50.0%,21,21.0,10.5,0,87.5,29.0,6,15,0,0,0,0.0,0,1,1,50.0%
13,,13 Games,,,,,,,10-3-0,2,94,51,54.3%,641,12.6,6.8,2,73.9,12.5,408,233,3,1,0,0.0,1,57,3,5.0%
