,Rk,Date,G#,Week,Age,Tm,Unnamed: 6_level_1,Opp,Result,Int,Tgt,Cmp,Cmp%,Yds,Yds/Cmp,Yds/Tgt,TD,Rat,DADOT,Air,YAC,Bltz,Hrry,QBKD,Sk,Prss,Comb,MTkl,MTkl%,Year
0,1.0,2023-09-10,1.0,1.0,27.006,SFO,@,PIT,W 30-7,0,0,0,,0,,,0,,,0,0,0,0,0,,0,,0,,2023
1,2.0,2023-09-17,2.0,2.0,27.013,SFO,@,LAR,W 30-23,0,0,0,,0,,,0,,,0,0,0,0,0,,0,,0,,2023
2,3.0,2023-09-21,3.0,3.0,27.017,SFO,,NYG,W 30-12,0,0,0,,0,,,0,,,0,0,0,0,0,,0,,0,,2023
3,4.0,2023-10-01,4.0,4.0,27.027,SFO,,ARI,W 35-16,0,0,0,,0,,,0,,,0,0,0,0,0,,0,,0,,2023
4,5.0,2023-10-08,5.0,5.0,27.034,SFO,,DAL,W 42-10,0,0,0,,0,,,0,,,0,0,0,0,0,,0,,0,,2023
5,6.0,2023-10-15,6.0,6.0,27.041,SFO,@,CLE,L 17-19,0,1,0,0.0%,0,,0.0,0,39.6,6.0,0,0,0,0,0,0.0,0,3.0,0,0.0%,2023
6,7.0,2023-10-23,7.0,7.0,27.049,SFO,@,MIN,L 17-22,0,0,0,,0,,,0,,,0,0,0,0,0,,0,,0,,2023
7,8.0,2023-10-29,8.0,8.0,27.055,SFO,,CIN,L 17-31,0,0,0,,0,,,0,,,0,0,0,0,0,,0,,0,,2023
8,9.0,2023-11-19,10.0,11.0,27.076,SFO,,TAM,W 27-14,0,0,0,,0,,,0,,,0,0,0,0,0,0.0,0,1.0,0,0.0%,2023
9,10.0,2023-11-23,11.0,12.0,27.08,SFO,@,SEA,W 31-13,0,0,0,,0,,,0,,,0,0,0,0,0,0.0,0,1.0,0,0.0%,2023
10,11.0,2023-12-03,12.0,13.0,27.09,SFO,@,PHI,W 42-19,0,1,1,100.0%,15,15.0,15.0,0,118.7,15.0,15,0,0,0,0,0.0,0,1.0,0,0.0%,2023
11,12.0,2023-12-10,13.0,14.0,27.097,SFO,,SEA,W 28-16,0,0,0,,0,,,0,,,0,0,0,0,0,0.0,0,0.0,1,100.0%,2023
12,13.0,2023-12-17,14.0,15.0,27.104,SFO,@,ARI,W 45-29,0,0,0,,0,,,0,,,0,0,0,0,0,,0,,0,,2023
13,14.0,2023-12-25,15.0,16.0,27.112,SFO,,BAL,L 19-33,0,1,1,100.0%,23,23.0,23.0,0,118.7,3.0,3,20,0,0,0,0.0,0,3.0,0,0.0%,2023
14,15.0,2023-12-31,16.0,17.0,27.118,SFO,@,WAS,W 27-10,0,0,0,,0,,,0,,,0,0,0,0,0,,0,,0,,2023
15,16.0,2024-01-07,17.0,18.0,27.125,SFO,,LAR,L 20-21,0,1,0,0.0%,0,,0.0,0,39.6,5.0,0,0,2,0,0,0.0,0,10.0,0,0.0%,2023
16,,16 Games,,,,,,,11-5-0,0,4,2,50.0%,38,19.0,9.5,0,83.3,7.3,18,20,2,0,0,0.0,0,19.0,1,5.0%,2023
