,Rk,Date,G#,Week,Age,Tm,Home/Away,Opp,Result,Int,Tgt,Cmp,Cmp%,Yds,Yds/Cmp,Yds/Tgt,TD,Rat,DADOT,Air,YAC,Bltz,Hrry,QBKD,Sk,Prss,Comb,MTkl,MTkl%,Year
0,1.0,2023-09-10,1.0,1.0,23.339,SFO,PIT,W 30-7,0,9,8,88.9%,55,6.9,6.1,0,92.1,4.8,36,19,1,0,0,0.0,0,10,0,0.0%,2023,Away
1,2.0,2023-09-17,2.0,2.0,23.346,SFO,LAR,W 30-23,1,11,7,63.6%,85,12.1,7.7,0,49.4,12.2,75,10,0,0,0,0.0,0,10,0,0.0%,2023,Away
2,3.0,2023-09-21,3.0,3.0,23.35,SFO,NYG,W 30-12,0,6,4,66.7%,37,9.3,6.2,0,83.3,12.5,32,5,0,0,0,0.0,0,5,0,0.0%,2023,Home
3,4.0,2023-10-01,4.0,4.0,23.36,SFO,ARI,W 35-16,0,5,5,100.0%,31,6.2,6.2,0,92.5,5.6,28,3,0,0,0,0.0,0,5,0,0.0%,2023,Home
4,5.0,2023-10-08,5.0,5.0,24.002,SFO,DAL,W 42-10,0,5,2,40.0%,14,7.0,2.8,0,47.9,19.6,13,1,0,0,0,0.0,0,3,0,0.0%,2023,Home
5,6.0,2023-10-15,6.0,6.0,24.009,SFO,CLE,L 17-19,1,6,2,33.3%,71,35.5,11.8,0,39.6,17.5,30,41,0,0,0,0.0,0,5,2,28.6%,2023,Away
6,7.0,2023-10-23,7.0,7.0,24.017,SFO,MIN,L 17-22,0,5,2,40.0%,19,9.5,3.8,0,51.2,4.4,14,5,0,0,0,0.0,0,4,0,0.0%,2023,Away
7,8.0,2023-10-29,8.0,8.0,24.023,SFO,CIN,L 17-31,0,5,5,100.0%,53,10.6,10.6,0,110.8,6.6,33,20,0,0,0,0.0,0,6,0,0.0%,2023,Home
8,9.0,2023-11-12,9.0,10.0,24.037,SFO,JAX,W 34-3,0,5,5,100.0%,96,19.2,19.2,0,118.7,13.2,66,30,1,0,0,0.0,0,7,1,12.5%,2023,Away
9,10.0,2023-11-19,10.0,11.0,24.044,SFO,TAM,W 27-14,0,3,2,66.7%,14,7.0,4.7,0,77.1,6.3,-1,15,0,0,0,0.0,0,2,0,0.0%,2023,Home
10,11.0,2023-11-23,11.0,12.0,24.048,SFO,SEA,W 31-13,0,2,2,100.0%,43,21.5,21.5,0,118.7,17.0,34,9,1,0,0,0.0,0,7,0,0.0%,2023,Away
11,12.0,2023-12-03,12.0,13.0,24.058,SFO,PHI,W 42-19,0,10,7,70.0%,76,10.9,7.6,1,125.4,4.2,19,57,1,0,0,0.0,0,0,0,,2023,Away
12,13.0,2023-12-10,13.0,14.0,24.065,SFO,SEA,W 28-16,0,4,1,25.0%,7,7.0,1.8,0,39.6,3.8,-3,10,1,0,0,0.0,0,3,0,0.0%,2023,Home
13,,13 Games,,,,,,10-3-0,2,76,52,68.4%,601,11.6,7.9,1,85.5,9.4,376,225,5,0,0,0.0,0,67,3,4.3%,2023,Home
