,Rk,Date,G#,Week,Age,Tm,Unnamed: 6_level_1,Opp,Result,Int,Tgt,Cmp,Cmp%,Yds,Yds/Cmp,Yds/Tgt,TD,Rat,DADOT,Air,YAC,Bltz,Hrry,QBKD,Sk,Prss,Comb,MTkl,MTkl%,Year
0,1.0,2023-09-10,1.0,1.0,26.106,SFO,@,PIT,W 30-7,0,11,8,72.7%,33,4.1,3.0,1,105.5,2.9,7,26,3,1,0,0.0,1,6,2,25.0%,2023
1,2.0,2023-09-17,2.0,2.0,26.113,SFO,@,LAR,W 30-23,0,7,2,28.6%,14,7.0,2.0,1,79.2,1.7,-2,16,3,0,0,0.0,0,11,0,0.0%,2023
2,3.0,2023-09-21,3.0,3.0,26.117,SFO,,NYG,W 30-12,0,2,2,100.0%,26,13.0,13.0,0,118.7,6.0,12,14,4,0,1,0.0,1,5,1,16.7%,2023
3,4.0,2023-10-01,4.0,4.0,26.127,SFO,,ARI,W 35-16,0,5,4,80.0%,22,5.5,4.4,1,124.6,2.6,3,19,1,0,0,0.0,0,10,0,0.0%,2023
4,5.0,2023-10-08,5.0,5.0,26.134,SFO,,DAL,W 42-10,0,4,2,50.0%,2,1.0,0.5,0,56.2,5.3,0,2,2,0,0,1.0,1,5,0,0.0%,2023
5,6.0,2023-10-23,7.0,7.0,26.149,SFO,@,MIN,L 17-22,0,8,7,87.5%,50,7.1,6.3,1,132.3,3.0,22,28,3,1,1,0.0,2,10,1,9.1%,2023
6,7.0,2023-10-29,8.0,8.0,26.155,SFO,,CIN,L 17-31,0,6,5,83.3%,71,14.2,11.8,0,116.0,4.5,28,43,3,0,0,0.0,0,8,3,27.3%,2023
7,8.0,2023-11-12,9.0,10.0,26.169,SFO,@,JAX,W 34-3,0,8,4,50.0%,39,9.8,4.9,0,64.1,3.1,-8,47,1,0,0,0.0,0,8,1,11.1%,2023
8,9.0,2023-11-19,10.0,11.0,26.176,SFO,,TAM,W 27-14,0,5,3,60.0%,19,6.3,3.8,0,67.9,8.2,12,7,4,0,0,0.5,1,8,0,0.0%,2023
9,10.0,2023-11-23,11.0,12.0,26.18,SFO,@,SEA,W 31-13,0,4,4,100.0%,45,11.3,11.3,0,113.5,6.0,24,21,1,0,0,0.0,0,8,1,11.1%,2023
10,11.0,2023-12-03,12.0,13.0,26.19,SFO,@,PHI,W 42-19,0,1,1,100.0%,2,2.0,2.0,0,79.2,1.0,1,1,2,0,0,0.0,0,7,0,0.0%,2023
11,12.0,2023-12-10,13.0,14.0,26.197,SFO,,SEA,W 28-16,0,5,3,60.0%,33,11.0,6.6,0,79.6,-0.6,-2,35,2,0,0,0.0,0,4,2,33.3%,2023
12,13.0,2023-12-17,14.0,15.0,26.204,SFO,@,ARI,W 45-29,0,4,4,100.0%,49,12.3,12.3,0,117.7,9.5,38,11,0,0,0,0.0,0,8,1,11.1%,2023
13,14.0,2023-12-25,15.0,16.0,26.212,SFO,,BAL,L 19-33,0,6,4,66.7%,26,6.5,4.3,0,75.7,5.0,7,19,7,0,0,0.0,0,12,0,0.0%,2023
14,15.0,2023-12-31,16.0,17.0,26.218,SFO,@,WAS,W 27-10,0,6,5,83.3%,25,5.0,4.2,0,84.0,4.5,9,16,3,0,0,0.0,0,10,0,0.0%,2023
15,,15 Games,,,,,,,12-3-0,0,82,58,70.7%,456,7.9,5.6,4,100.5,4.0,151,305,39,2,2,1.5,6,120,12,9.1%,2023
