,Rk,Date,G#,Week,Age,Tm,Unnamed: 6_level_1,Opp,Result,Int,Tgt,Cmp,Cmp%,Yds,Yds/Cmp,Yds/Tgt,TD,Rat,DADOT,Air,YAC,Bltz,Hrry,QBKD,Sk,Prss,Comb,MTkl,MTkl%,Year
0,1.0,2023-09-10,1.0,1.0,26.193,SFO,@,PIT,W 30-7,0,0,0,,0,,,0,,,0,0,0,0,0,,0,,0,,2023
1,2.0,2023-09-17,2.0,2.0,26.2,SFO,@,LAR,W 30-23,0,0,0,,0,,,0,,,0,0,0,0,1,0.0,1,0.0,0,,2023
2,3.0,2023-09-21,3.0,3.0,26.204,SFO,,NYG,W 30-12,0,0,0,,0,,,0,,,0,0,0,0,0,,0,,0,,2023
3,4.0,2023-10-01,4.0,4.0,26.214,SFO,,ARI,W 35-16,0,0,0,,0,,,0,,,0,0,0,0,0,0.0,0,0.0,0,,2023
4,5.0,2023-10-08,5.0,5.0,26.221,SFO,,DAL,W 42-10,0,0,0,,0,,,0,,,0,0,0,0,0,1.0,1,2.0,0,0.0%,2023
5,6.0,2023-10-15,6.0,6.0,26.228,SFO,@,CLE,L 17-19,0,1,1,100.0%,0,0.0,0.0,0,79.2,-4.0,-4,4,0,0,0,0.0,0,4.0,0,0.0%,2023
6,7.0,2023-10-23,7.0,7.0,26.236,SFO,@,MIN,L 17-22,0,0,0,,0,,,0,,,0,0,0,0,0,0.0,0,1.0,0,0.0%,2023
7,8.0,2023-10-29,8.0,8.0,26.242,SFO,,CIN,L 17-31,0,0,0,,0,,,0,,,0,0,0,0,0,0.0,0,1.0,0,0.0%,2023
8,9.0,2023-11-12,9.0,10.0,26.256,SFO,@,JAX,W 34-3,0,0,0,,0,,,0,,,0,0,0,0,0,,0,,0,,2023
9,10.0,2023-11-19,10.0,11.0,26.263,SFO,,TAM,W 27-14,0,0,0,,0,,,0,,,0,0,0,0,0,,0,,0,,2023
10,11.0,2023-11-23,11.0,12.0,26.267,SFO,@,SEA,W 31-13,0,0,0,,0,,,0,,,0,0,0,0,0,0.5,1,1.0,0,0.0%,2023
11,12.0,2023-12-03,12.0,13.0,26.277,SFO,@,PHI,W 42-19,0,0,0,,0,,,0,,,0,0,0,0,0,0.0,0,0.0,0,,2023
12,13.0,2023-12-10,13.0,14.0,26.284,SFO,,SEA,W 28-16,0,0,0,,0,,,0,,,0,0,0,0,0,0.0,0,2.0,2,50.0%,2023
13,14.0,2023-12-17,14.0,15.0,26.291,SFO,@,ARI,W 45-29,0,1,1,100.0%,-7,-7.0,-7.0,0,79.2,-7.0,-7,0,0,0,0,0.0,0,4.0,0,0.0%,2023
14,15.0,2023-12-25,15.0,16.0,26.299,SFO,,BAL,L 19-33,0,0,0,,0,,,0,,,0,0,0,0,0,0.0,0,3.0,0,0.0%,2023
15,16.0,2023-12-31,16.0,17.0,26.305,SFO,@,WAS,W 27-10,0,0,0,,0,,,0,,,0,0,0,0,0,0.0,0,1.0,0,0.0%,2023
16,17.0,2024-01-07,17.0,18.0,26.312,SFO,,LAR,L 20-21,0,1,1,100.0%,13,13.0,13.0,0,118.7,-1.0,-1,14,0,0,1,0.0,1,3.0,0,0.0%,2023
17,,17 Games,,,,,,,12-5-0,0,3,3,100.0%,6,2.0,2.0,0,79.2,-4.0,-12,18,0,0,2,1.5,4,22.0,2,8.3%,2023
