,Rk,Date,G#,Week,Age,Tm,Unnamed: 6_level_1,Opp,Result,Tgt,Rec,Yds,TD,1D,YBC,YBC/R,YAC,YAC/R,ADOT,BrkTkl,Rec/Br,Drop,Drop%,Int,Rat,Att,Yds,TD,1D,YBC,YBC/Att,YAC,YAC/Att,BrkTkl,Att/Br
0,1.0,2019-09-08,1.0,1.0,29.017,DAL,,NYG,W 35-17,5,4,69,1,4.0,28,7.0,41,10.3,7.0,1,4.0,0,0.0,0,158.3,0,0,0,0.0,0,,0,,0,
1,2.0,2019-09-15,2.0,2.0,29.024,DAL,@,WAS,W 31-21,6,5,24,0,1.0,2,0.4,22,4.4,3.3,0,,1,16.7,1,43.7,2,11,0,0.0,6,3.0,5,2.5,0,
2,3.0,2019-09-22,3.0,3.0,29.031,DAL,,MIA,W 31-6,4,2,23,0,1.0,9,4.5,14,7.0,13.3,0,,0,0.0,1,28.1,0,0,0,0.0,0,,0,,0,
3,4.0,2019-09-29,4.0,4.0,29.038,DAL,@,NOR,L 10-12,6,3,41,0,2.0,31,10.3,10,3.3,9.5,0,,1,16.7,0,72.2,0,0,0,0.0,0,,0,,0,
4,5.0,2019-10-06,5.0,5.0,29.045,DAL,,GNB,L 24-34,6,3,53,0,3.0,40,13.3,13,4.3,13.0,0,,1,16.7,1,41.0,0,0,0,0.0,0,,0,,0,
5,6.0,2019-10-20,7.0,7.0,29.059,DAL,,PHI,W 37-10,3,2,29,0,2.0,24,12.0,5,2.5,10.0,0,,1,33.3,0,97.9,0,0,0,0.0,0,,0,,0,
6,7.0,2019-11-04,8.0,9.0,29.074,DAL,@,NYG,W 37-18,8,6,35,0,3.0,22,3.7,13,2.2,9.8,0,,0,0.0,0,82.8,1,0,0,0.0,0,0.0,0,0.0,0,
7,8.0,2019-11-10,9.0,10.0,29.08,DAL,,MIN,L 24-28,8,6,106,1,6.0,93,15.5,13,2.2,14.3,1,6.0,0,0.0,0,156.2,0,0,0,0.0,0,,0,,0,
8,9.0,2019-11-17,10.0,11.0,29.087,DAL,@,DET,W 35-27,7,4,115,1,4.0,65,16.3,50,12.5,13.4,0,,2,28.6,0,141.4,0,0,0,0.0,0,,0,,0,
9,10.0,2019-11-24,11.0,12.0,29.094,DAL,@,NWE,L 9-13,7,4,86,0,2.0,27,6.8,59,14.8,6.3,0,,0,0.0,0,100.9,0,0,0,0.0,0,,0,,0,
10,11.0,2019-11-28,12.0,13.0,29.098,DAL,,BUF,L 15-26,3,3,53,0,3.0,42,14.0,11,3.7,14.0,1,3.0,0,0.0,0,118.7,0,0,0,0.0,0,,0,,0,
11,12.0,2019-12-05,13.0,14.0,29.105,DAL,@,CHI,L 24-31,5,2,43,0,2.0,27,13.5,16,8.0,13.4,1,2.0,0,0.0,0,71.2,0,0,0,0.0,0,,0,,0,
12,13.0,2019-12-15,14.0,15.0,29.115,DAL,,LAR,W 44-21,2,1,-3,0,,-2,-2.0,-1,-1.0,-1.0,0,,1,50.0,0,56.2,0,0,0,,0,,0,,0,
13,14.0,2019-12-22,15.0,16.0,29.122,DAL,@,PHI,L 9-17,7,5,73,0,4.0,58,11.6,15,3.0,11.9,1,5.0,1,14.3,0,105.1,0,0,0,0.0,0,,0,,0,
14,15.0,2019-12-29,16.0,17.0,29.129,DAL,,WAS,W 47-16,6,5,81,0,4.0,33,6.6,48,9.6,5.2,0,,0,0.0,0,118.7,0,0,0,0.0,0,,0,,0,
15,,15 Games,,,,,,,8-7-0,83,55,828,3,41.0,499,9.1,329,6.0,9.9,5,11.0,8,9.6,3,95.9,3,11,0,0.0,6,2.0,5,1.7,0,
