,Rk,Date,G#,Week,Age,Tm,Unnamed: 6_level_1,Opp,Result,Tgt,Rec,Yds,TD,1D,YBC,YBC/R,YAC,YAC/R,ADOT,BrkTkl,Rec/Br,Drop,Drop%,Int,Rat,Att,Yds,TD,1D,YBC,YBC/Att,YAC,YAC/Att,BrkTkl,Att/Br,Year
0,1.0,2019-09-08,1.0,1.0,29.177,DAL,,NYG,W 35-17,1,1,8,0,1.0,6,6.0,2,2.0,6.0,0,,0,0.0,0.0,100.0,0,0,0,0.0,0,,0,,0,,2019
1,2.0,2019-09-29,4.0,4.0,29.198,DAL,@,NOR,L 10-12,1,1,5,0,,5,5.0,0,0.0,5.0,0,,0,0.0,0.0,87.5,1,3,0,,3,3.0,0,0.0,0,,2019
2,3.0,2019-10-06,5.0,5.0,29.205,DAL,,GNB,L 24-34,1,1,13,0,1.0,-4,-4.0,17,17.0,-4.0,0,,0,0.0,0.0,118.7,1,14,0,1.0,9,9.0,5,5.0,0,,2019
3,4.0,2019-10-13,6.0,6.0,29.212,DAL,@,NYJ,L 22-24,6,5,64,0,3.0,41,8.2,23,4.6,7.8,0,,0,0.0,0.0,111.1,0,0,0,0.0,0,,0,,0,,2019
4,5.0,2019-10-20,7.0,7.0,29.219,DAL,,PHI,W 37-10,1,0,0,0,0.0,0,,0,,37.0,0,,0,0.0,1.0,0.0,1,20,1,1.0,7,7.0,13,13.0,0,,2019
5,6.0,2019-11-04,8.0,9.0,29.234,DAL,@,NYG,W 37-18,0,0,0,0,,0,,0,,,0,,0,0.0,,,0,0,0,,0,,0,,0,,2019
6,7.0,2019-11-10,9.0,10.0,29.24,DAL,,MIN,L 24-28,0,0,0,0,,0,,0,,,0,,0,0.0,,,1,7,0,,7,7.0,0,0.0,0,,2019
7,8.0,2019-11-17,10.0,11.0,29.247,DAL,@,DET,W 35-27,1,0,0,0,,0,,0,,39.0,0,,0,0.0,0.0,39.6,0,0,0,,0,,0,,0,,2019
8,9.0,2019-11-24,11.0,12.0,29.254,DAL,@,NWE,L 9-13,1,0,0,0,,0,,0,,18.0,0,,0,0.0,0.0,39.6,0,0,0,,0,,0,,0,,2019
9,10.0,2019-11-28,12.0,13.0,29.258,DAL,,BUF,L 15-26,5,2,22,0,2.0,17,8.5,5,2.5,11.8,0,,0,0.0,0.0,53.7,0,0,0,0.0,0,,0,,0,,2019
10,11.0,2019-12-05,13.0,14.0,29.265,DAL,@,CHI,L 24-31,2,0,0,0,,0,,0,,10.5,0,,0,0.0,0.0,39.6,0,0,0,,0,,0,,0,,2019
11,12.0,2019-12-15,14.0,15.0,29.275,DAL,,LAR,W 44-21,1,1,59,1,1.0,24,24.0,35,35.0,24.0,0,,0,0.0,0.0,158.3,2,3,0,0.0,2,1.0,1,0.5,0,,2019
12,13.0,2019-12-22,15.0,16.0,29.282,DAL,@,PHI,L 9-17,2,1,5,0,,4,4.0,1,1.0,18.0,0,,0,0.0,0.0,56.2,0,0,0,,0,,0,,0,,2019
13,14.0,2019-12-29,16.0,17.0,29.289,DAL,,WAS,W 47-16,2,1,1,0,,-1,-1.0,2,2.0,5.5,0,,0,0.0,0.0,56.2,0,0,0,,0,,0,,0,,2019
14,,14 Games,,,,,,,6-8-0,24,13,177,1,8.0,92,7.1,85,6.5,12.5,0,,0,0.0,1.0,74.5,6,47,1,2.0,28,4.7,19,3.2,0,,2019
