,Rk,Date,G#,Week,Age,Tm,Unnamed: 6_level_1,Opp,Result,Int,Tgt,Cmp,Cmp%,Yds,Yds/Cmp,Yds/Tgt,TD,Rat,DADOT,Air,YAC,Bltz,Hrry,QBKD,Sk,Prss,Comb,MTkl,MTkl%,Year
0,1.0,2018-09-16,2.0,2.0,23.209,TEN,,HOU,W 20-17,0,0,0,,0.0,,,0.0,,,0.0,0.0,0,0,0,0.0,0,0,0,,2018
1,2.0,2018-10-14,6.0,6.0,23.237,TEN,,BAL,L 0-21,0,0,0,,0.0,,,0.0,,,0.0,0.0,0,0,0,0.0,0,0,0,,2018
2,3.0,2018-10-21,7.0,7.0,23.244,TEN,@,LAC,L 19-20,0,0,0,,0.0,,,0.0,,,0.0,0.0,0,0,0,0.0,0,0,0,,2018
3,4.0,2018-11-05,8.0,9.0,23.259,TEN,@,DAL,W 28-14,0,0,0,,0.0,,,0.0,,,0.0,0.0,0,0,0,0.0,0,0,0,,2018
4,5.0,2018-11-11,9.0,10.0,23.265,TEN,,NWE,W 34-10,0,0,0,,0.0,,,0.0,,,0.0,0.0,0,0,0,0.0,0,0,0,,2018
5,6.0,2018-11-18,10.0,11.0,23.272,TEN,@,IND,L 10-38,0,0,0,,0.0,,,0.0,,,0.0,0.0,0,0,0,0.0,0,0,0,,2018
6,7.0,2018-11-26,11.0,12.0,23.28,TEN,@,HOU,L 17-34,0,0,0,,0.0,,,0.0,,,0.0,0.0,0,0,0,0.0,0,0,0,,2018
7,8.0,2018-12-02,12.0,13.0,23.286,TEN,,NYJ,W 26-22,0,0,0,,0.0,,,0.0,,,0.0,0.0,0,0,0,0.0,0,0,0,,2018
8,9.0,2018-12-06,13.0,14.0,23.29,TEN,,JAX,W 30-9,0,0,0,,0.0,,,0.0,,,0.0,0.0,0,0,0,0.0,0,0,0,,2018
9,10.0,2018-12-16,14.0,15.0,23.3,TEN,@,NYG,W 17-0,0,0,0,,0.0,,,0.0,,,0.0,0.0,0,0,0,0.0,0,1,0,0.0%,2018
10,11.0,2018-12-22,15.0,16.0,23.306,TEN,,WAS,W 25-16,0,0,0,,0.0,,,0.0,,,0.0,0.0,0,0,0,0.0,0,0,0,,2018
11,12.0,2018-12-30,16.0,17.0,23.314,TEN,,IND,L 17-33,0,0,0,,0.0,,,0.0,,,0.0,0.0,0,0,0,0.0,0,0,0,,2018
12,,12 Games,,,,,,,7-5-0,0,0,0,,,,,,,,,,0,0,0,0.0,0,1,0,0.0%,2018
