,Rk,Date,G#,Week,Age,Tm,Unnamed: 6_level_1,Opp,Result,Int,Tgt,Cmp,Cmp%,Yds,Yds/Cmp,Yds/Tgt,TD,Rat,DADOT,Air,YAC,Bltz,Hrry,QBKD,Sk,Prss,Comb,MTkl,MTkl%,Year
0,1.0,2018-09-09,1.0,1.0,32.04,TEN,@,MIA,L 20-27,0,1,0,0.0%,0,,0.0,0,39.6,4.0,0,0,2,0,0,0.0,0,2,0,0.0%,2018
1,2.0,2018-09-16,2.0,2.0,32.047,TEN,,HOU,W 20-17,0,0,0,,0,,,0,,,0,0,0,3,1,0.0,4,1,0,0.0%,2018
2,3.0,2018-09-23,3.0,3.0,32.054,TEN,@,JAX,W 9-6,0,1,1,100.0%,15,15.0,15.0,0,118.7,5.0,5,10,4,1,0,0.0,1,2,0,0.0%,2018
3,4.0,2018-09-30,4.0,4.0,32.061,TEN,,PHI,W 26-23,0,1,1,100.0%,2,2.0,2.0,0,79.2,-2.0,-2,4,0,0,0,0.0,0,3,0,0.0%,2018
4,5.0,2018-10-07,5.0,5.0,32.068,TEN,@,BUF,L 12-13,0,0,0,,0,,,0,,,0,0,1,0,0,0.0,0,6,2,25.0%,2018
5,6.0,2018-10-14,6.0,6.0,32.075,TEN,,BAL,L 0-21,0,1,1,100.0%,11,11.0,11.0,0,112.5,11.0,11,0,2,1,0,0.0,1,4,0,0.0%,2018
6,7.0,2018-10-21,7.0,7.0,32.082,TEN,@,LAC,L 19-20,0,1,1,100.0%,4,4.0,4.0,0,83.3,0.0,0,4,5,1,0,0.0,1,1,0,0.0%,2018
7,8.0,2018-11-05,8.0,9.0,32.097,TEN,@,DAL,W 28-14,0,0,0,,0,,,0,,,0,0,0,3,1,1.0,5,1,0,0.0%,2018
8,9.0,2018-11-11,9.0,10.0,32.103,TEN,,NWE,W 34-10,0,1,1,100.0%,6,6.0,6.0,0,91.7,-3.0,-3,9,0,0,0,0.0,0,3,1,25.0%,2018
9,10.0,2018-11-18,10.0,11.0,32.11,TEN,@,IND,L 10-38,0,0,0,,0,,,0,,,0,0,0,0,0,0.0,0,0,0,,2018
10,11.0,2018-11-26,11.0,12.0,32.118,TEN,@,HOU,L 17-34,0,1,1,100.0%,4,4.0,4.0,0,83.3,3.0,3,1,0,0,0,0.5,1,4,1,20.0%,2018
11,12.0,2018-12-02,12.0,13.0,32.124,TEN,,NYJ,W 26-22,0,1,0,0.0%,0,,0.0,0,39.6,15.0,0,0,6,0,0,0.0,0,0,2,100.0%,2018
12,13.0,2018-12-06,13.0,14.0,32.128,TEN,,JAX,W 30-9,0,1,1,100.0%,7,7.0,7.0,0,95.8,5.0,5,2,1,2,0,0.0,2,1,0,0.0%,2018
13,,13 Games,,,,,,,7-6-0,0,9,7,77.8%,49,7.0,5.4,0,89.4,4.2,19,30,21,11,2,1.5,15,28,6,17.6%,2018
