,Rk,Date,G#,Week,Age,Tm,Unnamed: 6_level_1,Opp,Result,Tgt,Rec,Yds,TD,1D,YBC,YBC/R,YAC,YAC/R,ADOT,BrkTkl,Rec/Br,Drop,Drop%,Int,Rat,Att,Yds,TD,1D,YBC,YBC/Att,YAC,YAC/Att,BrkTkl,Att/Br
0,1.0,2018-10-14,6.0,6.0,22.298,TEN,,BAL,L 0-21,0,0,0,0,,0.0,,0.0,,,0.0,,0.0,0.0,,,0,0,0,,0.0,,0.0,,0.0,
1,2.0,2018-10-21,7.0,7.0,22.305,TEN,@,LAC,L 19-20,1,1,0,0,,0.0,0.0,0.0,0.0,0.0,0.0,,0.0,0.0,0.0,79.2,0,0,0,,0.0,,0.0,,0.0,
2,3.0,2018-11-05,8.0,9.0,22.32,TEN,@,DAL,W 28-14,3,2,21,0,2.0,9.0,4.5,12.0,6.0,16.7,0.0,,0.0,0.0,0.0,86.8,0,0,0,0.0,0.0,,0.0,,0.0,
3,4.0,2018-11-11,9.0,10.0,22.326,TEN,,NWE,W 34-10,3,2,36,0,1.0,24.0,12.0,12.0,6.0,9.3,0.0,,0.0,0.0,0.0,107.6,0,0,0,0.0,0.0,,0.0,,0.0,
4,5.0,2018-11-18,10.0,11.0,22.333,TEN,@,IND,L 10-38,1,1,5,0,0.0,-2.0,-2.0,7.0,7.0,-2.0,0.0,,0.0,0.0,0.0,87.5,1,1,0,1.0,-4.0,-4.0,5.0,5.0,0.0,
5,6.0,2018-11-26,11.0,12.0,22.341,TEN,@,HOU,L 17-34,1,1,13,0,1.0,-3.0,-3.0,16.0,16.0,-3.0,0.0,,0.0,0.0,0.0,118.7,0,0,0,0.0,0.0,,0.0,,0.0,
6,7.0,2018-12-02,12.0,13.0,22.347,TEN,,NYJ,W 26-22,2,1,7,0,1.0,0.0,0.0,7.0,7.0,0.0,0.0,,0.0,0.0,1.0,18.7,0,0,0,0.0,0.0,,0.0,,0.0,
7,8.0,2018-12-06,13.0,14.0,22.351,TEN,,JAX,W 30-9,0,0,0,0,,0.0,,0.0,,,0.0,,0.0,0.0,,,0,0,0,,0.0,,0.0,,0.0,
8,9.0,2018-12-16,14.0,15.0,22.361,TEN,@,NYG,W 17-0,0,0,0,0,,,,,,,,,,0.0,,,0,0,0,,,,,,,
9,10.0,2018-12-22,15.0,16.0,23.002,TEN,,WAS,W 25-16,0,0,0,0,,,,,,,,,,0.0,,,0,0,0,,,,,,,
10,11.0,2018-12-30,16.0,17.0,23.01,TEN,,IND,L 17-33,0,0,0,0,,,,,,,,,,0.0,,,0,0,0,,,,,,,
11,,11 Games,,,,,,,6-5-0,11,8,82,0,5.0,28.0,3.5,54.0,6.8,6.6,0.0,,0.0,0.0,1.0,55.9,1,1,0,1.0,-4.0,-4.0,5.0,5.0,0.0,
