,Rk,Date,G#,Week,Age,Tm,Unnamed: 6_level_1,Opp,Result,Int,Tgt,Cmp,Cmp%,Yds,Yds/Cmp,Yds/Tgt,TD,Rat,DADOT,Air,YAC,Bltz,Hrry,QBKD,Sk,Prss,Comb,MTkl,MTkl%
0,1.0,2018-09-30,4.0,4.0,30.106,TEN,,PHI,W 26-23,0,1,1,100.0%,-6,-6.0,-6.0,0,79.2,-3.0,-7,1,0,0,0,0.0,0,3,1,25.0%
1,2.0,2018-10-07,5.0,5.0,30.113,TEN,@,BUF,L 12-13,0,0,0,,0,,,0,,,0,0,0,0,0,0.0,0,3,2,40.0%
2,3.0,2018-10-14,6.0,6.0,30.12,TEN,,BAL,L 0-21,0,5,2,40.0%,7,3.5,1.4,0,47.9,11.2,5,2,0,0,0,0.0,0,6,0,0.0%
3,4.0,2018-10-21,7.0,7.0,30.127,TEN,@,LAC,L 19-20,0,3,2,66.7%,62,31.0,20.7,1,149.3,14.7,33,29,0,0,0,0.0,0,4,1,20.0%
4,5.0,2018-11-05,8.0,9.0,30.142,TEN,@,DAL,W 28-14,0,0,0,,0,,,0,,,0,0,0,0,0,0.0,0,0,0,
5,6.0,2018-11-11,9.0,10.0,30.148,TEN,,NWE,W 34-10,0,0,0,,0,,,0,,,0,0,0,0,0,0.0,0,0,0,
6,7.0,2018-11-18,10.0,11.0,30.155,TEN,@,IND,L 10-38,0,0,0,,0,,,0,,,0,0,0,0,0,0.0,0,0,0,
7,8.0,2018-11-26,11.0,12.0,30.163,TEN,@,HOU,L 17-34,0,0,0,,0,,,0,,,0,0,0,0,0,0.0,0,0,0,
8,9.0,2018-12-02,12.0,13.0,30.169,TEN,,NYJ,W 26-22,0,0,0,,0,,,0,,,0,0,0,0,0,0.0,0,1,0,0.0%
9,10.0,2018-12-06,13.0,14.0,30.173,TEN,,JAX,W 30-9,0,0,0,,0,,,0,,,0,0,0,0,0,0.0,0,0,0,
10,11.0,2018-12-16,14.0,15.0,30.183,TEN,@,NYG,W 17-0,0,5,4,80.0%,53,13.3,10.6,0,110.8,13.2,43,10,0,0,0,0.0,0,9,1,10.0%
11,12.0,2018-12-22,15.0,16.0,30.189,TEN,,WAS,W 25-16,0,0,0,,0,,,0,,,0,0,0,0,0,0.0,0,1,0,0.0%
12,13.0,2018-12-30,16.0,17.0,30.197,TEN,,IND,L 17-33,0,0,0,,0,,,0,,,0,0,0,0,0,0.0,0,0,0,
13,,13 Games,,,,,,,7-6-0,0,14,9,64.3%,116,12.9,8.3,1,114.0,11.6,74,42,0,0,0,0.0,0,27,5,15.6%
