,Rk,Date,G#,Week,Age,Tm,Unnamed: 6_level_1,Opp,Result,Int,Tgt,Cmp,Cmp%,Yds,Yds/Cmp,Yds/Tgt,TD,Rat,DADOT,Air,YAC,Bltz,Hrry,QBKD,Sk,Prss,Comb,MTkl,MTkl%,Year
0,1.0,2018-09-09,1.0,1.0,27.206,TEN,@,MIA,L 20-27,1,2,0,0.0%,13,,6.5,0,14.6,24.5,12,1,0,0,0,0.0,0,5,0,0.0%,2018
1,2.0,2018-09-16,2.0,2.0,27.213,TEN,,HOU,W 20-17,0,4,4,100.0%,64,16.0,16.0,1,158.3,13.3,53,11,5,1,0,0.0,1,6,1,14.3%,2018
2,3.0,2018-09-23,3.0,3.0,27.22,TEN,@,JAX,W 9-6,0,2,1,50.0%,13,13.0,6.5,0,70.8,0.5,1,12,1,0,0,1.0,1,4,2,33.3%,2018
3,4.0,2018-09-30,4.0,4.0,27.227,TEN,,PHI,W 26-23,0,2,1,50.0%,17,17.0,8.5,0,79.2,25.5,7,10,2,0,1,0.0,1,2,0,0.0%,2018
4,5.0,2018-11-05,8.0,9.0,27.263,TEN,@,DAL,W 28-14,0,2,2,100.0%,11,5.5,5.5,0,89.6,5.0,10,1,1,0,0,0.0,0,5,0,0.0%,2018
5,6.0,2018-11-11,9.0,10.0,27.269,TEN,,NWE,W 34-10,0,5,2,40.0%,0,0.0,0.0,0,47.9,8.0,-2,2,0,0,0,0.0,0,5,0,0.0%,2018
6,7.0,2018-11-18,10.0,11.0,27.276,TEN,@,IND,L 10-38,0,5,4,80.0%,32,8.0,6.4,0,93.3,1.8,5,27,1,0,0,0.0,0,6,0,0.0%,2018
7,8.0,2018-11-26,11.0,12.0,27.284,TEN,@,HOU,L 17-34,0,1,1,100.0%,28,28.0,28.0,0,118.7,25.0,25,3,1,1,0,1.0,2,8,0,0.0%,2018
8,9.0,2018-12-02,12.0,13.0,27.29,TEN,,NYJ,W 26-22,0,2,0,0.0%,0,,0.0,0,39.6,10.0,0,0,3,0,0,0.0,0,2,0,0.0%,2018
9,10.0,2018-12-06,13.0,14.0,27.294,TEN,,JAX,W 30-9,0,3,1,33.3%,9,9.0,3.0,0,42.4,11.0,0,9,0,0,0,0.0,0,4,0,0.0%,2018
10,11.0,2018-12-16,14.0,15.0,27.304,TEN,@,NYG,W 17-0,0,0,0,,0,,,0,,,0,0,0,0,0,0.0,0,0,0,,2018
11,12.0,2018-12-22,15.0,16.0,27.31,TEN,,WAS,W 25-16,0,1,0,0.0%,0,,0.0,0,39.6,43.0,0,0,2,1,0,0.0,1,2,1,33.3%,2018
12,13.0,2018-12-30,16.0,17.0,27.318,TEN,,IND,L 17-33,0,3,1,33.3%,11,11.0,3.7,1,84.7,11.3,11,0,1,0,0,0.0,0,9,0,0.0%,2018
13,,13 Games,,,,,,,9-4-0,1,32,17,53.1%,198,11.6,6.2,2,79.9,11.5,122,76,17,3,1,2.0,6,58,4,6.5%,2018
