,Rk,Date,G#,Week,Age,Tm,Unnamed: 6_level_1,Opp,Result,Tgt,Rec,Yds,TD,1D,YBC,YBC/R,YAC,YAC/R,ADOT,BrkTkl,Rec/Br,Drop,Drop%,Int,Rat,Year
0,1.0,2018-09-09,1.0,1.0,23.191,TEN,@,MIA,L 20-27,1,0,0,0,,0,,0,,28.0,0,,0,0.0,0,39.6,2018
1,2.0,2018-09-16,2.0,2.0,23.198,TEN,,HOU,W 20-17,4,3,32,1,1.0,-1,-0.3,33,11.0,1.0,2,1.5,0,0.0,0,137.5,2018
2,3.0,2018-09-23,3.0,3.0,23.205,TEN,@,JAX,W 9-6,5,4,30,0,2.0,19,4.8,11,2.8,6.4,0,,0,0.0,0,91.7,2018
3,4.0,2018-09-30,4.0,4.0,23.212,TEN,,PHI,W 26-23,9,7,77,0,4.0,46,6.6,31,4.4,12.2,0,,0,0.0,0,102.3,2018
4,5.0,2018-10-07,5.0,5.0,23.219,TEN,@,BUF,L 12-13,5,3,30,0,1.0,15,5.0,15,5.0,8.2,0,,0,0.0,0,77.1,2018
5,6.0,2018-10-14,6.0,6.0,23.226,TEN,,BAL,L 0-21,2,1,13,0,1.0,11,11.0,2,2.0,30.0,0,,0,0.0,0,70.8,2018
6,7.0,2018-10-21,7.0,7.0,23.233,TEN,@,LAC,L 19-20,2,1,8,0,,5,5.0,3,3.0,13.5,0,,1,50.0,0,60.4,2018
7,8.0,2018-11-05,8.0,9.0,23.248,TEN,@,DAL,W 28-14,2,2,24,0,1.0,23,11.5,1,0.5,11.5,0,,0,0.0,0,116.7,2018
8,9.0,2018-12-02,12.0,13.0,23.275,TEN,,NYJ,W 26-22,5,3,104,0,2.0,94,31.3,10,3.3,31.4,0,,0,0.0,0,104.2,2018
9,10.0,2018-12-06,13.0,14.0,23.279,TEN,,JAX,W 30-9,7,6,59,0,3.0,38,6.3,21,3.5,11.7,2,3.0,1,14.3,0,101.8,2018
10,11.0,2018-12-16,14.0,15.0,23.289,TEN,@,NYG,W 17-0,5,2,17,0,1.0,14,7.0,3,1.5,13.6,0,,1,20.0,0,49.6,2018
11,12.0,2018-12-22,15.0,16.0,23.295,TEN,,WAS,W 25-16,3,3,64,0,3.0,48,16.0,16,5.3,16.0,0,,0,0.0,0,118.7,2018
12,13.0,2018-12-30,16.0,17.0,23.303,TEN,,IND,L 17-33,6,2,8,0,,-7,-3.5,15,7.5,8.7,0,,0,0.0,1,2.8,2018
13,,13 Games,,,,,,,8-5-0,56,37,466,1,19.0,305,8.2,161,4.4,13.1,4,9.3,3,5.4,1,90.3,2018
