,No.,Player,Age,Position,Games Played,Games Started as an Offensive or Defensive Player,Rushing Attempts,Rushing Yards Gained,Rushing Touchdown,First Downs Rushing,Rushing Success Rate,Longest Rushing Attempt,Rushing Yards per Attempt,Rushing Yards per Game,Rushing Attempts per Game,Pass Targets,Receptions,Receiving Yards,Receiving Yards per Reception,Receiving Touchdowns,First Downs Receiving,Receiving Success Rate,Longest Reception,Receptions per Game,Receiving Yards per Game,Catch Per.,Receiving Yards per Target,Touches: Rushing Attempts and Receptions,Scrimmage Yards per Touch: Rushing + Receiving Yardage per Opportunity,Yards from Scrimmage: Receiving and Rushing Yards,Rushing and Receiving Touchdowns,Lost and Recovered Fumbles,Team,Year
23,23,Shonn Greene,27,RB,16,14,276,1063,8,52,51.1,36,3.9,66.4,17.3,30,19,151,7.9,0,3,40.0,30,1.2,9.4,63.3,5.0,295,4.1,1214,8,4,Jets,2012
29,29,Bilal Powell,24,RB,14,2,110,437,4,24,46.4,18,4.0,31.2,7.9,36,17,140,8.2,0,9,33.3,16,1.2,10.0,47.2,3.9,127,4.5,577,4,0,Jets,2012
15,15,Tim Tebow,25,QB,12,2,32,102,0,10,40.6,22,3.2,8.5,2.7,1,0,0,0.0,0,0,0.0,0,0.0,0.0,0.0,0.0,32,3.2,102,0,0,Jets,2012
25,25,Joe McKnight,24,RB,15,0,30,179,0,7,50.0,61,6.0,11.9,2.0,2,1,18,18.0,0,1,50.0,18,0.1,1.2,50.0,9.0,31,6.4,197,0,3,Jets,2012
6,6,Mark Sanchez,26,QB,15,15,22,28,0,3,27.3,8,1.3,1.9,1.5,0,0,0,0.0,0,0,0.0,0,0.0,0.0,0.0,0.0,22,1.3,28,0,14,Jets,2012
36,36,Lex Hilliard,28,FB,12,9,8,31,0,4,75.0,9,3.9,2.6,0.7,9,4,23,5.8,0,2,33.3,9,0.3,1.9,44.4,2.6,12,4.5,54,0,0,Jets,2012
14,14,Greg McElroy,24,QB,2,1,8,30,0,3,25.0,15,3.8,15.0,4.0,0,0,0,0.0,0,0,0.0,0,0.0,0.0,0.0,0.0,8,3.8,30,0,1,Jets,2012
11,11,Jeremy Kerley,24,WR,16,7,5,8,0,0,20.0,5,1.6,0.5,0.3,95,56,827,14.8,2,31,49.5,66,3.5,51.7,58.9,8.7,61,13.7,835,2,4,Jets,2012
21,21,Jonathan Grimes,23,RB,3,0,2,6,0,0,50.0,5,3.0,2.0,0.7,2,2,7,3.5,0,1,50.0,4,0.7,2.3,100.0,3.5,4,3.3,13,0,0,Jets,2012
19,19,Clyde Gates,26,WR,11,2,1,12,0,1,100.0,12,12.0,1.1,0.1,33,16,224,14.0,0,12,45.5,42,1.5,20.4,48.5,6.8,17,13.9,236,0,0,Jets,2012
86,86,Jeff Cumberland,25,TE,15,12,0,0,0,0,0.0,0,0.0,0.0,0.0,53,29,359,12.4,3,18,41.5,39,1.9,23.9,54.7,6.8,29,12.4,359,3,0,Jets,2012
81,81,Dustin Keller,28,TE,8,5,0,0,0,0,0.0,0,0.0,0.0,0.0,36,28,317,11.3,2,18,63.9,32,3.5,39.6,77.8,8.8,28,11.3,317,2,0,Jets,2012
85,85,Chaz Schilens,27,WR,15,6,0,0,0,0,0.0,0,0.0,0.0,0.0,41,28,289,10.3,2,16,53.7,25,1.9,19.3,68.3,7.0,28,10.3,289,2,1,Jets,2012
84,84,Stephen Hill,21,WR,11,8,0,0,0,0,0.0,0,0.0,0.0,0.0,47,21,252,12.0,3,17,42.6,33,1.9,22.9,44.7,5.4,21,12.0,252,3,0,Jets,2012
10,10,Santonio Holmes,28,WR,4,4,0,0,0,0,0.0,0,0.0,0.0,0.0,41,20,272,13.6,1,15,41.5,38,5.0,68.0,48.8,6.6,20,13.6,272,1,1,Jets,2012
87,87,Konrad Reuland,25,TE,16,3,0,0,0,0,0.0,0,0.0,0.0,0.0,16,11,83,7.5,0,6,50.0,18,0.7,5.2,68.8,5.2,11,7.5,83,0,0,Jets,2012
17,17,Braylon Edwards,29,WR,3,3,0,0,0,0,0.0,0,0.0,0.0,0.0,18,10,125,12.5,0,8,44.4,19,3.3,41.7,55.6,6.9,10,12.5,125,0,0,Jets,2012
16,16,Mardy Gilyard,26,WR,2,0,0,0,0,0,0.0,0,0.0,0.0,0.0,5,2,15,7.5,0,0,0.0,11,1.0,7.5,40.0,3.0,2,7.5,15,0,0,Jets,2012
89,89,Jason Hill,27,WR,4,0,0,0,0,0,0.0,0,0.0,0.0,0.0,3,2,15,7.5,1,2,66.7,10,0.5,3.8,66.7,5.0,2,7.5,15,1,0,Jets,2012
21,21,Kahlil Bell,26,RB,3,0,0,0,0,0,0.0,0,0.0,0.0,0.0,1,1,2,2.0,0,0,0.0,2,0.3,0.7,100.0,2.0,1,2.0,2,0,1,Jets,2012
54,54,Nick Bellore,23,LB,16,0,0,0,0,0,0.0,0,0.0,0.0,0.0,1,1,23,23.0,0,1,100.0,23,0.1,1.4,100.0,23.0,1,23.0,23,0,1,Jets,2012
31,31,Antonio Cromartie,28,RCB,16,16,0,0,0,0,0.0,0,0.0,0.0,0.0,3,1,-2,-2.0,0,0,0.0,-2,0.1,-0.1,33.3,-0.7,1,-2.0,-2,0,0,Jets,2012
83,83,Dedrick Epps,24,TE,3,0,0,0,0,0,0.0,0,0.0,0.0,0.0,1,1,9,9.0,0,0,0.0,9,0.3,3.0,100.0,9.0,1,9.0,9,0,1,Jets,2012
82,82,Hayden Smith,27,TE,5,0,0,0,0,0,0.0,0,0.0,0.0,0.0,1,1,16,16.0,0,1,100.0,16,0.2,3.2,100.0,16.0,1,16.0,16,0,0,Jets,2012
89,89,Jordan White,24,WR,3,0,0,0,0,0,0.0,0,0.0,0.0,0.0,3,1,13,13.0,0,1,33.3,13,0.3,4.3,33.3,4.3,1,13.0,13,0,0,Jets,2012
38,38,John Conner,25,RB,3,2,0,0,0,0,0.0,0,0.0,0.0,0.0,1,0,0,0.0,0,0,0.0,0,0.0,0.0,0.0,0.0,0,0.0,0,0,0,Jets,2012
88,88,Patrick Turner,25,WR,2,0,0,0,0,0,0.0,0,0.0,0.0,0.0,5,0,0,0.0,0,0,0.0,0,0.0,0.0,0.0,0.0,0,0.0,0,0,0,Jets,2012
