,Rk,Date,G#,Week,Age,Tm,Unnamed: 6_level_1,Opp,Result,Int,Tgt,Cmp,Cmp%,Yds,Yds/Cmp,Yds/Tgt,TD,Rat,DADOT,Air,YAC,Bltz,Hrry,QBKD,Sk,Prss,Comb,MTkl,MTkl%,Year
0,1.0,2021-09-13,1.0,1.0,23.258,BAL,@,LVR,L 27-33,0,2,1,50.0%,37,37.0,18.5,0,95.8,24.5,30,7,0,0,0,0.0,0,2,0,0.0%,2021
1,2.0,2021-09-19,2.0,2.0,23.264,BAL,,KAN,W 36-35,0,3,2,66.7%,57,28.5,19.0,1,149.3,23.0,23,34,0,0,0,0.0,0,3,2,40.0%,2021
2,3.0,2021-09-26,3.0,3.0,23.271,BAL,@,DET,W 19-17,0,2,2,100.0%,17,8.5,8.5,0,102.1,6.0,12,5,1,0,0,0.0,0,5,0,0.0%,2021
3,4.0,2021-10-03,4.0,4.0,23.278,BAL,@,DEN,W 23-7,0,2,2,100.0%,14,7.0,7.0,1,135.4,5.5,11,3,1,0,0,0.0,0,3,0,0.0%,2021
4,5.0,2021-10-11,5.0,5.0,23.286,BAL,,IND,W 31-25,0,2,2,100.0%,28,14.0,14.0,0,118.7,10.0,20,8,4,0,1,0.0,1,11,1,8.3%,2021
5,6.0,2021-10-17,6.0,6.0,23.292,BAL,,LAC,W 34-6,0,3,3,100.0%,15,5.0,5.0,0,87.5,4.3,13,2,2,0,0,0.0,0,4,0,0.0%,2021
6,7.0,2021-10-24,7.0,7.0,23.299,BAL,,CIN,L 17-41,0,1,1,100.0%,4,4.0,4.0,0,83.3,3.0,3,1,6,0,0,0.0,0,1,0,0.0%,2021
7,8.0,2021-11-07,8.0,9.0,23.313,BAL,,MIN,W 34-31,0,3,2,66.7%,9,4.5,3.0,0,70.1,4.3,-4,13,0,0,0,0.0,0,3,1,25.0%,2021
8,9.0,2021-11-11,9.0,10.0,23.317,BAL,@,MIA,L 10-22,0,3,2,66.7%,41,20.5,13.7,0,109.7,16.3,38,3,2,0,0,0.0,0,5,0,0.0%,2021
9,10.0,2021-11-21,10.0,11.0,23.327,BAL,@,CHI,W 16-13,0,3,2,66.7%,18,9.0,6.0,0,82.6,7.7,13,5,5,0,0,0.0,0,3,0,0.0%,2021
10,11.0,2021-11-28,11.0,12.0,23.334,BAL,,CLE,W 16-10,0,3,2,66.7%,56,28.0,18.7,1,149.3,15.3,40,16,0,0,0,0.0,0,5,0,0.0%,2021
11,12.0,2021-12-05,12.0,13.0,23.341,BAL,@,PIT,L 19-20,0,2,2,100.0%,9,4.5,4.5,0,85.4,1.0,2,7,0,0,0,0.0,0,7,0,0.0%,2021
12,13.0,2021-12-12,13.0,14.0,23.348,BAL,@,CLE,L 22-24,0,3,3,100.0%,29,9.7,9.7,0,106.9,8.3,25,4,1,0,0,0.0,0,8,0,0.0%,2021
13,14.0,2021-12-19,14.0,15.0,23.355,BAL,,GNB,L 30-31,0,2,0,0.0%,0,,0.0,0,39.6,16.5,0,0,0,0,0,0.0,0,5,1,16.7%,2021
14,15.0,2021-12-26,15.0,16.0,23.362,BAL,@,CIN,L 21-41,0,3,3,100.0%,45,15.0,15.0,0,118.7,5.7,17,28,1,0,0,0.0,0,5,0,0.0%,2021
15,16.0,2022-01-02,16.0,17.0,24.004,BAL,,LAR,L 19-20,0,1,1,100.0%,2,2.0,2.0,0,79.2,-5.0,-5,7,0,0,0,0.0,0,2,0,0.0%,2021
16,17.0,2022-01-09,17.0,18.0,24.011,BAL,,PIT,L 13-16,0,3,1,33.3%,6,6.0,2.0,0,42.4,9.3,5,1,0,0,0,0.0,0,6,0,0.0%,2021
17,,17 Games,,,,,,,8-9-0,0,41,31,75.6%,387,12.5,9.4,3,128.8,10.0,243,144,23,0,1,0.0,1,78,5,6.0%,2021
