,Rk,Date,G#,Week,Age,Tm,Unnamed: 6_level_1,Opp,Result,Int,Tgt,Cmp,Cmp%,Yds,Yds/Cmp,Yds/Tgt,TD,Rat,DADOT,Air,YAC,Bltz,Hrry,QBKD,Sk,Prss,Comb,MTkl,MTkl%,Year
0,1.0,2021-09-13,1.0,1.0,32.235,BAL,@,LVR,L 27-33,0,1,1,100.0%,27,27.0,27.0,0,118.7,0.0,0,27,7,0,1,0.0,1,2,1,33.3%,2021
1,2.0,2021-09-19,2.0,2.0,32.241,BAL,,KAN,W 36-35,0,0,0,,0,,,0,,,0,0,2,0,1,0.0,1,2,0,0.0%,2021
2,3.0,2021-10-03,4.0,4.0,32.255,BAL,@,DEN,W 23-7,0,0,0,,0,,,0,,,0,0,1,2,0,1.0,3,2,0,0.0%,2021
3,4.0,2021-10-11,5.0,5.0,32.263,BAL,,IND,W 31-25,0,2,2,100.0%,34,17.0,17.0,0,118.7,-2.0,-4,38,6,0,1,0.0,1,3,1,25.0%,2021
4,5.0,2021-10-17,6.0,6.0,32.269,BAL,,LAC,W 34-6,0,0,0,,0,,,0,,,0,0,5,1,0,1.0,2,2,1,33.3%,2021
5,6.0,2021-10-24,7.0,7.0,32.276,BAL,,CIN,L 17-41,0,0,0,,0,,,0,,,0,0,0,2,4,0.0,6,2,0,0.0%,2021
6,7.0,2021-11-07,8.0,9.0,32.29,BAL,,MIN,W 34-31,0,0,0,,0,,,0,,,0,0,1,0,3,0.0,3,1,0,0.0%,2021
7,8.0,2021-11-11,9.0,10.0,32.294,BAL,@,MIA,L 10-22,0,0,0,,0,,,0,,,0,0,3,0,0,1.0,1,3,1,25.0%,2021
8,9.0,2021-11-21,10.0,11.0,32.304,BAL,@,CHI,W 16-13,0,0,0,,0,,,0,,,0,0,1,0,1,1.0,2,3,0,0.0%,2021
9,10.0,2021-11-28,11.0,12.0,32.311,BAL,,CLE,W 16-10,0,0,0,,0,,,0,,,0,0,1,1,1,0.0,2,2,1,33.3%,2021
10,11.0,2021-12-05,12.0,13.0,32.318,BAL,@,PIT,L 19-20,0,0,0,,0,,,0,,,0,0,8,0,0,0.0,0,1,1,50.0%,2021
11,12.0,2021-12-12,13.0,14.0,32.325,BAL,@,CLE,L 22-24,0,1,1,100.0%,-1,-1.0,-1.0,0,79.2,-3.0,-3,2,2,0,0,0.0,0,2,0,0.0%,2021
12,13.0,2021-12-19,14.0,15.0,32.332,BAL,,GNB,L 30-31,0,0,0,,0,,,0,,,0,0,0,1,0,0.5,2,4,1,20.0%,2021
13,14.0,2022-01-02,16.0,17.0,32.346,BAL,,LAR,L 19-20,0,0,0,,0,,,0,,,0,0,1,0,0,0.0,0,2,1,33.3%,2021
14,15.0,2022-01-09,17.0,18.0,32.353,BAL,,PIT,L 13-16,0,0,0,,0,,,0,,,0,0,6,0,0,0.0,0,3,0,0.0%,2021
15,,15 Games,,,,,,,7-8-0,0,4,4,100.0%,60,15.0,15.0,0,118.7,-1.8,-7,67,44,7,12,4.5,24,34,8,19.0%,2021
