,Rk,Date,G#,Week,Age,Tm,Unnamed: 6_level_1,Opp,Result,Int,Tgt,Cmp,Cmp%,Yds,Yds/Cmp,Yds/Tgt,TD,Rat,DADOT,Air,YAC,Bltz,Hrry,QBKD,Sk,Prss,Comb,MTkl,MTkl%,Year
0,1.0,2021-09-13,1.0,1.0,26.007,BAL,@,LVR,L 27-33,0,0,0,,0.0,,,0.0,,,0.0,0.0,0,0,0,0.0,0,0,0,,2021
1,2.0,2021-09-19,2.0,2.0,26.013,BAL,,KAN,W 36-35,0,0,0,,0.0,,,0.0,,,0.0,0.0,0,0,0,0.0,0,0,0,,2021
2,3.0,2021-09-26,3.0,3.0,26.02,BAL,@,DET,W 19-17,0,0,0,,0.0,,,0.0,,,0.0,0.0,0,0,0,0.0,0,0,0,,2021
3,4.0,2021-10-03,4.0,4.0,26.027,BAL,@,DEN,W 23-7,0,0,0,,0.0,,,0.0,,,0.0,0.0,0,0,0,0.0,0,0,0,,2021
4,5.0,2021-10-11,5.0,5.0,26.035,BAL,,IND,W 31-25,0,0,0,,0.0,,,0.0,,,0.0,0.0,0,0,0,0.0,0,0,0,,2021
5,6.0,2021-10-17,6.0,6.0,26.041,BAL,,LAC,W 34-6,0,0,0,,0.0,,,0.0,,,0.0,0.0,0,0,0,0.0,0,0,0,,2021
6,7.0,2021-10-24,7.0,7.0,26.048,BAL,,CIN,L 17-41,0,0,0,,0.0,,,0.0,,,0.0,0.0,0,0,0,0.0,0,0,0,,2021
7,8.0,2021-11-07,8.0,9.0,26.062,BAL,,MIN,W 34-31,0,0,0,,0.0,,,0.0,,,0.0,0.0,0,0,0,0.0,0,0,0,,2021
8,9.0,2021-11-11,9.0,10.0,26.066,BAL,@,MIA,L 10-22,0,0,0,,0.0,,,0.0,,,0.0,0.0,0,0,0,0.0,0,0,0,,2021
9,10.0,2021-11-21,10.0,11.0,26.076,BAL,@,CHI,W 16-13,0,0,0,,0.0,,,0.0,,,0.0,0.0,0,0,0,0.0,0,1,0,0.0%,2021
10,11.0,2021-11-28,11.0,12.0,26.083,BAL,,CLE,W 16-10,0,0,0,,0.0,,,0.0,,,0.0,0.0,0,0,0,0.0,0,4,0,0.0%,2021
11,12.0,2021-12-05,12.0,13.0,26.09,BAL,@,PIT,L 19-20,0,0,0,,0.0,,,0.0,,,0.0,0.0,0,0,0,0.0,0,0,0,,2021
12,13.0,2021-12-12,13.0,14.0,26.097,BAL,@,CLE,L 22-24,0,0,0,,0.0,,,0.0,,,0.0,0.0,0,0,0,0.0,0,0,0,,2021
13,14.0,2021-12-19,14.0,15.0,26.104,BAL,,GNB,L 30-31,0,0,0,,0.0,,,0.0,,,0.0,0.0,0,0,0,0.0,0,0,0,,2021
14,15.0,2021-12-26,15.0,16.0,26.111,BAL,@,CIN,L 21-41,0,0,0,,0.0,,,0.0,,,0.0,0.0,0,0,0,0.0,0,0,0,,2021
15,16.0,2022-01-02,16.0,17.0,26.118,BAL,,LAR,L 19-20,0,0,0,,0.0,,,0.0,,,0.0,0.0,0,0,0,0.0,0,0,0,,2021
16,17.0,2022-01-09,17.0,18.0,26.125,BAL,,PIT,L 13-16,0,0,0,,0.0,,,0.0,,,0.0,0.0,0,0,0,0.0,0,1,0,0.0%,2021
17,,17 Games,,,,,,,8-9-0,0,0,0,,,,,,,,,,0,0,0,0.0,0,6,0,0.0%,2021
