,Rk,Date,G#,Week,Age,Tm,Unnamed: 6_level_1,Opp,Result,Int,Tgt,Cmp,Cmp%,Yds,Yds/Cmp,Yds/Tgt,TD,Rat,DADOT,Air,YAC,Bltz,Hrry,QBKD,Sk,Prss,Comb,MTkl,MTkl%
0,1.0,2021-09-13,1.0,1.0,25.067,BAL,@,LVR,L 27-33,0,14,8,57.1%,82,10.3,5.9,1,97.9,12.4,65,17,2,0,0,0.0,0,9,1,10.0%
1,2.0,2021-09-19,2.0,2.0,25.073,BAL,,KAN,W 36-35,0,7,4,57.1%,48,12.0,6.9,1,117.9,14.0,40,8,0,0,0,0.0,0,4,1,20.0%
2,3.0,2021-09-26,3.0,3.0,25.08,BAL,@,DET,W 19-17,0,3,3,100.0%,26,8.7,8.7,0,102.8,0.0,0,26,0,0,0,0.0,0,5,1,16.7%
3,4.0,2021-10-03,4.0,4.0,25.087,BAL,@,DEN,W 23-7,0,5,2,40.0%,12,6.0,2.4,0,47.9,12.6,-2,14,0,0,0,0.0,0,3,0,0.0%
4,5.0,2021-10-11,5.0,5.0,25.095,BAL,,IND,W 31-25,0,4,2,50.0%,33,16.5,8.3,0,78.1,9.0,25,8,1,0,0,0.0,0,4,2,33.3%
5,6.0,2021-10-17,6.0,6.0,25.101,BAL,,LAC,W 34-6,0,7,2,28.6%,19,9.5,2.7,0,39.6,4.4,0,19,0,0,0,0.0,0,2,0,0.0%
6,7.0,2021-10-24,7.0,7.0,25.108,BAL,,CIN,L 17-41,1,10,7,70.0%,227,32.4,22.7,2,112.5,15.1,102,125,0,0,0,0.0,0,7,2,22.2%
7,8.0,2021-11-07,8.0,9.0,25.122,BAL,,MIN,W 34-31,0,6,1,16.7%,50,50.0,8.3,1,101.4,16.7,41,9,0,0,0,0.0,0,1,0,0.0%
8,9.0,2021-11-11,9.0,10.0,25.126,BAL,@,MIA,L 10-22,0,5,3,60.0%,29,9.7,5.8,0,76.2,10.8,20,9,3,0,1,0.0,1,7,0,0.0%
9,10.0,2021-11-21,10.0,11.0,25.136,BAL,@,CHI,W 16-13,0,7,3,42.9%,10,3.3,1.4,0,50.3,9.1,6,4,0,0,0,0.0,0,5,0,0.0%
10,11.0,2021-11-28,11.0,12.0,25.143,BAL,,CLE,W 16-10,0,11,7,63.6%,98,14.0,8.9,0,92.2,11.1,63,35,1,0,0,0.0,0,8,0,0.0%
11,12.0,2021-12-05,12.0,13.0,25.15,BAL,@,PIT,L 19-20,0,5,3,60.0%,31,10.3,6.2,1,117.5,10.4,23,8,1,0,0,0.0,0,3,1,25.0%
12,,12 Games,,,,,,,8-4-0,1,84,45,53.6%,665,14.8,7.9,6,98.6,11.3,383,282,8,0,1,0.0,1,58,8,12.1%
