,Rk,Date,G#,Week,Age,Tm,Unnamed: 6_level_1,Opp,Result,Int,Tgt,Cmp,Cmp%,Yds,Yds/Cmp,Yds/Tgt,TD,Rat,DADOT,Air,YAC,Bltz,Hrry,QBKD,Sk,Prss,Comb,MTkl,MTkl%,Year
0,1.0,2021-09-09,1.0,1.0,22.351,DAL,@,TAM,L 29-31,0,0,0,,0,,,0,,,0,0,0,0,0,,0,,0,,2021
1,2.0,2021-09-19,2.0,2.0,22.361,DAL,@,LAC,W 20-17,0,0,0,,0,,,0,,,0,0,0,0,0,,0,,0,,2021
2,3.0,2021-09-27,3.0,3.0,23.004,DAL,,PHI,W 41-21,0,1,0,0.0%,0,,0.0,0,39.6,13.0,0,0,0,0,0,0.0,0,0.0,0,,2021
3,4.0,2021-10-03,4.0,4.0,23.01,DAL,,CAR,W 36-28,0,1,1,100.0%,15,15.0,15.0,0,118.7,3.0,3,12,0,0,0,0.0,0,0.0,1,100.0%,2021
4,5.0,2021-10-10,5.0,5.0,23.017,DAL,,NYG,W 44-20,0,0,0,,0,,,0,,,0,0,0,0,0,0.0,0,1.0,0,0.0%,2021
5,6.0,2021-10-17,6.0,6.0,23.024,DAL,@,NWE,W 35-29,0,0,0,,0,,,0,,,0,0,0,0,0,,0,,0,,2021
6,7.0,2021-10-31,7.0,8.0,23.038,DAL,@,MIN,W 20-16,0,0,0,,0,,,0,,,0,0,0,0,0,,0,,0,,2021
7,8.0,2021-11-07,8.0,9.0,23.045,DAL,,DEN,L 16-30,0,0,0,,0,,,0,,,0,0,0,0,0,0.0,0,1.0,0,0.0%,2021
8,9.0,2021-11-14,9.0,10.0,23.052,DAL,,ATL,W 43-3,0,0,0,,0,,,0,,,0,0,0,0,0,,0,,0,,2021
9,10.0,2021-11-25,11.0,12.0,23.063,DAL,,LVR,L 33-36,0,0,0,,0,,,0,,,0,0,0,0,0,,0,,0,,2021
10,11.0,2021-12-26,15.0,16.0,23.094,DAL,,WAS,W 56-14,0,1,1,100.0%,5,5.0,5.0,0,87.5,4.0,4,1,0,0,0,0.0,0,2.0,0,0.0%,2021
11,12.0,2022-01-02,16.0,17.0,23.101,DAL,,ARI,L 22-25,0,1,1,100.0%,23,23.0,23.0,0,118.7,19.0,19,4,0,0,0,0.0,0,1.0,0,0.0%,2021
12,13.0,2022-01-08,17.0,18.0,23.107,DAL,@,PHI,W 51-26,0,4,1,25.0%,22,22.0,5.5,0,50.0,11.5,18,4,0,0,0,0.0,0,4.0,0,0.0%,2021
13,,13 Games,,,,,,,9-4-0,0,8,4,50.0%,65,16.3,8.1,0,77.6,10.6,44,21,0,0,0,0.0,0,9.0,1,10.0%,2021
