,Rk,Date,G#,Week,Age,Tm,Unnamed: 6_level_1,Opp,Result,Int,Tgt,Cmp,Cmp%,Yds,Yds/Cmp,Yds/Tgt,TD,Rat,DADOT,Air,YAC,Bltz,Hrry,QBKD,Sk,Prss,Comb,MTkl,MTkl%
0,1.0,2021-09-09,1.0,1.0,24.097,DAL,@,TAM,L 29-31,0,0,0,,0.0,,,0.0,,,0.0,0.0,0,0,0,,0,,0,
1,2.0,2021-09-19,2.0,2.0,24.107,DAL,@,LAC,W 20-17,0,0,0,,0.0,,,0.0,,,0.0,0.0,0,0,0,,0,,0,
2,3.0,2021-09-27,3.0,3.0,24.115,DAL,,PHI,W 41-21,0,0,0,,0.0,,,0.0,,,0.0,0.0,0,0,0,,0,,0,
3,4.0,2021-10-03,4.0,4.0,24.121,DAL,,CAR,W 36-28,0,0,0,,0.0,,,0.0,,,0.0,0.0,0,0,0,,0,,0,
4,5.0,2021-10-10,5.0,5.0,24.128,DAL,,NYG,W 44-20,0,0,0,,0.0,,,0.0,,,0.0,0.0,0,0,0,,0,,0,
5,6.0,2021-10-17,6.0,6.0,24.135,DAL,@,NWE,W 35-29,0,0,0,,0.0,,,0.0,,,0.0,0.0,0,0,0,,0,,0,
6,7.0,2021-10-31,7.0,8.0,24.149,DAL,@,MIN,W 20-16,0,0,0,,0.0,,,0.0,,,0.0,0.0,0,0,0,,0,,0,
7,8.0,2021-11-07,8.0,9.0,24.156,DAL,,DEN,L 16-30,0,0,0,,0.0,,,0.0,,,0.0,0.0,0,0,0,,0,,0,
8,9.0,2021-11-14,9.0,10.0,24.163,DAL,,ATL,W 43-3,0,0,0,,0.0,,,0.0,,,0.0,0.0,0,0,0,,0,,0,
9,10.0,2021-11-21,10.0,11.0,24.17,DAL,@,KAN,L 9-19,0,0,0,,0.0,,,0.0,,,0.0,0.0,0,0,0,0.0,0,1.0,0,0.0%
10,11.0,2021-11-25,11.0,12.0,24.174,DAL,,LVR,L 33-36,0,0,0,,0.0,,,0.0,,,0.0,0.0,0,0,0,,0,,0,
11,12.0,2021-12-12,13.0,14.0,24.191,DAL,@,WAS,W 27-20,0,0,0,,0.0,,,0.0,,,0.0,0.0,0,0,0,,0,,0,
12,13.0,2021-12-19,14.0,15.0,24.198,DAL,@,NYG,W 21-6,0,0,0,,0.0,,,0.0,,,0.0,0.0,0,0,0,,0,,0,
13,14.0,2021-12-26,15.0,16.0,24.205,DAL,,WAS,W 56-14,0,0,0,,0.0,,,0.0,,,0.0,0.0,0,0,0,0.0,0,0.0,0,
14,15.0,2022-01-02,16.0,17.0,24.212,DAL,,ARI,L 22-25,0,0,0,,0.0,,,0.0,,,0.0,0.0,0,0,0,,0,,0,
15,16.0,2022-01-08,17.0,18.0,24.218,DAL,@,PHI,W 51-26,0,0,0,,0.0,,,0.0,,,0.0,0.0,0,0,0,,0,,0,
16,,16 Games,,,,,,,11-5-0,0,0,0,,,,,,,,,,0,0,0,0.0,0,1.0,0,0.0%
