,Rank,Player,Tackle,Assist,Sack,Pass Defended,Interception,Forced Fumble,Fumble Recovery,Defend Touchdown,Games Played,Fantasy Football Points,FTPS/Game,ROST,Position,Year
0,1,Trey Flowers,3,1,2.0,0,0,1,0,0,1,22.3,22.3,0.2%,DL,2017
1,2,Cameron Jordan,4,0,2.0,2,0,0,0,0,1,22.0,22.0,6.1%,DL,2017
2,3,Bruce Irvin,3,0,2.0,0,0,1,0,0,1,21.5,21.5,0.2%,DL,2017
3,4,DaQuan Jones,3,1,2.0,0,0,0,0,0,1,20.8,20.8,0.7%,DL,2017
4,5,Brandon Graham,5,0,1.0,0,0,1,0,0,1,20.5,20.5,2.2%,DL,2017
5,6,Everson Griffen,4,0,2.0,0,0,1,0,0,1,20.5,20.5,2.0%,DL,2017
6,7,Jason Pierre-Paul,3,2,2.0,1,0,0,0,0,1,20.5,20.5,0.0%,DL,2017
7,8,Cameron Heyward,3,3,2.0,0,0,0,0,0,1,19.8,19.8,23.1%,DL,2017
8,9,Ryan Kerrigan,3,2,2.0,0,0,0,0,0,1,19.0,19.0,0.0%,DL,2017
9,10,Mike Daniels,6,2,1.0,0,0,0,0,0,1,17.0,17.0,0.0%,DL,2017
10,11,Olivier Vernon,3,2,1.5,0,0,0,0,0,1,17.0,17.0,6.0%,DL,2017
11,12,Calais Campbell,3,0,0.0,0,0,0,1,1,1,17.0,17.0,3.1%,DL,2017
12,13,Denico Autry,2,1,2.0,0,0,0,0,0,1,16.8,16.8,10.1%,DL,2017
13,14,Danielle Hunter,2,0,1.0,0,0,0,1,0,1,16.0,16.0,52.9%,DL,2017
14,15,Aaron Donald,3,2,1.0,0,0,0,0,0,1,15.0,15.0,11.7%,DL,2017
15,16,Justin Houston,3,1,1.0,0,0,0,0,0,1,14.3,14.3,0.0%,DL,2017
16,17,Yannick Ngakoue,2,0,1.0,0,0,1,0,0,1,13.5,13.5,1.7%,DL,2017
17,18,A'Shawn Robinson,5,1,0.0,0,0,0,0,0,1,13.3,13.3,4.5%,DL,2017
18,19,Marcus Smith,2,1,1.0,1,0,1,0,0,1,13.3,13.3,0.0%,DL,2017
19,20,Zach Kerr,5,0,0.0,0,0,0,0,0,1,12.5,12.5,0.0%,DL,2017
20,21,Ezekiel Ansah,2,0,1.0,0,0,0,0,0,1,12.0,12.0,0.0%,DL,2017
21,22,Jadeveon Clowney,2,0,1.0,0,0,0,0,0,1,12.0,12.0,22.5%,DL,2017
22,23,Wes Horton,1,3,1.0,0,0,1,0,0,1,11.8,11.8,0.0%,DL,2017
23,24,Michael Bennett,3,1,1.0,0,0,0,0,0,1,11.8,11.8,0.0%,DL,2017
24,25,Carl Lawson,1,1,1.5,0,0,0,0,0,1,10.8,10.8,0.0%,DL,2017
25,26,Carlos Dunlap,3,2,0.5,0,0,0,0,0,1,10.5,10.5,3.0%,DL,2017
26,27,Bennie Logan,4,2,0.0,0,0,0,0,0,1,10.0,10.0,0.0%,DL,2017
27,28,Geno Atkins,2,4,1.0,0,0,0,0,0,1,10.0,10.0,0.0%,DL,2017
28,29,Jonathan Bullard,1,2,1.0,0,0,0,0,0,1,9.5,9.5,3.3%,DL,2017
29,30,Julius Peppers,1,2,1.0,0,0,0,0,0,1,9.5,9.5,0.1%,DL,2017
30,31,Myles Garrett,2,0,1.0,0,0,0,0,0,1,9.5,9.5,63.7%,DL,2017
31,32,Brandon Dunn,2,2,0.0,0,0,0,0,0,1,9.5,9.5,0.0%,DL,2017
32,33,Jerry Hughes,2,2,0.0,0,0,0,0,0,1,9.5,9.5,1.0%,DL,2017
33,34,Anthony Lanier,2,0,1.0,0,0,0,0,0,1,9.5,9.5,0.0%,DL,2017
34,35,Akiem Hicks,3,0,0.0,0,0,0,0,0,1,9.5,9.5,0.0%,DL,2017
35,36,Ronald Blair,4,1,0.0,0,0,0,0,0,1,9.3,9.3,0.0%,DL,2017
36,37,Eddie Goldman,3,1,0.0,0,0,0,1,0,1,9.3,9.3,0.2%,DL,2017
37,38,Olsen Pierre,1,1,1.0,0,0,0,0,0,1,8.8,8.8,0.0%,DL,2017
38,39,Dalvin Tomlinson,1,1,1.0,0,0,0,0,0,1,8.8,8.8,2.2%,DL,2017
39,40,Tenny Palepoi,1,1,1.0,0,0,0,0,0,1,8.8,8.8,0.0%,DL,2017
40,41,Corey Liuget,1,1,1.0,0,0,0,0,0,1,8.8,8.8,0.0%,DL,2017
41,42,Mario Addison,1,1,1.0,0,0,0,0,0,1,8.8,8.8,4.0%,DL,2017
42,43,Akeem Spence,1,3,0.5,0,0,0,0,0,1,8.3,8.3,0.0%,DL,2017
43,44,Cedric Thornton,1,0,1.0,0,0,0,0,0,1,8.0,8.0,0.0%,DL,2017
44,45,Steve McLendon,1,0,1.0,0,0,0,0,0,1,8.0,8.0,0.0%,DL,2017
45,46,Fletcher Cox,1,0,1.0,0,0,0,0,0,1,8.0,8.0,1.1%,DL,2017
46,47,L.T. Walton,1,0,1.0,0,0,0,0,0,1,8.0,8.0,0.0%,DL,2017
47,48,Jay Bromley,3,1,0.0,0,0,0,0,0,1,7.8,7.8,0.0%,DL,2017
48,49,Frostee Rucker,5,0,0.0,0,0,0,0,0,1,7.5,7.5,0.0%,DL,2017
49,50,Stacy McGee,4,2,0.0,0,0,0,0,0,1,7.5,7.5,0.0%,DL,2017
50,51,Sheldon Richardson,4,2,0.0,0,0,0,0,0,1,7.5,7.5,1.0%,DL,2017
51,52,Michael Johnson,2,2,0.0,0,0,0,0,0,1,7.0,7.0,0.0%,DL,2017
52,53,William Gholston,3,0,0.0,0,0,0,0,0,1,7.0,7.0,1.6%,DL,2017
53,54,Shaq Lawson,2,2,0.0,0,0,0,0,0,1,7.0,7.0,0.0%,DL,2017
54,55,Frank Clark,1,1,0.5,0,0,0,0,0,1,6.8,6.8,0.0%,DL,2017
55,56,DJ Reader,4,1,0.0,0,0,0,0,0,1,6.8,6.8,2.6%,DL,2017
56,57,Mike Pennel,2,5,0.0,0,0,0,0,0,1,6.8,6.8,0.4%,DL,2017
57,58,Chris Smith,1,2,0.5,1,0,0,0,0,1,6.5,6.5,0.0%,DL,2017
58,59,Margus Hunt,1,1,0.0,1,0,0,0,0,1,6.3,6.3,0.0%,DL,2017
59,60,Star Lotulelei,1,3,0.0,0,0,0,0,0,1,6.3,6.3,0.0%,DL,2017
60,61,Jordan Phillips,2,1,0.0,0,0,0,0,0,1,6.3,6.3,0.9%,DL,2017
61,62,Al Woods,1,3,0.0,0,0,0,0,0,1,6.3,6.3,0.0%,DL,2017
62,63,Lawrence Guy,1,3,0.0,0,0,0,0,0,1,6.3,6.3,4.0%,DL,2017
63,64,Vernon Butler,2,2,0.0,1,0,0,0,0,1,6.0,6.0,0.0%,DL,2017
64,65,Domata Peko,2,4,0.0,0,0,0,0,0,1,6.0,6.0,0.0%,DL,2017
65,66,Rakeem Nunez-Roches,4,0,0.0,0,0,0,0,0,1,6.0,6.0,0.9%,DL,2017
66,67,Joey Bosa,4,0,0.0,0,0,0,0,0,1,6.0,6.0,16.7%,DL,2017
67,68,Chris Baker,3,0,0.0,1,0,0,0,0,1,6.0,6.0,0.0%,DL,2017
68,69,Muhammad Wilkerson,2,2,0.0,1,0,0,0,0,1,6.0,6.0,0.0%,DL,2017
69,70,Damon Harrison,2,1,0.5,0,0,0,0,0,1,5.8,5.8,0.0%,DL,2017
70,71,Vinny Curry,2,0,0.0,0,0,0,0,0,1,5.5,5.5,0.0%,DL,2017
71,72,Haason Reddick,1,0,0.0,0,0,1,0,0,1,5.5,5.5,17.6%,DL,2017
72,73,Cornelius Washington,1,0,0.0,1,0,0,0,0,1,5.5,5.5,0.0%,DL,2017
73,74,Lewis Neal,2,0,0.0,0,0,0,0,0,1,5.5,5.5,0.0%,DL,2017
74,75,Ndamukong Suh,1,0,0.0,1,0,0,0,0,1,5.5,5.5,0.0%,DL,2017
75,76,Willie Henry,2,1,0.0,1,0,0,0,0,1,5.3,5.3,0.0%,DL,2017
76,77,Davon Godchaux,2,3,0.0,0,0,0,0,0,1,5.3,5.3,4.3%,DL,2017
77,78,Derrick Shelby,3,1,0.0,0,0,0,0,0,1,5.3,5.3,0.0%,DL,2017
78,79,Shelby Harris,1,2,0.5,0,0,0,0,0,1,5.0,5.0,1.1%,DL,2017
79,80,Melvin Ingram,1,1,0.0,0,0,0,0,0,1,4.8,4.8,0.0%,DL,2017
80,81,Carl Davis,1,1,0.0,0,0,0,0,0,1,4.8,4.8,1.1%,DL,2017
81,82,Stephon Tuitt,1,1,0.0,0,0,0,0,0,1,4.8,4.8,0.1%,DL,2017
82,83,Michael Brockers,2,2,0.0,0,0,0,0,0,1,4.5,4.5,0.0%,DL,2017
83,84,Brandon Williams,2,2,0.0,0,0,0,0,0,1,4.5,4.5,0.2%,DL,2017
84,85,Ziggy Hood,2,2,0.0,0,0,0,0,0,1,4.5,4.5,0.0%,DL,2017
85,86,Branden Jackson,1,1,0.5,0,0,0,0,0,1,4.3,4.3,0.0%,DL,2017
86,87,Chris Long,1,0,0.0,0,0,0,0,0,1,4.0,4.0,0.0%,DL,2017
87,88,Ryan Glasgow,1,0,0.0,0,0,0,0,0,1,4.0,4.0,0.0%,DL,2017
88,89,Mitch Unrein,2,1,0.0,0,0,0,0,0,1,3.8,3.8,0.0%,DL,2017
89,90,Kawann Short,1,3,0.0,0,0,0,0,0,1,3.8,3.8,0.0%,DL,2017
90,91,Michael Pierce,2,1,0.0,0,0,0,0,0,1,3.8,3.8,1.7%,DL,2017
91,92,Trevon Coley,2,1,0.0,0,0,0,0,0,1,3.8,3.8,0.0%,DL,2017
92,93,Ryan Russell,2,1,0.0,0,0,0,0,0,1,3.8,3.8,0.0%,DL,2017
93,94,Linval Joseph,2,1,0.0,0,0,0,0,0,1,3.8,3.8,0.0%,DL,2017
94,95,Andre Branch,1,2,0.0,0,0,0,0,0,1,3.0,3.0,0.0%,DL,2017
95,96,Johnathan Hankins,0,4,0.0,0,0,0,0,0,1,3.0,3.0,0.0%,DL,2017
96,97,Malik Jackson,2,0,0.0,0,0,0,0,0,1,3.0,3.0,0.0%,DL,2017
97,98,Treyvon Hester,1,2,0.0,0,0,0,0,0,1,3.0,3.0,0.0%,DL,2017
98,99,Gerald McCoy,2,0,0.0,0,0,0,0,0,1,3.0,3.0,0.0%,DL,2017
99,100,Cassius Marsh,2,0,0.0,0,0,0,0,0,1,3.0,3.0,1.0%,DL,2017
100,101,Eddie Yarbrough,2,0,0.0,0,0,0,0,0,1,3.0,3.0,0.0%,DL,2017
101,102,Xavier Williams,2,0,0.0,0,0,0,0,0,1,3.0,3.0,0.0%,DL,2017
102,103,Richard Ash,2,0,0.0,0,0,0,0,0,1,3.0,3.0,0.0%,DL,2017
103,104,Tyeler Davison,2,0,0.0,0,0,0,0,0,1,3.0,3.0,0.0%,DL,2017
104,105,Jabaal Sheard,2,0,0.0,0,0,0,0,0,1,3.0,3.0,0.0%,DL,2017
105,106,Abry Jones,1,0,0.0,1,0,0,0,0,1,3.0,3.0,0.0%,DL,2017
106,107,Dawuane Smoot,2,0,0.0,0,0,0,0,0,1,3.0,3.0,0.4%,DL,2017
107,108,DeMarcus Lawrence,0,4,0.0,0,0,0,0,0,1,3.0,3.0,12.7%,DL,2017
108,109,Dante Fowler,2,0,0.0,0,0,0,0,0,1,3.0,3.0,3.5%,DL,2017
109,110,Tim Jernigan,1,2,0.0,0,0,0,0,0,1,3.0,3.0,0.0%,DL,2017
110,111,Malcom Brown,2,0,0.0,0,0,0,0,0,1,3.0,3.0,0.0%,DL,2017
111,112,Solomon Thomas,2,0,0.0,0,0,0,0,0,1,3.0,3.0,0.8%,DL,2017
112,113,Sheldon Day,2,0,0.0,0,0,0,0,0,1,3.0,3.0,0.0%,DL,2017
113,114,Tyrunn Walker,2,0,0.0,0,0,0,0,0,1,3.0,3.0,0.0%,DL,2017
114,115,Chris Jones,1,0,0.0,1,0,0,0,0,1,3.0,3.0,25.7%,DL,2017
115,116,Pat Sims,0,1,0.5,0,0,0,0,0,1,2.8,2.8,0.0%,DL,2017
116,117,Anthony Zettel,0,1,0.5,0,0,0,0,0,1,2.8,2.8,1.0%,DL,2017
117,118,Grover Stewart,1,1,0.0,0,0,0,0,0,1,2.3,2.3,3.5%,DL,2017
118,119,Sylvester Williams,1,1,0.0,0,0,0,0,0,1,2.3,2.3,0.0%,DL,2017
119,120,Brooks Reed,1,1,0.0,0,0,0,0,0,1,2.3,2.3,0.0%,DL,2017
120,121,Charles Johnson,1,1,0.0,0,0,0,0,0,1,2.3,2.3,0.0%,DL,2017
121,122,John Hughes,1,1,0.0,0,0,0,0,0,1,2.3,2.3,0.0%,DL,2017
122,123,Jurrell Casey,1,1,0.0,0,0,0,0,0,1,2.3,2.3,0.1%,DL,2017
123,124,Carl Nassib,0,3,0.0,0,0,0,0,0,1,2.3,2.3,0.0%,DL,2017
124,125,Terrence Fede,1,1,0.0,0,0,0,0,0,1,2.3,2.3,0.0%,DL,2017
125,126,Grady Jarrett,1,1,0.0,0,0,0,0,0,1,2.3,2.3,5.7%,DL,2017
126,127,Eddie Vanderdoes,1,0,0.0,0,0,0,0,0,1,1.5,1.5,0.0%,DL,2017
127,128,Vincent Taylor,1,0,0.0,0,0,0,0,0,1,1.5,1.5,0.0%,DL,2017
128,129,DeForest Buckner,1,0,0.0,0,0,0,0,0,1,1.5,1.5,47.2%,DL,2017
129,130,Karl Klug,1,0,0.0,0,0,0,0,0,1,1.5,1.5,0.0%,DL,2017
130,131,Deatrich Wise,1,0,0.0,0,0,0,0,0,1,1.5,1.5,3.0%,DL,2017
131,132,Quinton Jefferson,1,0,0.0,0,0,0,0,0,1,1.5,1.5,3.4%,DL,2017
132,133,Brandon Mebane,1,0,0.0,0,0,0,0,0,1,1.5,1.5,0.0%,DL,2017
133,134,Robert Thomas,0,2,0.0,0,0,0,0,0,1,1.5,1.5,0.0%,DL,2017
134,135,John Jenkins,1,0,0.0,0,0,0,0,0,1,1.5,1.5,1.7%,DL,2017
135,136,Austin Johnson,1,0,0.0,0,0,0,0,0,1,1.5,1.5,3.0%,DL,2017
136,137,Dontari Poe,1,0,0.0,0,0,0,0,0,1,1.5,1.5,0.0%,DL,2017
137,138,Caleb Brantley,1,0,0.0,0,0,0,0,0,1,1.5,1.5,0.0%,DL,2017
138,139,Ufomba Kamalu,1,0,0.0,0,0,0,0,0,1,1.5,1.5,0.0%,DL,2017
139,140,Tom Johnson,1,0,0.0,0,0,0,0,0,1,1.5,1.5,0.0%,DL,2017
140,141,Maliek Collins,0,2,0.0,0,0,0,0,0,1,1.5,1.5,2.4%,DL,2017
141,142,A.J. Francis,0,2,0.0,0,0,0,0,0,1,1.5,1.5,0.0%,DL,2017
142,143,Sheldon Rankins,1,0,0.0,0,0,0,0,0,1,1.5,1.5,2.0%,DL,2017
143,144,Xavier Cooper,0,2,0.0,0,0,0,0,0,1,1.5,1.5,0.0%,DL,2017
144,145,Javon Hargrave,1,0,0.0,0,0,0,0,0,1,1.5,1.5,14.8%,DL,2017
145,146,Ryan Davis,1,0,0.0,0,0,0,0,0,1,1.5,1.5,0.0%,DL,2017
146,147,David Onyemata,0,2,0.0,0,0,0,0,0,1,1.5,1.5,5.7%,DL,2017
147,148,Danny Shelton,1,0,0.0,0,0,0,0,0,1,1.5,1.5,0.0%,DL,2017
148,149,Kony Ealy,1,0,0.0,0,0,0,0,0,1,1.5,1.5,0.0%,DL,2017
149,150,Justin Ellis,1,0,0.0,0,0,0,0,0,1,1.5,1.5,2.0%,DL,2017
150,151,Kyle Love,0,1,0.0,0,0,0,0,0,1,0.8,0.8,0.0%,DL,2017
151,152,Kyle Williams,0,1,0.0,0,0,0,0,0,1,0.8,0.8,3.7%,DL,2017
152,153,Montravius Adams,0,1,0.0,0,0,0,0,0,1,0.8,0.8,0.4%,DL,2017
153,154,Matt Ioannidis,0,1,0.0,0,0,0,0,0,1,0.8,0.8,0.0%,DL,2017
154,155,Jarran Reed,0,1,0.0,0,0,0,0,0,1,0.8,0.8,5.8%,DL,2017
155,156,Allen Bailey,0,1,0.0,0,0,0,0,0,1,0.8,0.8,0.0%,DL,2017
156,157,Darius Philon,0,1,0.0,0,0,0,0,0,1,0.8,0.8,0.0%,DL,2017
157,158,Ethan Westbrooks,0,1,0.0,0,0,0,0,0,1,0.8,0.8,0.0%,DL,2017
158,159,Mario Edwards,0,1,0.0,0,0,0,0,0,1,0.8,0.8,0.0%,DL,2017
159,160,Quinton Dial,0,1,0.0,0,0,0,0,0,1,0.8,0.8,0.0%,DL,2017
160,161,Dean Lowry,0,1,0.0,0,0,0,0,0,1,0.8,0.8,0.6%,DL,2017
161,162,Ahtyba Rubin,0,1,0.0,0,0,0,0,0,1,0.8,0.8,0.0%,DL,2017
162,163,Benson Mayowa,0,1,0.0,0,0,0,0,0,1,0.8,0.8,0.0%,DL,2017
163,164,Jarvis Jenkins,0,1,0.0,0,0,0,0,0,1,0.8,0.8,0.0%,DL,2017
164,165,Joel Heath,0,1,0.0,0,0,0,0,0,1,0.8,0.8,0.0%,DL,2017
165,166,Deandre Coleman,0,1,0.0,0,0,0,0,0,1,0.8,0.8,0.0%,DL,2017
166,167,Tyson Alualu,0,1,0.0,0,0,0,0,0,1,0.8,0.8,0.0%,DL,2017
167,168,Tyrone Crawford,0,1,0.0,0,0,0,0,0,1,0.8,0.8,0.0%,DL,2017
168,169,Charles Harris,0,1,0.0,0,0,0,0,0,1,0.8,0.8,4.0%,DL,2017
169,170,Derek Wolfe,0,1,0.0,0,0,0,0,0,1,0.8,0.8,0.0%,DL,2017
170,171,Devon Kennard,2,2,1.0,0,0,0,0,0,1,0.0,0.0,0.0%,DL,2017
171,172,Shamar Stephen,0,0,0.0,0,0,0,0,0,1,0.0,0.0,0.0%,DL,2017
172,173,Will Clarke,0,0,0.0,0,0,0,0,0,1,0.0,0.0,0.0%,DL,2017
173,174,John Simon,1,0,0.0,0,0,0,0,0,1,0.0,0.0,0.0%,DL,2017
174,175,Tank Carradine,2,0,0.0,0,0,0,0,0,1,0.0,0.0,0.0%,DL,2017
175,176,Barkevious Mingo,1,2,0.0,0,0,0,0,0,1,0.0,0.0,6.0%,DL,2017
176,177,Steven Means,0,0,0.0,0,0,0,0,0,1,0.0,0.0,0.0%,DL,2017
177,178,Khalil Mack,2,0,1.0,1,0,0,0,0,1,0.0,0.0,52.8%,DL,2017
178,179,Kyle Van,4,2,1.0,0,0,0,0,0,1,0.0,0.0,8.2%,DL,2017
179,180,Kareem Martin,1,0,0.0,0,0,0,0,0,1,0.0,0.0,0.0%,DL,2017
180,181,Lerentee McCray,0,0,0.0,0,0,0,0,0,1,0.0,0.0,4.0%,DL,2017
181,182,Damion Square,0,0,0.0,0,0,0,0,0,1,0.0,0.0,0.0%,DL,2017
182,183,Leonard Williams,0,0,0.0,0,0,0,0,0,1,0.0,0.0,10.9%,DL,2017
183,184,Nate Orchard,0,2,0.0,0,0,0,0,0,1,0.0,0.0,0.0%,DL,2017
184,185,Vic Beasley,0,0,0.0,0,0,0,0,0,1,0.0,0.0,0.0%,DL,2017
185,186,Eli Harold,3,0,0.0,0,0,0,0,0,1,0.0,0.0,0.0%,DL,2017
186,187,Garrison Smith,0,0,0.0,0,0,0,0,0,1,0.0,0.0,0.0%,DL,2017
187,188,Chris McCain,0,0,0.0,0,0,0,0,0,1,0.0,0.0,0.0%,DL,2017
188,189,Preston Smith,0,0,0.0,0,0,0,0,0,1,0.0,0.0,11.1%,DL,2017
189,190,Hau'oli Kikaha,0,0,0.0,0,0,0,0,0,1,0.0,0.0,0.0%,DL,2017
190,191,Rodney Gunter,0,0,0.0,0,0,0,0,0,1,0.0,0.0,0.1%,DL,2017
191,192,Christian Ringo,0,0,0.0,0,0,0,0,0,1,0.0,0.0,0.0%,DL,2017
192,193,Brian Mihalik,0,0,0.0,0,0,0,0,0,1,0.0,0.0,0.0%,DL,2017
193,194,David Irving,0,0,0.0,0,0,0,0,0,1,0.0,0.0,0.0%,DL,2017
194,195,Za'Darius Smith,2,0,0.0,1,0,0,0,0,1,0.0,0.0,5.4%,DL,2017
195,196,Bud Dupree,3,1,0.0,0,0,0,0,0,1,0.0,0.0,1.3%,DL,2017
196,197,Anthony Chickillo,0,0,0.0,0,0,0,0,0,1,0.0,0.0,0.0%,DL,2017
197,198,Angelo Blackson,0,0,0.0,0,0,0,0,0,1,0.0,0.0,0.2%,DL,2017
198,199,Josh Martin,2,3,0.0,0,0,0,0,0,1,0.0,0.0,0.0%,DL,2017
199,200,Alejandro Villanueva,0,0,0.0,0,0,0,0,0,1,0.0,0.0,0.0%,DL,2017
200,201,Kerry Wynn,0,0,0.0,0,0,0,0,0,1,0.0,0.0,0.0%,DL,2017
201,202,Shaquil Barrett,2,0,1.0,0,0,1,1,0,1,0.0,0.0,8.4%,DL,2017
202,203,Josh Mauro,0,0,0.0,0,0,0,0,0,1,0.0,0.0,0.0%,DL,2017
203,204,Howard Jones,0,0,0.0,0,0,0,0,0,1,0.0,0.0,1.0%,DL,2017
204,205,Kasim Edebali,0,0,0.0,0,0,0,0,0,1,0.0,0.0,0.0%,DL,2017
205,206,Ahmad Brooks,1,0,0.0,1,0,0,0,0,1,0.0,0.0,0.0%,DL,2017
206,207,Alan Branch,0,0,0.0,0,0,0,0,0,1,0.0,0.0,0.0%,DL,2017
207,208,Elvis Dumervil,0,1,0.0,0,0,0,0,0,1,0.0,0.0,0.0%,DL,2017
208,209,Tamba Hali,0,0,0.0,0,0,0,0,0,1,0.0,0.0,2.0%,DL,2017
209,210,Darryl Tapp,0,0,0.0,0,0,0,0,0,1,0.0,0.0,0.0%,DL,2017
210,211,Pernell McPhee,2,0,0.0,0,0,0,0,0,1,0.0,0.0,0.0%,DL,2017
211,212,Adrian Clayborn,0,0,0.0,0,0,0,0,0,1,0.0,0.0,0.0%,DL,2017
212,213,Marcell Dareus,0,0,0.0,0,0,0,0,0,1,0.0,0.0,0.0%,DL,2017
213,214,Von Miller,4,2,0.5,0,0,0,0,0,1,0.0,0.0,2.5%,DL,2017
214,215,Robert Quinn,3,2,1.0,0,0,1,0,0,1,0.0,0.0,1.2%,DL,2017
215,216,Terrell Suggs,2,2,2.0,1,0,1,0,0,1,0.0,0.0,0.0%,DL,2017
216,217,Dekoda Watson,0,0,0.0,0,0,0,0,0,1,0.0,0.0,0.0%,DL,2017
217,218,Arthur Moats,0,0,0.0,0,0,0,0,0,1,0.0,0.0,0.0%,DL,2017
218,219,Junior Galette,1,0,1.0,0,0,1,0,0,1,0.0,0.0,0.0%,DL,2017
219,220,Earl Mitchell,0,0,0.0,0,0,0,0,0,1,0.0,0.0,0.0%,DL,2017
220,221,Courtney Upshaw,0,0,0.0,0,0,0,0,0,1,0.0,0.0,0.0%,DL,2017
221,222,Chandler Jones,6,0,2.0,1,0,0,0,0,1,0.0,0.0,0.5%,DL,2017
222,223,Clinton McDonald,0,0,0.0,0,0,0,0,0,1,0.0,0.0,0.0%,DL,2017
223,224,Derrick Morgan,1,3,1.0,0,0,0,0,0,1,0.0,0.0,0.0%,DL,2017
224,225,Brian Robison,0,0,0.0,0,0,0,0,0,1,0.0,0.0,0.0%,DL,2017
225,226,Ricky Jean-Francois,0,0,0.0,0,0,0,0,0,1,0.0,0.0,0.0%,DL,2017
226,227,Connor Barwin,0,0,0.0,0,0,0,0,0,1,0.0,0.0,0.0%,DL,2017
227,228,Cameron Wake,3,0,1.0,0,0,0,0,0,1,0.0,0.0,0.0%,DL,2017
228,229,Eric Lee,4,0,1.0,0,0,0,0,0,1,0.0,0.0,0.0%,DL,2017
229,230,Devante Bond,0,0,0.0,0,0,0,0,0,1,0.0,0.0,0.0%,DL,2017
230,231,Bryson Albright,0,0,0.0,0,0,0,0,0,1,0.0,0.0,1.0%,DL,2017
231,232,Stephen Weatherly,0,0,0.0,0,0,0,0,0,1,0.0,0.0,0.0%,DL,2017
232,233,Tyrone Holmes,0,1,0.0,0,0,0,0,0,1,0.0,0.0,0.0%,DL,2017
233,234,Lawrence Thomas,0,0,0.0,0,0,0,0,0,1,0.0,0.0,0.0%,DL,2017
234,235,Matthew Judon,2,0,0.0,0,0,0,0,0,1,0.0,0.0,16.8%,DL,2017
235,236,Kameron Canaday,0,0,0.0,0,0,0,0,0,1,0.0,0.0,0.0%,DL,2017
236,237,Brennan Scarlett,4,0,0.0,0,0,0,0,0,1,0.0,0.0,0.0%,DL,2017
237,238,James Cowser,0,0,0.0,0,0,0,0,0,1,0.0,0.0,0.0%,DL,2017
238,239,Zach Wood,0,0,0.0,0,0,0,0,0,1,0.0,0.0,0.0%,DL,2017
239,240,Destiny Vaeao,0,0,0.0,0,0,0,0,0,1,0.0,0.0,0.0%,DL,2017
240,241,Joey Mbu,0,0,0.0,0,0,0,0,0,1,0.0,0.0,0.0%,DL,2017
241,242,Vince Biegel,1,0,0.0,0,0,0,0,0,1,0.0,0.0,0.0%,DL,2017
242,243,Antwaun Woods,0,0,0.0,0,0,0,0,0,1,0.0,0.0,0.0%,DL,2017
243,244,Kyler Fackrell,2,0,0.0,0,0,0,0,0,1,0.0,0.0,0.0%,DL,2017
244,245,Kamalei Correa,0,0,0.0,0,0,0,0,0,1,0.0,0.0,0.0%,DL,2017
245,246,Adam Gotsis,0,0,0.0,0,0,0,0,0,1,0.0,0.0,1.2%,DL,2017
246,247,Jordan Jenkins,2,3,0.0,0,0,0,0,0,1,0.0,0.0,0.0%,DL,2017
247,248,Adolphus Washington,0,0,0.0,0,0,0,0,0,1,0.0,0.0,0.0%,DL,2017
248,249,John Denney,0,0,0.0,0,0,0,0,0,1,0.0,0.0,0.0%,DL,2017
249,250,Robert Nkemdiche,0,0,0.0,0,0,0,0,0,1,0.0,0.0,0.0%,DL,2017
250,251,Andrew Billings,0,0,0.0,0,0,0,0,0,1,0.0,0.0,1.6%,DL,2017
251,252,Morgan Fox,0,0,0.0,0,0,0,0,0,1,0.0,0.0,2.3%,DL,2017
252,253,Isaiah Irving,2,0,0.0,0,0,0,1,0,1,0.0,0.0,0.0%,DL,2017
253,254,Tyus Bowser,0,0,0.0,0,0,0,0,0,1,0.0,0.0,0.7%,DL,2017
254,255,Jordan Willis,1,0,0.0,0,0,0,0,0,1,0.0,0.0,1.0%,DL,2017
255,256,Larry Ogunjobi,0,0,0.0,0,0,0,0,0,1,0.0,0.0,2.5%,DL,2017
256,257,Tarell Basham,0,0,0.0,0,0,0,0,0,1,0.0,0.0,0.0%,DL,2017
257,258,Carlos Watkins,0,0,0.0,0,0,0,0,0,1,0.0,0.0,0.0%,DL,2017
258,259,T.J. Watt,3,1,1.0,1,0,0,0,0,1,0.0,0.0,78.9%,DL,2017
259,260,Taco Charlton,0,0,0.0,0,0,0,0,0,1,0.0,0.0,0.0%,DL,2017
260,261,Tim Williams,0,0,0.0,0,0,0,0,0,1,0.0,0.0,0.0%,DL,2017
261,262,Derek Barnett,0,0,0.0,0,0,0,0,0,1,0.0,0.0,0.5%,DL,2017
262,263,Takk McKinley,1,1,1.0,0,0,0,0,0,1,0.0,0.0,1.1%,DL,2017
263,264,Tanzel Smart,0,0,0.0,0,0,0,0,0,1,0.0,0.0,0.0%,DL,2017
264,265,Nazair Jones,0,0,0.0,0,0,0,0,0,1,0.0,0.0,0.0%,DL,2017
265,266,Adam Butler,0,0,0.0,0,0,0,0,0,1,0.0,0.0,0.7%,DL,2017
266,267,Samson Ebukam,1,1,1.0,0,0,0,0,0,1,0.0,0.0,8.7%,DL,2017
267,268,Tanoh Kpassagnon,0,0,0.0,0,0,0,0,0,1,0.0,0.0,0.0%,DL,2017
268,269,Jeremiah Ledbetter,0,0,0.0,0,0,0,0,0,1,0.0,0.0,0.2%,DL,2017
269,270,Elijah Qualls,0,0,0.0,0,0,0,0,0,1,0.0,0.0,0.0%,DL,2017
270,271,Avery Moss,0,0,0.0,0,0,0,0,0,1,0.0,0.0,0.0%,DL,2017
271,272,Ryan Anderson,1,0,0.0,0,0,0,0,0,1,0.0,0.0,0.0%,DL,2017
272,273,Trey Hendrickson,0,0,0.0,0,0,0,0,0,1,0.0,0.0,35.3%,DL,2017
