,Rank,Player,Tackle,Assist,Sack,Pass Defended,Interception,Forced Fumble,Fumble Recovery,Defend Touchdown,Games Played,Fantasy Football Points,FTPS/Game,ROST,Position,Year
0,1,Michael Johnson,4,2,2.0,0,0,0,0,0,1,23.0,23.0,0.0%,DL,2017
1,2,Jurrell Casey,5,0,2.0,0,0,0,0,0,1,20.5,20.5,0.1%,DL,2017
2,3,Bruce Irvin,4,0,2.0,0,0,0,0,0,1,19.0,19.0,0.2%,DL,2017
3,4,Kawann Short,3,0,2.0,0,0,0,0,0,1,17.5,17.5,0.0%,DL,2017
4,5,Linval Joseph,3,7,1.0,0,0,0,0,0,1,16.3,16.3,0.0%,DL,2017
5,6,Ezekiel Ansah,6,1,1.0,0,0,0,0,0,1,16.3,16.3,0.0%,DL,2017
6,7,Anthony Lanier,3,1,1.0,1,0,0,0,0,1,15.8,15.8,0.0%,DL,2017
7,8,Mario Addison,2,1,1.0,1,0,1,0,0,1,15.8,15.8,4.0%,DL,2017
8,9,Margus Hunt,6,1,0.0,0,0,0,0,0,1,14.8,14.8,0.0%,DL,2017
9,10,Johnathan Hankins,7,1,0.0,0,0,0,0,0,1,13.8,13.8,0.0%,DL,2017
10,11,Lawrence Guy,4,1,0.0,1,0,0,0,0,1,13.3,13.3,4.0%,DL,2017
11,12,Muhammad Wilkerson,3,3,1.0,0,0,0,0,0,1,13.3,13.3,0.0%,DL,2017
12,13,Malik Jackson,2,1,1.0,0,0,0,0,0,1,12.8,12.8,0.0%,DL,2017
13,14,Justin Houston,3,2,1.0,0,0,0,0,0,1,12.5,12.5,0.0%,DL,2017
14,15,Adam Gotsis,3,0,1.0,0,0,0,1,0,1,12.5,12.5,1.2%,DL,2017
15,16,Chris Jones,2,0,1.0,0,0,0,0,0,1,12.0,12.0,25.7%,DL,2017
16,17,Julius Peppers,2,0,1.0,0,0,0,0,0,1,12.0,12.0,0.1%,DL,2017
17,18,Danielle Hunter,4,1,0.0,0,0,0,0,0,1,11.8,11.8,52.9%,DL,2017
18,19,Dontari Poe,2,3,1.0,0,0,0,0,0,1,11.8,11.8,0.0%,DL,2017
19,20,Michael Brockers,3,1,1.0,0,0,0,0,0,1,11.8,11.8,0.0%,DL,2017
20,21,Ndamukong Suh,2,1,1.0,1,0,0,0,0,1,11.8,11.8,0.0%,DL,2017
21,22,Jadeveon Clowney,3,3,0.0,0,0,0,0,0,1,11.8,11.8,22.5%,DL,2017
22,23,Jarvis Jenkins,3,0,1.0,0,0,0,0,0,1,11.0,11.0,0.0%,DL,2017
23,24,Chris Long,2,0,1.0,0,0,1,0,0,1,11.0,11.0,0.0%,DL,2017
24,25,Ryan Davis,2,1,1.0,0,0,0,0,0,1,10.3,10.3,0.0%,DL,2017
25,26,Shelby Harris,1,1,1.0,1,0,0,0,0,1,10.3,10.3,1.1%,DL,2017
26,27,Haason Reddick,2,1,1.0,0,0,0,0,0,1,10.3,10.3,17.6%,DL,2017
27,28,Matt Ioannidis,2,1,1.0,0,0,0,0,0,1,10.3,10.3,0.0%,DL,2017
28,29,Brandon Graham,0,0,0.0,0,0,0,1,1,1,10.0,10.0,2.2%,DL,2017
29,30,Javon Hargrave,4,0,0.0,0,0,1,0,0,1,10.0,10.0,14.8%,DL,2017
30,31,Melvin Ingram,2,3,0.5,0,0,0,0,0,1,9.8,9.8,0.0%,DL,2017
31,32,David King,2,0,1.0,0,0,0,0,0,1,9.5,9.5,0.0%,DL,2017
32,33,Mike Daniels,4,1,0.0,0,0,0,0,0,1,9.3,9.3,0.0%,DL,2017
33,34,Everson Griffen,2,3,1.0,0,0,0,0,0,1,9.3,9.3,2.0%,DL,2017
34,35,Steve McLendon,4,1,0.0,0,0,0,0,0,1,9.3,9.3,0.0%,DL,2017
35,36,Adam Butler,1,1,1.0,0,0,0,0,0,1,8.8,8.8,0.7%,DL,2017
36,37,Olsen Pierre,1,1,1.0,0,0,0,0,0,1,8.8,8.8,0.0%,DL,2017
37,38,DeForest Buckner,1,1,1.0,0,0,0,0,0,1,8.8,8.8,47.2%,DL,2017
38,39,Yannick Ngakoue,1,0,1.0,0,0,0,0,0,1,8.0,8.0,1.7%,DL,2017
39,40,Kyle Love,1,0,1.0,0,0,0,0,0,1,8.0,8.0,0.0%,DL,2017
40,41,Adrian Clayborn,1,0,1.0,0,0,0,0,0,1,8.0,8.0,0.0%,DL,2017
41,42,Roy Robertson-Harris,1,0,1.0,0,0,0,0,0,1,8.0,8.0,1.3%,DL,2017
42,43,Jordan Phillips,1,0,1.0,0,0,0,0,0,1,8.0,8.0,0.9%,DL,2017
43,44,Howard Jones,1,0,1.0,0,0,0,0,0,1,8.0,8.0,1.0%,DL,2017
44,45,Damon Harrison,5,0,0.0,0,0,0,0,0,1,7.5,7.5,0.0%,DL,2017
45,46,Adolphus Washington,5,0,0.0,0,0,0,0,0,1,7.5,7.5,0.0%,DL,2017
46,47,Al Woods,1,4,0.0,0,0,0,0,0,1,7.0,7.0,0.0%,DL,2017
47,48,Tenny Palepoi,3,0,0.0,0,0,0,0,0,1,7.0,7.0,0.0%,DL,2017
48,49,Andrew Billings,2,2,0.0,0,0,0,0,0,1,7.0,7.0,1.6%,DL,2017
49,50,Sheldon Rankins,2,2,0.0,0,0,0,0,0,1,7.0,7.0,2.0%,DL,2017
50,51,Jerry Hughes,4,1,0.0,0,0,0,0,0,1,6.8,6.8,1.0%,DL,2017
51,52,Tyrunn Walker,2,1,0.0,0,0,0,0,0,1,6.3,6.3,0.0%,DL,2017
52,53,Tom Johnson,2,1,0.0,0,0,0,0,0,1,6.3,6.3,0.0%,DL,2017
53,54,Grover Stewart,4,0,0.0,0,0,0,0,0,1,6.0,6.0,3.5%,DL,2017
54,55,Denico Autry,2,0,0.0,2,0,0,0,0,1,6.0,6.0,10.1%,DL,2017
55,56,Ziggy Hood,3,2,0.0,0,0,0,0,0,1,6.0,6.0,0.0%,DL,2017
56,57,Robert Ayers,2,0,0.0,0,0,0,0,0,1,5.5,5.5,0.0%,DL,2017
57,58,Beau Allen,2,0,0.0,0,0,0,0,0,1,5.5,5.5,0.0%,DL,2017
58,59,Aaron Donald,2,0,0.0,0,0,0,0,0,1,5.5,5.5,11.7%,DL,2017
59,60,Cameron Jordan,2,0,0.0,0,0,0,0,0,1,5.5,5.5,6.1%,DL,2017
60,61,Alan Branch,2,0,0.0,0,0,0,0,0,1,5.5,5.5,0.0%,DL,2017
61,62,Datone Jones,2,0,0.0,0,0,0,0,0,1,5.5,5.5,0.0%,DL,2017
62,63,Kyle Williams,2,1,0.0,1,0,0,0,0,1,5.3,5.3,3.7%,DL,2017
63,64,Jason Pierre-Paul,2,3,0.0,0,0,0,0,0,1,5.3,5.3,0.0%,DL,2017
64,65,DeMarcus Lawrence,3,1,0.0,0,0,0,0,0,1,5.3,5.3,12.7%,DL,2017
65,66,Eddie Yarbrough,3,1,0.0,0,0,0,0,0,1,5.3,5.3,0.0%,DL,2017
66,67,James Cowser,3,1,0.0,0,0,0,0,0,1,5.3,5.3,0.0%,DL,2017
67,68,Earl Mitchell,1,1,0.0,0,0,0,0,0,1,4.8,4.8,0.0%,DL,2017
68,69,Branden Jackson,2,0,0.0,1,0,0,0,0,1,4.5,4.5,0.0%,DL,2017
69,70,Joey Bosa,3,0,0.0,0,0,0,0,0,1,4.5,4.5,16.7%,DL,2017
70,71,Dalvin Tomlinson,3,0,0.0,0,0,0,0,0,1,4.5,4.5,2.2%,DL,2017
71,72,Richard Ash,3,0,0.0,0,0,0,0,0,1,4.5,4.5,0.0%,DL,2017
72,73,Fletcher Cox,2,2,0.0,0,0,0,0,0,1,4.5,4.5,1.1%,DL,2017
73,74,Benson Mayowa,3,0,0.0,0,0,0,0,0,1,4.5,4.5,0.0%,DL,2017
74,75,Treyvon Hester,1,4,0.0,0,0,0,0,0,1,4.5,4.5,0.0%,DL,2017
75,76,Corey Liuget,1,1,0.5,0,0,0,0,0,1,4.3,4.3,0.0%,DL,2017
76,77,Dawuane Smoot,1,0,0.0,0,0,0,0,0,1,4.0,4.0,0.4%,DL,2017
77,78,Michael Bennett,1,0,0.0,0,0,0,0,0,1,4.0,4.0,0.0%,DL,2017
78,79,Karl Klug,1,0,0.0,0,0,0,0,0,1,4.0,4.0,0.0%,DL,2017
79,80,Marcell Dareus,2,1,0.0,0,0,0,0,0,1,3.8,3.8,0.0%,DL,2017
80,81,Kenny Clark,2,1,0.0,0,0,0,0,0,1,3.8,3.8,8.9%,DL,2017
81,82,Brooks Reed,2,1,0.0,0,0,0,0,0,1,3.8,3.8,0.0%,DL,2017
82,83,Stacy McGee,2,1,0.0,0,0,0,0,0,1,3.8,3.8,0.0%,DL,2017
83,84,Akeem Spence,2,1,0.0,0,0,0,0,0,1,3.8,3.8,0.0%,DL,2017
84,85,Jabaal Sheard,2,1,0.0,0,0,0,0,0,1,3.8,3.8,0.0%,DL,2017
85,86,Shamar Stephen,1,3,0.0,0,0,0,0,0,1,3.8,3.8,0.0%,DL,2017
86,87,Dean Lowry,1,3,0.0,0,0,0,0,0,1,3.8,3.8,0.6%,DL,2017
87,88,Michael Pierce,2,1,0.0,0,0,0,0,0,1,3.8,3.8,1.7%,DL,2017
88,89,Myles Garrett,1,3,0.0,0,0,0,0,0,1,3.8,3.8,63.7%,DL,2017
89,90,Eddie Vanderdoes,2,0,0.0,0,0,0,0,0,1,3.0,3.0,0.0%,DL,2017
90,91,Tyrone Crawford,2,0,0.0,0,0,0,0,0,1,3.0,3.0,0.0%,DL,2017
91,92,Brandon Dunn,2,0,0.0,0,0,0,0,0,1,3.0,3.0,0.0%,DL,2017
92,93,Carlos Dunlap,1,0,0.0,1,0,0,0,0,1,3.0,3.0,3.0%,DL,2017
93,94,Quinton Jefferson,2,0,0.0,0,0,0,0,0,1,3.0,3.0,3.4%,DL,2017
94,95,John Hughes,1,2,0.0,0,0,0,0,0,1,3.0,3.0,0.0%,DL,2017
95,96,Sheldon Richardson,2,0,0.0,0,0,0,0,0,1,3.0,3.0,1.0%,DL,2017
96,97,Cornelius Washington,1,0,0.0,1,0,0,0,0,1,3.0,3.0,0.0%,DL,2017
97,98,Zach Kerr,1,0,0.0,1,0,0,0,0,1,3.0,3.0,0.0%,DL,2017
98,99,Ryan Kerrigan,2,0,0.0,0,0,0,0,0,1,3.0,3.0,0.0%,DL,2017
99,100,Joel Heath,1,2,0.0,0,0,0,0,0,1,3.0,3.0,0.0%,DL,2017
100,101,Taco Charlton,2,0,0.0,0,0,0,0,0,1,3.0,3.0,0.0%,DL,2017
101,102,Angelo Blackson,2,0,0.0,0,0,0,0,0,1,3.0,3.0,0.2%,DL,2017
102,103,Kyle Peko,2,0,0.0,0,0,0,0,0,1,3.0,3.0,0.0%,DL,2017
103,104,DJ Reader,1,2,0.0,0,0,0,0,0,1,3.0,3.0,2.6%,DL,2017
104,105,Carl Nassib,0,2,0.0,1,0,0,0,0,1,3.0,3.0,0.0%,DL,2017
105,106,Davon Godchaux,1,2,0.0,0,0,0,0,0,1,3.0,3.0,4.3%,DL,2017
106,107,Ryan Glasgow,1,2,0.0,0,0,0,0,0,1,3.0,3.0,0.0%,DL,2017
107,108,Anthony Zettel,2,0,0.0,0,0,0,0,0,1,3.0,3.0,1.0%,DL,2017
108,109,Tyson Alualu,2,0,0.0,0,0,0,0,0,1,3.0,3.0,0.0%,DL,2017
109,110,Carlos Watkins,2,0,0.0,0,0,0,0,0,1,3.0,3.0,0.0%,DL,2017
110,111,Stephon Tuitt,1,0,0.0,1,0,0,0,0,1,3.0,3.0,0.1%,DL,2017
111,112,Will Clarke,2,0,0.0,0,0,0,0,0,1,3.0,3.0,0.0%,DL,2017
112,113,David Onyemata,2,0,0.0,0,0,0,0,0,1,3.0,3.0,5.7%,DL,2017
113,114,Cameron Heyward,0,1,0.0,1,0,0,0,0,1,2.3,2.3,23.1%,DL,2017
114,115,Xavier Williams,1,1,0.0,0,0,0,0,0,1,2.3,2.3,0.0%,DL,2017
115,116,Nordly Capi,1,1,0.0,0,0,0,0,0,1,2.3,2.3,0.0%,DL,2017
116,117,Grady Jarrett,1,1,0.0,0,0,0,0,0,1,2.3,2.3,5.7%,DL,2017
117,118,Brian Robison,1,1,0.0,0,0,0,0,0,1,2.3,2.3,0.0%,DL,2017
118,119,Cassius Marsh,1,1,0.0,0,0,0,0,0,1,2.3,2.3,1.0%,DL,2017
119,120,Justin Ellis,1,1,0.0,0,0,0,0,0,1,2.3,2.3,2.0%,DL,2017
120,121,John Jenkins,1,1,0.0,0,0,0,0,0,1,2.3,2.3,1.7%,DL,2017
121,122,Leonard Williams,1,1,0.0,0,0,0,0,0,1,2.3,2.3,10.9%,DL,2017
122,123,Larry Ogunjobi,1,1,0.0,0,0,0,0,0,1,2.3,2.3,2.5%,DL,2017
123,124,Vernon Butler,1,1,0.0,0,0,0,0,0,1,2.3,2.3,0.0%,DL,2017
124,125,Solomon Thomas,1,1,0.0,0,0,0,0,0,1,2.3,2.3,0.8%,DL,2017
125,126,Calais Campbell,1,0,0.0,0,0,0,0,0,1,1.5,1.5,3.1%,DL,2017
126,127,L.T. Walton,1,0,0.0,0,0,0,0,0,1,1.5,1.5,0.0%,DL,2017
127,128,Akiem Hicks,1,0,0.0,0,0,0,0,0,1,1.5,1.5,0.0%,DL,2017
128,129,Deandre Coleman,1,0,0.0,0,0,0,0,0,1,1.5,1.5,0.0%,DL,2017
129,130,Ryan Russell,1,0,0.0,0,0,0,0,0,1,1.5,1.5,0.0%,DL,2017
130,131,A'Shawn Robinson,1,0,0.0,0,0,0,0,0,1,1.5,1.5,4.5%,DL,2017
131,132,Rakeem Nunez-Roches,1,0,0.0,0,0,0,0,0,1,1.5,1.5,0.9%,DL,2017
132,133,Darius Philon,0,2,0.0,0,0,0,0,0,1,1.5,1.5,0.0%,DL,2017
133,134,Austin Johnson,1,0,0.0,0,0,0,0,0,1,1.5,1.5,3.0%,DL,2017
134,135,Sheldon Day,0,2,0.0,0,0,0,0,0,1,1.5,1.5,0.0%,DL,2017
135,136,Chris McCain,1,0,0.0,0,0,0,0,0,1,1.5,1.5,0.0%,DL,2017
136,137,Trevon Coley,0,2,0.0,0,0,0,0,0,1,1.5,1.5,0.0%,DL,2017
137,138,Mike Pennel,1,0,0.0,0,0,0,0,0,1,1.5,1.5,0.4%,DL,2017
138,139,Robert Thomas,0,2,0.0,0,0,0,0,0,1,1.5,1.5,0.0%,DL,2017
139,140,Kerry Wynn,1,0,0.0,0,0,0,0,0,1,1.5,1.5,0.0%,DL,2017
140,141,Caleb Brantley,0,2,0.0,0,0,0,0,0,1,1.5,1.5,0.0%,DL,2017
141,142,Cedric Thornton,1,0,0.0,0,0,0,0,0,1,1.5,1.5,0.0%,DL,2017
142,143,DeMarcus Walker,1,0,0.0,0,0,0,0,0,1,1.5,1.5,1.8%,DL,2017
143,144,Jeremiah Ledbetter,1,0,0.0,0,0,0,0,0,1,1.5,1.5,0.2%,DL,2017
144,145,Montravius Adams,1,0,0.0,0,0,0,0,0,1,1.5,1.5,0.4%,DL,2017
145,146,Trey Hendrickson,1,0,0.0,0,0,0,0,0,1,1.5,1.5,35.3%,DL,2017
146,147,Jay Bromley,1,0,0.0,0,0,0,0,0,1,1.5,1.5,0.0%,DL,2017
147,148,Marcus Smith,1,0,0.0,0,0,0,0,0,1,1.5,1.5,0.0%,DL,2017
148,149,Tim Jernigan,1,0,0.0,0,0,0,0,0,1,1.5,1.5,0.0%,DL,2017
149,150,Kony Ealy,1,0,0.0,0,0,0,0,0,1,1.5,1.5,0.0%,DL,2017
150,151,A.J. Francis,1,0,0.0,0,0,0,0,0,1,1.5,1.5,0.0%,DL,2017
151,152,Damion Square,0,0,0.0,1,0,0,0,0,1,1.5,1.5,0.0%,DL,2017
152,153,Sylvester Williams,1,0,0.0,0,0,0,0,0,1,1.5,1.5,0.0%,DL,2017
153,154,Abry Jones,1,0,0.0,0,0,0,0,0,1,1.5,1.5,0.0%,DL,2017
154,155,Tarell Basham,1,0,0.0,0,0,0,0,0,1,1.5,1.5,0.0%,DL,2017
155,156,Derrick Shelby,1,0,0.0,0,0,0,0,0,1,1.5,1.5,0.0%,DL,2017
156,157,Charles Harris,0,1,0.0,0,0,0,0,0,1,0.8,0.8,4.0%,DL,2017
157,158,Brandon Mebane,0,1,0.0,0,0,0,0,0,1,0.8,0.8,0.0%,DL,2017
158,159,Star Lotulelei,0,1,0.0,0,0,0,0,0,1,0.8,0.8,0.0%,DL,2017
159,160,Wes Horton,0,1,0.0,0,0,0,0,0,1,0.8,0.8,0.0%,DL,2017
160,161,Carl Davis,0,1,0.0,0,0,0,0,0,1,0.8,0.8,1.1%,DL,2017
161,162,Chris Baker,0,1,0.0,0,0,0,0,0,1,0.8,0.8,0.0%,DL,2017
162,163,Malcom Brown,0,1,0.0,0,0,0,0,0,1,0.8,0.8,0.0%,DL,2017
163,164,Ahtyba Rubin,0,1,0.0,0,0,0,0,0,1,0.8,0.8,0.0%,DL,2017
164,165,Olivier Vernon,0,1,0.0,0,0,0,0,0,1,0.8,0.8,6.0%,DL,2017
165,166,Sealver Siliga,0,1,0.0,0,0,0,0,0,1,0.8,0.8,0.0%,DL,2017
166,167,Brandon Williams,0,1,0.0,0,0,0,0,0,1,0.8,0.8,0.2%,DL,2017
167,168,Frank Clark,0,1,0.0,0,0,0,0,0,1,0.8,0.8,0.0%,DL,2017
168,169,Chris Smith,0,0,0.0,0,0,0,0,0,1,0.0,0.0,0.0%,DL,2017
169,170,Devon Kennard,4,0,0.0,0,0,0,0,0,1,0.0,0.0,0.0%,DL,2017
170,171,Terrence Fede,0,0,0.0,0,0,0,0,0,1,0.0,0.0,0.0%,DL,2017
171,172,Kareem Martin,2,0,0.0,0,0,0,0,0,1,0.0,0.0,0.0%,DL,2017
172,173,Anthony Johnson,0,0,0.0,0,0,0,0,0,1,0.0,0.0,0.0%,DL,2017
173,174,William Gholston,0,0,0.0,0,0,0,0,0,1,0.0,0.0,1.6%,DL,2017
174,175,Tank Carradine,1,1,0.0,0,0,0,0,0,1,0.0,0.0,0.0%,DL,2017
175,176,Bennie Logan,0,0,0.0,0,0,0,0,0,1,0.0,0.0,0.0%,DL,2017
176,177,Aaron Lynch,2,2,0.0,0,0,0,1,0,1,0.0,0.0,0.0%,DL,2017
177,178,Khalil Mack,5,1,1.0,1,0,0,0,0,1,0.0,0.0,52.8%,DL,2017
178,179,Barkevious Mingo,3,0,0.0,0,0,1,1,0,1,0.0,0.0,6.0%,DL,2017
179,180,Steven Means,0,0,0.0,0,0,0,0,0,1,0.0,0.0,0.0%,DL,2017
180,181,Quinton Dial,0,0,0.0,0,0,0,0,0,1,0.0,0.0,0.0%,DL,2017
181,182,Lerentee McCray,0,0,0.0,0,0,0,0,0,1,0.0,0.0,4.0%,DL,2017
182,183,Nate Orchard,1,2,1.0,0,0,0,0,0,1,0.0,0.0,0.0%,DL,2017
183,184,Vic Beasley,1,0,0.0,0,0,0,0,0,1,0.0,0.0,0.0%,DL,2017
184,185,Dante Fowler,0,0,0.0,0,0,0,0,0,1,0.0,0.0,3.5%,DL,2017
185,186,Eli Harold,2,0,1.0,0,0,0,0,0,1,0.0,0.0,0.0%,DL,2017
186,187,Brian Mihalik,0,0,0.0,0,0,0,0,0,1,0.0,0.0,0.0%,DL,2017
187,188,Christian Ringo,0,0,0.0,0,0,0,0,0,1,0.0,0.0,0.0%,DL,2017
188,189,Tyeler Davison,0,0,0.0,0,0,0,0,0,1,0.0,0.0,0.0%,DL,2017
189,190,Rodney Gunter,0,0,0.0,0,0,0,0,0,1,0.0,0.0,0.1%,DL,2017
190,191,Preston Smith,0,0,0.0,0,0,0,0,0,1,0.0,0.0,11.1%,DL,2017
191,192,Xavier Cooper,0,0,0.0,0,0,0,0,0,1,0.0,0.0,0.0%,DL,2017
192,193,Hau'oli Kikaha,1,0,1.0,0,0,0,0,0,1,0.0,0.0,0.0%,DL,2017
193,194,Mario Edwards,0,0,0.0,0,0,0,0,0,1,0.0,0.0,0.0%,DL,2017
194,195,Bud Dupree,1,0,0.0,0,0,0,0,0,1,0.0,0.0,1.3%,DL,2017
195,196,Geneo Grissom,0,0,0.0,0,0,0,0,0,1,0.0,0.0,0.0%,DL,2017
196,197,Anthony Chickillo,0,0,0.0,0,0,0,0,0,1,0.0,0.0,0.0%,DL,2017
197,198,Josh Martin,2,0,0.0,0,0,0,0,0,1,0.0,0.0,0.0%,DL,2017
198,199,Alejandro Villanueva,0,0,0.0,0,0,0,0,0,1,0.0,0.0,0.0%,DL,2017
199,200,Shaquil Barrett,0,0,0.0,0,0,0,0,0,1,0.0,0.0,8.4%,DL,2017
200,201,Kasim Edebali,0,0,0.0,0,0,0,0,0,1,0.0,0.0,0.0%,DL,2017
201,202,Ethan Westbrooks,0,0,0.0,0,0,0,0,0,1,0.0,0.0,0.0%,DL,2017
202,203,Ahmad Brooks,0,1,0.0,0,0,0,0,0,1,0.0,0.0,0.0%,DL,2017
203,204,Elvis Dumervil,0,0,0.0,0,0,0,0,0,1,0.0,0.0,0.0%,DL,2017
204,205,Tamba Hali,0,0,0.0,0,0,0,0,0,1,0.0,0.0,2.0%,DL,2017
205,206,Frostee Rucker,0,0,0.0,0,0,0,0,0,1,0.0,0.0,0.0%,DL,2017
206,207,Von Miller,4,0,1.0,0,0,0,0,0,1,0.0,0.0,2.5%,DL,2017
207,208,Robert Quinn,1,1,1.0,0,0,0,0,0,1,0.0,0.0,1.2%,DL,2017
208,209,Allen Bailey,0,0,0.0,0,0,0,0,0,1,0.0,0.0,0.0%,DL,2017
209,210,Terrell Suggs,3,2,0.5,1,0,0,0,0,1,0.0,0.0,0.0%,DL,2017
210,211,Dwight Freeney,0,0,0.0,0,0,0,0,0,1,0.0,0.0,0.0%,DL,2017
211,212,Arthur Moats,2,1,0.0,0,0,0,0,0,1,0.0,0.0,0.0%,DL,2017
212,213,Dekoda Watson,0,0,0.0,0,0,0,0,0,1,0.0,0.0,0.0%,DL,2017
213,214,Junior Galette,1,0,0.0,0,0,0,0,0,1,0.0,0.0,0.0%,DL,2017
214,215,Geno Atkins,0,0,0.0,0,0,0,0,0,1,0.0,0.0,0.0%,DL,2017
215,216,Lamarr Houston,1,0,1.0,0,0,0,0,0,1,0.0,0.0,0.0%,DL,2017
216,217,Vinny Curry,0,0,0.0,0,0,0,0,0,1,0.0,0.0,0.0%,DL,2017
217,218,Courtney Upshaw,1,0,0.0,0,0,0,0,0,1,0.0,0.0,0.0%,DL,2017
218,219,Chandler Jones,5,0,1.0,0,0,0,0,0,1,0.0,0.0,0.5%,DL,2017
219,220,Andre Branch,0,0,0.0,0,0,0,0,0,1,0.0,0.0,0.0%,DL,2017
220,221,Gerald McCoy,0,0,0.0,0,0,0,0,0,1,0.0,0.0,0.0%,DL,2017
221,222,Pat Sims,0,0,0.0,0,0,0,0,0,1,0.0,0.0,0.0%,DL,2017
222,223,Cameron Wake,0,0,0.0,0,0,0,0,0,1,0.0,0.0,0.0%,DL,2017
223,224,Clay Matthews,2,0,1.0,0,0,0,0,0,1,0.0,0.0,0.0%,DL,2017
224,225,Obum Gwacham,0,0,0.0,0,0,0,0,0,1,0.0,0.0,0.0%,DL,2017
225,226,Stephen Weatherly,0,0,0.0,0,0,0,0,0,1,0.0,0.0,0.0%,DL,2017
226,227,Devante Bond,1,0,0.0,0,0,0,0,0,1,0.0,0.0,0.0%,DL,2017
227,228,Eric Lee,2,0,0.0,0,0,0,0,0,1,0.0,0.0,0.0%,DL,2017
228,229,Bryson Albright,0,0,0.0,0,0,0,0,0,1,0.0,0.0,1.0%,DL,2017
229,230,Matthew Judon,4,1,0.0,0,0,1,0,0,1,0.0,0.0,16.8%,DL,2017
230,231,Tyrone Holmes,0,1,0.0,0,0,0,0,0,1,0.0,0.0,0.0%,DL,2017
231,232,Zach Wood,0,0,0.0,0,0,0,0,0,1,0.0,0.0,0.0%,DL,2017
232,233,Destiny Vaeao,0,0,0.0,0,0,0,0,0,1,0.0,0.0,0.0%,DL,2017
233,234,Rodney Coe,0,0,0.0,0,0,0,0,0,1,0.0,0.0,0.0%,DL,2017
234,235,Lawrence Thomas,0,0,0.0,0,0,0,0,0,1,0.0,0.0,0.0%,DL,2017
235,236,Willie Henry,0,0,0.0,0,0,0,0,0,1,0.0,0.0,0.0%,DL,2017
236,237,Joey Mbu,0,0,0.0,0,0,0,0,0,1,0.0,0.0,0.0%,DL,2017
237,238,Antwaun Woods,0,0,0.0,0,0,0,0,0,1,0.0,0.0,0.0%,DL,2017
238,239,Maliek Collins,0,0,0.0,0,0,0,0,0,1,0.0,0.0,2.4%,DL,2017
239,240,Jarran Reed,0,0,0.0,0,0,0,0,0,1,0.0,0.0,5.8%,DL,2017
240,241,Jordan Jenkins,4,0,0.0,0,0,0,0,0,1,0.0,0.0,0.0%,DL,2017
241,242,Vince Biegel,2,0,0.0,0,0,0,0,0,1,0.0,0.0,0.0%,DL,2017
242,243,Shilique Calhoun,1,1,0.0,0,0,0,0,0,1,0.0,0.0,0.0%,DL,2017
243,244,Kyler Fackrell,2,0,1.0,0,0,0,0,0,1,0.0,0.0,0.0%,DL,2017
244,245,Kamalei Correa,0,0,0.0,0,0,0,0,0,1,0.0,0.0,0.0%,DL,2017
245,246,Jonathan Bullard,0,0,0.0,0,0,0,0,0,1,0.0,0.0,3.3%,DL,2017
246,247,T.Y. McGill,0,0,0.0,0,0,0,0,0,1,0.0,0.0,0.2%,DL,2017
247,248,Robert Nkemdiche,0,0,0.0,0,0,0,0,0,1,0.0,0.0,0.0%,DL,2017
248,249,John Denney,0,0,0.0,0,0,0,0,0,1,0.0,0.0,0.0%,DL,2017
249,250,Rashaad Coward,0,0,0.0,0,0,0,0,0,1,0.0,0.0,1.0%,DL,2017
250,251,Gimel President,0,0,0.0,0,0,0,0,0,1,0.0,0.0,0.0%,DL,2017
251,252,Lewis Neal,0,0,0.0,0,0,0,0,0,1,0.0,0.0,0.0%,DL,2017
252,253,Kameron Canaday,0,0,0.0,0,0,0,0,0,1,0.0,0.0,0.0%,DL,2017
253,254,Deatrich Wise,0,0,0.0,0,0,0,0,0,1,0.0,0.0,3.0%,DL,2017
254,255,Takk McKinley,0,0,0.0,0,0,0,0,0,1,0.0,0.0,1.1%,DL,2017
255,256,Tim Williams,0,0,0.0,0,0,0,0,0,1,0.0,0.0,0.0%,DL,2017
256,257,Chris Wormley,0,0,0.0,0,0,0,0,0,1,0.0,0.0,0.0%,DL,2017
257,258,T.J. Watt,4,0,1.0,0,0,1,0,0,1,0.0,0.0,78.9%,DL,2017
258,259,Tyus Bowser,1,0,1.0,0,0,0,0,0,1,0.0,0.0,0.7%,DL,2017
259,260,Vincent Taylor,0,0,0.0,0,0,0,0,0,1,0.0,0.0,0.0%,DL,2017
260,261,Derek Barnett,0,0,0.0,0,0,0,0,0,1,0.0,0.0,0.5%,DL,2017
261,262,Carl Lawson,0,0,0.0,0,0,0,0,0,1,0.0,0.0,0.0%,DL,2017
262,263,Jordan Willis,2,0,0.0,0,0,0,0,0,1,0.0,0.0,1.0%,DL,2017
263,264,Josh Carraway,0,0,0.0,0,0,0,0,0,1,0.0,0.0,0.0%,DL,2017
264,265,Morgan Fox,0,0,0.0,0,0,0,0,0,1,0.0,0.0,2.3%,DL,2017
265,266,Carroll Phillips,0,0,0.0,0,0,0,0,0,1,0.0,0.0,0.0%,DL,2017
266,267,Samson Ebukam,4,0,0.0,0,0,0,0,0,1,0.0,0.0,8.7%,DL,2017
267,268,Tanzel Smart,0,0,0.0,0,0,0,0,0,1,0.0,0.0,0.0%,DL,2017
268,269,Avery Moss,0,0,0.0,0,0,0,0,0,1,0.0,0.0,0.0%,DL,2017
269,270,Tanoh Kpassagnon,0,0,0.0,0,0,0,0,0,1,0.0,0.0,0.0%,DL,2017
270,271,Ryan Anderson,5,0,0.0,0,0,0,0,0,1,0.0,0.0,0.0%,DL,2017
271,272,Patrick O'Connor,0,0,0.0,0,0,0,0,0,1,0.0,0.0,3.0%,DL,2017
272,273,Bryan Cox,0,0,0.0,0,0,0,0,0,1,0.0,0.0,0.0%,DL,2017
