,Rank,Player,Tackle,Assist,Sack,Pass Defended,Interception,Forced Fumble,Fumble Recovery,Defend Touchdown,Games Played,Fantasy Football Points,FTPS/Game,ROST,Position,Year
0,1,Melvin Ingram,4,2,2.0,0,0,1,1,0,1,28.5,28.5,0.0%,DL,2017
1,2,Kawann Short,3,0,2.0,0,0,1,0,0,1,21.5,21.5,0.0%,DL,2017
2,3,Akiem Hicks,4,0,2.0,0,0,0,0,0,1,21.5,21.5,0.0%,DL,2017
3,4,David Irving,3,2,2.0,1,0,0,0,0,1,20.5,20.5,0.0%,DL,2017
4,5,Joey Bosa,2,4,2.0,0,0,1,0,0,1,20.5,20.5,16.7%,DL,2017
5,6,Michael Johnson,4,0,2.0,0,0,0,0,0,1,19.0,19.0,0.0%,DL,2017
6,7,Frank Clark,3,0,1.0,1,0,1,0,0,1,19.0,19.0,0.0%,DL,2017
7,8,Jabaal Sheard,3,3,1.5,0,0,0,0,0,1,17.8,17.8,0.0%,DL,2017
8,9,Brandon Graham,4,0,1.0,0,0,0,0,0,1,17.5,17.5,2.2%,DL,2017
9,10,Myles Garrett,2,0,2.0,0,0,0,0,0,1,16.0,16.0,63.7%,DL,2017
10,11,Jurrell Casey,4,1,1.0,0,0,0,0,0,1,15.8,15.8,0.1%,DL,2017
11,12,Darius Philon,3,2,1.0,0,0,0,0,0,1,15.0,15.0,0.0%,DL,2017
12,13,Akeem Spence,2,1,1.0,0,0,1,0,0,1,14.3,14.3,0.0%,DL,2017
13,14,Everson Griffen,2,0,1.0,0,0,1,0,0,1,13.5,13.5,2.0%,DL,2017
14,15,Andre Branch,2,0,2.0,0,0,0,0,0,1,13.5,13.5,0.0%,DL,2017
15,16,Gerald McCoy,3,1,1.0,1,0,0,0,0,1,13.3,13.3,0.0%,DL,2017
16,17,Linval Joseph,6,0,0.0,0,0,0,1,0,1,13.0,13.0,0.0%,DL,2017
17,18,Geno Atkins,2,1,1.0,0,0,0,0,0,1,12.8,12.8,0.0%,DL,2017
18,19,Joel Heath,4,0,1.0,0,0,0,0,0,1,12.5,12.5,0.0%,DL,2017
19,20,Vinny Curry,4,0,1.0,0,0,0,0,0,1,12.5,12.5,0.0%,DL,2017
20,21,Justin Houston,2,1,1.5,0,0,0,0,0,1,12.3,12.3,0.0%,DL,2017
21,22,Julius Peppers,2,0,1.0,0,0,0,0,0,1,12.0,12.0,0.1%,DL,2017
22,23,Michael Bennett,3,1,1.0,0,0,0,0,0,1,11.8,11.8,0.0%,DL,2017
23,24,Abry Jones,2,3,0.5,3,0,0,0,0,1,11.8,11.8,0.0%,DL,2017
24,25,Anthony Zettel,4,1,0.0,0,0,0,0,0,1,11.8,11.8,1.0%,DL,2017
25,26,Willie Henry,3,2,0.0,2,0,0,0,0,1,11.5,11.5,0.0%,DL,2017
26,27,Aaron Donald,3,2,0.0,0,0,0,0,0,1,11.0,11.0,11.7%,DL,2017
27,28,Clinton McDonald,3,0,1.0,0,0,0,0,0,1,11.0,11.0,0.0%,DL,2017
28,29,Sheldon Richardson,0,0,0.0,1,1,0,1,0,1,10.5,10.5,1.0%,DL,2017
29,30,Javon Hargrave,4,6,0.0,0,0,0,0,0,1,10.5,10.5,14.8%,DL,2017
30,31,James Cowser,2,1,0.0,0,0,1,0,0,1,10.3,10.3,0.0%,DL,2017
31,32,Mario Addison,1,1,1.0,0,0,1,0,0,1,10.3,10.3,4.0%,DL,2017
32,33,DeMarcus Lawrence,1,2,1.0,0,0,0,0,0,1,9.5,9.5,12.7%,DL,2017
33,34,Charles Harris,1,0,1.0,1,0,0,0,0,1,9.5,9.5,4.0%,DL,2017
34,35,Haloti Ngata,2,0,1.0,0,0,0,0,0,1,9.5,9.5,0.0%,DL,2017
35,36,Ezekiel Ansah,2,0,1.0,0,0,0,0,0,1,9.5,9.5,0.0%,DL,2017
36,37,Damon Harrison,4,1,0.0,0,0,0,0,0,1,9.3,9.3,0.0%,DL,2017
37,38,Matthew Judon,3,1,0.0,1,0,0,0,0,1,9.3,9.3,16.8%,DL,2017
38,39,DeForest Buckner,1,4,0.5,0,0,0,0,0,1,9.0,9.0,47.2%,DL,2017
39,40,Marcell Dareus,1,1,1.0,0,0,0,0,0,1,8.8,8.8,0.0%,DL,2017
40,41,Chris Jones,1,1,0.5,0,0,1,0,0,1,8.3,8.3,25.7%,DL,2017
41,42,Dante Fowler,1,0,1.0,0,0,0,0,0,1,8.0,8.0,3.5%,DL,2017
42,43,Deatrich Wise,1,0,1.0,0,0,0,0,0,1,8.0,8.0,3.0%,DL,2017
43,44,Carl Lawson,1,0,1.0,0,0,0,0,0,1,8.0,8.0,0.0%,DL,2017
44,45,Tyrone Crawford,1,0,1.0,0,0,0,0,0,1,8.0,8.0,0.0%,DL,2017
45,46,Arik Armstead,1,4,0.5,1,0,0,0,0,1,8.0,8.0,3.6%,DL,2017
46,47,Bennie Logan,3,0,0.0,0,0,0,0,0,1,7.0,7.0,0.0%,DL,2017
47,48,Davon Godchaux,2,0,0.0,0,0,1,0,0,1,7.0,7.0,4.3%,DL,2017
48,49,Johnathan Hankins,2,0,0.0,1,0,0,0,0,1,7.0,7.0,0.0%,DL,2017
49,50,Danielle Hunter,2,0,0.0,1,0,0,0,0,1,7.0,7.0,52.9%,DL,2017
50,51,Emmanuel Ogbah,4,1,0.0,0,0,0,0,0,1,6.8,6.8,1.1%,DL,2017
51,52,Frostee Rucker,1,1,0.0,1,0,0,0,0,1,6.3,6.3,0.0%,DL,2017
52,53,Brandon Mebane,2,1,0.0,0,0,0,0,0,1,6.3,6.3,0.0%,DL,2017
53,54,Cedric Thornton,2,1,0.0,0,0,0,0,0,1,6.3,6.3,0.0%,DL,2017
54,55,Carlos Dunlap,1,1,0.0,0,0,1,0,0,1,6.3,6.3,3.0%,DL,2017
55,56,Denico Autry,2,2,0.0,1,0,0,0,0,1,6.0,6.0,10.1%,DL,2017
56,57,Jason Pierre-Paul,4,0,0.0,0,0,0,0,0,1,6.0,6.0,0.0%,DL,2017
57,58,DaQuan Jones,3,2,0.0,0,0,0,0,0,1,6.0,6.0,0.7%,DL,2017
58,59,Calais Campbell,1,3,0.5,0,0,0,0,0,1,5.8,5.8,3.1%,DL,2017
59,60,Trey Flowers,2,1,0.5,0,0,0,0,0,1,5.8,5.8,0.2%,DL,2017
60,61,Jadeveon Clowney,1,2,0.0,0,0,0,0,0,1,5.5,5.5,22.5%,DL,2017
61,62,Ndamukong Suh,1,0,1.0,0,0,0,0,0,1,5.5,5.5,0.0%,DL,2017
62,63,Mario Edwards,2,0,0.0,0,0,0,0,0,1,5.5,5.5,0.0%,DL,2017
63,64,Kenny Clark,2,3,0.0,0,0,0,0,0,1,5.3,5.3,8.9%,DL,2017
64,65,Steve McLendon,3,1,0.0,0,0,0,0,0,1,5.3,5.3,0.0%,DL,2017
65,66,Corey Liuget,1,1,0.0,2,0,0,0,0,1,5.3,5.3,0.0%,DL,2017
66,67,Star Lotulelei,1,1,0.0,0,0,0,0,0,1,4.8,4.8,0.0%,DL,2017
67,68,Dawuane Smoot,1,1,0.0,0,0,0,0,0,1,4.8,4.8,0.4%,DL,2017
68,69,Tim Jernigan,1,1,0.0,0,0,0,0,0,1,4.8,4.8,0.0%,DL,2017
69,70,Solomon Thomas,1,1,0.0,0,0,0,0,0,1,4.8,4.8,0.8%,DL,2017
70,71,Mitch Unrein,3,0,0.0,0,0,0,0,0,1,4.5,4.5,0.0%,DL,2017
71,72,William Hayes,3,0,0.0,0,0,0,0,0,1,4.5,4.5,2.0%,DL,2017
72,73,Tom Johnson,3,0,0.0,0,0,0,0,0,1,4.5,4.5,0.0%,DL,2017
73,74,Mike Daniels,3,0,0.0,0,0,0,0,0,1,4.5,4.5,0.0%,DL,2017
74,75,Tyson Alualu,2,2,0.0,0,0,0,0,0,1,4.5,4.5,0.0%,DL,2017
75,76,Brandon Dunn,3,0,0.0,0,0,0,0,0,1,4.5,4.5,0.0%,DL,2017
76,77,DJ Reader,2,2,0.0,0,0,0,0,0,1,4.5,4.5,2.6%,DL,2017
77,78,Josh Mauro,2,2,0.0,0,0,0,0,0,1,4.5,4.5,0.0%,DL,2017
78,79,Jeremiah Valoaga,1,0,0.0,0,0,0,0,0,1,4.0,4.0,0.0%,DL,2017
79,80,Will Clarke,0,0,0.0,0,0,0,1,0,1,4.0,4.0,0.0%,DL,2017
80,81,George Johnson,1,0,0.0,0,0,0,0,0,1,4.0,4.0,0.0%,DL,2017
81,82,Ufomba Kamalu,1,0,0.0,0,0,0,0,0,1,4.0,4.0,0.0%,DL,2017
82,83,Chris Baker,2,1,0.0,0,0,0,0,0,1,3.8,3.8,0.0%,DL,2017
83,84,Jerry Hughes,1,3,0.0,0,0,0,0,0,1,3.8,3.8,1.0%,DL,2017
84,85,Malcom Brown,2,1,0.0,0,0,0,0,0,1,3.8,3.8,0.0%,DL,2017
85,86,Nazair Jones,2,1,0.0,0,0,0,0,0,1,3.8,3.8,0.0%,DL,2017
86,87,Xavier Williams,2,1,0.0,0,0,0,0,0,1,3.8,3.8,0.0%,DL,2017
87,88,Christian Covington,2,1,0.0,0,0,0,0,0,1,3.8,3.8,0.0%,DL,2017
88,89,Eli Ankou,1,3,0.0,0,0,0,0,0,1,3.8,3.8,0.2%,DL,2017
89,90,Allen Bailey,2,1,0.0,0,0,0,0,0,1,3.8,3.8,0.0%,DL,2017
90,91,Xavier Cooper,0,2,0.5,0,0,0,0,0,1,3.5,3.5,0.0%,DL,2017
91,92,Justin Ellis,1,2,0.0,0,0,0,0,0,1,3.0,3.0,2.0%,DL,2017
92,93,Haason Reddick,2,0,0.0,0,0,0,0,0,1,3.0,3.0,17.6%,DL,2017
93,94,Corey Peters,1,0,0.0,1,0,0,0,0,1,3.0,3.0,2.0%,DL,2017
94,95,William Gholston,1,2,0.0,0,0,0,0,0,1,3.0,3.0,1.6%,DL,2017
95,96,Eddie Goldman,2,0,0.0,0,0,0,0,0,1,3.0,3.0,0.2%,DL,2017
96,97,Morgan Fox,2,0,0.0,0,0,0,0,0,1,3.0,3.0,2.3%,DL,2017
97,98,Olsen Pierre,1,2,0.0,0,0,0,0,0,1,3.0,3.0,0.0%,DL,2017
98,99,Earl Mitchell,2,0,0.0,0,0,0,0,0,1,3.0,3.0,0.0%,DL,2017
99,100,Lawrence Guy,2,0,0.0,0,0,0,0,0,1,3.0,3.0,4.0%,DL,2017
100,101,Stephon Tuitt,2,0,0.0,0,0,0,0,0,1,3.0,3.0,0.1%,DL,2017
101,102,Michael Brockers,1,2,0.0,0,0,0,0,0,1,3.0,3.0,0.0%,DL,2017
102,103,Kerry Wynn,1,2,0.0,0,0,0,0,0,1,3.0,3.0,0.0%,DL,2017
103,104,Damion Square,1,1,0.0,0,0,0,0,0,1,2.3,2.3,0.0%,DL,2017
104,105,Al Woods,1,1,0.0,0,0,0,0,0,1,2.3,2.3,0.0%,DL,2017
105,106,Muhammad Wilkerson,1,1,0.0,0,0,0,0,0,1,2.3,2.3,0.0%,DL,2017
106,107,Adam Butler,1,1,0.0,0,0,0,0,0,1,2.3,2.3,0.7%,DL,2017
107,108,Vincent Taylor,1,1,0.0,0,0,0,0,0,1,2.3,2.3,0.0%,DL,2017
108,109,Adolphus Washington,1,1,0.0,0,0,0,0,0,1,2.3,2.3,0.0%,DL,2017
109,110,Robert Ayers,1,1,0.0,0,0,0,0,0,1,2.3,2.3,0.0%,DL,2017
110,111,Henry Anderson,1,1,0.0,0,0,0,0,0,1,2.3,2.3,0.0%,DL,2017
111,112,Noah Spence,1,1,0.0,0,0,0,0,0,1,2.3,2.3,0.0%,DL,2017
112,113,Leonard Williams,1,1,0.0,0,0,0,0,0,1,2.3,2.3,10.9%,DL,2017
113,114,Cameron Heyward,1,1,0.0,0,0,0,0,0,1,2.3,2.3,23.1%,DL,2017
114,115,Kyle Williams,0,2,0.0,0,0,0,0,0,1,1.5,1.5,3.7%,DL,2017
115,116,Darius Latham,0,2,0.0,0,0,0,0,0,1,1.5,1.5,0.0%,DL,2017
116,117,Michael Pierce,1,0,0.0,0,0,0,0,0,1,1.5,1.5,1.7%,DL,2017
117,118,Marcus Smith,1,0,0.0,0,0,0,0,0,1,1.5,1.5,0.0%,DL,2017
118,119,Jay Bromley,1,0,0.0,0,0,0,0,0,1,1.5,1.5,0.0%,DL,2017
119,120,Wes Horton,1,0,0.0,0,0,0,0,0,1,1.5,1.5,0.0%,DL,2017
120,121,Brian Robison,1,0,0.0,0,0,0,0,0,1,1.5,1.5,0.0%,DL,2017
121,122,Branden Jackson,0,2,0.0,0,0,0,0,0,1,1.5,1.5,0.0%,DL,2017
122,123,Tanzel Smart,1,0,0.0,0,0,0,0,0,1,1.5,1.5,0.0%,DL,2017
123,124,Larry Ogunjobi,1,0,0.0,0,0,0,0,0,1,1.5,1.5,2.5%,DL,2017
124,125,Chris Long,1,0,0.0,0,0,0,0,0,1,1.5,1.5,0.0%,DL,2017
125,126,Cornelius Washington,1,0,0.0,0,0,0,0,0,1,1.5,1.5,0.0%,DL,2017
126,127,Shaq Lawson,0,2,0.0,0,0,0,0,0,1,1.5,1.5,0.0%,DL,2017
127,128,Ryan Glasgow,1,0,0.0,0,0,0,0,0,1,1.5,1.5,0.0%,DL,2017
128,129,Maliek Collins,0,2,0.0,0,0,0,0,0,1,1.5,1.5,2.4%,DL,2017
129,130,Jonathan Bullard,1,0,0.0,0,0,0,0,0,1,1.5,1.5,3.3%,DL,2017
130,131,Ryan Russell,1,0,0.0,0,0,0,0,0,1,1.5,1.5,0.0%,DL,2017
131,132,Roy Miller,1,0,0.0,0,0,0,0,0,1,1.5,1.5,0.0%,DL,2017
132,133,Chris Wormley,1,0,0.0,0,0,0,0,0,1,1.5,1.5,0.0%,DL,2017
133,134,Sylvester Williams,1,0,0.0,0,0,0,0,0,1,1.5,1.5,0.0%,DL,2017
134,135,Damontre Moore,1,0,0.0,0,0,0,0,0,1,1.5,1.5,0.0%,DL,2017
135,136,Eddie Vanderdoes,1,0,0.0,0,0,0,0,0,1,1.5,1.5,0.0%,DL,2017
136,137,Austin Johnson,1,0,0.0,0,0,0,0,0,1,1.5,1.5,3.0%,DL,2017
137,138,Dalvin Tomlinson,0,2,0.0,0,0,0,0,0,1,1.5,1.5,2.2%,DL,2017
138,139,Avery Moss,0,0,0.0,1,0,0,0,0,1,1.5,1.5,0.0%,DL,2017
139,140,Jamie Meder,1,0,0.0,0,0,0,0,0,1,1.5,1.5,0.0%,DL,2017
140,141,Jeremiah Ledbetter,1,0,0.0,0,0,0,0,0,1,1.5,1.5,0.2%,DL,2017
141,142,Dean Lowry,1,0,0.0,0,0,0,0,0,1,1.5,1.5,0.6%,DL,2017
142,143,D.J. Jones,0,2,0.0,0,0,0,0,0,1,1.5,1.5,5.0%,DL,2017
143,144,Chris McCain,1,0,0.0,0,0,0,0,0,1,1.5,1.5,0.0%,DL,2017
144,145,Cassius Marsh,1,0,0.0,0,0,0,0,0,1,1.5,1.5,1.0%,DL,2017
145,146,J.J. Watt,0,2,0.0,0,0,0,0,0,1,1.5,1.5,4.2%,DL,2017
146,147,Bruce Irvin,0,2,0.0,0,0,0,0,0,1,1.5,1.5,0.2%,DL,2017
147,148,Trevon Coley,0,1,0.0,0,0,0,0,0,1,0.8,0.8,0.0%,DL,2017
148,149,Elijah Qualls,0,1,0.0,0,0,0,0,0,1,0.8,0.8,0.0%,DL,2017
149,150,Charles Johnson,0,1,0.0,0,0,0,0,0,1,0.8,0.8,0.0%,DL,2017
150,151,Rodney Gunter,0,1,0.0,0,0,0,0,0,1,0.8,0.8,0.1%,DL,2017
151,152,Margus Hunt,0,1,0.0,0,0,0,0,0,1,0.8,0.8,0.0%,DL,2017
152,153,Hassan Ridgeway,0,1,0.0,0,0,0,0,0,1,0.8,0.8,0.0%,DL,2017
153,154,Jarran Reed,0,1,0.0,0,0,0,0,0,1,0.8,0.8,5.8%,DL,2017
154,155,Romeo Okwara,0,1,0.0,0,0,0,0,0,1,0.8,0.8,0.0%,DL,2017
155,156,Yannick Ngakoue,0,1,0.0,0,0,0,0,0,1,0.8,0.8,1.7%,DL,2017
156,157,Shamar Stephen,0,0,0.0,0,0,0,0,0,1,0.0,0.0,0.0%,DL,2017
157,158,Beau Allen,0,0,0.0,0,0,0,0,0,1,0.0,0.0,0.0%,DL,2017
158,159,Terrence Fede,0,0,0.0,0,0,0,0,0,1,0.0,0.0,0.0%,DL,2017
159,160,Devon Kennard,1,0,0.0,0,0,0,0,0,1,0.0,0.0,0.0%,DL,2017
160,161,Kareem Martin,2,1,0.0,0,0,0,0,0,1,0.0,0.0,0.0%,DL,2017
161,162,Khalil Mack,6,2,0.0,0,0,0,0,0,1,0.0,0.0,52.8%,DL,2017
162,163,Kyle Van,5,2,0.5,0,0,0,0,0,1,0.0,0.0,8.2%,DL,2017
163,164,Chris Smith,0,0,0.0,0,0,0,0,0,1,0.0,0.0,0.0%,DL,2017
164,165,Ed Stinson,0,0,0.0,0,0,0,0,0,1,0.0,0.0,0.0%,DL,2017
165,166,Freddie Bishop,2,1,0.0,0,0,0,1,0,1,0.0,0.0,0.0%,DL,2017
166,167,John Simon,4,2,0.0,0,0,0,0,0,1,0.0,0.0,0.0%,DL,2017
167,168,Tyrunn Walker,0,0,0.0,0,0,0,0,0,1,0.0,0.0,0.0%,DL,2017
168,169,Benson Mayowa,0,0,0.0,0,0,0,0,0,1,0.0,0.0,0.0%,DL,2017
169,170,Ryan Davis,0,0,0.0,0,0,0,0,0,1,0.0,0.0,0.0%,DL,2017
170,171,Aaron Lynch,1,1,0.0,0,0,0,0,0,1,0.0,0.0,0.0%,DL,2017
171,172,Barkevious Mingo,1,0,0.0,0,0,0,0,0,1,0.0,0.0,6.0%,DL,2017
172,173,Steven Means,0,0,0.0,0,0,0,0,0,1,0.0,0.0,0.0%,DL,2017
173,174,Quinton Dial,0,0,0.0,0,0,0,0,0,1,0.0,0.0,0.0%,DL,2017
174,175,David King,0,0,0.0,0,0,0,0,0,1,0.0,0.0,0.0%,DL,2017
175,176,Ethan Westbrooks,0,0,0.0,0,0,0,0,0,1,0.0,0.0,0.0%,DL,2017
176,177,Garrison Smith,0,0,0.0,0,0,0,0,0,1,0.0,0.0,0.0%,DL,2017
177,178,Anthony Chickillo,0,0,0.0,0,0,0,0,0,1,0.0,0.0,0.0%,DL,2017
178,179,L.T. Walton,0,0,0.0,0,0,0,0,0,1,0.0,0.0,0.0%,DL,2017
179,180,Rakeem Nunez-Roches,0,0,0.0,0,0,0,0,0,1,0.0,0.0,0.9%,DL,2017
180,181,Brian Mihalik,0,0,0.0,0,0,0,0,0,1,0.0,0.0,0.0%,DL,2017
181,182,Geneo Grissom,0,0,0.0,0,0,0,0,0,1,0.0,0.0,0.0%,DL,2017
182,183,Danny Shelton,0,0,0.0,0,0,0,0,0,1,0.0,0.0,0.0%,DL,2017
183,184,Nate Orchard,1,1,0.0,0,0,0,0,0,1,0.0,0.0,0.0%,DL,2017
184,185,Eli Harold,0,0,0.0,0,0,0,0,0,1,0.0,0.0,0.0%,DL,2017
185,186,Justin Hamilton,0,0,0.0,0,0,0,0,0,1,0.0,0.0,0.0%,DL,2017
186,187,Carl Davis,0,0,0.0,0,0,0,0,0,1,0.0,0.0,1.1%,DL,2017
187,188,Za'Darius Smith,1,3,0.0,0,0,0,0,0,1,0.0,0.0,5.4%,DL,2017
188,189,Bud Dupree,0,1,0.0,0,0,0,0,0,1,0.0,0.0,1.3%,DL,2017
189,190,Tenny Palepoi,0,0,0.0,0,0,0,0,0,1,0.0,0.0,0.0%,DL,2017
190,191,Mike Pennel,0,0,0.0,0,0,0,0,0,1,0.0,0.0,0.4%,DL,2017
191,192,Alejandro Villanueva,0,0,0.0,0,0,0,0,0,1,0.0,0.0,0.0%,DL,2017
192,193,Ahmad Brooks,1,1,0.0,0,0,0,0,0,1,0.0,0.0,0.0%,DL,2017
193,194,Elvis Dumervil,1,2,1.5,0,0,0,0,0,1,0.0,0.0,0.0%,DL,2017
194,195,Karl Klug,0,0,0.0,0,0,0,0,0,1,0.0,0.0,0.0%,DL,2017
195,196,Pernell McPhee,1,0,0.0,0,0,0,0,0,1,0.0,0.0,0.0%,DL,2017
196,197,Robert Quinn,2,1,1.0,0,0,0,0,0,1,0.0,0.0,1.2%,DL,2017
197,198,Jarvis Jenkins,0,0,0.0,0,0,0,0,0,1,0.0,0.0,0.0%,DL,2017
198,199,Terrell Suggs,3,1,1.0,0,0,0,0,0,1,0.0,0.0,0.0%,DL,2017
199,200,Arthur Moats,0,0,0.0,0,0,0,0,0,1,0.0,0.0,0.0%,DL,2017
200,201,Kyle Love,0,0,0.0,0,0,0,0,0,1,0.0,0.0,0.0%,DL,2017
201,202,Derrick Morgan,1,1,0.0,0,0,0,0,0,1,0.0,0.0,0.0%,DL,2017
202,203,Brian Price,0,0,0.0,0,0,0,0,0,1,0.0,0.0,0.0%,DL,2017
203,204,Malik Jackson,0,0,0.0,0,0,0,0,0,1,0.0,0.0,0.0%,DL,2017
204,205,Chandler Jones,2,3,1.0,0,0,0,0,0,1,0.0,0.0,0.5%,DL,2017
205,206,Whitney Mercilus,0,0,0.0,0,0,0,0,0,1,0.0,0.0,0.2%,DL,2017
206,207,Pat Sims,0,0,0.0,0,0,0,0,0,1,0.0,0.0,0.0%,DL,2017
207,208,Ricky Jean-Francois,0,0,0.0,0,0,0,0,0,1,0.0,0.0,0.0%,DL,2017
208,209,Connor Barwin,0,0,0.0,0,0,0,0,0,1,0.0,0.0,0.0%,DL,2017
209,210,Cameron Wake,2,2,0.5,0,0,0,0,0,1,0.0,0.0,0.0%,DL,2017
210,211,Clay Matthews,5,0,0.0,1,0,0,0,0,1,0.0,0.0,0.0%,DL,2017
211,212,Roy Robertson-Harris,0,0,0.0,0,0,0,0,0,1,0.0,0.0,1.3%,DL,2017
212,213,Stephen Weatherly,0,0,0.0,0,0,0,0,0,1,0.0,0.0,0.0%,DL,2017
213,214,Devante Bond,1,1,0.0,0,0,0,0,0,1,0.0,0.0,0.0%,DL,2017
214,215,Kyler Fackrell,0,0,0.0,0,0,0,0,0,1,0.0,0.0,0.0%,DL,2017
215,216,Sheldon Day,0,0,0.0,0,0,0,0,0,1,0.0,0.0,0.0%,DL,2017
216,217,Kamalei Correa,0,0,0.0,0,0,0,0,0,1,0.0,0.0,0.0%,DL,2017
217,218,Eddie Yarbrough,0,0,0.0,0,0,0,0,0,1,0.0,0.0,0.0%,DL,2017
218,219,Brennan Scarlett,3,1,0.0,0,0,0,0,0,1,0.0,0.0,0.0%,DL,2017
219,220,Lawrence Thomas,0,0,0.0,0,0,0,0,0,1,0.0,0.0,0.0%,DL,2017
220,221,John Denney,0,0,0.0,0,0,0,0,0,1,0.0,0.0,0.0%,DL,2017
221,222,A'Shawn Robinson,0,0,0.0,0,0,0,0,0,1,0.0,0.0,4.5%,DL,2017
222,223,Carl Nassib,0,0,0.0,0,0,0,0,0,1,0.0,0.0,0.0%,DL,2017
223,224,Andrew Billings,0,0,0.0,0,0,0,0,0,1,0.0,0.0,1.6%,DL,2017
224,225,Leonard Floyd,6,0,2.0,0,0,0,0,0,1,0.0,0.0,5.4%,DL,2017
225,226,Jordan Jenkins,2,0,0.0,0,0,0,0,0,1,0.0,0.0,0.0%,DL,2017
226,227,Antwaun Woods,0,0,0.0,0,0,0,0,0,1,0.0,0.0,0.0%,DL,2017
227,228,Nordly Capi,0,0,0.0,0,0,0,0,0,1,0.0,0.0,0.0%,DL,2017
228,229,Isaiah Irving,0,0,0.0,0,0,0,0,0,1,0.0,0.0,0.0%,DL,2017
229,230,Derek Barnett,0,0,0.0,0,0,0,0,0,1,0.0,0.0,0.5%,DL,2017
230,231,Tim Williams,0,0,0.0,0,0,0,0,0,1,0.0,0.0,0.0%,DL,2017
231,232,Taco Charlton,0,0,0.0,0,0,0,0,0,1,0.0,0.0,0.0%,DL,2017
232,233,T.J. Watt,5,1,1.0,0,0,0,0,0,1,0.0,0.0,78.9%,DL,2017
233,234,Tyus Bowser,0,0,0.0,0,0,0,0,0,1,0.0,0.0,0.7%,DL,2017
234,235,Jordan Willis,3,0,1.0,0,0,0,0,0,1,0.0,0.0,1.0%,DL,2017
235,236,Kameron Canaday,0,0,0.0,0,0,0,0,0,1,0.0,0.0,0.0%,DL,2017
236,237,Bryan Cox,0,0,0.0,0,0,0,0,0,1,0.0,0.0,0.0%,DL,2017
237,238,Jaleel Johnson,0,0,0.0,0,0,0,0,0,1,0.0,0.0,0.0%,DL,2017
238,239,Pita Taumoepenu,0,0,0.0,0,0,0,0,0,1,0.0,0.0,0.0%,DL,2017
239,240,Samson Ebukam,0,0,0.0,0,0,0,0,0,1,0.0,0.0,8.7%,DL,2017
240,241,Grover Stewart,0,0,0.0,0,0,0,0,0,1,0.0,0.0,3.5%,DL,2017
241,242,Tarell Basham,0,0,0.0,0,0,0,0,0,1,0.0,0.0,0.0%,DL,2017
242,243,James Onwualu,0,0,0.0,0,0,0,0,0,1,0.0,0.0,0.0%,DL,2017
243,244,Tanoh Kpassagnon,0,0,0.0,0,0,0,0,0,1,0.0,0.0,0.0%,DL,2017
244,245,Treyvon Hester,0,0,0.0,0,0,0,0,0,1,0.0,0.0,0.0%,DL,2017
