,Rank,Player,Tackle,Assist,Sack,Pass Defended,Interception,Forced Fumble,Fumble Recovery,Defend Touchdown,Games Played,Fantasy Football Points,FTPS/Game,ROST,Position,Year
0,1,Carlos Dunlap,3,0,1.0,1,1,0,0,1,1,23.5,23.5,3.0%,DL,2017
1,2,Justin Houston,5,1,2.0,0,0,0,0,0,1,21.3,21.3,0.0%,DL,2017
2,3,Henry Anderson,5,2,1.0,0,0,0,0,0,1,20.5,20.5,0.0%,DL,2017
3,4,Leger Douzable,5,0,2.0,0,0,0,0,0,1,20.5,20.5,0.0%,DL,2017
4,5,David Irving,2,2,2.0,1,0,0,0,0,1,19.0,19.0,0.0%,DL,2017
5,6,Jadeveon Clowney,4,0,1.0,0,0,1,0,0,1,19.0,19.0,22.5%,DL,2017
6,7,Michael Bennett,4,2,1.5,0,0,0,0,0,1,18.5,18.5,0.0%,DL,2017
7,8,Frank Clark,3,1,2.0,0,0,0,0,0,1,18.3,18.3,0.0%,DL,2017
8,9,Grady Jarrett,4,3,0.5,0,0,0,0,0,1,17.8,17.8,5.7%,DL,2017
9,10,Muhammad Wilkerson,5,0,1.0,0,0,0,0,0,1,16.5,16.5,0.0%,DL,2017
10,11,Vinny Curry,5,0,1.0,0,0,0,0,0,1,16.5,16.5,0.0%,DL,2017
11,12,Ryan Kerrigan,2,0,2.0,0,0,0,0,0,1,16.0,16.0,0.0%,DL,2017
12,13,Carl Nassib,4,0,1.0,2,0,0,0,0,1,15.5,15.5,0.0%,DL,2017
13,14,Mario Addison,3,2,1.5,0,0,0,0,0,1,14.5,14.5,4.0%,DL,2017
14,15,Cameron Heyward,3,0,1.0,0,0,0,0,0,1,13.5,13.5,23.1%,DL,2017
15,16,Brandon Williams,4,0,0.0,0,0,0,0,0,1,13.5,13.5,0.2%,DL,2017
16,17,Geno Atkins,4,1,1.0,0,0,0,0,0,1,13.3,13.3,0.0%,DL,2017
17,18,DeMarcus Lawrence,1,1,1.0,0,0,0,1,0,1,12.8,12.8,12.7%,DL,2017
18,19,Mitch Unrein,4,0,1.0,0,0,0,0,0,1,12.5,12.5,0.0%,DL,2017
19,20,Joey Bosa,4,0,1.0,0,0,0,0,0,1,12.5,12.5,16.7%,DL,2017
20,21,Tyrone Crawford,2,2,1.0,0,0,1,0,0,1,12.5,12.5,0.0%,DL,2017
21,22,Tyson Alualu,2,1,1.0,1,0,0,0,0,1,11.8,11.8,0.0%,DL,2017
22,23,Terrell McClain,5,2,0.0,0,0,0,0,0,1,11.5,11.5,0.0%,DL,2017
23,24,Julius Peppers,2,0,1.0,0,0,1,0,0,1,11.0,11.0,0.1%,DL,2017
24,25,Bruce Irvin,4,0,0.0,0,0,0,0,0,1,11.0,11.0,0.2%,DL,2017
25,26,Fletcher Cox,1,1,1.0,1,0,0,0,0,1,10.3,10.3,1.1%,DL,2017
26,27,Darius Philon,1,1,1.0,1,0,0,0,0,1,10.3,10.3,0.0%,DL,2017
27,28,Anthony Zettel,2,0,0.0,0,0,1,0,0,1,9.5,9.5,1.0%,DL,2017
28,29,Earl Mitchell,1,0,1.0,1,0,0,0,0,1,9.5,9.5,0.0%,DL,2017
29,30,Tom Johnson,2,0,1.0,0,0,0,0,0,1,9.5,9.5,0.0%,DL,2017
30,31,Akiem Hicks,2,0,1.0,0,0,0,0,0,1,9.5,9.5,0.0%,DL,2017
31,32,Linval Joseph,2,0,1.0,0,0,0,0,0,1,9.5,9.5,0.0%,DL,2017
32,33,Steve McLendon,4,1,0.0,0,0,0,0,0,1,9.3,9.3,0.0%,DL,2017
33,34,Tarell Basham,1,1,1.0,0,0,0,0,0,1,8.8,8.8,0.0%,DL,2017
34,35,Bennie Logan,4,1,0.5,0,0,0,0,0,1,8.8,8.8,0.0%,DL,2017
35,36,Trey Hendrickson,1,1,1.0,0,0,0,0,0,1,8.8,8.8,35.3%,DL,2017
36,37,Ufomba Kamalu,1,1,1.0,0,0,0,0,0,1,8.8,8.8,0.0%,DL,2017
37,38,Brandon Graham,1,1,1.0,0,0,0,0,0,1,8.8,8.8,2.2%,DL,2017
38,39,Kawann Short,4,0,0.0,0,0,0,0,0,1,8.5,8.5,0.0%,DL,2017
39,40,Jonathan Bullard,3,0,0.0,0,0,1,0,0,1,8.5,8.5,3.3%,DL,2017
40,41,DJ Reader,2,4,0.0,0,0,0,0,0,1,8.5,8.5,2.6%,DL,2017
41,42,Ndamukong Suh,3,2,0.0,0,0,0,0,0,1,8.5,8.5,0.0%,DL,2017
42,43,Justin Ellis,5,1,0.0,0,0,0,0,0,1,8.3,8.3,2.0%,DL,2017
43,44,Carl Lawson,1,0,1.0,0,0,0,0,0,1,8.0,8.0,0.0%,DL,2017
44,45,Everson Griffen,1,0,1.0,0,0,0,0,0,1,8.0,8.0,2.0%,DL,2017
45,46,David Onyemata,2,3,0.0,0,0,0,0,0,1,7.8,7.8,5.7%,DL,2017
46,47,Matt Ioannidis,2,1,0.0,0,0,1,0,0,1,7.8,7.8,0.0%,DL,2017
47,48,Shelby Harris,3,0,0.0,0,0,0,0,0,1,7.0,7.0,1.1%,DL,2017
48,49,Damion Square,4,1,0.0,0,0,0,0,0,1,6.8,6.8,0.0%,DL,2017
49,50,DeForest Buckner,4,1,0.0,0,0,0,0,0,1,6.8,6.8,47.2%,DL,2017
50,51,Dontari Poe,2,2,0.5,0,0,0,0,0,1,6.5,6.5,0.0%,DL,2017
51,52,Cameron Jordan,2,2,0.5,0,0,0,0,0,1,6.5,6.5,6.1%,DL,2017
52,53,Domata Peko,1,1,0.0,0,0,0,1,0,1,6.3,6.3,0.0%,DL,2017
53,54,Allen Bailey,2,1,0.0,0,0,0,0,0,1,6.3,6.3,0.0%,DL,2017
54,55,Danny Shelton,2,1,0.0,0,0,0,0,0,1,6.3,6.3,0.0%,DL,2017
55,56,A'Shawn Robinson,2,2,0.0,1,0,0,0,0,1,6.0,6.0,4.5%,DL,2017
56,57,Trey Flowers,3,0,0.0,1,0,0,0,0,1,6.0,6.0,0.2%,DL,2017
57,58,Jarran Reed,3,2,0.0,0,0,0,0,0,1,6.0,6.0,5.8%,DL,2017
58,59,Chris Baker,3,0,0.0,1,0,0,0,0,1,6.0,6.0,0.0%,DL,2017
59,60,Tony McDaniel,1,0,0.0,1,0,0,0,0,1,5.5,5.5,0.0%,DL,2017
60,61,Cassius Marsh,2,0,0.0,0,0,0,0,0,1,5.5,5.5,1.0%,DL,2017
61,62,Richard Ash,2,0,0.0,0,0,0,0,0,1,5.5,5.5,0.0%,DL,2017
62,63,Tim Jernigan,2,0,0.0,0,0,0,0,0,1,5.5,5.5,0.0%,DL,2017
63,64,Jabaal Sheard,1,0,0.0,1,0,0,0,0,1,5.5,5.5,0.0%,DL,2017
64,65,Nazair Jones,1,2,0.0,0,0,0,0,0,1,5.5,5.5,0.0%,DL,2017
65,66,Derek Barnett,2,0,0.0,0,0,0,0,0,1,5.5,5.5,0.5%,DL,2017
66,67,Danielle Hunter,1,0,0.0,0,0,1,0,0,1,5.5,5.5,52.9%,DL,2017
67,68,Gerald McCoy,2,0,0.0,0,0,0,0,0,1,5.5,5.5,0.0%,DL,2017
68,69,Leonard Williams,3,1,0.0,0,0,0,0,0,1,5.3,5.3,10.9%,DL,2017
69,70,Alex Okafor,1,3,0.0,1,0,0,0,0,1,5.3,5.3,0.0%,DL,2017
70,71,Ezekiel Ansah,1,1,0.0,0,0,0,0,0,1,4.8,4.8,0.0%,DL,2017
71,72,Tyeler Davison,1,1,0.0,0,0,0,0,0,1,4.8,4.8,0.0%,DL,2017
72,73,Jerry Hughes,1,1,0.0,0,0,0,0,0,1,4.8,4.8,1.0%,DL,2017
73,74,Lawrence Guy,1,4,0.0,0,0,0,0,0,1,4.5,4.5,4.0%,DL,2017
74,75,Dee Ford,1,0,0.0,0,0,0,0,0,1,4.0,4.0,0.0%,DL,2017
75,76,Wes Horton,1,0,0.0,0,0,0,0,0,1,4.0,4.0,0.0%,DL,2017
76,77,William Hayes,1,0,0.0,0,0,0,0,0,1,4.0,4.0,2.0%,DL,2017
77,78,Anthony Lanier,2,1,0.0,0,0,0,0,0,1,3.8,3.8,0.0%,DL,2017
78,79,Adolphus Washington,0,3,0.0,1,0,0,0,0,1,3.8,3.8,0.0%,DL,2017
79,80,Davon Godchaux,1,3,0.0,0,0,0,0,0,1,3.8,3.8,4.3%,DL,2017
80,81,William Gholston,2,1,0.0,0,0,0,0,0,1,3.8,3.8,1.6%,DL,2017
81,82,Chris Smith,2,1,0.0,0,0,0,0,0,1,3.8,3.8,0.0%,DL,2017
82,83,Derrick Shelby,1,3,0.0,0,0,0,0,0,1,3.8,3.8,0.0%,DL,2017
83,84,Rakeem Nunez-Roches,0,2,0.5,0,0,0,0,0,1,3.5,3.5,0.9%,DL,2017
84,85,Kyle Love,0,2,0.5,0,0,0,0,0,1,3.5,3.5,0.0%,DL,2017
85,86,James Cowser,2,0,0.0,0,0,0,0,0,1,3.0,3.0,0.0%,DL,2017
86,87,Michael Pierce,2,0,0.0,0,0,0,0,0,1,3.0,3.0,1.7%,DL,2017
87,88,Kony Ealy,2,0,0.0,0,0,0,0,0,1,3.0,3.0,0.0%,DL,2017
88,89,Eddie Yarbrough,2,0,0.0,0,0,0,0,0,1,3.0,3.0,0.0%,DL,2017
89,90,Melvin Ingram,2,0,0.0,0,0,0,0,0,1,3.0,3.0,0.0%,DL,2017
90,91,Javon Hargrave,2,0,0.0,0,0,0,0,0,1,3.0,3.0,14.8%,DL,2017
91,92,Destiny Vaeao,2,0,0.0,0,0,0,0,0,1,3.0,3.0,0.0%,DL,2017
92,93,Chris Jones,1,2,0.0,0,0,0,0,0,1,3.0,3.0,25.7%,DL,2017
93,94,Eddie Goldman,0,4,0.0,0,0,0,0,0,1,3.0,3.0,0.2%,DL,2017
94,95,Ahtyba Rubin,2,0,0.0,0,0,0,0,0,1,3.0,3.0,0.0%,DL,2017
95,96,Adrian Clayborn,2,0,0.0,0,0,0,0,0,1,3.0,3.0,0.0%,DL,2017
96,97,Ziggy Hood,2,0,0.0,0,0,0,0,0,1,3.0,3.0,0.0%,DL,2017
97,98,L.T. Walton,1,0,0.0,1,0,0,0,0,1,3.0,3.0,0.0%,DL,2017
98,99,Caleb Brantley,2,0,0.0,0,0,0,0,0,1,3.0,3.0,0.0%,DL,2017
99,100,Cedric Thornton,2,0,0.0,0,0,0,0,0,1,3.0,3.0,0.0%,DL,2017
100,101,Mario Edwards,2,0,0.0,0,0,0,0,0,1,3.0,3.0,0.0%,DL,2017
101,102,Robert Ayers,2,0,0.0,0,0,0,0,0,1,3.0,3.0,0.0%,DL,2017
102,103,Kyle Williams,1,1,0.0,0,0,0,0,0,1,2.3,2.3,3.7%,DL,2017
103,104,Tenny Palepoi,1,1,0.0,0,0,0,0,0,1,2.3,2.3,0.0%,DL,2017
104,105,Pat Sims,0,3,0.0,0,0,0,0,0,1,2.3,2.3,0.0%,DL,2017
105,106,Clinton McDonald,1,1,0.0,0,0,0,0,0,1,2.3,2.3,0.0%,DL,2017
106,107,Adam Butler,1,1,0.0,0,0,0,0,0,1,2.3,2.3,0.7%,DL,2017
107,108,Derek Wolfe,1,1,0.0,0,0,0,0,0,1,2.3,2.3,0.0%,DL,2017
108,109,Datone Jones,1,1,0.0,0,0,0,0,0,1,2.3,2.3,0.0%,DL,2017
109,110,Solomon Thomas,1,1,0.0,0,0,0,0,0,1,2.3,2.3,0.8%,DL,2017
110,111,Chris Wormley,1,0,0.0,0,0,0,0,0,1,1.5,1.5,0.0%,DL,2017
111,112,T.Y. McGill,1,0,0.0,0,0,0,0,0,1,1.5,1.5,0.2%,DL,2017
112,113,Michael Johnson,1,0,0.0,0,0,0,0,0,1,1.5,1.5,0.0%,DL,2017
113,114,Stacy McGee,1,0,0.0,0,0,0,0,0,1,1.5,1.5,0.0%,DL,2017
114,115,Christian Covington,1,0,0.0,0,0,0,0,0,1,1.5,1.5,0.0%,DL,2017
115,116,Charles Harris,1,0,0.0,0,0,0,0,0,1,1.5,1.5,4.0%,DL,2017
116,117,Taco Charlton,1,0,0.0,0,0,0,0,0,1,1.5,1.5,0.0%,DL,2017
117,118,Khyri Thornton,1,0,0.0,0,0,0,0,0,1,1.5,1.5,0.0%,DL,2017
118,119,Ryan Russell,1,0,0.0,0,0,0,0,0,1,1.5,1.5,0.0%,DL,2017
119,120,Shamar Stephen,1,0,0.0,0,0,0,0,0,1,1.5,1.5,0.0%,DL,2017
120,121,Jeremiah Valoaga,1,0,0.0,0,0,0,0,0,1,1.5,1.5,0.0%,DL,2017
121,122,Ryan Davis,0,2,0.0,0,0,0,0,0,1,1.5,1.5,0.0%,DL,2017
122,123,Jordan Phillips,1,0,0.0,0,0,0,0,0,1,1.5,1.5,0.9%,DL,2017
123,124,Emmanuel Ogbah,0,0,0.0,1,0,0,0,0,1,1.5,1.5,1.1%,DL,2017
124,125,Carl Davis,1,0,0.0,0,0,0,0,0,1,1.5,1.5,1.1%,DL,2017
125,126,Benson Mayowa,1,0,0.0,0,0,0,0,0,1,1.5,1.5,0.0%,DL,2017
126,127,Adam Gotsis,1,0,0.0,0,0,0,0,0,1,1.5,1.5,1.2%,DL,2017
127,128,Treyvon Hester,1,0,0.0,0,0,0,0,0,1,1.5,1.5,0.0%,DL,2017
128,129,Hassan Ridgeway,1,0,0.0,0,0,0,0,0,1,1.5,1.5,0.0%,DL,2017
129,130,Jeremiah Ledbetter,1,0,0.0,0,0,0,0,0,1,1.5,1.5,0.2%,DL,2017
130,131,Tanoh Kpassagnon,0,2,0.0,0,0,0,0,0,1,1.5,1.5,0.0%,DL,2017
131,132,Chris McCain,1,0,0.0,0,0,0,0,0,1,1.5,1.5,0.0%,DL,2017
132,133,Ryan Glasgow,1,0,0.0,0,0,0,0,0,1,1.5,1.5,0.0%,DL,2017
133,134,Akeem Spence,1,0,0.0,0,0,0,0,0,1,1.5,1.5,0.0%,DL,2017
134,135,Marcus Smith,0,1,0.0,0,0,0,0,0,1,0.8,0.8,0.0%,DL,2017
135,136,Terrence Fede,0,1,0.0,0,0,0,0,0,1,0.8,0.8,0.0%,DL,2017
136,137,Al Woods,0,1,0.0,0,0,0,0,0,1,0.8,0.8,0.0%,DL,2017
137,138,Sheldon Richardson,0,1,0.0,0,0,0,0,0,1,0.8,0.8,1.0%,DL,2017
138,139,Maliek Collins,0,1,0.0,0,0,0,0,0,1,0.8,0.8,2.4%,DL,2017
139,140,John Hughes,0,1,0.0,0,0,0,0,0,1,0.8,0.8,0.0%,DL,2017
140,141,Deatrich Wise,0,1,0.0,0,0,0,0,0,1,0.8,0.8,3.0%,DL,2017
141,142,Brian Price,0,1,0.0,0,0,0,0,0,1,0.8,0.8,0.0%,DL,2017
142,143,Vincent Taylor,0,1,0.0,0,0,0,0,0,1,0.8,0.8,0.0%,DL,2017
143,144,Sheldon Rankins,0,1,0.0,0,0,0,0,0,1,0.8,0.8,2.0%,DL,2017
144,145,Beau Allen,0,0,0.0,0,0,0,0,0,1,0.0,0.0,0.0%,DL,2017
145,146,Daniel McCullers,0,0,0.0,0,0,0,0,0,1,0.0,0.0,0.0%,DL,2017
146,147,Khalil Mack,2,0,0.0,0,0,0,0,0,1,0.0,0.0,52.8%,DL,2017
147,148,Kyle Van,6,0,0.0,1,0,0,0,0,1,0.0,0.0,8.2%,DL,2017
148,149,Will Clarke,0,0,0.0,0,0,0,0,0,1,0.0,0.0,0.0%,DL,2017
149,150,Ed Stinson,0,0,0.0,0,0,0,0,0,1,0.0,0.0,0.0%,DL,2017
150,151,Freddie Bishop,0,1,0.0,0,0,0,0,0,1,0.0,0.0,0.0%,DL,2017
151,152,Margus Hunt,0,0,0.0,0,0,0,0,0,1,0.0,0.0,0.0%,DL,2017
152,153,Star Lotulelei,0,0,0.0,0,0,0,0,0,1,0.0,0.0,0.0%,DL,2017
153,154,Johnathan Hankins,0,0,0.0,0,0,0,0,0,1,0.0,0.0,0.0%,DL,2017
154,155,John Jenkins,0,0,0.0,0,0,0,0,0,1,0.0,0.0,1.7%,DL,2017
155,156,Barkevious Mingo,2,3,0.0,0,0,1,1,0,1,0.0,0.0,6.0%,DL,2017
156,157,Cornelius Washington,0,0,0.0,0,0,0,0,0,1,0.0,0.0,0.0%,DL,2017
157,158,Jamie Meder,0,0,0.0,0,0,0,0,0,1,0.0,0.0,0.0%,DL,2017
158,159,Kasim Edebali,0,0,0.0,0,0,0,0,0,1,0.0,0.0,0.0%,DL,2017
159,160,Anthony Chickillo,0,0,0.0,0,0,0,0,0,1,0.0,0.0,0.0%,DL,2017
160,161,Brian Mihalik,0,0,0.0,0,0,0,0,0,1,0.0,0.0,0.0%,DL,2017
161,162,Bud Dupree,3,1,0.0,0,0,0,0,0,1,0.0,0.0,1.3%,DL,2017
162,163,Nate Orchard,0,0,0.0,0,0,0,0,0,1,0.0,0.0,0.0%,DL,2017
163,164,Za'Darius Smith,0,1,0.5,0,0,0,0,0,1,0.0,0.0,5.4%,DL,2017
164,165,Vic Beasley,1,0,0.0,0,0,0,0,0,1,0.0,0.0,0.0%,DL,2017
165,166,Eli Harold,2,1,0.0,0,0,0,0,0,1,0.0,0.0,0.0%,DL,2017
166,167,Preston Smith,1,0,0.0,0,0,0,0,0,1,0.0,0.0,11.1%,DL,2017
167,168,Shaquil Barrett,2,0,1.0,0,0,1,0,0,1,0.0,0.0,8.4%,DL,2017
168,169,Josh Martin,1,1,0.0,0,0,0,0,0,1,0.0,0.0,0.0%,DL,2017
169,170,Zach Kerr,0,0,0.0,0,0,0,0,0,1,0.0,0.0,0.0%,DL,2017
170,171,Denico Autry,0,0,0.0,0,0,0,0,0,1,0.0,0.0,10.1%,DL,2017
171,172,Mike Pennel,0,0,0.0,0,0,0,0,0,1,0.0,0.0,0.4%,DL,2017
172,173,Alejandro Villanueva,0,0,0.0,0,0,0,0,0,1,0.0,0.0,0.0%,DL,2017
173,174,Brandon Dunn,0,0,0.0,0,0,0,0,0,1,0.0,0.0,0.0%,DL,2017
174,175,Elvis Dumervil,0,0,0.0,0,0,0,0,0,1,0.0,0.0,0.0%,DL,2017
175,176,Alan Branch,0,0,0.0,0,0,0,0,0,1,0.0,0.0,0.0%,DL,2017
176,177,Pernell McPhee,2,0,0.0,1,0,0,0,0,1,0.0,0.0,0.0%,DL,2017
177,178,Von Miller,3,0,0.0,0,0,0,0,0,1,0.0,0.0,2.5%,DL,2017
178,179,Corey Liuget,0,0,0.0,0,0,0,0,0,1,0.0,0.0,0.0%,DL,2017
179,180,Brooks Reed,0,0,0.0,0,0,0,0,0,1,0.0,0.0,0.0%,DL,2017
180,181,Jarvis Jenkins,0,0,0.0,0,0,0,0,0,1,0.0,0.0,0.0%,DL,2017
181,182,Dwight Freeney,1,0,1.0,0,0,0,0,0,1,0.0,0.0,0.0%,DL,2017
182,183,Terrell Suggs,1,0,0.0,1,0,0,0,0,1,0.0,0.0,0.0%,DL,2017
183,184,Charles Johnson,0,0,0.0,0,0,0,0,0,1,0.0,0.0,0.0%,DL,2017
184,185,Dekoda Watson,2,0,0.0,0,0,0,0,0,1,0.0,0.0,0.0%,DL,2017
185,186,Arthur Moats,0,0,0.0,0,0,0,0,0,1,0.0,0.0,0.0%,DL,2017
186,187,Junior Galette,0,0,0.0,0,0,0,0,0,1,0.0,0.0,0.0%,DL,2017
187,188,Lamarr Houston,2,1,0.0,0,0,0,0,0,1,0.0,0.0,0.0%,DL,2017
188,189,Jerel Worthy,0,0,0.0,0,0,0,0,0,1,0.0,0.0,0.0%,DL,2017
189,190,Courtney Upshaw,0,0,0.0,0,0,0,0,0,1,0.0,0.0,0.0%,DL,2017
190,191,Chris Long,0,0,0.0,0,0,0,0,0,1,0.0,0.0,0.0%,DL,2017
191,192,Brian Robison,0,0,0.0,0,0,0,0,0,1,0.0,0.0,0.0%,DL,2017
192,193,Brandon Mebane,0,0,0.0,0,0,0,0,0,1,0.0,0.0,0.0%,DL,2017
193,194,Cameron Wake,0,2,0.0,0,0,0,0,0,1,0.0,0.0,0.0%,DL,2017
194,195,Devante Bond,0,0,0.0,0,0,0,0,0,1,0.0,0.0,0.0%,DL,2017
195,196,Vernon Butler,0,0,0.0,0,0,0,0,0,1,0.0,0.0,0.0%,DL,2017
196,197,Kamalei Correa,0,0,0.0,0,0,0,0,0,1,0.0,0.0,0.0%,DL,2017
197,198,Willie Henry,0,0,0.0,0,0,0,0,0,1,0.0,0.0,0.0%,DL,2017
198,199,Matthew Judon,2,0,0.0,0,0,0,0,0,1,0.0,0.0,16.8%,DL,2017
199,200,Brennan Scarlett,0,1,0.0,1,0,0,0,0,1,0.0,0.0,0.0%,DL,2017
200,201,Branden Jackson,0,0,0.0,0,0,0,0,0,1,0.0,0.0,0.0%,DL,2017
201,202,Zach Wood,0,0,0.0,0,0,0,0,0,1,0.0,0.0,0.0%,DL,2017
202,203,Lawrence Thomas,0,0,0.0,0,0,0,0,0,1,0.0,0.0,0.0%,DL,2017
203,204,Joshua Perry,0,0,0.0,0,0,0,0,0,1,0.0,0.0,1.0%,DL,2017
204,205,Shilique Calhoun,0,0,0.0,0,0,0,0,0,1,0.0,0.0,0.0%,DL,2017
205,206,John Denney,0,0,0.0,0,0,0,0,0,1,0.0,0.0,0.0%,DL,2017
206,207,Shaq Lawson,0,0,0.0,0,0,0,0,0,1,0.0,0.0,0.0%,DL,2017
207,208,Andrew Billings,0,0,0.0,0,0,0,0,0,1,0.0,0.0,1.6%,DL,2017
208,209,Leonard Floyd,1,1,0.0,1,0,0,0,0,1,0.0,0.0,5.4%,DL,2017
209,210,Jordan Jenkins,1,0,0.0,0,0,0,1,0,1,0.0,0.0,0.0%,DL,2017
210,211,Antwaun Woods,0,0,0.0,0,0,0,0,0,1,0.0,0.0,0.0%,DL,2017
211,212,Isaiah Irving,0,0,0.0,0,0,0,0,0,1,0.0,0.0,0.0%,DL,2017
212,213,Takk McKinley,2,0,1.0,0,0,1,0,0,1,0.0,0.0,1.1%,DL,2017
213,214,T.J. Watt,1,1,0.0,1,0,0,0,0,1,0.0,0.0,78.9%,DL,2017
214,215,Kameron Canaday,0,0,0.0,0,0,0,0,0,1,0.0,0.0,0.0%,DL,2017
215,216,Tyus Bowser,1,0,1.0,1,0,0,0,0,1,0.0,0.0,0.7%,DL,2017
216,217,Tashawn Bower,0,0,0.0,0,0,0,0,0,1,0.0,0.0,0.0%,DL,2017
217,218,Ryan Anderson,0,0,0.0,0,0,0,0,0,1,0.0,0.0,0.0%,DL,2017
218,219,D.J. Jones,0,0,0.0,0,0,0,0,0,1,0.0,0.0,5.0%,DL,2017
219,220,Jordan Willis,1,0,0.0,0,0,0,0,0,1,0.0,0.0,1.0%,DL,2017
220,221,Grover Stewart,0,0,0.0,0,0,0,0,0,1,0.0,0.0,3.5%,DL,2017
221,222,Carlos Watkins,0,0,0.0,0,0,0,0,0,1,0.0,0.0,0.0%,DL,2017
222,223,James Onwualu,0,0,0.0,0,0,0,0,0,1,0.0,0.0,0.0%,DL,2017
223,224,Eddie Vanderdoes,0,0,0.0,0,0,0,0,0,1,0.0,0.0,0.0%,DL,2017
