,Rank,Player,Field Goals,Field Attempts,Percentage,Longest Field,1-19 Yards,20-29 Yards,30-39 Yards,40-49 Yards,50+ Yards,Extra Points Made,Extra Points Attempted,Games Played,Fantasy Football Points,FTPS/Game,ROST,Position,Year
0,1,Greg Zuerlein,4,5,80.0,50,0,1,0,2,1,2,2,1,18.0,18.0,43.3%,K,2017
1,2,Phil Dawson,4,4,100.0,57,0,0,1,2,1,1,1,1,17.0,17.0,0.1%,K,2017
2,3,Justin Tucker,3,3,100.0,53,0,0,1,1,1,2,2,1,14.0,14.0,98.7%,K,2017
3,4,Randy Bullock,3,3,100.0,49,0,1,1,1,0,3,3,1,13.0,13.0,0.1%,K,2017
4,5,Stephen Hauschka,3,4,75.0,56,0,0,1,1,1,1,1,1,13.0,13.0,0.0%,K,2017
5,6,Matt Prater,3,3,100.0,50,0,0,2,0,1,2,2,1,13.0,13.0,1.7%,K,2017
6,7,Adam Vinatieri,3,3,100.0,42,0,2,0,1,0,1,1,1,11.0,11.0,0.2%,K,2017
7,8,Graham Gano,3,3,100.0,45,0,0,1,2,0,0,1,1,11.0,11.0,1.3%,K,2017
8,9,Matt Bryant,2,2,100.0,49,0,0,1,1,0,4,4,1,11.0,11.0,1.1%,K,2017
9,10,Wil Lutz,2,2,100.0,50,0,1,0,0,1,2,2,1,10.0,10.0,10.3%,K,2017
10,11,Ka'imi Fairbairn,3,3,100.0,37,0,1,2,0,0,1,1,1,10.0,10.0,47.9%,K,2017
11,12,Zane Gonzalez,3,4,75.0,39,0,2,1,0,0,1,1,1,10.0,10.0,0.1%,K,2017
12,13,Chandler Catanzaro,2,2,100.0,31,1,0,1,0,0,3,3,1,9.0,9.0,0.0%,K,2017
13,14,Ryan Succop,2,2,100.0,45,0,1,0,1,0,2,2,1,9.0,9.0,0.0%,K,2017
14,15,Jake Elliott,1,1,100.0,45,0,0,0,1,0,4,4,1,8.0,8.0,93.6%,K,2017
15,16,Robbie Gould,2,2,100.0,42,0,0,1,1,0,1,1,1,8.0,8.0,0.1%,K,2017
16,17,Nick Rose,2,2,100.0,33,0,1,1,0,0,2,2,1,8.0,8.0,0.0%,K,2017
17,18,Patrick Murray,2,2,100.0,36,0,1,1,0,0,2,2,1,8.0,8.0,1.0%,K,2017
18,19,Chris Boswell,1,1,100.0,53,0,0,0,0,1,2,3,1,7.0,7.0,17.2%,K,2017
19,20,Josh Lambo,1,1,100.0,43,0,0,0,1,0,3,3,1,7.0,7.0,0.1%,K,2017
20,21,Kai Forbath,1,2,50.0,36,0,0,1,0,0,3,4,1,6.0,6.0,3.0%,K,2017
21,22,Blair Walsh,1,2,50.0,34,0,0,1,0,0,3,3,1,6.0,6.0,0.1%,K,2017
22,23,Cody Parkey,1,1,100.0,28,0,1,0,0,0,2,2,1,5.0,5.0,0.1%,K,2017
23,24,Harrison Butker,1,1,100.0,45,0,0,0,1,0,1,1,1,5.0,5.0,96.0%,K,2017
24,25,Stephen Gostkowski,0,0,0.0,0,0,0,0,0,0,5,5,1,5.0,5.0,0.1%,K,2017
25,26,Mason Crosby,0,1,0.0,0,0,0,0,0,0,4,4,1,4.0,4.0,0.1%,K,2017
26,27,Aldrick Rosas,1,1,100.0,30,0,0,1,0,0,1,1,1,4.0,4.0,0.0%,K,2017
27,28,Nick Novak,1,2,50.0,22,0,1,0,0,0,0,1,1,3.0,3.0,0.1%,K,2017
28,29,Cairo Santos,1,2,50.0,38,0,0,1,0,0,0,0,1,3.0,3.0,26.1%,K,2017
29,30,Giorgio Tavecchio,0,1,0.0,0,0,0,0,0,0,3,3,1,3.0,3.0,1.0%,K,2017
30,31,Brandon McManus,0,0,0.0,0,0,0,0,0,0,2,2,1,2.0,2.0,18.2%,K,2017
31,32,Michael Palardy,0,0,0.0,0,0,0,0,0,0,0,0,1,0.0,0.0,33.3%,K,2017
32,33,Dan Bailey,0,0,0.0,0,0,0,0,0,0,0,0,1,0.0,0.0,0.0%,K,2017
