,Rank,Player,Field Goals,Field Attempts,Percentage,Longest Field,1-19 Yards,20-29 Yards,30-39 Yards,40-49 Yards,50+ Yards,Extra Points Made,Extra Points Attempted,Games Played,Fantasy Football Points,FTPS/Game,ROST,Position,Year
0,1,Justin Tucker,3,3,100.0,51,0,0,1,1,1,5,5,1,17.0,17.0,98.7%,K,2017
1,2,Greg Zuerlein,4,4,100.0,56,0,2,0,1,1,2,3,1,17.0,17.0,43.3%,K,2017
2,3,Robbie Gould,5,5,100.0,35,0,2,3,0,0,0,0,1,15.0,15.0,0.1%,K,2017
3,4,Travis Coons,4,5,80.0,40,0,3,0,1,0,1,1,1,14.0,14.0,1.1%,K,2017
4,5,Chandler Catanzaro,3,3,100.0,47,0,1,1,1,0,3,3,1,13.0,13.0,0.0%,K,2017
5,6,Stephen Gostkowski,3,3,100.0,50,0,0,2,0,1,2,2,1,13.0,13.0,0.1%,K,2017
6,7,Chris Boswell,3,3,100.0,38,0,0,3,0,0,2,2,1,11.0,11.0,17.2%,K,2017
7,8,Matt Bryant,3,4,75.0,47,0,0,2,1,0,0,0,1,10.0,10.0,1.1%,K,2017
8,9,Josh Lambo,3,3,100.0,39,0,1,2,0,0,1,1,1,10.0,10.0,0.1%,K,2017
9,10,Randy Bullock,2,2,100.0,41,0,0,1,1,0,2,2,1,9.0,9.0,0.1%,K,2017
10,11,Ka'imi Fairbairn,2,4,50.0,42,0,1,0,1,0,1,1,1,8.0,8.0,47.9%,K,2017
11,12,Mason Crosby,2,2,100.0,37,0,1,1,0,0,2,2,1,8.0,8.0,0.1%,K,2017
12,13,Patrick Murray,2,2,100.0,36,0,0,2,0,0,2,2,1,8.0,8.0,1.0%,K,2017
13,14,Dan Bailey,1,1,100.0,24,0,1,0,0,0,5,5,1,8.0,8.0,0.0%,K,2017
14,15,Cody Parkey,1,1,100.0,37,0,0,1,0,0,4,4,1,7.0,7.0,0.1%,K,2017
15,16,Ryan Succop,1,2,50.0,43,0,0,0,1,0,3,3,1,7.0,7.0,0.0%,K,2017
16,17,Blair Walsh,1,1,100.0,46,0,0,0,1,0,3,3,1,7.0,7.0,0.1%,K,2017
17,18,Wil Lutz,1,2,50.0,31,0,0,1,0,0,4,4,1,7.0,7.0,10.3%,K,2017
18,19,Harrison Butker,1,2,50.0,36,0,0,1,0,0,4,4,1,7.0,7.0,96.0%,K,2017
19,20,Aldrick Rosas,1,1,100.0,52,0,0,0,0,1,2,2,1,7.0,7.0,0.0%,K,2017
20,21,Phil Dawson,1,2,50.0,54,0,0,0,0,1,1,2,1,6.0,6.0,0.1%,K,2017
21,22,Giorgio Tavecchio,1,1,100.0,39,0,0,1,0,0,3,3,1,6.0,6.0,1.0%,K,2017
22,23,Jake Elliott,1,1,100.0,26,0,1,0,0,0,1,1,1,4.0,4.0,93.6%,K,2017
23,24,Stephen Hauschka,1,1,100.0,49,0,0,0,1,0,0,0,1,4.0,4.0,0.0%,K,2017
24,25,Adam Vinatieri,1,1,100.0,27,0,1,0,0,0,1,1,1,4.0,4.0,0.2%,K,2017
25,26,Zane Gonzalez,1,1,100.0,35,0,0,1,0,0,1,1,1,4.0,4.0,0.1%,K,2017
26,27,Graham Gano,0,0,0.0,0,0,0,0,0,0,3,3,1,3.0,3.0,1.3%,K,2017
27,28,Brandon McManus,1,1,100.0,31,0,0,1,0,0,0,0,1,3.0,3.0,18.2%,K,2017
28,29,Cairo Santos,0,0,0.0,0,0,0,0,0,0,2,2,1,2.0,2.0,26.1%,K,2017
29,30,Matt Prater,0,1,0.0,0,0,0,0,0,0,2,3,1,2.0,2.0,1.7%,K,2017
30,31,Kai Forbath,0,0,0.0,0,0,0,0,0,0,2,2,1,2.0,2.0,3.0%,K,2017
31,32,Nick Rose,0,0,0.0,0,0,0,0,0,0,2,2,1,2.0,2.0,0.0%,K,2017
32,33,Michael Palardy,0,0,0.0,0,0,0,0,0,0,0,0,1,0.0,0.0,33.3%,K,2017
