,Rank,Player,Field Goals,Field Attempts,Percentage,Longest Field,1-19 Yards,20-29 Yards,30-39 Yards,40-49 Yards,50+ Yards,Extra Points Made,Extra Points Attempted,Games Played,Fantasy Football Points,FTPS/Game,ROST,Position,Year
0,1,Harrison Butker,5,6,83.3,49,0,2,2,1,0,2,2,1,18.0,18.0,96.0%,K,2017
1,2,Dan Bailey,4,6,66.7,51,0,0,2,0,2,0,0,1,16.0,16.0,0.0%,K,2017
2,3,Randy Bullock,4,4,100.0,51,0,2,1,0,1,2,2,1,16.0,16.0,0.1%,K,2017
3,4,Stephen Gostkowski,3,3,100.0,40,0,1,1,1,0,4,4,1,14.0,14.0,0.1%,K,2017
4,5,Patrick Murray,4,5,80.0,41,0,2,1,1,0,1,1,1,14.0,14.0,1.0%,K,2017
5,6,Wil Lutz,3,3,100.0,45,0,1,0,2,0,2,2,1,13.0,13.0,10.3%,K,2017
6,7,Adam Vinatieri,3,5,60.0,48,0,0,2,1,0,1,1,1,11.0,11.0,0.2%,K,2017
7,8,Justin Tucker,3,3,100.0,39,0,0,3,0,0,2,2,1,11.0,11.0,98.7%,K,2017
8,9,Ryan Succop,3,4,75.0,37,0,2,1,0,0,2,2,1,11.0,11.0,0.0%,K,2017
9,10,Stephen Hauschka,3,4,75.0,41,0,1,1,1,0,1,1,1,11.0,11.0,0.0%,K,2017
10,11,Kai Forbath,3,3,100.0,49,0,2,0,1,0,1,1,1,11.0,11.0,3.0%,K,2017
11,12,Graham Gano,3,3,100.0,30,0,2,1,0,0,1,2,1,10.0,10.0,1.3%,K,2017
12,13,Chris Boswell,2,2,100.0,36,0,0,2,0,0,4,4,1,10.0,10.0,17.2%,K,2017
13,14,Dustin Hopkins,2,2,100.0,29,0,2,0,0,0,3,3,1,9.0,9.0,29.7%,K,2017
14,15,Matt Bryant,2,2,100.0,48,0,0,1,1,0,1,1,1,8.0,8.0,1.1%,K,2017
15,16,Jake Elliott,2,3,66.7,48,0,0,1,1,0,1,1,1,8.0,8.0,93.6%,K,2017
16,17,Cody Parkey,2,3,66.7,44,0,1,0,1,0,1,1,1,8.0,8.0,0.1%,K,2017
17,18,Robbie Gould,1,1,100.0,27,0,1,0,0,0,5,6,1,8.0,8.0,0.1%,K,2017
18,19,Josh Lambo,1,1,100.0,45,0,0,0,1,0,2,3,1,6.0,6.0,0.1%,K,2017
19,20,Phil Dawson,1,1,100.0,21,0,1,0,0,0,2,3,1,5.0,5.0,0.1%,K,2017
20,21,Matt Prater,1,2,50.0,23,0,1,0,0,0,2,2,1,5.0,5.0,1.7%,K,2017
21,22,Giorgio Tavecchio,1,2,50.0,25,0,1,0,0,0,1,1,1,4.0,4.0,1.0%,K,2017
22,23,Zane Gonzalez,1,1,100.0,48,0,0,0,1,0,0,0,1,4.0,4.0,0.1%,K,2017
23,24,Blair Walsh,0,0,0.0,0,0,0,0,0,0,3,3,1,3.0,3.0,0.1%,K,2017
24,25,Brandon McManus,1,1,100.0,31,0,0,1,0,0,0,0,1,3.0,3.0,18.2%,K,2017
25,26,Sam Ficken,0,1,0.0,0,0,0,0,0,0,3,4,1,3.0,3.0,0.0%,K,2017
26,27,Mike Nugent,0,0,0.0,0,0,0,0,0,0,2,3,1,2.0,2.0,1.0%,K,2017
27,28,Nick Rose,0,1,0.0,0,0,0,0,0,0,2,2,1,2.0,2.0,0.0%,K,2017
28,29,Chandler Catanzaro,0,0,0.0,0,0,0,0,0,0,1,1,1,1.0,1.0,0.0%,K,2017
29,30,Mason Crosby,0,0,0.0,0,0,0,0,0,0,0,0,1,0.0,0.0,0.1%,K,2017
30,31,Michael Palardy,0,0,0.0,0,0,0,0,0,0,0,0,1,0.0,0.0,33.3%,K,2017
31,32,Ka'imi Fairbairn,0,0,0.0,0,0,0,0,0,0,0,0,1,0.0,0.0,47.9%,K,2017
32,33,Aldrick Rosas,0,1,0.0,0,0,0,0,0,0,0,0,1,0.0,0.0,0.0%,K,2017
