,Rank,Player,Tackle,Assist,Sack,Pass Defended,Interception,Forced Fumble,Fumble Recovery,Defend Touchdown,Games Played,Fantasy Football Points,FTPS/Game,ROST,Position,Year
0,1,Chandler Jones,5,2,2.0,0,0,1,0,0,1,26.0,26.0,0.5%,LB,2017
1,2,Benardrick McKinney,4,2,2.0,0,0,0,0,0,1,23.0,23.0,0.0%,LB,2017
2,3,Lorenzo Alexander,6,3,1.0,0,0,0,0,0,1,20.3,20.3,3.0%,LB,2017
3,4,Mark Barron,10,0,0.0,0,0,0,0,0,1,20.0,20.0,0.0%,LB,2017
4,5,Alec Ogletree,7,4,1.0,0,0,0,0,0,1,20.0,20.0,2.0%,LB,2017
5,6,Telvin Smith,6,2,0.0,1,1,0,0,0,1,19.5,19.5,0.1%,LB,2017
6,7,Lavonte David,8,1,0.0,0,0,0,1,0,1,19.3,19.3,52.4%,LB,2017
7,8,Tahir Whitehead,5,3,0.0,1,1,0,0,0,1,18.8,18.8,0.0%,LB,2017
8,9,De'Vondre Campbell,6,2,1.0,1,0,0,0,0,1,18.5,18.5,20.9%,LB,2017
9,10,Christian Kirksey,6,3,1.0,0,0,0,0,0,1,17.8,17.8,0.1%,LB,2017
10,11,Von Miller,2,0,2.0,1,0,0,0,0,1,17.5,17.5,2.5%,LB,2017
11,12,Blake Martinez,5,0,1.0,0,0,0,0,0,1,16.5,16.5,0.0%,LB,2017
12,13,Calvin Munson,6,1,1.0,0,0,0,0,0,1,16.3,16.3,0.0%,LB,2017
13,14,Bobby Wagner,4,3,0.0,2,1,0,0,0,1,16.3,16.3,72.4%,LB,2017
14,15,Tyus Bowser,2,0,1.0,1,1,0,0,0,1,16.0,16.0,0.7%,LB,2017
15,16,Jatavis Brown,6,6,0.0,0,0,0,0,0,1,16.0,16.0,0.1%,LB,2017
16,17,Navorro Bowman,7,4,0.0,0,0,0,0,0,1,16.0,16.0,0.1%,LB,2017
17,18,Sean Lee,8,1,0.0,0,0,0,0,0,1,15.3,15.3,0.0%,LB,2017
18,19,Mike Hull,7,3,0.0,0,0,0,0,0,1,15.3,15.3,0.0%,LB,2017
19,20,Anthony Barr,8,1,0.0,0,0,0,0,0,1,15.3,15.3,0.0%,LB,2017
20,21,Myles Jack,5,1,1.0,0,0,0,0,0,1,14.8,14.8,0.4%,LB,2017
21,22,Karlos Dansby,6,4,0.0,0,0,0,0,0,1,14.5,14.5,0.1%,LB,2017
22,23,Kendell Beckwith,5,0,0.0,1,0,0,0,0,1,14.0,14.0,0.0%,LB,2017
23,24,Brian Orakpo,4,0,1.0,0,0,1,0,0,1,14.0,14.0,0.0%,LB,2017
24,25,Clay Matthews,2,3,1.5,0,0,0,0,0,1,13.8,13.8,0.0%,LB,2017
25,26,Ramon Humber,6,3,0.0,0,0,0,0,0,1,13.8,13.8,0.0%,LB,2017
26,27,Wesley Woodyard,6,3,0.0,0,0,0,0,0,1,13.8,13.8,0.0%,LB,2017
27,28,Zach Brown,8,2,0.0,0,0,0,0,0,1,13.5,13.5,0.0%,LB,2017
28,29,Mychal Kendricks,2,0,1.0,1,0,0,0,0,1,13.5,13.5,0.0%,LB,2017
29,30,C.J. Mosley,8,2,0.0,0,0,0,0,0,1,13.5,13.5,65.7%,LB,2017
30,31,John Simon,4,1,1.0,0,0,0,0,0,1,13.3,13.3,0.0%,LB,2017
31,32,Mason Foster,3,3,0.0,1,1,0,0,0,1,13.3,13.3,0.0%,LB,2017
32,33,Jarrad Davis,3,3,1.0,0,0,0,0,0,1,13.3,13.3,0.0%,LB,2017
33,34,Alex Anzalone,4,1,1.0,0,0,0,0,0,1,13.3,13.3,31.6%,LB,2017
34,35,Jamie Collins,7,0,0.0,0,0,0,0,0,1,13.0,13.0,0.0%,LB,2017
35,36,Vincent Rey,6,5,0.0,0,0,0,0,0,1,12.8,12.8,0.0%,LB,2017
36,37,Vince Williams,4,0,1.0,0,0,0,0,0,1,12.5,12.5,0.1%,LB,2017
37,38,Hayes Pullard,5,3,0.0,0,0,0,0,0,1,12.3,12.3,0.0%,LB,2017
38,39,Khalil Mack,3,1,1.0,0,0,0,0,0,1,11.8,11.8,52.8%,LB,2017
39,40,Derrick Morgan,2,1,1.0,1,0,0,0,0,1,11.8,11.8,0.0%,LB,2017
40,41,Devon Kennard,2,3,0.0,0,0,0,1,0,1,11.8,11.8,0.0%,LB,2017
41,42,Thomas Davis,5,2,0.0,0,0,0,0,0,1,11.5,11.5,0.0%,LB,2017
42,43,K.J. Wright,5,3,0.0,1,0,0,0,0,1,11.3,11.3,0.0%,LB,2017
43,44,Elandon Roberts,7,1,0.0,0,0,0,0,0,1,11.3,11.3,15.3%,LB,2017
44,45,Ryan Shazier,5,3,0.0,1,0,0,0,0,1,11.3,11.3,0.1%,LB,2017
45,46,Ramik Wilson,4,0,0.0,0,0,0,0,0,1,11.0,11.0,0.0%,LB,2017
46,47,Josh Bynes,3,0,1.0,0,0,0,0,0,1,11.0,11.0,0.0%,LB,2017
47,48,Kiko Alonso,4,3,0.0,0,0,0,0,0,1,10.8,10.8,0.0%,LB,2017
48,49,Preston Smith,2,1,1.0,0,0,0,0,0,1,10.3,10.3,11.1%,LB,2017
49,50,Tank Carradine,2,1,1.0,0,0,0,0,0,1,10.3,10.3,0.0%,LB,2017
50,51,Vic Beasley,1,1,1.0,0,0,1,0,0,1,10.3,10.3,0.0%,LB,2017
51,52,Bud Dupree,1,1,1.0,1,0,0,0,0,1,10.3,10.3,1.3%,LB,2017
52,53,Luke Kuechly,3,2,0.0,0,0,1,0,0,1,10.0,10.0,92.3%,LB,2017
53,54,Jaylon Smith,3,7,0.0,0,0,0,0,0,1,9.8,9.8,0.2%,LB,2017
54,55,Brandon Marshall,6,1,0.0,0,0,0,0,0,1,9.8,9.8,0.0%,LB,2017
55,56,Terrell Suggs,1,0,1.0,0,0,1,0,0,1,9.5,9.5,0.0%,LB,2017
56,57,Willie Young,2,0,1.0,0,0,0,0,0,1,9.5,9.5,0.0%,LB,2017
57,58,James Burgess,2,0,1.0,0,0,0,0,0,1,9.5,9.5,0.0%,LB,2017
58,59,Patrick Onwuasor,2,0,1.0,0,0,0,0,0,1,9.5,9.5,0.0%,LB,2017
59,60,Jeremiah George,4,1,0.0,0,0,0,0,0,1,9.3,9.3,0.0%,LB,2017
60,61,Paul Posluszny,4,1,0.0,0,0,0,0,0,1,9.3,9.3,4.7%,LB,2017
61,62,Ray-Ray Armstrong,4,4,0.0,0,0,0,0,0,1,9.0,9.0,0.0%,LB,2017
62,63,Darron Lee,5,2,0.0,0,0,0,0,0,1,9.0,9.0,0.0%,LB,2017
63,64,Eric Kendricks,3,6,0.0,0,0,0,0,0,1,9.0,9.0,32.1%,LB,2017
64,65,Cory James,5,2,0.0,0,0,0,0,0,1,9.0,9.0,0.0%,LB,2017
65,66,Jonathan Casillas,2,1,0.0,0,0,0,0,0,1,8.8,8.8,0.0%,LB,2017
66,67,Deion Jones,4,1,0.0,1,0,0,0,0,1,8.3,8.3,2.7%,LB,2017
67,68,Shaquil Barrett,4,3,0.0,0,0,0,0,0,1,8.3,8.3,8.4%,LB,2017
68,69,Hau'oli Kikaha,1,0,1.0,0,0,0,0,0,1,8.0,8.0,0.0%,LB,2017
69,70,Kwon Alexander,1,0,0.0,1,1,0,0,0,1,8.0,8.0,1.1%,LB,2017
70,71,Aaron Lynch,1,0,1.0,0,0,0,0,0,1,8.0,8.0,0.0%,LB,2017
71,72,Kyle Van,3,1,0.0,0,0,0,0,0,1,7.8,7.8,8.2%,LB,2017
72,73,Nicholas Morrow,2,1,0.0,1,0,0,0,0,1,7.8,7.8,4.9%,LB,2017
73,74,Nick Vigil,3,2,0.0,1,0,0,0,0,1,7.5,7.5,0.0%,LB,2017
74,75,Pernell McPhee,2,0,0.0,0,0,1,0,0,1,7.0,7.0,0.0%,LB,2017
75,76,Danny Trevathan,3,1,0.0,1,0,0,0,0,1,6.8,6.8,0.0%,LB,2017
76,77,Avery Williamson,3,1,0.0,1,0,0,0,0,1,6.8,6.8,0.0%,LB,2017
77,78,Duke Riley,3,2,0.0,0,0,0,0,0,1,6.0,6.0,4.0%,LB,2017
78,79,Christian Jones,2,4,0.0,0,0,0,0,0,1,6.0,6.0,0.0%,LB,2017
79,80,Demario Davis,2,4,0.0,0,0,0,0,0,1,6.0,6.0,22.3%,LB,2017
80,81,Markus Golden,4,0,0.0,0,0,0,0,0,1,6.0,6.0,0.5%,LB,2017
81,82,Zach Cunningham,4,0,0.0,0,0,0,0,0,1,6.0,6.0,1.7%,LB,2017
82,83,Jon Bostic,4,0,0.0,0,0,0,0,0,1,6.0,6.0,0.0%,LB,2017
83,84,Nick Kwiatkoski,4,0,0.0,0,0,0,0,0,1,6.0,6.0,0.0%,LB,2017
84,85,Joe Schobert,3,2,0.0,0,0,0,0,0,1,6.0,6.0,0.0%,LB,2017
85,86,Derrick Johnson,2,0,0.0,0,0,0,0,0,1,5.5,5.5,0.0%,LB,2017
86,87,Dylan Donahue,2,0,0.0,0,0,0,0,0,1,5.5,5.5,0.0%,LB,2017
87,88,Nate Orchard,2,0,0.0,0,0,0,0,0,1,5.5,5.5,0.0%,LB,2017
88,89,Matthew Judon,1,0,0.0,0,0,0,1,0,1,5.5,5.5,16.8%,LB,2017
89,90,Junior Galette,2,0,0.0,0,0,0,0,0,1,5.5,5.5,0.0%,LB,2017
90,91,Leonard Floyd,0,2,0.0,0,0,0,1,0,1,5.5,5.5,5.4%,LB,2017
91,92,Jordan Jenkins,2,3,0.0,0,0,0,0,0,1,5.3,5.3,0.0%,LB,2017
92,93,Nigel Bradham,3,1,0.0,0,0,0,0,0,1,5.3,5.3,0.0%,LB,2017
93,94,Preston Brown,0,7,0.0,0,0,0,0,0,1,5.3,5.3,0.0%,LB,2017
94,95,Chase Allen,3,0,0.0,0,0,0,0,0,1,4.5,4.5,0.0%,LB,2017
95,96,Jordan Willis,1,4,0.0,0,0,0,0,0,1,4.5,4.5,1.0%,LB,2017
96,97,Kyle Emanuel,1,2,0.0,1,0,0,0,0,1,4.5,4.5,0.0%,LB,2017
97,98,Nick Perry,2,2,0.0,0,0,0,0,0,1,4.5,4.5,0.0%,LB,2017
98,99,Robert Quinn,1,1,0.5,0,0,0,0,0,1,4.3,4.3,1.2%,LB,2017
99,100,Joe Thomas,1,1,0.5,0,0,0,0,0,1,4.3,4.3,1.0%,LB,2017
100,101,Shaq Thompson,1,0,0.0,0,0,0,0,0,1,4.0,4.0,14.8%,LB,2017
101,102,Erik Walden,0,0,0.0,0,0,0,1,0,1,4.0,4.0,0.0%,LB,2017
102,103,Cameron Lynch,0,0,0.0,0,0,0,1,0,1,4.0,4.0,0.0%,LB,2017
103,104,Anthony Chickillo,1,3,0.0,0,0,0,0,0,1,3.8,3.8,0.0%,LB,2017
104,105,Nigel Harris,2,1,0.0,0,0,0,0,0,1,3.8,3.8,0.0%,LB,2017
105,106,A.J. Klein,1,1,0.0,1,0,0,0,0,1,3.8,3.8,0.0%,LB,2017
106,107,Sam Acho,2,1,0.0,0,0,0,0,0,1,3.8,3.8,0.0%,LB,2017
107,108,Jake Ryan,1,3,0.0,0,0,0,0,0,1,3.8,3.8,0.0%,LB,2017
108,109,Manti Te'o,2,1,0.0,0,0,0,0,0,1,3.8,3.8,0.1%,LB,2017
109,110,Ben Gedeon,2,1,0.0,0,0,0,0,0,1,3.8,3.8,0.0%,LB,2017
110,111,Paul Worrilow,2,0,0.0,0,0,0,0,0,1,3.0,3.0,0.0%,LB,2017
111,112,T.J. Watt,0,2,0.0,1,0,0,0,0,1,3.0,3.0,78.9%,LB,2017
112,113,Cameron Wake,2,0,0.0,0,0,0,0,0,1,3.0,3.0,0.0%,LB,2017
113,114,Michael Wilhoite,2,0,0.0,0,0,0,0,0,1,3.0,3.0,0.0%,LB,2017
114,115,Jayon Brown,1,0,0.0,1,0,0,0,0,1,3.0,3.0,2.0%,LB,2017
115,116,Tyrell Adams,2,0,0.0,0,0,0,0,0,1,3.0,3.0,0.0%,LB,2017
116,117,Adarius Taylor,2,0,0.0,0,0,0,0,0,1,3.0,3.0,0.0%,LB,2017
117,118,Damien Wilson,2,0,0.0,0,0,0,0,0,1,3.0,3.0,0.0%,LB,2017
118,119,Jordan Hicks,1,2,0.0,0,0,0,0,0,1,3.0,3.0,29.9%,LB,2017
119,120,Dylan Cole,0,3,0.0,0,0,0,0,0,1,2.3,2.3,0.0%,LB,2017
120,121,Jalen Reeves-Maybin,1,1,0.0,0,0,0,0,0,1,2.3,2.3,1.3%,LB,2017
121,122,Kevin Minter,1,1,0.0,0,0,0,0,0,1,2.3,2.3,0.0%,LB,2017
122,123,Matt Longacre,1,1,0.0,0,0,0,0,0,1,2.3,2.3,0.0%,LB,2017
123,124,Marquel Lee,1,1,0.0,0,0,0,0,0,1,2.3,2.3,0.0%,LB,2017
124,125,Jonathan Anderson,1,0,0.0,0,0,0,0,0,1,1.5,1.5,0.0%,LB,2017
125,126,Eli Harold,1,0,0.0,0,0,0,0,0,1,1.5,1.5,0.0%,LB,2017
126,127,Tyler Matakevich,0,0,0.0,1,0,0,0,0,1,1.5,1.5,0.0%,LB,2017
127,128,Samson Ebukam,1,0,0.0,0,0,0,0,0,1,1.5,1.5,8.7%,LB,2017
128,129,Tim Williams,1,0,0.0,0,0,0,0,0,1,1.5,1.5,0.0%,LB,2017
129,130,Kyle Wilber,1,0,0.0,0,0,0,0,0,1,1.5,1.5,0.0%,LB,2017
130,131,Josh Martin,1,0,0.0,0,0,0,0,0,1,1.5,1.5,0.0%,LB,2017
131,132,Corey Nelson,1,0,0.0,0,0,0,0,0,1,1.5,1.5,0.0%,LB,2017
132,133,Kasim Edebali,0,1,0.0,0,0,0,0,0,1,0.8,0.8,0.0%,LB,2017
133,134,Cory Littleton,0,1,0.0,0,0,0,0,0,1,0.8,0.8,0.0%,LB,2017
134,135,Kamalei Correa,0,1,0.0,0,0,0,0,0,1,0.8,0.8,0.0%,LB,2017
135,136,Korey Toomer,0,1,0.0,0,0,0,0,0,1,0.8,0.8,0.0%,LB,2017
136,137,Hardy Nickerson,0,0,0.0,0,0,0,0,0,1,0.0,0.0,0.0%,LB,2017
137,138,Emmanuel Lamur,0,0,0.0,0,0,0,0,0,1,0.0,0.0,0.0%,LB,2017
138,139,Barkevious Mingo,0,0,0.0,0,0,0,0,0,1,0.0,0.0,6.0%,LB,2017
139,140,Daren Bates,0,0,0.0,0,0,0,0,0,1,0.0,0.0,0.0%,LB,2017
140,141,Benson Mayowa,2,2,0.0,0,0,0,0,0,1,0.0,0.0,0.0%,LB,2017
141,142,David Bass,0,0,0.0,0,0,0,0,0,1,0.0,0.0,0.0%,LB,2017
142,143,Kemal Ishmael,0,0,0.0,0,0,0,0,0,1,0.0,0.0,0.0%,LB,2017
143,144,Lerentee McCray,0,0,0.0,0,0,0,0,0,1,0.0,0.0,4.0%,LB,2017
144,145,Ryan Davis,0,1,0.0,0,0,0,0,0,1,0.0,0.0,0.0%,LB,2017
145,146,Melvin Ingram,4,0,1.0,0,0,0,0,0,1,0.0,0.0,0.0%,LB,2017
146,147,Andre Branch,1,1,0.0,0,0,0,0,0,1,0.0,0.0,0.0%,LB,2017
147,148,Whitney Mercilus,0,0,0.0,0,0,0,0,0,1,0.0,0.0,0.2%,LB,2017
148,149,Courtney Upshaw,0,0,0.0,0,0,0,0,0,1,0.0,0.0,0.0%,LB,2017
149,150,Nate Stupar,0,0,0.0,0,0,0,0,0,1,0.0,0.0,0.0%,LB,2017
150,151,Steven Johnson,0,0,0.0,0,0,0,0,0,1,0.0,0.0,0.0%,LB,2017
151,152,Julian Stanford,0,0,0.0,0,0,0,0,0,1,0.0,0.0,0.0%,LB,2017
152,153,Craig Robertson,0,0,0.0,0,0,0,0,0,1,0.0,0.0,0.0%,LB,2017
153,154,Sean Spence,0,0,0.0,0,0,0,0,0,1,0.0,0.0,0.0%,LB,2017
154,155,Bruce Irvin,2,0,0.0,0,0,0,0,0,1,0.0,0.0,0.2%,LB,2017
155,156,Najee Goode,0,0,0.0,0,0,0,0,0,1,0.0,0.0,0.0%,LB,2017
156,157,Ben Jacobs,0,0,0.0,0,0,0,0,0,1,0.0,0.0,0.0%,LB,2017
157,158,Ridge Wilson,0,0,0.0,0,0,0,0,0,1,0.0,0.0,0.0%,LB,2017
158,159,Justin Anderson,0,0,0.0,0,0,0,0,0,1,0.0,0.0,0.0%,LB,2017
159,160,Will Compton,0,0,0.0,0,0,0,0,0,1,0.0,0.0,0.0%,LB,2017
160,161,Kevin Pierre-Louis,0,0,0.0,0,0,0,0,0,1,0.0,0.0,0.0%,LB,2017
161,162,Chris Smith,3,3,1.0,0,0,0,0,0,1,0.0,0.0,0.0%,LB,2017
162,163,Cassius Marsh,0,0,0.0,0,0,0,0,0,1,0.0,0.0,1.0%,LB,2017
163,164,Marquis Flowers,0,0,0.0,0,0,0,0,0,1,0.0,0.0,0.0%,LB,2017
164,165,Maurice Alexander,7,2,0.0,0,0,0,0,0,1,0.0,0.0,0.0%,LB,2017
165,166,Kareem Martin,0,0,0.0,0,0,0,0,0,1,0.0,0.0,0.0%,LB,2017
166,167,Jadeveon Clowney,3,1,0.0,1,0,0,1,0,1,0.0,0.0,22.5%,LB,2017
167,168,Dee Ford,2,0,1.0,1,0,0,0,0,1,0.0,0.0,0.0%,LB,2017
168,169,Deon Lacey,0,0,0.0,0,0,0,0,0,1,0.0,0.0,0.0%,LB,2017
169,170,Freddie Bishop,0,0,0.0,0,0,0,0,0,1,0.0,0.0,0.0%,LB,2017
170,171,Elvis Dumervil,0,0,0.0,0,0,0,0,0,1,0.0,0.0,0.0%,LB,2017
171,172,J.T. Thomas,0,0,0.0,0,0,0,0,0,1,0.0,0.0,0.0%,LB,2017
172,173,Chris Carter,0,0,0.0,0,0,0,0,0,1,0.0,0.0,0.0%,LB,2017
173,174,Justin Houston,5,0,1.0,1,0,0,0,0,1,0.0,0.0,0.0%,LB,2017
174,175,Brooks Reed,0,0,0.0,0,0,0,0,0,1,0.0,0.0,0.0%,LB,2017
175,176,Jason Pierre-Paul,3,0,1.0,0,0,1,0,0,1,0.0,0.0,0.0%,LB,2017
176,177,Connor Barwin,3,0,0.0,0,0,0,0,0,1,0.0,0.0,0.0%,LB,2017
177,178,Brandon Williams,0,0,0.0,0,0,0,0,0,1,0.0,0.0,0.0%,LB,2017
178,179,Arthur Moats,0,0,0.0,0,0,0,0,0,1,0.0,0.0,0.0%,LB,2017
179,180,Dekoda Watson,0,0,0.0,0,0,0,0,0,1,0.0,0.0,0.0%,LB,2017
180,181,Frank Zombo,0,0,0.0,0,0,0,0,0,1,0.0,0.0,3.0%,LB,2017
181,182,Zak DeOssie,0,0,0.0,0,0,0,0,0,1,0.0,0.0,0.0%,LB,2017
182,183,Justin Durant,0,0,0.0,0,0,0,0,0,1,0.0,0.0,0.0%,LB,2017
183,184,David Harris,0,0,0.0,0,0,0,0,0,1,0.0,0.0,4.0%,LB,2017
184,185,Chris Long,1,0,1.0,0,0,0,0,0,1,0.0,0.0,0.0%,LB,2017
185,186,Thomas Hennessy,0,0,0.0,0,0,0,0,0,1,0.0,0.0,0.0%,LB,2017
186,187,Donald Payne,0,0,0.0,0,0,0,0,0,1,0.0,0.0,0.0%,LB,2017
187,188,Xavier Woodson,0,0,0.0,0,0,0,0,0,1,0.0,0.0,0.0%,LB,2017
188,189,Bam Bradley,0,0,0.0,0,0,0,0,0,1,0.0,0.0,0.0%,LB,2017
189,190,B.J. Bello,0,0,0.0,0,0,0,0,0,1,0.0,0.0,0.0%,LB,2017
190,191,Elijah Lee,0,0,0.0,0,0,0,0,0,1,0.0,0.0,0.0%,LB,2017
191,192,Jermaine Grace,0,0,0.0,0,0,0,0,0,1,0.0,0.0,1.1%,LB,2017
192,193,Eric Wilson,0,0,0.0,0,0,0,0,0,1,0.0,0.0,0.5%,LB,2017
193,194,Steve Longa,0,0,0.0,0,0,0,0,0,1,0.0,0.0,0.0%,LB,2017
194,195,Darnell Sankey,0,0,0.0,0,0,0,0,0,1,0.0,0.0,0.0%,LB,2017
195,196,Haason Reddick,1,6,0.0,0,0,0,0,0,1,0.0,0.0,17.6%,LB,2017
196,197,Luke Rhodes,0,0,0.0,0,0,0,0,0,1,0.0,0.0,0.0%,LB,2017
197,198,Kameron Canaday,0,0,0.0,0,0,0,0,0,1,0.0,0.0,0.0%,LB,2017
198,199,Takk McKinley,0,0,0.0,0,0,0,0,0,1,0.0,0.0,1.1%,LB,2017
199,200,Ukeme Eligwe,0,0,0.0,0,0,0,0,0,1,0.0,0.0,0.0%,LB,2017
200,201,Jamal Carter,0,0,0.0,0,0,0,0,0,1,0.0,0.0,0.0%,LB,2017
201,202,James Onwualu,0,0,0.0,0,0,0,0,0,1,0.0,0.0,0.0%,LB,2017
202,203,Tanoh Kpassagnon,0,0,0.0,0,0,0,0,0,1,0.0,0.0,0.0%,LB,2017
203,204,Ryan Anderson,0,0,0.0,0,0,0,0,0,1,0.0,0.0,0.0%,LB,2017
204,205,Dawuane Smoot,0,0,0.0,0,0,0,0,0,1,0.0,0.0,0.4%,LB,2017
205,206,Tanner Vallejo,0,0,0.0,0,0,0,0,0,1,0.0,0.0,0.0%,LB,2017
206,207,Matt Milano,0,0,0.0,0,0,0,0,0,1,0.0,0.0,22.8%,LB,2017
207,208,Harvey Langi,0,0,0.0,0,0,0,0,0,1,0.0,0.0,0.0%,LB,2017
208,209,Jordan Evans,0,0,0.0,0,0,0,0,0,1,0.0,0.0,0.0%,LB,2017
209,210,Justin March-Lillard,0,0,0.0,0,0,0,0,0,1,0.0,0.0,0.0%,LB,2017
210,211,Curtis Grant,0,0,0.0,0,0,0,0,0,1,0.0,0.0,0.0%,LB,2017
211,212,David Mayo,0,0,0.0,0,0,0,0,0,1,0.0,0.0,0.2%,LB,2017
212,213,Bryce Hager,0,0,0.0,0,0,0,0,0,1,0.0,0.0,0.0%,LB,2017
213,214,Frank Clark,2,0,1.0,0,0,0,0,0,1,0.0,0.0,0.0%,LB,2017
214,215,Martrell Spaight,0,0,0.0,0,0,0,0,0,1,0.0,0.0,0.0%,LB,2017
215,216,Dewey McDonald,0,0,0.0,0,0,0,0,0,1,0.0,0.0,0.0%,LB,2017
216,217,Brock Coyle,0,0,0.0,0,0,0,0,0,1,0.0,0.0,0.0%,LB,2017
217,218,Todd Davis,0,0,0.0,0,0,0,0,0,1,0.0,0.0,0.0%,LB,2017
218,219,Zaire Anderson,0,0,0.0,0,0,0,0,0,1,0.0,0.0,0.0%,LB,2017
219,220,D.J. Alexander,0,0,0.0,0,0,0,0,0,1,0.0,0.0,0.0%,LB,2017
220,221,Danielle Hunter,0,4,0.0,0,0,0,0,0,1,0.0,0.0,52.9%,LB,2017
221,222,Landon Collins,6,1,0.0,0,0,0,0,0,1,0.0,0.0,0.0%,LB,2017
222,223,Brian Peters,0,0,0.0,0,0,0,0,0,1,0.0,0.0,0.0%,LB,2017
223,224,Trey Flowers,1,1,0.0,0,0,0,0,0,1,0.0,0.0,0.2%,LB,2017
224,225,Terrance Smith,0,0,0.0,0,0,0,0,0,1,0.0,0.0,0.0%,LB,2017
225,226,Joe Walker,0,0,0.0,0,0,0,0,0,1,0.0,0.0,0.0%,LB,2017
226,227,Jared Norris,0,0,0.0,0,0,0,0,0,1,0.0,0.0,0.0%,LB,2017
227,228,Aaron Wallace,0,0,0.0,0,0,0,0,0,1,0.0,0.0,0.0%,LB,2017
228,229,Jihad Ward,0,0,0.0,0,0,0,0,0,1,0.0,0.0,0.2%,LB,2017
229,230,Kamu Grugier-Hill,0,0,0.0,0,0,0,0,0,1,0.0,0.0,7.2%,LB,2017
230,231,Kyler Fackrell,0,0,0.0,0,0,0,0,0,1,0.0,0.0,0.0%,LB,2017
231,232,Brennan Scarlett,0,0,0.0,0,0,0,0,0,1,0.0,0.0,0.0%,LB,2017
232,233,James Cowser,1,1,0.0,0,0,0,0,0,1,0.0,0.0,0.0%,LB,2017
233,234,Reid Ferguson,0,0,0.0,0,0,0,0,0,1,0.0,0.0,0.0%,LB,2017
234,235,Casey Kreiter,0,0,0.0,0,0,0,0,0,1,0.0,0.0,0.0%,LB,2017
235,236,Garrison Sanborn,0,0,0.0,0,0,0,0,0,1,0.0,0.0,0.0%,LB,2017
236,237,John Denney,0,0,0.0,0,0,0,0,0,1,0.0,0.0,0.0%,LB,2017
237,238,Joe Cardona,0,0,0.0,0,0,0,0,0,1,0.0,0.0,0.0%,LB,2017
238,239,Charley Hughlett,0,0,0.0,0,0,0,0,0,1,0.0,0.0,0.0%,LB,2017
239,240,Morgan Cox,0,0,0.0,0,0,0,0,0,1,0.0,0.0,0.0%,LB,2017
240,241,Brandon King,0,0,0.0,0,0,0,0,0,1,0.0,0.0,0.0%,LB,2017
241,242,Matt Overton,0,0,0.0,0,0,0,0,0,1,0.0,0.0,0.0%,LB,2017
242,243,Jon Weeks,0,0,0.0,0,0,0,0,0,1,0.0,0.0,0.0%,LB,2017
243,244,Joey Bosa,5,0,0.0,0,0,0,0,0,1,0.0,0.0,16.7%,LB,2017
244,245,Carl Nassib,1,0,0.0,0,0,0,0,0,1,0.0,0.0,0.0%,LB,2017
245,246,Jake McQuaide,0,0,0.0,0,0,0,0,0,1,0.0,0.0,0.0%,LB,2017
246,247,Kentrell Brothers,0,0,0.0,0,0,0,0,0,1,0.0,0.0,0.0%,LB,2017
247,248,Dominique Alexander,0,0,0.0,0,0,0,0,0,1,0.0,0.0,3.0%,LB,2017
248,249,Aaron Brewer,0,0,0.0,0,0,0,0,0,1,0.0,0.0,0.0%,LB,2017
249,250,Tyler Ott,0,0,0.0,0,0,0,0,0,1,0.0,0.0,0.0%,LB,2017
250,251,Mike Windt,0,0,0.0,0,0,0,0,0,1,0.0,0.0,0.0%,LB,2017
251,252,Jon Condo,0,0,0.0,0,0,0,0,0,1,0.0,0.0,0.0%,LB,2017
252,253,L.P. LaDouceur,0,0,0.0,0,0,0,0,0,1,0.0,0.0,0.0%,LB,2017
253,254,Nick Sundberg,0,0,0.0,0,0,0,0,0,1,0.0,0.0,0.0%,LB,2017
254,255,JJ Jansen,0,0,0.0,0,0,0,0,0,1,0.0,0.0,0.0%,LB,2017
255,256,Don Muhlbach,0,0,0.0,0,0,0,0,0,1,0.0,0.0,0.0%,LB,2017
256,257,Brett Goode,0,0,0.0,0,0,0,0,0,1,0.0,0.0,0.0%,LB,2017
257,258,Rick Lovato,0,0,0.0,0,0,0,0,0,1,0.0,0.0,0.0%,LB,2017
258,259,Kevin McDermott,0,0,0.0,0,0,0,0,0,1,0.0,0.0,0.0%,LB,2017
259,260,Andrew DePaola,0,0,0.0,0,0,0,0,0,1,0.0,0.0,0.0%,LB,2017
260,261,Josh Harris,0,0,0.0,0,0,0,0,0,1,0.0,0.0,0.0%,LB,2017
