,Rank,Player,Tackle,Assist,Sack,Pass Defended,Interception,Forced Fumble,Fumble Recovery,Defend Touchdown,Games Played,Fantasy Football Points,FTPS/Game,ROST,Position,Year
0,1,Zach Brown,10,3,1.5,0,0,0,0,0,1,33.3,33.3,0.0%,LB,2017
1,2,Lavonte David,12,2,0.0,0,0,1,1,0,1,27.5,27.5,52.4%,LB,2017
2,3,Eric Kendricks,10,3,0.0,0,0,0,0,0,1,27.3,27.3,32.1%,LB,2017
3,4,Christian Kirksey,8,9,0.0,1,0,1,0,0,1,26.8,26.8,0.1%,LB,2017
4,5,Anthony Barr,7,4,1.0,1,0,0,0,0,1,26.5,26.5,0.0%,LB,2017
5,6,Deone Bucannon,11,1,0.0,1,1,0,0,0,1,26.3,26.3,0.0%,LB,2017
6,7,De'Vondre Campbell,7,1,1.0,0,0,1,0,0,1,21.8,21.8,20.9%,LB,2017
7,8,Darron Lee,9,2,0.0,0,0,1,0,0,1,21.5,21.5,0.0%,LB,2017
8,9,Von Miller,5,0,2.0,0,0,0,0,0,1,20.5,20.5,2.5%,LB,2017
9,10,Cameron Wake,3,1,2.5,0,0,0,0,0,1,20.3,20.3,0.0%,LB,2017
10,11,Blake Martinez,12,3,0.0,0,0,0,0,0,1,20.3,20.3,0.0%,LB,2017
11,12,Danny Trevathan,3,1,1.0,2,1,0,0,0,1,19.8,19.8,0.0%,LB,2017
12,13,Anthony Hitchens,8,0,0.0,0,0,0,0,0,1,19.5,19.5,1.0%,LB,2017
13,14,Matt Milano,4,1,0.0,1,1,0,0,0,1,18.3,18.3,22.8%,LB,2017
14,15,Telvin Smith,7,3,0.0,0,0,0,0,0,1,17.8,17.8,0.1%,LB,2017
15,16,Christian Jones,9,2,0.0,0,0,0,0,0,1,17.5,17.5,0.0%,LB,2017
16,17,Avery Williamson,6,8,0.0,0,0,0,0,0,1,17.5,17.5,0.0%,LB,2017
17,18,Antonio Morrison,8,6,0.0,0,0,0,0,0,1,16.5,16.5,0.0%,LB,2017
18,19,C.J. Mosley,6,3,0.0,0,0,0,0,0,1,16.3,16.3,65.7%,LB,2017
19,20,Vic Beasley,4,1,1.0,0,0,0,0,0,1,15.8,15.8,0.0%,LB,2017
20,21,Kyle Van,7,0,0.0,0,0,0,0,0,1,15.5,15.5,8.2%,LB,2017
21,22,Navorro Bowman,6,5,0.0,0,0,0,0,0,1,15.3,15.3,0.1%,LB,2017
22,23,T.J. Watt,5,1,1.0,0,0,0,0,0,1,14.8,14.8,78.9%,LB,2017
23,24,Myles Jack,4,4,1.0,1,0,0,0,0,1,14.5,14.5,0.4%,LB,2017
24,25,Bobby Wagner,6,2,0.0,1,0,0,0,0,1,14.5,14.5,72.4%,LB,2017
25,26,Jamie Collins,3,2,1.0,1,0,0,0,0,1,14.0,14.0,0.0%,LB,2017
26,27,Demario Davis,4,2,1.0,0,0,0,0,0,1,14.0,14.0,22.3%,LB,2017
27,28,Kwon Alexander,6,3,0.0,0,0,0,0,0,1,13.8,13.8,1.1%,LB,2017
28,29,A.J. Klein,6,0,0.0,1,0,0,0,0,1,13.0,13.0,0.0%,LB,2017
29,30,Todd Davis,7,3,0.0,0,0,0,0,0,1,12.8,12.8,0.0%,LB,2017
30,31,Deion Jones,6,5,0.0,0,0,0,0,0,1,12.8,12.8,2.7%,LB,2017
31,32,K.J. Wright,6,5,0.0,0,0,0,0,0,1,12.8,12.8,0.0%,LB,2017
32,33,Sean Lee,5,0,0.0,0,0,0,0,0,1,12.5,12.5,0.0%,LB,2017
33,34,Chandler Jones,4,0,1.0,0,0,0,0,0,1,12.5,12.5,0.5%,LB,2017
34,35,Derrick Johnson,4,3,0.0,1,0,0,0,0,1,12.3,12.3,0.0%,LB,2017
35,36,Ryan Shazier,5,3,0.0,0,0,0,0,0,1,12.3,12.3,0.1%,LB,2017
36,37,Derrick Morgan,2,1,1.5,0,0,0,0,0,1,12.3,12.3,0.0%,LB,2017
37,38,Wesley Woodyard,8,0,0.0,0,0,0,0,0,1,12.0,12.0,0.0%,LB,2017
38,39,Hayes Pullard,8,0,0.0,0,0,0,0,0,1,12.0,12.0,0.0%,LB,2017
39,40,Mason Foster,4,2,0.5,0,0,0,0,0,1,12.0,12.0,0.0%,LB,2017
40,41,Joe Schobert,6,4,0.0,0,0,0,0,0,1,12.0,12.0,0.0%,LB,2017
41,42,Preston Brown,5,6,0.0,0,0,0,0,0,1,12.0,12.0,0.0%,LB,2017
42,43,Jaylon Smith,2,1,1.0,0,0,1,0,0,1,11.8,11.8,0.2%,LB,2017
43,44,Leonard Floyd,3,1,1.0,0,0,0,0,0,1,11.8,11.8,5.4%,LB,2017
44,45,Keenan Robinson,6,3,0.0,0,0,0,0,0,1,11.3,11.3,0.0%,LB,2017
45,46,Matt Longacre,2,0,1.0,0,0,1,0,0,1,11.0,11.0,0.0%,LB,2017
46,47,Josh Martin,2,2,1.0,0,0,0,0,0,1,11.0,11.0,0.0%,LB,2017
47,48,Craig Robertson,5,1,0.0,0,0,0,0,0,1,10.8,10.8,0.0%,LB,2017
48,49,Patrick Onwuasor,5,1,0.0,0,0,0,0,0,1,10.8,10.8,0.0%,LB,2017
49,50,Lorenzo Alexander,6,2,0.0,0,0,0,0,0,1,10.5,10.5,3.0%,LB,2017
50,51,Nick Perry,2,1,1.0,0,0,0,0,0,1,10.3,10.3,0.0%,LB,2017
51,52,Shaq Thompson,4,2,0.0,0,0,0,0,0,1,10.0,10.0,14.8%,LB,2017
52,53,Khalil Mack,2,3,0.5,0,0,0,0,0,1,9.8,9.8,52.8%,LB,2017
53,54,Bud Dupree,1,2,1.0,0,0,0,0,0,1,9.5,9.5,1.3%,LB,2017
54,55,Damien Wilson,2,0,1.0,0,0,0,0,0,1,9.5,9.5,0.0%,LB,2017
55,56,Devon Kennard,4,1,0.0,0,0,0,0,0,1,9.3,9.3,0.0%,LB,2017
56,57,Vincent Rey,4,4,0.0,0,0,0,0,0,1,9.0,9.0,0.0%,LB,2017
57,58,Junior Galette,4,1,0.5,0,0,0,0,0,1,8.8,8.8,0.0%,LB,2017
58,59,Justin Houston,3,0,0.0,1,0,0,0,0,1,8.5,8.5,0.0%,LB,2017
59,60,Nick Vigil,3,5,0.0,0,0,0,0,0,1,8.3,8.3,0.0%,LB,2017
60,61,Mark Barron,1,0,0.0,1,1,0,0,0,1,8.0,8.0,0.0%,LB,2017
61,62,Pernell McPhee,1,0,1.0,0,0,0,0,0,1,8.0,8.0,0.0%,LB,2017
62,63,Kendell Beckwith,3,1,0.0,0,0,0,0,0,1,7.8,7.8,0.0%,LB,2017
63,64,Reuben Foster,2,3,0.0,0,0,0,0,0,1,7.8,7.8,1.2%,LB,2017
64,65,Preston Smith,5,0,0.0,0,0,0,0,0,1,7.5,7.5,11.1%,LB,2017
65,66,Ray-Ray Armstrong,5,0,0.0,0,0,0,0,0,1,7.5,7.5,0.0%,LB,2017
66,67,Brandon Marshall,3,4,0.0,0,0,0,0,0,1,7.5,7.5,0.0%,LB,2017
67,68,Lawrence Timmons,3,0,0.0,0,0,0,0,0,1,7.0,7.0,0.1%,LB,2017
68,69,Nigel Bradham,3,0,0.0,0,0,0,0,0,1,7.0,7.0,0.0%,LB,2017
69,70,Nicholas Morrow,4,1,0.0,0,0,0,0,0,1,6.8,6.8,4.9%,LB,2017
70,71,Jatavis Brown,1,1,0.0,0,0,0,1,0,1,6.3,6.3,0.1%,LB,2017
71,72,Clay Matthews,2,1,0.0,0,0,0,0,0,1,6.3,6.3,0.0%,LB,2017
72,73,Zaire Anderson,4,0,0.0,0,0,0,0,0,1,6.0,6.0,0.0%,LB,2017
73,74,Terrell Suggs,3,2,0.0,0,0,0,0,0,1,6.0,6.0,0.0%,LB,2017
74,75,Curtis Grant,3,2,0.0,0,0,0,0,0,1,6.0,6.0,0.0%,LB,2017
75,76,Kiko Alonso,4,0,0.0,0,0,0,0,0,1,6.0,6.0,0.0%,LB,2017
76,77,Kyle Emanuel,3,0,0.0,1,0,0,0,0,1,6.0,6.0,0.0%,LB,2017
77,78,Najee Goode,4,0,0.0,0,0,0,0,0,1,6.0,6.0,0.0%,LB,2017
78,79,Brian Orakpo,1,3,0.5,0,0,0,0,0,1,5.8,5.8,0.0%,LB,2017
79,80,Jeremiah Attaochu,2,0,0.0,0,0,0,0,0,1,5.5,5.5,0.0%,LB,2017
80,81,Barkevious Mingo,3,1,0.0,0,0,0,0,0,1,5.3,5.3,6.0%,LB,2017
81,82,B.J. Goodson,3,1,0.0,0,0,0,0,0,1,5.3,5.3,0.1%,LB,2017
82,83,Alec Ogletree,2,1,0.0,1,0,0,0,0,1,5.3,5.3,2.0%,LB,2017
83,84,Jayon Brown,2,2,0.0,0,0,0,0,0,1,4.5,4.5,2.0%,LB,2017
84,85,Jon Bostic,2,2,0.0,0,0,0,0,0,1,4.5,4.5,0.0%,LB,2017
85,86,Vontaze Burfict,2,2,0.0,0,0,0,0,0,1,4.5,4.5,0.0%,LB,2017
86,87,David Mayo,3,0,0.0,0,0,0,0,0,1,4.5,4.5,0.2%,LB,2017
87,88,Elvis Dumervil,1,0,0.0,0,0,0,0,0,1,4.0,4.0,0.0%,LB,2017
88,89,David Harris,2,1,0.0,0,0,0,0,0,1,3.8,3.8,4.0%,LB,2017
89,90,Ben Gedeon,2,1,0.0,0,0,0,0,0,1,3.8,3.8,0.0%,LB,2017
90,91,Rey Maualuga,2,1,0.0,0,0,0,0,0,1,3.8,3.8,0.0%,LB,2017
91,92,Sam Acho,2,1,0.0,0,0,0,0,0,1,3.8,3.8,0.0%,LB,2017
92,93,Vince Williams,2,0,0.0,0,0,0,0,0,1,3.0,3.0,0.1%,LB,2017
93,94,Karlos Dansby,2,0,0.0,0,0,0,0,0,1,3.0,3.0,0.1%,LB,2017
94,95,Manti Te'o,1,1,0.0,0,0,0,0,0,1,2.3,2.3,0.1%,LB,2017
95,96,Matthew Judon,1,1,0.0,0,0,0,0,0,1,2.3,2.3,16.8%,LB,2017
96,97,Korey Toomer,0,3,0.0,0,0,0,0,0,1,2.3,2.3,0.0%,LB,2017
97,98,Kevin Minter,1,1,0.0,0,0,0,0,0,1,2.3,2.3,0.0%,LB,2017
98,99,Kyler Fackrell,1,1,0.0,0,0,0,0,0,1,2.3,2.3,0.0%,LB,2017
99,100,Jordan Willis,1,0,0.0,0,0,0,0,0,1,1.5,1.5,1.0%,LB,2017
100,101,Jordan Jenkins,0,2,0.0,0,0,0,0,0,1,1.5,1.5,0.0%,LB,2017
101,102,David Bass,0,2,0.0,0,0,0,0,0,1,1.5,1.5,0.0%,LB,2017
102,103,Kareem Martin,1,0,0.0,0,0,0,0,0,1,1.5,1.5,0.0%,LB,2017
103,104,John Simon,1,0,0.0,0,0,0,0,0,1,1.5,1.5,0.0%,LB,2017
104,105,Thomas Davis,1,0,0.0,0,0,0,0,0,1,1.5,1.5,0.0%,LB,2017
105,106,Eli Harold,1,0,0.0,0,0,0,0,0,1,1.5,1.5,0.0%,LB,2017
106,107,Brock Coyle,1,0,0.0,0,0,0,0,0,1,1.5,1.5,0.0%,LB,2017
107,108,Dekoda Watson,1,0,0.0,0,0,0,0,0,1,1.5,1.5,0.0%,LB,2017
108,109,Duke Riley,1,0,0.0,0,0,0,0,0,1,1.5,1.5,4.0%,LB,2017
109,110,Cory Littleton,0,0,0.0,1,0,0,0,0,1,1.5,1.5,0.0%,LB,2017
110,111,Dee Ford,1,0,0.0,0,0,0,0,0,1,1.5,1.5,0.0%,LB,2017
111,112,Kyle Wilber,1,0,0.0,0,0,0,0,0,1,1.5,1.5,0.0%,LB,2017
112,113,Anthony Chickillo,0,0,0.0,1,0,0,0,0,1,1.5,1.5,0.0%,LB,2017
113,114,Josh Bynes,0,0,0.0,1,0,0,0,0,1,1.5,1.5,0.0%,LB,2017
114,115,Dont'a Hightower,1,0,0.0,0,0,0,0,0,1,1.5,1.5,1.0%,LB,2017
115,116,Robert Quinn,1,0,0.0,0,0,0,0,0,1,1.5,1.5,1.2%,LB,2017
116,117,Shaquil Barrett,1,0,0.0,0,0,0,0,0,1,1.5,1.5,8.4%,LB,2017
117,118,Za'Darius Smith,0,1,0.0,0,0,0,0,0,1,0.8,0.8,5.4%,LB,2017
118,119,Kevin Pierre-Louis,0,1,0.0,0,0,0,0,0,1,0.8,0.8,0.0%,LB,2017
119,120,Frank Zombo,0,1,0.0,0,0,0,0,0,1,0.8,0.8,3.0%,LB,2017
120,121,Nate Orchard,0,1,0.0,0,0,0,0,0,1,0.8,0.8,0.0%,LB,2017
121,122,Jake Ryan,0,1,0.0,0,0,0,0,0,1,0.8,0.8,0.0%,LB,2017
122,123,Hardy Nickerson,0,0,0.0,0,0,0,0,0,1,0.0,0.0,0.0%,LB,2017
123,124,Nate Palmer,0,0,0.0,0,0,0,0,0,1,0.0,0.0,0.0%,LB,2017
124,125,Gerald Hodges,0,0,0.0,0,0,0,0,0,1,0.0,0.0,0.0%,LB,2017
125,126,Michael Mauti,0,0,0.0,0,0,0,0,0,1,0.0,0.0,0.0%,LB,2017
126,127,Kemal Ishmael,7,2,0.0,0,0,0,0,0,1,0.0,0.0,0.0%,LB,2017
127,128,Daren Bates,0,0,0.0,0,0,0,0,0,1,0.0,0.0,0.0%,LB,2017
128,129,Terence Garvin,0,0,0.0,0,0,0,0,0,1,0.0,0.0,0.0%,LB,2017
129,130,Ryan Davis,3,0,1.0,0,0,1,0,0,1,0.0,0.0,0.0%,LB,2017
130,131,Lerentee McCray,0,0,0.0,0,0,0,0,0,1,0.0,0.0,4.0%,LB,2017
131,132,Michael Wilhoite,0,0,0.0,0,0,0,0,0,1,0.0,0.0,0.0%,LB,2017
132,133,Melvin Ingram,3,0,1.0,0,0,0,0,0,1,0.0,0.0,0.0%,LB,2017
133,134,Andre Branch,1,1,0.0,0,0,0,0,0,1,0.0,0.0,0.0%,LB,2017
134,135,Courtney Upshaw,0,0,0.0,0,0,0,0,0,1,0.0,0.0,0.0%,LB,2017
135,136,Bruce Irvin,1,3,0.0,0,0,0,0,0,1,0.0,0.0,0.2%,LB,2017
136,137,Julian Stanford,0,0,0.0,0,0,0,0,0,1,0.0,0.0,0.0%,LB,2017
137,138,L.J. Fort,0,0,0.0,0,0,0,0,0,1,0.0,0.0,0.0%,LB,2017
138,139,Steven Johnson,0,0,0.0,0,0,0,0,0,1,0.0,0.0,0.0%,LB,2017
139,140,Emmanuel Lamur,0,0,0.0,0,0,0,0,0,1,0.0,0.0,0.0%,LB,2017
140,141,Ben Jacobs,0,0,0.0,0,0,0,0,0,1,0.0,0.0,0.0%,LB,2017
141,142,Adarius Taylor,0,0,0.0,0,0,0,0,0,1,0.0,0.0,0.0%,LB,2017
142,143,Kasim Edebali,0,0,0.0,0,0,0,0,0,1,0.0,0.0,0.0%,LB,2017
143,144,Justin Anderson,0,0,0.0,0,0,0,0,0,1,0.0,0.0,0.0%,LB,2017
144,145,Will Compton,0,0,0.0,0,0,0,0,0,1,0.0,0.0,0.0%,LB,2017
145,146,Marquis Flowers,0,0,0.0,0,0,0,0,0,1,0.0,0.0,0.0%,LB,2017
146,147,Chris Smith,0,0,0.0,0,0,0,0,0,1,0.0,0.0,0.0%,LB,2017
147,148,Marcus Smith,0,0,0.0,0,0,0,0,0,1,0.0,0.0,0.0%,LB,2017
148,149,Cassius Marsh,0,0,0.0,0,0,0,0,0,1,0.0,0.0,1.0%,LB,2017
149,150,Jeremiah George,0,0,0.0,0,0,0,0,0,1,0.0,0.0,0.0%,LB,2017
150,151,Deon Lacey,0,0,0.0,0,0,0,0,0,1,0.0,0.0,0.0%,LB,2017
151,152,James Harrison,0,0,0.0,0,0,0,0,0,1,0.0,0.0,0.0%,LB,2017
152,153,Andrew Gachkar,0,0,0.0,0,0,0,0,0,1,0.0,0.0,0.0%,LB,2017
153,154,Brooks Reed,1,1,0.0,0,0,0,0,0,1,0.0,0.0,0.0%,LB,2017
154,155,Bruce Carter,0,0,0.0,0,0,0,0,0,1,0.0,0.0,0.0%,LB,2017
155,156,Chris Carter,0,0,0.0,0,0,0,0,0,1,0.0,0.0,0.0%,LB,2017
156,157,Jason Pierre-Paul,3,1,0.0,0,0,0,0,0,1,0.0,0.0,0.0%,LB,2017
157,158,Connor Barwin,0,0,0.0,0,0,0,0,0,1,0.0,0.0,0.0%,LB,2017
158,159,Brandon Williams,0,0,0.0,0,0,0,0,0,1,0.0,0.0,0.0%,LB,2017
159,160,Zak DeOssie,0,0,0.0,0,0,0,0,0,1,0.0,0.0,0.0%,LB,2017
160,161,Paul Posluszny,0,0,0.0,0,0,0,0,0,1,0.0,0.0,4.7%,LB,2017
161,162,Chris Long,2,0,0.0,0,0,0,0,0,1,0.0,0.0,0.0%,LB,2017
162,163,Erik Walden,0,0,0.0,0,0,0,0,0,1,0.0,0.0,0.0%,LB,2017
163,164,Donald Payne,0,0,0.0,0,0,0,0,0,1,0.0,0.0,0.0%,LB,2017
164,165,B.J. Bello,0,0,0.0,0,0,0,0,0,1,0.0,0.0,0.0%,LB,2017
165,166,Chase Allen,0,0,0.0,0,0,0,0,0,1,0.0,0.0,0.0%,LB,2017
166,167,Thomas Hennessy,0,0,0.0,0,0,0,0,0,1,0.0,0.0,0.0%,LB,2017
167,168,Jerrol Garcia-Williams,0,0,0.0,0,0,0,0,0,1,0.0,0.0,0.0%,LB,2017
168,169,Eric Wilson,0,0,0.0,0,0,0,0,0,1,0.0,0.0,0.5%,LB,2017
169,170,Elijah Lee,0,0,0.0,0,0,0,0,0,1,0.0,0.0,0.0%,LB,2017
170,171,Samson Ebukam,0,0,0.0,0,0,0,0,0,1,0.0,0.0,8.7%,LB,2017
171,172,Nigel Harris,0,0,0.0,0,0,0,0,0,1,0.0,0.0,0.0%,LB,2017
172,173,Chris Odom,0,1,0.0,0,0,0,0,0,1,0.0,0.0,1.0%,LB,2017
173,174,Xavier Woodson,0,0,0.0,0,0,0,0,0,1,0.0,0.0,0.0%,LB,2017
174,175,Isaiah Irving,0,0,0.0,0,0,0,0,0,1,0.0,0.0,0.0%,LB,2017
175,176,Jermaine Grace,0,0,0.0,0,0,0,0,0,1,0.0,0.0,1.1%,LB,2017
176,177,Darnell Sankey,0,0,0.0,0,0,0,0,0,1,0.0,0.0,0.0%,LB,2017
177,178,Taybor Pepper,0,0,0.0,0,0,0,0,0,1,0.0,0.0,0.0%,LB,2017
178,179,Takk McKinley,0,0,0.0,0,0,0,0,0,1,0.0,0.0,1.1%,LB,2017
179,180,Luke Rhodes,0,0,0.0,0,0,0,0,0,1,0.0,0.0,0.0%,LB,2017
180,181,Kameron Canaday,0,0,0.0,0,0,0,0,0,1,0.0,0.0,0.0%,LB,2017
181,182,Haason Reddick,1,0,0.0,0,0,0,0,0,1,0.0,0.0,17.6%,LB,2017
182,183,Ryan Anderson,0,0,0.0,0,0,0,0,0,1,0.0,0.0,0.0%,LB,2017
183,184,James Onwualu,0,0,0.0,0,0,0,0,0,1,0.0,0.0,0.0%,LB,2017
184,185,Dawuane Smoot,0,1,0.0,0,0,0,0,0,1,0.0,0.0,0.4%,LB,2017
185,186,Jamal Carter,0,0,0.0,0,0,0,0,0,1,0.0,0.0,0.0%,LB,2017
186,187,Tanoh Kpassagnon,0,0,0.0,0,0,0,0,0,1,0.0,0.0,0.0%,LB,2017
187,188,Ukeme Eligwe,0,0,0.0,0,0,0,0,0,1,0.0,0.0,0.0%,LB,2017
188,189,Nate Gerry,0,0,0.0,0,0,0,0,0,1,0.0,0.0,0.0%,LB,2017
189,190,Avery Moss,2,1,0.0,0,0,1,0,0,1,0.0,0.0,0.0%,LB,2017
190,191,Blair Brown,0,0,0.0,0,0,0,0,0,1,0.0,0.0,1.0%,LB,2017
191,192,Tyus Bowser,0,0,0.0,0,0,0,0,0,1,0.0,0.0,0.7%,LB,2017
192,193,Tanner Vallejo,0,0,0.0,0,0,0,0,0,1,0.0,0.0,0.0%,LB,2017
193,194,Jordan Evans,0,0,0.0,0,0,0,0,0,1,0.0,0.0,0.0%,LB,2017
194,195,Nick Dzubnar,0,0,0.0,0,0,0,0,0,1,0.0,0.0,0.0%,LB,2017
195,196,Jonathan Anderson,0,0,0.0,0,0,0,0,0,1,0.0,0.0,0.0%,LB,2017
196,197,Josh Keyes,0,0,0.0,0,0,0,0,0,1,0.0,0.0,0.0%,LB,2017
197,198,Bryce Hager,0,0,0.0,0,0,0,0,0,1,0.0,0.0,0.0%,LB,2017
198,199,Frank Clark,0,1,0.0,0,0,0,1,0,1,0.0,0.0,0.0%,LB,2017
199,200,Mike Hull,0,0,0.0,0,0,0,0,0,1,0.0,0.0,0.0%,LB,2017
200,201,Justin March-Lillard,0,0,0.0,0,0,0,0,0,1,0.0,0.0,0.0%,LB,2017
201,202,Cameron Lynch,0,0,0.0,0,0,0,0,0,1,0.0,0.0,0.0%,LB,2017
202,203,Landon Collins,4,1,0.0,0,0,0,1,0,1,0.0,0.0,0.0%,LB,2017
203,204,D.J. Alexander,0,0,0.0,0,0,0,0,0,1,0.0,0.0,0.0%,LB,2017
204,205,Jordan Hicks,0,0,0.0,0,0,0,0,0,1,0.0,0.0,29.9%,LB,2017
205,206,Martrell Spaight,0,0,0.0,0,0,0,0,0,1,0.0,0.0,0.0%,LB,2017
206,207,Danielle Hunter,1,1,1.0,0,0,0,0,0,1,0.0,0.0,52.9%,LB,2017
207,208,Trey Flowers,6,1,0.0,0,0,0,0,0,1,0.0,0.0,0.2%,LB,2017
208,209,Terrance Smith,0,0,0.0,0,0,0,0,0,1,0.0,0.0,0.0%,LB,2017
209,210,Joe Walker,0,0,0.0,0,0,0,0,0,1,0.0,0.0,0.0%,LB,2017
210,211,Devante Bond,0,0,0.0,0,0,0,0,0,1,0.0,0.0,0.0%,LB,2017
211,212,Jared Norris,0,0,0.0,0,0,0,0,0,1,0.0,0.0,0.0%,LB,2017
212,213,Kamu Grugier-Hill,0,0,0.0,0,0,0,0,0,1,0.0,0.0,7.2%,LB,2017
213,214,James Cowser,0,0,0.0,0,0,0,0,0,1,0.0,0.0,0.0%,LB,2017
214,215,Deon King,0,0,0.0,0,0,0,0,0,1,0.0,0.0,0.0%,LB,2017
215,216,Reid Ferguson,0,0,0.0,0,0,0,0,0,1,0.0,0.0,0.0%,LB,2017
216,217,Casey Kreiter,0,0,0.0,0,0,0,0,0,1,0.0,0.0,0.0%,LB,2017
217,218,Garrison Sanborn,0,0,0.0,0,0,0,0,0,1,0.0,0.0,0.0%,LB,2017
218,219,John Denney,0,0,0.0,0,0,0,0,0,1,0.0,0.0,0.0%,LB,2017
219,220,Joe Cardona,0,0,0.0,0,0,0,0,0,1,0.0,0.0,0.0%,LB,2017
220,221,Charley Hughlett,0,0,0.0,0,0,0,0,0,1,0.0,0.0,0.0%,LB,2017
221,222,Morgan Cox,0,0,0.0,0,0,0,0,0,1,0.0,0.0,0.0%,LB,2017
222,223,Matt Overton,0,0,0.0,0,0,0,0,0,1,0.0,0.0,0.0%,LB,2017
223,224,Jon Condo,0,0,0.0,0,0,0,0,0,1,0.0,0.0,0.0%,LB,2017
224,225,Brandon King,0,0,0.0,0,0,0,0,0,1,0.0,0.0,0.0%,LB,2017
225,226,Mike Windt,0,0,0.0,0,0,0,0,0,1,0.0,0.0,0.0%,LB,2017
226,227,Kentrell Brothers,0,0,0.0,0,0,0,0,0,1,0.0,0.0,0.0%,LB,2017
227,228,Carl Nassib,0,0,0.0,0,0,0,0,0,1,0.0,0.0,0.0%,LB,2017
228,229,Scooby Wright,0,0,0.0,0,0,0,0,0,1,0.0,0.0,0.0%,LB,2017
229,230,Bronson Kaufusi,0,2,0.0,0,0,0,0,0,1,0.0,0.0,0.0%,LB,2017
230,231,Tyler Matakevich,0,0,0.0,0,0,0,0,0,1,0.0,0.0,0.0%,LB,2017
231,232,Kamalei Correa,0,0,0.0,0,0,0,0,0,1,0.0,0.0,0.0%,LB,2017
232,233,Reggie Ragland,0,0,0.0,0,0,0,0,0,1,0.0,0.0,0.0%,LB,2017
233,234,Shilique Calhoun,0,0,0.0,0,0,0,0,0,1,0.0,0.0,0.0%,LB,2017
234,235,L.P. LaDouceur,0,0,0.0,0,0,0,0,0,1,0.0,0.0,0.0%,LB,2017
235,236,Rick Lovato,0,0,0.0,0,0,0,0,0,1,0.0,0.0,0.0%,LB,2017
236,237,Tyler Ott,0,0,0.0,0,0,0,0,0,1,0.0,0.0,0.0%,LB,2017
237,238,Nick Sundberg,0,0,0.0,0,0,0,0,0,1,0.0,0.0,0.0%,LB,2017
238,239,Kevin McDermott,0,0,0.0,0,0,0,0,0,1,0.0,0.0,0.0%,LB,2017
239,240,Joey Bosa,2,0,2.0,1,0,0,0,0,1,0.0,0.0,16.7%,LB,2017
240,241,Andrew DePaola,0,0,0.0,0,0,0,0,0,1,0.0,0.0,0.0%,LB,2017
241,242,Josh Harris,0,0,0.0,0,0,0,0,0,1,0.0,0.0,0.0%,LB,2017
242,243,JJ Jansen,0,0,0.0,0,0,0,0,0,1,0.0,0.0,0.0%,LB,2017
243,244,Justin Drescher,0,0,0.0,0,0,0,0,0,1,0.0,0.0,0.0%,LB,2017
244,245,Jake McQuaide,0,0,0.0,0,0,0,0,0,1,0.0,0.0,0.0%,LB,2017
