,Rank,Player,Pass Completions,Pass Attempts,Pass Completion/Attempts,Passing Yards,Passsing Yards/Attempt,Passing Touchdowns,Interception,Sacks,Rushing Attempts,Rushing Yards,Rushing Touchdown,Fumbles,Games Played,Fantasy Football Points,FTPS/Game,ROST,Position,Year
0,1,Carson Wentz,17,25,68.0,268,10.7,4,1,3,8,63,0,0,1,31.0,31.0,0.7%,QB,2017
1,2,Derek Carr,29,52,55.8,417,8.0,3,0,0,1,15,0,0,1,30.2,30.2,25.1%,QB,2017
2,3,Dak Prescott,16,25,64.0,234,9.4,3,0,0,4,26,1,0,1,30.0,30.0,96.4%,QB,2017
3,4,Russell Wilson,27,39,69.2,334,8.6,3,0,1,2,10,0,0,1,26.4,26.4,30.7%,QB,2017
4,5,Alex Smith,25,36,69.4,342,9.5,3,0,1,1,0,0,0,1,25.7,25.7,5.0%,QB,2017
5,6,Josh McCown,17,27,63.0,209,7.7,3,1,3,3,1,1,0,1,24.5,24.5,0.0%,QB,2017
6,7,Kirk Cousins,30,40,75.0,303,7.6,3,1,4,3,18,0,0,1,23.9,23.9,38.6%,QB,2017
7,8,Jameis Winston,32,44,72.7,384,8.7,3,1,1,1,0,0,1,1,23.4,23.4,0.7%,QB,2017
8,9,Tyrod Taylor,20,33,60.6,268,8.1,1,0,1,6,53,0,0,1,20.0,20.0,2.7%,QB,2017
9,10,Drew Brees,27,38,71.1,331,8.7,1,2,1,5,-1,1,0,1,19.1,19.1,35.7%,QB,2017
10,11,Jared Goff,22,37,59.5,235,6.4,1,1,1,2,13,1,0,1,18.7,18.7,70.8%,QB,2017
11,12,Tom Brady,21,29,72.4,249,8.6,2,0,2,5,5,0,0,1,18.5,18.5,2.7%,QB,2017
12,13,Matt Ryan,23,33,69.7,233,7.1,1,0,1,3,37,0,0,1,17.0,17.0,0.1%,QB,2017
13,14,Ben Roethlisberger,14,24,58.3,224,9.3,2,0,0,3,-3,0,0,1,16.7,16.7,13.6%,QB,2017
14,15,Blake Bortles,18,26,69.2,330,12.7,1,0,1,4,11,0,1,1,16.3,16.3,0.0%,QB,2017
15,16,Philip Rivers,15,26,57.7,183,7.0,2,0,3,0,0,0,0,1,15.3,15.3,20.6%,QB,2017
16,17,C.J. Beathard,22,38,57.9,235,6.2,0,0,5,5,30,1,2,1,14.4,14.4,1.0%,QB,2017
17,18,Matt Moore,13,21,61.9,188,9.0,2,1,1,0,0,0,0,1,13.5,13.5,0.0%,QB,2017
18,19,Brett Hundley,12,25,48.0,87,3.5,0,1,1,3,44,1,0,1,11.9,11.9,0.0%,QB,2017
19,20,Jay Cutler,12,16,75.0,138,8.6,2,1,2,0,0,0,0,1,11.5,11.5,0.2%,QB,2017
20,21,Joe Flacco,27,39,69.2,186,4.8,1,0,5,1,0,0,0,1,11.4,11.4,17.3%,QB,2017
21,22,Jacoby Brissett,22,37,59.5,200,5.4,0,0,10,5,31,0,0,1,11.1,11.1,1.3%,QB,2017
22,23,Andy Dalton,17,30,56.7,140,4.7,2,2,4,3,8,0,0,1,10.4,10.4,0.1%,QB,2017
23,24,Marcus Mariota,21,34,61.8,203,6.0,0,0,2,1,8,0,0,1,8.9,8.9,3.2%,QB,2017
24,25,Cam Newton,21,34,61.8,211,6.2,0,2,5,9,50,0,1,1,7.4,7.4,9.1%,QB,2017
25,26,Eli Manning,19,39,48.7,134,3.4,1,0,1,0,0,0,1,1,7.4,7.4,2.3%,QB,2017
26,27,Case Keenum,20,31,64.5,188,6.1,0,1,0,1,9,0,0,1,6.4,6.4,0.6%,QB,2017
27,28,Trevor Siemian,25,35,71.4,207,5.9,0,1,5,2,14,0,1,1,5.7,5.7,0.0%,QB,2017
28,29,Mitchell Trubisky,4,7,57.1,107,15.3,0,0,4,5,3,0,0,1,4.6,4.6,1.1%,QB,2017
29,30,Carson Palmer,10,18,55.6,122,6.8,0,1,1,0,0,0,0,1,2.9,2.9,5.6%,QB,2017
30,31,Cody Kessler,10,19,52.6,121,6.4,0,1,2,1,-1,0,0,1,2.7,2.7,0.1%,QB,2017
31,32,Cooper Rush,1,2,50.0,2,1.0,0,0,0,2,13,0,0,1,1.4,1.4,0.2%,QB,2017
32,33,Drew Stanton,5,14,35.7,66,4.7,0,1,2,1,4,0,0,1,1.0,1.0,0.0%,QB,2017
33,34,DeShone Kizer,12,20,60.0,114,5.7,0,2,0,0,0,0,0,1,0.6,0.6,0.0%,QB,2017
34,35,Joe Webb,0,0,0.0,0,0.0,0,0,0,0,0,0,0,1,0.0,0.0,0.0%,QB,2017
35,36,Sean Mannion,0,0,0.0,0,0.0,0,0,0,1,-1,0,0,1,-0.1,-0.1,0.0%,QB,2017
36,37,Austin Davis,0,0,0.0,0,0.0,0,0,0,1,-1,0,0,1,-0.1,-0.1,0.0%,QB,2017
