,Rank,Player,Rushing Attempts,Rushing Yards,Rushing Yards/Attempts,Longest Rushing,Rushing 20+,Rushing Touchdown,Recptions,TGT,Receiving Yards,Receiving Yards/Reception,Receiving Touchdowns,Fumbles,Games Played,Fantasy Football Points,FTPS/Game,ROST,Position,Year
0,1,Le'Veon Bell,13,48,3.7,11,0,2,9,10,77,8.6,1,0,1,30.5,30.5,0.2%,RB,2017
1,2,Jonathan Stewart,16,103,6.4,60,0,3,0,1,0,0.0,0,0,1,28.3,28.3,0.0%,RB,2017
2,3,Rod Smith,6,47,7.8,15,0,1,5,5,113,22.6,1,0,1,28.0,28.0,0.0%,RB,2017
3,4,Jordan Howard,23,147,6.4,21,1,2,1,2,8,8.0,0,0,1,27.5,27.5,0.0%,RB,2017
4,5,Todd Gurley,13,96,7.4,30,1,2,3,5,39,13.0,0,0,1,25.5,25.5,0.1%,RB,2017
5,6,Jamaal Williams,15,49,3.3,12,0,1,7,7,69,9.9,1,0,1,23.8,23.8,10.3%,RB,2017
6,7,Alex Collins,18,120,6.7,21,1,1,2,2,46,23.0,0,0,1,22.6,22.6,19.0%,RB,2017
7,8,LeSean McCoy,32,156,4.9,25,3,1,0,0,0,0.0,0,0,1,21.6,21.6,2.0%,RB,2017
8,9,Theo Riddick,10,29,2.9,18,0,2,6,10,64,10.7,0,0,1,21.3,21.3,0.0%,RB,2017
9,10,Kareem Hunt,25,116,4.6,17,0,1,3,3,22,7.3,0,0,1,19.8,19.8,27.3%,RB,2017
10,11,Kenyan Drake,25,114,4.6,31,1,0,5,6,79,15.8,0,0,1,19.3,19.3,0.0%,RB,2017
11,12,Leonard Fournette,24,101,4.2,15,0,1,4,6,18,4.5,0,0,1,17.9,17.9,2.1%,RB,2017
12,13,Javorius Allen,6,25,4.2,9,0,2,2,2,32,16.0,0,0,1,17.7,17.7,0.1%,RB,2017
13,14,Devonta Freeman,24,91,3.8,19,0,1,0,0,0,0.0,0,0,1,15.1,15.1,0.0%,RB,2017
14,15,Melvin Gordon,22,78,3.5,10,0,1,1,3,5,5.0,0,0,1,14.3,14.3,0.0%,RB,2017
15,16,Frank Gore,36,130,3.6,10,0,0,1,1,10,10.0,0,0,1,14.0,14.0,12.1%,RB,2017
16,17,Carlos Hyde,14,78,5.6,31,0,1,0,1,0,0.0,0,0,1,13.8,13.8,0.0%,RB,2017
17,18,Isaiah Crowell,19,121,6.4,37,0,0,3,3,10,3.3,0,0,1,13.1,13.1,0.1%,RB,2017
18,19,Giovani Bernard,11,62,5.6,21,1,0,6,8,68,11.3,0,0,1,13.0,13.0,0.0%,RB,2017
19,20,Marshawn Lynch,7,61,8.7,27,2,1,1,2,3,3.0,0,0,1,12.4,12.4,0.3%,RB,2017
20,21,Rex Burkhead,5,8,1.6,3,0,1,5,5,45,9.0,0,0,1,11.3,11.3,10.0%,RB,2017
21,22,Duke Johnson,6,8,1.3,6,0,0,4,4,41,10.3,1,0,1,10.9,10.9,0.0%,RB,2017
22,23,Wayne Gallman,12,59,4.9,13,0,0,7,9,40,5.7,0,0,1,9.9,9.9,0.0%,RB,2017
23,24,Mark Ingram,12,49,4.1,14,0,0,4,5,43,10.8,0,0,1,9.2,9.2,0.1%,RB,2017
24,25,Doug Martin,10,26,2.6,7,0,1,2,3,24,12.0,0,1,1,9.0,9.0,0.0%,RB,2017
25,26,Kerwynn Williams,20,73,3.7,18,0,0,1,1,15,15.0,0,0,1,8.8,8.8,0.0%,RB,2017
26,27,Alfred Morris,19,62,3.3,9,0,0,3,3,23,7.7,0,0,1,8.5,8.5,0.0%,RB,2017
27,28,Tarik Cohen,12,80,6.7,29,1,0,2,2,5,2.5,0,0,1,8.5,8.5,0.0%,RB,2017
28,29,Charcandrick West,3,25,8.3,13,0,1,0,2,0,0.0,0,0,1,8.5,8.5,0.0%,RB,2017
29,30,Jay Ajayi,15,78,5.2,19,0,0,1,2,2,2.0,0,0,1,8.0,8.0,7.0%,RB,2017
30,31,Derrick Henry,8,20,2.5,9,0,1,0,0,0,0.0,0,0,1,8.0,8.0,99.4%,RB,2017
31,32,C.J. Anderson,22,48,2.2,7,0,0,2,2,25,12.5,0,0,1,7.3,7.3,1.0%,RB,2017
32,33,James White,0,0,0.0,0,0,0,3,4,11,3.7,1,0,1,7.1,7.1,0.1%,RB,2017
33,34,Dion Lewis,5,17,3.4,11,0,0,5,5,50,10.0,0,0,1,6.7,6.7,2.0%,RB,2017
34,35,Patrick Ricard,0,0,0.0,0,0,0,1,1,6,6.0,1,0,1,6.6,6.6,0.1%,RB,2017
35,36,Mike Davis,15,66,4.4,21,1,0,1,2,-1,-1.0,0,0,1,6.5,6.5,1.0%,RB,2017
36,37,Kyle Juszczyk,0,0,0.0,0,0,0,3,4,64,21.3,0,0,1,6.4,6.4,0.9%,RB,2017
37,38,Peyton Barber,12,58,4.8,16,0,0,1,1,5,5.0,0,0,1,6.3,6.3,1.0%,RB,2017
38,39,Roosevelt Nix,0,0,0.0,0,0,0,1,1,1,1.0,1,0,1,6.1,6.1,0.0%,RB,2017
39,40,Andy Janovich,1,1,1.0,1,0,1,0,0,0,0.0,0,0,1,6.1,6.1,0.0%,RB,2017
40,41,Lamar Miller,17,53,3.1,11,0,0,2,2,7,3.5,0,0,1,6.0,6.0,0.0%,RB,2017
41,42,Jerick McKinnon,7,46,6.6,17,0,0,2,3,9,4.5,0,0,1,5.5,5.5,16.2%,RB,2017
42,43,Christian McCaffrey,8,35,4.4,8,0,0,3,4,18,6.0,0,0,1,5.3,5.3,100.0%,RB,2017
43,44,Samaje Perine,17,45,2.6,10,0,0,4,4,7,1.8,0,0,1,5.2,5.2,12.7%,RB,2017
44,45,Corey Clement,6,24,4.0,11,0,0,1,3,28,28.0,0,0,1,5.2,5.2,0.0%,RB,2017
45,46,Austin Ekeler,4,49,12.3,33,0,0,0,3,0,0.0,0,0,1,4.9,4.9,93.2%,RB,2017
46,47,Chris Ivory,6,48,8.0,34,0,0,0,0,0,0.0,0,0,1,4.8,4.8,0.0%,RB,2017
47,48,DeMarco Murray,11,34,3.1,9,0,0,2,3,13,6.5,0,0,1,4.7,4.7,0.1%,RB,2017
48,49,Shane Vereen,6,23,3.8,9,0,0,3,4,24,8.0,0,0,1,4.7,4.7,0.0%,RB,2017
49,50,Orleans Darkwa,10,29,2.9,6,0,0,2,3,15,7.5,0,0,1,4.4,4.4,0.0%,RB,2017
50,51,Marlon Mack,7,23,3.3,20,1,0,2,3,21,10.5,0,0,1,4.4,4.4,0.0%,RB,2017
51,52,Danny Woodhead,2,7,3.5,7,0,0,4,5,29,7.3,0,0,1,3.6,3.6,20.6%,RB,2017
52,53,Bilal Powell,13,35,2.7,12,0,0,0,0,0,0.0,0,0,1,3.5,3.5,0.0%,RB,2017
53,54,J.D. McKissic,3,15,5.0,9,0,0,5,5,20,4.0,0,0,1,3.5,3.5,0.0%,RB,2017
54,55,Matt Forte,6,13,2.2,5,0,0,2,3,21,10.5,0,0,1,3.4,3.4,19.1%,RB,2017
55,56,Devontae Booker,9,22,2.4,6,0,0,2,2,12,6.0,0,0,1,3.4,3.4,0.0%,RB,2017
56,57,Tevin Coleman,9,32,3.6,9,0,0,0,0,0,0.0,0,0,1,3.2,3.2,0.0%,RB,2017
57,58,Elijhaa Penny,2,11,5.5,9,0,0,1,1,18,18.0,0,0,1,2.9,2.9,0.0%,RB,2017
58,59,Charles Sims,3,16,5.3,11,0,0,2,3,11,5.5,0,0,1,2.7,2.7,0.0%,RB,2017
59,60,Alvin Kamara,1,2,2.0,2,0,0,3,3,25,8.3,0,0,1,2.7,2.7,98.2%,RB,2017
60,61,Matt Breida,12,27,2.3,6,0,0,0,0,0,0.0,0,0,1,2.7,2.7,1.1%,RB,2017
61,62,Andre Williams,7,23,3.3,7,0,0,0,0,0,0.0,0,0,1,2.3,2.3,0.0%,RB,2017
62,63,LeGarrette Blount,7,12,1.7,4,0,0,2,2,11,5.5,0,0,1,2.3,2.3,0.1%,RB,2017
63,64,Andre Ellington,3,6,2.0,7,0,0,1,2,16,16.0,0,0,1,2.2,2.2,0.1%,RB,2017
64,65,Latavius Murray,9,14,1.6,11,0,0,2,2,6,3.0,0,0,1,2.0,2.0,7.6%,RB,2017
65,66,DeAndre Washington,4,9,2.3,9,0,0,1,2,10,10.0,0,0,1,1.9,1.9,11.0%,RB,2017
66,67,Tion Green,5,15,3.0,6,0,0,0,0,0,0.0,0,0,1,1.5,1.5,0.0%,RB,2017
67,68,Benny Cunningham,0,0,0.0,0,0,0,2,2,14,7.0,0,0,1,1.4,1.4,0.0%,RB,2017
68,69,D.J. Foster,2,7,3.5,5,0,0,2,2,6,3.0,0,0,1,1.3,1.3,0.0%,RB,2017
69,70,Jamaal Charles,0,0,0.0,0,0,0,3,3,12,4.0,0,0,1,1.2,1.2,0.1%,RB,2017
70,71,LeShun Daniels,2,12,6.0,8,0,0,0,0,0,0.0,0,0,1,1.2,1.2,0.0%,RB,2017
71,72,Mike Tolbert,6,32,5.3,25,1,0,0,0,0,0.0,0,1,1,1.2,1.2,0.0%,RB,2017
72,73,Brian Hill,2,8,4.0,4,0,0,1,1,2,2.0,0,0,1,1.0,1.0,0.0%,RB,2017
73,74,C.J. Ham,0,0,0.0,0,0,0,1,1,9,9.0,0,0,1,0.9,0.9,0.1%,RB,2017
74,75,T.J. Yeldon,2,9,4.5,6,0,0,0,0,0,0.0,0,0,1,0.9,0.9,0.0%,RB,2017
75,76,James Conner,2,6,3.0,6,0,0,0,0,0,0.0,0,0,1,0.6,0.6,91.7%,RB,2017
76,77,Ryan Hewitt,0,0,0.0,0,0,0,1,1,6,6.0,0,0,1,0.6,0.6,0.0%,RB,2017
77,78,Malcolm Brown,1,5,5.0,5,0,0,0,0,0,0.0,0,0,1,0.5,0.5,0.0%,RB,2017
78,79,Keith Smith,0,0,0.0,0,0,0,1,1,3,3.0,0,0,1,0.3,0.3,0.0%,RB,2017
79,80,Derek Watt,1,2,2.0,2,0,0,0,0,0,0.0,0,0,1,0.2,0.2,0.0%,RB,2017
80,81,James Develin,0,0,0.0,0,0,0,1,1,2,2.0,0,0,1,0.2,0.2,0.0%,RB,2017
81,82,Travaris Cadet,4,2,0.5,3,0,0,0,0,0,0.0,0,0,1,0.2,0.2,0.0%,RB,2017
82,83,Danny Vitale,0,0,0.0,0,0,0,1,1,1,1.0,0,0,1,0.1,0.1,0.0%,RB,2017
83,84,Brandon Bolden,0,0,0.0,0,0,0,0,0,0,0.0,0,0,1,0.0,0.0,0.0%,RB,2017
84,85,Jordan Todman,0,0,0.0,0,0,0,0,0,0,0.0,0,0,1,0.0,0.0,0.0%,RB,2017
85,86,Jacquizz Rodgers,0,0,0.0,0,0,0,0,0,0,0.0,0,0,1,0.0,0.0,0.0%,RB,2017
86,87,Anthony Sherman,0,0,0.0,0,0,0,0,0,0,0.0,0,0,1,0.0,0.0,0.0%,RB,2017
87,88,Patrick DiMarco,0,0,0.0,0,0,0,0,0,0,0.0,0,0,1,0.0,0.0,0.0%,RB,2017
88,89,Derrick Coleman,0,0,0.0,0,0,0,0,0,0,0.0,0,0,1,0.0,0.0,0.1%,RB,2017
89,90,Zach Line,0,0,0.0,0,0,0,0,0,0,0.0,0,0,1,0.0,0.0,0.0%,RB,2017
90,91,Tommy Bohanon,0,0,0.0,0,0,0,0,0,0,0.0,0,0,1,0.0,0.0,0.0%,RB,2017
91,92,Fozzy Whittaker,0,0,0.0,0,0,0,0,1,0,0.0,0,0,1,0.0,0.0,0.0%,RB,2017
92,93,Kenjon Barner,0,0,0.0,0,0,0,0,0,0,0.0,0,0,1,0.0,0.0,0.0%,RB,2017
93,94,Jay Prosch,0,0,0.0,0,0,0,0,0,0,0.0,0,0,1,0.0,0.0,0.0%,RB,2017
94,95,Jamize Olawale,0,0,0.0,0,0,0,0,0,0,0.0,0,0,1,0.0,0.0,0.0%,RB,2017
95,96,Cordarrelle Patterson,0,0,0.0,0,0,0,3,6,8,2.7,0,0,1,0.0,0.0,1.4%,RB,2017
96,97,Shane Smith,0,0,0.0,0,0,0,0,0,0,0.0,0,0,1,0.0,0.0,0.1%,RB,2017
97,98,Trey Edmunds,0,0,0.0,0,0,0,0,0,0,0.0,0,0,1,0.0,0.0,0.0%,RB,2017
98,99,Matt Dayes,0,0,0.0,0,0,0,0,0,0,0.0,0,0,1,0.0,0.0,0.0%,RB,2017
99,100,Cethan Carter,0,0,0.0,0,0,0,0,0,0,0.0,0,0,1,0.0,0.0,0.0%,RB,2017
100,101,De'Veon Smith,0,0,0.0,0,0,0,0,0,0,0.0,0,0,1,0.0,0.0,0.0%,RB,2017
101,102,Fitzgerald Toussaint,0,0,0.0,0,0,0,0,0,0,0.0,0,0,1,0.0,0.0,0.0%,RB,2017
102,103,Cameron Artis-Payne,0,0,0.0,0,0,0,0,0,0,0.0,0,0,1,0.0,0.0,0.0%,RB,2017
103,104,David Fluellen,0,0,0.0,0,0,0,0,0,0,0.0,0,0,1,0.0,0.0,0.0%,RB,2017
104,105,Senorise Perry,0,0,0.0,0,0,0,0,0,0,0.0,0,0,1,0.0,0.0,0.0%,RB,2017
105,106,Byron Marshall,0,0,0.0,0,0,0,0,0,0,0.0,0,0,1,0.0,0.0,0.1%,RB,2017
106,107,Josh Ferguson,0,0,0.0,0,0,0,0,0,0,0.0,0,0,1,0.0,0.0,0.0%,RB,2017
107,108,Zach Zenner,2,0,0.0,1,0,0,0,0,0,0.0,0,0,1,0.0,0.0,0.0%,RB,2017
108,109,Joe Kerridge,0,0,0.0,0,0,0,0,0,0,0.0,0,0,1,0.0,0.0,0.0%,RB,2017
109,110,Jalen Richard,0,0,0.0,0,0,0,0,0,0,0.0,0,0,1,0.0,0.0,1.0%,RB,2017
110,111,Lawrence Thomas,0,0,0.0,0,0,0,1,1,7,7.0,0,0,1,0.0,0.0,0.0%,RB,2017
111,112,Akeem Hunt,0,0,0.0,0,0,0,0,0,0,0.0,0,0,1,0.0,0.0,0.0%,RB,2017
112,113,Aaron Ripkowski,0,0,0.0,0,0,0,0,1,0,0.0,0,0,1,0.0,0.0,0.0%,RB,2017
113,114,Michael Burton,1,0,0.0,0,0,0,0,0,0,0.0,0,0,1,0.0,0.0,0.1%,RB,2017
114,115,Thomas Rawls,0,0,0.0,0,0,0,0,0,0,0.0,0,0,1,0.0,0.0,0.1%,RB,2017
115,116,Terron Ward,0,0,0.0,0,0,0,0,0,0,0.0,0,0,1,0.0,0.0,0.0%,RB,2017
116,117,Paul Perkins,0,0,0.0,0,0,0,0,0,0,0.0,0,0,1,0.0,0.0,0.0%,RB,2017
117,118,Mack Brown,0,0,0.0,0,0,0,0,0,0,0.0,0,0,1,0.0,0.0,0.0%,RB,2017
118,119,Aaron Jones,4,-2,-0.5,1,0,0,0,0,0,0.0,0,0,1,-0.2,-0.2,93.5%,RB,2017
119,120,Elijah McGuire,1,-3,-3.0,0,0,0,0,0,0,0.0,0,0,1,-0.3,-0.3,0.0%,RB,2017
120,121,Corey Grant,0,0,0.0,0,0,0,0,0,0,0.0,0,1,1,-2.0,-2.0,0.0%,RB,2017
