,Rank,Player,Receiving Receptions,Receiving Target,Receiving Yards,Yards/Reception,Longest Reception,Receiving 20+,Receiving Touchdowns,Rushing Attempts,Rushing Yards,Rushing Touchdown,Fumbles,Games Played,Fantasy Football Points,FTPS/Game,ROST,Position,Year
0,1,Ricky Seals-Jones,3,5,54,18.0,28,1,2,0,0,0,0,1,17.4,17.4,0.0%,TE,2017
1,2,Jimmy Graham,7,11,58,8.3,12,0,1,0,0,0,0,1,13.8,13.8,0.0%,TE,2017
2,3,O.J. Howard,3,4,52,17.3,24,2,1,0,0,0,0,1,11.2,11.2,0.0%,TE,2017
3,4,Adam Shaheen,4,4,41,10.3,22,1,1,0,0,0,0,1,10.1,10.1,0.0%,TE,2017
4,5,Delanie Walker,6,9,92,15.3,42,0,0,0,0,0,0,1,9.2,9.2,0.1%,TE,2017
5,6,Levine Toilolo,2,2,31,15.5,25,1,1,0,0,0,0,1,9.1,9.1,0.0%,TE,2017
6,7,Coby Fleener,5,5,91,18.2,29,3,0,0,0,0,0,1,9.1,9.1,0.0%,TE,2017
7,8,Travis Kelce,8,14,109,13.6,32,2,0,0,0,0,0,1,8.9,8.9,99.9%,TE,2017
8,9,Marcedes Lewis,2,2,26,13.0,16,0,1,0,0,0,0,1,8.6,8.6,0.1%,TE,2017
9,10,Jesse James,5,8,21,4.2,11,0,1,0,0,0,0,1,8.1,8.1,0.0%,TE,2017
10,11,Tyler Kroft,2,3,12,6.0,11,0,1,0,0,0,0,1,7.2,7.2,0.0%,TE,2017
11,12,Jeremy Sprinkle,1,1,7,7.0,7,0,1,0,0,0,0,1,6.7,6.7,0.0%,TE,2017
12,13,Vernon Davis,3,6,67,22.3,36,1,0,0,0,0,0,1,6.7,6.7,1.6%,TE,2017
13,14,Kyle Rudolph,5,7,58,11.6,28,1,0,0,0,0,0,1,5.8,5.8,0.0%,TE,2017
14,15,Josh Hill,1,1,3,3.0,3,0,1,1,-8,0,0,1,5.5,5.5,0.0%,TE,2017
15,16,Eric Ebron,4,7,49,12.3,26,1,0,0,0,0,0,1,4.9,4.9,0.0%,TE,2017
16,17,Rob Gronkowski,3,3,37,12.3,14,0,0,0,0,0,0,1,3.7,3.7,1.5%,TE,2017
17,18,Jared Cook,2,5,36,18.0,26,1,0,0,0,0,0,1,3.6,3.6,0.0%,TE,2017
18,19,Austin Traylor,4,5,36,9.0,13,0,0,0,0,0,0,1,3.6,3.6,0.0%,TE,2017
19,20,Benjamin Watson,1,1,33,33.0,33,0,0,0,0,0,0,1,3.3,3.3,2.8%,TE,2017
20,21,Julius Thomas,4,4,30,7.5,11,0,0,0,0,0,0,1,3.0,3.0,0.0%,TE,2017
21,22,Brent Celek,1,2,28,28.0,28,1,0,0,0,0,0,1,2.8,2.8,0.0%,TE,2017
22,23,Charles Clay,3,4,27,9.0,16,0,0,0,0,0,0,1,2.7,2.7,0.0%,TE,2017
23,24,Hunter Henry,2,5,25,12.5,15,0,0,0,0,0,0,1,2.5,2.5,15.2%,TE,2017
24,25,Dwayne Allen,2,2,24,12.0,19,0,0,0,0,0,0,1,2.4,2.4,0.0%,TE,2017
25,26,Daniel Brown,2,5,23,11.5,13,0,0,0,0,0,0,1,2.3,2.3,0.0%,TE,2017
26,27,Stephen Anderson,1,3,22,22.0,22,1,0,0,0,0,0,1,2.2,2.2,0.0%,TE,2017
27,28,Trey Burton,0,0,0,0.0,0,0,0,0,0,0,0,1,2.0,2.0,0.0%,TE,2017
28,29,C.J. Fiedorowicz,2,2,18,9.0,10,0,0,0,0,0,0,1,1.8,1.8,0.0%,TE,2017
29,30,Niles Paul,2,2,11,5.5,10,0,0,1,5,0,0,1,1.6,1.6,0.0%,TE,2017
30,31,Martellus Bennett,3,3,15,5.0,6,0,0,0,0,0,0,1,1.5,1.5,23.0%,TE,2017
31,32,Virgil Green,2,4,13,6.5,8,0,0,0,0,0,0,1,1.3,1.3,0.0%,TE,2017
32,33,David Njoku,1,1,13,13.0,13,0,0,0,0,0,0,1,1.3,1.3,94.0%,TE,2017
33,34,Cameron Brate,1,3,12,12.0,12,0,0,0,0,0,0,1,1.2,1.2,2.0%,TE,2017
34,35,James O'Shaughnessy,1,1,12,12.0,12,0,0,0,0,0,0,1,1.2,1.2,0.0%,TE,2017
35,36,Ross Travis,1,3,11,11.0,11,0,0,0,0,0,0,1,1.1,1.1,0.0%,TE,2017
36,37,Jermaine Gresham,1,1,10,10.0,10,0,0,0,0,0,0,1,1.0,1.0,0.0%,TE,2017
37,38,Sean McGrath,1,1,10,10.0,10,0,0,0,0,0,0,1,1.0,1.0,0.0%,TE,2017
38,39,Evan Engram,1,6,9,9.0,9,0,0,0,0,0,0,1,0.9,0.9,96.9%,TE,2017
39,40,Darren Fells,1,1,9,9.0,9,0,0,0,0,0,0,1,0.9,0.9,0.0%,TE,2017
40,41,Nick O'Leary,1,3,8,8.0,8,0,0,0,0,0,0,1,0.8,0.8,0.0%,TE,2017
41,42,Zach Ertz,2,5,8,4.0,6,0,0,0,0,0,0,1,0.8,0.8,3.6%,TE,2017
42,43,Gerald Everett,1,2,8,8.0,8,0,0,0,0,0,0,1,0.8,0.8,23.5%,TE,2017
43,44,Jason Witten,1,1,7,7.0,7,0,0,0,0,0,0,1,0.7,0.7,0.0%,TE,2017
44,45,Rhett Ellison,1,1,7,7.0,7,0,0,0,0,0,0,1,0.7,0.7,0.0%,TE,2017
45,46,Jerell Adams,1,1,6,6.0,6,0,0,0,0,0,0,1,0.6,0.6,0.0%,TE,2017
46,47,Maxx Williams,2,2,6,3.0,4,0,0,0,0,0,0,1,0.6,0.6,0.0%,TE,2017
47,48,Tyler Higbee,1,5,5,5.0,5,0,0,0,0,0,0,1,0.5,0.5,19.7%,TE,2017
48,49,David Morgan,1,1,5,5.0,5,0,0,0,0,0,0,1,0.5,0.5,0.0%,TE,2017
49,50,Lance Kendricks,1,4,5,5.0,5,0,0,0,0,0,0,1,0.5,0.5,0.0%,TE,2017
50,51,Seth DeValve,1,3,5,5.0,5,0,0,0,0,0,0,1,0.5,0.5,0.0%,TE,2017
51,52,Clive Walford,1,2,4,4.0,4,0,0,0,0,0,0,1,0.4,0.4,0.0%,TE,2017
52,53,Richard Rodgers,1,1,3,3.0,3,0,0,0,0,0,0,1,0.3,0.3,0.0%,TE,2017
53,54,Jeff Cumberland,1,1,2,2.0,2,0,0,0,0,0,0,1,0.2,0.2,0.0%,TE,2017
54,55,Nick Boyle,1,2,2,2.0,2,0,0,0,0,0,0,1,0.2,0.2,0.0%,TE,2017
55,56,James Hanna,0,2,0,0.0,0,0,0,0,0,0,0,1,0.0,0.0,0.0%,TE,2017
56,57,Lee Smith,0,0,0,0.0,0,0,0,0,0,0,0,1,0.0,0.0,0.0%,TE,2017
57,58,Ryan Hewitt,0,0,0,0.0,0,0,0,0,0,0,0,1,0.0,0.0,0.0%,TE,2017
58,59,Phillip Supernaw,0,0,0,0.0,0,0,0,0,0,0,0,1,0.0,0.0,0.0%,TE,2017
59,60,MarQueis Gray,0,1,0,0.0,0,0,0,0,0,0,0,1,0.0,0.0,0.0%,TE,2017
60,61,Demetrius Harris,0,1,0,0.0,0,0,0,0,0,0,0,1,0.0,0.0,0.0%,TE,2017
61,62,Troy Niklas,0,0,0,0.0,0,0,0,0,0,0,0,1,0.0,0.0,0.0%,TE,2017
62,63,Xavier Grimble,0,0,0,0.0,0,0,0,0,0,0,0,1,0.0,0.0,0.0%,TE,2017
63,64,Kelvin Benjamin,1,1,20,20.0,20,1,0,0,0,0,0,1,0.0,0.0,0.1%,TE,2017
64,65,Anthony Fasano,0,0,0,0.0,0,0,0,0,0,0,0,1,0.0,0.0,0.1%,TE,2017
65,66,Antonio Gates,0,2,0,0.0,0,0,0,0,0,0,0,1,0.0,0.0,0.2%,TE,2017
66,67,Clark Harris,0,0,0,0.0,0,0,0,0,0,0,0,1,0.0,0.0,0.0%,TE,2017
67,68,Michael Hoomanawanui,0,0,0,0.0,0,0,0,0,0,0,0,1,0.0,0.0,0.1%,TE,2017
68,69,Shane Smith,0,0,0,0.0,0,0,0,0,0,0,0,1,0.0,0.0,0.1%,TE,2017
69,70,Jonnu Smith,0,1,0,0.0,0,0,0,0,0,0,0,1,0.0,0.0,8.1%,TE,2017
70,71,Michael Roberts,0,0,0,0.0,0,0,0,0,0,0,0,1,0.0,0.0,0.0%,TE,2017
71,72,Johnny Mundt,0,0,0,0.0,0,0,0,0,0,0,0,1,0.0,0.0,1.5%,TE,2017
72,73,Eric Saubert,0,0,0,0.0,0,0,0,0,0,0,0,1,0.0,0.0,0.0%,TE,2017
73,74,Antony Auclair,0,0,0,0.0,0,0,0,0,0,0,0,1,0.0,0.0,0.0%,TE,2017
74,75,Cethan Carter,0,0,0,0.0,0,0,0,0,0,0,0,1,0.0,0.0,0.0%,TE,2017
75,76,Jacob Hollister,0,0,0,0.0,0,0,0,0,0,0,0,1,0.0,0.0,0.0%,TE,2017
76,77,Blake Bell,0,0,0,0.0,0,0,0,0,0,0,0,1,0.0,0.0,0.0%,TE,2017
77,78,Vince Mayle,0,0,0,0.0,0,0,0,0,0,0,0,1,0.0,0.0,0.0%,TE,2017
78,79,C.J. Uzomah,0,0,0,0.0,0,0,0,0,0,0,0,1,0.0,0.0,0.1%,TE,2017
79,80,Randall Telfer,0,0,0,0.0,0,0,0,0,0,0,0,1,0.0,0.0,0.0%,TE,2017
80,81,Ben Koyack,0,0,0,0.0,0,0,0,0,0,0,0,1,0.0,0.0,0.0%,TE,2017
81,82,Khari Lee,0,0,0,0.0,0,0,0,0,0,0,0,1,0.0,0.0,0.0%,TE,2017
82,83,Geoff Swaim,0,0,0,0.0,0,0,0,0,0,0,0,1,0.0,0.0,0.0%,TE,2017
83,84,Ben Braunecker,0,0,0,0.0,0,0,0,0,0,0,0,1,0.0,0.0,0.0%,TE,2017
84,85,Zach Wood,0,0,0,0.0,0,0,0,0,0,0,0,1,0.0,0.0,0.0%,TE,2017
85,86,Nick Vannett,0,0,0,0.0,0,0,0,0,0,0,0,1,0.0,0.0,0.0%,TE,2017
86,87,Andrew DePaola,0,0,0,0.0,0,0,0,0,0,0,0,1,0.0,0.0,0.0%,TE,2017
87,88,Kevin McDermott,0,0,0,0.0,0,0,0,0,0,0,0,1,0.0,0.0,0.0%,TE,2017
88,89,Tyler Ott,0,0,0,0.0,0,0,0,0,0,0,0,1,0.0,0.0,0.0%,TE,2017
89,90,James Winchester,0,0,0,0.0,0,0,0,0,0,0,0,1,0.0,0.0,0.0%,TE,2017
90,91,Beau Brinkley,0,0,0,0.0,0,0,0,0,0,0,0,1,0.0,0.0,0.2%,TE,2017
91,92,Luke Willson,2,2,-1,-0.5,3,0,0,0,0,0,0,1,-0.1,-0.1,0.0%,TE,2017
92,93,Austin Hooper,2,2,-1,-0.5,1,0,0,0,0,0,0,1,-0.1,-0.1,0.4%,TE,2017
