,Rank,Player,Receiving Receptions,Receiving Target,Receiving Yards,Yards/Reception,Longest Reception,Receiving 20+,Receiving Touchdowns,Rushing Attempts,Rushing Yards,Rushing Touchdown,Fumbles,Games Played,Fantasy Football Points,FTPS/Game,ROST,Position,Year
0,1,Rob Gronkowski,5,8,82,16.4,21,3,2,0,0,0,0,1,20.2,20.2,1.5%,TE,2017
1,2,Kyle Rudolph,4,4,63,15.8,34,1,2,0,0,0,0,1,18.3,18.3,0.0%,TE,2017
2,3,Zach Ertz,10,12,103,10.3,22,1,1,0,0,0,0,1,16.3,16.3,3.6%,TE,2017
3,4,Hunter Henry,5,5,76,15.2,27,2,1,0,0,0,0,1,13.6,13.6,15.2%,TE,2017
4,5,Ricky Seals-Jones,4,6,72,18.0,29,2,1,0,0,0,0,1,13.2,13.2,0.0%,TE,2017
5,6,Delanie Walker,4,5,63,15.8,37,0,1,0,0,0,0,1,12.3,12.3,0.1%,TE,2017
6,7,Jimmy Graham,3,6,34,11.3,25,1,1,0,0,0,0,1,9.4,9.4,0.0%,TE,2017
7,8,Jack Doyle,7,8,94,13.4,26,2,0,0,0,0,0,1,9.4,9.4,2.0%,TE,2017
8,9,Nick Vannett,2,4,29,14.5,17,0,1,0,0,0,0,1,8.9,8.9,0.0%,TE,2017
9,10,Tyler Kroft,3,4,14,4.7,8,0,1,0,0,0,0,1,7.4,7.4,0.0%,TE,2017
10,11,Xavier Grimble,1,1,1,1.0,1,0,1,0,0,0,0,1,6.1,6.1,0.0%,TE,2017
11,12,Charles Clay,4,4,60,15.0,33,0,0,0,0,0,0,1,6.0,6.0,0.0%,TE,2017
12,13,O.J. Howard,3,4,52,17.3,29,1,0,0,0,0,0,1,5.2,5.2,0.0%,TE,2017
13,14,Julius Thomas,5,6,52,10.4,17,0,0,0,0,0,0,1,5.2,5.2,0.0%,TE,2017
14,15,Tyler Higbee,3,3,48,16.0,38,0,0,0,0,0,0,1,4.8,4.8,19.7%,TE,2017
15,16,David Njoku,4,4,47,11.8,27,1,0,0,0,0,0,1,4.7,4.7,94.0%,TE,2017
16,17,Jason Witten,7,7,44,6.3,8,0,0,0,0,0,0,1,4.4,4.4,0.0%,TE,2017
17,18,Travis Kelce,3,4,39,13.0,25,1,0,0,0,0,0,1,3.9,3.9,99.9%,TE,2017
18,19,Austin Hooper,3,5,38,12.7,20,1,0,0,0,0,0,1,3.8,3.8,0.4%,TE,2017
19,20,C.J. Fiedorowicz,4,8,37,9.3,10,0,0,0,0,0,0,1,3.7,3.7,0.0%,TE,2017
20,21,Eric Ebron,4,4,34,8.5,14,0,0,0,0,0,0,1,3.4,3.4,0.0%,TE,2017
21,22,Austin Traylor,1,4,34,34.0,34,0,0,0,0,0,0,1,3.4,3.4,0.0%,TE,2017
22,23,Demetrius Harris,2,2,33,16.5,28,1,0,0,0,0,0,1,3.3,3.3,0.0%,TE,2017
23,24,Seth DeValve,2,2,33,16.5,24,1,0,0,0,0,0,1,3.3,3.3,0.0%,TE,2017
24,25,Jesse James,3,4,32,10.7,17,0,0,0,0,0,0,1,3.2,3.2,0.0%,TE,2017
25,26,Benjamin Watson,3,3,29,9.7,16,0,0,0,0,0,0,1,2.9,2.9,2.8%,TE,2017
26,27,Austin Seferian-Jenkins,2,7,27,13.5,19,0,0,0,0,0,0,1,2.7,2.7,0.0%,TE,2017
27,28,Richard Rodgers,1,3,25,25.0,25,1,0,0,0,0,0,1,2.5,2.5,0.0%,TE,2017
28,29,Troy Niklas,2,2,22,11.0,13,0,0,0,0,0,0,1,2.2,2.2,0.0%,TE,2017
29,30,Daniel Brown,2,3,20,10.0,12,0,0,0,0,0,0,1,2.0,2.0,0.0%,TE,2017
30,31,Nick O'Leary,2,2,18,9.0,15,0,0,0,0,0,0,1,1.8,1.8,0.0%,TE,2017
31,32,Evan Engram,3,7,18,6.0,14,0,0,0,0,0,0,1,1.8,1.8,96.9%,TE,2017
32,33,Niles Paul,3,5,16,5.3,8,0,0,0,0,0,0,1,1.6,1.6,0.0%,TE,2017
33,34,Virgil Green,1,3,16,16.0,16,0,0,0,0,0,0,1,1.6,1.6,0.0%,TE,2017
34,35,Ed Dickson,1,3,15,15.0,15,0,0,0,0,0,0,1,1.5,1.5,0.0%,TE,2017
35,36,George Kittle,1,2,14,14.0,14,0,0,0,0,0,0,1,1.4,1.4,97.3%,TE,2017
36,37,Jermaine Gresham,2,3,13,6.5,7,0,0,0,0,0,0,1,1.3,1.3,0.0%,TE,2017
37,38,Lee Smith,1,1,12,12.0,12,0,0,0,0,0,0,1,1.2,1.2,0.0%,TE,2017
38,39,Maxx Williams,1,1,12,12.0,12,0,0,0,0,0,0,1,1.2,1.2,0.0%,TE,2017
39,40,Greg Olsen,1,4,10,10.0,10,0,0,0,0,0,0,1,1.0,1.0,7.0%,TE,2017
40,41,Marcedes Lewis,1,2,10,10.0,10,0,0,0,0,0,0,1,1.0,1.0,0.1%,TE,2017
41,42,Rhett Ellison,1,1,9,9.0,9,0,0,0,0,0,0,1,0.9,0.9,0.0%,TE,2017
42,43,Gerald Everett,1,1,9,9.0,9,0,0,0,0,0,0,1,0.9,0.9,23.5%,TE,2017
43,44,Nick Boyle,1,1,9,9.0,9,0,0,0,0,0,0,1,0.9,0.9,0.0%,TE,2017
44,45,Coby Fleener,1,2,8,8.0,8,0,0,0,0,0,0,1,0.8,0.8,0.0%,TE,2017
45,46,Garrett Celek,2,2,7,3.5,5,0,0,0,0,0,0,1,0.7,0.7,0.0%,TE,2017
46,47,James O'Shaughnessy,1,2,7,7.0,7,0,0,0,0,0,0,1,0.7,0.7,0.0%,TE,2017
47,48,Cameron Brate,1,2,6,6.0,6,0,0,0,0,0,0,1,0.6,0.6,2.0%,TE,2017
48,49,Jared Cook,1,5,2,2.0,2,0,0,0,0,0,0,1,0.2,0.2,0.0%,TE,2017
49,50,Dwayne Allen,1,2,2,2.0,2,0,0,0,0,0,0,1,0.2,0.2,0.0%,TE,2017
50,51,Adam Shaheen,1,1,1,1.0,1,0,0,0,0,0,0,1,0.1,0.1,0.0%,TE,2017
51,52,James Hanna,0,0,0,0.0,0,0,0,0,0,0,0,1,0.0,0.0,0.0%,TE,2017
52,53,Derek Carrier,0,0,0,0.0,0,0,0,0,0,0,0,1,0.0,0.0,0.0%,TE,2017
53,54,Levine Toilolo,0,0,0,0.0,0,0,0,0,0,0,0,1,0.0,0.0,0.0%,TE,2017
54,55,Lance Kendricks,0,0,0,0.0,0,0,0,0,0,0,0,1,0.0,0.0,0.0%,TE,2017
55,56,Jeff Cumberland,0,0,0,0.0,0,0,0,0,0,0,0,1,0.0,0.0,0.0%,TE,2017
56,57,Logan Paulsen,0,0,0,0.0,0,0,0,0,0,0,0,1,0.0,0.0,0.0%,TE,2017
57,58,Ryan Hewitt,0,0,0,0.0,0,0,0,0,0,0,0,1,0.0,0.0,0.0%,TE,2017
58,59,Phillip Supernaw,0,0,0,0.0,0,0,0,0,0,0,0,1,0.0,0.0,0.0%,TE,2017
59,60,Luke Willson,0,0,0,0.0,0,0,0,0,0,0,0,1,0.0,0.0,0.0%,TE,2017
60,61,MarQueis Gray,0,0,0,0.0,0,0,0,0,0,0,0,1,0.0,0.0,0.0%,TE,2017
61,62,Sean McGrath,0,0,0,0.0,0,0,0,0,0,0,0,1,0.0,0.0,0.0%,TE,2017
62,63,Brandon Williams,0,0,0,0.0,0,0,0,0,0,0,0,1,0.0,0.0,0.0%,TE,2017
63,64,Jordan Matthews,2,3,15,7.5,8,0,0,0,0,0,0,1,0.0,0.0,0.0%,TE,2017
64,65,Anthony Fasano,0,0,0,0.0,0,0,0,0,0,0,0,1,0.0,0.0,0.1%,TE,2017
65,66,Antonio Gates,0,2,0,0.0,0,0,0,0,0,0,0,1,0.0,0.0,0.2%,TE,2017
66,67,Brent Celek,0,1,0,0.0,0,0,0,0,0,0,0,1,0.0,0.0,0.0%,TE,2017
67,68,Clark Harris,0,0,0,0.0,0,0,0,0,0,0,0,1,0.0,0.0,0.0%,TE,2017
68,69,Michael Hoomanawanui,0,0,0,0.0,0,0,0,0,0,0,0,1,0.0,0.0,0.1%,TE,2017
69,70,Vernon Davis,0,1,0,0.0,0,0,0,0,0,0,0,1,0.0,0.0,1.6%,TE,2017
70,71,Shane Smith,0,0,0,0.0,0,0,0,0,0,0,0,1,0.0,0.0,0.1%,TE,2017
71,72,Jason Vander,0,0,0,0.0,0,0,0,0,0,0,0,1,0.0,0.0,0.0%,TE,2017
72,73,Jonnu Smith,0,0,0,0.0,0,0,0,0,0,0,0,1,0.0,0.0,8.1%,TE,2017
73,74,Eric Saubert,0,0,0,0.0,0,0,0,0,0,0,0,1,0.0,0.0,0.0%,TE,2017
74,75,Cethan Carter,0,0,0,0.0,0,0,0,0,0,0,0,1,0.0,0.0,0.0%,TE,2017
75,76,Jeremy Sprinkle,0,0,0,0.0,0,0,0,0,0,0,0,1,0.0,0.0,0.0%,TE,2017
76,77,Jacob Hollister,0,0,0,0.0,0,0,0,0,0,0,0,1,0.0,0.0,0.0%,TE,2017
77,78,Antony Auclair,0,0,0,0.0,0,0,0,0,0,0,0,1,0.0,0.0,0.0%,TE,2017
78,79,Michael Roberts,0,0,0,0.0,0,0,0,0,0,0,0,1,0.0,0.0,0.0%,TE,2017
79,80,Randall Telfer,0,0,0,0.0,0,0,0,0,0,0,0,1,0.0,0.0,0.0%,TE,2017
80,81,Blake Bell,0,0,0,0.0,0,0,0,0,0,0,0,1,0.0,0.0,0.0%,TE,2017
81,82,Vince Mayle,0,0,0,0.0,0,0,0,0,0,0,0,1,0.0,0.0,0.0%,TE,2017
82,83,Chris Manhertz,0,0,0,0.0,0,0,0,0,0,0,0,1,0.0,0.0,0.0%,TE,2017
83,84,C.J. Uzomah,0,0,0,0.0,0,0,0,0,0,0,0,1,0.0,0.0,0.1%,TE,2017
84,85,Clive Walford,0,0,0,0.0,0,0,0,0,0,0,0,1,0.0,0.0,0.0%,TE,2017
85,86,Neal Sterling,0,0,0,0.0,0,0,0,0,0,0,0,1,0.0,0.0,0.0%,TE,2017
86,87,Geoff Swaim,0,0,0,0.0,0,0,0,0,0,0,0,1,0.0,0.0,0.0%,TE,2017
87,88,Khari Lee,0,0,0,0.0,0,0,0,0,0,0,0,1,0.0,0.0,0.0%,TE,2017
88,89,Ben Koyack,0,0,0,0.0,0,0,0,0,0,0,0,1,0.0,0.0,0.0%,TE,2017
89,90,Devin Funchess,7,12,108,15.4,35,1,0,0,0,0,0,1,0.0,0.0,0.0%,TE,2017
90,91,Kyle Nelson,0,0,0,0.0,0,0,0,0,0,0,0,1,0.0,0.0,0.0%,TE,2017
91,92,Josh Hill,0,0,0,0.0,0,0,0,0,0,0,0,1,0.0,0.0,0.0%,TE,2017
92,93,Darren Fells,0,3,0,0.0,0,0,0,0,0,0,0,1,0.0,0.0,0.0%,TE,2017
93,94,Stephen Anderson,0,0,0,0.0,0,0,0,0,0,0,0,1,0.0,0.0,0.0%,TE,2017
94,95,Jerell Adams,0,0,0,0.0,0,0,0,0,0,0,0,1,0.0,0.0,0.0%,TE,2017
95,96,Ben Braunecker,0,0,0,0.0,0,0,0,0,0,0,0,1,0.0,0.0,0.0%,TE,2017
96,97,David Morgan,0,0,0,0.0,0,0,0,0,0,0,0,1,0.0,0.0,0.0%,TE,2017
97,98,Zach Wood,0,0,0,0.0,0,0,0,0,0,0,0,1,0.0,0.0,0.0%,TE,2017
98,99,Eric Tomlinson,0,0,0,0.0,0,0,0,0,0,0,0,1,0.0,0.0,0.0%,TE,2017
99,100,Tyler Ott,0,0,0,0.0,0,0,0,0,0,0,0,1,0.0,0.0,0.0%,TE,2017
100,101,Andrew DePaola,0,0,0,0.0,0,0,0,0,0,0,0,1,0.0,0.0,0.0%,TE,2017
101,102,Kevin McDermott,0,0,0,0.0,0,0,0,0,0,0,0,1,0.0,0.0,0.0%,TE,2017
102,103,James Winchester,0,0,0,0.0,0,0,0,0,0,0,0,1,0.0,0.0,0.0%,TE,2017
103,104,Beau Brinkley,0,0,0,0.0,0,0,0,0,0,0,0,1,0.0,0.0,0.2%,TE,2017
104,105,Ross Travis,0,0,0,0.0,0,0,0,0,0,0,0,1,0.0,0.0,0.0%,TE,2017
105,106,Dion Sims,1,1,-3,-3.0,0,0,0,0,0,0,0,1,-0.3,-0.3,0.0%,TE,2017
