,Rank,Player,Receiving Receptions,Receiving Target,Receiving Yards,Yards/Reception,Longest Reception,Receiving 20+,Receiving Touchdowns,Rushing Attempts,Rushing Yards,Rushing Touchdown,Fumbles,Games Played,Fantasy Football Points,FTPS/Game,ROST,Position,Year
0,1,Austin Hooper,2,2,128,64.0,88,0,1,0,0,0,0,1,18.8,18.8,0.4%,TE,2017
1,2,Jesse James,6,8,41,6.8,19,0,2,0,0,0,0,1,16.1,16.1,0.0%,TE,2017
2,3,Jason Witten,7,9,59,8.4,12,0,1,0,0,0,0,1,11.9,11.9,0.0%,TE,2017
3,4,Coby Fleener,5,6,54,10.8,24,1,1,0,0,0,0,1,11.4,11.4,0.0%,TE,2017
4,5,Charles Clay,4,9,53,13.3,35,0,1,0,0,0,0,1,11.3,11.3,0.0%,TE,2017
5,6,Zach Ertz,8,8,93,11.6,23,1,0,0,0,0,0,1,9.3,9.3,3.6%,TE,2017
6,7,Kyle Rudolph,3,3,26,8.7,15,0,1,0,0,0,0,1,8.6,8.6,0.0%,TE,2017
7,8,Delanie Walker,7,9,76,10.9,23,1,0,0,0,0,0,1,7.6,7.6,0.1%,TE,2017
8,9,Demetrius Harris,2,2,15,7.5,8,0,1,0,0,0,0,1,7.5,7.5,0.0%,TE,2017
9,10,Jared Cook,5,5,56,11.2,22,1,0,0,0,0,0,1,5.6,5.6,0.0%,TE,2017
10,11,C.J. Fiedorowicz,4,4,46,11.5,15,0,0,0,0,0,0,1,4.6,4.6,0.0%,TE,2017
11,12,Evan Engram,4,5,44,11.0,31,0,0,0,0,0,0,1,4.4,4.4,96.9%,TE,2017
12,13,Virgil Green,1,1,44,44.0,44,0,0,0,0,0,0,1,4.4,4.4,0.0%,TE,2017
13,14,Travis Kelce,5,7,40,8.0,14,0,0,1,4,0,0,1,4.4,4.4,99.9%,TE,2017
14,15,Martellus Bennett,3,6,43,14.3,26,1,0,0,0,0,0,1,4.3,4.3,23.0%,TE,2017
15,16,Seth DeValve,4,5,42,10.5,21,1,0,0,0,0,0,1,4.2,4.2,0.0%,TE,2017
16,17,Jack Doyle,2,3,41,20.5,21,2,0,0,0,0,0,1,4.1,4.1,2.0%,TE,2017
17,18,Zach Miller,4,6,39,9.8,12,0,0,0,0,0,0,1,3.9,3.9,0.0%,TE,2017
18,19,Gerald Everett,1,1,39,39.0,39,0,0,0,0,0,0,1,3.9,3.9,23.5%,TE,2017
19,20,Jordan Reed,5,8,36,7.2,9,0,0,0,0,0,0,1,3.6,3.6,19.0%,TE,2017
20,21,A.J. Derby,3,3,34,11.3,13,0,0,0,0,0,0,1,3.4,3.4,0.0%,TE,2017
21,22,Will Tye,3,3,34,11.3,21,1,0,0,0,0,0,1,3.4,3.4,0.0%,TE,2017
22,23,Rob Gronkowski,2,6,33,16.5,17,0,0,0,0,0,0,1,3.3,3.3,1.5%,TE,2017
23,24,Dion Sims,2,3,31,15.5,22,1,0,0,0,0,0,1,3.1,3.1,0.0%,TE,2017
24,25,George Kittle,5,6,27,5.4,13,0,0,0,0,0,0,1,2.7,2.7,97.3%,TE,2017
25,26,Eric Tomlinson,2,2,25,12.5,25,1,0,0,0,0,0,1,2.5,2.5,0.0%,TE,2017
26,27,Nick O'Leary,1,2,22,22.0,22,1,0,0,0,0,0,1,2.2,2.2,0.0%,TE,2017
27,28,Jeff Heuerman,1,2,20,20.0,20,1,0,0,0,0,0,1,2.0,2.0,0.0%,TE,2017
28,29,David Njoku,2,2,20,10.0,13,0,0,0,0,0,0,1,2.0,2.0,94.0%,TE,2017
29,30,Greg Olsen,2,4,18,9.0,17,0,0,0,0,0,0,1,1.8,1.8,7.0%,TE,2017
30,31,Lance Kendricks,2,4,18,9.0,9,0,0,0,0,0,0,1,1.8,1.8,0.0%,TE,2017
31,32,James O'Shaughnessy,1,1,18,18.0,18,0,0,0,0,0,0,1,1.8,1.8,0.0%,TE,2017
32,33,Tyler Higbee,2,3,17,8.5,9,0,0,0,0,0,0,1,1.7,1.7,19.7%,TE,2017
33,34,Antonio Gates,2,3,17,8.5,11,0,0,0,0,0,0,1,1.7,1.7,0.2%,TE,2017
34,35,Jermaine Gresham,3,4,15,5.0,11,0,0,0,0,0,0,1,1.5,1.5,0.0%,TE,2017
35,36,Nick Boyle,1,1,14,14.0,14,0,0,0,0,0,0,1,1.4,1.4,0.0%,TE,2017
36,37,Stephen Anderson,2,5,14,7.0,11,0,0,0,0,0,0,1,1.4,1.4,0.0%,TE,2017
37,38,Derek Carrier,1,2,12,12.0,12,0,0,0,0,0,0,1,1.2,1.2,0.0%,TE,2017
38,39,Brent Celek,1,2,11,11.0,11,0,0,0,0,0,0,1,1.1,1.1,0.0%,TE,2017
39,40,Nick Vannett,1,1,10,10.0,10,0,0,0,0,0,0,1,1.0,1.0,0.0%,TE,2017
40,41,Rhett Ellison,1,1,9,9.0,9,0,0,0,0,0,0,1,0.9,0.9,0.0%,TE,2017
41,42,Eric Ebron,2,3,9,4.5,5,0,0,0,0,0,0,1,0.9,0.9,0.0%,TE,2017
42,43,Jimmy Graham,3,8,8,2.7,6,0,0,0,0,0,0,1,0.8,0.8,0.0%,TE,2017
43,44,Maxx Williams,1,1,5,5.0,5,0,0,0,0,0,0,1,0.5,0.5,0.0%,TE,2017
44,45,Tyler Kroft,1,1,5,5.0,5,0,0,0,0,0,0,1,0.5,0.5,0.0%,TE,2017
45,46,Tyler Eifert,1,1,4,4.0,4,0,0,0,0,0,0,1,0.4,0.4,0.0%,TE,2017
46,47,James Hanna,0,0,0,0.0,0,0,0,0,0,0,0,1,0.0,0.0,0.0%,TE,2017
47,48,Garrett Celek,0,0,0,0.0,0,0,0,0,0,0,0,1,0.0,0.0,0.0%,TE,2017
48,49,Levine Toilolo,0,1,0,0.0,0,0,0,0,0,0,0,1,0.0,0.0,0.0%,TE,2017
49,50,Niles Paul,0,0,0,0.0,0,0,0,0,0,0,0,1,0.0,0.0,0.0%,TE,2017
50,51,Lee Smith,0,0,0,0.0,0,0,0,0,0,0,0,1,0.0,0.0,0.0%,TE,2017
51,52,Dwayne Allen,0,2,0,0.0,0,0,0,0,0,0,0,1,0.0,0.0,0.0%,TE,2017
52,53,Phillip Supernaw,0,0,0,0.0,0,0,0,0,0,0,0,1,0.0,0.0,0.0%,TE,2017
53,54,Ryan Hewitt,0,0,0,0.0,0,0,0,0,0,0,0,1,0.0,0.0,0.0%,TE,2017
54,55,Vance McDonald,0,1,0,0.0,0,0,0,0,0,0,0,1,0.0,0.0,0.0%,TE,2017
55,56,Luke Willson,0,1,0,0.0,0,0,0,0,0,0,0,1,0.0,0.0,0.0%,TE,2017
56,57,Ryan Griffin,0,1,0,0.0,0,0,0,0,0,0,0,1,0.0,0.0,0.0%,TE,2017
57,58,Brandon Williams,0,0,0,0.0,0,0,0,0,0,0,0,1,0.0,0.0,0.0%,TE,2017
58,59,Richard Rodgers,0,0,0,0.0,0,0,0,0,0,0,0,1,0.0,0.0,0.0%,TE,2017
59,60,Trey Burton,0,0,0,0.0,0,0,0,0,0,0,0,1,0.0,0.0,0.0%,TE,2017
60,61,Troy Niklas,0,2,0,0.0,0,0,0,0,0,0,0,1,0.0,0.0,0.0%,TE,2017
61,62,Xavier Grimble,0,0,0,0.0,0,0,0,0,0,0,0,1,0.0,0.0,0.0%,TE,2017
62,63,Jordan Matthews,2,3,61,30.5,47,0,0,0,0,0,0,1,0.0,0.0,0.0%,TE,2017
63,64,Kelvin Benjamin,1,5,25,25.0,25,1,0,0,0,0,0,1,0.0,0.0,0.1%,TE,2017
64,65,Logan Thomas,0,0,0,0.0,0,0,0,0,0,0,0,1,0.0,0.0,19.3%,TE,2017
65,66,Benjamin Watson,0,1,0,0.0,0,0,0,0,0,0,0,1,0.0,0.0,2.8%,TE,2017
66,67,Clark Harris,0,0,0,0.0,0,0,0,0,0,0,0,1,0.0,0.0,0.0%,TE,2017
67,68,Logan Paulsen,0,0,0,0.0,0,0,0,0,0,0,0,1,0.0,0.0,0.0%,TE,2017
68,69,Ed Dickson,0,1,0,0.0,0,0,0,0,0,0,0,1,0.0,0.0,0.0%,TE,2017
69,70,Michael Hoomanawanui,0,0,0,0.0,0,0,0,0,0,0,0,1,0.0,0.0,0.1%,TE,2017
70,71,Vernon Davis,0,1,0,0.0,0,0,0,0,0,0,0,1,0.0,0.0,1.6%,TE,2017
71,72,Marcedes Lewis,0,2,0,0.0,0,0,0,0,0,0,0,1,0.0,0.0,0.1%,TE,2017
72,73,Sean Culkin,0,0,0,0.0,0,0,0,0,0,0,0,1,0.0,0.0,0.0%,TE,2017
73,74,Eric Saubert,0,0,0,0.0,0,0,0,0,0,0,0,1,0.0,0.0,0.0%,TE,2017
74,75,Shane Smith,0,0,0,0.0,0,0,0,0,0,0,0,1,0.0,0.0,0.1%,TE,2017
75,76,Lorenzo Jerome,0,0,0,0.0,0,0,0,0,0,0,0,1,0.0,0.0,0.0%,TE,2017
76,77,Mitchell Loewen,0,0,0,0.0,0,0,0,0,0,0,0,1,0.0,0.0,0.0%,TE,2017
77,78,Adam Shaheen,0,0,0,0.0,0,0,0,0,0,0,0,1,0.0,0.0,0.0%,TE,2017
78,79,Darrell Daniels,0,0,0,0.0,0,0,0,0,0,0,0,1,0.0,0.0,0.0%,TE,2017
79,80,Cethan Carter,0,0,0,0.0,0,0,0,0,0,0,0,1,0.0,0.0,0.0%,TE,2017
80,81,Michael Roberts,0,0,0,0.0,0,0,0,0,0,0,0,1,0.0,0.0,0.0%,TE,2017
81,82,Jonnu Smith,0,1,0,0.0,0,0,0,0,0,0,0,1,0.0,0.0,8.1%,TE,2017
82,83,Devin Funchess,2,2,20,10.0,16,0,0,0,0,0,0,1,0.0,0.0,0.0%,TE,2017
83,84,Clive Walford,0,0,0,0.0,0,0,0,0,0,0,0,1,0.0,0.0,0.0%,TE,2017
84,85,Ben Koyack,0,0,0,0.0,0,0,0,0,0,0,0,1,0.0,0.0,0.0%,TE,2017
85,86,Blake Bell,0,0,0,0.0,0,0,0,0,0,0,0,1,0.0,0.0,0.0%,TE,2017
86,87,Vince Mayle,0,0,0,0.0,0,0,0,0,0,0,0,1,0.0,0.0,0.0%,TE,2017
87,88,Chris Manhertz,0,0,0,0.0,0,0,0,0,0,0,0,1,0.0,0.0,0.0%,TE,2017
88,89,Jake Fisher,0,0,0,0.0,0,0,0,0,0,0,0,1,0.0,0.0,0.0%,TE,2017
89,90,Randall Telfer,0,0,0,0.0,0,0,0,0,0,0,0,1,0.0,0.0,0.0%,TE,2017
90,91,Geoff Swaim,0,0,0,0.0,0,0,0,0,0,0,0,1,0.0,0.0,0.0%,TE,2017
91,92,Kyle Nelson,0,0,0,0.0,0,0,0,0,0,0,0,1,0.0,0.0,0.0%,TE,2017
92,93,Ifeanyi Momah,0,0,0,0.0,0,0,0,0,0,0,0,1,0.0,0.0,0.0%,TE,2017
93,94,Darren Fells,0,0,0,0.0,0,0,0,0,0,0,0,1,0.0,0.0,0.0%,TE,2017
94,95,Josh Hill,0,0,0,0.0,0,0,0,0,0,0,0,1,0.0,0.0,0.0%,TE,2017
95,96,Jerell Adams,0,0,0,0.0,0,0,0,0,0,0,0,1,0.0,0.0,0.0%,TE,2017
96,97,David Morgan,0,0,0,0.0,0,0,0,0,0,0,0,1,0.0,0.0,0.0%,TE,2017
97,98,Zach Wood,0,0,0,0.0,0,0,0,0,0,0,0,1,0.0,0.0,0.0%,TE,2017
98,99,Daniel Brown,0,0,0,0.0,0,0,0,0,0,0,0,1,0.0,0.0,0.0%,TE,2017
99,100,Tyler Ott,0,0,0,0.0,0,0,0,0,0,0,0,1,0.0,0.0,0.0%,TE,2017
100,101,Hunter Henry,0,0,0,0.0,0,0,0,0,0,0,0,1,0.0,0.0,15.2%,TE,2017
101,102,Andrew DePaola,0,0,0,0.0,0,0,0,0,0,0,0,1,0.0,0.0,0.0%,TE,2017
102,103,Kevin McDermott,0,0,0,0.0,0,0,0,0,0,0,0,1,0.0,0.0,0.0%,TE,2017
103,104,James Winchester,0,0,0,0.0,0,0,0,0,0,0,0,1,0.0,0.0,0.0%,TE,2017
104,105,Beau Brinkley,0,0,0,0.0,0,0,0,0,0,0,0,1,0.0,0.0,0.2%,TE,2017
105,106,Ross Travis,0,1,0,0.0,0,0,0,0,0,0,0,1,0.0,0.0,0.0%,TE,2017
