,Rank,Player,Receiving Receptions,Receiving Target,Receiving Yards,Yards/Reception,Longest Reception,Receiving 20+,Receiving Touchdowns,Rushing Attempts,Rushing Yards,Rushing Touchdown,Fumbles,Games Played,Fantasy Football Points,FTPS/Game,ROST,Position,Year
0,1,Rob Gronkowski,6,9,116,19.3,53,1,1,0,0,0,0,1,17.6,17.6,1.5%,TE,2017
1,2,Travis Kelce,8,10,103,12.9,44,0,1,0,0,0,0,1,16.3,16.3,99.9%,TE,2017
2,3,Jason Witten,10,13,97,9.7,28,1,1,0,0,0,0,1,15.7,15.7,0.0%,TE,2017
3,4,Delanie Walker,4,4,61,15.3,19,0,0,1,1,1,0,1,12.2,12.2,0.1%,TE,2017
4,5,Evan Engram,4,7,49,12.3,18,0,1,0,0,0,0,1,10.9,10.9,96.9%,TE,2017
5,6,Eric Ebron,5,5,42,8.4,17,0,1,0,0,0,0,1,10.2,10.2,0.0%,TE,2017
6,7,Zach Ertz,5,10,97,19.4,53,0,0,0,0,0,0,1,9.7,9.7,3.6%,TE,2017
7,8,Gerald Everett,3,3,95,31.7,69,1,0,0,0,0,0,1,9.5,9.5,23.5%,TE,2017
8,9,Coby Fleener,3,4,33,11.0,20,1,1,0,0,0,0,1,9.3,9.3,0.0%,TE,2017
9,10,Benjamin Watson,8,8,91,11.4,23,2,0,0,0,0,0,1,9.1,9.1,2.8%,TE,2017
10,11,Jonnu Smith,2,3,30,15.0,32,0,1,0,0,0,0,1,9.0,9.0,8.1%,TE,2017
11,12,David Njoku,3,4,27,9.0,23,1,1,0,0,0,0,1,8.7,8.7,94.0%,TE,2017
12,13,Hunter Henry,7,7,80,11.4,17,0,0,0,0,0,0,1,8.0,8.0,15.2%,TE,2017
13,14,Jack Doyle,8,8,79,9.9,15,0,0,0,0,0,0,1,7.9,7.9,2.0%,TE,2017
14,15,Virgil Green,2,3,11,5.5,9,0,1,0,0,0,0,1,7.1,7.1,0.0%,TE,2017
15,16,Antonio Gates,2,4,11,5.5,7,0,1,0,0,0,0,1,7.1,7.1,0.2%,TE,2017
16,17,Seth DeValve,2,4,61,30.5,49,0,0,0,0,0,0,1,6.1,6.1,0.0%,TE,2017
17,18,Jordan Reed,6,6,48,8.0,16,0,0,0,0,0,0,1,4.8,4.8,19.0%,TE,2017
18,19,Martellus Bennett,5,11,47,9.4,18,0,0,0,0,0,0,1,4.7,4.7,23.0%,TE,2017
19,20,Ifeanyi Momah,1,2,46,46.0,46,0,0,0,0,0,0,1,4.6,4.6,0.0%,TE,2017
20,21,Kyle Rudolph,4,6,45,11.3,27,1,0,0,0,0,0,1,4.5,4.5,0.0%,TE,2017
21,22,Tyler Eifert,3,4,42,14.0,22,1,0,0,0,0,0,1,4.2,4.2,0.0%,TE,2017
22,23,Zach Miller,6,9,42,7.0,12,0,0,0,0,0,0,1,4.2,4.2,0.0%,TE,2017
23,24,Jerell Adams,1,1,38,38.0,38,0,0,0,0,0,0,1,3.8,3.8,0.0%,TE,2017
24,25,Josh Hill,3,3,29,9.7,13,0,0,0,0,0,0,1,2.9,2.9,0.0%,TE,2017
25,26,Jesse James,4,5,27,6.8,12,0,0,0,0,0,0,1,2.7,2.7,0.0%,TE,2017
26,27,Julius Thomas,3,3,26,8.7,11,0,0,0,0,0,0,1,2.6,2.6,0.0%,TE,2017
27,28,Ed Dickson,2,3,26,13.0,20,1,0,0,0,0,0,1,2.6,2.6,0.0%,TE,2017
28,29,Jared Cook,4,6,25,6.3,10,0,0,0,0,0,0,1,2.5,2.5,0.0%,TE,2017
29,30,Luke Willson,3,3,25,8.3,19,0,0,0,0,0,0,1,2.5,2.5,0.0%,TE,2017
30,31,Cameron Brate,2,3,24,12.0,13,0,0,0,0,0,0,1,2.4,2.4,2.0%,TE,2017
31,32,Maxx Williams,4,4,21,5.3,13,0,0,1,2,0,0,1,2.3,2.3,0.0%,TE,2017
32,33,Charles Clay,3,3,23,7.7,12,0,0,0,0,0,0,1,2.3,2.3,0.0%,TE,2017
33,34,Richard Rodgers,2,4,22,11.0,14,0,0,0,0,0,0,1,2.2,2.2,0.0%,TE,2017
34,35,Rhett Ellison,2,2,21,10.5,12,0,0,0,0,0,0,1,2.1,2.1,0.0%,TE,2017
35,36,Brandon Williams,1,1,20,20.0,20,1,0,0,0,0,0,1,2.0,2.0,0.0%,TE,2017
36,37,Randall Telfer,1,1,20,20.0,20,1,0,0,0,0,0,1,2.0,2.0,0.0%,TE,2017
37,38,O.J. Howard,1,3,17,17.0,17,0,0,0,0,0,0,1,1.7,1.7,0.0%,TE,2017
38,39,Troy Niklas,1,1,16,16.0,16,0,0,0,0,0,0,1,1.6,1.6,0.0%,TE,2017
39,40,Jeff Heuerman,1,1,15,15.0,15,0,0,0,0,0,0,1,1.5,1.5,0.0%,TE,2017
40,41,Vernon Davis,1,1,13,13.0,13,0,0,0,0,0,0,1,1.3,1.3,1.6%,TE,2017
41,42,George Kittle,2,2,13,6.5,14,0,0,0,0,0,0,1,1.3,1.3,97.3%,TE,2017
42,43,Sean McGrath,1,1,10,10.0,10,0,0,0,0,0,0,1,1.0,1.0,0.0%,TE,2017
43,44,Trey Burton,1,1,10,10.0,10,0,0,0,0,0,0,1,1.0,1.0,0.0%,TE,2017
44,45,Greg Olsen,1,2,10,10.0,10,0,0,0,0,0,0,1,1.0,1.0,7.0%,TE,2017
45,46,Nick Boyle,1,1,9,9.0,9,0,0,0,0,0,0,1,0.9,0.9,0.0%,TE,2017
46,47,Derek Carrier,1,1,9,9.0,9,0,0,0,0,0,0,1,0.9,0.9,0.0%,TE,2017
47,48,Lee Smith,1,1,9,9.0,9,0,0,0,0,0,0,1,0.9,0.9,0.0%,TE,2017
48,49,Michael Hoomanawanui,1,1,8,8.0,8,0,0,0,0,0,0,1,0.8,0.8,0.1%,TE,2017
49,50,Neal Sterling,1,1,8,8.0,8,0,0,0,0,0,0,1,0.8,0.8,0.0%,TE,2017
50,51,Clive Walford,1,1,7,7.0,7,0,0,0,0,0,0,1,0.7,0.7,0.0%,TE,2017
51,52,Austin Hooper,2,2,7,3.5,4,0,0,0,0,0,0,1,0.7,0.7,0.4%,TE,2017
52,53,Garrett Celek,1,1,6,6.0,6,0,0,0,0,0,0,1,0.6,0.6,0.0%,TE,2017
53,54,Alan Cross,1,1,6,6.0,6,0,0,0,0,0,0,1,0.6,0.6,0.0%,TE,2017
54,55,Jacob Hollister,1,2,5,5.0,5,0,0,0,0,0,0,1,0.5,0.5,0.0%,TE,2017
55,56,Will Tye,1,3,4,4.0,4,0,0,0,0,0,0,1,0.4,0.4,0.0%,TE,2017
56,57,Darren Fells,1,1,3,3.0,3,0,0,0,0,0,0,1,0.3,0.3,0.0%,TE,2017
57,58,Jimmy Graham,1,2,1,1.0,1,0,0,0,0,0,0,1,0.1,0.1,0.0%,TE,2017
58,59,James Hanna,0,0,0,0.0,0,0,0,0,0,0,0,1,0.0,0.0,0.0%,TE,2017
59,60,Dion Sims,0,1,0,0.0,0,0,0,0,0,0,0,1,0.0,0.0,0.0%,TE,2017
60,61,Levine Toilolo,0,0,0,0.0,0,0,0,0,0,0,0,1,0.0,0.0,0.0%,TE,2017
61,62,Luke Stocker,0,0,0,0.0,0,0,0,0,0,0,0,1,0.0,0.0,0.0%,TE,2017
62,63,Niles Paul,0,0,0,0.0,0,0,0,0,0,0,0,1,0.0,0.0,0.0%,TE,2017
63,64,Dwayne Allen,0,1,0,0.0,0,0,0,0,0,0,0,1,0.0,0.0,0.0%,TE,2017
64,65,Lance Kendricks,0,0,0,0.0,0,0,0,0,0,0,0,1,0.0,0.0,0.0%,TE,2017
65,66,Ryan Hewitt,0,0,0,0.0,0,0,0,0,0,0,0,1,0.0,0.0,0.0%,TE,2017
66,67,Phillip Supernaw,0,0,0,0.0,0,0,0,0,0,0,0,1,0.0,0.0,0.0%,TE,2017
67,68,MarQueis Gray,0,0,0,0.0,0,0,0,0,0,0,0,1,0.0,0.0,0.0%,TE,2017
68,69,Demetrius Harris,0,0,0,0.0,0,0,0,0,0,0,0,1,0.0,0.0,0.0%,TE,2017
69,70,Logan Thomas,0,0,0,0.0,0,0,0,0,0,0,0,1,0.0,0.0,19.3%,TE,2017
70,71,Xavier Grimble,0,0,0,0.0,0,0,0,0,0,0,0,1,0.0,0.0,0.0%,TE,2017
71,72,Kelvin Benjamin,6,8,77,12.8,18,0,0,0,0,0,0,1,0.0,0.0,0.1%,TE,2017
72,73,Jordan Matthews,3,3,30,10.0,15,0,0,0,0,0,0,1,0.0,0.0,0.0%,TE,2017
73,74,Brent Celek,0,0,0,0.0,0,0,0,0,0,0,0,1,0.0,0.0,0.0%,TE,2017
74,75,Anthony Fasano,0,0,0,0.0,0,0,0,0,0,0,0,1,0.0,0.0,0.1%,TE,2017
75,76,Clark Harris,0,0,0,0.0,0,0,0,0,0,0,0,1,0.0,0.0,0.0%,TE,2017
76,77,Logan Paulsen,0,0,0,0.0,0,0,0,0,0,0,0,1,0.0,0.0,0.0%,TE,2017
77,78,Jim Dray,0,0,0,0.0,0,0,0,0,0,0,0,1,0.0,0.0,0.0%,TE,2017
78,79,Marcedes Lewis,0,2,0,0.0,0,0,0,0,0,0,0,1,0.0,0.0,0.1%,TE,2017
79,80,Evan Baylis,0,0,0,0.0,0,0,0,0,0,0,0,1,0.0,0.0,0.0%,TE,2017
80,81,Shane Smith,0,0,0,0.0,0,0,0,0,0,0,0,1,0.0,0.0,0.1%,TE,2017
81,82,Adam Shaheen,0,0,0,0.0,0,0,0,0,0,0,0,1,0.0,0.0,0.0%,TE,2017
82,83,Michael Roberts,0,0,0,0.0,0,0,0,0,0,0,0,1,0.0,0.0,0.0%,TE,2017
83,84,Eric Saubert,0,0,0,0.0,0,0,0,0,0,0,0,1,0.0,0.0,0.0%,TE,2017
84,85,Darrell Daniels,0,0,0,0.0,0,0,0,0,0,0,0,1,0.0,0.0,0.0%,TE,2017
85,86,Cethan Carter,0,0,0,0.0,0,0,0,0,0,0,0,1,0.0,0.0,0.0%,TE,2017
86,87,Mitchell Loewen,0,0,0,0.0,0,0,0,0,0,0,0,1,0.0,0.0,0.0%,TE,2017
87,88,Geoff Swaim,0,0,0,0.0,0,0,0,0,0,0,0,1,0.0,0.0,0.0%,TE,2017
88,89,Vince Mayle,0,0,0,0.0,0,0,0,0,0,0,0,1,0.0,0.0,0.0%,TE,2017
89,90,Chris Manhertz,0,0,0,0.0,0,0,0,0,0,0,0,1,0.0,0.0,0.0%,TE,2017
90,91,Jake Fisher,0,0,0,0.0,0,0,0,0,0,0,0,1,0.0,0.0,0.0%,TE,2017
91,92,A.J. Derby,0,1,0,0.0,0,0,0,0,0,0,0,1,0.0,0.0,0.0%,TE,2017
92,93,James O'Shaughnessy,0,0,0,0.0,0,0,0,0,0,0,0,1,0.0,0.0,0.0%,TE,2017
93,94,Blake Bell,0,1,0,0.0,0,0,0,0,0,0,0,1,0.0,0.0,0.0%,TE,2017
94,95,Kyle Nelson,0,0,0,0.0,0,0,0,0,0,0,0,1,0.0,0.0,0.0%,TE,2017
95,96,Tyler Kroft,0,0,0,0.0,0,0,0,0,0,0,0,1,0.0,0.0,0.0%,TE,2017
96,97,Ben Koyack,0,1,0,0.0,0,0,0,0,0,0,0,1,0.0,0.0,0.0%,TE,2017
97,98,Nick O'Leary,0,0,0,0.0,0,0,0,0,0,0,0,1,0.0,0.0,0.0%,TE,2017
98,99,Devin Funchess,4,6,68,17.0,24,2,0,0,0,0,0,1,0.0,0.0,0.0%,TE,2017
99,100,David Morgan,0,1,0,0.0,0,0,0,0,0,0,0,1,0.0,0.0,0.0%,TE,2017
100,101,Zach Wood,0,0,0,0.0,0,0,0,0,0,0,0,1,0.0,0.0,0.0%,TE,2017
101,102,Daniel Brown,0,0,0,0.0,0,0,0,0,0,0,0,1,0.0,0.0,0.0%,TE,2017
102,103,Ross Travis,0,1,0,0.0,0,0,0,0,0,0,0,1,0.0,0.0,0.0%,TE,2017
103,104,Tyler Higbee,0,1,0,0.0,0,0,0,0,0,0,0,1,0.0,0.0,19.7%,TE,2017
104,105,Nick Vannett,0,0,0,0.0,0,0,0,0,0,0,0,1,0.0,0.0,0.0%,TE,2017
105,106,Andrew DePaola,0,0,0,0.0,0,0,0,0,0,0,0,1,0.0,0.0,0.0%,TE,2017
106,107,Kevin McDermott,0,0,0,0.0,0,0,0,0,0,0,0,1,0.0,0.0,0.0%,TE,2017
107,108,Tyler Ott,0,0,0,0.0,0,0,0,0,0,0,0,1,0.0,0.0,0.0%,TE,2017
108,109,James Winchester,0,0,0,0.0,0,0,0,0,0,0,0,1,0.0,0.0,0.0%,TE,2017
109,110,Beau Brinkley,0,0,0,0.0,0,0,0,0,0,0,0,1,0.0,0.0,0.2%,TE,2017
