,Rank,Player,Receiving Receptions,Receiving Target,Receiving Yards,Yards/Reception,Longest Reception,Receiving 20+,Receiving Touchdowns,Rushing Attempts,Rushing Yards,Rushing Touchdown,Fumbles,Games Played,Fantasy Football Points,FTPS/Game,ROST,Position,Year
0,1,Tyler Kroft,6,7,68,11.3,21,1,2,0,0,0,0,1,18.8,18.8,0.0%,TE,2017
1,2,Travis Kelce,7,8,111,15.9,32,2,1,1,3,0,0,1,17.4,17.4,99.9%,TE,2017
2,3,Cameron Brate,4,6,80,20.0,35,1,1,0,0,0,0,1,14.0,14.0,2.0%,TE,2017
3,4,A.J. Derby,4,6,75,18.8,29,2,1,0,0,0,0,1,13.5,13.5,0.0%,TE,2017
4,5,O.J. Howard,2,4,63,31.5,58,0,1,0,0,0,0,1,12.3,12.3,0.0%,TE,2017
5,6,Charles Clay,5,7,112,22.4,44,0,0,0,0,0,0,1,11.2,11.2,0.0%,TE,2017
6,7,Vernon Davis,2,3,89,44.5,69,1,0,0,0,0,0,1,8.9,8.9,1.6%,TE,2017
7,8,James Hanna,1,1,28,28.0,28,1,1,0,0,0,0,1,8.8,8.8,0.0%,TE,2017
8,9,Zach Ertz,5,8,81,16.2,38,0,0,0,0,0,0,1,8.1,8.1,3.6%,TE,2017
9,10,Rob Gronkowski,4,5,80,20.0,43,0,0,0,0,0,0,1,8.0,8.0,1.5%,TE,2017
10,11,Hunter Henry,2,3,16,8.0,12,0,1,0,0,0,0,1,7.6,7.6,15.2%,TE,2017
11,12,Rhett Ellison,2,2,11,5.5,9,0,1,0,0,0,0,1,7.1,7.1,0.0%,TE,2017
12,13,Luke Willson,1,1,6,6.0,6,0,1,0,0,0,0,1,6.6,6.6,0.0%,TE,2017
13,14,Evan Engram,6,11,62,10.3,21,1,0,0,0,0,0,1,6.2,6.2,96.9%,TE,2017
14,15,Ed Dickson,3,4,62,20.7,25,2,0,0,0,0,0,1,6.2,6.2,0.0%,TE,2017
15,16,Jimmy Graham,4,6,61,15.3,33,0,0,0,0,0,0,1,6.1,6.1,0.0%,TE,2017
16,17,Delanie Walker,3,7,51,17.0,21,2,0,0,0,0,0,1,5.1,5.1,0.1%,TE,2017
17,18,Austin Hooper,5,7,50,10.0,18,0,0,0,0,0,0,1,5.0,5.0,0.4%,TE,2017
18,19,Tyler Higbee,3,6,47,15.7,29,1,0,0,0,0,0,1,4.7,4.7,19.7%,TE,2017
19,20,Austin Seferian-Jenkins,4,4,46,11.5,27,1,0,0,0,0,0,1,4.6,4.6,0.0%,TE,2017
20,21,Jared Cook,3,8,46,15.3,28,1,0,0,0,0,0,1,4.6,4.6,0.0%,TE,2017
21,22,Zach Miller,2,2,45,22.5,29,1,0,0,0,0,0,1,4.5,4.5,0.0%,TE,2017
22,23,Benjamin Watson,5,6,43,8.6,11,0,0,0,0,0,0,1,4.3,4.3,2.8%,TE,2017
23,24,Jesse James,3,3,40,13.3,18,0,0,0,0,0,0,1,4.0,4.0,0.0%,TE,2017
24,25,Darren Fells,4,5,40,10.0,10,0,0,0,0,0,0,1,4.0,4.0,0.0%,TE,2017
25,26,Martellus Bennett,6,7,39,6.5,26,1,0,0,0,0,0,1,3.9,3.9,23.0%,TE,2017
26,27,Nick Boyle,5,5,36,7.2,14,0,0,0,0,0,0,1,3.6,3.6,0.0%,TE,2017
27,28,George Kittle,2,3,35,17.5,21,1,0,0,0,0,0,1,3.5,3.5,97.3%,TE,2017
28,29,Kyle Rudolph,2,4,34,17.0,19,0,0,0,0,0,0,1,3.4,3.4,0.0%,TE,2017
29,30,Brandon Williams,1,2,32,32.0,32,0,0,0,0,0,0,1,3.2,3.2,0.0%,TE,2017
30,31,Julius Thomas,2,4,29,14.5,23,1,0,0,0,0,0,1,2.9,2.9,0.0%,TE,2017
31,32,Stephen Anderson,2,2,28,14.0,17,0,0,0,0,0,0,1,2.8,2.8,0.0%,TE,2017
32,33,Jack Doyle,5,7,27,5.4,7,0,0,0,0,0,0,1,2.7,2.7,2.0%,TE,2017
33,34,Eric Ebron,2,4,27,13.5,15,0,0,0,0,0,0,1,2.7,2.7,0.0%,TE,2017
34,35,Levine Toilolo,3,3,21,7.0,9,0,0,0,0,0,0,1,2.1,2.1,0.0%,TE,2017
35,36,Coby Fleener,2,4,21,10.5,12,0,0,0,0,0,0,1,2.1,2.1,0.0%,TE,2017
36,37,Jordan Reed,3,5,21,7.0,14,0,0,0,0,0,0,1,2.1,2.1,19.0%,TE,2017
37,38,Antonio Gates,3,5,18,6.0,9,0,0,0,0,0,0,1,1.8,1.8,0.2%,TE,2017
38,39,Lee Smith,2,2,15,7.5,11,0,0,0,0,0,0,1,1.5,1.5,0.0%,TE,2017
39,40,Michael Roberts,1,1,15,15.0,15,0,0,0,0,0,0,1,1.5,1.5,0.0%,TE,2017
40,41,Ryan Griffin,2,5,13,6.5,7,0,0,0,0,0,0,1,1.3,1.3,0.0%,TE,2017
41,42,Michael Hoomanawanui,1,2,13,13.0,13,0,0,0,0,0,0,1,1.3,1.3,0.1%,TE,2017
42,43,Jermaine Gresham,2,3,12,6.0,6,0,0,0,0,0,0,1,1.2,1.2,0.0%,TE,2017
43,44,Blake Bell,1,1,12,12.0,12,0,0,0,0,0,0,1,1.2,1.2,0.0%,TE,2017
44,45,C.J. Uzomah,1,1,11,11.0,11,0,0,0,0,0,0,1,1.1,1.1,0.1%,TE,2017
45,46,David Njoku,2,2,11,5.5,8,0,0,0,0,0,0,1,1.1,1.1,94.0%,TE,2017
46,47,Jason Witten,1,2,9,9.0,9,0,0,0,0,0,0,1,0.9,0.9,0.0%,TE,2017
47,48,Gerald Everett,1,3,8,8.0,8,0,0,0,0,0,0,1,0.8,0.8,23.5%,TE,2017
48,49,Dion Sims,1,1,8,8.0,8,0,0,0,0,0,0,1,0.8,0.8,0.0%,TE,2017
49,50,Seth DeValve,1,4,2,2.0,2,0,0,0,0,0,0,1,0.2,0.2,0.0%,TE,2017
50,51,Garrett Celek,0,0,0,0.0,0,0,0,0,0,0,0,1,0.0,0.0,0.0%,TE,2017
51,52,Derek Carrier,0,0,0,0.0,0,0,0,0,0,0,0,1,0.0,0.0,0.0%,TE,2017
52,53,Luke Stocker,0,0,0,0.0,0,0,0,0,0,0,0,1,0.0,0.0,0.0%,TE,2017
53,54,Niles Paul,0,1,0,0.0,0,0,0,0,0,0,0,1,0.0,0.0,0.0%,TE,2017
54,55,Virgil Green,0,0,0,0.0,0,0,0,0,0,0,0,1,0.0,0.0,0.0%,TE,2017
55,56,Dwayne Allen,0,1,0,0.0,0,0,0,0,0,0,0,1,0.0,0.0,0.0%,TE,2017
56,57,Vance McDonald,0,1,0,0.0,0,0,0,0,0,0,0,1,0.0,0.0,0.0%,TE,2017
57,58,Phillip Supernaw,0,0,0,0.0,0,0,0,0,0,0,0,1,0.0,0.0,0.0%,TE,2017
58,59,Ryan Hewitt,1,1,16,16.0,16,0,0,0,0,0,0,1,0.0,0.0,0.0%,TE,2017
59,60,MarQueis Gray,0,0,0,0.0,0,0,0,0,0,0,0,1,0.0,0.0,0.0%,TE,2017
60,61,Demetrius Harris,0,3,0,0.0,0,0,0,0,0,0,0,1,0.0,0.0,0.0%,TE,2017
61,62,Sean McGrath,0,0,0,0.0,0,0,0,0,0,0,0,1,0.0,0.0,0.0%,TE,2017
62,63,Logan Thomas,0,0,0,0.0,0,0,0,0,0,0,0,1,0.0,0.0,19.3%,TE,2017
63,64,Troy Niklas,0,0,0,0.0,0,0,0,0,0,0,0,1,0.0,0.0,0.0%,TE,2017
64,65,Richard Rodgers,0,0,0,0.0,0,0,0,0,0,0,0,1,0.0,0.0,0.0%,TE,2017
65,66,Trey Burton,0,0,0,0.0,0,0,0,0,0,0,0,1,0.0,0.0,0.0%,TE,2017
66,67,Kelvin Benjamin,4,4,104,26.0,43,0,0,0,0,0,0,1,0.0,0.0,0.1%,TE,2017
67,68,Xavier Grimble,0,0,0,0.0,0,0,0,0,0,0,0,1,0.0,0.0,0.0%,TE,2017
68,69,Jordan Matthews,2,2,10,5.0,9,0,1,0,0,0,0,1,0.0,0.0,0.0%,TE,2017
69,70,Lance Kendricks,1,1,0,0.0,0,0,0,0,0,0,0,1,0.0,0.0,0.0%,TE,2017
70,71,Brent Celek,0,1,0,0.0,0,0,0,0,0,0,0,1,0.0,0.0,0.0%,TE,2017
71,72,Anthony Fasano,0,0,0,0.0,0,0,0,0,0,0,0,1,0.0,0.0,0.1%,TE,2017
72,73,Clark Harris,0,0,0,0.0,0,0,0,0,0,0,0,1,0.0,0.0,0.0%,TE,2017
73,74,Logan Paulsen,0,1,0,0.0,0,0,0,0,0,0,0,1,0.0,0.0,0.0%,TE,2017
74,75,Marcedes Lewis,0,4,0,0.0,0,0,0,0,0,0,0,1,0.0,0.0,0.1%,TE,2017
75,76,Ricky Seals-Jones,0,0,0,0.0,0,0,0,0,0,0,0,1,0.0,0.0,0.0%,TE,2017
76,77,Adam Shaheen,0,0,0,0.0,0,0,0,0,0,0,0,1,0.0,0.0,0.0%,TE,2017
77,78,Jonnu Smith,0,0,0,0.0,0,0,0,0,0,0,0,1,0.0,0.0,8.1%,TE,2017
78,79,Lorenzo Jerome,0,0,0,0.0,0,0,0,0,0,0,0,1,0.0,0.0,0.0%,TE,2017
79,80,Eric Saubert,0,0,0,0.0,0,0,0,0,0,0,0,1,0.0,0.0,0.0%,TE,2017
80,81,Darrell Daniels,0,2,0,0.0,0,0,0,0,0,0,0,1,0.0,0.0,0.0%,TE,2017
81,82,Jeremy Sprinkle,0,0,0,0.0,0,0,0,0,0,0,0,1,0.0,0.0,0.0%,TE,2017
82,83,Cethan Carter,0,0,0,0.0,0,0,0,0,0,0,0,1,0.0,0.0,0.0%,TE,2017
83,84,Jacob Hollister,0,1,0,0.0,0,0,0,0,0,0,0,1,0.0,0.0,0.0%,TE,2017
84,85,Alan Cross,0,0,0,0.0,0,0,0,0,0,0,0,1,0.0,0.0,0.0%,TE,2017
85,86,Jeff Heuerman,0,0,0,0.0,0,0,0,0,0,0,0,1,0.0,0.0,0.0%,TE,2017
86,87,Vince Mayle,0,0,0,0.0,0,0,0,0,0,0,0,1,0.0,0.0,0.0%,TE,2017
87,88,Chris Manhertz,0,0,0,0.0,0,0,0,0,0,0,0,1,0.0,0.0,0.0%,TE,2017
88,89,Jake Fisher,0,0,0,0.0,0,0,0,0,0,0,0,1,0.0,0.0,0.0%,TE,2017
89,90,Randall Telfer,0,0,0,0.0,0,0,0,0,0,0,0,1,0.0,0.0,0.0%,TE,2017
90,91,Neal Sterling,0,0,0,0.0,0,0,0,0,0,0,0,1,0.0,0.0,0.0%,TE,2017
91,92,Nick O'Leary,0,0,0,0.0,0,0,0,0,0,0,0,1,0.0,0.0,0.0%,TE,2017
92,93,James O'Shaughnessy,0,1,0,0.0,0,0,0,0,0,0,0,1,0.0,0.0,0.0%,TE,2017
93,94,Geoff Swaim,0,0,0,0.0,0,0,0,0,0,0,0,1,0.0,0.0,0.0%,TE,2017
94,95,Ben Koyack,0,0,0,0.0,0,0,0,0,0,0,0,1,0.0,0.0,0.0%,TE,2017
95,96,Clive Walford,0,0,0,0.0,0,0,0,0,0,0,0,1,0.0,0.0,0.0%,TE,2017
96,97,Ifeanyi Momah,0,0,0,0.0,0,0,0,0,0,0,0,1,0.0,0.0,0.0%,TE,2017
97,98,Josh Hill,0,0,0,0.0,0,0,0,0,0,0,0,1,0.0,0.0,0.0%,TE,2017
98,99,Devin Funchess,7,9,70,10.0,16,0,2,0,0,0,0,1,0.0,0.0,0.0%,TE,2017
99,100,Kyle Nelson,0,0,0,0.0,0,0,0,0,0,0,0,1,0.0,0.0,0.0%,TE,2017
100,101,Jerell Adams,0,0,0,0.0,0,0,0,0,0,0,0,1,0.0,0.0,0.0%,TE,2017
101,102,David Morgan,0,1,0,0.0,0,0,0,0,0,0,0,1,0.0,0.0,0.0%,TE,2017
102,103,Zach Wood,0,0,0,0.0,0,0,0,0,0,0,0,1,0.0,0.0,0.0%,TE,2017
103,104,Eric Tomlinson,0,1,0,0.0,0,0,0,0,0,0,0,1,0.0,0.0,0.0%,TE,2017
104,105,Nick Vannett,0,0,0,0.0,0,0,0,0,0,0,0,1,0.0,0.0,0.0%,TE,2017
105,106,Bronson Kaufusi,0,0,0,0.0,0,0,0,0,0,0,0,1,0.0,0.0,0.0%,TE,2017
106,107,Andrew DePaola,0,0,0,0.0,0,0,0,0,0,0,0,1,0.0,0.0,0.0%,TE,2017
107,108,Kevin McDermott,0,0,0,0.0,0,0,0,0,0,0,0,1,0.0,0.0,0.0%,TE,2017
108,109,Tyler Ott,0,0,0,0.0,0,0,0,0,0,0,0,1,0.0,0.0,0.0%,TE,2017
109,110,James Winchester,0,0,0,0.0,0,0,0,0,0,0,0,1,0.0,0.0,0.0%,TE,2017
110,111,Beau Brinkley,0,0,0,0.0,0,0,0,0,0,0,0,1,0.0,0.0,0.2%,TE,2017
111,112,Ross Travis,0,0,0,0.0,0,0,0,0,0,0,0,1,0.0,0.0,0.0%,TE,2017
