,Rank,Player,Receiving Receptions,Receiving Target,Receiving Yards,Yards/Reception,Longest Reception,Receiving 20+,Receiving Touchdowns,Rushing Attempts,Rushing Yards,Rushing Touchdown,Fumbles,Games Played,Fantasy Football Points,FTPS/Game,ROST,Position,Year
0,1,Ed Dickson,5,5,175,35.0,64,1,0,0,0,0,0,1,17.5,17.5,0.0%,TE,2017
1,2,Darren Fells,2,2,24,12.0,20,1,2,0,0,0,0,1,14.4,14.4,0.0%,TE,2017
2,3,George Kittle,7,9,83,11.9,27,1,1,0,0,0,0,1,14.3,14.3,97.3%,TE,2017
3,4,Cameron Brate,5,9,68,13.6,18,0,1,0,0,0,0,1,12.8,12.8,2.0%,TE,2017
4,5,Zach Ertz,6,12,61,10.2,14,0,1,0,0,0,0,1,12.1,12.1,3.6%,TE,2017
5,6,David Njoku,3,3,48,16.0,21,1,1,1,1,0,0,1,10.9,10.9,94.0%,TE,2017
6,7,Kyle Rudolph,6,9,45,7.5,13,0,1,0,0,0,0,1,10.5,10.5,0.0%,TE,2017
7,8,Hunter Henry,3,8,42,14.0,25,1,1,0,0,0,0,1,10.2,10.2,15.2%,TE,2017
8,9,Zach Miller,3,7,39,13.0,20,1,1,0,0,0,0,1,9.9,9.9,0.0%,TE,2017
9,10,Tyler Higbee,4,8,98,24.5,35,2,0,0,0,0,0,1,9.8,9.8,19.7%,TE,2017
10,11,Travis Kelce,8,11,98,12.3,26,2,0,0,0,0,0,1,9.8,9.8,99.9%,TE,2017
11,12,Jimmy Graham,6,8,37,6.2,9,0,1,0,0,0,0,1,9.7,9.7,0.0%,TE,2017
12,13,Austin Seferian-Jenkins,6,8,29,4.8,9,0,1,0,0,0,0,1,8.9,8.9,0.0%,TE,2017
13,14,Trey Burton,2,2,16,8.0,15,0,1,0,0,0,0,1,7.6,7.6,0.0%,TE,2017
14,15,Phillip Supernaw,2,2,16,8.0,11,0,1,0,0,0,0,1,7.6,7.6,0.0%,TE,2017
15,16,Stephen Anderson,2,2,63,31.5,42,1,0,0,0,0,0,1,6.3,6.3,0.0%,TE,2017
16,17,Nick O'Leary,5,6,54,10.8,19,0,0,0,0,0,0,1,5.4,5.4,0.0%,TE,2017
17,18,Martellus Bennett,3,3,53,17.7,33,0,0,0,0,0,0,1,5.3,5.3,23.0%,TE,2017
18,19,Jason Witten,8,10,61,7.6,14,0,0,0,0,0,1,1,4.1,4.1,0.0%,TE,2017
19,20,Tyler Kroft,4,5,38,9.5,15,0,0,0,0,0,0,1,3.8,3.8,0.0%,TE,2017
20,21,Eric Tomlinson,1,1,34,34.0,34,0,0,0,0,0,0,1,3.4,3.4,0.0%,TE,2017
21,22,Charles Clay,2,3,31,15.5,24,1,0,0,0,0,0,1,3.1,3.1,0.0%,TE,2017
22,23,Ross Travis,2,2,26,13.0,18,0,0,0,0,0,0,1,2.6,2.6,0.0%,TE,2017
23,24,Delanie Walker,3,5,25,8.3,12,0,0,0,0,0,0,1,2.5,2.5,0.1%,TE,2017
24,25,Seth DeValve,3,4,24,8.0,17,0,0,0,0,0,0,1,2.4,2.4,0.0%,TE,2017
25,26,Lance Kendricks,1,1,24,24.0,24,1,0,0,0,0,0,1,2.4,2.4,0.0%,TE,2017
26,27,Jesse James,3,5,24,8.0,15,0,0,0,0,0,0,1,2.4,2.4,0.0%,TE,2017
27,28,Antonio Gates,2,3,23,11.5,12,0,0,0,0,0,0,1,2.3,2.3,0.2%,TE,2017
28,29,Ryan Griffin,2,4,22,11.0,13,0,0,0,0,0,0,1,2.2,2.2,0.0%,TE,2017
29,30,C.J. Uzomah,1,2,21,21.0,21,1,0,0,0,0,0,1,2.1,2.1,0.1%,TE,2017
30,31,Demetrius Harris,3,3,21,7.0,11,0,0,0,0,0,0,1,2.1,2.1,0.0%,TE,2017
31,32,Jonnu Smith,5,5,21,4.2,9,0,0,0,0,0,0,1,2.1,2.1,8.1%,TE,2017
32,33,Dion Sims,1,4,17,17.0,17,0,0,0,0,0,0,1,1.7,1.7,0.0%,TE,2017
33,34,Brandon Williams,3,3,17,5.7,6,0,0,0,0,0,0,1,1.7,1.7,0.0%,TE,2017
34,35,Richard Rodgers,1,1,16,16.0,16,0,0,0,0,0,0,1,1.6,1.6,0.0%,TE,2017
35,36,Jermaine Gresham,2,2,16,8.0,14,0,0,0,0,0,0,1,1.6,1.6,0.0%,TE,2017
36,37,Julius Thomas,1,4,15,15.0,15,0,0,0,0,0,0,1,1.5,1.5,0.0%,TE,2017
37,38,Marcedes Lewis,1,2,14,14.0,14,0,0,0,0,0,0,1,1.4,1.4,0.1%,TE,2017
38,39,Darrell Daniels,1,4,13,13.0,13,0,0,0,0,0,0,1,1.3,1.3,0.0%,TE,2017
39,40,Jerell Adams,1,1,11,11.0,11,0,0,0,0,0,0,1,1.1,1.1,0.0%,TE,2017
40,41,Nick Boyle,1,2,9,9.0,9,0,0,0,0,0,0,1,0.9,0.9,0.0%,TE,2017
41,42,Rhett Ellison,1,2,9,9.0,9,0,0,0,0,0,0,1,0.9,0.9,0.0%,TE,2017
42,43,Gerald Everett,1,3,8,8.0,8,0,0,0,0,0,0,1,0.8,0.8,23.5%,TE,2017
43,44,Garrett Celek,1,1,6,6.0,6,0,0,0,0,0,0,1,0.6,0.6,0.0%,TE,2017
44,45,Eric Ebron,1,4,6,6.0,6,0,0,0,0,0,0,1,0.6,0.6,0.0%,TE,2017
45,46,Jared Cook,3,6,25,8.3,17,0,0,0,0,0,1,1,0.5,0.5,0.0%,TE,2017
46,47,Brent Celek,1,1,5,5.0,5,0,0,0,0,0,0,1,0.5,0.5,0.0%,TE,2017
47,48,Logan Thomas,1,2,3,3.0,3,0,0,0,0,0,0,1,0.3,0.3,19.3%,TE,2017
48,49,Nick Vannett,2,2,3,1.5,3,0,0,0,0,0,0,1,0.3,0.3,0.0%,TE,2017
49,50,Benjamin Watson,2,4,2,1.0,4,0,0,0,0,0,0,1,0.2,0.2,2.8%,TE,2017
50,51,James Hanna,0,1,0,0.0,0,0,0,0,0,0,0,1,0.0,0.0,0.0%,TE,2017
51,52,Derek Carrier,0,0,0,0.0,0,0,0,0,0,0,0,1,0.0,0.0,0.0%,TE,2017
52,53,Luke Stocker,0,0,0,0.0,0,0,0,0,0,0,0,1,0.0,0.0,0.0%,TE,2017
53,54,Lee Smith,0,0,0,0.0,0,0,0,0,0,0,0,1,0.0,0.0,0.0%,TE,2017
54,55,Dwayne Allen,0,0,0,0.0,0,0,0,0,0,0,0,1,0.0,0.0,0.0%,TE,2017
55,56,Vance McDonald,0,2,0,0.0,0,0,0,0,0,0,0,1,0.0,0.0,0.0%,TE,2017
56,57,Luke Willson,0,1,0,0.0,0,0,0,0,0,0,0,1,0.0,0.0,0.0%,TE,2017
57,58,MarQueis Gray,0,1,0,0.0,0,0,0,0,0,0,0,1,0.0,0.0,0.0%,TE,2017
58,59,Sean McGrath,0,0,0,0.0,0,0,0,0,0,0,0,1,0.0,0.0,0.0%,TE,2017
59,60,Troy Niklas,0,0,0,0.0,0,0,0,0,0,0,0,1,0.0,0.0,0.0%,TE,2017
60,61,Xavier Grimble,0,0,0,0.0,0,0,0,0,0,0,0,1,0.0,0.0,0.0%,TE,2017
61,62,Kelvin Benjamin,4,6,58,14.5,31,0,1,0,0,0,0,1,0.0,0.0,0.1%,TE,2017
62,63,Anthony Fasano,0,1,0,0.0,0,0,0,0,0,0,0,1,0.0,0.0,0.1%,TE,2017
63,64,Clark Harris,0,0,0,0.0,0,0,0,0,0,0,0,1,0.0,0.0,0.0%,TE,2017
64,65,Logan Paulsen,0,0,0,0.0,0,0,0,0,0,0,0,1,0.0,0.0,0.0%,TE,2017
65,66,Ricky Seals-Jones,0,1,0,0.0,0,0,0,0,0,0,0,1,0.0,0.0,0.0%,TE,2017
66,67,Adam Shaheen,0,0,0,0.0,0,0,0,0,0,0,0,1,0.0,0.0,0.0%,TE,2017
67,68,O.J. Howard,0,1,0,0.0,0,0,0,0,0,0,0,1,0.0,0.0,0.0%,TE,2017
68,69,Evan Engram,0,4,0,0.0,0,0,0,0,0,0,0,1,0.0,0.0,96.9%,TE,2017
69,70,Lorenzo Jerome,0,0,0,0.0,0,0,0,0,0,0,0,1,0.0,0.0,0.0%,TE,2017
70,71,Cethan Carter,0,1,0,0.0,0,0,0,0,0,0,0,1,0.0,0.0,0.0%,TE,2017
71,72,Jacob Hollister,0,1,0,0.0,0,0,0,0,0,0,0,1,0.0,0.0,0.0%,TE,2017
72,73,Antony Auclair,0,0,0,0.0,0,0,0,0,0,0,0,1,0.0,0.0,0.0%,TE,2017
73,74,Michael Roberts,0,0,0,0.0,0,0,0,0,0,0,0,1,0.0,0.0,0.0%,TE,2017
74,75,Blake Bell,0,0,0,0.0,0,0,0,0,0,0,0,1,0.0,0.0,0.0%,TE,2017
75,76,Vince Mayle,0,0,0,0.0,0,0,0,1,2,1,0,1,0.0,0.0,0.0%,TE,2017
76,77,Chris Manhertz,0,0,0,0.0,0,0,0,0,0,0,0,1,0.0,0.0,0.0%,TE,2017
77,78,Jake Fisher,0,0,0,0.0,0,0,0,0,0,0,0,1,0.0,0.0,0.0%,TE,2017
78,79,Randall Telfer,0,0,0,0.0,0,0,0,0,0,0,0,1,0.0,0.0,0.0%,TE,2017
79,80,Clive Walford,0,0,0,0.0,0,0,0,0,0,0,0,1,0.0,0.0,0.0%,TE,2017
80,81,Geoff Swaim,0,0,0,0.0,0,0,0,0,0,0,0,1,0.0,0.0,0.0%,TE,2017
81,82,James O'Shaughnessy,0,1,0,0.0,0,0,0,0,0,0,0,1,0.0,0.0,0.0%,TE,2017
82,83,Ben Koyack,0,0,0,0.0,0,0,0,0,0,0,0,1,0.0,0.0,0.0%,TE,2017
83,84,Ifeanyi Momah,0,0,0,0.0,0,0,0,0,0,0,0,1,0.0,0.0,0.0%,TE,2017
84,85,Devin Funchess,7,8,53,7.6,15,0,1,0,0,0,0,1,0.0,0.0,0.0%,TE,2017
85,86,Kyle Nelson,0,0,0,0.0,0,0,0,0,0,0,0,1,0.0,0.0,0.0%,TE,2017
86,87,David Morgan,0,0,0,0.0,0,0,0,0,0,0,0,1,0.0,0.0,0.0%,TE,2017
87,88,Henry Krieger-Coble,0,0,0,0.0,0,0,0,0,0,0,0,1,0.0,0.0,0.0%,TE,2017
88,89,Daniel Brown,0,0,0,0.0,0,0,0,0,0,0,0,1,0.0,0.0,0.0%,TE,2017
89,90,Andrew DePaola,0,0,0,0.0,0,0,0,0,0,0,0,1,0.0,0.0,0.0%,TE,2017
90,91,Kevin McDermott,0,0,0,0.0,0,0,0,0,0,0,0,1,0.0,0.0,0.0%,TE,2017
91,92,Tyler Ott,0,0,0,0.0,0,0,0,0,0,0,0,1,0.0,0.0,0.0%,TE,2017
92,93,James Winchester,0,0,0,0.0,0,0,0,0,0,0,0,1,0.0,0.0,0.0%,TE,2017
93,94,Beau Brinkley,0,0,0,0.0,0,0,0,0,0,0,0,1,0.0,0.0,0.2%,TE,2017
