,Rank,Player,Receiving Receptions,Receiving Target,Receiving Yards,Yards/Reception,Longest Reception,Receiving 20+,Receiving Touchdowns,Rushing Attempts,Rushing Yards,Rushing Touchdown,Fumbles,Games Played,Fantasy Football Points,FTPS/Game,ROST,Position,Year
0,1,Doug Baldwin,4,5,90,22.5,29,3,2,0,0,0,0,1,21.0,21.0,0.0%,WR,2017
1,2,JuJu Smith-Schuster,9,10,143,15.9,46,1,1,0,0,0,0,1,20.3,20.3,7.0%,WR,2017
2,3,Keenan Allen,9,12,133,14.8,28,3,1,0,0,0,0,1,19.3,19.3,91.1%,WR,2017
3,4,Rashard Higgins,3,4,68,22.7,56,0,2,0,0,0,0,1,18.8,18.8,0.0%,WR,2017
4,5,Golden Tate,7,7,104,14.9,71,0,1,0,0,0,0,1,18.4,18.4,0.0%,WR,2017
5,6,Amari Cooper,3,6,115,38.3,87,0,1,0,0,0,0,1,17.5,17.5,91.5%,WR,2017
6,7,Chris Godwin,7,12,111,15.9,39,0,1,0,0,0,0,1,17.1,17.1,90.4%,WR,2017
7,8,Travis Benjamin,4,5,96,24.0,62,1,1,2,4,0,0,1,16.0,16.0,0.0%,WR,2017
8,9,Jarvis Landry,9,10,92,10.2,26,2,1,0,0,0,0,1,15.2,15.2,14.0%,WR,2017
9,10,Tyler Boyd,5,7,91,18.2,49,0,1,0,0,0,0,1,15.1,15.1,28.0%,WR,2017
10,11,Brandin Cooks,5,11,79,15.8,37,1,1,3,8,0,0,1,14.7,14.7,43.5%,WR,2017
11,12,Albert Wilson,10,11,147,14.7,24,1,0,0,0,0,0,1,14.7,14.7,0.0%,WR,2017
12,13,Marvin Jones,4,5,81,20.3,56,0,1,0,0,0,0,1,14.1,14.1,0.1%,WR,2017
13,14,Kenny Golladay,2,3,80,40.0,54,1,1,0,0,0,0,1,14.0,14.0,4.0%,WR,2017
14,15,Randall Cobb,4,6,45,11.3,17,0,1,1,4,0,0,1,13.3,13.3,0.0%,WR,2017
15,16,Tyrell Williams,3,4,67,22.3,56,0,1,0,0,0,0,1,12.7,12.7,0.0%,WR,2017
16,17,Demaryius Thomas,6,8,57,9.5,19,0,1,0,0,0,0,1,11.7,11.7,0.1%,WR,2017
17,18,Stefon Diggs,6,6,65,10.8,26,1,1,1,-8,0,0,1,11.7,11.7,99.7%,WR,2017
18,19,Josh Gordon,4,7,115,28.8,54,0,0,0,0,0,0,1,11.5,11.5,0.0%,WR,2017
19,20,Brice Butler,2,2,50,25.0,30,1,1,0,0,0,0,1,11.0,11.0,0.0%,WR,2017
20,21,Devin Funchess,2,6,48,24.0,44,0,1,0,0,0,0,1,10.8,10.8,0.0%,WR,2017
21,22,Adam Humphries,7,11,102,14.6,43,0,0,0,0,0,0,1,10.2,10.2,0.0%,WR,2017
22,23,Mike Wallace,5,13,40,8.0,12,0,1,0,0,0,0,1,10.0,10.0,0.0%,WR,2017
23,24,Marquise Goodwin,2,4,28,14.0,20,1,1,1,10,0,0,1,9.8,9.8,0.0%,WR,2017
24,25,Dontrelle Inman,5,10,94,18.8,23,3,0,0,0,0,0,1,9.4,9.4,0.0%,WR,2017
25,26,Michael Thomas,6,8,94,15.7,43,0,0,0,0,0,0,1,9.4,9.4,17.1%,WR,2017
26,27,Darrius Heyward-Bey,0,0,0,0.0,0,0,0,1,29,1,0,1,8.9,8.9,0.0%,WR,2017
27,28,Hunter Sharp,3,6,29,9.7,16,0,1,0,0,0,0,1,8.9,8.9,0.0%,WR,2017
28,29,Jaron Brown,1,5,25,25.0,25,1,1,0,0,0,0,1,8.5,8.5,0.0%,WR,2017
29,30,Julio Jones,5,11,80,16.0,27,1,0,0,0,0,0,1,8.0,8.0,0.6%,WR,2017
30,31,Mike Evans,5,13,55,11.0,16,0,0,0,0,0,0,1,7.5,7.5,98.1%,WR,2017
31,32,Mike Thomas,3,4,75,25.0,50,0,0,0,0,0,0,1,7.5,7.5,0.0%,WR,2017
32,33,Aldrick Robinson,1,3,12,12.0,12,0,1,0,0,0,0,1,7.2,7.2,0.0%,WR,2017
33,34,Mohamed Sanu,7,11,71,10.1,18,0,0,1,0,0,0,1,7.1,7.1,0.0%,WR,2017
34,35,Chris Moore,1,3,6,6.0,6,0,1,0,0,0,0,1,6.6,6.6,0.1%,WR,2017
35,36,Jordan Taylor,6,8,65,10.8,30,0,0,0,0,0,0,1,6.5,6.5,0.0%,WR,2017
36,37,Martavis Bryant,6,7,65,10.8,17,0,0,0,0,0,0,1,6.5,6.5,0.0%,WR,2017
37,38,DeVante Parker,6,7,64,10.7,24,1,0,0,0,0,0,1,6.4,6.4,1.7%,WR,2017
38,39,Adam Thielen,6,7,61,10.2,16,0,0,0,0,0,0,1,6.1,6.1,74.6%,WR,2017
39,40,Jermaine Kearse,5,7,59,11.8,22,1,0,0,0,0,0,1,5.9,5.9,0.0%,WR,2017
40,41,Bennie Fowler,4,6,56,14.0,22,1,0,0,0,0,0,1,5.6,5.6,0.0%,WR,2017
41,42,Trevor Davis,3,3,56,18.7,29,2,0,0,0,0,0,1,5.6,5.6,0.0%,WR,2017
42,43,Larry Fitzgerald,8,13,55,6.9,12,0,0,0,0,0,0,1,5.5,5.5,0.2%,WR,2017
43,44,Chris Thompson,3,3,54,18.0,32,0,0,0,0,0,0,1,5.4,5.4,0.0%,WR,2017
44,45,Seth Roberts,5,6,48,9.6,26,1,0,0,0,0,0,1,4.8,4.8,0.0%,WR,2017
45,46,ArDarius Stewart,1,2,46,46.0,46,0,0,0,0,0,0,1,4.6,4.6,0.0%,WR,2017
46,47,Danny Amendola,4,7,43,10.8,16,0,0,0,0,0,0,1,4.3,4.3,0.0%,WR,2017
47,48,Chester Rogers,2,4,39,19.5,22,1,0,0,0,0,0,1,3.9,3.9,0.0%,WR,2017
48,49,Tavon Austin,3,5,14,4.7,9,0,0,4,24,0,0,1,3.8,3.8,0.1%,WR,2017
49,50,Allen Hurns,3,5,38,12.7,18,0,0,0,0,0,0,1,3.8,3.8,0.0%,WR,2017
50,51,Josh Doctson,4,10,37,9.3,12,0,0,0,0,0,0,1,3.7,3.7,0.0%,WR,2017
51,52,Michael Campanaro,3,4,36,12.0,15,0,0,0,0,0,0,1,3.6,3.6,0.0%,WR,2017
52,53,Josh Bellamy,1,5,30,30.0,30,0,0,1,6,0,0,1,3.6,3.6,0.0%,WR,2017
53,54,Brenton Bersin,2,4,36,18.0,27,1,0,0,0,0,0,1,3.6,3.6,0.0%,WR,2017
54,55,Ted Ginn,3,6,33,11.0,23,1,0,1,2,0,0,1,3.5,3.5,0.0%,WR,2017
55,56,Brandon LaFell,2,4,35,17.5,22,1,0,0,0,0,0,1,3.5,3.5,0.0%,WR,2017
56,57,Kenny Stills,3,7,34,11.3,16,0,0,0,0,0,0,1,3.4,3.4,0.0%,WR,2017
57,58,Ryan Switzer,4,5,32,8.0,12,0,0,0,0,0,0,1,3.2,3.2,0.0%,WR,2017
58,59,Justin Hardy,2,3,32,16.0,17,0,0,0,0,0,0,1,3.2,3.2,0.0%,WR,2017
59,60,Demarcus Robinson,4,10,31,7.8,12,0,0,0,0,0,0,1,3.1,3.1,15.2%,WR,2017
60,61,Pharoh Cooper,2,4,30,15.0,26,1,0,0,0,0,0,1,3.0,3.0,0.0%,WR,2017
61,62,Kendall Wright,5,8,29,5.8,10,0,0,0,0,0,0,1,2.9,2.9,0.0%,WR,2017
62,63,Travis Rudolph,1,4,29,29.0,29,1,0,0,0,0,0,1,2.9,2.9,0.0%,WR,2017
63,64,Trent Taylor,2,2,29,14.5,15,0,0,0,0,0,0,1,2.9,2.9,0.0%,WR,2017
64,65,Kendrick Bourne,2,5,28,14.0,16,0,0,0,0,0,0,1,2.8,2.8,4.5%,WR,2017
65,66,Kelvin Benjamin,2,3,27,13.5,18,0,0,0,0,0,0,1,2.7,2.7,0.1%,WR,2017
66,67,Jakeem Grant,3,5,26,8.7,13,0,0,0,0,0,0,1,2.6,2.6,0.0%,WR,2017
67,68,Phillip Dorsett,3,5,26,8.7,11,0,0,0,0,0,0,1,2.6,2.6,0.0%,WR,2017
68,69,Tyler Lockett,3,4,25,8.3,18,0,0,0,0,0,0,1,2.5,2.5,88.8%,WR,2017
69,70,Zay Jones,2,3,25,12.5,18,0,0,0,0,0,0,1,2.5,2.5,16.7%,WR,2017
70,71,Mack Hollins,3,5,25,8.3,12,0,0,0,0,0,0,1,2.5,2.5,0.3%,WR,2017
71,72,Jamison Crowder,3,7,25,8.3,11,0,0,1,-1,0,0,1,2.4,2.4,0.3%,WR,2017
72,73,Dez Bryant,3,8,24,8.0,12,0,0,0,0,0,0,1,2.4,2.4,2.6%,WR,2017
73,74,Ryan Grant,2,5,23,11.5,20,1,0,0,0,0,0,1,2.3,2.3,0.0%,WR,2017
74,75,Deonte Thompson,2,3,23,11.5,13,0,0,0,0,0,0,1,2.3,2.3,0.0%,WR,2017
75,76,J.J. Nelson,1,1,18,18.0,18,0,0,0,0,0,0,1,1.8,1.8,0.0%,WR,2017
76,77,Nelson Agholor,3,3,11,3.7,7,0,0,1,7,0,0,1,1.8,1.8,0.9%,WR,2017
77,78,Eric Decker,3,6,18,6.0,8,0,0,0,0,0,0,1,1.8,1.8,0.6%,WR,2017
78,79,Corey Coleman,1,6,18,18.0,18,0,0,0,0,0,0,1,1.8,1.8,0.0%,WR,2017
79,80,Michael Crabtree,2,2,17,8.5,12,0,0,0,0,0,0,1,1.7,1.7,0.0%,WR,2017
80,81,A.J. Green,2,10,17,8.5,11,0,0,0,0,0,0,1,1.7,1.7,0.6%,WR,2017
81,82,William Fuller,2,2,17,8.5,13,0,0,0,0,0,0,1,1.7,1.7,0.0%,WR,2017
82,83,Josh Reynolds,2,6,16,8.0,11,0,0,0,0,0,0,1,1.6,1.6,7.4%,WR,2017
83,84,Laquon Treadwell,3,3,16,5.3,12,0,0,0,0,0,0,1,1.6,1.6,0.0%,WR,2017
84,85,Geronimo Allison,2,3,15,7.5,9,0,0,0,0,0,0,1,1.5,1.5,0.0%,WR,2017
85,86,Chad Hansen,1,4,15,15.0,15,0,0,0,0,0,0,1,1.5,1.5,0.0%,WR,2017
86,87,T.Y. Hilton,3,6,14,4.7,9,0,0,0,0,0,0,1,1.4,1.4,3.0%,WR,2017
87,88,Terrance Williams,2,4,5,2.5,3,0,0,1,9,0,0,1,1.4,1.4,0.0%,WR,2017
88,89,Kaelin Clay,1,2,15,15.0,15,0,0,1,-2,0,0,1,1.3,1.3,0.0%,WR,2017
89,90,Keelan Cole,4,8,33,8.3,15,0,0,0,0,0,1,1,1.3,1.3,0.0%,WR,2017
90,91,Shelton Gibson,2,3,11,5.5,6,0,0,0,0,0,0,1,1.1,1.1,0.0%,WR,2017
91,92,Braxton Miller,2,4,9,4.5,5,0,0,0,0,0,0,1,0.9,0.9,0.0%,WR,2017
92,93,Dede Westbrook,1,9,9,9.0,9,0,0,0,0,0,0,1,0.9,0.9,0.0%,WR,2017
93,94,Freddie Martino,1,1,9,9.0,9,0,0,0,0,0,0,1,0.9,0.9,0.1%,WR,2017
94,95,Alshon Jeffery,1,2,8,8.0,8,0,0,0,0,0,0,1,0.8,0.8,0.0%,WR,2017
95,96,Cobi Hamilton,1,5,8,8.0,8,0,0,0,0,0,0,1,0.8,0.8,0.0%,WR,2017
96,97,Mike Williams,1,1,8,8.0,8,0,0,0,0,0,0,1,0.8,0.8,48.2%,WR,2017
97,98,Jehu Chesson,1,3,8,8.0,8,0,0,0,0,0,0,1,0.8,0.8,0.0%,WR,2017
98,99,Rishard Matthews,1,2,7,7.0,7,0,0,0,0,0,0,1,0.7,0.7,0.0%,WR,2017
99,100,Isaiah McKenzie,1,3,7,7.0,7,0,0,0,0,0,0,1,0.7,0.7,0.2%,WR,2017
100,101,Louis Murphy,1,2,6,6.0,6,0,0,0,0,0,0,1,0.6,0.6,0.0%,WR,2017
101,102,Michael Clark,1,5,5,5.0,5,0,0,0,0,0,0,1,0.5,0.5,0.0%,WR,2017
102,103,Taywan Taylor,0,0,0,0.0,0,0,0,1,5,0,0,1,0.5,0.5,0.0%,WR,2017
103,104,Amara Darboh,1,1,5,5.0,5,0,0,0,0,0,0,1,0.5,0.5,0.0%,WR,2017
104,105,Bobo Wilson,0,0,0,0.0,0,0,0,2,4,0,0,1,0.4,0.4,0.1%,WR,2017
105,106,Robbie Chosen,1,3,2,2.0,2,0,0,1,1,0,0,1,0.3,0.3,0.0%,WR,2017
106,107,Marcus Johnson,3,3,23,7.7,16,0,0,0,0,0,1,1,0.3,0.3,0.0%,WR,2017
107,108,Kamar Aiken,1,1,2,2.0,2,0,0,0,0,0,0,1,0.2,0.2,0.0%,WR,2017
108,109,Eli Rogers,1,1,1,1.0,1,0,0,0,0,0,0,1,0.1,0.1,0.0%,WR,2017
109,110,Justin Hunter,0,0,0,0.0,0,0,0,0,0,0,0,1,0.0,0.0,0.0%,WR,2017
110,111,Russell Shepard,0,0,0,0.0,0,0,0,0,0,0,0,1,0.0,0.0,0.0%,WR,2017
111,112,Markus Wheaton,0,1,0,0.0,0,0,0,0,0,0,0,1,0.0,0.0,0.0%,WR,2017
112,113,Ryan Davis,0,0,0,0.0,0,0,0,0,0,0,0,1,0.0,0.0,0.0%,WR,2017
113,114,De'Anthony Thomas,0,1,0,0.0,0,0,0,0,0,0,0,1,0.0,0.0,0.0%,WR,2017
114,115,Michael Floyd,0,3,0,0.0,0,0,0,0,0,0,0,1,0.0,0.0,0.0%,WR,2017
115,116,Brian Quick,0,1,0,0.0,0,0,0,0,0,0,0,1,0.0,0.0,0.0%,WR,2017
116,117,Jarius Wright,0,0,0,0.0,0,0,0,0,0,0,0,1,0.0,0.0,0.0%,WR,2017
117,118,Taylor Gabriel,0,1,0,0.0,0,0,0,0,0,0,0,1,0.0,0.0,0.1%,WR,2017
118,119,Willie Snead,0,0,0,0.0,0,0,0,0,0,0,0,1,0.0,0.0,0.0%,WR,2017
119,120,Anthony Johnson,0,0,0,0.0,0,0,0,0,0,0,0,1,0.0,0.0,0.0%,WR,2017
120,121,Brandon Coleman,0,1,0,0.0,0,0,0,0,0,0,0,1,0.0,0.0,0.0%,WR,2017
121,122,John Brown,0,4,0,0.0,0,0,0,0,0,0,0,1,0.0,0.0,0.0%,WR,2017
122,123,Jeff Janis,1,3,0,0.0,0,0,0,0,0,0,0,1,0.0,0.0,0.0%,WR,2017
123,124,James Wright,0,0,0,0.0,0,0,0,0,0,0,0,1,0.0,0.0,0.0%,WR,2017
124,125,Paul Richardson,0,2,0,0.0,0,0,0,0,0,0,0,1,0.0,0.0,0.0%,WR,2017
125,126,Kenny Britt,0,2,0,0.0,0,0,0,0,0,0,0,1,0.0,0.0,0.0%,WR,2017
126,127,Matthew Slater,0,0,0,0.0,0,0,0,0,0,0,0,1,0.0,0.0,0.0%,WR,2017
127,128,Brandon Tate,0,0,0,0.0,0,0,0,0,0,0,0,1,0.0,0.0,0.0%,WR,2017
128,129,Eric Weems,0,0,0,0.0,0,0,0,0,0,0,0,1,0.0,0.0,0.0%,WR,2017
129,130,Torrey Smith,0,3,0,0.0,0,0,0,0,0,0,0,1,0.0,0.0,0.0%,WR,2017
130,131,Andre Roberts,0,0,0,0.0,0,0,0,0,0,0,0,1,0.0,0.0,0.0%,WR,2017
131,132,Lance Lenoir,0,0,0,0.0,0,0,0,0,0,0,0,1,0.0,0.0,0.0%,WR,2017
132,133,David Moore,0,0,0,0.0,0,0,0,0,0,0,0,1,0.0,0.0,0.1%,WR,2017
133,134,Jamal Agnew,0,0,0,0.0,0,0,0,0,0,0,0,1,0.0,0.0,1.0%,WR,2017
134,135,Brendan Langley,0,0,0,0.0,0,0,0,0,0,0,0,1,0.0,0.0,0.0%,WR,2017
135,136,Josh Malone,0,0,0,0.0,0,0,0,0,0,0,0,1,0.0,0.0,0.0%,WR,2017
136,137,Quincy Adeboyejo,0,0,0,0.0,0,0,0,0,0,0,0,1,0.0,0.0,0.0%,WR,2017
137,138,JoJo Natson,0,2,0,0.0,0,0,0,0,0,0,0,1,0.0,0.0,0.0%,WR,2017
138,139,Justin Hardee,0,0,0,0.0,0,0,0,0,0,0,0,1,0.0,0.0,0.0%,WR,2017
139,140,Noah Brown,0,1,0,0.0,0,0,0,0,0,0,0,1,0.0,0.0,23.5%,WR,2017
140,141,Bradley Marquez,0,0,0,0.0,0,0,0,0,0,0,0,1,0.0,0.0,0.0%,WR,2017
141,142,Sammie Coates,0,0,0,0.0,0,0,0,0,0,0,0,1,0.0,0.0,0.0%,WR,2017
142,143,Vince Mayle,0,0,0,0.0,0,0,0,0,0,0,0,1,0.0,0.0,0.0%,WR,2017
143,144,Maurice Harris,0,0,0,0.0,0,0,0,0,0,0,0,1,0.0,0.0,0.0%,WR,2017
144,145,Andy Jones,0,0,0,0.0,0,0,0,0,0,0,0,1,0.0,0.0,0.0%,WR,2017
145,146,K.J. Brent,0,1,0,0.0,0,0,0,0,0,0,0,1,0.0,0.0,0.0%,WR,2017
146,147,Kalif Raymond,0,0,0,0.0,0,0,0,0,0,0,0,1,0.0,0.0,1.3%,WR,2017
147,148,Corey Davis,0,2,0,0.0,0,0,0,0,0,0,0,1,0.0,0.0,0.0%,WR,2017
148,149,Marquis Bundy,0,3,0,0.0,0,0,0,0,0,0,0,1,0.0,0.0,0.0%,WR,2017
149,150,Ricardo Louis,0,2,0,0.0,0,0,0,0,0,0,0,1,0.0,0.0,0.0%,WR,2017
150,151,Alex Erickson,0,0,0,0.0,0,0,0,0,0,0,0,1,0.0,0.0,0.0%,WR,2017
151,152,Johnny Holton,0,1,0,0.0,0,0,0,0,0,0,0,1,0.0,0.0,0.0%,WR,2017
152,153,Tommylee Lewis,0,0,0,0.0,0,0,0,0,0,0,1,1,-2.0,-2.0,0.0%,WR,2017
153,154,Jaydon Mickens,0,0,0,0.0,0,0,0,0,0,0,1,1,-2.0,-2.0,0.0%,WR,2017
