,Rank,Player,Receiving Receptions,Receiving Target,Receiving Yards,Yards/Reception,Longest Reception,Receiving 20+,Receiving Touchdowns,Rushing Attempts,Rushing Yards,Rushing Touchdown,Fumbles,Games Played,Fantasy Football Points,FTPS/Game,ROST,Position,Year
0,1,Stefon Diggs,7,8,93,13.3,30,1,2,1,-6,0,0,1,20.7,20.7,99.7%,WR,2017
1,2,Tyreek Hill,7,8,133,19.0,75,0,1,2,5,0,0,1,19.8,19.8,100.0%,WR,2017
2,3,Kenny Golladay,4,7,69,17.3,45,0,2,0,0,0,0,1,18.9,18.9,4.0%,WR,2017
3,4,Antonio Brown,11,11,182,16.5,50,0,0,0,0,0,0,1,18.2,18.2,0.8%,WR,2017
4,5,Adam Thielen,9,10,157,17.4,44,2,0,0,0,0,0,1,15.7,15.7,74.6%,WR,2017
5,6,Nelson Agholor,6,8,86,14.3,58,0,1,0,0,0,0,1,14.6,14.6,0.9%,WR,2017
6,7,Bennie Fowler,3,4,21,7.0,10,0,2,0,0,0,0,1,14.1,14.1,0.0%,WR,2017
7,8,Jordy Nelson,7,8,79,11.3,32,0,1,0,0,0,0,1,13.9,13.9,0.1%,WR,2017
8,9,Cooper Kupp,4,6,76,19.0,28,2,1,0,0,0,0,1,13.6,13.6,97.9%,WR,2017
9,10,Amari Cooper,5,13,62,12.4,23,1,1,0,0,0,0,1,12.2,12.2,91.5%,WR,2017
10,11,Jeremy Maclin,2,4,56,28.0,48,0,1,0,0,0,0,1,11.6,11.6,0.0%,WR,2017
11,12,DeAndre Hopkins,7,16,55,7.9,12,0,1,0,0,0,0,1,11.5,11.5,92.5%,WR,2017
12,13,Golden Tate,10,12,107,10.7,19,0,0,2,7,0,0,1,11.4,11.4,0.0%,WR,2017
13,14,Corey Coleman,5,6,53,10.6,23,1,1,0,0,0,0,1,11.3,11.3,0.0%,WR,2017
14,15,Russell Shepard,2,2,53,26.5,40,0,1,0,0,0,0,1,11.3,11.3,0.0%,WR,2017
15,16,J.J. Nelson,5,6,43,8.6,14,0,1,0,0,0,0,1,10.3,10.3,0.0%,WR,2017
16,17,Travis Benjamin,3,4,43,14.3,38,0,1,0,0,0,0,1,10.3,10.3,0.0%,WR,2017
17,18,Danny Amendola,6,7,100,16.7,27,3,0,0,0,0,0,1,10.0,10.0,0.0%,WR,2017
18,19,Marvin Jones,2,2,37,18.5,31,0,1,0,0,0,0,1,9.7,9.7,0.1%,WR,2017
19,20,Keenan Allen,5,10,35,7.0,9,0,1,0,0,0,0,1,9.5,9.5,91.1%,WR,2017
20,21,Brandin Cooks,3,7,88,29.3,54,0,0,0,0,0,0,1,8.8,8.8,43.5%,WR,2017
21,22,Randall Cobb,9,13,85,9.4,29,1,0,0,0,0,0,1,8.5,8.5,0.0%,WR,2017
22,23,Michael Crabtree,6,7,83,13.8,25,1,0,0,0,0,0,1,8.3,8.3,0.0%,WR,2017
23,24,Pierre Garcon,6,10,81,13.5,22,2,0,0,0,0,0,1,8.1,8.1,0.0%,WR,2017
24,25,Seth Roberts,1,1,19,19.0,19,0,1,0,0,0,0,1,7.9,7.9,0.0%,WR,2017
25,26,A.J. Green,5,10,74,14.8,27,1,0,0,0,0,0,1,7.4,7.4,0.6%,WR,2017
26,27,Larry Fitzgerald,6,13,74,12.3,33,0,0,0,0,0,0,1,7.4,7.4,0.2%,WR,2017
27,28,Rishard Matthews,5,9,71,14.2,24,1,0,0,0,0,0,1,7.1,7.1,0.0%,WR,2017
28,29,Corey Davis,6,10,69,11.5,23,1,0,0,0,0,0,1,6.9,6.9,0.0%,WR,2017
29,30,Terrance Williams,6,7,68,11.3,23,1,0,0,0,0,0,1,6.8,6.8,0.0%,WR,2017
30,31,Demaryius Thomas,5,8,67,13.4,29,1,0,0,0,0,0,1,6.7,6.7,0.1%,WR,2017
31,32,Terrelle Pryor,6,11,66,11.0,28,1,0,0,0,0,0,1,6.6,6.6,0.0%,WR,2017
32,33,Julio Jones,4,5,66,16.5,25,1,0,0,0,0,0,1,6.6,6.6,0.6%,WR,2017
33,34,Andre Holmes,1,1,1,1.0,1,0,1,0,0,0,0,1,6.1,6.1,0.0%,WR,2017
34,35,Ryan Grant,4,6,61,15.3,34,0,0,0,0,0,0,1,6.1,6.1,0.0%,WR,2017
35,36,Jordan Matthews,2,3,61,30.5,47,0,0,0,0,0,0,1,6.1,6.1,0.0%,WR,2017
36,37,Doug Baldwin,4,4,63,15.8,34,0,0,1,-3,0,0,1,6.0,6.0,0.0%,WR,2017
37,38,Paul Richardson,4,7,59,14.8,28,1,0,0,0,0,0,1,5.9,5.9,0.0%,WR,2017
38,39,Jermaine Kearse,7,9,59,8.4,18,0,0,0,0,0,0,1,5.9,5.9,0.0%,WR,2017
39,40,Ted Ginn,4,5,53,13.3,27,1,0,1,5,0,0,1,5.8,5.8,0.0%,WR,2017
40,41,Sammy Watkins,5,5,58,11.6,24,1,0,0,0,0,0,1,5.8,5.8,0.0%,WR,2017
41,42,Alshon Jeffery,3,7,38,12.7,24,1,0,0,0,0,0,1,5.8,5.8,0.0%,WR,2017
42,43,Roger Lewis,4,6,54,13.5,22,1,0,0,0,0,0,1,5.4,5.4,0.0%,WR,2017
43,44,Tyrell Williams,5,7,54,10.8,14,0,0,0,0,0,0,1,5.4,5.4,0.0%,WR,2017
44,45,Robert Woods,3,5,53,17.7,27,2,0,0,0,0,0,1,5.3,5.3,2.7%,WR,2017
45,46,Tommylee Lewis,2,3,52,26.0,52,0,0,0,0,0,0,1,5.2,5.2,0.0%,WR,2017
46,47,Sterling Shepard,7,8,44,6.3,12,0,0,1,6,0,0,1,5.0,5.0,0.1%,WR,2017
47,48,Donte Moncrief,1,4,50,50.0,50,0,0,0,0,0,0,1,5.0,5.0,0.0%,WR,2017
48,49,Davante Adams,3,7,47,15.7,21,1,0,0,0,0,0,1,4.7,4.7,99.9%,WR,2017
49,50,Mohamed Sanu,6,9,47,7.8,15,0,0,0,0,0,0,1,4.7,4.7,0.0%,WR,2017
50,51,Michael Thomas,5,8,45,9.0,14,0,0,0,0,0,0,1,4.5,4.5,17.1%,WR,2017
51,52,Dez Bryant,2,9,43,21.5,35,0,0,0,0,0,0,1,4.3,4.3,2.6%,WR,2017
52,53,Chris Conley,2,4,43,21.5,25,1,0,0,0,0,0,1,4.3,4.3,0.1%,WR,2017
53,54,Allen Hurns,3,4,42,14.0,20,1,0,0,0,0,0,1,4.2,4.2,0.0%,WR,2017
54,55,John Brown,4,9,32,8.0,12,0,0,1,10,0,0,1,4.2,4.2,0.0%,WR,2017
55,56,Albert Wilson,5,5,37,7.4,13,0,0,0,0,0,0,1,3.7,3.7,0.0%,WR,2017
56,57,T.Y. Hilton,3,7,57,19.0,32,0,0,0,0,0,1,1,3.7,3.7,3.0%,WR,2017
57,58,Taylor Gabriel,3,4,36,12.0,18,0,0,0,0,0,0,1,3.6,3.6,0.1%,WR,2017
58,59,Kendall Wright,3,4,34,11.3,16,0,0,0,0,0,0,1,3.4,3.4,0.0%,WR,2017
59,60,Ricardo Louis,2,3,32,16.0,29,1,0,0,0,0,0,1,3.2,3.2,0.0%,WR,2017
60,61,T.J. Jones,2,4,32,16.0,16,0,0,0,0,0,0,1,3.2,3.2,0.0%,WR,2017
61,62,Cole Beasley,3,5,32,10.7,13,0,0,0,0,0,0,1,3.2,3.2,0.0%,WR,2017
62,63,Torrey Smith,1,3,30,30.0,30,0,0,0,0,0,0,1,3.0,3.0,0.0%,WR,2017
63,64,Brice Butler,1,3,30,30.0,30,0,0,0,0,0,0,1,3.0,3.0,0.0%,WR,2017
64,65,Josh Bellamy,3,4,27,9.0,14,0,0,0,0,0,0,1,2.7,2.7,0.0%,WR,2017
65,66,Emmanuel Sanders,3,6,26,8.7,20,1,0,0,0,0,0,1,2.6,2.6,0.0%,WR,2017
66,67,Chris Hogan,1,5,8,8.0,8,0,0,3,17,0,0,1,2.5,2.5,0.0%,WR,2017
67,68,Kelvin Benjamin,1,5,25,25.0,25,1,0,0,0,0,0,1,2.5,2.5,0.1%,WR,2017
68,69,Brandon LaFell,3,5,24,8.0,13,0,0,0,0,0,0,1,2.4,2.4,0.0%,WR,2017
69,70,Robbie Chosen,4,8,22,5.5,11,0,0,0,0,0,0,1,2.2,2.2,0.0%,WR,2017
70,71,Jarius Wright,1,2,21,21.0,21,1,0,0,0,0,0,1,2.1,2.1,0.0%,WR,2017
71,72,Marquise Goodwin,3,6,21,7.0,14,0,0,0,0,0,0,1,2.1,2.1,0.0%,WR,2017
72,73,Zay Jones,1,4,21,21.0,21,1,0,0,0,0,0,1,2.1,2.1,16.7%,WR,2017
73,74,Devin Funchess,2,2,20,10.0,16,0,0,0,0,0,0,1,2.0,2.0,0.0%,WR,2017
74,75,Allen Robinson,1,1,17,17.0,17,0,0,0,0,0,0,1,1.7,1.7,0.6%,WR,2017
75,76,Deonte Thompson,1,2,15,15.0,15,0,0,0,0,0,0,1,1.5,1.5,0.0%,WR,2017
76,77,Taywan Taylor,2,2,14,7.0,10,0,0,0,0,0,0,1,1.4,1.4,0.0%,WR,2017
77,78,Martavis Bryant,2,6,14,7.0,14,0,0,0,0,0,0,1,1.4,1.4,0.0%,WR,2017
78,79,Kenny Britt,1,3,13,13.0,13,0,0,0,0,0,0,1,1.3,1.3,0.0%,WR,2017
79,80,Brandon Coleman,2,3,13,6.5,9,0,0,0,0,0,0,1,1.3,1.3,0.0%,WR,2017
80,81,Arrelious Benn,1,1,12,12.0,12,0,0,0,0,0,0,1,1.2,1.2,0.0%,WR,2017
81,82,Brian Quick,1,1,11,11.0,11,0,0,0,0,0,0,1,1.1,1.1,0.0%,WR,2017
82,83,Tyler Boyd,1,4,11,11.0,11,0,0,0,0,0,0,1,1.1,1.1,28.0%,WR,2017
83,84,Eli Rogers,2,4,11,5.5,9,0,0,0,0,0,0,1,1.1,1.1,0.0%,WR,2017
84,85,Brandon Marshall,1,4,10,10.0,10,0,0,0,0,0,0,1,1.0,1.0,2.6%,WR,2017
85,86,ArDarius Stewart,2,5,10,5.0,8,0,0,0,0,0,0,1,1.0,1.0,0.0%,WR,2017
86,87,Eric Decker,3,8,10,3.3,8,0,0,0,0,0,0,1,1.0,1.0,0.6%,WR,2017
87,88,Mike Wallace,1,1,8,8.0,8,0,0,0,0,0,0,1,0.8,0.8,0.0%,WR,2017
88,89,Tyler Lockett,1,3,8,8.0,8,0,0,0,0,0,0,1,0.8,0.8,88.8%,WR,2017
89,90,Trent Taylor,1,1,8,8.0,8,0,0,0,0,0,0,1,0.8,0.8,0.0%,WR,2017
90,91,Aldrick Robinson,1,2,7,7.0,7,0,0,0,0,0,0,1,0.7,0.7,0.0%,WR,2017
91,92,Laquon Treadwell,1,1,7,7.0,7,0,0,0,0,0,0,1,0.7,0.7,0.0%,WR,2017
92,93,Kevin White,2,4,6,3.0,6,0,0,0,0,0,0,1,0.6,0.6,0.0%,WR,2017
93,94,Breshad Perriman,1,4,5,5.0,5,0,0,0,0,0,0,1,0.5,0.5,0.0%,WR,2017
94,95,Kamar Aiken,1,2,3,3.0,3,0,0,0,0,0,0,1,0.3,0.3,0.0%,WR,2017
95,96,Michael Campanaro,0,0,0,0.0,0,0,0,1,2,0,0,1,0.2,0.2,0.0%,WR,2017
96,97,De'Anthony Thomas,1,1,-2,-2.0,0,0,0,1,4,0,0,1,0.2,0.2,0.0%,WR,2017
97,98,Matt Hazel,1,1,1,1.0,1,0,0,0,0,0,0,1,0.1,0.1,0.0%,WR,2017
98,99,Jaron Brown,0,0,0,0.0,0,0,0,0,0,0,0,1,0.0,0.0,0.0%,WR,2017
99,100,Marqise Lee,0,4,0,0.0,0,0,0,0,0,0,0,1,0.0,0.0,0.0%,WR,2017
100,101,Bruce Ellington,0,2,0,0.0,0,0,0,0,0,0,0,1,0.0,0.0,0.0%,WR,2017
101,102,Ryan Davis,0,0,0,0.0,0,0,0,0,0,0,0,1,0.0,0.0,0.0%,WR,2017
102,103,Brittan Golden,0,0,0,0.0,0,0,0,0,0,0,0,1,0.0,0.0,0.0%,WR,2017
103,104,Chris Matthews,0,0,0,0.0,0,0,0,0,0,0,0,1,0.0,0.0,0.0%,WR,2017
104,105,James Wright,0,0,0,0.0,0,0,0,0,0,0,0,1,0.0,0.0,0.0%,WR,2017
105,106,Cody Latimer,0,0,0,0.0,0,0,0,0,0,0,0,1,0.0,0.0,0.0%,WR,2017
106,107,Jeff Janis,0,0,0,0.0,0,0,0,0,0,0,0,1,0.0,0.0,0.0%,WR,2017
107,108,Brandon Tate,0,0,0,0.0,0,0,0,0,0,0,0,1,0.0,0.0,0.0%,WR,2017
108,109,Eric Weems,0,0,0,0.0,0,0,0,0,0,0,0,1,0.0,0.0,0.0%,WR,2017
109,110,Darrius Heyward-Bey,0,0,0,0.0,0,0,0,0,0,0,0,1,0.0,0.0,0.0%,WR,2017
110,111,Dwayne Harris,0,0,0,0.0,0,0,0,0,0,0,0,1,0.0,0.0,0.0%,WR,2017
111,112,Andre Roberts,0,0,0,0.0,0,0,0,0,0,0,0,1,0.0,0.0,0.0%,WR,2017
112,113,Kendrick Bourne,0,0,0,0.0,0,0,0,0,0,0,0,1,0.0,0.0,4.5%,WR,2017
113,114,Ryan Switzer,0,0,0,0.0,0,0,0,0,0,0,0,1,0.0,0.0,0.0%,WR,2017
114,115,Jamal Agnew,0,0,0,0.0,0,0,0,0,0,0,0,1,0.0,0.0,1.0%,WR,2017
115,116,Brendan Langley,0,0,0,0.0,0,0,0,0,0,0,0,1,0.0,0.0,0.0%,WR,2017
116,117,Stacy Coley,0,0,0,0.0,0,0,0,0,0,0,0,1,0.0,0.0,0.0%,WR,2017
117,118,Isaiah McKenzie,0,0,0,0.0,0,0,0,0,0,0,0,1,0.0,0.0,0.2%,WR,2017
118,119,Keelan Cole,0,2,0,0.0,0,0,0,0,0,0,0,1,0.0,0.0,0.0%,WR,2017
119,120,Josh Doctson,0,0,0,0.0,0,0,0,0,0,0,0,1,0.0,0.0,0.0%,WR,2017
120,121,Ty Montgomery,4,4,39,9.8,20,1,0,19,54,1,0,1,0.0,0.0,0.0%,WR,2017
121,122,Sammie Coates,0,0,0,0.0,0,0,0,0,0,0,0,1,0.0,0.0,0.0%,WR,2017
122,123,Justin Hardy,0,0,0,0.0,0,0,0,0,0,0,0,1,0.0,0.0,0.0%,WR,2017
123,124,Vince Mayle,0,0,0,0.0,0,0,0,0,0,0,0,1,0.0,0.0,0.0%,WR,2017
124,125,Phillip Dorsett,0,1,0,0.0,0,0,0,0,0,0,0,1,0.0,0.0,0.0%,WR,2017
125,126,Quan Bray,0,1,0,0.0,0,0,0,0,0,0,0,1,0.0,0.0,0.0%,WR,2017
126,127,Geremy Davis,0,0,0,0.0,0,0,0,0,0,0,0,1,0.0,0.0,0.0%,WR,2017
127,128,Damiere Byrd,0,1,0,0.0,0,0,0,0,0,0,0,1,0.0,0.0,0.0%,WR,2017
128,129,Kasen Williams,0,2,0,0.0,0,0,0,0,0,0,0,1,0.0,0.0,0.0%,WR,2017
129,130,Pharoh Cooper,0,1,0,0.0,0,0,0,0,0,0,0,1,0.0,0.0,0.0%,WR,2017
130,131,Jehu Chesson,0,0,0,0.0,0,0,0,0,0,0,0,1,0.0,0.0,0.0%,WR,2017
131,132,Kalif Raymond,0,0,0,0.0,0,0,0,0,0,0,0,1,0.0,0.0,1.3%,WR,2017
132,133,Andy Jones,0,0,0,0.0,0,0,0,0,0,0,0,1,0.0,0.0,0.0%,WR,2017
133,134,Chad Hansen,0,0,0,0.0,0,0,0,0,0,0,0,1,0.0,0.0,0.0%,WR,2017
134,135,Curtis Samuel,0,0,0,0.0,0,0,0,0,0,0,0,1,0.0,0.0,49.2%,WR,2017
135,136,Amara Darboh,0,1,0,0.0,0,0,0,0,0,0,0,1,0.0,0.0,0.0%,WR,2017
136,137,Josh Reynolds,0,0,0,0.0,0,0,0,0,0,0,0,1,0.0,0.0,7.4%,WR,2017
137,138,JuJu Smith-Schuster,0,0,0,0.0,0,0,0,0,0,0,0,1,0.0,0.0,7.0%,WR,2017
138,139,Mack Hollins,0,0,0,0.0,0,0,0,0,0,0,0,1,0.0,0.0,0.3%,WR,2017
139,140,Tanner McEvoy,0,1,0,0.0,0,0,0,0,0,0,0,1,0.0,0.0,0.0%,WR,2017
140,141,Cody Core,0,2,0,0.0,0,0,0,0,0,0,0,1,0.0,0.0,0.0%,WR,2017
141,142,Johnny Holton,0,0,0,0.0,0,0,0,0,0,0,0,1,0.0,0.0,0.0%,WR,2017
142,143,Alex Erickson,0,0,0,0.0,0,0,0,0,0,0,0,1,0.0,0.0,0.0%,WR,2017
143,144,Marcus Johnson,0,0,0,0.0,0,0,0,0,0,0,0,1,0.0,0.0,0.0%,WR,2017
144,145,Braxton Miller,0,1,0,0.0,0,0,0,0,0,0,0,1,0.0,0.0,0.0%,WR,2017
145,146,Charone Peake,0,0,0,0.0,0,0,0,0,0,0,0,1,0.0,0.0,0.0%,WR,2017
146,147,Chris Moore,0,0,0,0.0,0,0,0,0,0,0,0,1,0.0,0.0,0.1%,WR,2017
147,148,Demarcus Robinson,0,0,0,0.0,0,0,0,0,0,0,0,1,0.0,0.0,15.2%,WR,2017
148,149,Trevor Davis,0,0,0,0.0,0,0,0,0,0,0,0,1,0.0,0.0,0.0%,WR,2017
149,150,Tavon Austin,1,1,7,7.0,7,0,0,2,11,0,1,1,-0.2,-0.2,0.1%,WR,2017
150,151,Jamison Crowder,3,7,14,4.7,7,0,0,0,0,0,1,1,-0.6,-0.6,0.3%,WR,2017
