,Rank,Player,Receiving Receptions,Receiving Target,Receiving Yards,Yards/Reception,Longest Reception,Receiving 20+,Receiving Touchdowns,Rushing Attempts,Rushing Yards,Rushing Touchdown,Fumbles,Games Played,Fantasy Football Points,FTPS/Game,ROST,Position,Year
0,1,Robert Woods,8,10,171,21.4,94,0,2,0,0,0,0,1,29.1,29.1,2.7%,WR,2017
1,2,Adam Thielen,8,12,166,20.8,49,0,1,0,0,0,0,1,22.6,22.6,74.6%,WR,2017
2,3,Devin Funchess,5,6,92,18.4,32,1,2,0,0,0,0,1,21.2,21.2,0.0%,WR,2017
3,4,A.J. Green,5,7,115,23.0,70,0,1,0,0,0,0,1,17.5,17.5,0.6%,WR,2017
4,5,Chester Rogers,6,6,104,17.3,61,0,1,1,3,0,0,1,16.7,16.7,0.0%,WR,2017
5,6,Marquise Goodwin,1,2,83,83.0,83,0,1,1,18,0,0,1,16.1,16.1,0.0%,WR,2017
6,7,JuJu Smith-Schuster,5,7,97,19.4,44,1,1,0,0,0,0,1,15.7,15.7,7.0%,WR,2017
7,8,Golden Tate,6,7,97,16.2,40,0,1,0,0,0,0,1,15.7,15.7,0.0%,WR,2017
8,9,Brandon LaFell,6,10,95,15.8,37,1,1,0,0,0,0,1,15.5,15.5,0.0%,WR,2017
9,10,Davante Adams,5,8,90,18.0,42,0,1,0,0,0,0,1,15.0,15.0,99.9%,WR,2017
10,11,Robbie Chosen,4,7,85,21.3,38,2,1,0,0,0,0,1,14.5,14.5,0.0%,WR,2017
11,12,Sterling Shepard,11,13,142,12.9,26,3,0,0,0,0,0,1,14.2,14.2,0.1%,WR,2017
12,13,Stefon Diggs,4,5,78,19.5,51,0,1,0,0,0,0,1,13.8,13.8,99.7%,WR,2017
13,14,Emmanuel Sanders,6,11,137,22.8,38,2,0,0,0,0,0,1,13.7,13.7,0.0%,WR,2017
14,15,Marqise Lee,6,11,55,9.2,19,0,1,0,0,0,0,1,13.5,13.5,0.0%,WR,2017
15,16,Donte Moncrief,1,1,60,60.0,60,0,1,0,0,0,0,1,12.0,12.0,0.0%,WR,2017
16,17,Josh Bellamy,2,7,57,28.5,46,0,1,0,0,0,0,1,11.7,11.7,0.0%,WR,2017
17,18,Michael Thomas,9,10,117,13.0,28,3,0,0,0,0,0,1,11.7,11.7,17.1%,WR,2017
18,19,Larry Fitzgerald,10,14,113,11.3,18,0,0,0,0,0,0,1,11.3,11.3,0.2%,WR,2017
19,20,DeAndre Hopkins,7,14,111,15.9,36,0,0,0,0,0,0,1,11.1,11.1,92.5%,WR,2017
20,21,Maurice Harris,2,3,50,25.0,36,0,1,0,0,0,0,1,11.0,11.0,0.0%,WR,2017
21,22,Demaryius Thomas,5,8,44,8.8,17,0,1,0,0,0,0,1,10.4,10.4,0.1%,WR,2017
22,23,Jarvis Landry,5,10,42,8.4,19,0,1,0,0,0,0,1,10.2,10.2,14.0%,WR,2017
23,24,Bruce Ellington,4,9,41,10.3,26,1,1,0,0,0,0,1,10.1,10.1,0.0%,WR,2017
24,25,Sammy Watkins,2,3,41,20.5,24,1,1,0,0,0,0,1,10.1,10.1,0.0%,WR,2017
25,26,Kenny Britt,2,3,38,19.0,19,0,1,0,0,0,0,1,9.8,9.8,0.0%,WR,2017
26,27,Doug Baldwin,5,6,95,19.0,54,0,0,0,0,0,0,1,9.5,9.5,0.0%,WR,2017
27,28,Roger Lewis,3,4,33,11.0,14,0,1,0,0,0,0,1,9.3,9.3,0.0%,WR,2017
28,29,Dontrelle Inman,6,8,88,14.7,26,1,0,0,0,0,0,1,8.8,8.8,0.0%,WR,2017
29,30,DeSean Jackson,6,10,82,13.7,22,1,0,0,0,0,0,1,8.2,8.2,0.6%,WR,2017
30,31,Jamison Crowder,4,11,76,19.0,36,0,0,1,5,0,0,1,8.1,8.1,0.3%,WR,2017
31,32,Brandin Cooks,6,11,74,12.3,27,2,0,0,0,0,0,1,7.4,7.4,43.5%,WR,2017
32,33,Taylor Gabriel,3,3,58,19.3,34,0,0,1,15,0,0,1,7.3,7.3,0.1%,WR,2017
33,34,Allen Hurns,7,9,70,10.0,19,0,0,0,0,0,0,1,7.0,7.0,0.0%,WR,2017
34,35,Chris Godwin,5,10,68,13.6,20,1,0,0,0,0,0,1,6.8,6.8,90.4%,WR,2017
35,36,Kenny Stills,5,8,67,13.4,21,1,0,0,0,0,0,1,6.7,6.7,0.0%,WR,2017
36,37,Jarius Wright,1,1,7,7.0,7,0,1,0,0,0,0,1,6.7,6.7,0.0%,WR,2017
37,38,Justin Hardy,2,2,7,3.5,4,0,1,0,0,0,0,1,6.7,6.7,0.0%,WR,2017
38,39,DeVante Parker,6,9,66,11.0,24,1,0,0,0,0,0,1,6.6,6.6,1.7%,WR,2017
39,40,Kenny Golladay,2,3,64,32.0,50,0,0,0,0,0,0,1,6.4,6.4,4.0%,WR,2017
40,41,Keelan Cole,3,8,61,20.3,36,0,0,0,0,0,0,1,6.1,6.1,0.0%,WR,2017
41,42,Randall Cobb,3,4,52,17.3,38,0,0,4,8,0,0,1,6.0,6.0,0.0%,WR,2017
42,43,Julio Jones,6,8,57,9.5,24,1,0,0,0,0,0,1,5.7,5.7,0.6%,WR,2017
43,44,Keenan Allen,4,7,48,12.0,19,0,0,1,6,0,0,1,5.4,5.4,91.1%,WR,2017
44,45,Martavis Bryant,3,5,42,14.0,19,0,0,1,-9,0,0,1,5.3,5.3,0.0%,WR,2017
45,46,Rishard Matthews,5,7,50,10.0,20,1,0,0,0,0,0,1,5.0,5.0,0.0%,WR,2017
46,47,Tyrell Williams,2,5,49,24.5,30,0,0,0,0,0,0,1,4.9,4.9,0.0%,WR,2017
47,48,Louis Murphy,2,2,48,24.0,40,0,0,0,0,0,0,1,4.8,4.8,0.0%,WR,2017
48,49,Cooper Kupp,6,7,47,7.8,19,0,0,0,0,0,0,1,4.7,4.7,97.9%,WR,2017
49,50,Antonio Brown,3,7,47,15.7,32,0,0,0,0,0,0,1,4.7,4.7,0.8%,WR,2017
50,51,Kendall Wright,5,8,46,9.2,12,0,0,0,0,0,0,1,4.6,4.6,0.0%,WR,2017
51,52,Curtis Samuel,5,7,45,9.0,23,1,0,0,0,0,0,1,4.5,4.5,49.2%,WR,2017
52,53,Paul Richardson,1,2,43,43.0,43,0,0,0,0,0,0,1,4.3,4.3,0.0%,WR,2017
53,54,Kelvin Benjamin,3,6,42,14.0,21,1,0,0,0,0,0,1,4.2,4.2,0.1%,WR,2017
54,55,Kendrick Bourne,3,3,42,14.0,20,1,0,0,0,0,0,1,4.2,4.2,4.5%,WR,2017
55,56,Russell Shepard,3,7,40,13.3,15,0,0,0,0,0,0,1,4.0,4.0,0.0%,WR,2017
56,57,Dez Bryant,4,8,39,9.8,15,0,0,0,0,0,0,1,3.9,3.9,2.6%,WR,2017
57,58,Sammie Coates,2,2,38,19.0,38,0,0,0,0,0,0,1,3.8,3.8,0.0%,WR,2017
58,59,Taywan Taylor,2,3,34,17.0,20,1,0,1,4,0,0,1,3.8,3.8,0.0%,WR,2017
59,60,Danny Amendola,4,4,36,9.0,16,0,0,0,0,0,0,1,3.6,3.6,0.0%,WR,2017
60,61,Jermaine Kearse,4,8,35,8.8,14,0,0,0,0,0,0,1,3.5,3.5,0.0%,WR,2017
61,62,Rashard Higgins,4,4,34,8.5,18,0,0,0,0,0,0,1,3.4,3.4,0.0%,WR,2017
62,63,Chad Hansen,3,4,33,11.0,17,0,0,0,0,0,0,1,3.3,3.3,0.0%,WR,2017
63,64,Tavarres King,2,4,22,11.0,15,0,0,1,11,0,0,1,3.3,3.3,0.0%,WR,2017
64,65,Brandon Coleman,1,4,30,30.0,30,0,0,0,0,0,0,1,3.0,3.0,0.0%,WR,2017
65,66,Brice Butler,1,1,30,30.0,30,0,0,0,0,0,0,1,3.0,3.0,0.0%,WR,2017
66,67,Josh Doctson,4,7,30,7.5,11,0,0,0,0,0,0,1,3.0,3.0,0.0%,WR,2017
67,68,Mohamed Sanu,3,5,29,9.7,14,0,0,0,0,0,0,1,2.9,2.9,0.0%,WR,2017
68,69,Corey Davis,4,10,48,12.0,19,0,0,0,0,0,1,1,2.8,2.8,0.0%,WR,2017
69,70,Cody Latimer,3,5,28,9.3,11,0,0,0,0,0,0,1,2.8,2.8,0.0%,WR,2017
70,71,John Brown,2,6,27,13.5,18,0,0,0,0,0,0,1,2.7,2.7,0.0%,WR,2017
71,72,Ryan Grant,3,3,25,8.3,13,0,0,0,0,0,0,1,2.5,2.5,0.0%,WR,2017
72,73,Mike Williams,2,2,24,12.0,20,1,0,0,0,0,0,1,2.4,2.4,48.2%,WR,2017
73,74,T.Y. Hilton,2,4,23,11.5,16,0,0,0,0,0,0,1,2.3,2.3,3.0%,WR,2017
74,75,Cole Beasley,2,3,23,11.5,17,0,0,0,0,0,0,1,2.3,2.3,0.0%,WR,2017
75,76,Marvin Jones,1,2,22,22.0,22,1,0,0,0,0,0,1,2.2,2.2,0.1%,WR,2017
76,77,Jordy Nelson,3,4,20,6.7,14,0,0,0,0,0,0,1,2.0,2.0,0.1%,WR,2017
77,78,Eric Decker,2,3,19,9.5,10,0,0,0,0,0,0,1,1.9,1.9,0.6%,WR,2017
78,79,J.J. Nelson,1,4,17,17.0,17,0,0,0,0,0,0,1,1.7,1.7,0.0%,WR,2017
79,80,Adam Humphries,2,4,17,8.5,13,0,0,0,0,0,0,1,1.7,1.7,0.0%,WR,2017
80,81,Phillip Dorsett,2,2,16,8.0,11,0,0,0,0,0,0,1,1.6,1.6,0.0%,WR,2017
81,82,Tyler Lockett,1,2,16,16.0,16,0,0,0,0,0,0,1,1.6,1.6,88.8%,WR,2017
82,83,Ricardo Louis,2,6,15,7.5,12,0,0,0,0,0,0,1,1.5,1.5,0.0%,WR,2017
83,84,William Fuller,2,3,15,7.5,9,0,0,0,0,0,0,1,1.5,1.5,0.0%,WR,2017
84,85,Jordan Matthews,1,2,14,14.0,14,0,0,0,0,0,0,1,1.4,1.4,0.0%,WR,2017
85,86,Travis Benjamin,0,3,0,0.0,0,0,0,1,13,0,0,1,1.3,1.3,0.0%,WR,2017
86,87,Jaron Brown,2,6,13,6.5,9,0,0,0,0,0,0,1,1.3,1.3,0.0%,WR,2017
87,88,Pharoh Cooper,2,2,12,6.0,6,0,0,0,0,0,0,1,1.2,1.2,0.0%,WR,2017
88,89,Aldrick Robinson,1,1,12,12.0,12,0,0,0,0,0,0,1,1.2,1.2,0.0%,WR,2017
89,90,Brenton Bersin,1,2,12,12.0,12,0,0,0,0,0,0,1,1.2,1.2,0.0%,WR,2017
90,91,Jaydon Mickens,1,2,11,11.0,11,0,0,0,0,0,0,1,1.1,1.1,0.0%,WR,2017
91,92,Alex Erickson,1,1,4,4.0,4,0,0,2,6,0,0,1,1.0,1.0,0.0%,WR,2017
92,93,Terrance Williams,1,4,9,9.0,9,0,0,0,0,0,0,1,0.9,0.9,0.0%,WR,2017
93,94,Josh Malone,1,1,6,6.0,6,0,0,0,0,0,0,1,0.6,0.6,0.0%,WR,2017
94,95,Deonte Thompson,1,4,10,10.0,10,0,0,1,-5,0,0,1,0.5,0.5,0.0%,WR,2017
95,96,Kaelin Clay,1,1,5,5.0,5,0,0,0,0,0,0,1,0.5,0.5,0.0%,WR,2017
96,97,ArDarius Stewart,1,1,0,0.0,0,0,0,1,4,0,0,1,0.4,0.4,0.0%,WR,2017
97,98,Amara Darboh,1,2,3,3.0,3,0,0,0,0,0,0,1,0.3,0.3,0.0%,WR,2017
98,99,Ted Ginn,1,1,3,3.0,3,0,0,0,0,0,0,1,0.3,0.3,0.0%,WR,2017
99,100,Eli Rogers,1,1,2,2.0,2,0,0,0,0,0,0,1,0.2,0.2,0.0%,WR,2017
100,101,Tavon Austin,0,0,0,0.0,0,0,0,5,2,0,0,1,0.2,0.2,0.1%,WR,2017
101,102,T.J. Jones,1,3,2,2.0,2,0,0,0,0,0,0,1,0.2,0.2,0.0%,WR,2017
102,103,Braxton Miller,0,0,0,0.0,0,0,0,1,1,0,0,1,0.1,0.1,0.0%,WR,2017
103,104,Markus Wheaton,0,0,0,0.0,0,0,0,0,0,0,0,1,0.0,0.0,0.0%,WR,2017
104,105,Ryan Davis,0,0,0,0.0,0,0,0,0,0,0,0,1,0.0,0.0,0.0%,WR,2017
105,106,Jared Abbrederis,0,0,0,0.0,0,0,0,0,0,0,0,1,0.0,0.0,0.0%,WR,2017
106,107,Brittan Golden,0,0,0,0.0,0,0,0,0,0,0,0,1,0.0,0.0,0.0%,WR,2017
107,108,Michael Floyd,0,0,0,0.0,0,0,0,0,0,0,0,1,0.0,0.0,0.0%,WR,2017
108,109,Andre Holmes,0,0,0,0.0,0,0,0,0,0,0,0,1,0.0,0.0,0.0%,WR,2017
109,110,Bennie Fowler,0,1,0,0.0,0,0,0,0,0,0,0,1,0.0,0.0,0.0%,WR,2017
110,111,Willie Snead,0,0,0,0.0,0,0,0,0,0,0,0,1,0.0,0.0,0.0%,WR,2017
111,112,Bernard Reedy,0,0,0,0.0,0,0,0,0,0,0,0,1,0.0,0.0,0.0%,WR,2017
112,113,Freddie Martino,0,1,0,0.0,0,0,0,0,0,0,0,1,0.0,0.0,0.1%,WR,2017
113,114,James Wright,0,0,0,0.0,0,0,0,0,0,0,0,1,0.0,0.0,0.0%,WR,2017
114,115,Matt Hazel,0,0,0,0.0,0,0,0,0,0,0,0,1,0.0,0.0,0.0%,WR,2017
115,116,Jeff Janis,0,0,0,0.0,0,0,0,0,0,0,0,1,0.0,0.0,0.0%,WR,2017
116,117,Matthew Slater,0,0,0,0.0,0,0,0,0,0,0,0,1,0.0,0.0,0.0%,WR,2017
117,118,Brandon Tate,0,0,0,0.0,0,0,0,0,0,0,0,1,0.0,0.0,0.0%,WR,2017
118,119,Eric Weems,0,0,0,0.0,0,0,0,0,0,0,0,1,0.0,0.0,0.0%,WR,2017
119,120,Darrius Heyward-Bey,0,0,0,0.0,0,0,0,0,0,0,0,1,0.0,0.0,0.0%,WR,2017
120,121,Terrelle Pryor,0,0,0,0.0,0,0,0,0,0,0,0,1,0.0,0.0,0.0%,WR,2017
121,122,Arrelious Benn,0,0,0,0.0,0,0,0,0,0,0,0,1,0.0,0.0,0.0%,WR,2017
122,123,Andre Roberts,0,0,0,0.0,0,0,0,0,0,0,0,1,0.0,0.0,0.0%,WR,2017
123,124,Victor Bolden,0,0,0,0.0,0,0,0,0,0,0,0,1,0.0,0.0,0.0%,WR,2017
124,125,Jamal Agnew,0,0,0,0.0,0,0,0,0,0,0,0,1,0.0,0.0,1.0%,WR,2017
125,126,Ryan Switzer,0,0,0,0.0,0,0,0,0,0,0,0,1,0.0,0.0,0.0%,WR,2017
126,127,Brendan Langley,0,0,0,0.0,0,0,0,0,0,0,0,1,0.0,0.0,0.0%,WR,2017
127,128,JoJo Natson,0,0,0,0.0,0,0,0,0,0,0,0,1,0.0,0.0,0.0%,WR,2017
128,129,Justin Hardee,0,0,0,0.0,0,0,0,0,0,0,0,1,0.0,0.0,0.0%,WR,2017
129,130,Chris Thompson,0,0,0,0.0,0,0,0,0,0,0,0,1,0.0,0.0,0.0%,WR,2017
130,131,Ty Montgomery,2,2,14,7.0,7,0,0,6,54,1,0,1,0.0,0.0,0.0%,WR,2017
131,132,Tre McBride,0,1,0,0.0,0,0,0,0,0,0,0,1,0.0,0.0,0.0%,WR,2017
132,133,Ed Eagan,0,0,0,0.0,0,0,0,0,0,0,0,1,0.0,0.0,0.0%,WR,2017
133,134,Marvin Hall,0,2,0,0.0,0,0,0,0,0,0,0,1,0.0,0.0,0.0%,WR,2017
134,135,Tommylee Lewis,0,0,0,0.0,0,0,0,0,0,0,0,1,0.0,0.0,0.0%,WR,2017
135,136,Josh Reynolds,0,0,0,0.0,0,0,0,0,0,0,0,1,0.0,0.0,7.4%,WR,2017
136,137,Noah Brown,0,0,0,0.0,0,0,0,0,0,0,0,1,0.0,0.0,23.5%,WR,2017
137,138,John Ross,0,1,0,0.0,0,0,0,0,0,0,0,1,0.0,0.0,0.0%,WR,2017
138,139,Bryce Treggs,0,3,0,0.0,0,0,0,0,0,0,0,1,0.0,0.0,0.0%,WR,2017
139,140,Tanner McEvoy,0,0,0,0.0,0,0,0,0,0,0,0,1,0.0,0.0,0.0%,WR,2017
140,141,Jakeem Grant,0,0,0,0.0,0,0,0,0,0,0,0,1,0.0,0.0,0.0%,WR,2017
141,142,Cody Core,0,0,0,0.0,0,0,0,0,0,0,0,1,0.0,0.0,0.0%,WR,2017
142,143,Laquon Treadwell,0,1,0,0.0,0,0,0,0,0,0,0,1,0.0,0.0,0.0%,WR,2017
143,144,Leonte Carroo,0,0,0,0.0,0,0,0,0,0,0,0,1,0.0,0.0,0.0%,WR,2017
144,145,Trevor Davis,0,0,0,0.0,0,0,0,0,0,0,0,1,0.0,0.0,0.0%,WR,2017
145,146,Geronimo Allison,0,0,0,0.0,0,0,0,0,0,0,0,1,0.0,0.0,0.0%,WR,2017
146,147,Isaiah McKenzie,0,0,0,0.0,0,0,0,0,0,0,1,1,-2.0,-2.0,0.2%,WR,2017
