,Rank,Player,Receiving Receptions,Receiving Target,Receiving Yards,Yards/Reception,Longest Reception,Receiving 20+,Receiving Touchdowns,Rushing Attempts,Rushing Yards,Rushing Touchdown,Fumbles,Games Played,Fantasy Football Points,FTPS/Game,ROST,Position,Year
0,1,Keelan Cole,7,9,186,26.6,73,0,1,0,0,0,0,1,24.6,24.6,0.0%,WR,2017
1,2,Sterling Shepard,11,16,139,12.6,67,0,1,0,0,0,0,1,19.9,19.9,0.1%,WR,2017
2,3,Tavarres King,2,3,70,35.0,57,0,2,0,0,0,0,1,19.0,19.0,0.0%,WR,2017
3,4,Jaydon Mickens,4,5,61,15.3,41,0,2,0,0,0,0,1,18.1,18.1,0.0%,WR,2017
4,5,Michael Crabtree,7,17,39,5.6,14,0,2,0,0,0,0,1,15.9,15.9,0.0%,WR,2017
5,6,Rishard Matthews,6,8,95,15.8,25,3,1,0,0,0,0,1,15.5,15.5,0.0%,WR,2017
6,7,Michael Thomas,9,11,93,10.3,20,1,1,0,0,0,0,1,15.3,15.3,17.1%,WR,2017
7,8,Tyreek Hill,5,6,88,17.6,64,0,1,0,0,0,0,1,14.8,14.8,100.0%,WR,2017
8,9,Damiere Byrd,3,4,25,8.3,13,0,2,0,0,0,0,1,14.5,14.5,0.0%,WR,2017
9,10,Randall Cobb,7,14,84,12.0,33,1,1,0,0,0,0,1,14.4,14.4,0.0%,WR,2017
10,11,DeAndre Hopkins,4,13,80,20.0,40,1,1,0,0,0,0,1,14.0,14.0,92.5%,WR,2017
11,12,Cody Latimer,3,4,60,20.0,22,2,1,0,0,0,0,1,14.0,14.0,0.0%,WR,2017
12,13,Mike Evans,5,8,79,15.8,42,0,1,0,0,0,0,1,13.9,13.9,98.1%,WR,2017
13,14,Marquise Goodwin,10,13,114,11.4,18,0,0,1,10,0,0,1,12.4,12.4,0.0%,WR,2017
14,15,Brandin Cooks,4,7,60,15.0,43,0,1,0,0,0,0,1,12.0,12.0,43.5%,WR,2017
15,16,Nelson Agholor,7,9,59,8.4,16,0,1,0,0,0,0,1,11.9,11.9,0.9%,WR,2017
16,17,Martavis Bryant,4,6,59,14.8,39,0,1,0,0,0,0,1,11.9,11.9,0.0%,WR,2017
17,18,Davante Adams,5,7,57,11.4,13,0,1,0,0,0,0,1,11.7,11.7,99.9%,WR,2017
18,19,Jamison Crowder,5,7,55,11.0,24,1,1,0,0,0,0,1,11.5,11.5,0.3%,WR,2017
19,20,JuJu Smith-Schuster,6,6,114,19.0,69,0,0,0,0,0,0,1,11.4,11.4,7.0%,WR,2017
20,21,Adam Humphries,5,5,43,8.6,16,0,1,1,6,0,0,1,10.9,10.9,0.0%,WR,2017
21,22,Alshon Jeffery,4,10,49,12.3,19,0,1,0,0,0,0,1,10.9,10.9,0.0%,WR,2017
22,23,Robert Woods,6,7,45,7.5,14,0,1,0,0,0,0,1,10.5,10.5,2.7%,WR,2017
23,24,Jarvis Landry,10,13,99,9.9,17,0,0,0,0,0,0,1,9.9,9.9,14.0%,WR,2017
24,25,Stefon Diggs,5,6,30,6.0,20,1,1,1,7,0,0,1,9.7,9.7,99.7%,WR,2017
25,26,Justin Hardy,2,4,33,16.5,27,1,1,0,0,0,0,1,9.3,9.3,0.0%,WR,2017
26,27,Mike Wallace,6,10,89,14.8,30,1,0,0,0,0,0,1,8.9,8.9,0.0%,WR,2017
27,28,DeVante Parker,6,12,89,14.8,36,0,0,0,0,0,0,1,8.9,8.9,1.7%,WR,2017
28,29,T.J. Jones,3,3,26,8.7,12,0,1,0,0,0,0,1,8.6,8.6,0.0%,WR,2017
29,30,Kendrick Bourne,4,6,85,21.3,54,0,0,0,0,0,0,1,8.5,8.5,4.5%,WR,2017
30,31,Marvin Jones,3,5,85,28.3,58,0,0,0,0,0,0,1,8.5,8.5,0.1%,WR,2017
31,32,Kendall Wright,7,13,81,11.6,19,0,0,0,0,0,0,1,8.1,8.1,0.0%,WR,2017
32,33,Eli Rogers,1,2,18,18.0,18,0,1,0,0,0,0,1,7.8,7.8,0.0%,WR,2017
33,34,Roger Lewis,4,10,74,18.5,25,2,0,0,0,0,0,1,7.4,7.4,0.0%,WR,2017
34,35,Josh Bellamy,5,7,70,14.0,19,0,0,0,0,0,0,1,7.0,7.0,0.0%,WR,2017
35,36,Demaryius Thomas,5,8,69,13.8,23,2,0,0,0,0,0,1,6.9,6.9,0.1%,WR,2017
36,37,Emmanuel Sanders,7,9,68,9.7,26,1,0,0,0,0,0,1,6.8,6.8,0.0%,WR,2017
37,38,Eric Decker,5,5,63,12.6,17,0,0,0,0,0,0,1,6.3,6.3,0.6%,WR,2017
38,39,Larry Fitzgerald,5,10,60,12.0,25,1,0,0,0,0,0,1,6.0,6.0,0.2%,WR,2017
39,40,Dez Bryant,2,4,59,29.5,40,0,0,1,-4,0,0,1,5.5,5.5,2.6%,WR,2017
40,41,Julio Jones,3,8,54,18.0,29,1,0,0,0,0,0,1,5.4,5.4,0.6%,WR,2017
41,42,Keenan Allen,5,8,54,10.8,15,0,0,0,0,0,0,1,5.4,5.4,91.1%,WR,2017
42,43,J.J. Nelson,1,3,46,46.0,46,0,0,1,7,0,0,1,5.3,5.3,0.0%,WR,2017
43,44,Brandon LaFell,2,6,53,26.5,45,0,0,0,0,0,0,1,5.3,5.3,0.0%,WR,2017
44,45,Seth Roberts,3,5,52,17.3,28,1,0,0,0,0,0,1,5.2,5.2,0.0%,WR,2017
45,46,Josh Gordon,5,10,47,9.4,18,0,0,0,0,0,0,1,4.7,4.7,0.0%,WR,2017
46,47,Tavon Austin,0,0,0,0.0,0,0,0,10,44,0,0,1,4.4,4.4,0.1%,WR,2017
47,48,William Fuller,5,5,44,8.8,15,0,0,0,0,0,0,1,4.4,4.4,0.0%,WR,2017
48,49,Markus Wheaton,2,4,42,21.0,22,2,0,0,0,0,0,1,4.2,4.2,0.0%,WR,2017
49,50,T.Y. Hilton,5,7,41,8.2,13,0,0,0,0,0,0,1,4.1,4.1,3.0%,WR,2017
50,51,Trent Taylor,4,5,40,10.0,17,0,0,0,0,0,0,1,4.0,4.0,0.0%,WR,2017
51,52,Robbie Chosen,5,12,40,8.0,15,0,0,0,0,0,0,1,4.0,4.0,0.0%,WR,2017
52,53,JoJo Natson,1,2,19,19.0,19,0,0,1,15,0,0,1,3.4,3.4,0.0%,WR,2017
53,54,Golden Tate,3,5,33,11.0,19,0,0,0,0,0,0,1,3.3,3.3,0.0%,WR,2017
54,55,Tyrell Williams,3,7,31,10.3,18,0,0,0,0,0,0,1,3.1,3.1,0.0%,WR,2017
55,56,A.J. Green,2,4,30,15.0,16,0,0,0,0,0,0,1,3.0,3.0,0.6%,WR,2017
56,57,Adam Thielen,3,5,30,10.0,21,1,0,0,0,0,0,1,3.0,3.0,74.6%,WR,2017
57,58,Kenny Golladay,4,5,29,7.3,14,0,0,0,0,0,0,1,2.9,2.9,4.0%,WR,2017
58,59,Jordy Nelson,3,6,28,9.3,17,0,0,0,0,0,0,1,2.8,2.8,0.1%,WR,2017
59,60,Jermaine Kearse,3,5,28,9.3,12,0,0,0,0,0,0,1,2.8,2.8,0.0%,WR,2017
60,61,Corey Davis,3,5,28,9.3,13,0,0,0,0,0,0,1,2.8,2.8,0.0%,WR,2017
61,62,Mohamed Sanu,2,5,23,11.5,21,1,0,1,3,0,0,1,2.6,2.6,0.0%,WR,2017
62,63,Antonio Brown,2,3,24,12.0,19,0,0,0,0,0,0,1,2.4,2.4,0.8%,WR,2017
63,64,Willie Snead,1,3,23,23.0,23,1,0,0,0,0,0,1,2.3,2.3,0.0%,WR,2017
64,65,Danny Amendola,2,4,23,11.5,12,0,0,0,0,0,0,1,2.3,2.3,0.0%,WR,2017
65,66,Jeremy Maclin,1,1,22,22.0,22,1,0,0,0,0,0,1,2.2,2.2,0.0%,WR,2017
66,67,Chad Hansen,3,4,21,7.0,24,1,0,0,0,0,0,1,2.1,2.1,0.0%,WR,2017
67,68,Cooper Kupp,2,3,21,10.5,15,0,0,0,0,0,0,1,2.1,2.1,97.9%,WR,2017
68,69,Brandon Tate,1,1,21,21.0,21,1,0,0,0,0,0,1,2.1,2.1,0.0%,WR,2017
69,70,Dede Westbrook,2,2,21,10.5,14,0,0,0,0,0,0,1,2.1,2.1,0.0%,WR,2017
70,71,Kelvin Benjamin,2,2,20,10.0,13,0,0,0,0,0,0,1,2.0,2.0,0.1%,WR,2017
71,72,Jakeem Grant,1,1,13,13.0,13,0,0,1,7,0,0,1,2.0,2.0,0.0%,WR,2017
72,73,Ryan Grant,2,3,20,10.0,15,0,0,0,0,0,0,1,2.0,2.0,0.0%,WR,2017
73,74,Devin Funchess,1,4,19,19.0,19,0,0,0,0,0,0,1,1.9,1.9,0.0%,WR,2017
74,75,Taylor Gabriel,2,2,16,8.0,10,0,0,1,3,0,0,1,1.9,1.9,0.1%,WR,2017
75,76,Terrance Williams,3,5,19,6.3,8,0,0,0,0,0,0,1,1.9,1.9,0.0%,WR,2017
76,77,Chris Godwin,1,2,18,18.0,18,0,0,0,0,0,0,1,1.8,1.8,90.4%,WR,2017
77,78,DeSean Jackson,1,1,11,11.0,11,0,0,1,7,0,0,1,1.8,1.8,0.6%,WR,2017
78,79,Paul Richardson,2,7,18,9.0,11,0,0,0,0,0,0,1,1.8,1.8,0.0%,WR,2017
79,80,Michael Campanaro,1,1,17,17.0,17,0,0,0,0,0,0,1,1.7,1.7,0.0%,WR,2017
80,81,Torrey Smith,2,3,17,8.5,10,0,0,0,0,0,0,1,1.7,1.7,0.0%,WR,2017
81,82,Deonte Thompson,1,4,16,16.0,16,0,0,0,0,0,0,1,1.6,1.6,0.0%,WR,2017
82,83,Corey Coleman,1,4,16,16.0,16,0,0,0,0,0,0,1,1.6,1.6,0.0%,WR,2017
83,84,Cole Beasley,1,5,15,15.0,15,0,0,0,0,0,0,1,1.5,1.5,0.0%,WR,2017
84,85,Albert Wilson,1,2,15,15.0,15,0,0,0,0,0,0,1,1.5,1.5,0.0%,WR,2017
85,86,Travis Benjamin,1,4,7,7.0,7,0,0,1,7,0,0,1,1.4,1.4,0.0%,WR,2017
86,87,Sammy Watkins,2,5,14,7.0,7,0,0,0,0,0,0,1,1.4,1.4,0.0%,WR,2017
87,88,Geronimo Allison,5,8,33,6.6,10,0,0,0,0,0,1,1,1.3,1.3,0.0%,WR,2017
88,89,Alex Erickson,1,2,11,11.0,11,0,0,0,0,0,0,1,1.1,1.1,0.0%,WR,2017
89,90,Freddie Martino,1,1,11,11.0,11,0,0,0,0,0,0,1,1.1,1.1,0.1%,WR,2017
90,91,Jarius Wright,1,1,11,11.0,11,0,0,0,0,0,0,1,1.1,1.1,0.0%,WR,2017
91,92,Rashard Higgins,2,2,10,5.0,5,0,0,0,0,0,0,1,1.0,1.0,0.0%,WR,2017
92,93,Jaron Brown,1,3,9,9.0,9,0,0,0,0,0,0,1,0.9,0.9,0.0%,WR,2017
93,94,Breshad Perriman,1,2,9,9.0,9,0,0,0,0,0,0,1,0.9,0.9,0.0%,WR,2017
94,95,Amara Darboh,1,1,8,8.0,8,0,0,0,0,0,0,1,0.8,0.8,0.0%,WR,2017
95,96,Sammie Coates,1,1,8,8.0,8,0,0,0,0,0,0,1,0.8,0.8,0.0%,WR,2017
96,97,Kenny Stills,1,6,8,8.0,8,0,0,0,0,0,0,1,0.8,0.8,0.0%,WR,2017
97,98,Taywan Taylor,0,0,0,0.0,0,0,0,1,8,0,0,1,0.8,0.8,0.0%,WR,2017
98,99,Tyler Lockett,2,3,8,4.0,4,0,0,0,0,0,0,1,0.8,0.8,88.8%,WR,2017
99,100,Noah Brown,1,1,8,8.0,8,0,0,0,0,0,0,1,0.8,0.8,23.5%,WR,2017
100,101,Chester Rogers,0,3,0,0.0,0,0,0,1,7,0,0,1,0.7,0.7,0.0%,WR,2017
101,102,Kenny Britt,1,1,7,7.0,7,0,0,0,0,0,0,1,0.7,0.7,0.0%,WR,2017
102,103,De'Anthony Thomas,2,2,6,3.0,4,0,0,0,0,0,0,1,0.6,0.6,0.0%,WR,2017
103,104,Tommylee Lewis,0,0,0,0.0,0,0,0,1,6,0,0,1,0.6,0.6,0.0%,WR,2017
104,105,Jamal Agnew,1,1,6,6.0,6,0,0,0,0,0,0,1,0.6,0.6,1.0%,WR,2017
105,106,Doug Baldwin,1,4,6,6.0,6,0,0,0,0,0,0,1,0.6,0.6,0.0%,WR,2017
106,107,Dontrelle Inman,1,2,5,5.0,5,0,0,0,0,0,0,1,0.5,0.5,0.0%,WR,2017
107,108,Phillip Dorsett,1,1,4,4.0,4,0,0,0,0,0,0,1,0.4,0.4,0.0%,WR,2017
108,109,Josh Malone,0,3,0,0.0,0,0,0,1,4,0,0,1,0.4,0.4,0.0%,WR,2017
109,110,Darrius Heyward-Bey,1,1,3,3.0,3,0,0,0,0,0,0,1,0.3,0.3,0.0%,WR,2017
110,111,Aldrick Robinson,1,2,3,3.0,3,0,0,0,0,0,0,1,0.3,0.3,0.0%,WR,2017
111,112,Josh Doctson,2,4,16,8.0,14,0,0,1,-14,0,0,1,0.2,0.2,0.0%,WR,2017
112,113,Cobi Hamilton,0,1,0,0.0,0,0,0,0,0,0,0,1,0.0,0.0,0.0%,WR,2017
113,114,Russell Shepard,0,0,0,0.0,0,0,0,0,0,0,0,1,0.0,0.0,0.0%,WR,2017
114,115,Ryan Davis,0,0,0,0.0,0,0,0,0,0,0,0,1,0.0,0.0,0.0%,WR,2017
115,116,Marqise Lee,0,0,0,0.0,0,0,0,0,0,0,0,1,0.0,0.0,0.0%,WR,2017
116,117,Brittan Golden,0,0,0,0.0,0,0,0,0,0,0,0,1,0.0,0.0,0.0%,WR,2017
117,118,Brian Quick,0,0,0,0.0,0,0,0,0,0,0,0,1,0.0,0.0,0.0%,WR,2017
118,119,Andre Holmes,0,0,0,0.0,0,0,0,0,0,0,0,1,0.0,0.0,0.0%,WR,2017
119,120,Bennie Fowler,0,0,0,0.0,0,0,0,0,0,0,0,1,0.0,0.0,0.0%,WR,2017
120,121,Anthony Johnson,0,0,0,0.0,0,0,0,0,0,0,0,1,0.0,0.0,0.0%,WR,2017
121,122,Brenton Bersin,0,0,0,0.0,0,0,0,0,0,0,0,1,0.0,0.0,0.0%,WR,2017
122,123,James Wright,0,0,0,0.0,0,0,0,0,0,0,0,1,0.0,0.0,0.0%,WR,2017
123,124,Jeff Janis,0,0,0,0.0,0,0,0,0,0,0,0,1,0.0,0.0,0.0%,WR,2017
124,125,Michael Floyd,0,1,0,0.0,0,0,0,0,0,0,0,1,0.0,0.0,0.0%,WR,2017
125,126,Louis Murphy,0,0,0,0.0,0,0,0,0,0,0,0,1,0.0,0.0,0.0%,WR,2017
126,127,Matthew Slater,0,0,0,0.0,0,0,0,0,0,0,0,1,0.0,0.0,0.0%,WR,2017
127,128,Eric Weems,0,0,0,0.0,0,0,0,0,0,0,0,1,0.0,0.0,0.0%,WR,2017
128,129,Kamar Aiken,0,1,0,0.0,0,0,0,0,0,0,0,1,0.0,0.0,0.0%,WR,2017
129,130,Andre Roberts,0,0,0,0.0,0,0,0,0,0,0,0,1,0.0,0.0,0.0%,WR,2017
130,131,Chad Williams,0,0,0,0.0,0,0,0,0,0,0,0,1,0.0,0.0,0.0%,WR,2017
131,132,Ryan Switzer,0,0,0,0.0,0,0,0,0,0,0,0,1,0.0,0.0,0.0%,WR,2017
132,133,Justin Hardee,0,0,0,0.0,0,0,0,0,0,0,0,1,0.0,0.0,0.0%,WR,2017
133,134,Chris Thompson,0,0,0,0.0,0,0,0,0,0,0,0,1,0.0,0.0,0.0%,WR,2017
134,135,Isaac Whitney,0,0,0,0.0,0,0,0,0,0,0,0,1,0.0,0.0,0.0%,WR,2017
135,136,DeAndrew White,0,1,0,0.0,0,0,0,0,0,0,0,1,0.0,0.0,0.0%,WR,2017
136,137,Vince Mayle,0,0,0,0.0,0,0,0,0,0,0,0,1,0.0,0.0,0.0%,WR,2017
137,138,Kaelin Clay,0,2,0,0.0,0,0,0,0,0,0,0,1,0.0,0.0,0.0%,WR,2017
138,139,Jordan Taylor,0,0,0,0.0,0,0,0,0,0,0,0,1,0.0,0.0,0.0%,WR,2017
139,140,Maurice Harris,0,0,0,0.0,0,0,0,0,0,0,0,1,0.0,0.0,0.0%,WR,2017
140,141,Kalif Raymond,0,0,0,0.0,0,0,0,0,0,0,0,1,0.0,0.0,1.3%,WR,2017
141,142,K.J. Brent,0,0,0,0.0,0,0,0,0,0,0,0,1,0.0,0.0,0.0%,WR,2017
142,143,Marvin Hall,0,0,0,0.0,0,0,0,0,0,0,0,1,0.0,0.0,0.0%,WR,2017
143,144,Zay Jones,0,2,0,0.0,0,0,0,0,0,0,0,1,0.0,0.0,16.7%,WR,2017
144,145,Josh Reynolds,0,0,0,0.0,0,0,0,0,0,0,0,1,0.0,0.0,7.4%,WR,2017
145,146,ArDarius Stewart,0,1,0,0.0,0,0,0,0,0,0,0,1,0.0,0.0,0.0%,WR,2017
146,147,Shelton Gibson,0,0,0,0.0,0,0,0,0,0,0,0,1,0.0,0.0,0.0%,WR,2017
147,148,Mack Hollins,0,1,0,0.0,0,0,0,0,0,0,0,1,0.0,0.0,0.3%,WR,2017
148,149,Jehu Chesson,0,0,0,0.0,0,0,0,0,0,0,0,1,0.0,0.0,0.0%,WR,2017
149,150,Mike Williams,0,1,0,0.0,0,0,0,0,0,0,0,1,0.0,0.0,48.2%,WR,2017
150,151,Demarcus Robinson,0,0,0,0.0,0,0,0,0,0,0,0,1,0.0,0.0,15.2%,WR,2017
151,152,Cody Core,0,0,0,0.0,0,0,0,0,0,0,0,1,0.0,0.0,0.0%,WR,2017
152,153,Ricardo Louis,0,1,0,0.0,0,0,0,0,0,0,0,1,0.0,0.0,0.0%,WR,2017
153,154,Laquon Treadwell,0,0,0,0.0,0,0,0,0,0,0,0,1,0.0,0.0,0.0%,WR,2017
154,155,Pharoh Cooper,0,0,0,0.0,0,0,0,0,0,0,0,1,0.0,0.0,0.0%,WR,2017
155,156,Leonte Carroo,0,0,0,0.0,0,0,0,0,0,0,0,1,0.0,0.0,0.0%,WR,2017
156,157,Chris Moore,0,3,0,0.0,0,0,0,0,0,0,0,1,0.0,0.0,0.1%,WR,2017
157,158,Mike Thomas,0,0,0,0.0,0,0,0,0,0,0,0,1,0.0,0.0,0.0%,WR,2017
158,159,Johnny Holton,0,0,0,0.0,0,0,0,0,0,0,0,1,0.0,0.0,0.0%,WR,2017
159,160,Trevor Davis,0,0,0,0.0,0,0,0,0,0,0,0,1,0.0,0.0,0.0%,WR,2017
160,161,Tanner McEvoy,1,1,19,19.0,19,0,0,0,0,0,1,1,-0.1,-0.1,0.0%,WR,2017
161,162,Brandon Coleman,3,5,16,5.3,12,0,0,0,0,0,2,1,-2.4,-2.4,0.0%,WR,2017
