,Rank,Player,Receiving Receptions,Receiving Target,Receiving Yards,Yards/Reception,Longest Reception,Receiving 20+,Receiving Touchdowns,Rushing Attempts,Rushing Yards,Rushing Touchdown,Fumbles,Games Played,Fantasy Football Points,FTPS/Game,ROST,Position,Year
0,1,DeAndre Hopkins,11,16,149,13.5,29,3,2,0,0,0,1,1,24.9,24.9,92.5%,WR,2017
1,2,Antonio Brown,11,18,213,19.4,57,2,0,0,0,0,0,1,21.3,21.3,0.8%,WR,2017
2,3,Davante Adams,10,14,84,8.4,25,1,2,0,0,0,0,1,20.4,20.4,99.9%,WR,2017
3,4,Tyrell Williams,4,4,132,33.0,75,1,1,0,0,0,0,1,19.2,19.2,0.0%,WR,2017
4,5,Cooper Kupp,5,7,118,23.6,64,1,1,0,0,0,0,1,17.8,17.8,97.9%,WR,2017
5,6,Michael Thomas,10,14,117,11.7,35,1,1,0,0,0,0,1,17.7,17.7,17.1%,WR,2017
6,7,Jarvis Landry,8,8,46,5.8,10,0,2,0,0,0,0,1,16.6,16.6,14.0%,WR,2017
7,8,Adam Thielen,6,12,105,17.5,52,0,1,0,0,0,0,1,16.5,16.5,74.6%,WR,2017
8,9,Tyler Lockett,4,5,90,22.5,74,0,1,1,10,0,0,1,16.0,16.0,88.8%,WR,2017
9,10,Keelan Cole,3,3,99,33.0,75,0,1,0,0,0,0,1,15.9,15.9,0.0%,WR,2017
10,11,Demaryius Thomas,8,12,93,11.6,25,2,1,0,0,0,0,1,15.3,15.3,0.1%,WR,2017
11,12,Golden Tate,8,9,85,10.6,24,1,1,0,0,0,0,1,14.5,14.5,0.0%,WR,2017
12,13,Mohamed Sanu,6,8,83,13.8,22,3,1,0,0,0,0,1,14.3,14.3,0.0%,WR,2017
13,14,Dede Westbrook,5,8,81,16.2,29,2,1,0,0,0,0,1,14.1,14.1,0.0%,WR,2017
14,15,Doug Baldwin,3,6,78,26.0,43,1,1,0,0,0,0,1,13.8,13.8,0.0%,WR,2017
15,16,Dez Bryant,3,5,73,24.3,50,0,1,0,0,0,0,1,13.3,13.3,2.6%,WR,2017
16,17,Paul Richardson,3,7,72,24.0,61,0,1,0,0,0,0,1,13.2,13.2,0.0%,WR,2017
17,18,Josh Gordon,3,6,69,23.0,38,0,1,0,0,0,0,1,12.9,12.9,0.0%,WR,2017
18,19,Corey Coleman,5,6,62,12.4,20,1,1,0,0,0,0,1,12.2,12.2,0.0%,WR,2017
19,20,Devin Funchess,3,7,59,19.7,22,1,1,0,0,0,0,1,11.9,11.9,0.0%,WR,2017
20,21,Alshon Jeffery,5,11,52,10.4,15,0,1,0,0,0,0,1,11.2,11.2,0.0%,WR,2017
21,22,Keenan Allen,6,8,111,18.5,51,1,0,0,0,0,0,1,11.1,11.1,91.1%,WR,2017
22,23,Chris Moore,3,3,48,16.0,30,0,1,0,0,0,0,1,10.8,10.8,0.1%,WR,2017
23,24,Kendall Wright,10,11,107,10.7,18,0,0,0,0,0,0,1,10.7,10.7,0.0%,WR,2017
24,25,Marquise Goodwin,6,12,106,17.7,32,1,0,0,0,0,0,1,10.6,10.6,0.0%,WR,2017
25,26,Jakeem Grant,2,4,42,21.0,25,1,1,0,0,0,0,1,10.2,10.2,0.0%,WR,2017
26,27,Torrey Smith,6,11,100,16.7,46,1,0,0,0,0,0,1,10.0,10.0,0.0%,WR,2017
27,28,Kelvin Benjamin,3,8,38,12.7,21,1,1,0,0,0,0,1,9.8,9.8,0.1%,WR,2017
28,29,Julio Jones,5,11,98,19.6,38,1,0,0,0,0,0,1,9.8,9.8,0.6%,WR,2017
29,30,Tommylee Lewis,2,2,30,15.0,26,1,1,0,0,0,0,1,9.0,9.0,0.0%,WR,2017
30,31,Brandon LaFell,3,6,24,8.0,14,0,1,0,0,0,0,1,8.4,8.4,0.0%,WR,2017
31,32,Sammy Watkins,3,7,21,7.0,15,0,1,0,0,0,0,1,8.1,8.1,0.0%,WR,2017
32,33,Michael Crabtree,7,13,60,8.6,13,0,0,0,0,0,0,1,8.0,8.0,0.0%,WR,2017
33,34,Danny Amendola,6,9,76,12.7,26,2,0,0,0,0,0,1,7.6,7.6,0.0%,WR,2017
34,35,Tyreek Hill,4,6,75,18.8,44,0,0,0,0,0,0,1,7.5,7.5,100.0%,WR,2017
35,36,Albert Wilson,5,7,72,14.4,36,0,0,0,0,0,0,1,7.2,7.2,0.0%,WR,2017
36,37,Mike Wallace,3,5,72,24.0,40,0,0,0,0,0,0,1,7.2,7.2,0.0%,WR,2017
37,38,Chris Godwin,5,6,68,13.6,19,0,0,0,0,0,0,1,6.8,6.8,90.4%,WR,2017
38,39,Marqise Lee,5,6,65,13.0,18,0,0,0,0,0,0,1,6.5,6.5,0.0%,WR,2017
39,40,Nelson Agholor,8,11,64,8.0,18,0,0,0,0,0,0,1,6.4,6.4,0.9%,WR,2017
40,41,Stefon Diggs,6,10,64,10.7,22,1,0,0,0,0,0,1,6.4,6.4,99.7%,WR,2017
41,42,DeSean Jackson,4,7,41,10.3,16,0,0,1,23,0,0,1,6.4,6.4,0.6%,WR,2017
42,43,Marvin Jones,3,4,64,21.3,38,0,0,0,0,0,0,1,6.4,6.4,0.1%,WR,2017
43,44,Cole Beasley,3,5,59,19.7,54,0,0,0,0,0,0,1,5.9,5.9,0.0%,WR,2017
44,45,Eric Decker,3,5,56,18.7,29,1,0,0,0,0,0,1,5.6,5.6,0.6%,WR,2017
45,46,Josh Bellamy,2,4,52,26.0,36,0,0,0,0,0,0,1,5.2,5.2,0.0%,WR,2017
46,47,Roger Lewis,7,11,46,6.6,16,0,0,0,0,0,0,1,4.6,4.6,0.0%,WR,2017
47,48,A.J. Green,5,12,64,12.8,20,1,0,0,0,0,1,1,4.4,4.4,0.6%,WR,2017
48,49,Larry Fitzgerald,5,7,44,8.8,23,1,0,0,0,0,0,1,4.4,4.4,0.2%,WR,2017
49,50,Travis Benjamin,2,4,21,10.5,14,0,0,1,22,0,0,1,4.3,4.3,0.0%,WR,2017
50,51,DeVante Parker,4,6,40,10.0,15,0,0,0,0,0,0,1,4.0,4.0,1.7%,WR,2017
51,52,Randall Cobb,8,8,39,4.9,16,0,0,0,0,0,0,1,3.9,3.9,0.0%,WR,2017
52,53,Brandin Cooks,1,7,38,38.0,38,0,0,0,0,0,0,1,3.8,3.8,43.5%,WR,2017
53,54,Cody Latimer,2,3,37,18.5,27,1,0,0,0,0,0,1,3.7,3.7,0.0%,WR,2017
54,55,Damiere Byrd,5,5,37,7.4,21,1,0,0,0,0,0,1,3.7,3.7,0.0%,WR,2017
55,56,Deonte Thompson,1,1,34,34.0,34,0,0,0,0,0,0,1,3.4,3.4,0.0%,WR,2017
56,57,Jamison Crowder,3,6,34,11.3,18,0,0,0,0,0,0,1,3.4,3.4,0.3%,WR,2017
57,58,Josh Doctson,3,6,34,11.3,13,0,0,0,0,0,0,1,3.4,3.4,0.0%,WR,2017
58,59,Jordy Nelson,4,5,33,8.3,12,0,0,0,0,0,0,1,3.3,3.3,0.1%,WR,2017
59,60,Martavis Bryant,6,10,33,5.5,9,0,0,0,0,0,0,1,3.3,3.3,0.0%,WR,2017
60,61,Chad Williams,0,0,0,0.0,0,0,0,1,33,0,0,1,3.3,3.3,0.0%,WR,2017
61,62,Eli Rogers,3,5,33,11.0,16,0,0,0,0,0,0,1,3.3,3.3,0.0%,WR,2017
62,63,Brandon Coleman,2,3,32,16.0,23,1,0,0,0,0,0,1,3.2,3.2,0.0%,WR,2017
63,64,Kendrick Bourne,2,2,29,14.5,18,0,0,0,0,0,0,1,2.9,2.9,4.5%,WR,2017
64,65,Corey Davis,3,6,29,9.7,22,1,0,0,0,0,0,1,2.9,2.9,0.0%,WR,2017
65,66,Geronimo Allison,4,4,29,7.3,9,0,0,0,0,0,0,1,2.9,2.9,0.0%,WR,2017
66,67,Ryan Grant,1,1,28,28.0,28,1,0,0,0,0,0,1,2.8,2.8,0.0%,WR,2017
67,68,Aldrick Robinson,2,2,27,13.5,18,0,0,0,0,0,0,1,2.7,2.7,0.0%,WR,2017
68,69,Robbie Chosen,3,6,27,9.0,13,0,0,0,0,0,0,1,2.7,2.7,0.0%,WR,2017
69,70,Jeremy Maclin,3,11,27,9.0,19,0,0,0,0,0,0,1,2.7,2.7,0.0%,WR,2017
70,71,T.J. Jones,3,3,26,8.7,11,0,0,0,0,0,0,1,2.6,2.6,0.0%,WR,2017
71,72,J.J. Nelson,2,3,26,13.0,14,0,0,0,0,0,0,1,2.6,2.6,0.0%,WR,2017
72,73,Kenny Golladay,3,4,17,5.7,7,0,0,1,9,0,0,1,2.6,2.6,4.0%,WR,2017
73,74,William Fuller,3,5,26,8.7,14,0,0,0,0,0,0,1,2.6,2.6,0.0%,WR,2017
74,75,Terrance Williams,3,6,25,8.3,10,0,0,0,0,0,0,1,2.5,2.5,0.0%,WR,2017
75,76,Mike Evans,2,5,25,12.5,13,0,0,0,0,0,0,1,2.5,2.5,98.1%,WR,2017
76,77,Adam Humphries,3,3,25,8.3,10,0,0,0,0,0,0,1,2.5,2.5,0.0%,WR,2017
77,78,DeAndrew White,1,6,24,24.0,24,1,0,0,0,0,0,1,2.4,2.4,0.0%,WR,2017
78,79,Seth Roberts,3,3,24,8.0,11,0,0,0,0,0,0,1,2.4,2.4,0.0%,WR,2017
79,80,Laquon Treadwell,2,4,23,11.5,15,0,0,0,0,0,0,1,2.3,2.3,0.0%,WR,2017
80,81,Louis Murphy,1,2,20,20.0,20,1,0,0,0,0,0,1,2.0,2.0,0.0%,WR,2017
81,82,T.Y. Hilton,2,4,20,10.0,10,0,0,0,0,0,0,1,2.0,2.0,3.0%,WR,2017
82,83,Taylor Gabriel,1,1,10,10.0,10,0,0,1,9,0,0,1,1.9,1.9,0.1%,WR,2017
83,84,Freddie Martino,1,1,19,19.0,19,0,0,0,0,0,0,1,1.9,1.9,0.1%,WR,2017
84,85,Rishard Matthews,3,5,19,6.3,10,0,0,0,0,0,0,1,1.9,1.9,0.0%,WR,2017
85,86,Kenny Stills,2,4,18,9.0,11,0,0,0,0,0,0,1,1.8,1.8,0.0%,WR,2017
86,87,Brenton Bersin,1,1,17,17.0,17,0,0,0,0,0,0,1,1.7,1.7,0.0%,WR,2017
87,88,Josh Reynolds,2,2,17,8.5,15,0,0,0,0,0,0,1,1.7,1.7,7.4%,WR,2017
88,89,Emmanuel Sanders,1,4,16,16.0,16,0,0,0,0,0,0,1,1.6,1.6,0.0%,WR,2017
89,90,Jaron Brown,2,5,15,7.5,9,0,0,0,0,0,0,1,1.5,1.5,0.0%,WR,2017
90,91,Tyler Boyd,1,4,15,15.0,15,0,0,0,0,0,0,1,1.5,1.5,28.0%,WR,2017
91,92,Jarius Wright,2,2,13,6.5,8,0,0,0,0,0,0,1,1.3,1.3,0.0%,WR,2017
92,93,Darius Powe,2,4,13,6.5,8,0,0,0,0,0,0,1,1.3,1.3,0.0%,WR,2017
93,94,Trent Taylor,2,3,11,5.5,6,0,0,0,0,0,0,1,1.1,1.1,0.0%,WR,2017
94,95,Alex Erickson,1,1,9,9.0,9,0,0,0,0,0,0,1,0.9,0.9,0.0%,WR,2017
95,96,Russell Shepard,0,0,0,0.0,0,0,0,1,8,0,0,1,0.8,0.8,0.0%,WR,2017
96,97,Michael Campanaro,1,3,8,8.0,8,0,0,0,0,0,0,1,0.8,0.8,0.0%,WR,2017
97,98,Ted Ginn,2,2,10,5.0,11,0,0,1,-3,0,0,1,0.7,0.7,0.0%,WR,2017
98,99,Sterling Shepard,2,3,16,8.0,11,0,0,1,-9,0,0,1,0.7,0.7,0.1%,WR,2017
99,100,Brian Quick,1,2,7,7.0,7,0,0,0,0,0,0,1,0.7,0.7,0.0%,WR,2017
100,101,Chester Rogers,2,4,6,3.0,6,0,0,0,0,0,0,1,0.6,0.6,0.0%,WR,2017
101,102,Mike Thomas,1,1,6,6.0,6,0,0,0,0,0,0,1,0.6,0.6,0.0%,WR,2017
102,103,Larry Pinkard,1,1,5,5.0,5,0,0,0,0,0,0,1,0.5,0.5,0.0%,WR,2017
103,104,Jermaine Kearse,1,6,4,4.0,4,0,0,0,0,0,0,1,0.4,0.4,0.0%,WR,2017
104,105,Mike Williams,1,3,3,3.0,3,0,0,0,0,0,0,1,0.3,0.3,48.2%,WR,2017
105,106,Michael Floyd,1,2,3,3.0,3,0,0,0,0,0,0,1,0.3,0.3,0.0%,WR,2017
106,107,Chris Hogan,1,5,1,1.0,1,0,0,0,0,0,0,1,0.1,0.1,0.0%,WR,2017
107,108,Pharoh Cooper,1,2,1,1.0,1,0,0,0,0,0,0,1,0.1,0.1,0.0%,WR,2017
108,109,Markus Wheaton,0,0,0,0.0,0,0,0,0,0,0,0,1,0.0,0.0,0.0%,WR,2017
109,110,Justin Hunter,0,0,0,0.0,0,0,0,0,0,0,0,1,0.0,0.0,0.0%,WR,2017
110,111,Ryan Davis,0,0,0,0.0,0,0,0,0,0,0,0,1,0.0,0.0,0.0%,WR,2017
111,112,De'Anthony Thomas,0,0,0,0.0,0,0,0,0,0,0,0,1,0.0,0.0,0.0%,WR,2017
112,113,Brittan Golden,0,0,0,0.0,0,0,0,0,0,0,0,1,0.0,0.0,0.0%,WR,2017
113,114,Andre Holmes,0,0,0,0.0,0,0,0,0,0,0,0,1,0.0,0.0,0.0%,WR,2017
114,115,Dontrelle Inman,0,0,0,0.0,0,0,0,0,0,0,0,1,0.0,0.0,0.0%,WR,2017
115,116,Bennie Fowler,0,0,0,0.0,0,0,0,0,0,0,0,1,0.0,0.0,0.0%,WR,2017
116,117,Willie Snead,1,2,0,0.0,0,0,0,0,0,0,0,1,0.0,0.0,0.0%,WR,2017
117,118,Anthony Johnson,0,0,0,0.0,0,0,0,0,0,0,0,1,0.0,0.0,0.0%,WR,2017
118,119,Bernard Reedy,0,0,0,0.0,0,0,0,0,0,0,0,1,0.0,0.0,0.0%,WR,2017
119,120,Jeff Janis,0,0,0,0.0,0,0,0,0,0,0,0,1,0.0,0.0,0.0%,WR,2017
120,121,James Wright,0,0,0,0.0,0,0,0,0,0,0,0,1,0.0,0.0,0.0%,WR,2017
121,122,Matthew Slater,0,0,0,0.0,0,0,0,0,0,0,0,1,0.0,0.0,0.0%,WR,2017
122,123,Brandon Tate,0,0,0,0.0,0,0,0,0,0,0,0,1,0.0,0.0,0.0%,WR,2017
123,124,Eric Weems,0,0,0,0.0,0,0,0,1,0,0,0,1,0.0,0.0,0.0%,WR,2017
124,125,Darrius Heyward-Bey,0,0,0,0.0,0,0,0,0,0,0,0,1,0.0,0.0,0.0%,WR,2017
125,126,Kamar Aiken,0,0,0,0.0,0,0,0,0,0,0,0,1,0.0,0.0,0.0%,WR,2017
126,127,Andre Roberts,0,0,0,0.0,0,0,0,0,0,0,0,1,0.0,0.0,0.0%,WR,2017
127,128,Victor Bolden,0,0,0,0.0,0,0,0,0,0,0,0,1,0.0,0.0,0.0%,WR,2017
128,129,Ryan Switzer,0,0,0,0.0,0,0,0,0,0,0,0,1,0.0,0.0,0.0%,WR,2017
129,130,Josh Malone,0,1,0,0.0,0,0,0,0,0,0,0,1,0.0,0.0,0.0%,WR,2017
130,131,Chris Thompson,0,0,0,0.0,0,0,0,0,0,0,0,1,0.0,0.0,0.0%,WR,2017
131,132,JoJo Natson,0,0,0,0.0,0,0,0,0,0,0,0,1,0.0,0.0,0.0%,WR,2017
132,133,Justin Hardee,0,0,0,0.0,0,0,0,0,0,0,0,1,0.0,0.0,0.0%,WR,2017
133,134,Kaelin Clay,0,1,0,0.0,0,0,0,0,0,0,0,1,0.0,0.0,0.0%,WR,2017
134,135,Amari Cooper,0,1,0,0.0,0,0,0,0,0,0,0,1,0.0,0.0,91.5%,WR,2017
135,136,Sammie Coates,0,0,0,0.0,0,0,0,0,0,0,0,1,0.0,0.0,0.0%,WR,2017
136,137,Justin Hardy,0,0,0,0.0,0,0,0,0,0,0,0,1,0.0,0.0,0.0%,WR,2017
137,138,Vince Mayle,0,0,0,0.0,0,0,0,0,0,0,0,1,0.0,0.0,0.0%,WR,2017
138,139,Jordan Taylor,0,0,0,0.0,0,0,0,0,0,0,0,1,0.0,0.0,0.0%,WR,2017
139,140,Kalif Raymond,0,0,0,0.0,0,0,0,0,0,0,0,1,0.0,0.0,1.3%,WR,2017
140,141,K.J. Brent,0,0,0,0.0,0,0,0,0,0,0,0,1,0.0,0.0,0.0%,WR,2017
141,142,Marvin Hall,0,1,0,0.0,0,0,0,0,0,0,0,1,0.0,0.0,0.0%,WR,2017
142,143,Jaydon Mickens,0,0,0,0.0,0,0,0,0,0,0,0,1,0.0,0.0,0.0%,WR,2017
143,144,Tanner McEvoy,0,0,0,0.0,0,0,0,0,0,0,0,1,0.0,0.0,0.0%,WR,2017
144,145,Amara Darboh,0,0,0,0.0,0,0,0,0,0,0,0,1,0.0,0.0,0.0%,WR,2017
145,146,Chad Hansen,0,0,0,0.0,0,0,0,0,0,0,0,1,0.0,0.0,0.0%,WR,2017
146,147,Noah Brown,0,2,0,0.0,0,0,0,0,0,0,0,1,0.0,0.0,23.5%,WR,2017
147,148,Shelton Gibson,0,0,0,0.0,0,0,0,0,0,0,0,1,0.0,0.0,0.0%,WR,2017
148,149,Mack Hollins,0,2,0,0.0,0,0,0,0,0,0,0,1,0.0,0.0,0.3%,WR,2017
149,150,Jehu Chesson,0,0,0,0.0,0,0,0,0,0,0,0,1,0.0,0.0,0.0%,WR,2017
150,151,Zay Jones,0,0,0,0.0,0,0,0,0,0,0,0,1,0.0,0.0,16.7%,WR,2017
151,152,ArDarius Stewart,0,1,0,0.0,0,0,0,0,0,0,0,1,0.0,0.0,0.0%,WR,2017
152,153,Taywan Taylor,0,1,0,0.0,0,0,0,0,0,0,0,1,0.0,0.0,0.0%,WR,2017
153,154,Cody Core,0,0,0,0.0,0,0,0,0,0,0,0,1,0.0,0.0,0.0%,WR,2017
154,155,Rashard Higgins,0,1,0,0.0,0,0,0,0,0,0,0,1,0.0,0.0,0.0%,WR,2017
155,156,Demarcus Robinson,0,0,0,0.0,0,0,0,0,0,0,0,1,0.0,0.0,15.2%,WR,2017
156,157,Leonte Carroo,0,0,0,0.0,0,0,0,0,0,0,0,1,0.0,0.0,0.0%,WR,2017
157,158,Ricardo Louis,0,0,0,0.0,0,0,0,0,0,0,0,1,0.0,0.0,0.0%,WR,2017
158,159,Trevor Davis,0,1,0,0.0,0,0,0,0,0,0,0,1,0.0,0.0,0.0%,WR,2017
159,160,Johnny Holton,2,4,18,9.0,10,0,0,0,0,0,1,1,-0.2,-0.2,0.0%,WR,2017
160,161,Tavon Austin,0,0,-9,0.0,0,0,0,1,6,0,1,1,-2.3,-2.3,0.1%,WR,2017
