,Rk,Date,G#,Week,Age,Tm,Unnamed: 6_level_1,Opp,Result,Int,Tgt,Cmp,Cmp%,Yds,Yds/Cmp,Yds/Tgt,TD,Rat,DADOT,Air,YAC,Bltz,Hrry,QBKD,Sk,Prss,Comb,MTkl,MTkl%
0,1.0,2020-09-13,1.0,1.0,30.078,SEA,@,ATL,W 38-25,0,7,3,42.9%,18,6.0,2.6,0,50.3,5.7,17,1,8,0,0,0.0,0,7,1,12.5%
1,2.0,2020-09-20,2.0,2.0,30.085,SEA,,NWE,W 35-30,0,4,3,75.0%,40,13.3,10.0,0,106.2,4.3,17,23,1,0,1,0.0,1,10,0,0.0%
2,3.0,2020-09-27,3.0,3.0,30.092,SEA,,DAL,W 38-31,0,2,1,50.0%,-5,-5.0,-2.5,0,56.2,4.5,-3,-2,10,0,2,0.0,2,9,0,0.0%
3,4.0,2020-10-04,4.0,4.0,30.099,SEA,@,MIA,W 31-23,0,4,2,50.0%,28,14.0,7.0,0,72.9,8.3,16,12,2,0,0,0.0,0,12,1,7.7%
4,5.0,2020-10-11,5.0,5.0,30.106,SEA,,MIN,W 27-26,0,7,5,71.4%,33,6.6,4.7,0,81.2,4.3,24,9,2,0,0,0.0,0,14,2,12.5%
5,6.0,2020-10-25,6.0,7.0,30.12,SEA,@,ARI,L 34-37,0,8,6,75.0%,85,14.2,10.6,0,108.9,9.3,40,45,2,1,0,0.0,1,11,1,8.3%
6,7.0,2020-11-01,7.0,8.0,30.127,SEA,,SFO,W 37-27,0,1,1,100.0%,6,6.0,6.0,0,91.7,5.0,5,1,17,0,2,2.0,4,11,0,0.0%
7,8.0,2020-11-08,8.0,9.0,30.134,SEA,@,BUF,L 34-44,0,4,4,100.0%,35,8.8,8.8,0,103.1,1.0,4,31,15,0,0,1.0,1,6,1,14.3%
8,9.0,2020-11-15,9.0,10.0,30.141,SEA,@,LAR,L 16-23,0,4,3,75.0%,26,8.7,6.5,0,91.7,-0.3,-5,31,3,0,0,0.0,0,7,0,0.0%
9,10.0,2020-11-19,10.0,11.0,30.145,SEA,,ARI,W 28-21,0,3,2,66.7%,12,6.0,4.0,0,74.3,9.7,3,9,11,0,1,0.0,1,9,0,0.0%
10,11.0,2020-11-30,11.0,12.0,30.156,SEA,@,PHI,W 23-17,0,9,3,33.3%,16,5.3,1.8,0,42.4,10.0,0,16,5,0,1,0.0,1,4,2,33.3%
11,12.0,2020-12-06,12.0,13.0,30.162,SEA,,NYG,L 12-17,0,4,2,50.0%,22,11.0,5.5,1,106.2,10.5,14,8,4,0,0,0.0,0,7,2,22.2%
12,13.0,2020-12-13,13.0,14.0,30.169,SEA,,NYJ,W 40-3,0,3,3,100.0%,56,18.7,18.7,0,118.7,11.7,35,21,5,0,1,0.0,1,6,0,0.0%
13,14.0,2020-12-20,14.0,15.0,30.176,SEA,@,WAS,W 20-15,0,10,9,90.0%,74,8.2,7.4,1,130.8,4.1,31,43,8,0,0,0.0,0,13,0,0.0%
14,15.0,2020-12-27,15.0,16.0,30.183,SEA,,LAR,W 20-9,0,8,4,50.0%,41,10.3,5.1,0,65.1,9.0,35,6,3,0,0,0.0,0,6,0,0.0%
15,16.0,2021-01-03,16.0,17.0,30.19,SEA,@,SFO,W 26-23,0,3,1,33.3%,1,1.0,0.3,0,42.4,9.7,1,0,4,0,0,0.0,0,6,0,0.0%
16,,16 Games,,,,,,,12-4-0,0,81,52,64.2%,488,9.4,6.0,2,88.9,6.8,234,254,100,1,8,3.0,12,138,10,6.8%
