,Rk,Date,G#,Week,Age,Tm,Unnamed: 6_level_1,Opp,Result,Int,Tgt,Cmp,Cmp%,Yds,Yds/Cmp,Yds/Tgt,TD,Rat,DADOT,Air,YAC,Bltz,Hrry,QBKD,Sk,Prss,Comb,MTkl,MTkl%,Year
0,1.0,2020-09-13,1.0,1.0,24.299,SEA,@,ATL,W 38-25,0,0,0,,0,,,0,,,0,0,0,0,0,0.0,0,3,0,0.0%,2020
1,2.0,2020-09-20,2.0,2.0,24.306,SEA,,NWE,W 35-30,0,0,0,,0,,,0,,,0,0,0,0,0,0.0,0,1,0,0.0%,2020
2,3.0,2020-09-27,3.0,3.0,24.313,SEA,,DAL,W 38-31,0,0,0,,0,,,0,,,0,0,0,0,0,0.0,0,2,0,0.0%,2020
3,4.0,2020-10-04,4.0,4.0,24.32,SEA,@,MIA,W 31-23,0,0,0,,0,,,0,,,0,0,0,0,1,0.0,1,1,0,0.0%,2020
4,5.0,2020-10-11,5.0,5.0,24.327,SEA,,MIN,W 27-26,0,0,0,,0,,,0,,,0,0,0,0,1,0.0,1,2,1,33.3%,2020
5,6.0,2020-10-25,6.0,7.0,24.341,SEA,@,ARI,L 34-37,0,1,0,0.0%,0,,0.0,0,39.6,-4.0,0,0,0,1,0,0.0,1,3,1,25.0%,2020
6,7.0,2020-11-01,7.0,8.0,24.348,SEA,,SFO,W 37-27,0,0,0,,0,,,0,,,0,0,0,0,0,0.0,0,3,0,0.0%,2020
7,8.0,2020-11-08,8.0,9.0,24.355,SEA,@,BUF,L 34-44,0,0,0,,0,,,0,,,0,0,0,0,0,0.0,0,2,0,0.0%,2020
8,9.0,2020-11-15,9.0,10.0,24.362,SEA,@,LAR,L 16-23,0,0,0,,0,,,0,,,0,0,0,0,1,1.0,2,5,0,0.0%,2020
9,10.0,2020-11-19,10.0,11.0,25.0,SEA,,ARI,W 28-21,0,0,0,,0,,,0,,,0,0,0,3,0,0.0,3,0,0,,2020
10,11.0,2020-11-30,11.0,12.0,25.011,SEA,@,PHI,W 23-17,0,1,1,100.0%,3,3.0,3.0,0,79.2,-3.0,-3,6,0,0,2,1.0,3,4,0,0.0%,2020
11,12.0,2020-12-06,12.0,13.0,25.017,SEA,,NYG,L 12-17,0,0,0,,0,,,0,,,0,0,0,0,0,0.0,0,4,0,0.0%,2020
12,13.0,2020-12-13,13.0,14.0,25.024,SEA,,NYJ,W 40-3,0,0,0,,0,,,0,,,0,0,0,0,0,0.0,0,2,0,0.0%,2020
13,14.0,2020-12-20,14.0,15.0,25.031,SEA,@,WAS,W 20-15,0,0,0,,0,,,0,,,0,0,0,0,0,0.0,0,4,0,0.0%,2020
14,15.0,2020-12-27,15.0,16.0,25.038,SEA,,LAR,W 20-9,0,0,0,,0,,,0,,,0,0,0,1,1,0.0,2,2,0,0.0%,2020
15,16.0,2021-01-03,16.0,17.0,25.045,SEA,@,SFO,W 26-23,0,0,0,,0,,,0,,,0,0,0,0,1,0.0,1,2,0,0.0%,2020
16,,16 Games,,,,,,,12-4-0,0,2,1,50.0%,3,3.0,1.5,0,56.2,-3.5,-3,6,0,5,7,2.0,14,40,2,4.8%,2020
