,Rk,Date,G#,Week,Age,Tm,Unnamed: 6_level_1,Opp,Result,Tgt,Rec,Yds,TD,1D,YBC,YBC/R,YAC,YAC/R,ADOT,BrkTkl,Rec/Br,Drop,Drop%,Int,Rat,Year
0,1.0,2020-09-13,1.0,1.0,27.351,SEA,@,ATL,W 38-25,8,8,92,0,4,77,9.6,15,1.9,9.6,0,,0,0.0,0,114.6,2020
1,2.0,2020-09-20,2.0,2.0,27.358,SEA,,NWE,W 35-30,8,7,67,1,4,38,5.4,29,4.1,8.6,0,,0,0.0,0,141.1,2020
2,3.0,2020-09-27,3.0,3.0,27.365,SEA,,DAL,W 38-31,13,9,100,3,6,96,10.7,4,0.4,9.9,0,,3,23.1,0,131.4,2020
3,4.0,2020-10-04,4.0,4.0,28.006,SEA,@,MIA,W 31-23,4,2,39,0,1,18,9.0,21,10.5,14.3,0,,1,25.0,0,84.4,2020
4,5.0,2020-10-11,5.0,5.0,28.013,SEA,,MIN,W 27-26,5,4,44,0,2,11,2.8,33,8.3,3.2,0,,1,20.0,0,103.3,2020
5,6.0,2020-10-25,6.0,7.0,28.027,SEA,@,ARI,L 34-37,20,15,200,3,11,163,10.9,37,2.5,11.7,1,15.0,2,10.0,1,125.0,2020
6,7.0,2020-11-01,7.0,8.0,28.034,SEA,,SFO,W 37-27,5,4,33,0,3,23,5.8,10,2.5,14.4,0,,0,0.0,0,94.2,2020
7,8.0,2020-11-08,8.0,9.0,28.041,SEA,@,BUF,L 34-44,7,4,40,0,1,30,7.5,10,2.5,11.9,0,,0,0.0,0,73.5,2020
8,9.0,2020-11-15,9.0,10.0,28.048,SEA,@,LAR,L 16-23,9,5,66,0,2,40,8.0,26,5.2,17.3,0,,0,0.0,0,78.9,2020
9,10.0,2020-11-19,10.0,11.0,28.052,SEA,,ARI,W 28-21,9,9,67,1,4,46,5.1,21,2.3,5.1,1,9.0,0,0.0,0,134.7,2020
10,11.0,2020-11-30,11.0,12.0,28.063,SEA,@,PHI,W 23-17,4,3,23,0,2,10,3.3,13,4.3,5.8,0,,0,0.0,0,88.5,2020
11,12.0,2020-12-06,12.0,13.0,28.069,SEA,,NYG,L 12-17,9,6,63,0,3,45,7.5,18,3.0,6.7,0,,1,11.1,0,86.8,2020
12,13.0,2020-12-13,13.0,14.0,28.076,SEA,,NYJ,W 40-3,5,5,52,0,4,27,5.4,25,5.0,5.4,0,,0,0.0,0,110.0,2020
13,14.0,2020-12-20,14.0,15.0,28.083,SEA,@,WAS,W 20-15,7,4,34,0,1,26,6.5,8,2.0,6.9,0,,0,0.0,0,69.9,2020
14,15.0,2020-12-27,15.0,16.0,28.09,SEA,,LAR,W 20-9,5,3,44,0,3,34,11.3,10,3.3,19.6,0,,0,0.0,0,88.7,2020
15,16.0,2021-01-03,16.0,17.0,28.097,SEA,@,SFO,W 26-23,14,12,90,2,6,43,3.6,47,3.9,6.5,0,,0,0.0,0,133.0,2020
16,,16 Games,,,,,,,12-4-0,132,100,1054,10,57,727,7.3,327,3.3,9.7,2,50.0,8,6.1,1,120.6,2020
