,Rk,Date,G#,Week,Age,Tm,Unnamed: 6_level_1,Opp,Result,Int,Tgt,Cmp,Cmp%,Yds,Yds/Cmp,Yds/Tgt,TD,Rat,DADOT,Air,YAC,Bltz,Hrry,QBKD,Sk,Prss,Comb,MTkl,MTkl%
0,1.0,2020-09-13,1.0,1.0,24.05,ATL,,SEA,L 25-38,0,0,0,,0,,,0,,,0,0,0,0,0,,0,,0,
1,2.0,2020-09-20,2.0,2.0,24.057,ATL,@,DAL,L 39-40,0,0,0,,0,,,0,,,0,0,0,0,0,0.0,0,4.0,0,0.0%
2,3.0,2020-09-27,3.0,3.0,24.064,ATL,,CHI,L 26-30,0,1,1,100.0%,8,8.0,8.0,0,100.0,2.0,2,6,0,1,1,0.0,2,3.0,0,0.0%
3,4.0,2020-10-05,4.0,4.0,24.072,ATL,@,GNB,L 16-30,0,0,0,,0,,,0,,,0,0,0,0,0,,0,,0,
4,5.0,2020-10-11,5.0,5.0,24.078,ATL,,CAR,L 16-23,0,0,0,,0,,,0,,,0,0,0,0,0,0.0,0,1.0,0,0.0%
5,6.0,2020-10-18,6.0,6.0,24.085,ATL,@,MIN,W 40-23,0,0,0,,0,,,0,,,0,0,0,1,0,0.0,1,0.0,0,
6,7.0,2020-10-25,7.0,7.0,24.092,ATL,,DET,L 22-23,0,0,0,,0,,,0,,,0,0,0,0,0,0.0,0,2.0,0,0.0%
7,8.0,2020-10-29,8.0,8.0,24.096,ATL,@,CAR,W 25-17,0,0,0,,0,,,0,,,0,0,0,0,0,0.0,0,2.0,0,0.0%
8,9.0,2020-11-08,9.0,9.0,24.106,ATL,,DEN,W 34-27,0,1,0,0.0%,0,,0.0,0,39.6,7.0,0,0,0,1,2,0.0,3,5.0,0,0.0%
9,10.0,2020-11-22,10.0,11.0,24.12,ATL,@,NOR,L 9-24,0,0,0,,0,,,0,,,0,0,0,0,0,0.0,0,3.0,0,0.0%
10,11.0,2020-11-29,11.0,12.0,24.127,ATL,,LVR,W 43-6,0,0,0,,0,,,0,,,0,0,0,0,1,1.0,2,6.0,0,0.0%
11,12.0,2020-12-06,12.0,13.0,24.134,ATL,,NOR,L 16-21,0,1,1,100.0%,21,21.0,21.0,0,118.7,15.0,15,6,0,0,0,0.0,0,2.0,0,0.0%
12,13.0,2020-12-13,13.0,14.0,24.141,ATL,@,LAC,L 17-20,0,0,0,,0,,,0,,,0,0,0,2,0,0.0,2,1.0,0,0.0%
13,14.0,2020-12-20,14.0,15.0,24.148,ATL,,TAM,L 27-31,0,1,1,100.0%,14,14.0,14.0,0,118.7,10.0,10,4,0,0,0,0.0,0,1.0,0,0.0%
14,15.0,2020-12-27,15.0,16.0,24.155,ATL,@,KAN,L 14-17,0,1,0,0.0%,0,,0.0,0,39.6,4.0,0,0,2,2,1,0.0,3,0.0,0,
15,16.0,2021-01-03,16.0,17.0,24.162,ATL,@,TAM,L 27-44,0,0,0,,0,,,0,,,0,0,0,2,0,0.0,2,1.0,0,0.0%
16,,16 Games,,,,,,,4-12-0,0,5,3,60.0%,43,14.3,8.6,0,87.9,7.6,27,16,2,9,5,1.0,15,31.0,0,0.0%
