,Rk,Date,G#,Week,Age,Tm,Unnamed: 6_level_1,Opp,Result,Int,Tgt,Cmp,Cmp%,Yds,Yds/Cmp,Yds/Tgt,TD,Rat,DADOT,Air,YAC,Bltz,Hrry,QBKD,Sk,Prss,Comb,MTkl,MTkl%,Year
0,1.0,2020-09-13,1.0,1.0,31.139,ATL,,SEA,L 25-38,0,0,0,,0.0,,,0.0,,,0.0,0.0,0,0,0,,0,,0,,2020
1,2.0,2020-09-20,2.0,2.0,31.146,ATL,@,DAL,L 39-40,0,0,0,,0.0,,,0.0,,,0.0,0.0,0,0,0,,0,,0,,2020
2,3.0,2020-09-27,3.0,3.0,31.153,ATL,,CHI,L 26-30,0,0,0,,0.0,,,0.0,,,0.0,0.0,0,0,0,,0,,0,,2020
3,4.0,2020-10-05,4.0,4.0,31.161,ATL,@,GNB,L 16-30,0,0,0,,0.0,,,0.0,,,0.0,0.0,0,0,0,,0,,0,,2020
4,5.0,2020-10-11,5.0,5.0,31.167,ATL,,CAR,L 16-23,0,0,0,,0.0,,,0.0,,,0.0,0.0,0,0,0,,0,,0,,2020
5,6.0,2020-10-18,6.0,6.0,31.174,ATL,@,MIN,W 40-23,0,0,0,,0.0,,,0.0,,,0.0,0.0,0,0,0,,0,,0,,2020
6,7.0,2020-10-25,7.0,7.0,31.181,ATL,,DET,L 22-23,0,0,0,,0.0,,,0.0,,,0.0,0.0,0,0,0,,0,,0,,2020
7,8.0,2020-10-29,8.0,8.0,31.185,ATL,@,CAR,W 25-17,0,0,0,,0.0,,,0.0,,,0.0,0.0,0,0,0,,0,,0,,2020
8,9.0,2020-11-08,9.0,9.0,31.195,ATL,,DEN,W 34-27,0,0,0,,0.0,,,0.0,,,0.0,0.0,0,0,0,,0,,0,,2020
9,10.0,2020-11-22,10.0,11.0,31.209,ATL,@,NOR,L 9-24,0,0,0,,0.0,,,0.0,,,0.0,0.0,0,0,0,0.0,0,1.0,0,0.0%,2020
10,11.0,2020-11-29,11.0,12.0,31.216,ATL,,LVR,W 43-6,0,0,0,,0.0,,,0.0,,,0.0,0.0,0,0,0,,0,,0,,2020
11,12.0,2020-12-06,12.0,13.0,31.223,ATL,,NOR,L 16-21,0,0,0,,0.0,,,0.0,,,0.0,0.0,0,0,0,,0,,0,,2020
12,13.0,2020-12-13,13.0,14.0,31.23,ATL,@,LAC,L 17-20,0,0,0,,0.0,,,0.0,,,0.0,0.0,0,0,0,,0,,0,,2020
13,14.0,2020-12-20,14.0,15.0,31.237,ATL,,TAM,L 27-31,0,0,0,,0.0,,,0.0,,,0.0,0.0,0,0,0,,0,,0,,2020
14,15.0,2020-12-27,15.0,16.0,31.244,ATL,@,KAN,L 14-17,0,0,0,,0.0,,,0.0,,,0.0,0.0,0,0,0,,0,,0,,2020
15,16.0,2021-01-03,16.0,17.0,31.251,ATL,@,TAM,L 27-44,0,0,0,,0.0,,,0.0,,,0.0,0.0,0,0,0,,0,,0,,2020
16,,16 Games,,,,,,,4-12-0,0,0,0,,,,,,,,,,0,0,0,0.0,0,1.0,0,0.0%,2020
