,Rk,Date,G#,Week,Age,Tm,Unnamed: 6_level_1,Opp,Result,Att,Yds,TD,1D,YBC,YBC/Att,YAC,YAC/Att,BrkTkl,Att/Br,Tgt,Rec,Yds,TD,1D,YBC,YBC/R,YAC,YAC/R,ADOT,BrkTkl,Rec/Br,Drop,Drop%,Int,Rat,Year
0,1.0,2020-09-13,1.0,1.0,26.041,ATL,,SEA,L 25-38,14,56,1,3,35,2.5,21,1.5,0,,5,2,1,0,0,-4,-2.0,5,2.5,0.2,0,,1,20.0,0.0,47.9,2020
1,2.0,2020-09-20,2.0,2.0,26.048,ATL,@,DAL,L 39-40,21,61,0,2,34,1.6,27,1.3,0,,0,0,0,0,0,0,,0,,,0,,0,0.0,,,2020
2,3.0,2020-09-27,3.0,3.0,26.055,ATL,,CHI,L 26-30,14,80,1,4,46,3.3,34,2.4,1,14.0,2,1,2,0,0,1,1.0,1,1.0,-3.5,0,,0,0.0,0.0,56.2,2020
3,4.0,2020-10-05,4.0,4.0,26.063,ATL,@,GNB,L 16-30,16,57,2,6,25,1.6,32,2.0,8,2.0,1,1,6,0,0,6,6.0,0,0.0,6.0,0,,0,0.0,0.0,91.7,2020
4,5.0,2020-10-11,5.0,5.0,26.069,ATL,,CAR,L 16-23,14,121,1,6,34,2.4,87,6.2,3,4.7,5,4,29,0,2,-1,-0.3,30,7.5,-0.2,1,4.0,1,20.0,0.0,90.8,2020
5,6.0,2020-10-18,6.0,6.0,26.076,ATL,@,MIN,W 40-23,20,47,0,4,22,1.1,25,1.3,0,,4,3,20,0,1,-3,-1.0,23,7.7,-1.0,1,3.0,0,0.0,0.0,85.4,2020
6,7.0,2020-10-25,7.0,7.0,26.083,ATL,,DET,L 22-23,23,63,2,5,29,1.3,34,1.5,3,7.7,3,2,19,0,0,5,2.5,14,7.0,2.0,0,,1,33.3,0.0,84.0,2020
7,8.0,2020-10-29,8.0,8.0,26.087,ATL,@,CAR,W 25-17,18,46,1,3,19,1.1,27,1.5,0,,0,0,0,0,0,0,,0,,,0,,0,0.0,,,2020
8,9.0,2020-11-08,9.0,9.0,26.097,ATL,,DEN,W 34-27,19,53,1,2,32,1.7,21,1.1,1,19.0,2,2,2,0,0,-7,-3.5,9,4.5,-3.5,0,,0,0.0,0.0,79.2,2020
9,10.0,2020-11-22,10.0,11.0,26.111,ATL,@,NOR,L 9-24,8,26,0,1,15,1.9,11,1.4,1,8.0,2,1,3,0,0,2,2.0,1,1.0,1.0,0,,0,0.0,0.0,56.2,2020
10,11.0,2020-12-06,12.0,13.0,26.125,ATL,,NOR,L 16-21,8,16,0,2,11,1.4,5,0.6,2,4.0,1,1,4,0,0,1,1.0,3,3.0,1.0,0,,0,0.0,0.0,83.3,2020
11,12.0,2020-12-13,13.0,14.0,26.132,ATL,@,LAC,L 17-20,6,19,0,2,12,2.0,7,1.2,0,,3,2,12,0,0,4,2.0,8,4.0,0.3,0,,1,33.3,0.0,74.3,2020
12,13.0,2020-12-20,14.0,15.0,26.139,ATL,,TAM,L 27-31,1,-1,0,0,-1,-1.0,0,0.0,0,,2,2,15,0,1,8,4.0,7,3.5,4.0,1,2.0,0,0.0,0.0,97.9,2020
13,14.0,2020-12-27,15.0,16.0,26.146,ATL,@,KAN,L 14-17,4,16,0,2,10,2.5,6,1.5,0,,3,3,34,0,2,26,8.7,8,2.7,8.7,0,,0,0.0,0.0,113.9,2020
14,15.0,2021-01-03,16.0,17.0,26.153,ATL,@,TAM,L 27-44,9,18,0,3,6,0.7,12,1.3,0,,2,1,17,0,1,3,3.0,14,14.0,9.5,0,,0,0.0,0.0,79.2,2020
15,,15 Games,,,,,,,3-12-0,195,678,9,45,329,1.7,349,1.8,19,10.3,35,25,164,0,7,41,1.6,123,4.9,1.5,3,8.3,4,11.4,0.0,81.1,2020
