,Rk,Date,G#,Week,Age,Tm,Unnamed: 6_level_1,Opp,Result,Int,Tgt,Cmp,Cmp%,Yds,Yds/Cmp,Yds/Tgt,TD,Rat,DADOT,Air,YAC,Bltz,Hrry,QBKD,Sk,Prss,Comb,MTkl,MTkl%
0,1.0,2018-09-09,1.0,1.0,28.001,IND,,CIN,L 23-34,0,0,0,,0,,,0,,,0,0,0,0,0,0.0,0,0,0,
1,2.0,2018-09-16,2.0,2.0,28.008,IND,@,WAS,W 21-9,0,8,4,50.0%,34,8.5,4.3,0,61.5,8.6,22,12,0,0,0,0.0,0,4,0,0.0%
2,3.0,2018-09-23,3.0,3.0,28.015,IND,@,PHI,L 16-20,0,2,1,50.0%,12,12.0,6.0,0,68.7,5.5,7,5,0,0,0,0.0,0,4,0,0.0%
3,4.0,2018-09-30,4.0,4.0,28.022,IND,,HOU,L 34-37,1,10,5,50.0%,79,15.8,7.9,0,37.1,10.5,59,20,0,0,0,0.0,0,5,0,0.0%
4,5.0,2018-10-04,5.0,5.0,28.026,IND,@,NWE,L 24-38,0,5,4,80.0%,39,9.8,7.8,1,138.7,9.2,30,9,1,0,0,0.0,0,6,0,0.0%
5,6.0,2018-10-14,6.0,6.0,28.036,IND,@,NYJ,L 34-42,0,8,6,75.0%,70,11.7,8.8,0,101.0,12.6,50,20,0,0,0,0.0,0,9,0,0.0%
6,7.0,2018-10-21,7.0,7.0,28.043,IND,,BUF,W 37-5,0,4,2,50.0%,22,11.0,5.5,0,66.7,6.8,15,7,0,0,0,0.0,0,4,1,20.0%
7,8.0,2018-10-28,8.0,8.0,28.05,IND,@,OAK,W 42-28,0,3,2,66.7%,32,16.0,10.7,0,102.1,11.7,23,9,0,0,0,0.0,0,7,0,0.0%
8,9.0,2018-11-11,9.0,10.0,28.064,IND,,JAX,W 29-26,0,2,0,0.0%,0,,0.0,0,39.6,9.0,0,0,0,0,0,0.0,0,3,0,0.0%
9,10.0,2018-11-18,10.0,11.0,28.071,IND,,TEN,W 38-10,0,3,2,66.7%,33,16.5,11.0,0,103.5,14.3,26,7,0,0,0,0.0,0,7,0,0.0%
10,11.0,2018-11-25,11.0,12.0,28.078,IND,,MIA,W 27-24,0,5,4,80.0%,116,29.0,23.2,2,158.3,8.6,38,78,0,0,0,0.0,0,2,0,0.0%
11,12.0,2018-12-02,12.0,13.0,28.085,IND,@,JAX,L 0-6,0,3,2,66.7%,8,4.0,2.7,0,70.1,4.0,2,6,0,0,0,0.0,0,8,0,0.0%
12,13.0,2018-12-09,13.0,14.0,28.092,IND,@,HOU,W 24-21,0,7,3,42.9%,27,9.0,3.9,0,53.9,7.6,16,11,0,0,0,0.0,0,3,0,0.0%
13,14.0,2018-12-16,14.0,15.0,28.099,IND,,DAL,W 23-0,0,10,1,10.0%,43,43.0,4.3,0,45.0,10.3,24,19,1,0,0,0.0,0,7,0,0.0%
14,15.0,2018-12-23,15.0,16.0,28.106,IND,,NYG,W 28-27,0,6,4,66.7%,79,19.8,13.2,0,109.7,13.5,49,30,0,0,0,0.0,0,4,1,20.0%
15,16.0,2018-12-30,16.0,17.0,28.113,IND,@,TEN,W 33-17,0,8,5,62.5%,30,6.0,3.8,0,69.8,9.5,6,24,0,0,0,0.0,0,6,1,14.3%
16,,16 Games,,,,,,,10-6-0,1,84,45,53.6%,624,13.9,7.4,3,84.6,9.8,367,257,2,0,0,0.0,0,79,3,3.7%
