,No.,Team,Player,Age,Pos,G,GS,FGA 0-19,FGM 0-19,FGA 20-29,FGM 20-29,FGA 30-39,FGM 30-39,FGA 40-49,FGM 40-49,FGA 50+,FGM 50+,FGA,FGM,Lng,FG%,XPA,XPM,XP%,KO,KOYds,TB,TB%,KOAvg
0,9,49ers,Robbie Gould,38,K,15,0,,,3.0,3.0,6.0,5.0,10.0,9.0,4.0,2.0,23.0,19.0,52.0,82.6%,38.0,36.0,94.7%,13.0,577.0,1.0,7.7%,44.4
1,7,49ers,Tristan Vizcaino,24,K,1,0,,,,,2.0,2.0,1.0,1.0,,,3.0,3.0,47.0,100.0%,2.0,2.0,100.0%,1.0,65.0,1.0,100.0%,65.0
2,6,49ers,Mitch Wishnowsky,28,P,16,0,,,,,,,,,,,,,,,,,,67.0,4229.0,42.0,62.7%,63.1
3,2,Bears,Cairo Santos,29,K,16,0,,,9.0,9.0,10.0,10.0,10.0,9.0,3.0,2.0,32.0,30.0,55.0,93.8%,37.0,36.0,97.3%,86.0,5252.0,42.0,48.8%,61.1
4,4,Bengals,Randy Bullock,31,K,12,0,,,3.0,3.0,10.0,8.0,8.0,7.0,5.0,3.0,26.0,21.0,55.0,80.8%,25.0,24.0,96.0%,58.0,3617.0,43.0,74.1%,62.4
5,3,Bengals,Austin Seibert,24,K,4,0,,,,,5.0,5.0,2.0,1.0,1.0,,8.0,6.0,48.0,75.0%,8.0,8.0,100.0%,18.0,1160.0,13.0,72.2%,64.4
6,8,Broncos,Brandon McManus,29,K,15,0,,,6.0,6.0,5.0,4.0,8.0,8.0,15.0,10.0,34.0,28.0,58.0,82.4%,27.0,24.0,88.9%,73.0,4516.0,54.0,74.0%,61.9
7,1,Broncos,Taylor Russolino,31,K,1,0,,,,,,,,,1.0,,1.0,,,0.0%,3.0,1.0,33.3%,4.0,209.0,,,52.3
8,6,Broncos,Sam Martin,30,P,16,0,,,,,,,,,,,,,,,,,,2.0,114.0,,,57.0
9,2,Browns,Cody Parkey,28,K,15,0,,,5.0,5.0,6.0,4.0,11.0,10.0,,,22.0,19.0,46.0,86.4%,47.0,43.0,91.5%,81.0,5140.0,45.0,55.6%,63.5
10,4,Browns,Austin Seibert,24,K,1,0,,,,,,,1.0,,,,1.0,,,0.0%,1.0,,0.0%,2.0,130.0,,,65.0
11,7,Browns,Jamie Gillan,23,P,16,0,,,,,,,,,1.0,,1.0,,,0.0%,,,,1.0,55.0,,,55.0
12,3,Buccaneers,Ryan Succop,34,K,16,0,1.0,1.0,10.0,10.0,9.0,9.0,9.0,7.0,2.0,1.0,31.0,28.0,52.0,90.3%,57.0,52.0,91.2%,1.0,16.0,,,16.0
13,8,Buccaneers,Bradley Pinion,26,P,16,0,,,,,,,,,,,,,,,,,,100.0,6477.0,85.0,85.0%,64.8
14,2,Buffalos,Tyler Bass,23,K,16,0,1.0,1.0,9.0,9.0,9.0,6.0,9.0,8.0,6.0,4.0,34.0,28.0,58.0,82.4%,59.0,57.0,96.6%,101.0,6469.0,71.0,70.3%,64.0
15,5,Cardinals,Zane Gonzalez,25,K,12,0,,,4.0,4.0,2.0,2.0,13.0,8.0,3.0,2.0,22.0,16.0,56.0,72.7%,39.0,38.0,97.4%,65.0,4112.0,36.0,55.4%,63.3
16,2,Cardinals,Mike Nugent,38,K,4,0,,,1.0,1.0,5.0,4.0,2.0,2.0,,,8.0,7.0,43.0,87.5%,7.0,7.0,100.0%,19.0,1202.0,3.0,15.8%,63.3
17,46,Cardinals,Aaron Brewer,30,LS,16,0,,,,,,,,,,,,,,,,,,1.0,15.0,,,15.0
18,4,Cardinals,Andy Lee,38,P,16,0,,,,,,,,,,,,,,,,,,2.0,121.0,,,60.5
19,4,Chargers,Michael Badgley,25,K,16,0,,,8.0,8.0,6.0,6.0,13.0,8.0,6.0,2.0,33.0,24.0,53.0,72.7%,39.0,36.0,92.3%,3.0,177.0,,,59.0
20,1,Chargers,Ty Long,27,P,16,0,,,,,,,,,,,,,,,,,,81.0,5187.0,49.0,60.5%,64.0
21,7,Chiefs,Harrison Butker,25,K,16,0,2.0,2.0,7.0,7.0,9.0,9.0,5.0,3.0,4.0,4.0,27.0,25.0,58.0,92.6%,54.0,48.0,88.9%,95.0,6027.0,72.0,75.8%,63.4
22,5,Chiefs,Tommy Townsend,24,P,16,0,,,,,,,,,,,,,,,,,,2.0,103.0,,,51.5
23,3,Colts,Rodrigo Blankenship,23,K,16,0,,,10.0,10.0,13.0,12.0,11.0,9.0,3.0,1.0,37.0,32.0,53.0,86.5%,45.0,43.0,95.6%,20.0,1267.0,13.0,65.0%,63.4
24,8,Colts,Rigoberto Sanchez,26,K,14,0,,,,,,,,,,,,,,,,,,77.0,4803.0,33.0,42.9%,62.4
25,3,Commanders,Dustin Hopkins,30,K,16,0,,,5.0,5.0,8.0,7.0,17.0,13.0,4.0,2.0,34.0,27.0,51.0,79.4%,32.0,30.0,93.8%,78.0,4808.0,65.0,83.3%,61.6
26,2,Cowboys,Greg Zuerlein,33,K,16,0,1.0,1.0,5.0,5.0,13.0,13.0,13.0,12.0,9.0,3.0,41.0,34.0,59.0,82.9%,36.0,33.0,91.7%,90.0,5589.0,60.0,66.7%,62.1
27,6,Cowboys,Chris Jones,31,P,8,0,,,,,,,,,,,,,,,,,,2.0,116.0,,,58.0
28,7,Dolphins,Jason Sanders,25,K,16,0,1.0,1.0,8.0,8.0,7.0,7.0,14.0,12.0,9.0,8.0,39.0,36.0,56.0,92.3%,36.0,36.0,100.0%,91.0,5540.0,64.0,70.3%,60.9
29,2,Dolphins,Matt Haack,26,P,16,0,,,,,,,,,,,,,,,,,,1.0,49.0,,,49.0
30,4,Eagles,Jake Elliott,25,K,16,0,,,3.0,1.0,6.0,6.0,5.0,5.0,5.0,2.0,19.0,14.0,54.0,73.7%,26.0,24.0,92.3%,73.0,4508.0,46.0,63.0%,61.8
31,1,Eagles,Cameron Johnston,28,P,16,0,,,,,,,,,,,,,,,,,,2.0,118.0,,,59.0
32,7,Falcons,Younghoe Koo,26,K,15,0,,,10.0,10.0,12.0,11.0,9.0,8.0,8.0,8.0,39.0,37.0,54.0,94.9%,36.0,33.0,91.7%,66.0,4160.0,28.0,42.4%,63.0
33,1,Falcons,Elliott Fry,26,K,1,0,,,1.0,1.0,,,,,,,1.0,1.0,23.0,100.0%,2.0,1.0,50.0%,4.0,259.0,2.0,50.0%,64.8
34,4,Falcons,Sterling Hofrichter,24,P,16,0,,,,,,,,,,,,,,,,,,22.0,1383.0,16.0,72.7%,62.9
35,5,Giants,Graham Gano,33,K,16,0,,,4.0,4.0,13.0,13.0,9.0,9.0,6.0,5.0,32.0,31.0,55.0,96.9%,23.0,21.0,91.3%,73.0,4357.0,30.0,41.1%,59.7
36,9,Giants,Riley Dixon,27,P,16,0,,,,,,,,,,,,,,,,,,1.0,50.0,,,50.0
37,7,Jaguars,Aldrick Rosas,26,K,6,0,,,3.0,3.0,2.0,2.0,1.0,,5.0,3.0,11.0,8.0,54.0,72.7%,9.0,9.0,100.0%,20.0,1266.0,15.0,75.0%,63.3
38,4,Jaguars,Josh Lambo,30,K,4,0,,,,,2.0,2.0,1.0,1.0,2.0,2.0,5.0,5.0,59.0,100.0%,10.0,8.0,80.0%,5.0,227.0,2.0,40.0%,45.4
39,3,Jaguars,Chase McLaughlin,24,K,3,0,,,1.0,1.0,1.0,1.0,1.0,1.0,2.0,1.0,5.0,4.0,52.0,80.0%,4.0,3.0,75.0%,,,,,
40,3,Jaguars,Stephen Hauschka,35,K,1,0,,,1.0,,,,1.0,,,,2.0,,,0.0%,2.0,2.0,100.0%,,,,,
41,1,Jaguars,Jonathan Brown,28,K,1,0,,,,,2.0,1.0,,,,,2.0,1.0,31.0,50.0%,1.0,1.0,100.0%,1.0,9.0,,,9.0
42,1,Jaguars,Brandon Wright,23,K,1,0,,,,,,,,,,,,,,,2.0,1.0,50.0%,,,,,
43,84,Jaguars,Keelan Cole,27,WR,16,5,,,,,,,,,,,,,,,,,,1.0,11.0,,,11.0
44,9,Jaguars,Logan Cooke,25,P,14,0,,,,,,,,,,,,,,,,,,46.0,2782.0,25.0,54.3%,60.5
45,9,Jets,Sam Ficken,28,K,9,0,,,5.0,5.0,6.0,6.0,1.0,1.0,3.0,1.0,15.0,13.0,54.0,86.7%,15.0,12.0,80.0%,32.0,1975.0,18.0,56.3%,61.7
46,6,Jets,Sergio Castillo,30,K,6,0,,,2.0,1.0,4.0,3.0,5.0,2.0,2.0,2.0,13.0,8.0,55.0,61.5%,7.0,6.0,85.7%,,,,,
47,3,Jets,Chase McLaughlin,24,K,1,0,,,,,,,,,,,,,,,2.0,2.0,100.0%,3.0,177.0,,,59.0
48,7,Jets,Braden Mann,23,P,16,0,,,,,,,,,,,,,,,,,,28.0,1813.0,16.0,57.1%,64.8
49,5,Lions,Matt Prater,36,K,16,0,,,4.0,4.0,7.0,7.0,7.0,4.0,10.0,6.0,28.0,21.0,59.0,75.0%,41.0,38.0,92.7%,18.0,1065.0,7.0,38.9%,59.2
50,3,Lions,Jack Fox,24,P,16,0,,,,,,,,,,,,,,,,,,60.0,3670.0,19.0,31.7%,61.2
51,2,Packers,Mason Crosby,36,K,16,0,1.0,1.0,1.0,1.0,5.0,5.0,5.0,5.0,4.0,4.0,16.0,16.0,57.0,100.0%,63.0,59.0,93.7%,82.0,5236.0,48.0,58.5%,63.9
52,6,Packers,JK Scott,25,K,16,0,,,,,,,,,,,,,,,,,,16.0,965.0,4.0,25.0%,60.3
53,4,Panthers,Joey Slye,24,K,16,0,,,12.0,11.0,10.0,10.0,8.0,7.0,6.0,1.0,36.0,29.0,56.0,80.6%,36.0,33.0,91.7%,81.0,5095.0,71.0,87.7%,62.9
54,6,Patriots,Nick Folk,36,K,16,0,,,6.0,6.0,7.0,7.0,12.0,11.0,3.0,2.0,28.0,26.0,51.0,92.9%,33.0,30.0,90.9%,3.0,172.0,,,57.3
55,7,Patriots,Jake Bailey,23,P,16,0,,,,,,,,,,,,,,,,,,72.0,4584.0,42.0,58.3%,63.7
56,2,Raiders,Daniel Carlson,25,K,16,0,,,18.0,18.0,8.0,8.0,5.0,3.0,4.0,4.0,35.0,33.0,54.0,94.3%,47.0,45.0,95.7%,95.0,5966.0,61.0,64.2%,62.8
57,1,Rams,Matt Gay,26,K,7,0,,,2.0,2.0,6.0,5.0,7.0,6.0,1.0,1.0,16.0,14.0,51.0,87.5%,16.0,16.0,100.0%,35.0,2234.0,28.0,80.0%,63.8
58,1,Rams,Sam Sloman,23,K,7,0,,,3.0,2.0,5.0,5.0,2.0,1.0,1.0,,11.0,8.0,42.0,72.7%,21.0,18.0,85.7%,37.0,2385.0,22.0,59.5%,64.5
59,2,Rams,Kai Forbath,33,K,2,0,,,2.0,2.0,,,1.0,,,,3.0,2.0,23.0,66.7%,5.0,4.0,80.0%,9.0,585.0,4.0,44.4%,65.0
60,9,Ravens,Justin Tucker,31,K,16,0,,,8.0,8.0,7.0,6.0,9.0,9.0,5.0,3.0,29.0,26.0,55.0,89.7%,53.0,52.0,98.1%,95.0,6094.0,65.0,68.4%,64.1
61,3,Saints,Wil Lutz,26,K,16,0,,,6.0,5.0,10.0,10.0,9.0,7.0,3.0,1.0,28.0,23.0,53.0,82.1%,58.0,57.0,98.3%,94.0,5929.0,71.0,75.5%,63.1
62,6,Saints,Thomas Morstead,34,P,16,0,,,,,,,,,,,,,,,,,,1.0,33.0,,,33.0
63,5,Seahawks,Jason Myers,29,K,16,0,,,2.0,2.0,7.0,7.0,13.0,13.0,2.0,2.0,24.0,24.0,61.0,100.0%,53.0,49.0,92.5%,91.0,5792.0,52.0,57.1%,63.6
64,4,Seahawks,Michael Dickson,24,K,16,0,,,,,,,,,,,,,,,,,,2.0,26.0,,,13.0
65,9,Steelers,Chris Boswell,29,K,13,0,,,5.0,5.0,6.0,6.0,8.0,7.0,1.0,1.0,20.0,19.0,59.0,95.0%,38.0,34.0,89.5%,73.0,4622.0,44.0,60.3%,63.3
66,16,Steelers,Matthew Wright,24,K,3,0,,,1.0,1.0,1.0,1.0,2.0,2.0,,,4.0,4.0,46.0,100.0%,7.0,7.0,100.0%,15.0,869.0,1.0,6.7%,57.9
67,7,Texans,Ka'imi Fairbairn,26,K,16,0,,,8.0,8.0,9.0,9.0,8.0,6.0,6.0,4.0,31.0,27.0,54.0,87.1%,40.0,37.0,92.5%,85.0,5343.0,52.0,61.2%,62.9
68,9,Texans,Bryan Anger,32,P,16,0,,,,,,,,,,,,,,,,,,2.0,126.0,,,63.0
69,3,Titans,Stephen Gostkowski,36,K,15,0,,,3.0,2.0,5.0,4.0,10.0,5.0,8.0,7.0,26.0,18.0,55.0,69.2%,48.0,46.0,95.8%,86.0,5341.0,51.0,59.3%,62.1
70,2,Titans,Sam Sloman,23,K,1,0,,,,,1.0,1.0,1.0,1.0,,,2.0,2.0,47.0,100.0%,5.0,5.0,100.0%,7.0,406.0,2.0,28.6%,58.0
71,6,Titans,Brett Kern,34,P,13,0,,,,,,,,,,,,,,,,,,1.0,48.0,,,48.0
72,5,Vikings,Dan Bailey,32,K,16,0,,,6.0,6.0,4.0,3.0,7.0,4.0,5.0,2.0,22.0,15.0,53.0,68.2%,43.0,37.0,86.0%,83.0,4948.0,53.0,63.9%,59.6
73,2,Vikings,Britton Colquitt,35,P,16,0,,,,,,,,,,,,,,,,,,2.0,105.0,,,52.5
