,Rk,Date,G#,Week,Age,Tm,Unnamed: 6_level_1,Opp,Result,Att,Yds,TD,1D,YBC,YBC/Att,YAC,YAC/Att,BrkTkl,Att/Br,Tgt,Rec,Yds,TD,1D,YBC,YBC/R,YAC,YAC/R,ADOT,BrkTkl,Rec/Br,Drop,Drop%,Int,Rat,Year
0,1.0,2019-09-08,1.0,1.0,23.148,ARI,,DET,T 27-27,1.0,5.0,0.0,,3.0,3.0,2.0,2.0,0.0,,1.0,0.0,0.0,0.0,,0.0,,0.0,,9.0,0.0,,0.0,0.0,0.0,39.6,2019
1,2.0,2019-09-15,2.0,2.0,23.155,ARI,@,BAL,L 17-23,1.0,2.0,0.0,,0.0,0.0,2.0,2.0,0.0,,2.0,2.0,15.0,0.0,,-4.0,-2.0,19.0,9.5,-2.0,1.0,2.0,0.0,0.0,0.0,97.9,2019
2,3.0,2019-09-22,3.0,3.0,23.162,ARI,,CAR,L 20-38,3.0,15.0,0.0,0.0,6.0,2.0,9.0,3.0,0.0,,2.0,1.0,10.0,0.0,1.0,3.0,3.0,7.0,7.0,4.5,0.0,,1.0,50.0,0.0,64.6,2019
3,4.0,2019-09-29,4.0,4.0,23.169,ARI,,SEA,L 10-27,6.0,37.0,0.0,1.0,21.0,3.5,16.0,2.7,1.0,6.0,0.0,0.0,0.0,0.0,0.0,0.0,,0.0,,,0.0,,0.0,0.0,,,2019
4,5.0,2019-10-06,5.0,5.0,23.176,ARI,@,CIN,W 26-23,8.0,68.0,1.0,2.0,30.0,3.8,38.0,4.8,0.0,,4.0,3.0,18.0,0.0,1.0,5.0,1.7,13.0,4.3,1.3,0.0,,0.0,0.0,0.0,83.3,2019
5,6.0,2019-10-13,6.0,6.0,23.183,ARI,,ATL,W 34-33,5.0,34.0,0.0,1.0,20.0,4.0,14.0,2.8,0.0,,2.0,2.0,33.0,1.0,2.0,-6.0,-3.0,39.0,19.5,-3.0,0.0,,0.0,0.0,0.0,158.3,2019
6,7.0,2019-10-20,7.0,7.0,23.19,ARI,@,NYG,W 27-21,27.0,126.0,3.0,6.0,88.0,3.3,38.0,1.4,3.0,9.0,4.0,2.0,24.0,0.0,1.0,10.0,5.0,14.0,7.0,1.8,1.0,2.0,2.0,50.0,0.0,68.7,2019
7,8.0,2019-10-27,8.0,8.0,23.197,ARI,@,NOR,L 9-31,7.0,8.0,0.0,1.0,5.0,0.7,3.0,0.4,0.0,,4.0,2.0,5.0,0.0,0.0,-11.0,-5.5,16.0,8.0,-3.8,0.0,,1.0,25.0,0.0,56.2,2019
8,9.0,2019-12-01,12.0,13.0,23.232,ARI,,LAR,L 7-34,,,,,,,,,,,,,,,,,,,,,,,,0.0,,,2019
9,10.0,2019-12-08,13.0,14.0,23.239,ARI,,PIT,L 17-23,1.0,9.0,0.0,1.0,9.0,9.0,0.0,0.0,0.0,,2.0,0.0,0.0,0.0,0.0,0.0,,0.0,,-1.5,0.0,,1.0,50.0,1.0,0.0,2019
10,11.0,2019-12-15,14.0,15.0,23.246,ARI,,CLE,W 38-24,0.0,0.0,0.0,,0.0,,0.0,,0.0,,0.0,0.0,0.0,0.0,,0.0,,0.0,,,0.0,,0.0,0.0,,,2019
11,12.0,2019-12-22,15.0,16.0,23.253,ARI,@,SEA,W 27-13,0.0,0.0,0.0,,0.0,,0.0,,0.0,,0.0,0.0,0.0,0.0,,0.0,,0.0,,,0.0,,0.0,0.0,,,2019
12,13.0,2019-12-29,16.0,17.0,23.26,ARI,@,LAR,L 24-31,1.0,-1.0,0.0,,-2.0,-2.0,1.0,1.0,0.0,,0.0,0.0,0.0,0.0,,0.0,,0.0,,,0.0,,0.0,0.0,,,2019
13,,13 Games,,,,,,,5-7-1,60.0,303.0,4.0,12.0,180.0,3.0,123.0,2.1,4.0,15.0,21.0,12.0,105.0,1.0,5.0,-3.0,-0.3,108.0,9.0,0.1,2.0,6.0,5.0,23.8,1.0,66.6,2019
