,Rk,Date,G#,Week,Age,Tm,Unnamed: 6_level_1,Opp,Result,Att,Yds,TD,1D,YBC,YBC/Att,YAC,YAC/Att,BrkTkl,Att/Br,Tgt,Rec,Yds.1,TD.1,1D.1,YBC.1,YBC/R,YAC.1,YAC/R,ADOT,BrkTkl.1,Rec/Br,Drop,Drop%,Int,Rat,Year,Position,Player_Name,Team
0,1.0,2019-09-08,1.0,1.0,25.225,MIA,,BAL,L 10-59,4,12,0,0,6,1.5,6,1.5,0,,3,2,15,0,1,4,2.0,11,5.5,9.3,0,,0,0.0,1,38.9,2019,Running back,Kenyan Drake,Cardinals
1,2.0,2019-09-15,2.0,2.0,25.232,MIA,,NWE,L 0-43,6,19,0,0,16,2.7,3,0.5,0,,6,5,29,0,1,16,3.2,13,2.6,3.7,0,,0,0.0,0,86.8,2019,Running back,Kenyan Drake,Cardinals
2,3.0,2019-09-22,3.0,3.0,25.239,MIA,@,DAL,L 6-31,12,38,0,2,16,1.3,22,1.8,0,,6,3,34,0,2,-2,-0.7,36,12.0,0.8,0,,1,16.7,0,67.4,2019,Running back,Kenyan Drake,Cardinals
3,4.0,2019-09-29,4.0,4.0,25.246,MIA,,LAC,L 10-30,9,44,0,2,23,2.6,21,2.3,2,4.5,5,3,29,0,1,-13,-4.3,42,14.0,-0.6,0,,0,0.0,0,76.2,2019,Running back,Kenyan Drake,Cardinals
4,5.0,2019-10-13,5.0,6.0,25.26,MIA,,WAS,L 16-17,10,40,0,2,12,1.2,28,2.8,2,5.0,9,6,30,0,0,2,0.3,28,4.7,-0.9,1,6.0,1,11.1,0,71.5,2019,Running back,Kenyan Drake,Cardinals
5,6.0,2019-10-20,6.0,7.0,25.267,MIA,@,BUF,L 21-31,6,21,0,0,10,1.7,11,1.8,0,,4,3,37,0,1,4,1.3,33,11.0,1.0,0,,1,25.0,0,103.1,2019,Running back,Kenyan Drake,Cardinals
6,7.0,2019-10-31,9.0,9.0,25.278,ARI,,SFO,L 25-28,15,110,1,8,45,3.0,65,4.3,1,15.0,4,4,52,0,2,-13,-3.3,65,16.3,-3.3,0,,0,0.0,0,118.7,2019,Running back,Kenyan Drake,Cardinals
7,8.0,2019-11-10,10.0,10.0,25.288,ARI,@,TAM,L 27-30,10,35,0,2,19,1.9,16,1.6,1,10.0,7,6,6,0,2,-16,-2.7,22,3.7,-2.3,1,6.0,0,0.0,0,79.2,2019,Running back,Kenyan Drake,Cardinals
8,9.0,2019-11-17,11.0,11.0,25.295,ARI,@,SFO,L 26-36,16,67,0,6,46,2.9,21,1.3,1,16.0,7,6,13,0,1,-19,-3.2,32,5.3,-2.3,0,,0,0.0,0,79.2,2019,Running back,Kenyan Drake,Cardinals
9,10.0,2019-12-01,12.0,13.0,25.309,ARI,,LAR,L 7-34,13,31,0,1,24,1.8,7,0.5,0,,5,2,20,0,1,-10,-5.0,30,15.0,-2.4,0,,0,0.0,0,52.1,2019,Running back,Kenyan Drake,Cardinals
10,11.0,2019-12-08,13.0,14.0,25.316,ARI,,PIT,L 17-23,11,37,0,3,21,1.9,16,1.5,0,,3,3,30,0,2,-15,-5.0,45,15.0,-5.0,0,,0,0.0,0,108.3,2019,Running back,Kenyan Drake,Cardinals
11,12.0,2019-12-15,14.0,15.0,25.323,ARI,,CLE,W 38-24,22,137,4,11,96,4.4,41,1.9,2,11.0,1,1,9,0,0,-7,-7.0,16,16.0,-7.0,0,,0,0.0,0,104.2,2019,Running back,Kenyan Drake,Cardinals
12,13.0,2019-12-22,15.0,16.0,25.33,ARI,@,SEA,W 27-13,24,166,2,6,105,4.4,61,2.5,3,8.0,4,3,18,0,0,-5,-1.7,23,7.7,-2.3,0,,0,0.0,0,83.3,2019,Running back,Kenyan Drake,Cardinals
13,14.0,2019-12-29,16.0,17.0,25.337,ARI,@,LAR,L 24-31,12,60,1,5,40,3.3,20,1.7,0,,4,3,23,0,1,-5,-1.7,28,9.3,-0.3,0,,0,0.0,0,88.5,2019,Running back,Kenyan Drake,Cardinals
14,,14 Games,,,,,,,2-12-0,170,817,8,48,479,2.8,338,2.0,12,14.2,68,50,345,0,15,-79,-1.6,424,8.5,-0.6,2,25.0,3,4.4,1,78.4,2019,Running back,Kenyan Drake,Cardinals
