,Rk,Date,G#,Week,Age,Tm,Unnamed: 6_level_1,Opp,Result,Int,Tgt,Cmp,Cmp%,Yds,Yds/Cmp,Yds/Tgt,TD,Rat,DADOT,Air,YAC,Bltz,Hrry,QBKD,Sk,Prss,Comb,MTkl,MTkl%,Year
0,1.0,2019-10-20,7.0,7.0,29.101,ARI,@,NYG,W 27-21,0,6,4,66.7%,47,11.8,7.8,0,90.3,13.2,42,5,1,0,0,1.0,1,7,1,12.5%,2019
1,2.0,2019-10-27,8.0,8.0,29.108,ARI,@,NOR,L 9-31,1,9,8,88.9%,86,10.8,9.6,1,103.9,4.4,15,71,0,0,0,0.0,0,6,0,0.0%,2019
2,3.0,2019-10-31,9.0,9.0,29.112,ARI,,SFO,L 25-28,0,7,6,85.7%,118,19.7,16.9,1,158.3,14.3,84,34,0,0,0,0.0,0,3,2,40.0%,2019
3,4.0,2019-11-10,10.0,10.0,29.122,ARI,@,TAM,L 27-30,0,7,5,71.4%,80,16.0,11.4,0,109.2,13.3,52,28,1,0,0,0.0,0,3,1,25.0%,2019
4,5.0,2019-11-17,11.0,11.0,29.129,ARI,@,SFO,L 26-36,0,8,4,50.0%,54,13.5,6.8,0,71.9,9.1,43,11,0,0,0,0.0,0,4,0,0.0%,2019
5,6.0,2019-12-01,12.0,13.0,29.143,ARI,,LAR,L 7-34,0,7,7,100.0%,94,13.4,13.4,1,158.3,5.3,37,57,0,0,0,0.0,0,8,0,0.0%,2019
6,7.0,2019-12-08,13.0,14.0,29.15,ARI,,PIT,L 17-23,0,6,5,83.3%,47,9.4,7.8,0,99.3,3.3,24,23,0,0,0,0.0,0,5,1,16.7%,2019
7,8.0,2019-12-15,14.0,15.0,29.157,ARI,,CLE,W 38-24,1,12,6,50.0%,46,7.7,3.8,0,25.0,8.1,24,22,0,0,0,0.0,0,7,1,12.5%,2019
8,9.0,2019-12-22,15.0,16.0,29.164,ARI,@,SEA,W 27-13,0,2,0,0.0%,0,,0.0,0,39.6,3.5,0,0,0,0,0,0.0,0,3,0,0.0%,2019
9,10.0,2019-12-29,16.0,17.0,29.171,ARI,@,LAR,L 24-31,0,9,3,33.3%,49,16.3,5.4,1,89.6,13.7,33,16,0,0,0,0.0,0,7,0,0.0%,2019
10,,10 Games,,,,,,,3-7-0,2,73,48,65.8%,621,12.9,8.5,4,99.2,9.2,354,267,2,0,0,1.0,1,53,6,10.2%,2019
