,Rk,Date,G#,Week,Age,Tm,Unnamed: 6_level_1,Opp,Result,Tgt,Rec,Yds,TD,1D,YBC,YBC/R,YAC,YAC/R,ADOT,BrkTkl,Rec/Br,Drop,Drop%,Int,Rat,Att,Yds,TD,1D,YBC,YBC/Att,YAC,YAC/Att,BrkTkl,Att/Br
0,1.0,2022-09-11,1.0,1.0,23.204,CLE,@,CAR,W 26-24,11,6,60,0,3.0,59,9.8,1,0.2,7.9,0,,1,9.1,0,70.3,0,0,0,0.0,0,,0,,0,
1,2.0,2022-09-18,2.0,2.0,23.211,CLE,,NYJ,L 30-31,1,0,0,0,,0,,0,,6.0,0,,0,0.0,0,39.6,0,0,0,,0,,0,,0,
2,3.0,2022-09-22,3.0,3.0,23.215,CLE,,PIT,W 29-17,3,1,10,0,1.0,4,4.0,6,6.0,5.3,0,,0,0.0,0,43.7,0,0,0,0.0,0,,0,,0,
3,4.0,2022-10-02,4.0,4.0,23.225,CLE,@,ATL,L 20-23,9,5,71,0,2.0,59,11.8,12,2.4,12.3,0,,0,0.0,0,81.2,0,0,0,0.0,0,,0,,0,
4,5.0,2022-10-09,5.0,5.0,23.232,CLE,,LAC,L 28-30,7,4,50,0,3.0,42,10.5,8,2.0,13.1,1,4.0,0,0.0,0,79.5,0,0,0,0.0,0,,0,,0,
5,6.0,2022-10-16,6.0,6.0,23.239,CLE,,NWE,L 15-38,5,4,74,0,3.0,64,16.0,10,2.5,15.8,0,,0,0.0,0,118.7,1,2,0,0.0,2,2.0,0,0.0,0,
6,7.0,2022-10-23,7.0,7.0,23.246,CLE,@,BAL,L 20-23,6,6,71,0,1.0,59,9.8,12,2.0,9.8,0,,0,0.0,0,116.0,0,0,0,0.0,0,,0,,0,
7,8.0,2022-10-31,8.0,8.0,23.254,CLE,,CIN,W 32-13,4,4,81,0,3.0,52,13.0,29,7.3,13.0,0,,0,0.0,0,118.7,0,0,0,0.0,0,,0,,0,
8,9.0,2022-11-13,9.0,10.0,23.267,CLE,@,MIA,L 17-39,9,5,99,0,4.0,79,15.8,20,4.0,17.6,0,,0,0.0,0,94.2,0,0,0,0.0,0,,0,,0,
9,10.0,2022-11-20,10.0,11.0,23.274,CLE,@,BUF,L 23-31,6,5,61,1,3.0,56,11.2,5,1.0,10.2,0,,0,0.0,0,148.6,0,0,0,0.0,0,,0,,0,
10,11.0,2022-11-27,11.0,12.0,23.281,CLE,,TAM,W 23-17,4,2,16,0,1.0,10,5.0,6,3.0,8.8,0,,0,0.0,0,60.4,0,0,0,0.0,0,,0,,0,
11,12.0,2022-12-04,12.0,13.0,23.288,CLE,@,HOU,W 27-14,3,3,44,0,1.0,24,8.0,20,6.7,8.0,0,,0,0.0,0,118.7,0,0,0,0.0,0,,0,,0,
12,13.0,2022-12-11,13.0,14.0,23.295,CLE,@,CIN,L 10-23,12,8,114,0,4.0,98,12.3,16,2.0,14.8,0,,0,0.0,1,62.5,0,0,0,0.0,0,,0,,0,
13,14.0,2022-12-17,14.0,15.0,23.301,CLE,,BAL,W 13-3,4,4,31,1,2.0,19,4.8,12,3.0,4.8,0,,0,0.0,0,138.5,0,0,0,0.0,0,,0,,0,
14,15.0,2022-12-24,15.0,16.0,23.308,CLE,,NOR,L 10-17,5,1,2,0,,2,2.0,0,0.0,13.0,0,,1,20.0,0,39.6,0,0,0,,0,,0,,0,
15,16.0,2023-01-01,16.0,17.0,23.316,CLE,@,WAS,W 24-10,3,1,13,1,1.0,5,5.0,8,8.0,5.3,0,,0,0.0,0,87.5,0,0,0,0.0,0,,0,,0,
16,17.0,2023-01-08,17.0,18.0,23.323,CLE,@,PIT,L 14-28,4,2,42,0,1.0,16,8.0,26,13.0,15.5,0,,0,0.0,0,87.5,0,0,0,0.0,0,,0,,0,
17,,17 Games,,,,,,,7-10-0,96,61,839,3,33.0,648,10.6,191,3.1,11.7,1,61.0,2,2.1,1,97.5,1,2,0,0.0,2,2.0,0,0.0,0,
