,Rk,Date,G#,Week,Age,Tm,Unnamed: 6_level_1,Opp,Result,Int,Tgt,Cmp,Cmp%,Yds,Yds/Cmp,Yds/Tgt,TD,Rat,DADOT,Air,YAC,Bltz,Hrry,QBKD,Sk,Prss,Comb,MTkl,MTkl%
0,1.0,2022-09-11,1.0,1.0,23.204,CLE,@,CAR,W 26-24,0,0,0,,0.0,,,0.0,,,0.0,0.0,0,0,0,0.0,0,0,0,
1,2.0,2022-09-18,2.0,2.0,23.211,CLE,,NYJ,L 30-31,0,0,0,,0.0,,,0.0,,,0.0,0.0,0,0,0,0.0,0,0,0,
2,3.0,2022-09-22,3.0,3.0,23.215,CLE,,PIT,W 29-17,0,0,0,,0.0,,,0.0,,,0.0,0.0,0,0,0,0.0,0,0,0,
3,4.0,2022-10-02,4.0,4.0,23.225,CLE,@,ATL,L 20-23,0,0,0,,0.0,,,0.0,,,0.0,0.0,0,0,0,0.0,0,0,0,
4,5.0,2022-10-09,5.0,5.0,23.232,CLE,,LAC,L 28-30,0,0,0,,0.0,,,0.0,,,0.0,0.0,0,0,0,0.0,0,0,0,
5,6.0,2022-10-16,6.0,6.0,23.239,CLE,,NWE,L 15-38,0,0,0,,0.0,,,0.0,,,0.0,0.0,0,0,0,0.0,0,0,0,
6,7.0,2022-10-23,7.0,7.0,23.246,CLE,@,BAL,L 20-23,0,0,0,,0.0,,,0.0,,,0.0,0.0,0,0,0,0.0,0,0,0,
7,8.0,2022-10-31,8.0,8.0,23.254,CLE,,CIN,W 32-13,0,0,0,,0.0,,,0.0,,,0.0,0.0,0,0,0,0.0,0,0,0,
8,9.0,2022-11-13,9.0,10.0,23.267,CLE,@,MIA,L 17-39,0,0,0,,0.0,,,0.0,,,0.0,0.0,0,0,0,0.0,0,0,0,
9,10.0,2022-11-20,10.0,11.0,23.274,CLE,@,BUF,L 23-31,0,0,0,,0.0,,,0.0,,,0.0,0.0,0,0,0,0.0,0,0,0,
10,11.0,2022-11-27,11.0,12.0,23.281,CLE,,TAM,W 23-17,0,0,0,,0.0,,,0.0,,,0.0,0.0,0,0,0,0.0,0,0,0,
11,12.0,2022-12-04,12.0,13.0,23.288,CLE,@,HOU,W 27-14,0,0,0,,0.0,,,0.0,,,0.0,0.0,0,0,0,0.0,0,1,0,0.0%
12,13.0,2022-12-11,13.0,14.0,23.295,CLE,@,CIN,L 10-23,0,0,0,,0.0,,,0.0,,,0.0,0.0,0,0,0,0.0,0,0,0,
13,14.0,2022-12-17,14.0,15.0,23.301,CLE,,BAL,W 13-3,0,0,0,,0.0,,,0.0,,,0.0,0.0,0,0,0,0.0,0,0,0,
14,15.0,2022-12-24,15.0,16.0,23.308,CLE,,NOR,L 10-17,0,0,0,,0.0,,,0.0,,,0.0,0.0,0,0,0,0.0,0,0,0,
15,16.0,2023-01-01,16.0,17.0,23.316,CLE,@,WAS,W 24-10,0,0,0,,0.0,,,0.0,,,0.0,0.0,0,0,0,0.0,0,0,0,
16,17.0,2023-01-08,17.0,18.0,23.323,CLE,@,PIT,L 14-28,0,0,0,,0.0,,,0.0,,,0.0,0.0,0,0,0,0.0,0,0,0,
17,,17 Games,,,,,,,7-10-0,0,0,0,,,,,,,,,,0,0,0,0.0,0,1,0,0.0%
