,Rk,Date,G#,Week,Age,Tm,Unnamed: 6_level_1,Opp,Result,Att,Yds,TD,1D,YBC,YBC/Att,YAC,YAC/Att,BrkTkl,Att/Br,Tgt,Rec,Yds,TD,1D,YBC,YBC/R,YAC,YAC/R,ADOT,BrkTkl,Rec/Br,Drop,Drop%,Int,Rat
0,1.0,2022-09-11,1.0,1.0,26.258,CLE,@,CAR,W 26-24,22,141,0,6,100,4.5,41,1.9,2,11.0,1,1,2,0,0,-7,-7.0,9,9.0,-7.0,0,,0,0.0,0,79.2
1,2.0,2022-09-18,2.0,2.0,26.265,CLE,,NYJ,L 30-31,17,87,3,5,46,2.7,41,2.4,2,8.5,3,3,26,0,1,-2,-0.7,28,9.3,-0.7,0,,0,0.0,0,102.8
2,3.0,2022-09-22,3.0,3.0,26.269,CLE,,PIT,W 29-17,23,113,1,4,36,1.6,77,3.3,4,5.8,1,0,0,0,0,0,,0,,3.0,0,,0,0.0,0,39.6
3,4.0,2022-10-02,4.0,4.0,26.279,CLE,@,ATL,L 20-23,19,118,1,6,54,2.8,64,3.4,0,,3,2,9,0,1,-2,-1.0,11,5.5,-3.3,0,,0,0.0,0,70.1
4,5.0,2022-10-09,5.0,5.0,26.286,CLE,,LAC,L 28-30,17,134,2,6,67,3.9,67,3.9,2,8.5,1,0,0,0,0,0,,0,,20.0,0,,1,100.0,0,39.6
5,6.0,2022-10-16,6.0,6.0,26.293,CLE,,NWE,L 15-38,12,56,0,2,49,4.1,7,0.6,0,,2,1,14,0,1,0,0.0,14,14.0,-3.0,1,1.0,0,0.0,0,72.9
6,7.0,2022-10-23,7.0,7.0,26.3,CLE,@,BAL,L 20-23,16,91,1,5,40,2.5,51,3.2,3,5.3,3,2,16,0,1,-2,-1.0,18,9.0,-2.7,1,2.0,0,0.0,0,79.9
7,8.0,2022-10-31,8.0,8.0,26.308,CLE,,CIN,W 32-13,23,101,2,5,59,2.6,42,1.8,4,5.8,1,1,3,0,0,-7,-7.0,10,10.0,-7.0,0,,0,0.0,0,79.2
8,9.0,2022-11-13,9.0,10.0,26.321,CLE,@,MIA,L 17-39,11,63,1,2,23,2.1,40,3.6,2,5.5,4,3,18,0,0,0,0.0,18,6.0,2.5,0,,0,0.0,0,83.3
9,10.0,2022-11-20,10.0,11.0,26.328,CLE,@,BUF,L 23-31,14,19,0,1,-7,-0.5,26,1.9,2,7.0,3,3,48,0,2,-11,-3.7,59,19.7,-3.7,1,3.0,0,0.0,0,118.7
10,11.0,2022-11-27,11.0,12.0,26.335,CLE,,TAM,W 23-17,26,116,1,5,80,3.1,36,1.4,2,13.0,1,1,16,0,1,1,1.0,15,15.0,1.0,0,,0,0.0,0,118.7
11,12.0,2022-12-04,12.0,13.0,26.342,CLE,@,HOU,W 27-14,17,80,0,3,37,2.2,43,2.5,0,,1,0,0,0,0,0,,0,,3.0,0,,1,100.0,0,39.6
12,13.0,2022-12-11,13.0,14.0,26.349,CLE,@,CIN,L 10-23,14,34,0,1,16,1.1,18,1.3,0,,3,3,20,0,1,5,1.7,15,5.0,1.7,0,,0,0.0,0,94.4
13,14.0,2022-12-17,14.0,15.0,26.355,CLE,,BAL,W 13-3,21,99,0,5,49,2.3,50,2.4,0,,2,0,0,0,0,0,,0,,3.0,0,,2,100.0,0,39.6
14,15.0,2022-12-24,15.0,16.0,26.362,CLE,,NOR,L 10-17,24,92,0,5,54,2.3,38,1.6,0,,1,1,10,0,1,3,3.0,7,7.0,3.0,0,,0,0.0,0,108.3
15,16.0,2023-01-01,16.0,17.0,27.005,CLE,@,WAS,W 24-10,14,104,0,4,61,4.4,43,3.1,3,4.7,1,1,12,0,1,-3,-3.0,15,15.0,-3.0,0,,0,0.0,0,116.7
16,17.0,2023-01-08,17.0,18.0,27.012,CLE,@,PIT,L 14-28,12,77,0,4,66,5.5,11,0.9,2,6.0,6,5,45,1,2,5,1.0,40,8.0,0.5,0,,0,0.0,0,137.5
17,,17 Games,,,,,,,7-10-0,302,1525,12,69,830,2.7,695,2.3,28,10.8,37,27,239,1,12,-20,-0.7,259,9.6,0.0,3,9.0,4,10.8,0,98.8
