,Rk,Date,G#,Week,Age,Tm,Unnamed: 6_level_1,Opp,Result,Int,Tgt,Cmp,Cmp%,Yds,Yds/Cmp,Yds/Tgt,TD,Rat,DADOT,Air,YAC,Bltz,Hrry,QBKD,Sk,Prss,Comb,MTkl,MTkl%,Year
0,1.0,2022-09-11,1.0,1.0,27.095,CLE,@,CAR,W 26-24,0,0,0,,0,,,0,,,0,0,0,0,0,0.0,0,2,0,0.0%,2022
1,2.0,2022-09-18,2.0,2.0,27.102,CLE,,NYJ,L 30-31,0,1,1,100.0%,14,14.0,14.0,0,118.7,14.0,14,0,0,0,0,0.0,0,0,0,,2022
2,3.0,2022-09-22,3.0,3.0,27.106,CLE,,PIT,W 29-17,0,2,2,100.0%,11,5.5,5.5,0,89.6,5.5,11,0,0,0,0,0.0,0,3,0,0.0%,2022
3,4.0,2022-10-02,4.0,4.0,27.116,CLE,@,ATL,L 20-23,0,0,0,,0,,,0,,,0,0,1,0,0,0.0,0,4,0,0.0%,2022
4,5.0,2022-10-09,5.0,5.0,27.123,CLE,,LAC,L 28-30,0,3,2,66.7%,9,4.5,3.0,0,70.1,-0.7,-2,11,4,0,0,0.0,0,2,1,33.3%,2022
5,6.0,2022-10-16,6.0,6.0,27.13,CLE,,NWE,L 15-38,0,1,1,100.0%,6,6.0,6.0,0,91.7,4.0,4,2,3,0,0,0.0,0,5,0,0.0%,2022
6,7.0,2022-10-23,7.0,7.0,27.137,CLE,@,BAL,L 20-23,0,1,1,100.0%,19,19.0,19.0,0,118.7,-3.0,-3,22,4,1,0,0.0,1,8,1,11.1%,2022
7,8.0,2022-10-31,8.0,8.0,27.145,CLE,,CIN,W 32-13,0,6,5,83.3%,16,3.2,2.7,0,79.2,-1.0,-4,20,2,0,0,1.0,1,13,0,0.0%,2022
8,9.0,2022-11-13,9.0,10.0,27.158,CLE,@,MIA,L 17-39,0,7,6,85.7%,83,13.8,11.9,0,116.1,6.9,43,40,5,1,0,0.0,1,10,2,16.7%,2022
9,10.0,2022-11-20,10.0,11.0,27.165,CLE,@,BUF,L 23-31,0,0,0,,0,,,0,,,0,0,0,0,0,0.0,0,9,1,10.0%,2022
10,11.0,2022-11-27,11.0,12.0,27.172,CLE,,TAM,W 23-17,0,6,6,100.0%,39,6.5,6.5,0,93.7,1.8,11,28,1,0,0,0.0,0,6,1,14.3%,2022
11,12.0,2022-12-04,12.0,13.0,27.179,CLE,@,HOU,W 27-14,0,2,2,100.0%,18,9.0,9.0,0,104.2,0.5,1,17,0,0,0,0.0,0,9,0,0.0%,2022
12,,12 Games,,,,,,,5-7-0,0,29,26,89.7%,215,8.3,7.4,0,97.6,2.7,75,140,20,2,0,1.0,3,71,6,7.8%,2022
