,No.,Team,Player,Age,Pos,G,GS,FGA 0-19,FGM 0-19,FGA 20-29,FGM 20-29,FGA 30-39,FGM 30-39,FGA 40-49,FGM 40-49,FGA 50+,FGM 50+,FGA,FGM,Lng,FG%,XPA,XPM,XP%,KO,KOYds,TB,TB%,KOAvg
0,9,49ers,Robbie Gould,36,K,16,0,,,9.0,9.0,13.0,13.0,10.0,9.0,2.0,2.0,34.0,33.0,53.0,97.1%,29.0,27.0,93.1%,4.0,102.0,,,25.5
1,5,49ers,Bradley Pinion,24,P,16,0,,,,,,,,,,,,,,,,,,77.0,4963.0,52.0,67.5%,64.5
2,1,Bears,Cody Parkey,26,K,16,0,,,6.0,6.0,10.0,7.0,12.0,9.0,2.0,1.0,30.0,23.0,50.0,76.7%,45.0,42.0,93.3%,89.0,5627.0,65.0,73.0%,63.2
3,4,Bengals,Randy Bullock,29,K,16,0,,,4.0,4.0,8.0,7.0,6.0,6.0,5.0,2.0,23.0,19.0,51.0,82.6%,41.0,39.0,95.1%,79.0,4969.0,45.0,57.0%,62.9
4,8,Broncos,Brandon McManus,27,K,16,0,,,5.0,5.0,6.0,6.0,7.0,7.0,7.0,2.0,25.0,20.0,53.0,80.0%,35.0,35.0,100.0%,73.0,4473.0,42.0,57.5%,61.3
5,17,Browns,Greg Joseph,24,K,14,0,,,4.0,4.0,7.0,7.0,7.0,5.0,2.0,1.0,20.0,17.0,51.0,85.0%,29.0,25.0,86.2%,69.0,4340.0,47.0,68.1%,62.9
6,2,Browns,Zane Gonzalez,23,K,2,0,,,,,2.0,2.0,2.0,,1.0,,5.0,2.0,39.0,40.0%,5.0,3.0,60.0%,9.0,576.0,5.0,55.6%,64.0
7,4,Browns,Britton Colquitt,33,P,16,0,,,,,,,,,,,,,,,,,,1.0,56.0,,,56.0
8,7,Buccaneers,Chandler Catanzaro,27,K,9,0,,,3.0,3.0,8.0,7.0,3.0,,1.0,1.0,15.0,11.0,59.0,73.3%,27.0,23.0,85.2%,49.0,3120.0,39.0,79.6%,63.7
9,5,Buccaneers,Cairo Santos,27,K,7,0,,,2.0,2.0,4.0,4.0,5.0,3.0,1.0,,12.0,9.0,45.0,75.0%,17.0,17.0,100.0%,36.0,2156.0,12.0,33.3%,59.9
10,9,Buccaneers,Bryan Anger,30,P,16,0,,,,,,,,,,,,,,,,,,1.0,73.0,,,73.0
11,4,Buffalos,Stephen Hauschka,33,K,16,0,,,3.0,3.0,8.0,8.0,10.0,7.0,7.0,4.0,28.0,22.0,54.0,78.6%,26.0,25.0,96.2%,66.0,3958.0,30.0,45.5%,60.0
12,4,Cardinals,Phil Dawson,43,K,10,0,,,2.0,2.0,2.0,2.0,3.0,1.0,1.0,,8.0,5.0,43.0,62.5%,15.0,15.0,100.0%,32.0,1982.0,14.0,43.8%,61.9
13,5,Cardinals,Zane Gonzalez,23,K,5,0,,,1.0,1.0,2.0,2.0,2.0,2.0,4.0,2.0,9.0,7.0,55.0,77.8%,6.0,5.0,83.3%,19.0,1226.0,12.0,63.2%,64.5
14,1,Cardinals,Matthew McCrane,24,K,1,0,,,,,,,,,,,,,,,3.0,3.0,100.0%,4.0,258.0,2.0,50.0%,64.5
15,2,Cardinals,Andy Lee,36,P,16,0,,,,,,,,,,,,,,,,,,1.0,68.0,,,68.0
16,4,Chargers,Michael Badgley,23,K,10,0,,,4.0,4.0,5.0,5.0,5.0,5.0,2.0,1.0,16.0,15.0,59.0,93.8%,28.0,27.0,96.4%,,,,,
17,6,Chargers,Caleb Sturgis,29,K,6,0,,,4.0,4.0,2.0,2.0,6.0,3.0,1.0,,13.0,9.0,49.0,69.2%,15.0,9.0,60.0%,,,,,
18,7,Chiefs,Harrison Butker,23,K,16,0,,,9.0,9.0,7.0,7.0,7.0,6.0,4.0,2.0,27.0,24.0,54.0,88.9%,69.0,65.0,94.2%,110.0,7000.0,72.0,65.5%,63.6
19,2,Chiefs,Dustin Colquitt,36,P,16,0,,,,,,,,,,,,,,,,,,1.0,60.0,,,60.0
20,4,Colts,Adam Vinatieri,46,K,16,0,,,8.0,8.0,7.0,6.0,6.0,5.0,6.0,4.0,27.0,23.0,54.0,85.2%,47.0,44.0,93.6%,,,,,
21,2,Colts,Rigoberto Sanchez,24,K,16,0,,,,,,,,,,,,,,,,,,88.0,5435.0,59.0,67.0%,61.8
22,3,Commanders,Dustin Hopkins,28,K,16,0,,,5.0,5.0,7.0,7.0,12.0,10.0,5.0,4.0,29.0,26.0,56.0,89.7%,26.0,25.0,96.2%,70.0,4443.0,56.0,80.0%,63.5
23,2,Cowboys,Brett Maher,29,K,16,0,,,10.0,10.0,8.0,6.0,11.0,7.0,7.0,6.0,36.0,29.0,62.0,80.6%,33.0,32.0,97.0%,77.0,4984.0,52.0,67.5%,64.7
24,7,Dolphins,Jason Sanders,23,K,16,0,,,7.0,7.0,3.0,3.0,9.0,7.0,1.0,1.0,20.0,18.0,50.0,90.0%,36.0,35.0,97.2%,70.0,4395.0,55.0,78.6%,62.8
25,4,Eagles,Jake Elliott,23,K,16,0,,,7.0,7.0,11.0,10.0,8.0,7.0,5.0,2.0,31.0,26.0,56.0,83.9%,35.0,33.0,94.3%,82.0,5210.0,57.0,69.5%,63.5
26,3,Falcons,Matt Bryant,43,K,13,0,,,4.0,4.0,5.0,5.0,7.0,7.0,5.0,4.0,21.0,20.0,57.0,95.2%,35.0,33.0,94.3%,,,,,
27,4,Falcons,Giorgio Tavecchio,28,K,3,0,,,1.0,1.0,,,2.0,2.0,2.0,2.0,5.0,5.0,56.0,100.0%,8.0,8.0,100.0%,,,,,
28,5,Falcons,Matthew Bosher,31,K,16,0,,,,,,,,,,,,,,,,,,89.0,5578.0,51.0,57.3%,62.7
29,2,Giants,Aldrick Rosas,24,K,16,0,,,9.0,9.0,13.0,13.0,6.0,6.0,5.0,4.0,33.0,32.0,57.0,97.0%,32.0,31.0,96.9%,85.0,5186.0,51.0,60.0%,61.0
30,4,Jaguars,Josh Lambo,28,K,13,0,,,4.0,4.0,8.0,8.0,4.0,3.0,5.0,4.0,21.0,19.0,57.0,90.5%,20.0,19.0,95.0%,54.0,3283.0,36.0,66.7%,60.8
31,2,Jaguars,Kai Forbath,31,K,3,0,,,2.0,2.0,1.0,1.0,1.0,1.0,1.0,,5.0,4.0,41.0,80.0%,3.0,3.0,100.0%,,,,,
32,9,Jaguars,Logan Cooke,23,P,16,0,,,,,,,,,,,,,,,,,,10.0,625.0,5.0,50.0%,62.5
33,2,Jets,Jason Myers,27,K,16,0,,,4.0,4.0,14.0,13.0,11.0,10.0,7.0,6.0,36.0,33.0,56.0,91.7%,33.0,30.0,90.9%,82.0,5255.0,60.0,73.2%,64.1
34,4,Jets,Lac Edwards,26,P,16,0,,,,,,,,,,,,,,,,,,1.0,56.0,,,56.0
35,5,Lions,Matt Prater,34,K,16,0,,,8.0,8.0,12.0,12.0,7.0,5.0,5.0,3.0,32.0,28.0,54.0,87.5%,30.0,30.0,100.0%,6.0,343.0,3.0,50.0%,57.2
36,6,Lions,Sam Martin,28,P,16,0,,,,,,,,,,,,,,,,,,73.0,4459.0,34.0,46.6%,61.1
37,2,Packers,Mason Crosby,34,K,16,0,,,4.0,4.0,11.0,10.0,15.0,11.0,7.0,5.0,37.0,30.0,53.0,81.1%,36.0,34.0,94.4%,83.0,5168.0,41.0,49.4%,62.3
38,6,Packers,JK Scott,23,K,16,0,,,,,,,,,,,,,,,,,,1.0,61.0,,,61.0
39,9,Panthers,Graham Gano,31,K,12,0,,,3.0,3.0,5.0,4.0,4.0,4.0,4.0,3.0,16.0,14.0,63.0,87.5%,33.0,30.0,90.9%,62.0,3940.0,47.0,75.8%,63.5
40,4,Panthers,Chandler Catanzaro,27,K,4,0,,,1.0,1.0,2.0,2.0,,,2.0,2.0,5.0,5.0,51.0,100.0%,8.0,7.0,87.5%,16.0,998.0,13.0,81.3%,62.4
41,3,Patriots,Stephen Gostkowski,34,K,16,0,,,11.0,11.0,10.0,10.0,6.0,4.0,5.0,2.0,32.0,27.0,52.0,84.4%,50.0,49.0,98.0%,93.0,5784.0,50.0,53.8%,62.2
42,8,Raiders,Daniel Carlson,23,K,10,0,,,2.0,2.0,3.0,3.0,9.0,8.0,3.0,3.0,17.0,16.0,50.0,94.1%,18.0,18.0,100.0%,44.0,2707.0,20.0,45.5%,61.5
43,3,Raiders,Matthew McCrane,24,K,3,0,,,3.0,3.0,,,4.0,2.0,2.0,,9.0,5.0,44.0,55.6%,5.0,5.0,100.0%,13.0,761.0,3.0,23.1%,58.5
44,6,Raiders,Mike Nugent,36,K,3,0,,,3.0,3.0,,,2.0,2.0,1.0,1.0,6.0,6.0,52.0,100.0%,5.0,4.0,80.0%,14.0,858.0,6.0,42.9%,61.3
45,4,Rams,Greg Zuerlein,31,K,11,0,,,9.0,9.0,10.0,10.0,6.0,4.0,6.0,4.0,31.0,27.0,56.0,87.1%,36.0,35.0,97.2%,75.0,4843.0,57.0,76.0%,64.6
46,5,Rams,Sam Ficken,26,K,2,0,,,1.0,,1.0,1.0,1.0,,,,3.0,1.0,34.0,33.3%,10.0,10.0,100.0%,13.0,804.0,11.0,84.6%,61.8
47,3,Rams,Cairo Santos,27,K,2,0,1.0,1.0,2.0,2.0,2.0,2.0,1.0,,,,6.0,5.0,39.0,83.3%,6.0,5.0,83.3%,13.0,821.0,7.0,53.8%,63.2
48,6,Rams,Johnny Hekker,28,P,16,0,,,1.0,1.0,,,,,,,1.0,1.0,20.0,100.0%,1.0,1.0,100.0%,6.0,381.0,2.0,33.3%,63.5
49,9,Ravens,Justin Tucker,29,K,16,0,,,12.0,12.0,9.0,9.0,11.0,9.0,7.0,5.0,39.0,35.0,56.0,89.7%,37.0,36.0,97.3%,92.0,5765.0,58.0,63.0%,62.7
50,3,Saints,Wil Lutz,24,K,16,0,1.0,1.0,5.0,5.0,9.0,9.0,12.0,11.0,3.0,2.0,30.0,28.0,54.0,93.3%,53.0,52.0,98.1%,101.0,6503.0,64.0,63.4%,64.4
51,6,Saints,Thomas Morstead,32,P,16,0,,,,,,,,,,,,,,,,,,2.0,95.0,,,47.5
52,11,Seahawks,Sebastian Janikowski,40,K,16,0,,,2.0,2.0,11.0,9.0,9.0,8.0,5.0,3.0,27.0,22.0,56.0,81.5%,51.0,48.0,94.1%,74.0,4648.0,42.0,56.8%,62.8
53,4,Seahawks,Michael Dickson,22,K,16,0,,,,,,,,,,,,,,,,,,9.0,407.0,,,45.2
54,9,Steelers,Chris Boswell,27,K,15,0,,,3.0,3.0,6.0,4.0,10.0,5.0,1.0,1.0,20.0,13.0,50.0,65.0%,48.0,43.0,89.6%,81.0,5097.0,50.0,61.7%,62.9
55,3,Steelers,Matthew McCrane,24,K,1,0,,,,,2.0,2.0,1.0,1.0,,,3.0,3.0,47.0,100.0%,1.0,1.0,100.0%,4.0,231.0,,,57.8
56,7,Texans,Ka'imi Fairbairn,24,K,16,0,1.0,1.0,9.0,9.0,11.0,11.0,15.0,12.0,6.0,4.0,42.0,37.0,54.0,88.1%,41.0,39.0,95.1%,92.0,5885.0,58.0,63.0%,64.0
57,4,Titans,Ryan Succop,32,K,16,0,,,6.0,5.0,13.0,13.0,7.0,5.0,4.0,3.0,30.0,26.0,54.0,86.7%,31.0,28.0,90.3%,70.0,4480.0,45.0,64.3%,64.0
58,53,Titans,Daren Bates,28,LB,16,0,,,,,,,,,,,,,,,,,,1.0,13.0,,,13.0
59,6,Titans,Brett Kern,32,P,16,0,,,,,,,,,,,,,,,,,,1.0,43.0,,,43.0
60,5,Vikings,Dan Bailey,30,K,14,0,,,6.0,5.0,11.0,11.0,9.0,4.0,2.0,1.0,28.0,21.0,52.0,75.0%,31.0,30.0,96.8%,69.0,4164.0,35.0,50.7%,60.3
61,7,Vikings,Daniel Carlson,23,K,2,0,,,,,1.0,,3.0,1.0,,,4.0,1.0,48.0,25.0%,6.0,6.0,100.0%,10.0,627.0,9.0,90.0%,62.7
