,Rk,Date,G#,Week,Age,Tm,Unnamed: 6_level_1,Opp,Result,Int,Tgt,Cmp,Cmp%,Yds,Yds/Cmp,Yds/Tgt,TD,Rat,DADOT,Air,YAC,Bltz,Hrry,QBKD,Sk,Prss,Comb,MTkl,MTkl%
0,1.0,2020-09-13,1.0,1.0,25.353,MIN,,GNB,L 34-43,0,1,1,100.0%,15,15.0,15.0,0,118.7,-2.0,-2,17,2,0,0,0.0,0,3,1,25.0%
1,2.0,2020-09-20,2.0,2.0,25.36,MIN,@,IND,L 11-28,1,3,3,100.0%,30,10.0,10.0,0,68.7,2.3,7,23,1,0,0,0.0,0,8,1,11.1%
2,3.0,2020-09-27,3.0,3.0,26.001,MIN,,TEN,L 30-31,0,3,1,33.3%,6,6.0,2.0,0,42.4,10.3,5,1,7,1,0,1.0,2,7,2,22.2%
3,4.0,2020-10-04,4.0,4.0,26.008,MIN,@,HOU,W 31-23,0,2,1,50.0%,7,7.0,3.5,0,58.3,3.0,4,3,4,0,0,0.0,0,9,0,0.0%
4,5.0,2020-10-11,5.0,5.0,26.015,MIN,@,SEA,L 26-27,1,5,4,80.0%,38,9.5,7.6,1,98.3,5.6,9,29,9,0,2,1.0,3,6,1,14.3%
5,6.0,2020-10-18,6.0,6.0,26.022,MIN,,ATL,L 23-40,0,2,1,50.0%,3,3.0,1.5,0,56.2,-2.5,-4,7,5,0,0,0.0,0,4,1,20.0%
6,7.0,2020-11-01,7.0,8.0,26.036,MIN,@,GNB,W 28-22,0,4,4,100.0%,20,5.0,5.0,0,87.5,0.3,1,19,5,0,0,0.0,0,4,0,0.0%
7,8.0,2020-11-08,8.0,9.0,26.043,MIN,,DET,W 34-20,1,11,6,54.5%,53,8.8,4.8,0,29.7,4.2,14,39,7,0,0,0.5,1,13,2,13.3%
8,9.0,2020-11-16,9.0,10.0,26.051,MIN,@,CHI,W 19-13,0,7,5,71.4%,54,10.8,7.7,0,93.7,5.9,29,25,6,0,1,0.5,2,7,1,12.5%
9,10.0,2020-11-22,10.0,11.0,26.057,MIN,,DAL,L 28-31,0,2,2,100.0%,18,9.0,9.0,0,104.2,7.0,14,4,6,0,0,0.0,0,9,1,10.0%
10,11.0,2020-11-29,11.0,12.0,26.064,MIN,,CAR,W 28-27,0,6,2,33.3%,20,10.0,3.3,0,43.7,1.5,6,14,7,0,0,0.0,0,9,3,25.0%
11,12.0,2020-12-06,12.0,13.0,26.071,MIN,,JAX,W 27-24,0,6,6,100.0%,56,9.3,9.3,0,105.6,8.3,46,10,4,0,0,0.0,0,11,0,0.0%
12,13.0,2020-12-13,13.0,14.0,26.078,MIN,@,TAM,L 14-26,0,3,2,66.7%,13,6.5,4.3,1,115.3,3.3,6,7,4,0,1,0.0,1,5,1,16.7%
13,14.0,2020-12-20,14.0,15.0,26.085,MIN,,CHI,L 27-33,0,2,1,50.0%,13,13.0,6.5,0,70.8,9.5,11,2,2,0,1,0.0,1,11,0,0.0%
14,15.0,2020-12-25,15.0,16.0,26.09,MIN,@,NOR,L 33-52,0,6,4,66.7%,22,5.5,3.7,0,72.9,7.0,-1,23,2,0,0,0.0,0,9,1,10.0%
15,16.0,2021-01-03,16.0,17.0,26.099,MIN,@,DET,W 37-35,0,2,2,100.0%,-2,-1.0,-1.0,0,79.2,-5.0,-10,8,4,0,0,0.0,0,7,2,22.2%
16,,16 Games,,,,,,,7-9-0,3,65,45,69.2%,366,8.1,5.6,2,74.3,4.4,135,231,75,1,5,3.0,10,122,17,12.2%
