,Rk,Date,G#,Week,Age,Tm,Unnamed: 6_level_1,Opp,Result,Int,Tgt,Cmp,Cmp%,Yds,Yds/Cmp,Yds/Tgt,TD,Rat,DADOT,Air,YAC,Bltz,Hrry,QBKD,Sk,Prss,Comb,MTkl,MTkl%
0,1.0,2020-10-04,4.0,4.0,23.132,HOU,,MIN,L 23-31,0,0,0,,0,,,0,,,0,0,0,0,0,,0,,0,
1,2.0,2020-10-11,5.0,5.0,23.139,HOU,,JAX,W 30-14,0,0,0,,0,,,0,,,0,0,0,0,0,,0,,0,
2,3.0,2020-10-18,6.0,6.0,23.146,HOU,@,TEN,L 36-42,0,0,0,,0,,,0,,,0,0,0,0,0,,0,,0,
3,4.0,2020-10-25,7.0,7.0,23.153,HOU,,GNB,L 20-35,0,0,0,,0,,,0,,,0,0,0,0,0,,0,,0,
4,5.0,2020-11-08,8.0,9.0,23.167,HOU,@,JAX,W 27-25,0,3,2,66.7%,19,9.5,6.3,0,84.0,1.7,9,10,9,0,0,0.0,0,3.0,1,25.0%
5,6.0,2020-11-15,9.0,10.0,23.174,HOU,@,CLE,L 7-10,0,2,2,100.0%,16,8.0,8.0,0,100.0,4.5,9,7,0,0,0,0.0,0,3.0,1,25.0%
6,7.0,2020-11-22,10.0,11.0,23.181,HOU,,NWE,W 27-20,0,0,0,,0,,,0,,,0,0,2,0,0,1.0,1,1.0,0,0.0%
7,8.0,2020-11-26,11.0,12.0,23.185,HOU,@,DET,W 41-25,0,1,1,100.0%,9,9.0,9.0,0,104.2,3.0,3,6,0,0,0,0.0,0,2.0,0,0.0%
8,9.0,2020-12-06,12.0,13.0,23.195,HOU,,IND,L 20-26,0,0,0,,0,,,0,,,0,0,2,0,1,0.0,1,0.0,0,
9,10.0,2020-12-13,13.0,14.0,23.202,HOU,@,CHI,L 7-36,0,1,1,100.0%,11,11.0,11.0,0,112.5,2.0,2,9,0,0,0,0.0,0,0.0,1,100.0%
10,11.0,2020-12-20,14.0,15.0,23.209,HOU,@,IND,L 20-27,0,0,0,,0,,,0,,,0,0,0,0,0,,0,,0,
11,12.0,2020-12-27,15.0,16.0,23.216,HOU,,CIN,L 31-37,0,0,0,,0,,,0,,,0,0,1,0,0,0.0,0,1.0,1,50.0%
12,13.0,2021-01-03,16.0,17.0,23.223,HOU,,TEN,L 38-41,0,0,0,,0,,,0,,,0,0,10,0,1,0.0,1,9.0,1,10.0%
13,,13 Games,,,,,,,4-9-0,0,7,6,85.7%,55,9.2,7.9,0,99.4,2.7,23,32,24,0,2,1.0,3,19.0,5,20.8%
