,Rk,Date,G#,Week,Age,Tm,Unnamed: 6_level_1,Opp,Result,Int,Tgt,Cmp,Cmp%,Yds,Yds/Cmp,Yds/Tgt,TD,Rat,DADOT,Air,YAC,Bltz,Hrry,QBKD,Sk,Prss,Comb,MTkl,MTkl%,Year
0,1.0,2020-09-10,1.0,1.0,29.159,HOU,@,KAN,L 20-34,0,0,0,,0,,,0,,,0,0,0,0,0,,0,,0,,2020
1,2.0,2020-09-20,2.0,2.0,29.169,HOU,,BAL,L 16-33,0,0,0,,0,,,0,,,0,0,0,0,0,0.0,0,1.0,0,0.0%,2020
2,3.0,2020-09-27,3.0,3.0,29.176,HOU,@,PIT,L 21-28,0,1,1,100.0%,15,15.0,15.0,0,118.7,15.0,15,0,0,0,0,0.0,0,2.0,0,0.0%,2020
3,4.0,2020-10-04,4.0,4.0,29.183,HOU,,MIN,L 23-31,0,1,1,100.0%,25,25.0,25.0,0,118.7,19.0,19,6,0,0,0,0.0,0,3.0,0,0.0%,2020
4,5.0,2020-10-11,5.0,5.0,29.19,HOU,,JAX,W 30-14,0,0,0,,0,,,0,,,0,0,0,0,0,,0,,0,,2020
5,6.0,2020-10-18,6.0,6.0,29.197,HOU,@,TEN,L 36-42,0,0,0,,0,,,0,,,0,0,0,0,0,,0,,0,,2020
6,7.0,2020-10-25,7.0,7.0,29.204,HOU,,GNB,L 20-35,0,8,5,62.5%,61,12.2,7.6,1,125.5,9.8,34,27,0,0,0,0.0,0,5.0,0,0.0%,2020
7,8.0,2020-11-08,8.0,9.0,29.218,HOU,@,JAX,W 27-25,0,8,3,37.5%,20,6.7,2.5,0,45.8,10.9,14,6,0,0,0,0.0,0,6.0,0,0.0%,2020
8,9.0,2020-11-15,9.0,10.0,29.225,HOU,@,CLE,L 7-10,0,0,0,,0,,,0,,,0,0,0,0,0,,0,,0,,2020
9,10.0,2020-11-22,10.0,11.0,29.232,HOU,,NWE,W 27-20,0,2,2,100.0%,51,25.5,25.5,1,158.3,21.0,42,9,0,0,0,0.0,0,1.0,0,0.0%,2020
10,11.0,2020-11-26,11.0,12.0,29.236,HOU,@,DET,W 41-25,0,0,0,,0,,,0,,,0,0,0,0,0,,0,,0,,2020
11,12.0,2020-12-06,12.0,13.0,29.246,HOU,,IND,L 20-26,0,8,5,62.5%,80,16.0,10.0,1,135.4,8.9,52,28,0,0,0,0.0,0,6.0,1,14.3%,2020
12,,12 Games,,,,,,,4-8-0,0,28,17,60.7%,252,14.8,9.0,3,125.9,11.1,176,76,0,0,0,0.0,0,24.0,1,4.0%,2020
