,Rk,Date,G#,Week,Age,Tm,Unnamed: 6_level_1,Opp,Result,Int,Tgt,Cmp,Cmp%,Yds,Yds/Cmp,Yds/Tgt,TD,Rat,DADOT,Air,YAC,Bltz,Hrry,QBKD,Sk,Prss,Comb,MTkl,MTkl%,Year
0,1.0,2019-09-08,1.0,1.0,23.04,WAS,@,PHI,L 27-32,0,1,1,100.0%,6,6.0,6.0,0,91.7,2.0,2,4,3,0,0,0.0,0,9,0,0.0%,2019
1,2.0,2019-09-15,2.0,2.0,23.047,WAS,,DAL,L 21-31,0,6,5,83.3%,48,9.6,8.0,1,139.6,8.0,30,18,1,0,0,0.0,0,6,1,14.3%,2019
2,3.0,2019-09-23,3.0,3.0,23.055,WAS,,CHI,L 15-31,0,4,4,100.0%,36,9.0,9.0,0,104.2,1.3,5,31,3,0,0,0.0,0,9,0,0.0%,2019
3,4.0,2019-09-29,4.0,4.0,23.061,WAS,@,NYG,L 3-24,0,2,2,100.0%,51,25.5,25.5,0,118.7,4.0,8,43,2,2,0,0.0,2,4,2,33.3%,2019
4,5.0,2019-10-06,5.0,5.0,23.068,WAS,,NWE,L 7-33,0,1,1,100.0%,6,6.0,6.0,1,131.2,4.0,4,2,1,1,0,0.0,1,10,0,0.0%,2019
5,6.0,2019-10-13,6.0,6.0,23.075,WAS,@,MIA,W 17-16,0,4,4,100.0%,31,7.8,7.8,0,99.0,0.5,2,29,2,1,0,0.0,1,6,0,0.0%,2019
6,7.0,2019-10-20,7.0,7.0,23.082,WAS,,SFO,L 0-9,0,1,1,100.0%,2,2.0,2.0,0,79.2,1.0,1,1,0,0,0,0.0,0,4,1,20.0%,2019
7,8.0,2019-10-24,8.0,8.0,23.086,WAS,@,MIN,L 9-19,0,1,1,100.0%,31,31.0,31.0,0,118.7,-2.0,-2,33,0,0,0,0.0,0,6,1,14.3%,2019
8,9.0,2019-11-03,9.0,9.0,23.096,WAS,@,BUF,L 9-24,0,1,1,100.0%,8,8.0,8.0,0,100.0,5.0,5,3,2,1,0,0.0,1,3,2,40.0%,2019
9,10.0,2019-11-17,10.0,11.0,23.11,WAS,,NYJ,L 17-34,0,4,3,75.0%,45,15.0,11.3,0,111.5,2.5,16,29,3,0,0,0.0,0,6,1,14.3%,2019
10,11.0,2019-11-24,11.0,12.0,23.117,WAS,,DET,W 19-16,0,0,0,,0,,,0,,,0,0,2,0,1,1.0,2,13,0,0.0%,2019
11,12.0,2019-12-01,12.0,13.0,23.124,WAS,@,CAR,W 29-21,0,4,2,50.0%,15,7.5,3.8,0,59.4,4.8,9,6,1,0,0,0.0,0,4,1,20.0%,2019
12,13.0,2019-12-08,13.0,14.0,23.131,WAS,@,GNB,L 15-20,0,4,3,75.0%,22,7.3,5.5,0,87.5,0.3,-2,24,2,0,0,0.0,0,9,1,10.0%,2019
13,14.0,2019-12-15,14.0,15.0,23.138,WAS,,PHI,L 27-37,0,4,3,75.0%,3,1.0,0.8,0,77.1,4.0,-4,7,3,0,0,0.0,0,6,2,25.0%,2019
14,15.0,2019-12-22,15.0,16.0,23.145,WAS,,NYG,L 35-41,0,4,3,75.0%,22,7.3,5.5,0,87.5,2.8,7,15,0,0,0,0.0,0,4,0,0.0%,2019
15,16.0,2019-12-29,16.0,17.0,23.152,WAS,@,DAL,L 16-47,0,1,1,100.0%,17,17.0,17.0,0,118.7,1.0,1,16,0,0,0,0.0,0,6,0,0.0%,2019
16,,16 Games,,,,,,,3-13-0,0,42,35,83.3%,343,9.8,8.2,2,116.6,3.1,82,261,25,5,1,1.0,7,105,12,10.3%,2019
