,Rk,Date,G#,Week,Age,Tm,Unnamed: 6_level_1,Opp,Result,Int,Tgt,Cmp,Cmp%,Yds,Yds/Cmp,Yds/Tgt,TD,Rat,DADOT,Air,YAC,Bltz,Hrry,QBKD,Sk,Prss,Comb,MTkl,MTkl%
0,1.0,2019-09-08,1.0,1.0,24.15,WAS,@,PHI,L 27-32,0,0,0,,0,,,0,,,0,0,0,0,0,0.0,0,1.0,0,0.0%
1,2.0,2019-09-15,2.0,2.0,24.157,WAS,,DAL,L 21-31,0,0,0,,0,,,0,,,0,0,0,0,0,0.0,0,1.0,0,0.0%
2,3.0,2019-09-23,3.0,3.0,24.165,WAS,,CHI,L 15-31,0,0,0,,0,,,0,,,0,0,0,0,0,,0,,0,
3,4.0,2019-09-29,4.0,4.0,24.171,WAS,@,NYG,L 3-24,0,0,0,,0,,,0,,,0,0,0,0,0,,0,,0,
4,5.0,2019-10-06,5.0,5.0,24.178,WAS,,NWE,L 7-33,0,0,0,,0,,,0,,,0,0,0,0,0,,0,,0,
5,6.0,2019-10-13,6.0,6.0,24.185,WAS,@,MIA,W 17-16,0,2,0,0.0%,0,,0.0,0,39.6,3.0,0,0,0,0,0,0.0,0,1.0,0,0.0%
6,7.0,2019-10-20,7.0,7.0,24.192,WAS,,SFO,L 0-9,1,0,0,,0,,,0,,,0,0,0,0,0,0.0,0,6.0,1,14.3%
7,8.0,2019-10-24,8.0,8.0,24.196,WAS,@,MIN,L 9-19,0,3,3,100.0%,27,9.0,9.0,0,104.2,2.3,7,20,0,0,0,0.0,0,3.0,2,40.0%
8,9.0,2019-11-03,9.0,9.0,24.206,WAS,@,BUF,L 9-24,0,1,1,100.0%,23,23.0,23.0,0,118.7,23.0,23,0,0,0,0,0.0,0,7.0,0,0.0%
9,10.0,2019-11-17,10.0,11.0,24.22,WAS,,NYJ,L 17-34,0,0,0,,0,,,0,,,0,0,0,0,0,0.0,0,2.0,0,0.0%
10,11.0,2019-11-24,11.0,12.0,24.227,WAS,,DET,W 19-16,0,0,0,,0,,,0,,,0,0,0,0,0,0.0,0,2.0,0,0.0%
11,12.0,2019-12-01,12.0,13.0,24.234,WAS,@,CAR,W 29-21,0,0,0,,0,,,0,,,0,0,0,0,0,0.0,0,1.0,0,0.0%
12,13.0,2019-12-08,13.0,14.0,24.241,WAS,@,GNB,L 15-20,0,0,0,,0,,,0,,,0,0,0,0,0,,0,,0,
13,14.0,2019-12-15,14.0,15.0,24.248,WAS,,PHI,L 27-37,0,0,0,,0,,,0,,,0,0,0,0,0,,0,,0,
14,15.0,2019-12-22,15.0,16.0,24.255,WAS,,NYG,L 35-41,0,0,0,,0,,,0,,,0,0,0,0,0,0.0,0,2.0,0,0.0%
15,,15 Games,,,,,,,3-12-0,1,6,4,66.7%,50,12.5,8.3,0,52.8,6.0,30,20,0,0,0,0.0,0,26.0,3,10.3%
