,Rk,Date,G#,Week,Age,Tm,Unnamed: 6_level_1,Opp,Result,Tgt,Rec,Yds,TD,1D,YBC,YBC/R,YAC,YAC/R,ADOT,BrkTkl,Rec/Br,Drop,Drop%,Int,Rat
0,1.0,2020-09-13,1.0,1.0,25.325,MIA,@,NWE,L 11-21,,,,,,,,,,,,,,0.0,,
1,2.0,2020-09-20,2.0,2.0,25.332,MIA,,BUF,L 28-31,2.0,1.0,4.0,0.0,,0.0,0.0,4.0,4.0,1.0,1.0,1.0,0.0,0.0,0.0,56.2
2,3.0,2020-09-24,3.0,3.0,25.336,MIA,@,JAX,W 31-13,,,,,,,,,,,,,,0.0,,
3,4.0,2020-10-04,4.0,4.0,25.346,MIA,,SEA,L 23-31,1.0,0.0,0.0,0.0,,0.0,,0.0,,3.0,0.0,,0.0,0.0,0.0,39.6
4,5.0,2020-10-11,5.0,5.0,25.353,MIA,@,SFO,W 43-17,1.0,1.0,3.0,1.0,1.0,0.0,0.0,3.0,3.0,0.0,0.0,,0.0,0.0,0.0,118.7
5,6.0,2020-10-18,6.0,6.0,25.36,MIA,,NYJ,W 24-0,3.0,3.0,51.0,1.0,2.0,16.0,5.3,35.0,11.7,5.3,0.0,,0.0,0.0,0.0,158.3
6,7.0,2020-11-01,7.0,8.0,26.008,MIA,,LAR,W 28-17,1.0,0.0,0.0,0.0,,0.0,,0.0,,-2.0,0.0,,0.0,0.0,0.0,39.6
7,8.0,2020-11-08,8.0,9.0,26.015,MIA,@,ARI,W 34-31,1.0,0.0,0.0,0.0,,0.0,,0.0,,2.0,0.0,,0.0,0.0,0.0,39.6
8,9.0,2020-11-15,9.0,10.0,26.022,MIA,,LAC,W 29-21,1.0,1.0,19.0,0.0,1.0,18.0,18.0,1.0,1.0,18.0,0.0,,0.0,0.0,0.0,118.7
9,10.0,2020-11-22,10.0,11.0,26.029,MIA,@,DEN,L 13-20,,,,,,,,,,,,,,0.0,,
10,11.0,2020-11-29,11.0,12.0,26.036,MIA,@,NYJ,W 20-3,2.0,1.0,7.0,1.0,1.0,6.0,6.0,1.0,1.0,9.5,0.0,,0.0,0.0,0.0,97.9
11,12.0,2020-12-06,12.0,13.0,26.043,MIA,,CIN,W 19-7,1.0,0.0,0.0,0.0,,0.0,,0.0,,2.0,0.0,,0.0,0.0,0.0,39.6
12,13.0,2020-12-13,13.0,14.0,26.05,MIA,,KAN,L 27-33,3.0,2.0,26.0,0.0,2.0,3.0,1.5,23.0,11.5,4.0,0.0,,0.0,0.0,0.0,93.7
13,14.0,2020-12-20,14.0,15.0,26.057,MIA,,NWE,W 22-12,2.0,1.0,15.0,0.0,1.0,1.0,1.0,14.0,14.0,5.5,3.0,0.3,0.0,0.0,0.0,75.0
14,15.0,2020-12-26,15.0,16.0,26.063,MIA,@,LVR,W 26-25,1.0,1.0,3.0,0.0,,0.0,0.0,3.0,3.0,0.0,0.0,,0.0,0.0,0.0,79.2
15,16.0,2021-01-03,16.0,17.0,26.071,MIA,@,BUF,L 26-56,3.0,1.0,22.0,0.0,1.0,1.0,1.0,21.0,21.0,4.0,0.0,,0.0,0.0,0.0,60.4
16,,16 Games,,,,,,,10-6-0,22.0,12.0,150.0,3.0,9.0,45.0,3.8,105.0,8.8,4.3,4.0,3.0,0.0,0.0,0.0,115.5
