,Rk,Date,G#,Week,Age,Tm,Unnamed: 6_level_1,Opp,Result,Int,Tgt,Cmp,Cmp%,Yds,Yds/Cmp,Yds/Tgt,TD,Rat,DADOT,Air,YAC,Bltz,Hrry,QBKD,Sk,Prss,Comb,MTkl,MTkl%,Year
0,1.0,2020-09-13,1.0,1.0,25.074,MIA,@,NWE,L 11-21,0,0,0,,0,,,0,,,0,0,1,0,0,0.0,0,3.0,0,0.0%,2020
1,2.0,2020-09-20,2.0,2.0,25.081,MIA,,BUF,L 28-31,0,0,0,,0,,,0,,,0,0,3,0,0,0.5,1,4.0,1,20.0%,2020
2,3.0,2020-09-24,3.0,3.0,25.085,MIA,@,JAX,W 31-13,0,0,0,,0,,,0,,,0,0,0,0,0,1.0,1,1.0,0,0.0%,2020
3,4.0,2020-10-04,4.0,4.0,25.095,MIA,,SEA,L 23-31,0,0,0,,0,,,0,,,0,0,0,0,0,,0,,0,,2020
4,5.0,2020-10-11,5.0,5.0,25.102,MIA,@,SFO,W 43-17,0,1,1,100.0%,0,0.0,0.0,0,79.2,-5.0,-5,5,8,0,0,1.0,1,6.0,1,14.3%,2020
5,6.0,2020-10-18,6.0,6.0,25.109,MIA,,NYJ,W 24-0,0,1,1,100.0%,18,18.0,18.0,0,118.7,7.0,7,11,3,0,0,0.0,0,2.0,1,33.3%,2020
6,7.0,2020-11-01,7.0,8.0,25.123,MIA,,LAR,W 28-17,0,0,0,,0,,,0,,,0,0,8,0,1,0.0,1,3.0,0,0.0%,2020
7,8.0,2020-11-08,8.0,9.0,25.13,MIA,@,ARI,W 34-31,0,0,0,,0,,,0,,,0,0,3,0,0,0.0,0,1.0,0,0.0%,2020
8,9.0,2020-11-15,9.0,10.0,25.137,MIA,,LAC,W 29-21,0,2,2,100.0%,15,7.5,7.5,0,97.9,0.5,1,14,4,0,1,0.0,1,5.0,0,0.0%,2020
9,10.0,2020-11-22,10.0,11.0,25.144,MIA,@,DEN,L 13-20,0,0,0,,0,,,0,,,0,0,6,0,1,0.0,1,2.0,1,33.3%,2020
10,11.0,2020-11-29,11.0,12.0,25.151,MIA,@,NYJ,W 20-3,0,0,0,,0,,,0,,,0,0,0,0,0,0.0,0,4.0,0,0.0%,2020
11,12.0,2020-12-06,12.0,13.0,25.158,MIA,,CIN,W 19-7,0,0,0,,0,,,0,,,0,0,5,0,0,0.0,0,1.0,0,0.0%,2020
12,13.0,2020-12-13,13.0,14.0,25.165,MIA,,KAN,L 27-33,0,1,1,100.0%,7,7.0,7.0,0,95.8,7.0,7,0,4,0,1,0.0,1,2.0,0,0.0%,2020
13,14.0,2020-12-20,14.0,15.0,25.172,MIA,,NWE,W 22-12,0,1,0,0.0%,0,,0.0,0,39.6,0.0,0,0,2,0,0,0.0,0,1.0,1,50.0%,2020
14,15.0,2020-12-26,15.0,16.0,25.178,MIA,@,LVR,W 26-25,0,0,0,,0,,,0,,,0,0,11,0,1,2.0,3,8.0,0,0.0%,2020
15,16.0,2021-01-03,16.0,17.0,25.186,MIA,@,BUF,L 26-56,0,0,0,,0,,,0,,,0,0,7,0,0,1.0,1,5.0,0,0.0%,2020
16,,16 Games,,,,,,,10-6-0,0,6,5,83.3%,40,8.0,6.7,0,94.4,1.7,10,30,65,0,5,5.5,11,48.0,5,9.4%,2020
