,Rk,Date,G#,Week,Age,Tm,Unnamed: 6_level_1,Opp,Result,Int,Tgt,Cmp,Cmp%,Yds,Yds/Cmp,Yds/Tgt,TD,Rat,DADOT,Air,YAC,Bltz,Hrry,QBKD,Sk,Prss,Comb,MTkl,MTkl%
0,1.0,2020-09-13,1.0,1.0,23.263,MIA,@,NWE,L 11-21,0,2,2,100.0%,34,17.0,17.0,0,118.7,9.0,18,16,7,0,0,1.0,1,16,1,5.9%
1,2.0,2020-09-20,2.0,2.0,23.27,MIA,,BUF,L 28-31,0,3,2,66.7%,32,16.0,10.7,0,102.1,10.0,18,14,5,0,0,0.0,0,6,1,14.3%
2,3.0,2020-09-24,3.0,3.0,23.274,MIA,@,JAX,W 31-13,0,6,4,66.7%,48,12.0,8.0,0,91.0,8.7,20,28,0,1,0,0.0,1,8,0,0.0%
3,4.0,2020-10-04,4.0,4.0,23.284,MIA,,SEA,L 23-31,0,3,3,100.0%,21,7.0,7.0,0,95.8,2.7,8,13,3,0,0,0.0,0,2,1,33.3%
4,5.0,2020-10-11,5.0,5.0,23.291,MIA,@,SFO,W 43-17,0,6,3,50.0%,19,6.3,3.2,0,56.9,9.8,14,5,6,0,1,1.0,2,8,0,0.0%
5,6.0,2020-10-18,6.0,6.0,23.298,MIA,,NYJ,W 24-0,0,4,3,75.0%,19,6.3,4.8,0,84.4,1.3,2,17,13,0,0,0.0,0,6,2,25.0%
6,7.0,2020-11-01,7.0,8.0,23.312,MIA,,LAR,W 28-17,0,4,3,75.0%,29,9.7,7.3,0,94.8,4.0,11,18,18,0,1,0.0,1,12,1,7.7%
7,8.0,2020-11-08,8.0,9.0,23.319,MIA,@,ARI,W 34-31,0,3,2,66.7%,20,10.0,6.7,0,85.4,4.0,14,6,1,0,0,0.0,0,7,1,12.5%
8,9.0,2020-11-15,9.0,10.0,23.326,MIA,,LAC,W 29-21,0,1,0,0.0%,0,,0.0,0,39.6,0.0,0,0,6,0,0,0.0,0,4,0,0.0%
9,10.0,2020-11-22,10.0,11.0,23.333,MIA,@,DEN,L 13-20,0,2,1,50.0%,4,4.0,2.0,0,56.2,2.0,4,0,3,1,0,0.0,1,2,0,0.0%
10,11.0,2020-11-29,11.0,12.0,23.34,MIA,@,NYJ,W 20-3,0,5,4,80.0%,13,3.3,2.6,0,79.2,4.6,2,11,4,0,1,0.5,2,5,1,16.7%
11,12.0,2020-12-06,12.0,13.0,23.347,MIA,,CIN,W 19-7,0,3,2,66.7%,5,2.5,1.7,0,70.1,5.3,-1,6,7,0,0,0.0,0,5,0,0.0%
12,13.0,2020-12-13,13.0,14.0,23.354,MIA,,KAN,L 27-33,0,2,1,50.0%,17,17.0,8.5,0,79.2,11.5,16,1,6,0,0,2.5,3,9,0,0.0%
13,14.0,2020-12-20,14.0,15.0,23.361,MIA,,NWE,W 22-12,0,6,6,100.0%,54,9.0,9.0,0,104.2,3.7,22,32,8,0,0,1.0,1,8,0,0.0%
14,15.0,2020-12-26,15.0,16.0,24.001,MIA,@,LVR,W 26-25,0,6,3,50.0%,18,6.0,3.0,0,56.2,3.7,10,8,6,0,0,1.0,1,10,1,9.1%
15,16.0,2021-01-03,16.0,17.0,24.009,MIA,@,BUF,L 26-56,0,1,1,100.0%,16,16.0,16.0,0,118.7,4.0,4,12,6,2,0,0.0,2,4,1,20.0%
16,,16 Games,,,,,,,10-6-0,0,57,40,70.2%,349,8.7,6.1,0,86.1,5.5,162,187,99,4,3,7.0,15,112,10,8.2%
