,Rk,Date,G#,Week,Age,Tm,Unnamed: 6_level_1,Opp,Result,Tgt,Rec,Yds,TD,1D,YBC,YBC/R,YAC,YAC/R,ADOT,BrkTkl,Rec/Br,Drop,Drop%,Int,Rat,Year
0,1.0,2023-09-10,1.0,1.0,24.235,DAL,@,NYG,W 40-0,7,2,11,0,,2,1.0,9,4.5,4.0,0,,2,28.6,0,39.6,2023
1,2.0,2023-09-17,2.0,2.0,24.242,DAL,,NYJ,W 30-10,4,3,11,1,2.0,-2,-0.7,13,4.3,0.3,0,,0,0.0,0,116.7,2023
2,3.0,2023-09-24,3.0,3.0,24.249,DAL,@,ARI,L 16-28,7,5,48,0,1.0,15,3.0,33,6.6,4.1,1,5.0,1,14.3,0,90.2,2023
3,4.0,2023-10-01,4.0,4.0,24.256,DAL,,NWE,W 38-3,7,7,77,0,5.0,52,7.4,25,3.6,7.4,2,3.5,0,0.0,0,112.5,2023
4,5.0,2023-10-08,5.0,5.0,24.263,DAL,@,SFO,L 10-42,3,3,28,0,1.0,5,1.7,23,7.7,1.7,0,,0,0.0,0,105.6,2023
5,6.0,2023-10-16,6.0,6.0,24.271,DAL,@,LAC,W 20-17,1,1,15,0,,9,9.0,6,6.0,9.0,0,,0,0.0,0,118.7,2023
6,7.0,2023-10-29,7.0,8.0,24.284,DAL,,LAR,W 43-20,4,4,47,1,3.0,24,6.0,23,5.8,6.0,0,,0,0.0,0,155.2,2023
7,8.0,2023-11-05,8.0,9.0,24.291,DAL,@,PHI,L 23-28,10,7,91,1,5.0,49,7.0,42,6.0,7.5,0,,1,10.0,0,131.7,2023
8,9.0,2023-11-12,9.0,10.0,24.298,DAL,,NYG,W 49-17,7,4,26,1,2.0,19,4.8,7,1.8,4.9,0,,0,0.0,1,65.2,2023
9,10.0,2023-11-19,10.0,11.0,24.305,DAL,@,CAR,W 33-10,5,3,32,0,2.0,21,7.0,11,3.7,2.4,0,,0,0.0,0,78.7,2023
10,11.0,2023-11-23,11.0,12.0,24.309,DAL,,WAS,W 45-10,3,1,35,0,1.0,28,28.0,7,7.0,24.0,0,,0,0.0,0,78.5,2023
11,12.0,2023-11-30,12.0,13.0,24.316,DAL,,SEA,W 41-35,8,6,77,1,5.0,17,2.8,60,10.0,2.6,1,6.0,0,0.0,0,144.3,2023
12,13.0,2023-12-10,13.0,14.0,24.326,DAL,,PHI,W 33-13,8,5,72,0,3.0,25,5.0,47,9.4,3.9,1,5.0,1,12.5,0,91.7,2023
13,14.0,2023-12-17,14.0,15.0,24.333,DAL,@,BUF,L 10-31,8,6,44,0,2.0,22,3.7,22,3.7,4.1,1,6.0,0,0.0,0,87.5,2023
14,15.0,2023-12-24,15.0,16.0,24.34,DAL,@,MIA,L 20-22,8,4,45,0,3.0,14,3.5,31,7.8,1.5,0,,0,0.0,0,67.2,2023
15,16.0,2023-12-30,16.0,17.0,24.346,DAL,,DET,W 20-19,6,4,33,0,,11,2.8,22,5.5,9.5,0,,0,0.0,0,80.6,2023
16,17.0,2024-01-07,17.0,18.0,24.354,DAL,@,WAS,W 38-10,6,6,69,0,5.0,25,4.2,44,7.3,4.2,0,,0,0.0,0,114.6,2023
17,,17 Games,,,,,,,12-5-0,102,71,761,5,40.0,336,4.7,425,6.0,5.1,6,11.8,5,4.9,1,103.4,2023
