,Rk,Date,G#,Week,Age,Tm,Unnamed: 6_level_1,Opp,Result,Tgt,Rec,Yds,TD,1D,YBC,YBC/R,YAC,YAC/R,ADOT,BrkTkl,Rec/Br,Drop,Drop%,Int,Rat,Att,Yds,TD,1D,YBC,YBC/Att,YAC,YAC/Att,BrkTkl,Att/Br,Year
0,1.0,2023-09-10,1.0,1.0,27.039,DAL,@,NYG,W 40-0,3,2,11,0,1.0,6,3.0,5,2.5,1.7,0,,1,33.3,0.0,72.9,3,14,1,1.0,9,3.0,5,1.7,0,,2023
1,2.0,2023-09-17,2.0,2.0,27.046,DAL,,NYJ,W 30-10,1,1,9,0,1.0,3,3.0,6,6.0,3.0,0,,0,0.0,0.0,104.2,2,6,0,1.0,2,1.0,4,2.0,1,2.0,2023
2,3.0,2023-09-24,3.0,3.0,27.053,DAL,@,ARI,L 16-28,0,0,0,0,,0,,0,,,0,,0,0.0,,,0,0,0,,0,,0,,0,,2023
3,4.0,2023-10-01,4.0,4.0,27.06,DAL,,NWE,W 38-3,1,1,5,0,1.0,3,3.0,2,2.0,3.0,0,,0,0.0,0.0,87.5,1,46,0,1.0,32,32.0,14,14.0,0,,2023
4,5.0,2023-10-08,5.0,5.0,27.067,DAL,@,SFO,L 10-42,1,1,26,1,1.0,26,26.0,0,0.0,26.0,0,,0,0.0,0.0,158.3,0,0,0,0.0,0,,0,,0,,2023
5,6.0,2023-10-16,6.0,6.0,27.075,DAL,@,LAC,W 20-17,0,0,0,0,,0,,0,,,0,,0,0.0,,,0,0,0,,0,,0,,0,,2023
6,7.0,2023-10-29,7.0,8.0,27.088,DAL,,LAR,W 43-20,2,1,13,0,1.0,3,3.0,10,10.0,17.0,0,,0,0.0,0.0,70.8,0,0,0,0.0,0,,0,,0,,2023
7,8.0,2023-11-05,8.0,9.0,27.095,DAL,@,PHI,L 23-28,1,1,5,1,1.0,5,5.0,0,0.0,5.0,0,,0,0.0,0.0,127.1,1,0,0,0.0,0,0.0,0,0.0,0,,2023
8,9.0,2023-11-19,10.0,11.0,27.109,DAL,@,CAR,W 33-10,3,2,10,0,1.0,1,0.5,9,4.5,12.3,0,,0,0.0,0.0,71.5,1,13,0,1.0,13,13.0,0,0.0,0,,2023
9,10.0,2023-11-23,11.0,12.0,27.113,DAL,,WAS,W 45-10,1,1,34,1,1.0,34,34.0,0,0.0,34.0,0,,0,0.0,0.0,158.3,0,0,0,0.0,0,,0,,0,,2023
10,11.0,2023-11-30,12.0,13.0,27.12,DAL,,SEA,W 41-35,3,1,10,0,1.0,10,10.0,0,0.0,1.7,0,,2,66.7,0.0,43.7,0,0,0,0.0,0,,0,,0,,2023
11,12.0,2023-12-10,13.0,14.0,27.13,DAL,,PHI,W 33-13,1,0,0,0,0.0,0,,0,,14.0,0,,0,0.0,0.0,39.6,1,22,0,1.0,21,21.0,1,1.0,0,,2023
12,13.0,2023-12-17,14.0,15.0,27.137,DAL,@,BUF,L 10-31,0,0,0,0,,0,,0,,,0,,0,0.0,,,0,0,0,,0,,0,,0,,2023
13,14.0,2023-12-24,15.0,16.0,27.144,DAL,@,MIA,L 20-22,1,1,4,0,,-3,-3.0,7,7.0,-3.0,1,1.0,0,0.0,0.0,83.3,1,4,0,,3,3.0,1,1.0,0,,2023
14,15.0,2023-12-30,16.0,17.0,27.15,DAL,,DET,W 20-19,0,0,0,0,,0,,0,,,0,,0,0.0,,,0,0,0,,0,,0,,0,,2023
15,16.0,2024-01-07,17.0,18.0,27.158,DAL,@,WAS,W 38-10,0,0,0,0,,0,,0,,,0,,0,0.0,,,1,5,0,,3,3.0,2,2.0,0,,2023
16,,16 Games,,,,,,,11-5-0,18,12,127,3,9.0,88,7.3,39,3.3,9.1,1,12.0,3,16.7,0.0,126.6,11,110,1,5.0,83,7.5,27,2.5,1,11.0,2023
