,Rk,Date,G#,Week,Age,Tm,Unnamed: 6_level_1,Opp,Result,Int,Tgt,Cmp,Cmp%,Yds,Yds/Cmp,Yds/Tgt,TD,Rat,DADOT,Air,YAC,Bltz,Hrry,QBKD,Sk,Prss,Comb,MTkl,MTkl%,Year
0,1.0,2020-09-13,1.0,1.0,36.065,CIN,,LAC,L 13-16,0,0,0,,0.0,,,0.0,,,0.0,0.0,0,0,0,,0,,0,,2020
1,2.0,2020-09-17,2.0,2.0,36.069,CIN,@,CLE,L 30-35,0,0,0,,0.0,,,0.0,,,0.0,0.0,0,0,0,,0,,0,,2020
2,3.0,2020-09-27,3.0,3.0,36.079,CIN,@,PHI,T 23-23,0,0,0,,0.0,,,0.0,,,0.0,0.0,0,0,0,,0,,0,,2020
3,4.0,2020-10-04,4.0,4.0,36.086,CIN,,JAX,W 33-25,0,0,0,,0.0,,,0.0,,,0.0,0.0,0,0,0,,0,,0,,2020
4,5.0,2020-10-11,5.0,5.0,36.093,CIN,@,BAL,L 3-27,0,0,0,,0.0,,,0.0,,,0.0,0.0,0,0,0,,0,,0,,2020
5,6.0,2020-10-18,6.0,6.0,36.1,CIN,@,IND,L 27-31,0,0,0,,0.0,,,0.0,,,0.0,0.0,0,0,0,,0,,0,,2020
6,7.0,2020-10-25,7.0,7.0,36.107,CIN,,CLE,L 34-37,0,0,0,,0.0,,,0.0,,,0.0,0.0,0,0,0,,0,,0,,2020
7,8.0,2020-11-01,8.0,8.0,36.114,CIN,,TEN,W 31-20,0,0,0,,0.0,,,0.0,,,0.0,0.0,0,0,0,,0,,0,,2020
8,9.0,2020-11-15,9.0,10.0,36.128,CIN,@,PIT,L 10-36,0,0,0,,0.0,,,0.0,,,0.0,0.0,0,0,0,,0,,0,,2020
9,10.0,2020-11-22,10.0,11.0,36.135,CIN,@,WAS,L 9-20,0,0,0,,0.0,,,0.0,,,0.0,0.0,0,0,0,0.0,0,1.0,0,0.0%,2020
10,11.0,2020-11-29,11.0,12.0,36.142,CIN,,NYG,L 17-19,0,0,0,,0.0,,,0.0,,,0.0,0.0,0,0,0,,0,,0,,2020
11,12.0,2020-12-06,12.0,13.0,36.149,CIN,@,MIA,L 7-19,0,0,0,,0.0,,,0.0,,,0.0,0.0,0,0,0,,0,,0,,2020
12,13.0,2020-12-13,13.0,14.0,36.156,CIN,,DAL,L 7-30,0,0,0,,0.0,,,0.0,,,0.0,0.0,0,0,0,,0,,0,,2020
13,14.0,2020-12-21,14.0,15.0,36.164,CIN,,PIT,W 27-17,0,0,0,,0.0,,,0.0,,,0.0,0.0,0,0,0,,0,,0,,2020
14,15.0,2020-12-27,15.0,16.0,36.17,CIN,@,HOU,W 37-31,0,0,0,,0.0,,,0.0,,,0.0,0.0,0,0,0,,0,,0,,2020
15,16.0,2021-01-03,16.0,17.0,36.177,CIN,,BAL,L 3-38,0,0,0,,0.0,,,0.0,,,0.0,0.0,0,0,0,,0,,0,,2020
16,,16 Games,,,,,,,4-11-1,0,0,0,,,,,,,,,,0,0,0,0.0,0,1.0,0,0.0%,2020
