,Rk,Date,G#,Week,Age,Tm,Unnamed: 6_level_1,Opp,Result,Att,Yds,TD,1D,YBC,YBC/Att,YAC,YAC/Att,BrkTkl,Att/Br,Tgt,Rec,Yds,TD,1D,YBC,YBC/R,YAC,YAC/R,ADOT,BrkTkl,Rec/Br,Drop,Drop%,Int,Rat,Year
0,1.0,2020-09-13,1.0,1.0,28.296,CIN,,LAC,L 13-16,1,7,0,0.0,2,2.0,5,5.0,1,1.0,5,4,21,0,2.0,-2,-0.5,23,5.8,-0.6,0,,0,0.0,1.0,44.6,2020
1,2.0,2020-09-17,2.0,2.0,28.3,CIN,@,CLE,L 30-35,1,3,0,1.0,0,0.0,3,3.0,0,,7,5,22,0,0.0,3,0.6,19,3.8,1.9,0,,1,14.3,0.0,74.7,2020
2,3.0,2020-09-27,3.0,3.0,28.31,CIN,@,PHI,T 23-23,0,0,0,0.0,0,,0,,0,,3,3,55,0,2.0,1,0.3,54,18.0,0.3,1,3.0,0,0.0,0.0,118.7,2020
3,4.0,2020-10-04,4.0,4.0,28.317,CIN,,JAX,W 33-25,2,19,0,2.0,14,7.0,5,2.5,0,,0,0,0,0,0.0,0,,0,,,0,,0,0.0,,,2020
4,5.0,2020-10-11,5.0,5.0,28.324,CIN,@,BAL,L 3-27,0,0,0,,0,,0,,0,,2,1,4,0,,1,1.0,3,3.0,-1.0,0,,0,0.0,0.0,56.2,2020
5,6.0,2020-10-18,6.0,6.0,28.331,CIN,@,IND,L 27-31,8,15,1,2.0,4,0.5,11,1.4,0,,3,3,13,0,0.0,1,0.3,12,4.0,0.3,0,,0,0.0,0.0,84.7,2020
6,7.0,2020-10-25,7.0,7.0,28.338,CIN,,CLE,L 34-37,13,37,0,1.0,19,1.5,18,1.4,0,,5,5,59,1,3.0,-10,-2.0,69,13.8,-2.0,0,,0,0.0,0.0,155.4,2020
7,8.0,2020-11-01,8.0,8.0,28.345,CIN,,TEN,W 31-20,15,62,1,3.0,30,2.0,32,2.1,2,7.5,4,3,16,1,1.0,2,0.7,14,4.7,0.5,0,,0,0.0,0.0,120.8,2020
8,9.0,2020-11-15,9.0,10.0,28.359,CIN,@,PIT,L 10-36,8,30,0,1.0,13,1.6,17,2.1,0,,7,4,17,0,1.0,3,0.8,14,3.5,2.6,0,,1,14.3,0.0,62.2,2020
9,10.0,2020-11-22,10.0,11.0,29.0,CIN,@,WAS,L 9-20,9,18,0,1.0,4,0.4,14,1.6,0,,5,4,37,0,2.0,8,2.0,29,7.3,1.8,0,,1,20.0,0.0,97.5,2020
10,11.0,2020-11-29,11.0,12.0,29.007,CIN,,NYG,L 17-19,8,32,0,2.0,23,2.9,9,1.1,0,,3,2,17,0,1.0,0,0.0,17,8.5,0.0,1,2.0,1,33.3,0.0,81.2,2020
11,12.0,2020-12-06,12.0,13.0,29.014,CIN,@,MIA,L 7-19,12,30,0,3.0,7,0.6,23,1.9,0,,2,2,-1,0,0.0,-8,-4.0,7,3.5,-4.0,0,,0,0.0,0.0,79.2,2020
12,13.0,2020-12-13,13.0,14.0,29.021,CIN,,DAL,L 7-30,3,8,0,,6,2.0,2,0.7,0,,3,3,15,0,,3,1.0,12,4.0,1.0,0,,0,0.0,0.0,87.5,2020
13,14.0,2020-12-21,14.0,15.0,29.029,CIN,,PIT,W 27-17,25,83,1,4.0,30,1.2,53,2.1,0,,1,1,14,1,1.0,5,5.0,9,9.0,5.0,0,,0,0.0,0.0,158.3,2020
14,15.0,2020-12-27,15.0,16.0,29.035,CIN,@,HOU,W 37-31,16,65,0,3.0,31,1.9,34,2.1,4,4.0,8,7,66,0,2.0,-2,-0.3,68,9.7,2.4,0,,0,0.0,0.0,101.0,2020
15,16.0,2021-01-03,16.0,17.0,29.042,CIN,,BAL,L 3-38,3,7,0,,6,2.0,1,0.3,1,3.0,1,0,0,0,,0,,0,,29.0,0,,0,0.0,0.0,39.6,2020
16,,16 Games,,,,,,,4-11-1,124,416,3,23.0,189,1.5,227,1.8,8,15.5,59,47,355,3,15.0,5,0.1,350,7.4,1.3,2,23.5,4,6.8,1.0,101.6,2020
