,Rk,Date,G#,Week,Age,Tm,Unnamed: 6_level_1,Opp,Result,Att,Yds,TD,1D,YBC,YBC/Att,YAC,YAC/Att,BrkTkl,Att/Br,Tgt,Rec,Yds,TD,1D,YBC,YBC/R,YAC,YAC/R,ADOT,BrkTkl,Rec/Br,Drop,Drop%,Int,Rat,Year
0,1.0,2020-10-25,7.0,7.0,23.007,CIN,,CLE,L 34-37,,,,,,,,,,,,,,,,,,,,,,,,0.0,,,2020
1,2.0,2020-11-01,8.0,8.0,23.014,CIN,,TEN,W 31-20,,,,,,,,,,,,,,,,,,,,,,,,0.0,,,2020
2,3.0,2020-11-15,9.0,10.0,23.028,CIN,@,PIT,L 10-36,5.0,22.0,0.0,2.0,8.0,1.6,14.0,2.8,0.0,,0.0,0.0,0.0,0.0,0.0,0.0,,0.0,,,0.0,,0.0,0.0,,,2020
3,4.0,2020-11-22,10.0,11.0,23.035,CIN,@,WAS,L 9-20,,,,,,,,,,,,,,,,,,,,,,,,0.0,,,2020
4,5.0,2020-11-29,11.0,12.0,23.042,CIN,,NYG,L 17-19,1.0,-2.0,0.0,0.0,-2.0,-2.0,0.0,0.0,0.0,,1.0,1.0,13.0,0.0,1.0,-2.0,-2.0,15.0,15.0,-2.0,0.0,,0.0,0.0,0.0,118.7,2020
5,6.0,2020-12-06,12.0,13.0,23.049,CIN,@,MIA,L 7-19,,,,,,,,,,,,,,,,,,,,,,,,0.0,,,2020
6,7.0,2020-12-13,13.0,14.0,23.056,CIN,,DAL,L 7-30,12.0,49.0,0.0,1.0,41.0,3.4,8.0,0.7,0.0,,3.0,3.0,14.0,0.0,0.0,-2.0,-0.7,16.0,5.3,-0.7,2.0,1.5,0.0,0.0,0.0,86.1,2020
7,8.0,2020-12-21,14.0,15.0,23.064,CIN,,PIT,W 27-17,2.0,8.0,0.0,,2.0,1.0,6.0,3.0,0.0,,0.0,0.0,0.0,0.0,,0.0,,0.0,,,0.0,,0.0,0.0,,,2020
8,9.0,2020-12-27,15.0,16.0,23.07,CIN,@,HOU,W 37-31,2.0,6.0,0.0,,0.0,0.0,6.0,3.0,2.0,1.0,0.0,0.0,0.0,0.0,,0.0,,0.0,,,0.0,,0.0,0.0,,,2020
9,10.0,2021-01-03,16.0,17.0,23.077,CIN,,BAL,L 3-38,4.0,74.0,0.0,2.0,5.0,1.3,69.0,17.3,1.0,4.0,1.0,1.0,3.0,0.0,0.0,-7.0,-7.0,10.0,10.0,-7.0,0.0,,0.0,0.0,0.0,79.2,2020
10,,10 Games,,,,,,,3-7-0,26.0,157.0,0.0,5.0,54.0,2.1,103.0,4.0,3.0,8.7,5.0,5.0,30.0,0.0,1.0,-11.0,-2.2,41.0,8.2,-2.2,2.0,2.5,0.0,0.0,0.0,91.7,2020
