,Rk,Date,G#,Week,Age,Tm,Unnamed: 6_level_1,Opp,Result,Int,Tgt,Cmp,Cmp%,Yds,Yds/Cmp,Yds/Tgt,TD,Rat,DADOT,Air,YAC,Bltz,Hrry,QBKD,Sk,Prss,Comb,MTkl,MTkl%,Year
0,1.0,2023-09-11,1.0,1.0,29.086,BUF,@,NYJ,L 16-22,0,1,1,100.0%,20,20.0,20.0,0,118.7,-4.0,-4,24,0,1,0,0.0,1,2.0,1,33.3%,2023
1,2.0,2023-09-17,2.0,2.0,29.092,BUF,,LVR,W 38-10,0,0,0,,0,,,0,,,0,0,0,0,0,0.0,0,1.0,0,0.0%,2023
2,3.0,2023-09-24,3.0,3.0,29.099,BUF,@,WAS,W 37-3,0,0,0,,0,,,0,,,0,0,0,0,2,0.0,2,0.0,0,,2023
3,4.0,2023-10-01,4.0,4.0,29.106,BUF,,MIA,W 48-20,0,0,0,,0,,,0,,,0,0,0,0,0,,0,,0,,2023
4,5.0,2023-10-15,6.0,6.0,29.12,BUF,,NYG,W 14-9,0,0,0,,0,,,0,,,0,0,0,0,0,0.0,0,1.0,0,0.0%,2023
5,6.0,2023-10-22,7.0,7.0,29.127,BUF,@,NWE,L 25-29,0,0,0,,0,,,0,,,0,0,0,0,1,0.0,1,1.0,0,0.0%,2023
6,7.0,2023-10-26,8.0,8.0,29.131,BUF,,TAM,W 24-18,0,0,0,,0,,,0,,,0,0,0,0,0,0.0,0,2.0,0,0.0%,2023
7,8.0,2023-11-05,9.0,9.0,29.141,BUF,@,CIN,L 18-24,0,1,1,100.0%,11,11.0,11.0,0,112.5,5.0,5,6,0,0,0,0.0,0,1.0,0,0.0%,2023
8,9.0,2023-11-13,10.0,10.0,29.149,BUF,,DEN,L 22-24,0,0,0,,0,,,0,,,0,0,0,1,0,0.0,1,1.0,0,0.0%,2023
9,10.0,2023-11-19,11.0,11.0,29.155,BUF,,NYJ,W 32-6,0,0,0,,0,,,0,,,0,0,0,0,0,1.0,1,1.0,0,0.0%,2023
10,11.0,2023-11-26,12.0,12.0,29.162,BUF,@,PHI,L 34-37,0,0,0,,0,,,0,,,0,0,0,0,0,,0,,0,,2023
11,12.0,2023-12-10,13.0,14.0,29.176,BUF,@,KAN,W 20-17,0,0,0,,0,,,0,,,0,0,0,0,0,0.0,0,1.0,0,0.0%,2023
12,13.0,2023-12-17,14.0,15.0,29.183,BUF,,DAL,W 31-10,0,0,0,,0,,,0,,,0,0,0,0,2,0.0,2,2.0,0,0.0%,2023
13,14.0,2023-12-23,15.0,16.0,29.189,BUF,@,LAC,W 24-22,0,1,1,100.0%,8,8.0,8.0,0,100.0,3.0,3,5,0,1,0,0.0,1,0.0,1,100.0%,2023
14,15.0,2023-12-31,16.0,17.0,29.197,BUF,,NWE,W 27-21,0,0,0,,0,,,0,,,0,0,0,0,1,0.0,1,0.0,0,,2023
15,16.0,2024-01-07,17.0,18.0,29.204,BUF,@,MIA,W 21-14,0,0,0,,0,,,0,,,0,0,0,0,0,,0,,0,,2023
16,,16 Games,,,,,,,11-5-0,0,3,3,100.0%,39,13.0,13.0,0,118.7,1.3,4,35,0,3,6,1.0,10,13.0,2,13.3%,2023
