,Rk,Date,G#,Week,Age,Tm,Unnamed: 6_level_1,Opp,Result,Int,Tgt,Cmp,Cmp%,Yds,Yds/Cmp,Yds/Tgt,TD,Rat,DADOT,Air,YAC,Bltz,Hrry,QBKD,Sk,Prss,Comb,MTkl,MTkl%
0,1.0,2023-09-11,1.0,1.0,27.046,BUF,@,NYJ,L 16-22,0,2,2,100.0%,9,4.5,4.5,0,85.4,-4.0,-8,17,0,0,0,0.0,0,0,1,100.0%
1,2.0,2023-09-17,2.0,2.0,27.052,BUF,,LVR,W 38-10,0,3,2,66.7%,27,13.5,9.0,0,95.1,6.0,18,9,0,0,0,0.0,0,4,0,0.0%
2,3.0,2023-09-24,3.0,3.0,27.059,BUF,@,WAS,W 37-3,0,2,2,100.0%,9,4.5,4.5,0,85.4,3.5,7,2,1,0,0,0.0,0,5,0,0.0%
3,4.0,2023-10-01,4.0,4.0,27.066,BUF,,MIA,W 48-20,0,6,3,50.0%,27,9.0,4.5,0,62.5,2.2,-2,29,2,0,0,0.0,0,4,2,33.3%
4,5.0,2023-10-08,5.0,5.0,27.073,BUF,,JAX,L 20-25,0,2,1,50.0%,5,5.0,2.5,0,56.2,-4.0,-4,9,5,0,1,0.0,1,3,0,0.0%
5,6.0,2023-10-15,6.0,6.0,27.08,BUF,,NYG,W 14-9,0,7,6,85.7%,36,6.0,5.1,0,88.1,4.0,27,9,0,0,0,0.0,0,15,0,0.0%
6,7.0,2023-10-22,7.0,7.0,27.087,BUF,@,NWE,L 25-29,0,9,5,55.6%,38,7.6,4.2,2,105.6,1.8,21,17,2,0,0,0.0,0,4,0,0.0%
7,8.0,2023-10-26,8.0,8.0,27.091,BUF,,TAM,W 24-18,0,8,6,75.0%,77,12.8,9.6,1,144.3,1.4,6,71,3,0,0,1.0,1,6,1,14.3%
8,9.0,2023-11-05,9.0,9.0,27.101,BUF,@,CIN,L 18-24,0,5,2,40.0%,31,15.5,6.2,0,61.2,7.0,19,12,0,0,0,0.0,0,5,0,0.0%
9,10.0,2023-11-13,10.0,10.0,27.109,BUF,,DEN,L 22-24,0,4,3,75.0%,1,0.3,0.3,0,77.1,-3.3,-7,8,2,0,0,0.0,0,7,0,0.0%
10,11.0,2023-11-19,11.0,11.0,27.115,BUF,,NYJ,W 32-6,0,2,2,100.0%,29,14.5,14.5,0,118.7,1.0,2,27,1,0,0,0.0,0,3,0,0.0%
11,12.0,2023-11-26,12.0,12.0,27.122,BUF,@,PHI,L 34-37,0,3,3,100.0%,18,6.0,6.0,0,91.7,-3.0,-9,27,3,0,0,0.0,0,6,1,14.3%
12,13.0,2023-12-10,13.0,14.0,27.136,BUF,@,KAN,W 20-17,0,7,4,57.1%,46,11.5,6.6,0,77.1,7.3,6,40,0,0,0,0.0,0,9,1,10.0%
13,,13 Games,,,,,,,7-6-0,0,60,41,68.3%,353,8.6,5.9,3,100.2,2.4,76,277,19,0,1,1.0,2,71,6,7.8%
