,Rk,Date,G#,Week,Age,Tm,Unnamed: 6_level_1,Opp,Result,Int,Tgt,Cmp,Cmp%,Yds,Yds/Cmp,Yds/Tgt,TD,Rat,DADOT,Air,YAC,Bltz,Hrry,QBKD,Sk,Prss,Comb,MTkl,MTkl%,Year
0,1.0,2023-09-10,1.0,1.0,25.065,CHI,,GNB,L 20-38,0,0,0,,0.0,,,0.0,,,0.0,0.0,0,0,0,0.0,0,0.0,0,,2023
1,2.0,2023-09-17,2.0,2.0,25.072,CHI,@,TAM,L 17-27,0,0,0,,0.0,,,0.0,,,0.0,0.0,0,0,0,0.0,0,0.0,0,,2023
2,3.0,2023-09-24,3.0,3.0,25.079,CHI,@,KAN,L 10-41,0,0,0,,0.0,,,0.0,,,0.0,0.0,0,0,0,0.0,0,0.0,0,,2023
3,4.0,2023-10-22,7.0,7.0,25.107,MIA,@,PHI,L 17-31,0,0,0,,0.0,,,0.0,,,0.0,0.0,0,0,0,0.0,0,1.0,0,0.0%,2023
4,5.0,2023-10-29,8.0,8.0,25.114,MIA,,NWE,W 31-17,0,0,0,,0.0,,,0.0,,,0.0,0.0,0,0,0,0.0,0,1.0,0,0.0%,2023
5,6.0,2023-11-05,9.0,9.0,25.121,MIA,@,KAN,L 14-21,0,0,0,,0.0,,,0.0,,,0.0,0.0,0,0,0,0.0,0,0.0,0,,2023
6,7.0,2023-12-03,12.0,13.0,25.149,MIA,@,WAS,W 45-15,0,0,0,,0.0,,,0.0,,,0.0,0.0,0,0,0,,0,,0,,2023
7,8.0,2023-12-11,13.0,14.0,25.157,MIA,,TEN,L 27-28,0,0,0,,0.0,,,0.0,,,0.0,0.0,0,0,0,0.0,0,1.0,0,0.0%,2023
8,9.0,2023-12-17,14.0,15.0,25.163,MIA,,NYJ,W 30-0,0,0,0,,0.0,,,0.0,,,0.0,0.0,0,0,0,0.0,0,0.0,0,,2023
9,10.0,2023-12-24,15.0,16.0,25.17,MIA,,DAL,W 22-20,0,0,0,,0.0,,,0.0,,,0.0,0.0,0,0,0,0.0,0,1.0,0,0.0%,2023
10,11.0,2023-12-31,16.0,17.0,25.177,MIA,@,BAL,L 19-56,0,0,0,,0.0,,,0.0,,,0.0,0.0,0,0,0,0.0,0,1.0,0,0.0%,2023
11,12.0,2024-01-07,17.0,18.0,25.184,MIA,,BUF,L 14-21,0,0,0,,0.0,,,0.0,,,0.0,0.0,0,0,0,0.0,0,0.0,0,,2023
12,,12 Games,,,,,,,4-8-0,0,0,0,,,,,,,,,,0,0,0,0.0,0,5.0,0,0.0%,2023
