,Rk,Date,G#,Week,Age,Tm,Unnamed: 6_level_1,Opp,Result,Int,Tgt,Cmp,Cmp%,Yds,Yds/Cmp,Yds/Tgt,TD,Rat,DADOT,Air,YAC,Bltz,Hrry,QBKD,Sk,Prss,Comb,MTkl,MTkl%,Year
0,1.0,2023-09-10,1.0,1.0,23.329,CHI,,GNB,L 20-38,0,0,0,,0,,,0,,,0,0,0,0,0,,0,,0,,2023
1,2.0,2023-09-17,2.0,2.0,23.336,CHI,@,TAM,L 17-27,0,1,1,100.0%,36,36.0,36.0,0,118.7,15.0,15,21,1,0,0,0.0,0,6.0,2,25.0%,2023
2,3.0,2023-09-24,3.0,3.0,23.343,CHI,@,KAN,L 10-41,0,2,2,100.0%,24,12.0,12.0,1,156.2,11.0,22,2,0,0,0,0.0,0,3.0,0,0.0%,2023
3,4.0,2023-10-01,4.0,4.0,23.35,CHI,,DEN,L 28-31,0,3,1,33.3%,25,25.0,8.3,0,64.6,24.0,20,5,0,0,0,0.0,0,3.0,1,25.0%,2023
4,5.0,2023-10-05,5.0,5.0,23.354,CHI,@,WAS,W 40-20,0,4,2,50.0%,5,2.5,1.3,2,95.8,11.8,5,0,0,0,0,0.0,0,4.0,2,33.3%,2023
5,6.0,2023-10-15,6.0,6.0,23.364,CHI,,MIN,L 13-19,0,1,1,100.0%,12,12.0,12.0,0,116.7,8.0,8,4,0,0,0,0.0,0,2.0,0,0.0%,2023
6,7.0,2023-10-22,7.0,7.0,24.006,CHI,,LVR,W 30-12,0,2,1,50.0%,9,9.0,4.5,0,62.5,10.0,9,0,0,0,0,0.0,0,4.0,0,0.0%,2023
7,8.0,2023-10-29,8.0,8.0,24.013,CHI,@,LAC,L 13-30,0,4,3,75.0%,25,8.3,6.3,0,90.6,3.8,3,22,1,0,0,0.0,0,4.0,1,20.0%,2023
8,9.0,2023-11-05,9.0,9.0,24.02,CHI,@,NOR,L 17-24,0,2,1,50.0%,3,3.0,1.5,1,95.8,1.5,3,0,0,0,0,0.0,0,6.0,0,0.0%,2023
9,10.0,2023-11-09,10.0,10.0,24.024,CHI,,CAR,W 16-13,0,0,0,,0,,,0,,,0,0,0,0,0,,0,,0,,2023
10,11.0,2023-11-19,11.0,11.0,24.034,CHI,@,DET,L 26-31,0,0,0,,0,,,0,,,0,0,0,0,0,,0,,0,,2023
11,12.0,2023-11-27,12.0,12.0,24.042,CHI,@,MIN,W 12-10,0,0,0,,0,,,0,,,0,0,0,0,0,0.0,0,1.0,0,0.0%,2023
12,13.0,2023-12-10,13.0,14.0,24.055,CHI,,DET,W 28-13,0,0,0,,0,,,0,,,0,0,0,0,0,,0,,0,,2023
13,14.0,2023-12-17,14.0,15.0,24.062,CHI,@,CLE,L 17-20,0,0,0,,0,,,0,,,0,0,0,0,0,,0,,0,,2023
14,15.0,2023-12-24,15.0,16.0,24.069,CHI,,ARI,W 27-16,0,0,0,,0,,,0,,,0,0,0,0,0,0.0,0,2.0,0,0.0%,2023
15,16.0,2023-12-31,16.0,17.0,24.076,CHI,,ATL,W 37-17,0,0,0,,0,,,0,,,0,0,0,0,0,,0,,0,,2023
16,17.0,2024-01-07,17.0,18.0,24.083,CHI,@,GNB,L 9-17,0,0,0,,0,,,0,,,0,0,0,0,0,,0,,0,,2023
17,,17 Games,,,,,,,7-10-0,0,19,12,63.2%,139,11.6,7.3,4,124.8,10.6,85,54,2,0,0,0.0,0,35.0,6,14.6%,2023
