,Rk,Date,G#,Week,Age,Tm,Unnamed: 6_level_1,Opp,Result,Int,Tgt,Cmp,Cmp%,Yds,Yds/Cmp,Yds/Tgt,TD,Rat,DADOT,Air,YAC,Bltz,Hrry,QBKD,Sk,Prss,Comb,MTkl,MTkl%
0,1.0,2023-09-10,1.0,1.0,24.143,CHI,,GNB,L 20-38,0,5,1,20.0%,16,16.0,3.2,0,40.4,18.0,13,3,0,0,0,0.0,0,7,1,12.5%
1,2.0,2023-09-17,2.0,2.0,24.15,CHI,@,TAM,L 17-27,0,1,0,0.0%,0,,0.0,0,39.6,8.0,0,0,0,0,0,0.0,0,5,0,0.0%
2,3.0,2023-09-24,3.0,3.0,24.157,CHI,@,KAN,L 10-41,0,3,2,66.7%,27,13.5,9.0,1,134.7,5.0,12,15,1,0,0,0.0,0,7,0,0.0%
3,4.0,2023-10-01,4.0,4.0,24.164,CHI,,DEN,L 28-31,0,3,2,66.7%,24,12.0,8.0,1,130.6,7.0,14,10,3,0,0,0.0,0,4,0,0.0%
4,5.0,2023-10-05,5.0,5.0,24.168,CHI,@,WAS,W 40-20,0,4,2,50.0%,48,24.0,12.0,0,93.7,12.5,31,17,1,0,0,0.0,0,6,0,0.0%
5,6.0,2023-10-15,6.0,6.0,24.178,CHI,,MIN,L 13-19,0,6,5,83.3%,42,8.4,7.0,1,135.4,8.5,32,10,5,0,0,0.5,1,6,0,0.0%
6,7.0,2023-10-22,7.0,7.0,24.185,CHI,,LVR,W 30-12,0,8,6,75.0%,42,7.0,5.3,0,86.5,5.9,27,15,2,1,0,0.0,1,10,1,9.1%
7,8.0,2023-11-09,10.0,10.0,24.203,CHI,,CAR,W 16-13,0,2,1,50.0%,45,45.0,22.5,0,95.8,23.0,37,8,1,0,0,0.0,0,9,1,10.0%
8,9.0,2023-11-19,11.0,11.0,24.213,CHI,@,DET,L 26-31,0,3,2,66.7%,12,6.0,4.0,0,74.3,6.0,12,0,1,0,0,0.0,0,6,0,0.0%
9,10.0,2023-11-27,12.0,12.0,24.221,CHI,@,MIN,W 12-10,1,2,1,50.0%,16,16.0,8.0,0,37.5,16.0,16,0,2,0,0,0.5,1,3,1,25.0%
10,11.0,2023-12-10,13.0,14.0,24.234,CHI,,DET,W 28-13,0,9,6,66.7%,48,8.0,5.3,0,79.9,7.7,27,21,2,0,0,0.0,0,17,1,5.6%
11,,11 Games,,,,,,,5-6-0,1,46,28,60.9%,320,11.4,7.0,3,94.5,9.7,221,99,18,1,0,1.0,3,80,5,5.9%
