,Rk,Date,G#,Week,Age,Tm,Unnamed: 6_level_1,Opp,Result,Tgt,Rec,Yds,TD,1D,YBC,YBC/R,YAC,YAC/R,ADOT,BrkTkl,Rec/Br,Drop,Drop%,Int,Rat,Att,Yds,TD,1D,YBC,YBC/Att,YAC,YAC/Att,BrkTkl,Att/Br
0,1.0,2023-09-10,1.0,1.0,21.333,CHI,,GNB,L 20-38,2.0,2.0,14.0,0.0,1.0,4.0,2.0,10.0,5.0,2.0,0.0,,0.0,0.0,0.0,95.8,0.0,0.0,0.0,0.0,0.0,,0.0,,0.0,
1,2.0,2023-09-17,2.0,2.0,21.34,CHI,@,TAM,L 17-27,,,,,,,,,,,,,,0.0,,,,,,,,,,,,
2,3.0,2023-09-24,3.0,3.0,21.347,CHI,@,KAN,L 10-41,3.0,1.0,6.0,0.0,,0.0,0.0,6.0,6.0,14.0,1.0,1.0,0.0,0.0,0.0,42.4,0.0,0.0,0.0,,0.0,,0.0,,0.0,
3,4.0,2023-10-01,4.0,4.0,21.354,CHI,,DEN,L 28-31,0.0,0.0,0.0,0.0,,0.0,,0.0,,,0.0,,0.0,0.0,,,2.0,19.0,0.0,,19.0,9.5,0.0,0.0,0.0,
4,5.0,2023-10-05,5.0,5.0,21.358,CHI,@,WAS,W 40-20,,,,,,,,,,,,,,0.0,,,,,,,,,,,,
5,6.0,2023-10-15,6.0,6.0,22.003,CHI,,MIN,L 13-19,4.0,2.0,12.0,0.0,1.0,12.0,6.0,0.0,0.0,6.8,0.0,,1.0,25.0,0.0,56.2,0.0,0.0,0.0,0.0,0.0,,0.0,,0.0,
6,7.0,2023-10-22,7.0,7.0,22.01,CHI,,LVR,W 30-12,3.0,2.0,19.0,0.0,1.0,18.0,9.0,1.0,0.5,9.7,0.0,,0.0,0.0,0.0,84.0,2.0,14.0,0.0,1.0,14.0,7.0,0.0,0.0,0.0,
7,8.0,2023-10-29,8.0,8.0,22.017,CHI,@,LAC,L 13-30,3.0,1.0,11.0,0.0,1.0,11.0,11.0,0.0,0.0,19.3,0.0,,0.0,0.0,0.0,45.1,0.0,0.0,0.0,0.0,0.0,,0.0,,0.0,
8,9.0,2023-11-05,9.0,9.0,22.024,CHI,@,NOR,L 17-24,2.0,0.0,0.0,0.0,,0.0,,0.0,,6.0,0.0,,0.0,0.0,1.0,0.0,1.0,-5.0,0.0,,-5.0,-5.0,0.0,0.0,0.0,
9,10.0,2023-11-09,10.0,10.0,22.028,CHI,,CAR,W 16-13,1.0,1.0,15.0,0.0,1.0,15.0,15.0,0.0,0.0,15.0,0.0,,0.0,0.0,0.0,118.7,1.0,16.0,0.0,1.0,10.0,10.0,6.0,6.0,0.0,
10,11.0,2023-11-19,11.0,11.0,22.038,CHI,@,DET,L 26-31,2.0,1.0,4.0,0.0,,4.0,4.0,0.0,0.0,25.0,0.0,,0.0,0.0,0.0,56.2,0.0,0.0,0.0,,0.0,,0.0,,0.0,
11,12.0,2023-11-27,12.0,12.0,22.046,CHI,@,MIN,W 12-10,,,,,,,,,,,,,,0.0,,,,,,,,,,,,
12,13.0,2023-12-10,13.0,14.0,22.059,CHI,,DET,W 28-13,1.0,1.0,11.0,0.0,1.0,3.0,3.0,8.0,8.0,3.0,0.0,,0.0,0.0,0.0,112.5,0.0,0.0,0.0,0.0,0.0,,0.0,,0.0,
13,,13 Games,,,,,,,5-8-0,21.0,11.0,92.0,0.0,6.0,67.0,6.1,25.0,2.3,11.4,1.0,11.0,1.0,4.8,1.0,44.1,6.0,44.0,0.0,2.0,38.0,6.3,6.0,1.0,0.0,
