,Rk,Date,G#,Week,Age,Tm,Unnamed: 6_level_1,Opp,Result,Int,Tgt,Cmp,Cmp%,Yds,Yds/Cmp,Yds/Tgt,TD,Rat,DADOT,Air,YAC,Bltz,Hrry,QBKD,Sk,Prss,Comb,MTkl,MTkl%
0,1.0,2023-09-10,1.0,1.0,23.107,CHI,,GNB,L 20-38,0,5,3,60.0%,42,14.0,8.4,1,126.7,11.2,34,8,0,0,0,0.0,0,6,1,14.3%
1,2.0,2023-09-17,2.0,2.0,23.114,CHI,@,TAM,L 17-27,0,7,5,71.4%,140,28.0,20.0,1,153.3,15.6,83,57,0,0,0,0.0,0,7,0,0.0%
2,3.0,2023-09-24,3.0,3.0,23.121,CHI,@,KAN,L 10-41,0,1,1,100.0%,2,2.0,2.0,0,79.2,-3.0,-3,5,0,0,0,0.0,0,2,0,0.0%
3,4.0,2023-10-01,4.0,4.0,23.128,CHI,,DEN,L 28-31,0,4,4,100.0%,31,7.8,7.8,1,138.5,5.3,21,10,0,0,0,0.0,0,3,0,0.0%
4,5.0,2023-10-05,5.0,5.0,23.132,CHI,@,WAS,W 40-20,0,12,8,66.7%,84,10.5,7.0,0,86.8,10.4,41,43,0,0,0,0.0,0,9,1,10.0%
5,6.0,2023-10-15,6.0,6.0,23.142,CHI,,MIN,L 13-19,0,4,2,50.0%,25,12.5,6.3,1,109.4,17.3,24,1,0,0,0,0.0,0,4,0,0.0%
6,7.0,2023-10-22,7.0,7.0,23.149,CHI,,LVR,W 30-12,0,17,8,47.1%,54,6.8,3.2,1,74.1,7.0,38,16,0,0,0,0.0,0,6,1,14.3%
7,8.0,2023-10-29,8.0,8.0,23.156,CHI,@,LAC,L 13-30,0,13,12,92.3%,95,7.9,7.3,1,122.8,8.3,64,31,0,0,0,0.0,0,12,1,7.7%
8,9.0,2023-11-05,9.0,9.0,23.163,CHI,@,NOR,L 17-24,0,4,4,100.0%,27,6.8,6.8,1,134.4,4.5,18,9,0,0,0,0.0,0,5,0,0.0%
9,10.0,2023-11-09,10.0,10.0,23.167,CHI,,CAR,W 16-13,0,6,2,33.3%,13,6.5,2.2,0,42.4,9.0,5,8,0,0,0,0.0,0,3,1,25.0%
10,11.0,2023-11-19,11.0,11.0,23.177,CHI,@,DET,L 26-31,1,2,1,50.0%,14,14.0,7.0,0,33.3,4.0,-5,19,0,0,0,0.0,0,4,0,0.0%
11,12.0,2023-12-10,13.0,14.0,23.198,CHI,,DET,W 28-13,0,9,5,55.6%,44,8.8,4.9,1,105.8,11.3,45,-1,0,0,0,0.0,0,5,2,28.6%
12,,12 Games,,,,,,,4-8-0,1,84,55,65.5%,571,10.4,6.8,8,111.8,9.4,365,206,0,0,0,0.0,0,66,7,9.6%
