,Rk,Date,G#,Week,Age,Tm,Unnamed: 6_level_1,Opp,Result,Int,Tgt,Cmp,Cmp%,Yds,Yds/Cmp,Yds/Tgt,TD,Rat,DADOT,Air,YAC,Bltz,Hrry,QBKD,Sk,Prss,Comb,MTkl,MTkl%
0,1.0,2022-09-11,1.0,1.0,27.117,LAC,,LVR,W 24-19,0,0,0,,0.0,,,0.0,,,0.0,0.0,0,0,0,0.0,0,0,0,
1,2.0,2022-09-15,2.0,2.0,27.121,LAC,@,KAN,L 24-27,0,0,0,,0.0,,,0.0,,,0.0,0.0,0,0,0,0.0,0,0,0,
2,3.0,2022-09-25,3.0,3.0,27.131,LAC,,JAX,L 10-38,0,0,0,,0.0,,,0.0,,,0.0,0.0,0,0,0,0.0,0,0,0,
3,4.0,2022-10-02,4.0,4.0,27.138,LAC,@,HOU,W 34-24,0,0,0,,0.0,,,0.0,,,0.0,0.0,0,0,0,0.0,0,0,0,
4,5.0,2022-10-09,5.0,5.0,27.145,LAC,@,CLE,W 30-28,0,0,0,,0.0,,,0.0,,,0.0,0.0,0,0,0,0.0,0,0,0,
5,6.0,2022-10-17,6.0,6.0,27.153,LAC,,DEN,W 19-16,0,0,0,,0.0,,,0.0,,,0.0,0.0,0,0,0,0.0,0,0,0,
6,7.0,2022-10-23,7.0,7.0,27.159,LAC,,SEA,L 23-37,0,0,0,,0.0,,,0.0,,,0.0,0.0,0,0,0,0.0,0,0,0,
7,8.0,2022-11-06,8.0,9.0,27.173,LAC,@,ATL,W 20-17,0,0,0,,0.0,,,0.0,,,0.0,0.0,0,0,0,0.0,0,0,0,
8,9.0,2022-11-13,9.0,10.0,27.18,LAC,@,SFO,L 16-22,0,0,0,,0.0,,,0.0,,,0.0,0.0,0,0,0,0.0,0,1,0,0.0%
9,10.0,2022-11-20,10.0,11.0,27.187,LAC,,KAN,L 27-30,0,0,0,,0.0,,,0.0,,,0.0,0.0,0,0,0,0.0,0,0,0,
10,11.0,2022-11-27,11.0,12.0,27.194,LAC,@,ARI,W 25-24,0,0,0,,0.0,,,0.0,,,0.0,0.0,0,0,0,0.0,0,0,0,
11,12.0,2022-12-04,12.0,13.0,27.201,LAC,@,LVR,L 20-27,0,0,0,,0.0,,,0.0,,,0.0,0.0,0,0,0,0.0,0,0,0,
12,13.0,2022-12-11,13.0,14.0,27.208,LAC,,MIA,W 23-17,0,0,0,,0.0,,,0.0,,,0.0,0.0,0,0,0,0.0,0,0,0,
13,14.0,2022-12-18,14.0,15.0,27.215,LAC,,TEN,W 17-14,0,0,0,,0.0,,,0.0,,,0.0,0.0,0,0,0,0.0,0,1,0,0.0%
14,15.0,2022-12-26,15.0,16.0,27.223,LAC,@,IND,W 20-3,0,0,0,,0.0,,,0.0,,,0.0,0.0,0,0,0,0.0,0,0,0,
15,16.0,2023-01-01,16.0,17.0,27.229,LAC,,LAR,W 31-10,0,0,0,,0.0,,,0.0,,,0.0,0.0,0,0,0,0.0,0,0,0,
16,17.0,2023-01-08,17.0,18.0,27.236,LAC,@,DEN,L 28-31,0,0,0,,0.0,,,0.0,,,0.0,0.0,0,0,0,0.0,0,2,0,0.0%
17,,17 Games,,,,,,,10-7-0,0,0,0,,,,,,,,,,0,0,0,0.0,0,4,0,0.0%
