,Rk,Date,G#,Week,Age,Tm,Unnamed: 6_level_1,Opp,Result,Int,Tgt,Cmp,Cmp%,Yds,Yds/Cmp,Yds/Tgt,TD,Rat,DADOT,Air,YAC,Bltz,Hrry,QBKD,Sk,Prss,Comb,MTkl,MTkl%,Year
0,1.0,2022-09-11,1.0,1.0,25.103,LAC,,LVR,W 24-19,0,5,5,100.0%,88,17.6,17.6,0,118.7,11.4,57,31,0,0,0,0.0,0,4,0,0.0%,2022
1,2.0,2022-09-15,2.0,2.0,25.107,LAC,@,KAN,L 24-27,0,2,1,50.0%,30,30.0,15.0,0,95.8,18.0,26,4,0,0,0,0.0,0,3,0,0.0%,2022
2,3.0,2022-09-25,3.0,3.0,25.117,LAC,,JAX,L 10-38,0,3,1,33.3%,14,14.0,4.7,1,88.9,7.0,14,0,0,0,0,0.0,0,4,0,0.0%,2022
3,4.0,2022-10-02,4.0,4.0,25.124,LAC,@,HOU,W 34-24,1,3,3,100.0%,80,26.7,26.7,0,79.2,15.0,45,35,0,0,0,0.0,0,4,1,20.0%,2022
4,5.0,2022-10-09,5.0,5.0,25.131,LAC,@,CLE,W 30-28,0,0,0,,0,,,0,,,0,0,0,0,0,0.0,0,1,0,0.0%,2022
5,6.0,2022-10-17,6.0,6.0,25.139,LAC,,DEN,W 19-16,0,2,0,0.0%,0,,0.0,0,39.6,20.0,0,0,0,0,0,0.0,0,0,0,,2022
6,7.0,2022-10-23,7.0,7.0,25.145,LAC,,SEA,L 23-37,0,1,1,100.0%,3,3.0,3.0,0,79.2,0.0,0,3,0,0,0,0.0,0,7,0,0.0%,2022
7,8.0,2022-11-06,8.0,9.0,25.159,LAC,@,ATL,W 20-17,0,3,1,33.3%,6,6.0,2.0,0,42.4,29.3,6,0,0,0,0,0.0,0,6,0,0.0%,2022
8,9.0,2022-11-13,9.0,10.0,25.166,LAC,@,SFO,L 16-22,0,3,2,66.7%,26,13.0,8.7,0,93.7,8.7,17,9,0,0,0,0.0,0,7,0,0.0%,2022
9,10.0,2022-11-20,10.0,11.0,25.173,LAC,,KAN,L 27-30,0,2,2,100.0%,28,14.0,14.0,0,118.7,11.5,23,5,0,0,0,0.0,0,6,0,0.0%,2022
10,11.0,2022-12-04,12.0,13.0,25.187,LAC,@,LVR,L 20-27,0,2,1,50.0%,7,7.0,3.5,0,58.3,18.0,5,2,0,0,0,0.0,0,6,3,33.3%,2022
11,12.0,2022-12-11,13.0,14.0,25.194,LAC,,MIA,W 23-17,0,1,0,0.0%,0,,0.0,0,39.6,36.0,0,0,0,0,0,0.0,0,3,0,0.0%,2022
12,13.0,2022-12-18,14.0,15.0,25.201,LAC,,TEN,W 17-14,1,4,3,75.0%,47,15.7,11.8,0,74.0,13.0,16,31,0,0,0,0.0,0,4,1,20.0%,2022
13,14.0,2022-12-26,15.0,16.0,25.209,LAC,@,IND,W 20-3,0,1,0,0.0%,0,,0.0,0,39.6,25.0,0,0,0,0,0,0.0,0,1,0,0.0%,2022
14,15.0,2023-01-01,16.0,17.0,25.215,LAC,,LAR,W 31-10,0,3,2,66.7%,22,11.0,7.3,0,88.2,10.7,19,3,1,0,0,0.0,0,4,0,0.0%,2022
15,16.0,2023-01-08,17.0,18.0,25.222,LAC,@,DEN,L 28-31,0,3,1,33.3%,52,52.0,17.3,0,81.9,20.7,42,10,0,0,0,0.0,0,2,1,33.3%,2022
16,,16 Games,,,,,,,9-7-0,2,38,23,60.5%,403,17.5,10.6,1,83.6,15.2,270,133,1,0,0,0.0,0,62,6,8.8%,2022
