,Rk,Date,G#,Week,Age,Tm,Unnamed: 6_level_1,Opp,Result,Att,Yds,TD,1D,YBC,YBC/Att,YAC,YAC/Att,BrkTkl,Att/Br,Tgt,Rec,Yds,TD,1D,YBC,YBC/R,YAC,YAC/R,ADOT,BrkTkl,Rec/Br,Drop,Drop%,Int,Rat,Year
0,1.0,2022-09-11,1.0,1.0,27.206,LAC,,LVR,W 24-19,7,12,0,1.0,-1,-0.1,13,1.9,0,,0,0,0,0,0.0,0,,0,,,0,,0,0.0,,,2022
1,2.0,2022-09-15,2.0,2.0,27.21,LAC,@,KAN,L 24-27,4,13,0,,8,2.0,5,1.3,0,,1,1,6,0,,3,3.0,3,3.0,3.0,0,,0,0.0,0.0,91.7,2022
2,3.0,2022-09-25,3.0,3.0,27.22,LAC,,JAX,L 10-38,5,22,0,1.0,12,2.4,10,2.0,0,,2,1,9,0,0.0,2,2.0,7,7.0,4.0,0,,1,50.0,1.0,22.9,2022
3,4.0,2022-10-02,4.0,4.0,27.227,LAC,@,HOU,W 34-24,6,11,0,1.0,2,0.3,9,1.5,1,6.0,3,3,16,0,1.0,-3,-1.0,19,6.3,-1.0,0,,0,0.0,0.0,88.9,2022
4,5.0,2022-10-09,5.0,5.0,27.234,LAC,@,CLE,W 30-28,1,0,0,,0,0.0,0,0.0,0,,0,0,0,0,,0,,0,,,0,,0,0.0,,,2022
5,6.0,2022-10-17,6.0,6.0,27.242,LAC,,DEN,W 19-16,8,28,0,3.0,7,0.9,21,2.6,2,4.0,3,3,14,0,0.0,5,1.7,9,3.0,1.7,0,,0,0.0,0.0,86.1,2022
6,7.0,2022-10-23,7.0,7.0,27.248,LAC,,SEA,L 23-37,2,5,0,,3,1.5,2,1.0,0,,3,1,8,0,,0,0.0,8,8.0,1.7,0,,0,0.0,0.0,42.4,2022
7,8.0,2022-11-06,8.0,9.0,27.262,LAC,@,ATL,W 20-17,1,12,0,1.0,9,9.0,3,3.0,0,,1,0,0,0,0.0,0,,0,,4.0,0,,1,100.0,0.0,39.6,2022
8,9.0,2022-11-13,9.0,10.0,27.269,LAC,@,SFO,L 16-22,1,2,0,,1,1.0,1,1.0,0,,0,0,0,0,,0,,0,,,0,,0,0.0,,,2022
9,10.0,2022-11-20,10.0,11.0,27.276,LAC,,KAN,L 27-30,1,1,0,1.0,1,1.0,0,0.0,0,,0,0,0,0,0.0,0,,0,,,0,,0,0.0,,,2022
10,,10 Games,,,,,,,5-5-0,36,106,0,8.0,42,1.2,64,1.8,3,12.0,13,9,53,0,1.0,7,0.8,46,5.1,1.7,0,,2,15.4,1.0,44.7,2022
