,Rk,Date,G#,Week,Age,Tm,Unnamed: 6_level_1,Opp,Result,Int,Tgt,Cmp,Cmp%,Yds,Yds/Cmp,Yds/Tgt,TD,Rat,DADOT,Air,YAC,Bltz,Hrry,QBKD,Sk,Prss,Comb,MTkl,MTkl%,Year
0,1.0,2021-09-12,1.0,1.0,29.324,DEN,@,NYG,W 27-13,0,3,2,66.7%,17,8.5,5.7,0,81.2,8.0,17,0,0,0,0,0.0,0,2,0,0.0%,2021
1,2.0,2021-09-19,2.0,2.0,29.331,DEN,@,JAX,W 23-13,0,6,1,16.7%,5,5.0,0.8,0,39.6,10.5,2,3,2,0,0,0.0,0,3,0,0.0%,2021
2,3.0,2021-09-26,3.0,3.0,29.338,DEN,,NYJ,W 26-0,0,2,1,50.0%,22,22.0,11.0,0,89.6,12.5,21,1,0,0,0,0.0,0,1,0,0.0%,2021
3,4.0,2021-10-03,4.0,4.0,29.345,DEN,,BAL,L 7-23,0,3,0,0.0%,0,,0.0,0,39.6,19.3,0,0,1,0,0,0.0,0,1,0,0.0%,2021
4,5.0,2021-10-10,5.0,5.0,29.352,DEN,@,PIT,L 19-27,0,2,1,50.0%,1,1.0,0.5,0,56.2,9.5,0,1,0,0,0,0.0,0,3,0,0.0%,2021
5,6.0,2021-10-17,6.0,6.0,29.359,DEN,,LVR,L 24-34,0,5,4,80.0%,111,27.8,22.2,0,118.7,13.2,60,51,1,0,0,1.0,1,3,1,25.0%,2021
6,7.0,2021-10-21,7.0,7.0,29.363,DEN,@,CLE,L 14-17,0,3,3,100.0%,17,5.7,5.7,0,90.3,5.3,16,1,0,0,0,0.0,0,5,0,0.0%,2021
7,8.0,2021-10-31,8.0,8.0,30.008,DEN,,WAS,W 17-10,0,4,3,75.0%,48,16.0,12.0,1,154.2,14.3,28,20,0,0,0,0.0,0,3,0,0.0%,2021
8,9.0,2021-12-19,14.0,15.0,30.057,DEN,,CIN,L 10-15,0,4,3,75.0%,42,14.0,10.5,0,108.3,14.8,22,20,0,0,0,0.0,0,2,2,50.0%,2021
9,10.0,2021-12-26,15.0,16.0,30.064,DEN,@,LVR,L 13-17,0,2,1,50.0%,18,18.0,9.0,0,81.2,7.0,14,4,1,1,0,0.0,1,2,2,50.0%,2021
10,11.0,2022-01-08,17.0,18.0,30.077,DEN,,KAN,L 24-28,0,3,2,66.7%,15,7.5,5.0,0,78.5,5.3,10,5,0,0,0,0.0,0,4,1,20.0%,2021
11,,11 Games,,,,,,,4-7-0,0,37,21,56.8%,296,14.1,8.0,1,91.7,11.3,190,106,5,1,0,1.0,2,29,6,17.1%,2021
