,Rk,Date,G#,Week,Age,Tm,Unnamed: 6_level_1,Opp,Result,Att,Yds,TD,1D,YBC,YBC/Att,YAC,YAC/Att,BrkTkl,Att/Br,Tgt,Rec,Yds,TD,1D,YBC,YBC/R,YAC,YAC/R,ADOT,BrkTkl,Rec/Br,Drop,Drop%,Int,Rat
0,1.0,2021-09-12,1.0,1.0,28.152,DEN,@,NYG,W 27-13,11,101,1,2.0,79,7.2,22,2.0,0,,3,3,17,0,0.0,-2,-0.7,19,6.3,-0.7,0,,0,0.0,0.0,90.3
1,2.0,2021-09-19,2.0,2.0,28.159,DEN,@,JAX,W 23-13,13,31,0,2.0,19,1.5,12,0.9,0,,2,2,38,0,1.0,10,5.0,28,14.0,5.0,1,2.0,0,0.0,0.0,118.7
2,3.0,2021-09-26,3.0,3.0,28.166,DEN,,NYJ,W 26-0,18,60,1,4.0,30,1.7,30,1.7,3,6.0,2,1,21,0,1.0,-1,-1.0,22,22.0,-5.0,1,1.0,0,0.0,0.0,87.5
3,4.0,2021-10-03,4.0,4.0,28.173,DEN,,BAL,L 7-23,9,56,0,3.0,30,3.3,26,2.9,4,2.3,4,2,11,0,0.0,-4,-2.0,15,7.5,-0.8,2,1.0,0,0.0,0.0,56.2
4,5.0,2021-10-10,5.0,5.0,28.18,DEN,@,PIT,L 19-27,9,34,0,1.0,21,2.3,13,1.4,0,,2,2,9,0,1.0,9,4.5,0,0.0,4.5,0,,0,0.0,0.0,85.4
5,6.0,2021-10-17,6.0,6.0,28.187,DEN,,LVR,L 24-34,10,50,0,3.0,30,3.0,20,2.0,1,10.0,3,3,23,0,1.0,0,0.0,23,7.7,0.0,0,,0,0.0,0.0,98.6
6,7.0,2021-10-21,7.0,7.0,28.191,DEN,@,CLE,L 14-17,8,18,0,1.0,6,0.8,12,1.5,0,,3,2,14,1,1.0,4,2.0,10,5.0,1.3,0,,0,0.0,0.0,116.7
7,8.0,2021-10-31,8.0,8.0,28.201,DEN,,WAS,W 17-10,10,47,1,3.0,21,2.1,26,2.6,1,10.0,3,3,15,1,1.0,3,1.0,12,4.0,1.0,0,,0,0.0,0.0,127.1
8,9.0,2021-11-07,9.0,9.0,28.208,DEN,@,DAL,W 30-16,21,80,1,6.0,46,2.2,34,1.6,3,7.0,2,2,15,0,0.0,10,5.0,5,2.5,5.0,0,,0,0.0,0.0,97.9
9,10.0,2021-11-14,10.0,10.0,28.215,DEN,,PHI,L 13-30,9,45,1,3.0,19,2.1,26,2.9,0,,4,1,-2,0,0.0,-3,-3.0,1,1.0,-0.8,0,,2,50.0,0.0,39.6
10,11.0,2021-11-28,11.0,12.0,28.229,DEN,,LAC,W 28-13,17,83,0,4.0,43,2.5,40,2.4,1,17.0,2,1,5,0,0.0,-1,-1.0,6,6.0,-0.5,0,,0,0.0,0.0,56.2
11,12.0,2021-12-12,13.0,14.0,28.243,DEN,,DET,W 38-10,24,111,2,9.0,35,1.5,76,3.2,5,4.8,0,0,0,0,0.0,0,,0,,,0,,0,0.0,,
12,13.0,2021-12-19,14.0,15.0,28.25,DEN,,CIN,L 10-15,15,53,0,2.0,41,2.7,12,0.8,0,,1,1,8,0,1.0,3,3.0,5,5.0,3.0,0,,0,0.0,0.0,100.0
13,14.0,2021-12-26,15.0,16.0,28.257,DEN,@,LVR,L 13-17,7,-4,0,,-8,-1.1,4,0.6,0,,1,1,4,0,,-5,-5.0,9,9.0,-5.0,0,,0,0.0,0.0,83.3
14,15.0,2022-01-02,16.0,17.0,28.264,DEN,@,LAC,L 13-34,10,43,0,3.0,26,2.6,17,1.7,2,5.0,4,3,29,0,1.0,8,2.7,21,7.0,2.5,0,,1,25.0,0.0,94.8
15,16.0,2022-01-08,17.0,18.0,28.27,DEN,,KAN,L 24-28,12,110,1,2.0,24,2.0,86,7.2,0,,2,1,6,0,1.0,-4,-4.0,10,10.0,-6.5,0,,0,0.0,0.0,56.2
16,,16 Games,,,,,,,7-9-0,203,918,8,48.0,462,2.3,456,2.2,20,10.2,38,28,213,2,9.0,27,1.0,186,6.6,0.3,4,7.0,3,7.9,0.0,104.4
