,Rk,Date,G#,Week,Age,Tm,Unnamed: 6_level_1,Opp,Result,Int,Tgt,Cmp,Cmp%,Yds,Yds/Cmp,Yds/Tgt,TD,Rat,DADOT,Air,YAC,Bltz,Hrry,QBKD,Sk,Prss,Comb,MTkl,MTkl%,Year
0,1.0,2021-09-12,1.0,1.0,23.296,DEN,@,NYG,W 27-13,0,0,0,,0.0,,,0.0,,,0.0,0.0,0,0,0,0.0,0,0,0,,2021
1,2.0,2021-09-19,2.0,2.0,23.303,DEN,@,JAX,W 23-13,0,0,0,,0.0,,,0.0,,,0.0,0.0,0,0,0,0.0,0,0,0,,2021
2,3.0,2021-09-26,3.0,3.0,23.31,DEN,,NYJ,W 26-0,0,0,0,,0.0,,,0.0,,,0.0,0.0,0,0,0,0.0,0,0,0,,2021
3,4.0,2021-10-03,4.0,4.0,23.317,DEN,,BAL,L 7-23,0,0,0,,0.0,,,0.0,,,0.0,0.0,0,0,0,0.0,0,0,0,,2021
4,5.0,2021-10-10,5.0,5.0,23.324,DEN,@,PIT,L 19-27,0,0,0,,0.0,,,0.0,,,0.0,0.0,0,0,0,0.0,0,0,0,,2021
5,6.0,2021-10-17,6.0,6.0,23.331,DEN,,LVR,L 24-34,0,0,0,,0.0,,,0.0,,,0.0,0.0,0,0,0,0.0,0,2,0,0.0%,2021
6,7.0,2021-10-21,7.0,7.0,23.335,DEN,@,CLE,L 14-17,0,0,0,,0.0,,,0.0,,,0.0,0.0,0,0,0,0.0,0,0,0,,2021
7,8.0,2021-10-31,8.0,8.0,23.345,DEN,,WAS,W 17-10,0,0,0,,0.0,,,0.0,,,0.0,0.0,0,0,0,0.0,0,0,0,,2021
8,9.0,2021-11-14,10.0,10.0,23.359,DEN,,PHI,L 13-30,0,0,0,,0.0,,,0.0,,,0.0,0.0,0,0,0,0.0,0,0,0,,2021
9,10.0,2021-11-28,11.0,12.0,24.008,DEN,,LAC,W 28-13,0,0,0,,0.0,,,0.0,,,0.0,0.0,0,0,0,0.0,0,0,0,,2021
10,11.0,2021-12-05,12.0,13.0,24.015,DEN,@,KAN,L 9-22,0,0,0,,0.0,,,0.0,,,0.0,0.0,0,0,0,0.0,0,0,0,,2021
11,12.0,2021-12-12,13.0,14.0,24.022,DEN,,DET,W 38-10,0,0,0,,0.0,,,0.0,,,0.0,0.0,0,0,0,0.0,0,0,0,,2021
12,13.0,2021-12-19,14.0,15.0,24.029,DEN,,CIN,L 10-15,0,0,0,,0.0,,,0.0,,,0.0,0.0,0,0,0,0.0,0,0,0,,2021
13,14.0,2021-12-26,15.0,16.0,24.036,DEN,@,LVR,L 13-17,0,0,0,,0.0,,,0.0,,,0.0,0.0,0,0,0,0.0,0,0,0,,2021
14,15.0,2022-01-02,16.0,17.0,24.043,DEN,@,LAC,L 13-34,0,0,0,,0.0,,,0.0,,,0.0,0.0,0,0,0,0.0,0,0,0,,2021
15,16.0,2022-01-08,17.0,18.0,24.049,DEN,,KAN,L 24-28,0,0,0,,0.0,,,0.0,,,0.0,0.0,0,0,0,0.0,0,0,0,,2021
16,,16 Games,,,,,,,6-10-0,0,0,0,,,,,,,,,,0,0,0,0.0,0,2,0,0.0%,2021
