,Rk,Date,G#,Week,Age,Tm,Unnamed: 6_level_1,Opp,Result,Int,Tgt,Cmp,Cmp%,Yds,Yds/Cmp,Yds/Tgt,TD,Rat,DADOT,Air,YAC,Bltz,Hrry,QBKD,Sk,Prss,Comb,MTkl,MTkl%,Year
0,1.0,2020-09-13,1.0,1.0,23.058,JAX,,IND,W 27-20,0,3,3,100.0%,18,6.0,6.0,0,91.7,4.3,13,5,0,0,0,0.0,0,3.0,0,0.0%,2020
1,2.0,2020-09-20,2.0,2.0,23.065,JAX,@,TEN,L 30-33,0,0,0,,0,,,0,,,0,0,0,0,0,0.0,0,0.0,0,,2020
2,3.0,2020-09-24,3.0,3.0,23.069,JAX,,MIA,L 13-31,0,0,0,,0,,,0,,,0,0,0,0,0,,0,,0,,2020
3,4.0,2020-10-04,4.0,4.0,23.079,JAX,@,CIN,L 25-33,0,3,1,33.3%,15,15.0,5.0,0,50.7,20.3,14,1,0,0,0,0.0,0,8.0,1,11.1%,2020
4,5.0,2020-10-11,5.0,5.0,23.086,JAX,@,HOU,L 14-30,0,7,5,71.4%,128,25.6,18.3,1,153.3,14.4,86,42,1,0,0,0.0,0,5.0,1,16.7%,2020
5,6.0,2020-10-18,6.0,6.0,23.093,JAX,,DET,L 16-34,0,0,0,,0,,,0,,,0,0,0,0,0,0.0,0,0.0,0,,2020
6,7.0,2020-10-25,7.0,7.0,23.1,JAX,@,LAC,L 29-39,0,0,0,,0,,,0,,,0,0,0,0,0,,0,,0,,2020
7,8.0,2020-11-08,8.0,9.0,23.114,JAX,,HOU,L 25-27,0,1,1,100.0%,11,11.0,11.0,0,112.5,11.0,11,0,0,0,0,0.0,0,1.0,0,0.0%,2020
8,9.0,2020-11-15,9.0,10.0,23.121,JAX,@,GNB,L 20-24,0,1,1,100.0%,-3,-3.0,-3.0,0,79.2,-3.0,-3,0,0,0,0,0.0,0,1.0,0,0.0%,2020
9,10.0,2020-11-22,10.0,11.0,23.128,JAX,,PIT,L 3-27,0,10,8,80.0%,75,9.4,7.5,1,131.2,12.1,64,11,0,0,0,0.0,0,10.0,2,16.7%,2020
10,11.0,2020-12-20,14.0,15.0,23.156,JAX,@,BAL,L 14-40,0,2,2,100.0%,14,7.0,7.0,1,135.4,7.0,14,0,0,0,0,0.0,0,2.0,0,0.0%,2020
11,12.0,2020-12-27,15.0,16.0,23.163,JAX,,CHI,L 17-41,0,2,2,100.0%,19,9.5,9.5,0,106.2,6.0,12,7,0,0,0,0.0,0,2.0,0,0.0%,2020
12,13.0,2021-01-03,16.0,17.0,23.17,JAX,@,IND,L 14-28,0,5,3,60.0%,27,9.0,5.4,1,114.2,11.2,19,8,0,0,0,0.0,0,7.0,0,0.0%,2020
13,,13 Games,,,,,,,1-12-0,0,34,26,76.5%,304,11.7,8.9,4,142.3,11.4,230,74,1,0,0,0.0,0,39.0,4,9.3%,2020
