,Rk,Date,G#,Week,Age,Tm,Unnamed: 6_level_1,Opp,Result,Int,Tgt,Cmp,Cmp%,Yds,Yds/Cmp,Yds/Tgt,TD,Rat,DADOT,Air,YAC,Bltz,Hrry,QBKD,Sk,Prss,Comb,MTkl,MTkl%
0,1.0,2020-09-13,1.0,1.0,24.0,JAX,,IND,W 27-20,0,0,0,,0.0,,,0.0,,,0.0,0.0,0,0,0,,0,,0,
1,2.0,2020-09-20,2.0,2.0,24.007,JAX,@,TEN,L 30-33,0,0,0,,0.0,,,0.0,,,0.0,0.0,0,0,0,,0,,0,
2,3.0,2020-09-24,3.0,3.0,24.011,JAX,,MIA,L 13-31,0,0,0,,0.0,,,0.0,,,0.0,0.0,0,0,0,,0,,0,
3,4.0,2020-10-04,4.0,4.0,24.021,JAX,@,CIN,L 25-33,0,0,0,,0.0,,,0.0,,,0.0,0.0,0,0,0,,0,,0,
4,5.0,2020-10-11,5.0,5.0,24.028,JAX,@,HOU,L 14-30,0,0,0,,0.0,,,0.0,,,0.0,0.0,0,0,0,,0,,0,
5,6.0,2020-10-18,6.0,6.0,24.035,JAX,,DET,L 16-34,0,0,0,,0.0,,,0.0,,,0.0,0.0,0,0,0,,0,,0,
6,7.0,2020-10-25,7.0,7.0,24.042,JAX,@,LAC,L 29-39,0,0,0,,0.0,,,0.0,,,0.0,0.0,0,0,0,0.0,0,1.0,0,0.0%
7,8.0,2020-11-08,8.0,9.0,24.056,JAX,,HOU,L 25-27,0,0,0,,0.0,,,0.0,,,0.0,0.0,0,0,0,,0,,0,
8,9.0,2020-11-15,9.0,10.0,24.063,JAX,@,GNB,L 20-24,0,0,0,,0.0,,,0.0,,,0.0,0.0,0,0,0,,0,,0,
9,10.0,2020-11-22,10.0,11.0,24.07,JAX,,PIT,L 3-27,0,0,0,,0.0,,,0.0,,,0.0,0.0,0,0,0,,0,,0,
10,11.0,2020-11-29,11.0,12.0,24.077,JAX,,CLE,L 25-27,0,0,0,,0.0,,,0.0,,,0.0,0.0,0,0,0,,0,,0,
11,12.0,2020-12-06,12.0,13.0,24.084,JAX,@,MIN,L 24-27,0,0,0,,0.0,,,0.0,,,0.0,0.0,0,0,0,0.0,0,1.0,0,0.0%
12,13.0,2020-12-13,13.0,14.0,24.091,JAX,,TEN,L 10-31,0,0,0,,0.0,,,0.0,,,0.0,0.0,0,0,0,,0,,0,
13,14.0,2020-12-20,14.0,15.0,24.098,JAX,@,BAL,L 14-40,0,0,0,,0.0,,,0.0,,,0.0,0.0,0,0,0,,0,,0,
14,15.0,2020-12-27,15.0,16.0,24.105,JAX,,CHI,L 17-41,0,0,0,,0.0,,,0.0,,,0.0,0.0,0,0,0,,0,,0,
15,16.0,2021-01-03,16.0,17.0,24.112,JAX,@,IND,L 14-28,0,0,0,,0.0,,,0.0,,,0.0,0.0,0,0,0,,0,,0,
16,,16 Games,,,,,,,1-15-0,0,0,0,,,,,,,,,,0,0,0,0.0,0,2.0,0,0.0%
