,Rank,Player,Tackle,Assist,Sack,Pass Defended,Interception,Forced Fumble,Fumble Recovery,Defend Touchdown,Games Played,Fantasy Football Points,FTPS/Game,ROST,Position,Year
0,1,Prince Amukamara,8,0,0.0,2,1,2,0,0,1,28.0,28.0,0.0%,DB,2018
1,2,Bryce Callahan,4,1,1.0,2,1,0,0,0,1,21.3,21.3,0.0%,DB,2018
2,3,Kenny Moore,6,0,0.0,3,0,1,0,0,1,20.0,20.0,29.0%,DB,2018
3,4,T.J. Carrie,4,2,0.0,2,0,1,1,0,1,18.5,18.5,1.0%,DB,2018
4,5,Greg Stroman,5,0,0.0,1,1,1,0,0,1,18.0,18.0,0.5%,DB,2018
5,6,Ha Ha,8,0,0.0,1,0,0,1,0,1,17.5,17.5,0.0%,DB,2018
6,7,Stephon Gilmore,4,0,1.0,0,0,1,0,0,1,16.5,16.5,1.5%,DB,2018
7,8,Logan Ryan,5,1,1.0,1,0,0,0,0,1,16.3,16.3,1.3%,DB,2018
8,9,Jordan Poyer,3,3,1.0,0,0,0,0,0,1,13.3,13.3,26.4%,DB,2018
9,10,Rasul Douglas,6,2,0.0,0,0,0,0,0,1,13.0,13.0,8.5%,DB,2018
10,11,Malcolm Jenkins,5,2,0.0,0,0,1,0,0,1,13.0,13.0,15.0%,DB,2018
11,12,Eli Apple,3,0,0.0,2,1,0,0,0,1,12.5,12.5,0.0%,DB,2018
12,13,Jeff Heath,8,0,0.0,0,0,0,0,0,1,12.0,12.0,1.0%,DB,2018
13,14,Eddie Jackson,6,0,0.0,2,0,0,0,0,1,12.0,12.0,3.1%,DB,2018
14,15,Shawn Williams,6,4,0.0,0,0,0,0,0,1,12.0,12.0,10.0%,DB,2018
15,16,Derwin James,5,4,0.0,1,0,0,0,0,1,12.0,12.0,75.9%,DB,2018
16,17,Landon Collins,7,2,0.0,0,0,0,0,0,1,12.0,12.0,0.0%,DB,2018
17,18,Marcus Williams,3,1,0.0,1,1,0,0,0,1,11.8,11.8,7.1%,DB,2018
18,19,Antoine Bethea,5,0,0.0,0,0,1,0,0,1,11.5,11.5,28.0%,DB,2018
19,20,Jessie Bates,4,7,0.0,0,0,0,0,0,1,11.3,11.3,69.2%,DB,2018
20,21,Eric Reid,6,3,0.0,0,0,0,0,0,1,11.3,11.3,0.0%,DB,2018
21,22,Bene' Benwikere,6,3,0.0,0,0,0,0,0,1,11.3,11.3,0.0%,DB,2018
22,23,Jamal Adams,3,1,0.5,1,0,0,0,0,1,11.3,11.3,3.4%,DB,2018
23,24,Donte Jackson,4,0,0.0,0,0,0,0,0,1,11.0,11.0,4.1%,DB,2018
24,25,Richard Sherman,3,0,0.0,1,0,0,0,0,1,11.0,11.0,0.1%,DB,2018
25,26,Jaire Alexander,5,0,0.0,2,0,0,0,0,1,10.5,10.5,8.6%,DB,2018
26,27,T.J. McDonald,7,0,0.0,0,0,0,0,0,1,10.5,10.5,0.0%,DB,2018
27,28,Adrian Phillips,4,4,0.0,1,0,0,0,0,1,10.5,10.5,0.7%,DB,2018
28,29,Clayton Geathers,5,4,0.0,0,0,0,0,0,1,10.5,10.5,0.0%,DB,2018
29,30,K'Waun Williams,5,0,0.0,0,0,0,0,0,1,10.0,10.0,0.0%,DB,2018
30,31,Malik Hooker,4,0,0.0,0,0,0,1,0,1,10.0,10.0,3.8%,DB,2018
31,32,Bradley McDougald,5,0,0.0,0,0,0,0,0,1,10.0,10.0,0.0%,DB,2018
32,33,Justin Evans,4,5,0.0,0,0,0,0,0,1,9.8,9.8,0.4%,DB,2018
33,34,Morris Claiborne,1,3,0.0,4,0,0,0,0,1,9.8,9.8,0.0%,DB,2018
34,35,Raven Greene,1,0,1.0,1,0,0,0,0,1,9.5,9.5,0.0%,DB,2018
35,36,Ron Parker,2,0,1.0,0,0,0,0,0,1,9.5,9.5,0.0%,DB,2018
36,37,Marcus Gilchrist,1,2,0.0,1,1,0,0,0,1,9.5,9.5,0.0%,DB,2018
37,38,Steven Nelson,0,0,0.0,3,1,0,0,0,1,9.5,9.5,0.2%,DB,2018
38,39,Bashaud Breeland,2,0,0.0,1,1,0,0,0,1,9.5,9.5,1.0%,DB,2018
39,40,Damontae Kazee,1,2,0.0,1,1,0,0,0,1,9.5,9.5,1.6%,DB,2018
40,41,Fabian Moreau,6,0,0.0,0,0,0,0,0,1,9.0,9.0,0.0%,DB,2018
41,42,Xavier Woods,3,0,0.0,3,0,0,0,0,1,9.0,9.0,11.3%,DB,2018
42,43,Quincy Wilson,6,0,0.0,0,0,0,0,0,1,9.0,9.0,0.0%,DB,2018
43,44,Janoris Jenkins,5,0,0.0,1,0,0,0,0,1,9.0,9.0,1.0%,DB,2018
44,45,Kenny Vaccaro,3,2,0.0,0,0,0,0,0,1,8.5,8.5,4.0%,DB,2018
45,46,Carlton Davis,3,2,0.0,0,0,0,0,0,1,8.5,8.5,4.3%,DB,2018
46,47,Damarious Randall,4,0,0.0,0,0,0,0,0,1,8.5,8.5,0.0%,DB,2018
47,48,Curtis Riley,5,1,0.0,0,0,0,0,0,1,8.3,8.3,0.0%,DB,2018
48,49,James Bradberry,5,1,0.0,0,0,0,0,0,1,8.3,8.3,2.0%,DB,2018
49,50,Lamarcus Joyner,4,3,0.0,0,0,0,0,0,1,8.3,8.3,0.0%,DB,2018
50,51,Marcus Maye,4,1,0.0,1,0,0,0,0,1,8.3,8.3,2.0%,DB,2018
51,52,Eric Murray,5,1,0.0,0,0,0,0,0,1,8.3,8.3,0.2%,DB,2018
52,53,Coty Sensabaugh,4,1,0.0,1,0,0,0,0,1,8.3,8.3,0.0%,DB,2018
53,54,Josh Jackson,5,1,0.0,0,0,0,0,0,1,8.3,8.3,0.0%,DB,2018
54,55,Bobby McCain,5,1,0.0,0,0,0,0,0,1,8.3,8.3,0.0%,DB,2018
55,56,Briean Boddy-Calhoun,4,1,0.0,1,0,0,0,0,1,8.3,8.3,0.0%,DB,2018
56,57,Micah Hyde,0,2,0.0,1,1,0,0,0,1,8.0,8.0,1.2%,DB,2018
57,58,Josh Norman,1,0,0.0,1,1,0,0,0,1,8.0,8.0,3.0%,DB,2018
58,59,Glover Quin,5,0,0.0,0,0,0,0,0,1,7.5,7.5,0.0%,DB,2018
59,60,B.W. Webb,5,0,0.0,0,0,0,0,0,1,7.5,7.5,0.0%,DB,2018
60,61,Adoree' Jackson,3,0,0.0,2,0,0,0,0,1,7.5,7.5,1.2%,DB,2018
61,62,Jalen Ramsey,5,0,0.0,0,0,0,0,0,1,7.5,7.5,17.9%,DB,2018
62,63,Andrew Adams,4,0,0.0,1,0,0,0,0,1,7.5,7.5,4.0%,DB,2018
63,64,Jahleel Addae,4,2,0.0,0,0,0,0,0,1,7.5,7.5,0.0%,DB,2018
64,65,Nevin Lawson,5,0,0.0,0,0,0,0,0,1,7.5,7.5,0.0%,DB,2018
65,66,Josh Jones,5,0,0.0,0,0,0,0,0,1,7.5,7.5,0.0%,DB,2018
66,67,Shaq Griffin,4,0,0.0,1,0,0,0,0,1,7.5,7.5,1.2%,DB,2018
67,68,Danny Johnson,4,0,0.0,1,0,0,0,0,1,7.5,7.5,0.0%,DB,2018
68,69,Troy Hill,3,0,0.0,0,0,0,0,0,1,7.0,7.0,2.7%,DB,2018
69,70,Michael Davis,3,1,0.0,1,0,0,0,0,1,6.8,6.8,0.9%,DB,2018
70,71,Gareon Conley,3,3,0.0,0,0,0,0,0,1,6.8,6.8,0.0%,DB,2018
71,72,Jimmie Ward,4,1,0.0,0,0,0,0,0,1,6.8,6.8,9.7%,DB,2018
72,73,Delano Hill,4,1,0.0,0,0,0,0,0,1,6.8,6.8,0.0%,DB,2018
73,74,Dre Kirkpatrick,4,1,0.0,0,0,0,0,0,1,6.8,6.8,0.0%,DB,2018
74,75,Kevin Byard,3,1,0.0,1,0,0,0,0,1,6.8,6.8,29.1%,DB,2018
75,76,Daryl Worley,2,1,0.0,2,0,0,0,0,1,6.8,6.8,0.0%,DB,2018
76,77,Kendall Fuller,4,1,0.0,0,0,0,0,0,1,6.8,6.8,7.0%,DB,2018
77,78,Barry Church,4,1,0.0,0,0,0,0,0,1,6.8,6.8,2.0%,DB,2018
78,79,Mike Adams,3,3,0.0,0,0,0,0,0,1,6.8,6.8,0.4%,DB,2018
79,80,Xavien Howard,4,1,0.0,0,0,0,0,0,1,6.8,6.8,1.4%,DB,2018
80,81,Adrian Amos,1,1,0.0,0,0,0,1,0,1,6.3,6.3,0.2%,DB,2018
81,82,Captain Munnerlyn,1,1,0.0,1,0,0,0,0,1,6.3,6.3,0.0%,DB,2018
82,83,Patrick Peterson,4,0,0.0,0,0,0,0,0,1,6.0,6.0,0.9%,DB,2018
83,84,Corey Graham,2,2,0.0,1,0,0,0,0,1,6.0,6.0,0.0%,DB,2018
84,85,Robert Alford,3,2,0.0,0,0,0,0,0,1,6.0,6.0,0.0%,DB,2018
85,86,Devin McCourty,4,0,0.0,0,0,0,0,0,1,6.0,6.0,4.4%,DB,2018
86,87,Morgan Burnett,3,2,0.0,0,0,0,0,0,1,6.0,6.0,0.0%,DB,2018
87,88,Daniel Sorensen,2,4,0.0,0,0,0,0,0,1,6.0,6.0,0.0%,DB,2018
88,89,D.J. Swearinger,1,2,0.0,2,0,0,0,0,1,6.0,6.0,0.0%,DB,2018
89,90,Karl Joseph,4,0,0.0,0,0,0,0,0,1,6.0,6.0,0.0%,DB,2018
90,91,Reshad Jones,3,0,0.0,1,0,0,0,0,1,6.0,6.0,0.0%,DB,2018
91,92,Ronald Darby,3,2,0.0,0,0,0,0,0,1,6.0,6.0,2.3%,DB,2018
92,93,Isaiah Johnson,4,0,0.0,0,0,0,0,0,1,6.0,6.0,0.0%,DB,2018
93,94,John Johnson,3,2,0.0,0,0,0,0,0,1,6.0,6.0,0.0%,DB,2018
94,95,Buster Skrine,4,0,0.0,0,0,0,0,0,1,6.0,6.0,0.0%,DB,2018
95,96,Tedric Thompson,3,2,0.0,0,0,0,0,0,1,6.0,6.0,0.0%,DB,2018
96,97,Quandre Diggs,3,0,0.0,1,0,0,0,0,1,6.0,6.0,3.1%,DB,2018
97,98,Antone Exum,3,0,0.0,1,0,0,0,0,1,6.0,6.0,0.0%,DB,2018
98,99,Rashaan Gaulden,2,0,0.0,0,0,0,0,0,1,5.5,5.5,0.0%,DB,2018
99,100,Grant Haley,2,0,0.0,0,0,0,0,0,1,5.5,5.5,0.0%,DB,2018
100,101,Javien Elliott,2,0,0.0,0,0,0,0,0,1,5.5,5.5,0.0%,DB,2018
101,102,William Jackson,3,1,0.0,0,0,0,0,0,1,5.3,5.3,0.0%,DB,2018
102,103,Jordan Whitehead,3,1,0.0,0,0,0,0,0,1,5.3,5.3,16.9%,DB,2018
103,104,Orlando Scandrick,2,1,0.0,1,0,0,0,0,1,5.3,5.3,0.0%,DB,2018
104,105,Jabrill Peppers,3,1,0.0,0,0,0,0,0,1,5.3,5.3,10.4%,DB,2018
105,106,Tre Boston,3,1,0.0,0,0,0,0,0,1,5.3,5.3,1.0%,DB,2018
106,107,Malcolm Butler,3,1,0.0,0,0,0,0,0,1,5.3,5.3,0.0%,DB,2018
107,108,Pierre Desir,2,1,0.0,1,0,0,0,0,1,5.3,5.3,0.0%,DB,2018
108,109,Terrell Edmunds,3,1,0.0,0,0,0,0,0,1,5.3,5.3,1.1%,DB,2018
109,110,Ahkello Witherspoon,2,1,0.0,1,0,0,0,0,1,5.3,5.3,0.2%,DB,2018
110,111,Rafael Bush,2,3,0.0,0,0,0,0,0,1,5.3,5.3,0.0%,DB,2018
111,112,Sean Davis,3,1,0.0,0,0,0,0,0,1,5.3,5.3,0.0%,DB,2018
112,113,Jordan Richards,3,1,0.0,0,0,0,0,0,1,5.3,5.3,0.0%,DB,2018
113,114,Byron Jones,2,0,0.0,1,0,0,0,0,1,4.5,4.5,0.0%,DB,2018
114,115,Avonte Maddox,2,2,0.0,0,0,0,0,0,1,4.5,4.5,2.5%,DB,2018
115,116,Anthony Brown,3,0,0.0,0,0,0,0,0,1,4.5,4.5,0.0%,DB,2018
116,117,Brent Grimes,3,0,0.0,0,0,0,0,0,1,4.5,4.5,0.0%,DB,2018
117,118,Tony Brown,2,0,0.0,1,0,0,0,0,1,4.5,4.5,0.0%,DB,2018
118,119,Denzel Ward,2,0,0.0,1,0,0,0,0,1,4.5,4.5,5.2%,DB,2018
119,120,Duron Harmon,3,0,0.0,0,0,0,0,0,1,4.5,4.5,0.0%,DB,2018
120,121,Michael J.,2,0,0.0,1,0,0,0,0,1,4.5,4.5,0.0%,DB,2018
121,122,Justin Coleman,3,0,0.0,0,0,0,0,0,1,4.5,4.5,0.0%,DB,2018
122,123,Clayton Fejedelem,3,0,0.0,0,0,0,0,0,1,4.5,4.5,0.0%,DB,2018
123,124,Chidobe Awuzie,1,0,0.0,2,0,0,0,0,1,4.5,4.5,2.3%,DB,2018
124,125,Casey Hayward,2,0,0.0,1,0,0,0,0,1,4.5,4.5,0.0%,DB,2018
125,126,Patrick Chung,2,2,0.0,0,0,0,0,0,1,4.5,4.5,0.0%,DB,2018
126,127,Derrick Kindred,3,0,0.0,0,0,0,0,0,1,4.5,4.5,0.0%,DB,2018
127,128,Trumaine Johnson,3,0,0.0,0,0,0,0,0,1,4.5,4.5,0.0%,DB,2018
128,129,Desmond King,3,0,0.0,0,0,0,0,0,1,4.5,4.5,12.6%,DB,2018
129,130,Siran Neal,1,0,0.0,0,0,0,0,0,1,4.0,4.0,0.0%,DB,2018
130,131,Minkah Fitzpatrick,1,1,0.0,1,0,0,0,0,1,3.8,3.8,36.8%,DB,2018
131,132,Joe Haden,2,1,0.0,0,0,0,0,0,1,3.8,3.8,1.0%,DB,2018
132,133,Tashaun Gipson,2,1,0.0,0,0,0,0,0,1,3.8,3.8,0.4%,DB,2018
133,134,Budda Baker,2,1,0.0,0,0,0,0,0,1,3.8,3.8,36.6%,DB,2018
134,135,Marcus Peters,2,0,0.0,0,0,0,0,0,1,3.0,3.0,1.2%,DB,2018
135,136,Vonn Bell,2,0,0.0,0,0,0,0,0,1,3.0,3.0,5.5%,DB,2018
136,137,Tre'Davious White,2,0,0.0,0,0,0,0,0,1,3.0,3.0,5.5%,DB,2018
137,138,Tavon Wilson,2,0,0.0,0,0,0,0,0,1,3.0,3.0,0.0%,DB,2018
138,139,Tre Flowers,2,0,0.0,0,0,0,0,0,1,3.0,3.0,0.0%,DB,2018
139,140,Sherrick McManis,2,0,0.0,0,0,0,0,0,1,3.0,3.0,0.0%,DB,2018
140,141,Ken Crawley,1,0,0.0,1,0,0,0,0,1,3.0,3.0,0.0%,DB,2018
141,142,Taron Johnson,2,0,0.0,0,0,0,0,0,1,3.0,3.0,30.9%,DB,2018
142,143,Jason McCourty,2,0,0.0,0,0,0,0,0,1,3.0,3.0,0.0%,DB,2018
143,144,Rashaan Melvin,2,0,0.0,0,0,0,0,0,1,3.0,3.0,0.0%,DB,2018
144,145,Darius Phillips,2,0,0.0,0,0,0,0,0,1,3.0,3.0,0.0%,DB,2018
145,146,Nick Nelson,1,1,0.0,0,0,0,0,0,1,2.3,2.3,0.0%,DB,2018
146,147,Desmond Trufant,1,1,0.0,0,0,0,0,0,1,2.3,2.3,0.0%,DB,2018
147,148,Kentrell Brice,1,1,0.0,0,0,0,0,0,1,2.3,2.3,0.0%,DB,2018
148,149,Kemal Ishmael,1,1,0.0,0,0,0,0,0,1,2.3,2.3,0.0%,DB,2018
149,150,Levi Wallace,0,1,0.0,1,0,0,0,0,1,2.3,2.3,2.0%,DB,2018
150,151,Kyle Fuller,0,1,0.0,1,0,0,0,0,1,2.3,2.3,0.0%,DB,2018
151,152,Deon Bush,1,0,0.0,0,0,0,0,0,1,1.5,1.5,0.0%,DB,2018
152,153,Arthur Maulet,1,0,0.0,0,0,0,0,0,1,1.5,1.5,0.9%,DB,2018
153,154,Tramon Williams,1,0,0.0,0,0,0,0,0,1,1.5,1.5,0.0%,DB,2018
154,155,Artie Burns,1,0,0.0,0,0,0,0,0,1,1.5,1.5,0.4%,DB,2018
155,156,Josh Robinson,1,0,0.0,0,0,0,0,0,1,1.5,1.5,0.0%,DB,2018
156,157,Josh Harvey-Clemons,1,0,0.0,0,0,0,0,0,1,1.5,1.5,0.0%,DB,2018
157,158,Sharrod Neasman,1,0,0.0,0,0,0,0,0,1,1.5,1.5,0.0%,DB,2018
158,159,D.J. Hayden,1,0,0.0,0,0,0,0,0,1,1.5,1.5,0.0%,DB,2018
159,160,J.C. Jackson,1,0,0.0,0,0,0,0,0,1,1.5,1.5,1.2%,DB,2018
160,161,George Odum,1,0,0.0,0,0,0,0,0,1,1.5,1.5,0.5%,DB,2018
161,162,Nickell Robey-Coleman,1,0,0.0,0,0,0,0,0,1,1.5,1.5,0.0%,DB,2018
162,163,Erik Harris,1,0,0.0,0,0,0,0,0,1,1.5,1.5,0.4%,DB,2018
163,164,Jonathan Jones,1,0,0.0,0,0,0,0,0,1,1.5,1.5,1.9%,DB,2018
164,165,Chris Banjo,0,0,0.0,1,0,0,0,0,1,1.5,1.5,0.0%,DB,2018
165,166,Marqui Christian,1,0,0.0,0,0,0,0,0,1,1.5,1.5,0.0%,DB,2018
166,167,Tracy Walker,0,0,0.0,1,0,0,0,0,1,1.5,1.5,1.8%,DB,2018
167,168,KeiVarae Russell,0,2,0.0,0,0,0,0,0,1,1.5,1.5,0.0%,DB,2018
168,169,Ronnie Harrison,0,0,0.0,1,0,0,0,0,1,1.5,1.5,0.5%,DB,2018
169,170,DeShawn Shead,1,0,0.0,0,0,0,0,0,1,1.5,1.5,0.0%,DB,2018
170,171,P.J. Williams,1,0,0.0,0,0,0,0,0,1,1.5,1.5,0.0%,DB,2018
171,172,Tyler Patmon,1,0,0.0,0,0,0,0,0,1,1.5,1.5,0.0%,DB,2018
172,173,Colin Jones,1,0,0.0,0,0,0,0,0,1,1.5,1.5,5.0%,DB,2018
173,174,Jordan Dangerfield,1,0,0.0,0,0,0,0,0,1,1.5,1.5,0.0%,DB,2018
174,175,Deshazor Everett,1,0,0.0,0,0,0,0,0,1,1.5,1.5,0.0%,DB,2018
175,176,Sean Chandler,1,0,0.0,0,0,0,0,0,1,1.5,1.5,5.0%,DB,2018
176,177,Marshon Lattimore,0,1,0.0,0,0,0,0,0,1,0.8,0.8,6.2%,DB,2018
177,178,Brandon Wilson,0,1,0.0,0,0,0,0,0,1,0.8,0.8,0.0%,DB,2018
178,179,Mike Hilton,0,1,0.0,0,0,0,0,0,1,0.8,0.8,11.0%,DB,2018
179,180,Brian Poole,0,1,0.0,0,0,0,0,0,1,0.8,0.8,0.0%,DB,2018
180,181,Jourdan Lewis,0,1,0.0,0,0,0,0,0,1,0.8,0.8,2.0%,DB,2018
181,182,Ryan Lewis,0,1,0.0,0,0,0,0,0,1,0.8,0.8,0.0%,DB,2018
182,183,Jamar Taylor,0,0,0.0,0,0,0,0,0,1,0.0,0.0,0.0%,DB,2018
183,184,Cody Davis,0,0,0.0,0,0,0,0,0,1,0.0,0.0,0.0%,DB,2018
184,185,Brynden Trawick,0,0,0.0,0,0,0,0,0,1,0.0,0.0,0.0%,DB,2018
185,186,Ray-Ray Armstrong,0,0,0.0,0,0,0,0,0,1,0.0,0.0,0.0%,DB,2018
186,187,Justin Bethel,0,0,0.0,0,0,0,0,0,1,0.0,0.0,0.0%,DB,2018
187,188,Nate Ebner,0,0,0.0,0,0,0,0,0,1,0.0,0.0,0.0%,DB,2018
188,189,Rontez Miles,0,0,0.0,0,0,0,0,0,1,0.0,0.0,4.0%,DB,2018
189,190,Terrence Brooks,0,0,0.0,0,0,0,0,0,1,0.0,0.0,0.0%,DB,2018
190,191,Phillip Gaines,0,0,0.0,0,0,0,0,0,1,0.0,0.0,0.0%,DB,2018
191,192,Maurice Alexander,0,0,0.0,0,0,0,0,0,1,0.0,0.0,0.0%,DB,2018
192,193,Walt Aikens,0,0,0.0,0,0,0,0,0,1,0.0,0.0,0.0%,DB,2018
193,194,Sam Shields,0,0,0.0,0,0,0,0,0,1,0.0,0.0,6.0%,DB,2018
194,195,Brandon Williams,0,0,0.0,0,0,0,0,0,1,0.0,0.0,0.0%,DB,2018
195,196,Kendrick Lewis,0,0,0.0,0,0,0,0,0,1,0.0,0.0,0.0%,DB,2018
196,197,Kurt Coleman,0,0,0.0,0,0,0,0,0,1,0.0,0.0,0.0%,DB,2018
197,198,Reggie Nelson,0,0,0.0,0,0,0,0,0,1,0.0,0.0,0.0%,DB,2018
198,199,Leon Hall,0,0,0.0,0,0,0,0,0,1,0.0,0.0,0.0%,DB,2018
199,200,Cornell Armstrong,0,0,0.0,0,0,0,0,0,1,0.0,0.0,0.0%,DB,2018
200,201,Parry Nickerson,0,0,0.0,0,0,0,0,0,1,0.0,0.0,0.0%,DB,2018
201,202,Brandon Facyson,0,0,0.0,0,0,0,0,0,1,0.0,0.0,0.5%,DB,2018
202,203,Tremon Smith,0,0,0.0,0,0,0,0,0,1,0.0,0.0,5.0%,DB,2018
203,204,Isaiah Oliver,0,0,0.0,0,0,0,0,0,1,0.0,0.0,0.4%,DB,2018
204,205,D.J. Reed,0,0,0.0,0,0,0,0,0,1,0.0,0.0,10.1%,DB,2018
205,206,Charvarius Ward,0,0,0.0,0,0,0,0,0,1,0.0,0.0,30.2%,DB,2018
206,207,Chandon Sullivan,0,0,0.0,0,0,0,0,0,1,0.0,0.0,0.0%,DB,2018
207,208,Kevin Toliver,0,0,0.0,0,0,0,0,0,1,0.0,0.0,0.0%,DB,2018
208,209,Marcell Harris,0,0,0.0,0,0,0,0,0,1,0.0,0.0,0.0%,DB,2018
209,210,Tarvarius Moore,0,0,0.0,0,0,0,0,0,1,0.0,0.0,0.2%,DB,2018
210,211,Tre Herndon,0,0,0.0,0,0,0,0,0,1,0.0,0.0,0.2%,DB,2018
211,212,Justin Hardee,1,0,0.0,0,0,0,0,0,1,0.0,0.0,0.0%,DB,2018
212,213,Tre Sullivan,0,0,0.0,0,0,0,0,0,1,0.0,0.0,0.0%,DB,2018
213,214,Torry McTyer,0,0,0.0,0,0,0,0,0,1,0.0,0.0,0.0%,DB,2018
214,215,Greg Mabin,0,0,0.0,0,0,0,0,0,1,0.0,0.0,0.0%,DB,2018
215,216,Dominique Hatfield,0,0,0.0,0,0,0,0,0,1,0.0,0.0,0.0%,DB,2018
216,217,Lenzy Pipkins,0,0,0.0,0,0,0,0,0,1,0.0,0.0,0.0%,DB,2018
217,218,Tavierre Thomas,0,0,0.0,0,0,0,0,0,1,0.0,0.0,2.0%,DB,2018
218,219,Ezekiel Turner,0,0,0.0,0,0,0,0,0,1,0.0,0.0,0.2%,DB,2018
219,220,Darious Williams,0,0,0.0,0,0,0,0,0,1,0.0,0.0,10.5%,DB,2018
220,221,Adonis Alexander,0,0,0.0,0,0,0,0,0,1,0.0,0.0,0.0%,DB,2018
221,222,Jermaine Whitehead,0,0,0.0,0,0,0,0,0,1,0.0,0.0,3.0%,DB,2018
222,223,Akeem King,0,0,0.0,0,0,0,0,0,1,0.0,0.0,0.0%,DB,2018
223,224,Corey Moore,0,0,0.0,0,0,0,0,0,1,0.0,0.0,0.0%,DB,2018
224,225,Kyle Nelson,0,0,0.0,0,0,0,0,0,1,0.0,0.0,0.0%,DB,2018
225,226,Darius Philon,0,1,0.5,0,0,0,0,0,1,0.0,0.0,0.0%,DB,2018
226,227,Darryl Roberts,0,0,0.0,0,0,0,0,0,1,0.0,0.0,0.0%,DB,2018
227,228,Antonio Hamilton,0,0,0.0,0,0,0,0,0,1,0.0,0.0,0.7%,DB,2018
228,229,Kenneth Durden,0,0,0.0,0,0,0,0,0,1,0.0,0.0,0.0%,DB,2018
229,230,Charles Washington,0,0,0.0,0,0,0,0,0,1,0.0,0.0,0.0%,DB,2018
230,231,Montae Nicholson,0,0,0.0,0,0,0,0,0,1,0.0,0.0,0.0%,DB,2018
231,232,Rayshawn Jenkins,0,0,0.0,0,0,0,0,0,1,0.0,0.0,25.3%,DB,2018
232,233,Shalom Luani,0,0,0.0,0,0,0,0,0,1,0.0,0.0,0.0%,DB,2018
233,234,Elijah Lee,0,0,0.0,0,0,0,0,0,1,0.0,0.0,0.0%,DB,2018
234,235,Corn Elder,0,0,0.0,0,0,0,0,0,1,0.0,0.0,0.0%,DB,2018
235,236,Rudy Ford,0,0,0.0,0,0,0,0,0,1,0.0,0.0,4.0%,DB,2018
236,237,Jeff Richards,0,0,0.0,0,0,0,0,0,1,0.0,0.0,0.0%,DB,2018
237,238,Teez Tabor,0,0,0.0,0,0,0,0,0,1,0.0,0.0,0.0%,DB,2018
238,239,Cameron Sutton,0,0,0.0,0,0,0,0,0,1,0.0,0.0,0.2%,DB,2018
239,240,Jordan Lucas,0,0,0.0,0,0,0,0,0,1,0.0,0.0,0.0%,DB,2018
240,241,Cre'Von LeBlanc,0,0,0.0,0,0,0,0,0,1,0.0,0.0,0.0%,DB,2018
241,242,Jarrod Wilson,0,0,0.0,0,0,0,0,0,1,0.0,0.0,0.0%,DB,2018
242,243,LeShaun Sims,0,0,0.0,0,0,0,0,0,1,0.0,0.0,0.0%,DB,2018
243,244,Brandon King,0,0,0.0,0,0,0,0,0,1,0.0,0.0,0.0%,DB,2018
244,245,Darian Thompson,0,0,0.0,0,0,0,0,0,1,0.0,0.0,3.0%,DB,2018
245,246,Miles Killebrew,0,0,0.0,0,0,0,0,0,1,0.0,0.0,0.2%,DB,2018
246,247,Lafayette Pitts,0,0,0.0,0,0,0,0,0,1,0.0,0.0,0.0%,DB,2018
247,248,Chris Milton,0,0,0.0,0,0,0,0,0,1,0.0,0.0,0.0%,DB,2018
248,249,Tony McRae,0,0,0.0,0,0,0,0,0,1,0.0,0.0,0.0%,DB,2018
249,250,Kavon Frazier,0,0,0.0,0,0,0,0,0,1,0.0,0.0,0.0%,DB,2018
250,251,Blake Countess,0,0,0.0,0,0,0,0,0,1,0.0,0.0,0.0%,DB,2018
251,252,DeAndre Houston-Carson,0,0,0.0,0,0,0,0,0,1,0.0,0.0,0.0%,DB,2018
252,253,Ryan Smith,0,0,0.0,0,0,0,0,0,1,0.0,0.0,0.0%,DB,2018
253,254,De'Vante Harris,0,0,0.0,0,0,0,0,0,1,0.0,0.0,0.0%,DB,2018
