,Rank,Player,Tackle,Assist,Sack,Pass Defended,Interception,Forced Fumble,Fumble Recovery,Defend Touchdown,Games Played,Fantasy Football Points,FTPS/Game,ROST,Position,Year
0,1,D.J. Reed,10,2,1.0,0,0,1,0,0,1,32.0,32.0,10.1%,DB,2018
1,2,Mike Hilton,6,2,1.0,0,0,0,1,0,1,23.5,23.5,11.0%,DB,2018
2,3,Rasul Douglas,9,0,0.0,1,1,0,0,0,1,22.5,22.5,8.5%,DB,2018
3,4,Corey Graham,7,4,0.0,1,1,0,0,0,1,20.0,20.0,0.0%,DB,2018
4,5,Marshon Lattimore,5,0,0.0,2,1,1,0,0,1,19.5,19.5,6.2%,DB,2018
5,6,Darius Slay,2,1,0.0,3,1,0,0,1,1,19.3,19.3,10.0%,DB,2018
6,7,Damarious Randall,8,1,0.0,1,1,0,0,0,1,19.3,19.3,0.0%,DB,2018
7,8,Jaire Alexander,10,0,0.0,1,0,0,0,0,1,19.0,19.0,8.6%,DB,2018
8,9,Trumaine Johnson,3,1,0.0,2,2,0,0,0,1,18.3,18.3,0.0%,DB,2018
9,10,Kareem Jackson,9,2,0.0,2,0,0,0,0,1,18.0,18.0,0.7%,DB,2018
10,11,Bashaud Breeland,1,0,0.0,1,1,0,1,1,1,18.0,18.0,1.0%,DB,2018
11,12,Prince Amukamara,5,1,0.0,3,1,0,0,0,1,17.8,17.8,0.0%,DB,2018
12,13,John Johnson,5,1,0.0,1,1,0,0,0,1,17.3,17.3,0.0%,DB,2018
13,14,Jimmy Smith,10,1,0.0,1,0,0,0,0,1,17.3,17.3,0.0%,DB,2018
14,15,Curtis Riley,2,1,0.0,1,1,0,0,1,1,16.3,16.3,0.0%,DB,2018
15,16,Kenny Moore,6,1,1.0,0,0,0,0,0,1,16.3,16.3,29.0%,DB,2018
16,17,Holton Hill,7,1,0.0,3,0,0,0,0,1,15.8,15.8,0.0%,DB,2018
17,18,Logan Ryan,5,2,1.0,0,0,0,0,0,1,15.5,15.5,1.3%,DB,2018
18,19,Malcolm Jenkins,8,1,0.0,0,0,0,0,0,1,15.3,15.3,15.0%,DB,2018
19,20,Shaq Griffin,6,1,0.0,2,0,0,0,0,1,15.3,15.3,1.2%,DB,2018
20,21,Kendall Fuller,5,2,0.0,4,0,0,0,0,1,15.0,15.0,7.0%,DB,2018
21,22,Donte Jackson,8,2,0.0,1,0,0,0,0,1,15.0,15.0,4.1%,DB,2018
22,23,Budda Baker,4,0,0.0,0,0,1,1,0,1,14.0,14.0,36.6%,DB,2018
23,24,Marcell Harris,5,2,0.0,0,0,0,0,0,1,14.0,14.0,0.0%,DB,2018
24,25,Ronnie Harrison,5,0,0.0,1,1,0,0,0,1,14.0,14.0,0.5%,DB,2018
25,26,Bobby McCain,4,2,1.0,0,0,0,0,0,1,14.0,14.0,0.0%,DB,2018
26,27,Desmond Trufant,4,1,1.0,0,0,0,0,0,1,13.3,13.3,0.0%,DB,2018
27,28,Michael J.,3,3,0.0,1,1,0,0,0,1,13.3,13.3,0.0%,DB,2018
28,29,Clayton Geathers,6,3,0.0,1,0,0,0,0,1,12.8,12.8,0.0%,DB,2018
29,30,Tre Flowers,7,1,0.0,1,0,0,0,0,1,12.8,12.8,0.0%,DB,2018
30,31,Darian Stewart,4,0,0.0,1,1,0,0,0,1,12.5,12.5,0.0%,DB,2018
31,32,Eric Weddle,5,1,0.0,1,0,0,0,0,1,12.3,12.3,11.0%,DB,2018
32,33,Sherrick McManis,6,1,0.0,0,0,0,0,0,1,12.3,12.3,0.0%,DB,2018
33,34,Justin Reid,6,1,0.0,0,0,0,0,0,1,12.3,12.3,33.4%,DB,2018
34,35,Jahleel Addae,7,2,0.0,0,0,0,0,0,1,12.0,12.0,0.0%,DB,2018
35,36,Morris Claiborne,8,0,0.0,0,0,0,0,0,1,12.0,12.0,0.0%,DB,2018
36,37,Kyle Fuller,3,1,0.0,1,1,0,0,0,1,11.8,11.8,0.0%,DB,2018
37,38,Nickell Robey-Coleman,2,1,0.0,2,1,0,0,0,1,11.8,11.8,0.0%,DB,2018
38,39,Justin Coleman,1,0,0.0,0,0,0,1,1,1,11.5,11.5,0.0%,DB,2018
39,40,Antoine Bethea,7,1,0.0,0,0,0,0,0,1,11.3,11.3,28.0%,DB,2018
40,41,Marcus Peters,3,0,0.0,1,1,0,0,0,1,11.0,11.0,1.2%,DB,2018
41,42,Eddie Jackson,1,0,0.0,3,1,0,0,0,1,11.0,11.0,3.1%,DB,2018
42,43,T.J. McDonald,6,2,0.0,0,0,0,0,0,1,10.5,10.5,0.0%,DB,2018
43,44,Anthony Harris,6,2,0.0,0,0,0,0,0,1,10.5,10.5,0.0%,DB,2018
44,45,Lamarcus Joyner,7,0,0.0,0,0,0,0,0,1,10.5,10.5,0.0%,DB,2018
45,46,Ha Ha,5,2,0.0,1,0,0,0,0,1,10.5,10.5,0.0%,DB,2018
46,47,Rashaan Melvin,7,0,0.0,0,0,0,0,0,1,10.5,10.5,0.0%,DB,2018
47,48,Kevin Byard,2,1,1.0,0,0,0,0,0,1,10.3,10.3,29.1%,DB,2018
48,49,Sean Chandler,2,1,1.0,0,0,0,0,0,1,10.3,10.3,5.0%,DB,2018
49,50,Chuck Clark,2,1,0.0,1,1,0,0,0,1,10.3,10.3,6.4%,DB,2018
50,51,Jalen Ramsey,5,0,0.0,0,0,0,0,0,1,10.0,10.0,17.9%,DB,2018
51,52,Adrian Phillips,4,0,0.0,1,0,0,0,0,1,10.0,10.0,0.7%,DB,2018
52,53,Janoris Jenkins,4,0,0.0,1,0,0,0,0,1,10.0,10.0,1.0%,DB,2018
53,54,Bradley Roby,4,0,0.0,0,0,1,0,0,1,10.0,10.0,0.0%,DB,2018
54,55,Tony Brown,3,2,0.0,0,0,1,0,0,1,10.0,10.0,0.0%,DB,2018
55,56,Tyrann Mathieu,5,1,0.0,1,0,0,0,0,1,9.8,9.8,10.0%,DB,2018
56,57,Minkah Fitzpatrick,6,1,0.0,0,0,0,0,0,1,9.8,9.8,36.8%,DB,2018
57,58,Derwin James,6,1,0.0,0,0,0,0,0,1,9.8,9.8,75.9%,DB,2018
58,59,David Amerson,6,1,0.0,0,0,0,0,0,1,9.8,9.8,0.0%,DB,2018
59,60,Levi Wallace,5,1,0.0,1,0,0,0,0,1,9.8,9.8,2.0%,DB,2018
60,61,Captain Munnerlyn,2,0,1.0,0,0,0,0,0,1,9.5,9.5,0.0%,DB,2018
61,62,Buster Skrine,4,1,0.0,0,0,0,0,0,1,9.3,9.3,0.0%,DB,2018
62,63,Devin McCourty,5,2,0.0,0,0,0,0,0,1,9.0,9.0,4.4%,DB,2018
63,64,Malcolm Butler,4,0,0.0,2,0,0,0,0,1,9.0,9.0,0.0%,DB,2018
64,65,Jordan Poyer,6,0,0.0,0,0,0,0,0,1,9.0,9.0,26.4%,DB,2018
65,66,Quandre Diggs,4,0,0.0,0,0,0,0,0,1,8.5,8.5,3.1%,DB,2018
66,67,Adoree' Jackson,4,1,0.0,1,0,0,0,0,1,8.3,8.3,1.2%,DB,2018
67,68,Justin Simmons,5,1,0.0,0,0,0,0,0,1,8.3,8.3,11.6%,DB,2018
68,69,Michael Davis,5,1,0.0,0,0,0,0,0,1,8.3,8.3,0.9%,DB,2018
69,70,Jessie Bates,4,3,0.0,0,0,0,0,0,1,8.3,8.3,69.2%,DB,2018
70,71,T.J. Carrie,3,1,0.0,2,0,0,0,0,1,8.3,8.3,1.0%,DB,2018
71,72,Terrell Edmunds,4,3,0.0,0,0,0,0,0,1,8.3,8.3,1.1%,DB,2018
72,73,Harrison Smith,4,3,0.0,0,0,0,0,0,1,8.3,8.3,18.9%,DB,2018
73,74,Glover Quin,5,1,0.0,0,0,0,0,0,1,8.3,8.3,0.0%,DB,2018
74,75,Andre Hal,0,0,0.0,2,1,0,0,0,1,8.0,8.0,0.0%,DB,2018
75,76,Brian Poole,4,2,0.0,0,0,0,0,0,1,7.5,7.5,0.0%,DB,2018
76,77,Aqib Talib,5,0,0.0,0,0,0,0,0,1,7.5,7.5,0.0%,DB,2018
77,78,Shawn Williams,4,2,0.0,0,0,0,0,0,1,7.5,7.5,10.0%,DB,2018
78,79,Josh Jones,4,2,0.0,0,0,0,0,0,1,7.5,7.5,0.0%,DB,2018
79,80,Gareon Conley,2,2,0.0,2,0,0,0,0,1,7.5,7.5,0.0%,DB,2018
80,81,Reshad Jones,3,2,0.0,1,0,0,0,0,1,7.5,7.5,0.0%,DB,2018
81,82,Richard Sherman,5,0,0.0,0,0,0,0,0,1,7.5,7.5,0.1%,DB,2018
82,83,William Jackson,3,0,0.0,2,0,0,0,0,1,7.5,7.5,0.0%,DB,2018
83,84,Erik Harris,3,4,0.0,0,0,0,0,0,1,7.5,7.5,0.4%,DB,2018
84,85,Josh Norman,1,0,0.0,2,0,0,0,0,1,7.0,7.0,3.0%,DB,2018
85,86,Jeff Heath,3,0,0.0,0,0,0,0,0,1,7.0,7.0,1.0%,DB,2018
86,87,Tashaun Gipson,2,2,0.0,0,0,0,0,0,1,7.0,7.0,0.4%,DB,2018
87,88,Eric Reid,2,2,0.0,0,0,0,0,0,1,7.0,7.0,0.0%,DB,2018
88,89,Josh Shaw,3,0,0.0,0,0,0,0,0,1,7.0,7.0,0.0%,DB,2018
89,90,Isaiah Oliver,3,1,0.0,1,0,0,0,0,1,6.8,6.8,0.4%,DB,2018
90,91,Brandon Carr,4,1,0.0,0,0,0,0,0,1,6.8,6.8,0.0%,DB,2018
91,92,Joe Haden,3,3,0.0,0,0,0,0,0,1,6.8,6.8,1.0%,DB,2018
92,93,A.J. Bouye,4,1,0.0,0,0,0,0,0,1,6.8,6.8,0.0%,DB,2018
93,94,Kenny Vaccaro,3,1,0.0,1,0,0,0,0,1,6.8,6.8,4.0%,DB,2018
94,95,Briean Boddy-Calhoun,4,1,0.0,0,0,0,0,0,1,6.8,6.8,0.0%,DB,2018
95,96,Terrance Mitchell,4,1,0.0,0,0,0,0,0,1,6.8,6.8,0.0%,DB,2018
96,97,Grant Haley,4,1,0.0,0,0,0,0,0,1,6.8,6.8,0.0%,DB,2018
97,98,Andrew Adams,4,1,0.0,0,0,0,0,0,1,6.8,6.8,4.0%,DB,2018
98,99,Eli Apple,2,1,0.0,2,0,0,0,0,1,6.8,6.8,0.0%,DB,2018
99,100,Marcus Williams,4,1,0.0,0,0,0,0,0,1,6.8,6.8,7.1%,DB,2018
100,101,Damontae Kazee,4,1,0.0,0,0,0,0,0,1,6.8,6.8,1.6%,DB,2018
101,102,Marcus Gilchrist,4,1,0.0,0,0,0,0,0,1,6.8,6.8,0.0%,DB,2018
102,103,Chidobe Awuzie,3,1,0.0,1,0,0,0,0,1,6.8,6.8,2.3%,DB,2018
103,104,Elijah Lee,3,1,0.0,1,0,0,0,0,1,6.8,6.8,0.0%,DB,2018
104,105,Sidney Jones,3,1,0.0,1,0,0,0,0,1,6.8,6.8,0.0%,DB,2018
105,106,Sharrod Neasman,2,1,0.0,0,0,0,0,0,1,6.3,6.3,0.0%,DB,2018
106,107,Jamal Adams,1,1,0.0,0,0,0,1,0,1,6.3,6.3,3.4%,DB,2018
107,108,Darqueze Dennard,3,0,0.0,1,0,0,0,0,1,6.0,6.0,0.0%,DB,2018
108,109,Vonn Bell,4,0,0.0,0,0,0,0,0,1,6.0,6.0,5.5%,DB,2018
109,110,Bradley McDougald,2,0,0.0,2,0,0,0,0,1,6.0,6.0,0.0%,DB,2018
110,111,Tedric Thompson,3,2,0.0,0,0,0,0,0,1,6.0,6.0,0.0%,DB,2018
111,112,Coty Sensabaugh,4,0,0.0,0,0,0,0,0,1,6.0,6.0,0.0%,DB,2018
112,113,Robert Alford,4,0,0.0,0,0,0,0,0,1,6.0,6.0,0.0%,DB,2018
113,114,Marlon Humphrey,3,2,0.0,0,0,0,0,0,1,6.0,6.0,4.8%,DB,2018
114,115,Ron Parker,4,0,0.0,0,0,0,0,0,1,6.0,6.0,0.0%,DB,2018
115,116,Sean Davis,3,2,0.0,0,0,0,0,0,1,6.0,6.0,0.0%,DB,2018
116,117,De'Vante Bausby,4,0,0.0,0,0,0,0,0,1,6.0,6.0,0.0%,DB,2018
117,118,Jason McCourty,4,0,0.0,0,0,0,0,0,1,6.0,6.0,0.0%,DB,2018
118,119,Steven Nelson,3,0,0.0,1,0,0,0,0,1,6.0,6.0,0.2%,DB,2018
119,120,Josh Jackson,2,0,0.0,2,0,0,0,0,1,6.0,6.0,0.0%,DB,2018
120,121,Bryce Callahan,2,0,0.0,0,0,0,0,0,1,5.5,5.5,0.0%,DB,2018
121,122,Marcus Cooper,1,0,0.0,0,0,1,0,0,1,5.5,5.5,0.0%,DB,2018
122,123,Jamar Taylor,1,0,0.0,0,0,1,0,0,1,5.5,5.5,0.0%,DB,2018
123,124,Nevin Lawson,3,1,0.0,0,0,0,0,0,1,5.3,5.3,0.0%,DB,2018
124,125,Kentrell Brice,3,1,0.0,0,0,0,0,0,1,5.3,5.3,0.0%,DB,2018
125,126,Cre'Von LeBlanc,3,1,0.0,0,0,0,0,0,1,5.3,5.3,0.0%,DB,2018
126,127,KeiVarae Russell,3,1,0.0,0,0,0,0,0,1,5.3,5.3,0.0%,DB,2018
127,128,Torry McTyer,2,1,0.0,1,0,0,0,0,1,5.3,5.3,0.0%,DB,2018
128,129,Pierre Desir,2,1,0.0,1,0,0,0,0,1,5.3,5.3,0.0%,DB,2018
129,130,Orlando Scandrick,2,1,0.0,1,0,0,0,0,1,5.3,5.3,0.0%,DB,2018
130,131,Brent Grimes,3,1,0.0,0,0,0,0,0,1,5.3,5.3,0.0%,DB,2018
131,132,Jordan Whitehead,2,1,0.0,1,0,0,0,0,1,5.3,5.3,16.9%,DB,2018
132,133,Tre'Davious White,3,1,0.0,0,0,0,0,0,1,5.3,5.3,5.5%,DB,2018
133,134,Anthony Brown,1,0,0.0,2,0,0,0,0,1,4.5,4.5,0.0%,DB,2018
134,135,Karl Joseph,1,2,0.0,1,0,0,0,0,1,4.5,4.5,0.0%,DB,2018
135,136,Morgan Burnett,1,2,0.0,1,0,0,0,0,1,4.5,4.5,0.0%,DB,2018
136,137,P.J. Williams,2,0,0.0,1,0,0,0,0,1,4.5,4.5,0.0%,DB,2018
137,138,Fabian Moreau,2,2,0.0,0,0,0,0,0,1,4.5,4.5,0.0%,DB,2018
138,139,Johnathan Joseph,2,0,0.0,1,0,0,0,0,1,4.5,4.5,0.0%,DB,2018
139,140,Greg Stroman,2,0,0.0,1,0,0,0,0,1,4.5,4.5,0.5%,DB,2018
140,141,Tre Sullivan,3,0,0.0,0,0,0,0,0,1,4.5,4.5,0.0%,DB,2018
141,142,Patrick Chung,2,2,0.0,0,0,0,0,0,1,4.5,4.5,0.0%,DB,2018
142,143,DeShawn Shead,3,0,0.0,0,0,0,0,0,1,4.5,4.5,0.0%,DB,2018
143,144,Antone Exum,3,0,0.0,0,0,0,0,0,1,4.5,4.5,0.0%,DB,2018
144,145,D.J. Hayden,3,0,0.0,0,0,0,0,0,1,4.5,4.5,0.0%,DB,2018
145,146,Jonathan Jones,1,1,0.5,0,0,0,0,0,1,4.3,4.3,1.9%,DB,2018
146,147,Rafael Bush,2,1,0.0,0,0,0,0,0,1,3.8,3.8,0.0%,DB,2018
147,148,James Bradberry,2,1,0.0,0,0,0,0,0,1,3.8,3.8,2.0%,DB,2018
148,149,Xavier Woods,2,1,0.0,0,0,0,0,0,1,3.8,3.8,11.3%,DB,2018
149,150,Tre Boston,2,1,0.0,0,0,0,0,0,1,3.8,3.8,1.0%,DB,2018
150,151,Desmond King,2,1,0.0,0,0,0,0,0,1,3.8,3.8,12.6%,DB,2018
151,152,Ahkello Witherspoon,1,3,0.0,0,0,0,0,0,1,3.8,3.8,0.2%,DB,2018
152,153,Ryan Smith,1,3,0.0,0,0,0,0,0,1,3.8,3.8,0.0%,DB,2018
153,154,D.J. Swearinger,1,3,0.0,0,0,0,0,0,1,3.8,3.8,0.0%,DB,2018
154,155,Shareece Wright,1,1,0.0,1,0,0,0,0,1,3.8,3.8,0.0%,DB,2018
155,156,George Odum,2,0,0.0,0,0,0,0,0,1,3.0,3.0,0.5%,DB,2018
156,157,Darryl Roberts,1,0,0.0,1,0,0,0,0,1,3.0,3.0,0.0%,DB,2018
157,158,Josh Harvey-Clemons,2,0,0.0,0,0,0,0,0,1,3.0,3.0,0.0%,DB,2018
158,159,Jordan Richards,2,0,0.0,0,0,0,0,0,1,3.0,3.0,0.0%,DB,2018
159,160,Casey Hayward,2,0,0.0,0,0,0,0,0,1,3.0,3.0,0.0%,DB,2018
160,161,Daniel Sorensen,1,2,0.0,0,0,0,0,0,1,3.0,3.0,0.0%,DB,2018
161,162,Anthony Levine,2,0,0.0,0,0,0,0,0,1,3.0,3.0,7.0%,DB,2018
162,163,Stephon Gilmore,1,0,0.0,1,0,0,0,0,1,3.0,3.0,1.5%,DB,2018
163,164,Adrian Amos,2,0,0.0,0,0,0,0,0,1,3.0,3.0,0.2%,DB,2018
164,165,Byron Jones,2,0,0.0,0,0,0,0,0,1,3.0,3.0,0.0%,DB,2018
165,166,Mike Ford,2,0,0.0,0,0,0,0,0,1,3.0,3.0,0.0%,DB,2018
166,167,Javien Elliott,2,0,0.0,0,0,0,0,0,1,3.0,3.0,0.0%,DB,2018
167,168,Micah Hyde,2,0,0.0,0,0,0,0,0,1,3.0,3.0,1.2%,DB,2018
168,169,Anthony Averett,2,0,0.0,0,0,0,0,0,1,3.0,3.0,0.0%,DB,2018
169,170,Patrick Peterson,2,0,0.0,0,0,0,0,0,1,3.0,3.0,0.9%,DB,2018
170,171,Tracy Walker,2,0,0.0,0,0,0,0,0,1,3.0,3.0,1.8%,DB,2018
171,172,Jabrill Peppers,2,0,0.0,0,0,0,0,0,1,3.0,3.0,10.4%,DB,2018
172,173,Duron Harmon,2,0,0.0,0,0,0,0,0,1,3.0,3.0,0.0%,DB,2018
173,174,Rashard Robinson,1,1,0.0,0,0,0,0,0,1,2.3,2.3,0.0%,DB,2018
174,175,Derrick Kindred,1,1,0.0,0,0,0,0,0,1,2.3,2.3,0.0%,DB,2018
175,176,Malik Hooker,1,0,0.0,0,0,0,0,0,1,1.5,1.5,3.8%,DB,2018
176,177,Tavon Young,1,0,0.0,0,0,0,0,0,1,1.5,1.5,1.0%,DB,2018
177,178,Mackensie Alexander,1,0,0.0,0,0,0,0,0,1,1.5,1.5,0.0%,DB,2018
178,179,Will Parks,1,0,0.0,0,0,0,0,0,1,1.5,1.5,0.0%,DB,2018
179,180,LeShaun Sims,1,0,0.0,0,0,0,0,0,1,1.5,1.5,0.0%,DB,2018
180,181,Xavier Rhodes,1,0,0.0,0,0,0,0,0,1,1.5,1.5,0.0%,DB,2018
181,182,Nick Nelson,1,0,0.0,0,0,0,0,0,1,1.5,1.5,0.0%,DB,2018
182,183,Eddie Pleasant,1,0,0.0,0,0,0,0,0,1,1.5,1.5,0.0%,DB,2018
183,184,Deshazor Everett,1,0,0.0,0,0,0,0,0,1,1.5,1.5,0.0%,DB,2018
184,185,Darius Phillips,1,0,0.0,0,0,0,0,0,1,1.5,1.5,0.0%,DB,2018
185,186,Daryl Worley,0,0,0.0,1,0,0,0,0,1,1.5,1.5,0.0%,DB,2018
186,187,Marqui Christian,1,0,0.0,0,0,0,0,0,1,1.5,1.5,0.0%,DB,2018
187,188,Dymonte Thomas,1,0,0.0,0,0,0,0,0,1,1.5,1.5,0.0%,DB,2018
188,189,Isaac Yiadom,0,0,0.0,1,0,0,0,0,1,1.5,1.5,0.0%,DB,2018
189,190,Clayton Fejedelem,1,0,0.0,0,0,0,0,0,1,1.5,1.5,0.0%,DB,2018
190,191,Mike Adams,0,1,0.0,0,0,0,0,0,1,0.8,0.8,0.4%,DB,2018
191,192,Shamarko Thomas,0,0,0.0,0,0,0,0,0,1,0.0,0.0,0.0%,DB,2018
192,193,B.W. Webb,0,0,0.0,0,0,0,0,0,1,0.0,0.0,0.0%,DB,2018
193,194,Johnson Bademosi,0,0,0.0,0,0,0,0,0,1,0.0,0.0,0.0%,DB,2018
194,195,Aaron Colvin,0,0,0.0,0,0,0,0,0,1,0.0,0.0,0.0%,DB,2018
195,196,Cody Davis,0,0,0.0,0,0,0,0,0,1,0.0,0.0,0.0%,DB,2018
196,197,Kemal Ishmael,0,0,0.0,0,0,0,0,0,1,0.0,0.0,0.0%,DB,2018
197,198,Ray-Ray Armstrong,0,0,0.0,0,0,0,0,0,1,0.0,0.0,0.0%,DB,2018
198,199,Brynden Trawick,0,0,0.0,0,0,0,0,0,1,0.0,0.0,0.0%,DB,2018
199,200,Chris Banjo,0,0,0.0,0,0,0,0,0,1,0.0,0.0,0.0%,DB,2018
200,201,Maurice Alexander,0,0,0.0,0,0,0,0,0,1,0.0,0.0,0.0%,DB,2018
201,202,Marcus Sherels,0,0,0.0,0,0,0,0,0,1,0.0,0.0,0.0%,DB,2018
202,203,Justin Bethel,0,0,0.0,0,0,0,0,0,1,0.0,0.0,0.0%,DB,2018
203,204,Nate Ebner,0,0,0.0,0,0,0,0,0,1,0.0,0.0,0.0%,DB,2018
204,205,Tavon Wilson,0,0,0.0,0,0,0,0,0,1,0.0,0.0,0.0%,DB,2018
205,206,George Iloka,0,0,0.0,0,0,0,0,0,1,0.0,0.0,0.0%,DB,2018
206,207,Leonard Johnson,0,0,0.0,0,0,0,0,0,1,0.0,0.0,0.0%,DB,2018
207,208,Josh Robinson,0,0,0.0,0,0,0,0,0,1,0.0,0.0,0.0%,DB,2018
208,209,Neiko Thorpe,0,0,0.0,0,0,0,0,0,1,0.0,0.0,0.0%,DB,2018
209,210,Tyler Patmon,0,0,0.0,0,0,0,0,0,1,0.0,0.0,0.0%,DB,2018
210,211,Terrence Brooks,0,0,0.0,0,0,0,0,0,1,0.0,0.0,0.0%,DB,2018
211,212,Jordan Dangerfield,0,0,0.0,0,0,0,0,0,1,0.0,0.0,0.0%,DB,2018
212,213,Walt Aikens,0,0,0.0,0,0,0,0,0,1,0.0,0.0,0.0%,DB,2018
213,214,Bene' Benwikere,0,0,0.0,0,0,0,0,0,1,0.0,0.0,0.0%,DB,2018
214,215,Rontez Miles,0,0,0.0,0,0,0,0,0,1,0.0,0.0,4.0%,DB,2018
215,216,Charles Clay,0,0,0.0,0,0,0,0,0,1,0.0,0.0,0.0%,DB,2018
216,217,Colin Jones,0,0,0.0,0,0,0,0,0,1,0.0,0.0,5.0%,DB,2018
217,218,Sam Shields,0,0,0.0,0,0,0,0,0,1,0.0,0.0,6.0%,DB,2018
218,219,Brandon Williams,0,0,0.0,0,0,0,0,0,1,0.0,0.0,0.0%,DB,2018
219,220,Kendrick Lewis,0,0,0.0,0,0,0,0,0,1,0.0,0.0,0.0%,DB,2018
220,221,Kurt Coleman,0,0,0.0,0,0,0,0,0,1,0.0,0.0,0.0%,DB,2018
221,222,Tramon Williams,0,0,0.0,0,0,0,0,0,1,0.0,0.0,0.0%,DB,2018
222,223,M.J. Stewart,0,0,0.0,0,0,0,0,0,1,0.0,0.0,4.0%,DB,2018
223,224,Siran Neal,0,0,0.0,0,0,0,0,0,1,0.0,0.0,0.0%,DB,2018
224,225,Cornell Armstrong,0,0,0.0,0,0,0,0,0,1,0.0,0.0,0.0%,DB,2018
225,226,Parry Nickerson,0,0,0.0,0,0,0,0,0,1,0.0,0.0,0.0%,DB,2018
226,227,Quenton Meeks,0,0,0.0,0,0,0,0,0,1,0.0,0.0,0.0%,DB,2018
227,228,Tremon Smith,0,0,0.0,0,0,0,0,0,1,0.0,0.0,5.0%,DB,2018
228,229,Rashaan Gaulden,0,0,0.0,0,0,0,0,0,1,0.0,0.0,0.0%,DB,2018
229,230,Kamrin Moore,0,0,0.0,0,0,0,0,0,1,0.0,0.0,0.0%,DB,2018
230,231,Tarvarius Moore,0,0,0.0,0,0,0,0,0,1,0.0,0.0,0.2%,DB,2018
231,232,Davontae Harris,0,0,0.0,0,0,0,0,0,1,0.0,0.0,0.0%,DB,2018
232,233,Brandon Facyson,0,0,0.0,0,0,0,0,0,1,0.0,0.0,0.5%,DB,2018
233,234,J.C. Jackson,0,0,0.0,0,0,0,0,0,1,0.0,0.0,1.2%,DB,2018
234,235,Kevin Toliver,0,0,0.0,0,0,0,0,0,1,0.0,0.0,0.0%,DB,2018
235,236,Charvarius Ward,0,0,0.0,0,0,0,0,0,1,0.0,0.0,30.2%,DB,2018
236,237,Jalen Davis,0,0,0.0,0,0,0,0,0,1,0.0,0.0,0.5%,DB,2018
237,238,A.J. Moore,0,0,0.0,0,0,0,0,0,1,0.0,0.0,0.0%,DB,2018
238,239,Chris Board,0,0,0.0,0,0,0,0,0,1,0.0,0.0,1.5%,DB,2018
239,240,Justin Hardee,0,0,0.0,0,0,0,0,0,1,0.0,0.0,0.0%,DB,2018
240,241,David Rivers,0,0,0.0,0,0,0,0,0,1,0.0,0.0,0.0%,DB,2018
241,242,Greg Mabin,0,0,0.0,0,0,0,0,0,1,0.0,0.0,0.0%,DB,2018
242,243,Dominique Hatfield,0,0,0.0,0,0,0,0,0,1,0.0,0.0,0.0%,DB,2018
243,244,Ryan Lewis,0,0,0.0,0,0,0,0,0,1,0.0,0.0,0.0%,DB,2018
244,245,Craig James,0,0,0.0,0,0,0,0,0,1,0.0,0.0,0.0%,DB,2018
245,246,Danny Johnson,0,0,0.0,0,0,0,0,0,1,0.0,0.0,0.0%,DB,2018
246,247,Tavierre Thomas,0,0,0.0,0,0,0,0,0,1,0.0,0.0,2.0%,DB,2018
247,248,Ezekiel Turner,0,0,0.0,0,0,0,0,0,1,0.0,0.0,0.2%,DB,2018
248,249,Joshua Kalu,0,0,0.0,0,0,0,0,0,1,0.0,0.0,0.0%,DB,2018
249,250,Ryan Neal,0,0,0.0,0,0,0,0,0,1,0.0,0.0,2.0%,DB,2018
250,251,Darious Williams,0,0,0.0,0,0,0,0,0,1,0.0,0.0,10.5%,DB,2018
251,252,Adonis Alexander,0,0,0.0,0,0,0,0,0,1,0.0,0.0,0.0%,DB,2018
252,253,Jermaine Whitehead,0,0,0.0,0,0,0,0,0,1,0.0,0.0,3.0%,DB,2018
253,254,Troy Hill,0,0,0.0,0,0,0,0,0,1,0.0,0.0,2.7%,DB,2018
254,255,Denzel Rice,0,0,0.0,0,0,0,0,0,1,0.0,0.0,0.0%,DB,2018
255,256,Brandon King,0,0,0.0,0,0,0,0,0,1,0.0,0.0,0.0%,DB,2018
256,257,Corey Moore,0,0,0.0,0,0,0,0,0,1,0.0,0.0,0.0%,DB,2018
257,258,Akeem King,0,0,0.0,0,0,0,0,0,1,0.0,0.0,0.0%,DB,2018
258,259,Darius Philon,2,0,0.0,0,0,0,0,0,1,0.0,0.0,0.0%,DB,2018
259,260,Mike Tyson,0,0,0.0,0,0,0,0,0,1,0.0,0.0,0.0%,DB,2018
260,261,Jeff Richards,0,0,0.0,0,0,0,0,0,1,0.0,0.0,0.0%,DB,2018
261,262,Brandon Wilson,0,0,0.0,0,0,0,0,0,1,0.0,0.0,0.0%,DB,2018
262,263,Charles Washington,0,0,0.0,0,0,0,0,0,1,0.0,0.0,0.0%,DB,2018
263,264,Corn Elder,0,0,0.0,0,0,0,0,0,1,0.0,0.0,0.0%,DB,2018
264,265,Montae Nicholson,0,0,0.0,0,0,0,0,0,1,0.0,0.0,0.0%,DB,2018
265,266,Jourdan Lewis,0,0,0.0,0,0,0,0,0,1,0.0,0.0,2.0%,DB,2018
266,267,Rudy Ford,0,0,0.0,0,0,0,0,0,1,0.0,0.0,4.0%,DB,2018
267,268,Delano Hill,0,0,0.0,0,0,0,0,0,1,0.0,0.0,0.0%,DB,2018
268,269,Shalom Luani,0,0,0.0,0,0,0,0,0,1,0.0,0.0,0.0%,DB,2018
269,270,Brian Allen,0,0,0.0,0,0,0,0,0,1,0.0,0.0,0.0%,DB,2018
270,271,Cameron Sutton,0,0,0.0,0,0,0,0,0,1,0.0,0.0,0.2%,DB,2018
271,272,Nate Hairston,0,0,0.0,0,0,0,0,0,1,0.0,0.0,0.0%,DB,2018
272,273,Quincy Wilson,0,0,0.0,0,0,0,0,0,1,0.0,0.0,0.0%,DB,2018
273,274,Brendan Langley,0,0,0.0,0,0,0,0,0,1,0.0,0.0,0.0%,DB,2018
274,275,Rayshawn Jenkins,0,0,0.0,0,0,0,0,0,1,0.0,0.0,25.3%,DB,2018
275,276,Antonio Hamilton,0,0,0.0,0,0,0,0,0,1,0.0,0.0,0.7%,DB,2018
276,277,Jarrod Wilson,0,0,0.0,0,0,0,0,0,1,0.0,0.0,0.0%,DB,2018
277,278,Kavon Frazier,0,0,0.0,0,0,0,0,0,1,0.0,0.0,0.0%,DB,2018
278,279,Blake Countess,0,0,0.0,0,0,0,0,0,1,0.0,0.0,0.0%,DB,2018
279,280,Jordan Lucas,0,0,0.0,0,0,0,0,0,1,0.0,0.0,0.0%,DB,2018
280,281,Deiondre' Hall,0,0,0.0,0,0,0,0,0,1,0.0,0.0,0.0%,DB,2018
281,282,Jayron Kearse,0,0,0.0,0,0,0,0,0,1,0.0,0.0,1.3%,DB,2018
282,283,Darian Thompson,0,0,0.0,0,0,0,0,0,1,0.0,0.0,3.0%,DB,2018
283,284,Artie Burns,0,0,0.0,0,0,0,0,0,1,0.0,0.0,0.4%,DB,2018
284,285,Will Redmond,0,0,0.0,0,0,0,0,0,1,0.0,0.0,0.0%,DB,2018
285,286,Maurice Canady,0,0,0.0,0,0,0,0,0,1,0.0,0.0,0.0%,DB,2018
286,287,Miles Killebrew,0,0,0.0,0,0,0,0,0,1,0.0,0.0,0.2%,DB,2018
287,288,Cyrus Jones,0,0,0.0,0,0,0,0,0,1,0.0,0.0,0.0%,DB,2018
288,289,Eric Murray,0,0,0.0,0,0,0,0,0,1,0.0,0.0,0.2%,DB,2018
289,290,Juston Burris,0,0,0.0,0,0,0,0,0,1,0.0,0.0,0.0%,DB,2018
290,291,DeAndre Houston-Carson,0,0,0.0,0,0,0,0,0,1,0.0,0.0,0.0%,DB,2018
291,292,Chris Milton,0,0,0.0,0,0,0,0,0,1,0.0,0.0,0.0%,DB,2018
292,293,De'Vante Harris,0,0,0.0,0,0,0,0,0,1,0.0,0.0,0.0%,DB,2018
293,294,Lafayette Pitts,0,0,0.0,0,0,0,0,0,1,0.0,0.0,0.0%,DB,2018
