,Rank,Player,Tackle,Assist,Sack,Pass Defended,Interception,Forced Fumble,Fumble Recovery,Defend Touchdown,Games Played,Fantasy Football Points,FTPS/Game,ROST,Position,Year
0,1,Aaron Donald,5,2,3.0,0,0,0,0,0,1,31.0,31.0,11.7%,DL,2018
1,2,Jadeveon Clowney,6,3,1.0,1,0,1,1,0,1,27.3,27.3,22.5%,DL,2018
2,3,Calais Campbell,3,0,1.0,0,0,1,1,0,1,21.5,21.5,3.1%,DL,2018
3,4,Darius Philon,3,2,1.5,0,0,1,0,0,1,18.5,18.5,0.0%,DL,2018
4,5,Haason Reddick,6,3,1.0,0,0,0,0,0,1,17.8,17.8,17.6%,DL,2018
5,6,Chris Long,2,0,2.0,0,0,1,0,0,1,17.5,17.5,0.0%,DL,2018
6,7,Dion Jordan,4,1,1.0,0,0,1,0,0,1,17.3,17.3,0.0%,DL,2018
7,8,Randy Gregory,3,0,1.0,0,0,1,1,0,1,16.5,16.5,2.2%,DL,2018
8,9,Benson Mayowa,3,0,1.0,1,0,1,0,0,1,16.5,16.5,0.0%,DL,2018
9,10,Kyle Love,3,0,1.0,0,0,1,1,0,1,16.5,16.5,0.0%,DL,2018
10,11,DeForest Buckner,3,0,1.0,0,0,0,1,0,1,15.0,15.0,47.2%,DL,2018
11,12,Larry Ogunjobi,4,0,1.0,0,0,0,0,0,1,15.0,15.0,2.5%,DL,2018
12,13,Chris Jones,2,1,1.5,0,0,0,0,0,1,14.8,14.8,25.7%,DL,2018
13,14,Dee Ford,3,4,0.5,0,0,0,0,0,1,14.5,14.5,0.0%,DL,2018
14,15,Cassius Marsh,2,1,2.0,0,0,0,0,0,1,14.3,14.3,1.0%,DL,2018
15,16,Ndamukong Suh,1,4,1.0,2,0,0,0,0,1,14.0,14.0,0.0%,DL,2018
16,17,Justin Houston,3,0,1.0,0,0,0,0,0,1,13.5,13.5,0.0%,DL,2018
17,18,Henry Anderson,3,1,1.0,1,0,0,0,0,1,13.3,13.3,0.0%,DL,2018
18,19,Bruce Irvin,2,0,1.0,0,0,0,0,0,1,12.0,12.0,0.2%,DL,2018
19,20,Jonathan Allen,3,1,1.0,0,0,0,0,0,1,11.8,11.8,14.8%,DL,2018
20,21,Maliek Collins,3,0,1.0,0,0,0,0,0,1,11.0,11.0,2.4%,DL,2018
21,22,Jack Crawford,0,3,0.5,1,1,0,0,0,1,10.8,10.8,0.0%,DL,2018
22,23,DeMarcus Lawrence,2,1,1.0,0,0,0,0,0,1,10.3,10.3,12.7%,DL,2018
23,24,Adam Gotsis,1,1,1.0,1,0,0,0,0,1,10.3,10.3,1.2%,DL,2018
24,25,Vita Vea,2,1,1.0,0,0,0,0,0,1,10.3,10.3,5.6%,DL,2018
25,26,Davon Godchaux,4,2,0.0,0,0,0,0,0,1,10.0,10.0,4.3%,DL,2018
26,27,Leonard Williams,2,0,1.0,0,0,0,0,0,1,9.5,9.5,10.9%,DL,2018
27,28,Yannick Ngakoue,2,0,1.0,0,0,0,0,0,1,9.5,9.5,1.7%,DL,2018
28,29,Tyeler Davison,2,0,1.0,0,0,0,0,0,1,9.5,9.5,0.0%,DL,2018
29,30,Treyvon Hester,2,0,1.0,0,0,0,0,0,1,9.5,9.5,0.0%,DL,2018
30,31,Stephon Tuitt,1,1,1.0,0,0,0,0,0,1,8.8,8.8,0.1%,DL,2018
31,32,Everson Griffen,1,1,1.0,0,0,0,0,0,1,8.8,8.8,2.0%,DL,2018
32,33,Andre Branch,1,1,0.5,0,0,0,1,0,1,8.3,8.3,0.0%,DL,2018
33,34,Malik Jackson,1,0,1.0,0,0,0,0,0,1,8.0,8.0,0.0%,DL,2018
34,35,Charles Harris,1,0,1.0,0,0,0,0,0,1,8.0,8.0,4.0%,DL,2018
35,36,Carl Nassib,2,0,0.0,0,0,0,0,0,1,8.0,8.0,0.0%,DL,2018
36,37,Ryan Kerrigan,1,0,1.0,0,0,0,0,0,1,8.0,8.0,0.0%,DL,2018
37,38,Romeo Okwara,1,0,1.0,0,0,0,0,0,1,8.0,8.0,0.0%,DL,2018
38,39,Melvin Ingram,2,1,0.0,0,0,0,1,0,1,7.8,7.8,0.0%,DL,2018
39,40,Sheldon Rankins,2,1,0.0,0,0,1,0,0,1,7.8,7.8,2.0%,DL,2018
40,41,Daron Payne,2,1,0.0,1,0,0,0,0,1,7.8,7.8,15.4%,DL,2018
41,42,Alex Okafor,2,0,0.0,0,0,0,1,0,1,7.0,7.0,0.0%,DL,2018
42,43,Malcom Brown,2,0,0.0,0,0,0,1,0,1,7.0,7.0,0.0%,DL,2018
43,44,Dalvin Tomlinson,2,2,0.0,0,0,0,0,0,1,7.0,7.0,2.2%,DL,2018
44,45,Taco Charlton,1,4,0.0,0,0,0,0,0,1,7.0,7.0,0.0%,DL,2018
45,46,J.J. Watt,3,0,0.0,0,0,0,0,0,1,7.0,7.0,4.2%,DL,2018
46,47,Jason Pierre-Paul,2,2,0.0,0,0,0,0,0,1,7.0,7.0,0.0%,DL,2018
47,48,Domata Peko,4,1,0.0,0,0,0,0,0,1,6.8,6.8,0.0%,DL,2018
48,49,Joey Bosa,1,1,0.5,0,0,0,0,0,1,6.8,6.8,16.7%,DL,2018
49,50,Brandon Mebane,3,3,0.0,0,0,0,0,0,1,6.8,6.8,0.0%,DL,2018
50,51,Jarran Reed,0,3,0.0,0,0,0,1,0,1,6.3,6.3,5.8%,DL,2018
51,52,Jabaal Sheard,2,1,0.0,0,0,0,0,0,1,6.3,6.3,0.0%,DL,2018
52,53,Julius Peppers,1,1,0.0,0,0,0,1,0,1,6.3,6.3,0.1%,DL,2018
53,54,Ronald Blair,2,1,0.0,0,0,0,0,0,1,6.3,6.3,0.0%,DL,2018
54,55,Cameron Jordan,1,1,0.0,1,0,0,0,0,1,6.3,6.3,6.1%,DL,2018
55,56,Derek Wolfe,2,1,0.0,0,0,0,0,0,1,6.3,6.3,0.0%,DL,2018
56,57,Tyler Lancaster,3,2,0.0,0,0,0,0,0,1,6.0,6.0,0.0%,DL,2018
57,58,Trey Flowers,2,4,0.0,0,0,0,0,0,1,6.0,6.0,0.2%,DL,2018
58,59,Carlos Dunlap,2,2,0.0,1,0,0,0,0,1,6.0,6.0,3.0%,DL,2018
59,60,Myles Garrett,3,2,0.0,0,0,0,0,0,1,6.0,6.0,63.7%,DL,2018
60,61,Harrison Phillips,2,4,0.0,0,0,0,0,0,1,6.0,6.0,23.5%,DL,2018
61,62,Frank Clark,4,0,0.0,0,0,0,0,0,1,6.0,6.0,0.0%,DL,2018
62,63,Akiem Hicks,1,0,0.0,3,0,0,0,0,1,6.0,6.0,0.0%,DL,2018
63,64,Damon Harrison,3,2,0.0,0,0,0,0,0,1,6.0,6.0,0.0%,DL,2018
64,65,Al-Quadin Muhammad,1,2,0.0,0,0,0,0,0,1,5.5,5.5,0.0%,DL,2018
65,66,Tim Jernigan,2,0,0.0,0,0,0,0,0,1,5.5,5.5,0.0%,DL,2018
66,67,Danielle Hunter,2,0,0.0,0,0,0,0,0,1,5.5,5.5,52.9%,DL,2018
67,68,Arden Key,2,0,0.0,0,0,0,0,0,1,5.5,5.5,2.4%,DL,2018
68,69,Marcell Dareus,1,0,0.0,1,0,0,0,0,1,5.5,5.5,0.0%,DL,2018
69,70,Steven Means,3,1,0.0,0,0,0,0,0,1,5.3,5.3,0.0%,DL,2018
70,71,Solomon Thomas,3,1,0.0,0,0,0,0,0,1,5.3,5.3,0.8%,DL,2018
71,72,Rodney Gunter,2,3,0.0,0,0,0,0,0,1,5.3,5.3,0.1%,DL,2018
72,73,John Atkins,1,1,0.0,0,0,0,0,0,1,4.8,4.8,0.0%,DL,2018
73,74,Fletcher Cox,0,1,0.0,0,0,0,1,0,1,4.8,4.8,1.1%,DL,2018
74,75,Denico Autry,1,1,0.0,0,0,0,0,0,1,4.8,4.8,10.1%,DL,2018
75,76,Wes Horton,1,2,0.0,1,0,0,0,0,1,4.5,4.5,0.0%,DL,2018
76,77,Xavier Williams,1,4,0.0,0,0,0,0,0,1,4.5,4.5,0.0%,DL,2018
77,78,Derrick Nnadi,2,2,0.0,0,0,0,0,0,1,4.5,4.5,0.9%,DL,2018
78,79,Ricky Jean-Francois,2,2,0.0,0,0,0,0,0,1,4.5,4.5,0.0%,DL,2018
79,80,Daeshon Hall,1,1,0.5,0,0,0,0,0,1,4.3,4.3,2.0%,DL,2018
80,81,Jaleel Johnson,1,0,0.0,0,0,0,0,0,1,4.0,4.0,0.0%,DL,2018
81,82,Ufomba Kamalu,1,0,0.0,0,0,0,0,0,1,4.0,4.0,0.0%,DL,2018
82,83,Star Lotulelei,2,1,0.0,0,0,0,0,0,1,3.8,3.8,0.0%,DL,2018
83,84,Cameron Heyward,0,3,0.0,1,0,0,0,0,1,3.8,3.8,23.1%,DL,2018
84,85,Abry Jones,2,1,0.0,0,0,0,0,0,1,3.8,3.8,0.0%,DL,2018
85,86,Akeem Spence,2,1,0.0,0,0,0,0,0,1,3.8,3.8,0.0%,DL,2018
86,87,Antwaun Woods,2,1,0.0,0,0,0,0,0,1,3.8,3.8,0.0%,DL,2018
87,88,Dean Lowry,1,3,0.0,0,0,0,0,0,1,3.8,3.8,0.6%,DL,2018
88,89,Jurrell Casey,1,3,0.0,0,0,0,0,0,1,3.8,3.8,0.1%,DL,2018
89,90,Mario Addison,2,1,0.0,0,0,0,0,0,1,3.8,3.8,4.0%,DL,2018
90,91,D.J. Jones,2,1,0.0,0,0,0,0,0,1,3.8,3.8,5.0%,DL,2018
91,92,David Onyemata,2,1,0.0,0,0,0,0,0,1,3.8,3.8,5.7%,DL,2018
92,93,Clinton McDonald,0,4,0.0,0,0,0,0,0,1,3.0,3.0,0.0%,DL,2018
93,94,Grady Jarrett,1,2,0.0,0,0,0,0,0,1,3.0,3.0,5.7%,DL,2018
94,95,Linval Joseph,2,0,0.0,0,0,0,0,0,1,3.0,3.0,0.0%,DL,2018
95,96,Lawrence Guy,1,2,0.0,0,0,0,0,0,1,3.0,3.0,4.0%,DL,2018
96,97,Angelo Blackson,2,0,0.0,0,0,0,0,0,1,3.0,3.0,0.2%,DL,2018
97,98,Tyquan Lewis,2,0,0.0,0,0,0,0,0,1,3.0,3.0,0.4%,DL,2018
98,99,Geno Atkins,2,0,0.0,0,0,0,0,0,1,3.0,3.0,0.0%,DL,2018
99,100,Austin Johnson,2,0,0.0,0,0,0,0,0,1,3.0,3.0,3.0%,DL,2018
100,101,DaQuan Jones,1,2,0.0,0,0,0,0,0,1,3.0,3.0,0.7%,DL,2018
101,102,Hassan Ridgeway,2,0,0.0,0,0,0,0,0,1,3.0,3.0,0.0%,DL,2018
102,103,Jonathan Bullard,2,0,0.0,0,0,0,0,0,1,3.0,3.0,3.3%,DL,2018
103,104,Brent Urban,0,1,0.5,0,0,0,0,0,1,2.8,2.8,0.4%,DL,2018
104,105,Trent Murphy,0,3,0.0,0,0,0,0,0,1,2.3,2.3,0.0%,DL,2018
105,106,Jullian Taylor,1,1,0.0,0,0,0,0,0,1,2.3,2.3,0.0%,DL,2018
106,107,Michael Johnson,1,1,0.0,0,0,0,0,0,1,2.3,2.3,0.0%,DL,2018
107,108,Christian Ringo,1,1,0.0,0,0,0,0,0,1,2.3,2.3,0.0%,DL,2018
108,109,Jerry Hughes,1,1,0.0,0,0,0,0,0,1,2.3,2.3,1.0%,DL,2018
109,110,Christian Covington,1,1,0.0,0,0,0,0,0,1,2.3,2.3,0.0%,DL,2018
110,111,DJ Reader,1,1,0.0,0,0,0,0,0,1,2.3,2.3,2.6%,DL,2018
111,112,Emmanuel Ogbah,0,3,0.0,0,0,0,0,0,1,2.3,2.3,1.1%,DL,2018
112,113,Olivier Vernon,1,1,0.0,0,0,0,0,0,1,2.3,2.3,6.0%,DL,2018
113,114,Michael Pierce,1,1,0.0,0,0,0,0,0,1,2.3,2.3,1.7%,DL,2018
114,115,Beau Allen,1,1,0.0,0,0,0,0,0,1,2.3,2.3,0.0%,DL,2018
115,116,Shelby Harris,1,1,0.0,0,0,0,0,0,1,2.3,2.3,1.1%,DL,2018
116,117,Corey Peters,1,1,0.0,0,0,0,0,0,1,2.3,2.3,2.0%,DL,2018
117,118,Zach Kerr,0,2,0.0,0,0,0,0,0,1,1.5,1.5,0.0%,DL,2018
118,119,Trevon Coley,1,0,0.0,0,0,0,0,0,1,1.5,1.5,0.0%,DL,2018
119,120,Damion Square,1,0,0.0,0,0,0,0,0,1,1.5,1.5,0.0%,DL,2018
120,121,Sam Hubbard,1,0,0.0,0,0,0,0,0,1,1.5,1.5,21.7%,DL,2018
121,122,Daniel Ross,0,2,0.0,0,0,0,0,0,1,1.5,1.5,0.0%,DL,2018
122,123,Johnathan Hankins,0,2,0.0,0,0,0,0,0,1,1.5,1.5,0.0%,DL,2018
123,124,Roy Robertson-Harris,0,2,0.0,0,0,0,0,0,1,1.5,1.5,1.3%,DL,2018
124,125,Tim Settle,1,0,0.0,0,0,0,0,0,1,1.5,1.5,0.4%,DL,2018
125,126,Isaac Rochell,1,0,0.0,0,0,0,0,0,1,1.5,1.5,0.0%,DL,2018
126,127,Josh Mauro,1,0,0.0,0,0,0,0,0,1,1.5,1.5,0.0%,DL,2018
127,128,P.J. Hall,1,0,0.0,0,0,0,0,0,1,1.5,1.5,0.0%,DL,2018
128,129,Michael Brockers,1,0,0.0,0,0,0,0,0,1,1.5,1.5,0.0%,DL,2018
129,130,Cameron Malveaux,0,0,0.0,1,0,0,0,0,1,1.5,1.5,0.0%,DL,2018
130,131,Justin Ellis,1,0,0.0,0,0,0,0,0,1,1.5,1.5,2.0%,DL,2018
131,132,Tom Johnson,1,0,0.0,0,0,0,0,0,1,1.5,1.5,0.0%,DL,2018
132,133,Zach Moore,1,0,0.0,0,0,0,0,0,1,1.5,1.5,0.0%,DL,2018
133,134,Shamar Stephen,0,2,0.0,0,0,0,0,0,1,1.5,1.5,0.0%,DL,2018
134,135,Montravius Adams,0,2,0.0,0,0,0,0,0,1,1.5,1.5,0.4%,DL,2018
135,136,Gerald McCoy,1,0,0.0,0,0,0,0,0,1,1.5,1.5,0.0%,DL,2018
136,137,Tyson Alualu,1,0,0.0,0,0,0,0,0,1,1.5,1.5,0.0%,DL,2018
137,138,Brandon Graham,1,0,0.0,0,0,0,0,0,1,1.5,1.5,2.2%,DL,2018
138,139,Matt Ioannidis,1,0,0.0,0,0,0,0,0,1,1.5,1.5,0.0%,DL,2018
139,140,Sheldon Richardson,1,0,0.0,0,0,0,0,0,1,1.5,1.5,1.0%,DL,2018
140,141,A'Shawn Robinson,1,0,0.0,0,0,0,0,0,1,1.5,1.5,4.5%,DL,2018
141,142,Danny Shelton,0,2,0.0,0,0,0,0,0,1,1.5,1.5,0.0%,DL,2018
142,143,Shaq Lawson,0,2,0.0,0,0,0,0,0,1,1.5,1.5,0.0%,DL,2018
143,144,Eddie Goldman,1,0,0.0,0,0,0,0,0,1,1.5,1.5,0.2%,DL,2018
144,145,Jonathan Woodard,1,0,0.0,0,0,0,0,0,1,1.5,1.5,4.0%,DL,2018
145,146,Caraun Reid,0,1,0.0,0,0,0,0,0,1,0.8,0.8,0.0%,DL,2018
146,147,Grover Stewart,0,1,0.0,0,0,0,0,0,1,0.8,0.8,3.5%,DL,2018
147,148,Marcus Davenport,0,1,0.0,0,0,0,0,0,1,0.8,0.8,2.1%,DL,2018
148,149,Mike Love,0,1,0.0,0,0,0,0,0,1,0.8,0.8,0.0%,DL,2018
149,150,Steve McLendon,0,1,0.0,0,0,0,0,0,1,0.8,0.8,0.0%,DL,2018
150,151,Deatrich Wise,0,1,0.0,0,0,0,0,0,1,0.8,0.8,3.0%,DL,2018
151,152,Rasheem Green,0,1,0.0,0,0,0,0,0,1,0.8,0.8,6.0%,DL,2018
152,153,Dontari Poe,0,1,0.0,0,0,0,0,0,1,0.8,0.8,0.0%,DL,2018
153,154,Andrew Billings,0,1,0.0,0,0,0,0,0,1,0.8,0.8,1.6%,DL,2018
154,155,Ziggy Hood,0,1,0.0,0,0,0,0,0,1,0.8,0.8,0.0%,DL,2018
155,156,Allen Bailey,0,1,0.0,0,0,0,0,0,1,0.8,0.8,0.0%,DL,2018
156,157,Poona Ford,0,1,0.0,0,0,0,0,0,1,0.8,0.8,0.7%,DL,2018
157,158,Justin Jones,0,1,0.0,0,0,0,0,0,1,0.8,0.8,2.9%,DL,2018
158,159,Gabe Wright,0,1,0.0,0,0,0,0,0,1,0.8,0.8,0.0%,DL,2018
159,160,Kony Ealy,0,1,0.0,0,0,0,0,0,1,0.8,0.8,0.0%,DL,2018
160,161,Kyle Williams,0,1,0.0,0,0,0,0,0,1,0.8,0.8,3.7%,DL,2018
161,162,Chris Smith,0,1,0.0,0,0,0,0,0,1,0.8,0.8,0.0%,DL,2018
162,163,Michael Bennett,0,1,0.0,0,0,0,0,0,1,0.8,0.8,0.0%,DL,2018
163,164,Arik Armstead,0,1,0.0,0,0,0,0,0,1,0.8,0.8,3.6%,DL,2018
164,165,Margus Hunt,0,1,0.0,0,0,0,0,0,1,0.8,0.8,0.0%,DL,2018
165,166,Brandon Williams,0,1,0.0,0,0,0,0,0,1,0.8,0.8,0.2%,DL,2018
166,167,Jordan Phillips,0,1,0.0,0,0,0,0,0,1,0.8,0.8,0.9%,DL,2018
167,168,Devon Kennard,0,2,0.0,0,0,0,0,0,1,0.0,0.0,0.0%,DL,2018
168,169,Khalil Mack,3,2,0.0,0,0,0,0,0,1,0.0,0.0,52.8%,DL,2018
169,170,Daniel McCullers,0,0,0.0,0,0,0,0,0,1,0.0,0.0,0.0%,DL,2018
170,171,Kyle Van,2,1,0.0,0,0,0,0,0,1,0.0,0.0,8.2%,DL,2018
171,172,Kareem Martin,1,0,0.0,0,0,0,0,0,1,0.0,0.0,0.0%,DL,2018
172,173,William Gholston,0,0,0.0,0,0,0,0,0,1,0.0,0.0,1.6%,DL,2018
173,174,John Simon,0,2,0.0,0,0,0,0,0,1,0.0,0.0,0.0%,DL,2018
174,175,Lerentee McCray,0,0,0.0,0,0,0,0,0,1,0.0,0.0,4.0%,DL,2018
175,176,Barkevious Mingo,1,0,0.0,0,0,0,0,0,1,0.0,0.0,6.0%,DL,2018
176,177,Sylvester Williams,0,0,0.0,0,0,0,0,0,1,0.0,0.0,0.0%,DL,2018
177,178,John Jenkins,0,0,0.0,0,0,0,0,0,1,0.0,0.0,1.7%,DL,2018
178,179,Bennie Logan,0,0,0.0,0,0,0,0,0,1,0.0,0.0,0.0%,DL,2018
179,180,Stacy McGee,0,0,0.0,0,0,0,0,0,1,0.0,0.0,0.0%,DL,2018
180,181,Ethan Westbrooks,0,0,0.0,0,0,0,0,0,1,0.0,0.0,0.0%,DL,2018
181,182,Za'Darius Smith,4,1,1.5,0,0,0,0,0,1,0.0,0.0,5.4%,DL,2018
182,183,Bud Dupree,2,0,0.0,0,0,0,0,0,1,0.0,0.0,1.3%,DL,2018
183,184,Justin Hamilton,0,0,0.0,0,0,0,0,0,1,0.0,0.0,0.0%,DL,2018
184,185,Anthony Chickillo,0,0,0.0,1,0,0,0,0,1,0.0,0.0,0.0%,DL,2018
185,186,Darius Kilgo,0,0,0.0,0,0,0,0,0,1,0.0,0.0,0.0%,DL,2018
186,187,Mario Edwards,0,0,0.0,0,0,0,0,0,1,0.0,0.0,0.0%,DL,2018
187,188,Dante Fowler,0,0,0.0,0,0,0,0,0,1,0.0,0.0,3.5%,DL,2018
188,189,Vic Beasley,1,1,0.0,0,0,0,0,0,1,0.0,0.0,0.0%,DL,2018
189,190,Eli Harold,0,0,0.0,0,0,0,0,0,1,0.0,0.0,0.0%,DL,2018
190,191,Preston Smith,2,2,0.0,0,0,0,0,0,1,0.0,0.0,11.1%,DL,2018
191,192,Brandon Copeland,2,1,0.0,0,0,0,0,0,1,0.0,0.0,0.0%,DL,2018
192,193,Shaquil Barrett,2,1,0.0,0,0,0,0,0,1,0.0,0.0,8.4%,DL,2018
193,194,Mike Pennel,0,0,0.0,0,0,0,0,0,1,0.0,0.0,0.4%,DL,2018
194,195,Alejandro Villanueva,0,0,0.0,0,0,0,0,0,1,0.0,0.0,0.0%,DL,2018
195,196,Frostee Rucker,0,0,0.0,0,0,0,0,0,1,0.0,0.0,0.0%,DL,2018
196,197,Haloti Ngata,0,0,0.0,0,0,0,0,0,1,0.0,0.0,0.0%,DL,2018
197,198,Pernell McPhee,1,0,0.0,0,0,0,0,0,1,0.0,0.0,0.0%,DL,2018
198,199,Von Miller,0,0,0.0,1,0,0,0,0,1,0.0,0.0,2.5%,DL,2018
199,200,Robert Quinn,2,1,1.0,0,0,0,0,0,1,0.0,0.0,1.2%,DL,2018
200,201,Brooks Reed,0,0,0.0,0,0,0,0,0,1,0.0,0.0,0.0%,DL,2018
201,202,Terrell Suggs,1,1,0.0,0,0,0,0,0,1,0.0,0.0,0.0%,DL,2018
202,203,Brian Price,0,0,0.0,0,0,0,0,0,1,0.0,0.0,0.0%,DL,2018
203,204,Derrick Morgan,2,1,0.0,0,0,0,0,0,1,0.0,0.0,0.0%,DL,2018
204,205,Chandler Jones,2,1,0.0,0,0,0,0,0,1,0.0,0.0,0.5%,DL,2018
205,206,Whitney Mercilus,1,0,0.0,0,0,0,0,0,1,0.0,0.0,0.2%,DL,2018
206,207,Vinny Curry,0,0,0.0,0,0,0,0,0,1,0.0,0.0,0.0%,DL,2018
207,208,Tyrone Crawford,0,0,0.0,0,0,0,0,0,1,0.0,0.0,0.0%,DL,2018
208,209,Clay Matthews,0,0,0.0,0,0,0,0,0,1,0.0,0.0,0.0%,DL,2018
209,210,Connor Barwin,0,0,0.0,0,0,0,0,0,1,0.0,0.0,0.0%,DL,2018
210,211,Cameron Wake,1,1,1.5,0,0,0,0,0,1,0.0,0.0,0.0%,DL,2018
211,212,Brian Mihalik,0,0,0.0,0,0,0,0,0,1,0.0,0.0,0.0%,DL,2018
212,213,Taylor Stallworth,0,0,0.0,0,0,0,0,0,1,0.0,0.0,0.0%,DL,2018
213,214,Niles Scott,0,0,0.0,0,0,0,0,0,1,0.0,0.0,0.0%,DL,2018
214,215,Dennis Gardeck,0,0,0.0,0,0,0,0,0,1,0.0,0.0,3.6%,DL,2018
215,216,Nathan Shepherd,0,0,0.0,0,0,0,0,0,1,0.0,0.0,2.0%,DL,2018
216,217,Genard Avery,3,1,1.0,1,0,0,0,0,1,0.0,0.0,0.0%,DL,2018
217,218,Kylie Fitts,0,0,0.0,0,0,0,0,0,1,0.0,0.0,0.0%,DL,2018
218,219,Bilal Nichols,0,0,0.0,0,0,0,0,0,1,0.0,0.0,1.3%,DL,2018
219,220,James Looney,0,0,0.0,0,0,0,0,0,1,0.0,0.0,0.0%,DL,2018
220,221,Jalyn Holmes,0,0,0.0,0,0,0,0,0,1,0.0,0.0,0.4%,DL,2018
221,222,Kemoko Turay,0,0,0.0,0,0,0,0,0,1,0.0,0.0,0.0%,DL,2018
222,223,Uchenna Nwosu,2,0,1.0,0,0,0,0,0,1,0.0,0.0,17.7%,DL,2018
223,224,Deadrin Senat,0,0,0.0,0,0,0,0,0,1,0.0,0.0,1.0%,DL,2018
224,225,Breeland Speaks,0,0,0.0,0,0,0,0,0,1,0.0,0.0,0.0%,DL,2018
225,226,Shaquem Griffin,0,1,0.0,0,0,0,0,0,1,0.0,0.0,0.1%,DL,2018
226,227,John Franklin-Myers,0,0,0.0,0,0,0,0,0,1,0.0,0.0,0.9%,DL,2018
227,228,Justin Lawler,0,0,0.0,0,0,0,0,0,1,0.0,0.0,0.0%,DL,2018
228,229,Jacob Martin,0,0,0.0,0,0,0,0,0,1,0.0,0.0,0.4%,DL,2018
229,230,James Crawford,0,0,0.0,0,0,0,0,0,1,0.0,0.0,0.0%,DL,2018
230,231,Lyndon Johnson,0,0,0.0,0,0,0,0,0,1,0.0,0.0,2.0%,DL,2018
231,232,B.J. Hill,0,0,0.0,0,0,0,0,0,1,0.0,0.0,5.8%,DL,2018
232,233,Stephen Weatherly,0,0,0.0,0,0,0,0,0,1,0.0,0.0,0.0%,DL,2018
233,234,Devante Bond,0,1,0.0,0,0,0,0,0,1,0.0,0.0,0.0%,DL,2018
234,235,Matthew Judon,0,1,0.0,0,0,0,0,0,1,0.0,0.0,16.8%,DL,2018
235,236,Kamalei Correa,0,0,0.0,0,0,0,0,0,1,0.0,0.0,0.0%,DL,2018
236,237,Anthony Zettel,0,0,0.0,0,0,0,0,0,1,0.0,0.0,1.0%,DL,2018
237,238,Bronson Kaufusi,0,0,0.0,0,0,0,0,0,1,0.0,0.0,0.0%,DL,2018
238,239,Vernon Butler,0,0,0.0,0,0,0,0,0,1,0.0,0.0,0.0%,DL,2018
239,240,Kyler Fackrell,1,1,1.0,0,0,0,0,0,1,0.0,0.0,0.0%,DL,2018
240,241,Javon Hargrave,0,0,0.0,0,0,0,0,0,1,0.0,0.0,14.8%,DL,2018
241,242,Vincent Valentine,0,0,0.0,0,0,0,0,0,1,0.0,0.0,0.0%,DL,2018
242,243,Eddie Yarbrough,0,0,0.0,0,0,0,0,0,1,0.0,0.0,0.0%,DL,2018
243,244,Vontarrius Dora,2,0,0.0,0,0,0,0,0,1,0.0,0.0,0.0%,DL,2018
244,245,Zach Wood,0,0,0.0,0,0,0,0,0,1,0.0,0.0,0.0%,DL,2018
245,246,Quinton Jefferson,0,0,0.0,0,0,0,0,0,1,0.0,0.0,3.4%,DL,2018
246,247,Eric Lee,1,0,0.0,0,0,0,0,0,1,0.0,0.0,0.0%,DL,2018
247,248,Vince Biegel,0,0,0.0,0,0,0,0,0,1,0.0,0.0,0.0%,DL,2018
248,249,Jordan Jenkins,1,0,0.0,0,0,0,0,0,1,0.0,0.0,0.0%,DL,2018
249,250,John Denney,0,0,0.0,0,0,0,0,0,1,0.0,0.0,0.0%,DL,2018
250,251,Leonard Floyd,1,0,0.0,0,0,0,0,0,1,0.0,0.0,5.4%,DL,2018
251,252,Noah Spence,0,0,0.0,0,0,0,0,0,1,0.0,0.0,0.0%,DL,2018
252,253,Efe Obada,0,0,0.0,0,0,0,0,0,1,0.0,0.0,0.0%,DL,2018
253,254,Jeff Holland,0,1,0.0,0,0,0,0,0,1,0.0,0.0,0.2%,DL,2018
254,255,Isaiah Irving,0,0,0.0,0,0,0,0,0,1,0.0,0.0,0.0%,DL,2018
255,256,Adam Butler,0,0,0.0,0,0,0,0,0,1,0.0,0.0,0.7%,DL,2018
256,257,Samson Ebukam,0,0,0.0,0,0,0,0,0,1,0.0,0.0,8.7%,DL,2018
257,258,Bradley Chubb,3,1,0.0,0,0,0,0,0,1,0.0,0.0,18.2%,DL,2018
258,259,Taven Bryan,0,0,0.0,0,0,0,0,0,1,0.0,0.0,0.2%,DL,2018
259,260,Harold Landry,1,2,1.0,0,0,0,0,0,1,0.0,0.0,24.1%,DL,2018
260,261,Lorenzo Carter,0,0,0.0,1,0,0,0,0,1,0.0,0.0,1.8%,DL,2018
261,262,Duke Ejiofor,0,0,0.0,0,0,0,0,0,1,0.0,0.0,0.0%,DL,2018
262,263,R.J. McIntosh,0,0,0.0,0,0,0,0,0,1,0.0,0.0,0.0%,DL,2018
263,264,Pita Taumoepenu,0,0,0.0,0,0,0,0,0,1,0.0,0.0,0.0%,DL,2018
264,265,Takk McKinley,1,2,0.5,0,0,0,0,0,1,0.0,0.0,1.1%,DL,2018
265,266,Caleb Brantley,0,0,0.0,0,0,0,0,0,1,0.0,0.0,0.0%,DL,2018
266,267,Reggie Gilbert,0,1,0.0,0,0,0,0,0,1,0.0,0.0,0.1%,DL,2018
267,268,Kameron Canaday,0,0,0.0,0,0,0,0,0,1,0.0,0.0,0.0%,DL,2018
268,269,Chris Wormley,0,0,0.0,0,0,0,0,0,1,0.0,0.0,0.0%,DL,2018
269,270,Tanoh Kpassagnon,0,0,0.0,0,0,0,0,0,1,0.0,0.0,0.0%,DL,2018
270,271,Fadol Brown,0,0,0.0,0,0,0,0,0,1,0.0,0.0,0.0%,DL,2018
271,272,Ryan Anderson,0,1,0.0,0,0,0,0,0,1,0.0,0.0,0.0%,DL,2018
272,273,Bryan Cox,0,0,0.0,0,0,0,0,0,1,0.0,0.0,0.0%,DL,2018
273,274,James Onwualu,0,0,0.0,0,0,0,0,0,1,0.0,0.0,0.0%,DL,2018
274,275,T.J. Watt,3,0,1.0,1,0,0,0,0,1,0.0,0.0,78.9%,DL,2018
275,276,Tyus Bowser,1,0,0.0,0,0,0,0,0,1,0.0,0.0,0.7%,DL,2018
276,277,Jordan Willis,2,0,0.0,0,0,0,0,0,1,0.0,0.0,1.0%,DL,2018
277,278,Tarell Basham,0,0,0.0,0,0,0,0,0,1,0.0,0.0,0.0%,DL,2018
278,279,Dawuane Smoot,0,0,0.0,0,0,0,0,0,1,0.0,0.0,0.4%,DL,2018
279,280,Carlos Watkins,0,0,0.0,0,0,0,0,0,1,0.0,0.0,0.0%,DL,2018
