,Rank,Player,Tackle,Assist,Sack,Pass Defended,Interception,Forced Fumble,Fumble Recovery,Defend Touchdown,Games Played,Fantasy Football Points,FTPS/Game,ROST,Position,Year
0,1,Robert Nkemdiche,6,1,2.5,0,0,0,0,0,1,29.8,29.8,0.0%,DL,2018
1,2,J.J. Watt,6,3,1.5,0,0,1,0,0,1,23.8,23.8,4.2%,DL,2018
2,3,Cameron Jordan,4,0,2.0,0,0,0,0,0,1,21.5,21.5,6.1%,DL,2018
3,4,Sheldon Richardson,3,4,2.0,0,0,0,0,0,1,20.5,20.5,1.0%,DL,2018
4,5,Jonathan Allen,5,5,1.0,0,0,0,0,0,1,20.3,20.3,14.8%,DL,2018
5,6,Christian Covington,3,1,2.5,0,0,0,0,0,1,20.3,20.3,0.0%,DL,2018
6,7,Joey Bosa,3,2,2.0,0,0,0,0,0,1,19.0,19.0,16.7%,DL,2018
7,8,Vita Vea,4,0,1.0,0,0,0,0,0,1,17.5,17.5,5.6%,DL,2018
8,9,Rodney Gunter,3,0,1.0,1,0,1,0,0,1,16.5,16.5,0.1%,DL,2018
9,10,DeForest Buckner,5,0,1.0,0,0,0,0,0,1,16.5,16.5,47.2%,DL,2018
10,11,Kyle Williams,4,2,1.5,0,0,0,0,0,1,16.0,16.0,3.7%,DL,2018
11,12,Akeem Spence,6,1,0.0,0,0,0,0,0,1,14.8,14.8,0.0%,DL,2018
12,13,Carl Nassib,2,0,1.0,0,0,1,0,0,1,13.5,13.5,0.0%,DL,2018
13,14,Daron Payne,3,1,1.0,1,0,0,0,0,1,13.3,13.3,15.4%,DL,2018
14,15,Dean Lowry,2,1,1.0,0,0,0,0,0,1,12.8,12.8,0.6%,DL,2018
15,16,Jurrell Casey,3,2,1.0,0,0,0,0,0,1,12.5,12.5,0.1%,DL,2018
16,17,DeMarcus Lawrence,2,1,0.5,1,1,0,0,0,1,12.3,12.3,12.7%,DL,2018
17,18,Sheldon Rankins,2,0,1.0,0,0,0,0,0,1,12.0,12.0,2.0%,DL,2018
18,19,Kenny Clark,3,1,1.0,0,0,0,0,0,1,11.8,11.8,8.9%,DL,2018
19,20,Jason Pierre-Paul,3,0,1.0,0,0,0,0,0,1,11.0,11.0,0.0%,DL,2018
20,21,Damon Harrison,2,1,1.5,0,0,0,0,0,1,9.8,9.8,0.0%,DL,2018
21,22,Terrell McClain,2,0,1.0,0,0,0,0,0,1,9.5,9.5,0.0%,DL,2018
22,23,Jack Crawford,1,2,1.0,0,0,0,0,0,1,9.5,9.5,0.0%,DL,2018
23,24,Andrew Billings,3,0,0.0,0,0,0,0,0,1,9.5,9.5,1.6%,DL,2018
24,25,Trey Flowers,1,1,1.0,0,0,0,0,0,1,8.8,8.8,0.2%,DL,2018
25,26,B.J. Hill,3,0,0.0,1,0,0,0,0,1,8.5,8.5,5.8%,DL,2018
26,27,Kawann Short,2,4,0.0,0,0,0,0,0,1,8.5,8.5,0.0%,DL,2018
27,28,Haason Reddick,3,5,0.0,0,0,0,0,0,1,8.3,8.3,17.6%,DL,2018
28,29,Tom Johnson,1,0,1.0,0,0,0,0,0,1,8.0,8.0,0.0%,DL,2018
29,30,Mario Edwards,1,0,1.0,0,0,0,0,0,1,8.0,8.0,0.0%,DL,2018
30,31,Chris Long,1,0,1.0,0,0,0,0,0,1,8.0,8.0,0.0%,DL,2018
31,32,Michael Bennett,1,0,1.0,0,0,0,0,0,1,8.0,8.0,0.0%,DL,2018
32,33,Myles Garrett,1,0,1.0,0,0,0,0,0,1,8.0,8.0,63.7%,DL,2018
33,34,Deatrich Wise,1,0,1.0,0,0,0,0,0,1,8.0,8.0,3.0%,DL,2018
34,35,Gerald McCoy,1,0,1.0,0,0,0,0,0,1,8.0,8.0,0.0%,DL,2018
35,36,Everson Griffen,1,0,1.0,0,0,0,0,0,1,8.0,8.0,2.0%,DL,2018
36,37,Shelby Harris,0,2,0.0,1,1,0,0,0,1,8.0,8.0,1.1%,DL,2018
37,38,Anthony Zettel,2,3,0.0,0,0,0,0,0,1,7.8,7.8,1.0%,DL,2018
38,39,Denico Autry,2,1,0.0,0,0,0,1,0,1,7.8,7.8,10.1%,DL,2018
39,40,Ezekiel Ansah,2,1,1.0,0,0,0,0,0,1,7.8,7.8,0.0%,DL,2018
40,41,Cameron Heyward,2,1,0.5,1,0,0,0,0,1,7.3,7.3,23.1%,DL,2018
41,42,Isaac Rochell,2,2,0.0,0,0,0,0,0,1,7.0,7.0,0.0%,DL,2018
42,43,Tim Settle,3,0,0.0,0,0,0,0,0,1,7.0,7.0,0.4%,DL,2018
43,44,Malik Jackson,3,0,0.0,0,0,0,0,0,1,7.0,7.0,0.0%,DL,2018
44,45,Romeo Okwara,2,2,0.5,0,0,0,0,0,1,6.5,6.5,0.0%,DL,2018
45,46,Larry Ogunjobi,2,1,0.0,0,0,0,0,0,1,6.3,6.3,2.5%,DL,2018
46,47,Dalvin Tomlinson,4,0,0.0,0,0,0,0,0,1,6.0,6.0,2.2%,DL,2018
47,48,Brooks Reed,4,0,0.0,0,0,0,0,0,1,6.0,6.0,0.0%,DL,2018
48,49,Calais Campbell,2,2,0.0,1,0,0,0,0,1,6.0,6.0,3.1%,DL,2018
49,50,Javon Hargrave,1,3,0.5,0,0,0,0,0,1,5.8,5.8,14.8%,DL,2018
50,51,Ryan Kerrigan,1,3,0.5,0,0,0,0,0,1,5.8,5.8,0.0%,DL,2018
51,52,Jadeveon Clowney,2,1,0.5,0,0,0,0,0,1,5.8,5.8,22.5%,DL,2018
52,53,Nazair Jones,1,2,0.0,0,0,0,0,0,1,5.5,5.5,0.0%,DL,2018
53,54,Margus Hunt,2,0,0.0,0,0,0,0,0,1,5.5,5.5,0.0%,DL,2018
54,55,Alex Okafor,2,0,0.0,0,0,0,0,0,1,5.5,5.5,0.0%,DL,2018
55,56,Taven Bryan,2,0,0.0,0,0,0,0,0,1,5.5,5.5,0.2%,DL,2018
56,57,Vinny Curry,3,1,0.0,0,0,0,0,0,1,5.3,5.3,0.0%,DL,2018
57,58,Eddie Yarbrough,3,1,0.0,0,0,0,0,0,1,5.3,5.3,0.0%,DL,2018
58,59,Frostee Rucker,3,1,0.0,0,0,0,0,0,1,5.3,5.3,0.0%,DL,2018
59,60,Eddie Goldman,3,1,0.0,0,0,0,0,0,1,5.3,5.3,0.2%,DL,2018
60,61,Akiem Hicks,3,1,0.0,0,0,0,0,0,1,5.3,5.3,0.0%,DL,2018
61,62,Emmanuel Ogbah,0,1,0.0,0,0,0,1,0,1,4.8,4.8,1.1%,DL,2018
62,63,Henry Anderson,3,0,0.0,0,0,0,0,0,1,4.5,4.5,0.0%,DL,2018
63,64,Carlos Dunlap,2,2,0.0,0,0,0,0,0,1,4.5,4.5,3.0%,DL,2018
64,65,Cassius Marsh,3,0,0.0,0,0,0,0,0,1,4.5,4.5,1.0%,DL,2018
65,66,Danielle Hunter,2,2,0.0,0,0,0,0,0,1,4.5,4.5,52.9%,DL,2018
66,67,Bilal Nichols,3,0,0.0,0,0,0,0,0,1,4.5,4.5,1.3%,DL,2018
67,68,Steve McLendon,3,0,0.0,0,0,0,0,0,1,4.5,4.5,0.0%,DL,2018
68,69,Zach Kerr,1,4,0.0,0,0,0,0,0,1,4.5,4.5,0.0%,DL,2018
69,70,Jerry Hughes,1,1,0.5,0,0,0,0,0,1,4.3,4.3,1.0%,DL,2018
70,71,Tyrone Crawford,0,1,0.5,1,0,0,0,0,1,4.3,4.3,0.0%,DL,2018
71,72,Benson Mayowa,0,0,0.0,0,0,0,1,0,1,4.0,4.0,0.0%,DL,2018
72,73,Yannick Ngakoue,1,0,0.0,0,0,0,0,0,1,4.0,4.0,1.7%,DL,2018
73,74,Montravius Adams,2,1,0.0,0,0,0,0,0,1,3.8,3.8,0.4%,DL,2018
74,75,Shamar Stephen,1,3,0.0,0,0,0,0,0,1,3.8,3.8,0.0%,DL,2018
75,76,Sam Hubbard,1,3,0.0,0,0,0,0,0,1,3.8,3.8,21.7%,DL,2018
76,77,Arden Key,2,1,0.0,0,0,0,0,0,1,3.8,3.8,2.4%,DL,2018
77,78,Sheldon Day,2,1,0.0,0,0,0,0,0,1,3.8,3.8,0.0%,DL,2018
78,79,Abry Jones,2,1,0.0,0,0,0,0,0,1,3.8,3.8,0.0%,DL,2018
79,80,Johnathan Hankins,2,1,0.0,0,0,0,0,0,1,3.8,3.8,0.0%,DL,2018
80,81,Lawrence Guy,1,3,0.0,0,0,0,0,0,1,3.8,3.8,4.0%,DL,2018
81,82,Leonard Williams,2,0,0.0,0,0,0,0,0,1,3.0,3.0,10.9%,DL,2018
82,83,Brandon Williams,1,2,0.0,0,0,0,0,0,1,3.0,3.0,0.2%,DL,2018
83,84,Andre Branch,2,0,0.0,0,0,0,0,0,1,3.0,3.0,0.0%,DL,2018
84,85,Frank Clark,1,2,0.0,0,0,0,0,0,1,3.0,3.0,0.0%,DL,2018
85,86,Chris Wormley,1,0,0.0,1,0,0,0,0,1,3.0,3.0,0.0%,DL,2018
86,87,Sylvester Williams,2,0,0.0,0,0,0,0,0,1,3.0,3.0,0.0%,DL,2018
87,88,Beau Allen,2,0,0.0,0,0,0,0,0,1,3.0,3.0,0.0%,DL,2018
88,89,Niles Scott,2,0,0.0,0,0,0,0,0,1,3.0,3.0,0.0%,DL,2018
89,90,Olivier Vernon,2,0,0.0,0,0,0,0,0,1,3.0,3.0,6.0%,DL,2018
90,91,Solomon Thomas,2,0,0.0,0,0,0,0,0,1,3.0,3.0,0.8%,DL,2018
91,92,Jarran Reed,1,2,0.0,0,0,0,0,0,1,3.0,3.0,5.8%,DL,2018
92,93,Mario Addison,0,4,0.0,0,0,0,0,0,1,3.0,3.0,4.0%,DL,2018
93,94,Fletcher Cox,2,0,0.0,0,0,0,0,0,1,3.0,3.0,1.1%,DL,2018
94,95,Brent Urban,2,0,0.0,0,0,0,0,0,1,3.0,3.0,0.4%,DL,2018
95,96,Brandon Dunn,1,1,0.0,0,0,0,0,0,1,2.3,2.3,0.0%,DL,2018
96,97,Darius Philon,0,3,0.0,0,0,0,0,0,1,2.3,2.3,0.0%,DL,2018
97,98,Brandon Graham,1,1,0.0,0,0,0,0,0,1,2.3,2.3,2.2%,DL,2018
98,99,Melvin Ingram,1,1,0.0,0,0,0,0,0,1,2.3,2.3,0.0%,DL,2018
99,100,Adam Gotsis,1,1,0.0,0,0,0,0,0,1,2.3,2.3,1.2%,DL,2018
100,101,Bennie Logan,1,1,0.0,0,0,0,0,0,1,2.3,2.3,0.0%,DL,2018
101,102,Eli Ankou,1,1,0.0,0,0,0,0,0,1,2.3,2.3,0.2%,DL,2018
102,103,Derek Wolfe,1,1,0.0,0,0,0,0,0,1,2.3,2.3,0.0%,DL,2018
103,104,Jullian Taylor,1,1,0.0,0,0,0,0,0,1,2.3,2.3,0.0%,DL,2018
104,105,Geno Atkins,0,3,0.0,0,0,0,0,0,1,2.3,2.3,0.0%,DL,2018
105,106,Tyson Alualu,1,1,0.0,0,0,0,0,0,1,2.3,2.3,0.0%,DL,2018
106,107,Davon Godchaux,1,1,0.0,0,0,0,0,0,1,2.3,2.3,4.3%,DL,2018
107,108,Connor Barwin,1,1,0.0,0,0,0,0,0,1,2.3,2.3,0.0%,DL,2018
108,109,DaQuan Jones,0,3,0.0,0,0,0,0,0,1,2.3,2.3,0.7%,DL,2018
109,110,Harrison Phillips,1,1,0.0,0,0,0,0,0,1,2.3,2.3,23.5%,DL,2018
110,111,Justin Jones,1,1,0.0,0,0,0,0,0,1,2.3,2.3,2.9%,DL,2018
111,112,Jabaal Sheard,1,1,0.0,0,0,0,0,0,1,2.3,2.3,0.0%,DL,2018
112,113,Jordan Phillips,1,1,0.0,0,0,0,0,0,1,2.3,2.3,0.9%,DL,2018
113,114,Matt Ioannidis,1,0,0.0,0,0,0,0,0,1,1.5,1.5,0.0%,DL,2018
114,115,DJ Reader,1,0,0.0,0,0,0,0,0,1,1.5,1.5,2.6%,DL,2018
115,116,Stephen Weatherly,1,0,0.0,0,0,0,0,0,1,1.5,1.5,0.0%,DL,2018
116,117,Mike Pennel,1,0,0.0,0,0,0,0,0,1,1.5,1.5,0.4%,DL,2018
117,118,Josh Mauro,1,0,0.0,0,0,0,0,0,1,1.5,1.5,0.0%,DL,2018
118,119,Trevon Coley,1,0,0.0,0,0,0,0,0,1,1.5,1.5,0.0%,DL,2018
119,120,Michael Pierce,1,0,0.0,0,0,0,0,0,1,1.5,1.5,1.7%,DL,2018
120,121,Al-Quadin Muhammad,1,0,0.0,0,0,0,0,0,1,1.5,1.5,0.0%,DL,2018
121,122,Tyler Lancaster,1,0,0.0,0,0,0,0,0,1,1.5,1.5,0.0%,DL,2018
122,123,Tyeler Davison,0,0,0.0,1,0,0,0,0,1,1.5,1.5,0.0%,DL,2018
123,124,Dontari Poe,1,0,0.0,0,0,0,0,0,1,1.5,1.5,0.0%,DL,2018
124,125,Trent Murphy,1,0,0.0,0,0,0,0,0,1,1.5,1.5,0.0%,DL,2018
125,126,L.T. Walton,0,0,0.0,1,0,0,0,0,1,1.5,1.5,0.0%,DL,2018
126,127,T.Y. McGill,0,2,0.0,0,0,0,0,0,1,1.5,1.5,0.2%,DL,2018
127,128,Clinton McDonald,1,0,0.0,0,0,0,0,0,1,1.5,1.5,0.0%,DL,2018
128,129,Wes Horton,1,0,0.0,0,0,0,0,0,1,1.5,1.5,0.0%,DL,2018
129,130,Damion Square,1,0,0.0,0,0,0,0,0,1,1.5,1.5,0.0%,DL,2018
130,131,Ronald Blair,1,0,0.0,0,0,0,0,0,1,1.5,1.5,0.0%,DL,2018
131,132,Marcus Davenport,1,0,0.0,0,0,0,0,0,1,1.5,1.5,2.1%,DL,2018
132,133,P.J. Hall,1,0,0.0,0,0,0,0,0,1,1.5,1.5,0.0%,DL,2018
133,134,Jaleel Johnson,1,0,0.0,0,0,0,0,0,1,1.5,1.5,0.0%,DL,2018
134,135,Arik Armstead,1,0,0.0,0,0,0,0,0,1,1.5,1.5,3.6%,DL,2018
135,136,Randy Gregory,1,0,0.0,0,0,0,0,0,1,1.5,1.5,2.2%,DL,2018
136,137,Noah Spence,1,0,0.0,0,0,0,0,0,1,1.5,1.5,0.0%,DL,2018
137,138,Corey Peters,1,0,0.0,0,0,0,0,0,1,1.5,1.5,2.0%,DL,2018
138,139,Earl Mitchell,1,0,0.0,0,0,0,0,0,1,1.5,1.5,0.0%,DL,2018
139,140,Linval Joseph,1,0,0.0,0,0,0,0,0,1,1.5,1.5,0.0%,DL,2018
140,141,Bruce Irvin,1,0,0.0,0,0,0,0,0,1,1.5,1.5,0.2%,DL,2018
141,142,Dion Jordan,0,1,0.0,0,0,0,0,0,1,0.8,0.8,0.0%,DL,2018
142,143,Nathan Shepherd,0,1,0.0,0,0,0,0,0,1,0.8,0.8,2.0%,DL,2018
143,144,Michael Johnson,0,1,0.0,0,0,0,0,0,1,0.8,0.8,0.0%,DL,2018
144,145,Brian Price,0,1,0.0,0,0,0,0,0,1,0.8,0.8,0.0%,DL,2018
145,146,Maurice Hurst,0,1,0.0,0,0,0,0,0,1,0.8,0.8,0.2%,DL,2018
146,147,Kyle Love,0,1,0.0,0,0,0,0,0,1,0.8,0.8,0.0%,DL,2018
147,148,Bryan Cox,0,1,0.0,0,0,0,0,0,1,0.8,0.8,0.0%,DL,2018
148,149,Caraun Reid,0,1,0.0,0,0,0,0,0,1,0.8,0.8,0.0%,DL,2018
149,150,Quinton Jefferson,0,1,0.0,0,0,0,0,0,1,0.8,0.8,3.4%,DL,2018
150,151,Star Lotulelei,0,1,0.0,0,0,0,0,0,1,0.8,0.8,0.0%,DL,2018
151,152,A'Shawn Robinson,0,1,0.0,0,0,0,0,0,1,0.8,0.8,4.5%,DL,2018
152,153,Jonathan Bullard,0,1,0.0,0,0,0,0,0,1,0.8,0.8,3.3%,DL,2018
153,154,Austin Johnson,0,1,0.0,0,0,0,0,0,1,0.8,0.8,3.0%,DL,2018
154,155,Maliek Collins,0,1,0.0,0,0,0,0,0,1,0.8,0.8,2.4%,DL,2018
155,156,Antwaun Woods,0,1,0.0,0,0,0,0,0,1,0.8,0.8,0.0%,DL,2018
156,157,Roy Robertson-Harris,0,1,0.0,0,0,0,0,0,1,0.8,0.8,1.3%,DL,2018
157,158,Olsen Pierre,0,1,0.0,0,0,0,0,0,1,0.8,0.8,0.0%,DL,2018
158,159,Vernon Butler,0,1,0.0,0,0,0,0,0,1,0.8,0.8,0.0%,DL,2018
159,160,Julius Peppers,0,1,0.0,0,0,0,0,0,1,0.8,0.8,0.1%,DL,2018
160,161,Malcom Brown,0,1,0.0,0,0,0,0,0,1,0.8,0.8,0.0%,DL,2018
161,162,Grady Jarrett,0,1,0.0,0,0,0,0,0,1,0.8,0.8,5.7%,DL,2018
162,163,Devon Kennard,1,3,0.0,0,0,0,0,0,1,0.0,0.0,0.0%,DL,2018
163,164,Chris Smith,0,0,0.0,0,0,0,0,0,1,0.0,0.0,0.0%,DL,2018
164,165,Zach Moore,0,0,0.0,0,0,0,0,0,1,0.0,0.0,0.0%,DL,2018
165,166,Tim Jernigan,0,0,0.0,0,0,0,0,0,1,0.0,0.0,0.0%,DL,2018
166,167,Daniel McCullers,0,0,0.0,0,0,0,0,0,1,0.0,0.0,0.0%,DL,2018
167,168,Kareem Martin,1,0,0.0,0,0,0,0,0,1,0.0,0.0,0.0%,DL,2018
168,169,Khalil Mack,1,0,0.0,0,0,0,0,0,1,0.0,0.0,52.8%,DL,2018
169,170,Kyle Van,5,0,0.0,1,0,0,0,0,1,0.0,0.0,8.2%,DL,2018
170,171,Derrick Shelby,0,0,0.0,0,0,0,0,0,1,0.0,0.0,0.0%,DL,2018
171,172,William Gholston,0,0,0.0,0,0,0,0,0,1,0.0,0.0,1.6%,DL,2018
172,173,John Simon,0,1,0.0,0,0,0,0,0,1,0.0,0.0,0.0%,DL,2018
173,174,Barkevious Mingo,2,2,0.0,1,0,1,0,0,1,0.0,0.0,6.0%,DL,2018
174,175,Stacy McGee,0,0,0.0,0,0,0,0,0,1,0.0,0.0,0.0%,DL,2018
175,176,Markus Golden,1,1,0.0,0,0,0,0,0,1,0.0,0.0,0.5%,DL,2018
176,177,Za'Darius Smith,2,0,0.0,0,0,0,0,0,1,0.0,0.0,5.4%,DL,2018
177,178,Bud Dupree,0,0,0.0,0,0,0,0,0,1,0.0,0.0,1.3%,DL,2018
178,179,Preston Smith,3,5,1.5,0,0,0,0,0,1,0.0,0.0,11.1%,DL,2018
179,180,Anthony Chickillo,0,0,0.0,0,0,0,0,0,1,0.0,0.0,0.0%,DL,2018
180,181,Angelo Blackson,0,0,0.0,0,0,0,0,0,1,0.0,0.0,0.2%,DL,2018
181,182,Eli Harold,0,0,0.0,0,0,0,0,0,1,0.0,0.0,0.0%,DL,2018
182,183,Danny Shelton,0,0,0.0,0,0,0,0,0,1,0.0,0.0,0.0%,DL,2018
183,184,Vic Beasley,1,0,0.0,0,0,0,0,0,1,0.0,0.0,0.0%,DL,2018
184,185,Brandon Copeland,0,0,0.0,0,0,0,0,0,1,0.0,0.0,0.0%,DL,2018
185,186,Shaquil Barrett,1,0,1.0,0,0,0,0,0,1,0.0,0.0,8.4%,DL,2018
186,187,Jacquies Smith,0,0,0.0,0,0,0,0,0,1,0.0,0.0,0.0%,DL,2018
187,188,Alejandro Villanueva,0,0,0.0,0,0,0,0,0,1,0.0,0.0,0.0%,DL,2018
188,189,Darius Kilgo,0,0,0.0,0,0,0,0,0,1,0.0,0.0,0.0%,DL,2018
189,190,Domata Peko,0,0,0.0,0,0,0,0,0,1,0.0,0.0,0.0%,DL,2018
190,191,Haloti Ngata,0,0,0.0,0,0,0,0,0,1,0.0,0.0,0.0%,DL,2018
191,192,Adrian Clayborn,0,0,0.0,0,0,0,0,0,1,0.0,0.0,0.0%,DL,2018
192,193,Von Miller,1,1,1.0,0,0,0,0,0,1,0.0,0.0,2.5%,DL,2018
193,194,Robert Quinn,2,1,0.0,0,0,0,0,0,1,0.0,0.0,1.2%,DL,2018
194,195,Terrell Suggs,0,0,0.0,1,0,0,1,1,1,0.0,0.0,0.0%,DL,2018
195,196,Al Woods,0,0,0.0,0,0,0,0,0,1,0.0,0.0,0.0%,DL,2018
196,197,Dekoda Watson,0,0,0.0,0,0,0,0,0,1,0.0,0.0,0.0%,DL,2018
197,198,Ricky Jean-Francois,0,0,0.0,0,0,0,0,0,1,0.0,0.0,0.0%,DL,2018
198,199,Derrick Morgan,2,2,0.5,0,0,0,0,0,1,0.0,0.0,0.0%,DL,2018
199,200,Chandler Jones,2,1,0.5,0,0,0,0,0,1,0.0,0.0,0.5%,DL,2018
200,201,Whitney Mercilus,3,2,1.5,0,0,0,0,0,1,0.0,0.0,0.2%,DL,2018
201,202,Clay Matthews,4,1,0.0,0,0,0,0,0,1,0.0,0.0,0.0%,DL,2018
202,203,Ziggy Hood,0,0,0.0,0,0,0,0,0,1,0.0,0.0,0.0%,DL,2018
203,204,Cameron Wake,1,0,1.0,0,0,1,0,0,1,0.0,0.0,0.0%,DL,2018
204,205,Sharif Finch,0,1,0.0,0,0,0,0,0,1,0.0,0.0,0.0%,DL,2018
205,206,Taylor Stallworth,0,0,0.0,0,0,0,0,0,1,0.0,0.0,0.0%,DL,2018
206,207,Dennis Gardeck,0,0,0.0,0,0,0,0,0,1,0.0,0.0,3.6%,DL,2018
207,208,Genard Avery,3,1,0.0,0,0,0,0,0,1,0.0,0.0,0.0%,DL,2018
208,209,Kemoko Turay,0,0,0.0,0,0,0,0,0,1,0.0,0.0,0.0%,DL,2018
209,210,Shaquem Griffin,0,0,0.0,0,0,0,0,0,1,0.0,0.0,0.1%,DL,2018
210,211,Kylie Fitts,0,0,0.0,0,0,0,0,0,1,0.0,0.0,0.0%,DL,2018
211,212,Marquis Haynes,0,0,0.0,0,0,0,0,0,1,0.0,0.0,0.6%,DL,2018
212,213,Foley Fatukasi,0,0,0.0,0,0,0,0,0,1,0.0,0.0,0.4%,DL,2018
213,214,Uchenna Nwosu,1,0,0.0,1,0,0,0,0,1,0.0,0.0,17.7%,DL,2018
214,215,Jacob Martin,0,0,0.0,0,0,0,0,0,1,0.0,0.0,0.4%,DL,2018
215,216,James Crawford,0,0,0.0,0,0,0,0,0,1,0.0,0.0,0.0%,DL,2018
216,217,R.J. McIntosh,0,0,0.0,0,0,0,0,0,1,0.0,0.0,0.0%,DL,2018
217,218,Matthew Judon,3,2,3.0,0,0,1,0,0,1,0.0,0.0,16.8%,DL,2018
218,219,Kamalei Correa,0,1,0.0,0,0,0,0,0,1,0.0,0.0,0.0%,DL,2018
219,220,Kyler Fackrell,2,0,0.0,0,0,0,0,0,1,0.0,0.0,0.0%,DL,2018
220,221,David Onyemata,0,0,0.0,0,0,0,0,0,1,0.0,0.0,5.7%,DL,2018
221,222,Devante Bond,5,0,0.0,0,0,0,0,0,1,0.0,0.0,0.0%,DL,2018
222,223,Jordan Jenkins,2,2,0.0,0,0,0,0,0,1,0.0,0.0,0.0%,DL,2018
223,224,Brennan Scarlett,2,1,0.0,0,0,1,0,0,1,0.0,0.0,0.0%,DL,2018
224,225,Zach Wood,0,0,0.0,0,0,0,0,0,1,0.0,0.0,0.0%,DL,2018
225,226,Vince Biegel,0,0,0.0,0,0,0,0,0,1,0.0,0.0,0.0%,DL,2018
226,227,Brian Mihalik,0,0,0.0,0,0,0,0,0,1,0.0,0.0,0.0%,DL,2018
227,228,Leonard Floyd,0,2,0.0,0,0,0,0,0,1,0.0,0.0,5.4%,DL,2018
228,229,John Denney,0,0,0.0,0,0,0,0,0,1,0.0,0.0,0.0%,DL,2018
229,230,Shaq Lawson,0,0,0.0,0,0,0,0,0,1,0.0,0.0,0.0%,DL,2018
230,231,Shilique Calhoun,0,1,0.0,0,0,0,0,0,1,0.0,0.0,0.0%,DL,2018
231,232,Josh Sweat,0,0,0.0,0,0,0,0,0,1,0.0,0.0,14.1%,DL,2018
232,233,Daniel Ross,0,0,0.0,0,0,0,0,0,1,0.0,0.0,0.0%,DL,2018
233,234,Isaiah Irving,0,0,0.0,0,0,0,0,0,1,0.0,0.0,0.0%,DL,2018
234,235,Adam Butler,0,0,0.0,0,0,0,0,0,1,0.0,0.0,0.7%,DL,2018
235,236,Bradley Chubb,1,3,0.0,0,0,0,0,0,1,0.0,0.0,18.2%,DL,2018
236,237,Dorance Armstrong,0,0,0.0,0,0,0,0,0,1,0.0,0.0,4.2%,DL,2018
237,238,Harold Landry,2,5,0.5,0,0,0,0,0,1,0.0,0.0,24.1%,DL,2018
238,239,Lorenzo Carter,2,0,0.0,1,0,0,0,0,1,0.0,0.0,1.8%,DL,2018
239,240,Tyquan Lewis,0,0,0.0,0,0,0,0,0,1,0.0,0.0,0.4%,DL,2018
240,241,Da'Shawn Hand,0,0,0.0,0,0,0,0,0,1,0.0,0.0,0.4%,DL,2018
241,242,Rasheem Green,0,0,0.0,0,0,0,0,0,1,0.0,0.0,6.0%,DL,2018
242,243,Takk McKinley,0,0,0.0,0,0,0,0,0,1,0.0,0.0,1.1%,DL,2018
243,244,Charles Harris,0,0,0.0,0,0,0,0,0,1,0.0,0.0,4.0%,DL,2018
244,245,Reggie Gilbert,1,0,0.0,1,0,0,0,0,1,0.0,0.0,0.1%,DL,2018
245,246,Kameron Canaday,0,0,0.0,0,0,0,0,0,1,0.0,0.0,0.0%,DL,2018
246,247,Treyvon Hester,0,0,0.0,0,0,0,0,0,1,0.0,0.0,0.0%,DL,2018
247,248,Ryan Anderson,0,0,0.0,0,0,0,0,0,1,0.0,0.0,0.0%,DL,2018
248,249,Tashawn Bower,0,0,0.0,0,0,0,0,0,1,0.0,0.0,0.0%,DL,2018
249,250,T.J. Watt,1,0,0.0,0,0,0,0,0,1,0.0,0.0,78.9%,DL,2018
250,251,Tyus Bowser,0,0,0.0,0,0,0,0,0,1,0.0,0.0,0.7%,DL,2018
251,252,Jordan Willis,1,0,0.0,0,0,0,0,0,1,0.0,0.0,1.0%,DL,2018
252,253,Grover Stewart,0,0,0.0,0,0,0,0,0,1,0.0,0.0,3.5%,DL,2018
253,254,Tarell Basham,0,0,0.0,0,0,0,0,0,1,0.0,0.0,0.0%,DL,2018
254,255,Dawuane Smoot,0,0,0.0,0,0,0,0,0,1,0.0,0.0,0.4%,DL,2018
