,Rank,Player,Tackle,Assist,Sack,Pass Defended,Interception,Forced Fumble,Fumble Recovery,Defend Touchdown,Games Played,Fantasy Football Points,FTPS/Game,ROST,Position,Year
0,1,Fletcher Cox,4,0,3.0,0,0,1,0,0,1,29.5,29.5,1.1%,DL,2018
1,2,Olivier Vernon,3,2,2.5,0,0,0,0,0,1,21.0,21.0,6.0%,DL,2018
2,3,Justin Houston,3,2,1.5,0,0,1,1,0,1,20.0,20.0,0.0%,DL,2018
3,4,Rodney Gunter,4,1,2.0,0,0,0,0,0,1,19.8,19.8,0.1%,DL,2018
4,5,Julius Peppers,4,0,1.0,1,0,0,0,0,1,19.0,19.0,0.1%,DL,2018
5,6,Trey Flowers,4,2,1.0,0,0,1,0,0,1,18.0,18.0,0.2%,DL,2018
6,7,Jarran Reed,3,0,2.0,0,0,0,0,0,1,17.5,17.5,5.8%,DL,2018
7,8,Dee Ford,3,0,1.0,0,0,1,0,0,1,17.5,17.5,0.0%,DL,2018
8,9,Shaq Lawson,2,0,2.0,0,0,1,0,0,1,17.5,17.5,0.0%,DL,2018
9,10,Calais Campbell,5,2,1.5,0,0,0,0,0,1,17.5,17.5,3.1%,DL,2018
10,11,Leonard Williams,5,1,1.0,0,0,0,0,0,1,17.3,17.3,10.9%,DL,2018
11,12,Michael Bennett,3,0,1.0,0,0,0,0,0,1,16.0,16.0,0.0%,DL,2018
12,13,Yannick Ngakoue,3,2,1.5,1,0,0,0,0,1,16.0,16.0,1.7%,DL,2018
13,14,Joey Bosa,2,0,1.0,0,0,0,1,0,1,16.0,16.0,16.7%,DL,2018
14,15,Cameron Heyward,2,0,2.0,0,0,0,0,0,1,16.0,16.0,23.1%,DL,2018
15,16,J.J. Watt,3,1,1.5,0,0,1,0,0,1,15.3,15.3,4.2%,DL,2018
16,17,Malik Jackson,3,1,1.5,0,0,0,0,0,1,13.8,13.8,0.0%,DL,2018
17,18,Quinton Jefferson,1,2,1.0,0,0,0,1,0,1,13.5,13.5,3.4%,DL,2018
18,19,Jason Pierre-Paul,4,0,1.0,0,0,0,0,0,1,12.5,12.5,0.0%,DL,2018
19,20,Aaron Donald,4,0,1.0,0,0,0,0,0,1,12.5,12.5,11.7%,DL,2018
20,21,Akiem Hicks,2,1,1.5,0,0,0,0,0,1,12.3,12.3,0.0%,DL,2018
21,22,Corey Peters,3,4,0.5,0,0,0,0,0,1,12.0,12.0,2.0%,DL,2018
22,23,Frank Clark,1,0,1.0,0,0,0,1,0,1,12.0,12.0,0.0%,DL,2018
23,24,DeMarcus Lawrence,2,1,1.0,0,0,1,0,0,1,11.8,11.8,12.7%,DL,2018
24,25,Allen Bailey,2,1,0.0,0,0,1,1,0,1,11.8,11.8,0.0%,DL,2018
25,26,Eddie Goldman,2,2,1.0,0,0,0,0,0,1,11.0,11.0,0.2%,DL,2018
26,27,Davon Godchaux,5,1,0.0,0,0,0,0,0,1,10.8,10.8,4.3%,DL,2018
27,28,Carlos Watkins,2,1,1.0,0,0,0,0,0,1,10.3,10.3,0.0%,DL,2018
28,29,Lawrence Guy,1,2,1.0,0,0,0,0,0,1,9.5,9.5,4.0%,DL,2018
29,30,Christian Ringo,2,0,1.0,0,0,0,0,0,1,9.5,9.5,0.0%,DL,2018
30,31,Stacy McGee,2,0,1.0,0,0,0,0,0,1,9.5,9.5,0.0%,DL,2018
31,32,Bilal Nichols,2,0,1.0,0,0,0,0,0,1,9.5,9.5,1.3%,DL,2018
32,33,Adam Butler,1,0,1.0,0,0,1,0,0,1,9.5,9.5,0.7%,DL,2018
33,34,Brandon Graham,2,0,0.0,1,0,0,0,0,1,9.5,9.5,2.2%,DL,2018
34,35,Ronald Blair,3,3,0.0,0,0,0,0,0,1,9.3,9.3,0.0%,DL,2018
35,36,Dean Lowry,4,0,0.0,2,0,0,0,0,1,9.0,9.0,0.6%,DL,2018
36,37,Michael Pierce,2,1,0.0,0,0,0,0,0,1,8.8,8.8,1.7%,DL,2018
37,38,Kerry Hyder,1,1,1.0,0,0,0,0,0,1,8.8,8.8,2.0%,DL,2018
38,39,Kyle Williams,4,0,0.0,0,0,0,0,0,1,8.5,8.5,3.7%,DL,2018
39,40,Haason Reddick,4,3,0.0,0,0,0,0,0,1,8.3,8.3,17.6%,DL,2018
40,41,Mario Addison,1,0,1.0,0,0,0,0,0,1,8.0,8.0,4.0%,DL,2018
41,42,Taven Bryan,1,0,1.0,0,0,0,0,0,1,8.0,8.0,0.2%,DL,2018
42,43,Myles Garrett,1,0,1.0,0,0,0,0,0,1,8.0,8.0,63.7%,DL,2018
43,44,Jerry Hughes,1,0,1.0,0,0,0,0,0,1,8.0,8.0,1.0%,DL,2018
44,45,Ryan Kerrigan,1,0,1.0,0,0,0,0,0,1,8.0,8.0,0.0%,DL,2018
45,46,Derek Rivers,1,0,1.0,0,0,0,0,0,1,8.0,8.0,0.0%,DL,2018
46,47,Randy Gregory,2,3,0.0,0,0,0,0,0,1,7.8,7.8,2.2%,DL,2018
47,48,Dalvin Tomlinson,3,1,0.0,0,0,0,0,0,1,7.8,7.8,2.2%,DL,2018
48,49,Cassius Marsh,4,2,0.0,0,0,0,0,0,1,7.5,7.5,1.0%,DL,2018
49,50,Trey Hendrickson,5,0,0.0,0,0,0,0,0,1,7.5,7.5,35.3%,DL,2018
50,51,Montravius Adams,3,4,0.0,0,0,0,0,0,1,7.5,7.5,0.4%,DL,2018
51,52,Marcus Davenport,1,2,0.5,0,0,0,0,0,1,7.5,7.5,2.1%,DL,2018
52,53,Jonathan Allen,4,2,0.0,0,0,0,0,0,1,7.5,7.5,14.8%,DL,2018
53,54,Daron Payne,5,0,0.0,0,0,0,0,0,1,7.5,7.5,15.4%,DL,2018
54,55,Stephon Tuitt,2,1,0.5,1,0,0,0,0,1,7.3,7.3,0.1%,DL,2018
55,56,Larry Ogunjobi,1,2,0.0,0,0,1,0,0,1,7.0,7.0,2.5%,DL,2018
56,57,D.J. Jones,3,0,0.0,0,0,0,0,0,1,7.0,7.0,5.0%,DL,2018
57,58,Antwaun Woods,2,0,0.0,0,0,0,1,0,1,7.0,7.0,0.0%,DL,2018
58,59,Andrew Billings,3,0,0.0,0,0,0,0,0,1,7.0,7.0,1.6%,DL,2018
59,60,Everson Griffen,3,3,0.0,0,0,0,0,0,1,6.8,6.8,2.0%,DL,2018
60,61,DeForest Buckner,3,1,0.0,1,0,0,0,0,1,6.8,6.8,47.2%,DL,2018
61,62,Andre Branch,2,1,0.0,0,0,0,0,0,1,6.3,6.3,0.0%,DL,2018
62,63,Caraun Reid,2,1,0.0,0,0,0,0,0,1,6.3,6.3,0.0%,DL,2018
63,64,Dante Fowler,4,0,0.0,0,0,0,0,0,1,6.0,6.0,3.5%,DL,2018
64,65,Frostee Rucker,3,2,0.0,0,0,0,0,0,1,6.0,6.0,0.0%,DL,2018
65,66,Tyler Lancaster,3,2,0.0,0,0,0,0,0,1,6.0,6.0,0.0%,DL,2018
66,67,Taco Charlton,2,4,0.0,0,0,0,0,0,1,6.0,6.0,0.0%,DL,2018
67,68,Vita Vea,4,0,0.0,0,0,0,0,0,1,6.0,6.0,5.6%,DL,2018
68,69,Xavier Williams,2,1,0.5,0,0,0,0,0,1,5.8,5.8,0.0%,DL,2018
69,70,Jordan Phillips,1,0,0.0,0,0,0,1,0,1,5.5,5.5,0.9%,DL,2018
70,71,Vinny Curry,2,0,0.0,0,0,0,0,0,1,5.5,5.5,0.0%,DL,2018
71,72,Lyndon Johnson,2,0,0.0,0,0,0,0,0,1,5.5,5.5,2.0%,DL,2018
72,73,Damon Harrison,2,0,0.0,0,0,0,0,0,1,5.5,5.5,0.0%,DL,2018
73,74,Kerry Wynn,1,0,0.0,0,0,1,0,0,1,5.5,5.5,0.0%,DL,2018
74,75,Gerald McCoy,3,1,0.0,0,0,0,0,0,1,5.3,5.3,0.0%,DL,2018
75,76,Emmanuel Ogbah,2,1,0.0,1,0,0,0,0,1,5.3,5.3,1.1%,DL,2018
76,77,Taylor Stallworth,3,1,0.0,0,0,0,0,0,1,5.3,5.3,0.0%,DL,2018
77,78,Deatrich Wise,2,3,0.0,0,0,0,0,0,1,5.3,5.3,3.0%,DL,2018
78,79,Abry Jones,2,3,0.0,0,0,0,0,0,1,5.3,5.3,0.0%,DL,2018
79,80,Linval Joseph,3,1,0.0,0,0,0,0,0,1,5.3,5.3,0.0%,DL,2018
80,81,Zach Moore,0,4,0.5,0,0,0,0,0,1,5.0,5.0,0.0%,DL,2018
81,82,B.J. Hill,1,2,0.5,0,0,0,0,0,1,5.0,5.0,5.8%,DL,2018
82,83,Grady Jarrett,1,1,0.0,0,0,0,0,0,1,4.8,4.8,5.7%,DL,2018
83,84,Javon Hargrave,2,2,0.0,0,0,0,0,0,1,4.5,4.5,14.8%,DL,2018
84,85,Sam Hubbard,2,2,0.0,0,0,0,0,0,1,4.5,4.5,21.7%,DL,2018
85,86,Shelby Harris,1,4,0.0,0,0,0,0,0,1,4.5,4.5,1.1%,DL,2018
86,87,Poona Ford,1,4,0.0,0,0,0,0,0,1,4.5,4.5,0.7%,DL,2018
87,88,Solomon Thomas,2,2,0.0,0,0,0,0,0,1,4.5,4.5,0.8%,DL,2018
88,89,Margus Hunt,2,2,0.0,0,0,0,0,0,1,4.5,4.5,0.0%,DL,2018
89,90,Danielle Hunter,2,2,0.0,0,0,0,0,0,1,4.5,4.5,52.9%,DL,2018
90,91,David Onyemata,1,1,0.5,0,0,0,0,0,1,4.3,4.3,5.7%,DL,2018
91,92,Trent Murphy,0,0,0.0,0,0,0,1,0,1,4.0,4.0,0.0%,DL,2018
92,93,Johnathan Hankins,1,0,0.0,0,0,0,0,0,1,4.0,4.0,0.0%,DL,2018
93,94,Grover Stewart,1,0,0.0,0,0,0,0,0,1,4.0,4.0,3.5%,DL,2018
94,95,Steve McLendon,1,0,0.0,0,0,0,0,0,1,4.0,4.0,0.0%,DL,2018
95,96,Isaac Rochell,1,0,0.0,0,0,0,0,0,1,4.0,4.0,0.0%,DL,2018
96,97,Jadeveon Clowney,1,0,0.0,0,0,0,0,0,1,4.0,4.0,22.5%,DL,2018
97,98,Jabaal Sheard,2,1,0.0,0,0,0,0,0,1,3.8,3.8,0.0%,DL,2018
98,99,Ricky Jean-Francois,2,1,0.0,0,0,0,0,0,1,3.8,3.8,0.0%,DL,2018
99,100,Derek Wolfe,1,1,0.0,1,0,0,0,0,1,3.8,3.8,0.0%,DL,2018
100,101,Justin Ellis,1,3,0.0,0,0,0,0,0,1,3.8,3.8,2.0%,DL,2018
101,102,Bruce Irvin,2,0,0.0,0,0,0,0,0,1,3.0,3.0,0.2%,DL,2018
102,103,Michael Brockers,0,4,0.0,0,0,0,0,0,1,3.0,3.0,0.0%,DL,2018
103,104,Angelo Blackson,2,0,0.0,0,0,0,0,0,1,3.0,3.0,0.2%,DL,2018
104,105,Ndamukong Suh,1,2,0.0,0,0,0,0,0,1,3.0,3.0,0.0%,DL,2018
105,106,Al-Quadin Muhammad,1,2,0.0,0,0,0,0,0,1,3.0,3.0,0.0%,DL,2018
106,107,DaQuan Jones,2,0,0.0,0,0,0,0,0,1,3.0,3.0,0.7%,DL,2018
107,108,Brent Urban,2,0,0.0,0,0,0,0,0,1,3.0,3.0,0.4%,DL,2018
108,109,Matt Dickerson,2,0,0.0,0,0,0,0,0,1,3.0,3.0,0.0%,DL,2018
109,110,Denico Autry,1,0,0.0,1,0,0,0,0,1,3.0,3.0,10.1%,DL,2018
110,111,Mike Pennel,1,2,0.0,0,0,0,0,0,1,3.0,3.0,0.4%,DL,2018
111,112,Roy Robertson-Harris,0,1,0.5,0,0,0,0,0,1,2.8,2.8,1.3%,DL,2018
112,113,Charles Harris,1,1,0.0,0,0,0,0,0,1,2.3,2.3,4.0%,DL,2018
113,114,Domata Peko,0,1,0.0,1,0,0,0,0,1,2.3,2.3,0.0%,DL,2018
114,115,Justin Lawler,1,1,0.0,0,0,0,0,0,1,2.3,2.3,0.0%,DL,2018
115,116,Geno Atkins,1,1,0.0,0,0,0,0,0,1,2.3,2.3,0.0%,DL,2018
116,117,Beau Allen,1,1,0.0,0,0,0,0,0,1,2.3,2.3,0.0%,DL,2018
117,118,Tim Settle,1,1,0.0,0,0,0,0,0,1,2.3,2.3,0.4%,DL,2018
118,119,Maliek Collins,1,1,0.0,0,0,0,0,0,1,2.3,2.3,2.4%,DL,2018
119,120,Harrison Phillips,1,1,0.0,0,0,0,0,0,1,2.3,2.3,23.5%,DL,2018
120,121,Tyeler Davison,0,3,0.0,0,0,0,0,0,1,2.3,2.3,0.0%,DL,2018
121,122,Malcom Brown,0,3,0.0,0,0,0,0,0,1,2.3,2.3,0.0%,DL,2018
122,123,Arik Armstead,0,2,0.0,0,0,0,0,0,1,1.5,1.5,3.6%,DL,2018
123,124,Daniel Ross,1,0,0.0,0,0,0,0,0,1,1.5,1.5,0.0%,DL,2018
124,125,Kyle Love,1,0,0.0,0,0,0,0,0,1,1.5,1.5,0.0%,DL,2018
125,126,Damion Square,1,0,0.0,0,0,0,0,0,1,1.5,1.5,0.0%,DL,2018
126,127,Tom Johnson,1,0,0.0,0,0,0,0,0,1,1.5,1.5,0.0%,DL,2018
127,128,Trevon Coley,1,0,0.0,0,0,0,0,0,1,1.5,1.5,0.0%,DL,2018
128,129,Justin Jones,1,0,0.0,0,0,0,0,0,1,1.5,1.5,2.9%,DL,2018
129,130,Stephen Weatherly,0,2,0.0,0,0,0,0,0,1,1.5,1.5,0.0%,DL,2018
130,131,Christian Covington,1,0,0.0,0,0,0,0,0,1,1.5,1.5,0.0%,DL,2018
131,132,Brandon Mebane,0,2,0.0,0,0,0,0,0,1,1.5,1.5,0.0%,DL,2018
132,133,Romeo Okwara,1,0,0.0,0,0,0,0,0,1,1.5,1.5,0.0%,DL,2018
133,134,Jullian Taylor,1,0,0.0,0,0,0,0,0,1,1.5,1.5,0.0%,DL,2018
134,135,Bronson Kaufusi,0,0,0.0,1,0,0,0,0,1,1.5,1.5,0.0%,DL,2018
135,136,Connor Barwin,0,0,0.0,1,0,0,0,0,1,1.5,1.5,0.0%,DL,2018
136,137,Duke Ejiofor,1,0,0.0,0,0,0,0,0,1,1.5,1.5,0.0%,DL,2018
137,138,Star Lotulelei,0,0,0.0,1,0,0,0,0,1,1.5,1.5,0.0%,DL,2018
138,139,Sheldon Richardson,1,0,0.0,0,0,0,0,0,1,1.5,1.5,1.0%,DL,2018
139,140,Adam Gotsis,1,0,0.0,0,0,0,0,0,1,1.5,1.5,1.2%,DL,2018
140,141,Chris Wormley,1,0,0.0,0,0,0,0,0,1,1.5,1.5,0.0%,DL,2018
141,142,Caleb Brantley,1,0,0.0,0,0,0,0,0,1,1.5,1.5,0.0%,DL,2018
142,143,Marcell Dareus,1,0,0.0,0,0,0,0,0,1,1.5,1.5,0.0%,DL,2018
143,144,Jeremiah Ledbetter,1,0,0.0,0,0,0,0,0,1,1.5,1.5,0.2%,DL,2018
144,145,Arden Key,1,0,0.0,0,0,0,0,0,1,1.5,1.5,2.4%,DL,2018
145,146,Steven Means,0,2,0.0,0,0,0,0,0,1,1.5,1.5,0.0%,DL,2018
146,147,Vernon Butler,1,0,0.0,0,0,0,0,0,1,1.5,1.5,0.0%,DL,2018
147,148,Josh Mauro,0,2,0.0,0,0,0,0,0,1,1.5,1.5,0.0%,DL,2018
148,149,Tyson Alualu,0,2,0.0,0,0,0,0,0,1,1.5,1.5,0.0%,DL,2018
149,150,Vincent Valentine,0,1,0.0,0,0,0,0,0,1,0.8,0.8,0.0%,DL,2018
150,151,Derrick Nnadi,0,1,0.0,0,0,0,0,0,1,0.8,0.8,0.9%,DL,2018
151,152,Cameron Jordan,0,1,0.0,0,0,0,0,0,1,0.8,0.8,6.1%,DL,2018
152,153,Darius Philon,0,1,0.0,0,0,0,0,0,1,0.8,0.8,0.0%,DL,2018
153,154,Bennie Logan,0,1,0.0,0,0,0,0,0,1,0.8,0.8,0.0%,DL,2018
154,155,Mike Love,0,1,0.0,0,0,0,0,0,1,0.8,0.8,0.0%,DL,2018
155,156,Alex Okafor,0,1,0.0,0,0,0,0,0,1,0.8,0.8,0.0%,DL,2018
156,157,Austin Johnson,0,1,0.0,0,0,0,0,0,1,0.8,0.8,3.0%,DL,2018
157,158,John Franklin-Myers,0,1,0.0,0,0,0,0,0,1,0.8,0.8,0.9%,DL,2018
158,159,Michael Johnson,0,1,0.0,0,0,0,0,0,1,0.8,0.8,0.0%,DL,2018
159,160,Pasoni Tasini,0,1,0.0,0,0,0,0,0,1,0.8,0.8,0.0%,DL,2018
160,161,Shamar Stephen,0,1,0.0,0,0,0,0,0,1,0.8,0.8,0.0%,DL,2018
161,162,Nazair Jones,0,1,0.0,0,0,0,0,0,1,0.8,0.8,0.0%,DL,2018
162,163,Danny Shelton,0,1,0.0,0,0,0,0,0,1,0.8,0.8,0.0%,DL,2018
163,164,Clinton McDonald,0,1,0.0,0,0,0,0,0,1,0.8,0.8,0.0%,DL,2018
164,165,Melvin Ingram,0,1,0.0,0,0,0,0,0,1,0.8,0.8,0.0%,DL,2018
165,166,Cameron Malveaux,0,1,0.0,0,0,0,0,0,1,0.8,0.8,0.0%,DL,2018
166,167,Sheldon Rankins,0,1,0.0,0,0,0,0,0,1,0.8,0.8,2.0%,DL,2018
167,168,Jack Crawford,0,1,0.0,0,0,0,0,0,1,0.8,0.8,0.0%,DL,2018
168,169,Haloti Ngata,0,1,0.0,0,0,0,0,0,1,0.8,0.8,0.0%,DL,2018
169,170,Noah Spence,0,1,0.0,0,0,0,0,0,1,0.8,0.8,0.0%,DL,2018
170,171,Breeland Speaks,0,1,0.0,0,0,0,0,0,1,0.8,0.8,0.0%,DL,2018
171,172,Deadrin Senat,0,1,0.0,0,0,0,0,0,1,0.8,0.8,1.0%,DL,2018
172,173,Kareem Martin,3,2,0.0,0,0,0,0,0,1,0.0,0.0,0.0%,DL,2018
173,174,Chris Smith,0,0,0.0,0,0,0,0,0,1,0.0,0.0,0.0%,DL,2018
174,175,Devon Kennard,1,0,0.0,0,0,0,0,0,1,0.0,0.0,0.0%,DL,2018
175,176,Kony Ealy,0,0,0.0,0,0,0,0,0,1,0.0,0.0,0.0%,DL,2018
176,177,Marcus Smith,0,0,0.0,0,0,0,0,0,1,0.0,0.0,0.0%,DL,2018
177,178,Tim Jernigan,0,0,0.0,0,0,0,0,0,1,0.0,0.0,0.0%,DL,2018
178,179,Daniel McCullers,0,0,0.0,0,0,0,0,0,1,0.0,0.0,0.0%,DL,2018
179,180,Khalil Mack,0,0,0.0,0,0,0,0,0,1,0.0,0.0,52.8%,DL,2018
180,181,Kyle Van,0,3,0.0,0,0,0,1,1,1,0.0,0.0,8.2%,DL,2018
181,182,William Gholston,0,0,0.0,0,0,0,0,0,1,0.0,0.0,1.6%,DL,2018
182,183,Lerentee McCray,0,0,0.0,0,0,0,0,0,1,0.0,0.0,4.0%,DL,2018
183,184,Wes Horton,0,0,0.0,0,0,0,0,0,1,0.0,0.0,0.0%,DL,2018
184,185,John Jenkins,0,0,0.0,0,0,0,0,0,1,0.0,0.0,1.7%,DL,2018
185,186,John Simon,0,0,0.0,0,0,0,0,0,1,0.0,0.0,0.0%,DL,2018
186,187,Akeem Spence,0,0,0.0,0,0,0,0,0,1,0.0,0.0,0.0%,DL,2018
187,188,Sylvester Williams,0,0,0.0,0,0,0,0,0,1,0.0,0.0,0.0%,DL,2018
188,189,Barkevious Mingo,0,0,0.0,0,0,0,0,0,1,0.0,0.0,6.0%,DL,2018
189,190,Brandon Williams,0,0,0.0,0,0,0,0,0,1,0.0,0.0,0.2%,DL,2018
190,191,Kasim Edebali,0,0,0.0,0,0,0,0,0,1,0.0,0.0,0.0%,DL,2018
191,192,Ethan Westbrooks,0,0,0.0,0,0,0,0,0,1,0.0,0.0,0.0%,DL,2018
192,193,Bud Dupree,3,0,0.0,0,0,0,0,0,1,0.0,0.0,1.3%,DL,2018
193,194,Henry Anderson,0,0,0.0,0,0,0,0,0,1,0.0,0.0,0.0%,DL,2018
194,195,Za'Darius Smith,1,1,0.0,0,0,0,0,0,1,0.0,0.0,5.4%,DL,2018
195,196,Justin Hamilton,0,0,0.0,0,0,0,0,0,1,0.0,0.0,0.0%,DL,2018
196,197,Anthony Chickillo,0,1,0.5,0,0,0,0,0,1,0.0,0.0,0.0%,DL,2018
197,198,Preston Smith,1,1,0.0,0,0,0,0,0,1,0.0,0.0,11.1%,DL,2018
198,199,Eli Harold,0,0,0.0,0,0,0,0,0,1,0.0,0.0,0.0%,DL,2018
199,200,Vic Beasley,0,0,0.0,0,0,0,0,0,1,0.0,0.0,0.0%,DL,2018
200,201,Zach Kerr,0,0,0.0,0,0,0,0,0,1,0.0,0.0,0.0%,DL,2018
201,202,Brandon Copeland,1,0,0.0,1,0,0,0,0,1,0.0,0.0,0.0%,DL,2018
202,203,Shaquil Barrett,1,0,0.0,0,0,0,0,0,1,0.0,0.0,8.4%,DL,2018
203,204,Alejandro Villanueva,0,0,0.0,0,0,0,0,0,1,0.0,0.0,0.0%,DL,2018
204,205,Pernell McPhee,2,1,0.0,1,0,0,0,0,1,0.0,0.0,0.0%,DL,2018
205,206,Von Miller,2,1,0.0,0,0,0,1,0,1,0.0,0.0,2.5%,DL,2018
206,207,Robert Quinn,0,0,0.0,0,0,0,0,0,1,0.0,0.0,1.2%,DL,2018
207,208,Brooks Reed,0,0,0.0,0,0,0,0,0,1,0.0,0.0,0.0%,DL,2018
208,209,Terrell Suggs,1,1,0.0,0,0,0,0,0,1,0.0,0.0,0.0%,DL,2018
209,210,Derrick Morgan,2,0,0.0,1,0,0,0,0,1,0.0,0.0,0.0%,DL,2018
210,211,Carlos Dunlap,0,0,0.0,0,0,0,0,0,1,0.0,0.0,3.0%,DL,2018
211,212,Brian Price,0,0,0.0,0,0,0,0,0,1,0.0,0.0,0.0%,DL,2018
212,213,Chandler Jones,3,1,1.0,0,0,0,0,0,1,0.0,0.0,0.5%,DL,2018
213,214,Whitney Mercilus,1,1,0.5,0,0,0,0,0,1,0.0,0.0,0.2%,DL,2018
214,215,Dontari Poe,0,0,0.0,0,0,0,0,0,1,0.0,0.0,0.0%,DL,2018
215,216,Chris Long,0,0,0.0,0,0,0,0,0,1,0.0,0.0,0.0%,DL,2018
216,217,Clay Matthews,1,0,0.0,0,0,0,0,0,1,0.0,0.0,0.0%,DL,2018
217,218,Ziggy Hood,0,0,0.0,0,0,0,0,0,1,0.0,0.0,0.0%,DL,2018
218,219,Cameron Wake,4,0,0.0,0,0,0,0,0,1,0.0,0.0,0.0%,DL,2018
219,220,Niles Scott,0,0,0.0,0,0,0,0,0,1,0.0,0.0,0.0%,DL,2018
220,221,Sharif Finch,2,0,0.0,0,0,0,0,0,1,0.0,0.0,0.0%,DL,2018
221,222,Dennis Gardeck,0,0,0.0,0,0,0,0,0,1,0.0,0.0,3.6%,DL,2018
222,223,Nathan Shepherd,0,0,0.0,0,0,0,0,0,1,0.0,0.0,2.0%,DL,2018
223,224,Genard Avery,1,0,0.0,0,0,0,0,0,1,0.0,0.0,0.0%,DL,2018
224,225,Kylie Fitts,0,0,0.0,0,0,0,0,0,1,0.0,0.0,0.0%,DL,2018
225,226,James Looney,0,0,0.0,0,0,0,0,0,1,0.0,0.0,0.0%,DL,2018
226,227,Kemoko Turay,0,0,0.0,0,0,0,0,0,1,0.0,0.0,0.0%,DL,2018
227,228,Jeff Holland,0,3,0.0,0,0,0,0,0,1,0.0,0.0,0.2%,DL,2018
228,229,P.J. Hall,0,0,0.0,0,0,0,0,0,1,0.0,0.0,0.0%,DL,2018
229,230,Uchenna Nwosu,2,0,0.0,0,0,0,0,0,1,0.0,0.0,17.7%,DL,2018
230,231,Shaquem Griffin,0,0,0.0,0,0,0,0,0,1,0.0,0.0,0.1%,DL,2018
231,232,John Atkins,0,0,0.0,0,0,0,0,0,1,0.0,0.0,0.0%,DL,2018
232,233,Jacob Martin,2,0,1.0,0,0,1,0,0,1,0.0,0.0,0.4%,DL,2018
233,234,James Crawford,0,0,0.0,0,0,0,0,0,1,0.0,0.0,0.0%,DL,2018
234,235,Marquis Haynes,0,1,0.0,0,0,0,0,0,1,0.0,0.0,0.6%,DL,2018
235,236,Matthew Judon,2,0,0.0,0,0,0,0,0,1,0.0,0.0,16.8%,DL,2018
236,237,Jonathan Woodard,0,0,0.0,0,0,0,0,0,1,0.0,0.0,4.0%,DL,2018
237,238,DJ Reader,0,0,0.0,0,0,0,0,0,1,0.0,0.0,2.6%,DL,2018
238,239,Jonathan Bullard,0,0,0.0,0,0,0,0,0,1,0.0,0.0,3.3%,DL,2018
239,240,Leonard Floyd,3,3,0.0,0,0,0,0,0,1,0.0,0.0,5.4%,DL,2018
240,241,Jordan Jenkins,0,1,0.0,0,0,0,0,0,1,0.0,0.0,0.0%,DL,2018
241,242,Vince Biegel,0,0,0.0,0,0,0,0,0,1,0.0,0.0,0.0%,DL,2018
242,243,Anthony Zettel,0,0,0.0,0,0,0,0,0,1,0.0,0.0,1.0%,DL,2018
243,244,Hassan Ridgeway,0,0,0.0,0,0,0,0,0,1,0.0,0.0,0.0%,DL,2018
244,245,Kyler Fackrell,2,3,1.0,0,0,0,0,0,1,0.0,0.0,0.0%,DL,2018
245,246,Kamalei Correa,0,0,0.0,0,0,0,0,0,1,0.0,0.0,0.0%,DL,2018
246,247,Chris Jones,0,0,0.0,0,0,0,0,0,1,0.0,0.0,25.7%,DL,2018
247,248,Ufomba Kamalu,0,0,0.0,0,0,0,0,0,1,0.0,0.0,0.0%,DL,2018
248,249,Devante Bond,0,0,0.0,0,0,0,0,0,1,0.0,0.0,0.0%,DL,2018
249,250,Eric Lee,1,0,0.0,0,0,0,0,0,1,0.0,0.0,0.0%,DL,2018
250,251,Branden Jackson,0,0,0.0,0,0,0,0,0,1,0.0,0.0,0.0%,DL,2018
251,252,Ryan Delaire,0,0,0.0,0,0,0,0,0,1,0.0,0.0,0.0%,DL,2018
252,253,Darius Kilgo,0,0,0.0,0,0,0,0,0,1,0.0,0.0,0.0%,DL,2018
253,254,Brian Mihalik,0,0,0.0,0,0,0,0,0,1,0.0,0.0,0.0%,DL,2018
254,255,Gabe Wright,0,0,0.0,0,0,0,0,0,1,0.0,0.0,0.0%,DL,2018
255,256,John Denney,0,0,0.0,0,0,0,0,0,1,0.0,0.0,0.0%,DL,2018
256,257,Vontarrius Dora,0,1,0.0,1,0,0,0,0,1,0.0,0.0,0.0%,DL,2018
257,258,R.J. McIntosh,0,0,0.0,0,0,0,0,0,1,0.0,0.0,0.0%,DL,2018
258,259,Isaiah Irving,0,0,0.0,0,0,0,0,0,1,0.0,0.0,0.0%,DL,2018
259,260,Bryan Cox,0,0,0.0,0,0,0,0,0,1,0.0,0.0,0.0%,DL,2018
260,261,Daeshon Hall,0,0,0.0,0,0,0,0,0,1,0.0,0.0,2.0%,DL,2018
261,262,Pita Taumoepenu,0,0,0.0,0,0,0,0,0,1,0.0,0.0,0.0%,DL,2018
262,263,Samson Ebukam,1,2,0.0,0,0,0,0,0,1,0.0,0.0,8.7%,DL,2018
263,264,Jaleel Johnson,0,0,0.0,0,0,0,0,0,1,0.0,0.0,0.0%,DL,2018
264,265,Bradley Chubb,4,0,0.0,0,0,0,0,0,1,0.0,0.0,18.2%,DL,2018
265,266,Dorance Armstrong,0,0,0.0,0,0,0,0,0,1,0.0,0.0,4.2%,DL,2018
266,267,Harold Landry,3,1,1.0,0,0,0,0,0,1,0.0,0.0,24.1%,DL,2018
267,268,Lorenzo Carter,2,1,1.0,1,0,0,0,0,1,0.0,0.0,1.8%,DL,2018
268,269,Tyquan Lewis,0,0,0.0,0,0,0,0,0,1,0.0,0.0,0.4%,DL,2018
269,270,Kameron Canaday,0,0,0.0,0,0,0,0,0,1,0.0,0.0,0.0%,DL,2018
270,271,Zach Wood,0,0,0.0,0,0,0,0,0,1,0.0,0.0,0.0%,DL,2018
271,272,Reggie Gilbert,3,1,0.0,0,0,0,0,0,1,0.0,0.0,0.1%,DL,2018
272,273,James Onwualu,0,0,0.0,0,0,0,0,0,1,0.0,0.0,0.0%,DL,2018
273,274,Treyvon Hester,0,0,0.0,0,0,0,0,0,1,0.0,0.0,0.0%,DL,2018
274,275,Fadol Brown,0,0,0.0,0,0,0,0,0,1,0.0,0.0,0.0%,DL,2018
275,276,Dawuane Smoot,0,0,0.0,0,0,0,0,0,1,0.0,0.0,0.4%,DL,2018
276,277,Takk McKinley,1,0,1.0,0,0,0,0,0,1,0.0,0.0,1.1%,DL,2018
277,278,T.J. Watt,4,3,1.0,0,0,2,0,0,1,0.0,0.0,78.9%,DL,2018
278,279,Tyus Bowser,0,0,0.0,0,0,0,0,0,1,0.0,0.0,0.7%,DL,2018
279,280,Tarell Basham,0,0,0.0,0,0,0,0,0,1,0.0,0.0,0.0%,DL,2018
280,281,Jordan Willis,1,0,0.0,0,0,0,0,0,1,0.0,0.0,1.0%,DL,2018
