,Rank,Player,Tackle,Assist,Sack,Pass Defended,Interception,Forced Fumble,Fumble Recovery,Defend Touchdown,Games Played,Fantasy Football Points,FTPS/Game,ROST,Position,Year
0,1,Samson Ebukam,2,1,1.0,1,1,0,1,2,1,32.8,32.8,8.7%,LB,2018
1,2,Kyler Fackrell,5,1,3.0,0,0,0,0,0,1,30.3,30.3,0.0%,LB,2018
2,3,T.J. Watt,6,0,2.0,0,0,2,0,0,1,27.5,27.5,78.9%,LB,2018
3,4,Mason Foster,9,1,0.0,1,1,0,1,0,1,24.8,24.8,0.0%,LB,2018
4,5,Alec Ogletree,7,2,0.0,1,1,0,0,1,1,24.5,24.5,2.0%,LB,2018
5,6,Shaquille Leonard,5,2,1.0,1,1,1,0,0,1,23.5,23.5,21.8%,LB,2018
6,7,Vince Williams,6,4,1.0,1,0,0,0,0,1,20.0,20.0,0.1%,LB,2018
7,8,Khalil Mack,2,0,1.0,1,0,1,1,0,1,19.0,19.0,52.8%,LB,2018
8,9,Luke Kuechly,7,4,0.0,0,0,0,0,0,1,18.5,18.5,92.3%,LB,2018
9,10,Leighton Vander,4,4,0.0,3,1,0,0,0,1,18.5,18.5,2.2%,LB,2018
10,11,Eric Kendricks,12,0,0.0,0,0,0,0,0,1,18.0,18.0,32.1%,LB,2018
11,12,Vic Beasley,3,0,2.0,0,0,0,0,0,1,17.5,17.5,0.0%,LB,2018
12,13,Preston Smith,2,2,1.0,1,1,0,0,0,1,17.5,17.5,11.1%,LB,2018
13,14,Bradley Chubb,4,3,1.0,0,0,0,0,0,1,17.3,17.3,18.2%,LB,2018
14,15,Kareem Martin,4,3,1.0,0,0,0,0,0,1,17.3,17.3,0.0%,LB,2018
15,16,Eric Wilson,5,2,1.0,0,0,0,0,0,1,15.5,15.5,0.5%,LB,2018
16,17,Jarrad Davis,6,0,1.0,0,0,0,0,0,1,15.5,15.5,0.0%,LB,2018
17,18,Chandler Jones,3,0,2.0,0,0,0,0,0,1,15.0,15.0,0.5%,LB,2018
18,19,Josh Bynes,6,2,0.0,1,0,0,0,0,1,14.5,14.5,0.0%,LB,2018
19,20,Von Miller,1,0,1.0,1,1,0,0,0,1,14.5,14.5,2.5%,LB,2018
20,21,Hardy Nickerson,8,3,0.0,0,0,0,0,0,1,14.3,14.3,0.0%,LB,2018
21,22,Bobby Wagner,6,3,0.0,0,0,0,0,0,1,13.8,13.8,72.4%,LB,2018
22,23,Tahir Whitehead,6,2,0.0,0,0,0,0,0,1,13.0,13.0,0.0%,LB,2018
23,24,Jatavis Brown,7,1,0.0,1,0,0,0,0,1,12.8,12.8,0.1%,LB,2018
24,25,Leonard Floyd,5,0,0.0,0,0,0,0,0,1,12.5,12.5,5.4%,LB,2018
25,26,Clay Matthews,3,2,0.0,0,0,1,0,0,1,12.5,12.5,0.0%,LB,2018
26,27,Foyesade Oluokun,6,4,0.0,0,0,0,0,0,1,12.0,12.0,93.9%,LB,2018
27,28,Brennan Scarlett,2,1,0.0,2,1,0,0,0,1,11.8,11.8,0.0%,LB,2018
28,29,Devon Kennard,3,1,1.0,0,0,0,0,0,1,11.8,11.8,0.0%,LB,2018
29,30,Anthony Hitchens,4,2,0.0,0,0,1,0,0,1,11.5,11.5,1.0%,LB,2018
30,31,Adarius Taylor,4,2,0.0,0,0,1,0,0,1,11.5,11.5,0.0%,LB,2018
31,32,Cory Littleton,7,1,0.0,0,0,0,0,0,1,11.3,11.3,0.0%,LB,2018
32,33,Wesley Woodyard,7,1,0.0,0,0,0,0,0,1,11.3,11.3,0.0%,LB,2018
33,34,Whitney Mercilus,2,1,1.0,0,0,0,0,0,1,10.3,10.3,0.2%,LB,2018
34,35,Roquan Smith,6,1,0.0,0,0,0,0,0,1,9.8,9.8,90.7%,LB,2018
35,36,Demario Davis,3,0,0.0,0,0,0,0,0,1,9.5,9.5,22.3%,LB,2018
36,37,Craig Robertson,2,0,1.0,0,0,0,0,0,1,9.5,9.5,0.0%,LB,2018
37,38,Benardrick McKinney,2,3,0.0,0,0,1,0,0,1,9.3,9.3,0.0%,LB,2018
38,39,Todd Davis,3,2,0.0,2,0,0,0,0,1,9.0,9.0,0.0%,LB,2018
39,40,Jordan Hicks,5,2,0.0,0,0,0,0,0,1,9.0,9.0,29.9%,LB,2018
40,41,Anthony Walker,4,0,0.0,0,0,0,0,0,1,8.5,8.5,4.0%,LB,2018
41,42,Blake Martinez,2,4,0.0,0,0,0,0,0,1,8.5,8.5,0.0%,LB,2018
42,43,C.J. Mosley,4,1,0.0,1,0,0,0,0,1,8.3,8.3,65.7%,LB,2018
43,44,Thomas Davis,5,1,0.0,0,0,0,0,0,1,8.3,8.3,0.0%,LB,2018
44,45,Mark Barron,5,1,0.0,0,0,0,0,0,1,8.3,8.3,0.0%,LB,2018
45,46,Jayon Brown,4,1,0.0,1,0,0,0,0,1,8.3,8.3,2.0%,LB,2018
46,47,Jacob Martin,1,0,1.0,0,0,0,0,0,1,8.0,8.0,0.4%,LB,2018
47,48,Patrick Onwuasor,3,1,0.0,0,0,0,0,0,1,7.8,7.8,0.0%,LB,2018
48,49,Telvin Smith,4,2,0.0,0,0,0,0,0,1,7.5,7.5,0.1%,LB,2018
49,50,Josey Jewell,3,2,0.0,1,0,0,0,0,1,7.5,7.5,30.2%,LB,2018
50,51,Markus Golden,5,0,0.0,0,0,0,0,0,1,7.5,7.5,0.5%,LB,2018
51,52,Tae Davis,5,0,0.0,0,0,0,0,0,1,7.5,7.5,0.2%,LB,2018
52,53,Nigel Bradham,5,0,0.0,0,0,0,0,0,1,7.5,7.5,0.0%,LB,2018
53,54,Christian Jones,4,0,0.0,1,0,0,0,0,1,7.5,7.5,0.0%,LB,2018
54,55,Sharif Finch,1,2,0.0,0,0,1,0,0,1,7.0,7.0,0.0%,LB,2018
55,56,Bud Dupree,3,0,0.0,0,0,0,0,0,1,7.0,7.0,1.3%,LB,2018
56,57,De'Vondre Campbell,3,3,0.0,0,0,0,0,0,1,6.8,6.8,20.9%,LB,2018
57,58,Duke Riley,3,3,0.0,0,0,0,0,0,1,6.8,6.8,4.0%,LB,2018
58,59,Zach Brown,3,3,0.0,0,0,0,0,0,1,6.8,6.8,0.0%,LB,2018
59,60,Austin Calitro,1,4,0.5,0,0,0,0,0,1,6.5,6.5,0.0%,LB,2018
60,61,Shaq Thompson,3,2,0.0,0,0,0,0,0,1,6.0,6.0,14.8%,LB,2018
61,62,Jon Bostic,2,4,0.0,0,0,0,0,0,1,6.0,6.0,0.0%,LB,2018
62,63,Kenny Young,4,0,0.0,0,0,0,0,0,1,6.0,6.0,0.0%,LB,2018
63,64,Danny Trevathan,2,0,0.0,0,0,0,0,0,1,5.5,5.5,0.0%,LB,2018
64,65,Dorian O'Daniel,3,1,0.0,0,0,0,0,0,1,5.3,5.3,0.0%,LB,2018
65,66,Takk McKinley,1,1,0.0,0,0,0,0,0,1,4.8,4.8,1.1%,LB,2018
66,67,Nicholas Morrow,1,1,0.0,0,0,0,0,0,1,4.8,4.8,4.9%,LB,2018
67,68,Reggie Gilbert,3,0,0.0,0,0,0,0,0,1,4.5,4.5,0.1%,LB,2018
68,69,Jordan Evans,2,0,0.0,1,0,0,0,0,1,4.5,4.5,0.0%,LB,2018
69,70,Kyle Emanuel,2,2,0.0,0,0,0,0,0,1,4.5,4.5,0.0%,LB,2018
70,71,Terrell Suggs,1,0,0.0,0,0,0,0,0,1,4.0,4.0,0.0%,LB,2018
71,72,Alex Anzalone,2,1,0.0,0,0,0,0,0,1,3.8,3.8,31.6%,LB,2018
72,73,Antonio Morrison,1,3,0.0,0,0,0,0,0,1,3.8,3.8,0.0%,LB,2018
73,74,B.J. Goodson,2,1,0.0,0,0,0,0,0,1,3.8,3.8,0.1%,LB,2018
74,75,Su'a Cravens,2,1,0.0,0,0,0,0,0,1,3.8,3.8,0.0%,LB,2018
75,76,Za'Darius Smith,1,1,0.0,1,0,0,0,0,1,3.8,3.8,5.4%,LB,2018
76,77,Vontaze Burfict,1,3,0.0,0,0,0,0,0,1,3.8,3.8,0.0%,LB,2018
77,78,Matthew Judon,0,2,0.5,0,0,0,0,0,1,3.5,3.5,16.8%,LB,2018
78,79,Harold Landry,1,2,0.0,0,0,0,0,0,1,3.0,3.0,24.1%,LB,2018
79,80,Vincent Rey,2,0,0.0,0,0,0,0,0,1,3.0,3.0,0.0%,LB,2018
80,81,Ryan Anderson,0,4,0.0,0,0,0,0,0,1,3.0,3.0,0.0%,LB,2018
81,82,Skai Moore,2,0,0.0,0,0,0,0,0,1,3.0,3.0,0.0%,LB,2018
82,83,Riley Bullough,2,0,0.0,0,0,0,0,0,1,3.0,3.0,0.0%,LB,2018
83,84,Marquel Lee,1,2,0.0,0,0,0,0,0,1,3.0,3.0,0.0%,LB,2018
84,85,Shaquil Barrett,1,2,0.0,0,0,0,0,0,1,3.0,3.0,8.4%,LB,2018
85,86,A.J. Klein,2,0,0.0,0,0,0,0,0,1,3.0,3.0,0.0%,LB,2018
86,87,Brian Peters,1,2,0.0,0,0,0,0,0,1,3.0,3.0,0.0%,LB,2018
87,88,Tyus Bowser,0,1,0.5,0,0,0,0,0,1,2.8,2.8,0.7%,LB,2018
88,89,Damien Wilson,1,1,0.0,0,0,0,0,0,1,2.3,2.3,0.0%,LB,2018
89,90,Barkevious Mingo,1,1,0.0,0,0,0,0,0,1,2.3,2.3,6.0%,LB,2018
90,91,Jason Cabinda,1,1,0.0,0,0,0,0,0,1,2.3,2.3,0.0%,LB,2018
91,92,Devante Bond,1,1,0.0,0,0,0,0,0,1,2.3,2.3,0.0%,LB,2018
92,93,Bruce Carter,1,1,0.0,0,0,0,0,0,1,2.3,2.3,0.0%,LB,2018
93,94,Haason Reddick,0,3,0.0,0,0,0,0,0,1,2.3,2.3,17.6%,LB,2018
94,95,Marquis Haynes,1,0,0.0,0,0,0,0,0,1,1.5,1.5,0.6%,LB,2018
95,96,Kamalei Correa,1,0,0.0,0,0,0,0,0,1,1.5,1.5,0.0%,LB,2018
96,97,Lorenzo Carter,1,0,0.0,0,0,0,0,0,1,1.5,1.5,1.8%,LB,2018
97,98,Myles Jack,1,0,0.0,0,0,0,0,0,1,1.5,1.5,0.4%,LB,2018
98,99,Jordan Willis,1,0,0.0,0,0,0,0,0,1,1.5,1.5,1.0%,LB,2018
99,100,Rashaan Evans,1,0,0.0,0,0,0,0,0,1,1.5,1.5,0.2%,LB,2018
100,101,Uchenna Nwosu,1,0,0.0,0,0,0,0,0,1,1.5,1.5,17.7%,LB,2018
101,102,L.J. Fort,1,0,0.0,0,0,0,0,0,1,1.5,1.5,0.0%,LB,2018
102,103,Jaylon Smith,0,2,0.0,0,0,0,0,0,1,1.5,1.5,0.2%,LB,2018
103,104,Anthony Chickillo,1,0,0.0,0,0,0,0,0,1,1.5,1.5,0.0%,LB,2018
104,105,Ben Gedeon,1,0,0.0,0,0,0,0,0,1,1.5,1.5,0.0%,LB,2018
105,106,Nate Gerry,0,1,0.0,0,0,0,0,0,1,0.8,0.8,0.0%,LB,2018
106,107,Deone Bucannon,0,1,0.0,0,0,0,0,0,1,0.8,0.8,0.0%,LB,2018
107,108,Nate Stupar,0,0,0.0,0,0,0,0,0,1,0.0,0.0,0.0%,LB,2018
108,109,Kemal Ishmael,1,1,0.0,0,0,0,0,0,1,0.0,0.0,0.0%,LB,2018
109,110,Lerentee McCray,0,0,0.0,0,0,0,0,0,1,0.0,0.0,4.0%,LB,2018
110,111,LaRoy Reynolds,0,0,0.0,0,0,0,0,0,1,0.0,0.0,0.0%,LB,2018
111,112,Gerald Hodges,0,0,0.0,0,0,0,0,0,1,0.0,0.0,0.0%,LB,2018
112,113,Kevin Minter,0,0,0.0,0,0,0,0,0,1,0.0,0.0,0.0%,LB,2018
113,114,Frank Zombo,0,0,0.0,0,0,0,0,0,1,0.0,0.0,3.0%,LB,2018
114,115,Nick Bellore,0,0,0.0,0,0,0,0,0,1,0.0,0.0,7.0%,LB,2018
115,116,Najee Goode,0,0,0.0,0,0,0,0,0,1,0.0,0.0,0.0%,LB,2018
116,117,Kyle Wilber,0,0,0.0,0,0,0,0,0,1,0.0,0.0,0.0%,LB,2018
117,118,Korey Toomer,0,0,0.0,0,0,0,0,0,1,0.0,0.0,0.0%,LB,2018
118,119,Melvin Ingram,1,0,0.0,0,0,0,0,0,1,0.0,0.0,0.0%,LB,2018
119,120,Bruce Irvin,1,1,0.0,0,0,0,0,0,1,0.0,0.0,0.2%,LB,2018
120,121,Dee Ford,2,0,0.0,0,0,1,0,0,1,0.0,0.0,0.0%,LB,2018
121,122,Jadeveon Clowney,4,0,1.0,0,0,0,0,0,1,0.0,0.0,22.5%,LB,2018
122,123,Aaron Lynch,0,0,0.0,0,0,0,0,0,1,0.0,0.0,0.0%,LB,2018
123,124,Benson Mayowa,0,0,0.0,0,0,0,0,0,1,0.0,0.0,0.0%,LB,2018
124,125,Daren Bates,0,0,0.0,0,0,0,0,0,1,0.0,0.0,0.0%,LB,2018
125,126,Maurice Alexander,0,0,0.0,0,0,0,0,0,1,0.0,0.0,0.0%,LB,2018
126,127,Brooks Reed,0,1,0.0,0,0,0,0,0,1,0.0,0.0,0.0%,LB,2018
127,128,Justin Houston,4,0,1.0,0,0,1,0,0,1,0.0,0.0,0.0%,LB,2018
128,129,Brandon Williams,0,0,0.0,0,0,0,0,0,1,0.0,0.0,0.0%,LB,2018
129,130,Brian Orakpo,0,0,0.0,0,0,0,0,0,1,0.0,0.0,0.0%,LB,2018
130,131,Connor Barwin,0,1,0.0,0,0,0,0,0,1,0.0,0.0,0.0%,LB,2018
131,132,Derrick Morgan,0,0,0.0,0,0,0,0,0,1,0.0,0.0,0.0%,LB,2018
132,133,Jason Pierre-Paul,4,3,1.5,0,0,0,0,0,1,0.0,0.0,0.0%,LB,2018
133,134,Zak DeOssie,0,0,0.0,0,0,0,0,0,1,0.0,0.0,0.0%,LB,2018
134,135,Chris Long,2,0,0.0,0,0,0,0,0,1,0.0,0.0,0.0%,LB,2018
135,136,Tanoh Kpassagnon,0,0,0.0,0,0,0,0,0,1,0.0,0.0,0.0%,LB,2018
136,137,Ukeme Eligwe,0,0,0.0,0,0,0,0,0,1,0.0,0.0,0.0%,LB,2018
137,138,Josh Harvey-Clemons,0,0,0.0,1,0,0,0,0,1,0.0,0.0,0.0%,LB,2018
138,139,Jalen Reeves-Maybin,0,0,0.0,0,0,0,0,0,1,0.0,0.0,1.3%,LB,2018
139,140,Blair Brown,0,0,0.0,0,0,0,0,0,1,0.0,0.0,1.0%,LB,2018
140,141,Dawuane Smoot,0,0,0.0,0,0,0,0,0,1,0.0,0.0,0.4%,LB,2018
141,142,Joe Jones,0,0,0.0,0,0,0,0,0,1,0.0,0.0,0.0%,LB,2018
142,143,Brandon Bell,0,0,0.0,0,0,0,0,0,1,0.0,0.0,0.0%,LB,2018
143,144,Vontarrius Dora,0,0,0.0,0,0,0,0,0,1,0.0,0.0,0.0%,LB,2018
144,145,Luke Rhodes,0,0,0.0,0,0,0,0,0,1,0.0,0.0,0.0%,LB,2018
145,146,Kameron Canaday,0,0,0.0,0,0,0,0,0,1,0.0,0.0,0.0%,LB,2018
146,147,Isaiah Irving,0,0,0.0,0,0,0,0,0,1,0.0,0.0,0.0%,LB,2018
147,148,Chris Board,0,0,0.0,0,0,0,0,0,1,0.0,0.0,1.5%,LB,2018
148,149,James Crawford,0,0,0.0,0,0,0,0,0,1,0.0,0.0,0.0%,LB,2018
149,150,Trent Sieg,0,0,0.0,0,0,0,0,0,1,0.0,0.0,0.0%,LB,2018
150,151,Nick DeLuca,0,0,0.0,0,0,0,0,0,1,0.0,0.0,0.0%,LB,2018
151,152,Ben Niemann,0,0,0.0,0,0,0,0,0,1,0.0,0.0,0.4%,LB,2018
152,153,Jermaine Carter,0,0,0.0,0,0,0,0,0,1,0.0,0.0,0.0%,LB,2018
153,154,Hunter Bradley,0,0,0.0,0,0,0,0,0,1,0.0,0.0,0.0%,LB,2018
154,155,Oren Burks,0,0,0.0,0,0,0,0,0,1,0.0,0.0,3.8%,LB,2018
155,156,Devante Downs,0,0,0.0,0,0,0,0,0,1,0.0,0.0,0.0%,LB,2018
156,157,Justin Lawler,0,0,0.0,0,0,0,0,0,1,0.0,0.0,0.0%,LB,2018
157,158,Ezekiel Turner,0,0,0.0,0,0,0,0,0,1,0.0,0.0,0.2%,LB,2018
158,159,Dennis Gardeck,0,0,0.0,0,0,0,0,0,1,0.0,0.0,3.6%,LB,2018
159,160,Joel Iyiegbuniwe,0,0,0.0,0,0,0,0,0,1,0.0,0.0,0.0%,LB,2018
160,161,Arden Key,0,0,0.0,0,0,0,0,0,1,0.0,0.0,2.4%,LB,2018
161,162,Malik Jefferson,0,0,0.0,0,0,0,0,0,1,0.0,0.0,0.0%,LB,2018
162,163,Tre'Von Johnson,0,0,0.0,0,0,0,0,0,1,0.0,0.0,0.0%,LB,2018
163,164,Micah Kiser,0,0,0.0,0,0,0,0,0,1,0.0,0.0,0.0%,LB,2018
164,165,Peter Kalambayi,0,0,0.0,0,0,0,0,0,1,0.0,0.0,0.0%,LB,2018
165,166,Leon Jacobs,0,0,0.0,0,0,0,0,0,1,0.0,0.0,0.0%,LB,2018
166,167,Matthew Adams,0,0,0.0,0,0,0,0,0,1,0.0,0.0,0.2%,LB,2018
167,168,Zaire Franklin,0,0,0.0,0,0,0,0,0,1,0.0,0.0,92.0%,LB,2018
168,169,Jordan Thomas,0,0,0.0,0,0,0,0,0,1,0.0,0.0,0.0%,LB,2018
169,170,Matthew Thomas,0,0,0.0,0,0,0,0,0,1,0.0,0.0,0.0%,LB,2018
170,171,Shaquem Griffin,0,0,0.0,0,0,0,0,0,1,0.0,0.0,0.1%,LB,2018
171,172,Keishawn Bierria,0,0,0.0,0,0,0,0,0,1,0.0,0.0,0.0%,LB,2018
172,173,Shaun Dion,0,0,0.0,0,0,0,0,0,1,0.0,0.0,0.0%,LB,2018
173,174,D.J. Alexander,0,0,0.0,0,0,0,0,0,1,0.0,0.0,0.0%,LB,2018
174,175,Ramik Wilson,0,0,0.0,0,0,0,0,0,1,0.0,0.0,0.0%,LB,2018
175,176,Hayes Pullard,0,0,0.0,0,0,0,0,0,1,0.0,0.0,0.0%,LB,2018
176,177,David Mayo,0,0,0.0,0,0,0,0,0,1,0.0,0.0,0.2%,LB,2018
177,178,Nick Dzubnar,0,0,0.0,0,0,0,0,0,1,0.0,0.0,0.0%,LB,2018
178,179,Josh Keyes,0,0,0.0,0,0,0,0,0,1,0.0,0.0,0.0%,LB,2018
179,180,Bryce Hager,0,0,0.0,0,0,0,0,0,1,0.0,0.0,0.0%,LB,2018
180,181,Frank Clark,3,1,2.0,0,0,0,0,0,1,0.0,0.0,0.0%,LB,2018
181,182,Justin March-Lillard,0,0,0.0,0,0,0,0,0,1,0.0,0.0,0.0%,LB,2018
182,183,Ben Jacobs,0,0,0.0,0,0,0,0,0,1,0.0,0.0,0.0%,LB,2018
183,184,Danielle Hunter,5,0,0.0,0,0,0,0,0,1,0.0,0.0,52.9%,LB,2018
184,185,Randy Gregory,1,0,1.0,0,0,0,0,0,1,0.0,0.0,2.2%,LB,2018
185,186,Landon Collins,5,6,0.0,0,0,0,0,0,1,0.0,0.0,0.0%,LB,2018
186,187,Shane Ray,0,0,0.0,0,0,0,0,0,1,0.0,0.0,1.0%,LB,2018
187,188,Reggie Ragland,0,0,0.0,0,0,0,0,0,1,0.0,0.0,0.0%,LB,2018
188,189,Carl Nassib,4,2,0.5,0,0,0,0,0,1,0.0,0.0,0.0%,LB,2018
189,190,Vince Biegel,0,0,0.0,0,0,0,0,0,1,0.0,0.0,0.0%,LB,2018
190,191,Joey Bosa,1,0,0.0,0,0,0,0,0,1,0.0,0.0,16.7%,LB,2018
191,192,Kentrell Brothers,0,0,0.0,0,0,0,0,0,1,0.0,0.0,0.0%,LB,2018
192,193,Shilique Calhoun,0,0,0.0,0,0,0,0,0,1,0.0,0.0,0.0%,LB,2018
193,194,Don Muhlbach,0,0,0.0,0,0,0,0,0,1,0.0,0.0,0.0%,LB,2018
194,195,L.P. LaDouceur,0,0,0.0,0,0,0,0,0,1,0.0,0.0,0.0%,LB,2018
195,196,Tyler Ott,0,0,0.0,0,0,0,0,0,1,0.0,0.0,0.0%,LB,2018
196,197,Nick Sundberg,0,0,0.0,0,0,0,0,0,1,0.0,0.0,0.0%,LB,2018
197,198,Patrick Scales,0,0,0.0,0,0,0,0,0,1,0.0,0.0,0.0%,LB,2018
198,199,Rick Lovato,0,0,0.0,0,0,0,0,0,1,0.0,0.0,0.0%,LB,2018
199,200,Kevin McDermott,0,0,0.0,0,0,0,0,0,1,0.0,0.0,0.0%,LB,2018
200,201,Josh Harris,0,0,0.0,0,0,0,0,0,1,0.0,0.0,0.0%,LB,2018
201,202,JJ Jansen,0,0,0.0,0,0,0,0,0,1,0.0,0.0,0.0%,LB,2018
202,203,Jake McQuaide,0,0,0.0,0,0,0,0,0,1,0.0,0.0,0.0%,LB,2018
203,204,Tyler Matakevich,0,0,0.0,0,0,0,0,0,1,0.0,0.0,0.0%,LB,2018
204,205,Joe Walker,0,0,0.0,0,0,0,0,0,1,0.0,0.0,0.0%,LB,2018
205,206,Cassanova McKinzy,0,0,0.0,0,0,0,0,0,1,0.0,0.0,0.0%,LB,2018
206,207,Trevor Bates,0,0,0.0,0,0,0,0,0,1,0.0,0.0,0.0%,LB,2018
207,208,Nick Kwiatkoski,0,0,0.0,0,0,0,0,0,1,0.0,0.0,0.0%,LB,2018
208,209,Kamu Grugier-Hill,0,0,0.0,0,0,0,0,0,1,0.0,0.0,7.2%,LB,2018
209,210,Mike Windt,0,0,0.0,0,0,0,0,0,1,0.0,0.0,0.0%,LB,2018
210,211,Zach Vigil,0,0,0.0,0,0,0,0,0,1,0.0,0.0,0.0%,LB,2018
211,212,Cameron Lynch,0,0,0.0,0,0,0,0,0,1,0.0,0.0,0.0%,LB,2018
212,213,Aaron Brewer,0,0,0.0,0,0,0,0,0,1,0.0,0.0,0.0%,LB,2018
213,214,Casey Kreiter,0,0,0.0,0,0,0,0,0,1,0.0,0.0,0.0%,LB,2018
214,215,Garrison Sanborn,0,0,0.0,0,0,0,0,0,1,0.0,0.0,0.0%,LB,2018
215,216,Morgan Cox,0,0,0.0,0,0,0,0,0,1,0.0,0.0,0.0%,LB,2018
216,217,Matt Overton,0,0,0.0,0,0,0,0,0,1,0.0,0.0,0.0%,LB,2018
217,218,Jon Weeks,0,0,0.0,0,0,0,0,0,1,0.0,0.0,0.0%,LB,2018
