,Rank,Player,Rushing Attempts,Rushing Yards,Rushing Yards/Attempts,Longest Rushing,Rushing 20+,Rushing Touchdown,Recptions,TGT,Receiving Yards,Receiving Yards/Reception,Receiving Touchdowns,Fumbles,Games Played,Fantasy Football Points,FTPS/Game,ROST,Position,Year
0,1,Christian McCaffrey,17,125,7.4,59,1,1,11,11,112,10.2,1,0,1,35.7,35.7,100.0%,RB,2018
1,2,Saquon Barkley,13,101,7.8,51,2,1,7,8,41,5.9,1,0,1,26.2,26.2,100.0%,RB,2018
2,3,Nick Chubb,28,84,3.0,27,1,1,3,3,44,14.7,1,0,1,24.8,24.8,55.7%,RB,2018
3,4,Leonard Fournette,18,95,5.3,16,0,2,3,3,13,4.3,0,0,1,22.8,22.8,2.1%,RB,2018
4,5,Lamar Miller,12,162,13.5,97,2,1,1,1,5,5.0,0,0,1,22.7,22.7,0.0%,RB,2018
5,6,LeGarrette Blount,19,88,4.6,27,1,2,1,1,15,15.0,0,0,1,22.3,22.3,0.1%,RB,2018
6,7,Kenyan Drake,8,32,4.0,14,0,1,5,6,64,12.8,1,0,1,21.6,21.6,0.0%,RB,2018
7,8,Sony Michel,21,133,6.3,33,2,1,2,2,12,6.0,0,0,1,20.5,20.5,0.0%,RB,2018
8,9,Ezekiel Elliott,26,121,4.7,16,0,1,5,6,22,4.4,0,0,1,20.3,20.3,79.1%,RB,2018
9,10,Melvin Gordon,10,61,6.1,28,1,2,2,2,5,2.5,0,0,1,18.6,18.6,0.0%,RB,2018
10,11,Phillip Lindsay,14,110,7.9,32,1,1,0,0,0,0.0,0,0,1,17.0,17.0,0.0%,RB,2018
11,12,Josh Adams,22,84,3.8,19,0,1,0,1,0,0.0,0,0,1,16.4,16.4,0.0%,RB,2018
12,13,Austin Ekeler,5,35,7.0,13,0,1,10,11,68,6.8,0,0,1,16.3,16.3,93.2%,RB,2018
13,14,Joe Mixon,14,89,6.4,32,1,0,7,7,66,9.4,0,0,1,15.5,15.5,99.1%,RB,2018
14,15,Aaron Jones,17,72,4.2,11,0,1,3,5,21,7.0,0,0,1,15.3,15.3,93.5%,RB,2018
15,16,Matt Breida,14,106,7.6,33,2,0,3,4,34,11.3,0,0,1,14.0,14.0,1.1%,RB,2018
16,17,Dalvin Cook,10,29,2.9,9,0,0,3,3,47,15.7,1,0,1,13.6,13.6,9.4%,RB,2018
17,18,Doug Martin,11,51,4.6,14,0,1,3,4,21,7.0,0,0,1,13.2,13.2,0.0%,RB,2018
18,19,Chris Carson,16,55,3.4,16,0,1,2,2,8,4.0,0,0,1,12.3,12.3,0.3%,RB,2018
19,20,Peyton Barber,18,47,2.6,14,0,1,2,2,16,8.0,0,0,1,12.3,12.3,1.0%,RB,2018
20,21,Tarik Cohen,3,14,4.7,10,0,0,7,8,45,6.4,1,0,1,11.9,11.9,0.0%,RB,2018
21,22,Gus Edwards,23,118,5.1,19,0,0,0,0,0,0.0,0,0,1,11.8,11.8,80.8%,RB,2018
22,23,Alvin Kamara,14,89,6.4,18,0,0,1,1,9,9.0,0,0,1,9.8,9.8,98.2%,RB,2018
23,24,Corey Clement,5,45,9.0,32,1,0,2,2,31,15.5,0,0,1,9.6,9.6,0.0%,RB,2018
24,25,Marlon Mack,15,85,5.7,25,1,0,2,2,11,5.5,0,0,1,9.6,9.6,0.0%,RB,2018
25,26,Kapri Bibbs,3,17,5.7,8,0,1,3,3,19,6.3,0,0,1,9.6,9.6,0.1%,RB,2018
26,27,Taquan Mizzell,1,7,7.0,7,0,0,2,3,21,10.5,1,0,1,8.8,8.8,0.0%,RB,2018
27,28,Tevin Coleman,8,6,0.8,4,0,0,3,4,17,5.7,1,0,1,8.3,8.3,0.0%,RB,2018
28,29,David Johnson,17,63,3.7,12,0,0,2,3,16,8.0,0,0,1,7.9,7.9,0.0%,RB,2018
29,30,James White,9,73,8.1,27,2,0,1,5,5,5.0,0,0,1,7.8,7.8,0.1%,RB,2018
30,31,Frank Gore,14,67,4.8,23,1,0,1,2,10,10.0,0,0,1,7.7,7.7,12.1%,RB,2018
31,32,James Conner,13,53,4.1,11,0,0,4,4,42,10.5,0,1,1,7.5,7.5,91.7%,RB,2018
32,33,Mark Ingram,11,52,4.7,12,0,0,2,2,14,7.0,0,0,1,6.6,6.6,0.1%,RB,2018
33,34,Ty Montgomery,8,51,6.4,15,0,0,3,3,13,4.3,0,0,1,6.4,6.4,0.0%,RB,2018
34,35,Alfred Blue,13,49,3.8,9,0,0,1,1,13,13.0,0,0,1,6.2,6.2,0.0%,RB,2018
35,36,Jacquizz Rodgers,5,31,6.2,20,1,0,4,5,31,7.8,0,0,1,6.2,6.2,0.0%,RB,2018
36,37,Theo Riddick,2,12,6.0,7,0,0,7,7,48,6.9,0,0,1,6.0,6.0,0.0%,RB,2018
37,38,Isaiah Crowell,6,30,5.0,12,0,0,3,4,30,10.0,0,0,1,6.0,6.0,0.1%,RB,2018
38,39,Justin Jackson,7,57,8.1,20,1,0,0,0,0,0.0,0,0,1,5.7,5.7,0.0%,RB,2018
39,40,LeSean McCoy,17,46,2.7,7,0,0,1,1,7,7.0,0,0,1,5.3,5.3,2.0%,RB,2018
40,41,Nyheim Hines,9,28,3.1,9,0,0,2,2,22,11.0,0,0,1,5.0,5.0,0.5%,RB,2018
41,42,Adrian Peterson,12,35,2.9,9,0,0,2,2,9,4.5,0,0,1,4.4,4.4,2.4%,RB,2018
42,43,Jeff Wilson,7,33,4.7,18,0,0,1,1,8,8.0,0,0,1,4.1,4.1,6.8%,RB,2018
43,44,Dion Lewis,7,8,1.1,7,0,0,7,7,33,4.7,0,0,1,4.1,4.1,2.0%,RB,2018
44,45,Duke Johnson,2,16,8.0,13,0,0,1,2,23,23.0,0,0,1,3.9,3.9,0.0%,RB,2018
45,46,Carlos Hyde,10,33,3.3,11,0,0,0,0,0,0.0,0,0,1,3.3,3.3,0.0%,RB,2018
46,47,Latavius Murray,11,33,3.0,8,0,0,0,0,0,0.0,0,0,1,3.3,3.3,7.6%,RB,2018
47,48,T.J. Yeldon,3,16,5.3,13,0,0,2,4,17,8.5,0,0,1,3.3,3.3,0.0%,RB,2018
48,49,Derrick Henry,8,30,3.8,8,0,0,2,3,19,9.5,0,1,1,2.9,2.9,99.4%,RB,2018
49,50,Tre Madden,0,0,0.0,0,0,0,1,1,28,28.0,0,0,1,2.8,2.8,0.1%,RB,2018
50,51,Elijah McGuire,6,19,3.2,8,0,0,1,3,7,7.0,0,0,1,2.6,2.6,0.0%,RB,2018
51,52,Wayne Gallman,5,25,5.0,8,0,0,2,2,-2,-1.0,0,0,1,2.3,2.3,0.0%,RB,2018
52,53,Giovani Bernard,1,10,10.0,10,0,0,1,1,12,12.0,0,0,1,2.2,2.2,0.0%,RB,2018
53,54,Tommy Bohanon,1,0,0.0,0,0,0,2,2,19,9.5,0,0,1,1.9,1.9,0.0%,RB,2018
54,55,DeAndre Washington,3,8,2.7,5,0,0,1,1,9,9.0,0,0,1,1.7,1.7,11.0%,RB,2018
55,56,Royce Freeman,6,17,2.8,5,0,0,0,0,0,0.0,0,0,1,1.7,1.7,3.2%,RB,2018
56,57,Jalen Richard,1,1,1.0,1,0,0,2,4,15,7.5,0,0,1,1.6,1.6,1.0%,RB,2018
57,58,Detrez Newsome,4,15,3.8,6,0,0,0,0,0,0.0,0,0,1,1.5,1.5,0.0%,RB,2018
58,59,Jordan Howard,7,13,1.9,4,0,0,1,2,2,2.0,0,0,1,1.5,1.5,0.0%,RB,2018
59,60,Chris Ivory,3,14,4.7,6,0,0,0,0,0,0.0,0,0,1,1.4,1.4,0.0%,RB,2018
60,61,Mike Davis,4,14,3.5,10,0,0,0,1,0,0.0,0,0,1,1.4,1.4,1.0%,RB,2018
61,62,Zach Zenner,2,9,4.5,8,0,0,1,1,4,4.0,0,0,1,1.3,1.3,0.0%,RB,2018
62,63,C.J. Ham,1,0,0.0,0,0,0,1,1,13,13.0,0,0,1,1.3,1.3,0.1%,RB,2018
63,64,Jordan Wilkins,0,0,0.0,0,0,0,3,3,32,10.7,0,1,1,1.2,1.2,0.0%,RB,2018
64,65,Jaylen Samuels,0,0,0.0,0,0,0,1,2,12,12.0,0,0,1,1.2,1.2,0.0%,RB,2018
65,66,Jamize Olawale,0,0,0.0,0,0,0,1,1,10,10.0,0,0,1,1.0,1.0,0.0%,RB,2018
66,67,Elijhaa Penny,0,0,0.0,0,0,0,1,1,7,7.0,0,0,1,0.7,0.7,0.0%,RB,2018
67,68,Rod Smith,2,7,3.5,8,0,0,0,0,0,0.0,0,0,1,0.7,0.7,0.0%,RB,2018
68,69,Ito Smith,4,0,0.0,3,0,0,2,2,7,3.5,0,0,1,0.7,0.7,0.0%,RB,2018
69,70,Devontae Booker,0,0,0.0,0,0,0,1,2,6,6.0,0,0,1,0.6,0.6,0.0%,RB,2018
70,71,T.J. Logan,0,0,0.0,0,0,0,1,1,5,5.0,0,0,1,0.5,0.5,0.0%,RB,2018
71,72,Jamaal Williams,1,5,5.0,5,0,0,0,0,0,0.0,0,0,1,0.5,0.5,10.3%,RB,2018
72,73,Rashaad Penny,4,4,1.0,2,0,0,0,0,0,0.0,0,0,1,0.4,0.4,4.1%,RB,2018
73,74,Javorius Allen,1,2,2.0,2,0,0,0,0,0,0.0,0,0,1,0.2,0.2,0.1%,RB,2018
74,75,Nick Bellore,0,0,0.0,0,0,0,2,2,12,6.0,0,0,1,0.0,0.0,7.0%,RB,2018
75,76,Brandon Bolden,0,0,0.0,0,0,0,0,0,0,0.0,0,0,1,0.0,0.0,0.0%,RB,2018
76,77,Kyle Juszczyk,0,0,0.0,0,0,0,0,1,0,0.0,0,0,1,0.0,0.0,0.9%,RB,2018
77,78,Benny Cunningham,0,0,0.0,0,0,0,0,0,0,0.0,0,0,1,0.0,0.0,0.0%,RB,2018
78,79,Zach Line,0,0,0.0,0,0,0,0,0,0,0.0,0,0,1,0.0,0.0,0.0%,RB,2018
79,80,Patrick DiMarco,0,0,0.0,0,0,0,0,0,0,0.0,0,0,1,0.0,0.0,0.0%,RB,2018
80,81,Derrick Coleman,0,0,0.0,0,0,0,0,1,0,0.0,0,0,1,0.0,0.0,0.1%,RB,2018
81,82,James Develin,0,0,0.0,0,0,0,0,0,0,0.0,0,0,1,0.0,0.0,0.0%,RB,2018
82,83,Cordarrelle Patterson,5,10,2.0,4,0,0,1,2,-1,-1.0,0,0,1,0.0,0.0,1.4%,RB,2018
83,84,Dare Ogunbowale,0,0,0.0,0,0,0,0,0,0,0.0,0,0,1,0.0,0.0,0.3%,RB,2018
84,85,Ricky Ortiz,0,0,0.0,0,0,0,0,0,0,0.0,0,0,1,0.0,0.0,0.0%,RB,2018
85,86,Alex Armah,0,0,0.0,0,0,0,0,0,0,0.0,0,0,1,0.0,0.0,0.0%,RB,2018
86,87,Patrick Ricard,0,0,0.0,0,0,0,0,0,0,0.0,0,0,1,0.0,0.0,0.1%,RB,2018
87,88,Matt Dayes,0,0,0.0,0,0,0,0,0,0,0.0,0,0,1,0.0,0.0,0.0%,RB,2018
88,89,Brian Hill,0,0,0.0,0,0,0,0,0,0,0.0,0,0,1,0.0,0.0,0.0%,RB,2018
89,90,Mark Walton,0,0,0.0,0,0,0,0,0,0,0.0,0,0,1,0.0,0.0,2.0%,RB,2018
90,91,Buddy Howell,0,0,0.0,0,0,0,0,0,0,0.0,0,0,1,0.0,0.0,0.0%,RB,2018
91,92,Chase Edmonds,5,0,0.0,2,0,0,0,0,0,0.0,0,0,1,0.0,0.0,0.8%,RB,2018
92,93,Jason Cabinda,0,0,0.0,0,0,0,0,0,0,0.0,0,0,1,0.0,0.0,0.0%,RB,2018
93,94,Dontrell Hilliard,0,0,0.0,0,0,0,0,0,0,0.0,0,0,1,0.0,0.0,0.0%,RB,2018
94,95,Tra Carson,0,0,0.0,0,0,0,0,0,0,0.0,0,0,1,0.0,0.0,0.0%,RB,2018
95,96,Roosevelt Nix,0,0,0.0,0,0,0,0,0,0,0.0,0,0,1,0.0,0.0,0.0%,RB,2018
96,97,Senorise Perry,0,0,0.0,0,0,0,0,0,0,0.0,0,0,1,0.0,0.0,0.0%,RB,2018
97,98,Keith Smith,0,0,0.0,0,0,0,0,0,0,0.0,0,0,1,0.0,0.0,0.0%,RB,2018
98,99,Ameer Abdullah,0,0,0.0,0,0,0,0,1,0,0.0,0,0,1,0.0,0.0,0.7%,RB,2018
99,100,Cameron Artis-Payne,0,0,0.0,0,0,0,0,0,0,0.0,0,0,1,0.0,0.0,0.0%,RB,2018
100,101,Wendell Smallwood,0,0,0.0,0,0,0,0,0,0,0.0,0,0,1,0.0,0.0,0.0%,RB,2018
101,102,Dwayne Washington,0,0,0.0,0,0,0,0,0,0,0.0,0,0,1,0.0,0.0,0.0%,RB,2018
102,103,Byron Marshall,0,0,0.0,0,0,0,0,0,0,0.0,0,0,1,0.0,0.0,0.1%,RB,2018
103,104,Derek Watt,0,0,0.0,0,0,0,0,0,0,0.0,0,0,1,0.0,0.0,0.0%,RB,2018
104,105,Andy Janovich,0,0,0.0,0,0,0,0,0,0,0.0,0,0,1,0.0,0.0,0.0%,RB,2018
105,106,Marcus Murphy,0,0,0.0,0,0,0,0,0,0,0.0,0,0,1,0.0,0.0,0.0%,RB,2018
106,107,Trenton Cannon,0,0,0.0,0,0,0,1,1,-3,-3.0,0,0,1,-0.3,-0.3,0.0%,RB,2018
107,108,Kalen Ballage,0,0,0.0,0,0,0,2,2,-5,-2.5,0,0,1,-0.5,-0.5,0.0%,RB,2018
