,Rank,Player,Receiving Receptions,Receiving Target,Receiving Yards,Yards/Reception,Longest Reception,Receiving 20+,Receiving Touchdowns,Rushing Attempts,Rushing Yards,Rushing Touchdown,Fumbles,Games Played,Fantasy Football Points,FTPS/Game,ROST,Position,Year
0,1,Garrett Celek,2,2,61,30.5,41,2,1,0,0,0,0,1,12.1,12.1,0.0%,TE,2018
1,2,Chris Manhertz,1,2,50,50.0,50,1,1,0,0,0,0,1,11.0,11.0,0.0%,TE,2018
2,3,Trey Burton,4,7,36,9.0,13,0,1,0,0,0,0,1,9.6,9.6,0.0%,TE,2018
3,4,Jeremy Sprinkle,3,3,19,6.3,9,0,1,0,0,0,0,1,7.9,7.9,0.0%,TE,2018
4,5,Evan Engram,8,12,75,9.4,22,1,0,0,0,0,0,1,7.5,7.5,96.9%,TE,2018
5,6,Vance McDonald,2,3,13,6.5,8,0,1,0,0,0,0,1,7.3,7.3,0.0%,TE,2018
6,7,Darren Waller,1,1,44,44.0,44,1,0,1,21,0,0,1,6.5,6.5,53.0%,TE,2018
7,8,Travis Kelce,7,9,61,8.7,16,0,0,0,0,0,0,1,6.1,6.1,99.9%,TE,2018
8,9,Lee Smith,1,1,1,1.0,1,0,1,0,0,0,0,1,6.1,6.1,0.0%,TE,2018
9,10,Antonio Gates,4,5,54,13.5,22,1,0,0,0,0,0,1,5.4,5.4,0.2%,TE,2018
10,11,Tyler Conklin,2,3,53,26.5,33,2,0,0,0,0,0,1,5.3,5.3,17.9%,TE,2018
11,12,Chris Herndon,3,4,53,17.7,25,1,0,0,0,0,0,1,5.3,5.3,0.0%,TE,2018
12,13,George Kittle,3,8,51,17.0,21,2,0,0,0,0,0,1,5.1,5.1,97.3%,TE,2018
13,14,Gerald Everett,5,7,46,9.2,20,1,0,0,0,0,0,1,4.6,4.6,23.5%,TE,2018
14,15,Blake Jarwin,4,7,45,11.3,18,0,0,0,0,0,0,1,4.5,4.5,4.0%,TE,2018
15,16,Matt LaCosse,4,6,43,10.8,14,0,0,0,0,0,0,1,4.3,4.3,0.0%,TE,2018
16,17,Adam Shaheen,2,2,39,19.5,23,1,0,0,0,0,0,1,3.9,3.9,0.0%,TE,2018
17,18,Jimmy Graham,3,4,32,10.7,13,0,0,0,0,0,0,1,3.2,3.2,0.0%,TE,2018
18,19,Mark Andrews,2,4,31,15.5,17,0,0,0,0,0,0,1,3.1,3.1,73.3%,TE,2018
19,20,David Njoku,3,5,30,10.0,20,1,0,0,0,0,0,1,3.0,3.0,94.0%,TE,2018
20,21,Levine Toilolo,4,4,28,7.0,18,0,0,0,0,0,0,1,2.8,2.8,0.0%,TE,2018
21,22,Benjamin Watson,1,2,28,28.0,28,1,0,0,0,0,0,1,2.8,2.8,2.8%,TE,2018
22,23,C.J. Uzomah,1,5,27,27.0,27,1,0,0,0,0,0,1,2.7,2.7,0.1%,TE,2018
23,24,Luke Stocker,2,2,27,13.5,15,0,0,0,0,0,0,1,2.7,2.7,0.0%,TE,2018
24,25,Lance Kendricks,4,4,27,6.8,16,0,0,0,0,0,0,1,2.7,2.7,0.0%,TE,2018
25,26,Jason Croom,1,1,25,25.0,25,1,0,0,0,0,0,1,2.5,2.5,0.0%,TE,2018
26,27,Josh Hill,2,3,24,12.0,14,0,0,0,0,0,0,1,2.4,2.4,0.0%,TE,2018
27,28,Jared Cook,2,5,23,11.5,13,0,0,0,0,0,0,1,2.3,2.3,0.0%,TE,2018
28,29,Kyle Rudolph,3,3,23,7.7,12,0,0,0,0,0,0,1,2.3,2.3,0.0%,TE,2018
29,30,Mike Gesicki,2,3,23,11.5,14,0,0,0,0,0,0,1,2.3,2.3,2.3%,TE,2018
30,31,Dalton Schultz,3,4,23,7.7,8,0,0,0,0,0,0,1,2.3,2.3,77.2%,TE,2018
31,32,Ricky Seals-Jones,3,8,22,7.3,9,0,0,0,0,0,0,1,2.2,2.2,0.0%,TE,2018
32,33,Zach Ertz,3,7,22,7.3,11,0,0,0,0,0,0,1,2.2,2.2,3.6%,TE,2018
33,34,Rob Gronkowski,2,5,21,10.5,13,0,0,0,0,0,0,1,2.1,2.1,1.5%,TE,2018
34,35,Hayden Hurst,3,3,20,6.7,8,0,0,0,0,0,0,1,2.0,2.0,2.2%,TE,2018
35,36,Brian Parker,2,2,18,9.0,11,0,0,0,0,0,0,1,1.8,1.8,0.0%,TE,2018
36,37,Jermaine Gresham,1,1,16,16.0,16,0,0,0,0,0,0,1,1.6,1.6,0.0%,TE,2018
37,38,Vernon Davis,2,3,16,8.0,9,0,0,0,0,0,0,1,1.6,1.6,1.6%,TE,2018
38,39,Tyler Higbee,2,2,14,7.0,11,0,0,0,0,0,0,1,1.4,1.4,19.7%,TE,2018
39,40,Ian Thomas,2,4,14,7.0,8,0,0,0,0,0,0,1,1.4,1.4,0.1%,TE,2018
40,41,Ed Dickson,2,2,14,7.0,8,0,0,0,0,0,0,1,1.4,1.4,0.0%,TE,2018
41,42,Dallas Goedert,2,2,12,6.0,10,0,0,0,0,0,0,1,1.2,1.2,89.7%,TE,2018
42,43,Eric Tomlinson,1,1,11,11.0,11,0,0,0,0,0,0,1,1.1,1.1,0.0%,TE,2018
43,44,Virgil Green,2,3,9,4.5,6,0,0,0,0,0,0,1,0.9,0.9,0.0%,TE,2018
44,45,Jesse James,1,1,9,9.0,9,0,0,0,0,0,0,1,0.9,0.9,0.0%,TE,2018
45,46,Cameron Brate,1,2,9,9.0,9,0,0,0,0,0,0,1,0.9,0.9,2.0%,TE,2018
46,47,Eric Ebron,1,3,8,8.0,8,0,0,0,0,0,0,1,0.8,0.8,0.0%,TE,2018
47,48,Jordan Leggett,1,1,8,8.0,8,0,0,0,0,0,0,1,0.8,0.8,0.0%,TE,2018
48,49,James O'Shaughnessy,1,1,7,7.0,7,0,0,0,0,0,0,1,0.7,0.7,0.0%,TE,2018
49,50,Blake Bell,1,1,6,6.0,6,0,0,0,0,0,0,1,0.6,0.6,0.0%,TE,2018
50,51,Maxx Williams,1,2,6,6.0,6,0,0,0,0,0,0,1,0.6,0.6,0.0%,TE,2018
51,52,MyCole Pruitt,1,2,2,2.0,2,0,0,0,0,0,0,1,0.2,0.2,0.0%,TE,2018
52,53,Jordan Thomas,1,1,2,2.0,2,0,0,0,0,0,0,1,0.2,0.2,0.0%,TE,2018
53,54,Rhett Ellison,0,1,0,0.0,0,0,0,0,0,0,0,1,0.0,0.0,0.0%,TE,2018
54,55,Derek Carrier,0,0,0,0.0,0,0,0,0,0,0,0,1,0.0,0.0,0.0%,TE,2018
55,56,Logan Paulsen,0,0,0,0.0,0,0,0,0,0,0,0,1,0.0,0.0,0.0%,TE,2018
56,57,Charles Clay,0,1,0,0.0,0,0,0,0,0,0,0,1,0.0,0.0,0.0%,TE,2018
57,58,Dwayne Allen,0,0,0,0.0,0,0,0,0,0,0,0,1,0.0,0.0,0.0%,TE,2018
58,59,Richard Rodgers,0,0,0,0.0,0,0,0,0,0,0,0,1,0.0,0.0,0.0%,TE,2018
59,60,Xavier Grimble,0,0,0,0.0,0,0,0,0,0,0,0,1,0.0,0.0,0.0%,TE,2018
60,61,Luke Willson,0,0,0,0.0,0,0,0,0,0,0,0,1,0.0,0.0,0.0%,TE,2018
61,62,Demetrius Harris,0,2,0,0.0,0,0,0,0,0,0,0,1,0.0,0.0,0.0%,TE,2018
62,63,Jordan Matthews,0,0,0,0.0,0,0,0,0,0,0,0,1,0.0,0.0,0.0%,TE,2018
63,64,Kelvin Benjamin,1,2,17,17.0,17,0,0,0,0,0,0,1,0.0,0.0,0.1%,TE,2018
64,65,Clark Harris,0,0,0,0.0,0,0,0,0,0,0,0,1,0.0,0.0,0.0%,TE,2018
65,66,John Phillips,0,0,0,0.0,0,0,0,0,0,0,0,1,0.0,0.0,0.0%,TE,2018
66,67,Marcedes Lewis,0,0,0,0.0,0,0,0,0,0,0,0,1,0.0,0.0,0.1%,TE,2018
67,68,Ryan Hewitt,0,0,0,0.0,0,0,0,0,0,0,0,1,0.0,0.0,0.0%,TE,2018
68,69,Mo Alie-Cox,0,1,0,0.0,0,0,0,0,0,0,0,1,0.0,0.0,0.1%,TE,2018
69,70,Eric Saubert,0,0,0,0.0,0,0,0,0,0,0,0,1,0.0,0.0,0.0%,TE,2018
70,71,Johnny Mundt,0,0,0,0.0,0,0,0,0,0,0,0,1,0.0,0.0,1.5%,TE,2018
71,72,Anthony Firkser,0,0,0,0.0,0,0,0,0,0,0,0,1,0.0,0.0,0.0%,TE,2018
72,73,Taysom Hill,0,1,0,0.0,0,0,0,1,17,0,0,1,0.0,0.0,36.5%,TE,2018
73,74,Zach Wood,0,0,0,0.0,0,0,0,0,0,0,0,1,0.0,0.0,0.0%,TE,2018
74,75,Alan Cross,0,0,0,0.0,0,0,0,0,0,0,0,1,0.0,0.0,0.0%,TE,2018
75,76,Robert Tonyan,0,0,0,0.0,0,0,0,0,0,0,0,1,0.0,0.0,0.1%,TE,2018
76,77,Antony Auclair,0,0,0,0.0,0,0,0,0,0,0,0,1,0.0,0.0,0.0%,TE,2018
77,78,Dan Arnold,0,2,0,0.0,0,0,0,0,0,0,0,1,0.0,0.0,0.0%,TE,2018
78,79,Ross Dwelley,0,0,0,0.0,0,0,0,0,0,0,0,1,0.0,0.0,0.0%,TE,2018
79,80,Matt Flanagan,0,1,0,0.0,0,0,0,0,0,0,0,1,0.0,0.0,0.0%,TE,2018
80,81,Jordan Akins,0,0,0,0.0,0,0,0,0,0,0,0,1,0.0,0.0,0.1%,TE,2018
81,82,James Looney,0,0,0,0.0,0,0,0,0,0,0,0,1,0.0,0.0,0.0%,TE,2018
82,83,Durham Smythe,0,0,0,0.0,0,0,0,0,0,0,0,1,0.0,0.0,0.7%,TE,2018
83,84,Scott Simonson,0,0,0,0.0,0,0,0,0,0,0,0,1,0.0,0.0,0.0%,TE,2018
84,85,Jerome Cunningham,0,0,0,0.0,0,0,0,0,0,0,0,1,0.0,0.0,0.0%,TE,2018
85,86,Devin Funchess,0,1,0,0.0,0,0,0,0,0,0,0,1,0.0,0.0,0.0%,TE,2018
86,87,Nick O'Leary,0,1,0,0.0,0,0,0,0,0,0,0,1,0.0,0.0,0.0%,TE,2018
87,88,Ben Koyack,0,0,0,0.0,0,0,0,0,0,0,0,1,0.0,0.0,0.0%,TE,2018
88,89,Nick Boyle,0,0,0,0.0,0,0,0,0,0,0,0,1,0.0,0.0,0.0%,TE,2018
89,90,Matt Lengel,0,2,0,0.0,0,0,0,0,0,0,0,1,0.0,0.0,0.0%,TE,2018
90,91,Darren Fells,0,0,0,0.0,0,0,0,0,0,0,0,1,0.0,0.0,0.0%,TE,2018
91,92,Bronson Kaufusi,0,0,0,0.0,0,0,0,0,0,0,0,1,0.0,0.0,0.0%,TE,2018
92,93,Austin Hooper,0,1,0,0.0,0,0,0,0,0,0,0,1,0.0,0.0,0.4%,TE,2018
93,94,Nick Vannett,0,1,0,0.0,0,0,0,0,0,0,0,1,0.0,0.0,0.0%,TE,2018
94,95,Seth DeValve,0,0,0,0.0,0,0,0,0,0,0,0,1,0.0,0.0,0.0%,TE,2018
95,96,Rico Gathers,0,0,0,0.0,0,0,0,0,0,0,0,1,0.0,0.0,0.0%,TE,2018
96,97,Kevin McDermott,0,0,0,0.0,0,0,0,0,0,0,0,1,0.0,0.0,0.0%,TE,2018
97,98,Temarrick Hemingway,0,0,0,0.0,0,0,0,0,0,0,0,1,0.0,0.0,0.0%,TE,2018
98,99,Ben Braunecker,0,0,0,0.0,0,0,0,0,0,0,0,1,0.0,0.0,0.0%,TE,2018
99,100,David Morgan,0,0,0,0.0,0,0,0,0,0,0,0,1,0.0,0.0,0.0%,TE,2018
100,101,Patrick Scales,0,0,0,0.0,0,0,0,0,0,0,0,1,0.0,0.0,0.0%,TE,2018
101,102,Tyler Ott,0,0,0,0.0,0,0,0,0,0,0,0,1,0.0,0.0,0.0%,TE,2018
102,103,James Winchester,0,0,0,0.0,0,0,0,0,0,0,0,1,0.0,0.0,0.0%,TE,2018
103,104,Beau Brinkley,0,0,0,0.0,0,0,0,0,0,0,0,1,0.0,0.0,0.2%,TE,2018
104,105,Daniel Brown,0,0,0,0.0,0,0,0,0,0,0,0,1,0.0,0.0,0.0%,TE,2018
105,106,Ryan Griffin,1,1,-1,-1.0,0,0,0,0,0,0,0,1,-0.1,-0.1,0.0%,TE,2018
