,Rank,Player,Receiving Receptions,Receiving Target,Receiving Yards,Yards/Reception,Longest Reception,Receiving 20+,Receiving Touchdowns,Rushing Attempts,Rushing Yards,Rushing Touchdown,Fumbles,Games Played,Fantasy Football Points,FTPS/Game,ROST,Position,Year
0,1,Eric Ebron,9,15,105,11.7,28,1,2,0,0,0,0,1,22.5,22.5,0.0%,TE,2018
1,2,Zach Ertz,10,11,110,11.0,23,2,1,0,0,0,0,1,17.0,17.0,3.6%,TE,2018
2,3,Erik Swoope,3,3,44,14.7,26,1,1,0,0,0,0,1,10.4,10.4,0.0%,TE,2018
3,4,Travis Kelce,5,8,100,20.0,40,2,0,0,0,0,0,1,10.0,10.0,99.9%,TE,2018
4,5,Josh Hill,2,2,24,12.0,23,1,1,0,0,0,0,1,8.4,8.4,0.0%,TE,2018
5,6,George Kittle,5,7,83,16.6,45,1,0,0,0,0,0,1,8.3,8.3,97.3%,TE,2018
6,7,Austin Hooper,9,12,77,8.6,23,1,0,0,0,0,0,1,7.7,7.7,0.4%,TE,2018
7,8,Jimmy Graham,6,10,76,12.7,24,1,0,0,0,0,0,1,7.6,7.6,0.0%,TE,2018
8,9,Rob Gronkowski,6,7,75,12.5,19,0,0,0,0,0,0,1,7.5,7.5,1.5%,TE,2018
9,10,Virgil Green,1,1,13,13.0,13,0,1,0,0,0,0,1,7.3,7.3,0.0%,TE,2018
10,11,David Njoku,6,10,69,11.5,24,1,0,0,0,0,0,1,6.9,6.9,94.0%,TE,2018
11,12,Lance Kendricks,2,2,8,4.0,7,0,1,0,0,0,0,1,6.8,6.8,0.0%,TE,2018
12,13,Ryan Griffin,6,9,65,10.8,13,0,0,0,0,0,0,1,6.5,6.5,0.0%,TE,2018
13,14,Niles Paul,7,9,65,9.3,19,0,0,0,0,0,0,1,6.5,6.5,0.0%,TE,2018
14,15,Geoff Swaim,3,3,55,18.3,43,1,0,0,0,0,0,1,5.5,5.5,0.0%,TE,2018
15,16,C.J. Uzomah,2,2,43,21.5,25,1,0,0,0,0,0,1,4.3,4.3,0.1%,TE,2018
16,17,Nick Vannett,3,4,43,14.3,32,1,0,0,0,0,0,1,4.3,4.3,0.0%,TE,2018
17,18,Kyle Rudolph,5,5,41,8.2,17,0,0,0,0,0,0,1,4.1,4.1,0.0%,TE,2018
18,19,Ian Thomas,3,6,38,12.7,27,1,0,0,0,0,0,1,3.8,3.8,0.1%,TE,2018
19,20,Rhett Ellison,2,3,17,8.5,12,0,0,0,0,0,0,1,3.7,3.7,0.0%,TE,2018
20,21,Rico Gathers,1,1,32,32.0,32,1,0,0,0,0,0,1,3.2,3.2,0.0%,TE,2018
21,22,Benjamin Watson,4,4,30,7.5,9,0,0,0,0,0,0,1,3.0,3.0,2.8%,TE,2018
22,23,James O'Shaughnessy,3,6,27,9.0,11,0,0,0,0,0,0,1,2.7,2.7,0.0%,TE,2018
23,24,Mike Gesicki,3,5,26,8.7,16,0,0,0,0,0,0,1,2.6,2.6,2.3%,TE,2018
24,25,Tyler Higbee,2,4,26,13.0,17,0,0,0,0,0,0,1,2.6,2.6,19.7%,TE,2018
25,26,Seth DeValve,1,1,26,26.0,26,1,0,0,0,0,0,1,2.6,2.6,0.0%,TE,2018
26,27,Gerald Everett,3,3,24,8.0,10,0,0,0,0,0,0,1,2.4,2.4,23.5%,TE,2018
27,28,Jordan Reed,1,2,21,21.0,21,1,0,0,0,0,0,1,2.1,2.1,19.0%,TE,2018
28,29,Jared Cook,4,6,20,5.0,9,0,0,0,0,0,0,1,2.0,2.0,0.0%,TE,2018
29,30,Jesse James,2,2,20,10.0,14,0,0,0,0,0,0,1,2.0,2.0,0.0%,TE,2018
30,31,Antonio Gates,2,2,19,9.5,16,0,0,0,0,0,0,1,1.9,1.9,0.2%,TE,2018
31,32,Matt LaCosse,2,2,19,9.5,11,0,0,0,0,0,0,1,1.9,1.9,0.0%,TE,2018
32,33,Jeff Heuerman,2,4,18,9.0,14,0,0,0,0,0,0,1,1.8,1.8,0.0%,TE,2018
33,34,Mark Andrews,1,3,16,16.0,16,0,0,0,0,0,0,1,1.6,1.6,73.3%,TE,2018
34,35,Dallas Goedert,2,2,16,8.0,11,0,0,0,0,0,0,1,1.6,1.6,89.7%,TE,2018
35,36,Vernon Davis,2,3,15,7.5,9,0,0,0,0,0,0,1,1.5,1.5,1.6%,TE,2018
36,37,Eric Tomlinson,2,3,15,7.5,12,0,0,0,0,0,0,1,1.5,1.5,0.0%,TE,2018
37,38,Charles Clay,1,1,12,12.0,12,0,0,0,0,0,0,1,1.2,1.2,0.0%,TE,2018
38,39,Jermaine Gresham,1,1,11,11.0,11,0,0,0,0,0,0,1,1.1,1.1,0.0%,TE,2018
39,40,Jordan Thomas,1,1,11,11.0,11,0,0,0,0,0,0,1,1.1,1.1,0.0%,TE,2018
40,41,Blake Jarwin,1,2,11,11.0,11,0,0,0,0,0,0,1,1.1,1.1,4.0%,TE,2018
41,42,Nick Boyle,1,2,10,10.0,10,0,0,0,0,0,0,1,1.0,1.0,0.0%,TE,2018
42,43,Jordan Leggett,1,1,10,10.0,10,0,0,0,0,0,0,1,1.0,1.0,0.0%,TE,2018
43,44,Xavier Grimble,1,1,9,9.0,9,0,0,0,0,0,0,1,0.9,0.9,0.0%,TE,2018
44,45,Jason Croom,2,2,9,4.5,7,0,0,0,0,0,0,1,0.9,0.9,0.0%,TE,2018
45,46,Jordan Akins,1,2,9,9.0,9,0,0,0,0,0,0,1,0.9,0.9,0.1%,TE,2018
46,47,Eric Saubert,1,2,8,8.0,8,0,0,0,0,0,0,1,0.8,0.8,0.0%,TE,2018
47,48,Darren Fells,1,1,8,8.0,8,0,0,0,0,0,0,1,0.8,0.8,0.0%,TE,2018
48,49,Maxx Williams,2,2,8,4.0,7,0,0,0,0,0,0,1,0.8,0.8,0.0%,TE,2018
49,50,Hayden Hurst,1,2,7,7.0,7,0,0,0,0,0,0,1,0.7,0.7,2.2%,TE,2018
50,51,Vance McDonald,1,2,6,6.0,6,0,0,0,0,0,0,1,0.6,0.6,0.0%,TE,2018
51,52,Demetrius Harris,1,2,5,5.0,5,0,0,0,0,0,0,1,0.5,0.5,0.0%,TE,2018
52,53,David Morgan,1,1,5,5.0,5,0,0,0,0,0,0,1,0.5,0.5,0.0%,TE,2018
53,54,Orson Charles,0,0,0,0.0,0,0,0,0,0,0,0,1,0.0,0.0,0.0%,TE,2018
54,55,Derek Carrier,0,1,0,0.0,0,0,0,0,0,0,0,1,0.0,0.0,0.0%,TE,2018
55,56,Garrett Celek,0,0,0,0.0,0,0,0,0,0,0,0,1,0.0,0.0,0.0%,TE,2018
56,57,Dwayne Allen,0,0,0,0.0,0,0,0,0,0,0,0,1,0.0,0.0,0.0%,TE,2018
57,58,Logan Paulsen,0,0,0,0.0,0,0,0,0,0,0,0,1,0.0,0.0,0.0%,TE,2018
58,59,Luke Stocker,0,1,0,0.0,0,0,0,0,0,0,0,1,0.0,0.0,0.0%,TE,2018
59,60,Lee Smith,0,0,0,0.0,0,0,0,0,0,0,0,1,0.0,0.0,0.0%,TE,2018
60,61,Ryan Hewitt,0,0,0,0.0,0,0,0,0,0,0,0,1,0.0,0.0,0.0%,TE,2018
61,62,Levine Toilolo,0,1,0,0.0,0,0,0,0,0,0,0,1,0.0,0.0,0.0%,TE,2018
62,63,Luke Willson,0,0,0,0.0,0,0,0,0,0,0,0,1,0.0,0.0,0.0%,TE,2018
63,64,Austin Seferian-Jenkins,0,1,0,0.0,0,0,0,0,0,0,0,1,0.0,0.0,0.0%,TE,2018
64,65,Jordan Matthews,1,1,4,4.0,4,0,0,0,0,0,0,1,0.0,0.0,0.0%,TE,2018
65,66,Kelvin Benjamin,1,5,11,11.0,11,0,0,0,0,0,0,1,0.0,0.0,0.1%,TE,2018
66,67,Logan Thomas,0,0,0,0.0,0,0,0,0,0,0,0,1,0.0,0.0,19.3%,TE,2018
67,68,Clark Harris,0,0,0,0.0,0,0,0,0,0,0,0,1,0.0,0.0,0.0%,TE,2018
68,69,Marcedes Lewis,0,0,0,0.0,0,0,0,0,0,0,0,1,0.0,0.0,0.1%,TE,2018
69,70,Darrell Daniels,0,1,0,0.0,0,0,0,0,0,0,0,1,0.0,0.0,0.0%,TE,2018
70,71,Ricky Seals-Jones,0,5,0,0.0,0,0,0,0,0,0,0,1,0.0,0.0,0.0%,TE,2018
71,72,Johnny Mundt,0,0,0,0.0,0,0,0,0,0,0,0,1,0.0,0.0,1.5%,TE,2018
72,73,Sean Culkin,0,0,0,0.0,0,0,0,0,0,0,0,1,0.0,0.0,0.0%,TE,2018
73,74,Taysom Hill,0,0,0,0.0,0,0,0,5,23,1,0,1,0.0,0.0,36.5%,TE,2018
74,75,Cole Wick,0,1,0,0.0,0,0,0,0,0,0,0,1,0.0,0.0,0.0%,TE,2018
75,76,Joshua Perkins,0,0,0,0.0,0,0,0,0,0,0,0,1,0.0,0.0,0.0%,TE,2018
76,77,Jeremy Sprinkle,0,0,0,0.0,0,0,0,0,0,0,0,1,0.0,0.0,0.0%,TE,2018
77,78,Mason Schreck,0,0,0,0.0,0,0,0,0,0,0,0,1,0.0,0.0,0.0%,TE,2018
78,79,Jacob Hollister,0,0,0,0.0,0,0,0,0,0,0,0,1,0.0,0.0,0.0%,TE,2018
79,80,Robert Tonyan,0,0,0,0.0,0,0,0,0,0,0,0,1,0.0,0.0,0.1%,TE,2018
80,81,Jonnu Smith,0,1,0,0.0,0,0,0,0,0,0,0,1,0.0,0.0,8.1%,TE,2018
81,82,Dan Arnold,0,0,0,0.0,0,0,0,0,0,0,0,1,0.0,0.0,0.0%,TE,2018
82,83,Garrett Dickerson,0,0,0,0.0,0,0,0,0,0,0,0,1,0.0,0.0,0.0%,TE,2018
83,84,Tyler Conklin,0,0,0,0.0,0,0,0,0,0,0,0,1,0.0,0.0,17.9%,TE,2018
84,85,Chris Herndon,0,0,0,0.0,0,0,0,0,0,0,0,1,0.0,0.0,0.0%,TE,2018
85,86,Durham Smythe,0,1,0,0.0,0,0,0,0,0,0,0,1,0.0,0.0,0.7%,TE,2018
86,87,Zach Wood,0,0,0,0.0,0,0,0,0,0,0,0,1,0.0,0.0,0.0%,TE,2018
87,88,Kyle Nelson,0,0,0,0.0,0,0,0,0,0,0,0,1,0.0,0.0,0.0%,TE,2018
88,89,Devin Funchess,4,7,53,13.3,21,1,0,0,0,0,0,1,0.0,0.0,0.0%,TE,2018
89,90,Nick O'Leary,0,0,0,0.0,0,0,0,0,0,0,0,1,0.0,0.0,0.0%,TE,2018
90,91,Tyler Kroft,0,1,0,0.0,0,0,0,0,0,0,0,1,0.0,0.0,0.0%,TE,2018
91,92,MyCole Pruitt,0,0,0,0.0,0,0,0,0,0,0,0,1,0.0,0.0,0.0%,TE,2018
92,93,Chris Manhertz,0,0,0,0.0,0,0,0,0,0,0,0,1,0.0,0.0,0.0%,TE,2018
93,94,Jake Fisher,0,0,0,0.0,0,0,0,0,0,0,0,1,0.0,0.0,0.0%,TE,2018
94,95,Scott Simonson,0,1,0,0.0,0,0,0,0,0,0,0,1,0.0,0.0,0.0%,TE,2018
95,96,Kevin McDermott,0,0,0,0.0,0,0,0,0,0,0,0,1,0.0,0.0,0.0%,TE,2018
96,97,Gabe Holmes,0,0,0,0.0,0,0,0,0,0,0,0,1,0.0,0.0,0.0%,TE,2018
97,98,Brian Parker,0,1,0,0.0,0,0,0,0,0,0,0,1,0.0,0.0,0.0%,TE,2018
98,99,Tyler Ott,0,0,0,0.0,0,0,0,0,0,0,0,1,0.0,0.0,0.0%,TE,2018
99,100,James Winchester,0,0,0,0.0,0,0,0,0,0,0,0,1,0.0,0.0,0.0%,TE,2018
100,101,Beau Brinkley,0,0,0,0.0,0,0,0,0,0,0,0,1,0.0,0.0,0.2%,TE,2018
