,Rank,Player,Receiving Receptions,Receiving Target,Receiving Yards,Yards/Reception,Longest Reception,Receiving 20+,Receiving Touchdowns,Rushing Attempts,Rushing Yards,Rushing Touchdown,Fumbles,Games Played,Fantasy Football Points,FTPS/Game,ROST,Position,Year
0,1,Tyreek Hill,7,12,142,20.3,75,2,3,1,0,0,0,1,32.2,32.2,100.0%,WR,2018
1,2,Albert Wilson,6,9,155,25.8,75,3,2,1,-5,0,0,1,27.0,27.0,0.0%,WR,2018
2,3,Davante Adams,10,16,132,13.2,38,1,2,0,0,0,0,1,25.2,25.2,99.9%,WR,2018
3,4,Marquise Goodwin,4,5,126,31.5,67,2,2,1,5,0,0,1,25.1,25.1,0.0%,WR,2018
4,5,Tyrell Williams,3,4,118,39.3,45,3,2,1,1,0,0,1,23.9,23.9,0.0%,WR,2018
5,6,Cole Beasley,9,11,101,11.2,21,1,2,0,0,0,0,1,22.1,22.1,0.0%,WR,2018
6,7,Alshon Jeffery,8,12,74,9.3,17,0,2,0,0,0,0,1,19.4,19.4,0.0%,WR,2018
7,8,Adam Thielen,11,13,123,11.2,17,0,1,0,0,0,0,1,18.3,18.3,74.6%,WR,2018
8,9,Tyler Boyd,7,9,62,8.9,16,0,2,0,0,0,0,1,18.2,18.2,28.0%,WR,2018
9,10,Emmanuel Sanders,7,10,115,16.4,43,3,1,0,0,0,0,1,17.5,17.5,0.0%,WR,2018
10,11,Antonio Brown,5,6,105,21.0,48,2,1,0,0,0,0,1,16.5,16.5,0.8%,WR,2018
11,12,Michael Crabtree,6,9,93,15.5,27,3,1,0,0,0,0,1,15.3,15.3,0.0%,WR,2018
12,13,Julio Jones,10,14,144,14.4,32,2,0,0,0,0,0,1,14.4,14.4,0.6%,WR,2018
13,14,Devin Funchess,5,8,74,14.8,23,2,1,0,0,0,0,1,13.4,13.4,0.0%,WR,2018
14,15,JuJu Smith-Schuster,7,10,111,15.9,29,3,0,0,0,0,0,1,13.1,13.1,7.0%,WR,2018
15,16,Allen Robinson,5,6,64,12.8,21,1,1,0,0,0,0,1,12.4,12.4,0.6%,WR,2018
16,17,Torrey Smith,5,5,43,8.6,12,0,1,0,0,0,0,1,12.3,12.3,0.0%,WR,2018
17,18,DeAndre Hopkins,5,6,63,12.6,24,1,1,0,0,0,0,1,12.3,12.3,92.5%,WR,2018
18,19,Robert Woods,7,10,109,15.6,28,1,0,1,12,0,0,1,12.1,12.1,2.7%,WR,2018
19,20,Julian Edelman,4,7,54,13.5,21,1,1,1,7,0,0,1,12.1,12.1,12.1%,WR,2018
20,21,Taylor Gabriel,5,5,110,22.0,54,2,0,1,9,0,0,1,11.9,11.9,0.1%,WR,2018
21,22,Terrelle Pryor,5,6,57,11.4,22,1,1,0,0,0,0,1,11.7,11.7,0.0%,WR,2018
22,23,Demaryius Thomas,3,4,57,19.0,45,1,1,0,0,0,0,1,11.7,11.7,0.1%,WR,2018
23,24,Chris Godwin,6,9,56,9.3,14,0,1,0,0,0,0,1,11.6,11.6,90.4%,WR,2018
24,25,Chester Rogers,4,10,55,13.8,21,1,1,0,0,0,0,1,11.5,11.5,0.0%,WR,2018
25,26,Marcus Johnson,2,3,52,26.0,34,1,1,0,0,0,0,1,11.2,11.2,0.0%,WR,2018
26,27,David Moore,2,3,47,23.5,28,1,1,1,5,0,0,1,11.2,11.2,0.1%,WR,2018
27,28,Mohamed Sanu,2,2,46,23.0,35,1,1,0,0,0,0,1,10.6,10.6,0.0%,WR,2018
28,29,Marquez Valdes-Scantling,3,6,103,34.3,60,2,0,0,0,0,0,1,10.3,10.3,1.3%,WR,2018
29,30,Keenan Allen,4,6,62,15.5,20,1,0,4,41,0,0,1,10.3,10.3,91.1%,WR,2018
30,31,Dede Westbrook,3,5,38,12.7,34,1,1,0,0,0,0,1,9.8,9.8,0.0%,WR,2018
31,32,Zay Jones,3,8,35,11.7,16,0,1,0,0,0,0,1,9.5,9.5,16.7%,WR,2018
32,33,Jermaine Kearse,9,10,94,10.4,22,2,0,0,0,0,0,1,9.4,9.4,0.0%,WR,2018
33,34,Paul Richardson,3,5,31,10.3,21,1,1,1,2,0,0,1,9.3,9.3,0.0%,WR,2018
34,35,Nelson Agholor,3,5,91,30.3,58,2,0,0,0,0,0,1,9.1,9.1,0.9%,WR,2018
35,36,Doug Baldwin,6,8,91,15.2,42,2,0,0,0,0,0,1,9.1,9.1,0.0%,WR,2018
36,37,Anthony Miller,1,4,29,29.0,29,1,1,0,0,0,0,1,8.9,8.9,0.0%,WR,2018
37,38,A.J. Green,7,12,85,12.1,23,1,0,0,0,0,0,1,8.5,8.5,0.6%,WR,2018
38,39,DeSean Jackson,4,9,77,19.3,21,1,0,1,7,0,0,1,8.4,8.4,0.6%,WR,2018
39,40,Damion Ratley,6,8,82,13.7,27,2,0,0,0,0,0,1,8.2,8.2,0.0%,WR,2018
40,41,Adam Humphries,3,4,82,27.3,51,1,0,0,0,0,0,1,8.2,8.2,0.0%,WR,2018
41,42,Tyler Lockett,3,4,13,4.3,10,0,1,1,7,0,0,1,8.0,8.0,88.8%,WR,2018
42,43,Chris Hogan,4,4,78,19.5,42,1,0,0,0,0,0,1,7.8,7.8,0.0%,WR,2018
43,44,Christian Kirk,6,7,77,12.8,35,1,0,0,0,0,0,1,7.7,7.7,70.7%,WR,2018
44,45,Jaron Brown,1,1,5,5.0,5,0,1,0,0,0,0,1,6.5,6.5,0.0%,WR,2018
45,46,Willie Snead,7,10,60,8.6,24,1,0,0,0,0,0,1,6.0,6.0,0.0%,WR,2018
46,47,Danny Amendola,8,11,59,7.4,13,0,0,0,0,0,0,1,5.9,5.9,0.0%,WR,2018
47,48,Courtland Sutton,3,4,58,19.3,41,1,0,0,0,0,0,1,5.8,5.8,83.4%,WR,2018
48,49,Mike Evans,4,5,58,14.5,19,0,0,0,0,0,0,1,5.8,5.8,98.1%,WR,2018
49,50,Kenny Stills,1,2,35,35.0,35,1,0,0,0,0,0,1,5.5,5.5,0.0%,WR,2018
50,51,Brandin Cooks,2,6,53,26.5,44,1,0,0,0,0,0,1,5.3,5.3,43.5%,WR,2018
51,52,Cody Latimer,3,4,52,17.3,39,1,0,0,0,0,0,1,5.2,5.2,0.0%,WR,2018
52,53,Calvin Ridley,3,3,47,15.7,22,1,0,0,0,0,0,1,4.7,4.7,95.2%,WR,2018
53,54,Odell Beckham,6,10,44,7.3,12,0,0,0,0,0,0,1,4.4,4.4,33.2%,WR,2018
54,55,Kelvin Benjamin,2,6,43,21.5,39,1,0,0,0,0,0,1,4.3,4.3,0.1%,WR,2018
55,56,Zach Pascal,5,7,35,7.0,15,0,0,1,8,0,0,1,4.3,4.3,0.1%,WR,2018
56,57,Josh Gordon,5,9,42,8.4,12,0,0,0,0,0,0,1,4.2,4.2,0.0%,WR,2018
57,58,Stefon Diggs,3,4,33,11.0,16,0,0,1,9,0,0,1,4.2,4.2,99.7%,WR,2018
58,59,Larry Fitzgerald,5,8,39,7.8,16,0,0,0,0,0,0,1,3.9,3.9,0.2%,WR,2018
59,60,Robbie Chosen,3,5,39,13.0,19,0,0,0,0,0,0,1,3.9,3.9,0.0%,WR,2018
60,61,Laquon Treadwell,4,4,38,9.5,10,0,0,0,0,0,0,1,3.8,3.8,0.0%,WR,2018
61,62,DJ Moore,4,5,59,14.8,18,0,0,1,18,0,2,1,3.7,3.7,97.7%,WR,2018
62,63,Sterling Shepard,3,7,37,12.3,20,1,0,0,0,0,0,1,3.7,3.7,0.1%,WR,2018
63,64,Pierre Garcon,4,6,37,9.3,18,0,0,0,0,0,0,1,3.7,3.7,0.0%,WR,2018
64,65,Tajae Sharpe,2,2,33,16.5,17,0,0,0,0,0,0,1,3.3,3.3,0.0%,WR,2018
65,66,Keke Coutee,3,5,33,11.0,22,1,0,0,0,0,0,1,3.3,3.3,0.0%,WR,2018
66,67,William Fuller,2,3,33,16.5,17,0,0,0,0,0,0,1,3.3,3.3,0.0%,WR,2018
67,68,Justin Hardy,3,7,33,11.0,17,0,0,0,0,0,0,1,3.3,3.3,0.0%,WR,2018
68,69,Jakeem Grant,3,4,32,10.7,25,1,0,0,0,0,0,1,3.2,3.2,0.0%,WR,2018
69,70,Seth Roberts,5,6,31,6.2,9,0,0,0,0,0,0,1,3.1,3.1,0.0%,WR,2018
70,71,Antonio Callaway,2,7,9,4.5,9,0,0,0,0,0,0,1,2.9,2.9,0.0%,WR,2018
71,72,John Brown,2,3,28,14.0,23,1,0,0,0,0,0,1,2.8,2.8,0.0%,WR,2018
72,73,Michael Gallup,1,2,27,27.0,27,1,0,0,0,0,0,1,2.7,2.7,6.4%,WR,2018
73,74,Jordan Matthews,2,3,26,13.0,16,0,0,0,0,0,0,1,2.6,2.6,0.0%,WR,2018
74,75,Ryan Grant,2,5,24,12.0,12,0,0,0,0,0,0,1,2.4,2.4,0.0%,WR,2018
75,76,Corey Davis,1,4,24,24.0,24,1,0,0,0,0,0,1,2.4,2.4,0.0%,WR,2018
76,77,Kendrick Bourne,1,3,22,22.0,22,1,0,0,0,0,0,1,2.2,2.2,4.5%,WR,2018
77,78,Keelan Cole,4,5,41,10.3,17,0,0,0,0,0,1,1,2.1,2.1,0.0%,WR,2018
78,79,Josh Doctson,3,5,20,6.7,8,0,0,0,0,0,0,1,2.0,2.0,0.0%,WR,2018
79,80,Andre Holmes,1,2,20,20.0,20,1,0,0,0,0,0,1,2.0,2.0,0.0%,WR,2018
80,81,Maurice Harris,3,4,13,4.3,13,0,0,1,6,0,0,1,1.9,1.9,0.0%,WR,2018
81,82,Equanimeous St.,1,1,19,19.0,19,0,0,0,0,0,0,1,1.9,1.9,0.1%,WR,2018
82,83,Tavon Austin,1,1,5,5.0,5,0,0,2,14,0,0,1,1.9,1.9,0.1%,WR,2018
83,84,Chris Conley,1,1,19,19.0,19,0,0,0,0,0,0,1,1.9,1.9,0.1%,WR,2018
84,85,Martavis Bryant,2,3,18,9.0,12,0,0,0,0,0,0,1,1.8,1.8,0.0%,WR,2018
85,86,Sammy Watkins,2,4,18,9.0,15,0,0,1,-1,0,0,1,1.7,1.7,0.0%,WR,2018
86,87,Mike Williams,1,4,4,4.0,4,0,0,1,10,0,0,1,1.4,1.4,48.2%,WR,2018
87,88,Taywan Taylor,1,2,13,13.0,13,0,0,0,0,0,0,1,1.3,1.3,0.0%,WR,2018
88,89,Brian Quick,2,2,12,6.0,6,0,0,0,0,0,0,1,1.2,1.2,0.0%,WR,2018
89,90,Chris Moore,3,3,12,4.0,6,0,0,0,0,0,0,1,1.2,1.2,0.1%,WR,2018
90,91,Cooper Kupp,0,1,0,0.0,0,0,0,1,12,0,0,1,1.2,1.2,97.9%,WR,2018
91,92,Jarvis Landry,2,10,11,5.5,7,0,0,0,0,0,0,1,1.1,1.1,14.0%,WR,2018
92,93,Brandon Marshall,1,1,11,11.0,11,0,0,0,0,0,0,1,1.1,1.1,2.6%,WR,2018
93,94,DeAndre Carter,1,1,11,11.0,11,0,0,0,0,0,0,1,1.1,1.1,0.0%,WR,2018
94,95,J'Mon Moore,1,1,10,10.0,10,0,0,0,0,0,0,1,1.0,1.0,0.0%,WR,2018
95,96,Russell Gage,1,1,9,9.0,9,0,0,0,0,0,0,1,0.9,0.9,0.0%,WR,2018
96,97,J.J. Nelson,1,2,9,9.0,9,0,0,0,0,0,0,1,0.9,0.9,0.0%,WR,2018
97,98,Alex Erickson,2,3,8,4.0,6,0,0,0,0,0,0,1,0.8,0.8,0.0%,WR,2018
98,99,Dwayne Harris,1,1,7,7.0,7,0,0,0,0,0,0,1,0.7,0.7,0.0%,WR,2018
99,100,Ryan Switzer,1,1,7,7.0,7,0,0,0,0,0,0,1,0.7,0.7,0.0%,WR,2018
100,101,Jordy Nelson,2,3,6,3.0,5,0,0,0,0,0,0,1,0.6,0.6,0.1%,WR,2018
101,102,Chad Williams,1,2,5,5.0,5,0,0,0,0,0,0,1,0.5,0.5,0.0%,WR,2018
102,103,Jarius Wright,1,2,3,3.0,3,0,0,0,0,0,0,1,0.3,0.3,0.0%,WR,2018
103,104,Deonte Thompson,1,1,1,1.0,1,0,0,0,0,0,0,1,0.1,0.1,0.0%,WR,2018
104,105,Justin Hunter,0,1,0,0.0,0,0,0,0,0,0,0,1,0.0,0.0,0.0%,WR,2018
105,106,Michael Floyd,0,1,0,0.0,0,0,0,0,0,0,0,1,0.0,0.0,0.0%,WR,2018
106,107,Josh Bellamy,0,0,0,0.0,0,0,0,0,0,0,0,1,0.0,0.0,0.0%,WR,2018
107,108,Rod Streater,0,0,0,0.0,0,0,0,0,0,0,0,1,0.0,0.0,0.1%,WR,2018
108,109,Kamar Aiken,0,0,0,0.0,0,0,0,0,0,0,0,1,0.0,0.0,0.0%,WR,2018
109,110,Allen Hurns,0,5,0,0.0,0,0,0,0,0,0,0,1,0.0,0.0,0.0%,WR,2018
110,111,Freddie Martino,0,0,0,0.0,0,0,0,0,0,0,0,1,0.0,0.0,0.1%,WR,2018
111,112,Donte Moncrief,0,3,0,0.0,0,0,0,0,0,0,0,1,0.0,0.0,0.0%,WR,2018
112,113,Matthew Slater,0,0,0,0.0,0,0,0,0,0,0,0,1,0.0,0.0,0.0%,WR,2018
113,114,Aldrick Robinson,0,1,0,0.0,0,0,0,0,0,0,0,1,0.0,0.0,0.0%,WR,2018
114,115,Andre Roberts,0,0,0,0.0,0,0,0,0,0,0,0,1,0.0,0.0,0.0%,WR,2018
115,116,Victor Bolden,0,0,0,0.0,0,0,0,0,0,0,0,1,0.0,0.0,0.0%,WR,2018
116,117,Brandon Zylstra,0,0,0,0.0,0,0,0,0,0,0,0,1,0.0,0.0,0.0%,WR,2018
117,118,DJ Chark,0,1,0,0.0,0,0,0,0,0,0,0,1,0.0,0.0,4.6%,WR,2018
118,119,James Washington,0,1,0,0.0,0,0,0,0,0,0,0,1,0.0,0.0,0.0%,WR,2018
119,120,Josh Malone,0,0,0,0.0,0,0,0,0,0,0,0,1,0.0,0.0,0.0%,WR,2018
120,121,Tim Patrick,0,0,0,0.0,0,0,0,0,0,0,0,1,0.0,0.0,0.6%,WR,2018
121,122,Curtis Samuel,0,0,0,0.0,0,0,0,0,0,0,0,1,0.0,0.0,49.2%,WR,2018
122,123,Shelton Gibson,0,0,0,0.0,0,0,0,0,0,0,0,1,0.0,0.0,0.0%,WR,2018
123,124,Marcus Kemp,0,0,0,0.0,0,0,0,0,0,0,0,1,0.0,0.0,0.0%,WR,2018
124,125,JoJo Natson,0,0,0,0.0,0,0,0,0,0,0,0,1,0.0,0.0,0.0%,WR,2018
125,126,KhaDarel Hodge,0,0,0,0.0,0,0,0,0,0,0,0,1,0.0,0.0,0.1%,WR,2018
126,127,Justin Watson,0,0,0,0.0,0,0,0,0,0,0,0,1,0.0,0.0,1.8%,WR,2018
127,128,DaeSean Hamilton,0,1,0,0.0,0,0,0,0,0,0,0,1,0.0,0.0,0.0%,WR,2018
128,129,Richie James,0,0,0,0.0,0,0,0,0,0,0,0,1,0.0,0.0,0.0%,WR,2018
129,130,Robert Foster,0,0,0,0.0,0,0,0,0,0,0,0,1,0.0,0.0,0.0%,WR,2018
130,131,Cameron Batson,0,0,0,0.0,0,0,0,0,0,0,0,1,0.0,0.0,0.0%,WR,2018
131,132,Jawill Davis,0,2,0,0.0,0,0,0,0,0,0,0,1,0.0,0.0,0.0%,WR,2018
132,133,Geremy Davis,0,0,0,0.0,0,0,0,0,0,0,0,1,0.0,0.0,0.0%,WR,2018
133,134,Darius Jennings,0,0,0,0.0,0,0,0,0,0,0,0,1,0.0,0.0,0.0%,WR,2018
134,135,Amari Cooper,0,1,0,0.0,0,0,0,0,0,0,0,1,0.0,0.0,91.5%,WR,2018
135,136,DeVante Parker,0,1,0,0.0,0,0,0,0,0,0,0,1,0.0,0.0,1.7%,WR,2018
136,137,Kevin White,0,0,0,0.0,0,0,0,0,0,0,0,1,0.0,0.0,0.0%,WR,2018
137,138,Sammie Coates,0,0,0,0.0,0,0,0,0,0,0,0,1,0.0,0.0,0.0%,WR,2018
138,139,Ty Montgomery,2,3,10,5.0,5,0,0,4,12,1,0,1,0.0,0.0,0.0%,WR,2018
139,140,Phillip Dorsett,0,0,0,0.0,0,0,0,0,0,0,0,1,0.0,0.0,0.0%,WR,2018
140,141,Marvin Hall,0,0,0,0.0,0,0,0,0,0,0,0,1,0.0,0.0,0.0%,WR,2018
141,142,Jaydon Mickens,0,0,0,0.0,0,0,0,0,0,0,0,1,0.0,0.0,0.0%,WR,2018
142,143,Demarcus Robinson,0,0,0,0.0,0,0,0,0,0,0,0,1,0.0,0.0,15.2%,WR,2018
143,144,Cody Core,0,3,0,0.0,0,0,0,0,0,0,0,1,0.0,0.0,0.0%,WR,2018
144,145,Josh Reynolds,1,2,-2,-2.0,0,0,0,0,0,0,0,1,-0.2,-0.2,7.4%,WR,2018
145,146,Quincy Enunwa,1,1,9,9.0,9,0,0,1,0,0,1,1,-1.1,-1.1,0.0%,WR,2018
146,147,Ray-Ray McCloud,1,1,2,2.0,2,0,0,0,0,0,1,1,-1.8,-1.8,0.6%,WR,2018
