,Rk,Date,G#,Week,Age,Tm,Unnamed: 6_level_1,Opp,Result,Int,Tgt,Cmp,Cmp%,Yds,Yds/Cmp,Yds/Tgt,TD,Rat,DADOT,Air,YAC,Bltz,Hrry,QBKD,Sk,Prss,Comb,MTkl,MTkl%,Year
0,1.0,2023-09-10,1.0,1.0,25.14,CAR,@,ATL,L 10-24,0,2,2,100.0%,1,0.5,0.5,0,79.2,-5.5,-11,12,0,0,0,2.0,2,7,0,0.0%,2023
1,2.0,2023-09-18,2.0,2.0,25.148,CAR,,NOR,L 17-20,0,0,0,,0,,,0,,,0,0,9,0,0,0.0,0,2,0,0.0%,2023
2,3.0,2023-09-24,3.0,3.0,25.154,CAR,@,SEA,L 27-37,0,2,2,100.0%,14,7.0,7.0,0,95.8,4.5,9,5,3,0,2,1.0,3,4,0,0.0%,2023
3,4.0,2023-10-01,4.0,4.0,25.161,CAR,,MIN,L 13-21,0,0,0,,0,,,0,,,0,0,2,0,1,0.0,1,1,0,0.0%,2023
4,5.0,2023-10-08,5.0,5.0,25.168,CAR,@,DET,L 24-42,0,0,0,,0,,,0,,,0,0,7,0,2,1.0,3,4,1,20.0%,2023
5,6.0,2023-10-15,6.0,6.0,25.175,CAR,@,MIA,L 21-42,0,0,0,,0,,,0,,,0,0,3,0,1,0.0,1,2,0,0.0%,2023
6,7.0,2023-10-29,7.0,8.0,25.189,CAR,,HOU,W 15-13,0,1,0,0.0%,0,,0.0,0,39.6,-4.0,0,0,1,0,0,1.0,1,1,2,66.7%,2023
7,8.0,2023-11-05,8.0,9.0,25.196,CAR,,IND,L 13-27,0,0,0,,0,,,0,,,0,0,0,1,0,0.0,1,4,0,0.0%,2023
8,9.0,2023-11-19,10.0,11.0,25.21,CAR,,DAL,L 10-33,0,2,2,100.0%,10,5.0,5.0,0,87.5,-1.0,-2,12,0,0,3,0.0,3,3,0,0.0%,2023
9,10.0,2023-11-26,11.0,12.0,25.217,CAR,@,TEN,L 10-17,0,1,1,100.0%,19,19.0,19.0,0,118.7,11.0,11,8,1,0,1,1.0,2,4,0,0.0%,2023
10,11.0,2023-12-03,12.0,13.0,25.224,CAR,@,TAM,L 18-21,0,1,0,0.0%,0,,0.0,0,39.6,-1.0,0,0,0,0,0,0.0,0,1,0,0.0%,2023
11,12.0,2023-12-10,13.0,14.0,25.231,CAR,@,NOR,L 6-28,0,1,1,100.0%,-10,-10.0,-10.0,0,79.2,-7.0,-7,-3,3,0,0,0.0,0,1,0,0.0%,2023
12,13.0,2023-12-17,14.0,15.0,25.238,CAR,,ATL,W 9-7,0,1,0,0.0%,0,,0.0,0,39.6,-5.0,0,0,0,1,0,0.0,1,3,0,0.0%,2023
13,14.0,2023-12-24,15.0,16.0,25.245,CAR,,GNB,L 30-33,0,2,2,100.0%,22,11.0,11.0,0,112.5,10.5,21,1,3,0,0,0.0,0,3,0,0.0%,2023
14,15.0,2023-12-31,16.0,17.0,25.252,CAR,@,JAX,L 0-26,0,1,1,100.0%,10,10.0,10.0,0,108.3,6.0,6,4,0,0,1,1.0,2,8,1,11.1%,2023
15,16.0,2024-01-07,17.0,18.0,25.259,CAR,,TAM,L 0-9,0,1,1,100.0%,4,4.0,4.0,0,83.3,4.0,4,0,3,0,0,1.0,1,2,0,0.0%,2023
16,,16 Games,,,,,,,2-14-0,0,15,12,80.0%,70,5.8,4.7,0,86.1,1.4,31,39,35,2,11,8.0,21,50,4,7.4%,2023
