,Rk,Date,G#,Week,Age,Tm,Unnamed: 6_level_1,Opp,Result,Int,Tgt,Cmp,Cmp%,Yds,Yds/Cmp,Yds/Tgt,TD,Rat,DADOT,Air,YAC,Bltz,Hrry,QBKD,Sk,Prss,Comb,MTkl,MTkl%,Year
0,1.0,2022-09-11,1.0,1.0,26.307,ATL,,NOR,L 26-27,0,3,3,100.0%,37,12.3,12.3,0,118.1,8.3,25,12,1,0,0,0.0,0,6,0,0.0%,2022
1,2.0,2022-09-18,2.0,2.0,26.314,ATL,@,LAR,L 27-31,0,0,0,,0,,,0,,,0,0,0,0,0,0.0,0,7,0,0.0%,2022
2,3.0,2022-09-25,3.0,3.0,26.321,ATL,@,SEA,W 27-23,0,4,4,100.0%,37,9.3,9.3,0,105.2,8.0,32,5,3,0,0,0.0,0,12,0,0.0%,2022
3,4.0,2022-10-02,4.0,4.0,26.328,ATL,,CLE,W 23-20,0,4,3,75.0%,27,9.0,6.8,0,92.7,5.0,23,4,2,0,0,0.0,0,10,0,0.0%,2022
4,5.0,2022-10-09,5.0,5.0,26.335,ATL,@,TAM,L 15-21,0,3,1,33.3%,7,7.0,2.3,0,42.4,1.3,0,7,1,0,0,0.0,0,5,0,0.0%,2022
5,6.0,2022-10-16,6.0,6.0,26.342,ATL,,SFO,W 28-14,0,10,8,80.0%,109,13.6,10.9,0,112.1,6.3,54,55,3,0,0,0.0,0,11,1,8.3%,2022
6,7.0,2022-10-23,7.0,7.0,26.349,ATL,@,CIN,L 17-35,0,4,4,100.0%,97,24.3,24.3,1,158.3,15.5,62,35,0,0,0,0.0,0,13,0,0.0%,2022
7,8.0,2022-10-30,8.0,8.0,26.356,ATL,,CAR,W 37-34,0,2,1,50.0%,2,2.0,1.0,0,56.2,19.0,-4,6,1,0,0,1.0,1,9,0,0.0%,2022
8,9.0,2022-11-06,9.0,9.0,26.363,ATL,,LAC,L 17-20,0,8,4,50.0%,13,3.3,1.6,0,56.2,5.0,4,9,2,0,0,0.0,0,12,0,0.0%,2022
9,10.0,2022-11-10,10.0,10.0,27.002,ATL,@,CAR,L 15-25,0,0,0,,0,,,0,,,0,0,2,0,0,0.0,0,10,1,9.1%,2022
10,11.0,2022-11-20,11.0,11.0,27.012,ATL,,CHI,W 27-24,0,1,1,100.0%,13,13.0,13.0,0,118.7,4.0,4,9,0,0,0,0.0,0,11,0,0.0%,2022
11,12.0,2022-11-27,12.0,12.0,27.019,ATL,@,WAS,L 13-19,0,5,3,60.0%,25,8.3,5.0,0,72.9,6.2,20,5,1,0,0,0.0,0,13,0,0.0%,2022
12,13.0,2022-12-04,13.0,13.0,27.026,ATL,,PIT,L 16-19,0,5,5,100.0%,45,9.0,9.0,1,143.7,4.0,20,25,4,1,0,0.0,1,15,1,6.3%,2022
13,14.0,2022-12-18,14.0,15.0,27.04,ATL,@,NOR,L 18-21,0,3,3,100.0%,29,9.7,9.7,0,106.9,7.0,21,8,3,0,0,1.0,1,10,0,0.0%,2022
14,15.0,2022-12-24,15.0,16.0,27.046,ATL,@,BAL,L 9-17,0,2,1,50.0%,6,6.0,3.0,0,56.2,2.0,3,3,0,0,0,0.0,0,6,0,0.0%,2022
15,16.0,2023-01-01,16.0,17.0,27.054,ATL,,ARI,W 20-19,0,3,3,100.0%,25,8.3,8.3,0,101.4,6.0,18,7,3,0,1,0.0,1,4,0,0.0%,2022
16,17.0,2023-01-08,17.0,18.0,27.061,ATL,,TAM,W 30-17,0,1,1,100.0%,8,8.0,8.0,0,100.0,-6.0,-6,14,5,0,0,0.0,0,5,0,0.0%,2022
17,,17 Games,,,,,,,7-10-0,0,58,45,77.6%,480,10.7,8.3,2,112.6,6.5,276,204,31,1,1,2.0,4,159,3,1.9%,2022
