,Rk,Date,G#,Week,Age,Tm,Unnamed: 6_level_1,Opp,Result,Int,Tgt,Cmp,Cmp%,Yds,Yds/Cmp,Yds/Tgt,TD,Rat,DADOT,Air,YAC,Bltz,Hrry,QBKD,Sk,Prss,Comb,MTkl,MTkl%,Year
0,1.0,2022-09-11,1.0,1.0,23.141,ATL,,NOR,L 26-27,0,0,0,,0,,,0,,,0,0,0,0,0,,0,,0,,2022
1,2.0,2022-09-18,2.0,2.0,23.148,ATL,@,LAR,L 27-31,0,0,0,,0,,,0,,,0,0,0,0,0,0.0,0,2.0,0,0.0%,2022
2,3.0,2022-09-25,3.0,3.0,23.155,ATL,@,SEA,W 27-23,0,3,3,100.0%,29,9.7,9.7,1,146.5,5.7,17,12,3,0,0,0.0,0,3.0,0,0.0%,2022
3,4.0,2022-10-02,4.0,4.0,23.162,ATL,,CLE,W 23-20,0,1,1,100.0%,0,0.0,0.0,0,79.2,-7.0,-7,7,0,0,0,0.0,0,3.0,0,0.0%,2022
4,5.0,2022-10-09,5.0,5.0,23.169,ATL,@,TAM,L 15-21,0,2,2,100.0%,12,6.0,6.0,0,91.7,2.5,5,7,1,0,1,0.0,1,5.0,2,28.6%,2022
5,6.0,2022-10-16,6.0,6.0,23.176,ATL,,SFO,W 28-14,0,3,2,66.7%,14,7.0,4.7,0,77.1,3.7,3,11,0,0,0,0.0,0,13.0,0,0.0%,2022
6,7.0,2022-10-23,7.0,7.0,23.183,ATL,@,CIN,L 17-35,0,5,5,100.0%,48,9.6,9.6,0,106.7,6.4,32,16,0,0,0,0.0,0,6.0,0,0.0%,2022
7,8.0,2022-10-30,8.0,8.0,23.19,ATL,,CAR,W 37-34,0,0,0,,0,,,0,,,0,0,0,0,0,0.0,0,1.0,0,0.0%,2022
8,9.0,2022-11-06,9.0,9.0,23.197,ATL,,LAC,L 17-20,0,0,0,,0,,,0,,,0,0,0,0,0,0.0,0,0.0,0,,2022
9,10.0,2022-11-10,10.0,10.0,23.201,ATL,@,CAR,L 15-25,0,0,0,,0,,,0,,,0,0,0,0,0,0.0,0,1.0,0,0.0%,2022
10,11.0,2022-11-20,11.0,11.0,23.211,ATL,,CHI,W 27-24,0,0,0,,0,,,0,,,0,0,0,0,0,0.0,0,5.0,0,0.0%,2022
11,12.0,2022-11-27,12.0,12.0,23.218,ATL,@,WAS,L 13-19,0,3,2,66.7%,21,10.5,7.0,0,86.8,1.3,5,16,0,0,0,0.0,0,5.0,0,0.0%,2022
12,13.0,2022-12-04,13.0,13.0,23.225,ATL,,PIT,L 16-19,0,1,1,100.0%,57,57.0,57.0,0,118.7,9.0,9,48,3,0,0,0.0,0,4.0,0,0.0%,2022
13,14.0,2022-12-18,14.0,15.0,23.239,ATL,@,NOR,L 18-21,0,2,2,100.0%,12,6.0,6.0,0,91.7,-1.0,-2,14,0,0,0,0.0,0,7.0,0,0.0%,2022
14,15.0,2022-12-24,15.0,16.0,23.245,ATL,@,BAL,L 9-17,0,0,0,,0,,,0,,,0,0,0,0,0,0.0,0,4.0,1,20.0%,2022
15,16.0,2023-01-01,16.0,17.0,23.253,ATL,,ARI,W 20-19,0,1,1,100.0%,8,8.0,8.0,0,100.0,6.0,6,2,3,0,0,0.0,0,6.0,0,0.0%,2022
16,17.0,2023-01-08,17.0,18.0,23.26,ATL,,TAM,W 30-17,0,2,2,100.0%,17,8.5,8.5,1,141.7,5.0,10,7,2,0,2,0.0,2,4.0,0,0.0%,2022
17,,17 Games,,,,,,,7-10-0,0,23,21,91.3%,218,10.4,9.5,2,135.1,3.7,78,140,12,0,3,0.0,3,69.0,3,4.2%,2022
