,Rk,Date,G#,Week,Age,Tm,Unnamed: 6_level_1,Opp,Result,Tgt,Rec,Yds,TD,1D,YBC,YBC/R,YAC,YAC/R,ADOT,BrkTkl,Rec/Br,Drop,Drop%,Int,Rat,Year
0,1.0,2022-09-11,1.0,1.0,26.343,MIA,,NWE,W 20-7,1,1,1,0,,0,0.0,1,1.0,0.0,0,,0,0.0,0,79.2,2022
1,2.0,2022-09-18,2.0,2.0,26.35,MIA,@,BAL,W 42-38,4,4,41,1,2.0,30,7.5,11,2.8,7.5,0,,0,0.0,0,149.0,2022
2,3.0,2022-09-25,3.0,3.0,26.357,MIA,,BUF,W 21-19,1,1,6,0,,0,0.0,6,6.0,0.0,0,,0,0.0,0,91.7,2022
3,4.0,2022-09-29,4.0,4.0,26.361,MIA,@,CIN,L 15-27,4,2,23,0,1.0,19,9.5,4,2.0,9.5,0,,0,0.0,1,28.1,2022
4,5.0,2022-10-09,5.0,5.0,27.006,MIA,@,NYJ,L 17-40,2,1,30,0,1.0,26,26.0,4,4.0,15.5,0,,1,50.0,0,95.8,2022
5,6.0,2022-10-16,6.0,6.0,27.013,MIA,,MIN,L 16-24,7,6,69,2,6.0,47,7.8,22,3.7,10.9,0,,0,0.0,0,147.3,2022
6,7.0,2022-10-23,7.0,7.0,27.02,MIA,,PIT,W 16-10,7,3,27,0,1.0,15,5.0,12,4.0,9.1,1,3.0,1,14.3,0,53.9,2022
7,8.0,2022-10-30,8.0,8.0,27.027,MIA,@,DET,W 31-27,4,3,38,1,2.0,26,8.7,12,4.0,10.0,0,,0,0.0,0,143.7,2022
8,9.0,2022-11-06,9.0,9.0,27.034,MIA,@,CHI,W 35-32,2,1,3,0,,1,1.0,2,2.0,4.0,0,,0,0.0,0,56.2,2022
9,10.0,2022-11-13,10.0,10.0,27.041,MIA,,CLE,W 39-17,3,2,31,0,2.0,25,12.5,6,3.0,9.0,0,,0,0.0,0,100.7,2022
10,11.0,2022-11-27,11.0,12.0,27.055,MIA,,HOU,W 30-15,1,0,0,0,,0,,0,,5.0,0,,0,0.0,0,39.6,2022
11,12.0,2022-12-04,12.0,13.0,27.062,MIA,@,SFO,L 17-33,1,0,0,0,,0,,0,,3.0,0,,0,0.0,0,39.6,2022
12,13.0,2022-12-11,13.0,14.0,27.069,MIA,@,LAC,L 17-23,2,0,0,0,,0,,0,,18.5,0,,0,0.0,0,39.6,2022
13,14.0,2022-12-17,14.0,15.0,27.075,MIA,@,BUF,L 29-32,1,1,5,0,,3,3.0,2,2.0,3.0,0,,0,0.0,0,87.5,2022
14,15.0,2022-12-25,15.0,16.0,27.083,MIA,,GNB,L 20-26,2,1,24,0,1.0,22,22.0,2,2.0,17.5,0,,0,0.0,1,54.2,2022
15,16.0,2023-01-01,16.0,17.0,27.09,MIA,@,NWE,L 21-23,4,2,18,1,2.0,17,8.5,1,0.5,8.0,0,,1,25.0,0,102.1,2022
16,17.0,2023-01-08,17.0,18.0,27.097,MIA,,NYJ,W 11-6,6,4,46,0,1.0,34,8.5,12,3.0,10.2,0,,0,0.0,0,89.6,2022
17,,17 Games,,,,,,,9-8-0,52,32,362,5,19.0,265,8.3,97,3.0,9.4,1,32.0,3,5.8,2,98.4,2022
