,Rk,Date,G#,Week,Age,Tm,Unnamed: 6_level_1,Opp,Result,Int,Tgt,Cmp,Cmp%,Yds,Yds/Cmp,Yds/Tgt,TD,Rat,DADOT,Air,YAC,Bltz,Hrry,QBKD,Sk,Prss,Comb,MTkl,MTkl%
0,1.0,2022-09-11,1.0,1.0,26.223,KAN,@,ARI,W 44-21,0,1,1,100.0%,10,10.0,10.0,0,108.3,6.0,6,4,0,0,0,0.0,0,1.0,0,0.0%
1,2.0,2022-09-15,2.0,2.0,26.227,KAN,,LAC,W 27-24,0,0,0,,0,,,0,,,0,0,0,0,0,,0,,0,
2,3.0,2022-09-25,3.0,3.0,26.237,KAN,@,IND,L 17-20,0,0,0,,0,,,0,,,0,0,0,0,0,,0,,0,
3,4.0,2022-10-02,4.0,4.0,26.244,KAN,@,TAM,W 41-31,0,0,0,,0,,,0,,,0,0,0,0,0,0.0,0,1.0,0,0.0%
4,5.0,2022-10-10,5.0,5.0,26.252,KAN,,LVR,W 30-29,0,0,0,,0,,,0,,,0,0,0,0,0,0.0,0,1.0,0,0.0%
5,6.0,2022-10-16,6.0,6.0,26.258,KAN,,BUF,L 20-24,0,0,0,,0,,,0,,,0,0,0,0,0,,0,,0,
6,7.0,2022-10-23,7.0,7.0,26.265,KAN,@,SFO,W 44-23,0,4,2,50.0%,30,15.0,7.5,0,75.0,7.8,13,17,0,0,0,0.0,0,2.0,0,0.0%
7,8.0,2022-11-06,8.0,9.0,26.279,KAN,,TEN,W 20-17,0,0,0,,0,,,0,,,0,0,0,0,0,0.0,0,1.0,0,0.0%
8,9.0,2022-11-13,9.0,10.0,26.286,KAN,,JAX,W 27-17,0,0,0,,0,,,0,,,0,0,0,0,0,,0,,0,
9,10.0,2022-11-27,11.0,12.0,26.3,KAN,,LAR,W 26-10,0,0,0,,0,,,0,,,0,0,0,0,0,,0,,0,
10,11.0,2022-12-04,12.0,13.0,26.307,KAN,@,CIN,L 24-27,0,0,0,,0,,,0,,,0,0,0,0,0,,0,,0,
11,12.0,2022-12-11,13.0,14.0,26.314,KAN,@,DEN,W 34-28,0,0,0,,0,,,0,,,0,0,0,0,0,,0,,0,
12,13.0,2022-12-18,14.0,15.0,26.321,KAN,@,HOU,W 30-24,0,0,0,,0,,,0,,,0,0,0,0,0,0.0,0,1.0,0,0.0%
13,14.0,2022-12-24,15.0,16.0,26.327,KAN,,SEA,W 24-10,0,0,0,,0,,,0,,,0,0,0,0,0,0.0,0,0.0,0,
14,15.0,2023-01-01,16.0,17.0,26.335,KAN,,DEN,W 27-24,0,0,0,,0,,,0,,,0,0,0,0,0,,0,,0,
15,16.0,2023-01-07,17.0,18.0,26.341,KAN,@,LVR,W 31-13,0,0,0,,0,,,0,,,0,0,0,0,0,,0,,0,
16,,16 Games,,,,,,,13-3-0,0,5,3,60.0%,40,13.3,8.0,0,85.4,7.4,19,21,0,0,0,0.0,0,7.0,0,0.0%
