,Rk,Date,G#,Week,Age,Tm,Unnamed: 6_level_1,Opp,Result,Int,Tgt,Cmp,Cmp%,Yds,Yds/Cmp,Yds/Tgt,TD,Rat,DADOT,Air,YAC,Bltz,Hrry,QBKD,Sk,Prss,Comb,MTkl,MTkl%
0,1.0,2022-09-11,1.0,1.0,29.089,KAN,@,ARI,W 44-21,0,0,0,,0,,,0,,,0,0,8,3,0,0.0,3,1,0,0.0%
1,2.0,2022-09-15,2.0,2.0,29.093,KAN,,LAC,W 27-24,0,0,0,,0,,,0,,,0,0,0,1,1,0.0,2,2,1,33.3%
2,3.0,2022-09-25,3.0,3.0,29.103,KAN,@,IND,L 17-20,0,2,2,100.0%,5,2.5,2.5,0,79.2,-5.5,-11,16,0,0,0,1.0,1,3,1,25.0%
3,4.0,2022-10-02,4.0,4.0,29.11,KAN,@,TAM,W 41-31,0,1,1,100.0%,9,9.0,9.0,0,104.2,0.0,0,9,0,0,0,0.0,0,1,1,50.0%
4,5.0,2022-10-10,5.0,5.0,29.118,KAN,,LVR,W 30-29,0,0,0,,0,,,0,,,0,0,0,1,1,0.5,3,2,0,0.0%
5,6.0,2022-10-16,6.0,6.0,29.124,KAN,,BUF,L 20-24,0,1,0,0.0%,0,,0.0,0,39.6,0.0,0,0,1,0,1,0.0,1,4,0,0.0%
6,7.0,2022-10-23,7.0,7.0,29.131,KAN,@,SFO,W 44-23,0,2,1,50.0%,13,13.0,6.5,0,70.8,2.0,-4,17,3,0,0,1.5,2,2,0,0.0%
7,8.0,2022-11-20,10.0,11.0,29.159,KAN,@,LAC,W 30-27,0,0,0,,0,,,0,,,0,0,0,0,1,0.0,1,2,0,0.0%
8,9.0,2022-11-27,11.0,12.0,29.166,KAN,,LAR,W 26-10,0,1,0,0.0%,0,,0.0,0,39.6,8.0,0,0,0,4,1,0.0,5,6,0,0.0%
9,10.0,2022-12-04,12.0,13.0,29.173,KAN,@,CIN,L 24-27,0,0,0,,0,,,0,,,0,0,0,0,0,0.0,0,3,0,0.0%
10,11.0,2022-12-11,13.0,14.0,29.18,KAN,@,DEN,W 34-28,0,0,0,,0,,,0,,,0,0,0,0,1,1.0,2,1,0,0.0%
11,12.0,2022-12-18,14.0,15.0,29.187,KAN,@,HOU,W 30-24,0,1,1,100.0%,0,0.0,0.0,0,79.2,-1.0,-1,1,0,0,0,1.0,1,5,0,0.0%
12,13.0,2022-12-24,15.0,16.0,29.193,KAN,,SEA,W 24-10,0,0,0,,0,,,0,,,0,0,0,0,0,0.0,0,2,0,0.0%
13,14.0,2023-01-01,16.0,17.0,29.201,KAN,,DEN,W 27-24,0,0,0,,0,,,0,,,0,0,0,1,1,0.0,2,4,0,0.0%
14,15.0,2023-01-07,17.0,18.0,29.207,KAN,@,LVR,W 31-13,0,0,0,,0,,,0,,,0,0,0,0,1,0.0,1,1,0,0.0%
15,,15 Games,,,,,,,12-3-0,0,8,5,62.5%,27,5.4,3.4,0,68.2,0.0,-16,43,12,10,8,5.0,24,39,3,7.1%
