,Rk,Date,G#,Week,Age,Tm,Unnamed: 6_level_1,Opp,Result,Int,Tgt,Cmp,Cmp%,Yds,Yds/Cmp,Yds/Tgt,TD,Rat,DADOT,Air,YAC,Bltz,Hrry,QBKD,Sk,Prss,Comb,MTkl,MTkl%,Year
0,1.0,2022-09-11,1.0,1.0,21.161,KAN,@,ARI,W 44-21,0,0,0,,0,,,0,,,0,0,8,4,1,0.0,5,1,1,50.0%,2022
1,2.0,2022-09-15,2.0,2.0,21.165,KAN,,LAC,W 27-24,0,0,0,,0,,,0,,,0,0,0,0,1,0.0,1,1,0,0.0%,2022
2,3.0,2022-09-25,3.0,3.0,21.175,KAN,@,IND,L 17-20,0,2,1,50.0%,1,1.0,0.5,1,95.8,-1.0,1,0,0,1,0,0.0,1,5,0,0.0%,2022
3,4.0,2022-10-02,4.0,4.0,21.182,KAN,@,TAM,W 41-31,0,2,1,50.0%,7,7.0,3.5,0,58.3,3.0,3,4,0,0,0,0.0,0,2,0,0.0%,2022
4,5.0,2022-10-10,5.0,5.0,21.19,KAN,,LVR,W 30-29,0,0,0,,0,,,0,,,0,0,0,0,0,0.5,1,1,0,0.0%,2022
5,6.0,2022-10-16,6.0,6.0,21.196,KAN,,BUF,L 20-24,0,1,1,100.0%,13,13.0,13.0,0,118.7,-2.0,-2,15,0,0,0,0.0,0,2,1,33.3%,2022
6,7.0,2022-10-23,7.0,7.0,21.203,KAN,@,SFO,W 44-23,0,1,1,100.0%,11,11.0,11.0,0,112.5,0.0,0,11,0,1,0,0.0,1,2,0,0.0%,2022
7,8.0,2022-11-06,8.0,9.0,21.217,KAN,,TEN,W 20-17,0,0,0,,0,,,0,,,0,0,1,2,0,0.0,2,2,0,0.0%,2022
8,9.0,2022-11-13,9.0,10.0,21.224,KAN,,JAX,W 27-17,0,0,0,,0,,,0,,,0,0,0,0,0,0.0,0,2,0,0.0%,2022
9,10.0,2022-11-20,10.0,11.0,21.231,KAN,@,LAC,W 30-27,0,0,0,,0,,,0,,,0,0,0,0,1,0.0,1,0,0,,2022
10,11.0,2022-11-27,11.0,12.0,21.238,KAN,,LAR,W 26-10,0,0,0,,0,,,0,,,0,0,0,0,0,1.0,1,1,0,0.0%,2022
11,12.0,2022-12-04,12.0,13.0,21.245,KAN,@,CIN,L 24-27,0,0,0,,0,,,0,,,0,0,0,0,0,1.0,1,3,0,0.0%,2022
12,13.0,2022-12-11,13.0,14.0,21.252,KAN,@,DEN,W 34-28,0,0,0,,0,,,0,,,0,0,0,0,0,1.0,1,3,0,0.0%,2022
13,14.0,2022-12-18,14.0,15.0,21.259,KAN,@,HOU,W 30-24,0,0,0,,0,,,0,,,0,0,0,1,0,0.0,1,2,0,0.0%,2022
14,15.0,2022-12-24,15.0,16.0,21.265,KAN,,SEA,W 24-10,0,0,0,,0,,,0,,,0,0,0,1,0,1.0,2,1,1,50.0%,2022
15,16.0,2023-01-01,16.0,17.0,21.273,KAN,,DEN,W 27-24,0,0,0,,0,,,0,,,0,0,0,0,0,1.0,1,2,0,0.0%,2022
16,17.0,2023-01-07,17.0,18.0,21.279,KAN,@,LVR,W 31-13,0,0,0,,0,,,0,,,0,0,0,1,0,0.5,2,3,1,25.0%,2022
17,,17 Games,,,,,,,14-3-0,0,6,4,66.7%,32,8.0,5.3,1,119.4,0.3,2,30,9,11,3,6.0,21,33,4,10.8%,2022
