,Rk,Date,G#,Week,Age,Tm,Unnamed: 6_level_1,Opp,Result,Int,Tgt,Cmp,Cmp%,Yds,Yds/Cmp,Yds/Tgt,TD,Rat,DADOT,Air,YAC,Bltz,Hrry,QBKD,Sk,Prss,Comb,MTkl,MTkl%,Year
0,1.0,2022-09-11,1.0,1.0,23.359,KAN,@,ARI,W 44-21,0,2,1,50.0%,6,6.0,3.0,1,95.8,14.0,6,0,0,0,0,0.0,0,2.0,0,0.0%,2022
1,2.0,2022-09-15,2.0,2.0,23.363,KAN,,LAC,W 27-24,1,10,4,40.0%,35,8.8,3.5,0,10.4,7.7,27,8,0,0,0,0.0,0,4.0,0,0.0%,2022
2,3.0,2022-09-25,3.0,3.0,24.008,KAN,@,IND,L 17-20,0,9,5,55.6%,56,11.2,6.2,0,74.3,6.7,33,23,1,0,0,0.0,0,7.0,2,22.2%,2022
3,4.0,2022-10-02,4.0,4.0,24.015,KAN,@,TAM,W 41-31,0,8,7,87.5%,71,10.1,8.9,1,143.2,7.0,46,25,1,0,0,0.0,0,5.0,0,0.0%,2022
4,5.0,2022-10-10,5.0,5.0,24.023,KAN,,LVR,W 30-29,0,6,4,66.7%,68,17.0,11.3,1,144.4,23.2,65,3,1,0,0,0.0,0,2.0,1,33.3%,2022
5,6.0,2022-10-16,6.0,6.0,24.029,KAN,,BUF,L 20-24,0,7,6,85.7%,74,12.3,10.6,0,110.7,8.7,46,28,0,0,0,0.0,0,6.0,1,14.3%,2022
6,7.0,2022-10-23,7.0,7.0,24.036,KAN,@,SFO,W 44-23,0,6,5,83.3%,69,13.8,11.5,1,154.2,9.8,54,15,1,0,0,0.0,0,6.0,0,0.0%,2022
7,8.0,2022-11-06,8.0,9.0,24.05,KAN,,TEN,W 20-17,0,1,0,0.0%,0,,0.0,0,39.6,26.0,0,0,0,0,0,0.0,0,0.0,0,,2022
8,9.0,2022-11-13,9.0,10.0,24.057,KAN,,JAX,W 27-17,0,2,2,100.0%,20,10.0,10.0,0,108.3,8.0,16,4,0,0,0,0.0,0,1.0,0,0.0%,2022
9,10.0,2022-11-20,10.0,11.0,24.064,KAN,@,LAC,W 30-27,0,3,3,100.0%,34,11.3,11.3,0,113.9,6.3,19,15,0,0,0,0.0,0,2.0,1,33.3%,2022
10,11.0,2022-11-27,11.0,12.0,24.071,KAN,,LAR,W 26-10,0,0,0,,0,,,0,,,0,0,0,0,0,,0,,0,,2022
11,12.0,2022-12-11,13.0,14.0,24.085,KAN,@,DEN,W 34-28,0,4,3,75.0%,30,10.0,7.5,1,135.4,2.0,12,18,0,0,0,0.0,0,3.0,0,0.0%,2022
12,13.0,2022-12-18,14.0,15.0,24.092,KAN,@,HOU,W 30-24,0,3,0,0.0%,0,,0.0,0,39.6,23.0,0,0,0,0,0,0.0,0,0.0,0,,2022
13,14.0,2022-12-24,15.0,16.0,24.098,KAN,,SEA,W 24-10,0,2,1,50.0%,6,6.0,3.0,0,56.2,4.5,6,0,0,0,0,0.0,0,2.0,0,0.0%,2022
14,15.0,2023-01-01,16.0,17.0,24.106,KAN,,DEN,W 27-24,0,4,4,100.0%,33,8.3,8.3,0,101.0,6.8,27,6,0,0,0,0.0,0,7.0,0,0.0%,2022
15,16.0,2023-01-07,17.0,18.0,24.112,KAN,@,LVR,W 31-13,0,4,1,25.0%,13,13.0,3.3,0,40.6,13.5,11,2,0,0,0,0.0,0,2.0,0,0.0%,2022
16,,16 Games,,,,,,,14-2-0,1,71,46,64.8%,515,11.2,7.3,5,103.9,10.0,368,147,4,0,0,0.0,0,49.0,5,9.3%,2022
