,Rk,Date,G#,Week,Age,Tm,Unnamed: 6_level_1,Opp,Result,Int,Tgt,Cmp,Cmp%,Yds,Yds/Cmp,Yds/Tgt,TD,Rat,DADOT,Air,YAC,Bltz,Hrry,QBKD,Sk,Prss,Comb,MTkl,MTkl%
0,1.0,2022-09-11,1.0,1.0,22.329,KAN,@,ARI,W 44-21,0,2,1,50.0%,2,2.0,1.0,0,56.2,6.5,2,0,0,0,0,0.0,0,1.0,0,0.0%
1,2.0,2022-09-15,2.0,2.0,22.333,KAN,,LAC,W 27-24,0,0,0,,0,,,0,,,0,0,0,0,0,,0,,0,
2,3.0,2022-09-25,3.0,3.0,22.343,KAN,@,IND,L 17-20,0,0,0,,0,,,0,,,0,0,0,0,0,,0,,0,
3,4.0,2022-10-02,4.0,4.0,22.35,KAN,@,TAM,W 41-31,0,0,0,,0,,,0,,,0,0,0,0,0,,0,,0,
4,5.0,2022-10-10,5.0,5.0,22.358,KAN,,LVR,W 30-29,0,1,0,0.0%,0,,0.0,0,39.6,24.0,0,0,0,0,0,0.0,0,0.0,0,
5,6.0,2022-10-16,6.0,6.0,22.364,KAN,,BUF,L 20-24,0,9,5,55.6%,87,17.4,9.7,2,128.2,11.1,67,20,3,1,0,0.0,1,9.0,0,0.0%
6,7.0,2022-10-23,7.0,7.0,23.006,KAN,@,SFO,W 44-23,1,6,2,33.3%,23,11.5,3.8,1,45.8,5.5,23,0,0,0,0,0.0,0,1.0,0,0.0%
7,8.0,2022-11-06,8.0,9.0,23.02,KAN,,TEN,W 20-17,0,1,1,100.0%,2,2.0,2.0,0,79.2,-4.0,-4,6,0,0,0,0.0,0,2.0,1,33.3%
8,9.0,2022-11-13,9.0,10.0,23.027,KAN,,JAX,W 27-17,0,3,2,66.7%,9,4.5,3.0,0,70.1,7.3,3,6,0,0,0,0.0,0,4.0,0,0.0%
9,10.0,2022-11-20,10.0,11.0,23.034,KAN,@,LAC,W 30-27,0,4,3,75.0%,65,21.7,16.3,0,116.7,16.0,50,15,0,0,0,0.0,0,7.0,1,12.5%
10,11.0,2022-11-27,11.0,12.0,23.041,KAN,,LAR,W 26-10,0,6,4,66.7%,37,9.3,6.2,0,83.3,6.5,22,15,0,0,0,0.0,0,2.0,1,33.3%
11,12.0,2022-12-04,12.0,13.0,23.048,KAN,@,CIN,L 24-27,0,8,6,75.0%,99,16.5,12.4,1,155.7,10.0,56,43,0,0,0,0.0,0,7.0,2,22.2%
12,13.0,2022-12-11,13.0,14.0,23.055,KAN,@,DEN,W 34-28,0,5,3,60.0%,33,11.0,6.6,1,119.2,4.6,20,13,0,0,0,0.0,0,4.0,0,0.0%
13,14.0,2022-12-18,14.0,15.0,23.062,KAN,@,HOU,W 30-24,0,1,0,0.0%,0,,0.0,0,39.6,4.0,0,0,0,0,0,0.0,0,1.0,0,0.0%
14,15.0,2022-12-24,15.0,16.0,23.068,KAN,,SEA,W 24-10,0,3,1,33.3%,17,17.0,5.7,0,53.5,8.7,17,0,1,0,0,0.0,0,2.0,0,0.0%
15,16.0,2023-01-01,16.0,17.0,23.076,KAN,,DEN,W 27-24,0,1,0,0.0%,0,,0.0,0,39.6,18.0,0,0,0,0,0,0.0,0,0.0,0,
16,17.0,2023-01-07,17.0,18.0,23.082,KAN,@,LVR,W 31-13,0,0,0,,0,,,0,,,0,0,0,0,0,,0,,0,
17,,17 Games,,,,,,,14-3-0,1,50,28,56.0%,374,13.4,7.5,5,104.9,8.8,256,118,4,1,0,0.0,1,40.0,5,11.1%
