,Rk,Date,G#,Week,Age,Tm,Unnamed: 6_level_1,Opp,Result,Int,Tgt,Cmp,Cmp%,Yds,Yds/Cmp,Yds/Tgt,TD,Rat,DADOT,Air,YAC,Bltz,Hrry,QBKD,Sk,Prss,Comb,MTkl,MTkl%
0,1.0,2022-09-11,1.0,1.0,25.208,KAN,@,ARI,W 44-21,0,2,2,100.0%,29,14.5,14.5,0,118.7,15.0,30,-1,1,0,0,0.0,0,4,0,0.0%
1,2.0,2022-09-15,2.0,2.0,25.212,KAN,,LAC,W 27-24,0,4,2,50.0%,8,4.0,2.0,2,95.8,6.0,8,0,1,0,0,0.0,0,4,0,0.0%
2,3.0,2022-09-25,3.0,3.0,25.222,KAN,@,IND,L 17-20,0,1,1,100.0%,5,5.0,5.0,0,87.5,5.0,5,0,4,0,2,0.0,2,6,0,0.0%
3,4.0,2022-10-02,4.0,4.0,25.229,KAN,@,TAM,W 41-31,0,7,5,71.4%,65,13.0,9.3,0,100.3,6.9,35,30,5,0,0,0.0,0,5,0,0.0%
4,5.0,2022-10-10,5.0,5.0,25.237,KAN,,LVR,W 30-29,0,3,2,66.7%,16,8.0,5.3,0,79.9,6.0,11,5,4,0,0,0.0,0,4,1,20.0%
5,6.0,2022-10-16,6.0,6.0,25.243,KAN,,BUF,L 20-24,0,3,2,66.7%,28,14.0,9.3,1,136.1,8.0,18,10,4,0,0,0.0,0,5,1,16.7%
6,7.0,2022-10-23,7.0,7.0,25.25,KAN,@,SFO,W 44-23,0,6,4,66.7%,82,20.5,13.7,0,109.7,8.0,48,34,2,0,0,0.0,0,7,2,22.2%
7,8.0,2022-11-06,8.0,9.0,25.264,KAN,,TEN,W 20-17,0,2,1,50.0%,16,16.0,8.0,0,77.1,7.5,13,3,1,0,0,0.0,0,3,1,25.0%
8,9.0,2022-11-13,9.0,10.0,25.271,KAN,,JAX,W 27-17,0,6,5,83.3%,39,7.8,6.5,0,93.7,7.7,18,21,0,0,0,0.0,0,7,1,12.5%
9,10.0,2022-11-20,10.0,11.0,25.278,KAN,@,LAC,W 30-27,0,3,3,100.0%,29,9.7,9.7,0,106.9,5.0,15,14,1,0,0,0.0,0,4,0,0.0%
10,11.0,2022-11-27,11.0,12.0,25.285,KAN,,LAR,W 26-10,0,0,0,,0,,,0,,,0,0,0,0,0,0.0,0,3,0,0.0%
11,12.0,2022-12-04,12.0,13.0,25.292,KAN,@,CIN,L 24-27,0,2,1,50.0%,19,19.0,9.5,0,83.3,7.0,13,6,3,0,0,0.0,0,4,2,33.3%
12,13.0,2022-12-11,13.0,14.0,25.299,KAN,@,DEN,W 34-28,0,4,1,25.0%,17,17.0,4.3,0,44.8,6.0,8,9,1,0,0,0.0,0,4,0,0.0%
13,14.0,2022-12-18,14.0,15.0,25.306,KAN,@,HOU,W 30-24,0,4,3,75.0%,11,3.7,2.8,0,77.1,5.3,4,7,0,0,0,0.0,0,6,0,0.0%
14,15.0,2022-12-24,15.0,16.0,25.312,KAN,,SEA,W 24-10,0,4,4,100.0%,23,5.8,5.8,1,130.2,5.3,21,2,1,0,0,0.0,0,8,0,0.0%
15,16.0,2023-01-01,16.0,17.0,25.32,KAN,,DEN,W 27-24,0,5,1,20.0%,1,1.0,0.2,0,39.6,4.8,-4,5,3,0,1,0.0,1,3,0,0.0%
16,17.0,2023-01-07,17.0,18.0,25.326,KAN,@,LVR,W 31-13,0,2,0,0.0%,0,,0.0,0,39.6,20.0,0,0,3,1,0,1.0,2,6,0,0.0%
17,,17 Games,,,,,,,14-3-0,0,58,37,63.8%,388,10.5,6.7,4,106.1,7.2,243,145,34,1,3,1.0,5,83,8,8.8%
