,Rk,Date,G#,Week,Age,Tm,Unnamed: 6_level_1,Opp,Result,Int,Tgt,Cmp,Cmp%,Yds,Yds/Cmp,Yds/Tgt,TD,Rat,DADOT,Air,YAC,Bltz,Hrry,QBKD,Sk,Prss,Comb,MTkl,MTkl%
0,1.0,2018-09-09,1.0,1.0,21.154,CHI,@,GNB,L 23-24,0,0,0,,0,,,0,,,0,0,2,0,0,1.0,1,3,0,0.0%
1,2.0,2018-09-17,2.0,2.0,21.162,CHI,,SEA,W 24-17,0,7,6,85.7%,54,9.0,7.7,1,138.4,5.7,38,16,1,0,0,0.0,0,7,3,30.0%
2,3.0,2018-09-23,3.0,3.0,21.168,CHI,@,ARI,W 16-14,0,3,3,100.0%,13,4.3,4.3,0,84.7,3.7,11,2,2,0,0,0.0,0,4,2,33.3%
3,4.0,2018-09-30,4.0,4.0,21.175,CHI,,TAM,W 48-10,0,2,2,100.0%,56,28.0,28.0,0,118.7,12.5,25,31,4,0,0,0.0,0,4,0,0.0%
4,5.0,2018-10-14,5.0,6.0,21.189,CHI,@,MIA,L 28-31,0,5,2,40.0%,6,3.0,1.2,0,47.9,1.6,-9,15,5,1,0,0.0,1,13,2,13.3%
5,6.0,2018-10-21,6.0,7.0,21.196,CHI,,NWE,L 31-38,0,5,4,80.0%,35,8.8,7.0,1,135.4,0.4,1,34,1,0,0,1.0,1,5,0,0.0%
6,7.0,2018-10-28,7.0,8.0,21.203,CHI,,NYJ,W 24-10,0,2,2,100.0%,4,2.0,2.0,0,79.2,0.5,1,3,1,0,0,0.0,0,5,1,16.7%
7,8.0,2018-11-04,8.0,9.0,21.21,CHI,@,BUF,W 41-9,0,11,10,90.9%,86,8.6,7.8,0,99.2,1.8,12,74,4,0,0,0.0,0,12,2,14.3%
8,9.0,2018-11-11,9.0,10.0,21.217,CHI,,DET,W 34-22,0,7,4,57.1%,47,11.8,6.7,0,77.7,3.1,16,31,0,0,0,1.0,1,10,0,0.0%
9,10.0,2018-11-18,10.0,11.0,21.224,CHI,,MIN,W 25-20,0,9,5,55.6%,51,10.2,5.7,0,72.0,4.4,17,34,3,0,0,0.0,0,7,1,12.5%
10,11.0,2018-11-22,11.0,12.0,21.228,CHI,@,DET,W 23-16,0,7,6,85.7%,68,11.3,9.7,0,107.1,4.7,32,36,2,1,0,1.0,2,11,0,0.0%
11,12.0,2018-12-02,12.0,13.0,21.238,CHI,@,NYG,L 27-30,0,6,4,66.7%,46,11.5,7.7,0,89.6,8.0,26,20,2,0,0,0.0,0,10,1,9.1%
12,13.0,2018-12-09,13.0,14.0,21.245,CHI,,LAR,W 15-6,1,3,1,33.3%,9,9.0,3.0,0,2.8,7.7,3,6,2,0,0,0.0,0,6,0,0.0%
13,14.0,2018-12-16,14.0,15.0,21.252,CHI,,GNB,W 24-17,0,8,6,75.0%,87,14.5,10.9,0,109.9,6.4,40,47,4,1,0,0.0,1,10,0,0.0%
14,15.0,2018-12-23,15.0,16.0,21.259,CHI,@,SFO,W 14-9,0,3,1,33.3%,1,1.0,0.3,0,42.4,2.3,1,0,2,1,0,1.0,2,9,1,10.0%
15,16.0,2018-12-30,16.0,17.0,21.266,CHI,@,MIN,W 24-10,0,4,4,100.0%,24,6.0,6.0,0,91.7,4.8,19,5,1,0,0,0.0,0,5,0,0.0%
16,,16 Games,,,,,,,12-4-0,1,82,60,73.2%,587,9.8,7.2,2,95.9,4.3,233,354,36,4,0,5.0,9,121,13,9.7%
