,Rk,Date,G#,Week,Age,Tm,Unnamed: 6_level_1,Opp,Result,Cmp,Att,Yds,1D,1D%,IAY,IAY/PA,CAY,CAY/Cmp,CAY/PA,YAC,YAC/Cmp,Drops,Drop%,BadTh,Bad%,Sk,Bltz,Hrry,Hits,Prss,Prss%,Scrm,Yds/Scr,Year
0,1.0,2019-09-08,1.0,1.0,24.329,LAR,@,CAR,W 30-27,23,39,186,12,30.0,273,7.0,90,3.9,2.3,96,4.2,3,7.9%,8,21.1%,1,7,2,5,8,19.5%,1,3.0,2019
1,2.0,2019-09-15,2.0,2.0,24.336,LAR,,NOR,W 27-9,19,28,283,11,35.5,200,7.1,137,7.2,4.9,146,7.7,2,7.1%,6,21.4%,3,5,4,1,8,25.8%,0,,2019
2,3.0,2019-09-22,3.0,3.0,24.343,LAR,@,CLE,W 20-13,24,38,268,16,40.0,390,10.3,198,8.3,5.2,70,2.9,2,5.4%,7,18.9%,2,8,3,1,6,14.6%,1,7.0,2019
3,4.0,2019-09-29,4.0,4.0,24.35,LAR,,TAM,L 40-55,45,68,517,27,38.6,472,6.9,286,6.4,4.2,231,5.1,2,2.9%,12,17.6%,2,36,10,8,20,28.6%,0,,2019
4,5.0,2019-10-03,5.0,5.0,24.354,LAR,@,SEA,L 29-30,29,49,395,18,36.7,411,8.4,198,6.8,4.0,197,6.8,2,4.1%,11,22.4%,0,23,2,5,7,14.0%,1,1.0,2019
5,6.0,2019-10-13,6.0,6.0,24.364,LAR,,SFO,L 7-20,13,24,78,1,3.6,155,6.5,29,2.2,1.2,49,3.8,1,4.2%,8,33.3%,4,7,6,0,10,35.7%,0,,2019
6,7.0,2019-10-20,7.0,7.0,25.006,LAR,@,ATL,W 37-10,22,37,268,12,32.4,373,10.1,130,5.9,3.5,138,6.3,1,2.7%,11,29.7%,0,14,0,3,3,8.1%,0,,2019
7,8.0,2019-10-27,8.0,8.0,25.013,LAR,,CIN,W 24-10,17,31,372,13,41.9,327,10.5,170,10.0,5.5,202,11.9,2,6.5%,8,25.8%,0,8,1,3,4,12.9%,0,,2019
8,9.0,2019-11-10,9.0,10.0,25.027,LAR,@,PIT,L 12-17,22,41,243,10,22.2,294,7.2,153,7.0,3.7,90,4.1,3,7.3%,5,12.2%,4,13,6,4,14,31.1%,0,,2019
9,10.0,2019-11-17,10.0,11.0,25.034,LAR,,CHI,W 17-7,11,18,173,6,33.3,158,8.8,71,6.5,3.9,102,9.3,1,5.9%,3,17.6%,0,3,0,1,1,5.3%,1,5.0,2019
10,11.0,2019-11-25,11.0,12.0,25.042,LAR,,BAL,L 6-45,26,37,212,8,20.5,312,8.4,112,4.3,3.0,100,3.8,1,2.8%,8,22.2%,2,23,1,5,8,20.5%,0,,2019
11,12.0,2019-12-01,12.0,13.0,25.048,LAR,@,ARI,W 34-7,32,43,424,20,45.5,229,5.3,162,5.1,3.8,262,8.2,2,5.0%,5,12.5%,1,13,1,2,4,9.1%,0,,2019
12,13.0,2019-12-08,13.0,14.0,25.055,LAR,,SEA,W 28-12,22,31,293,16,51.6,286,9.2,173,7.9,5.6,120,5.5,1,3.3%,6,20.0%,0,8,3,4,7,21.9%,1,5.0,2019
13,14.0,2019-12-15,14.0,15.0,25.062,LAR,@,DAL,L 21-44,33,51,284,16,30.2,304,6.0,115,3.5,2.3,169,5.1,4,8.0%,8,16.0%,2,14,2,4,8,15.1%,0,,2019
14,15.0,2019-12-21,15.0,16.0,25.068,LAR,@,SFO,L 31-34,27,46,323,17,37.0,289,6.3,168,6.2,3.7,155,5.7,0,0.0%,8,20.5%,0,14,10,2,12,24.0%,4,3.0,2019
15,16.0,2019-12-29,16.0,17.0,25.076,LAR,,ARI,W 31-24,29,45,319,17,37.0,352,7.8,196,6.8,4.4,123,4.2,0,0.0%,9,20.0%,1,23,1,0,2,4.3%,1,5.0,2019
16,,16 Games,,,,,,,9-7-0,394,626,4638,220,34.0,4825,7.7,2388,6.1,3.8,2250,5.7,27,4.4%,123,20.2%,22,219,52,48,122,18.5%,10,3.8,2019
