,Rk,Date,G#,Week,Age,Tm,Unnamed: 6_level_1,Opp,Result,Int,Tgt,Cmp,Cmp%,Yds,Yds/Cmp,Yds/Tgt,TD,Rat,DADOT,Air,YAC,Bltz,Hrry,QBKD,Sk,Prss,Comb,MTkl,MTkl%,Year
0,1.0,2021-09-12,1.0,1.0,22.032,MIA,@,NWE,W 17-16,0,0,0,,0.0,,,0.0,,,0.0,0.0,0,0,0,,0,,0,,2021
1,2.0,2021-09-19,2.0,2.0,22.039,MIA,,BUF,L 0-35,0,0,0,,0.0,,,0.0,,,0.0,0.0,0,0,0,,0,,0,,2021
2,3.0,2021-09-26,3.0,3.0,22.046,MIA,@,LVR,L 28-31,0,0,0,,0.0,,,0.0,,,0.0,0.0,0,0,0,0.0,0,0.0,0,,2021
3,4.0,2021-10-03,4.0,4.0,22.053,MIA,,IND,L 17-27,0,0,0,,0.0,,,0.0,,,0.0,0.0,0,0,0,,0,,0,,2021
4,5.0,2021-10-10,5.0,5.0,22.06,MIA,@,TAM,L 17-45,0,0,0,,0.0,,,0.0,,,0.0,0.0,0,0,0,,0,,0,,2021
5,6.0,2021-10-17,6.0,6.0,22.067,MIA,@,JAX,L 20-23,0,0,0,,0.0,,,0.0,,,0.0,0.0,0,0,0,,0,,0,,2021
6,7.0,2021-10-24,7.0,7.0,22.074,MIA,,ATL,L 28-30,0,0,0,,0.0,,,0.0,,,0.0,0.0,0,0,0,,0,,0,,2021
7,8.0,2021-10-31,8.0,8.0,22.081,MIA,@,BUF,L 11-26,0,0,0,,0.0,,,0.0,,,0.0,0.0,0,0,0,0.0,0,1.0,0,0.0%,2021
8,9.0,2021-11-07,9.0,9.0,22.088,MIA,,HOU,W 17-9,0,0,0,,0.0,,,0.0,,,0.0,0.0,0,0,0,0.0,0,1.0,0,0.0%,2021
9,10.0,2021-11-11,10.0,10.0,22.092,MIA,,BAL,W 22-10,0,0,0,,0.0,,,0.0,,,0.0,0.0,0,0,0,,0,,0,,2021
10,11.0,2021-11-21,11.0,11.0,22.102,MIA,@,NYJ,W 24-17,0,0,0,,0.0,,,0.0,,,0.0,0.0,0,0,0,,0,,0,,2021
11,12.0,2021-11-28,12.0,12.0,22.109,MIA,,CAR,W 33-10,0,0,0,,0.0,,,0.0,,,0.0,0.0,0,0,0,,0,,0,,2021
12,13.0,2021-12-05,13.0,13.0,22.116,MIA,,NYG,W 20-9,0,0,0,,0.0,,,0.0,,,0.0,0.0,0,0,0,,0,,0,,2021
13,14.0,2021-12-19,14.0,15.0,22.13,MIA,,NYJ,W 31-24,0,0,0,,0.0,,,0.0,,,0.0,0.0,0,0,0,,0,,0,,2021
14,15.0,2021-12-27,15.0,16.0,22.138,MIA,@,NOR,W 20-3,0,0,0,,0.0,,,0.0,,,0.0,0.0,0,0,0,,0,,0,,2021
15,16.0,2022-01-02,16.0,17.0,22.144,MIA,@,TEN,L 3-34,0,0,0,,0.0,,,0.0,,,0.0,0.0,0,0,0,,0,,0,,2021
16,17.0,2022-01-09,17.0,18.0,22.151,MIA,,NWE,W 33-24,0,0,0,,0.0,,,0.0,,,0.0,0.0,0,0,0,,0,,0,,2021
17,,17 Games,,,,,,,9-8-0,0,0,0,,,,,,,,,,0,0,0,0.0,0,2.0,0,0.0%,2021
