,Rk,Date,G#,Week,Age,Tm,Unnamed: 6_level_1,Opp,Result,Int,Tgt,Cmp,Cmp%,Yds,Yds/Cmp,Yds/Tgt,TD,Rat,DADOT,Air,YAC,Bltz,Hrry,QBKD,Sk,Prss,Comb,MTkl,MTkl%,Year
0,1.0,2021-09-12,1.0,1.0,27.034,MIA,@,NWE,W 17-16,0,1,0,0.0%,0,,0.0,0,39.6,,0,0,0,0,0,0.0,0,0.0,0,,2021
1,2.0,2021-09-19,2.0,2.0,27.041,MIA,,BUF,L 0-35,0,0,0,,0,,,0,,,0,0,0,0,0,,0,,0,,2021
2,3.0,2021-09-26,3.0,3.0,27.048,MIA,@,LVR,L 28-31,0,0,0,,0,,,0,,,0,0,0,0,0,,0,,0,,2021
3,4.0,2021-10-03,4.0,4.0,27.055,MIA,,IND,L 17-27,0,0,0,,0,,,0,,,0,0,0,0,0,,0,,0,,2021
4,5.0,2021-10-10,5.0,5.0,27.062,MIA,@,TAM,L 17-45,0,0,0,,0,,,0,,,0,0,0,0,0,0.0,0,1.0,0,0.0%,2021
5,6.0,2021-10-17,6.0,6.0,27.069,MIA,@,JAX,L 20-23,0,0,0,,0,,,0,,,0,0,0,0,0,0.0,0,1.0,0,0.0%,2021
6,7.0,2021-10-24,7.0,7.0,27.076,MIA,,ATL,L 28-30,0,0,0,,0,,,0,,,0,0,0,0,0,0.0,0,2.0,0,0.0%,2021
7,8.0,2021-10-31,8.0,8.0,27.083,MIA,@,BUF,L 11-26,0,3,2,66.7%,11,5.5,3.7,0,72.9,-2.3,-10,21,5,2,0,0.0,2,5.0,1,16.7%,2021
8,9.0,2021-11-07,9.0,9.0,27.09,MIA,,HOU,W 17-9,0,0,0,,0,,,0,,,0,0,0,0,0,0.0,0,0.0,0,,2021
9,10.0,2021-11-11,10.0,10.0,27.094,MIA,,BAL,W 22-10,0,2,2,100.0%,13,6.5,6.5,0,93.7,4.5,9,4,1,0,0,0.0,0,2.0,0,0.0%,2021
10,11.0,2021-11-21,11.0,11.0,27.104,MIA,@,NYJ,W 24-17,0,0,0,,0,,,0,,,0,0,1,0,0,0.0,0,0.0,0,,2021
11,12.0,2021-11-28,12.0,12.0,27.111,MIA,,CAR,W 33-10,0,0,0,,0,,,0,,,0,0,1,0,0,0.0,0,3.0,0,0.0%,2021
12,13.0,2021-12-05,13.0,13.0,27.118,MIA,,NYG,W 20-9,0,3,1,33.3%,8,8.0,2.7,0,42.4,8.7,6,2,3,0,0,0.0,0,3.0,0,0.0%,2021
13,14.0,2021-12-19,14.0,15.0,27.132,MIA,,NYJ,W 31-24,0,1,1,100.0%,9,9.0,9.0,0,104.2,5.0,5,4,0,0,0,0.0,0,4.0,0,0.0%,2021
14,15.0,2022-01-02,16.0,17.0,27.146,MIA,@,TEN,L 3-34,0,0,0,,0,,,0,,,0,0,0,0,0,0.0,0,1.0,0,0.0%,2021
15,16.0,2022-01-09,17.0,18.0,27.153,MIA,,NWE,W 33-24,0,3,3,100.0%,24,8.0,8.0,0,100.0,5.0,15,9,0,1,0,0.0,1,4.0,1,20.0%,2021
16,,16 Games,,,,,,,8-8-0,0,13,9,69.2%,65,7.2,5.0,0,80.6,3.7,25,40,11,3,0,0.0,3,26.0,2,7.1%,2021
