,Rk,Date,G#,Week,Age,Tm,Unnamed: 6_level_1,Opp,Result,Tgt,Rec,Yds,TD,1D,YBC,YBC/R,YAC,YAC/R,ADOT,BrkTkl,Rec/Br,Drop,Drop%,Int,Rat,Year
0,1.0,2021-10-10,5.0,5.0,25.243,MIA,@,TAM,L 17-45,1.0,1.0,3.0,0.0,,3.0,3.0,0.0,0.0,3.0,0.0,,0.0,0.0,0.0,79.2,2021
1,2.0,2021-10-17,6.0,6.0,25.25,MIA,@,JAX,L 20-23,1.0,0.0,0.0,0.0,,0.0,,0.0,,6.0,0.0,,0.0,0.0,0.0,39.6,2021
2,3.0,2021-10-24,7.0,7.0,25.257,MIA,,ATL,L 28-30,1.0,1.0,10.0,1.0,1.0,5.0,5.0,5.0,5.0,5.0,0.0,,0.0,0.0,0.0,147.9,2021
3,4.0,2021-10-31,8.0,8.0,25.264,MIA,@,BUF,L 11-26,1.0,0.0,0.0,0.0,,0.0,,0.0,,4.0,0.0,,0.0,0.0,0.0,39.6,2021
4,5.0,2021-11-07,9.0,9.0,25.271,MIA,,HOU,W 17-9,1.0,0.0,0.0,0.0,,0.0,,0.0,,0.0,0.0,,0.0,0.0,0.0,39.6,2021
5,6.0,2021-11-11,10.0,10.0,25.275,MIA,,BAL,W 22-10,4.0,4.0,84.0,0.0,2.0,49.0,12.3,35.0,8.8,12.3,1.0,4.0,0.0,0.0,0.0,118.7,2021
6,7.0,2021-11-21,11.0,11.0,25.285,MIA,@,NYJ,W 24-17,,,,,,,,,,,,,,0.0,,,2021
7,8.0,2021-11-28,12.0,12.0,25.292,MIA,,CAR,W 33-10,2.0,1.0,11.0,0.0,1.0,5.0,5.0,6.0,6.0,10.0,0.0,,0.0,0.0,0.0,66.7,2021
8,9.0,2021-12-05,13.0,13.0,25.299,MIA,,NYG,W 20-9,1.0,1.0,2.0,1.0,1.0,2.0,2.0,0.0,0.0,2.0,0.0,,0.0,0.0,0.0,118.7,2021
9,10.0,2021-12-19,14.0,15.0,25.313,MIA,,NYJ,W 31-24,3.0,3.0,51.0,0.0,2.0,40.0,13.3,11.0,3.7,13.3,0.0,,0.0,0.0,0.0,118.7,2021
10,11.0,2021-12-27,15.0,16.0,25.321,MIA,@,NOR,W 20-3,,,,,,,,,,,,,,0.0,,,2021
11,12.0,2022-01-02,16.0,17.0,25.327,MIA,@,TEN,L 3-34,2.0,1.0,0.0,0.0,,-3.0,-3.0,3.0,3.0,4.5,0.0,,0.0,0.0,0.0,56.2,2021
12,13.0,2022-01-09,17.0,18.0,25.334,MIA,,NWE,W 33-24,,,,,,,,,,,,,,0.0,,,2021
13,,13 Games,,,,,,,8-5-0,17.0,12.0,161.0,2.0,7.0,101.0,8.4,60.0,5.0,8.1,1.0,12.0,0.0,0.0,0.0,139.6,2021
