,Rk,Date,G#,Week,Age,Tm,Unnamed: 6_level_1,Opp,Result,Tgt,Rec,Yds,TD,1D,YBC,YBC/R,YAC,YAC/R,ADOT,BrkTkl,Rec/Br,Drop,Drop%,Int,Rat
0,1.0,2021-09-12,1.0,1.0,25.344,MIA,@,NWE,W 17-16,3,0,0,0,,0,,0,,15.0,0,,1,33.3,0,39.6
1,2.0,2021-09-19,2.0,2.0,25.351,MIA,,BUF,L 0-35,6,3,41,0,3.0,34,11.3,7,2.3,10.7,0,,0,0.0,1,32.6
2,3.0,2021-09-26,3.0,3.0,25.358,MIA,@,LVR,L 28-31,12,10,86,0,5.0,67,6.7,19,1.9,8.2,0,,0,0.0,0,96.5
3,4.0,2021-10-03,4.0,4.0,26.0,MIA,,IND,L 17-27,6,5,57,1,3.0,47,9.4,10,2.0,9.5,0,,0,0.0,0,145.8
4,5.0,2021-10-10,5.0,5.0,26.007,MIA,@,TAM,L 17-45,7,4,43,0,2.0,26,6.5,17,4.3,10.1,1,4.0,0,0.0,0,75.3
5,6.0,2021-10-17,6.0,6.0,26.014,MIA,@,JAX,L 20-23,9,8,115,0,5.0,80,10.0,35,4.4,9.8,0,,0,0.0,0,118.7
6,7.0,2021-10-24,7.0,7.0,26.021,MIA,,ATL,L 28-30,8,7,85,1,5.0,71,10.1,14,2.0,10.3,0,,0,0.0,0,150.5
7,8.0,2021-10-31,8.0,8.0,26.028,MIA,@,BUF,L 11-26,4,3,48,0,1.0,34,11.3,14,4.7,8.5,0,,0,0.0,0,114.6
8,9.0,2021-11-07,9.0,9.0,26.035,MIA,,HOU,W 17-9,8,4,54,0,3.0,51,12.8,3,0.8,12.3,0,,0,0.0,0,71.9
9,10.0,2021-11-11,10.0,10.0,26.039,MIA,,BAL,W 22-10,7,0,0,0,,0,,0,,10.9,0,,0,0.0,0,39.6
10,11.0,2021-11-21,11.0,11.0,26.049,MIA,@,NYJ,W 24-17,6,5,50,0,2.0,22,4.4,28,5.6,3.7,0,,0,0.0,0,101.4
11,12.0,2021-11-28,12.0,12.0,26.056,MIA,,CAR,W 33-10,3,3,17,0,1.0,11,3.7,6,2.0,3.7,0,,0,0.0,0,90.3
12,13.0,2021-12-05,13.0,13.0,26.063,MIA,,NYG,W 20-9,11,7,46,0,2.0,30,4.3,16,2.3,7.9,0,,1,9.1,0,72.5
13,14.0,2021-12-19,14.0,15.0,26.077,MIA,,NYJ,W 31-24,8,5,43,0,2.0,21,4.2,22,4.4,8.4,0,,0,0.0,1,37.0
14,15.0,2021-12-27,15.0,16.0,26.085,MIA,@,NOR,W 20-3,4,3,22,0,1.0,7,2.3,15,5.0,5.8,0,,0,0.0,0,87.5
15,16.0,2022-01-02,16.0,17.0,26.091,MIA,@,TEN,L 3-34,7,4,51,0,3.0,43,10.8,8,2.0,13.1,0,,1,14.3,1,40.5
16,17.0,2022-01-09,17.0,18.0,26.098,MIA,,NWE,W 33-24,3,2,22,0,1.0,15,7.5,7,3.5,7.7,0,,0,0.0,0,88.2
17,,17 Games,,,,,,,9-8-0,112,73,780,2,39.0,559,7.7,221,3.0,9.3,1,73.0,3,2.7,3,80.2
