,Rk,Date,G#,Week,Age,Tm,Unnamed: 6_level_1,Opp,Result,Int,Tgt,Cmp,Cmp%,Yds,Yds/Cmp,Yds/Tgt,TD,Rat,DADOT,Air,YAC,Bltz,Hrry,QBKD,Sk,Prss,Comb,MTkl,MTkl%,Year
0,1.0,2022-09-11,1.0,1.0,27.278,NWE,@,MIA,L 7-20,0,0,0,,0.0,,,0.0,,,0.0,0.0,0,0,0,0.0,0,0.0,0,,2022
1,2.0,2022-09-18,2.0,2.0,27.285,NWE,@,PIT,W 17-14,0,0,0,,0.0,,,0.0,,,0.0,0.0,0,0,0,0.0,0,1.0,0,0.0%,2022
2,3.0,2022-09-25,3.0,3.0,27.292,NWE,,BAL,L 26-37,0,0,0,,0.0,,,0.0,,,0.0,0.0,0,0,0,0.0,0,0.0,0,,2022
3,4.0,2022-10-02,4.0,4.0,27.299,NWE,@,GNB,L 24-27,0,0,0,,0.0,,,0.0,,,0.0,0.0,0,0,0,0.0,0,0.0,0,,2022
4,5.0,2022-10-09,5.0,5.0,27.306,NWE,,DET,W 29-0,0,0,0,,0.0,,,0.0,,,0.0,0.0,0,0,0,0.0,0,0.0,0,,2022
5,6.0,2022-10-16,6.0,6.0,27.313,NWE,@,CLE,W 38-15,0,0,0,,0.0,,,0.0,,,0.0,0.0,0,0,0,0.0,0,0.0,0,,2022
6,7.0,2022-10-24,7.0,7.0,27.321,NWE,,CHI,L 14-33,0,0,0,,0.0,,,0.0,,,0.0,0.0,0,0,0,0.0,0,0.0,0,,2022
7,8.0,2022-10-30,8.0,8.0,27.327,NWE,@,NYJ,W 22-17,0,0,0,,0.0,,,0.0,,,0.0,0.0,0,0,0,0.0,0,0.0,0,,2022
8,9.0,2022-11-06,9.0,9.0,27.334,NWE,,IND,W 26-3,0,0,0,,0.0,,,0.0,,,0.0,0.0,0,0,0,0.0,0,0.0,0,,2022
9,10.0,2022-11-20,10.0,11.0,27.348,NWE,,NYJ,W 10-3,0,0,0,,0.0,,,0.0,,,0.0,0.0,0,0,0,0.0,0,0.0,0,,2022
10,11.0,2022-11-24,11.0,12.0,27.352,NWE,@,MIN,L 26-33,0,0,0,,0.0,,,0.0,,,0.0,0.0,0,0,0,0.0,0,0.0,0,,2022
11,12.0,2022-12-01,12.0,13.0,27.359,NWE,,BUF,L 10-24,0,0,0,,0.0,,,0.0,,,0.0,0.0,0,0,0,0.0,0,0.0,0,,2022
12,13.0,2022-12-12,13.0,14.0,28.005,NWE,@,ARI,W 27-13,0,0,0,,0.0,,,0.0,,,0.0,0.0,0,0,0,0.0,0,0.0,0,,2022
13,14.0,2022-12-18,14.0,15.0,28.011,NWE,@,LVR,L 24-30,0,0,0,,0.0,,,0.0,,,0.0,0.0,0,0,0,0.0,0,0.0,0,,2022
14,15.0,2022-12-24,15.0,16.0,28.017,NWE,,CIN,L 18-22,0,0,0,,0.0,,,0.0,,,0.0,0.0,0,0,0,,0,,0,,2022
15,16.0,2023-01-01,16.0,17.0,28.025,NWE,,MIA,W 23-21,0,0,0,,0.0,,,0.0,,,0.0,0.0,0,0,0,0.0,0,0.0,0,,2022
16,17.0,2023-01-08,17.0,18.0,28.032,NWE,@,BUF,L 23-35,0,0,0,,0.0,,,0.0,,,0.0,0.0,0,0,0,0.0,0,1.0,0,0.0%,2022
17,,17 Games,,,,,,,8-9-0,0,0,0,,,,,,,,,,0,0,0,0.0,0,2.0,0,0.0%,2022
