,Rk,Date,G#,Week,Age,Tm,Unnamed: 6_level_1,Opp,Result,Int,Tgt,Cmp,Cmp%,Yds,Yds/Cmp,Yds/Tgt,TD,Rat,DADOT,Air,YAC,Bltz,Hrry,QBKD,Sk,Prss,Comb,MTkl,MTkl%
0,1.0,2022-09-11,1.0,1.0,26.173,NWE,@,MIA,L 7-20,0,2,2,100.0%,7,3.5,3.5,0,81.2,3.5,7,0,2,0,0,0.0,0,6,2,25.0%
1,2.0,2022-09-18,2.0,2.0,26.18,NWE,@,PIT,W 17-14,0,2,0,0.0%,0,,0.0,0,39.6,12.5,0,0,0,0,0,0.0,0,1,0,0.0%
2,3.0,2022-10-02,4.0,4.0,26.194,NWE,@,GNB,L 24-27,0,1,1,100.0%,11,11.0,11.0,0,112.5,5.0,5,6,0,0,0,0.0,0,3,0,0.0%
3,4.0,2022-10-09,5.0,5.0,26.201,NWE,,DET,W 29-0,0,4,1,25.0%,0,0.0,0.0,0,39.6,6.0,-3,3,1,0,0,0.0,0,5,0,0.0%
4,5.0,2022-10-16,6.0,6.0,26.208,NWE,@,CLE,W 38-15,1,5,4,80.0%,54,13.5,10.8,0,72.1,14.8,41,13,3,0,0,0.0,0,8,0,0.0%
5,6.0,2022-10-24,7.0,7.0,26.216,NWE,,CHI,L 14-33,0,0,0,,0,,,0,,,0,0,1,0,0,0.0,0,1,0,0.0%
6,7.0,2022-11-06,9.0,9.0,26.229,NWE,,IND,W 26-3,0,3,2,66.7%,8,4.0,2.7,0,70.1,3.3,3,5,4,0,0,0.0,0,3,0,0.0%
7,8.0,2022-11-20,10.0,11.0,26.243,NWE,,NYJ,W 10-3,0,3,2,66.7%,5,2.5,1.7,0,70.1,9.7,3,2,3,1,0,1.0,2,7,0,0.0%
8,9.0,2022-11-24,11.0,12.0,26.247,NWE,@,MIN,L 26-33,0,3,3,100.0%,26,8.7,8.7,1,142.4,6.0,18,8,2,0,0,0.0,0,9,0,0.0%
9,10.0,2022-12-01,12.0,13.0,26.254,NWE,,BUF,L 10-24,0,7,4,57.1%,57,14.3,8.1,1,123.2,11.0,38,19,2,0,1,0.0,1,5,0,0.0%
10,11.0,2022-12-12,13.0,14.0,26.265,NWE,@,ARI,W 27-13,0,6,6,100.0%,63,10.5,10.5,0,110.4,5.8,35,28,0,0,0,0.0,0,9,2,18.2%
11,12.0,2022-12-18,14.0,15.0,26.271,NWE,@,LVR,L 24-30,1,4,3,75.0%,46,15.3,11.5,0,72.9,10.5,43,3,1,0,0,0.0,0,6,1,14.3%
12,13.0,2022-12-24,15.0,16.0,26.277,NWE,,CIN,L 18-22,0,2,1,50.0%,-1,-1.0,-0.5,0,56.2,12.0,-1,0,1,0,0,0.0,0,4,0,0.0%
13,14.0,2023-01-01,16.0,17.0,26.285,NWE,,MIA,W 23-21,1,11,7,63.6%,87,12.4,7.9,2,89.8,8.5,48,39,3,0,0,0.0,0,5,1,16.7%
14,15.0,2023-01-08,17.0,18.0,26.292,NWE,@,BUF,L 23-35,0,2,2,100.0%,6,3.0,3.0,1,118.7,-0.5,-1,7,3,0,0,0.0,0,6,1,14.3%
15,,15 Games,,,,,,,7-8-0,3,55,38,69.1%,369,9.7,6.7,5,95.2,8.4,236,133,26,1,1,1.0,3,78,7,8.2%
