,Rk,Date,G#,Week,Age,Tm,Unnamed: 6_level_1,Opp,Result,Int,Tgt,Cmp,Cmp%,Yds,Yds/Cmp,Yds/Tgt,TD,Rat,DADOT,Air,YAC,Bltz,Hrry,QBKD,Sk,Prss,Comb,MTkl,MTkl%
0,1.0,2020-09-13,1.0,1.0,25.036,IND,@,JAX,L 20-27,0,1,1,100.0%,4,4.0,4.0,0,83.3,4.0,4,0,2,0,0,0.0,0,7,1,12.5%
1,2.0,2020-09-20,2.0,2.0,25.043,IND,,MIN,W 28-11,0,2,1,50.0%,0,0.0,0.0,0,56.2,6.5,-1,1,1,0,0,0.0,0,1,1,50.0%
2,3.0,2020-09-27,3.0,3.0,25.05,IND,,NYJ,W 36-7,0,1,1,100.0%,3,3.0,3.0,0,79.2,3.0,3,0,1,0,1,0.0,1,6,0,0.0%
3,4.0,2020-10-04,4.0,4.0,25.057,IND,@,CHI,W 19-11,0,7,5,71.4%,27,5.4,3.9,0,77.7,0.6,13,14,3,0,0,0.0,0,11,0,0.0%
4,5.0,2020-10-11,5.0,5.0,25.064,IND,@,CLE,L 23-32,1,5,3,60.0%,26,8.7,5.2,0,34.2,2.6,4,22,2,0,0,0.0,0,7,1,12.5%
5,6.0,2020-10-18,6.0,6.0,25.071,IND,,CIN,W 31-27,0,6,5,83.3%,49,9.8,8.2,0,100.7,7.5,35,14,2,0,0,0.0,0,7,1,12.5%
6,7.0,2020-11-01,7.0,8.0,25.085,IND,@,DET,W 41-21,0,3,2,66.7%,32,16.0,10.7,1,141.7,1.0,0,32,2,0,0,0.0,0,1,1,50.0%
7,8.0,2020-11-08,8.0,9.0,25.092,IND,,BAL,L 10-24,0,3,2,66.7%,13,6.5,4.3,0,75.7,2.7,-2,15,0,0,0,0.0,0,7,0,0.0%
8,9.0,2020-11-12,9.0,10.0,25.096,IND,@,TEN,W 34-17,0,2,2,100.0%,11,5.5,5.5,1,129.2,3.5,7,4,1,1,0,0.0,1,5,0,0.0%
9,10.0,2020-11-22,10.0,11.0,25.106,IND,,GNB,W 34-31,0,2,2,100.0%,23,11.5,11.5,0,114.6,8.0,16,7,0,0,0,0.0,0,2,0,0.0%
10,11.0,2020-11-29,11.0,12.0,25.113,IND,,TEN,L 26-45,0,0,0,,0,,,0,,,0,0,6,1,0,0.0,1,6,0,0.0%
11,12.0,2020-12-06,12.0,13.0,25.12,IND,@,HOU,W 26-20,0,4,4,100.0%,34,8.5,8.5,0,102.1,5.3,21,13,2,0,0,0.0,0,11,0,0.0%
12,13.0,2020-12-13,13.0,14.0,25.127,IND,@,LVR,W 44-27,0,5,4,80.0%,27,6.8,5.4,0,89.2,3.6,18,9,0,0,0,0.0,0,8,0,0.0%
13,14.0,2020-12-20,14.0,15.0,25.134,IND,,HOU,W 27-20,0,2,1,50.0%,2,2.0,1.0,0,56.2,2.5,-4,6,0,0,0,0.0,0,6,1,14.3%
14,15.0,2020-12-27,15.0,16.0,25.141,IND,@,PIT,L 24-28,0,3,3,100.0%,21,7.0,7.0,1,135.4,2.3,7,14,0,0,0,0.0,0,3,0,0.0%
15,16.0,2021-01-03,16.0,17.0,25.148,IND,,JAX,W 28-14,0,4,2,50.0%,15,7.5,3.8,0,59.4,3.0,8,7,0,0,0,0.0,0,4,0,0.0%
16,,16 Games,,,,,,,11-5-0,1,50,38,76.0%,287,7.6,5.7,3,101.0,3.6,129,158,22,2,1,0.0,3,92,6,6.1%
