,Rk,Date,G#,Week,Age,Tm,Unnamed: 6_level_1,Opp,Result,Int,Tgt,Cmp,Cmp%,Yds,Yds/Cmp,Yds/Tgt,TD,Rat,DADOT,Air,YAC,Bltz,Hrry,QBKD,Sk,Prss,Comb,MTkl,MTkl%
0,1.0,2022-09-12,1.0,1.0,23.286,SEA,,DEN,W 17-16,0,0,0,,0,,,0,,,0,0,2,2,0,0.0,2,0.0,0,
1,2.0,2022-09-18,2.0,2.0,23.292,SEA,@,SFO,L 7-27,0,0,0,,0,,,0,,,0,0,2,1,0,1.0,2,4.0,0,0.0%
2,3.0,2022-09-25,3.0,3.0,23.299,SEA,,ATL,L 23-27,0,3,3,100.0%,43,14.3,14.3,0,118.7,-2.7,-8,51,0,0,0,0.0,0,3.0,0,0.0%
3,4.0,2022-10-02,4.0,4.0,23.306,SEA,@,DET,W 48-45,0,3,3,100.0%,20,6.7,6.7,0,94.4,3.0,9,11,0,0,0,0.0,0,6.0,0,0.0%
4,5.0,2022-10-09,5.0,5.0,23.313,SEA,@,NOR,L 32-39,0,0,0,,0,,,0,,,0,0,7,0,1,0.0,1,2.0,0,0.0%
5,6.0,2022-10-16,6.0,6.0,23.32,SEA,,ARI,W 19-9,0,1,1,100.0%,2,2.0,2.0,0,79.2,0.0,0,2,1,0,0,0.0,0,3.0,2,40.0%
6,7.0,2022-10-23,7.0,7.0,23.327,SEA,@,LAC,W 37-23,0,2,2,100.0%,25,12.5,12.5,0,118.7,2.0,4,21,0,0,0,0.0,0,5.0,0,0.0%
7,8.0,2022-10-30,8.0,8.0,23.334,SEA,,NYG,W 27-13,0,2,0,0.0%,0,,0.0,0,39.6,24.5,0,0,2,0,0,1.0,1,2.0,1,33.3%
8,9.0,2022-11-06,9.0,9.0,23.341,SEA,@,ARI,W 31-21,0,1,1,100.0%,22,22.0,22.0,1,158.3,4.0,4,18,0,1,0,0.0,1,1.0,0,0.0%
9,10.0,2022-11-13,10.0,10.0,23.348,SEA,@,TAM,L 16-21,0,0,0,,0,,,0,,,0,0,0,0,0,0.0,0,1.0,0,0.0%
10,11.0,2022-11-27,11.0,12.0,23.362,SEA,,LVR,L 34-40,0,0,0,,0,,,0,,,0,0,0,0,0,0.0,0,3.0,0,0.0%
11,12.0,2022-12-04,12.0,13.0,24.004,SEA,@,LAR,W 27-23,0,0,0,,0,,,0,,,0,0,0,0,0,,0,,0,
12,13.0,2022-12-11,13.0,14.0,24.011,SEA,,CAR,L 24-30,0,0,0,,0,,,0,,,0,0,1,0,0,0.0,0,2.0,0,0.0%
13,14.0,2022-12-15,14.0,15.0,24.015,SEA,,SFO,L 13-21,0,2,2,100.0%,10,5.0,5.0,0,87.5,1.0,2,8,0,0,0,0.0,0,1.0,0,0.0%
14,15.0,2022-12-24,15.0,16.0,24.024,SEA,@,KAN,L 10-24,0,0,0,,0,,,0,,,0,0,1,0,0,0.0,0,3.0,0,0.0%
15,16.0,2023-01-01,16.0,17.0,24.032,SEA,,NYJ,W 23-6,0,1,0,0.0%,0,,0.0,0,39.6,2.0,0,0,0,0,0,0.0,0,2.0,0,0.0%
16,17.0,2023-01-08,17.0,18.0,24.039,SEA,,LAR,W 19-16,0,0,0,,0,,,0,,,0,0,0,0,0,1.0,1,3.0,0,0.0%
17,,17 Games,,,,,,,9-8-0,0,15,12,80.0%,122,10.2,8.1,1,122.8,4.1,11,111,16,4,1,3.0,8,41.0,3,6.8%
