,Rk,Date,G#,Week,Age,Tm,Unnamed: 6_level_1,Opp,Result,Tgt,Rec,Yds,TD,1D,YBC,YBC/R,YAC,YAC/R,ADOT,BrkTkl,Rec/Br,Drop,Drop%,Int,Rat,Att,Yds,TD,1D,YBC,YBC/Att,YAC,YAC/Att,BrkTkl,Att/Br,Year
0,1.0,2022-09-12,1.0,1.0,25.173,SEA,,DEN,W 17-16,2.0,1.0,0.0,0.0,,-5.0,-5.0,5.0,5.0,2.5,0.0,,0.0,0.0,0.0,56.2,0.0,0.0,0.0,,0.0,,0.0,,0.0,,2022
1,2.0,2022-09-18,2.0,2.0,25.179,SEA,@,SFO,L 7-27,1.0,1.0,6.0,0.0,,-2.0,-2.0,8.0,8.0,-2.0,0.0,,0.0,0.0,0.0,91.7,0.0,0.0,0.0,,0.0,,0.0,,0.0,,2022
2,3.0,2022-09-25,3.0,3.0,25.186,SEA,,ATL,L 23-27,,,,,,,,,,,,,,0.0,,,,,,,,,,,,,2022
3,4.0,2022-10-02,4.0,4.0,25.193,SEA,@,DET,W 48-45,1.0,1.0,10.0,0.0,1.0,3.0,3.0,7.0,7.0,3.0,0.0,,0.0,0.0,0.0,108.3,1.0,6.0,0.0,0.0,5.0,5.0,1.0,1.0,0.0,,2022
4,5.0,2022-10-09,5.0,5.0,25.2,SEA,@,NOR,L 32-39,1.0,0.0,0.0,0.0,,0.0,,0.0,,13.0,0.0,,0.0,0.0,0.0,39.6,0.0,0.0,0.0,,0.0,,0.0,,0.0,,2022
5,6.0,2022-10-16,6.0,6.0,25.207,SEA,,ARI,W 19-9,3.0,3.0,39.0,0.0,3.0,20.0,6.7,19.0,6.3,6.7,1.0,3.0,0.0,0.0,0.0,118.7,0.0,0.0,0.0,0.0,0.0,,0.0,,0.0,,2022
6,7.0,2022-10-23,7.0,7.0,25.214,SEA,@,LAC,W 37-23,1.0,0.0,0.0,0.0,,0.0,,0.0,,6.0,0.0,,0.0,0.0,0.0,39.6,1.0,4.0,0.0,,4.0,4.0,0.0,0.0,0.0,,2022
7,8.0,2022-10-30,8.0,8.0,25.221,SEA,,NYG,W 27-13,2.0,1.0,3.0,0.0,,-4.0,-4.0,7.0,7.0,3.0,0.0,,0.0,0.0,0.0,56.2,0.0,0.0,0.0,,0.0,,0.0,,0.0,,2022
8,9.0,2022-11-06,9.0,9.0,25.228,SEA,@,ARI,W 31-21,2.0,0.0,0.0,0.0,,0.0,,0.0,,1.5,0.0,,0.0,0.0,0.0,39.6,0.0,0.0,0.0,,0.0,,0.0,,0.0,,2022
9,10.0,2022-11-13,10.0,10.0,25.235,SEA,@,TAM,L 16-21,0.0,0.0,0.0,0.0,,0.0,,0.0,,,0.0,,0.0,0.0,,,0.0,0.0,0.0,,0.0,,0.0,,0.0,,2022
10,,10 Games,,,,,,,6-4-0,13.0,7.0,58.0,0.0,4.0,12.0,1.7,46.0,6.6,4.2,1.0,7.0,0.0,0.0,0.0,65.5,2.0,10.0,0.0,0.0,9.0,4.5,1.0,0.5,0.0,,2022
