,Rk,Date,G#,Week,Age,Tm,Unnamed: 6_level_1,Opp,Result,Int,Tgt,Cmp,Cmp%,Yds,Yds/Cmp,Yds/Tgt,TD,Rat,DADOT,Air,YAC,Bltz,Hrry,QBKD,Sk,Prss,Comb,MTkl,MTkl%,Year
0,1.0,2022-09-12,1.0,1.0,24.326,SEA,,DEN,W 17-16,0,7,7,100.0%,90,12.9,12.9,0,118.7,5.7,40,50,4,0,0,0.0,0,12,1,7.7%,2022
1,2.0,2022-09-18,2.0,2.0,24.332,SEA,@,SFO,L 7-27,0,4,3,75.0%,20,6.7,5.0,0,85.4,4.5,6,14,0,0,0,0.0,0,11,1,8.3%,2022
2,3.0,2022-09-25,3.0,3.0,24.339,SEA,,ATL,L 23-27,0,0,0,,0,,,0,,,0,0,2,0,0,0.0,0,9,0,0.0%,2022
3,4.0,2022-10-02,4.0,4.0,24.346,SEA,@,DET,W 48-45,0,5,4,80.0%,131,32.8,26.2,1,158.3,8.8,42,89,2,1,0,0.0,1,11,0,0.0%,2022
4,5.0,2022-10-09,5.0,5.0,24.353,SEA,@,NOR,L 32-39,0,5,4,80.0%,29,7.3,5.8,0,90.8,3.2,5,24,4,1,1,0.0,2,11,1,8.3%,2022
5,6.0,2022-10-16,6.0,6.0,24.36,SEA,,ARI,W 19-9,0,2,2,100.0%,12,6.0,6.0,0,91.7,-2.0,-4,16,0,0,0,0.0,0,11,2,15.4%,2022
6,7.0,2022-10-23,7.0,7.0,25.002,SEA,@,LAC,W 37-23,0,7,6,85.7%,51,8.5,7.3,0,97.0,2.4,8,43,2,0,1,0.0,1,8,1,11.1%,2022
7,8.0,2022-10-30,8.0,8.0,25.009,SEA,,NYG,W 27-13,0,3,2,66.7%,19,9.5,6.3,0,84.0,3.7,1,18,0,0,0,0.0,0,5,0,0.0%,2022
8,9.0,2022-11-06,9.0,9.0,25.016,SEA,@,ARI,W 31-21,0,5,4,80.0%,34,8.5,6.8,0,95.0,9.0,22,12,0,0,0,0.0,0,12,0,0.0%,2022
9,10.0,2022-11-13,10.0,10.0,25.023,SEA,@,TAM,L 16-21,0,7,4,57.1%,62,15.5,8.9,1,126.2,4.9,5,57,0,0,0,0.0,0,16,0,0.0%,2022
10,11.0,2022-11-27,11.0,12.0,25.037,SEA,,LVR,L 34-40,0,7,5,71.4%,68,13.6,9.7,2,141.7,2.9,13,55,0,0,0,0.0,0,16,0,0.0%,2022
11,12.0,2022-12-04,12.0,13.0,25.044,SEA,@,LAR,W 27-23,0,5,1,20.0%,13,13.0,2.6,0,39.6,11.0,-1,14,1,0,0,1.0,1,9,0,0.0%,2022
12,13.0,2022-12-11,13.0,14.0,25.051,SEA,,CAR,L 24-30,0,2,2,100.0%,6,3.0,3.0,0,79.2,-1.0,-2,8,0,0,0,0.0,0,10,1,9.1%,2022
13,14.0,2022-12-15,14.0,15.0,25.055,SEA,,SFO,L 13-21,0,6,5,83.3%,60,12.0,10.0,1,147.9,3.2,16,44,1,0,0,0.0,0,8,0,0.0%,2022
14,15.0,2022-12-24,15.0,16.0,25.064,SEA,@,KAN,L 10-24,0,9,4,44.4%,82,20.5,9.1,0,77.1,6.4,37,45,0,0,0,0.0,0,8,4,33.3%,2022
15,16.0,2023-01-01,16.0,17.0,25.072,SEA,,NYJ,W 23-6,0,1,1,100.0%,12,12.0,12.0,0,116.7,6.0,6,6,1,1,0,0.0,1,4,0,0.0%,2022
16,,16 Games,,,,,,,8-8-0,0,75,54,72.0%,689,12.8,9.2,5,122.6,5.0,194,495,17,3,2,1.0,6,161,11,6.4%,2022
