,Rk,Date,G#,Week,Age,Tm,Unnamed: 6_level_1,Opp,Result,Int,Tgt,Cmp,Cmp%,Yds,Yds/Cmp,Yds/Tgt,TD,Rat,DADOT,Air,YAC,Bltz,Hrry,QBKD,Sk,Prss,Comb,MTkl,MTkl%,Year
0,1.0,2022-09-12,1.0,1.0,26.114,SEA,,DEN,W 17-16,0,2,1,50.0%,17,17.0,8.5,0,79.2,12.5,17,0,1,0,0,0.0,0,1.0,0,0.0%,2022
1,2.0,2022-10-02,4.0,4.0,26.134,SEA,@,DET,W 48-45,0,5,3,60.0%,32,10.7,6.4,0,78.7,7.6,35,-3,0,0,0,0.0,0,4.0,0,0.0%,2022
2,3.0,2022-10-16,6.0,6.0,26.148,SEA,,ARI,W 19-9,0,0,0,,0,,,0,,,0,0,0,0,0,,0,,0,,2022
3,4.0,2022-11-13,9.0,10.0,26.176,LVR,,IND,L 20-25,0,0,0,,0,,,0,,,0,0,0,0,0,0.0,0,1.0,0,0.0%,2022
4,5.0,2022-12-04,12.0,13.0,26.197,LVR,,LAC,W 27-20,0,0,0,,0,,,0,,,0,0,0,0,0,,0,,0,,2022
5,6.0,2022-12-08,13.0,14.0,26.201,LVR,@,LAR,L 16-17,0,1,1,100.0%,22,22.0,22.0,0,118.7,21.0,21,1,0,0,0,0.0,0,1.0,0,0.0%,2022
6,7.0,2022-12-18,14.0,15.0,26.211,LVR,,NWE,W 30-24,0,3,2,66.7%,24,12.0,8.0,0,91.0,7.7,18,6,0,0,0,0.0,0,1.0,0,0.0%,2022
7,8.0,2022-12-24,15.0,16.0,26.217,LVR,@,PIT,L 10-13,0,0,0,,0,,,0,,,0,0,0,0,0,,0,,0,,2022
8,9.0,2023-01-01,16.0,17.0,26.225,LVR,,SFO,L 34-37,0,0,0,,0,,,0,,,0,0,0,0,0,,0,,0,,2022
9,10.0,2023-01-07,17.0,18.0,26.231,LVR,,KAN,L 13-31,0,3,1,33.3%,4,4.0,1.3,0,42.4,17.0,0,4,0,0,0,0.0,0,4.0,0,0.0%,2022
10,,10 Games,,,,,,,5-5-0,0,14,8,57.1%,99,12.4,7.1,0,79.2,11.3,91,8,1,0,0,0.0,0,12.0,0,0.0%,2022
