,Rk,Date,G#,Week,Age,Tm,Unnamed: 6_level_1,Opp,Result,Int,Tgt,Cmp,Cmp%,Yds,Yds/Cmp,Yds/Tgt,TD,Rat,DADOT,Air,YAC,Bltz,Hrry,QBKD,Sk,Prss,Comb,MTkl,MTkl%,Year
0,1.0,2023-09-10,1.0,1.0,23.313,IND,,JAX,L 21-31,0,0,0,,0,,,0,,,0,0,0,0,0,,0,,0,,2023
1,2.0,2023-09-17,2.0,2.0,23.32,IND,@,HOU,W 31-20,0,0,0,,0,,,0,,,0,0,0,0,0,0.0,0,1.0,0,0.0%,2023
2,3.0,2023-09-24,3.0,3.0,23.327,IND,@,BAL,W 22-19,0,0,0,,0,,,0,,,0,0,0,0,0,,0,,0,,2023
3,4.0,2023-10-01,4.0,4.0,23.334,IND,,LAR,L 23-29,0,0,0,,0,,,0,,,0,0,0,0,0,0.0,0,4.0,0,0.0%,2023
4,5.0,2023-10-08,5.0,5.0,23.341,IND,,TEN,W 23-16,0,0,0,,0,,,0,,,0,0,0,0,0,,0,,0,,2023
5,6.0,2023-10-15,6.0,6.0,23.348,IND,@,JAX,L 20-37,0,0,0,,0,,,0,,,0,0,0,0,0,,0,,0,,2023
6,7.0,2023-10-22,7.0,7.0,23.355,IND,,CLE,L 38-39,0,0,0,,0,,,0,,,0,0,0,0,0,,0,,0,,2023
7,8.0,2023-10-29,8.0,8.0,23.362,IND,,NOR,L 27-38,0,0,0,,0,,,0,,,0,0,0,0,0,0.0,0,2.0,0,0.0%,2023
8,9.0,2023-11-05,9.0,9.0,24.004,IND,@,CAR,W 27-13,1,1,1,100.0%,0,,0.0,0,39.6,19.0,0,0,0,0,0,0.0,0,6.0,2,25.0%,2023
9,10.0,2023-11-12,10.0,10.0,24.011,IND,@,NWE,W 10-6,0,0,0,,0,,,0,,,0,0,0,0,0,,0,,0,,2023
10,11.0,2023-11-26,11.0,12.0,24.025,IND,,TAM,W 27-20,0,0,0,,0,,,0,,,0,0,0,0,0,,0,,0,,2023
11,12.0,2023-12-03,12.0,13.0,24.032,IND,@,TEN,W 31-28,0,0,0,,0,,,0,,,0,0,0,0,0,0.0,0,2.0,0,0.0%,2023
12,13.0,2023-12-10,13.0,14.0,24.039,IND,@,CIN,L 14-34,0,0,0,,0,,,0,,,0,0,0,0,0,,0,,0,,2023
13,14.0,2023-12-31,16.0,17.0,24.06,IND,,LVR,W 23-20,0,0,0,,0,,,0,,,0,0,0,0,0,0.0,0,3.0,0,0.0%,2023
14,15.0,2024-01-06,17.0,18.0,24.066,IND,,HOU,L 19-23,0,2,2,100.0%,13,6.5,6.5,0,93.7,5.0,10,3,0,0,0,0.0,0,8.0,1,11.1%,2023
15,,15 Games,,,,,,,8-7-0,1,3,3,100.0%,13,4.3,4.3,0,45.1,9.7,10,3,0,0,0,0.0,0,26.0,3,10.3%,2023
