,Rk,Date,G#,Week,Age,Tm,Unnamed: 6_level_1,Opp,Result,Int,Tgt,Cmp,Cmp%,Yds,Yds/Cmp,Yds/Tgt,TD,Rat,DADOT,Air,YAC,Bltz,Hrry,QBKD,Sk,Prss,Comb,MTkl,MTkl%,Year
0,1.0,2023-09-10,1.0,1.0,28.059,IND,,JAX,L 21-31,1,1,0,0.0%,0,,0.0,0,0.0,1.0,0,0,0,0,0,0.0,0,0.0,0,,2023
1,2.0,2023-09-17,2.0,2.0,28.066,IND,@,HOU,W 31-20,0,0,0,,0,,,0,,,0,0,0,0,0,0.0,0,1.0,0,0.0%,2023
2,3.0,2023-09-24,3.0,3.0,28.073,IND,@,BAL,W 22-19,0,0,0,,0,,,0,,,0,0,0,0,0,,0,,0,,2023
3,4.0,2023-10-01,4.0,4.0,28.08,IND,,LAR,L 23-29,0,0,0,,0,,,0,,,0,0,0,0,0,,0,,0,,2023
4,5.0,2023-10-08,5.0,5.0,28.087,IND,,TEN,W 23-16,0,0,0,,0,,,0,,,0,0,0,0,0,,0,,0,,2023
5,6.0,2023-10-22,7.0,7.0,28.101,IND,,CLE,L 38-39,0,0,0,,0,,,0,,,0,0,0,0,0,,0,,0,,2023
6,7.0,2023-10-29,8.0,8.0,28.108,IND,,NOR,L 27-38,0,6,6,100.0%,180,30.0,30.0,1,158.3,20.8,125,55,0,0,0,0.0,0,6.0,3,33.3%,2023
7,8.0,2023-11-05,9.0,9.0,28.115,IND,@,CAR,W 27-13,0,0,0,,0,,,0,,,0,0,0,0,0,,0,,0,,2023
8,9.0,2023-11-12,10.0,10.0,28.122,IND,@,NWE,W 10-6,0,0,0,,0,,,0,,,0,0,0,0,0,,0,,0,,2023
9,10.0,2023-11-26,11.0,12.0,28.136,IND,,TAM,W 27-20,0,0,0,,0,,,0,,,0,0,0,0,0,,0,,0,,2023
10,11.0,2023-12-03,12.0,13.0,28.143,IND,@,TEN,W 31-28,0,0,0,,0,,,0,,,0,0,0,0,0,0.0,0,3.0,0,0.0%,2023
11,12.0,2023-12-10,13.0,14.0,28.15,IND,@,CIN,L 14-34,0,0,0,,0,,,0,,,0,0,0,0,0,,0,,0,,2023
12,,12 Games,,,,,,,7-5-0,1,7,6,85.7%,180,30.0,25.7,1,118.7,18.0,125,55,0,0,0,0.0,0,10.0,3,23.1%,2023
