,Rk,Date,G#,Week,Age,Tm,Unnamed: 6_level_1,Opp,Result,Int,Tgt,Cmp,Cmp%,Yds,Yds/Cmp,Yds/Tgt,TD,Rat,DADOT,Air,YAC,Bltz,Hrry,QBKD,Sk,Prss,Comb,MTkl,MTkl%,Year
0,1.0,2023-09-10,1.0,1.0,28.223,IND,,JAX,L 21-31,0,0,0,,0.0,,,0.0,,,0.0,0.0,0,0,0,,0,,0,,2023
1,2.0,2023-09-17,2.0,2.0,28.23,IND,@,HOU,W 31-20,0,0,0,,0.0,,,0.0,,,0.0,0.0,0,0,0,0.0,0,2.0,0,0.0%,2023
2,3.0,2023-09-24,3.0,3.0,28.237,IND,@,BAL,W 22-19,0,0,0,,0.0,,,0.0,,,0.0,0.0,0,1,0,0.0,1,1.0,0,0.0%,2023
3,4.0,2023-10-01,4.0,4.0,28.244,IND,,LAR,L 23-29,0,1,0,0.0%,0.0,,0.0,0.0,39.6,0.0,0.0,0.0,0,0,0,0.0,0,1.0,0,0.0%,2023
4,5.0,2023-10-08,5.0,5.0,28.251,IND,,TEN,W 23-16,0,0,0,,0.0,,,0.0,,,0.0,0.0,0,0,1,0.0,1,0.0,0,,2023
5,6.0,2023-10-15,6.0,6.0,28.258,IND,@,JAX,L 20-37,0,0,0,,0.0,,,0.0,,,0.0,0.0,0,0,0,1.0,1,2.0,0,0.0%,2023
6,7.0,2023-10-22,7.0,7.0,28.265,IND,,CLE,L 38-39,0,1,0,0.0%,0.0,,0.0,0.0,39.6,-3.0,0.0,0.0,0,0,1,0.0,1,3.0,0,0.0%,2023
7,8.0,2023-10-29,8.0,8.0,28.272,IND,,NOR,L 27-38,0,0,0,,0.0,,,0.0,,,0.0,0.0,0,0,0,0.0,0,1.0,0,0.0%,2023
8,9.0,2023-11-05,9.0,9.0,28.279,IND,@,CAR,W 27-13,0,0,0,,0.0,,,0.0,,,0.0,0.0,0,0,0,0.0,0,2.0,0,0.0%,2023
9,10.0,2023-11-12,10.0,10.0,28.286,IND,@,NWE,W 10-6,0,0,0,,0.0,,,0.0,,,0.0,0.0,0,0,1,1.0,2,2.0,0,0.0%,2023
10,11.0,2023-11-26,11.0,12.0,28.3,IND,,TAM,W 27-20,0,0,0,,0.0,,,0.0,,,0.0,0.0,0,0,0,1.0,2,2.0,0,0.0%,2023
11,12.0,2023-12-03,12.0,13.0,28.307,IND,@,TEN,W 31-28,0,0,0,,0.0,,,0.0,,,0.0,0.0,0,0,0,0.0,0,3.0,0,0.0%,2023
12,13.0,2023-12-10,13.0,14.0,28.314,IND,@,CIN,L 14-34,0,0,0,,0.0,,,0.0,,,0.0,0.0,0,0,1,0.0,1,1.0,1,50.0%,2023
13,14.0,2023-12-16,14.0,15.0,28.32,IND,,PIT,W 30-13,0,0,0,,0.0,,,0.0,,,0.0,0.0,0,0,1,0.0,1,2.0,0,0.0%,2023
14,15.0,2023-12-24,15.0,16.0,28.328,IND,@,ATL,L 10-29,0,0,0,,0.0,,,0.0,,,0.0,0.0,0,1,0,0.0,1,1.0,0,0.0%,2023
15,16.0,2023-12-31,16.0,17.0,28.335,IND,,LVR,W 23-20,0,0,0,,0.0,,,0.0,,,0.0,0.0,0,0,0,1.0,1,2.0,0,0.0%,2023
16,17.0,2024-01-06,17.0,18.0,28.341,IND,,HOU,L 19-23,0,0,0,,0.0,,,0.0,,,0.0,0.0,0,0,1,0.0,1,0.0,0,,2023
17,,17 Games,,,,,,,9-8-0,0,2,0,0.0%,,,,,,-1.5,,,0,2,6,4.0,13,25.0,1,3.8%,2023
