,Rk,Date,G#,Week,Age,Tm,Unnamed: 6_level_1,Opp,Result,Int,Tgt,Cmp,Cmp%,Yds,Yds/Cmp,Yds/Tgt,TD,Rat,DADOT,Air,YAC,Bltz,Hrry,QBKD,Sk,Prss,Comb,MTkl,MTkl%,Year
0,1.0,2019-09-08,1.0,1.0,28.0,JAX,,KAN,L 26-40,0,0,0,,0.0,,,0.0,,,0.0,0.0,0,0,0,0.0,0,2.0,0,0.0%,2019
1,2.0,2019-09-15,2.0,2.0,28.007,JAX,@,HOU,L 12-13,0,0,0,,0.0,,,0.0,,,0.0,0.0,0,0,0,,0,,0,,2019
2,3.0,2019-09-19,3.0,3.0,28.011,JAX,,TEN,W 20-7,0,0,0,,0.0,,,0.0,,,0.0,0.0,0,0,0,0.0,0,3.0,1,25.0%,2019
3,4.0,2019-09-29,4.0,4.0,28.021,JAX,@,DEN,W 26-24,0,0,0,,0.0,,,0.0,,,0.0,0.0,0,0,0,,0,,0,,2019
4,5.0,2019-10-06,5.0,5.0,28.028,JAX,@,CAR,L 27-34,0,0,0,,0.0,,,0.0,,,0.0,0.0,0,0,0,0.0,0,2.0,0,0.0%,2019
5,6.0,2019-10-13,6.0,6.0,28.035,JAX,,NOR,L 6-13,0,0,0,,0.0,,,0.0,,,0.0,0.0,0,0,0,0.0,0,3.0,1,25.0%,2019
6,7.0,2019-10-20,7.0,7.0,28.042,JAX,@,CIN,W 27-17,0,0,0,,0.0,,,0.0,,,0.0,0.0,0,0,0,1.0,1,2.0,0,0.0%,2019
7,8.0,2019-10-27,8.0,8.0,28.049,JAX,,NYJ,W 29-15,0,0,0,,0.0,,,0.0,,,0.0,0.0,0,0,0,0.5,1,4.0,0,0.0%,2019
8,9.0,2019-11-03,9.0,9.0,28.056,JAX,,HOU,L 3-26,0,0,0,,0.0,,,0.0,,,0.0,0.0,0,0,0,0.0,0,5.0,0,0.0%,2019
9,10.0,2019-11-17,10.0,11.0,28.07,JAX,@,IND,L 13-33,0,0,0,,0.0,,,0.0,,,0.0,0.0,0,0,0,,0,,0,,2019
10,11.0,2019-11-24,11.0,12.0,28.077,JAX,@,TEN,L 20-42,0,0,0,,0.0,,,0.0,,,0.0,0.0,0,0,0,0.0,0,2.0,0,0.0%,2019
11,12.0,2019-12-01,12.0,13.0,28.084,JAX,,TAM,L 11-28,0,0,0,,0.0,,,0.0,,,0.0,0.0,0,0,0,0.0,0,1.0,0,0.0%,2019
12,13.0,2019-12-08,13.0,14.0,28.091,JAX,,LAC,L 10-45,0,0,0,,0.0,,,0.0,,,0.0,0.0,0,0,0,0.0,0,3.0,0,0.0%,2019
13,14.0,2019-12-15,14.0,15.0,28.098,JAX,@,OAK,W 20-16,0,0,0,,0.0,,,0.0,,,0.0,0.0,0,0,0,0.0,0,2.0,0,0.0%,2019
14,15.0,2019-12-22,15.0,16.0,28.105,JAX,@,ATL,L 12-24,0,0,0,,0.0,,,0.0,,,0.0,0.0,0,0,0,0.0,0,1.0,0,0.0%,2019
15,16.0,2019-12-29,16.0,17.0,28.112,JAX,,IND,W 38-20,0,0,0,,0.0,,,0.0,,,0.0,0.0,0,0,0,0.5,1,1.0,0,0.0%,2019
16,,16 Games,,,,,,,6-10-0,0,0,0,,,,,,,,,,0,0,0,2.0,3,31.0,2,6.1%,2019
