,Rk,Date,G#,Week,Age,Tm,Unnamed: 6_level_1,Opp,Result,Int,Tgt,Cmp,Cmp%,Yds,Yds/Cmp,Yds/Tgt,TD,Rat,DADOT,Air,YAC,Bltz,Hrry,QBKD,Sk,Prss,Comb,MTkl,MTkl%,Year
0,1.0,2019-09-15,2.0,2.0,25.248,JAX,@,HOU,L 12-13,0,0,0,,0,,,0,,,0,0,0,0,0,,0,,0,,2019
1,2.0,2019-09-19,3.0,3.0,25.252,JAX,,TEN,W 20-7,0,0,0,,0,,,0,,,0,0,0,0,0,,0,,0,,2019
2,3.0,2019-09-29,4.0,4.0,25.262,JAX,@,DEN,W 26-24,0,0,0,,0,,,0,,,0,0,0,0,0,0.0,0,1.0,0,0.0%,2019
3,4.0,2019-10-06,5.0,5.0,25.269,JAX,@,CAR,L 27-34,0,0,0,,0,,,0,,,0,0,0,0,0,,0,,0,,2019
4,5.0,2019-10-27,8.0,8.0,25.29,JAX,,NYJ,W 29-15,0,6,6,100.0%,46,7.7,7.7,1,138.2,0.5,3,43,3,1,1,0.0,2,6.0,2,25.0%,2019
5,6.0,2019-11-03,9.0,9.0,25.297,JAX,,HOU,L 3-26,0,0,0,,0,,,0,,,0,0,0,0,0,,0,,0,,2019
6,7.0,2019-11-17,10.0,11.0,25.311,JAX,@,IND,L 13-33,0,0,0,,0,,,0,,,0,0,0,0,0,0.0,0,1.0,0,0.0%,2019
7,8.0,2019-11-24,11.0,12.0,25.318,JAX,@,TEN,L 20-42,0,0,0,,0,,,0,,,0,0,0,0,0,,0,,0,,2019
8,9.0,2019-12-01,12.0,13.0,25.325,JAX,,TAM,L 11-28,0,0,0,,0,,,0,,,0,0,0,0,0,,0,,0,,2019
9,10.0,2019-12-08,13.0,14.0,25.332,JAX,,LAC,L 10-45,0,1,0,0.0%,0,,0.0,0,39.6,-4.0,0,0,0,0,0,0.0,0,4.0,0,0.0%,2019
10,11.0,2019-12-15,14.0,15.0,25.339,JAX,@,OAK,W 20-16,0,3,3,100.0%,33,11.0,11.0,0,112.5,1.7,5,28,2,0,0,1.0,1,11.0,3,21.4%,2019
11,12.0,2019-12-22,15.0,16.0,25.346,JAX,@,ATL,L 12-24,0,9,6,66.7%,73,12.2,8.1,0,91.4,8.6,51,22,0,0,0,0.0,0,12.0,0,0.0%,2019
12,13.0,2019-12-29,16.0,17.0,25.353,JAX,,IND,W 38-20,0,2,1,50.0%,9,9.0,4.5,0,62.5,1.5,5,4,0,0,0,0.0,0,5.0,2,28.6%,2019
13,,13 Games,,,,,,,5-8-0,0,21,16,76.2%,161,10.1,7.7,1,113.4,4.0,64,97,5,1,1,1.0,3,40.0,7,14.9%,2019
