,Rk,Date,G#,Week,Age,Tm,Unnamed: 6_level_1,Opp,Result,Int,Tgt,Cmp,Cmp%,Yds,Yds/Cmp,Yds/Tgt,TD,Rat,DADOT,Air,YAC,Bltz,Hrry,QBKD,Sk,Prss,Comb,MTkl,MTkl%,Year
0,1.0,2019-09-08,1.0,1.0,23.34,JAX,,KAN,L 26-40,0,0,0,,0,,,0,,,0,0,1,0,0,0.0,0,2.0,0,0.0%,2019
1,2.0,2019-09-15,2.0,2.0,23.347,JAX,@,HOU,L 12-13,0,2,1,50.0%,-1,-1.0,-0.5,0,56.2,0.5,-2,1,0,0,0,0.5,1,4.0,0,0.0%,2019
2,3.0,2019-09-19,3.0,3.0,23.351,JAX,,TEN,W 20-7,0,1,0,0.0%,0,,0.0,0,39.6,9.0,0,0,4,0,0,0.5,1,3.0,0,0.0%,2019
3,4.0,2019-09-29,4.0,4.0,23.361,JAX,@,DEN,W 26-24,0,0,0,,0,,,0,,,0,0,1,0,0,0.0,0,1.0,1,50.0%,2019
4,5.0,2019-10-06,5.0,5.0,24.003,JAX,@,CAR,L 27-34,0,0,0,,0,,,0,,,0,0,0,0,0,,0,,0,,2019
5,6.0,2019-10-13,6.0,6.0,24.01,JAX,,NOR,L 6-13,0,3,2,66.7%,25,12.5,8.3,0,92.4,-0.3,-1,26,1,0,0,0.0,0,4.0,1,20.0%,2019
6,7.0,2019-10-20,7.0,7.0,24.017,JAX,@,CIN,W 27-17,0,0,0,,0,,,0,,,0,0,0,0,0,0.0,0,2.0,0,0.0%,2019
7,8.0,2019-11-17,10.0,11.0,24.045,JAX,@,IND,L 13-33,0,0,0,,0,,,0,,,0,0,1,0,0,0.0,0,1.0,0,0.0%,2019
8,9.0,2019-11-24,11.0,12.0,24.052,JAX,@,TEN,L 20-42,0,0,0,,0,,,0,,,0,0,4,0,0,0.0,0,4.0,0,0.0%,2019
9,10.0,2019-12-01,12.0,13.0,24.059,JAX,,TAM,L 11-28,0,0,0,,0,,,0,,,0,0,4,0,0,1.0,1,3.0,0,0.0%,2019
10,11.0,2019-12-08,13.0,14.0,24.066,JAX,,LAC,L 10-45,0,0,0,,0,,,0,,,0,0,0,0,0,0.0,0,3.0,0,0.0%,2019
11,12.0,2019-12-15,14.0,15.0,24.073,JAX,@,OAK,W 20-16,0,5,5,100.0%,22,4.4,4.4,0,85.0,0.6,3,19,5,1,0,0.0,1,7.0,0,0.0%,2019
12,13.0,2019-12-22,15.0,16.0,24.08,JAX,@,ATL,L 12-24,0,1,1,100.0%,6,6.0,6.0,0,91.7,5.0,5,1,3,0,0,0.0,0,3.0,0,0.0%,2019
13,14.0,2019-12-29,16.0,17.0,24.087,JAX,,IND,W 38-20,0,0,0,,0,,,0,,,0,0,1,0,0,0.0,0,5.0,0,0.0%,2019
14,,14 Games,,,,,,,5-9-0,0,12,9,75.0%,52,5.8,4.3,0,82.6,1.4,5,47,25,1,0,2.0,4,42.0,2,4.5%,2019
