,Rk,Date,G#,Week,Age,Tm,Unnamed: 6_level_1,Opp,Result,Int,Tgt,Cmp,Cmp%,Yds,Yds/Cmp,Yds/Tgt,TD,Rat,DADOT,Air,YAC,Bltz,Hrry,QBKD,Sk,Prss,Comb,MTkl,MTkl%,Year
0,1.0,2019-09-08,1.0,1.0,31.158,PHI,,WAS,W 32-27,0,3,3,100.0%,25,8.3,8.3,0,101.4,-2.3,-7,32,0,3,1,0.0,4,3,0,0.0%,2019
1,2.0,2019-09-15,2.0,2.0,31.165,PHI,@,ATL,L 20-24,0,0,0,,0,,,0,,,0,0,1,0,1,0.0,1,2,0,0.0%,2019
2,3.0,2019-09-22,3.0,3.0,31.172,PHI,,DET,L 24-27,0,0,0,,0,,,0,,,0,0,0,2,1,0.0,3,3,3,50.0%,2019
3,4.0,2019-09-26,4.0,4.0,31.176,PHI,@,GNB,W 34-27,0,0,0,,0,,,0,,,0,0,0,4,0,0.0,4,2,0,0.0%,2019
4,5.0,2019-10-06,5.0,5.0,31.186,PHI,,NYJ,W 31-6,0,0,0,,0,,,0,,,0,0,0,0,2,3.0,5,6,0,0.0%,2019
5,6.0,2019-10-13,6.0,6.0,31.193,PHI,@,MIN,L 20-38,0,2,2,100.0%,2,1.0,1.0,0,79.2,-1.5,-3,5,0,0,0,1.0,1,4,1,20.0%,2019
6,7.0,2019-10-20,7.0,7.0,31.2,PHI,@,DAL,L 10-37,0,0,0,,0,,,0,,,0,0,0,0,0,0.0,0,3,3,50.0%,2019
7,8.0,2019-10-27,8.0,8.0,31.207,PHI,@,BUF,W 31-13,0,2,2,100.0%,0,0.0,0.0,0,79.2,-5.0,-10,10,0,0,0,1.0,1,6,0,0.0%,2019
8,9.0,2019-11-03,9.0,9.0,31.214,PHI,,CHI,W 22-14,0,0,0,,0,,,0,,,0,0,0,0,0,1.0,1,4,0,0.0%,2019
9,10.0,2019-11-17,10.0,11.0,31.228,PHI,,NWE,L 10-17,0,0,0,,0,,,0,,,0,0,0,0,1,0.0,1,2,3,60.0%,2019
10,11.0,2019-11-24,11.0,12.0,31.235,PHI,,SEA,L 9-17,0,0,0,,0,,,0,,,0,0,0,0,0,1.5,2,2,0,0.0%,2019
11,12.0,2019-12-01,12.0,13.0,31.242,PHI,@,MIA,L 31-37,0,0,0,,0,,,0,,,0,0,0,0,1,0.0,1,2,0,0.0%,2019
12,13.0,2019-12-09,13.0,14.0,31.25,PHI,,NYG,W 23-17,0,0,0,,0,,,0,,,0,0,0,1,0,0.0,1,1,0,0.0%,2019
13,14.0,2019-12-15,14.0,15.0,31.256,PHI,@,WAS,W 37-27,0,0,0,,0,,,0,,,0,0,0,2,0,0.0,2,5,2,28.6%,2019
14,15.0,2019-12-22,15.0,16.0,31.263,PHI,,DAL,W 17-9,0,0,0,,0,,,0,,,0,0,0,0,1,0.0,1,2,0,0.0%,2019
15,16.0,2019-12-29,16.0,17.0,31.27,PHI,@,NYG,W 34-17,0,0,0,,0,,,0,,,0,0,0,1,0,1.0,2,3,0,0.0%,2019
16,,16 Games,,,,,,,9-7-0,0,7,7,100.0%,27,3.9,3.9,0,82.7,-2.9,-20,47,1,13,8,8.5,30,50,12,19.4%,2019
