,Rk,Date,G#,Week,Age,Tm,Unnamed: 6_level_1,Opp,Result,Int,Tgt,Cmp,Cmp%,Yds,Yds/Cmp,Yds/Tgt,TD,Rat,DADOT,Air,YAC,Bltz,Hrry,QBKD,Sk,Prss,Comb,MTkl,MTkl%
0,1.0,2019-09-08,1.0,1.0,24.23,PHI,,WAS,W 32-27,0,0,0,,0.0,,,0.0,,,0.0,0.0,0,0,0,0.0,0,0,0,
1,2.0,2019-09-15,2.0,2.0,24.237,PHI,@,ATL,L 20-24,0,0,0,,0.0,,,0.0,,,0.0,0.0,0,0,0,0.0,0,0,0,
2,3.0,2019-09-22,3.0,3.0,24.244,PHI,,DET,L 24-27,0,0,0,,0.0,,,0.0,,,0.0,0.0,0,0,0,0.0,0,0,0,
3,4.0,2019-09-26,4.0,4.0,24.248,PHI,@,GNB,W 34-27,0,0,0,,0.0,,,0.0,,,0.0,0.0,0,0,0,0.0,0,0,0,
4,5.0,2019-10-06,5.0,5.0,24.258,PHI,,NYJ,W 31-6,0,0,0,,0.0,,,0.0,,,0.0,0.0,0,0,0,0.0,0,0,0,
5,6.0,2019-10-13,6.0,6.0,24.265,PHI,@,MIN,L 20-38,0,0,0,,0.0,,,0.0,,,0.0,0.0,0,0,0,0.0,0,0,0,
6,7.0,2019-10-20,7.0,7.0,24.272,PHI,@,DAL,L 10-37,0,0,0,,0.0,,,0.0,,,0.0,0.0,0,0,0,0.0,0,0,0,
7,8.0,2019-10-27,8.0,8.0,24.279,PHI,@,BUF,W 31-13,0,0,0,,0.0,,,0.0,,,0.0,0.0,0,0,0,0.0,0,0,0,
8,9.0,2019-11-03,9.0,9.0,24.286,PHI,,CHI,W 22-14,0,0,0,,0.0,,,0.0,,,0.0,0.0,0,0,0,0.0,0,0,0,
9,10.0,2019-11-17,10.0,11.0,24.3,PHI,,NWE,L 10-17,0,0,0,,0.0,,,0.0,,,0.0,0.0,0,0,0,0.0,0,0,0,
10,11.0,2019-11-24,11.0,12.0,24.307,PHI,,SEA,L 9-17,0,0,0,,0.0,,,0.0,,,0.0,0.0,0,0,0,0.0,0,0,0,
11,12.0,2019-12-01,12.0,13.0,24.314,PHI,@,MIA,L 31-37,0,0,0,,0.0,,,0.0,,,0.0,0.0,0,0,0,0.0,0,0,0,
12,13.0,2019-12-09,13.0,14.0,24.322,PHI,,NYG,W 23-17,0,0,0,,0.0,,,0.0,,,0.0,0.0,0,0,0,0.0,0,0,0,
13,14.0,2019-12-15,14.0,15.0,24.328,PHI,@,WAS,W 37-27,0,0,0,,0.0,,,0.0,,,0.0,0.0,0,0,0,0.0,0,1,0,0.0%
14,15.0,2019-12-22,15.0,16.0,24.335,PHI,,DAL,W 17-9,0,0,0,,0.0,,,0.0,,,0.0,0.0,0,0,0,0.0,0,0,0,
15,16.0,2019-12-29,16.0,17.0,24.342,PHI,@,NYG,W 34-17,0,0,0,,0.0,,,0.0,,,0.0,0.0,0,0,0,0.0,0,0,0,
16,,16 Games,,,,,,,9-7-0,0,0,0,,,,,,,,,,0,0,0,0.0,0,1,0,0.0%
