,Rk,Date,G#,Week,Age,Tm,Unnamed: 6_level_1,Opp,Result,Att,Yds,TD,1D,YBC,YBC/Att,YAC,YAC/Att,BrkTkl,Att/Br,Tgt,Rec,Yds,TD,1D,YBC,YBC/R,YAC,YAC/R,ADOT,BrkTkl,Rec/Br,Drop,Drop%,Int,Rat,Year
0,1.0,2019-09-08,1.0,1.0,24.31,PHI,,WAS,W 32-27,6.0,44.0,0.0,2.0,21.0,3.5,23.0,3.8,0.0,,3.0,2.0,11.0,0.0,0.0,3.0,1.5,8.0,4.0,-0.3,0.0,,0.0,0.0,0.0,72.9,2019
1,2.0,2019-09-15,2.0,2.0,24.317,PHI,@,ATL,L 20-24,8.0,18.0,0.0,2.0,8.0,1.0,10.0,1.3,1.0,8.0,1.0,1.0,8.0,0.0,0.0,2.0,2.0,6.0,6.0,2.0,0.0,,0.0,0.0,0.0,100.0,2019
2,3.0,2019-09-22,3.0,3.0,24.324,PHI,,DET,L 24-27,11.0,37.0,1.0,3.0,10.0,0.9,27.0,2.5,1.0,11.0,1.0,0.0,0.0,0.0,0.0,0.0,,0.0,,5.0,0.0,,1.0,100.0,0.0,39.6,2019
3,4.0,2019-09-26,4.0,4.0,24.328,PHI,@,GNB,W 34-27,15.0,87.0,2.0,6.0,35.0,2.3,52.0,3.5,1.0,15.0,4.0,3.0,28.0,1.0,1.0,-3.0,-1.0,31.0,10.3,-0.3,0.0,,0.0,0.0,0.0,133.3,2019
4,5.0,2019-10-06,5.0,5.0,24.338,PHI,,NYJ,W 31-6,13.0,62.0,1.0,4.0,28.0,2.2,34.0,2.6,0.0,,0.0,0.0,0.0,0.0,0.0,0.0,,0.0,,,0.0,,0.0,0.0,,,2019
5,6.0,2019-10-13,6.0,6.0,24.345,PHI,@,MIN,L 20-38,13.0,49.0,0.0,1.0,22.0,1.7,27.0,2.1,0.0,,0.0,0.0,0.0,0.0,0.0,0.0,,0.0,,,0.0,,0.0,0.0,,,2019
6,7.0,2019-10-20,7.0,7.0,24.352,PHI,@,DAL,L 10-37,11.0,50.0,0.0,2.0,23.0,2.1,27.0,2.5,0.0,,2.0,2.0,6.0,0.0,1.0,-1.0,-0.5,7.0,3.5,-0.5,0.0,,0.0,0.0,0.0,79.2,2019
7,8.0,2019-10-27,8.0,8.0,24.359,PHI,@,BUF,W 31-13,23.0,96.0,1.0,4.0,40.0,1.7,56.0,2.4,1.0,23.0,2.0,1.0,15.0,0.0,0.0,-2.0,-2.0,17.0,17.0,-2.0,1.0,1.0,0.0,0.0,0.0,75.0,2019
8,9.0,2019-11-03,9.0,9.0,25.001,PHI,,CHI,W 22-14,19.0,82.0,1.0,4.0,56.0,2.9,26.0,1.4,0.0,,1.0,1.0,1.0,0.0,1.0,1.0,1.0,0.0,0.0,1.0,0.0,,0.0,0.0,0.0,79.2,2019
9,10.0,2019-12-29,16.0,17.0,25.057,PHI,@,NYG,W 34-17,,,,,,,,,,,,,,,,,,,,,,,,0.0,,,2019
10,,10 Games,,,,,,,6-4-0,119.0,525.0,6.0,28.0,243.0,2.0,282.0,2.4,4.0,29.8,14.0,10.0,69.0,1.0,3.0,0.0,0.0,69.0,6.9,0.1,1.0,10.0,1.0,7.1,0.0,106.0,2019
