,Rk,Date,G#,Week,Age,Tm,Unnamed: 6_level_1,Opp,Result,Int,Tgt,Cmp,Cmp%,Yds,Yds/Cmp,Yds/Tgt,TD,Rat,DADOT,Air,YAC,Bltz,Hrry,QBKD,Sk,Prss,Comb,MTkl,MTkl%,Year
0,1.0,2019-09-08,1.0,1.0,29.077,PHI,,WAS,W 32-27,0,0,0,,0,,,0,,,0,0,1,0,0,0.0,0,3.0,1,25.0%,2019
1,2.0,2019-09-15,2.0,2.0,29.084,PHI,@,ATL,L 20-24,0,3,2,66.7%,46,23.0,15.3,0,109.7,28.7,46,0,6,2,0,0.0,2,7.0,1,12.5%,2019
2,3.0,2019-09-22,3.0,3.0,29.091,PHI,,DET,L 24-27,0,1,1,100.0%,10,10.0,10.0,0,108.3,0.0,0,10,3,0,0,0.0,0,3.0,1,25.0%,2019
3,4.0,2019-09-26,4.0,4.0,29.095,PHI,@,GNB,W 34-27,0,5,4,80.0%,36,9.0,7.2,1,136.2,7.4,36,0,0,1,0,0.0,1,10.0,0,0.0%,2019
4,5.0,2019-10-06,5.0,5.0,29.105,PHI,,NYJ,W 31-6,1,3,2,66.7%,5,2.5,1.7,0,30.6,-1.7,-4,9,4,1,0,0.0,1,6.0,1,14.3%,2019
5,6.0,2019-10-13,6.0,6.0,29.112,PHI,@,MIN,L 20-38,0,0,0,,0,,,0,,,0,0,1,0,0,0.0,0,6.0,1,14.3%,2019
6,7.0,2019-10-20,7.0,7.0,29.119,PHI,@,DAL,L 10-37,0,1,1,100.0%,44,44.0,44.0,0,118.7,29.0,29,15,0,0,0,0.0,0,6.0,2,25.0%,2019
7,8.0,2019-10-27,8.0,8.0,29.126,PHI,@,BUF,W 31-13,0,0,0,,0,,,0,,,0,0,0,0,0,0.0,0,4.0,1,20.0%,2019
8,9.0,2019-11-03,9.0,9.0,29.133,PHI,,CHI,W 22-14,0,4,2,50.0%,8,4.0,2.0,0,56.2,3.8,-2,10,0,0,0,0.0,0,4.0,1,20.0%,2019
9,10.0,2019-11-17,10.0,11.0,29.147,PHI,,NWE,L 10-17,0,5,2,40.0%,6,3.0,1.2,0,47.9,5.6,-2,8,1,0,0,0.0,0,3.0,0,0.0%,2019
10,11.0,2019-11-24,11.0,12.0,29.154,PHI,,SEA,L 9-17,1,1,1,100.0%,33,33.0,33.0,1,118.7,33.0,33,0,2,0,0,1.0,1,4.0,1,20.0%,2019
11,12.0,2019-12-01,12.0,13.0,29.161,PHI,@,MIA,L 31-37,0,0,0,,0,,,0,,,0,0,3,0,0,0.0,0,5.0,1,16.7%,2019
12,13.0,2019-12-09,13.0,14.0,29.169,PHI,,NYG,W 23-17,0,1,1,100.0%,10,10.0,10.0,0,108.3,10.0,10,0,1,0,0,0.0,0,3.0,1,25.0%,2019
13,14.0,2019-12-15,14.0,15.0,29.175,PHI,@,WAS,W 37-27,0,3,1,33.3%,7,7.0,2.3,0,42.4,4.0,-4,11,1,1,0,0.0,1,7.0,1,12.5%,2019
14,15.0,2019-12-22,15.0,16.0,29.182,PHI,,DAL,W 17-9,0,0,0,,0,,,0,,,0,0,0,0,0,,0,,0,,2019
15,16.0,2019-12-29,16.0,17.0,29.189,PHI,@,NYG,W 34-17,0,5,3,60.0%,46,15.3,9.2,0,90.4,8.4,31,15,2,0,0,0.0,0,5.0,0,0.0%,2019
16,,16 Games,,,,,,,9-7-0,2,32,20,62.5%,251,12.6,7.8,2,81.6,9.0,173,78,25,5,0,1.0,6,76.0,13,14.6%,2019
