,Rk,Date,G#,Week,Age,Tm,Unnamed: 6_level_1,Opp,Result,Int,Tgt,Cmp,Cmp%,Yds,Yds/Cmp,Yds/Tgt,TD,Rat,DADOT,Air,YAC,Bltz,Hrry,QBKD,Sk,Prss,Comb,MTkl,MTkl%,Year
0,1.0,2023-09-07,1.0,1.0,23.029,DET,@,KAN,W 21-20,0,0,0,,0.0,,,0.0,,,0.0,0.0,0,1,3,0.0,4,4,1,20.0%,2023
1,2.0,2023-09-17,2.0,2.0,23.039,DET,,SEA,L 31-37,0,1,0,0.0%,0.0,,0.0,0.0,39.6,-6.0,0.0,0.0,0,6,0,0.0,6,2,1,33.3%,2023
2,3.0,2023-09-24,3.0,3.0,23.046,DET,,ATL,W 20-6,0,0,0,,0.0,,,0.0,,,0.0,0.0,0,3,0,2.0,5,4,0,0.0%,2023
3,4.0,2023-09-28,4.0,4.0,23.05,DET,@,GNB,W 34-20,0,0,0,,0.0,,,0.0,,,0.0,0.0,0,1,1,1.5,4,2,0,0.0%,2023
4,5.0,2023-10-08,5.0,5.0,23.06,DET,,CAR,W 42-24,1,1,0,0.0%,0.0,,0.0,0.0,0.0,-5.0,0.0,0.0,1,2,0,1.0,3,3,1,25.0%,2023
5,6.0,2023-10-15,6.0,6.0,23.067,DET,@,TAM,W 20-6,0,0,0,,0.0,,,0.0,,,0.0,0.0,0,2,0,0.0,2,3,0,0.0%,2023
6,7.0,2023-10-22,7.0,7.0,23.074,DET,@,BAL,L 6-38,0,0,0,,0.0,,,0.0,,,0.0,0.0,0,0,0,0.0,0,4,1,20.0%,2023
7,8.0,2023-10-30,8.0,8.0,23.082,DET,,LVR,W 26-14,0,0,0,,0.0,,,0.0,,,0.0,0.0,0,2,2,0.0,4,1,0,0.0%,2023
8,9.0,2023-11-12,9.0,10.0,23.095,DET,@,LAC,W 41-38,0,1,0,0.0%,0.0,,0.0,0.0,39.6,4.0,0.0,0.0,0,1,3,0.0,4,3,0,0.0%,2023
9,10.0,2023-11-19,10.0,11.0,23.102,DET,,CHI,W 31-26,0,0,0,,0.0,,,0.0,,,0.0,0.0,0,0,0,1.0,1,6,0,0.0%,2023
10,11.0,2023-11-23,11.0,12.0,23.106,DET,,GNB,L 22-29,0,0,0,,0.0,,,0.0,,,0.0,0.0,0,1,1,0.0,2,2,0,0.0%,2023
11,12.0,2023-12-03,12.0,13.0,23.116,DET,@,NOR,W 33-28,0,0,0,,0.0,,,0.0,,,0.0,0.0,0,0,1,0.0,1,2,2,50.0%,2023
12,13.0,2023-12-10,13.0,14.0,23.123,DET,@,CHI,L 13-28,0,0,0,,0.0,,,0.0,,,0.0,0.0,0,4,1,1.0,6,2,2,50.0%,2023
13,14.0,2023-12-16,14.0,15.0,23.129,DET,,DEN,W 42-17,0,0,0,,0.0,,,0.0,,,0.0,0.0,0,2,1,0.0,3,4,0,0.0%,2023
14,15.0,2023-12-24,15.0,16.0,23.137,DET,@,MIN,W 30-24,0,0,0,,0.0,,,0.0,,,0.0,0.0,0,2,3,0.0,5,0,0,,2023
15,16.0,2023-12-30,16.0,17.0,23.143,DET,@,DAL,L 19-20,0,0,0,,0.0,,,0.0,,,0.0,0.0,0,1,2,3.0,6,5,0,0.0%,2023
16,17.0,2024-01-07,17.0,18.0,23.151,DET,,MIN,W 30-20,0,0,0,,0.0,,,0.0,,,0.0,0.0,0,1,3,2.0,6,4,1,20.0%,2023
17,,17 Games,,,,,,,12-5-0,1,3,0,0.0%,,,,,,-2.3,,,1,29,21,11.5,62,51,9,15.0%,2023
