,Rk,Date,G#,Week,Age,Tm,Unnamed: 6_level_1,Opp,Result,Int,Tgt,Cmp,Cmp%,Yds,Yds/Cmp,Yds/Tgt,TD,Rat,DADOT,Air,YAC,Bltz,Hrry,QBKD,Sk,Prss,Comb,MTkl,MTkl%
0,1.0,2023-09-07,1.0,1.0,28.35,DET,@,KAN,W 21-20,0,5,4,80.0%,22,5.5,4.4,1,124.6,0.6,-1,23,2,0,1,0.0,1,6,1,14.3%
1,2.0,2023-09-17,2.0,2.0,28.36,DET,,SEA,L 31-37,0,2,2,100.0%,27,13.5,13.5,0,118.7,3.5,7,20,1,0,0,1.0,1,7,2,22.2%
2,3.0,2023-09-24,3.0,3.0,29.002,DET,,ATL,W 20-6,0,5,3,60.0%,24,8.0,4.8,0,72.1,1.4,-1,25,1,0,0,0.0,0,6,3,33.3%
3,4.0,2023-09-28,4.0,4.0,29.006,DET,@,GNB,W 34-20,0,5,3,60.0%,19,6.3,3.8,0,67.9,2.8,6,13,2,0,0,0.0,0,5,0,0.0%
4,5.0,2023-10-08,5.0,5.0,29.016,DET,,CAR,W 42-24,0,6,4,66.7%,32,8.0,5.3,0,79.9,2.3,20,12,5,0,2,0.0,2,11,1,8.3%
5,6.0,2023-10-15,6.0,6.0,29.023,DET,@,TAM,W 20-6,0,4,1,25.0%,11,11.0,2.8,0,39.6,6.5,5,6,2,0,0,0.0,0,9,1,10.0%
6,7.0,2023-10-22,7.0,7.0,29.03,DET,@,BAL,L 6-38,0,5,5,100.0%,120,24.0,24.0,0,118.7,5.0,25,95,1,0,0,0.0,0,6,1,14.3%
7,8.0,2023-10-30,8.0,8.0,29.038,DET,,LVR,W 26-14,0,6,4,66.7%,46,11.5,7.7,0,89.6,2.3,16,30,3,0,0,2.0,2,7,3,30.0%
8,9.0,2023-11-12,9.0,10.0,29.051,DET,@,LAC,W 41-38,0,5,3,60.0%,33,11.0,6.6,0,79.6,4.6,6,27,9,0,2,0.0,2,9,1,10.0%
9,10.0,2023-11-19,10.0,11.0,29.058,DET,,CHI,W 31-26,0,4,2,50.0%,4,2.0,1.0,0,56.2,6.3,3,1,1,0,0,0.0,0,15,0,0.0%
10,11.0,2023-11-23,11.0,12.0,29.062,DET,,GNB,L 22-29,0,5,4,80.0%,46,11.5,9.2,1,144.6,3.2,10,36,5,1,1,0.0,2,6,1,14.3%
11,12.0,2023-12-10,13.0,14.0,29.079,DET,@,CHI,L 13-28,0,7,5,71.4%,19,3.8,2.7,0,74.1,5.1,14,5,4,1,0,0.0,1,9,2,18.2%
12,,12 Games,,,,,,,8-4-0,0,59,40,67.8%,403,10.1,6.8,2,98.3,3.6,110,293,36,2,6,3.0,11,96,16,14.3%
