,Rk,Date,G#,Week,Age,Tm,Unnamed: 6_level_1,Opp,Result,Int,Tgt,Cmp,Cmp%,Yds,Yds/Cmp,Yds/Tgt,TD,Rat,DADOT,Air,YAC,Bltz,Hrry,QBKD,Sk,Prss,Comb,MTkl,MTkl%
0,1.0,2023-09-07,1.0,1.0,21.32,DET,@,KAN,W 21-20,1,5,2,40.0%,4,2.0,0.8,1,47.9,3.6,4,0,0,0,0,0.0,0,3,0,0.0%
1,2.0,2023-09-17,2.0,2.0,21.33,DET,,SEA,L 31-37,0,5,5,100.0%,23,4.6,4.6,1,125.4,3.4,17,6,7,3,0,0.0,3,4,0,0.0%
2,3.0,2023-09-24,3.0,3.0,21.337,DET,,ATL,W 20-6,0,7,4,57.1%,23,5.8,3.3,0,63.4,4.9,11,12,0,0,0,0.0,0,11,1,8.3%
3,4.0,2023-09-28,4.0,4.0,21.341,DET,@,GNB,W 34-20,0,6,5,83.3%,60,12.0,10.0,0,108.3,8.2,45,15,0,0,0,0.0,0,7,0,0.0%
4,5.0,2023-10-22,7.0,7.0,22.0,DET,@,BAL,L 6-38,0,5,4,80.0%,23,5.8,4.6,1,125.4,2.4,13,10,0,0,0,0.0,0,2,0,0.0%
5,6.0,2023-10-30,8.0,8.0,22.008,DET,,LVR,W 26-14,0,1,1,100.0%,19,19.0,19.0,0,118.7,17.0,17,2,3,0,0,0.0,0,6,0,0.0%
6,7.0,2023-11-12,9.0,10.0,22.021,DET,@,LAC,W 41-38,0,5,4,80.0%,32,8.0,6.4,0,93.3,3.6,8,24,2,0,0,0.0,0,4,1,20.0%
7,8.0,2023-11-19,10.0,11.0,22.028,DET,,CHI,W 31-26,0,2,1,50.0%,5,5.0,2.5,0,56.2,9.5,1,4,2,0,1,0.0,1,6,0,0.0%
8,9.0,2023-11-23,11.0,12.0,22.032,DET,,GNB,L 22-29,0,5,2,40.0%,23,11.5,4.6,1,94.2,11.2,18,5,2,0,0,0.0,0,8,0,0.0%
9,10.0,2023-12-03,12.0,13.0,22.042,DET,@,NOR,W 33-28,1,5,3,60.0%,57,19.0,11.4,0,60.0,10.0,21,36,2,0,0,0.0,0,7,2,22.2%
10,11.0,2023-12-10,13.0,14.0,22.049,DET,@,CHI,L 13-28,0,3,1,33.3%,11,11.0,3.7,0,45.1,0.7,3,8,2,0,0,0.0,0,3,0,0.0%
11,,11 Games,,,,,,,7-4-0,2,49,32,65.3%,280,8.8,5.7,4,90.5,6.0,158,122,20,3,1,0.0,4,61,4,6.2%
