,Rk,Date,G#,Week,Age,Tm,Unnamed: 6_level_1,Opp,Result,Int,Tgt,Cmp,Cmp%,Yds,Yds/Cmp,Yds/Tgt,TD,Rat,DADOT,Air,YAC,Bltz,Hrry,QBKD,Sk,Prss,Comb,MTkl,MTkl%,Year
0,1.0,2023-09-07,1.0,1.0,23.016,DET,@,KAN,W 21-20,0,3,1,33.3%,25,25.0,8.3,0,64.6,15.0,10,15,0,0,0,0.0,0,2,0,0.0%,2023
1,2.0,2023-09-17,2.0,2.0,23.026,DET,,SEA,L 31-37,0,3,2,66.7%,21,10.5,7.0,0,86.8,3.0,12,9,3,0,0,0.0,0,6,1,14.3%,2023
2,3.0,2023-09-24,3.0,3.0,23.033,DET,,ATL,W 20-6,0,1,1,100.0%,7,7.0,7.0,0,95.8,-5.0,-5,12,3,0,0,1.0,1,6,0,0.0%,2023
3,4.0,2023-09-28,4.0,4.0,23.037,DET,@,GNB,W 34-20,0,1,1,100.0%,6,6.0,6.0,0,91.7,-2.0,-2,8,1,0,0,0.0,0,3,0,0.0%,2023
4,5.0,2023-10-08,5.0,5.0,23.047,DET,,CAR,W 42-24,0,1,1,100.0%,1,1.0,1.0,1,118.7,1.0,1,0,7,0,0,0.0,0,2,1,33.3%,2023
5,6.0,2023-10-15,6.0,6.0,23.054,DET,@,TAM,W 20-6,0,1,1,100.0%,7,7.0,7.0,0,95.8,-5.0,-5,12,0,0,0,0.0,0,7,0,0.0%,2023
6,7.0,2023-10-22,7.0,7.0,23.061,DET,@,BAL,L 6-38,0,3,3,100.0%,35,11.7,11.7,1,154.9,2.7,8,27,4,0,0,0.0,0,4,0,0.0%,2023
7,8.0,2023-10-30,8.0,8.0,23.069,DET,,LVR,W 26-14,0,1,1,100.0%,8,8.0,8.0,0,100.0,0.0,0,8,3,0,0,0.0,0,4,0,0.0%,2023
8,9.0,2023-11-12,9.0,10.0,23.082,DET,@,LAC,W 41-38,0,3,2,66.7%,16,8.0,5.3,0,79.9,3.0,7,9,1,0,0,0.0,0,5,1,16.7%,2023
9,10.0,2023-11-19,10.0,11.0,23.089,DET,,CHI,W 31-26,0,4,3,75.0%,22,7.3,5.5,0,87.5,0.5,10,12,1,0,0,0.0,0,9,3,25.0%,2023
10,11.0,2023-11-23,11.0,12.0,23.093,DET,,GNB,L 22-29,0,1,1,100.0%,5,5.0,5.0,0,87.5,4.0,4,1,3,0,0,0.0,0,3,0,0.0%,2023
11,12.0,2023-12-03,12.0,13.0,23.103,DET,@,NOR,W 33-28,0,4,3,75.0%,46,15.3,11.5,0,112.5,6.3,20,26,4,0,0,0.0,0,9,0,0.0%,2023
12,13.0,2023-12-10,13.0,14.0,23.11,DET,@,CHI,L 13-28,0,2,2,100.0%,57,28.5,28.5,0,118.7,17.0,34,23,1,0,0,0.0,0,10,0,0.0%,2023
13,14.0,2023-12-16,14.0,15.0,23.116,DET,,DEN,W 42-17,0,0,0,,0,,,0,,,0,0,1,0,0,0.0,0,5,1,16.7%,2023
14,15.0,2023-12-24,15.0,16.0,23.124,DET,@,MIN,W 30-24,0,1,1,100.0%,6,6.0,6.0,0,91.7,2.0,2,4,4,0,0,0.0,0,3,0,0.0%,2023
15,16.0,2023-12-30,16.0,17.0,23.13,DET,@,DAL,L 19-20,0,0,0,,0,,,0,,,0,0,2,0,1,0.0,1,5,0,0.0%,2023
16,17.0,2024-01-07,17.0,18.0,23.138,DET,,MIN,W 30-20,0,2,2,100.0%,36,18.0,18.0,0,118.7,15.5,31,5,5,1,0,1.0,2,12,3,20.0%,2023
17,,17 Games,,,,,,,12-5-0,0,31,25,80.6%,298,11.9,9.6,2,128.2,5.1,127,171,43,1,1,2.0,4,95,10,9.5%,2023
