,Rk,Date,G#,Week,Age,Tm,Unnamed: 6_level_1,Opp,Result,Tgt,Rec,Yds,TD,1D,YBC,YBC/R,YAC,YAC/R,ADOT,BrkTkl,Rec/Br,Drop,Drop%,Int,Rat,Att,Yds,TD,1D,YBC,YBC/Att,YAC,YAC/Att,BrkTkl,Att/Br,Year
0,1.0,2019-09-08,1.0,1.0,26.086,KAN,@,JAX,W 40-26,11.0,9.0,198.0,3.0,5.0,64.0,7.1,134.0,14.9,9.6,0.0,,0.0,0.0,0.0,158.3,0.0,0.0,0.0,0.0,0.0,,0.0,,0.0,,2019
1,2.0,2019-09-15,2.0,2.0,26.093,KAN,@,OAK,W 28-10,13.0,6.0,49.0,0.0,3.0,15.0,2.5,34.0,5.7,10.7,0.0,,0.0,0.0,0.0,56.2,0.0,0.0,0.0,0.0,0.0,,0.0,,0.0,,2019
2,3.0,2019-09-22,3.0,3.0,26.1,KAN,,BAL,W 33-28,8.0,5.0,64.0,0.0,2.0,45.0,9.0,19.0,3.8,7.0,0.0,,1.0,12.5,0.0,87.5,0.0,0.0,0.0,0.0,0.0,,0.0,,0.0,,2019
3,4.0,2019-09-29,4.0,4.0,26.107,KAN,@,DET,W 34-30,6.0,3.0,54.0,0.0,2.0,41.0,13.7,13.0,4.3,13.0,0.0,,0.0,0.0,0.0,81.2,0.0,0.0,0.0,0.0,0.0,,0.0,,0.0,,2019
4,5.0,2019-10-06,5.0,5.0,26.114,KAN,,IND,L 13-19,,,,,,,,,,,,,,0.0,,,,,,,,,,,,,2019
5,6.0,2019-10-27,8.0,8.0,26.135,KAN,,GNB,L 24-31,8.0,5.0,45.0,0.0,3.0,25.0,5.0,20.0,4.0,5.3,0.0,,1.0,12.5,0.0,77.6,0.0,0.0,0.0,0.0,0.0,,0.0,,0.0,,2019
6,7.0,2019-11-03,9.0,9.0,26.142,KAN,,MIN,W 26-23,10.0,7.0,63.0,0.0,4.0,58.0,8.3,5.0,0.7,6.5,0.0,,0.0,0.0,0.0,86.7,0.0,0.0,0.0,0.0,0.0,,0.0,,0.0,,2019
7,8.0,2019-11-10,10.0,10.0,26.149,KAN,@,TEN,L 32-35,9.0,5.0,39.0,0.0,2.0,19.0,3.8,20.0,4.0,8.6,0.0,,1.0,11.1,0.0,66.4,2.0,12.0,0.0,1.0,10.0,5.0,2.0,1.0,0.0,,2019
8,9.0,2019-11-18,11.0,11.0,26.157,KAN,@,LAC,W 24-17,3.0,2.0,26.0,0.0,2.0,7.0,3.5,19.0,9.5,6.0,0.0,,0.0,0.0,0.0,93.7,0.0,0.0,0.0,0.0,0.0,,0.0,,0.0,,2019
9,10.0,2019-12-01,12.0,13.0,26.17,KAN,,OAK,W 40-9,3.0,0.0,0.0,0.0,,0.0,,0.0,,19.0,0.0,,0.0,0.0,0.0,39.6,0.0,0.0,0.0,,0.0,,0.0,,0.0,,2019
10,11.0,2019-12-08,13.0,14.0,26.177,KAN,@,NWE,W 23-16,8.0,4.0,50.0,0.0,3.0,34.0,8.5,16.0,4.0,8.4,0.0,,0.0,0.0,0.0,69.8,0.0,0.0,0.0,0.0,0.0,,0.0,,0.0,,2019
11,12.0,2019-12-15,14.0,15.0,26.184,KAN,,DEN,W 23-3,4.0,3.0,49.0,0.0,2.0,36.0,12.0,13.0,4.3,12.0,0.0,,0.0,0.0,0.0,115.6,0.0,0.0,0.0,0.0,0.0,,0.0,,0.0,,2019
12,13.0,2019-12-22,15.0,16.0,26.191,KAN,@,CHI,W 26-3,5.0,2.0,28.0,0.0,2.0,24.0,12.0,4.0,2.0,17.2,0.0,,1.0,20.0,0.0,58.7,0.0,0.0,0.0,0.0,0.0,,0.0,,0.0,,2019
13,14.0,2019-12-29,16.0,17.0,26.198,KAN,,LAC,W 31-21,2.0,1.0,8.0,0.0,,8.0,8.0,0.0,0.0,7.5,0.0,,0.0,0.0,0.0,60.4,0.0,0.0,0.0,,0.0,,0.0,,0.0,,2019
14,,14 Games,,,,,,,11-3-0,90.0,52.0,673.0,3.0,30.0,376.0,7.2,297.0,5.7,9.5,0.0,,4.0,4.4,0.0,92.5,2.0,12.0,0.0,1.0,10.0,5.0,2.0,1.0,0.0,,2019
