,Rk,Date,G#,Week,Age,Tm,Unnamed: 6_level_1,Opp,Result,Tgt,Rec,Yds,TD,1D,YBC,YBC/R,YAC,YAC/R,ADOT,BrkTkl,Rec/Br,Drop,Drop%,Int,Rat,Att,Yds,TD,1D,YBC,YBC/Att,YAC,YAC/Att,BrkTkl,Att/Br,Year
0,1.0,2019-09-08,1.0,1.0,29.338,KAN,@,JAX,W 40-26,8,3,88,0,2,47,15.7,41,13.7,7.9,0,,1,12.5,0,79.2,0,0,0,0,0,,0,,0,,2019
1,2.0,2019-09-15,2.0,2.0,29.345,KAN,@,OAK,W 28-10,9,7,107,1,6,80,11.4,27,3.9,11.7,0,,1,11.1,0,153.2,0,0,0,0,0,,0,,0,,2019
2,3.0,2019-09-22,3.0,3.0,29.352,KAN,,BAL,W 33-28,8,7,89,0,5,73,10.4,16,2.3,13.9,0,,0,0.0,0,113.0,0,0,0,0,0,,0,,0,,2019
3,4.0,2019-09-29,4.0,4.0,29.359,KAN,@,DET,W 34-30,8,7,85,0,5,58,8.3,27,3.9,10.5,0,,0,0.0,0,110.9,0,0,0,0,0,,0,,0,,2019
4,5.0,2019-10-06,5.0,5.0,30.001,KAN,,IND,L 13-19,10,4,70,0,4,48,12.0,22,5.5,12.4,0,,1,10.0,0,64.6,0,0,0,0,0,,0,,0,,2019
5,6.0,2019-10-13,6.0,6.0,30.008,KAN,,HOU,L 24-31,6,4,58,0,3,27,6.8,31,7.8,5.7,2,2.0,2,33.3,0,97.9,0,0,0,0,0,,0,,0,,2019
6,7.0,2019-10-17,7.0,7.0,30.012,KAN,@,DEN,W 30-6,8,6,44,0,3,29,4.8,15,2.5,6.0,0,,0,0.0,0,87.5,0,0,0,0,0,,0,,0,,2019
7,8.0,2019-10-27,8.0,8.0,30.022,KAN,,GNB,L 24-31,8,4,63,1,4,34,8.5,29,7.3,7.8,2,2.0,0,0.0,0,116.1,0,0,0,0,0,,0,,0,,2019
8,9.0,2019-11-03,9.0,9.0,30.029,KAN,,MIN,W 26-23,9,7,62,0,4,45,6.4,17,2.4,7.4,0,,0,0.0,0,95.4,0,0,0,0,0,,0,,0,,2019
9,10.0,2019-11-10,10.0,10.0,30.036,KAN,@,TEN,L 32-35,7,7,75,1,4,41,5.9,34,4.9,5.9,0,,0,0.0,0,150.9,0,0,0,0,0,,0,,0,,2019
10,11.0,2019-11-18,11.0,11.0,30.044,KAN,@,LAC,W 24-17,10,7,92,1,4,72,10.3,20,2.9,10.6,1,7.0,0,0.0,0,132.1,0,0,0,0,0,,0,,0,,2019
11,12.0,2019-12-01,12.0,13.0,30.057,KAN,,OAK,W 40-9,9,5,90,0,4,62,12.4,28,5.6,13.3,0,,2,22.2,0,90.0,0,0,0,0,0,,0,,0,,2019
12,13.0,2019-12-08,13.0,14.0,30.064,KAN,@,NWE,W 23-16,9,7,66,0,3,29,4.1,37,5.3,4.7,0,,0,0.0,0,97.2,1,4,1,1,3,3.0,1,1.0,0,,2019
13,14.0,2019-12-15,14.0,15.0,30.071,KAN,,DEN,W 23-3,13,11,142,0,8,121,11.0,21,1.9,11.2,0,,0,0.0,0,112.2,0,0,0,0,0,,0,,0,,2019
14,15.0,2019-12-22,15.0,16.0,30.078,KAN,@,CHI,W 26-3,9,8,74,1,5,45,5.6,29,3.6,6.1,0,,0,0.0,0,138.0,0,0,0,0,0,,0,,0,,2019
15,16.0,2019-12-29,16.0,17.0,30.085,KAN,,LAC,W 31-21,5,3,24,0,1,8,2.7,16,5.3,3.4,1,3.0,1,20.0,0,72.1,0,0,0,0,0,,0,,0,,2019
16,,16 Games,,,,,,,12-4-0,136,97,1229,5,65,819,8.4,410,4.2,9.0,6,16.2,8,5.9,0,111.4,1,4,1,1,3,3.0,1,1.0,0,,2019
