,Rk,Date,G#,Week,Age,Tm,Unnamed: 6_level_1,Opp,Result,Int,Tgt,Cmp,Cmp%,Yds,Yds/Cmp,Yds/Tgt,TD,Rat,DADOT,Air,YAC,Bltz,Hrry,QBKD,Sk,Prss,Comb,MTkl,MTkl%,Year
0,1.0,2023-09-10,1.0,1.0,24.044,NWE,,PHI,L 20-25,0,0,0,,0.0,,,0.0,,,0.0,0.0,0,1,0,0.0,1,2,0,0.0%,2023
1,2.0,2023-09-17,2.0,2.0,24.051,NWE,,MIA,L 17-24,0,0,0,,0.0,,,0.0,,,0.0,0.0,0,0,0,0.0,0,1,0,0.0%,2023
2,3.0,2023-09-24,3.0,3.0,24.058,NWE,@,NYJ,W 15-10,0,0,0,,0.0,,,0.0,,,0.0,0.0,0,1,0,1.0,2,2,0,0.0%,2023
3,4.0,2023-10-01,4.0,4.0,24.065,NWE,@,DAL,L 3-38,0,0,0,,0.0,,,0.0,,,0.0,0.0,0,0,0,0.0,0,1,0,0.0%,2023
4,5.0,2023-10-08,5.0,5.0,24.072,NWE,,NOR,L 0-34,0,0,0,,0.0,,,0.0,,,0.0,0.0,0,0,0,0.0,0,3,0,0.0%,2023
5,6.0,2023-10-15,6.0,6.0,24.079,NWE,@,LVR,L 17-21,0,0,0,,0.0,,,0.0,,,0.0,0.0,0,0,0,0.0,0,5,0,0.0%,2023
6,7.0,2023-10-22,7.0,7.0,24.086,NWE,,BUF,W 29-25,0,0,0,,0.0,,,0.0,,,0.0,0.0,0,1,0,1.0,2,3,0,0.0%,2023
7,8.0,2023-10-29,8.0,8.0,24.093,NWE,@,MIA,L 17-31,0,0,0,,0.0,,,0.0,,,0.0,0.0,0,0,0,1.0,1,5,0,0.0%,2023
8,9.0,2023-11-05,9.0,9.0,24.1,NWE,,WAS,L 17-20,0,0,0,,0.0,,,0.0,,,0.0,0.0,0,1,2,0.0,3,1,0,0.0%,2023
9,10.0,2023-11-12,10.0,10.0,24.107,NWE,,IND,L 6-10,0,0,0,,0.0,,,0.0,,,0.0,0.0,0,0,1,0.0,1,4,0,0.0%,2023
10,11.0,2023-11-26,11.0,12.0,24.121,NWE,@,NYG,L 7-10,0,0,0,,0.0,,,0.0,,,0.0,0.0,0,1,0,1.0,2,2,0,0.0%,2023
11,12.0,2023-12-03,12.0,13.0,24.128,NWE,,LAC,L 0-6,0,0,0,,0.0,,,0.0,,,0.0,0.0,0,0,0,0.0,0,1,0,0.0%,2023
12,13.0,2023-12-07,13.0,14.0,24.132,NWE,@,PIT,W 21-18,0,0,0,,0.0,,,0.0,,,0.0,0.0,0,1,0,0.5,2,4,2,33.3%,2023
13,14.0,2023-12-17,14.0,15.0,24.142,NWE,,KAN,L 17-27,0,0,0,,0.0,,,0.0,,,0.0,0.0,0,0,0,1.0,1,6,0,0.0%,2023
14,15.0,2023-12-24,15.0,16.0,24.149,NWE,@,DEN,W 26-23,0,0,0,,0.0,,,0.0,,,0.0,0.0,0,0,0,3.0,3,8,0,0.0%,2023
15,16.0,2023-12-31,16.0,17.0,24.156,NWE,@,BUF,L 21-27,0,0,0,,0.0,,,0.0,,,0.0,0.0,0,0,0,0.0,0,6,0,0.0%,2023
16,17.0,2024-01-07,17.0,18.0,24.163,NWE,,NYJ,L 3-17,0,0,0,,0.0,,,0.0,,,0.0,0.0,0,0,1,0.0,1,10,0,0.0%,2023
17,,17 Games,,,,,,,4-13-0,0,0,0,,,,,,,,,,0,6,4,8.5,19,64,2,3.0%,2023
