,Rk,Date,G#,Week,Age,Tm,Unnamed: 6_level_1,Opp,Result,Tgt,Rec,Yds,TD,1D,YBC,YBC/R,YAC,YAC/R,ADOT,BrkTkl,Rec/Br,Drop,Drop%,Int,Rat
0,1.0,2023-09-17,2.0,2.0,30.24,NWE,,MIA,L 17-24,8,6,57,0,3.0,22,3.7,35,5.8,6.5,2,3.0,0,0.0,1,54.7
1,2.0,2023-09-24,3.0,3.0,30.247,NWE,@,NYJ,W 15-10,3,2,19,0,1.0,19,9.5,0,0.0,16.0,0,,0,0.0,0,84.0
2,3.0,2023-10-01,4.0,4.0,30.254,NWE,@,DAL,L 3-38,4,2,33,0,1.0,31,15.5,2,1.0,10.5,0,,0,0.0,0,78.1
3,4.0,2023-10-08,5.0,5.0,30.261,NWE,,NOR,L 0-34,4,2,20,0,1.0,20,10.0,0,0.0,16.5,0,,0,0.0,0,64.6
4,5.0,2023-10-15,6.0,6.0,30.268,NWE,@,LVR,L 17-21,3,1,7,0,,7,7.0,0,0.0,17.7,0,,1,33.3,0,42.4
5,6.0,2023-10-22,7.0,7.0,30.275,NWE,,BUF,W 29-25,1,1,8,0,,7,7.0,1,1.0,7.0,0,,0,0.0,0,100.0
6,7.0,2023-10-29,8.0,8.0,30.282,NWE,@,MIA,L 17-31,2,1,14,0,1.0,6,6.0,8,8.0,5.0,0,,0,0.0,0,72.9
7,8.0,2023-11-26,11.0,12.0,30.31,NWE,@,NYG,L 7-10,5,3,42,0,2.0,6,2.0,36,12.0,4.2,0,,1,20.0,0,87.1
8,9.0,2023-12-03,12.0,13.0,30.317,NWE,,LAC,L 0-6,9,4,64,0,3.0,52,13.0,12,3.0,15.8,0,,1,11.1,0,68.7
9,,9 Games,,,,,,,2-7-0,39,22,264,0,12.0,170,7.7,94,4.3,11.3,2,11.0,3,7.7,1,66.6
