,Rk,Date,G#,Week,Age,Tm,Unnamed: 6_level_1,Opp,Result,Int,Tgt,Cmp,Cmp%,Yds,Yds/Cmp,Yds/Tgt,TD,Rat,DADOT,Air,YAC,Bltz,Hrry,QBKD,Sk,Prss,Comb,MTkl,MTkl%,Year
0,1.0,2023-09-10,1.0,1.0,25.208,NWE,,PHI,L 20-25,0,0,0,,0,,,0,,,0,0,0,0,0,0.0,0,2.0,0,0.0%,2023
1,2.0,2023-09-17,2.0,2.0,25.215,NWE,,MIA,L 17-24,0,0,0,,0,,,0,,,0,0,0,0,0,,0,,0,,2023
2,3.0,2023-09-24,3.0,3.0,25.222,NWE,@,NYJ,W 15-10,0,1,0,0.0%,0,,0.0,0,39.6,7.0,0,0,0,0,0,0.0,0,2.0,0,0.0%,2023
3,4.0,2023-10-01,4.0,4.0,25.229,NWE,@,DAL,L 3-38,0,0,0,,0,,,0,,,0,0,0,0,0,,0,,0,,2023
4,5.0,2023-10-08,5.0,5.0,25.236,NWE,,NOR,L 0-34,0,1,1,100.0%,7,7.0,7.0,0,95.8,0.0,0,7,0,0,0,0.0,0,3.0,0,0.0%,2023
5,6.0,2023-10-15,6.0,6.0,25.243,NWE,@,LVR,L 17-21,0,0,0,,0,,,0,,,0,0,0,0,0,0.0,0,3.0,0,0.0%,2023
6,7.0,2023-10-22,7.0,7.0,25.25,NWE,,BUF,W 29-25,0,0,0,,0,,,0,,,0,0,3,0,0,0.0,0,2.0,0,0.0%,2023
7,8.0,2023-10-29,8.0,8.0,25.257,NWE,@,MIA,L 17-31,0,2,2,100.0%,22,11.0,11.0,0,112.5,3.5,7,15,5,1,0,0.0,1,6.0,0,0.0%,2023
8,9.0,2023-11-05,9.0,9.0,25.264,NWE,,WAS,L 17-20,0,1,1,100.0%,26,26.0,26.0,0,118.7,8.0,8,18,1,2,0,0.0,2,0.0,0,,2023
9,10.0,2023-11-12,10.0,10.0,25.271,NWE,,IND,L 6-10,0,0,0,,0,,,0,,,0,0,0,1,0,0.0,1,1.0,1,50.0%,2023
10,11.0,2023-11-26,11.0,12.0,25.285,NWE,@,NYG,L 7-10,0,0,0,,0,,,0,,,0,0,2,0,0,0.0,0,0.0,0,,2023
11,12.0,2023-12-03,12.0,13.0,25.292,NWE,,LAC,L 0-6,0,3,2,66.7%,13,6.5,4.3,0,75.7,4.3,9,4,3,1,0,0.0,1,4.0,0,0.0%,2023
12,13.0,2023-12-07,13.0,14.0,25.296,NWE,@,PIT,W 21-18,0,1,1,100.0%,7,7.0,7.0,0,95.8,5.0,5,2,4,0,0,1.0,1,3.0,0,0.0%,2023
13,14.0,2023-12-17,14.0,15.0,25.306,NWE,,KAN,L 17-27,0,1,1,100.0%,4,4.0,4.0,0,83.3,2.0,2,2,4,0,0,1.0,1,3.0,1,25.0%,2023
14,15.0,2023-12-24,15.0,16.0,25.313,NWE,@,DEN,W 26-23,0,1,0,0.0%,0,,0.0,0,39.6,2.0,0,0,2,0,0,1.0,1,3.0,0,0.0%,2023
15,16.0,2023-12-31,16.0,17.0,25.32,NWE,@,BUF,L 21-27,0,1,1,100.0%,18,18.0,18.0,0,118.7,12.0,12,6,3,0,1,0.0,1,2.0,0,0.0%,2023
16,17.0,2024-01-07,17.0,18.0,25.327,NWE,,NYJ,L 3-17,0,0,0,,0,,,0,,,0,0,3,1,0,0.5,2,3.0,0,0.0%,2023
17,,17 Games,,,,,,,4-13-0,0,12,9,75.0%,97,10.8,8.1,0,98.3,4.7,43,54,30,6,1,3.5,11,37.0,2,5.1%,2023
