,Rk,Date,G#,Week,Age,Tm,Unnamed: 6_level_1,Opp,Result,Att,Yds,TD,1D,YBC,YBC/Att,YAC,YAC/Att,BrkTkl,Att/Br,Tgt,Rec,Yds,TD,1D,YBC,YBC/R,YAC,YAC/R,ADOT,BrkTkl,Rec/Br,Drop,Drop%,Int,Rat
0,1.0,2019-09-09,1.0,1.0,29.234,NOR,,HOU,W 30-28,6,43,1,2.0,37,6.2,6,1.0,1,6.0,3,2,4,0,0.0,-9,-4.5,13,6.5,-0.7,1,2.0,0,0.0,1.0,30.6
1,2.0,2019-09-15,2.0,2.0,29.24,NOR,@,LAR,L 9-27,5,7,0,0.0,1,0.2,6,1.2,0,,1,1,16,0,1.0,-5,-5.0,21,21.0,-5.0,1,1.0,0,0.0,0.0,118.7
2,3.0,2019-09-22,3.0,3.0,29.247,NOR,@,SEA,W 33-27,2,2,0,,-2,-1.0,4,2.0,1,2.0,0,0,0,0,,0,,0,,,0,,0,0.0,,
3,4.0,2019-09-29,4.0,4.0,29.254,NOR,,DAL,W 12-10,4,14,0,2.0,12,3.0,2,0.5,0,,1,1,6,0,0.0,-4,-4.0,10,10.0,-4.0,0,,0,0.0,0.0,91.7
4,5.0,2019-10-06,5.0,5.0,29.261,NOR,,TAM,W 31-24,7,28,0,1.0,11,1.6,17,2.4,0,,2,2,6,0,0.0,3,1.5,3,1.5,1.5,0,,0,0.0,0.0,79.2
5,6.0,2019-10-13,6.0,6.0,29.268,NOR,@,JAX,W 13-6,8,44,0,3.0,16,2.0,28,3.5,2,4.0,3,3,35,0,1.0,-13,-4.3,48,16.0,-4.3,0,,0,0.0,0.0,115.3
6,7.0,2019-10-20,7.0,7.0,29.275,NOR,@,CHI,W 36-25,27,119,2,6.0,92,3.4,27,1.0,4,6.8,6,5,31,0,1.0,5,1.0,26,5.2,0.2,1,5.0,1,16.7,0.0,88.2
7,8.0,2019-10-27,8.0,8.0,29.282,NOR,,ARI,W 31-9,21,102,1,5.0,68,3.2,34,1.6,0,,12,9,55,1,2.0,-8,-0.9,63,7.0,-0.3,2,4.5,1,8.3,0.0,111.5
8,9.0,2019-11-10,9.0,10.0,29.296,NOR,,ATL,L 9-26,5,12,0,2.0,5,1.0,7,1.4,0,,2,2,7,0,0.0,-8,-4.0,15,7.5,-4.0,0,,0,0.0,0.0,81.2
9,10.0,2019-11-17,10.0,11.0,29.303,NOR,@,TAM,W 34-17,10,27,0,3.0,12,1.2,15,1.5,0,,3,2,5,0,0.0,3,1.5,2,1.0,-1.3,0,,1,33.3,0.0,70.1
10,11.0,2019-11-24,11.0,12.0,29.31,NOR,,CAR,W 34-31,7,64,1,4.0,44,6.3,20,2.9,1,7.0,0,0,0,0,0.0,0,,0,,,0,,0,0.0,,
11,12.0,2019-11-28,12.0,13.0,29.314,NOR,@,ATL,W 26-18,4,2,0,,-2,-0.5,4,1.0,0,,0,0,0,0,,0,,0,,,0,,0,0.0,,
12,13.0,2019-12-08,13.0,14.0,29.324,NOR,,SFO,L 46-48,7,69,0,5.0,47,6.7,22,3.1,0,,3,2,25,0,1.0,-7,-3.5,32,16.0,-3.0,0,,0,0.0,0.0,92.4
13,14.0,2019-12-16,14.0,15.0,29.332,NOR,,IND,W 34-7,9,29,0,1.0,15,1.7,14,1.6,1,9.0,3,2,20,0,2.0,-4,-2.0,24,12.0,-2.0,0,,0,0.0,0.0,85.4
14,15.0,2019-12-22,15.0,16.0,29.338,NOR,@,TEN,W 38-28,7,14,0,1.0,10,1.4,4,0.6,0,,3,2,11,0,0.0,5,2.5,6,3.0,2.3,0,,0,0.0,0.0,72.9
15,16.0,2019-12-29,16.0,17.0,29.345,NOR,@,CAR,W 42-10,17,61,0,3.0,24,1.4,37,2.2,1,17.0,1,1,14,0,1.0,-7,-7.0,21,21.0,-7.0,0,,0,0.0,0.0,118.7
16,,16 Games,,,,,,,13-3-0,146,637,5,38.0,390,2.7,247,1.7,11,13.3,43,34,235,1,9.0,-49,-1.4,284,8.4,-1.2,5,6.8,3,7.0,1.0,87.5
