,Rk,Date,G#,Week,Age,Tm,Unnamed: 6_level_1,Opp,Result,Int,Tgt,Cmp,Cmp%,Yds,Yds/Cmp,Yds/Tgt,TD,Rat,DADOT,Air,YAC,Bltz,Hrry,QBKD,Sk,Prss,Comb,MTkl,MTkl%
0,1.0,2019-09-09,1.0,1.0,23.112,NOR,,HOU,W 30-28,0,8,5,62.5%,47,9.4,5.9,1,118.2,10.1,43,4,1,0,0,0.0,0,4,0,0.0%
1,2.0,2019-09-15,2.0,2.0,23.118,NOR,@,LAR,L 9-27,0,5,4,80.0%,139,34.8,27.8,1,158.3,16.2,75,64,0,0,0,0.0,0,5,1,16.7%
2,3.0,2019-09-22,3.0,3.0,23.125,NOR,@,SEA,W 33-27,0,14,10,71.4%,140,14.0,10.0,0,103.3,10.8,111,29,0,0,0,0.0,0,12,1,7.7%
3,4.0,2019-09-29,4.0,4.0,23.132,NOR,,DAL,W 12-10,0,7,4,57.1%,39,9.8,5.6,0,72.9,15.0,39,0,0,0,0,0.0,0,4,0,0.0%
4,5.0,2019-10-06,5.0,5.0,23.139,NOR,,TAM,W 31-24,0,5,2,40.0%,25,12.5,5.0,0,56.2,8.8,21,4,0,0,0,0.0,0,3,0,0.0%
5,6.0,2019-10-13,6.0,6.0,23.146,NOR,@,JAX,W 13-6,1,7,2,28.6%,35,17.5,5.0,0,8.3,10.7,4,31,0,0,0,0.0,0,3,1,25.0%
6,7.0,2019-10-20,7.0,7.0,23.153,NOR,@,CHI,W 36-25,0,8,4,50.0%,37,9.3,4.6,0,63.0,11.1,16,21,0,0,0,0.0,0,3,1,25.0%
7,8.0,2019-10-27,8.0,8.0,23.16,NOR,,ARI,W 31-9,0,3,1,33.3%,9,9.0,3.0,0,42.4,17.7,5,4,0,0,0,0.0,0,2,0,0.0%
8,9.0,2019-11-10,9.0,10.0,23.174,NOR,,ATL,L 9-26,0,2,1,50.0%,3,3.0,1.5,0,56.2,4.0,4,-1,0,0,0,0.0,0,2,0,0.0%
9,10.0,2019-11-28,12.0,13.0,23.192,NOR,@,ATL,W 26-18,0,10,6,60.0%,71,11.8,7.1,0,81.7,11.8,63,8,0,0,0,0.0,0,9,0,0.0%
10,11.0,2019-12-08,13.0,14.0,23.202,NOR,,SFO,L 46-48,0,6,2,33.3%,13,6.5,2.2,1,81.9,2.8,11,2,0,0,0,0.0,0,4,1,20.0%
11,12.0,2019-12-16,14.0,15.0,23.21,NOR,,IND,W 34-7,0,4,0,0.0%,0,,0.0,0,39.6,16.3,0,0,0,0,0,0.0,0,0,0,
12,13.0,2019-12-22,15.0,16.0,23.216,NOR,@,TEN,W 38-28,0,3,1,33.3%,34,34.0,11.3,0,77.1,17.3,29,5,0,0,0,0.0,0,3,0,0.0%
13,14.0,2019-12-29,16.0,17.0,23.223,NOR,@,CAR,W 42-10,0,6,2,33.3%,20,10.0,3.3,0,43.7,15.2,11,9,0,0,0,0.0,0,3,0,0.0%
14,,14 Games,,,,,,,11-3-0,1,88,44,50.0%,612,13.9,7.0,3,79.4,11.7,432,180,1,0,0,0.0,0,57,5,8.1%
