,Rk,Date,G#,Week,Age,Tm,Unnamed: 6_level_1,Opp,Result,Tgt,Rec,Yds,TD,1D,YBC,YBC/R,YAC,YAC/R,ADOT,BrkTkl,Rec/Br,Drop,Drop%,Int,Rat
0,1.0,2019-09-09,1.0,1.0,23.245,NOR,,HOU,W 30-28,2.0,2.0,26.0,1.0,2.0,26.0,13.0,0.0,0.0,13.0,0.0,,0.0,0.0,0.0,158.3
1,2.0,2019-09-15,2.0,2.0,23.251,NOR,@,LAR,L 9-27,3.0,3.0,49.0,0.0,3.0,11.0,3.7,38.0,12.7,3.7,2.0,1.5,0.0,0.0,0.0,118.7
2,3.0,2019-10-06,5.0,5.0,23.272,NOR,,TAM,W 31-24,,,,,,,,,,,,,,0.0,,
3,4.0,2019-11-10,9.0,10.0,23.307,NOR,,ATL,L 9-26,2.0,1.0,13.0,0.0,1.0,13.0,13.0,0.0,0.0,13.5,0.0,,0.0,0.0,0.0,70.8
4,5.0,2019-11-17,10.0,11.0,23.314,NOR,@,TAM,W 34-17,1.0,0.0,0.0,0.0,,0.0,,0.0,,17.0,0.0,,0.0,0.0,0.0,39.6
5,6.0,2019-11-24,11.0,12.0,23.321,NOR,,CAR,W 34-31,3.0,1.0,13.0,1.0,1.0,13.0,13.0,0.0,0.0,13.0,0.0,,0.0,0.0,1.0,47.9
6,7.0,2019-11-28,12.0,13.0,23.325,NOR,@,ATL,W 26-18,2.0,2.0,14.0,0.0,1.0,11.0,5.5,3.0,1.5,5.5,0.0,,0.0,0.0,0.0,95.8
7,8.0,2019-12-08,13.0,14.0,23.335,NOR,,SFO,L 46-48,4.0,2.0,29.0,1.0,2.0,4.0,2.0,25.0,12.5,11.0,1.0,2.0,0.0,0.0,0.0,113.5
8,9.0,2019-12-16,14.0,15.0,23.343,NOR,,IND,W 34-7,1.0,1.0,21.0,1.0,1.0,19.0,19.0,2.0,2.0,19.0,0.0,,0.0,0.0,0.0,158.3
9,10.0,2019-12-22,15.0,16.0,23.349,NOR,@,TEN,W 38-28,2.0,1.0,13.0,0.0,1.0,6.0,6.0,7.0,7.0,6.0,0.0,,0.0,0.0,0.0,70.8
10,11.0,2019-12-29,16.0,17.0,23.356,NOR,@,CAR,W 42-10,5.0,5.0,56.0,1.0,5.0,20.0,4.0,36.0,7.2,4.0,1.0,5.0,0.0,0.0,0.0,152.9
11,,11 Games,,,,,,,8-3-0,25.0,18.0,234.0,5.0,17.0,123.0,6.8,111.0,6.2,9.0,4.0,4.5,0.0,0.0,1.0,124.0
