,Rk,Date,G#,Week,Age,Tm,Unnamed: 6_level_1,Opp,Result,Int,Tgt,Cmp,Cmp%,Yds,Yds/Cmp,Yds/Tgt,TD,Rat,DADOT,Air,YAC,Bltz,Hrry,QBKD,Sk,Prss,Comb,MTkl,MTkl%,Year
0,1.0,2018-09-09,1.0,1.0,30.024,WAS,@,ARI,W 24-6,0,0,0,,0,,,0,,,0,0,0,0,0,0.0,0,0,0,,2018
1,2.0,2018-09-16,2.0,2.0,30.031,WAS,,IND,L 9-21,0,0,0,,0,,,0,,,0,0,2,4,0,0.0,4,1,0,0.0%,2018
2,3.0,2018-09-23,3.0,3.0,30.038,WAS,,GNB,W 31-17,0,0,0,,0,,,0,,,0,0,1,1,0,0.0,1,1,0,0.0%,2018
3,4.0,2018-10-08,4.0,5.0,30.053,WAS,@,NOR,L 19-43,0,0,0,,0,,,0,,,0,0,2,1,0,1.0,2,3,0,0.0%,2018
4,5.0,2018-10-14,5.0,6.0,30.059,WAS,,CAR,W 23-17,0,0,0,,0,,,0,,,0,0,1,0,0,0.0,0,1,0,0.0%,2018
5,6.0,2018-10-21,6.0,7.0,30.066,WAS,,DAL,W 20-17,0,0,0,,0,,,0,,,0,0,2,0,0,2.0,2,5,0,0.0%,2018
6,7.0,2018-10-28,7.0,8.0,30.073,WAS,@,NYG,W 20-13,0,2,1,50.0%,24,24.0,12.0,0,93.7,7.5,9,15,2,0,0,1.5,2,4,0,0.0%,2018
7,8.0,2018-11-04,8.0,9.0,30.08,WAS,,ATL,L 14-38,0,0,0,,0,,,0,,,0,0,2,0,1,1.0,2,2,0,0.0%,2018
8,9.0,2018-11-11,9.0,10.0,30.087,WAS,@,TAM,W 16-3,0,0,0,,0,,,0,,,0,0,1,0,0,0.0,0,2,1,33.3%,2018
9,10.0,2018-11-18,10.0,11.0,30.094,WAS,,HOU,L 21-23,0,0,0,,0,,,0,,,0,0,4,1,0,2.0,3,3,0,0.0%,2018
10,11.0,2018-11-22,11.0,12.0,30.098,WAS,@,DAL,L 23-31,0,0,0,,0,,,0,,,0,0,2,0,0,0.5,1,4,0,0.0%,2018
11,12.0,2018-12-03,12.0,13.0,30.109,WAS,@,PHI,L 13-28,0,1,0,0.0%,0,,0.0,0,39.6,16.0,0,0,3,0,0,0.0,0,2,0,0.0%,2018
12,13.0,2018-12-09,13.0,14.0,30.115,WAS,,NYG,L 16-40,0,2,1,50.0%,-3,-3.0,-1.5,0,56.2,-3.0,-8,5,0,0,2,1.0,3,7,0,0.0%,2018
13,14.0,2018-12-16,14.0,15.0,30.122,WAS,@,JAX,W 16-13,0,0,0,,0,,,0,,,0,0,1,2,1,2.0,5,6,0,0.0%,2018
14,15.0,2018-12-22,15.0,16.0,30.128,WAS,@,TEN,L 16-25,0,0,0,,0,,,0,,,0,0,1,3,0,1.0,4,1,1,50.0%,2018
15,16.0,2018-12-30,16.0,17.0,30.136,WAS,,PHI,L 0-24,0,0,0,,0,,,0,,,0,0,8,0,0,1.0,1,1,0,0.0%,2018
16,,16 Games,,,,,,,7-9-0,0,5,2,40.0%,21,10.5,4.2,0,52.9,5.0,1,20,32,12,4,13.0,30,43,2,4.4%,2018
