,Rk,Date,G#,Week,Age,Tm,Unnamed: 6_level_1,Opp,Result,Att,Yds,TD,1D,YBC,YBC/Att,YAC,YAC/Att,BrkTkl,Att/Br,Tgt,Rec,Yds,TD,1D,YBC,YBC/R,YAC,YAC/R,ADOT,BrkTkl,Rec/Br,Drop,Drop%,Int,Rat
0,1.0,2020-10-05,4.0,4.0,23.314,NWE,@,KAN,L 10-26,0,0,0,0.0,0,,0,,0,,1,1,11,0,1.0,11,11.0,0,0.0,11.0,0,,0,0.0,0.0,112.5
1,2.0,2020-10-18,5.0,6.0,23.327,NWE,,DEN,L 12-18,0,0,0,,0,,0,,0,,0,0,0,0,,0,,0,,,0,,0,0.0,,
2,3.0,2020-10-25,6.0,7.0,23.334,NWE,,SFO,L 6-33,0,0,0,,0,,0,,0,,0,0,0,0,,0,,0,,,0,,0,0.0,,
3,4.0,2020-11-01,7.0,8.0,23.341,NWE,@,BUF,L 21-24,1,6,0,,2,2.0,4,4.0,0,,0,0,0,0,,0,,0,,,0,,0,0.0,,
4,5.0,2020-11-09,8.0,9.0,23.349,NWE,@,NYJ,W 30-27,3,16,0,1.0,16,5.3,0,0.0,0,,1,1,-1,0,0.0,-4,-4.0,3,3.0,-4.0,1,1.0,0,0.0,0.0,79.2
5,6.0,2020-11-15,9.0,10.0,23.355,NWE,,BAL,W 23-17,0,0,0,,0,,0,,0,,0,0,0,0,,0,,0,,,0,,0,0.0,,
6,7.0,2020-11-22,10.0,11.0,23.362,NWE,@,HOU,L 20-27,0,0,0,,0,,0,,0,,0,0,0,0,,0,,0,,,0,,0,0.0,,
7,8.0,2020-11-29,11.0,12.0,24.003,NWE,,ARI,W 20-17,1,1,0,,0,0.0,1,1.0,0,,0,0,0,0,,0,,0,,,0,,0,0.0,,
8,9.0,2020-12-06,12.0,13.0,24.01,NWE,@,LAC,W 45-0,0,0,0,0.0,0,,0,,0,,1,1,38,1,1.0,13,13.0,25,25.0,13.0,0,,0,0.0,0.0,158.3
9,10.0,2020-12-10,13.0,14.0,24.014,NWE,@,LAR,L 3-24,0,0,0,,0,,0,,0,,0,0,0,0,,0,,0,,,0,,0,0.0,,
10,11.0,2020-12-20,14.0,15.0,24.024,NWE,@,MIA,L 12-22,0,0,0,,0,,0,,0,,0,0,0,0,,0,,0,,,0,,0,0.0,,
11,12.0,2020-12-28,15.0,16.0,24.032,NWE,,BUF,L 9-38,0,0,0,,0,,0,,0,,0,0,0,0,,0,,0,,,0,,0,0.0,,
12,13.0,2021-01-03,16.0,17.0,24.038,NWE,,NYJ,W 28-14,0,0,0,0.0,0,,0,,0,,2,2,14,0,1.0,7,3.5,7,3.5,3.5,0,,0,0.0,0.0,95.8
13,,13 Games,,,,,,,5-8-0,5,23,0,1.0,18,3.6,5,1.0,0,,5,5,62,1,3.0,27,5.4,35,7.0,5.4,1,5.0,0,0.0,0.0,157.9
