,Rk,Date,G#,Week,Age,Tm,Unnamed: 6_level_1,Opp,Result,Int,Tgt,Cmp,Cmp%,Yds,Yds/Cmp,Yds/Tgt,TD,Rat,DADOT,Air,YAC,Bltz,Hrry,QBKD,Sk,Prss,Comb,MTkl,MTkl%
0,1.0,2023-09-10,1.0,1.0,22.27,CIN,@,CLE,L 3-24,0,0,0,,0,,,0,,,0,0,0,0,0,0.0,0,1.0,0,0.0%
1,2.0,2023-09-17,2.0,2.0,22.277,CIN,,BAL,L 24-27,0,0,0,,0,,,0,,,0,0,0,0,0,0.0,0,1.0,0,0.0%
2,3.0,2023-09-25,3.0,3.0,22.285,CIN,,LAR,W 19-16,0,0,0,,0,,,0,,,0,0,0,0,0,,0,,0,
3,4.0,2023-10-01,4.0,4.0,22.291,CIN,@,TEN,L 3-27,0,0,0,,0,,,0,,,0,0,1,1,0,0.0,1,0.0,0,
4,5.0,2023-10-08,5.0,5.0,22.298,CIN,@,ARI,W 34-20,0,1,1,100.0%,0,,0.0,0,79.2,15.0,0,0,3,0,1,0.0,1,2.0,0,0.0%
5,6.0,2023-10-15,6.0,6.0,22.305,CIN,,SEA,W 17-13,0,1,1,100.0%,12,12.0,12.0,0,116.7,9.0,9,3,0,0,0,0.0,0,2.0,0,0.0%
6,7.0,2023-10-29,7.0,8.0,22.319,CIN,@,SFO,W 31-17,0,1,1,100.0%,23,23.0,23.0,0,118.7,22.0,22,1,1,0,0,0.0,0,2.0,0,0.0%
7,8.0,2023-11-05,8.0,9.0,22.326,CIN,,BUF,W 24-18,0,0,0,,0,,,0,,,0,0,0,0,0,0.0,0,1.0,0,0.0%
8,9.0,2023-11-12,9.0,10.0,22.333,CIN,,HOU,L 27-30,0,3,3,100.0%,44,14.7,14.7,0,118.7,7.3,22,22,0,0,0,0.0,0,3.0,0,0.0%
9,10.0,2023-11-16,10.0,11.0,22.337,CIN,@,BAL,L 20-34,0,2,2,100.0%,10,5.0,5.0,0,87.5,2.5,5,5,1,0,0,0.0,0,12.0,0,0.0%
10,11.0,2023-11-26,11.0,12.0,22.347,CIN,,PIT,L 10-16,0,0,0,,0,,,0,,,0,0,3,0,0,0.0,0,8.0,0,0.0%
11,12.0,2023-12-04,12.0,13.0,22.355,CIN,@,JAX,W 34-31,0,2,1,50.0%,22,22.0,11.0,1,129.2,22.0,-1,23,1,0,0,1.0,1,7.0,0,0.0%
12,13.0,2023-12-10,13.0,14.0,22.361,CIN,,IND,W 34-14,0,3,3,100.0%,49,16.3,16.3,0,118.7,10.7,32,17,1,0,0,0.0,0,3.0,1,25.0%
13,,13 Games,,,,,,,7-6-0,0,13,12,92.3%,160,13.3,12.3,1,143.6,11.5,89,71,11,1,1,1.0,3,42.0,1,2.3%
