,Rk,Date,G#,Week,Age,Tm,Unnamed: 6_level_1,Opp,Result,Int,Tgt,Cmp,Cmp%,Yds,Yds/Cmp,Yds/Tgt,TD,Rat,DADOT,Air,YAC,Bltz,Hrry,QBKD,Sk,Prss,Comb,MTkl,MTkl%,Year
0,1.0,2023-09-10,1.0,1.0,28.116,CIN,@,CLE,L 3-24,0,4,3,75.0%,36,12.0,9.0,0,102.1,11.3,3,33,2,0,0,0.0,0,11,1,8.3%,2023
1,2.0,2023-09-17,2.0,2.0,28.123,CIN,,BAL,L 24-27,0,5,4,80.0%,38,9.5,7.6,0,98.3,7.2,24,14,0,0,0,0.0,0,9,1,10.0%,2023
2,3.0,2023-09-25,3.0,3.0,28.131,CIN,,LAR,W 19-16,0,3,1,33.3%,46,46.0,15.3,0,81.9,35.3,42,4,3,0,1,0.0,1,3,0,0.0%,2023
3,4.0,2023-10-01,4.0,4.0,28.137,CIN,@,TEN,L 3-27,0,4,3,75.0%,34,11.3,8.5,0,100.0,17.3,24,10,1,0,0,0.0,0,11,1,8.3%,2023
4,5.0,2023-10-08,5.0,5.0,28.144,CIN,@,ARI,W 34-20,0,2,1,50.0%,11,11.0,5.5,0,66.7,10.0,5,6,3,0,0,0.0,0,3,1,25.0%,2023
5,6.0,2023-10-15,6.0,6.0,28.151,CIN,,SEA,W 17-13,0,3,2,66.7%,40,20.0,13.3,0,109.7,21.0,32,8,4,0,0,0.0,0,3,0,0.0%,2023
6,7.0,2023-10-29,7.0,8.0,28.165,CIN,@,SFO,W 31-17,0,1,1,100.0%,32,32.0,32.0,0,118.7,24.0,24,8,1,0,0,0.0,0,3,0,0.0%,2023
7,8.0,2023-11-05,8.0,9.0,28.172,CIN,,BUF,W 24-18,0,4,3,75.0%,47,15.7,11.8,0,113.5,16.5,40,7,0,0,0,0.0,0,4,0,0.0%,2023
8,9.0,2023-11-12,9.0,10.0,28.179,CIN,,HOU,L 27-30,0,4,2,50.0%,29,14.5,7.3,0,74.0,4.8,13,16,1,0,0,0.0,0,3,0,0.0%,2023
9,10.0,2023-11-16,10.0,11.0,28.183,CIN,@,BAL,L 20-34,0,1,1,100.0%,9,9.0,9.0,0,104.2,3.0,3,6,0,0,0,0.0,0,0,0,,2023
10,11.0,2023-11-26,11.0,12.0,28.193,CIN,,PIT,L 10-16,0,0,0,,0,,,0,,,0,0,3,1,0,0.0,1,3,0,0.0%,2023
11,12.0,2023-12-04,12.0,13.0,28.201,CIN,@,JAX,W 34-31,0,0,0,,0,,,0,,,0,0,0,0,0,0.0,0,1,0,0.0%,2023
12,13.0,2023-12-10,13.0,14.0,28.207,CIN,,IND,W 34-14,0,0,0,,0,,,0,,,0,0,1,0,0,0.0,0,0,0,,2023
13,14.0,2023-12-16,14.0,15.0,28.213,CIN,,MIN,W 27-24,0,1,1,100.0%,10,10.0,10.0,0,108.3,7.0,7,3,1,0,0,0.0,0,1,0,0.0%,2023
14,15.0,2023-12-23,15.0,16.0,28.22,CIN,@,PIT,L 11-34,0,0,0,,0,,,0,,,0,0,2,0,0,0.0,0,1,0,0.0%,2023
15,16.0,2023-12-31,16.0,17.0,28.228,CIN,@,KAN,L 17-25,0,1,0,0.0%,0,,0.0,0,39.6,3.0,0,0,0,0,0,0.0,0,0,0,,2023
16,17.0,2024-01-07,17.0,18.0,28.235,CIN,,CLE,W 31-14,0,0,0,,0,,,0,,,0,0,0,0,0,0.0,0,1,0,0.0%,2023
17,,17 Games,,,,,,,9-8-0,0,33,22,66.7%,332,15.1,10.1,0,99.6,14.0,217,115,22,1,1,0.0,2,57,4,6.6%,2023
