,Rk,Date,G#,Week,Age,Tm,Unnamed: 6_level_1,Opp,Result,Tgt,Rec,Yds,TD,1D,YBC,YBC/R,YAC,YAC/R,ADOT,BrkTkl,Rec/Br,Drop,Drop%,Int,Rat
0,1.0,2023-09-10,1.0,1.0,24.235,CIN,@,CLE,L 3-24,8,0,0,0,,0,,0,,18.9,0,,1,12.5,0,39.6
1,2.0,2023-09-17,2.0,2.0,24.242,CIN,,BAL,L 24-27,12,8,89,2,6.0,57,7.1,32,4.0,10.4,0,,0,0.0,1,93.4
2,3.0,2023-09-25,3.0,3.0,24.25,CIN,,LAR,W 19-16,8,2,21,0,1.0,10,5.0,11,5.5,10.9,0,,2,25.0,0,39.6
3,4.0,2023-10-01,4.0,4.0,24.256,CIN,@,TEN,L 3-27,4,2,19,0,1.0,6,3.0,13,6.5,6.3,0,,1,25.0,0,63.5
4,5.0,2023-10-15,6.0,6.0,24.27,CIN,,SEA,W 17-13,4,2,20,0,1.0,13,6.5,7,3.5,9.5,0,,0,0.0,0,64.6
5,6.0,2023-10-29,7.0,8.0,24.284,CIN,@,SFO,W 31-17,6,5,69,0,4.0,51,10.2,18,3.6,10.8,0,,0,0.0,0,114.6
6,7.0,2023-11-05,8.0,9.0,24.291,CIN,,BUF,W 24-18,9,8,110,0,6.0,72,9.0,38,4.8,9.2,0,,0,0.0,0,117.6
7,8.0,2023-12-04,12.0,13.0,24.32,CIN,@,JAX,W 34-31,3,3,36,0,3.0,31,10.3,5,1.7,10.3,0,,0,0.0,0,116.7
8,9.0,2023-12-10,13.0,14.0,24.326,CIN,,IND,W 34-14,4,2,72,0,2.0,51,25.5,21,10.5,16.3,0,,2,50.0,0,95.8
9,,9 Games,,,,,,,6-3-0,58,32,436,2,24.0,291,9.1,145,4.5,11.6,0,,6,10.3,1,83.7
