,Rk,Date,G#,Week,Age,Tm,Unnamed: 6_level_1,Opp,Result,Tgt,Rec,Yds,TD,1D,YBC,YBC/R,YAC,YAC/R,ADOT,BrkTkl,Rec/Br,Drop,Drop%,Int,Rat,Att,Yds,TD,1D,YBC,YBC/Att,YAC,YAC/Att,BrkTkl,Att/Br
0,1.0,2023-09-10,1.0,1.0,28.299,CIN,@,CLE,L 3-24,3,2,10,0,,9,4.5,1,0.5,2.7,0,,0,0.0,0,71.5,0,0,0,,0,,0,,0,
1,2.0,2023-09-17,2.0,2.0,28.306,CIN,,BAL,L 24-27,8,6,52,0,3.0,29,4.8,23,3.8,3.4,0,,1,12.5,0,91.7,0,0,0,0.0,0,,0,,0,
2,3.0,2023-09-25,3.0,3.0,28.314,CIN,,LAR,W 19-16,9,5,39,0,2.0,19,3.8,20,4.0,6.6,0,,0,0.0,1,26.9,0,0,0,0.0,0,,0,,0,
3,4.0,2023-10-01,4.0,4.0,28.32,CIN,@,TEN,L 3-27,7,4,26,0,1.0,23,5.8,3,0.8,10.1,0,,0,0.0,0,65.2,0,0,0,0.0,0,,0,,0,
4,5.0,2023-10-08,5.0,5.0,28.327,CIN,@,ARI,W 34-20,7,6,39,0,1.0,19,3.2,20,3.3,4.3,0,,0,0.0,0,89.9,0,0,0,0.0,0,,0,,0,
5,6.0,2023-10-15,6.0,6.0,28.334,CIN,,SEA,W 17-13,7,7,38,1,2.0,21,3.0,17,2.4,3.0,0,,0,0.0,0,128.9,0,0,0,0.0,0,,0,,0,
6,7.0,2023-10-29,7.0,8.0,28.348,CIN,@,SFO,W 31-17,3,3,40,1,3.0,32,10.7,8,2.7,10.7,0,,0,0.0,0,158.3,1,6,0,1.0,6,6.0,0,0.0,0,
7,8.0,2023-11-05,8.0,9.0,28.355,CIN,,BUF,W 24-18,5,3,56,0,2.0,42,14.0,14,4.7,14.2,0,,1,20.0,0,98.7,0,0,0,0.0,0,,0,,0,
8,9.0,2023-11-12,9.0,10.0,28.362,CIN,,HOU,L 27-30,12,8,117,0,4.0,44,5.5,73,9.1,8.5,0,,2,16.7,1,63.5,0,0,0,0.0,0,,0,,0,
9,10.0,2023-11-16,10.0,11.0,29.001,CIN,@,BAL,L 20-34,6,3,22,0,1.0,8,2.7,14,4.7,5.8,0,,0,0.0,0,59.0,0,0,0,0.0,0,,0,,0,
10,11.0,2023-11-26,11.0,12.0,29.011,CIN,,PIT,L 10-16,5,3,23,0,1.0,20,6.7,3,1.0,4.8,1,3.0,0,0.0,0,71.2,0,0,0,0.0,0,,0,,0,
11,12.0,2023-12-04,12.0,13.0,29.019,CIN,@,JAX,W 34-31,7,5,37,0,1.0,27,5.4,10,2.0,4.3,0,,1,14.3,0,83.6,1,5,0,0.0,5,5.0,0,0.0,0,
12,13.0,2023-12-10,13.0,14.0,29.025,CIN,,IND,W 34-14,3,2,23,0,1.0,16,8.0,7,3.5,7.7,0,,0,0.0,0,89.6,0,0,0,0.0,0,,0,,0,
13,,13 Games,,,,,,,7-6-0,82,57,522,2,22.0,309,5.4,213,3.7,6.5,1,57.0,5,6.1,2,84.5,2,11,0,1.0,11,5.5,0,0.0,0,
