,Rk,Date,G#,Week,Age,Tm,Unnamed: 6_level_1,Opp,Result,Int,Tgt,Cmp,Cmp%,Yds,Yds/Cmp,Yds/Tgt,TD,Rat,DADOT,Air,YAC,Bltz,Hrry,QBKD,Sk,Prss,Comb,MTkl,MTkl%
0,1.0,2021-09-12,1.0,1.0,23.274,BUF,,PIT,L 16-23,0,0,0,,0.0,,,0.0,,,0.0,0.0,0,0,1,0.0,1,3.0,0,0.0%
1,2.0,2021-09-19,2.0,2.0,23.281,BUF,@,MIA,W 35-0,0,0,0,,0.0,,,0.0,,,0.0,0.0,0,0,0,,0,,0,
2,3.0,2021-09-26,3.0,3.0,23.288,BUF,,WAS,W 43-21,0,0,0,,0.0,,,0.0,,,0.0,0.0,0,0,0,0.0,0,2.0,0,0.0%
3,4.0,2021-10-03,4.0,4.0,23.295,BUF,,HOU,W 40-0,0,0,0,,0.0,,,0.0,,,0.0,0.0,0,0,0,0.0,0,4.0,0,0.0%
4,5.0,2021-10-10,5.0,5.0,23.302,BUF,@,KAN,W 38-20,0,0,0,,0.0,,,0.0,,,0.0,0.0,0,0,1,0.0,1,2.0,0,0.0%
5,6.0,2021-10-18,6.0,6.0,23.31,BUF,@,TEN,L 31-34,0,0,0,,0.0,,,0.0,,,0.0,0.0,0,1,0,0.0,1,1.0,0,0.0%
6,7.0,2021-10-31,7.0,8.0,23.323,BUF,,MIA,W 26-11,0,0,0,,0.0,,,0.0,,,0.0,0.0,0,1,0,0.0,1,2.0,0,0.0%
7,8.0,2021-11-07,8.0,9.0,23.33,BUF,@,JAX,L 6-9,0,0,0,,0.0,,,0.0,,,0.0,0.0,0,0,1,0.0,1,1.0,0,0.0%
8,9.0,2021-11-14,9.0,10.0,23.337,BUF,@,NYJ,W 45-17,0,0,0,,0.0,,,0.0,,,0.0,0.0,0,0,3,0.0,3,1.0,1,50.0%
9,10.0,2021-11-21,10.0,11.0,23.344,BUF,,IND,L 15-41,0,0,0,,0.0,,,0.0,,,0.0,0.0,0,0,0,0.0,0,2.0,0,0.0%
10,11.0,2021-11-25,11.0,12.0,23.348,BUF,@,NOR,W 31-6,0,0,0,,0.0,,,0.0,,,0.0,0.0,0,0,1,0.5,2,4.0,0,0.0%
11,12.0,2021-12-06,12.0,13.0,23.359,BUF,,NWE,L 10-14,0,0,0,,0.0,,,0.0,,,0.0,0.0,0,0,0,0.0,0,3.0,0,0.0%
12,13.0,2021-12-12,13.0,14.0,24.0,BUF,@,TAM,L 27-33,0,0,0,,0.0,,,0.0,,,0.0,0.0,0,1,0,0.0,1,2.0,0,0.0%
13,14.0,2021-12-19,14.0,15.0,24.007,BUF,,CAR,W 31-14,0,0,0,,0.0,,,0.0,,,0.0,0.0,0,0,0,0.0,0,2.0,1,33.3%
14,15.0,2021-12-26,15.0,16.0,24.014,BUF,@,NWE,W 33-21,0,0,0,,0.0,,,0.0,,,0.0,0.0,0,0,1,1.0,2,4.0,0,0.0%
15,16.0,2022-01-02,16.0,17.0,24.021,BUF,,ATL,W 29-15,0,0,0,,0.0,,,0.0,,,0.0,0.0,0,1,0,1.0,2,4.0,0,0.0%
16,17.0,2022-01-09,17.0,18.0,24.028,BUF,,NYJ,W 27-10,0,0,0,,0.0,,,0.0,,,0.0,0.0,0,0,1,1.5,3,4.0,0,0.0%
17,,17 Games,,,,,,,11-6-0,0,0,0,,,,,,,,,,0,4,9,4.0,18,41.0,2,4.7%
