,Rk,Date,G#,Week,Age,Tm,Unnamed: 6_level_1,Opp,Result,Int,Tgt,Cmp,Cmp%,Yds,Yds/Cmp,Yds/Tgt,TD,Rat,DADOT,Air,YAC,Bltz,Hrry,QBKD,Sk,Prss,Comb,MTkl,MTkl%,Year
0,1.0,2021-09-12,1.0,1.0,27.172,BUF,,PIT,L 16-23,0,0,0,,0.0,,,0.0,,,0.0,0.0,0,0,0,,0,,0,,2021
1,2.0,2021-09-19,2.0,2.0,27.179,BUF,@,MIA,W 35-0,0,0,0,,0.0,,,0.0,,,0.0,0.0,0,0,0,,0,,0,,2021
2,3.0,2021-09-26,3.0,3.0,27.186,BUF,,WAS,W 43-21,0,0,0,,0.0,,,0.0,,,0.0,0.0,0,0,0,,0,,0,,2021
3,4.0,2021-10-03,4.0,4.0,27.193,BUF,,HOU,W 40-0,0,0,0,,0.0,,,0.0,,,0.0,0.0,0,0,0,,0,,0,,2021
4,5.0,2021-10-10,5.0,5.0,27.2,BUF,@,KAN,W 38-20,0,0,0,,0.0,,,0.0,,,0.0,0.0,0,0,0,,0,,0,,2021
5,6.0,2021-10-18,6.0,6.0,27.208,BUF,@,TEN,L 31-34,0,0,0,,0.0,,,0.0,,,0.0,0.0,0,0,0,,0,,0,,2021
6,7.0,2021-10-31,7.0,8.0,27.221,BUF,,MIA,W 26-11,0,0,0,,0.0,,,0.0,,,0.0,0.0,0,0,0,,0,,0,,2021
7,8.0,2021-11-07,8.0,9.0,27.228,BUF,@,JAX,L 6-9,0,0,0,,0.0,,,0.0,,,0.0,0.0,0,0,0,,0,,0,,2021
8,9.0,2021-11-14,9.0,10.0,27.235,BUF,@,NYJ,W 45-17,0,0,0,,0.0,,,0.0,,,0.0,0.0,0,0,0,,0,,0,,2021
9,10.0,2021-11-21,10.0,11.0,27.242,BUF,,IND,L 15-41,0,0,0,,0.0,,,0.0,,,0.0,0.0,0,0,0,0.0,0,1.0,0,0.0%,2021
10,11.0,2021-11-25,11.0,12.0,27.246,BUF,@,NOR,W 31-6,0,0,0,,0.0,,,0.0,,,0.0,0.0,0,0,0,,0,,0,,2021
11,12.0,2021-12-06,12.0,13.0,27.257,BUF,,NWE,L 10-14,0,0,0,,0.0,,,0.0,,,0.0,0.0,0,0,0,,0,,0,,2021
12,13.0,2021-12-12,13.0,14.0,27.263,BUF,@,TAM,L 27-33,0,0,0,,0.0,,,0.0,,,0.0,0.0,0,0,0,,0,,0,,2021
13,14.0,2021-12-19,14.0,15.0,27.27,BUF,,CAR,W 31-14,0,0,0,,0.0,,,0.0,,,0.0,0.0,0,0,0,,0,,0,,2021
14,15.0,2021-12-26,15.0,16.0,27.277,BUF,@,NWE,W 33-21,0,0,0,,0.0,,,0.0,,,0.0,0.0,0,0,0,,0,,0,,2021
15,16.0,2022-01-02,16.0,17.0,27.284,BUF,,ATL,W 29-15,0,0,0,,0.0,,,0.0,,,0.0,0.0,0,0,0,,0,,0,,2021
16,17.0,2022-01-09,17.0,18.0,27.291,BUF,,NYJ,W 27-10,0,0,0,,0.0,,,0.0,,,0.0,0.0,0,0,0,,0,,0,,2021
17,,17 Games,,,,,,,11-6-0,0,0,0,,,,,,,,,,0,0,0,0.0,0,1.0,0,0.0%,2021
