,Rk,Date,G#,Week,Age,Tm,Unnamed: 6_level_1,Opp,Result,Int,Tgt,Cmp,Cmp%,Yds,Yds/Cmp,Yds/Tgt,TD,Rat,DADOT,Air,YAC,Bltz,Hrry,QBKD,Sk,Prss,Comb,MTkl,MTkl%,Year
0,1.0,2023-09-10,1.0,1.0,25.324,SEA,,LAR,L 13-30,0,2,2,100.0%,21,10.5,10.5,0,110.4,3.0,6,15,1,0,0,0.0,0,12,1,7.7%,2023
1,2.0,2023-09-17,2.0,2.0,25.331,SEA,@,DET,W 37-31,0,8,7,87.5%,32,4.6,4.0,0,83.3,3.8,23,9,1,1,0,0.0,1,11,1,8.3%,2023
2,3.0,2023-09-24,3.0,3.0,25.338,SEA,,CAR,W 37-27,0,3,3,100.0%,11,3.7,3.7,0,81.9,0.7,2,9,4,0,0,0.0,0,8,1,11.1%,2023
3,4.0,2023-10-02,4.0,4.0,25.346,SEA,@,NYG,W 24-3,0,4,2,50.0%,20,10.0,5.0,0,64.6,3.8,10,10,3,0,0,2.0,2,10,1,9.1%,2023
4,5.0,2023-10-15,5.0,6.0,25.359,SEA,@,CIN,L 13-17,0,3,3,100.0%,23,7.7,7.7,0,98.6,3.3,10,13,1,0,0,0.0,0,7,1,12.5%,2023
5,6.0,2023-10-22,6.0,7.0,26.001,SEA,,ARI,W 20-10,0,5,3,60.0%,33,11.0,6.6,0,79.6,6.4,14,19,0,0,0,0.5,1,9,0,0.0%,2023
6,7.0,2023-10-29,7.0,8.0,26.008,SEA,,CLE,W 24-20,0,2,2,100.0%,47,23.5,23.5,0,118.7,-1.5,-3,50,4,0,2,1.0,3,10,1,9.1%,2023
7,8.0,2023-11-05,8.0,9.0,26.015,SEA,@,BAL,L 3-37,0,5,4,80.0%,41,10.3,8.2,0,100.8,9.6,23,18,0,0,0,0.0,0,10,0,0.0%,2023
8,9.0,2023-11-12,9.0,10.0,26.022,SEA,,WAS,W 29-26,0,6,5,83.3%,24,4.8,4.0,0,83.3,-4.0,-17,41,1,0,0,0.0,0,3,1,25.0%,2023
9,10.0,2023-11-19,10.0,11.0,26.029,SEA,@,LAR,L 16-17,0,5,3,60.0%,43,14.3,8.6,0,87.9,1.6,-3,46,1,1,0,0.0,1,3,1,25.0%,2023
10,11.0,2023-11-23,11.0,12.0,26.033,SEA,,SFO,L 13-31,1,3,2,66.7%,19,9.5,6.3,0,44.4,6.0,10,9,1,0,0,0.0,0,12,1,7.7%,2023
11,12.0,2023-11-30,12.0,13.0,26.04,SEA,@,DAL,L 35-41,0,0,0,,0,,,0,,,0,0,2,0,0,1.0,1,1,0,0.0%,2023
12,13.0,2023-12-10,13.0,14.0,26.05,SEA,@,SFO,L 16-28,0,1,1,100.0%,5,5.0,5.0,0,87.5,5.0,5,0,0,0,0,0.0,0,6,0,0.0%,2023
13,14.0,2023-12-18,14.0,15.0,26.058,SEA,,PHI,W 20-17,0,2,1,50.0%,11,11.0,5.5,0,66.7,17.5,6,5,2,0,0,0.0,0,7,1,12.5%,2023
14,15.0,2023-12-24,15.0,16.0,26.064,SEA,@,TEN,W 20-17,0,0,0,,0,,,0,,,0,0,1,0,0,0.0,0,0,1,100.0%,2023
15,16.0,2024-01-07,17.0,18.0,26.078,SEA,@,ARI,W 21-20,0,3,2,66.7%,59,29.5,19.7,0,109.7,7.3,-5,64,0,0,0,0.0,0,2,1,33.3%,2023
16,,16 Games,,,,,,,9-7-0,1,52,40,76.9%,389,9.7,7.5,0,89.3,3.9,81,308,22,2,2,4.5,9,111,12,9.8%,2023
