,Rk,Date,G#,Week,Age,Tm,Unnamed: 6_level_1,Opp,Result,Int,Tgt,Cmp,Cmp%,Yds,Yds/Cmp,Yds/Tgt,TD,Rat,DADOT,Air,YAC,Bltz,Hrry,QBKD,Sk,Prss,Comb,MTkl,MTkl%
0,1.0,2023-09-10,1.0,1.0,25.175,SEA,,LAR,L 13-30,0,10,6,60.0%,106,17.7,10.6,0,96.2,11.2,77,29,0,0,0,0.0,0,9,1,10.0%
1,2.0,2023-09-17,2.0,2.0,25.182,SEA,@,DET,W 37-31,0,9,8,88.9%,109,13.6,12.1,1,154.2,9.0,75,34,0,0,0,0.0,0,13,3,18.8%
2,3.0,2023-09-24,3.0,3.0,25.189,SEA,,CAR,W 37-27,0,8,5,62.5%,77,15.4,9.6,1,133.9,12.6,54,23,1,0,1,0.0,1,5,1,16.7%
3,4.0,2023-10-02,4.0,4.0,25.197,SEA,@,NYG,W 24-3,0,4,4,100.0%,21,5.3,5.3,0,88.5,2.5,10,11,0,0,0,0.0,0,10,0,0.0%
4,5.0,2023-10-15,5.0,6.0,25.21,SEA,@,CIN,L 13-17,0,2,2,100.0%,22,11.0,11.0,0,112.5,1.5,3,19,0,0,0,0.0,0,4,0,0.0%
5,6.0,2023-10-22,6.0,7.0,25.217,SEA,,ARI,W 20-10,0,4,2,50.0%,12,6.0,3.0,0,56.2,4.3,10,2,0,0,0,0.0,0,6,1,14.3%
6,7.0,2023-10-29,7.0,8.0,25.224,SEA,,CLE,W 24-20,1,3,2,66.7%,31,15.5,10.3,0,61.1,6.3,18,13,0,0,0,0.0,0,3,0,0.0%
7,8.0,2023-11-05,8.0,9.0,25.231,SEA,@,BAL,L 3-37,0,2,2,100.0%,20,10.0,10.0,0,108.3,10.0,20,0,0,0,0,0.0,0,5,0,0.0%
8,9.0,2023-11-12,9.0,10.0,25.238,SEA,,WAS,W 29-26,0,2,2,100.0%,7,3.5,3.5,0,81.2,0.5,1,6,0,0,0,0.0,0,7,0,0.0%
9,10.0,2023-11-19,10.0,11.0,25.245,SEA,@,LAR,L 16-17,0,4,2,50.0%,26,13.0,6.5,0,70.8,4.8,12,14,1,1,0,0.0,1,7,0,0.0%
10,11.0,2023-11-23,11.0,12.0,25.249,SEA,,SFO,L 13-31,0,4,0,0.0%,0,,0.0,0,39.6,21.8,0,0,2,0,0,0.0,0,10,0,0.0%
11,12.0,2023-11-30,12.0,13.0,25.256,SEA,@,DAL,L 35-41,0,1,1,100.0%,12,12.0,12.0,0,116.7,7.0,7,5,0,0,0,0.0,0,4,0,0.0%
12,13.0,2023-12-10,13.0,14.0,25.266,SEA,@,SFO,L 16-28,1,5,3,60.0%,99,33.0,19.8,1,104.2,18.2,63,36,0,0,0,0.0,0,7,1,12.5%
13,,13 Games,,,,,,,6-7-0,2,58,39,67.2%,542,13.9,9.3,3,99.9,9.8,350,192,4,1,1,0.0,2,90,7,7.2%
