,Rk,Date,G#,Week,Age,Tm,Unnamed: 6_level_1,Opp,Result,Int,Tgt,Cmp,Cmp%,Yds,Yds/Cmp,Yds/Tgt,TD,Rat,DADOT,Air,YAC,Bltz,Hrry,QBKD,Sk,Prss,Comb,MTkl,MTkl%,Year
0,1.0,2020-09-13,1.0,1.0,30.302,CHI,@,DET,W 27-23,0,0,0,,0.0,,,0.0,,,0.0,0.0,0,0,0,1.0,1,5,0,0.0%,2020
1,2.0,2020-09-20,2.0,2.0,30.309,CHI,,NYG,W 17-13,0,0,0,,0.0,,,0.0,,,0.0,0.0,0,0,0,1.0,1,3,0,0.0%,2020
2,3.0,2020-09-27,3.0,3.0,30.316,CHI,@,ATL,W 30-26,0,0,0,,0.0,,,0.0,,,0.0,0.0,0,2,3,1.5,7,4,0,0.0%,2020
3,4.0,2020-10-04,4.0,4.0,30.323,CHI,,IND,L 11-19,0,0,0,,0.0,,,0.0,,,0.0,0.0,0,0,2,0.0,2,6,1,14.3%,2020
4,5.0,2020-10-08,5.0,5.0,30.327,CHI,,TAM,W 20-19,0,0,0,,0.0,,,0.0,,,0.0,0.0,0,0,0,0.0,0,3,0,0.0%,2020
5,6.0,2020-10-18,6.0,6.0,30.337,CHI,@,CAR,W 23-16,0,0,0,,0.0,,,0.0,,,0.0,0.0,0,3,1,0.0,4,2,0,0.0%,2020
6,7.0,2020-10-26,7.0,7.0,30.345,CHI,@,LAR,L 10-24,0,0,0,,0.0,,,0.0,,,0.0,0.0,0,1,1,0.0,2,3,1,25.0%,2020
7,8.0,2020-11-01,8.0,8.0,30.351,CHI,,NOR,L 23-26,0,0,0,,0.0,,,0.0,,,0.0,0.0,0,0,1,0.0,1,3,0,0.0%,2020
8,9.0,2020-11-08,9.0,9.0,30.358,CHI,@,TEN,L 17-24,0,0,0,,0.0,,,0.0,,,0.0,0.0,0,0,1,0.0,1,6,1,14.3%,2020
9,10.0,2020-11-16,10.0,10.0,31.0,CHI,,MIN,L 13-19,0,0,0,,0.0,,,0.0,,,0.0,0.0,0,1,1,0.0,2,4,0,0.0%,2020
10,11.0,2020-12-06,12.0,13.0,31.02,CHI,,DET,L 30-34,0,0,0,,0.0,,,0.0,,,0.0,0.0,0,0,0,0.0,0,2,0,0.0%,2020
11,12.0,2020-12-13,13.0,14.0,31.027,CHI,,HOU,W 36-7,0,0,0,,0.0,,,0.0,,,0.0,0.0,0,1,2,0.0,3,4,0,0.0%,2020
12,13.0,2020-12-20,14.0,15.0,31.034,CHI,@,MIN,W 33-27,0,0,0,,0.0,,,0.0,,,0.0,0.0,0,1,2,0.0,3,1,0,0.0%,2020
13,14.0,2020-12-27,15.0,16.0,31.041,CHI,@,JAX,W 41-17,0,0,0,,0.0,,,0.0,,,0.0,0.0,0,0,0,0.0,0,1,0,0.0%,2020
14,15.0,2021-01-03,16.0,17.0,31.048,CHI,,GNB,L 16-35,0,0,0,,0.0,,,0.0,,,0.0,0.0,0,0,2,0.0,2,2,0,0.0%,2020
15,,15 Games,,,,,,,8-7-0,0,0,0,,,,,,,,,,0,9,16,3.5,29,49,3,5.8%,2020
