,Rk,Date,G#,Week,Age,Tm,Unnamed: 6_level_1,Opp,Result,Int,Tgt,Cmp,Cmp%,Yds,Yds/Cmp,Yds/Tgt,TD,Rat,DADOT,Air,YAC,Bltz,Hrry,QBKD,Sk,Prss,Comb,MTkl,MTkl%
0,1.0,2020-09-13,1.0,1.0,29.345,CHI,@,DET,W 27-23,0,0,0,,0,,,0,,,0,0,1,0,1,0.0,1,4.0,0,0.0%
1,2.0,2020-09-20,2.0,2.0,29.352,CHI,,NYG,W 17-13,0,0,0,,0,,,0,,,0,0,7,0,0,1.0,1,2.0,0,0.0%
2,3.0,2020-09-27,3.0,3.0,29.359,CHI,@,ATL,W 30-26,0,1,0,0.0%,0,,0.0,0,39.6,-8.0,0,0,2,0,0,0.0,0,0.0,0,
3,4.0,2020-10-04,4.0,4.0,30.0,CHI,,IND,L 11-19,0,0,0,,0,,,0,,,0,0,1,0,0,0.0,0,2.0,0,0.0%
4,5.0,2020-10-08,5.0,5.0,30.004,CHI,,TAM,W 20-19,0,1,1,100.0%,1,1.0,1.0,0,79.2,0.0,0,1,0,0,0,0.0,0,2.0,0,0.0%
5,6.0,2020-10-18,6.0,6.0,30.014,CHI,@,CAR,W 23-16,0,0,0,,0,,,0,,,0,0,0,0,0,0.5,1,2.0,1,33.3%
6,7.0,2020-10-26,7.0,7.0,30.022,CHI,@,LAR,L 10-24,0,0,0,,0,,,0,,,0,0,4,0,0,0.0,0,5.0,0,0.0%
7,8.0,2020-11-01,8.0,8.0,30.028,CHI,,NOR,L 23-26,0,0,0,,0,,,0,,,0,0,4,0,0,0.0,0,6.0,1,14.3%
8,9.0,2020-11-08,9.0,9.0,30.035,CHI,@,TEN,L 17-24,0,0,0,,0,,,0,,,0,0,0,0,0,0.0,0,1.0,0,0.0%
9,10.0,2020-11-16,10.0,10.0,30.043,CHI,,MIN,L 13-19,0,1,1,100.0%,21,21.0,21.0,0,118.7,0.0,0,21,3,0,1,0.0,1,3.0,1,25.0%
10,11.0,2020-11-29,11.0,12.0,30.056,CHI,@,GNB,L 25-41,0,0,0,,0,,,0,,,0,0,2,0,0,0.0,0,1.0,0,0.0%
11,12.0,2020-12-06,12.0,13.0,30.063,CHI,,DET,L 30-34,0,1,0,0.0%,0,,0.0,0,39.6,4.0,0,0,0,0,0,1.0,1,2.0,0,0.0%
12,13.0,2020-12-13,13.0,14.0,30.07,CHI,,HOU,W 36-7,0,0,0,,0,,,0,,,0,0,1,0,0,0.0,0,2.0,0,0.0%
13,14.0,2020-12-20,14.0,15.0,30.077,CHI,@,MIN,W 33-27,0,0,0,,0,,,0,,,0,0,2,0,0,0.0,0,2.0,1,33.3%
14,15.0,2020-12-27,15.0,16.0,30.084,CHI,@,JAX,W 41-17,0,0,0,,0,,,0,,,0,0,0,0,0,,0,,0,
15,16.0,2021-01-03,16.0,17.0,30.091,CHI,,GNB,L 16-35,0,2,0,0.0%,0,,0.0,0,39.6,5.0,0,0,0,0,0,0.0,0,1.0,0,0.0%
16,,16 Games,,,,,,,8-8-0,0,6,2,33.3%,22,11.0,3.7,0,45.1,1.0,0,22,27,0,2,2.5,5,35.0,4,10.3%
