,Rk,Date,G#,Week,Age,Tm,Unnamed: 6_level_1,Opp,Result,Att,Yds,TD,1D,YBC,YBC/Att,YAC,YAC/Att,BrkTkl,Att/Br,Tgt,Rec,Yds,TD,1D,YBC,YBC/R,YAC,YAC/R,ADOT,BrkTkl,Rec/Br,Drop,Drop%,Int,Rat,Year
0,1.0,2020-09-13,1.0,1.0,29.18,CHI,@,DET,W 27-23,4,19,0,2.0,17,4.3,2,0.5,0,,1,1,12,0,1.0,3,3.0,9,9.0,3.0,1,1.0,0,0.0,0.0,116.7,2020
1,2.0,2020-09-20,2.0,2.0,29.187,CHI,,NYG,W 17-13,7,25,0,1.0,3,0.4,22,3.1,2,3.5,2,2,8,0,0.0,-5,-2.5,13,6.5,-2.5,0,,0,0.0,0.0,83.3,2020
2,3.0,2020-09-27,3.0,3.0,29.194,CHI,@,ATL,W 30-26,4,13,0,1.0,11,2.8,2,0.5,0,,0,0,0,0,0.0,0,,0,,,0,,0,0.0,,,2020
3,4.0,2020-10-04,4.0,4.0,29.201,CHI,,IND,L 11-19,3,5,0,,3,1.0,2,0.7,0,,2,1,0,0,,-5,-5.0,5,5.0,17.5,0,,0,0.0,0.0,56.2,2020
4,5.0,2020-10-08,5.0,5.0,29.205,CHI,,TAM,W 20-19,3,7,0,1.0,1,0.3,6,2.0,0,,3,3,38,0,2.0,14,4.7,24,8.0,4.7,0,,0,0.0,0.0,118.7,2020
5,6.0,2020-10-18,6.0,6.0,29.215,CHI,@,CAR,W 23-16,1,1,0,0.0,0,0.0,1,1.0,0,,1,1,8,0,1.0,6,6.0,2,2.0,6.0,0,,0,0.0,0.0,100.0,2020
6,7.0,2020-10-26,7.0,7.0,29.223,CHI,@,LAR,L 10-24,3,1,0,,-1,-0.3,2,0.7,0,,4,3,11,0,,0,0.0,11,3.7,2.5,0,,0,0.0,0.0,77.1,2020
7,8.0,2020-11-01,8.0,8.0,29.229,CHI,,NOR,L 23-26,1,4,0,,1,1.0,3,3.0,0,,2,2,1,0,,-10,-5.0,11,5.5,-5.0,0,,0,0.0,0.0,79.2,2020
8,9.0,2020-11-08,9.0,9.0,29.236,CHI,@,TEN,L 17-24,3,13,0,,8,2.7,5,1.7,0,,4,4,27,0,,7,1.8,20,5.0,1.8,0,,0,0.0,0.0,94.8,2020
9,10.0,2020-11-16,10.0,10.0,29.244,CHI,,MIN,L 13-19,12,30,0,1.0,18,1.5,12,1.0,2,6.0,2,2,19,0,2.0,10,5.0,9,4.5,5.0,0,,0,0.0,0.0,106.2,2020
10,11.0,2020-11-29,11.0,12.0,29.257,CHI,@,GNB,L 25-41,2,8,0,,4,2.0,4,2.0,0,,0,0,0,0,,0,,0,,,0,,0,0.0,,,2020
11,12.0,2020-12-06,12.0,13.0,29.264,CHI,,DET,L 30-34,10,59,1,5.0,45,4.5,14,1.4,0,,2,1,4,0,1.0,2,2.0,2,2.0,2.0,0,,1,50.0,0.0,56.2,2020
12,13.0,2020-12-13,13.0,14.0,29.271,CHI,,HOU,W 36-7,6,26,0,1.0,6,1.0,20,3.3,2,3.0,1,0,0,0,0.0,0,,0,,20.0,0,,0,0.0,0.0,39.6,2020
13,14.0,2020-12-20,14.0,15.0,29.278,CHI,@,MIN,W 33-27,1,3,0,,2,2.0,1,1.0,0,,1,1,4,0,,-4,-4.0,8,8.0,-4.0,0,,0,0.0,0.0,83.3,2020
14,15.0,2020-12-27,15.0,16.0,29.285,CHI,@,JAX,W 41-17,0,0,0,,0,,0,,0,,0,0,0,0,,0,,0,,,0,,0,0.0,,,2020
15,16.0,2021-01-03,16.0,17.0,29.292,CHI,,GNB,L 16-35,4,18,0,,18,4.5,0,0.0,0,,0,0,0,0,,0,,0,,,0,,0,0.0,,,2020
16,,16 Games,,,,,,,8-8-0,64,232,1,12.0,136,2.1,96,1.5,6,10.7,25,21,132,0,7.0,18,0.9,114,5.4,3.6,1,21.0,1,4.0,0.0,88.7,2020
