,Rk,Date,G#,Week,Age,Tm,Unnamed: 6_level_1,Opp,Result,Int,Tgt,Cmp,Cmp%,Yds,Yds/Cmp,Yds/Tgt,TD,Rat,DADOT,Air,YAC,Bltz,Hrry,QBKD,Sk,Prss,Comb,MTkl,MTkl%,Year
0,1.0,2020-09-13,1.0,1.0,27.078,CHI,@,DET,W 27-23,0,0,0,,0,,,0,,,0,0,0,0,0,0.0,0,2.0,0,0.0%,2020
1,2.0,2020-09-20,2.0,2.0,27.085,CHI,,NYG,W 17-13,0,2,2,100.0%,19,9.5,9.5,0,106.2,4.5,9,10,6,0,0,0.0,0,2.0,0,0.0%,2020
2,3.0,2020-09-27,3.0,3.0,27.092,CHI,@,ATL,W 30-26,0,1,1,100.0%,3,3.0,3.0,0,79.2,3.0,3,0,2,0,0,0.0,0,2.0,0,0.0%,2020
3,4.0,2020-10-04,4.0,4.0,27.099,CHI,,IND,L 11-19,0,0,0,,0,,,0,,,0,0,2,0,0,0.0,0,2.0,0,0.0%,2020
4,5.0,2020-10-08,5.0,5.0,27.103,CHI,,TAM,W 20-19,0,0,0,,0,,,0,,,0,0,0,0,0,1.0,1,2.0,0,0.0%,2020
5,6.0,2020-10-18,6.0,6.0,27.113,CHI,@,CAR,W 23-16,0,0,0,,0,,,0,,,0,0,0,0,0,0.5,1,3.0,0,0.0%,2020
6,7.0,2020-10-26,7.0,7.0,27.121,CHI,@,LAR,L 10-24,0,0,0,,0,,,0,,,0,0,0,0,0,0.0,0,2.0,0,0.0%,2020
7,8.0,2020-11-01,8.0,8.0,27.127,CHI,,NOR,L 23-26,0,1,0,0.0%,0,,0.0,0,39.6,-7.0,0,0,1,0,0,0.0,0,1.0,0,0.0%,2020
8,9.0,2020-11-08,9.0,9.0,27.134,CHI,@,TEN,L 17-24,0,0,0,,0,,,0,,,0,0,0,0,0,0.0,0,1.0,0,0.0%,2020
9,10.0,2020-11-16,10.0,10.0,27.142,CHI,,MIN,L 13-19,0,0,0,,0,,,0,,,0,0,0,0,0,0.0,0,2.0,0,0.0%,2020
10,11.0,2020-11-29,11.0,12.0,27.155,CHI,@,GNB,L 25-41,0,0,0,,0,,,0,,,0,0,2,0,0,0.0,0,0.0,0,,2020
11,12.0,2020-12-20,14.0,15.0,27.176,CHI,@,MIN,W 33-27,0,1,1,100.0%,3,3.0,3.0,0,79.2,2.0,2,1,2,0,0,0.0,0,1.0,0,0.0%,2020
12,13.0,2020-12-27,15.0,16.0,27.183,CHI,@,JAX,W 41-17,0,0,0,,0,,,0,,,0,0,0,1,0,0.0,1,2.0,0,0.0%,2020
13,14.0,2021-01-03,16.0,17.0,27.19,CHI,,GNB,L 16-35,0,0,0,,0,,,0,,,0,0,0,0,0,,0,,0,,2020
14,,14 Games,,,,,,,7-7-0,0,5,4,80.0%,25,6.3,5.0,0,87.5,1.4,14,11,15,1,0,1.5,3,22.0,0,0.0%,2020
