,Rk,Date,G#,Week,Age,Tm,Unnamed: 6_level_1,Opp,Result,Int,Tgt,Cmp,Cmp%,Yds,Yds/Cmp,Yds/Tgt,TD,Rat,DADOT,Air,YAC,Bltz,Hrry,QBKD,Sk,Prss,Comb,MTkl,MTkl%,Year
0,1.0,2020-09-13,1.0,1.0,22.277,CHI,@,DET,W 27-23,0,0,0,,0,,,0,,,0,0,0,0,0,,0,,0,,2020
1,2.0,2020-09-20,2.0,2.0,22.284,CHI,,NYG,W 17-13,0,0,0,,0,,,0,,,0,0,0,0,0,,0,,0,,2020
2,3.0,2020-09-27,3.0,3.0,22.291,CHI,@,ATL,W 30-26,0,0,0,,0,,,0,,,0,0,0,0,0,,0,,0,,2020
3,4.0,2020-10-04,4.0,4.0,22.298,CHI,,IND,L 11-19,0,0,0,,0,,,0,,,0,0,0,0,0,0.0,0,1.0,0,0.0%,2020
4,5.0,2020-10-08,5.0,5.0,22.302,CHI,,TAM,W 20-19,0,0,0,,0,,,0,,,0,0,0,0,0,,0,,0,,2020
5,6.0,2020-10-18,6.0,6.0,22.312,CHI,@,CAR,W 23-16,0,0,0,,0,,,0,,,0,0,0,0,0,,0,,0,,2020
6,7.0,2020-10-26,7.0,7.0,22.32,CHI,@,LAR,L 10-24,0,0,0,,0,,,0,,,0,0,0,0,0,0.0,0,1.0,0,0.0%,2020
7,8.0,2020-11-01,8.0,8.0,22.326,CHI,,NOR,L 23-26,0,0,0,,0,,,0,,,0,0,0,0,0,,0,,0,,2020
8,9.0,2020-11-08,9.0,9.0,22.333,CHI,@,TEN,L 17-24,0,0,0,,0,,,0,,,0,0,0,0,0,,0,,0,,2020
9,10.0,2020-11-16,10.0,10.0,22.341,CHI,,MIN,L 13-19,0,0,0,,0,,,0,,,0,0,0,0,0,,0,,0,,2020
10,11.0,2020-11-29,11.0,12.0,22.354,CHI,@,GNB,L 25-41,0,0,0,,0,,,0,,,0,0,0,0,0,,0,,0,,2020
11,12.0,2020-12-06,12.0,13.0,22.361,CHI,,DET,L 30-34,0,0,0,,0,,,0,,,0,0,0,0,0,,0,,0,,2020
12,13.0,2020-12-13,13.0,14.0,23.002,CHI,,HOU,W 36-7,0,1,1,100.0%,15,15.0,15.0,0,118.7,15.0,15,0,0,0,0,0.0,0,2.0,0,0.0%,2020
13,14.0,2020-12-20,14.0,15.0,23.009,CHI,@,MIN,W 33-27,0,5,4,80.0%,31,7.8,6.2,1,132.1,5.6,24,7,0,0,0,0.0,0,5.0,0,0.0%,2020
14,15.0,2020-12-27,15.0,16.0,23.016,CHI,@,JAX,W 41-17,0,6,4,66.7%,56,14.0,9.3,1,136.1,9.8,49,7,0,0,0,0.0,0,6.0,0,0.0%,2020
15,16.0,2021-01-03,16.0,17.0,23.023,CHI,,GNB,L 16-35,0,5,3,60.0%,25,8.3,5.0,0,72.9,8.8,8,17,0,0,0,0.0,0,2.0,0,0.0%,2020
16,,16 Games,,,,,,,8-8-0,0,17,12,70.6%,127,10.6,7.5,2,131.2,8.6,96,31,0,0,0,0.0,0,17.0,0,0.0%,2020
