,Rk,Date,G#,Week,Age,Tm,Unnamed: 6_level_1,Opp,Result,Int,Tgt,Cmp,Cmp%,Yds,Yds/Cmp,Yds/Tgt,TD,Rat,DADOT,Air,YAC,Bltz,Hrry,QBKD,Sk,Prss,Comb,MTkl,MTkl%,Year
0,1.0,2021-09-12,1.0,1.0,26.315,JAX,@,HOU,L 21-37,0,3,3,100.0%,20,6.7,6.7,1,134.0,2.3,7,13,3,1,0,0.0,1,3.0,0,0.0%,2021
1,2.0,2021-09-19,2.0,2.0,26.322,JAX,,DEN,L 13-23,0,1,1,100.0%,10,10.0,10.0,0,108.3,-3.0,-3,13,0,0,0,0.0,0,3.0,0,0.0%,2021
2,3.0,2021-09-26,3.0,3.0,26.329,JAX,,ARI,L 19-31,0,0,0,,0,,,0,,,0,0,0,0,0,0.0,0,3.0,0,0.0%,2021
3,4.0,2021-09-30,4.0,4.0,26.333,JAX,@,CIN,L 21-24,0,0,0,,0,,,0,,,0,0,0,0,0,0.0,0,1.0,0,0.0%,2021
4,5.0,2021-10-10,5.0,5.0,26.343,JAX,,TEN,L 19-37,0,0,0,,0,,,0,,,0,0,0,0,0,,0,,0,,2021
5,6.0,2021-10-17,6.0,6.0,26.35,JAX,,MIA,W 23-20,0,4,2,50.0%,10,5.0,2.5,0,56.2,5.5,10,0,1,0,0,0.0,0,3.0,0,0.0%,2021
6,7.0,2021-10-31,7.0,8.0,26.364,JAX,@,SEA,L 7-31,0,6,6,100.0%,32,5.3,5.3,0,88.9,4.3,26,6,1,0,0,0.0,0,5.0,0,0.0%,2021
7,8.0,2021-11-07,8.0,9.0,27.006,JAX,,BUF,W 9-6,1,12,7,58.3%,67,9.6,5.6,0,39.2,6.8,35,32,8,1,0,0.0,1,8.0,2,20.0%,2021
8,9.0,2021-11-14,9.0,10.0,27.013,JAX,@,IND,L 17-23,0,6,4,66.7%,28,7.0,4.7,0,77.1,0.5,3,25,5,1,0,0.0,1,4.0,0,0.0%,2021
9,10.0,2021-11-21,10.0,11.0,27.02,JAX,,SFO,L 10-30,0,1,1,100.0%,4,4.0,4.0,0,83.3,2.0,2,2,1,0,0,0.0,0,5.0,1,16.7%,2021
10,11.0,2021-11-28,11.0,12.0,27.027,JAX,,ATL,L 14-21,0,3,3,100.0%,33,11.0,11.0,0,112.5,2.7,8,25,6,0,1,0.0,1,5.0,0,0.0%,2021
11,12.0,2021-12-05,12.0,13.0,27.034,JAX,@,LAR,L 7-37,0,4,4,100.0%,58,14.5,14.5,0,118.7,7.0,28,30,6,0,0,0.5,1,6.0,0,0.0%,2021
12,13.0,2021-12-12,13.0,14.0,27.041,JAX,@,TEN,L 0-20,0,5,3,60.0%,32,10.7,6.4,0,78.7,1.4,1,31,5,0,0,0.0,0,3.0,0,0.0%,2021
13,14.0,2021-12-19,14.0,15.0,27.048,JAX,,HOU,L 16-30,0,6,6,100.0%,39,6.5,6.5,0,93.7,2.3,14,25,5,0,0,0.0,0,3.0,0,0.0%,2021
14,15.0,2021-12-26,15.0,16.0,27.055,JAX,@,NYJ,L 21-26,0,3,3,100.0%,34,11.3,11.3,0,113.9,6.7,20,14,2,0,0,0.0,0,1.0,0,0.0%,2021
15,,15 Games,,,,,,,2-13-0,1,54,43,79.6%,367,8.5,6.8,1,93.4,4.0,151,216,43,3,1,0.5,5,53.0,3,5.4%,2021
