,Rk,Date,G#,Week,Age,Tm,Unnamed: 6_level_1,Opp,Result,Int,Tgt,Cmp,Cmp%,Yds,Yds/Cmp,Yds/Tgt,TD,Rat,DADOT,Air,YAC,Bltz,Hrry,QBKD,Sk,Prss,Comb,MTkl,MTkl%,Year
0,1.0,2021-09-12,1.0,1.0,25.185,JAX,@,HOU,L 21-37,0,0,0,,0.0,,,0.0,,,0.0,0.0,0,0,1,0.0,1,2.0,0,0.0%,2021
1,2.0,2021-09-19,2.0,2.0,25.192,JAX,,DEN,L 13-23,0,0,0,,0.0,,,0.0,,,0.0,0.0,0,0,0,0.0,0,2.0,0,0.0%,2021
2,3.0,2021-09-26,3.0,3.0,25.199,JAX,,ARI,L 19-31,0,0,0,,0.0,,,0.0,,,0.0,0.0,0,0,0,0.0,0,2.0,1,33.3%,2021
3,4.0,2021-09-30,4.0,4.0,25.203,JAX,@,CIN,L 21-24,0,0,0,,0.0,,,0.0,,,0.0,0.0,0,0,0,,0,,0,,2021
4,5.0,2021-10-10,5.0,5.0,25.213,JAX,,TEN,L 19-37,0,0,0,,0.0,,,0.0,,,0.0,0.0,0,0,0,,0,,0,,2021
5,6.0,2021-10-31,7.0,8.0,25.234,JAX,@,SEA,L 7-31,0,0,0,,0.0,,,0.0,,,0.0,0.0,0,0,0,0.0,0,1.0,0,0.0%,2021
6,7.0,2021-11-07,8.0,9.0,25.241,JAX,,BUF,W 9-6,0,0,0,,0.0,,,0.0,,,0.0,0.0,0,2,0,2.0,4,2.0,1,33.3%,2021
7,8.0,2021-11-14,9.0,10.0,25.248,JAX,@,IND,L 17-23,0,0,0,,0.0,,,0.0,,,0.0,0.0,0,0,2,0.0,2,1.0,0,0.0%,2021
8,9.0,2021-11-21,10.0,11.0,25.255,JAX,,SFO,L 10-30,0,0,0,,0.0,,,0.0,,,0.0,0.0,0,0,0,0.0,0,0.0,0,,2021
9,10.0,2021-11-28,11.0,12.0,25.262,JAX,,ATL,L 14-21,0,0,0,,0.0,,,0.0,,,0.0,0.0,0,0,1,0.0,1,1.0,0,0.0%,2021
10,11.0,2021-12-05,12.0,13.0,25.269,JAX,@,LAR,L 7-37,0,0,0,,0.0,,,0.0,,,0.0,0.0,0,0,0,0.0,0,2.0,0,0.0%,2021
11,12.0,2021-12-12,13.0,14.0,25.276,JAX,@,TEN,L 0-20,0,0,0,,0.0,,,0.0,,,0.0,0.0,0,0,1,0.0,1,1.0,0,0.0%,2021
12,13.0,2021-12-19,14.0,15.0,25.283,JAX,,HOU,L 16-30,0,0,0,,0.0,,,0.0,,,0.0,0.0,0,0,1,0.0,1,0.0,0,,2021
13,14.0,2021-12-26,15.0,16.0,25.29,JAX,@,NYJ,L 21-26,0,0,0,,0.0,,,0.0,,,0.0,0.0,0,0,0,,0,,0,,2021
14,15.0,2022-01-02,16.0,17.0,25.297,JAX,@,NWE,L 10-50,0,0,0,,0.0,,,0.0,,,0.0,0.0,0,0,0,0.0,0,1.0,0,0.0%,2021
15,,15 Games,,,,,,,1-14-0,0,0,0,,,,,,,,,,0,2,6,2.0,10,15.0,2,11.8%,2021
