,Rk,Date,G#,Week,Age,Tm,Unnamed: 6_level_1,Opp,Result,Cmp,Att,Yds,1D,1D%,IAY,IAY/PA,CAY,CAY/Cmp,CAY/PA,YAC,YAC/Cmp,Drops,Drop%,BadTh,Bad%,Sk,Bltz,Hrry,Hits,Prss,Prss%,Scrm,Yds/Scr
0,1.0,2021-09-12,1.0,1.0,21.341,JAX,@,HOU,L 21-37,28,51,332,13,25.0,412,8.1,191,6.8,3.7,141,5.0,5,10.0%,13,26.0%,1,6,3,3,7,13.5%,0,
1,2.0,2021-09-19,2.0,2.0,21.348,JAX,,DEN,L 13-23,14,33,118,6,17.6,405,12.3,79,5.6,2.4,39,2.8,0,0.0%,13,40.6%,1,10,6,2,9,25.0%,2,10.5
2,3.0,2021-09-26,3.0,3.0,21.355,JAX,,ARI,L 19-31,22,34,219,10,27.0,286,8.4,135,6.1,4.0,84,3.8,1,3.0%,8,24.2%,3,9,4,4,11,28.2%,2,7.5
3,4.0,2021-09-30,4.0,4.0,21.359,JAX,@,CIN,L 21-24,17,24,204,8,32.0,216,9.0,131,7.7,5.5,73,4.3,0,0.0%,2,9.5%,1,4,4,0,5,17.9%,3,6.7
4,5.0,2021-10-10,5.0,5.0,22.004,JAX,,TEN,L 19-37,23,33,273,12,34.3,258,7.8,138,6.0,4.2,135,5.9,0,0.0%,3,9.1%,2,9,3,3,8,21.1%,3,4.3
5,6.0,2021-10-17,6.0,6.0,22.011,JAX,,MIA,W 23-20,25,41,319,16,37.2,306,7.5,188,7.5,4.6,131,5.2,2,4.9%,10,24.4%,2,15,1,5,8,18.2%,1,12.0
6,7.0,2021-10-31,7.0,8.0,22.025,JAX,@,SEA,L 7-31,32,54,238,17,30.9,274,5.1,84,2.6,1.6,154,4.8,2,3.8%,10,19.2%,1,19,8,6,15,26.3%,2,6.0
7,8.0,2021-11-07,8.0,9.0,22.032,JAX,,BUF,W 9-6,15,26,118,4,14.3,182,7.0,56,3.7,2.2,62,4.1,1,4.0%,6,24.0%,2,8,6,2,10,35.7%,0,
8,9.0,2021-11-14,9.0,10.0,22.039,JAX,@,IND,L 17-23,16,35,162,7,18.4,335,9.6,89,5.6,2.5,73,4.6,3,8.6%,13,37.1%,3,9,1,8,12,28.6%,4,8.0
9,10.0,2021-11-21,10.0,11.0,22.046,JAX,,SFO,L 10-30,16,25,158,8,28.6,179,7.2,66,4.1,2.6,92,5.8,2,8.3%,4,16.7%,3,5,3,3,9,30.0%,2,8.5
10,11.0,2021-11-28,11.0,12.0,22.053,JAX,,ATL,L 14-21,23,42,228,13,30.2,427,10.2,121,5.3,2.9,107,4.7,2,5.0%,12,30.0%,1,12,5,5,11,25.0%,1,10.0
11,12.0,2021-12-05,12.0,13.0,22.06,JAX,@,LAR,L 7-37,16,28,145,7,23.3,117,4.2,43,2.7,1.5,102,6.4,2,7.1%,6,21.4%,2,4,6,2,10,30.3%,3,4.0
12,13.0,2021-12-12,13.0,14.0,22.067,JAX,@,TEN,L 0-20,24,40,221,9,20.9,336,8.4,119,5.0,3.0,102,4.3,1,2.7%,4,10.8%,3,10,9,3,15,34.1%,1,2.0
13,14.0,2021-12-19,14.0,15.0,22.074,JAX,,HOU,L 16-30,22,38,210,12,29.3,262,6.9,112,5.1,2.9,98,4.5,5,13.9%,6,16.7%,3,5,2,1,6,14.3%,1,10.0
14,15.0,2021-12-26,15.0,16.0,22.081,JAX,@,NYJ,L 21-26,26,39,280,16,40.0,371,9.5,209,8.0,5.4,71,2.7,2,5.7%,3,8.6%,1,8,3,3,7,16.3%,3,11.7
15,16.0,2022-01-02,16.0,17.0,22.088,JAX,@,NWE,L 10-50,17,27,193,8,27.6,194,7.2,113,6.6,4.2,80,4.7,0,0.0%,4,14.8%,2,4,1,1,4,12.9%,2,8.0
16,17.0,2022-01-09,17.0,18.0,22.095,JAX,,IND,W 26-11,23,32,223,11,33.3,185,5.8,130,5.7,4.1,93,4.0,5,15.6%,3,9.4%,1,10,2,1,4,11.1%,3,4.7
17,,17 Games,,,,,,,3-14-0,359,602,3641,177,27.9,4745,7.9,2004,5.6,3.3,1637,4.6,33,5.7%,120,20.7%,32,147,67,52,151,22.6%,33,7.3
