,Rk,Date,G#,Week,Age,Tm,Unnamed: 6_level_1,Opp,Result,Int,Tgt,Cmp,Cmp%,Yds,Yds/Cmp,Yds/Tgt,TD,Rat,DADOT,Air,YAC,Bltz,Hrry,QBKD,Sk,Prss,Comb,MTkl,MTkl%
0,1.0,2022-09-12,1.0,1.0,34.155,DEN,@,SEA,L 16-17,0,2,2,100.0%,33,16.5,16.5,0,118.7,14.5,29,4,0,0,0,0.0,0,3,0,0.0%
1,2.0,2022-09-18,2.0,2.0,34.161,DEN,,HOU,W 16-9,0,3,1,33.3%,1,1.0,0.3,0,42.4,13.7,-3,4,0,0,0,0.0,0,6,0,0.0%
2,3.0,2022-09-25,3.0,3.0,34.168,DEN,,SFO,W 11-10,0,5,4,80.0%,56,14.0,11.2,0,113.3,10.4,41,15,0,0,0,0.0,0,6,2,25.0%
3,4.0,2022-10-02,4.0,4.0,34.175,DEN,@,LVR,L 23-32,0,5,2,40.0%,22,11.0,4.4,0,53.7,10.8,8,14,0,0,0,0.0,0,7,0,0.0%
4,5.0,2022-10-06,5.0,5.0,34.179,DEN,,IND,L 9-12,0,3,1,33.3%,21,21.0,7.0,0,59.0,5.7,3,18,0,0,0,0.0,0,7,0,0.0%
5,6.0,2022-10-17,6.0,6.0,34.19,DEN,@,LAC,L 16-19,0,3,2,66.7%,27,13.5,9.0,0,95.1,6.7,14,13,0,0,0,0.0,0,8,2,20.0%
6,7.0,2022-10-23,7.0,7.0,34.196,DEN,,NYJ,L 9-16,0,5,1,20.0%,8,8.0,1.6,0,39.6,11.6,7,1,0,0,0,0.0,0,2,0,0.0%
7,8.0,2022-10-30,8.0,8.0,34.203,DEN,@,JAX,W 21-17,0,1,1,100.0%,22,22.0,22.0,1,158.3,22.0,22,0,0,0,0,0.0,0,8,2,20.0%
8,9.0,2022-11-13,9.0,10.0,34.217,DEN,@,TEN,L 10-17,0,8,6,75.0%,150,25.0,18.8,2,156.2,12.4,74,76,0,0,0,0.0,0,5,2,28.6%
9,10.0,2022-11-20,10.0,11.0,34.224,DEN,,LVR,L 16-22,0,4,1,25.0%,0,0.0,0.0,0,39.6,6.3,0,0,1,0,0,0.0,0,2,0,0.0%
10,11.0,2022-11-27,11.0,12.0,34.231,DEN,@,CAR,L 10-23,0,1,0,0.0%,0,,0.0,0,39.6,0.0,0,0,0,0,0,0.0,0,5,0,0.0%
11,12.0,2022-12-04,12.0,13.0,34.238,DEN,@,BAL,L 9-10,0,5,4,80.0%,44,11.0,8.8,0,103.3,9.0,33,11,0,0,0,0.0,0,6,1,14.3%
12,13.0,2022-12-11,13.0,14.0,34.245,DEN,,KAN,L 28-34,0,5,3,60.0%,43,14.3,8.6,0,87.9,6.0,12,31,1,0,0,0.0,0,10,2,16.7%
13,14.0,2022-12-18,14.0,15.0,34.252,DEN,,ARI,W 24-15,0,2,1,50.0%,8,8.0,4.0,0,60.4,14.0,1,7,0,0,0,0.0,0,5,1,16.7%
14,15.0,2022-12-25,15.0,16.0,34.259,DEN,@,LAR,L 14-51,0,1,1,100.0%,19,19.0,19.0,0,118.7,14.0,14,5,0,0,0,0.0,0,3,3,50.0%
15,16.0,2023-01-01,16.0,17.0,34.266,DEN,@,KAN,L 24-27,0,3,2,66.7%,10,5.0,3.3,0,71.5,3.7,3,7,0,0,0,0.0,0,7,1,12.5%
16,17.0,2023-01-08,17.0,18.0,34.273,DEN,,LAC,W 31-28,0,3,2,66.7%,6,3.0,2.0,0,70.1,-1.0,-6,12,0,0,0,0.0,0,4,0,0.0%
17,,17 Games,,,,,,,5-12-0,0,59,34,57.6%,470,13.8,8.0,3,100.2,9.2,252,218,2,0,0,0.0,0,94,16,14.5%
