,Rk,Date,G#,Week,Age,Tm,Unnamed: 6_level_1,Opp,Result,Int,Tgt,Cmp,Cmp%,Yds,Yds/Cmp,Yds/Tgt,TD,Rat,DADOT,Air,YAC,Bltz,Hrry,QBKD,Sk,Prss,Comb,MTkl,MTkl%
0,1.0,2021-09-12,1.0,1.0,28.31,CAR,,NYJ,W 19-14,0,0,0,,0.0,,,0.0,,,0.0,0.0,0,0,0,0.0,0,0,0,
1,2.0,2021-09-19,2.0,2.0,28.317,CAR,,NOR,W 26-7,0,0,0,,0.0,,,0.0,,,0.0,0.0,0,0,0,0.0,0,0,0,
2,3.0,2021-09-23,3.0,3.0,28.321,CAR,@,HOU,W 24-9,0,0,0,,0.0,,,0.0,,,0.0,0.0,0,0,0,0.0,0,0,0,
3,4.0,2021-10-03,4.0,4.0,28.331,CAR,@,DAL,L 28-36,0,0,0,,0.0,,,0.0,,,0.0,0.0,0,0,0,0.0,0,0,0,
4,5.0,2021-10-10,5.0,5.0,28.338,CAR,,PHI,L 18-21,0,0,0,,0.0,,,0.0,,,0.0,0.0,0,0,0,0.0,0,0,0,
5,6.0,2021-10-17,6.0,6.0,28.345,CAR,,MIN,L 28-34,0,0,0,,0.0,,,0.0,,,0.0,0.0,0,0,0,0.0,0,0,0,
6,7.0,2021-10-24,7.0,7.0,28.352,CAR,@,NYG,L 3-25,0,0,0,,0.0,,,0.0,,,0.0,0.0,0,0,0,0.0,0,0,0,
7,8.0,2021-10-31,8.0,8.0,28.359,CAR,@,ATL,W 19-13,0,0,0,,0.0,,,0.0,,,0.0,0.0,0,0,0,0.0,0,0,0,
8,9.0,2021-11-07,9.0,9.0,29.001,CAR,,NWE,L 6-24,0,0,0,,0.0,,,0.0,,,0.0,0.0,0,0,0,0.0,0,0,0,
9,10.0,2021-11-14,10.0,10.0,29.008,CAR,@,ARI,W 34-10,0,0,0,,0.0,,,0.0,,,0.0,0.0,0,0,0,0.0,0,0,0,
10,11.0,2021-11-21,11.0,11.0,29.015,CAR,,WAS,L 21-27,0,0,0,,0.0,,,0.0,,,0.0,0.0,0,0,0,0.0,0,0,0,
11,12.0,2021-11-28,12.0,12.0,29.022,CAR,@,MIA,L 10-33,0,0,0,,0.0,,,0.0,,,0.0,0.0,0,0,0,0.0,0,0,0,
12,13.0,2021-12-12,13.0,14.0,29.036,CAR,,ATL,L 21-29,0,0,0,,0.0,,,0.0,,,0.0,0.0,0,0,0,0.0,0,0,0,
13,14.0,2021-12-19,14.0,15.0,29.043,CAR,@,BUF,L 14-31,0,0,0,,0.0,,,0.0,,,0.0,0.0,0,0,0,0.0,0,1,0,0.0%
14,15.0,2021-12-26,15.0,16.0,29.05,CAR,,TAM,L 6-32,0,0,0,,0.0,,,0.0,,,0.0,0.0,0,0,0,0.0,0,0,0,
15,16.0,2022-01-02,16.0,17.0,29.057,CAR,@,NOR,L 10-18,0,0,0,,0.0,,,0.0,,,0.0,0.0,0,0,0,0.0,0,0,0,
16,17.0,2022-01-09,17.0,18.0,29.064,CAR,@,TAM,L 17-41,0,0,0,,0.0,,,0.0,,,0.0,0.0,0,0,0,0.0,0,0,0,
17,,17 Games,,,,,,,5-12-0,0,0,0,,,,,,,,,,0,0,0,0.0,0,1,0,0.0%
