,Rk,Date,G#,Week,Age,Tm,Unnamed: 6_level_1,Opp,Result,Int,Tgt,Cmp,Cmp%,Yds,Yds/Cmp,Yds/Tgt,TD,Rat,DADOT,Air,YAC,Bltz,Hrry,QBKD,Sk,Prss,Comb,MTkl,MTkl%
0,1.0,2021-09-12,1.0,1.0,27.144,CAR,,NYJ,W 19-14,1,8,5,62.5%,49,9.8,6.1,0,40.1,7.8,20,29,4,0,0,1.0,1,10,0,0.0%
1,2.0,2021-09-19,2.0,2.0,27.151,CAR,,NOR,W 26-7,0,3,0,0.0%,0,,0.0,0,39.6,1.0,0,0,1,0,1,0.0,1,4,1,20.0%
2,3.0,2021-09-23,3.0,3.0,27.155,CAR,@,HOU,W 24-9,0,3,3,100.0%,16,5.3,5.3,0,88.9,2.3,7,9,7,0,2,0.0,2,6,0,0.0%
3,4.0,2021-10-03,4.0,4.0,27.165,CAR,@,DAL,L 28-36,0,3,3,100.0%,22,7.3,7.3,0,97.2,2.3,7,15,2,0,0,0.0,0,5,4,44.4%
4,5.0,2021-10-31,8.0,8.0,27.193,CAR,@,ATL,W 19-13,1,6,5,83.3%,13,2.6,2.2,0,39.6,-2.5,-10,23,1,0,0,0.0,0,10,0,0.0%
5,6.0,2021-11-07,9.0,9.0,27.2,CAR,,NWE,L 6-24,0,3,3,100.0%,35,11.7,11.7,0,115.3,9.0,27,8,1,0,0,0.0,0,10,3,23.1%
6,7.0,2021-11-14,10.0,10.0,27.207,CAR,@,ARI,W 34-10,0,4,2,50.0%,7,3.5,1.8,0,56.2,0.8,-3,10,4,0,1,1.0,2,7,2,22.2%
7,8.0,2021-11-21,11.0,11.0,27.214,CAR,,WAS,L 21-27,0,3,2,66.7%,28,14.0,9.3,0,96.5,4.7,13,15,2,0,0,0.0,0,4,1,20.0%
8,9.0,2021-11-28,12.0,12.0,27.221,CAR,@,MIA,L 10-33,0,5,5,100.0%,26,5.2,5.2,0,88.3,1.2,6,20,3,0,0,0.0,0,13,2,13.3%
9,10.0,2021-12-12,13.0,14.0,27.235,CAR,,ATL,L 21-29,0,4,2,50.0%,19,9.5,4.8,0,63.5,6.3,17,2,4,0,0,0.0,0,11,0,0.0%
10,11.0,2021-12-19,14.0,15.0,27.242,CAR,@,BUF,L 14-31,0,3,2,66.7%,17,8.5,5.7,0,81.2,0.3,7,10,5,0,0,0.0,0,3,1,25.0%
11,12.0,2021-12-26,15.0,16.0,27.249,CAR,,TAM,L 6-32,0,4,2,50.0%,26,13.0,6.5,0,70.8,2.0,8,18,6,0,0,0.0,0,8,0,0.0%
12,13.0,2022-01-02,16.0,17.0,27.256,CAR,@,NOR,L 10-18,0,3,2,66.7%,20,10.0,6.7,0,85.4,5.0,10,10,1,0,0,0.0,0,7,0,0.0%
13,14.0,2022-01-09,17.0,18.0,27.263,CAR,@,TAM,L 17-41,0,4,3,75.0%,28,9.3,7.0,0,93.7,9.5,18,10,4,0,0,0.0,0,6,0,0.0%
14,,14 Games,,,,,,,5-9-0,2,56,39,69.6%,306,7.8,5.5,0,68.0,3.6,127,179,45,0,4,2.0,6,104,14,11.9%
