,Rk,Date,G#,Week,Age,Tm,Unnamed: 6_level_1,Opp,Result,Int,Tgt,Cmp,Cmp%,Yds,Yds/Cmp,Yds/Tgt,TD,Rat,DADOT,Air,YAC,Bltz,Hrry,QBKD,Sk,Prss,Comb,MTkl,MTkl%,Year
0,1.0,2019-09-08,1.0,1.0,33.112,BAL,@,MIA,W 59-10,0,2,0,0.0%,0,,0.0,0,39.6,19.5,0,0,0,0,0,0.0,0,0,1,100.0%,2019
1,2.0,2019-09-15,2.0,2.0,33.119,BAL,,ARI,W 23-17,0,11,5,45.5%,48,9.6,4.4,0,58.1,7.5,28,20,3,0,0,1.0,1,7,0,0.0%,2019
2,3.0,2019-09-22,3.0,3.0,33.126,BAL,@,KAN,L 28-33,0,6,4,66.7%,55,13.8,9.2,1,135.4,14.8,52,3,1,0,1,0.0,1,4,0,0.0%,2019
3,4.0,2019-09-29,4.0,4.0,33.133,BAL,,CLE,L 25-40,0,3,2,66.7%,23,11.5,7.7,0,89.6,6.3,11,12,2,0,0,0.0,0,2,2,50.0%,2019
4,5.0,2019-10-06,5.0,5.0,33.14,BAL,@,PIT,W 26-23,0,3,1,33.3%,2,2.0,0.7,0,42.4,7.3,2,0,3,0,0,0.0,0,1,0,0.0%,2019
5,6.0,2019-10-13,6.0,6.0,33.147,BAL,,CIN,W 23-17,0,6,3,50.0%,43,14.3,7.2,0,73.6,11.2,23,20,0,0,0,0.0,0,3,1,25.0%,2019
6,7.0,2019-10-20,7.0,7.0,33.154,BAL,@,SEA,W 30-16,0,9,4,44.4%,30,7.5,3.3,0,53.0,10.3,17,13,0,0,0,0.0,0,6,2,25.0%,2019
7,8.0,2019-11-03,8.0,9.0,33.168,BAL,,NWE,W 37-20,0,3,3,100.0%,8,2.7,2.7,1,118.7,-0.3,-1,9,0,0,0,0.0,0,5,1,16.7%,2019
8,9.0,2019-11-10,9.0,10.0,33.175,BAL,@,CIN,W 49-13,0,4,2,50.0%,20,10.0,5.0,1,104.2,8.8,19,1,2,1,0,0.0,1,3,0,0.0%,2019
9,10.0,2019-11-17,10.0,11.0,33.182,BAL,,HOU,W 41-7,0,3,1,33.3%,6,6.0,2.0,0,42.4,3.3,5,1,0,0,1,0.0,1,3,1,25.0%,2019
10,11.0,2019-11-25,11.0,12.0,33.19,BAL,@,LAR,W 45-6,0,6,4,66.7%,47,11.8,7.8,0,90.3,14.8,46,1,4,0,1,0.0,1,4,0,0.0%,2019
11,12.0,2019-12-01,12.0,13.0,33.196,BAL,,SFO,W 20-17,0,1,1,100.0%,33,33.0,33.0,1,158.3,29.0,29,4,1,0,0,0.0,0,3,0,0.0%,2019
12,13.0,2019-12-08,13.0,14.0,33.203,BAL,@,BUF,W 24-17,0,1,0,0.0%,0,,0.0,0,39.6,33.0,0,0,2,0,0,0.0,0,1,0,0.0%,2019
13,14.0,2019-12-12,14.0,15.0,33.207,BAL,,NYJ,W 42-21,0,3,3,100.0%,63,21.0,21.0,1,158.3,11.7,35,28,3,1,0,0.0,1,1,2,66.7%,2019
14,15.0,2019-12-22,15.0,16.0,33.217,BAL,@,CLE,W 31-15,0,2,1,50.0%,33,33.0,16.5,0,95.8,11.0,22,11,3,0,0,0.0,0,2,0,0.0%,2019
15,16.0,2019-12-29,16.0,17.0,33.224,BAL,,PIT,W 28-10,0,1,1,100.0%,-5,-5.0,-5.0,0,79.2,-6.0,-6,1,6,0,1,1.0,2,4,1,20.0%,2019
16,,16 Games,,,,,,,14-2-0,0,64,35,54.7%,406,11.6,6.3,5,100.1,10.3,282,124,30,2,4,2.0,8,49,11,18.3%,2019
