,Rk,Date,G#,Week,Age,Tm,Unnamed: 6_level_1,Opp,Result,Int,Tgt,Cmp,Cmp%,Yds,Yds/Cmp,Yds/Tgt,TD,Rat,DADOT,Air,YAC,Bltz,Hrry,QBKD,Sk,Prss,Comb,MTkl,MTkl%,Year
0,1.0,2019-09-08,1.0,1.0,24.142,BAL,@,MIA,W 59-10,0,3,0,0.0%,0,,0.0,0,39.6,3.0,0,0,3,1,0,0.0,1,2,0,0.0%,2019
1,2.0,2019-09-15,2.0,2.0,24.149,BAL,,ARI,W 23-17,0,0,0,,0,,,0,,,0,0,0,0,0,0.0,0,1,0,0.0%,2019
2,3.0,2019-09-22,3.0,3.0,24.156,BAL,@,KAN,L 28-33,0,5,5,100.0%,33,6.6,6.6,0,94.2,3.0,15,18,1,0,0,0.0,0,6,0,0.0%,2019
3,4.0,2019-09-29,4.0,4.0,24.163,BAL,,CLE,L 25-40,0,1,1,100.0%,18,18.0,18.0,0,118.7,7.0,7,11,1,0,0,0.0,0,2,1,33.3%,2019
4,5.0,2019-10-06,5.0,5.0,24.17,BAL,@,PIT,W 26-23,0,1,1,100.0%,10,10.0,10.0,0,108.3,10.0,10,0,1,0,0,0.0,0,2,0,0.0%,2019
5,6.0,2019-10-13,6.0,6.0,24.177,BAL,,CIN,W 23-17,0,0,0,,0,,,0,,,0,0,11,0,0,0.0,0,3,0,0.0%,2019
6,7.0,2019-10-20,7.0,7.0,24.184,BAL,@,SEA,W 30-16,0,4,2,50.0%,11,5.5,2.8,0,56.2,15.8,12,-1,7,0,0,0.0,0,8,1,11.1%,2019
7,8.0,2019-11-03,8.0,9.0,24.198,BAL,,NWE,W 37-20,0,3,3,100.0%,18,6.0,6.0,0,91.7,3.0,9,9,12,0,0,0.0,0,5,0,0.0%,2019
8,9.0,2019-11-10,9.0,10.0,24.205,BAL,@,CIN,W 49-13,0,0,0,,0,,,0,,,0,0,8,1,0,0.0,1,7,3,30.0%,2019
9,10.0,2019-11-17,10.0,11.0,24.212,BAL,,HOU,W 41-7,0,4,2,50.0%,26,13.0,6.5,0,70.8,8.0,19,7,7,1,0,0.0,1,5,0,0.0%,2019
10,11.0,2019-11-25,11.0,12.0,24.22,BAL,@,LAR,W 45-6,0,2,2,100.0%,9,4.5,4.5,0,85.4,1.0,2,7,14,1,0,0.0,1,4,0,0.0%,2019
11,12.0,2019-12-01,12.0,13.0,24.226,BAL,,SFO,W 20-17,0,1,1,100.0%,7,7.0,7.0,0,95.8,6.0,6,1,6,0,0,1.0,1,7,0,0.0%,2019
12,13.0,2019-12-08,13.0,14.0,24.233,BAL,@,BUF,W 24-17,0,4,2,50.0%,40,20.0,10.0,0,85.4,8.3,25,15,13,1,1,0.0,2,7,1,12.5%,2019
13,14.0,2019-12-12,14.0,15.0,24.237,BAL,,NYJ,W 42-21,1,0,0,,0,,,0,,,0,0,4,0,0,0.0,0,2,1,33.3%,2019
14,15.0,2019-12-22,15.0,16.0,24.247,BAL,@,CLE,W 31-15,0,5,2,40.0%,14,7.0,2.8,1,87.5,1.2,-2,16,8,0,0,0.0,0,3,0,0.0%,2019
15,16.0,2019-12-29,16.0,17.0,24.254,BAL,,PIT,W 28-10,0,2,1,50.0%,7,7.0,3.5,0,58.3,2.0,3,4,1,0,0,0.0,0,9,0,0.0%,2019
16,,16 Games,,,,,,,14-2-0,1,35,22,62.9%,193,8.8,5.5,1,75.1,5.6,106,87,97,5,1,1.0,7,73,7,8.8%,2019
