,Rk,Date,G#,Week,Age,Tm,Unnamed: 6_level_1,Opp,Result,Tgt,Rec,Yds,TD,1D,YBC,YBC/R,YAC,YAC/R,ADOT,BrkTkl,Rec/Br,Drop,Drop%,Int,Rat,Att,Yds,TD,1D,YBC,YBC/Att,YAC,YAC/Att,BrkTkl,Att/Br,Year
0,1.0,2019-09-08,1.0,1.0,23.236,SFO,@,TAM,W 31-17,3,3,17,0,1.0,2,0.7,15,5.0,0.7,1,3.0,0,0.0,0,90.3,0,0,0,0.0,0,,0,,0,,2019
1,2.0,2019-09-15,2.0,2.0,23.243,SFO,@,CIN,W 41-17,7,5,86,1,3.0,5,1.0,81,16.2,4.6,0,,1,14.3,0,152.4,2,7,0,0.0,5,2.5,2,1.0,0,,2019
2,3.0,2019-09-22,3.0,3.0,23.25,SFO,,PIT,W 24-20,4,3,44,0,2.0,31,10.3,13,4.3,21.8,0,,1,25.0,0,110.4,0,0,0,0.0,0,,0,,0,,2019
3,4.0,2019-10-07,4.0,5.0,23.265,SFO,,CLE,W 31-3,3,1,3,0,,-5,-5.0,8,8.0,4.7,0,,0,0.0,0,42.4,0,0,0,,0,,0,,0,,2019
4,5.0,2019-10-13,5.0,6.0,23.271,SFO,@,LAR,W 20-7,5,3,18,0,1.0,6,2.0,12,4.0,3.4,0,,0,0.0,1,27.5,1,1,0,0.0,1,1.0,0,0.0,0,,2019
5,6.0,2019-10-27,7.0,8.0,23.285,SFO,,CAR,W 51-13,3,3,19,0,1.0,3,1.0,16,5.3,1.0,0,,0,0.0,0,93.1,2,29,1,1.0,29,14.5,0,0.0,0,,2019
6,7.0,2019-10-31,8.0,9.0,23.289,SFO,@,ARI,W 28-25,7,4,40,0,2.0,30,7.5,10,2.5,9.7,1,4.0,1,14.3,0,73.5,0,0,0,0.0,0,,0,,0,,2019
7,8.0,2019-11-11,9.0,10.0,23.3,SFO,,SEA,L 24-27,11,8,112,0,5.0,41,5.1,71,8.9,8.6,2,4.0,1,9.1,0,105.1,0,0,0,0.0,0,,0,,0,,2019
8,9.0,2019-11-17,10.0,11.0,23.306,SFO,,ARI,W 36-26,10,8,134,0,6.0,88,11.0,46,5.8,10.6,2,4.0,1,10.0,0,118.7,0,0,0,0.0,0,,0,,0,,2019
9,10.0,2019-11-24,11.0,12.0,23.313,SFO,,GNB,W 37-8,2,2,50,1,1.0,18,9.0,32,16.0,9.0,0,,0,0.0,0,158.3,0,0,0,0.0,0,,0,,0,,2019
10,11.0,2019-12-01,12.0,13.0,23.32,SFO,@,BAL,L 17-20,4,2,41,1,1.0,28,14.0,13,6.5,11.8,0,,1,25.0,0,126.0,1,20,0,1.0,14,14.0,6,6.0,0,,2019
11,12.0,2019-12-08,13.0,14.0,23.327,SFO,@,NOR,W 48-46,8,5,76,0,3.0,40,8.0,36,7.2,5.1,0,,2,25.0,0,93.7,2,33,0,1.0,26,13.0,7,3.5,0,,2019
12,13.0,2019-12-15,14.0,15.0,23.334,SFO,,ATL,L 22-29,3,1,29,0,1.0,-1,-1.0,30,30.0,7.7,0,,1,33.3,0,70.1,1,8,0,0.0,6,6.0,2,2.0,1,1.0,2019
13,14.0,2019-12-21,15.0,16.0,23.34,SFO,,LAR,W 34-31,6,4,31,0,1.0,3,0.8,28,7.0,2.3,0,,0,0.0,0,79.2,3,28,1,1.0,2,0.7,26,8.7,1,3.0,2019
14,15.0,2019-12-29,16.0,17.0,23.348,SFO,@,SEA,W 26-21,5,5,102,0,4.0,40,8.0,62,12.4,8.0,1,5.0,0,0.0,0,118.7,2,33,1,1.0,22,11.0,11,5.5,0,,2019
15,,15 Games,,,,,,,12-3-0,81,57,802,3,32.0,329,5.8,473,8.3,7.5,7,8.1,9,11.1,1,109.2,14,159,3,5.0,105,7.5,54,3.9,2,7.0,2019
