,Rk,Date,G#,Week,Age,Tm,Unnamed: 6_level_1,Opp,Result,Tgt,Rec,Yds,TD,1D,YBC,YBC/R,YAC,YAC/R,ADOT,BrkTkl,Rec/Br,Drop,Drop%,Int,Rat
0,1.0,2019-09-08,1.0,1.0,24.035,SFO,@,TAM,W 31-17,3,1,9,0,,6,6.0,3,3.0,13.0,0,,0,0.0,0.0,42.4
1,2.0,2019-09-15,2.0,2.0,24.042,SFO,@,CIN,W 41-17,2,1,4,0,,4,4.0,0,0.0,6.0,0,,0,0.0,0.0,56.2
2,3.0,2019-09-22,3.0,3.0,24.049,SFO,,PIT,W 24-20,2,1,22,0,1.0,12,12.0,10,10.0,8.0,0,,1,50.0,0.0,89.6
3,4.0,2019-10-07,4.0,5.0,24.064,SFO,,CLE,W 31-3,2,2,24,0,2.0,21,10.5,3,1.5,10.5,0,,0,0.0,0.0,116.7
4,5.0,2019-10-13,5.0,6.0,24.07,SFO,@,LAR,W 20-7,1,1,11,0,1.0,1,1.0,10,10.0,1.0,0,,0,0.0,0.0,112.5
5,6.0,2019-10-20,6.0,7.0,24.077,SFO,@,WAS,W 9-0,4,3,69,0,3.0,50,16.7,19,6.3,13.3,0,,0,0.0,0.0,116.7
6,7.0,2019-10-27,7.0,8.0,24.084,SFO,,CAR,W 51-13,1,1,12,0,1.0,10,10.0,2,2.0,10.0,0,,0,0.0,0.0,116.7
7,8.0,2019-10-31,8.0,9.0,24.088,SFO,@,ARI,W 28-25,1,1,7,1,1.0,7,7.0,0,0.0,7.0,0,,0,0.0,0.0,135.4
8,9.0,2019-11-11,9.0,10.0,24.099,SFO,,SEA,L 24-27,8,4,42,1,3.0,23,5.8,19,4.8,10.1,0,,2,25.0,1.0,65.6
9,10.0,2019-11-17,10.0,11.0,24.105,SFO,,ARI,W 36-26,6,4,31,1,2.0,29,7.3,2,0.5,8.0,0,,0,0.0,0.0,118.7
10,11.0,2019-11-24,11.0,12.0,24.112,SFO,,GNB,W 37-8,2,2,27,0,2.0,18,9.0,9,4.5,9.0,0,,0,0.0,0.0,118.7
11,12.0,2019-12-01,12.0,13.0,24.119,SFO,@,BAL,L 17-20,3,3,42,0,1.0,10,3.3,32,10.7,3.3,2,1.5,0,0.0,0.0,118.7
12,13.0,2019-12-08,13.0,14.0,24.126,SFO,@,NOR,W 48-46,4,3,18,2,3.0,17,5.7,1,0.3,5.5,0,,0,0.0,0.0,122.9
13,14.0,2019-12-15,14.0,15.0,24.133,SFO,,ATL,L 22-29,2,1,11,0,1.0,7,7.0,4,4.0,3.5,0,,0,0.0,0.0,66.7
14,15.0,2019-12-21,15.0,16.0,24.139,SFO,,LAR,W 34-31,3,2,29,0,2.0,21,10.5,8,4.0,7.0,0,,0,0.0,0.0,97.9
15,16.0,2019-12-29,16.0,17.0,24.147,SFO,@,SEA,W 26-21,0,0,0,0,,0,,0,,,0,,0,0.0,,
16,,16 Games,,,,,,,13-3-0,44,30,358,5,23.0,236,7.9,122,4.1,8.3,2,15.0,3,6.8,1.0,121.2
