,Rk,Date,G#,Week,Age,Tm,Unnamed: 6_level_1,Opp,Result,Att,Yds,TD,1D,YBC,YBC/Att,YAC,YAC/Att,BrkTkl,Att/Br,Tgt,Rec,Yds,TD,1D,YBC,YBC/R,YAC,YAC/R,ADOT,BrkTkl,Rec/Br,Drop,Drop%,Int,Rat
0,1.0,2019-09-08,1.0,1.0,24.192,SFO,@,TAM,W 31-17,15.0,37.0,0.0,3.0,28.0,1.9,9.0,0.6,0.0,,1.0,0.0,0.0,0.0,0.0,0.0,,0.0,,3.0,0.0,,0.0,0.0,0.0,39.6
1,2.0,2019-09-15,2.0,2.0,24.199,SFO,@,CIN,W 41-17,12.0,121.0,0.0,4.0,62.0,5.2,59.0,4.9,0.0,,1.0,1.0,11.0,0.0,1.0,-3.0,-3.0,14.0,14.0,-3.0,0.0,,0.0,0.0,0.0,112.5
2,3.0,2019-09-22,3.0,3.0,24.206,SFO,,PIT,W 24-20,14.0,68.0,0.0,3.0,33.0,2.4,35.0,2.5,1.0,14.0,3.0,2.0,20.0,0.0,1.0,4.0,2.0,16.0,8.0,0.7,0.0,,1.0,33.3,1.0,45.8
3,4.0,2019-10-07,4.0,5.0,24.221,SFO,,CLE,W 31-3,11.0,114.0,1.0,2.0,100.0,9.1,14.0,1.3,0.0,,3.0,3.0,15.0,1.0,1.0,9.0,3.0,6.0,2.0,3.0,0.0,,0.0,0.0,0.0,127.1
4,5.0,2019-10-13,5.0,6.0,24.227,SFO,@,LAR,W 20-7,13.0,36.0,0.0,2.0,10.0,0.8,26.0,2.0,2.0,6.5,4.0,4.0,27.0,0.0,2.0,-3.0,-0.8,30.0,7.5,-0.8,1.0,4.0,0.0,0.0,0.0,94.8
5,6.0,2019-10-20,6.0,7.0,24.234,SFO,@,WAS,W 9-0,8.0,35.0,0.0,2.0,21.0,2.6,14.0,1.8,0.0,,1.0,1.0,1.0,0.0,0.0,-4.0,-4.0,5.0,5.0,-4.0,0.0,,0.0,0.0,0.0,79.2
6,7.0,2019-10-27,7.0,8.0,24.241,SFO,,CAR,W 51-13,11.0,35.0,0.0,2.0,21.0,1.9,14.0,1.3,0.0,,1.0,1.0,15.0,0.0,1.0,-3.0,-3.0,18.0,18.0,-3.0,0.0,,0.0,0.0,0.0,118.7
7,8.0,2019-10-31,8.0,9.0,24.245,SFO,@,ARI,W 28-25,15.0,78.0,0.0,2.0,64.0,4.3,14.0,0.9,0.0,,2.0,2.0,14.0,0.0,0.0,-2.0,-1.0,16.0,8.0,-1.0,0.0,,0.0,0.0,0.0,95.8
8,9.0,2019-11-11,9.0,10.0,24.256,SFO,,SEA,L 24-27,10.0,18.0,0.0,,6.0,0.6,12.0,1.2,2.0,5.0,2.0,2.0,7.0,0.0,,-1.0,-0.5,8.0,4.0,-0.5,0.0,,0.0,0.0,0.0,81.2
9,10.0,2019-12-08,13.0,14.0,24.283,SFO,@,NOR,W 48-46,6.0,54.0,0.0,2.0,45.0,7.5,9.0,1.5,0.0,,1.0,1.0,4.0,0.0,0.0,3.0,3.0,1.0,1.0,3.0,0.0,,0.0,0.0,0.0,83.3
10,11.0,2019-12-15,14.0,15.0,24.29,SFO,,ATL,L 22-29,4.0,11.0,0.0,1.0,8.0,2.0,3.0,0.8,0.0,,2.0,2.0,6.0,0.0,0.0,-7.0,-3.5,13.0,6.5,-3.5,1.0,2.0,0.0,0.0,0.0,79.2
11,12.0,2019-12-21,15.0,16.0,24.296,SFO,,LAR,W 34-31,,,,,,,,,,,,,,,,,,,,,,,,0.0,,
12,13.0,2019-12-29,16.0,17.0,24.304,SFO,@,SEA,W 26-21,4.0,16.0,0.0,,4.0,1.0,12.0,3.0,3.0,1.3,1.0,0.0,0.0,0.0,,0.0,,0.0,,-6.0,0.0,,0.0,0.0,0.0,39.6
13,,13 Games,,,,,,,11-2-0,123.0,623.0,1.0,23.0,402.0,3.3,221.0,1.8,8.0,15.4,22.0,19.0,120.0,1.0,6.0,-7.0,-0.4,127.0,6.7,-0.5,2.0,9.5,1.0,4.5,1.0,85.6
