,Rk,Date,G#,Week,Age,Tm,Unnamed: 6_level_1,Opp,Result,Int,Tgt,Cmp,Cmp%,Yds,Yds/Cmp,Yds/Tgt,TD,Rat,DADOT,Air,YAC,Bltz,Hrry,QBKD,Sk,Prss,Comb,MTkl,MTkl%
0,1.0,2019-09-08,1.0,1.0,31.162,SFO,@,TAM,W 31-17,1,6,3,50.0%,27,9.0,4.5,1,62.5,11.7,26,1,0,0,0,0.0,0,5.0,1,16.7%
1,2.0,2019-09-15,2.0,2.0,31.169,SFO,@,CIN,W 41-17,0,6,6,100.0%,30,5.0,5.0,0,87.5,1.5,9,21,0,0,0,0.0,0,4.0,1,20.0%
2,3.0,2019-09-22,3.0,3.0,31.176,SFO,,PIT,W 24-20,0,7,3,42.9%,21,7.0,3.0,0,50.3,3.1,-2,23,0,0,0,0.0,0,2.0,1,33.3%
3,4.0,2019-10-07,4.0,5.0,31.191,SFO,,CLE,W 31-3,1,9,4,44.4%,75,18.8,8.3,0,34.3,16.4,68,7,0,0,0,0.0,0,4.0,0,0.0%
4,5.0,2019-10-13,5.0,6.0,31.197,SFO,@,LAR,W 20-7,0,5,3,60.0%,25,8.3,5.0,0,72.9,10.4,13,12,0,0,0,0.0,0,4.0,1,20.0%
5,6.0,2019-10-20,6.0,7.0,31.204,SFO,@,WAS,W 9-0,0,0,0,,0,,,0,,,0,0,0,0,0,,0,,0,
6,7.0,2019-10-27,7.0,8.0,31.211,SFO,,CAR,W 51-13,1,7,5,71.4%,39,7.8,5.6,0,45.2,9.1,30,9,0,0,0,0.0,0,5.0,0,0.0%
7,8.0,2019-10-31,8.0,9.0,31.215,SFO,@,ARI,W 28-25,0,3,1,33.3%,3,3.0,1.0,0,42.4,3.0,-2,5,0,0,0,0.0,0,5.0,2,28.6%
8,9.0,2019-11-11,9.0,10.0,31.226,SFO,,SEA,L 24-27,0,4,3,75.0%,32,10.7,8.0,0,97.9,6.3,20,12,0,1,0,0.0,1,6.0,0,0.0%
9,10.0,2019-11-17,10.0,11.0,31.232,SFO,,ARI,W 36-26,0,4,3,75.0%,20,6.7,5.0,0,85.4,5.0,17,3,0,0,0,0.0,0,3.0,0,0.0%
10,11.0,2019-11-24,11.0,12.0,31.239,SFO,,GNB,W 37-8,0,3,1,33.3%,7,7.0,2.3,0,42.4,9.3,1,6,0,0,0,0.0,0,1.0,0,0.0%
11,12.0,2019-12-01,12.0,13.0,31.246,SFO,@,BAL,L 17-20,0,3,2,66.7%,14,7.0,4.7,0,77.1,16.3,12,2,0,0,0,0.0,0,7.0,0,0.0%
12,13.0,2019-12-08,13.0,14.0,31.253,SFO,@,NOR,W 48-46,0,7,6,85.7%,51,8.5,7.3,0,97.0,9.1,46,5,1,0,0,0.0,0,7.0,1,12.5%
13,14.0,2019-12-21,15.0,16.0,31.266,SFO,,LAR,W 34-31,0,3,1,33.3%,19,19.0,6.3,0,56.2,18.3,18,1,0,0,0,0.0,0,4.0,0,0.0%
14,15.0,2019-12-29,16.0,17.0,31.274,SFO,@,SEA,W 26-21,0,1,1,100.0%,5,5.0,5.0,0,87.5,1.0,1,4,0,0,0,0.0,0,4.0,0,0.0%
15,,15 Games,,,,,,,13-2-0,3,68,42,61.8%,368,8.8,5.4,1,62.6,9.1,257,111,1,1,0,0.0,1,61.0,7,10.3%
