,Rk,Date,G#,Week,Age,Tm,Unnamed: 6_level_1,Opp,Result,Int,Tgt,Cmp,Cmp%,Yds,Yds/Cmp,Yds/Tgt,TD,Rat,DADOT,Air,YAC,Bltz,Hrry,QBKD,Sk,Prss,Comb,MTkl,MTkl%
0,1.0,2019-09-08,1.0,1.0,24.003,SFO,@,TAM,W 31-17,0,0,0,,0.0,,,0.0,,,0.0,0.0,0,0,0,0.0,0,0,0,
1,2.0,2019-09-15,2.0,2.0,24.01,SFO,@,CIN,W 41-17,0,0,0,,0.0,,,0.0,,,0.0,0.0,0,0,0,0.0,0,0,0,
2,3.0,2019-09-22,3.0,3.0,24.017,SFO,,PIT,W 24-20,0,0,0,,0.0,,,0.0,,,0.0,0.0,0,0,0,0.0,0,0,0,
3,4.0,2019-10-07,4.0,5.0,24.032,SFO,,CLE,W 31-3,0,0,0,,0.0,,,0.0,,,0.0,0.0,0,0,0,0.0,0,0,0,
4,5.0,2019-10-13,5.0,6.0,24.038,SFO,@,LAR,W 20-7,0,0,0,,0.0,,,0.0,,,0.0,0.0,0,0,0,0.0,0,0,0,
5,6.0,2019-10-20,6.0,7.0,24.045,SFO,@,WAS,W 9-0,0,0,0,,0.0,,,0.0,,,0.0,0.0,0,0,0,0.0,0,0,0,
6,7.0,2019-10-27,7.0,8.0,24.052,SFO,,CAR,W 51-13,0,0,0,,0.0,,,0.0,,,0.0,0.0,0,0,0,0.0,0,0,0,
7,8.0,2019-10-31,8.0,9.0,24.056,SFO,@,ARI,W 28-25,0,0,0,,0.0,,,0.0,,,0.0,0.0,0,0,0,0.0,0,0,0,
8,9.0,2019-11-11,9.0,10.0,24.067,SFO,,SEA,L 24-27,0,0,0,,0.0,,,0.0,,,0.0,0.0,0,0,0,0.0,0,0,0,
9,10.0,2019-11-17,10.0,11.0,24.073,SFO,,ARI,W 36-26,0,0,0,,0.0,,,0.0,,,0.0,0.0,0,0,0,0.0,0,0,0,
10,11.0,2019-11-24,11.0,12.0,24.08,SFO,,GNB,W 37-8,0,0,0,,0.0,,,0.0,,,0.0,0.0,0,0,0,0.0,0,1,0,0.0%
11,12.0,2019-12-01,12.0,13.0,24.087,SFO,@,BAL,L 17-20,0,0,0,,0.0,,,0.0,,,0.0,0.0,0,0,0,0.0,0,0,0,
12,13.0,2019-12-08,13.0,14.0,24.094,SFO,@,NOR,W 48-46,0,0,0,,0.0,,,0.0,,,0.0,0.0,0,0,0,0.0,0,1,0,0.0%
13,14.0,2019-12-15,14.0,15.0,24.101,SFO,,ATL,L 22-29,0,0,0,,0.0,,,0.0,,,0.0,0.0,0,0,0,0.0,0,0,0,
14,15.0,2019-12-21,15.0,16.0,24.107,SFO,,LAR,W 34-31,0,0,0,,0.0,,,0.0,,,0.0,0.0,0,0,0,0.0,0,0,0,
15,16.0,2019-12-29,16.0,17.0,24.115,SFO,@,SEA,W 26-21,0,0,0,,0.0,,,0.0,,,0.0,0.0,0,0,0,0.0,0,0,0,
16,,16 Games,,,,,,,13-3-0,0,0,0,,,,,,,,,,0,0,0,0.0,0,2,0,0.0%
