,Player,Team,Points Scored by Team,Total Yds and TO,Offensic Plays: Pass Attempts + Rush Attempts + Times Sacked,Yards per Offensive Play,Team Turnovers Lost,Fumbles Lost by Player or Team,1stD,Passes Completed,Passes Attempted,Yards Gained by Passing,Passing Touchdowns,Interceptions Thrown,Net Yards Gained per Pass Attempt,First Downs by Passing,Rushing Attempts,Rushing Yards,Rushin Touchdowns,Rushing Yards per Attempt,First Downs by Rushing,Penalties committed by Team and Accepted,Penalties in Yards Committed by Team,First Downs by Penalty,Number of Drives,% of Drives Ending in an Offensive Score,% of Drives Ending in an Offensive Turnover,Average Starting Field Position,Average Time per Drive,Average # of Plays per Drive,Net Yards per Drive,Average Points Scored per Drive
0,Team Stats,49ers,380,4974,993.0,5.0,10,5,282,277.0,451,2930,18,5,5.9,150.0,498,2044,14,4.1,101.0,113.0,1014.0,31.0,192.0,39.6,5.2,Own 33.5,2:41,5.44,25.9,1.85
1,Opp. Stats,49ers,229,4931,974.0,5.1,38,15,267,333.0,579,3695,20,23,6.0,190.0,353,1236,3,3.5,53.0,98.0,867.0,24.0,193.0,23.3,18.7,Own 24.3,2:20,5.2,25.5,1.18
2,Lg Rank Offense,49ers,11,26,,,1,1,23,,31,29,24,1,20.0,,3,8,12,19.0,,,,,,5.0,32.0,1,9,18.0,24.0,12.0
3,Lg Rank Defense,49ers,2,4,,,1,1,2,,23,16,8,2,9.0,,2,1,1,1.0,,,,,,32.0,2.0,1,2,5.0,5.0,1.0
4,Team Stats,Bears,353,5026,978.0,5.1,29,9,271,268.0,473,3011,18,20,5.8,153.0,456,2015,10,4.4,97.0,104.0,800.0,21.0,199.0,28.6,14.6,Own 27.0,2:27,5.08,25.2,1.44
5,Opp. Stats,Bears,341,5607,1048.0,5.4,31,11,291,383.0,631,4065,22,20,6.1,199.0,384,1542,10,4.0,75.0,98.0,720.0,17.0,203.0,30.5,14.3,Own 30.8,2:22,5.3,27.6,1.55
6,Lg Rank Offense,Bears,17,24,,,23,16,28,,27,26,24,25,23.0,,9,9,21,10.0,,,,,,24.0,10.0,23,22,32.0,26.0,24.0
7,Lg Rank Defense,Bears,14,17,,,5,7,9,,31,28,13,6,13.0,,6,5,6,10.0,,,,,,22.0,9.0,28,6,8.0,10.0,7.0
8,Team Stats,Bengals,344,5118,1015.0,5.0,22,8,285,308.0,535,3340,21,14,6.0,160.0,455,1778,10,3.9,93.0,99.0,874.0,32.0,197.0,32.5,9.6,Own 30.1,2:28,5.35,26.0,1.6
9,Opp. Stats,Bengals,323,5060,1009.0,5.0,22,12,284,319.0,539,3385,21,10,5.8,170.0,425,1675,14,3.9,94.0,101.0,878.0,20.0,200.0,28.5,11.0,Own 26.1,2:22,5.2,25.0,1.56
10,Lg Rank Offense,Bengals,18,20,,,9,10,22,,20,20,13,12,17.0,,10,19,21,27.0,,,,,,17.0,29.0,6,21,22.0,21.0,20.0
11,Lg Rank Defense,Bengals,9,7,,,22,4,7,,18,9,9,26,4.0,,14,10,20,8.0,,,,,,28.0,23.0,7,6,4.0,4.0,9.0
12,Team Stats,Broncos,309,5066,1017.0,5.0,30,17,286,217.0,429,2434,20,13,5.2,130.0,546,2632,11,4.8,129.0,101.0,843.0,27.0,204.0,24.5,14.2,Own 26.7,2:20,5.11,24.8,1.34
13,Opp. Stats,Broncos,390,5725,1063.0,5.4,18,9,315,333.0,534,3704,24,9,6.4,182.0,488,2021,11,4.1,101.0,99.0,845.0,32.0,206.0,33.0,7.8,Own 28.3,2:29,5.3,27.7,1.69
14,Lg Rank Offense,Broncos,25,23,,,25,32,20,,32,31,18,8,29.0,,1,1,19,6.0,,,,,,27.0,11.0,26,28,30.0,27.0,27.0
15,Lg Rank Defense,Broncos,24,20,,,28,19,19,,14,18,16,28,21.0,,27,22,15,13.0,,,,,,15.0,32.0,17,10,9.0,11.0,16.0
16,Team Stats,Browns,218,4621,1024.0,4.5,19,6,278,320.0,570,3090,16,13,5.1,173.0,415,1531,4,3.7,77.0,95.0,847.0,28.0,180.0,24.4,10.0,Own 27.1,2:36,5.85,25.6,1.18
17,Opp. Stats,Browns,307,5318,1035.0,5.1,20,11,301,265.0,469,2959,16,9,5.9,149.0,534,2359,12,4.4,124.0,90.0,726.0,28.0,174.0,33.3,11.5,Own 29.7,2:51,6.1,30.5,1.64
18,Lg Rank Offense,Browns,30,29,,,4,5,25,,11,24,27,8,30.0,,21,28,32,31.0,,,,,,28.0,28.0,22,12,6.0,25.0,29.0
19,Lg Rank Defense,Browns,5,10,,,25,7,13,,2,2,4,28,6.0,,31,30,18,21.0,,,,,,13.0,22.0,23,31,32.0,21.0,14.0
20,Team Stats,Buccaneers,287,5108,966.0,5.3,40,16,277,365.0,588,3650,17,24,5.9,180.0,346,1458,9,4.2,74.0,123.0,1007.0,23.0,181.0,28.7,20.4,Own 27.0,2:34,5.49,28.0,1.44
21,Opp. Stats,Buccaneers,494,6311,1002.0,6.3,24,10,356,301.0,481,3814,30,14,7.6,188.0,498,2497,26,5.0,135.0,95.0,786.0,33.0,184.0,42.9,13.0,Own 31.0,2:42,5.6,34.3,2.51
22,Lg Rank Offense,Buccaneers,27,21,,,32,30,26,,7,16,26,29,22.0,,32,30,23,16.0,,,,,,23.0,1.0,23,14,16.0,18.0,26.0
23,Lg Rank Defense,Buccaneers,32,30,,,17,14,29,,4,21,29,20,31.0,,28,32,32,31.0,,,,,,1.0,16.0,30,25,20.0,29.0,32.0
24,Team Stats,Buffalos,372,5624,992.0,5.7,30,5,313,356.0,578,3703,24,25,6.2,180.0,391,1921,12,4.9,100.0,86.0,743.0,33.0,189.0,31.2,15.9,Own 26.2,2:33,5.41,29.8,1.7
25,Opp. Stats,Buffalos,434,5938,1003.0,5.9,31,11,340,321.0,507,3714,30,20,6.9,196.0,467,2224,19,4.8,120.0,85.0,871.0,24.0,189.0,37.0,15.3,Own 29.5,2:31,5.4,31.4,2.15
26,Lg Rank Offense,Buffalos,14,14,,,25,1,14,,10,15,10,31,15.0,,27,13,16,5.0,,,,,,20.0,6.0,29,15,20.0,14.0,17.0
27,Lg Rank Defense,Buffalos,30,26,,,5,7,27,,8,19,29,6,26.0,,24,28,30,27.0,,,,,,6.0,5.0,21,15,12.0,24.0,29.0
28,Team Stats,Cardinals,312,5192,993.0,5.2,32,9,286,307.0,550,3567,21,23,5.9,175.0,389,1625,12,4.2,83.0,106.0,1004.0,28.0,199.0,26.1,15.6,Own 25.6,2:18,5.11,26.0,1.45
29,Opp. Stats,Cardinals,348,5682,1095.0,5.2,19,9,333,340.0,578,3696,17,10,6.0,174.0,475,1986,15,4.2,118.0,122.0,950.0,41.0,204.0,32.8,9.3,Own 31.0,2:33,5.6,27.7,1.61
30,Lg Rank Offense,Cardinals,24,19,,,28,16,20,,15,17,13,27,21.0,,28,24,16,17.0,,,,,,26.0,8.0,30,29,31.0,22.0,23.0
31,Lg Rank Defense,Cardinals,17,18,,,26,19,25,,22,17,5,26,10.0,,26,21,23,16.0,,,,,,16.0,26.0,30,17,19.0,12.0,13.0
32,Team Stats,Chargers,406,6290,1048.0,6.0,28,8,359,366.0,582,4426,27,20,7.2,234.0,436,1864,16,4.3,97.0,91.0,753.0,28.0,172.0,41.3,16.3,Own 27.9,3:01,6.3,36.6,2.24
33,Opp. Stats,Chargers,377,5546,958.0,5.8,21,4,311,299.0,478,3591,29,17,7.0,186.0,448,1955,8,4.4,102.0,92.0,760.0,23.0,170.0,36.5,12.4,Own 26.7,2:44,5.8,32.4,1.96
34,Lg Rank Offense,Chargers,5,6,,,20,10,3,,9,6,8,25,5.0,,18,16,7,14.0,,,,,,4.0,5.0,18,2,2.0,3.0,4.0
35,Lg Rank Defense,Chargers,22,16,,,23,30,17,,3,13,27,13,28.0,,20,20,3,20.0,,,,,,7.0,19.0,9,27,24.0,26.0,26.0
36,Team Stats,Chiefs,212,4973,1021.0,4.9,28,10,277,299.0,500,3080,13,18,5.8,163.0,487,1893,5,3.9,89.0,110.0,916.0,25.0,189.0,22.2,12.7,Own 24.6,2:30,5.56,26.3,1.05
37,Opp. Stats,Chiefs,338,5333,991.0,5.4,26,6,291,257.0,454,3221,23,20,6.7,169.0,508,2112,14,4.2,96.0,108.0,834.0,26.0,188.0,31.9,13.8,Own 31.5,2:39,5.4,28.4,1.74
38,Lg Rank Offense,Chiefs,31,27,,,20,21,26,,26,25,30,23,24.0,,5,15,30,28.0,,,,,,31.0,16.0,31,18,14.0,20.0,31.0
39,Lg Rank Defense,Chiefs,12,11,,,13,28,9,,1,6,15,6,24.0,,29,26,20,14.0,,,,,,20.0,11.0,32,23,11.0,14.0,18.0
40,Team Stats,Colts,243,4589,951.0,4.8,29,15,258,302.0,534,2995,14,14,5.3,170.0,382,1594,8,4.2,69.0,76.0,549.0,19.0,186.0,24.2,15.6,Own 23.5,2:15,5.26,24.6,1.2
41,Opp. Stats,Colts,430,5935,1062.0,5.6,17,9,343,351.0,493,3632,25,8,7.0,193.0,540,2303,19,4.3,136.0,84.0,804.0,14.0,186.0,39.2,9.1,Own 30.8,2:54,5.9,31.9,2.12
42,Lg Rank Offense,Colts,28,30,,,23,29,31,,21,27,29,12,28.0,,29,26,26,18.0,,,,,,29.0,7.0,32,32,27.0,28.0,28.0
43,Lg Rank Defense,Colts,28,25,,,30,19,28,,7,15,20,31,27.0,,32,29,30,17.0,,,,,,4.0,27.0,28,32,29.0,25.0,28.0
44,Team Stats,Commanders,288,5387,1032.0,5.2,35,11,312,346.0,591,3773,19,24,6.0,204.0,400,1614,8,4.0,79.0,91.0,897.0,29.0,188.0,30.9,18.6,Own 29.1,2:35,5.71,28.6,1.5
45,Opp. Stats,Commanders,367,5437,988.0,5.5,21,8,295,308.0,509,3553,22,13,6.5,180.0,438,1884,15,4.3,95.0,123.0,1006.0,20.0,190.0,37.4,10.5,Own 30.7,2:32,5.4,28.6,1.9
46,Lg Rank Offense,Commanders,26,16,,,30,22,15,,5,14,23,29,16.0,,25,25,26,22.0,,,,,,21.0,2.0,9,13,9.0,16.0,22.0
47,Lg Rank Defense,Commanders,21,13,,,23,24,12,,10,12,13,22,22.0,,18,18,23,18.0,,,,,,5.0,25.0,27,16,10.0,15.0,24.0
48,Team Stats,Cowboys,369,6008,1017.0,5.9,21,9,327,376.0,570,4201,33,12,6.9,219.0,408,1807,5,4.4,91.0,114.0,816.0,17.0,185.0,37.8,11.4,Own 29.0,2:43,5.7,32.4,1.96
49,Opp. Stats,Cowboys,347,5491,972.0,5.6,25,10,305,336.0,545,3906,24,15,6.7,199.0,385,1585,10,4.1,78.0,85.0,650.0,28.0,180.0,33.3,13.3,Own 25.9,2:38,5.6,30.4,1.76
50,Lg Rank Offense,Cowboys,15,11,,,7,16,12,,11,7,5,5,11.0,,24,18,30,9.0,,,,,,7.0,21.0,11,6,10.0,8.0,8.0
51,Lg Rank Defense,Cowboys,16,14,,,16,14,14,,20,23,16,17,23.0,,7,7,6,12.0,,,,,,13.0,14.0,6,21,18.0,20.0,19.0
52,Team Stats,Dolphins,329,5078,990.0,5.1,25,12,287,280.0,469,3091,20,13,5.9,166.0,469,1987,11,4.2,89.0,85.0,779.0,32.0,195.0,32.8,12.8,Own 29.5,2:31,5.28,25.9,1.62
53,Opp. Stats,Dolphins,313,5522,1043.0,5.3,19,3,310,350.0,590,3992,24,16,6.3,198.0,412,1530,8,3.7,88.0,112.0,975.0,24.0,195.0,29.7,8.7,Own 28.1,2:27,5.5,28.3,1.55
54,Lg Rank Offense,Dolphins,20,22,,,18,24,19,,28,23,18,8,18.0,,6,11,19,15.0,,,,,,15.0,15.0,7,17,25.0,23.0,19.0
55,Lg Rank Defense,Dolphins,6,15,,,26,32,15,,25,25,16,16,18.0,,11,3,3,3.0,,,,,,24.0,30.0,16,8,15.0,13.0,8.0
56,Team Stats,Eagles,396,6386,1036.0,6.2,38,13,356,330.0,554,4110,22,25,7.0,197.0,450,2276,20,5.1,134.0,107.0,853.0,25.0,190.0,34.7,17.9,Own 28.7,2:38,5.59,33.7,1.93
57,Opp. Stats,Eagles,328,5198,982.0,5.3,24,9,289,301.0,518,3397,27,15,6.0,173.0,414,1801,11,4.4,84.0,97.0,813.0,32.0,195.0,27.7,12.3,Own 28.6,2:21,5.2,26.6,1.61
58,Lg Rank Offense,Eagles,8,4,,,31,26,4,,13,9,11,31,7.0,,12,5,2,3.0,,,,,,12.0,3.0,14,10,13.0,7.0,10.0
59,Lg Rank Defense,Eagles,10,8,,,17,19,8,,12,10,24,17,11.0,,12,16,15,19.0,,,,,,29.0,20.0,18,4,2.0,8.0,12.0
60,Team Stats,Falcons,402,6026,1073.0,5.6,21,8,349,365.0,594,4192,29,13,6.8,215.0,453,1834,14,4.0,100.0,93.0,769.0,34.0,187.0,37.4,10.7,Own 28.5,2:46,5.89,32.2,2.04
61,Opp. Stats,Falcons,350,5338,965.0,5.5,29,10,292,340.0,560,3786,25,19,6.4,186.0,372,1552,10,4.2,87.0,101.0,843.0,19.0,180.0,32.2,15.0,Own 26.9,2:30,5.5,29.6,1.74
62,Lg Rank Offense,Falcons,7,10,,,7,10,6,,4,8,6,8,13.0,,11,17,12,21.0,,,,,,9.0,25.0,16,4,5.0,9.0,7.0
63,Lg Rank Defense,Falcons,18,12,,,10,14,11,,21,20,20,10,19.0,,3,6,6,15.0,,,,,,19.0,6.0,11,12,14.0,17.0,17.0
64,Team Stats,Giants,394,6161,1028.0,6.0,24,8,331,359.0,589,4734,29,16,7.7,216.0,411,1427,17,3.5,84.0,94.0,795.0,31.0,200.0,32.5,11.5,Own 26.4,2:22,5.26,30.7,1.9
65,Opp. Stats,Giants,400,6022,1072.0,5.6,31,11,338,361.0,589,4082,28,20,6.4,210.0,435,1940,15,4.5,103.0,110.0,933.0,25.0,196.0,34.7,14.8,Own 28.7,2:29,5.6,30.8,1.92
66,Lg Rank Offense,Giants,9,8,,,16,10,10,,6,5,6,19,4.0,,22,32,6,32.0,,,,,,16.0,20.0,27,26,26.0,13.0,11.0
67,Lg Rank Defense,Giants,25,27,,,5,7,26,,24,29,25,6,20.0,,16,19,23,23.0,,,,,,10.0,7.0,19,10,21.0,22.0,25.0
68,Team Stats,Jaguars,243,4149,1002.0,4.1,23,8,251,240.0,469,2179,12,15,4.2,122.0,489,1970,9,4.0,103.0,77.0,680.0,26.0,194.0,22.7,11.3,Own 28.8,2:29,5.29,20.8,1.11
69,Opp. Stats,Jaguars,329,5008,979.0,5.1,28,11,268,326.0,513,3341,21,17,6.1,175.0,435,1667,14,3.8,73.0,105.0,895.0,20.0,195.0,29.2,13.3,Own 29.8,2:28,5.2,25.6,1.59
70,Lg Rank Offense,Jaguars,28,32,,,11,10,32,,28,32,31,17,32.0,,4,12,23,23.0,,,,,,30.0,22.0,13,19,24.0,32.0,30.0
71,Lg Rank Defense,Jaguars,11,6,,,11,7,3,,11,8,9,13,14.0,,16,9,20,5.0,,,,,,26.0,14.0,25,9,3.0,6.0,11.0
72,Team Stats,Jets,377,4989,1030.0,4.8,34,16,301,310.0,547,3297,26,18,5.6,173.0,443,1692,14,3.8,92.0,102.0,849.0,36.0,203.0,29.6,13.8,Own 30.9,2:26,5.2,24.4,1.69
73,Opp. Stats,Jets,363,4993,993.0,5.0,31,12,272,275.0,507,3216,15,19,5.9,167.0,451,1777,17,3.9,83.0,110.0,966.0,22.0,208.0,29.3,13.9,Own 29.5,2:15,4.9,24.0,1.5
74,Lg Rank Offense,Jets,13,25,,,29,30,17,,17,21,9,23,25.0,,16,22,12,30.0,,,,,,22.0,12.0,3,24,29.0,29.0,18.0
75,Lg Rank Defense,Jets,20,5,,,5,4,6,,8,5,2,10,7.0,,21,13,27,7.0,,,,,,25.0,10.0,21,1,1.0,1.0,6.0
76,Team Stats,Lions,474,6337,1058.0,6.0,23,7,349,423.0,666,4814,41,16,6.9,244.0,356,1523,9,4.3,71.0,128.0,1075.0,34.0,197.0,37.6,10.7,Own 28.7,2:27,5.52,32.2,2.14
77,Opp. Stats,Lions,387,5881,1055.0,5.6,34,13,325,376.0,604,3831,26,21,5.9,195.0,410,2050,10,5.0,91.0,119.0,982.0,39.0,204.0,32.4,16.2,Own 27.0,2:21,5.3,28.8,1.68
78,Lg Rank Offense,Lions,4,5,,,11,8,6,,1,4,3,19,12.0,,31,29,23,13.0,,,,,,8.0,26.0,14,22,15.0,10.0,6.0
79,Lg Rank Defense,Lions,23,23,,,3,3,21,,28,22,22,5,8.0,,10,23,6,30.0,,,,,,18.0,4.0,12,4,7.0,16.0,15.0
80,Team Stats,Packers,560,6482,988.0,6.6,14,6,353,376.0,552,4924,51,8,8.3,230.0,395,1558,12,3.9,89.0,76.0,591.0,34.0,180.0,48.3,6.1,Own 30.8,2:42,5.64,36.0,2.85
81,Opp. Stats,Packers,359,6585,1049.0,6.3,38,7,358,390.0,637,4796,29,31,7.2,246.0,383,1789,10,4.7,96.0,122.0,948.0,16.0,183.0,33.9,20.2,Own 25.5,2:35,5.9,35.9,1.89
82,Lg Rank Offense,Packers,1,3,,,2,5,5,,14,3,1,2,1.0,,26,27,16,26.0,,,,,,2.0,31.0,4,7,12.0,4.0,2.0
83,Lg Rank Defense,Packers,19,32,,,1,26,30,,32,32,27,1,30.0,,5,14,6,26.0,,,,,,12.0,1.0,3,19,28.0,31.0,23.0
84,Team Stats,Panthers,406,6237,999.0,6.2,23,6,345,312.0,519,3829,21,17,6.9,175.0,445,2408,26,5.4,139.0,113.0,1013.0,31.0,179.0,38.5,12.8,Own 27.9,2:42,5.74,34.8,2.21
85,Opp. Stats,Panthers,429,6042,972.0,6.2,24,10,329,318.0,490,3949,28,14,7.6,191.0,451,2093,18,4.6,110.0,98.0,901.0,28.0,171.0,42.7,12.9,Own 28.0,2:47,5.9,35.1,2.36
86,Lg Rank Offense,Panthers,5,7,,,11,5,8,,23,13,13,21,10.0,,14,3,1,1.0,,,,,,6.0,14.0,18,7,8.0,6.0,5.0
87,Lg Rank Defense,Panthers,27,28,,,17,14,23,,6,24,25,20,32.0,,21,25,29,25.0,,,,,,2.0,17.0,15,30,27.0,30.0,31.0
88,Team Stats,Patriots,513,6848,1082.0,6.3,17,5,399,402.0,612,5084,39,12,7.9,262.0,438,1764,18,4.0,107.0,87.0,815.0,30.0,180.0,47.2,8.3,Own 29.3,2:33,6.19,37.9,2.68
89,Opp. Stats,Patriots,342,6577,1064.0,6.2,34,11,370,386.0,619,4703,26,23,7.1,245.0,405,1874,13,4.6,101.0,115.0,907.0,24.0,181.0,32.6,17.1,Own 24.5,2:46,6.0,36.2,1.84
90,Lg Rank Offense,Patriots,3,2,,,3,1,2,,3,2,4,5,2.0,,17,20,3,24.0,,,,,,3.0,30.0,8,15,4.0,2.0,3.0
91,Lg Rank Defense,Patriots,15,31,,,3,7,32,,29,31,22,2,29.0,,9,17,19,24.0,,,,,,17.0,3.0,2,29,31.0,32.0,21.0
92,Team Stats,Raiders,359,6072,1015.0,6.0,30,7,328,315.0,524,3962,20,23,7.2,186.0,466,2110,16,4.5,110.0,163.0,1358.0,32.0,193.0,34.7,15.5,Own 27.2,2:29,5.44,31.4,1.79
93,Opp. Stats,Raiders,433,6201,1070.0,5.8,26,8,369,324.0,601,4023,31,18,6.3,206.0,430,2178,15,5.1,105.0,120.0,982.0,58.0,188.0,35.6,12.8,Own 26.4,2:34,5.9,32.9,2.05
94,Lg Rank Offense,Raiders,16,9,,,25,8,11,,22,11,18,27,6.0,,7,7,7,7.0,,,,,,13.0,9.0,21,19,19.0,11.0,15.0
95,Lg Rank Defense,Raiders,29,29,,,13,24,31,,27,27,31,12,15.0,,15,27,23,32.0,,,,,,9.0,18.0,8,18,25.0,28.0,27.0
96,Team Stats,Rams,193,4537,1013.0,4.5,23,13,267,292.0,549,2870,9,10,4.8,159.0,409,1667,7,4.1,79.0,112.0,899.0,29.0,196.0,18.9,11.2,Own 26.4,2:18,5.31,23.0,0.89
97,Opp. Stats,Rams,407,5734,1033.0,5.6,18,6,313,293.0,484,3301,21,12,6.3,166.0,510,2433,17,4.8,122.0,111.0,951.0,25.0,192.0,35.9,8.9,Own 29.7,2:40,5.6,29.8,1.87
98,Lg Rank Offense,Rams,32,31,,,11,26,29,,16,30,32,4,31.0,,23,23,29,20.0,,,,,,32.0,23.0,27,29,23.0,31.0,32.0
99,Lg Rank Defense,Rams,26,22,,,28,28,18,,5,7,9,23,17.0,,30,31,27,28.0,,,,,,8.0,28.0,23,24,17.0,18.0,22.0
100,Team Stats,Ravens,378,5419,1036.0,5.2,24,12,312,314.0,544,3423,21,12,5.9,181.0,459,1996,15,4.3,98.0,92.0,742.0,33.0,186.0,35.5,11.8,Own 28.9,2:38,5.78,29.1,1.84
101,Opp. Stats,Ravens,266,4622,1002.0,4.6,26,11,269,288.0,535,3140,11,15,5.4,166.0,419,1482,10,3.5,79.0,103.0,1032.0,24.0,188.0,26.6,13.8,Own 29.3,2:30,5.5,24.5,1.27
102,Lg Rank Offense,Ravens,12,15,,,16,24,15,,18,19,13,5,19.0,,8,10,10,12.0,,,,,,11.0,17.0,12,10,7.0,15.0,13.0
103,Lg Rank Defense,Ravens,3,3,,,13,7,4,,15,4,1,17,3.0,,13,2,6,2.0,,,,,,30.0,11.0,20,12,13.0,3.0,2.0
104,Team Stats,Saints,547,7474,1117.0,6.7,19,5,416,472.0,662,5347,46,14,7.8,280.0,431,2127,16,4.9,116.0,99.0,851.0,20.0,175.0,51.4,10.9,Own 28.2,2:55,6.58,42.6,2.96
105,Opp. Stats,Saints,339,5895,1010.0,5.8,16,7,326,362.0,626,4157,24,9,6.3,196.0,351,1738,11,5.0,92.0,109.0,912.0,38.0,182.0,34.1,8.8,Own 25.8,2:30,5.7,32.4,1.79
106,Lg Rank Offense,Saints,2,1,,,4,1,1,,2,1,2,12,3.0,,20,6,7,4.0,,,,,,1.0,24.0,17,3,1.0,1.0,1.0
107,Lg Rank Defense,Saints,13,24,,,31,26,22,,30,30,16,28,16.0,,1,12,15,29.0,,,,,,11.0,29.0,5,12,22.0,27.0,20.0
108,Team Stats,Seahawks,321,4861,1003.0,4.8,23,9,265,299.0,509,3105,15,14,5.6,153.0,444,1756,15,4.0,89.0,138.0,1047.0,23.0,198.0,27.8,11.6,Own 31.3,2:18,5.22,24.4,1.44
109,Opp. Stats,Seahawks,315,5315,1049.0,5.1,31,9,310,324.0,543,3518,18,22,6.1,174.0,473,1797,10,3.8,96.0,96.0,907.0,40.0,196.0,28.6,14.8,Own 26.8,2:38,5.5,27.1,1.43
110,Lg Rank Offense,Seahawks,23,28,,,11,16,30,,25,22,28,12,26.0,,15,21,10,25.0,,,,,,25.0,19.0,2,29,28.0,30.0,25.0
111,Lg Rank Defense,Seahawks,7,9,,,5,19,15,,19,11,6,4,12.0,,25,15,6,4.0,,,,,,27.0,7.0,10,21,16.0,9.0,4.0
112,Team Stats,Steelers,325,5957,1015.0,5.9,28,13,341,341.0,539,4054,21,15,7.0,221.0,434,1903,13,4.4,96.0,101.0,854.0,24.0,168.0,33.9,16.7,Own 26.8,3:06,6.23,35.4,1.83
113,Opp. Stats,Steelers,227,4348,964.0,4.5,15,4,264,289.0,530,2751,15,11,4.9,156.0,399,1597,7,4.0,82.0,96.0,777.0,26.0,169.0,26.0,8.3,Own 27.6,2:36,5.9,25.6,1.3
114,Lg Rank Offense,Steelers,21,12,,,20,26,9,,19,10,13,17,9.0,,19,14,15,11.0,,,,,,14.0,4.0,25,1,3.0,5.0,14.0
115,Lg Rank Defense,Steelers,1,1,,,32,30,1,,13,1,2,24,1.0,,8,8,2,9.0,,,,,,31.0,31.0,13,20,26.0,7.0,3.0
116,Team Stats,Texans,381,5954,1046.0,5.7,20,11,321,288.0,467,3506,20,9,7.0,176.0,546,2448,18,4.5,131.0,99.0,852.0,14.0,191.0,37.2,10.5,Own 30.3,2:44,5.68,31.1,1.93
117,Opp. Stats,Texans,278,4571,960.0,4.8,27,10,270,279.0,538,3035,18,17,5.2,166.0,378,1536,8,4.1,73.0,88.0,686.0,31.0,188.0,29.8,13.8,Own 27.9,2:20,5.3,24.3,1.45
118,Lg Rank Offense,Texans,10,13,,,6,22,13,,30,18,18,3,8.0,,1,2,3,8.0,,,,,,10.0,27.0,5,5,11.0,12.0,9.0
119,Lg Rank Defense,Texans,4,2,,,12,14,5,,16,3,6,13,2.0,,4,4,3,11.0,,,,,,23.0,11.0,14,2,6.0,2.0,5.0
120,Team Stats,Titans,325,5361,984.0,5.4,22,8,281,353.0,584,3923,22,14,6.5,185.0,376,1438,8,3.8,71.0,104.0,960.0,25.0,188.0,31.4,11.7,Own 27.4,2:22,5.4,28.5,1.58
121,Opp. Stats,Titans,317,5682,1080.0,5.3,23,12,324,369.0,591,3629,21,11,5.9,187.0,461,2053,10,4.5,111.0,99.0,812.0,26.0,187.0,31.0,12.3,Own 25.7,2:45,5.9,30.3,1.59
122,Lg Rank Offense,Titans,21,17,,,9,10,24,,8,12,11,12,14.0,,30,31,26,29.0,,,,,,19.0,18.0,20,26,21.0,17.0,21.0
123,Lg Rank Defense,Titans,8,18,,,20,4,20,,26,14,9,24,5.0,,23,24,6,22.0,,,,,,21.0,21.0,4,28,30.0,19.0,10.0
124,Team Stats,Vikings,340,5275,1007.0,5.2,26,9,297,286.0,510,2957,20,17,5.3,159.0,448,2318,18,5.2,118.0,109.0,908.0,20.0,189.0,31.7,13.2,Own 29.1,2:26,5.48,27.9,1.76
125,Opp. Stats,Vikings,449,5731,1027.0,5.6,23,15,332,367.0,538,4019,34,8,6.8,213.0,439,1712,10,3.9,92.0,97.0,834.0,27.0,185.0,41.1,10.8,Own 30.0,2:43,5.7,30.9,2.18
126,Lg Rank Offense,Vikings,19,18,,,19,16,18,,24,28,18,21,27.0,,13,4,3,2.0,,,,,,18.0,13.0,9,24,17.0,19.0,16.0
127,Lg Rank Defense,Vikings,31,21,,,20,1,24,,16,26,32,31,25.0,,19,11,6,6.0,,,,,,3.0,24.0,26,26,23.0,23.0,30.0
