,Rk,Date,G#,Week,Age,Tm,Unnamed: 6_level_1,Opp,Result,Int,Tgt,Cmp,Cmp%,Yds,Yds/Cmp,Yds/Tgt,TD,Rat,DADOT,Air,YAC,Bltz,Hrry,QBKD,Sk,Prss,Comb,MTkl,MTkl%,Year
0,1.0,2021-09-12,1.0,1.0,22.195,GNB,@,NOR,L 3-38,0,1,0,0.0%,0,,0.0,0,39.6,6.0,0,0,0,0,0,0.0,0,0,0,,2021
1,2.0,2021-09-20,2.0,2.0,22.203,GNB,,DET,W 35-17,0,4,1,25.0%,5,5.0,1.3,1,79.2,13.0,5,0,0,0,0,0.0,0,1,0,0.0%,2021
2,3.0,2021-09-26,3.0,3.0,22.209,GNB,@,SFO,W 30-28,0,4,2,50.0%,22,11.0,5.5,0,66.7,11.5,22,0,0,0,0,0.0,0,5,0,0.0%,2021
3,4.0,2021-10-03,4.0,4.0,22.216,GNB,,PIT,W 27-17,1,15,9,60.0%,70,7.8,4.7,0,43.8,8.9,41,29,0,0,0,0.0,0,8,1,11.1%,2021
4,5.0,2021-10-10,5.0,5.0,22.223,GNB,@,CIN,W 25-22,0,10,6,60.0%,94,15.7,9.4,0,91.2,14.2,62,32,0,0,0,0.0,0,4,2,33.3%,2021
5,6.0,2021-10-17,6.0,6.0,22.23,GNB,@,CHI,W 24-14,0,2,2,100.0%,22,11.0,11.0,0,112.5,10.5,21,1,0,0,0,0.0,0,3,0,0.0%,2021
6,7.0,2021-10-24,7.0,7.0,22.237,GNB,,WAS,W 24-10,0,6,2,33.3%,46,23.0,7.7,1,101.4,18.5,46,0,0,0,0,0.0,0,3,0,0.0%,2021
7,8.0,2021-10-28,8.0,8.0,22.241,GNB,@,ARI,W 24-21,0,8,5,62.5%,88,17.6,11.0,0,100.0,13.3,52,36,0,0,0,0.0,0,6,0,0.0%,2021
8,9.0,2021-11-14,10.0,10.0,22.258,GNB,,SEA,W 17-0,0,4,0,0.0%,0,,0.0,0,39.6,21.3,0,0,0,0,0,0.0,0,1,0,0.0%,2021
9,10.0,2021-11-21,11.0,11.0,22.265,GNB,@,MIN,L 31-34,0,6,4,66.7%,46,11.5,7.7,1,129.2,16.0,39,7,0,0,0,0.0,0,4,1,20.0%,2021
10,11.0,2021-11-28,12.0,12.0,22.272,GNB,,LAR,W 36-28,0,11,4,36.4%,27,6.8,2.5,0,44.9,12.8,20,7,0,0,0,0.0,0,3,0,0.0%,2021
11,12.0,2021-12-12,13.0,14.0,22.286,GNB,,CHI,W 45-30,0,4,1,25.0%,8,8.0,2.0,0,39.6,24.0,8,0,0,0,0,0.0,0,2,0,0.0%,2021
12,13.0,2021-12-19,14.0,15.0,22.293,GNB,@,BAL,W 31-30,0,9,7,77.8%,35,5.0,3.9,0,82.9,4.6,29,6,0,0,0,0.0,0,7,0,0.0%,2021
13,14.0,2021-12-25,15.0,16.0,22.299,GNB,,CLE,W 24-22,0,6,2,33.3%,22,11.0,3.7,0,45.1,18.0,16,6,0,0,0,0.0,0,2,2,50.0%,2021
14,15.0,2022-01-02,16.0,17.0,22.307,GNB,,MIN,W 37-10,0,4,1,25.0%,10,10.0,2.5,0,39.6,13.8,5,5,1,0,0,0.0,0,4,0,0.0%,2021
15,16.0,2022-01-09,17.0,18.0,22.314,GNB,@,DET,L 30-37,0,3,2,66.7%,16,8.0,5.3,0,79.9,8.7,10,6,0,0,0,0.0,0,2,0,0.0%,2021
16,,16 Games,,,,,,,13-3-0,1,97,48,49.5%,511,10.6,5.3,3,71.3,13.0,376,135,1,0,0,0.0,0,55,6,9.8%,2021
