,Rk,Date,G#,Week,Age,Tm,Unnamed: 6_level_1,Opp,Result,Tgt,Rec,Yds,TD,1D,YBC,YBC/R,YAC,YAC/R,ADOT,BrkTkl,Rec/Br,Drop,Drop%,Int,Rat
0,1.0,2021-09-12,1.0,1.0,26.337,GNB,@,NOR,L 3-38,8,3,17,0,2.0,11,3.7,6,2.0,19.5,0,,0,0.0,1,6.2
1,2.0,2021-09-20,2.0,2.0,26.345,GNB,,DET,W 35-17,4,0,0,0,,0,,0,,28.0,0,,0,0.0,0,39.6
2,3.0,2021-09-26,3.0,3.0,26.351,GNB,@,SFO,W 30-28,4,3,59,1,2.0,41,13.7,18,6.0,20.3,0,,0,0.0,0,156.2
3,4.0,2021-11-07,9.0,9.0,27.028,GNB,@,KAN,L 7-13,2,2,19,0,1.0,18,9.0,1,0.5,9.0,0,,0,0.0,0,106.2
4,5.0,2021-11-14,10.0,10.0,27.035,GNB,,SEA,W 17-0,2,1,41,0,1.0,26,26.0,15,15.0,33.0,0,,0,0.0,0,95.8
5,6.0,2021-11-21,11.0,11.0,27.042,GNB,@,MIN,L 31-34,10,4,123,1,3.0,67,16.8,56,14.0,15.3,0,,0,0.0,0,120.0
6,7.0,2021-11-28,12.0,12.0,27.049,GNB,,LAR,W 36-28,9,4,50,0,2.0,39,9.8,11,2.8,18.9,0,,0,0.0,0,62.3
7,8.0,2021-12-12,13.0,14.0,27.063,GNB,,CHI,W 45-30,5,3,20,0,1.0,9,3.0,11,3.7,7.2,0,,0,0.0,0,68.7
8,9.0,2021-12-19,14.0,15.0,27.07,GNB,@,BAL,W 31-30,7,5,98,1,5.0,71,14.2,27,5.4,22.0,0,,0,0.0,0,153.3
9,10.0,2022-01-02,16.0,17.0,27.084,GNB,,MIN,W 37-10,3,1,3,0,1.0,2,2.0,1,1.0,10.7,0,,0,0.0,0,42.4
10,11.0,2022-01-09,17.0,18.0,27.091,GNB,@,DET,L 30-37,1,0,0,0,,0,,0,,7.0,0,,0,0.0,0,39.6
11,,11 Games,,,,,,,7-4-0,55,26,430,3,18.0,284,10.9,146,5.6,17.9,0,,0,0.0,1,84.7
