,Rk,Date,G#,Week,Age,Tm,Unnamed: 6_level_1,Opp,Result,Int,Tgt,Cmp,Cmp%,Yds,Yds/Cmp,Yds/Tgt,TD,Rat,DADOT,Air,YAC,Bltz,Hrry,QBKD,Sk,Prss,Comb,MTkl,MTkl%
0,1.0,2022-09-11,1.0,1.0,26.363,CAR,,CLE,L 24-26,0,0,0,,0.0,,,0.0,,,0.0,0.0,0,0,0,0.0,0,0,0,
1,2.0,2022-09-18,2.0,2.0,27.005,CAR,@,NYG,L 16-19,0,0,0,,0.0,,,0.0,,,0.0,0.0,0,0,0,0.0,0,0,0,
2,3.0,2022-09-25,3.0,3.0,27.012,CAR,,NOR,W 22-14,0,0,0,,0.0,,,0.0,,,0.0,0.0,0,0,0,0.0,0,0,0,
3,4.0,2022-10-02,4.0,4.0,27.019,CAR,,ARI,L 16-26,0,0,0,,0.0,,,0.0,,,0.0,0.0,0,0,0,0.0,0,0,0,
4,5.0,2022-10-09,5.0,5.0,27.026,CAR,,SFO,L 15-37,0,0,0,,0.0,,,0.0,,,0.0,0.0,0,0,0,0.0,0,0,0,
5,6.0,2022-10-16,6.0,6.0,27.033,CAR,@,LAR,L 10-24,0,0,0,,0.0,,,0.0,,,0.0,0.0,0,0,0,0.0,0,0,0,
6,7.0,2022-10-23,7.0,7.0,27.04,CAR,,TAM,W 21-3,0,0,0,,0.0,,,0.0,,,0.0,0.0,0,0,0,0.0,0,0,0,
7,8.0,2022-10-30,8.0,8.0,27.047,CAR,@,ATL,L 34-37,0,0,0,,0.0,,,0.0,,,0.0,0.0,0,0,0,0.0,0,0,0,
8,9.0,2022-11-06,9.0,9.0,27.054,CAR,@,CIN,L 21-42,0,0,0,,0.0,,,0.0,,,0.0,0.0,0,0,0,0.0,0,0,0,
9,10.0,2022-11-10,10.0,10.0,27.058,CAR,,ATL,W 25-15,0,0,0,,0.0,,,0.0,,,0.0,0.0,0,0,0,0.0,0,0,0,
10,11.0,2022-11-20,11.0,11.0,27.068,CAR,@,BAL,L 3-13,0,0,0,,0.0,,,0.0,,,0.0,0.0,0,0,0,0.0,0,0,0,
11,12.0,2022-11-27,12.0,12.0,27.075,CAR,,DEN,W 23-10,0,0,0,,0.0,,,0.0,,,0.0,0.0,0,0,0,0.0,0,0,0,
12,13.0,2022-12-11,13.0,14.0,27.089,CAR,@,SEA,W 30-24,0,0,0,,0.0,,,0.0,,,0.0,0.0,0,0,0,0.0,0,1,0,0.0%
13,14.0,2022-12-18,14.0,15.0,27.096,CAR,,PIT,L 16-24,0,0,0,,0.0,,,0.0,,,0.0,0.0,0,0,0,0.0,0,0,0,
14,15.0,2022-12-24,15.0,16.0,27.102,CAR,,DET,W 37-23,0,0,0,,0.0,,,0.0,,,0.0,0.0,0,0,0,0.0,0,0,0,
15,16.0,2023-01-01,16.0,17.0,27.11,CAR,@,TAM,L 24-30,0,0,0,,0.0,,,0.0,,,0.0,0.0,0,0,0,0.0,0,0,0,
16,17.0,2023-01-08,17.0,18.0,27.117,CAR,@,NOR,W 10-7,0,0,0,,0.0,,,0.0,,,0.0,0.0,0,0,0,0.0,0,0,0,
17,,17 Games,,,,,,,7-10-0,0,0,0,,,,,,,,,,0,0,0,0.0,0,1,0,0.0%
