,Rk,Date,G#,Week,Age,Tm,Unnamed: 6_level_1,Opp,Result,Int,Tgt,Cmp,Cmp%,Yds,Yds/Cmp,Yds/Tgt,TD,Rat,DADOT,Air,YAC,Bltz,Hrry,QBKD,Sk,Prss,Comb,MTkl,MTkl%
0,1.0,2022-09-11,1.0,1.0,22.289,CAR,,CLE,L 24-26,0,4,3,75.0%,29,9.7,7.3,0,94.8,13.0,26,3,1,1,0,0.0,1,5,1,16.7%
1,2.0,2022-09-18,2.0,2.0,22.296,CAR,@,NYG,L 16-19,0,5,1,20.0%,4,4.0,0.8,0,39.6,4.4,4,0,0,0,0,0.0,0,3,0,0.0%
2,3.0,2022-09-25,3.0,3.0,22.303,CAR,,NOR,W 22-14,1,4,1,25.0%,23,23.0,5.8,0,11.5,29.8,17,6,2,0,1,0.0,1,2,0,0.0%
3,4.0,2022-10-02,4.0,4.0,22.31,CAR,,ARI,L 16-26,0,5,3,60.0%,35,11.7,7.0,0,81.2,10.6,15,20,1,0,0,0.0,0,6,1,14.3%
4,5.0,2022-10-09,5.0,5.0,22.317,CAR,,SFO,L 15-37,0,4,1,25.0%,16,16.0,4.0,0,43.7,15.8,7,9,0,0,0,0.0,0,1,0,0.0%
5,6.0,2022-10-30,8.0,8.0,22.338,CAR,@,ATL,L 34-37,0,1,1,100.0%,-1,-1.0,-1.0,0,79.2,-2.0,-2,1,1,0,0,0.0,0,2,0,0.0%
6,7.0,2022-11-06,9.0,9.0,22.345,CAR,@,CIN,L 21-42,0,3,3,100.0%,23,7.7,7.7,0,98.6,6.7,20,3,0,0,0,0.0,0,6,2,25.0%
7,8.0,2022-11-10,10.0,10.0,22.349,CAR,,ATL,W 25-15,1,3,2,66.7%,40,20.0,13.3,0,70.1,22.0,28,12,4,0,0,0.0,0,3,1,25.0%
8,9.0,2022-11-20,11.0,11.0,22.359,CAR,@,BAL,L 3-13,0,5,3,60.0%,22,7.3,4.4,0,70.4,1.0,4,18,0,0,0,0.0,0,4,0,0.0%
9,10.0,2022-11-27,12.0,12.0,23.001,CAR,,DEN,W 23-10,0,9,4,44.4%,46,11.5,5.1,0,60.4,11.8,36,10,0,0,0,0.0,0,6,0,0.0%
10,11.0,2022-12-11,13.0,14.0,23.015,CAR,@,SEA,W 30-24,1,10,5,50.0%,90,18.0,9.0,1,75.0,13.3,67,23,0,0,0,0.0,0,6,0,0.0%
11,12.0,2022-12-18,14.0,15.0,23.022,CAR,,PIT,L 16-24,0,3,2,66.7%,12,6.0,4.0,0,74.3,5.3,9,3,0,0,0,0.0,0,3,1,25.0%
12,13.0,2022-12-24,15.0,16.0,23.028,CAR,,DET,W 37-23,0,4,4,100.0%,90,22.5,22.5,0,118.7,18.8,75,15,0,1,0,0.0,1,6,0,0.0%
13,,13 Games,,,,,,,5-8-0,3,60,33,55.0%,429,13.0,7.2,1,62.4,12.1,306,123,9,2,1,0.0,3,53,6,10.2%
