,Rk,Date,G#,Week,Age,Tm,Unnamed: 6_level_1,Opp,Result,Int,Tgt,Cmp,Cmp%,Yds,Yds/Cmp,Yds/Tgt,TD,Rat,DADOT,Air,YAC,Bltz,Hrry,QBKD,Sk,Prss,Comb,MTkl,MTkl%
0,1.0,2022-09-11,1.0,1.0,26.137,CAR,,CLE,L 24-26,0,0,0,,0,,,0,,,0,0,0,0,0,0.0,0,2.0,0,0.0%
1,2.0,2022-09-18,2.0,2.0,26.144,CAR,@,NYG,L 16-19,0,0,0,,0,,,0,,,0,0,0,0,0,,0,,0,
2,3.0,2022-09-25,3.0,3.0,26.151,CAR,,NOR,W 22-14,0,0,0,,0,,,0,,,0,0,0,0,0,,0,,0,
3,4.0,2022-10-02,4.0,4.0,26.158,CAR,,ARI,L 16-26,0,2,2,100.0%,11,5.5,5.5,1,129.2,0.5,1,10,0,0,0,0.0,0,5.0,0,0.0%
4,5.0,2022-10-09,5.0,5.0,26.165,CAR,,SFO,L 15-37,0,1,1,100.0%,24,24.0,24.0,0,118.7,13.0,13,11,0,0,0,0.0,0,2.0,0,0.0%
5,6.0,2022-10-16,6.0,6.0,26.172,CAR,@,LAR,L 10-24,0,0,0,,0,,,0,,,0,0,0,0,0,,0,,0,
6,7.0,2022-10-23,7.0,7.0,26.179,CAR,,TAM,W 21-3,0,0,0,,0,,,0,,,0,0,0,0,0,0.0,0,2.0,0,0.0%
7,8.0,2022-10-30,8.0,8.0,26.186,CAR,@,ATL,L 34-37,0,0,0,,0,,,0,,,0,0,0,0,0,0.0,0,1.0,0,0.0%
8,9.0,2022-11-06,9.0,9.0,26.193,CAR,@,CIN,L 21-42,0,0,0,,0,,,0,,,0,0,0,0,0,0.0,0,3.0,0,0.0%
9,10.0,2022-11-10,10.0,10.0,26.197,CAR,,ATL,W 25-15,0,0,0,,0,,,0,,,0,0,0,0,0,0.0,0,2.0,0,0.0%
10,11.0,2022-11-20,11.0,11.0,26.207,CAR,@,BAL,L 3-13,0,0,0,,0,,,0,,,0,0,0,0,0,,0,,0,
11,12.0,2022-11-27,12.0,12.0,26.214,CAR,,DEN,W 23-10,0,0,0,,0,,,0,,,0,0,0,0,0,0.0,0,1.0,0,0.0%
12,13.0,2022-12-11,13.0,14.0,26.228,CAR,@,SEA,W 30-24,0,0,0,,0,,,0,,,0,0,0,0,0,,0,,0,
13,14.0,2022-12-18,14.0,15.0,26.235,CAR,,PIT,L 16-24,0,0,0,,0,,,0,,,0,0,0,0,0,0.0,0,1.0,0,0.0%
14,15.0,2022-12-24,15.0,16.0,26.241,CAR,,DET,W 37-23,0,0,0,,0,,,0,,,0,0,0,0,0,,0,,0,
15,16.0,2023-01-01,16.0,17.0,26.249,CAR,@,TAM,L 24-30,0,0,0,,0,,,0,,,0,0,0,0,0,,0,,0,
16,17.0,2023-01-08,17.0,18.0,26.256,CAR,@,NOR,W 10-7,0,0,0,,0,,,0,,,0,0,0,0,0,,0,,0,
17,,17 Games,,,,,,,7-10-0,0,3,3,100.0%,35,11.7,11.7,1,154.9,4.7,14,21,0,0,0,0.0,0,19.0,0,0.0%
