,Rank,Player,Tackle,Assist,Sack,Pass Defended,Interception,Forced Fumble,Fumble Recovery,Defend Touchdown,Games Played,Fantasy Football Points,FTPS/Game,ROST,Position,Year
0,1,Jairus Byrd,3,1,1,2,2,0,0,0,1,24.8,24.8,0.0%,DB,2013
1,2,Will Allen,7,2,0,1,1,1,0,0,1,22.5,22.5,0.0%,DB,2013
2,3,Mike Jenkins,10,2,0,0,0,0,0,0,1,21.5,21.5,0.0%,DB,2013
3,4,Tramon Williams,8,0,0,1,1,0,0,0,1,21.0,21.0,0.0%,DB,2013
4,5,Reggie Nelson,5,4,0,2,1,0,0,0,1,21.0,21.0,0.0%,DB,2013
5,6,Joe Haden,0,2,0,2,2,0,0,1,1,20.5,20.5,1.0%,DB,2013
6,7,Eric Weddle,7,0,1,1,0,0,0,0,1,18.5,18.5,11.0%,DB,2013
7,8,Charles Woodson,5,2,0,1,0,2,0,0,1,18.5,18.5,0.0%,DB,2013
8,9,Corey Graham,8,0,1,1,0,0,0,0,1,17.5,17.5,0.0%,DB,2013
9,10,Jerraud Powers,6,0,0,2,1,0,0,0,1,17.0,17.0,0.0%,DB,2013
10,11,Don Carey,7,2,0,0,0,0,0,0,1,17.0,17.0,0.0%,DB,2013
11,12,Brandon Boykin,3,0,0,2,1,1,0,0,1,16.5,16.5,0.0%,DB,2013
12,13,Walter Thurmond,2,1,0,1,1,0,0,1,1,16.3,16.3,0.0%,DB,2013
13,14,Dee Milliner,8,0,0,1,0,0,0,0,1,16.0,16.0,0.0%,DB,2013
14,15,Zackary Bowman,9,0,0,0,0,0,0,0,1,16.0,16.0,0.0%,DB,2013
15,16,Dashon Goldson,2,0,0,2,1,1,0,0,1,15.0,15.0,0.0%,DB,2013
16,17,Brent Grimes,4,1,0,2,1,0,0,0,1,14.8,14.8,0.0%,DB,2013
17,18,Ryan Clark,5,2,0,1,0,0,1,0,1,14.5,14.5,0.0%,DB,2013
18,19,Yeremiah Bell,5,0,0,1,1,0,0,0,1,14.0,14.0,0.0%,DB,2013
19,20,Andrew Sendejo,5,5,0,0,0,0,0,0,1,13.8,13.8,0.0%,DB,2013
20,21,Morgan Burnett,6,6,0,0,0,0,0,0,1,13.5,13.5,0.0%,DB,2013
21,22,Aaron Williams,6,4,0,1,0,0,0,0,1,13.5,13.5,0.0%,DB,2013
22,23,Da'Norris Searcy,0,0,0,1,1,0,0,1,1,12.5,12.5,0.0%,DB,2013
23,24,Johnathan Cyprien,8,0,0,0,0,0,0,0,1,12.0,12.0,0.0%,DB,2013
24,25,David Amerson,5,0,0,1,0,0,0,0,1,11.5,11.5,0.0%,DB,2013
25,26,Prince Amukamara,6,0,0,0,0,0,0,0,1,11.5,11.5,0.0%,DB,2013
26,27,Eric Berry,6,0,0,0,0,0,0,0,1,11.5,11.5,0.0%,DB,2013
27,28,Cassius Vaughn,5,1,0,2,0,0,0,0,1,11.3,11.3,0.0%,DB,2013
28,29,Terrell Thomas,7,1,0,0,0,0,0,0,1,11.3,11.3,0.0%,DB,2013
29,30,Johnny Patrick,3,0,0,1,1,0,0,0,1,11.0,11.0,0.0%,DB,2013
30,31,Jamarca Sanford,4,3,0,0,0,0,0,0,1,10.8,10.8,0.0%,DB,2013
31,32,M.D. Jennings,5,1,0,0,0,0,0,0,1,10.8,10.8,0.0%,DB,2013
32,33,Brandon Meriweather,7,0,0,0,0,0,0,0,1,10.5,10.5,0.0%,DB,2013
33,34,Eric Reid,6,0,0,1,0,0,0,0,1,10.5,10.5,0.0%,DB,2013
34,35,Aqib Talib,5,0,0,2,0,0,0,0,1,10.5,10.5,0.0%,DB,2013
35,36,Antonio Cromartie,5,0,0,2,0,0,0,0,1,10.5,10.5,0.0%,DB,2013
36,37,Alan Ball,3,0,0,4,0,0,0,0,1,10.5,10.5,0.0%,DB,2013
37,38,Louis Delmas,5,2,0,1,0,0,0,0,1,10.5,10.5,0.0%,DB,2013
38,39,William Moore,7,0,0,0,0,0,0,0,1,10.5,10.5,0.0%,DB,2013
39,40,Johnthan Banks,6,0,0,1,0,0,0,0,1,10.5,10.5,0.0%,DB,2013
40,41,Robert McClain,5,2,0,1,0,0,0,0,1,10.5,10.5,0.0%,DB,2013
41,42,Robert Lester,2,1,0,1,1,0,0,0,1,10.3,10.3,0.0%,DB,2013
42,43,Donte Whitner,3,0,0,2,0,0,0,0,1,10.0,10.0,1.0%,DB,2013
43,44,Josh Wilson,5,0,0,0,0,0,0,0,1,10.0,10.0,0.0%,DB,2013
44,45,Dawan Landry,5,3,0,0,0,0,0,0,1,9.8,9.8,0.0%,DB,2013
45,46,Michael Griffin,6,1,0,0,0,0,0,0,1,9.8,9.8,5.0%,DB,2013
46,47,Melvin White,4,3,0,1,0,0,0,0,1,9.8,9.8,0.0%,DB,2013
47,48,Dre Kirkpatrick,2,0,1,0,0,0,0,0,1,9.5,9.5,0.0%,DB,2013
48,49,Antrel Rolle,2,0,0,1,1,0,0,0,1,9.5,9.5,0.0%,DB,2013
49,50,Chris Conte,4,1,0,0,0,0,0,0,1,9.3,9.3,0.0%,DB,2013
50,51,Kam Chancellor,4,4,0,0,0,0,0,0,1,9.0,9.0,0.1%,DB,2013
51,52,Alterraun Verner,4,0,0,2,0,0,0,0,1,9.0,9.0,0.0%,DB,2013
52,53,Roc Carmichael,5,0,0,1,0,0,0,0,1,9.0,9.0,0.0%,DB,2013
53,54,Corey White,1,1,0,1,1,0,0,0,1,8.8,8.8,0.0%,DB,2013
54,55,Micah Hyde,5,1,0,0,0,0,0,0,1,8.3,8.3,1.2%,DB,2013
55,56,Jimmy Smith,3,1,0,2,0,0,0,0,1,8.3,8.3,0.0%,DB,2013
56,57,Johnathan Joseph,3,1,0,2,0,0,0,0,1,8.3,8.3,0.0%,DB,2013
57,58,Phillip Adams,2,1,0,0,0,0,1,0,1,7.8,7.8,0.0%,DB,2013
58,59,Marcus Gilchrist,3,1,0,0,0,0,0,0,1,7.8,7.8,0.0%,DB,2013
59,60,Lardarius Webb,4,0,0,1,0,0,0,0,1,7.5,7.5,0.0%,DB,2013
60,61,Leonard Johnson,3,2,0,1,0,0,0,0,1,7.5,7.5,0.0%,DB,2013
61,62,Nolan Carroll,4,0,0,1,0,0,0,0,1,7.5,7.5,0.0%,DB,2013
62,63,Chris Carr,4,0,0,1,0,0,0,0,1,7.5,7.5,0.0%,DB,2013
63,64,Shareece Wright,5,0,0,0,0,0,0,0,1,7.5,7.5,0.0%,DB,2013
64,65,Trumaine McBride,5,0,0,0,0,0,0,0,1,7.5,7.5,0.0%,DB,2013
65,66,Cary Williams,3,2,0,1,0,0,0,0,1,7.5,7.5,0.0%,DB,2013
66,67,Marcus Cooper,5,0,0,0,0,0,0,0,1,7.5,7.5,0.0%,DB,2013
67,68,Patrick Chung,4,2,0,0,0,0,0,0,1,7.5,7.5,0.0%,DB,2013
68,69,Quentin Jammer,1,0,0,1,0,0,1,0,1,7.0,7.0,0.0%,DB,2013
69,70,Brandon Flowers,3,0,0,0,0,0,0,0,1,7.0,7.0,0.0%,DB,2013
70,71,Kyle Arrington,2,0,0,1,0,0,0,0,1,7.0,7.0,0.0%,DB,2013
71,72,Chris Harris,3,0,0,0,0,0,0,0,1,7.0,7.0,0.0%,DB,2013
72,73,Earl Thomas,4,1,0,0,0,0,0,0,1,6.8,6.8,1.1%,DB,2013
73,74,Reshad Jones,4,1,0,0,0,0,0,0,1,6.8,6.8,0.0%,DB,2013
74,75,Kendrick Lewis,4,1,0,0,0,0,0,0,1,6.8,6.8,0.0%,DB,2013
75,76,LaRon Landry,4,1,0,0,0,0,0,0,1,6.8,6.8,0.0%,DB,2013
76,77,Will Hill,4,1,0,0,0,0,0,0,1,6.8,6.8,0.0%,DB,2013
77,78,Buster Skrine,2,3,0,1,0,0,0,0,1,6.8,6.8,0.0%,DB,2013
78,79,Chris Houston,3,1,0,1,0,0,0,0,1,6.8,6.8,0.0%,DB,2013
79,80,Tashaun Gipson,4,1,0,0,0,0,0,0,1,6.8,6.8,0.4%,DB,2013
80,81,Matt Elam,4,1,0,0,0,0,0,0,1,6.8,6.8,0.0%,DB,2013
81,82,Reed Doughty,4,0,0,0,0,0,0,0,1,6.0,6.0,0.0%,DB,2013
82,83,Jason McCourty,3,0,0,1,0,0,0,0,1,6.0,6.0,0.0%,DB,2013
83,84,Keenan Lewis,3,0,0,1,0,0,0,0,1,6.0,6.0,0.0%,DB,2013
84,85,Davon House,3,0,0,1,0,0,0,0,1,6.0,6.0,0.0%,DB,2013
85,86,Carlos Rogers,4,0,0,0,0,0,0,0,1,6.0,6.0,0.0%,DB,2013
86,87,Terence Newman,2,0,0,2,0,0,0,0,1,6.0,6.0,0.0%,DB,2013
87,88,Rashad Johnson,4,0,0,0,0,0,0,0,1,6.0,6.0,0.0%,DB,2013
88,89,Kayvon Webster,3,0,0,1,0,0,0,0,1,6.0,6.0,0.0%,DB,2013
89,90,D.J. Swearinger,4,0,0,0,0,0,0,0,1,6.0,6.0,0.0%,DB,2013
90,91,Tim Jennings,3,0,0,1,0,0,0,0,1,6.0,6.0,0.0%,DB,2013
91,92,Ike Taylor,2,0,0,2,0,0,0,0,1,6.0,6.0,0.0%,DB,2013
92,93,Desmond Trufant,4,0,0,0,0,0,0,0,1,6.0,6.0,0.0%,DB,2013
93,94,Brandian Ross,3,0,0,1,0,0,0,0,1,6.0,6.0,0.0%,DB,2013
94,95,Tyrann Mathieu,4,0,0,0,0,0,0,0,1,6.0,6.0,10.0%,DB,2013
95,96,Vontae Davis,4,0,0,0,0,0,0,0,1,6.0,6.0,0.0%,DB,2013
96,97,Major Wright,4,0,0,0,0,0,0,0,1,6.0,6.0,0.0%,DB,2013
97,98,Antoine Bethea,4,0,0,0,0,0,0,0,1,6.0,6.0,28.0%,DB,2013
98,99,Leodis McKelvin,3,0,0,1,0,0,0,0,1,6.0,6.0,0.0%,DB,2013
99,100,Eric Wright,4,0,0,0,0,0,0,0,1,6.0,6.0,0.0%,DB,2013
100,101,William Gay,1,2,0,2,0,0,0,0,1,6.0,6.0,0.1%,DB,2013
101,102,Tony Dye,0,0,0,0,0,0,0,0,1,6.0,6.0,0.0%,DB,2013
102,103,Ed Reed,1,2,0,0,0,0,0,0,1,5.5,5.5,0.0%,DB,2013
103,104,Quintin Demps,3,1,0,0,0,0,0,0,1,5.3,5.3,3.0%,DB,2013
104,105,Shiloh Keo,2,3,0,0,0,0,0,0,1,5.3,5.3,0.0%,DB,2013
105,106,Jarrett Bush,2,1,0,1,0,0,0,0,1,5.3,5.3,0.0%,DB,2013
106,107,Glover Quin,2,1,0,1,0,0,0,0,1,5.3,5.3,0.0%,DB,2013
107,108,George Iloka,1,3,0,1,0,0,0,0,1,5.3,5.3,0.0%,DB,2013
108,109,Mike Adams,3,1,0,0,0,0,0,0,1,5.3,5.3,0.4%,DB,2013
109,110,Bernard Pollard,3,1,0,0,0,0,0,0,1,5.3,5.3,0.0%,DB,2013
110,111,Richard Marshall,2,1,0,1,0,0,0,0,1,5.3,5.3,0.0%,DB,2013
111,112,Will Blackmon,3,1,0,0,0,0,0,0,1,5.3,5.3,4.0%,DB,2013
112,113,Coty Sensabaugh,3,1,0,0,0,0,0,0,1,5.3,5.3,0.0%,DB,2013
113,114,Duke Ihenacho,3,0,0,0,0,0,0,0,1,4.5,4.5,0.0%,DB,2013
114,115,Darius Butler,2,0,0,1,0,0,0,0,1,4.5,4.5,0.0%,DB,2013
115,116,T.J. Ward,2,2,0,0,0,0,0,0,1,4.5,4.5,0.1%,DB,2013
116,117,Rahim Moore,2,0,0,1,0,0,0,0,1,4.5,4.5,0.0%,DB,2013
117,118,Brandon Harris,3,0,0,0,0,0,0,0,1,4.5,4.5,0.0%,DB,2013
118,119,Duron Harmon,3,0,0,0,0,0,0,0,1,4.5,4.5,0.0%,DB,2013
119,120,Brandon Ghee,1,0,0,2,0,0,0,0,1,4.5,4.5,0.0%,DB,2013
120,121,Jimmy Wilson,3,0,0,0,0,0,0,0,1,4.5,4.5,0.0%,DB,2013
121,122,Sean Smith,2,0,0,1,0,0,0,0,1,4.5,4.5,0.0%,DB,2013
122,123,Nickell Robey-Coleman,2,2,0,0,0,0,0,0,1,4.5,4.5,0.0%,DB,2013
123,124,Stephon Gilmore,2,0,0,1,0,0,0,0,1,4.5,4.5,1.5%,DB,2013
124,125,Derek Cox,2,0,0,1,0,0,0,0,1,4.5,4.5,0.0%,DB,2013
125,126,Rafael Bush,2,0,0,1,0,0,0,0,1,4.5,4.5,0.0%,DB,2013
126,127,Mike Harris,2,1,0,0,0,0,0,0,1,3.8,3.8,0.0%,DB,2013
127,128,Isaiah Frey,2,1,0,0,0,0,0,0,1,3.8,3.8,0.0%,DB,2013
128,129,Malcolm Jenkins,1,1,0,1,0,0,0,0,1,3.8,3.8,15.0%,DB,2013
129,130,Cortez Allen,0,1,0,2,0,0,0,0,1,3.8,3.8,0.0%,DB,2013
130,131,Byron Maxwell,2,1,0,0,0,0,0,0,1,3.8,3.8,0.0%,DB,2013
131,132,Captain Munnerlyn,0,3,0,1,0,0,0,0,1,3.8,3.8,0.0%,DB,2013
132,133,Tarell Brown,2,0,0,0,0,0,0,0,1,3.0,3.0,0.0%,DB,2013
133,134,Asante Samuel,2,0,0,0,0,0,0,0,1,3.0,3.0,0.0%,DB,2013
134,135,Bacarri Rambo,2,0,0,0,0,0,0,0,1,3.0,3.0,0.0%,DB,2013
135,136,Josh Evans,2,0,0,0,0,0,0,0,1,3.0,3.0,0.0%,DB,2013
136,137,Quintin Mikell,1,2,0,0,0,0,0,0,1,3.0,3.0,0.0%,DB,2013
137,138,Marquice Cole,2,0,0,0,0,0,0,0,1,3.0,3.0,0.0%,DB,2013
138,139,Tracy Porter,2,0,0,0,0,0,0,0,1,3.0,3.0,0.0%,DB,2013
139,140,Dominique Rodgers-Cromartie,0,0,0,2,0,0,0,0,1,3.0,3.0,0.0%,DB,2013
140,141,Thomas DeCoud,2,0,0,0,0,0,0,0,1,3.0,3.0,0.0%,DB,2013
141,142,Keith Tandy,2,0,0,0,0,0,0,0,1,3.0,3.0,0.0%,DB,2013
142,143,Chris Banjo,2,0,0,0,0,0,0,0,1,3.0,3.0,0.0%,DB,2013
143,144,Jeron Johnson,2,0,0,0,0,0,0,0,1,3.0,3.0,0.0%,DB,2013
144,145,Christopher Owens,2,0,0,0,0,0,0,0,1,3.0,3.0,0.0%,DB,2013
145,146,Troy Polamalu,1,2,0,0,0,0,0,0,1,3.0,3.0,0.0%,DB,2013
146,147,Dwayne Gratz,2,0,0,0,0,0,0,0,1,3.0,3.0,0.0%,DB,2013
147,148,Rashean Mathis,1,0,0,1,0,0,0,0,1,3.0,3.0,0.0%,DB,2013
148,149,Usama Young,0,2,0,1,0,0,0,0,1,3.0,3.0,0.0%,DB,2013
149,150,Jabari Greer,0,0,0,2,0,0,0,0,1,3.0,3.0,0.0%,DB,2013
150,151,Josh Robinson,1,0,0,1,0,0,0,0,1,3.0,3.0,0.0%,DB,2013
151,152,Adam Jones,2,0,0,0,0,0,0,0,1,3.0,3.0,0.0%,DB,2013
152,153,DeAngelo Hall,2,0,0,0,0,0,0,0,1,3.0,3.0,0.0%,DB,2013
153,154,Devin McCourty,2,0,0,0,0,0,0,0,1,3.0,3.0,4.4%,DB,2013
154,155,Nate Allen,1,1,0,0,0,0,0,0,1,2.3,2.3,0.0%,DB,2013
155,156,Chris Cook,1,1,0,0,0,0,0,0,1,2.3,2.3,0.0%,DB,2013
156,157,Xavier Rhodes,1,1,0,0,0,0,0,0,1,2.3,2.3,0.0%,DB,2013
157,158,Marcus Sherels,0,1,0,1,0,0,0,0,1,2.3,2.3,0.0%,DB,2013
158,159,Roman Harper,1,1,0,0,0,0,0,0,1,2.3,2.3,1.0%,DB,2013
159,160,Dimitri Patterson,1,0,0,0,0,0,0,0,1,1.5,1.5,0.0%,DB,2013
160,161,Kurt Coleman,1,0,0,0,0,0,0,0,1,1.5,1.5,0.0%,DB,2013
161,162,Trenton Robinson,1,0,0,0,0,0,0,0,1,1.5,1.5,0.0%,DB,2013
162,163,Zeke Motta,1,0,0,0,0,0,0,0,1,1.5,1.5,0.0%,DB,2013
163,164,Drayton Florence,1,0,0,0,0,0,0,0,1,1.5,1.5,0.0%,DB,2013
164,165,Chris Maragos,1,0,0,0,0,0,0,0,1,1.5,1.5,0.0%,DB,2013
165,166,Sanders Commings,1,0,0,0,0,0,0,0,1,1.5,1.5,0.0%,DB,2013
166,167,Patrick Peterson,1,0,0,0,0,0,0,0,1,1.5,1.5,0.9%,DB,2013
167,168,Tramaine Brock,1,0,0,0,0,0,0,0,1,1.5,1.5,0.0%,DB,2013
168,169,Husain Abdullah,1,0,0,0,0,0,0,0,1,1.5,1.5,0.0%,DB,2013
169,170,E.J. Biggers,1,0,0,0,0,0,0,0,1,1.5,1.5,0.0%,DB,2013
170,171,Logan Ryan,0,0,0,1,0,0,0,0,1,1.5,1.5,1.3%,DB,2013
171,172,Chimdi Chekwa,1,0,0,0,0,0,0,0,1,1.5,1.5,0.0%,DB,2013
172,173,Robert Alford,1,0,0,0,0,0,0,0,1,1.5,1.5,0.0%,DB,2013
173,174,Kyle Wilson,1,0,0,0,0,0,0,0,1,1.5,1.5,0.0%,DB,2013
174,175,Darrelle Revis,0,1,0,0,0,0,0,0,1,0.8,0.8,0.0%,DB,2013
175,176,Mike Mitchell,0,1,0,0,0,0,0,0,1,0.8,0.8,0.0%,DB,2013
176,177,Robert Blanton,0,1,0,0,0,0,0,0,1,0.8,0.8,0.0%,DB,2013
177,178,Brice McCain,0,1,0,0,0,0,0,0,1,0.8,0.8,0.0%,DB,2013
178,179,Darius Slay,0,1,0,0,0,0,0,0,1,0.8,0.8,10.0%,DB,2013
179,180,Jaiquawn Jarrett,0,1,0,0,0,0,0,0,1,0.8,0.8,0.0%,DB,2013
180,181,Kelcie McCray,0,1,0,0,0,0,0,0,1,0.8,0.8,2.0%,DB,2013
181,182,James Nixon,0,0,0,0,0,0,0,0,1,0.0,0.0,0.0%,DB,2013
182,183,Demetrius McCray,0,0,0,0,0,0,0,0,1,0.0,0.0,0.0%,DB,2013
183,184,Daimion Stafford,0,0,0,0,0,0,0,0,1,0.0,0.0,4.0%,DB,2013
184,185,Don Jones,0,0,0,0,0,0,0,0,1,0.0,0.0,2.0%,DB,2013
185,186,Jahleel Addae,0,0,0,0,0,0,0,0,1,0.0,0.0,0.0%,DB,2013
186,187,Brynden Trawick,0,0,0,0,0,0,0,0,1,0.0,0.0,0.0%,DB,2013
187,188,Cooper Taylor,0,0,0,0,0,0,0,0,1,0.0,0.0,0.0%,DB,2013
188,189,Jordan Poyer,0,0,0,0,0,0,0,0,1,0.0,0.0,26.4%,DB,2013
189,190,Jamar Taylor,0,0,0,0,0,0,0,0,1,0.0,0.0,0.0%,DB,2013
190,191,Tony Jefferson,0,0,0,0,0,0,0,0,1,0.0,0.0,0.0%,DB,2013
191,192,Shawn Williams,0,0,0,0,0,0,0,0,1,0.0,0.0,10.0%,DB,2013
192,193,Leon McFadden,0,0,0,0,0,0,0,0,1,0.0,0.0,0.0%,DB,2013
193,194,Blidi Wreh-Wilson,0,0,0,0,0,0,0,0,1,0.0,0.0,0.0%,DB,2013
194,195,Duke Williams,0,0,0,0,0,0,0,0,1,0.0,0.0,0.0%,DB,2013
195,196,Darryl Morris,0,0,0,0,0,0,0,0,1,0.0,0.0,0.0%,DB,2013
196,197,Teddy Williams,0,0,0,0,0,0,0,0,1,0.0,0.0,0.0%,DB,2013
197,198,Isaiah Trufant,0,0,0,0,0,0,0,0,1,0.0,0.0,0.0%,DB,2013
198,199,Eddie Pleasant,0,0,0,0,0,0,0,0,1,0.0,0.0,0.0%,DB,2013
199,200,Josh Victorian,0,0,0,0,0,0,0,0,1,0.0,0.0,0.0%,DB,2013
200,201,Kyle Nelson,0,0,0,0,0,0,0,0,1,0.0,0.0,0.0%,DB,2013
201,202,Anthony Jefferson,0,0,0,0,0,0,0,0,1,0.0,0.0,0.0%,DB,2013
202,203,Charles James,0,0,0,0,0,0,0,0,1,0.0,0.0,0.0%,DB,2013
203,204,Jawanza Starling,0,0,0,0,0,0,0,0,1,0.0,0.0,0.0%,DB,2013
204,205,Ellis Lankster,0,0,0,0,0,0,0,0,1,0.0,0.0,0.0%,DB,2013
205,206,Jim Leonhard,0,0,0,0,0,0,0,0,1,0.0,0.0,0.0%,DB,2013
206,207,Craig Dahl,0,0,0,0,0,0,0,0,1,0.0,0.0,0.0%,DB,2013
207,208,Bubba Ventrone,0,0,0,0,0,0,1,0,1,0.0,0.0,0.0%,DB,2013
208,209,Michael Adams,0,0,0,0,0,0,0,0,1,0.0,0.0,0.0%,DB,2013
209,210,Antoine Cason,0,0,0,0,0,0,0,0,1,0.0,0.0,0.0%,DB,2013
210,211,John Wendling,0,0,0,0,0,0,0,0,1,0.0,0.0,0.0%,DB,2013
211,212,Richard Sherman,0,0,0,0,0,0,0,0,1,0.0,0.0,0.1%,DB,2013
212,213,Chykie Brown,0,0,0,0,0,0,0,0,1,0.0,0.0,0.0%,DB,2013
213,214,Mistral Raymond,0,0,0,0,0,0,0,0,1,0.0,0.0,0.0%,DB,2013
214,215,Charles Clay,0,0,0,0,0,0,0,0,1,0.0,0.0,0.0%,DB,2013
215,216,Colin Jones,0,0,0,0,0,0,0,0,1,0.0,0.0,5.0%,DB,2013
216,217,DeJon Gomes,3,0,0,0,0,0,0,0,1,0.0,0.0,0.0%,DB,2013
217,218,George Wilson,0,0,0,0,0,0,0,0,1,0.0,0.0,0.0%,DB,2013
218,219,Josh Thomas,0,0,0,0,0,0,0,0,1,0.0,0.0,0.0%,DB,2013
219,220,DeMarcus Van,0,0,0,0,0,0,0,0,1,0.0,0.0,0.0%,DB,2013
220,221,Curtis Marsh,0,0,0,0,0,0,0,0,1,0.0,0.0,0.0%,DB,2013
221,222,Curtis Brown,0,0,0,0,0,0,0,0,1,0.0,0.0,0.0%,DB,2013
222,223,Jalil Brown,0,0,0,0,0,0,0,0,1,0.0,0.0,0.0%,DB,2013
223,224,Chris Prosinski,0,0,0,0,0,0,0,0,1,0.0,0.0,4.0%,DB,2013
224,225,R.J. Stanford,0,0,0,0,0,0,0,0,1,0.0,0.0,0.0%,DB,2013
225,226,Antonio Allen,1,0,0,0,0,0,0,0,1,0.0,0.0,0.0%,DB,2013
226,227,Jayron Hosley,0,0,0,0,0,0,0,0,1,0.0,0.0,0.0%,DB,2013
227,228,Tavon Wilson,0,0,0,0,0,0,0,0,1,0.0,0.0,0.0%,DB,2013
228,229,Darrin Walls,0,0,0,0,0,0,0,0,1,0.0,0.0,0.0%,DB,2013
229,230,Isa Abdul-Quddus,0,0,0,0,0,0,0,0,1,0.0,0.0,0.0%,DB,2013
230,231,Ron Parker,0,0,0,0,0,0,0,0,1,0.0,0.0,0.0%,DB,2013
231,232,Anthony Walters,0,0,0,0,0,0,0,0,1,0.0,0.0,0.0%,DB,2013
232,233,Omar Bolden,0,0,0,0,0,0,0,0,1,0.0,0.0,0.0%,DB,2013
233,234,Anthony Levine,0,0,0,0,0,0,0,0,1,0.0,0.0,7.0%,DB,2013
234,235,Johnson Bademosi,0,0,0,0,0,0,0,0,1,0.0,0.0,0.0%,DB,2013
235,236,Antwon Blake,0,0,0,0,0,0,0,0,1,0.0,0.0,0.0%,DB,2013
236,237,Robert Golden,0,0,0,0,0,0,0,0,1,0.0,0.0,6.0%,DB,2013
237,238,Ron Brooks,0,0,0,0,0,0,0,0,1,0.0,0.0,0.0%,DB,2013
238,239,Jeremy Lane,0,0,0,0,0,0,0,0,1,0.0,0.0,0.0%,DB,2013
239,240,Jerron McMillian,0,0,0,0,0,0,0,0,1,0.0,0.0,0.0%,DB,2013
240,241,Josh Norman,0,0,0,0,0,0,0,0,1,0.0,0.0,3.0%,DB,2013
241,242,Asa Jackson,0,0,0,0,0,0,0,0,1,0.0,0.0,0.0%,DB,2013
242,243,Justin Bethel,0,0,0,0,0,0,0,0,1,0.0,0.0,0.0%,DB,2013
243,244,Winston Guy,0,0,0,0,0,0,0,0,1,0.0,0.0,0.0%,DB,2013
244,245,Josh Bush,0,0,0,0,0,0,0,0,1,0.0,0.0,0.0%,DB,2013
245,246,Jonte Green,0,0,0,0,0,0,0,0,1,0.0,0.0,0.0%,DB,2013
246,247,Nate Ebner,0,0,0,0,0,0,0,0,1,0.0,0.0,0.0%,DB,2013
247,248,D.J. Campbell,0,0,0,0,0,0,0,0,1,0.0,0.0,0.0%,DB,2013
248,249,Jeromy Miles,0,0,0,0,0,0,0,0,1,0.0,0.0,0.0%,DB,2013
249,250,Craig Steltz,0,0,0,0,0,0,0,0,1,0.0,0.0,0.0%,DB,2013
250,251,David Bruton,0,0,0,0,0,0,0,0,1,0.0,0.0,0.0%,DB,2013
251,252,Chris Clemons,3,0,0,1,0,0,0,0,1,0.0,0.0,0.0%,DB,2013
252,253,Corey Lynch,0,0,0,0,0,0,0,0,1,0.0,0.0,0.0%,DB,2013
253,254,Ryan Mundy,0,0,0,0,0,0,0,0,1,0.0,0.0,0.0%,DB,2013
254,255,James Ihedigbo,5,1,0,0,0,0,0,0,1,0.0,0.0,4.0%,DB,2013
255,256,C.J. Spillman,0,0,0,0,0,0,0,0,1,0.0,0.0,0.0%,DB,2013
256,257,Colt Anderson,0,0,0,0,0,0,0,0,1,0.0,0.0,0.0%,DB,2013
257,258,Sherrick McManis,0,0,0,0,0,0,0,0,1,0.0,0.0,0.0%,DB,2013
258,259,A.J. Jefferson,0,0,0,0,0,0,0,0,1,0.0,0.0,0.0%,DB,2013
259,260,Sergio Brown,0,0,0,0,0,0,0,0,1,0.0,0.0,0.0%,DB,2013
260,261,Dominique Franks,0,0,0,0,0,0,0,0,1,0.0,0.0,0.0%,DB,2013
261,262,Darrell Stuckey,0,0,0,0,0,0,0,0,1,0.0,0.0,3.0%,DB,2013
262,263,Crezdon Butler,0,0,0,0,0,0,0,0,1,0.0,0.0,0.0%,DB,2013
263,264,Javier Arenas,0,0,0,0,0,0,0,0,1,0.0,0.0,0.0%,DB,2013
264,265,Jerome Murphy,0,0,0,0,0,0,0,0,1,0.0,0.0,0.0%,DB,2013
265,266,Darious Williams,0,0,0,0,0,0,0,0,1,0.0,0.0,10.5%,DB,2013
266,267,Jarrod Wilson,0,0,0,0,0,0,0,0,1,0.0,0.0,0.0%,DB,2013
267,268,Adoree' Jackson,0,0,0,0,0,0,0,0,1,0.0,0.0,1.2%,DB,2013
