,Rank,Player,Tackle,Assist,Sack,Pass Defended,Interception,Forced Fumble,Fumble Recovery,Defend Touchdown,Games Played,Fantasy Football Points,FTPS/Game,ROST,Position,Year
0,1,Walter Thurmond,7,0,0.0,0,0,1,1,0,1,23.5,23.5,0.0%,DB,2013
1,2,Antrel Rolle,10,2,1.0,0,0,0,0,0,1,23.0,23.0,0.0%,DB,2013
2,3,Tramon Williams,6,1,0.5,0,0,1,1,0,1,22.3,22.3,0.0%,DB,2013
3,4,William Gay,9,2,0.0,1,0,0,0,0,1,21.5,21.5,0.1%,DB,2013
4,5,Will Blackmon,1,0,1.0,0,0,1,1,1,1,19.5,19.5,4.0%,DB,2013
5,6,Lardarius Webb,2,3,0.0,6,1,0,0,0,1,19.3,19.3,0.0%,DB,2013
6,7,Andrew Sendejo,8,8,0.0,0,0,0,0,0,1,18.0,18.0,0.0%,DB,2013
7,8,Rashean Mathis,8,0,0.0,2,0,0,0,0,1,17.5,17.5,0.0%,DB,2013
8,9,DeAngelo Hall,7,4,0.0,0,0,1,0,0,1,17.5,17.5,0.0%,DB,2013
9,10,Barry Church,9,5,0.0,0,0,0,0,0,1,17.3,17.3,2.0%,DB,2013
10,11,Usama Young,5,2,1.0,1,0,0,0,0,1,17.0,17.0,0.0%,DB,2013
11,12,Tracy Porter,3,0,0.0,1,1,0,0,1,1,17.0,17.0,0.0%,DB,2013
12,13,Darrelle Revis,4,0,0.0,1,1,0,0,0,1,15.0,15.0,0.0%,DB,2013
13,14,Trumaine Johnson,3,1,0.0,3,1,0,0,0,1,14.8,14.8,0.0%,DB,2013
14,15,Reed Doughty,5,5,0.0,0,0,0,0,0,1,13.8,13.8,0.0%,DB,2013
15,16,Jairus Byrd,4,1,0.0,1,1,0,0,0,1,13.3,13.3,0.0%,DB,2013
16,17,Dwayne Gratz,4,1,0.0,1,1,0,0,0,1,13.3,13.3,0.0%,DB,2013
17,18,Chris Conte,2,1,0.0,3,1,0,0,0,1,13.3,13.3,0.0%,DB,2013
18,19,Terence Newman,4,1,0.0,1,1,0,0,0,1,13.3,13.3,0.0%,DB,2013
19,20,Jeff Heath,6,3,0.0,1,0,0,0,0,1,12.8,12.8,1.0%,DB,2013
20,21,D.J. Swearinger,1,1,0.0,2,1,0,0,0,1,12.8,12.8,0.0%,DB,2013
21,22,Brandon Meriweather,3,2,0.0,1,1,0,0,0,1,12.5,12.5,0.0%,DB,2013
22,23,Jimmy Smith,4,1,0.0,2,0,0,0,0,1,12.3,12.3,0.0%,DB,2013
23,24,Dashon Goldson,6,2,0.0,1,0,0,0,0,1,12.0,12.0,0.0%,DB,2013
24,25,Donte Whitner,4,2,0.0,0,0,1,0,0,1,11.5,11.5,1.0%,DB,2013
25,26,Aaron Williams,5,0,0.0,1,0,0,0,0,1,11.5,11.5,0.0%,DB,2013
26,27,Tyrann Mathieu,6,1,0.0,1,0,0,0,0,1,11.3,11.3,10.0%,DB,2013
27,28,Desmond Trufant,5,1,0.0,2,0,0,0,0,1,11.3,11.3,0.0%,DB,2013
28,29,Nolan Carroll,2,0,1.0,1,0,0,0,0,1,11.0,11.0,0.0%,DB,2013
29,30,Brandon Boykin,3,0,0.0,1,1,0,0,0,1,11.0,11.0,0.0%,DB,2013
30,31,Nate Allen,4,1,0.0,0,0,1,0,0,1,10.8,10.8,0.0%,DB,2013
31,32,Sam Shields,7,0,0.0,0,0,0,0,0,1,10.5,10.5,6.0%,DB,2013
32,33,Charles Tillman,5,0,0.0,2,0,0,0,0,1,10.5,10.5,0.1%,DB,2013
33,34,Cary Williams,7,0,0.0,0,0,0,0,0,1,10.5,10.5,0.0%,DB,2013
34,35,Chris Harris,5,0,0.0,2,0,0,0,0,1,10.5,10.5,0.0%,DB,2013
35,36,Alterraun Verner,2,1,0.0,1,1,0,0,0,1,10.3,10.3,0.0%,DB,2013
36,37,Reshad Jones,5,0,0.0,0,0,0,0,0,1,10.0,10.0,0.0%,DB,2013
37,38,Cortland Finnegan,5,3,0.0,0,0,0,0,0,1,9.8,9.8,0.0%,DB,2013
38,39,Orlando Scandrick,6,1,0.0,0,0,0,0,0,1,9.8,9.8,0.0%,DB,2013
39,40,Jimmy Wilson,2,0,0.0,1,1,0,0,0,1,9.5,9.5,0.0%,DB,2013
40,41,Louis Delmas,4,1,0.0,0,0,0,0,0,1,9.3,9.3,0.0%,DB,2013
41,42,William Moore,3,3,0.0,0,0,0,0,0,1,9.3,9.3,0.0%,DB,2013
42,43,Charles Woodson,5,2,0.0,0,0,0,0,0,1,9.0,9.0,0.0%,DB,2013
43,44,Tarell Brown,4,0,0.0,2,0,0,0,0,1,9.0,9.0,0.0%,DB,2013
44,45,M.D. Jennings,6,0,0.0,0,0,0,0,0,1,9.0,9.0,0.0%,DB,2013
45,46,Roc Carmichael,4,0,0.0,2,0,0,0,0,1,9.0,9.0,0.0%,DB,2013
46,47,Kayvon Webster,4,1,0.0,1,0,0,0,0,1,8.3,8.3,0.0%,DB,2013
47,48,Patrick Chung,4,1,0.0,1,0,0,0,0,1,8.3,8.3,0.0%,DB,2013
48,49,Eric Weddle,4,3,0.0,0,0,0,0,0,1,8.3,8.3,11.0%,DB,2013
49,50,Asante Samuel,5,1,0.0,0,0,0,0,0,1,8.3,8.3,0.0%,DB,2013
50,51,Chris Crocker,4,1,0.0,1,0,0,0,0,1,8.3,8.3,0.0%,DB,2013
51,52,Bernard Pollard,5,1,0.0,0,0,0,0,0,1,8.3,8.3,0.0%,DB,2013
52,53,Michael Adams,4,1,0.0,1,0,0,0,0,1,8.3,8.3,0.0%,DB,2013
53,54,Janoris Jenkins,5,1,0.0,0,0,0,0,0,1,8.3,8.3,1.0%,DB,2013
54,55,Mike Mitchell,2,2,0.5,1,0,0,0,0,1,8.0,8.0,0.0%,DB,2013
55,56,Ryan Clark,0,2,0.0,1,1,0,0,0,1,8.0,8.0,0.0%,DB,2013
56,57,Tramaine Brock,1,0,0.0,1,1,0,0,0,1,8.0,8.0,0.0%,DB,2013
57,58,Terrell Thomas,0,0,0.0,2,1,0,0,0,1,8.0,8.0,0.0%,DB,2013
58,59,Drayton Florence,0,0,0.0,2,1,0,0,0,1,8.0,8.0,0.0%,DB,2013
59,60,Corey Graham,2,3,0.0,0,0,0,0,0,1,7.8,7.8,0.0%,DB,2013
60,61,Matt Elam,2,1,0.0,1,0,0,0,0,1,7.8,7.8,0.0%,DB,2013
61,62,Reggie Nelson,3,1,0.0,0,0,0,0,0,1,7.8,7.8,0.0%,DB,2013
62,63,Major Wright,4,2,0.0,0,0,0,0,0,1,7.5,7.5,0.0%,DB,2013
63,64,Josh Robinson,3,4,0.0,0,0,0,0,0,1,7.5,7.5,0.0%,DB,2013
64,65,Alan Ball,3,0,0.0,2,0,0,0,0,1,7.5,7.5,0.0%,DB,2013
65,66,Johnthan Banks,5,0,0.0,0,0,0,0,0,1,7.5,7.5,0.0%,DB,2013
66,67,Michael Griffin,4,2,0.0,0,0,0,0,0,1,7.5,7.5,5.0%,DB,2013
67,68,Cassius Vaughn,2,0,0.0,0,0,0,1,0,1,7.0,7.0,0.0%,DB,2013
68,69,Quintin Mikell,2,0,0.0,0,0,0,1,0,1,7.0,7.0,0.0%,DB,2013
69,70,Jabari Greer,1,1,0.0,3,0,0,0,0,1,6.8,6.8,0.0%,DB,2013
70,71,Shiloh Keo,4,1,0.0,0,0,0,0,0,1,6.8,6.8,0.0%,DB,2013
71,72,Brandon Carr,4,1,0.0,0,0,0,0,0,1,6.8,6.8,0.0%,DB,2013
72,73,Ike Taylor,3,0,0.0,1,0,0,0,0,1,6.0,6.0,0.0%,DB,2013
73,74,Kareem Jackson,4,0,0.0,0,0,0,0,0,1,6.0,6.0,0.7%,DB,2013
74,75,Chris Houston,4,0,0.0,0,0,0,0,0,1,6.0,6.0,0.0%,DB,2013
75,76,Captain Munnerlyn,3,0,0.0,1,0,0,0,0,1,6.0,6.0,0.0%,DB,2013
76,77,Darian Stewart,2,0,0.0,2,0,0,0,0,1,6.0,6.0,0.0%,DB,2013
77,78,Josh Wilson,2,2,0.0,1,0,0,0,0,1,6.0,6.0,0.0%,DB,2013
78,79,Troy Polamalu,3,0,0.0,1,0,0,0,0,1,6.0,6.0,0.0%,DB,2013
79,80,Dominique Rodgers-Cromartie,4,0,0.0,0,0,0,0,0,1,6.0,6.0,0.0%,DB,2013
80,81,Brent Grimes,1,0,0.0,3,0,0,0,0,1,6.0,6.0,0.0%,DB,2013
81,82,Johnathan Joseph,4,0,0.0,0,0,0,0,0,1,6.0,6.0,0.0%,DB,2013
82,83,Quentin Jammer,3,0,0.0,1,0,0,0,0,1,6.0,6.0,0.0%,DB,2013
83,84,Antoine Bethea,3,2,0.0,0,0,0,0,0,1,6.0,6.0,28.0%,DB,2013
84,85,Kam Chancellor,3,2,0.0,0,0,0,0,0,1,6.0,6.0,0.1%,DB,2013
85,86,Jerraud Powers,3,0,0.0,1,0,0,0,0,1,6.0,6.0,0.0%,DB,2013
86,87,Patrick Peterson,4,0,0.0,0,0,0,0,0,1,6.0,6.0,0.9%,DB,2013
87,88,Josh Evans,3,2,0.0,0,0,0,0,0,1,6.0,6.0,0.0%,DB,2013
88,89,Cooper Taylor,0,0,0.0,0,0,0,0,0,1,6.0,6.0,0.0%,DB,2013
89,90,Xavier Rhodes,3,2,0.0,0,0,0,0,0,1,6.0,6.0,0.0%,DB,2013
90,91,Cortez Allen,3,0,0.0,1,0,0,0,0,1,6.0,6.0,0.0%,DB,2013
91,92,Kenny Vaccaro,3,0,0.0,1,0,0,0,0,1,6.0,6.0,4.0%,DB,2013
92,93,Marcus Gilchrist,3,2,0.0,0,0,0,0,0,1,6.0,6.0,0.0%,DB,2013
93,94,Eric Reid,1,0,0.0,0,0,0,1,0,1,5.5,5.5,0.0%,DB,2013
94,95,Mike Jenkins,3,1,0.0,0,0,0,0,0,1,5.3,5.3,0.0%,DB,2013
95,96,Mike Adams,3,1,0.0,0,0,0,0,0,1,5.3,5.3,0.4%,DB,2013
96,97,Prince Amukamara,3,1,0.0,0,0,0,0,0,1,5.3,5.3,0.0%,DB,2013
97,98,Earl Wolff,1,1,0.0,0,0,0,0,0,1,4.8,4.8,0.0%,DB,2013
98,99,George Iloka,2,2,0.0,0,0,0,0,0,1,4.5,4.5,0.0%,DB,2013
99,100,Adam Jones,1,0,0.0,2,0,0,0,0,1,4.5,4.5,0.0%,DB,2013
100,101,Isaiah Frey,2,2,0.0,0,0,0,0,0,1,4.5,4.5,0.0%,DB,2013
101,102,Tim Jennings,2,2,0.0,0,0,0,0,0,1,4.5,4.5,0.0%,DB,2013
102,103,Robert Blanton,0,6,0.0,0,0,0,0,0,1,4.5,4.5,0.0%,DB,2013
103,104,Mistral Raymond,1,2,0.0,1,0,0,0,0,1,4.5,4.5,0.0%,DB,2013
104,105,Brandian Ross,2,2,0.0,0,0,0,0,0,1,4.5,4.5,0.0%,DB,2013
105,106,Richard Sherman,3,0,0.0,0,0,0,0,0,1,4.5,4.5,0.1%,DB,2013
106,107,LaRon Landry,3,0,0.0,0,0,0,0,0,1,4.5,4.5,0.0%,DB,2013
107,108,Johnathan Cyprien,2,2,0.0,0,0,0,0,0,1,4.5,4.5,0.0%,DB,2013
108,109,Brandon Harris,1,0,0.0,2,0,0,0,0,1,4.5,4.5,0.0%,DB,2013
109,110,Rashad Johnson,3,0,0.0,0,0,0,0,0,1,4.5,4.5,0.0%,DB,2013
110,111,Trumaine McBride,2,0,0.0,1,0,0,0,0,1,4.5,4.5,0.0%,DB,2013
111,112,Vontae Davis,2,0,0.0,1,0,0,0,0,1,4.5,4.5,0.0%,DB,2013
112,113,Johnny Patrick,3,0,0.0,0,0,0,0,0,1,4.5,4.5,0.0%,DB,2013
113,114,Leodis McKelvin,3,0,0.0,0,0,0,0,0,1,4.5,4.5,0.0%,DB,2013
114,115,Thomas DeCoud,2,2,0.0,0,0,0,0,0,1,4.5,4.5,0.0%,DB,2013
115,116,Stephon Gilmore,3,0,0.0,0,0,0,0,0,1,4.5,4.5,1.5%,DB,2013
116,117,Morgan Burnett,3,0,0.0,0,0,0,0,0,1,4.5,4.5,0.0%,DB,2013
117,118,Glover Quin,2,1,0.0,0,0,0,0,0,1,3.8,3.8,0.0%,DB,2013
118,119,Rahim Moore,1,1,0.0,1,0,0,0,0,1,3.8,3.8,0.0%,DB,2013
119,120,B.W. Webb,2,1,0.0,0,0,0,0,0,1,3.8,3.8,0.0%,DB,2013
120,121,Will Hill,1,2,0.0,0,0,0,0,0,1,3.0,3.0,0.0%,DB,2013
121,122,Earl Thomas,1,0,0.0,1,0,0,0,0,1,3.0,3.0,1.1%,DB,2013
122,123,Carlos Rogers,2,0,0.0,0,0,0,0,0,1,3.0,3.0,0.0%,DB,2013
123,124,Corey White,0,0,0.0,2,0,0,0,0,1,3.0,3.0,0.0%,DB,2013
124,125,Shareece Wright,2,0,0.0,0,0,0,0,0,1,3.0,3.0,0.0%,DB,2013
125,126,Winston Guy,2,0,0.0,0,0,0,0,0,1,3.0,3.0,0.0%,DB,2013
126,127,Rodney McLeod,1,0,0.0,1,0,0,0,0,1,3.0,3.0,0.4%,DB,2013
127,128,Don Carey,2,0,0.0,0,0,0,0,0,1,3.0,3.0,0.0%,DB,2013
128,129,David Bruton,2,0,0.0,0,0,0,0,0,1,3.0,3.0,0.0%,DB,2013
129,130,Craig Dahl,2,0,0.0,0,0,0,0,0,1,3.0,3.0,0.0%,DB,2013
130,131,Darius Slay,2,0,0.0,0,0,0,0,0,1,3.0,3.0,10.0%,DB,2013
131,132,Richard Marshall,2,0,0.0,0,0,0,0,0,1,3.0,3.0,0.0%,DB,2013
132,133,Byron Maxwell,0,0,0.0,2,0,0,0,0,1,3.0,3.0,0.0%,DB,2013
133,134,Nickell Robey-Coleman,2,0,0.0,0,0,0,0,0,1,3.0,3.0,0.0%,DB,2013
134,135,Melvin White,2,0,0.0,0,0,0,0,0,1,3.0,3.0,0.0%,DB,2013
135,136,Robert Alford,1,1,0.0,0,0,0,0,0,1,2.3,2.3,0.0%,DB,2013
136,137,Brice McCain,1,1,0.0,0,0,0,0,0,1,2.3,2.3,0.0%,DB,2013
137,138,Jim Leonhard,1,1,0.0,0,0,0,0,0,1,2.3,2.3,0.0%,DB,2013
138,139,Chris Carr,0,1,0.0,1,0,0,0,0,1,2.3,2.3,0.0%,DB,2013
139,140,E.J. Biggers,1,1,0.0,0,0,0,0,0,1,2.3,2.3,0.0%,DB,2013
140,141,Jason McCourty,1,0,0.0,0,0,0,0,0,1,1.5,1.5,0.0%,DB,2013
141,142,Zackary Bowman,1,0,0.0,0,0,0,0,0,1,1.5,1.5,0.0%,DB,2013
142,143,Phillip Adams,1,0,0.0,0,0,0,0,0,1,1.5,1.5,0.0%,DB,2013
143,144,Rafael Bush,1,0,0.0,0,0,0,0,0,1,1.5,1.5,0.0%,DB,2013
144,145,Colt Anderson,1,0,0.0,0,0,0,0,0,1,1.5,1.5,0.0%,DB,2013
145,146,Yeremiah Bell,1,0,0.0,0,0,0,0,0,1,1.5,1.5,0.0%,DB,2013
146,147,Davon House,1,0,0.0,0,0,0,0,0,1,1.5,1.5,0.0%,DB,2013
147,148,Chris Banjo,1,0,0.0,0,0,0,0,0,1,1.5,1.5,0.0%,DB,2013
148,149,Coty Sensabaugh,0,0,0.0,1,0,0,0,0,1,1.5,1.5,0.0%,DB,2013
149,150,Micah Pellerin,1,0,0.0,0,0,0,0,0,1,1.5,1.5,0.0%,DB,2013
150,151,Da'Norris Searcy,0,2,0.0,0,0,0,0,0,1,1.5,1.5,0.0%,DB,2013
151,152,Marcus Sherels,1,0,0.0,0,0,0,0,0,1,1.5,1.5,0.0%,DB,2013
152,153,Bacarri Rambo,1,0,0.0,0,0,0,0,0,1,1.5,1.5,0.0%,DB,2013
153,154,Leonard Johnson,0,0,0.0,1,0,0,0,0,1,1.5,1.5,0.0%,DB,2013
154,155,Brandon Browner,0,0,0.0,1,0,0,0,0,1,1.5,1.5,0.0%,DB,2013
155,156,Jahleel Addae,1,0,0.0,0,0,0,0,0,1,1.5,1.5,0.0%,DB,2013
156,157,Keenan Lewis,1,0,0.0,0,0,0,0,0,1,1.5,1.5,0.0%,DB,2013
157,158,Will Allen,1,0,0.0,0,0,0,0,0,1,1.5,1.5,0.0%,DB,2013
158,159,Derek Cox,1,0,0.0,0,0,0,0,0,1,1.5,1.5,0.0%,DB,2013
159,160,Chykie Brown,0,1,0.0,0,0,0,0,0,1,0.8,0.8,0.0%,DB,2013
160,161,Ryan Mundy,0,1,0.0,0,0,0,0,0,1,0.8,0.8,0.0%,DB,2013
161,162,Mike Harris,0,1,0.0,0,0,0,0,0,1,0.8,0.8,0.0%,DB,2013
162,163,Shawn Williams,0,0,0.0,0,0,0,0,0,1,0.0,0.0,10.0%,DB,2013
163,164,Blidi Wreh-Wilson,0,0,0.0,0,0,0,0,0,1,0.0,0.0,0.0%,DB,2013
164,165,Duke Williams,0,0,0.0,0,0,0,0,0,1,0.0,0.0,0.0%,DB,2013
165,166,Shamarko Thomas,0,0,0.0,0,0,0,0,0,1,0.0,0.0,0.0%,DB,2013
166,167,Robert Lester,0,0,0.0,0,0,0,0,0,1,0.0,0.0,0.0%,DB,2013
167,168,Brandon McGee,0,0,0.0,0,0,0,0,0,1,0.0,0.0,0.0%,DB,2013
168,169,Micah Hyde,0,0,0.0,0,0,0,0,0,1,0.0,0.0,1.2%,DB,2013
169,170,Zeke Motta,0,0,0.0,0,0,0,0,0,1,0.0,0.0,0.0%,DB,2013
170,171,Tony Jefferson,0,0,0.0,0,0,0,0,0,1,0.0,0.0,0.0%,DB,2013
171,172,Josh Victorian,0,0,0.0,0,0,0,0,0,1,0.0,0.0,0.0%,DB,2013
172,173,David Amerson,0,0,0.0,0,0,0,0,0,1,0.0,0.0,0.0%,DB,2013
173,174,Jamar Taylor,0,0,0.0,0,0,0,0,0,1,0.0,0.0,0.0%,DB,2013
174,175,Demetrius McCray,0,0,0.0,0,0,0,0,0,1,0.0,0.0,0.0%,DB,2013
175,176,Daimion Stafford,0,0,0.0,0,0,0,0,0,1,0.0,0.0,4.0%,DB,2013
176,177,Don Jones,0,0,0.0,0,0,0,0,0,1,0.0,0.0,2.0%,DB,2013
177,178,Chris Maragos,0,0,0.0,0,0,0,0,0,1,0.0,0.0,0.0%,DB,2013
178,179,Ray-Ray Armstrong,0,0,0.0,0,0,0,0,0,1,0.0,0.0,0.0%,DB,2013
179,180,Brynden Trawick,0,0,0.0,0,0,0,0,0,1,0.0,0.0,0.0%,DB,2013
180,181,Darryl Morris,0,0,0.0,0,0,0,0,0,1,0.0,0.0,0.0%,DB,2013
181,182,Cody Davis,0,0,0.0,0,0,0,0,0,1,0.0,0.0,0.0%,DB,2013
182,183,Teddy Williams,0,0,0.0,0,0,0,0,0,1,0.0,0.0,0.0%,DB,2013
183,184,Eddie Pleasant,0,0,0.0,0,0,0,0,0,1,0.0,0.0,0.0%,DB,2013
184,185,Jakar Hamilton,0,0,0.0,0,0,0,0,0,1,0.0,0.0,0.0%,DB,2013
185,186,Kyle Nelson,0,0,0.0,0,0,0,0,0,1,0.0,0.0,0.0%,DB,2013
186,187,Charles James,0,0,0.0,0,0,0,0,0,1,0.0,0.0,0.0%,DB,2013
187,188,Kelcie McCray,0,0,0.0,0,0,0,0,0,1,0.0,0.0,2.0%,DB,2013
188,189,Trenton Robinson,0,0,0.0,0,0,0,0,0,1,0.0,0.0,0.0%,DB,2013
189,190,Robert Golden,0,0,0.0,0,0,0,0,0,1,0.0,0.0,6.0%,DB,2013
190,191,John Wendling,0,0,0.0,0,0,0,0,0,1,0.0,0.0,0.0%,DB,2013
191,192,Bubba Ventrone,0,0,0.0,0,0,0,0,0,1,0.0,0.0,0.0%,DB,2013
192,193,Antoine Cason,0,0,0.0,0,0,0,0,0,1,0.0,0.0,0.0%,DB,2013
193,194,Jarrett Bush,0,0,0.0,0,0,0,0,0,1,0.0,0.0,0.0%,DB,2013
194,195,DeJon Gomes,0,0,0.0,0,0,0,0,0,1,0.0,0.0,0.0%,DB,2013
195,196,Charles Clay,0,0,0.0,0,0,0,0,0,1,0.0,0.0,0.0%,DB,2013
196,197,Colin Jones,0,0,0.0,0,0,0,0,0,1,0.0,0.0,5.0%,DB,2013
197,198,Josh Thomas,0,0,0.0,0,0,0,0,0,1,0.0,0.0,0.0%,DB,2013
198,199,Elbert Mack,0,0,0.0,0,0,0,0,0,1,0.0,0.0,0.0%,DB,2013
199,200,George Wilson,0,0,0.0,0,0,0,0,0,1,0.0,0.0,0.0%,DB,2013
200,201,Curtis Marsh,0,0,0.0,0,0,0,0,0,1,0.0,0.0,0.0%,DB,2013
201,202,Curtis Brown,0,0,0.0,0,0,0,0,0,1,0.0,0.0,0.0%,DB,2013
202,203,Chimdi Chekwa,0,0,0.0,0,0,0,0,0,1,0.0,0.0,0.0%,DB,2013
203,204,Jalil Brown,0,0,0.0,0,0,0,0,0,1,0.0,0.0,0.0%,DB,2013
204,205,Chris Prosinski,0,0,0.0,0,0,0,0,0,1,0.0,0.0,4.0%,DB,2013
205,206,Ed Reed,0,0,0.0,0,0,0,0,0,1,0.0,0.0,0.0%,DB,2013
206,207,Antwon Blake,0,0,0.0,0,0,0,0,0,1,0.0,0.0,0.0%,DB,2013
207,208,Anthony Walters,0,0,0.0,0,0,0,0,0,1,0.0,0.0,0.0%,DB,2013
208,209,Matt Giordano,0,0,0.0,0,0,0,0,0,1,0.0,0.0,0.0%,DB,2013
209,210,R.J. Stanford,0,0,0.0,0,0,0,0,0,1,0.0,0.0,0.0%,DB,2013
210,211,Sergio Brown,0,0,0.0,0,0,0,0,0,1,0.0,0.0,0.0%,DB,2013
211,212,Sherrick McManis,0,0,0.0,0,0,0,0,0,1,0.0,0.0,0.0%,DB,2013
212,213,Danny McCray,0,0,0.0,0,0,0,0,0,1,0.0,0.0,0.0%,DB,2013
213,214,A.J. Jefferson,0,0,0.0,0,0,0,0,0,1,0.0,0.0,0.0%,DB,2013
214,215,Jeromy Miles,0,0,0.0,0,0,0,0,0,1,0.0,0.0,0.0%,DB,2013
215,216,Isa Abdul-Quddus,0,0,0.0,0,0,0,0,0,1,0.0,0.0,0.0%,DB,2013
216,217,Dre Kirkpatrick,0,0,0.0,0,0,0,0,0,1,0.0,0.0,0.0%,DB,2013
217,218,Robert McClain,0,0,0.0,0,0,0,0,0,1,0.0,0.0,0.0%,DB,2013
218,219,Jonte Green,0,0,0.0,0,0,0,0,0,1,0.0,0.0,0.0%,DB,2013
219,220,D.J. Campbell,0,0,0.0,0,0,0,0,0,1,0.0,0.0,0.0%,DB,2013
220,221,Anthony Levine,0,0,0.0,0,0,0,0,0,1,0.0,0.0,7.0%,DB,2013
221,222,Tony Carter,0,0,0.0,0,0,0,0,0,1,0.0,0.0,0.0%,DB,2013
222,223,Justin Bethel,0,0,0.0,0,0,0,0,0,1,0.0,0.0,0.0%,DB,2013
223,224,Omar Bolden,0,0,0.0,0,0,0,0,0,1,0.0,0.0,0.0%,DB,2013
224,225,Casey Hayward,0,0,0.0,0,0,0,0,0,1,0.0,0.0,0.0%,DB,2013
225,226,Ron Brooks,0,0,0.0,0,0,0,0,0,1,0.0,0.0,0.0%,DB,2013
226,227,Keith Tandy,0,0,0.0,0,0,0,0,0,1,0.0,0.0,0.0%,DB,2013
227,228,Jerron McMillian,0,0,0.0,0,0,0,0,0,1,0.0,0.0,0.0%,DB,2013
228,229,Shaun Prater,0,0,0.0,0,0,0,0,0,1,0.0,0.0,0.0%,DB,2013
229,230,Jeremy Lane,0,0,0.0,0,0,0,0,0,1,0.0,0.0,0.0%,DB,2013
230,231,Kurt Coleman,0,0,0.0,0,0,0,0,0,1,0.0,0.0,0.0%,DB,2013
231,232,Darius Butler,0,0,0.0,0,0,0,0,0,1,0.0,0.0,0.0%,DB,2013
232,233,Chris Clemons,3,2,0.0,0,0,0,0,0,1,0.0,0.0,0.0%,DB,2013
233,234,Craig Steltz,0,0,0.0,0,0,0,0,0,1,0.0,0.0,0.0%,DB,2013
234,235,Corey Lynch,0,0,0.0,0,0,0,0,0,1,0.0,0.0,0.0%,DB,2013
235,236,James Ihedigbo,6,3,0.0,3,2,0,0,0,1,0.0,0.0,4.0%,DB,2013
236,237,Perrish Cox,0,0,0.0,0,0,0,0,0,1,0.0,0.0,0.0%,DB,2013
237,238,Javier Arenas,0,0,0.0,0,0,0,0,0,1,0.0,0.0,0.0%,DB,2013
238,239,Jerome Murphy,0,0,0.0,0,0,0,0,0,1,0.0,0.0,0.0%,DB,2013
239,240,Kendrick Lewis,0,0,0.0,0,0,0,0,0,1,0.0,0.0,0.0%,DB,2013
240,241,Darrell Stuckey,0,0,0.0,0,0,0,0,0,1,0.0,0.0,3.0%,DB,2013
241,242,Crezdon Butler,0,0,0.0,0,0,0,0,0,1,0.0,0.0,0.0%,DB,2013
242,243,C.J. Spillman,0,0,0.0,0,0,0,0,0,1,0.0,0.0,0.0%,DB,2013
243,244,Dominique Franks,0,0,0.0,0,0,0,0,0,1,0.0,0.0,0.0%,DB,2013
244,245,Brandon Ghee,0,0,0.0,0,0,0,0,0,1,0.0,0.0,0.0%,DB,2013
245,246,Larry Asante,0,0,0.0,0,0,0,0,0,1,0.0,0.0,0.0%,DB,2013
246,247,Darious Williams,0,0,0.0,0,0,0,0,0,1,0.0,0.0,10.5%,DB,2013
247,248,Jarrod Wilson,0,0,0.0,0,0,0,0,0,1,0.0,0.0,0.0%,DB,2013
248,249,Anthony Jefferson,0,0,0.0,0,0,0,0,0,1,0.0,0.0,0.0%,DB,2013
