,Rank,Player,Tackle,Assist,Sack,Pass Defended,Interception,Forced Fumble,Fumble Recovery,Defend Touchdown,Games Played,Fantasy Football Points,FTPS/Game,ROST,Position,Year
0,1,Dee Milliner,8,1,0.0,5,1,0,0,0,1,25.3,25.3,0.0%,DB,2013
1,2,Will Hill,4,5,0.0,1,1,0,0,1,1,22.3,22.3,0.0%,DB,2013
2,3,Cortez Allen,5,1,0.0,2,1,0,0,1,1,22.3,22.3,0.0%,DB,2013
3,4,Nickell Robey-Coleman,3,1,2.0,1,0,0,0,0,1,22.3,22.3,0.0%,DB,2013
4,5,Nolan Carroll,5,1,1.0,1,1,0,0,0,1,21.3,21.3,0.0%,DB,2013
5,6,Richard Sherman,3,5,0.0,2,2,0,0,0,1,21.3,21.3,0.1%,DB,2013
6,7,Kam Chancellor,6,5,0.0,2,1,0,0,0,1,20.8,20.8,0.1%,DB,2013
7,8,Josh Wilson,6,1,0.0,1,0,1,1,0,1,19.3,19.3,0.0%,DB,2013
8,9,Mike Adams,6,3,0.0,2,1,0,0,0,1,19.3,19.3,0.4%,DB,2013
9,10,Captain Munnerlyn,3,6,1.5,1,0,0,0,0,1,19.0,19.0,0.0%,DB,2013
10,11,Leodis McKelvin,4,2,0.0,3,1,0,0,0,1,17.0,17.0,0.0%,DB,2013
11,12,Kyle Arrington,4,4,1.0,1,0,0,0,0,1,17.0,17.0,0.0%,DB,2013
12,13,Eric Berry,7,0,0.0,0,0,1,0,0,1,17.0,17.0,0.0%,DB,2013
13,14,T.J. McDonald,6,0,1.0,0,0,0,0,0,1,15.5,15.5,0.0%,DB,2013
14,15,Quintin Mikell,3,4,1.0,1,0,0,0,0,1,15.5,15.5,0.0%,DB,2013
15,16,Brandon Boykin,1,0,0.0,2,1,0,0,1,1,15.5,15.5,0.0%,DB,2013
16,17,Kareem Jackson,6,1,0.0,2,0,0,0,0,1,15.3,15.3,0.7%,DB,2013
17,18,Logan Ryan,0,1,0.0,3,2,0,0,0,1,15.3,15.3,1.3%,DB,2013
18,19,Brandon Meriweather,5,1,1.0,0,0,0,0,0,1,14.8,14.8,0.0%,DB,2013
19,20,Tramaine Brock,4,1,0.0,2,1,0,0,0,1,14.8,14.8,0.0%,DB,2013
20,21,Glover Quin,4,1,0.0,2,1,0,0,0,1,14.8,14.8,0.0%,DB,2013
21,22,Johnathan Cyprien,7,2,0.0,0,0,0,0,0,1,14.5,14.5,0.0%,DB,2013
22,23,Ryan Clark,9,1,0.0,0,0,0,0,0,1,14.3,14.3,0.0%,DB,2013
23,24,DeAngelo Hall,4,0,0.0,2,1,0,0,0,1,14.0,14.0,0.0%,DB,2013
24,25,Tavon Wilson,1,0,0.0,1,1,0,0,1,1,14.0,14.0,0.0%,DB,2013
25,26,Keith Tandy,6,1,0.0,0,0,0,1,0,1,13.8,13.8,0.0%,DB,2013
26,27,Cary Williams,4,0,0.0,2,0,0,1,0,1,13.0,13.0,0.0%,DB,2013
27,28,Jerraud Powers,4,0,0.0,2,0,1,0,0,1,13.0,13.0,0.0%,DB,2013
28,29,Reshad Jones,7,3,0.0,0,0,0,0,0,1,12.8,12.8,0.0%,DB,2013
29,30,Antrel Rolle,5,1,0.0,0,0,0,1,0,1,12.3,12.3,0.0%,DB,2013
30,31,Chris Conte,7,2,0.0,0,0,0,0,0,1,12.0,12.0,0.0%,DB,2013
31,32,Shareece Wright,7,0,0.0,1,0,0,0,0,1,12.0,12.0,0.0%,DB,2013
32,33,Jim Leonhard,3,1,0.0,1,1,0,0,0,1,11.8,11.8,0.0%,DB,2013
33,34,Tim Jennings,5,0,0.0,0,0,1,0,0,1,11.5,11.5,0.0%,DB,2013
34,35,Tramon Williams,4,2,0.0,0,0,0,1,0,1,11.5,11.5,0.0%,DB,2013
35,36,Ryan Mundy,5,5,0.0,0,0,0,0,0,1,11.3,11.3,0.0%,DB,2013
36,37,Brandian Ross,7,1,0.0,0,0,0,0,0,1,11.3,11.3,0.0%,DB,2013
37,38,Mike Jenkins,3,0,0.0,1,1,0,0,0,1,11.0,11.0,0.0%,DB,2013
38,39,Eric Weddle,2,2,0.0,1,1,0,0,0,1,11.0,11.0,11.0%,DB,2013
39,40,Troy Polamalu,3,1,0.0,1,0,1,0,0,1,10.8,10.8,0.0%,DB,2013
40,41,George Wilson,1,0,0.0,1,1,0,0,0,1,10.5,10.5,0.0%,DB,2013
41,42,Major Wright,7,0,0.0,0,0,0,0,0,1,10.5,10.5,0.0%,DB,2013
42,43,Marcus Sherels,5,2,0.0,1,0,0,0,0,1,10.5,10.5,0.0%,DB,2013
43,44,Morgan Burnett,6,2,0.0,0,0,0,0,0,1,10.5,10.5,0.0%,DB,2013
44,45,Bradley Fletcher,7,0,0.0,0,0,0,0,0,1,10.5,10.5,0.0%,DB,2013
45,46,Brandon Flowers,6,0,0.0,1,0,0,0,0,1,10.5,10.5,0.0%,DB,2013
46,47,Jeff Heath,2,1,0.0,1,1,0,0,0,1,10.3,10.3,1.0%,DB,2013
47,48,Malcolm Jenkins,2,1,0.0,1,1,0,0,0,1,10.3,10.3,15.0%,DB,2013
48,49,Johnthan Banks,5,0,0.0,0,0,0,0,0,1,10.0,10.0,0.0%,DB,2013
49,50,Will Blackmon,5,0,0.0,0,0,0,0,0,1,10.0,10.0,4.0%,DB,2013
50,51,Charles Woodson,4,3,0.0,1,0,0,0,0,1,9.8,9.8,0.0%,DB,2013
51,52,Trumaine McBride,4,1,0.0,2,0,0,0,0,1,9.8,9.8,0.0%,DB,2013
52,53,Shiloh Keo,4,1,0.0,2,0,0,0,0,1,9.8,9.8,0.0%,DB,2013
53,54,Melvin White,5,1,0.0,1,0,0,0,0,1,9.8,9.8,0.0%,DB,2013
54,55,Tashaun Gipson,6,1,0.0,0,0,0,0,0,1,9.8,9.8,0.4%,DB,2013
55,56,Alan Ball,2,0,0.0,1,1,0,0,0,1,9.5,9.5,0.0%,DB,2013
56,57,Da'Norris Searcy,1,0,1.0,1,0,0,0,0,1,9.5,9.5,0.0%,DB,2013
57,58,Bernard Pollard,5,0,0.0,1,0,0,0,0,1,9.0,9.0,0.0%,DB,2013
58,59,Orlando Scandrick,5,0,0.0,1,0,0,0,0,1,9.0,9.0,0.0%,DB,2013
59,60,Dunta Robinson,4,0,0.0,2,0,0,0,0,1,9.0,9.0,0.0%,DB,2013
60,61,Earl Thomas,3,6,0.0,0,0,0,0,0,1,9.0,9.0,1.1%,DB,2013
61,62,Stephon Gilmore,3,0,0.0,3,0,0,0,0,1,9.0,9.0,1.5%,DB,2013
62,63,Brice McCain,4,0,0.0,2,0,0,0,0,1,9.0,9.0,0.0%,DB,2013
63,64,Brandon Carr,4,2,0.0,1,0,0,0,0,1,9.0,9.0,0.0%,DB,2013
64,65,Josh Evans,6,0,0.0,0,0,0,0,0,1,9.0,9.0,0.0%,DB,2013
65,66,Chimdi Chekwa,5,2,0.0,0,0,0,0,0,1,9.0,9.0,0.0%,DB,2013
66,67,George Iloka,1,1,0.0,1,1,0,0,0,1,8.8,8.8,0.0%,DB,2013
67,68,Barry Church,4,3,0.0,0,0,0,0,0,1,8.3,8.3,2.0%,DB,2013
68,69,Adam Jones,3,1,0.0,2,0,0,0,0,1,8.3,8.3,0.0%,DB,2013
69,70,Reggie Nelson,4,1,0.0,1,0,0,0,0,1,8.3,8.3,0.0%,DB,2013
70,71,Chris Harris,3,1,0.0,2,0,0,0,0,1,8.3,8.3,0.0%,DB,2013
71,72,Brent Grimes,5,1,0.0,0,0,0,0,0,1,8.3,8.3,0.0%,DB,2013
72,73,Dominique Rodgers-Cromartie,1,0,0.0,1,1,0,0,0,1,8.0,8.0,0.0%,DB,2013
73,74,Javier Arenas,1,0,1.0,0,0,0,0,0,1,8.0,8.0,0.0%,DB,2013
74,75,Jamarca Sanford,2,1,0.0,0,0,0,1,0,1,7.8,7.8,0.0%,DB,2013
75,76,Harrison Smith,4,2,0.0,0,0,0,0,0,1,7.5,7.5,18.9%,DB,2013
76,77,Prince Amukamara,4,0,0.0,1,0,0,0,0,1,7.5,7.5,0.0%,DB,2013
77,78,Donte Whitner,5,0,0.0,0,0,0,0,0,1,7.5,7.5,1.0%,DB,2013
78,79,Richard Marshall,4,2,0.0,0,0,0,0,0,1,7.5,7.5,0.0%,DB,2013
79,80,Aqib Talib,4,2,0.0,0,0,0,0,0,1,7.5,7.5,0.0%,DB,2013
80,81,Thomas DeCoud,5,0,0.0,0,0,0,0,0,1,7.5,7.5,0.0%,DB,2013
81,82,Marcus Gilchrist,4,2,0.0,0,0,0,0,0,1,7.5,7.5,0.0%,DB,2013
82,83,Isaiah Frey,5,0,0.0,0,0,0,0,0,1,7.5,7.5,0.0%,DB,2013
83,84,Vontae Davis,3,0,0.0,2,0,0,0,0,1,7.5,7.5,0.0%,DB,2013
84,85,T.J. Ward,3,0,0.0,0,0,0,0,0,1,7.0,7.0,0.1%,DB,2013
85,86,Jeremy Lane,3,0,0.0,0,0,0,0,0,1,7.0,7.0,0.0%,DB,2013
86,87,Don Carey,3,0,0.0,0,0,0,0,0,1,7.0,7.0,0.0%,DB,2013
87,88,Lardarius Webb,3,1,0.0,1,0,0,0,0,1,6.8,6.8,0.0%,DB,2013
88,89,D.J. Swearinger,4,1,0.0,0,0,0,0,0,1,6.8,6.8,0.0%,DB,2013
89,90,Steve Gregory,3,3,0.0,0,0,0,0,0,1,6.8,6.8,0.0%,DB,2013
90,91,Darius Butler,4,1,0.0,0,0,0,0,0,1,6.8,6.8,0.0%,DB,2013
91,92,Devin McCourty,2,1,0.0,2,0,0,0,0,1,6.8,6.8,4.4%,DB,2013
92,93,Chris Cook,4,1,0.0,0,0,0,0,0,1,6.8,6.8,0.0%,DB,2013
93,94,Dashon Goldson,4,1,0.0,0,0,0,0,0,1,6.8,6.8,0.0%,DB,2013
94,95,Mike Mitchell,2,3,0.0,1,0,0,0,0,1,6.8,6.8,0.0%,DB,2013
95,96,Ed Reed,0,0,0.0,1,1,0,0,0,1,6.5,6.5,0.0%,DB,2013
96,97,Chris Crocker,2,1,0.0,0,0,0,0,0,1,6.3,6.3,0.0%,DB,2013
97,98,Carlos Rogers,3,0,0.0,1,0,0,0,0,1,6.0,6.0,0.0%,DB,2013
98,99,Chris Greenwood,4,0,0.0,0,0,0,0,0,1,6.0,6.0,0.0%,DB,2013
99,100,Louis Delmas,4,0,0.0,0,0,0,0,0,1,6.0,6.0,0.0%,DB,2013
100,101,Eddie Pleasant,4,0,0.0,0,0,0,0,0,1,6.0,6.0,0.0%,DB,2013
101,102,Janoris Jenkins,3,0,0.0,1,0,0,0,0,1,6.0,6.0,1.0%,DB,2013
102,103,LaRon Landry,4,0,0.0,0,0,0,0,0,1,6.0,6.0,0.0%,DB,2013
103,104,Michael Griffin,3,0,0.0,1,0,0,0,0,1,6.0,6.0,5.0%,DB,2013
104,105,Sam Shields,3,0,0.0,1,0,0,0,0,1,6.0,6.0,6.0%,DB,2013
105,106,Buster Skrine,4,0,0.0,0,0,0,0,0,1,6.0,6.0,0.0%,DB,2013
106,107,William Moore,3,2,0.0,0,0,0,0,0,1,6.0,6.0,0.0%,DB,2013
107,108,Ike Taylor,3,2,0.0,0,0,0,0,0,1,6.0,6.0,0.0%,DB,2013
108,109,Antoine Bethea,4,0,0.0,0,0,0,0,0,1,6.0,6.0,28.0%,DB,2013
109,110,Sean Richardson,3,2,0.0,0,0,0,0,0,1,6.0,6.0,0.0%,DB,2013
110,111,Matt Elam,2,4,0.0,0,0,0,0,0,1,6.0,6.0,0.0%,DB,2013
111,112,Duron Harmon,2,1,0.0,1,0,0,0,0,1,5.3,5.3,0.0%,DB,2013
112,113,Patrick Chung,3,1,0.0,0,0,0,0,0,1,5.3,5.3,0.0%,DB,2013
113,114,Kendrick Lewis,3,1,0.0,0,0,0,0,0,1,5.3,5.3,0.0%,DB,2013
114,115,Joe Haden,1,1,0.0,2,0,0,0,0,1,5.3,5.3,1.0%,DB,2013
115,116,Josh Gordy,3,1,0.0,0,0,0,0,0,1,5.3,5.3,0.0%,DB,2013
116,117,Jimmy Smith,3,1,0.0,0,0,0,0,0,1,5.3,5.3,0.0%,DB,2013
117,118,Jordan Poyer,3,0,0.0,0,0,0,0,0,1,4.5,4.5,26.4%,DB,2013
118,119,Antoine Cason,2,0,0.0,1,0,0,0,0,1,4.5,4.5,0.0%,DB,2013
119,120,Patrick Peterson,2,0,0.0,1,0,0,0,0,1,4.5,4.5,0.9%,DB,2013
120,121,Jimmy Wilson,3,0,0.0,0,0,0,0,0,1,4.5,4.5,0.0%,DB,2013
121,122,Darrell Stuckey,2,0,0.0,1,0,0,0,0,1,4.5,4.5,3.0%,DB,2013
122,123,Micah Hyde,0,4,0.0,1,0,0,0,0,1,4.5,4.5,1.2%,DB,2013
123,124,Robert McClain,2,0,0.0,1,0,0,0,0,1,4.5,4.5,0.0%,DB,2013
124,125,Robert Alford,3,0,0.0,0,0,0,0,0,1,4.5,4.5,0.0%,DB,2013
125,126,Alterraun Verner,3,0,0.0,0,0,0,0,0,1,4.5,4.5,0.0%,DB,2013
126,127,Leon McFadden,3,0,0.0,0,0,0,0,0,1,4.5,4.5,0.0%,DB,2013
127,128,William Gay,3,0,0.0,0,0,0,0,0,1,4.5,4.5,0.1%,DB,2013
128,129,Zackary Bowman,3,0,0.0,0,0,0,0,0,1,4.5,4.5,0.0%,DB,2013
129,130,Sean Smith,3,0,0.0,0,0,0,0,0,1,4.5,4.5,0.0%,DB,2013
130,131,Tarell Brown,1,0,0.0,2,0,0,0,0,1,4.5,4.5,0.0%,DB,2013
131,132,Dre Kirkpatrick,2,0,0.0,1,0,0,0,0,1,4.5,4.5,0.0%,DB,2013
132,133,Jason McCourty,3,0,0.0,0,0,0,0,0,1,4.5,4.5,0.0%,DB,2013
133,134,Tony Jefferson,2,2,0.0,0,0,0,0,0,1,4.5,4.5,0.0%,DB,2013
134,135,Roman Harper,3,0,0.0,0,0,0,0,0,1,4.5,4.5,1.0%,DB,2013
135,136,Justin Bethel,0,0,0.0,0,0,0,1,0,1,4.0,4.0,0.0%,DB,2013
136,137,Shelton Johnson,0,0,0.0,0,0,0,1,0,1,4.0,4.0,0.0%,DB,2013
137,138,Keenan Lewis,2,1,0.0,0,0,0,0,0,1,3.8,3.8,0.0%,DB,2013
138,139,Winston Guy,2,1,0.0,0,0,0,0,0,1,3.8,3.8,0.0%,DB,2013
139,140,Byron Maxwell,1,1,0.0,1,0,0,0,0,1,3.8,3.8,0.0%,DB,2013
140,141,J.J. Wilcox,2,1,0.0,0,0,0,0,0,1,3.8,3.8,0.0%,DB,2013
141,142,Andrew Sendejo,2,1,0.0,0,0,0,0,0,1,3.8,3.8,0.0%,DB,2013
142,143,Dawan Landry,0,3,0.0,1,0,0,0,0,1,3.8,3.8,0.0%,DB,2013
143,144,Trumaine Johnson,1,1,0.0,1,0,0,0,0,1,3.8,3.8,0.0%,DB,2013
144,145,Sterling Moore,2,0,0.0,0,0,0,0,0,1,3.0,3.0,0.0%,DB,2013
145,146,Blidi Wreh-Wilson,2,0,0.0,0,0,0,0,0,1,3.0,3.0,0.0%,DB,2013
146,147,Antonio Cromartie,1,0,0.0,1,0,0,0,0,1,3.0,3.0,0.0%,DB,2013
147,148,Leonard Johnson,2,0,0.0,0,0,0,0,0,1,3.0,3.0,0.0%,DB,2013
148,149,Duke Ihenacho,1,2,0.0,0,0,0,0,0,1,3.0,3.0,0.0%,DB,2013
149,150,M.D. Jennings,1,2,0.0,0,0,0,0,0,1,3.0,3.0,0.0%,DB,2013
150,151,Reed Doughty,0,4,0.0,0,0,0,0,0,1,3.0,3.0,0.0%,DB,2013
151,152,David Amerson,2,0,0.0,0,0,0,0,0,1,3.0,3.0,0.0%,DB,2013
152,153,Josh Thomas,1,0,0.0,1,0,0,0,0,1,3.0,3.0,0.0%,DB,2013
153,154,Rodney McLeod,2,0,0.0,0,0,0,0,0,1,3.0,3.0,0.4%,DB,2013
154,155,E.J. Biggers,2,0,0.0,0,0,0,0,0,1,3.0,3.0,0.0%,DB,2013
155,156,Robert Blanton,1,2,0.0,0,0,0,0,0,1,3.0,3.0,0.0%,DB,2013
156,157,Jairus Byrd,2,0,0.0,0,0,0,0,0,1,3.0,3.0,0.0%,DB,2013
157,158,Jahleel Addae,2,0,0.0,0,0,0,0,0,1,3.0,3.0,0.0%,DB,2013
158,159,Corey White,2,0,0.0,0,0,0,0,0,1,3.0,3.0,0.0%,DB,2013
159,160,Kenny Vaccaro,2,0,0.0,0,0,0,0,0,1,3.0,3.0,4.0%,DB,2013
160,161,Brandon Harris,1,1,0.0,0,0,0,0,0,1,2.3,2.3,0.0%,DB,2013
161,162,Eric Reid,1,1,0.0,0,0,0,0,0,1,2.3,2.3,0.0%,DB,2013
162,163,C.J. Spillman,1,1,0.0,0,0,0,0,0,1,2.3,2.3,0.0%,DB,2013
163,164,Shaun Prater,1,1,0.0,0,0,0,0,0,1,2.3,2.3,0.0%,DB,2013
164,165,Jonte Green,1,1,0.0,0,0,0,0,0,1,2.3,2.3,0.0%,DB,2013
165,166,Marcus Cooper,1,0,0.0,0,0,0,0,0,1,1.5,1.5,0.0%,DB,2013
166,167,Dwight Bentley,1,0,0.0,0,0,0,0,0,1,1.5,1.5,0.0%,DB,2013
167,168,Johnathan Joseph,0,0,0.0,1,0,0,0,0,1,1.5,1.5,0.0%,DB,2013
168,169,Yeremiah Bell,0,2,0.0,0,0,0,0,0,1,1.5,1.5,0.0%,DB,2013
169,170,Earl Wolff,0,0,0.0,1,0,0,0,0,1,1.5,1.5,0.0%,DB,2013
170,171,Nate Allen,1,0,0.0,0,0,0,0,0,1,1.5,1.5,0.0%,DB,2013
171,172,Keelan Johnson,1,0,0.0,0,0,0,0,0,1,1.5,1.5,0.0%,DB,2013
172,173,Brandon Ghee,0,0,0.0,1,0,0,0,0,1,1.5,1.5,0.0%,DB,2013
173,174,Craig Steltz,1,0,0.0,0,0,0,0,0,1,1.5,1.5,0.0%,DB,2013
174,175,Champ Bailey,1,0,0.0,0,0,0,0,0,1,1.5,1.5,0.0%,DB,2013
175,176,Darian Stewart,1,0,0.0,0,0,0,0,0,1,1.5,1.5,0.0%,DB,2013
176,177,Will Allen,0,2,0.0,0,0,0,0,0,1,1.5,1.5,0.0%,DB,2013
177,178,Jose Gumbs,1,0,0.0,0,0,0,0,0,1,1.5,1.5,0.0%,DB,2013
178,179,Perrish Cox,1,0,0.0,0,0,0,0,0,1,1.5,1.5,0.0%,DB,2013
179,180,Chris Banjo,1,0,0.0,0,0,0,0,0,1,1.5,1.5,0.0%,DB,2013
180,181,Tracy Porter,0,0,0.0,1,0,0,0,0,1,1.5,1.5,0.0%,DB,2013
181,182,Darrelle Revis,0,1,0.0,0,0,0,0,0,1,0.8,0.8,0.0%,DB,2013
182,183,Drayton Florence,0,1,0.0,0,0,0,0,0,1,0.8,0.8,0.0%,DB,2013
183,184,Isa Abdul-Quddus,0,1,0.0,0,0,0,0,0,1,0.8,0.8,0.0%,DB,2013
184,185,Derrick Martin,0,0,0.0,0,0,0,0,0,1,0.0,0.0,0.0%,DB,2013
185,186,Michael J.,0,0,0.0,0,0,0,0,0,1,0.0,0.0,0.0%,DB,2013
186,187,Julian Posey,0,0,0.0,0,0,0,0,0,1,0.0,0.0,0.0%,DB,2013
187,188,Ray-Ray Armstrong,0,0,0.0,0,0,0,0,0,1,0.0,0.0,0.0%,DB,2013
188,189,Demetrius McCray,0,0,0.0,0,0,0,0,0,1,0.0,0.0,0.0%,DB,2013
189,190,Kemal Ishmael,0,0,0.0,0,0,0,0,0,1,0.0,0.0,0.0%,DB,2013
190,191,Daimion Stafford,0,0,0.0,0,0,0,0,0,1,0.0,0.0,4.0%,DB,2013
191,192,Don Jones,0,0,0.0,0,0,0,0,0,1,0.0,0.0,2.0%,DB,2013
192,193,Brynden Trawick,0,0,0.0,0,0,0,0,0,1,0.0,0.0,0.0%,DB,2013
193,194,Bradley McDougald,0,0,0.0,0,0,0,0,0,1,0.0,0.0,0.0%,DB,2013
194,195,Chris Maragos,0,0,0.0,0,0,0,0,0,1,0.0,0.0,0.0%,DB,2013
195,196,Rod Sweeting,0,0,0.0,0,0,0,0,0,1,0.0,0.0,0.0%,DB,2013
196,197,Darryl Morris,0,0,0.0,0,0,0,0,0,1,0.0,0.0,0.0%,DB,2013
197,198,Cody Davis,0,0,0.0,0,0,0,0,0,1,0.0,0.0,0.0%,DB,2013
198,199,Jamar Taylor,0,0,0.0,0,0,0,0,0,1,0.0,0.0,0.0%,DB,2013
199,200,Will Davis,0,0,0.0,0,0,0,0,0,1,0.0,0.0,0.0%,DB,2013
200,201,Robert Lester,0,0,0.0,0,0,0,0,0,1,0.0,0.0,0.0%,DB,2013
201,202,Shawn Williams,0,0,0.0,0,0,0,0,0,1,0.0,0.0,10.0%,DB,2013
202,203,Brandon McGee,0,0,0.0,0,0,0,0,0,1,0.0,0.0,0.0%,DB,2013
203,204,Dwayne Gratz,0,0,0.0,0,0,0,0,0,1,0.0,0.0,0.0%,DB,2013
204,205,Duke Williams,0,0,0.0,0,0,0,0,0,1,0.0,0.0,0.0%,DB,2013
205,206,Shamarko Thomas,0,0,0.0,0,0,0,0,0,1,0.0,0.0,0.0%,DB,2013
206,207,B.W. Webb,0,0,0.0,0,0,0,0,0,1,0.0,0.0,0.0%,DB,2013
207,208,Jonathan Meeks,0,0,0.0,0,0,0,0,0,1,0.0,0.0,1.0%,DB,2013
208,209,Jordan Kovacs,0,0,0.0,0,0,0,0,0,1,0.0,0.0,0.0%,DB,2013
209,210,Isaiah Trufant,0,0,0.0,0,0,0,0,0,1,0.0,0.0,0.0%,DB,2013
210,211,DeShawn Shead,0,0,0.0,0,0,0,0,0,1,0.0,0.0,0.0%,DB,2013
211,212,Desmond Trufant,0,0,0.0,0,0,0,0,0,1,0.0,0.0,0.0%,DB,2013
212,213,Kyle Nelson,0,0,0.0,0,0,0,0,0,1,0.0,0.0,0.0%,DB,2013
213,214,Trenton Robinson,0,0,0.0,0,0,0,0,0,1,0.0,0.0,0.0%,DB,2013
214,215,Charles James,0,0,0.0,0,0,0,0,0,1,0.0,0.0,0.0%,DB,2013
215,216,Micah Pellerin,0,0,0.0,0,0,0,0,0,1,0.0,0.0,0.0%,DB,2013
216,217,Kelcie McCray,0,0,0.0,0,0,0,0,0,1,0.0,0.0,2.0%,DB,2013
217,218,Deveron Carr,0,0,0.0,0,0,0,0,0,1,0.0,0.0,0.0%,DB,2013
218,219,Danny Gorrer,0,0,0.0,0,0,0,0,0,1,0.0,0.0,0.0%,DB,2013
219,220,Michael Huff,0,0,0.0,0,0,0,0,0,1,0.0,0.0,0.0%,DB,2013
220,221,John Wendling,0,0,0.0,0,0,0,0,0,1,0.0,0.0,0.0%,DB,2013
221,222,Corey Graham,0,0,0.0,0,0,0,0,0,1,0.0,0.0,0.0%,DB,2013
222,223,Craig Dahl,0,0,0.0,0,0,0,0,0,1,0.0,0.0,0.0%,DB,2013
223,224,Bubba Ventrone,0,0,0.0,0,0,0,0,0,1,0.0,0.0,0.0%,DB,2013
224,225,Eric Wright,0,0,0.0,0,0,0,0,0,1,0.0,0.0,0.0%,DB,2013
225,226,Jarrett Bush,0,0,0.0,0,0,0,0,0,1,0.0,0.0,0.0%,DB,2013
226,227,Charles Clay,0,0,0.0,0,0,0,0,0,1,0.0,0.0,0.0%,DB,2013
227,228,DeJon Gomes,0,0,0.0,0,0,0,0,0,1,0.0,0.0,0.0%,DB,2013
228,229,Chykie Brown,0,0,0.0,0,0,0,0,0,1,0.0,0.0,0.0%,DB,2013
229,230,Mistral Raymond,0,0,0.0,0,0,0,0,0,1,0.0,0.0,0.0%,DB,2013
230,231,Davon House,0,0,0.0,0,0,0,0,0,1,0.0,0.0,0.0%,DB,2013
231,232,Colin Jones,0,0,0.0,0,0,0,0,0,1,0.0,0.0,5.0%,DB,2013
232,233,Roc Carmichael,0,0,0.0,0,0,0,0,0,1,0.0,0.0,0.0%,DB,2013
233,234,Elbert Mack,0,0,0.0,0,0,0,0,0,1,0.0,0.0,0.0%,DB,2013
234,235,Chris Prosinski,0,0,0.0,0,0,0,0,0,1,0.0,0.0,4.0%,DB,2013
235,236,Jaiquawn Jarrett,0,0,0.0,0,0,0,0,0,1,0.0,0.0,0.0%,DB,2013
236,237,Quentin Jammer,0,0,0.0,0,0,0,0,0,1,0.0,0.0,0.0%,DB,2013
237,238,Chris Lewis-Harris,0,0,0.0,0,0,0,0,0,1,0.0,0.0,0.0%,DB,2013
238,239,Matt Giordano,0,0,0.0,0,0,0,0,0,1,0.0,0.0,0.0%,DB,2013
239,240,Anthony Walters,0,0,0.0,0,0,0,0,0,1,0.0,0.0,0.0%,DB,2013
240,241,Alfonzo Dennard,0,0,0.0,0,0,0,0,0,1,0.0,0.0,0.0%,DB,2013
241,242,Antonio Allen,4,1,0.0,1,0,0,0,0,1,0.0,0.0,0.0%,DB,2013
242,243,Ron Parker,0,0,0.0,0,0,0,0,0,1,0.0,0.0,0.0%,DB,2013
243,244,Jeromy Miles,0,0,0.0,0,0,0,0,0,1,0.0,0.0,0.0%,DB,2013
244,245,Darrin Walls,0,0,0.0,0,0,0,0,0,1,0.0,0.0,0.0%,DB,2013
245,246,Jayron Hosley,0,0,0.0,0,0,0,0,0,1,0.0,0.0,0.0%,DB,2013
246,247,Tony Carter,0,0,0.0,0,0,0,0,0,1,0.0,0.0,0.0%,DB,2013
247,248,Johnson Bademosi,0,0,0.0,0,0,0,0,0,1,0.0,0.0,0.0%,DB,2013
248,249,Antwon Blake,0,0,0.0,0,0,0,0,0,1,0.0,0.0,0.0%,DB,2013
249,250,Robert Golden,0,0,0.0,0,0,0,0,0,1,0.0,0.0,6.0%,DB,2013
250,251,Eric Frampton,0,0,0.0,0,0,0,0,0,1,0.0,0.0,0.0%,DB,2013
251,252,Josh Victorian,0,0,0.0,0,0,0,0,0,1,0.0,0.0,0.0%,DB,2013
252,253,Anthony Levine,0,0,0.0,0,0,0,0,0,1,0.0,0.0,7.0%,DB,2013
253,254,Jamell Fleming,0,0,0.0,0,0,0,0,0,1,0.0,0.0,0.0%,DB,2013
254,255,Omar Bolden,0,0,0.0,0,0,0,0,0,1,0.0,0.0,0.0%,DB,2013
255,256,Ron Brooks,0,0,0.0,0,0,0,0,0,1,0.0,0.0,0.0%,DB,2013
256,257,Mike Harris,0,0,0.0,0,0,0,0,0,1,0.0,0.0,0.0%,DB,2013
257,258,Josh Bush,0,0,0.0,0,0,0,0,0,1,0.0,0.0,0.0%,DB,2013
258,259,Nate Ebner,0,0,0.0,0,0,0,0,0,1,0.0,0.0,0.0%,DB,2013
259,260,Trevin Wade,0,0,0.0,0,0,0,0,0,1,0.0,0.0,0.0%,DB,2013
260,261,Cassius Vaughn,0,0,0.0,0,0,0,0,0,1,0.0,0.0,0.0%,DB,2013
261,262,Bryan McCann,0,0,0.0,0,0,0,0,0,1,0.0,0.0,0.0%,DB,2013
262,263,Derek Cox,0,0,0.0,0,0,0,0,0,1,0.0,0.0,0.0%,DB,2013
263,264,David Bruton,0,0,0.0,0,0,0,0,0,1,0.0,0.0,0.0%,DB,2013
264,265,Gregory Toler,0,0,0.0,0,0,0,0,0,1,0.0,0.0,0.0%,DB,2013
265,266,Chris Clemons,4,3,0.0,0,0,0,0,0,1,0.0,0.0,0.0%,DB,2013
266,267,Terrell Thomas,0,0,0.0,0,0,0,0,0,1,0.0,0.0,0.0%,DB,2013
267,268,Quintin Demps,0,0,0.0,0,0,0,0,0,1,0.0,0.0,3.0%,DB,2013
268,269,James Ihedigbo,2,2,0.0,0,0,0,0,0,1,0.0,0.0,4.0%,DB,2013
269,270,Corey Lynch,0,0,0.0,0,0,0,0,0,1,0.0,0.0,0.0%,DB,2013
270,271,Husain Abdullah,0,0,0.0,0,0,0,0,0,1,0.0,0.0,0.0%,DB,2013
271,272,Danny McCray,0,0,0.0,0,0,0,0,0,1,0.0,0.0,0.0%,DB,2013
272,273,Crezdon Butler,0,0,0.0,0,0,0,0,0,1,0.0,0.0,0.0%,DB,2013
273,274,Phillip Adams,0,0,0.0,0,0,0,0,0,1,0.0,0.0,0.0%,DB,2013
274,275,Sherrick McManis,0,0,0.0,0,0,0,0,0,1,0.0,0.0,0.0%,DB,2013
275,276,Curtis Taylor,0,0,0.0,0,0,0,0,0,1,0.0,0.0,0.0%,DB,2013
276,277,Marquice Cole,0,0,0.0,0,0,0,0,0,1,0.0,0.0,0.0%,DB,2013
277,278,Kyle Wilson,0,0,0.0,0,0,0,0,0,1,0.0,0.0,0.0%,DB,2013
278,279,Dominique Franks,0,0,0.0,0,0,0,0,0,1,0.0,0.0,0.0%,DB,2013
279,280,Darious Williams,0,0,0.0,0,0,0,0,0,1,0.0,0.0,10.5%,DB,2013
280,281,Jarrod Wilson,0,0,0.0,0,0,0,0,0,1,0.0,0.0,0.0%,DB,2013
