,Rank,Player,Tackle,Assist,Sack,Pass Defended,Interception,Forced Fumble,Fumble Recovery,Defend Touchdown,Games Played,Fantasy Football Points,FTPS/Game,ROST,Position,Year
0,1,Da'Norris Searcy,5,3,1.0,0,0,0,1,1,1,26.3,26.3,0.0%,DB,2013
1,2,Barry Church,7,1,0.0,0,0,1,1,1,1,25.3,25.3,2.0%,DB,2013
2,3,Tim Jennings,6,2,0.0,0,0,2,1,0,1,22.5,22.5,0.0%,DB,2013
3,4,Charles Tillman,5,2,0.0,2,2,0,0,0,1,22.0,22.0,0.1%,DB,2013
4,5,Duke Ihenacho,11,1,0.0,1,0,0,0,0,1,21.3,21.3,0.0%,DB,2013
5,6,LaRon Landry,10,5,0.0,1,0,0,0,0,1,20.3,20.3,0.0%,DB,2013
6,7,Antoine Bethea,6,5,0.0,1,1,0,0,0,1,19.3,19.3,28.0%,DB,2013
7,8,Brandon Carr,4,0,0.0,1,1,0,0,1,1,18.5,18.5,0.0%,DB,2013
8,9,Bacarri Rambo,6,4,1.0,0,0,0,0,0,1,18.5,18.5,0.0%,DB,2013
9,10,Harrison Smith,7,3,0.0,1,0,0,1,0,1,18.3,18.3,18.9%,DB,2013
10,11,Kyle Arrington,4,0,0.0,1,0,2,0,0,1,18.0,18.0,0.0%,DB,2013
11,12,Dimitri Patterson,2,0,0.0,3,2,0,0,0,1,17.5,17.5,0.0%,DB,2013
12,13,Cary Williams,2,0,1.0,2,1,0,0,0,1,17.5,17.5,0.0%,DB,2013
13,14,Earl Thomas,8,2,0.0,0,0,1,0,0,1,17.5,17.5,1.1%,DB,2013
14,15,DeAngelo Hall,3,3,0.0,0,0,0,1,1,1,16.8,16.8,0.0%,DB,2013
15,16,Brandon Boykin,5,1,0.0,2,1,0,0,0,1,16.3,16.3,0.0%,DB,2013
16,17,Charles Godfrey,7,2,1.0,0,0,0,0,0,1,16.0,16.0,0.0%,DB,2013
17,18,Eric Reid,6,0,0.0,1,1,0,0,0,1,15.5,15.5,0.0%,DB,2013
18,19,Danieal Manning,5,0,1.0,1,0,0,0,0,1,15.5,15.5,0.0%,DB,2013
19,20,Leon Hall,6,1,0.0,2,0,0,0,0,1,15.3,15.3,0.0%,DB,2013
20,21,Ryan Clark,7,6,0.0,0,0,0,0,0,1,15.0,15.0,0.0%,DB,2013
21,22,Sam Shields,7,2,0.0,2,0,0,0,0,1,15.0,15.0,6.0%,DB,2013
22,23,Robert McClain,8,2,0.0,1,0,0,0,0,1,15.0,15.0,0.0%,DB,2013
23,24,Tyrann Mathieu,7,0,0.0,0,0,1,0,0,1,14.5,14.5,10.0%,DB,2013
24,25,Josh Wilson,5,2,0.0,1,0,1,0,0,1,14.5,14.5,0.0%,DB,2013
25,26,Jimmy Smith,6,0,0.0,1,0,1,0,0,1,14.5,14.5,0.0%,DB,2013
26,27,Roman Harper,2,1,0.0,1,1,0,1,0,1,14.3,14.3,1.0%,DB,2013
27,28,Leodis McKelvin,5,1,0.0,4,0,0,0,0,1,14.3,14.3,0.0%,DB,2013
28,29,Eric Berry,6,1,0.5,0,0,0,0,0,1,14.3,14.3,0.0%,DB,2013
29,30,Leonard Johnson,8,1,0.0,1,0,0,0,0,1,14.3,14.3,0.0%,DB,2013
30,31,Justin Rogers,5,0,0.0,1,1,0,0,0,1,14.0,14.0,0.0%,DB,2013
31,32,Ryan Mundy,4,2,0.0,1,1,0,0,0,1,14.0,14.0,0.0%,DB,2013
32,33,Brandon Flowers,4,0,0.0,2,1,0,0,0,1,14.0,14.0,0.0%,DB,2013
33,34,Jim Leonhard,9,0,0.0,0,0,0,0,0,1,13.5,13.5,0.0%,DB,2013
34,35,Steve Gregory,7,2,0.0,1,0,0,0,0,1,13.5,13.5,0.0%,DB,2013
35,36,Eric Weddle,7,2,0.0,1,0,0,0,0,1,13.5,13.5,11.0%,DB,2013
36,37,Tracy Porter,4,1,1.0,0,0,0,0,0,1,13.3,13.3,0.0%,DB,2013
37,38,Buster Skrine,6,0,0.0,1,0,0,0,0,1,13.0,13.0,0.0%,DB,2013
38,39,E.J. Biggers,5,2,0.0,1,0,0,0,0,1,13.0,13.0,0.0%,DB,2013
39,40,Alterraun Verner,3,0,0.0,2,1,0,0,0,1,12.5,12.5,0.0%,DB,2013
40,41,Gregory Toler,3,0,0.0,2,1,0,0,0,1,12.5,12.5,0.0%,DB,2013
41,42,Trumaine Johnson,3,0,0.0,2,1,0,0,0,1,12.5,12.5,0.0%,DB,2013
42,43,M.D. Jennings,6,1,0.0,0,0,0,0,0,1,12.3,12.3,0.0%,DB,2013
43,44,Jamarca Sanford,7,2,0.0,0,0,0,0,0,1,12.0,12.0,0.0%,DB,2013
44,45,Glover Quin,2,0,0.0,1,1,0,0,0,1,12.0,12.0,0.0%,DB,2013
45,46,Christopher Owens,8,0,0.0,0,0,0,0,0,1,12.0,12.0,0.0%,DB,2013
46,47,Derek Cox,7,0,0.0,1,0,0,0,0,1,12.0,12.0,0.0%,DB,2013
47,48,Donte Whitner,7,0,0.0,1,0,0,0,0,1,12.0,12.0,1.0%,DB,2013
48,49,Will Allen,2,1,0.0,2,1,0,0,0,1,11.8,11.8,0.0%,DB,2013
49,50,Dawan Landry,3,1,0.0,1,1,0,0,0,1,11.8,11.8,0.0%,DB,2013
50,51,Malcolm Jenkins,4,2,0.0,0,0,1,0,0,1,11.5,11.5,15.0%,DB,2013
51,52,Thomas DeCoud,5,2,0.0,0,0,0,0,0,1,11.5,11.5,0.0%,DB,2013
52,53,Chris Cook,5,0,0.0,1,0,0,0,0,1,11.5,11.5,0.0%,DB,2013
53,54,William Moore,7,1,0.0,0,0,0,0,0,1,11.3,11.3,0.0%,DB,2013
54,55,Shareece Wright,6,1,0.0,1,0,0,0,0,1,11.3,11.3,0.0%,DB,2013
55,56,Terrell Thomas,6,1,0.0,1,0,0,0,0,1,11.3,11.3,0.0%,DB,2013
56,57,Chris Harris,3,0,0.0,1,1,0,0,0,1,11.0,11.0,0.0%,DB,2013
57,58,Tashaun Gipson,3,0,0.0,1,1,0,0,0,1,11.0,11.0,0.4%,DB,2013
58,59,Nolan Carroll,3,0,0.0,1,1,0,0,0,1,11.0,11.0,0.0%,DB,2013
59,60,Tramon Williams,4,1,0.0,1,0,0,0,0,1,10.8,10.8,0.0%,DB,2013
60,61,Troy Polamalu,5,1,0.0,0,0,0,0,0,1,10.8,10.8,0.0%,DB,2013
61,62,Cortland Finnegan,7,0,0.0,0,0,0,0,0,1,10.5,10.5,0.0%,DB,2013
62,63,Rahim Moore,6,0,0.0,1,0,0,0,0,1,10.5,10.5,0.0%,DB,2013
63,64,Chris Houston,4,0,0.0,1,0,0,0,0,1,10.0,10.0,0.0%,DB,2013
64,65,Terence Newman,5,0,0.0,0,0,0,0,0,1,10.0,10.0,0.0%,DB,2013
65,66,Josh Robinson,4,0,0.0,0,0,1,0,0,1,10.0,10.0,0.0%,DB,2013
66,67,Jason McCourty,4,0,0.0,1,0,0,0,0,1,10.0,10.0,0.0%,DB,2013
67,68,Aaron Williams,4,5,0.0,0,0,0,0,0,1,9.8,9.8,0.0%,DB,2013
68,69,Corey Webster,5,1,0.0,1,0,0,0,0,1,9.8,9.8,0.0%,DB,2013
69,70,Tony Carter,3,1,0.0,3,0,0,0,0,1,9.8,9.8,0.0%,DB,2013
70,71,Reshad Jones,6,0,0.0,0,0,0,0,0,1,9.0,9.0,0.0%,DB,2013
71,72,Dashon Goldson,5,2,0.0,0,0,0,0,0,1,9.0,9.0,0.0%,DB,2013
72,73,Corey Graham,5,2,0.0,0,0,0,0,0,1,9.0,9.0,0.0%,DB,2013
73,74,Janoris Jenkins,3,0,0.0,3,0,0,0,0,1,9.0,9.0,1.0%,DB,2013
74,75,Kenny Vaccaro,5,0,0.0,1,0,0,0,0,1,9.0,9.0,4.0%,DB,2013
75,76,Kam Chancellor,6,0,0.0,0,0,0,0,0,1,9.0,9.0,0.1%,DB,2013
76,77,Robert Alford,0,1,0.0,2,1,0,0,0,1,8.8,8.8,0.0%,DB,2013
77,78,T.J. Ward,3,0,0.0,1,0,0,0,0,1,8.5,8.5,0.1%,DB,2013
78,79,Rashean Mathis,3,2,0.0,0,0,0,0,0,1,8.5,8.5,0.0%,DB,2013
79,80,Desmond Trufant,4,1,0.0,1,0,0,0,0,1,8.3,8.3,0.0%,DB,2013
80,81,T.J. McDonald,4,1,0.0,1,0,0,0,0,1,8.3,8.3,0.0%,DB,2013
81,82,Bernard Pollard,5,1,0.0,0,0,0,0,0,1,8.3,8.3,0.0%,DB,2013
82,83,Bradley Fletcher,4,3,0.0,0,0,0,0,0,1,8.3,8.3,0.0%,DB,2013
83,84,William Gay,3,0,0.0,2,0,0,0,0,1,7.5,7.5,0.1%,DB,2013
84,85,Jerraud Powers,4,0,0.0,1,0,0,0,0,1,7.5,7.5,0.0%,DB,2013
85,86,Prince Amukamara,4,0,0.0,1,0,0,0,0,1,7.5,7.5,0.0%,DB,2013
86,87,Alan Ball,4,0,0.0,1,0,0,0,0,1,7.5,7.5,0.0%,DB,2013
87,88,Jerron McMillian,5,0,0.0,0,0,0,0,0,1,7.5,7.5,0.0%,DB,2013
88,89,Patrick Chung,3,4,0.0,0,0,0,0,0,1,7.5,7.5,0.0%,DB,2013
89,90,Coty Sensabaugh,4,0,0.0,1,0,0,0,0,1,7.5,7.5,0.0%,DB,2013
90,91,Major Wright,3,4,0.0,0,0,0,0,0,1,7.5,7.5,0.0%,DB,2013
91,92,Darius Slay,4,0,0.0,1,0,0,0,0,1,7.5,7.5,10.0%,DB,2013
92,93,Josh Thomas,5,0,0.0,0,0,0,0,0,1,7.5,7.5,0.0%,DB,2013
93,94,Byron Maxwell,1,0,0.0,1,0,1,0,0,1,7.0,7.0,0.0%,DB,2013
94,95,Keenan Lewis,2,0,0.0,0,0,1,0,0,1,7.0,7.0,0.0%,DB,2013
95,96,Kendrick Lewis,3,0,0.0,0,0,0,0,0,1,7.0,7.0,0.0%,DB,2013
96,97,Richard Marshall,3,1,0.0,1,0,0,0,0,1,6.8,6.8,0.0%,DB,2013
97,98,Nate Allen,3,3,0.0,0,0,0,0,0,1,6.8,6.8,0.0%,DB,2013
98,99,Antrel Rolle,4,1,0.0,0,0,0,0,0,1,6.8,6.8,0.0%,DB,2013
99,100,Rodney McLeod,4,1,0.0,0,0,0,0,0,1,6.8,6.8,0.4%,DB,2013
100,101,Shiloh Keo,3,0,0.0,1,0,0,0,0,1,6.0,6.0,0.0%,DB,2013
101,102,Quintin Demps,2,0,0.0,2,0,0,0,0,1,6.0,6.0,3.0%,DB,2013
102,103,David Amerson,2,2,0.0,1,0,0,0,0,1,6.0,6.0,0.0%,DB,2013
103,104,Yeremiah Bell,4,0,0.0,0,0,0,0,0,1,6.0,6.0,0.0%,DB,2013
104,105,Orlando Scandrick,3,0,0.0,1,0,0,0,0,1,6.0,6.0,0.0%,DB,2013
105,106,Jahleel Addae,4,0,0.0,0,0,0,0,0,1,6.0,6.0,0.0%,DB,2013
106,107,Rashad Johnson,4,0,0.0,0,0,0,0,0,1,6.0,6.0,0.0%,DB,2013
107,108,Alfonzo Dennard,3,0,0.0,1,0,0,0,0,1,6.0,6.0,0.0%,DB,2013
108,109,Johnathan Joseph,2,0,0.0,2,0,0,0,0,1,6.0,6.0,0.0%,DB,2013
109,110,Tarell Brown,1,0,0.0,0,0,0,1,0,1,5.5,5.5,0.0%,DB,2013
110,111,George Iloka,3,1,0.0,0,0,0,0,0,1,5.3,5.3,0.0%,DB,2013
111,112,Micah Hyde,3,1,0.0,0,0,0,0,0,1,5.3,5.3,1.2%,DB,2013
112,113,Isaiah Frey,3,1,0.0,0,0,0,0,0,1,5.3,5.3,0.0%,DB,2013
113,114,Captain Munnerlyn,3,1,0.0,0,0,0,0,0,1,5.3,5.3,0.0%,DB,2013
114,115,Brent Grimes,2,0,0.0,1,0,0,0,0,1,4.5,4.5,0.0%,DB,2013
115,116,D.J. Hayden,3,0,0.0,0,0,0,0,0,1,4.5,4.5,0.0%,DB,2013
116,117,Kareem Jackson,3,0,0.0,0,0,0,0,0,1,4.5,4.5,0.7%,DB,2013
117,118,Aqib Talib,3,0,0.0,0,0,0,0,0,1,4.5,4.5,0.0%,DB,2013
118,119,Mike Adams,2,0,0.0,1,0,0,0,0,1,4.5,4.5,0.4%,DB,2013
119,120,Morris Claiborne,3,0,0.0,0,0,0,0,0,1,4.5,4.5,0.0%,DB,2013
120,121,Johnathan Cyprien,3,0,0.0,0,0,0,0,0,1,4.5,4.5,0.0%,DB,2013
121,122,Dwayne Gratz,3,0,0.0,0,0,0,0,0,1,4.5,4.5,0.0%,DB,2013
122,123,Richard Sherman,2,0,0.0,1,0,0,0,0,1,4.5,4.5,0.1%,DB,2013
123,124,Xavier Rhodes,3,0,0.0,0,0,0,0,0,1,4.5,4.5,0.0%,DB,2013
124,125,Darrelle Revis,1,0,0.0,2,0,0,0,0,1,4.5,4.5,0.0%,DB,2013
125,126,Johnthan Banks,3,0,0.0,0,0,0,0,0,1,4.5,4.5,0.0%,DB,2013
126,127,Nickell Robey-Coleman,2,2,0.0,0,0,0,0,0,1,4.5,4.5,0.0%,DB,2013
127,128,Ike Taylor,3,0,0.0,0,0,0,0,0,1,4.5,4.5,0.0%,DB,2013
128,129,Chris Maragos,0,0,0.0,0,0,0,1,0,1,4.0,4.0,0.0%,DB,2013
129,130,Devin McCourty,2,1,0.0,0,0,0,0,0,1,3.8,3.8,4.4%,DB,2013
130,131,Jabari Greer,2,1,0.0,0,0,0,0,0,1,3.8,3.8,0.0%,DB,2013
131,132,Mike Jenkins,2,1,0.0,0,0,0,0,0,1,3.8,3.8,0.0%,DB,2013
132,133,Dwight Bentley,1,1,0.0,1,0,0,0,0,1,3.8,3.8,0.0%,DB,2013
133,134,Marcus Gilchrist,2,1,0.0,0,0,0,0,0,1,3.8,3.8,0.0%,DB,2013
134,135,Ron Brooks,2,1,0.0,0,0,0,0,0,1,3.8,3.8,0.0%,DB,2013
135,136,Aaron Ross,1,0,0.0,1,0,0,0,0,1,3.0,3.0,0.0%,DB,2013
136,137,Louis Delmas,1,2,0.0,0,0,0,0,0,1,3.0,3.0,0.0%,DB,2013
137,138,Mike Harris,1,0,0.0,1,0,0,0,0,1,3.0,3.0,0.0%,DB,2013
138,139,Michael Griffin,1,2,0.0,0,0,0,0,0,1,3.0,3.0,5.0%,DB,2013
139,140,Corey White,2,0,0.0,0,0,0,0,0,1,3.0,3.0,0.0%,DB,2013
140,141,Lardarius Webb,1,0,0.0,1,0,0,0,0,1,3.0,3.0,0.0%,DB,2013
141,142,Jimmy Wilson,1,0,0.0,1,0,0,0,0,1,3.0,3.0,0.0%,DB,2013
142,143,Michael Huff,2,0,0.0,0,0,0,0,0,1,3.0,3.0,0.0%,DB,2013
143,144,Taylor Mays,1,2,0.0,0,0,0,0,0,1,3.0,3.0,0.0%,DB,2013
144,145,Vontae Davis,2,0,0.0,0,0,0,0,0,1,3.0,3.0,0.0%,DB,2013
145,146,Joe Haden,1,0,0.0,1,0,0,0,0,1,3.0,3.0,1.0%,DB,2013
146,147,Quintin Mikell,1,0,0.0,1,0,0,0,0,1,3.0,3.0,0.0%,DB,2013
147,148,Kayvon Webster,1,0,0.0,1,0,0,0,0,1,3.0,3.0,0.0%,DB,2013
148,149,Patrick Peterson,2,0,0.0,0,0,0,0,0,1,3.0,3.0,0.9%,DB,2013
149,150,Will Blackmon,1,0,0.0,1,0,0,0,0,1,3.0,3.0,4.0%,DB,2013
150,151,Charles Woodson,1,2,0.0,0,0,0,0,0,1,3.0,3.0,0.0%,DB,2013
151,152,Adam Jones,2,0,0.0,0,0,0,0,0,1,3.0,3.0,0.0%,DB,2013
152,153,Jordan Poyer,1,1,0.0,0,0,0,0,0,1,2.3,2.3,26.4%,DB,2013
153,154,Dee Milliner,1,1,0.0,0,0,0,0,0,1,2.3,2.3,0.0%,DB,2013
154,155,Rafael Bush,1,1,0.0,0,0,0,0,0,1,2.3,2.3,0.0%,DB,2013
155,156,Walter Thurmond,1,1,0.0,0,0,0,0,0,1,2.3,2.3,0.0%,DB,2013
156,157,D.J. Moore,1,1,0.0,0,0,0,0,0,1,2.3,2.3,0.0%,DB,2013
157,158,Cortez Allen,1,1,0.0,0,0,0,0,0,1,2.3,2.3,0.0%,DB,2013
158,159,Patrick Robinson,1,1,0.0,0,0,0,0,0,1,2.3,2.3,0.0%,DB,2013
159,160,Duke Williams,1,0,0.0,0,0,0,0,0,1,1.5,1.5,0.0%,DB,2013
160,161,Shamarko Thomas,1,0,0.0,0,0,0,0,0,1,1.5,1.5,0.0%,DB,2013
161,162,Michael Adams,1,0,0.0,0,0,0,0,0,1,1.5,1.5,0.0%,DB,2013
162,163,Marcus Cooper,1,0,0.0,0,0,0,0,0,1,1.5,1.5,0.0%,DB,2013
163,164,Jaiquawn Jarrett,1,0,0.0,0,0,0,0,0,1,1.5,1.5,0.0%,DB,2013
164,165,Antoine Cason,1,0,0.0,0,0,0,0,0,1,1.5,1.5,0.0%,DB,2013
165,166,Brandian Ross,1,0,0.0,0,0,0,0,0,1,1.5,1.5,0.0%,DB,2013
166,167,Husain Abdullah,0,0,0.0,1,0,0,0,0,1,1.5,1.5,0.0%,DB,2013
167,168,Nnamdi Asomugha,0,0,0.0,1,0,0,0,0,1,1.5,1.5,0.0%,DB,2013
168,169,Chris Conte,1,0,0.0,0,0,0,0,0,1,1.5,1.5,0.0%,DB,2013
169,170,Dwight Lowery,1,0,0.0,0,0,0,0,0,1,1.5,1.5,0.0%,DB,2013
170,171,Johnny Patrick,1,0,0.0,0,0,0,0,0,1,1.5,1.5,0.0%,DB,2013
171,172,Chris Banjo,0,0,0.0,1,0,0,0,0,1,1.5,1.5,0.0%,DB,2013
172,173,Reggie Nelson,1,0,0.0,0,0,0,0,0,1,1.5,1.5,0.0%,DB,2013
173,174,Sean Smith,1,0,0.0,0,0,0,0,0,1,1.5,1.5,0.0%,DB,2013
174,175,D.J. Swearinger,1,0,0.0,0,0,0,0,0,1,1.5,1.5,0.0%,DB,2013
175,176,Darius Butler,1,0,0.0,0,0,0,0,0,1,1.5,1.5,0.0%,DB,2013
176,177,Josh Bush,1,0,0.0,0,0,0,0,0,1,1.5,1.5,0.0%,DB,2013
177,178,Matt Elam,1,0,0.0,0,0,0,0,0,1,1.5,1.5,0.0%,DB,2013
178,179,Reed Doughty,0,1,0.0,0,0,0,0,0,1,0.8,0.8,0.0%,DB,2013
179,180,Antonio Cromartie,0,1,0.0,0,0,0,0,0,1,0.8,0.8,0.0%,DB,2013
180,181,Da'Mon Cromartie-Smith,0,0,0.0,0,0,0,0,0,1,0.0,0.0,0.0%,DB,2013
181,182,Josh Aubrey,0,0,0.0,0,0,0,0,0,1,0.0,0.0,0.0%,DB,2013
182,183,Demetrius McCray,0,0,0.0,0,0,0,0,0,1,0.0,0.0,0.0%,DB,2013
183,184,Daimion Stafford,0,0,0.0,0,0,0,0,0,1,0.0,0.0,4.0%,DB,2013
184,185,Don Jones,0,0,0.0,0,0,0,0,0,1,0.0,0.0,2.0%,DB,2013
185,186,Ray-Ray Armstrong,0,0,0.0,0,0,0,0,0,1,0.0,0.0,0.0%,DB,2013
186,187,A.J. Bouye,0,0,0.0,0,0,0,0,0,1,0.0,0.0,0.0%,DB,2013
187,188,Brynden Trawick,0,0,0.0,0,0,0,0,0,1,0.0,0.0,0.0%,DB,2013
188,189,Melvin White,0,0,0.0,0,0,0,0,0,1,0.0,0.0,0.0%,DB,2013
189,190,Rod Sweeting,0,0,0.0,0,0,0,0,0,1,0.0,0.0,0.0%,DB,2013
190,191,Cooper Taylor,0,0,0.0,0,0,0,0,0,1,0.0,0.0,0.0%,DB,2013
191,192,Leon McFadden,0,0,0.0,0,0,0,0,0,1,0.0,0.0,0.0%,DB,2013
192,193,Tony Jefferson,0,0,0.0,0,0,0,0,0,1,0.0,0.0,0.0%,DB,2013
193,194,Shawn Williams,0,0,0.0,0,0,0,0,0,1,0.0,0.0,10.0%,DB,2013
194,195,Josh Evans,0,0,0.0,0,0,0,0,0,1,0.0,0.0,0.0%,DB,2013
195,196,Blidi Wreh-Wilson,0,0,0.0,0,0,0,0,0,1,0.0,0.0,0.0%,DB,2013
196,197,J.J. Wilcox,0,0,0.0,0,0,0,0,0,1,0.0,0.0,0.0%,DB,2013
197,198,B.W. Webb,0,0,0.0,0,0,0,0,0,1,0.0,0.0,0.0%,DB,2013
198,199,Earl Wolff,0,0,0.0,0,0,0,0,0,1,0.0,0.0,0.0%,DB,2013
199,200,Jonathan Meeks,0,0,0.0,0,0,0,0,0,1,0.0,0.0,1.0%,DB,2013
200,201,Brandon McGee,0,0,0.0,0,0,0,0,0,1,0.0,0.0,0.0%,DB,2013
201,202,Jeff Heath,0,0,0.0,0,0,0,0,0,1,0.0,0.0,1.0%,DB,2013
202,203,Isaiah Trufant,0,0,0.0,0,0,0,0,0,1,0.0,0.0,0.0%,DB,2013
203,204,Eddie Pleasant,0,0,0.0,0,0,0,0,0,1,0.0,0.0,0.0%,DB,2013
204,205,Anthony Jefferson,0,0,0.0,0,0,0,0,0,1,0.0,0.0,0.0%,DB,2013
205,206,Matt Daniels,0,0,0.0,0,0,0,0,0,1,0.0,0.0,0.0%,DB,2013
206,207,Kelcie McCray,0,0,0.0,0,0,0,0,0,1,0.0,0.0,2.0%,DB,2013
207,208,Logan Ryan,0,0,0.0,0,0,0,0,0,1,0.0,0.0,1.3%,DB,2013
208,209,Carlos Rogers,0,0,0.0,0,0,0,0,0,1,0.0,0.0,0.0%,DB,2013
209,210,Bubba Ventrone,0,0,0.0,0,0,0,0,0,1,0.0,0.0,0.0%,DB,2013
210,211,John Wendling,0,0,0.0,0,0,0,0,0,1,0.0,0.0,0.0%,DB,2013
211,212,Trumaine McBride,0,0,0.0,0,0,0,0,0,1,0.0,0.0,0.0%,DB,2013
212,213,Craig Dahl,0,0,0.0,0,0,0,0,0,1,0.0,0.0,0.0%,DB,2013
213,214,Dominique Rodgers-Cromartie,0,0,0.0,0,0,0,0,0,1,0.0,0.0,0.0%,DB,2013
214,215,Jarrett Bush,0,0,0.0,0,0,0,0,0,1,0.0,0.0,0.0%,DB,2013
215,216,Usama Young,0,0,0.0,0,0,0,0,0,1,0.0,0.0,0.0%,DB,2013
216,217,Dunta Robinson,0,0,0.0,0,0,0,0,0,1,0.0,0.0,0.0%,DB,2013
217,218,Tyvon Branch,4,1,1.0,0,0,0,0,0,1,0.0,0.0,0.0%,DB,2013
218,219,DeJon Gomes,0,0,0.0,0,0,0,0,0,1,0.0,0.0,0.0%,DB,2013
219,220,Ahmad Black,0,0,0.0,0,0,0,0,0,1,0.0,0.0,0.0%,DB,2013
220,221,Chykie Brown,0,0,0.0,0,0,0,0,0,1,0.0,0.0,0.0%,DB,2013
221,222,Charles Clay,0,0,0.0,0,0,0,0,0,1,0.0,0.0,0.0%,DB,2013
222,223,Colin Jones,0,0,0.0,0,0,0,0,0,1,0.0,0.0,5.0%,DB,2013
223,224,Brandon Burton,0,0,0.0,0,0,0,0,0,1,0.0,0.0,0.0%,DB,2013
224,225,Davon House,0,0,0.0,0,0,0,0,0,1,0.0,0.0,0.0%,DB,2013
225,226,George Wilson,0,0,0.0,0,0,0,0,0,1,0.0,0.0,0.0%,DB,2013
226,227,Brandon Harris,0,0,0.0,0,0,0,0,0,1,0.0,0.0,0.0%,DB,2013
227,228,Curtis Brown,0,0,0.0,0,0,0,0,0,1,0.0,0.0,0.0%,DB,2013
228,229,Chimdi Chekwa,0,0,0.0,0,0,0,0,0,1,0.0,0.0,0.0%,DB,2013
229,230,Chris Prosinski,0,0,0.0,0,0,0,0,0,1,0.0,0.0,4.0%,DB,2013
230,231,Tommie Campbell,0,0,0.0,0,0,0,0,0,1,0.0,0.0,0.0%,DB,2013
231,232,Marcus Sherels,0,0,0.0,0,0,0,0,0,1,0.0,0.0,0.0%,DB,2013
232,233,R.J. Stanford,0,0,0.0,0,0,0,0,0,1,0.0,0.0,0.0%,DB,2013
233,234,Tramaine Brock,0,0,0.0,0,0,0,0,0,1,0.0,0.0,0.0%,DB,2013
234,235,Josh Gordy,0,0,0.0,0,0,0,0,0,1,0.0,0.0,0.0%,DB,2013
235,236,Matt Giordano,0,0,0.0,0,0,0,0,0,1,0.0,0.0,0.0%,DB,2013
236,237,Dre Kirkpatrick,0,0,0.0,0,0,0,0,0,1,0.0,0.0,0.0%,DB,2013
237,238,Antonio Allen,4,2,0.0,0,0,0,0,0,1,0.0,0.0,0.0%,DB,2013
238,239,Jayron Hosley,0,0,0.0,0,0,0,0,0,1,0.0,0.0,0.0%,DB,2013
239,240,Joe Young,0,0,0.0,0,0,0,0,0,1,0.0,0.0,0.0%,DB,2013
240,241,Jeron Johnson,0,0,0.0,0,0,0,0,0,1,0.0,0.0,0.0%,DB,2013
241,242,Darrin Walls,0,0,0.0,0,0,0,0,0,1,0.0,0.0,0.0%,DB,2013
242,243,Ron Parker,0,0,0.0,0,0,0,0,0,1,0.0,0.0,0.0%,DB,2013
243,244,Anthony Walters,0,0,0.0,0,0,0,0,0,1,0.0,0.0,0.0%,DB,2013
244,245,Tavon Wilson,0,0,0.0,0,0,0,0,0,1,0.0,0.0,0.0%,DB,2013
245,246,Jeromy Miles,0,0,0.0,0,0,0,0,0,1,0.0,0.0,0.0%,DB,2013
246,247,Anthony Levine,0,0,0.0,0,0,0,0,0,1,0.0,0.0,7.0%,DB,2013
247,248,Johnson Bademosi,0,0,0.0,0,0,0,0,0,1,0.0,0.0,0.0%,DB,2013
248,249,Robert Golden,0,0,0.0,0,0,0,0,0,1,0.0,0.0,6.0%,DB,2013
249,250,Ellis Lankster,0,0,0.0,0,0,0,0,0,1,0.0,0.0,0.0%,DB,2013
250,251,Omar Bolden,0,0,0.0,0,0,0,0,0,1,0.0,0.0,0.0%,DB,2013
251,252,Jeremy Lane,0,0,0.0,0,0,0,0,0,1,0.0,0.0,0.0%,DB,2013
252,253,Robert Blanton,0,0,0.0,0,0,0,0,0,1,0.0,0.0,0.0%,DB,2013
253,254,Josh Norman,0,0,0.0,0,0,0,0,0,1,0.0,0.0,3.0%,DB,2013
254,255,Keith Tandy,0,0,0.0,0,0,0,0,0,1,0.0,0.0,0.0%,DB,2013
255,256,Justin Bethel,0,0,0.0,0,0,0,0,0,1,0.0,0.0,0.0%,DB,2013
256,257,Andrew Sendejo,0,0,0.0,0,0,0,0,0,1,0.0,0.0,0.0%,DB,2013
257,258,Colt Anderson,0,0,0.0,0,0,0,0,0,1,0.0,0.0,0.0%,DB,2013
258,259,Craig Steltz,0,0,0.0,0,0,0,0,0,1,0.0,0.0,0.0%,DB,2013
259,260,David Bruton,0,0,0.0,0,0,0,0,0,1,0.0,0.0,0.0%,DB,2013
260,261,Chris Clemons,2,2,0.0,1,0,0,0,0,1,0.0,0.0,0.0%,DB,2013
261,262,Don Carey,0,0,0.0,0,0,0,0,0,1,0.0,0.0,0.0%,DB,2013
262,263,Brice McCain,0,0,0.0,0,0,0,0,0,1,0.0,0.0,0.0%,DB,2013
263,264,C.J. Spillman,0,0,0.0,0,0,0,0,0,1,0.0,0.0,0.0%,DB,2013
264,265,Zackary Bowman,0,0,0.0,0,0,0,0,0,1,0.0,0.0,0.0%,DB,2013
265,266,James Ihedigbo,3,0,0.0,1,0,0,0,0,1,0.0,0.0,4.0%,DB,2013
266,267,Sergio Brown,0,0,0.0,0,0,0,0,0,1,0.0,0.0,0.0%,DB,2013
267,268,Jordan Pugh,0,0,0.0,0,0,0,0,0,1,0.0,0.0,0.0%,DB,2013
268,269,Phillip Adams,0,0,0.0,0,0,0,0,0,1,0.0,0.0,0.0%,DB,2013
269,270,Kurt Coleman,0,0,0.0,0,0,0,0,0,1,0.0,0.0,0.0%,DB,2013
270,271,Sherrick McManis,0,0,0.0,0,0,0,0,0,1,0.0,0.0,0.0%,DB,2013
271,272,Cassius Vaughn,0,0,0.0,0,0,0,0,0,1,0.0,0.0,0.0%,DB,2013
272,273,A.J. Jefferson,0,0,0.0,0,0,0,0,0,1,0.0,0.0,0.0%,DB,2013
273,274,Shann Schillinger,0,0,0.0,0,0,0,0,0,1,0.0,0.0,0.0%,DB,2013
274,275,Marquice Cole,0,0,0.0,0,0,0,0,0,1,0.0,0.0,0.0%,DB,2013
275,276,Kyle Wilson,0,0,0.0,0,0,0,0,0,1,0.0,0.0,0.0%,DB,2013
276,277,Dominique Franks,0,0,0.0,0,0,0,0,0,1,0.0,0.0,0.0%,DB,2013
277,278,Darrell Stuckey,0,0,0.0,0,0,0,0,0,1,0.0,0.0,3.0%,DB,2013
278,279,Perrish Cox,0,0,0.0,0,0,0,0,0,1,0.0,0.0,0.0%,DB,2013
279,280,Javier Arenas,0,0,0.0,0,0,0,0,0,1,0.0,0.0,0.0%,DB,2013
280,281,Jerome Murphy,0,0,0.0,0,0,0,0,0,1,0.0,0.0,0.0%,DB,2013
281,282,Darious Williams,0,0,0.0,0,0,0,0,0,1,0.0,0.0,10.5%,DB,2013
282,283,Jarrod Wilson,0,0,0.0,0,0,0,0,0,1,0.0,0.0,0.0%,DB,2013
