,Rank,Player,Tackle,Assist,Sack,Pass Defended,Interception,Forced Fumble,Fumble Recovery,Defend Touchdown,Games Played,Fantasy Football Points,FTPS/Game,ROST,Position,Year
0,1,Alterraun Verner,5,1,0.0,3,1,0,0,1,1,23.8,23.8,0.0%,DB,2013
1,2,Prince Amukamara,10,0,0.0,1,0,1,0,0,1,20.5,20.5,0.0%,DB,2013
2,3,Tim Jennings,4,0,0.0,2,1,0,0,1,1,20.0,20.0,0.0%,DB,2013
3,4,Aqib Talib,1,1,0.0,2,2,1,0,0,1,19.3,19.3,0.0%,DB,2013
4,5,Bernard Pollard,8,1,0.0,1,1,0,0,0,1,19.3,19.3,0.0%,DB,2013
5,6,Major Wright,8,2,0.0,1,0,1,0,0,1,19.0,19.0,0.0%,DB,2013
6,7,Harrison Smith,8,0,0.0,1,1,0,0,0,1,18.5,18.5,18.9%,DB,2013
7,8,Brandon Flowers,10,0,0.0,0,0,0,0,0,1,17.5,17.5,0.0%,DB,2013
8,9,Dashon Goldson,9,0,0.0,1,0,0,0,0,1,17.5,17.5,0.0%,DB,2013
9,10,Quintin Mikell,5,2,1.0,0,0,1,0,0,1,17.0,17.0,0.0%,DB,2013
10,11,Aaron Williams,7,5,0.0,0,0,0,0,0,1,16.8,16.8,0.0%,DB,2013
11,12,Tony Carter,3,0,0.0,3,1,0,0,0,1,16.5,16.5,0.0%,DB,2013
12,13,Chris Harris,5,1,0.0,2,1,0,0,0,1,16.3,16.3,0.0%,DB,2013
13,14,Brent Grimes,4,1,0.0,3,1,0,0,0,1,16.3,16.3,0.0%,DB,2013
14,15,Josh Wilson,6,0,1.0,0,0,0,0,0,1,15.5,15.5,0.0%,DB,2013
15,16,Adam Jones,5,0,0.0,0,0,1,1,0,1,15.5,15.5,0.0%,DB,2013
16,17,Johnathan Cyprien,7,1,0.0,0,0,1,0,0,1,15.3,15.3,0.0%,DB,2013
17,18,Robert McClain,9,0,0.0,1,0,0,0,0,1,15.0,15.0,0.0%,DB,2013
18,19,Ryan Mundy,6,2,0.0,0,0,0,1,0,1,14.5,14.5,0.0%,DB,2013
19,20,Nate Allen,7,3,0.0,1,0,0,0,0,1,14.3,14.3,0.0%,DB,2013
20,21,Sam Shields,5,3,0.0,3,0,0,0,0,1,14.3,14.3,6.0%,DB,2013
21,22,Dominique Rodgers-Cromartie,3,2,0.0,2,1,0,0,0,1,14.0,14.0,0.0%,DB,2013
22,23,Dwight Lowery,3,2,0.0,1,0,0,1,0,1,14.0,14.0,0.0%,DB,2013
23,24,Terence Newman,5,1,0.0,2,0,0,0,0,1,13.8,13.8,0.0%,DB,2013
24,25,Troy Polamalu,4,5,0.0,1,0,0,0,0,1,13.8,13.8,0.0%,DB,2013
25,26,Buster Skrine,7,2,0.0,1,0,0,0,0,1,13.5,13.5,0.0%,DB,2013
26,27,Ron Parker,1,0,1.0,0,0,1,1,0,1,13.5,13.5,0.0%,DB,2013
27,28,Chris Houston,7,0,0.0,2,0,0,0,0,1,13.5,13.5,0.0%,DB,2013
28,29,Tracy Porter,4,1,0.5,3,0,0,0,0,1,13.3,13.3,0.0%,DB,2013
29,30,Reshad Jones,6,3,0.5,0,0,0,0,0,1,13.3,13.3,0.0%,DB,2013
30,31,Tyrann Mathieu,6,0,0.0,1,0,0,0,0,1,13.0,13.0,10.0%,DB,2013
31,32,DeAngelo Hall,5,2,0.0,0,0,1,0,0,1,13.0,13.0,0.0%,DB,2013
32,33,LaRon Landry,6,5,0.0,0,0,0,0,0,1,12.8,12.8,0.0%,DB,2013
33,34,Lardarius Webb,8,1,0.0,0,0,0,0,0,1,12.8,12.8,0.0%,DB,2013
34,35,Rahim Moore,3,0,0.0,2,1,0,0,0,1,12.5,12.5,0.0%,DB,2013
35,36,Usama Young,2,1,1.5,0,0,0,0,0,1,12.3,12.3,0.0%,DB,2013
36,37,Kareem Jackson,6,0,0.0,2,0,0,0,0,1,12.0,12.0,0.7%,DB,2013
37,38,Jamarca Sanford,8,0,0.0,0,0,0,0,0,1,12.0,12.0,0.0%,DB,2013
38,39,Kam Chancellor,2,3,0.0,1,1,0,0,0,1,11.8,11.8,0.1%,DB,2013
39,40,Brandon Boykin,4,0,0.0,1,0,1,0,0,1,11.5,11.5,0.0%,DB,2013
40,41,Leodis McKelvin,4,1,0.0,3,0,0,0,0,1,11.3,11.3,0.0%,DB,2013
41,42,Bacarri Rambo,7,1,0.0,0,0,0,0,0,1,11.3,11.3,0.0%,DB,2013
42,43,Earl Thomas,3,0,0.0,1,1,0,0,0,1,11.0,11.0,1.1%,DB,2013
43,44,Barry Church,7,0,0.0,0,0,0,0,0,1,10.5,10.5,2.0%,DB,2013
44,45,Captain Munnerlyn,5,2,0.0,1,0,0,0,0,1,10.5,10.5,0.0%,DB,2013
45,46,Glover Quin,6,0,0.0,1,0,0,0,0,1,10.5,10.5,0.0%,DB,2013
46,47,Rodney McLeod,7,0,0.0,0,0,0,0,0,1,10.5,10.5,0.4%,DB,2013
47,48,William Moore,7,0,0.0,0,0,0,0,0,1,10.5,10.5,0.0%,DB,2013
48,49,Reed Doughty,5,4,0.0,0,0,0,0,0,1,10.5,10.5,0.0%,DB,2013
49,50,Ike Taylor,6,0,0.0,1,0,0,0,0,1,10.5,10.5,0.0%,DB,2013
50,51,Jabari Greer,5,0,0.0,2,0,0,0,0,1,10.5,10.5,0.0%,DB,2013
51,52,Antoine Bethea,4,3,0.0,1,0,0,0,0,1,9.8,9.8,28.0%,DB,2013
52,53,Tashaun Gipson,4,5,0.0,0,0,0,0,0,1,9.8,9.8,0.4%,DB,2013
53,54,Alan Ball,6,1,0.0,0,0,0,0,0,1,9.8,9.8,0.0%,DB,2013
54,55,Mike Jenkins,5,1,0.0,1,0,0,0,0,1,9.8,9.8,0.0%,DB,2013
55,56,Duke Ihenacho,5,1,0.0,1,0,0,0,0,1,9.8,9.8,0.0%,DB,2013
56,57,Malcolm Jenkins,2,0,0.0,1,1,0,0,0,1,9.5,9.5,15.0%,DB,2013
57,58,Richard Sherman,2,0,0.0,1,1,0,0,0,1,9.5,9.5,0.1%,DB,2013
58,59,Eric Reid,2,0,0.0,1,1,0,0,0,1,9.5,9.5,0.0%,DB,2013
59,60,Davon House,2,0,1.0,0,0,0,0,0,1,9.5,9.5,0.0%,DB,2013
60,61,William Gay,4,1,0.0,0,0,0,0,0,1,9.3,9.3,0.1%,DB,2013
61,62,Devin McCourty,1,1,0.0,2,0,0,1,0,1,9.3,9.3,4.4%,DB,2013
62,63,Josh Robinson,3,1,0.0,1,0,0,0,0,1,9.3,9.3,0.0%,DB,2013
63,64,Leon Hall,2,3,0.0,1,0,0,0,0,1,9.3,9.3,0.0%,DB,2013
64,65,Justin Rogers,3,1,0.0,1,0,0,0,0,1,9.3,9.3,0.0%,DB,2013
65,66,D.J. Hayden,5,0,0.0,1,0,0,0,0,1,9.0,9.0,0.0%,DB,2013
66,67,Charles Woodson,6,0,0.0,0,0,0,0,0,1,9.0,9.0,0.0%,DB,2013
67,68,Steve Gregory,4,4,0.0,0,0,0,0,0,1,9.0,9.0,0.0%,DB,2013
68,69,Patrick Chung,5,2,0.0,0,0,0,0,0,1,9.0,9.0,0.0%,DB,2013
69,70,Jimmy Smith,3,0,0.0,3,0,0,0,0,1,9.0,9.0,0.0%,DB,2013
70,71,Donte Whitner,3,2,0.0,2,0,0,0,0,1,9.0,9.0,1.0%,DB,2013
71,72,Roman Harper,6,0,0.0,0,0,0,0,0,1,9.0,9.0,1.0%,DB,2013
72,73,Johnathan Joseph,5,0,0.0,1,0,0,0,0,1,9.0,9.0,0.0%,DB,2013
73,74,Rashad Johnson,6,0,0.0,0,0,0,0,0,1,9.0,9.0,0.0%,DB,2013
74,75,Yeremiah Bell,3,0,0.0,1,0,0,0,0,1,8.5,8.5,0.0%,DB,2013
75,76,Brandian Ross,3,0,1.0,0,0,0,0,0,1,8.5,8.5,0.0%,DB,2013
76,77,Da'Norris Searcy,4,3,0.0,0,0,0,0,0,1,8.3,8.3,0.0%,DB,2013
77,78,Ryan Clark,4,3,0.0,0,0,0,0,0,1,8.3,8.3,0.0%,DB,2013
78,79,Cary Williams,5,1,0.0,0,0,0,0,0,1,8.3,8.3,0.0%,DB,2013
79,80,Gregory Toler,4,1,0.0,1,0,0,0,0,1,8.3,8.3,0.0%,DB,2013
80,81,David Amerson,5,1,0.0,0,0,0,0,0,1,8.3,8.3,0.0%,DB,2013
81,82,Josh Norman,3,1,0.0,0,0,0,0,0,1,7.8,7.8,3.0%,DB,2013
82,83,Earl Wolff,5,0,0.0,0,0,0,0,0,1,7.5,7.5,0.0%,DB,2013
83,84,Jerron McMillian,5,0,0.0,0,0,0,0,0,1,7.5,7.5,0.0%,DB,2013
84,85,Shareece Wright,5,0,0.0,0,0,0,0,0,1,7.5,7.5,0.0%,DB,2013
85,86,Jimmy Wilson,5,0,0.0,0,0,0,0,0,1,7.5,7.5,0.0%,DB,2013
86,87,Janoris Jenkins,5,0,0.0,0,0,0,0,0,1,7.5,7.5,1.0%,DB,2013
87,88,Patrick Peterson,4,0,0.0,1,0,0,0,0,1,7.5,7.5,0.9%,DB,2013
88,89,Jason McCourty,3,2,0.0,1,0,0,0,0,1,7.5,7.5,0.0%,DB,2013
89,90,Darrelle Revis,4,0,0.0,1,0,0,0,0,1,7.5,7.5,0.0%,DB,2013
90,91,Kenny Vaccaro,5,0,0.0,0,0,0,0,0,1,7.5,7.5,4.0%,DB,2013
91,92,Tramon Williams,3,2,0.0,1,0,0,0,0,1,7.5,7.5,0.0%,DB,2013
92,93,Nolan Carroll,4,0,0.0,1,0,0,0,0,1,7.5,7.5,0.0%,DB,2013
93,94,Alfonzo Dennard,0,1,0.0,1,1,0,0,0,1,7.3,7.3,0.0%,DB,2013
94,95,Reggie Nelson,0,1,0.0,1,1,0,0,0,1,7.3,7.3,0.0%,DB,2013
95,96,Eric Berry,2,0,0.0,0,0,0,1,0,1,7.0,7.0,0.0%,DB,2013
96,97,Tony Jefferson,3,0,0.0,0,0,0,0,0,1,7.0,7.0,0.0%,DB,2013
97,98,Kendrick Lewis,2,0,0.0,1,0,0,0,0,1,7.0,7.0,0.0%,DB,2013
98,99,Antrel Rolle,3,3,0.0,0,0,0,0,0,1,6.8,6.8,0.0%,DB,2013
99,100,Ahmad Black,4,1,0.0,0,0,0,0,0,1,6.8,6.8,0.0%,DB,2013
100,101,Walter Thurmond,2,1,0.0,2,0,0,0,0,1,6.8,6.8,0.0%,DB,2013
101,102,Brandon Carr,4,1,0.0,0,0,0,0,0,1,6.8,6.8,0.0%,DB,2013
102,103,Terrell Thomas,4,1,0.0,0,0,0,0,0,1,6.8,6.8,0.0%,DB,2013
103,104,Dwight Bentley,4,1,0.0,0,0,0,0,0,1,6.8,6.8,0.0%,DB,2013
104,105,Orlando Scandrick,4,0,0.0,0,0,0,0,0,1,6.0,6.0,0.0%,DB,2013
105,106,Will Allen,2,2,0.0,1,0,0,0,0,1,6.0,6.0,0.0%,DB,2013
106,107,Leonard Johnson,3,0,0.0,1,0,0,0,0,1,6.0,6.0,0.0%,DB,2013
107,108,Shiloh Keo,4,0,0.0,0,0,0,0,0,1,6.0,6.0,0.0%,DB,2013
108,109,Michael Griffin,3,0,0.0,1,0,0,0,0,1,6.0,6.0,5.0%,DB,2013
109,110,Sean Smith,4,0,0.0,0,0,0,0,0,1,6.0,6.0,0.0%,DB,2013
110,111,Kyle Arrington,2,0,0.0,2,0,0,0,0,1,6.0,6.0,0.0%,DB,2013
111,112,Matt Elam,3,2,0.0,0,0,0,0,0,1,6.0,6.0,0.0%,DB,2013
112,113,M.D. Jennings,4,0,0.0,0,0,0,0,0,1,6.0,6.0,0.0%,DB,2013
113,114,Rashean Mathis,2,0,0.0,2,0,0,0,0,1,6.0,6.0,0.0%,DB,2013
114,115,Thomas DeCoud,3,0,0.0,1,0,0,0,0,1,6.0,6.0,0.0%,DB,2013
115,116,Desmond Trufant,3,0,0.0,1,0,0,0,0,1,6.0,6.0,0.0%,DB,2013
116,117,Eric Weddle,3,0,0.0,1,0,0,0,0,1,6.0,6.0,11.0%,DB,2013
117,118,Joe Haden,3,0,0.0,1,0,0,0,0,1,6.0,6.0,1.0%,DB,2013
118,119,Dawan Landry,2,3,0.0,0,0,0,0,0,1,5.3,5.3,0.0%,DB,2013
119,120,Corey Webster,2,3,0.0,0,0,0,0,0,1,5.3,5.3,0.0%,DB,2013
120,121,Mike Adams,3,1,0.0,0,0,0,0,0,1,5.3,5.3,0.4%,DB,2013
121,122,Danieal Manning,3,1,0.0,0,0,0,0,0,1,5.3,5.3,0.0%,DB,2013
122,123,D.J. Swearinger,3,1,0.0,0,0,0,0,0,1,5.3,5.3,0.0%,DB,2013
123,124,Shamarko Thomas,3,1,0.0,0,0,0,0,0,1,5.3,5.3,0.0%,DB,2013
124,125,T.J. McDonald,3,0,0.0,0,0,0,0,0,1,4.5,4.5,0.0%,DB,2013
125,126,Nickell Robey-Coleman,2,0,0.0,1,0,0,0,0,1,4.5,4.5,0.0%,DB,2013
126,127,Corey Graham,3,0,0.0,0,0,0,0,0,1,4.5,4.5,0.0%,DB,2013
127,128,Chris Cook,3,0,0.0,0,0,0,0,0,1,4.5,4.5,0.0%,DB,2013
128,129,George Wilson,3,0,0.0,0,0,0,0,0,1,4.5,4.5,0.0%,DB,2013
129,130,Charles Tillman,3,0,0.0,0,0,0,0,0,1,4.5,4.5,0.1%,DB,2013
130,131,Charles Godfrey,1,0,0.0,2,0,0,0,0,1,4.5,4.5,0.0%,DB,2013
131,132,D.J. Moore,3,0,0.0,0,0,0,0,0,1,4.5,4.5,0.0%,DB,2013
132,133,Vontae Davis,3,0,0.0,0,0,0,0,0,1,4.5,4.5,0.0%,DB,2013
133,134,Chris Conte,3,0,0.0,0,0,0,0,0,1,4.5,4.5,0.0%,DB,2013
134,135,Derek Cox,3,0,0.0,0,0,0,0,0,1,4.5,4.5,0.0%,DB,2013
135,136,Isaiah Frey,3,0,0.0,0,0,0,0,0,1,4.5,4.5,0.0%,DB,2013
136,137,Brandon Meriweather,2,2,0.0,0,0,0,0,0,1,4.5,4.5,0.0%,DB,2013
137,138,Marcus Gilchrist,3,0,0.0,0,0,0,0,0,1,4.5,4.5,0.0%,DB,2013
138,139,Johnthan Banks,3,0,0.0,0,0,0,0,0,1,4.5,4.5,0.0%,DB,2013
139,140,T.J. Ward,2,2,0.0,0,0,0,0,0,1,4.5,4.5,0.1%,DB,2013
140,141,Mike Mitchell,3,0,0.0,0,0,0,0,0,1,4.5,4.5,0.0%,DB,2013
141,142,Byron Maxwell,0,0,0.0,0,0,0,1,0,1,4.0,4.0,0.0%,DB,2013
142,143,Joe Young,0,0,0.0,0,0,0,1,0,1,4.0,4.0,0.0%,DB,2013
143,144,Kyle Wilson,2,1,0.0,0,0,0,0,0,1,3.8,3.8,0.0%,DB,2013
144,145,Josh Thomas,1,3,0.0,0,0,0,0,0,1,3.8,3.8,0.0%,DB,2013
145,146,Husain Abdullah,1,1,0.0,1,0,0,0,0,1,3.8,3.8,0.0%,DB,2013
146,147,Dee Milliner,1,1,0.0,1,0,0,0,0,1,3.8,3.8,0.0%,DB,2013
147,148,Louis Delmas,2,1,0.0,0,0,0,0,0,1,3.8,3.8,0.0%,DB,2013
148,149,Jahleel Addae,2,0,0.0,0,0,0,0,0,1,3.0,3.0,0.0%,DB,2013
149,150,Darrin Walls,1,0,0.0,1,0,0,0,0,1,3.0,3.0,0.0%,DB,2013
150,151,Johnny Patrick,2,0,0.0,0,0,0,0,0,1,3.0,3.0,0.0%,DB,2013
151,152,George Iloka,1,2,0.0,0,0,0,0,0,1,3.0,3.0,0.0%,DB,2013
152,153,Christopher Owens,2,0,0.0,0,0,0,0,0,1,3.0,3.0,0.0%,DB,2013
153,154,Robert Alford,2,0,0.0,0,0,0,0,0,1,3.0,3.0,0.0%,DB,2013
154,155,Cortland Finnegan,2,0,0.0,0,0,0,0,0,1,3.0,3.0,0.0%,DB,2013
155,156,Isaiah Trufant,2,0,0.0,0,0,0,0,0,1,3.0,3.0,0.0%,DB,2013
156,157,Will Blackmon,1,2,0.0,0,0,0,0,0,1,3.0,3.0,4.0%,DB,2013
157,158,Chris Banjo,2,0,0.0,0,0,0,0,0,1,3.0,3.0,0.0%,DB,2013
158,159,Carlos Rogers,0,1,0.0,1,0,0,0,0,1,2.3,2.3,0.0%,DB,2013
159,160,Antonio Cromartie,1,1,0.0,0,0,0,0,0,1,2.3,2.3,0.0%,DB,2013
160,161,Craig Dahl,0,3,0.0,0,0,0,0,0,1,2.3,2.3,0.0%,DB,2013
161,162,Quintin Demps,1,1,0.0,0,0,0,0,0,1,2.3,2.3,3.0%,DB,2013
162,163,Tarell Brown,1,1,0.0,0,0,0,0,0,1,2.3,2.3,0.0%,DB,2013
163,164,Jaiquawn Jarrett,1,0,0.0,0,0,0,0,0,1,1.5,1.5,0.0%,DB,2013
164,165,Darius Butler,0,0,0.0,1,0,0,0,0,1,1.5,1.5,0.0%,DB,2013
165,166,Asante Samuel,1,0,0.0,0,0,0,0,0,1,1.5,1.5,0.0%,DB,2013
166,167,Jerraud Powers,1,0,0.0,0,0,0,0,0,1,1.5,1.5,0.0%,DB,2013
167,168,Brandon Hughes,1,0,0.0,0,0,0,0,0,1,1.5,1.5,0.0%,DB,2013
168,169,Duron Harmon,1,0,0.0,0,0,0,0,0,1,1.5,1.5,0.0%,DB,2013
169,170,Nnamdi Asomugha,1,0,0.0,0,0,0,0,0,1,1.5,1.5,0.0%,DB,2013
170,171,Keenan Lewis,1,0,0.0,0,0,0,0,0,1,1.5,1.5,0.0%,DB,2013
171,172,Dre Kirkpatrick,1,0,0.0,0,0,0,0,0,1,1.5,1.5,0.0%,DB,2013
172,173,Trumaine Johnson,1,0,0.0,0,0,0,0,0,1,1.5,1.5,0.0%,DB,2013
173,174,David Bruton,1,0,0.0,0,0,0,0,0,1,1.5,1.5,0.0%,DB,2013
174,175,Colin Jones,1,0,0.0,0,0,0,0,0,1,1.5,1.5,5.0%,DB,2013
175,176,Keith Tandy,0,1,0.0,0,0,0,0,0,1,0.8,0.8,0.0%,DB,2013
176,177,Coty Sensabaugh,0,1,0.0,0,0,0,0,0,1,0.8,0.8,0.0%,DB,2013
177,178,Rafael Bush,0,1,0.0,0,0,0,0,0,1,0.8,0.8,0.0%,DB,2013
178,179,Mike Harris,0,1,0.0,0,0,0,0,0,1,0.8,0.8,0.0%,DB,2013
179,180,C.J. Spillman,0,1,0.0,0,0,0,0,0,1,0.8,0.8,0.0%,DB,2013
180,181,Xavier Rhodes,0,1,0.0,0,0,0,0,0,1,0.8,0.8,0.0%,DB,2013
181,182,Da'Mon Cromartie-Smith,0,0,0.0,0,0,0,0,0,1,0.0,0.0,0.0%,DB,2013
182,183,Johnny Adams,0,0,0.0,0,0,0,0,0,1,0.0,0.0,0.0%,DB,2013
183,184,Josh Aubrey,0,0,0.0,0,0,0,0,0,1,0.0,0.0,0.0%,DB,2013
184,185,Demetrius McCray,0,0,0.0,0,0,0,0,0,1,0.0,0.0,0.0%,DB,2013
185,186,Daimion Stafford,0,0,0.0,0,0,0,0,0,1,0.0,0.0,4.0%,DB,2013
186,187,Don Jones,0,0,0.0,0,0,0,0,0,1,0.0,0.0,2.0%,DB,2013
187,188,Marcus Cooper,0,0,0.0,0,0,0,0,0,1,0.0,0.0,0.0%,DB,2013
188,189,Ray-Ray Armstrong,0,0,0.0,0,0,0,0,0,1,0.0,0.0,0.0%,DB,2013
189,190,A.J. Bouye,0,0,0.0,0,0,0,0,0,1,0.0,0.0,0.0%,DB,2013
190,191,Brynden Trawick,0,0,0.0,0,0,0,0,0,1,0.0,0.0,0.0%,DB,2013
191,192,Chris Maragos,0,0,0.0,0,0,0,0,0,1,0.0,0.0,0.0%,DB,2013
192,193,Rod Sweeting,0,0,0.0,0,0,0,0,0,1,0.0,0.0,0.0%,DB,2013
193,194,Jeff Heath,0,0,0.0,0,0,0,0,0,1,0.0,0.0,1.0%,DB,2013
194,195,J.J. Wilcox,0,0,0.0,0,0,0,0,0,1,0.0,0.0,0.0%,DB,2013
195,196,Shawn Williams,0,0,0.0,0,0,0,0,0,1,0.0,0.0,10.0%,DB,2013
196,197,Josh Evans,0,0,0.0,0,0,0,0,0,1,0.0,0.0,0.0%,DB,2013
197,198,Darius Slay,0,0,0.0,0,0,0,0,0,1,0.0,0.0,10.0%,DB,2013
198,199,Leon McFadden,0,0,0.0,0,0,0,0,0,1,0.0,0.0,0.0%,DB,2013
199,200,Blidi Wreh-Wilson,0,0,0.0,0,0,0,0,0,1,0.0,0.0,0.0%,DB,2013
200,201,Kayvon Webster,0,0,0.0,0,0,0,0,0,1,0.0,0.0,0.0%,DB,2013
201,202,Micah Hyde,0,0,0.0,0,0,0,0,0,1,0.0,0.0,1.2%,DB,2013
202,203,Duke Williams,0,0,0.0,0,0,0,0,0,1,0.0,0.0,0.0%,DB,2013
203,204,B.W. Webb,0,0,0.0,0,0,0,0,0,1,0.0,0.0,0.0%,DB,2013
204,205,Jonathan Meeks,0,0,0.0,0,0,0,0,0,1,0.0,0.0,1.0%,DB,2013
205,206,Brandon McGee,0,0,0.0,0,0,0,0,0,1,0.0,0.0,0.0%,DB,2013
206,207,Cooper Taylor,0,0,0.0,0,0,0,0,0,1,0.0,0.0,0.0%,DB,2013
207,208,Eddie Pleasant,0,0,0.0,0,0,0,0,0,1,0.0,0.0,0.0%,DB,2013
208,209,Anthony Jefferson,0,0,0.0,0,0,0,0,0,1,0.0,0.0,0.0%,DB,2013
209,210,Matt Daniels,0,0,0.0,0,0,0,0,0,1,0.0,0.0,0.0%,DB,2013
210,211,Deveron Carr,0,0,0.0,0,0,0,0,0,1,0.0,0.0,0.0%,DB,2013
211,212,Kelcie McCray,0,0,0.0,0,0,0,0,0,1,0.0,0.0,2.0%,DB,2013
212,213,Jim Leonhard,0,0,0.0,0,0,0,0,0,1,0.0,0.0,0.0%,DB,2013
213,214,Michael Huff,0,0,0.0,0,0,0,0,0,1,0.0,0.0,0.0%,DB,2013
214,215,Richard Marshall,0,0,0.0,0,0,0,0,0,1,0.0,0.0,0.0%,DB,2013
215,216,Bubba Ventrone,0,0,0.0,0,0,0,0,0,1,0.0,0.0,0.0%,DB,2013
216,217,Antoine Cason,0,0,0.0,0,0,0,0,0,1,0.0,0.0,0.0%,DB,2013
217,218,John Wendling,0,0,0.0,0,0,0,0,0,1,0.0,0.0,0.0%,DB,2013
218,219,Tyvon Branch,0,0,0.0,0,0,0,0,0,1,0.0,0.0,0.0%,DB,2013
219,220,Trumaine McBride,0,0,0.0,0,0,0,0,0,1,0.0,0.0,0.0%,DB,2013
220,221,Aaron Ross,0,0,0.0,0,0,0,0,0,1,0.0,0.0,0.0%,DB,2013
221,222,Craig Steltz,0,0,0.0,0,0,0,0,0,1,0.0,0.0,0.0%,DB,2013
222,223,Chykie Brown,0,0,0.0,0,0,0,0,0,1,0.0,0.0,0.0%,DB,2013
223,224,Charles Clay,0,0,0.0,0,0,0,0,0,1,0.0,0.0,0.0%,DB,2013
224,225,Brandon Burton,0,0,0.0,0,0,0,0,0,1,0.0,0.0,0.0%,DB,2013
225,226,Tommie Campbell,0,0,0.0,0,0,0,0,0,1,0.0,0.0,0.0%,DB,2013
226,227,DeJon Gomes,0,0,0.0,0,0,0,0,0,1,0.0,0.0,0.0%,DB,2013
227,228,Brandon Harris,0,0,0.0,0,0,0,0,0,1,0.0,0.0,0.0%,DB,2013
228,229,Chris Prosinski,0,0,0.0,0,0,0,0,0,1,0.0,0.0,4.0%,DB,2013
229,230,Jordan Poyer,0,0,0.0,0,0,0,0,0,1,0.0,0.0,26.4%,DB,2013
230,231,Josh Gordy,0,0,0.0,0,0,0,0,0,1,0.0,0.0,0.0%,DB,2013
231,232,Marcus Sherels,0,0,0.0,0,0,0,0,0,1,0.0,0.0,0.0%,DB,2013
232,233,Morris Claiborne,0,0,0.0,0,0,0,0,0,1,0.0,0.0,0.0%,DB,2013
233,234,Antonio Allen,5,4,0.0,0,0,0,0,0,1,0.0,0.0,0.0%,DB,2013
234,235,R.J. Stanford,0,0,0.0,0,0,0,0,0,1,0.0,0.0,0.0%,DB,2013
235,236,Jayron Hosley,0,0,0.0,0,0,0,0,0,1,0.0,0.0,0.0%,DB,2013
236,237,Tavon Wilson,0,0,0.0,0,0,0,0,0,1,0.0,0.0,0.0%,DB,2013
237,238,Omar Bolden,0,0,0.0,0,0,0,0,0,1,0.0,0.0,0.0%,DB,2013
238,239,Tramaine Brock,0,0,0.0,0,0,0,0,0,1,0.0,0.0,0.0%,DB,2013
239,240,Anthony Walters,0,0,0.0,0,0,0,0,0,1,0.0,0.0,0.0%,DB,2013
240,241,Matt Giordano,0,0,0.0,0,0,0,0,0,1,0.0,0.0,0.0%,DB,2013
241,242,Robert Blanton,0,0,0.0,0,0,0,0,0,1,0.0,0.0,0.0%,DB,2013
242,243,Johnson Bademosi,0,0,0.0,0,0,0,0,0,1,0.0,0.0,0.0%,DB,2013
243,244,Antwon Blake,0,0,0.0,0,0,0,0,0,1,0.0,0.0,0.0%,DB,2013
244,245,Robert Golden,0,0,0.0,0,0,0,0,0,1,0.0,0.0,6.0%,DB,2013
245,246,Ellis Lankster,0,0,0.0,0,0,0,0,0,1,0.0,0.0,0.0%,DB,2013
246,247,Logan Ryan,0,0,0.0,0,0,0,0,0,1,0.0,0.0,1.3%,DB,2013
247,248,Corey White,0,0,0.0,0,0,0,0,0,1,0.0,0.0,0.0%,DB,2013
248,249,Jeremy Lane,0,0,0.0,0,0,0,0,0,1,0.0,0.0,0.0%,DB,2013
249,250,Justin Bethel,0,0,0.0,0,0,0,0,0,1,0.0,0.0,0.0%,DB,2013
250,251,Winston Guy,0,0,0.0,0,0,0,0,0,1,0.0,0.0,0.0%,DB,2013
251,252,Josh Bush,0,0,0.0,0,0,0,0,0,1,0.0,0.0,0.0%,DB,2013
252,253,Jonte Green,0,0,0.0,0,0,0,0,0,1,0.0,0.0,0.0%,DB,2013
253,254,Anthony Levine,0,0,0.0,0,0,0,0,0,1,0.0,0.0,7.0%,DB,2013
254,255,Nate Ebner,0,0,0.0,0,0,0,0,0,1,0.0,0.0,0.0%,DB,2013
255,256,Andrew Sendejo,0,0,0.0,0,0,0,0,0,1,0.0,0.0,0.0%,DB,2013
256,257,Chris Clemons,3,0,0.0,2,0,0,0,0,1,0.0,0.0,0.0%,DB,2013
257,258,Brice McCain,0,0,0.0,0,0,0,0,0,1,0.0,0.0,0.0%,DB,2013
258,259,E.J. Biggers,0,0,0.0,0,0,0,0,0,1,0.0,0.0,0.0%,DB,2013
259,260,Zackary Bowman,0,0,0.0,0,0,0,0,0,1,0.0,0.0,0.0%,DB,2013
260,261,James Ihedigbo,0,2,0.0,0,0,0,0,0,1,0.0,0.0,4.0%,DB,2013
261,262,Marquice Cole,0,0,0.0,0,0,0,0,0,1,0.0,0.0,0.0%,DB,2013
262,263,Sherrick McManis,0,0,0.0,0,0,0,0,0,1,0.0,0.0,0.0%,DB,2013
263,264,Phillip Adams,0,0,0.0,0,0,0,0,0,1,0.0,0.0,0.0%,DB,2013
264,265,Kurt Coleman,0,0,0.0,0,0,0,0,0,1,0.0,0.0,0.0%,DB,2013
265,266,Danny McCray,0,0,0.0,0,0,0,0,0,1,0.0,0.0,0.0%,DB,2013
266,267,Cassius Vaughn,0,0,0.0,0,0,0,0,0,1,0.0,0.0,0.0%,DB,2013
267,268,A.J. Jefferson,0,0,0.0,0,0,0,0,0,1,0.0,0.0,0.0%,DB,2013
268,269,Sergio Brown,0,0,0.0,0,0,0,0,0,1,0.0,0.0,0.0%,DB,2013
269,270,Colt Anderson,0,0,0.0,0,0,0,0,0,1,0.0,0.0,0.0%,DB,2013
270,271,Taylor Mays,0,0,0.0,0,0,0,0,0,1,0.0,0.0,0.0%,DB,2013
271,272,Patrick Robinson,0,0,0.0,0,0,0,0,0,1,0.0,0.0,0.0%,DB,2013
272,273,Dominique Franks,0,0,0.0,0,0,0,0,0,1,0.0,0.0,0.0%,DB,2013
273,274,Darrell Stuckey,0,0,0.0,0,0,0,0,0,1,0.0,0.0,3.0%,DB,2013
274,275,Perrish Cox,0,0,0.0,0,0,0,0,0,1,0.0,0.0,0.0%,DB,2013
275,276,Javier Arenas,0,0,0.0,0,0,0,0,0,1,0.0,0.0,0.0%,DB,2013
276,277,Jerome Murphy,0,0,0.0,0,0,0,0,0,1,0.0,0.0,0.0%,DB,2013
277,278,Shann Schillinger,0,0,0.0,0,0,0,0,0,1,0.0,0.0,0.0%,DB,2013
278,279,Darious Williams,0,0,0.0,0,0,0,0,0,1,0.0,0.0,10.5%,DB,2013
279,280,Jarrod Wilson,0,0,0.0,0,0,0,0,0,1,0.0,0.0,0.0%,DB,2013
