,Rank,Player,Tackle,Assist,Sack,Pass Defended,Interception,Forced Fumble,Fumble Recovery,Defend Touchdown,Games Played,Fantasy Football Points,FTPS/Game,ROST,Position,Year
0,1,Julius Peppers,8,3,2.0,0,0,0,0,0,1,32.3,32.3,0.1%,DL,2013
1,2,Gerald McCoy,4,1,3.0,1,0,0,0,0,1,27.8,27.8,0.0%,DL,2013
2,3,Rob Ninkovich,6,3,2.0,0,0,0,0,0,1,21.8,21.8,0.0%,DL,2013
3,4,J.J. Watt,5,0,2.0,0,0,0,0,0,1,20.5,20.5,4.2%,DL,2013
4,5,Kyle Williams,3,0,2.0,0,0,1,0,0,1,19.0,19.0,3.7%,DL,2013
5,6,Michael Johnson,1,2,0.5,3,1,1,0,0,1,18.5,18.5,0.0%,DL,2013
6,7,Connor Barwin,5,1,1.0,1,0,1,0,0,1,17.8,17.8,0.0%,DL,2013
7,8,Osi Umenyiora,3,0,2.0,0,0,0,0,0,1,17.5,17.5,0.0%,DL,2013
8,9,Muhammad Wilkerson,7,2,0.0,1,0,0,0,0,1,16.0,16.0,0.0%,DL,2013
9,10,Ziggy Hood,4,1,1.0,0,0,0,0,0,1,15.8,15.8,0.0%,DL,2013
10,11,Justin Houston,9,1,0.0,1,0,0,0,0,1,15.8,15.8,0.0%,DL,2013
11,12,Jason Pierre-Paul,1,2,0.0,1,1,0,0,1,1,15.5,15.5,0.0%,DL,2013
12,13,Olivier Vernon,5,1,1.0,0,0,0,0,0,1,14.8,14.8,6.0%,DL,2013
13,14,Akiem Hicks,4,3,1.0,0,0,0,0,0,1,14.8,14.8,0.0%,DL,2013
14,15,Clinton McDonald,2,1,0.0,1,1,0,1,0,1,14.3,14.3,0.0%,DL,2013
15,16,Adrian Clayborn,5,2,0.0,0,0,0,0,0,1,14.0,14.0,0.0%,DL,2013
16,17,Star Lotulelei,4,1,1.0,0,0,0,0,0,1,13.3,13.3,0.0%,DL,2013
17,18,Greg Hardy,3,3,1.0,0,0,0,0,0,1,13.3,13.3,0.0%,DL,2013
18,19,Jeremy Mincey,3,1,1.0,1,0,0,0,0,1,13.3,13.3,0.0%,DL,2013
19,20,Sheldon Richardson,5,4,0.0,0,0,0,0,0,1,13.0,13.0,1.0%,DL,2013
20,21,Nick Fairley,2,1,1.0,0,0,0,0,0,1,12.8,12.8,0.0%,DL,2013
21,22,Cedric Thornton,5,0,0.0,0,0,0,0,0,1,12.5,12.5,0.0%,DL,2013
22,23,Andre Branch,2,0,1.0,0,0,0,0,0,1,12.0,12.0,0.0%,DL,2013
23,24,Cliff Avril,1,1,1.0,1,0,1,0,0,1,11.8,11.8,0.1%,DL,2013
24,25,Wallace Gilberry,1,2,1.5,0,0,0,0,0,1,11.5,11.5,0.0%,DL,2013
25,26,Cameron Heyward,5,1,0.0,2,0,0,0,0,1,11.3,11.3,23.1%,DL,2013
26,27,Calais Campbell,2,0,1.0,1,0,0,0,0,1,11.0,11.0,3.1%,DL,2013
27,28,Jared Odrick,2,0,1.0,1,0,0,0,0,1,11.0,11.0,0.0%,DL,2013
28,29,Cameron Jordan,2,0,1.0,1,0,0,0,0,1,11.0,11.0,6.1%,DL,2013
29,30,Fletcher Cox,4,1,0.0,0,0,0,1,0,1,10.8,10.8,1.1%,DL,2013
30,31,Quinton Coples,5,1,0.0,0,0,0,0,0,1,10.8,10.8,0.0%,DL,2013
31,32,Damon Harrison,4,5,0.0,0,0,0,0,0,1,9.8,9.8,0.0%,DL,2013
32,33,Carlos Dunlap,1,2,1.0,0,0,0,0,0,1,9.5,9.5,3.0%,DL,2013
33,34,Sean Lissemore,2,0,1.0,0,0,0,0,0,1,9.5,9.5,0.0%,DL,2013
34,35,Cheta Ozougwu,1,0,1.0,0,0,1,0,0,1,9.5,9.5,0.0%,DL,2013
35,36,Fred Evans,2,0,0.0,0,0,1,0,0,1,9.5,9.5,0.0%,DL,2013
36,37,Derek Wolfe,2,0,1.0,0,0,0,0,0,1,9.5,9.5,0.0%,DL,2013
37,38,Tony McDaniel,2,5,0.0,0,0,0,0,0,1,9.3,9.3,0.0%,DL,2013
38,39,Red Bryant,2,1,0.0,0,0,0,0,0,1,8.8,8.8,0.0%,DL,2013
39,40,Justin Smith,3,2,0.0,0,0,0,0,0,1,8.5,8.5,0.0%,DL,2013
40,41,Chris Canty,4,0,0.0,0,0,0,0,0,1,8.5,8.5,0.0%,DL,2013
41,42,Allen Bailey,5,1,0.0,0,0,0,0,0,1,8.3,8.3,0.0%,DL,2013
42,43,Brian Robison,1,0,1.0,0,0,0,0,0,1,8.0,8.0,0.0%,DL,2013
43,44,Cory Redding,1,0,1.0,0,0,0,0,0,1,8.0,8.0,0.0%,DL,2013
44,45,Malik Jackson,1,2,0.5,2,0,0,0,0,1,8.0,8.0,0.0%,DL,2013
45,46,DeAngelo Tyson,1,0,1.0,0,0,0,0,0,1,8.0,8.0,0.0%,DL,2013
46,47,Jonathan Massaquoi,3,1,0.0,0,0,0,0,0,1,7.8,7.8,0.0%,DL,2013
47,48,Jarvis Jenkins,3,1,0.5,0,0,0,0,0,1,7.3,7.3,0.0%,DL,2013
48,49,Mario Williams,2,0,0.0,1,0,0,0,0,1,7.0,7.0,0.0%,DL,2013
49,50,Steve McLendon,2,0,0.0,0,0,1,0,0,1,7.0,7.0,0.0%,DL,2013
50,51,Antonio Smith,3,0,0.0,0,0,0,0,0,1,7.0,7.0,0.0%,DL,2013
51,52,Ryan Kerrigan,2,0,0.0,1,0,0,0,0,1,7.0,7.0,0.0%,DL,2013
52,53,Bennie Logan,3,0,0.0,0,0,0,0,0,1,7.0,7.0,0.0%,DL,2013
53,54,Corey Wootton,3,1,0.0,1,0,0,0,0,1,6.8,6.8,0.0%,DL,2013
54,55,Ropati Pitoitua,4,1,0.0,0,0,0,0,0,1,6.8,6.8,0.0%,DL,2013
55,56,Kawann Short,1,1,0.0,0,0,1,0,0,1,6.3,6.3,0.0%,DL,2013
56,57,Bruce Irvin,2,1,0.0,0,0,0,0,0,1,6.3,6.3,0.2%,DL,2013
57,58,Aubrayo Franklin,2,1,0.0,0,0,0,0,0,1,6.3,6.3,0.0%,DL,2013
58,59,Dontari Poe,3,0,0.0,1,0,0,0,0,1,6.0,6.0,0.0%,DL,2013
59,60,Mario Addison,0,2,0.0,0,0,0,1,0,1,5.5,5.5,4.0%,DL,2013
60,61,Sen'Derrick Marks,1,0,0.0,1,0,0,0,0,1,5.5,5.5,0.0%,DL,2013
61,62,Corbin Bryant,1,2,0.0,0,0,0,0,0,1,5.5,5.5,0.0%,DL,2013
62,63,Pat Sims,2,0,0.0,0,0,0,0,0,1,5.5,5.5,0.0%,DL,2013
63,64,Roy Miller,2,0,0.0,0,0,0,0,0,1,5.5,5.5,0.0%,DL,2013
64,65,John Hughes,0,5,0.0,1,0,0,0,0,1,5.3,5.3,0.0%,DL,2013
65,66,Marcell Dareus,2,1,0.0,1,0,0,0,0,1,5.3,5.3,0.0%,DL,2013
66,67,Dan Williams,3,0,0.0,0,0,0,0,0,1,4.5,4.5,0.0%,DL,2013
67,68,Corey Liuget,3,0,0.0,0,0,0,0,0,1,4.5,4.5,0.0%,DL,2013
68,69,Joe Vellano,2,2,0.0,0,0,0,0,0,1,4.5,4.5,0.0%,DL,2013
69,70,Vance Walker,3,0,0.0,0,0,0,0,0,1,4.5,4.5,0.0%,DL,2013
70,71,Jason Hunter,1,0,0.0,0,0,0,0,0,1,4.0,4.0,0.0%,DL,2013
71,72,Darryl Tapp,1,0,0.0,0,0,0,0,0,1,4.0,4.0,0.0%,DL,2013
72,73,Brandon Graham,1,0,0.0,0,0,0,0,0,1,4.0,4.0,2.2%,DL,2013
73,74,Ricky Jean-Francois,1,0,0.0,0,0,0,0,0,1,4.0,4.0,0.0%,DL,2013
74,75,Glenn Dorsey,2,1,0.0,0,0,0,0,0,1,3.8,3.8,0.0%,DL,2013
75,76,Chase Baker,2,1,0.0,0,0,0,0,0,1,3.8,3.8,0.0%,DL,2013
76,77,Domata Peko,1,3,0.0,0,0,0,0,0,1,3.8,3.8,0.0%,DL,2013
77,78,Jabaal Sheard,2,1,0.0,0,0,0,0,0,1,3.8,3.8,0.0%,DL,2013
78,79,Paul Soliai,2,1,0.0,0,0,0,0,0,1,3.8,3.8,0.0%,DL,2013
79,80,Ahtyba Rubin,1,3,0.0,0,0,0,0,0,1,3.8,3.8,0.0%,DL,2013
80,81,Cliff Matthews,2,1,0.0,0,0,0,0,0,1,3.8,3.8,0.0%,DL,2013
81,82,Earl Mitchell,2,0,0.0,0,0,0,0,0,1,3.0,3.0,0.0%,DL,2013
82,83,Arthur Jones,2,0,0.0,0,0,0,0,0,1,3.0,3.0,0.0%,DL,2013
83,84,Tyson Jackson,2,0,0.0,0,0,0,0,0,1,3.0,3.0,0.0%,DL,2013
84,85,Marcus Benard,1,0,0.0,1,0,0,0,0,1,3.0,3.0,0.0%,DL,2013
85,86,Brooks Reed,2,0,0.0,0,0,0,0,0,1,3.0,3.0,0.0%,DL,2013
86,87,Cullen Jenkins,2,0,0.0,0,0,0,0,0,1,3.0,3.0,0.0%,DL,2013
87,88,Matt Shaughnessy,2,0,0.0,0,0,0,0,0,1,3.0,3.0,0.0%,DL,2013
88,89,Chris Baker,2,0,0.0,0,0,0,0,0,1,3.0,3.0,0.0%,DL,2013
89,90,Mike Daniels,2,0,0.0,0,0,0,0,0,1,3.0,3.0,0.0%,DL,2013
90,91,Darnell Dockett,2,0,0.0,0,0,0,0,0,1,3.0,3.0,0.0%,DL,2013
91,92,Kenrick Ellis,2,0,0.0,0,0,0,0,0,1,3.0,3.0,0.0%,DL,2013
92,93,Mitch Unrein,2,0,0.0,0,0,0,0,0,1,3.0,3.0,0.0%,DL,2013
93,94,Landon Cohen,1,2,0.0,0,0,0,0,0,1,3.0,3.0,0.0%,DL,2013
94,95,Akeem Spence,1,1,0.0,0,0,0,0,0,1,2.3,2.3,0.0%,DL,2013
95,96,Sharrif Floyd,1,1,0.0,0,0,0,0,0,1,2.3,2.3,0.0%,DL,2013
96,97,Brodrick Bunkley,1,1,0.0,0,0,0,0,0,1,2.3,2.3,0.0%,DL,2013
97,98,C.J. Wilson,1,1,0.0,0,0,0,0,0,1,2.3,2.3,0.0%,DL,2013
98,99,Chris Clemons,0,1,0.0,1,0,0,0,0,1,2.3,2.3,0.0%,DL,2013
99,100,Mike Devito,0,1,0.0,1,0,0,0,0,1,2.3,2.3,0.0%,DL,2013
100,101,Kevin Williams,1,1,0.0,0,0,0,0,0,1,2.3,2.3,0.1%,DL,2013
101,102,Mike Patterson,0,3,0.0,0,0,0,0,0,1,2.3,2.3,0.0%,DL,2013
102,103,Tony Jerod-Eddie,1,1,0.0,0,0,0,0,0,1,2.3,2.3,0.0%,DL,2013
103,104,Justin Tuck,1,1,0.0,0,0,0,0,0,1,2.3,2.3,0.0%,DL,2013
104,105,Wes Horton,1,1,0.0,0,0,0,0,0,1,2.3,2.3,0.0%,DL,2013
105,106,William Gholston,1,1,0.0,0,0,0,0,0,1,2.3,2.3,1.6%,DL,2013
106,107,Jonathan Babineaux,1,0,0.0,0,0,0,0,0,1,1.5,1.5,0.0%,DL,2013
107,108,Jurrell Casey,1,0,0.0,0,0,0,0,0,1,1.5,1.5,0.1%,DL,2013
108,109,Jerry Hughes,0,2,0.0,0,0,0,0,0,1,1.5,1.5,1.0%,DL,2013
109,110,Stacy McGee,1,0,0.0,0,0,0,0,0,1,1.5,1.5,0.0%,DL,2013
110,111,Jared Crick,1,0,0.0,0,0,0,0,0,1,1.5,1.5,0.0%,DL,2013
111,112,Terrence Cody,1,0,0.0,0,0,0,0,0,1,1.5,1.5,0.0%,DL,2013
112,113,Kevin Vickerson,0,2,0.0,0,0,0,0,0,1,1.5,1.5,0.0%,DL,2013
113,114,Fili Moala,1,0,0.0,0,0,0,0,0,1,1.5,1.5,0.0%,DL,2013
114,115,Tyson Alualu,1,0,0.0,0,0,0,0,0,1,1.5,1.5,0.0%,DL,2013
115,116,Daniel Muir,1,0,0.0,0,0,0,0,0,1,1.5,1.5,0.0%,DL,2013
116,117,Travian Robertson,1,0,0.0,0,0,0,0,0,1,1.5,1.5,0.0%,DL,2013
117,118,Billy Winn,1,0,0.0,0,0,0,0,0,1,1.5,1.5,1.0%,DL,2013
118,119,Kendall Reyes,0,0,0.0,1,0,0,0,0,1,1.5,1.5,0.0%,DL,2013
119,120,Derrick Shelby,1,0,0.0,0,0,0,0,0,1,1.5,1.5,0.0%,DL,2013
120,121,Peria Jerry,1,0,0.0,0,0,0,0,0,1,1.5,1.5,0.0%,DL,2013
121,122,Phil Taylor,0,2,0.0,0,0,0,0,0,1,1.5,1.5,0.0%,DL,2013
122,123,Anthony Toribio,1,0,0.0,0,0,0,0,0,1,1.5,1.5,0.0%,DL,2013
123,124,Lawrence Guy,1,0,0.0,0,0,0,0,0,1,1.5,1.5,4.0%,DL,2013
124,125,Linval Joseph,0,2,0.0,0,0,0,0,0,1,1.5,1.5,0.0%,DL,2013
125,126,Terrance Knighton,0,2,0.0,0,0,0,0,0,1,1.5,1.5,0.0%,DL,2013
126,127,Dion Jordan,1,0,0.0,0,0,0,0,0,1,1.5,1.5,0.0%,DL,2013
127,128,Aldon Smith,1,0,0.0,0,0,0,0,0,1,1.5,1.5,0.0%,DL,2013
128,129,Sammie Lee,0,0,0.0,1,0,0,0,0,1,1.5,1.5,0.0%,DL,2013
129,130,Vinny Curry,1,0,0.0,0,0,0,0,0,1,1.5,1.5,0.0%,DL,2013
130,131,Ndamukong Suh,0,1,0.0,0,0,0,0,0,1,0.8,0.8,0.0%,DL,2013
131,132,Desmond Bryant,0,1,0.0,0,0,0,0,0,1,0.8,0.8,0.0%,DL,2013
132,133,C.J. Mosley,0,1,0.0,0,0,0,0,0,1,0.8,0.8,0.0%,DL,2013
133,134,Al Woods,0,1,0.0,0,0,0,0,0,1,0.8,0.8,0.0%,DL,2013
134,135,Chris Jones,0,1,0.0,0,0,0,0,0,1,0.8,0.8,0.0%,DL,2013
135,136,Andre Carter,0,1,0.0,0,0,0,0,0,1,0.8,0.8,0.0%,DL,2013
136,137,Mike Martin,0,1,0.0,0,0,0,0,0,1,0.8,0.8,0.0%,DL,2013
137,138,Brandon Mebane,0,1,0.0,0,0,0,0,0,1,0.8,0.8,0.0%,DL,2013
138,139,Mathias Kiwanuka,0,1,0.0,0,0,0,0,0,1,0.8,0.8,0.0%,DL,2013
139,140,Leger Douzable,0,1,0.0,0,0,0,0,0,1,0.8,0.8,0.0%,DL,2013
140,141,Michael Bennett,0,1,0.0,0,0,0,0,0,1,0.8,0.8,0.0%,DL,2013
141,142,Charles Johnson,0,1,0.0,0,0,0,0,0,1,0.8,0.8,0.0%,DL,2013
142,143,Jack Crawford,0,1,0.0,0,0,0,0,0,1,0.8,0.8,0.0%,DL,2013
143,144,Johnathan Hankins,0,1,0.0,0,0,0,0,0,1,0.8,0.8,0.0%,DL,2013
144,145,Alan Branch,0,1,0.0,0,0,0,0,0,1,0.8,0.8,0.0%,DL,2013
145,146,Andre Fluellen,0,1,0.0,0,0,0,0,0,1,0.8,0.8,0.0%,DL,2013
146,147,John Jenkins,0,1,0.0,0,0,0,0,0,1,0.8,0.8,1.7%,DL,2013
147,148,Israel Idonije,0,1,0.0,0,0,0,0,0,1,0.8,0.8,0.0%,DL,2013
148,149,Ricardo Mathews,0,1,0.0,0,0,0,0,0,1,0.8,0.8,0.0%,DL,2013
149,150,Everson Griffen,0,1,0.0,0,0,0,0,0,1,0.8,0.8,2.0%,DL,2013
150,151,Stefan Charles,0,0,0.0,0,0,0,0,0,1,0.0,0.0,0.0%,DL,2013
151,152,Christian Tupou,0,0,0.0,0,0,0,0,0,1,0.0,0.0,0.0%,DL,2013
152,153,Frostee Rucker,0,0,0.0,0,0,0,0,0,1,0.0,0.0,0.0%,DL,2013
153,154,Kamerion Wimbley,0,0,0.0,0,0,0,0,0,1,0.0,0.0,0.0%,DL,2013
154,155,Tamba Hali,3,1,0.0,0,0,0,0,0,1,0.0,0.0,2.0%,DL,2013
155,156,Barry Cofield,0,0,0.0,0,0,0,0,0,1,0.0,0.0,0.0%,DL,2013
156,157,Elvis Dumervil,0,0,0.0,0,0,0,0,0,1,0.0,0.0,0.0%,DL,2013
157,158,Parys Haralson,0,0,0.0,0,0,0,0,0,1,0.0,0.0,0.0%,DL,2013
158,159,Johnny Jolly,0,0,0.0,0,0,0,0,0,1,0.0,0.0,0.0%,DL,2013
159,160,Kedric Golston,0,0,0.0,0,0,0,0,0,1,0.0,0.0,0.0%,DL,2013
160,161,Ahmad Brooks,2,0,1.0,1,1,1,0,0,1,0.0,0.0,0.0%,DL,2013
161,162,Randy Starks,0,0,0.0,0,0,0,0,0,1,0.0,0.0,0.0%,DL,2013
162,163,Isaac Sopoaga,0,0,0.0,0,0,0,0,0,1,0.0,0.0,0.0%,DL,2013
163,164,Jared Allen,0,5,0.0,1,0,0,0,0,1,0.0,0.0,0.0%,DL,2013
164,165,Keyunta Dawson,0,0,0.0,0,0,0,0,0,1,0.0,0.0,0.0%,DL,2013
165,166,Gary Gibson,0,0,0.0,0,0,0,0,0,1,0.0,0.0,0.0%,DL,2013
166,167,Stephen Bowen,0,0,0.0,0,0,0,0,0,1,0.0,0.0,0.0%,DL,2013
167,168,Antonio Johnson,0,0,0.0,0,0,0,0,0,1,0.0,0.0,0.0%,DL,2013
168,169,Dwan Edwards,0,0,0.0,0,0,0,0,0,1,0.0,0.0,0.0%,DL,2013
169,170,Ryan Pickett,0,0,0.0,0,0,0,0,0,1,0.0,0.0,0.0%,DL,2013
170,171,Martez Wilson,0,0,0.0,0,0,0,0,0,1,0.0,0.0,0.0%,DL,2013
171,172,Von Miller,0,1,0.0,0,0,0,0,0,1,0.0,0.0,2.5%,DL,2013
172,173,Stephen Paea,0,0,0.0,0,0,0,0,0,1,0.0,0.0,0.0%,DL,2013
173,174,Terrell McClain,0,0,0.0,0,0,0,0,0,1,0.0,0.0,0.0%,DL,2013
174,175,Karl Klug,0,0,0.0,0,0,0,0,0,1,0.0,0.0,0.0%,DL,2013
175,176,Pernell McPhee,1,0,0.0,0,0,0,0,0,1,0.0,0.0,0.0%,DL,2013
176,177,Terrell Suggs,1,0,0.0,0,0,0,0,0,1,0.0,0.0,0.0%,DL,2013
177,178,Colin Cole,0,0,0.0,0,0,0,0,0,1,0.0,0.0,0.0%,DL,2013
178,179,Jason Babin,4,1,1.0,0,0,0,0,0,1,0.0,0.0,0.0%,DL,2013
179,180,John Abraham,3,0,1.0,1,0,0,0,0,1,0.0,0.0,0.0%,DL,2013
180,181,Damontre Moore,0,0,0.0,0,0,0,0,0,1,0.0,0.0,0.0%,DL,2013
181,182,Nate Chandler,0,0,0.0,0,0,0,0,0,1,0.0,0.0,0.0%,DL,2013
182,183,Bjoern Werner,0,0,0.0,0,0,0,0,0,1,0.0,0.0,0.0%,DL,2013
183,184,Devin Taylor,0,0,0.0,0,0,0,0,0,1,0.0,0.0,0.0%,DL,2013
184,185,Datone Jones,0,0,0.0,0,0,0,0,0,1,0.0,0.0,0.0%,DL,2013
185,186,Alameda Ta'amu,0,0,0.0,0,0,0,0,0,1,0.0,0.0,0.0%,DL,2013
186,187,Josh Chapman,0,0,0.0,0,0,0,0,0,1,0.0,0.0,0.0%,DL,2013
187,188,Cam Johnson,0,0,0.0,0,0,0,0,0,1,0.0,0.0,0.0%,DL,2013
188,189,Margus Hunt,0,0,0.0,0,0,0,0,0,1,0.0,0.0,0.0%,DL,2013
189,190,Michael Buchanan,0,0,0.0,0,0,0,0,0,1,0.0,0.0,0.0%,DL,2013
190,191,Courtney Upshaw,1,0,0.0,0,0,0,0,0,1,0.0,0.0,0.0%,DL,2013
191,192,Paul Hazel,0,0,0.0,0,0,0,0,0,1,0.0,0.0,0.0%,DL,2013
192,193,Glenn Foster,0,0,0.0,0,0,0,0,0,1,0.0,0.0,0.0%,DL,2013
193,194,Damion Square,0,0,0.0,0,0,0,0,0,1,0.0,0.0,0.0%,DL,2013
194,195,Ryan Davis,0,0,0.0,0,0,0,0,0,1,0.0,0.0,0.0%,DL,2013
195,196,Stansly Maponga,0,0,0.0,0,0,0,0,0,1,0.0,0.0,1.0%,DL,2013
196,197,Sylvester Williams,0,0,0.0,0,0,0,0,0,1,0.0,0.0,0.0%,DL,2013
197,198,Barkevious Mingo,1,1,0.0,0,0,0,0,0,1,0.0,0.0,6.0%,DL,2013
198,199,Brandon Williams,0,0,0.0,0,0,0,0,0,1,0.0,0.0,0.2%,DL,2013
199,200,Steven Means,0,0,0.0,0,0,0,0,0,1,0.0,0.0,0.0%,DL,2013
200,201,Josh Boyd,0,0,0.0,0,0,0,0,0,1,0.0,0.0,0.0%,DL,2013
201,202,Tourek Williams,1,0,0.0,0,0,0,0,0,1,0.0,0.0,0.0%,DL,2013
202,203,Mike Catapano,0,0,0.0,0,0,0,0,0,1,0.0,0.0,0.0%,DL,2013
203,204,Armonty Bryant,1,0,0.0,0,0,0,0,0,1,0.0,0.0,0.0%,DL,2013
204,205,Derrick Morgan,2,1,1.0,0,0,0,0,0,1,0.0,0.0,0.0%,DL,2013
205,206,Willie Young,1,2,0.0,0,0,0,0,0,1,0.0,0.0,0.0%,DL,2013
206,207,Lamarr Houston,3,0,1.0,0,0,0,0,0,1,0.0,0.0,0.0%,DL,2013
207,208,Mike Neal,2,0,1.0,0,0,0,0,0,1,0.0,0.0,0.0%,DL,2013
208,209,Corey Peters,0,0,0.0,0,0,0,0,0,1,0.0,0.0,2.0%,DL,2013
209,210,Cameron Wake,4,0,1.0,0,0,0,0,0,1,0.0,0.0,0.0%,DL,2013
210,211,B.J. Raji,0,0,0.0,0,0,0,0,0,1,0.0,0.0,0.0%,DL,2013
211,212,Clay Matthews,1,3,1.0,1,0,0,0,0,1,0.0,0.0,0.0%,DL,2013
212,213,Robert Ayers,0,0,0.0,0,0,0,0,0,1,0.0,0.0,0.0%,DL,2013
213,214,Paul Kruger,0,2,0.0,0,0,0,0,0,1,0.0,0.0,0.0%,DL,2013
214,215,Daniel Te'o-Nesheim,0,0,0.0,0,0,0,0,0,1,0.0,0.0,0.0%,DL,2013
215,216,Demarcus Dobbs,0,0,0.0,0,0,0,0,0,1,0.0,0.0,0.0%,DL,2013
216,217,Tim Jamison,0,0,0.0,0,0,0,0,0,1,0.0,0.0,0.0%,DL,2013
217,218,Chandler Jones,4,1,1.0,0,0,0,0,0,1,0.0,0.0,0.5%,DL,2013
218,219,Whitney Mercilus,0,2,0.0,0,0,0,0,0,1,0.0,0.0,0.2%,DL,2013
219,220,Brandon Thompson,0,0,0.0,0,0,0,0,0,1,0.0,0.0,0.0%,DL,2013
220,221,Dekoda Watson,1,1,0.0,0,0,0,0,0,1,0.0,0.0,0.0%,DL,2013
221,222,Cam Thomas,0,0,0.0,0,0,0,0,0,1,0.0,0.0,0.0%,DL,2013
222,223,Austen Lane,0,0,0.0,0,0,0,0,0,1,0.0,0.0,0.0%,DL,2013
223,224,Arthur Moats,2,0,0.0,0,0,0,0,0,1,0.0,0.0,0.0%,DL,2013
224,225,Clifton Geathers,0,0,0.0,0,0,0,0,0,1,0.0,0.0,0.0%,DL,2013
225,226,Tom Johnson,0,0,0.0,0,0,0,0,0,1,0.0,0.0,0.0%,DL,2013
226,227,Brandon Deaderick,0,0,0.0,0,0,0,0,0,1,0.0,0.0,0.0%,DL,2013
227,228,Junior Galette,1,1,1.0,0,0,0,0,0,1,0.0,0.0,0.0%,DL,2013
228,229,Chad Thomas,0,0,0.0,0,0,0,0,0,1,0.0,0.0,0.0%,DL,2013
229,230,John Denney,0,0,0.0,0,0,0,0,0,1,0.0,0.0,0.0%,DL,2013
