,Rank,Player,Tackle,Assist,Sack,Pass Defended,Interception,Forced Fumble,Fumble Recovery,Defend Touchdown,Games Played,Fantasy Football Points,FTPS/Game,ROST,Position,Year
0,1,Calais Campbell,4,0,2.0,0,0,1,0,0,1,23.0,23.0,3.1%,DL,2013
1,2,Muhammad Wilkerson,5,2,1.0,0,0,1,0,0,1,22.0,22.0,0.0%,DL,2013
2,3,Osi Umenyiora,4,2,2.0,0,0,0,0,0,1,20.5,20.5,0.0%,DL,2013
3,4,Chris Long,5,0,1.0,0,0,1,0,0,1,20.5,20.5,0.0%,DL,2013
4,5,Sen'Derrick Marks,4,0,1.0,2,0,1,0,0,1,19.5,19.5,0.0%,DL,2013
5,6,Mario Williams,2,2,2.0,0,0,0,0,0,1,17.5,17.5,0.0%,DL,2013
6,7,Wallace Gilberry,2,2,1.5,0,0,1,0,0,1,17.0,17.0,0.0%,DL,2013
7,8,Sheldon Richardson,3,2,1.0,1,0,0,0,0,1,16.5,16.5,1.0%,DL,2013
8,9,Dontari Poe,6,1,1.0,0,0,0,0,0,1,16.3,16.3,0.0%,DL,2013
9,10,Ahtyba Rubin,5,3,1.0,0,0,0,0,0,1,16.3,16.3,0.0%,DL,2013
10,11,Jerry Hughes,2,3,1.5,0,0,1,0,0,1,15.3,15.3,1.0%,DL,2013
11,12,Kyle Williams,2,6,1.0,0,0,0,0,0,1,14.0,14.0,3.7%,DL,2013
12,13,Olivier Vernon,3,0,1.0,0,0,0,0,0,1,13.5,13.5,6.0%,DL,2013
13,14,Chris Jones,2,2,1.5,0,0,0,0,0,1,13.0,13.0,0.0%,DL,2013
14,15,Justin Houston,4,0,1.0,0,0,0,0,0,1,12.5,12.5,0.0%,DL,2013
15,16,Michael Brockers,3,0,1.0,0,0,1,0,0,1,12.5,12.5,0.0%,DL,2013
16,17,J.J. Watt,3,0,0.0,0,0,0,0,0,1,12.0,12.0,4.2%,DL,2013
17,18,Ropati Pitoitua,3,1,1.0,0,0,0,0,0,1,11.8,11.8,0.0%,DL,2013
18,19,Bruce Irvin,3,1,1.0,0,0,0,0,0,1,11.8,11.8,0.2%,DL,2013
19,20,Chris Clemons,2,1,1.0,0,0,1,0,0,1,11.8,11.8,0.0%,DL,2013
20,21,Nate Collins,2,2,1.0,0,0,0,0,0,1,11.0,11.0,0.0%,DL,2013
21,22,Sean Lissemore,2,2,1.0,0,0,0,0,0,1,11.0,11.0,0.0%,DL,2013
22,23,Corey Peters,1,2,1.0,1,0,0,0,0,1,11.0,11.0,2.0%,DL,2013
23,24,Andre Branch,3,0,1.0,0,0,0,0,0,1,11.0,11.0,0.0%,DL,2013
24,25,Geno Atkins,1,4,1.0,0,0,0,0,0,1,11.0,11.0,0.0%,DL,2013
25,26,Ray McDonald,3,0,1.0,0,0,0,0,0,1,11.0,11.0,0.0%,DL,2013
26,27,Cameron Jordan,3,0,0.0,0,0,0,1,0,1,11.0,11.0,6.1%,DL,2013
27,28,Carlos Dunlap,4,1,0.0,0,0,1,0,0,1,10.8,10.8,3.0%,DL,2013
28,29,Ndamukong Suh,3,2,0.5,0,0,0,0,0,1,10.5,10.5,0.0%,DL,2013
29,30,Kawann Short,3,2,0.5,0,0,0,0,0,1,10.5,10.5,0.0%,DL,2013
30,31,Tommy Kelly,2,1,1.0,0,0,0,0,0,1,10.3,10.3,0.0%,DL,2013
31,32,Johnathan Hankins,5,0,0.0,0,0,0,0,0,1,10.0,10.0,0.0%,DL,2013
32,33,Paul Soliai,4,0,0.0,0,0,1,0,0,1,10.0,10.0,0.0%,DL,2013
33,34,Jared Odrick,5,1,0.0,1,0,0,0,0,1,9.8,9.8,0.0%,DL,2013
34,35,Malik Jackson,1,1,1.0,0,0,0,0,0,1,8.8,8.8,0.0%,DL,2013
35,36,Robert Ayers,1,1,1.0,0,0,0,0,0,1,8.8,8.8,0.0%,DL,2013
36,37,Bennie Logan,1,1,1.0,0,0,0,0,0,1,8.8,8.8,0.0%,DL,2013
37,38,Brooks Reed,3,2,0.0,0,0,0,0,0,1,8.5,8.5,0.0%,DL,2013
38,39,Cedric Thornton,4,0,0.0,0,0,0,0,0,1,8.5,8.5,0.0%,DL,2013
39,40,Ezekiel Ansah,1,1,0.5,0,0,1,0,0,1,8.3,8.3,0.0%,DL,2013
40,41,Antonio Johnson,1,0,1.0,0,0,0,0,0,1,8.0,8.0,0.0%,DL,2013
41,42,Charles Johnson,1,0,1.0,0,0,0,0,0,1,8.0,8.0,0.0%,DL,2013
42,43,Tony Jerod-Eddie,1,0,0.0,1,1,0,0,0,1,8.0,8.0,0.0%,DL,2013
43,44,Lawrence Guy,2,1,0.0,1,0,0,0,0,1,7.8,7.8,4.0%,DL,2013
44,45,Cullen Jenkins,2,0,0.5,0,0,0,0,0,1,7.5,7.5,0.0%,DL,2013
45,46,Mathias Kiwanuka,1,1,0.5,0,0,0,0,0,1,6.8,6.8,0.0%,DL,2013
46,47,Connor Barwin,1,1,0.0,1,0,0,0,0,1,6.3,6.3,0.0%,DL,2013
47,48,Shaun Rogers,2,1,0.0,0,0,0,0,0,1,6.3,6.3,0.0%,DL,2013
48,49,Isaac Sopoaga,1,2,0.0,0,0,0,0,0,1,5.5,5.5,0.0%,DL,2013
49,50,Jason Pierre-Paul,1,0,0.0,1,0,0,0,0,1,5.5,5.5,0.0%,DL,2013
50,51,Jared Crick,1,1,0.0,2,0,0,0,0,1,5.3,5.3,0.0%,DL,2013
51,52,Corey Liuget,3,1,0.0,0,0,0,0,0,1,5.3,5.3,0.0%,DL,2013
52,53,Lavar Edwards,2,1,0.0,1,0,0,0,0,1,5.3,5.3,0.0%,DL,2013
53,54,Vance Walker,3,1,0.0,0,0,0,0,0,1,5.3,5.3,0.0%,DL,2013
54,55,Rob Ninkovich,1,2,0.5,0,0,0,0,0,1,5.0,5.0,0.0%,DL,2013
55,56,Cliff Avril,0,1,0.0,0,0,0,1,0,1,4.8,4.8,0.1%,DL,2013
56,57,Damon Harrison,1,1,0.0,0,0,0,0,0,1,4.8,4.8,0.0%,DL,2013
57,58,Greg Hardy,3,0,0.0,0,0,0,0,0,1,4.5,4.5,0.0%,DL,2013
58,59,Jonathan Babineaux,2,2,0.0,0,0,0,0,0,1,4.5,4.5,0.0%,DL,2013
59,60,Marcell Dareus,1,4,0.0,0,0,0,0,0,1,4.5,4.5,0.0%,DL,2013
60,61,Phil Taylor,2,2,0.0,0,0,0,0,0,1,4.5,4.5,0.0%,DL,2013
61,62,Dion Jordan,1,0,0.0,2,0,0,0,0,1,4.5,4.5,0.0%,DL,2013
62,63,Derrick Shelby,3,0,0.0,0,0,0,0,0,1,4.5,4.5,0.0%,DL,2013
63,64,Brandon Deaderick,3,0,0.0,0,0,0,0,0,1,4.5,4.5,0.0%,DL,2013
64,65,Matt Shaughnessy,3,0,0.0,0,0,0,0,0,1,4.5,4.5,0.0%,DL,2013
65,66,Tyson Alualu,3,0,0.0,0,0,0,0,0,1,4.5,4.5,0.0%,DL,2013
66,67,Cory Redding,1,4,0.0,0,0,0,0,0,1,4.5,4.5,0.0%,DL,2013
67,68,Kenrick Ellis,1,0,0.0,0,0,0,0,0,1,4.0,4.0,0.0%,DL,2013
68,69,Mike Patterson,1,0,0.0,0,0,0,0,0,1,4.0,4.0,0.0%,DL,2013
69,70,George Selvie,1,0,0.0,0,0,0,0,0,1,4.0,4.0,0.0%,DL,2013
70,71,Leger Douzable,0,0,0.0,0,0,0,1,0,1,4.0,4.0,0.0%,DL,2013
71,72,Brandon Williams,1,0,0.0,0,0,0,0,0,1,4.0,4.0,0.2%,DL,2013
72,73,Brandon Mebane,0,5,0.0,0,0,0,0,0,1,3.8,3.8,0.0%,DL,2013
73,74,Justin Tuck,1,2,0.0,0,0,0,0,0,1,3.0,3.0,0.0%,DL,2013
74,75,Randy Starks,2,0,0.0,0,0,0,0,0,1,3.0,3.0,0.0%,DL,2013
75,76,John Hughes,1,2,0.0,0,0,0,0,0,1,3.0,3.0,0.0%,DL,2013
76,77,Kendall Langford,1,0,0.0,1,0,0,0,0,1,3.0,3.0,0.0%,DL,2013
77,78,Fletcher Cox,2,0,0.0,0,0,0,0,0,1,3.0,3.0,1.1%,DL,2013
78,79,Joe Vellano,1,2,0.0,0,0,0,0,0,1,3.0,3.0,0.0%,DL,2013
79,80,Jordan Hill,2,0,0.0,0,0,0,0,0,1,3.0,3.0,0.0%,DL,2013
80,81,Star Lotulelei,2,0,0.0,0,0,0,0,0,1,3.0,3.0,0.0%,DL,2013
81,82,Devin Taylor,2,0,0.0,0,0,0,0,0,1,3.0,3.0,0.0%,DL,2013
82,83,Drake Nevis,2,0,0.0,0,0,0,0,0,1,3.0,3.0,0.0%,DL,2013
83,84,C.J. Mosley,2,0,0.0,0,0,0,0,0,1,3.0,3.0,0.0%,DL,2013
84,85,Peria Jerry,2,0,0.0,0,0,0,0,0,1,3.0,3.0,0.0%,DL,2013
85,86,Corey Wootton,2,0,0.0,0,0,0,0,0,1,3.0,3.0,0.0%,DL,2013
86,87,Mario Addison,0,1,0.5,0,0,0,0,0,1,2.8,2.8,4.0%,DL,2013
87,88,Haloti Ngata,1,1,0.0,0,0,0,0,0,1,2.3,2.3,0.0%,DL,2013
88,89,Pat Sims,1,1,0.0,0,0,0,0,0,1,2.3,2.3,0.0%,DL,2013
89,90,Mitch Unrein,1,1,0.0,0,0,0,0,0,1,2.3,2.3,0.0%,DL,2013
90,91,Ishmaa'ily Kitchen,1,1,0.0,0,0,0,0,0,1,2.3,2.3,0.0%,DL,2013
91,92,Johnny Jolly,1,1,0.0,0,0,0,0,0,1,2.3,2.3,0.0%,DL,2013
92,93,Michael Bennett,1,1,0.0,0,0,0,0,0,1,2.3,2.3,0.0%,DL,2013
93,94,Caesar Rayford,1,1,0.0,0,0,0,0,0,1,2.3,2.3,0.0%,DL,2013
94,95,Cam Thomas,0,3,0.0,0,0,0,0,0,1,2.3,2.3,0.0%,DL,2013
95,96,Nick Hayden,1,1,0.0,0,0,0,0,0,1,2.3,2.3,0.0%,DL,2013
96,97,Justin Smith,1,1,0.0,0,0,0,0,0,1,2.3,2.3,0.0%,DL,2013
97,98,Jurrell Casey,1,1,0.0,0,0,0,0,0,1,2.3,2.3,0.1%,DL,2013
98,99,Ronald Talley,1,0,0.0,0,0,0,0,0,1,1.5,1.5,0.0%,DL,2013
99,100,Roy Miller,1,0,0.0,0,0,0,0,0,1,1.5,1.5,0.0%,DL,2013
100,101,Arthur Jones,1,0,0.0,0,0,0,0,0,1,1.5,1.5,0.0%,DL,2013
101,102,Vinny Curry,1,0,0.0,0,0,0,0,0,1,1.5,1.5,0.0%,DL,2013
102,103,Antonio Smith,1,0,0.0,0,0,0,0,0,1,1.5,1.5,0.0%,DL,2013
103,104,Allen Bailey,1,0,0.0,0,0,0,0,0,1,1.5,1.5,0.0%,DL,2013
104,105,Anthony Toribio,0,2,0.0,0,0,0,0,0,1,1.5,1.5,0.0%,DL,2013
105,106,Chris Canty,1,0,0.0,0,0,0,0,0,1,1.5,1.5,0.0%,DL,2013
106,107,Desmond Bryant,0,2,0.0,0,0,0,0,0,1,1.5,1.5,0.0%,DL,2013
107,108,Darnell Dockett,1,0,0.0,0,0,0,0,0,1,1.5,1.5,0.0%,DL,2013
108,109,Devon Still,1,0,0.0,0,0,0,0,0,1,1.5,1.5,0.0%,DL,2013
109,110,Red Bryant,0,2,0.0,0,0,0,0,0,1,1.5,1.5,0.0%,DL,2013
110,111,Earl Mitchell,0,2,0.0,0,0,0,0,0,1,1.5,1.5,0.0%,DL,2013
111,112,Jason Hunter,1,0,0.0,0,0,0,0,0,1,1.5,1.5,0.0%,DL,2013
112,113,Fili Moala,0,2,0.0,0,0,0,0,0,1,1.5,1.5,0.0%,DL,2013
113,114,Karl Klug,0,2,0.0,0,0,0,0,0,1,1.5,1.5,0.0%,DL,2013
114,115,Domata Peko,0,2,0.0,0,0,0,0,0,1,1.5,1.5,0.0%,DL,2013
115,116,Demarcus Dobbs,1,0,0.0,0,0,0,0,0,1,1.5,1.5,0.0%,DL,2013
116,117,Nick Fairley,1,0,0.0,0,0,0,0,0,1,1.5,1.5,0.0%,DL,2013
117,118,Jason Hatcher,1,0,0.0,0,0,0,0,0,1,1.5,1.5,0.0%,DL,2013
118,119,Jermelle Cudjo,1,0,0.0,0,0,0,0,0,1,1.5,1.5,0.0%,DL,2013
119,120,Clinton McDonald,1,0,0.0,0,0,0,0,0,1,1.5,1.5,0.0%,DL,2013
120,121,Dan Williams,1,0,0.0,0,0,0,0,0,1,1.5,1.5,0.0%,DL,2013
121,122,Tyson Jackson,0,2,0.0,0,0,0,0,0,1,1.5,1.5,0.0%,DL,2013
122,123,Jack Crawford,1,0,0.0,0,0,0,0,0,1,1.5,1.5,0.0%,DL,2013
123,124,Terrell McClain,1,0,0.0,0,0,0,0,0,1,1.5,1.5,0.0%,DL,2013
124,125,Eugene Sims,1,0,0.0,0,0,0,0,0,1,1.5,1.5,0.0%,DL,2013
125,126,Malliciah Goodman,0,1,0.0,0,0,0,0,0,1,0.8,0.8,0.0%,DL,2013
126,127,Tony McDaniel,0,1,0.0,0,0,0,0,0,1,0.8,0.8,0.0%,DL,2013
127,128,Corbin Bryant,0,1,0.0,0,0,0,0,0,1,0.8,0.8,0.0%,DL,2013
128,129,Alan Branch,0,1,0.0,0,0,0,0,0,1,0.8,0.8,0.0%,DL,2013
129,130,Ricardo Mathews,0,1,0.0,0,0,0,0,0,1,0.8,0.8,0.0%,DL,2013
130,131,John Jenkins,0,1,0.0,0,0,0,0,0,1,0.8,0.8,1.7%,DL,2013
131,132,Israel Idonije,0,1,0.0,0,0,0,0,0,1,0.8,0.8,0.0%,DL,2013
132,133,Mike Daniels,0,1,0.0,0,0,0,0,0,1,0.8,0.8,0.0%,DL,2013
133,134,Aubrayo Franklin,0,1,0.0,0,0,0,0,0,1,0.8,0.8,0.0%,DL,2013
134,135,Brian Sanford,0,1,0.0,0,0,0,0,0,1,0.8,0.8,0.0%,DL,2013
135,136,Glenn Dorsey,0,1,0.0,0,0,0,0,0,1,0.8,0.8,0.0%,DL,2013
136,137,Jay Ross,0,0,0.0,0,0,0,0,0,1,0.0,0.0,0.0%,DL,2013
137,138,Wes Horton,0,0,0.0,0,0,0,0,0,1,0.0,0.0,0.0%,DL,2013
138,139,Ryan Robinson,0,0,0.0,0,0,0,0,0,1,0.0,0.0,0.0%,DL,2013
139,140,Kamerion Wimbley,0,0,0.0,0,0,0,0,0,1,0.0,0.0,0.0%,DL,2013
140,141,Kevin Vickerson,0,0,0.0,0,0,0,0,0,1,0.0,0.0,0.0%,DL,2013
141,142,Tamba Hali,1,0,1.0,0,0,1,0,0,1,0.0,0.0,2.0%,DL,2013
142,143,Frostee Rucker,0,0,0.0,0,0,0,0,0,1,0.0,0.0,0.0%,DL,2013
143,144,Elvis Dumervil,2,0,1.0,1,0,0,0,0,1,0.0,0.0,0.0%,DL,2013
144,145,Jason Babin,1,0,0.0,0,0,0,0,0,1,0.0,0.0,0.0%,DL,2013
145,146,Parys Haralson,1,0,0.0,0,0,0,0,0,1,0.0,0.0,0.0%,DL,2013
146,147,Jay Richardson,0,0,0.0,0,0,0,0,0,1,0.0,0.0,0.0%,DL,2013
147,148,Mike Devito,0,0,0.0,0,0,0,0,0,1,0.0,0.0,0.0%,DL,2013
148,149,Ahmad Brooks,3,0,0.0,0,0,0,0,0,1,0.0,0.0,0.0%,DL,2013
149,150,Cliff Matthews,0,0,0.0,0,0,0,0,0,1,0.0,0.0,0.0%,DL,2013
150,151,Robert Quinn,2,0,0.0,0,0,0,0,0,1,0.0,0.0,1.2%,DL,2013
151,152,David Carter,0,0,0.0,0,0,0,0,0,1,0.0,0.0,0.0%,DL,2013
152,153,Martez Wilson,1,0,0.0,0,0,0,0,0,1,0.0,0.0,0.0%,DL,2013
153,154,Marvin Austin,0,0,0.0,0,0,0,0,0,1,0.0,0.0,0.0%,DL,2013
154,155,Dontay Moch,0,0,0.0,0,0,0,0,0,1,0.0,0.0,0.0%,DL,2013
155,156,Sione Fua,0,0,0.0,0,0,0,0,0,1,0.0,0.0,0.0%,DL,2013
156,157,Pernell McPhee,1,0,1.0,0,0,0,0,0,1,0.0,0.0,0.0%,DL,2013
157,158,Colin Cole,0,0,0.0,0,0,0,0,0,1,0.0,0.0,0.0%,DL,2013
158,159,Terrell Suggs,5,0,3.0,0,0,0,0,0,1,0.0,0.0,0.0%,DL,2013
159,160,Ryan Pickett,0,0,0.0,0,0,0,0,0,1,0.0,0.0,0.0%,DL,2013
160,161,John Abraham,2,0,0.0,1,0,0,0,0,1,0.0,0.0,0.0%,DL,2013
161,162,Julius Peppers,0,0,0.0,0,0,0,0,0,1,0.0,0.0,0.1%,DL,2013
162,163,Paul Hazel,0,0,0.0,0,0,0,0,0,1,0.0,0.0,0.0%,DL,2013
163,164,DeAngelo Tyson,0,0,0.0,0,0,0,0,0,1,0.0,0.0,0.0%,DL,2013
164,165,Cam Johnson,1,0,0.0,0,0,0,0,0,1,0.0,0.0,0.0%,DL,2013
165,166,Travian Robertson,0,0,0.0,0,0,0,0,0,1,0.0,0.0,0.0%,DL,2013
166,167,Nate Chandler,0,0,0.0,0,0,0,0,0,1,0.0,0.0,0.0%,DL,2013
167,168,Whitney Mercilus,2,1,1.0,0,0,0,0,0,1,0.0,0.0,0.2%,DL,2013
168,169,Jonathan Massaquoi,0,0,0.0,0,0,0,0,0,1,0.0,0.0,0.0%,DL,2013
169,170,Brandon Thompson,0,0,0.0,0,0,0,0,0,1,0.0,0.0,0.0%,DL,2013
170,171,Courtney Upshaw,2,0,1.0,0,0,0,0,0,1,0.0,0.0,0.0%,DL,2013
171,172,Derek Wolfe,0,0,0.0,0,0,0,0,0,1,0.0,0.0,0.0%,DL,2013
172,173,Kendall Reyes,0,0,0.0,0,0,0,0,0,1,0.0,0.0,0.0%,DL,2013
173,174,Mike Martin,0,0,0.0,0,0,0,0,0,1,0.0,0.0,0.0%,DL,2013
174,175,Akiem Hicks,0,0,0.0,0,0,0,0,0,1,0.0,0.0,0.0%,DL,2013
175,176,Jake Bequette,0,0,0.0,0,0,0,0,0,1,0.0,0.0,0.0%,DL,2013
176,177,Alameda Ta'amu,0,0,0.0,0,0,0,0,0,1,0.0,0.0,0.0%,DL,2013
177,178,Josh Chapman,0,0,0.0,0,0,0,0,0,1,0.0,0.0,0.0%,DL,2013
178,179,Christo Bilukidi,0,0,0.0,0,0,0,0,0,1,0.0,0.0,0.0%,DL,2013
179,180,Mike Catapano,0,0,0.0,0,0,0,0,0,1,0.0,0.0,0.0%,DL,2013
180,181,Armonty Bryant,1,0,1.0,0,0,0,0,0,1,0.0,0.0,0.0%,DL,2013
181,182,Glenn Foster,0,0,0.0,0,0,0,0,0,1,0.0,0.0,0.0%,DL,2013
182,183,Damontre Moore,0,0,0.0,0,0,0,0,0,1,0.0,0.0,0.0%,DL,2013
183,184,Datone Jones,0,0,0.0,0,0,0,0,0,1,0.0,0.0,0.0%,DL,2013
184,185,John Simon,0,0,0.0,0,0,0,0,0,1,0.0,0.0,0.0%,DL,2013
185,186,Margus Hunt,0,0,0.0,0,0,0,0,0,1,0.0,0.0,0.0%,DL,2013
186,187,Michael Buchanan,0,0,0.0,0,0,0,0,0,1,0.0,0.0,0.0%,DL,2013
187,188,Abry Jones,0,0,0.0,0,0,0,0,0,1,0.0,0.0,0.0%,DL,2013
188,189,Sylvester Williams,0,0,0.0,0,0,0,0,0,1,0.0,0.0,0.0%,DL,2013
189,190,Barkevious Mingo,2,1,0.0,1,0,0,0,0,1,0.0,0.0,6.0%,DL,2013
190,191,Chandler Jones,1,3,0.5,0,0,0,0,0,1,0.0,0.0,0.5%,DL,2013
191,192,Terrance Knighton,0,0,0.0,0,0,0,0,0,1,0.0,0.0,0.0%,DL,2013
192,193,Jarius Wynn,0,0,0.0,0,0,0,0,0,1,0.0,0.0,0.0%,DL,2013
193,194,Marcus Benard,0,0,0.0,0,0,0,0,0,1,0.0,0.0,0.0%,DL,2013
194,195,Derrick Morgan,0,1,0.0,0,0,0,0,0,1,0.0,0.0,0.0%,DL,2013
195,196,Paul Kruger,1,1,0.0,1,0,0,0,0,1,0.0,0.0,0.0%,DL,2013
196,197,Landon Cohen,0,0,0.0,0,0,0,0,0,1,0.0,0.0,0.0%,DL,2013
197,198,Andre Fluellen,0,0,0.0,0,0,0,0,0,1,0.0,0.0,0.0%,DL,2013
198,199,Cameron Wake,0,0,0.0,0,0,0,0,0,1,0.0,0.0,0.0%,DL,2013
199,200,B.J. Raji,0,0,0.0,0,0,0,0,0,1,0.0,0.0,0.0%,DL,2013
200,201,Larry English,1,1,0.5,0,0,0,0,0,1,0.0,0.0,0.0%,DL,2013
201,202,Clay Matthews,4,1,1.0,0,0,0,0,0,1,0.0,0.0,0.0%,DL,2013
202,203,Brandon Graham,0,0,0.0,0,0,0,0,0,1,0.0,0.0,2.2%,DL,2013
203,204,Quinton Coples,0,0,0.0,0,0,0,0,0,1,0.0,0.0,0.0%,DL,2013
204,205,Tom Johnson,0,0,0.0,0,0,0,0,0,1,0.0,0.0,0.0%,DL,2013
205,206,Junior Galette,1,0,0.0,0,0,0,0,0,1,0.0,0.0,0.0%,DL,2013
206,207,Justin Trattou,0,0,0.0,0,0,0,0,0,1,0.0,0.0,0.0%,DL,2013
207,208,Willie Young,1,1,0.0,0,0,0,0,0,1,0.0,0.0,0.0%,DL,2013
208,209,Lamarr Houston,6,1,1.0,0,0,0,0,0,1,0.0,0.0,0.0%,DL,2013
209,210,Mike Neal,4,2,1.0,0,0,0,0,0,1,0.0,0.0,0.0%,DL,2013
210,211,Arthur Moats,1,4,0.0,0,0,0,0,0,1,0.0,0.0,0.0%,DL,2013
211,212,Clifton Geathers,0,0,0.0,0,0,0,0,0,1,0.0,0.0,0.0%,DL,2013
212,213,Chad Thomas,0,0,0.0,0,0,0,0,0,1,0.0,0.0,0.0%,DL,2013
213,214,John Denney,0,0,0.0,0,0,0,0,0,1,0.0,0.0,0.0%,DL,2013
