,Rank,Player,Field Goals,Field Attempts,Percentage,Longest Field,1-19 Yards,20-29 Yards,30-39 Yards,40-49 Yards,50+ Yards,Extra Points Made,Extra Points Attempted,Games Played,Fantasy Football Points,FTPS/Game,ROST,Position,Year
0,1,Jay Feely,4,5,80.0,50,0,2,0,1,1,4,4,1,19.0,19.0,0.0%,K,2013
1,2,Sebastian Janikowski,4,6,66.7,52,0,1,0,2,1,1,1,1,17.0,17.0,20.0%,K,2013
2,3,Blair Walsh,4,4,100.0,47,0,1,2,1,0,2,2,1,15.0,15.0,0.1%,K,2013
3,4,Justin Tucker,4,4,100.0,53,0,1,2,0,1,1,1,1,15.0,15.0,98.7%,K,2013
4,5,Graham Gano,2,3,66.7,52,0,0,0,1,1,2,2,1,11.0,11.0,1.3%,K,2013
5,6,Caleb Sturgis,3,4,75.0,47,0,1,1,1,0,1,1,1,11.0,11.0,0.0%,K,2013
6,7,Rob Bironas,3,3,100.0,33,0,2,1,0,0,2,2,1,11.0,11.0,0.0%,K,2013
7,8,Nick Novak,2,2,100.0,30,0,0,2,0,0,5,5,1,11.0,11.0,0.1%,K,2013
8,9,Greg Zuerlein,2,2,100.0,40,0,1,0,1,0,4,4,1,11.0,11.0,43.3%,K,2013
9,10,Phil Dawson,2,2,100.0,49,0,1,0,1,0,3,3,1,10.0,10.0,0.1%,K,2013
10,11,Shaun Suisham,2,2,100.0,47,0,0,1,1,0,3,3,1,10.0,10.0,0.0%,K,2013
11,12,Stephen Gostkowski,2,2,100.0,31,0,0,2,0,0,4,4,1,10.0,10.0,0.1%,K,2013
12,13,Josh Scobee,2,3,66.7,53,0,0,1,0,1,1,1,1,9.0,9.0,0.0%,K,2013
13,14,Ryan Succop,1,1,100.0,25,0,1,0,0,0,5,5,1,8.0,8.0,0.0%,K,2013
14,15,Mason Crosby,2,2,100.0,27,0,2,0,0,0,2,2,1,8.0,8.0,0.1%,K,2013
15,16,Matt Prater,1,1,100.0,27,0,1,0,0,0,4,4,1,7.0,7.0,1.7%,K,2013
16,17,Josh Brown,2,2,100.0,23,0,2,0,0,0,1,1,1,7.0,7.0,0.0%,K,2013
17,18,Matt Bryant,2,3,66.7,39,0,1,1,0,0,1,1,1,7.0,7.0,1.1%,K,2013
18,19,Randy Bullock,2,2,100.0,49,0,1,0,1,0,0,0,1,7.0,7.0,0.1%,K,2013
19,20,Garrett Hartley,1,1,100.0,41,0,0,0,1,0,2,2,1,6.0,6.0,0.0%,K,2013
20,21,Rian Lindell,1,3,33.3,38,0,0,1,0,0,3,3,1,6.0,6.0,0.0%,K,2013
21,22,Dan Bailey,1,1,100.0,35,0,0,1,0,0,3,3,1,6.0,6.0,0.0%,K,2013
22,23,Kai Forbath,2,2,100.0,36,0,0,2,0,0,0,0,1,6.0,6.0,3.0%,K,2013
23,24,Billy Cundiff,1,2,50.0,49,0,0,0,1,0,0,0,1,4.0,4.0,0.0%,K,2013
24,25,Nick Folk,1,1,100.0,27,0,1,0,0,0,0,0,1,3.0,3.0,9.5%,K,2013
25,26,Adam Vinatieri,1,1,100.0,27,0,1,0,0,0,0,0,1,3.0,3.0,0.2%,K,2013
26,27,Robbie Gould,0,0,0.0,0,0,0,0,0,0,3,3,1,3.0,3.0,0.1%,K,2013
27,28,David Akers,0,0,0.0,0,0,0,0,0,0,3,3,1,3.0,3.0,0.0%,K,2013
28,29,Jonathan Brown,0,0,0.0,0,0,0,0,0,0,0,0,1,0.0,0.0,0.0%,K,2013
