,Rank,Player,Field Goals,Field Attempts,Percentage,Longest Field,1-19 Yards,20-29 Yards,30-39 Yards,40-49 Yards,50+ Yards,Extra Points Made,Extra Points Attempted,Games Played,Fantasy Football Points,FTPS/Game,ROST,Position,Year
0,1,Josh Brown,3,3,100.0,52,0,0,0,2,1,2,2,1,15.0,15.0,0.0%,K,2013
1,2,Nick Novak,4,4,100.0,48,0,2,1,1,0,2,2,1,15.0,15.0,0.1%,K,2013
2,3,Dan Carpenter,4,4,100.0,45,0,3,0,1,0,1,1,1,14.0,14.0,0.2%,K,2013
3,4,Greg Zuerlein,3,3,100.0,54,0,1,0,1,1,2,2,1,14.0,14.0,43.3%,K,2013
4,5,Matt Prater,3,3,100.0,44,0,1,1,1,0,4,4,1,14.0,14.0,1.7%,K,2013
5,6,Adam Vinatieri,3,4,75.0,46,0,0,1,2,0,2,2,1,13.0,13.0,0.2%,K,2013
6,7,Stephen Gostkowski,2,2,100.0,45,0,0,0,2,0,5,5,1,13.0,13.0,0.1%,K,2013
7,8,Kai Forbath,3,3,100.0,47,0,1,1,1,0,2,2,1,12.0,12.0,3.0%,K,2013
8,9,Phil Dawson,2,2,100.0,49,0,0,1,1,0,4,4,1,11.0,11.0,0.1%,K,2013
9,10,Rob Bironas,2,2,100.0,52,0,0,0,1,1,2,2,1,11.0,11.0,0.0%,K,2013
10,11,Alex Henery,1,1,100.0,49,0,0,0,1,0,7,7,1,11.0,11.0,0.0%,K,2013
11,12,Jay Feely,3,3,100.0,46,0,1,1,1,0,0,0,1,10.0,10.0,0.0%,K,2013
12,13,Shaun Suisham,1,1,100.0,31,0,0,1,0,0,5,5,1,8.0,8.0,0.0%,K,2013
13,14,Shayne Graham,2,2,100.0,40,0,1,0,1,0,1,1,1,8.0,8.0,0.0%,K,2013
14,15,Sebastian Janikowski,2,2,100.0,42,0,1,0,1,0,1,1,1,8.0,8.0,20.0%,K,2013
15,16,Randy Bullock,2,2,100.0,45,0,0,1,1,0,1,1,1,8.0,8.0,0.1%,K,2013
16,17,Billy Cundiff,2,2,100.0,27,0,2,0,0,0,1,1,1,7.0,7.0,0.0%,K,2013
17,18,Mason Crosby,1,1,100.0,22,0,1,0,0,0,4,4,1,7.0,7.0,0.1%,K,2013
18,19,Rian Lindell,2,2,100.0,35,0,0,2,0,0,1,1,1,7.0,7.0,0.0%,K,2013
19,20,Graham Gano,1,1,100.0,40,0,0,0,1,0,2,2,1,6.0,6.0,1.3%,K,2013
20,21,Dan Bailey,1,1,100.0,25,0,1,0,0,0,3,3,1,6.0,6.0,0.0%,K,2013
21,22,Nick Folk,1,2,50.0,21,0,1,0,0,0,3,3,1,6.0,6.0,9.5%,K,2013
22,23,Mike Nugent,0,0,0.0,0,0,0,0,0,0,6,6,1,6.0,6.0,1.0%,K,2013
23,24,Matt Bryant,1,1,100.0,35,0,0,1,0,0,3,3,1,6.0,6.0,1.1%,K,2013
24,25,Robbie Gould,1,1,100.0,50,0,0,0,0,1,0,0,1,5.0,5.0,0.1%,K,2013
25,26,Stephen Hauschka,1,2,50.0,27,0,1,0,0,0,1,1,1,4.0,4.0,0.0%,K,2013
26,27,David Akers,1,1,100.0,37,0,0,1,0,0,1,1,1,4.0,4.0,0.0%,K,2013
27,28,Josh Scobee,1,1,100.0,36,0,0,1,0,0,1,1,1,4.0,4.0,0.0%,K,2013
28,29,Blair Walsh,0,0,0.0,0,0,0,0,0,0,2,2,1,2.0,2.0,0.1%,K,2013
29,30,Ryan Succop,0,1,0.0,0,0,0,0,0,0,1,1,1,1.0,1.0,0.0%,K,2013
30,31,Justin Tucker,0,1,0.0,0,0,0,0,0,0,1,1,1,1.0,1.0,98.7%,K,2013
31,32,Jonathan Brown,0,0,0.0,0,0,0,0,0,0,0,0,1,0.0,0.0,0.0%,K,2013
32,33,Caleb Sturgis,0,0,0.0,0,0,0,0,0,0,0,0,1,0.0,0.0,0.0%,K,2013
