,Rank,Player,Tackle,Assist,Sack,Pass Defended,Interception,Forced Fumble,Fumble Recovery,Defend Touchdown,Games Played,Fantasy Football Points,FTPS/Game,ROST,Position,Year
0,1,Vincent Rey,8,5,3.0,3,1,0,0,0,1,44.8,44.8,0.0%,LB,2013
1,2,DeMeco Ryans,11,2,0.0,1,1,0,0,0,1,29.5,29.5,0.0%,LB,2013
2,3,Luke Kuechly,11,0,1.0,1,0,0,0,0,1,27.0,27.0,92.3%,LB,2013
3,4,John Abraham,3,0,3.0,0,0,1,0,0,1,25.5,25.5,0.0%,LB,2013
4,5,Elvis Dumervil,3,0,3.0,1,0,0,0,0,1,25.5,25.5,0.0%,LB,2013
5,6,Dannell Ellerbe,11,0,1.0,0,0,0,0,0,1,25.5,25.5,0.0%,LB,2013
6,7,Paul Worrilow,10,9,0.0,0,0,0,0,0,1,24.3,24.3,0.0%,LB,2013
7,8,Ahmad Brooks,4,1,2.0,1,0,0,0,0,1,23.8,23.8,0.0%,LB,2013
8,9,Sio Moore,8,1,1.0,0,0,1,0,0,1,23.3,23.3,0.0%,LB,2013
9,10,Robert Mathis,4,0,2.0,0,0,0,0,0,1,21.5,21.5,0.0%,LB,2013
10,11,Colin McCarthy,4,3,0.0,1,1,1,0,0,1,21.3,21.3,0.0%,LB,2013
11,12,Geno Hayes,9,2,0.0,1,0,1,0,0,1,20.5,20.5,0.0%,LB,2013
12,13,Robert Quinn,3,1,2.0,0,0,1,0,0,1,19.8,19.8,1.2%,LB,2013
13,14,Patrick Willis,6,1,1.0,0,0,0,0,0,1,18.8,18.8,0.0%,LB,2013
14,15,Lamarr Houston,5,1,0.0,0,0,1,1,0,1,18.8,18.8,0.0%,LB,2013
15,16,Lawrence Timmons,7,1,1.0,0,0,0,0,0,1,17.8,17.8,0.1%,LB,2013
16,17,Paul Posluszny,5,3,0.0,0,0,1,1,0,1,17.8,17.8,4.7%,LB,2013
17,18,Von Miller,5,1,1.0,0,0,0,0,0,1,17.3,17.3,2.5%,LB,2013
18,19,Derrick Morgan,4,2,1.0,0,0,0,0,0,1,16.5,16.5,0.0%,LB,2013
19,20,A.J. Klein,5,0,1.0,0,0,0,0,0,1,16.5,16.5,0.0%,LB,2013
20,21,Bruce Carter,9,3,0.0,0,0,0,0,0,1,15.8,15.8,0.0%,LB,2013
21,22,Chad Greenway,5,11,0.0,0,0,0,0,0,1,15.8,15.8,0.0%,LB,2013
22,23,Keith Rivers,4,4,1.0,0,0,0,0,0,1,15.5,15.5,0.0%,LB,2013
23,24,A.J. Hawk,7,0,0.0,0,0,0,0,0,1,15.5,15.5,0.0%,LB,2013
24,25,James Laurinaitis,4,4,0.0,1,1,0,0,0,1,15.5,15.5,0.0%,LB,2013
25,26,Danny Trevathan,9,2,0.0,0,0,0,0,0,1,15.0,15.0,0.0%,LB,2013
26,27,Erin Henderson,4,10,0.0,1,0,0,0,0,1,15.0,15.0,0.0%,LB,2013
27,28,DeAndre Levy,5,1,0.0,1,1,0,0,0,1,14.8,14.8,0.0%,LB,2013
28,29,Donald Butler,7,0,0.0,0,0,0,1,0,1,14.5,14.5,0.0%,LB,2013
29,30,Kiko Alonso,6,4,0.0,0,0,0,0,0,1,14.5,14.5,0.0%,LB,2013
30,31,Daryl Smith,3,6,0.0,2,0,0,0,0,1,14.5,14.5,0.0%,LB,2013
31,32,Vontaze Burfict,5,7,0.0,1,0,0,0,0,1,14.3,14.3,0.0%,LB,2013
32,33,Russell Allen,4,2,0.0,0,0,0,1,0,1,14.0,14.0,0.0%,LB,2013
33,34,Mason Foster,6,0,0.0,0,0,0,0,0,1,14.0,14.0,0.0%,LB,2013
34,35,Daryl Washington,5,3,0.0,1,0,0,0,0,1,13.8,13.8,0.0%,LB,2013
35,36,Bobby Wagner,9,0,0.0,0,0,0,0,0,1,13.5,13.5,72.4%,LB,2013
36,37,Wesley Woodyard,5,6,0.0,1,0,0,0,0,1,13.5,13.5,0.0%,LB,2013
37,38,Lavonte David,4,3,0.0,0,0,0,0,0,1,13.3,13.3,52.4%,LB,2013
38,39,Stephen Tulloch,7,0,0.0,0,0,0,0,0,1,13.0,13.0,0.0%,LB,2013
39,40,Karlos Dansby,6,1,0.0,2,0,0,0,0,1,12.8,12.8,0.1%,LB,2013
40,41,Brian Orakpo,2,1,1.0,0,0,0,0,0,1,12.8,12.8,0.0%,LB,2013
41,42,Jerrell Freeman,6,4,0.0,0,0,0,0,0,1,12.0,12.0,0.1%,LB,2013
42,43,DeMarcus Ware,2,1,1.0,1,0,0,0,0,1,11.8,11.8,0.0%,LB,2013
43,44,Joplo Bartu,1,5,1.0,0,0,0,0,0,1,11.8,11.8,0.0%,LB,2013
44,45,Ramon Humber,4,0,0.0,0,0,0,0,0,1,11.0,11.0,0.0%,LB,2013
45,46,Thomas Davis,4,1,0.0,0,0,1,0,0,1,10.8,10.8,0.0%,LB,2013
46,47,James Anderson,5,1,0.0,0,0,0,0,0,1,10.8,10.8,0.0%,LB,2013
47,48,Navorro Bowman,7,0,0.0,0,0,0,0,0,1,10.5,10.5,0.1%,LB,2013
48,49,Trent Cole,6,2,0.0,0,0,0,0,0,1,10.5,10.5,0.0%,LB,2013
49,50,Tourek Williams,1,1,1.0,0,0,1,0,0,1,10.3,10.3,0.0%,LB,2013
50,51,Dan Skuta,2,2,0.0,2,0,0,0,0,1,10.0,10.0,0.0%,LB,2013
51,52,Mark Barron,5,0,0.0,0,0,0,0,0,1,10.0,10.0,0.0%,LB,2013
52,53,Pat Angerer,5,3,0.0,0,0,0,0,0,1,9.8,9.8,0.0%,LB,2013
53,54,Alec Ogletree,4,1,0.0,2,0,0,0,0,1,9.8,9.8,2.0%,LB,2013
54,55,Nick Roach,6,1,0.0,0,0,0,0,0,1,9.8,9.8,0.0%,LB,2013
55,56,Darryl Sharpton,5,3,0.0,0,0,0,0,0,1,9.8,9.8,0.0%,LB,2013
56,57,Zach Brown,4,1,0.0,0,0,0,0,0,1,9.3,9.3,0.0%,LB,2013
57,58,Larry English,1,1,1.0,0,0,0,0,0,1,8.8,8.8,0.0%,LB,2013
58,59,Joe Mays,3,3,0.0,1,0,0,0,0,1,8.3,8.3,0.0%,LB,2013
59,60,Parys Haralson,1,0,1.0,0,0,0,0,0,1,8.0,8.0,0.0%,LB,2013
60,61,Will Witherspoon,1,0,0.0,1,1,0,0,0,1,8.0,8.0,0.0%,LB,2013
61,62,Jarvis Jones,1,0,1.0,0,0,0,0,0,1,8.0,8.0,0.0%,LB,2013
62,63,Shaun Phillips,1,0,1.0,0,0,0,0,0,1,8.0,8.0,0.0%,LB,2013
63,64,Kevin Burnett,3,1,0.0,0,0,0,0,0,1,7.8,7.8,0.0%,LB,2013
64,65,Nigel Bradham,3,1,0.0,0,0,0,0,0,1,7.8,7.8,0.0%,LB,2013
65,66,Justin Durant,1,3,0.0,1,0,0,0,0,1,7.8,7.8,0.0%,LB,2013
66,67,Manti Te'o,3,2,0.0,1,0,0,0,0,1,7.5,7.5,0.1%,LB,2013
67,68,Courtney Upshaw,4,0,0.0,1,0,0,0,0,1,7.5,7.5,0.0%,LB,2013
68,69,Philip Wheeler,5,0,0.0,0,0,0,0,0,1,7.5,7.5,1.0%,LB,2013
69,70,Jacquian Williams,2,0,0.0,1,0,0,0,0,1,7.0,7.0,0.0%,LB,2013
70,71,James Harrison,0,4,0.0,0,0,0,1,0,1,7.0,7.0,0.0%,LB,2013
71,72,Arthur Moats,3,3,0.0,0,0,0,0,0,1,6.8,6.8,0.0%,LB,2013
72,73,Jon Bostic,3,3,0.0,0,0,0,0,0,1,6.8,6.8,0.0%,LB,2013
73,74,Ernie Sims,4,1,0.0,0,0,0,0,0,1,6.8,6.8,0.0%,LB,2013
74,75,David Bass,2,1,0.0,0,0,0,0,0,1,6.3,6.3,0.0%,LB,2013
75,76,Akeem Ayers,3,0,0.0,1,0,0,0,0,1,6.0,6.0,0.0%,LB,2013
76,77,Brad Jones,4,0,0.0,0,0,0,0,0,1,6.0,6.0,0.0%,LB,2013
77,78,Curtis Lofton,4,0,0.0,0,0,0,0,0,1,6.0,6.0,0.0%,LB,2013
78,79,Akeem Dent,2,4,0.0,0,0,0,0,0,1,6.0,6.0,0.0%,LB,2013
79,80,LaMarr Woodley,3,2,0.0,0,0,0,0,0,1,6.0,6.0,0.0%,LB,2013
80,81,Manny Lawson,3,1,0.0,0,0,0,0,0,1,5.3,5.3,0.0%,LB,2013
81,82,K.J. Wright,2,3,0.0,0,0,0,0,0,1,5.3,5.3,0.0%,LB,2013
82,83,Jared Allen,1,2,0.5,0,0,0,0,0,1,5.0,5.0,0.0%,LB,2013
83,84,Jason Babin,1,1,0.0,0,0,0,0,0,1,4.8,4.8,0.0%,LB,2013
84,85,Kelvin Sheppard,1,1,0.0,0,0,0,0,0,1,4.8,4.8,1.0%,LB,2013
85,86,London Fletcher,1,1,0.0,0,0,0,0,0,1,4.8,4.8,0.0%,LB,2013
86,87,Terrell Suggs,2,2,0.0,0,0,0,0,0,1,4.5,4.5,0.0%,LB,2013
87,88,Thomas Keiser,3,0,0.0,0,0,0,0,0,1,4.5,4.5,0.0%,LB,2013
88,89,Mike Neal,3,0,0.0,0,0,0,0,0,1,4.5,4.5,0.0%,LB,2013
89,90,Arthur Brown,2,2,0.0,0,0,0,0,0,1,4.5,4.5,0.0%,LB,2013
90,91,Jameel McClain,2,2,0.0,0,0,0,0,0,1,4.5,4.5,0.0%,LB,2013
91,92,Perry Riley,2,2,0.0,0,0,0,0,0,1,4.5,4.5,0.0%,LB,2013
92,93,Willie Young,0,1,0.0,2,0,0,0,0,1,3.8,3.8,0.0%,LB,2013
93,94,Vince Williams,2,1,0.0,0,0,0,0,0,1,3.8,3.8,0.1%,LB,2013
94,95,Sean Lee,1,2,0.0,0,0,0,0,0,1,3.0,3.0,0.0%,LB,2013
95,96,Marvin Mitchell,0,4,0.0,0,0,0,0,0,1,3.0,3.0,0.0%,LB,2013
96,97,Jeff Tarpinian,2,0,0.0,0,0,0,0,0,1,3.0,3.0,0.0%,LB,2013
97,98,Mychal Kendricks,2,0,0.0,0,0,0,0,0,1,3.0,3.0,0.0%,LB,2013
98,99,Jonathan Casillas,2,0,0.0,0,0,0,0,0,1,3.0,3.0,0.0%,LB,2013
99,100,Will Herring,1,2,0.0,0,0,0,0,0,1,3.0,3.0,0.0%,LB,2013
100,101,Ashlee Palmer,2,0,0.0,0,0,0,0,0,1,3.0,3.0,0.0%,LB,2013
101,102,Cameron Wake,2,0,0.0,0,0,0,0,0,1,3.0,3.0,0.0%,LB,2013
102,103,Jon Beason,1,2,0.0,0,0,0,0,0,1,3.0,3.0,0.0%,LB,2013
103,104,Nate Palmer,1,1,0.0,0,0,0,0,0,1,2.3,2.3,0.0%,LB,2013
104,105,Jason Trusnik,1,1,0.0,0,0,0,0,0,1,2.3,2.3,0.0%,LB,2013
105,106,Clay Matthews,1,1,0.0,0,0,0,0,0,1,2.3,2.3,0.0%,LB,2013
106,107,Josh Bynes,1,1,0.0,0,0,0,0,0,1,2.3,2.3,0.0%,LB,2013
107,108,Najee Goode,0,1,0.0,1,0,0,0,0,1,2.3,2.3,0.0%,LB,2013
108,109,David Hawthorne,1,0,0.0,0,0,0,0,0,1,1.5,1.5,0.0%,LB,2013
109,110,Jo-Lonn Dunbar,1,0,0.0,0,0,0,0,0,1,1.5,1.5,0.0%,LB,2013
110,111,Rocky McIntosh,1,0,0.0,0,0,0,0,0,1,1.5,1.5,0.0%,LB,2013
111,112,Jason Worilds,0,2,0.0,0,0,0,0,0,1,1.5,1.5,0.0%,LB,2013
112,113,Erik Walden,0,2,0.0,0,0,0,0,0,1,1.5,1.5,0.0%,LB,2013
113,114,Junior Galette,1,0,0.0,0,0,0,0,0,1,1.5,1.5,0.0%,LB,2013
114,115,Spencer Paysinger,1,0,0.0,0,0,0,0,0,1,1.5,1.5,0.0%,LB,2013
115,116,Nate Irving,1,0,0.0,0,0,0,0,0,1,1.5,1.5,0.0%,LB,2013
116,117,Kyle Wilber,1,0,0.0,0,0,0,0,0,1,1.5,1.5,0.0%,LB,2013
117,118,Nick Perry,1,0,0.0,0,0,0,0,0,1,1.5,1.5,0.0%,LB,2013
118,119,Khaseem Greene,1,0,0.0,0,0,0,0,0,1,1.5,1.5,0.0%,LB,2013
119,120,Whitney Mercilus,1,0,0.0,0,0,0,0,0,1,1.5,1.5,0.2%,LB,2013
120,121,Pernell McPhee,0,1,0.0,0,0,0,0,0,1,0.8,0.8,0.0%,LB,2013
121,122,J.K. Schaffer,0,1,0.0,0,0,0,0,0,1,0.8,0.8,0.0%,LB,2013
122,123,Andy Studebaker,0,1,0.0,0,0,0,0,0,1,0.8,0.8,0.0%,LB,2013
123,124,Jonathan Freeny,0,1,0.0,0,0,0,0,0,1,0.8,0.8,0.0%,LB,2013
124,125,Nick Barnett,0,1,0.0,0,0,0,0,0,1,0.8,0.8,0.0%,LB,2013
125,126,Cameron Lawrence,0,0,0.0,0,0,0,0,0,1,0.0,0.0,0.0%,LB,2013
126,127,Stansly Maponga,0,0,0.0,0,0,0,0,0,1,0.0,0.0,1.0%,LB,2013
127,128,Kevin Reddick,0,0,0.0,0,0,0,0,0,1,0.0,0.0,0.0%,LB,2013
128,129,Bjoern Werner,3,0,0.0,0,0,0,0,0,1,0.0,0.0,0.0%,LB,2013
129,130,Michael Mauti,0,0,0.0,0,0,0,0,0,1,0.0,0.0,0.0%,LB,2013
130,131,Gerald Hodges,0,0,0.0,0,0,0,0,0,1,0.0,0.0,0.0%,LB,2013
131,132,Jelani Jenkins,0,0,0.0,0,0,0,0,0,1,0.0,0.0,0.0%,LB,2013
132,133,Zaviar Gooden,0,0,0.0,0,0,0,0,0,1,0.0,0.0,0.0%,LB,2013
133,134,Corey Lemonier,0,0,0.0,0,0,0,0,0,1,0.0,0.0,2.0%,LB,2013
134,135,Kevin Minter,0,0,0.0,0,0,0,0,0,1,0.0,0.0,0.0%,LB,2013
135,136,Mario Harvey,0,0,0.0,0,0,0,0,0,1,0.0,0.0,0.0%,LB,2013
136,137,Jerry Franklin,0,0,0.0,0,0,0,0,0,1,0.0,0.0,0.0%,LB,2013
137,138,Michael Morgan,0,0,0.0,0,0,0,0,0,1,0.0,0.0,0.0%,LB,2013
138,139,Kaelin Burnett,0,0,0.0,0,0,0,0,0,1,0.0,0.0,0.0%,LB,2013
139,140,Justin Tuggle,0,0,0.0,0,0,0,0,0,1,0.0,0.0,0.0%,LB,2013
140,141,Ray-Ray Armstrong,0,0,0.0,0,0,0,0,0,1,0.0,0.0,0.0%,LB,2013
141,142,John Lotulelei,0,0,0.0,0,0,0,0,0,1,0.0,0.0,0.0%,LB,2013
142,143,Michael Wilhoite,0,0,0.0,0,0,0,0,0,1,0.0,0.0,0.0%,LB,2013
143,144,Daren Bates,0,0,0.0,0,0,0,0,0,1,0.0,0.0,0.0%,LB,2013
144,145,Terence Garvin,0,0,0.0,0,0,0,0,0,1,0.0,0.0,0.0%,LB,2013
145,146,Jayson DiManche,0,0,0.0,0,0,0,0,0,1,0.0,0.0,0.0%,LB,2013
146,147,LaRoy Reynolds,0,0,0.0,0,0,0,0,0,1,0.0,0.0,0.0%,LB,2013
147,148,Steven Johnson,0,0,0.0,0,0,0,0,0,1,0.0,0.0,0.0%,LB,2013
148,149,Ka'Lial Glaud,0,0,0.0,0,0,0,0,0,1,0.0,0.0,0.0%,LB,2013
149,150,Chase Blackburn,0,0,0.0,0,0,0,0,0,1,0.0,0.0,0.0%,LB,2013
150,151,Heath Farwell,0,0,0.0,0,0,0,0,0,1,0.0,0.0,0.0%,LB,2013
151,152,Kamerion Wimbley,0,0,0.0,0,0,0,0,0,1,0.0,0.0,0.0%,LB,2013
152,153,Stephen Nicholas,0,0,0.0,0,0,0,0,0,1,0.0,0.0,0.0%,LB,2013
153,154,Zak DeOssie,0,0,0.0,0,0,0,0,0,1,0.0,0.0,0.0%,LB,2013
154,155,Adam Hayward,0,0,0.0,0,0,0,0,0,1,0.0,0.0,0.0%,LB,2013
155,156,Keyunta Dawson,1,0,0.0,0,0,0,0,0,1,0.0,0.0,0.0%,LB,2013
156,157,Omar Gaither,0,0,0.0,0,0,0,0,0,1,0.0,0.0,0.0%,LB,2013
157,158,J.T. Thomas,0,0,0.0,0,0,0,0,0,1,0.0,0.0,0.0%,LB,2013
158,159,Andrew Gachkar,0,0,0.0,0,0,0,0,0,1,0.0,0.0,0.0%,LB,2013
159,160,Allen Bradford,0,0,0.0,0,0,0,0,0,1,0.0,0.0,0.0%,LB,2013
160,161,Malcolm Smith,0,0,0.0,0,0,0,0,0,1,0.0,0.0,0.0%,LB,2013
161,162,Mark Herzlich,0,0,0.0,0,0,0,0,0,1,0.0,0.0,1.0%,LB,2013
162,163,Martez Wilson,0,0,0.0,0,0,0,0,0,1,0.0,0.0,0.0%,LB,2013
163,164,Brooks Reed,6,0,0.0,0,0,0,0,0,1,0.0,0.0,0.0%,LB,2013
164,165,Casey Matthews,0,0,0.0,0,0,0,0,0,1,0.0,0.0,0.0%,LB,2013
165,166,Paris Lenon,0,0,0.0,0,0,0,0,0,1,0.0,0.0,0.0%,LB,2013
166,167,Rob Jackson,0,0,0.0,0,0,0,0,0,1,0.0,0.0,0.0%,LB,2013
167,168,Kyle Bosworth,0,0,0.0,0,0,0,0,0,1,0.0,0.0,0.0%,LB,2013
168,169,Larry Dean,0,0,0.0,0,0,0,0,0,1,0.0,0.0,0.0%,LB,2013
169,170,Bryan Braman,0,0,0.0,0,0,0,0,0,1,0.0,0.0,0.0%,LB,2013
170,171,Blake Costanzo,0,0,0.0,0,0,0,0,0,1,0.0,0.0,0.0%,LB,2013
171,172,Patrick Bailey,0,0,0.0,0,0,0,0,0,1,0.0,0.0,0.0%,LB,2013
172,173,Josh Hull,0,0,0.0,0,0,0,0,0,1,0.0,0.0,0.0%,LB,2013
173,174,Dekoda Watson,0,0,0.0,0,0,0,0,0,1,0.0,0.0,0.0%,LB,2013
174,175,Kavell Conner,0,0,0.0,0,0,0,0,0,1,0.0,0.0,0.0%,LB,2013
175,176,Austin Spitler,0,0,0.0,0,0,0,0,0,1,0.0,0.0,0.0%,LB,2013
176,177,Jamari Lattimore,0,0,0.0,0,0,0,0,0,1,0.0,0.0,0.0%,LB,2013
177,178,Bront Bird,0,0,0.0,0,0,0,0,0,1,0.0,0.0,0.0%,LB,2013
178,179,Emmanuel Acho,0,0,0.0,0,0,0,0,0,1,0.0,0.0,0.0%,LB,2013
179,180,Tahir Whitehead,0,0,0.0,0,0,0,0,0,1,0.0,0.0,0.0%,LB,2013
180,181,Albert McClellan,0,0,0.0,0,0,0,0,0,1,0.0,0.0,0.0%,LB,2013
181,182,Andre Branch,3,0,0.0,1,0,0,0,0,1,0.0,0.0,0.0%,LB,2013
182,183,Jonathan Massaquoi,2,2,0.0,0,0,0,0,0,1,0.0,0.0,0.0%,LB,2013
183,184,Bruce Irvin,2,0,0.0,0,0,0,0,0,1,0.0,0.0,0.2%,LB,2013
184,185,Travis Lewis,0,0,0.0,0,0,0,0,0,1,0.0,0.0,0.0%,LB,2013
185,186,Stevenson Sylvester,0,0,0.0,0,0,0,0,0,1,0.0,0.0,0.0%,LB,2013
186,187,Everette Brown,1,2,0.0,0,0,0,0,0,1,0.0,0.0,0.0%,LB,2013
187,188,Connor Barwin,3,2,0.0,1,0,0,0,0,1,0.0,0.0,0.0%,LB,2013
188,189,Jordan Senn,0,0,0.0,0,0,0,0,0,1,0.0,0.0,0.0%,LB,2013
189,190,Chris Long,4,0,1.0,0,0,0,1,1,1,0.0,0.0,0.0%,LB,2013
190,191,Larry Grant,0,0,0.0,0,0,0,0,0,1,0.0,0.0,0.0%,LB,2013
191,192,Jason Williams,0,0,0.0,0,0,0,0,0,1,0.0,0.0,0.0%,LB,2013
192,193,O'Brien Schofield,0,0,0.0,0,0,0,0,0,1,0.0,0.0,0.0%,LB,2013
193,194,Jason Pierre-Paul,2,2,1.0,0,0,0,0,0,1,0.0,0.0,0.0%,LB,2013
194,195,Jasper Brinkley,0,0,0.0,0,0,0,0,0,1,0.0,0.0,0.0%,LB,2013
195,196,Jamaal Westerman,0,0,0.0,0,0,0,0,0,1,0.0,0.0,0.0%,LB,2013
196,197,Reggie Walker,0,0,0.0,0,0,0,0,0,1,0.0,0.0,0.0%,LB,2013
197,198,Marcus Benard,1,0,0.0,0,0,0,0,0,1,0.0,0.0,0.0%,LB,2013
198,199,Skai Moore,0,0,0.0,0,0,0,0,0,1,0.0,0.0,0.0%,LB,2013
199,200,Jeremy Cain,0,0,0.0,0,0,0,0,0,1,0.0,0.0,0.0%,LB,2013
200,201,Cullen Loeffler,0,0,0.0,0,0,0,0,0,1,0.0,0.0,0.0%,LB,2013
201,202,Garrison Sanborn,0,0,0.0,0,0,0,0,0,1,0.0,0.0,0.0%,LB,2013
202,203,John Denney,0,0,0.0,0,0,0,0,0,1,0.0,0.0,0.0%,LB,2013
203,204,Andrew Economos,0,0,0.0,0,0,0,0,0,1,0.0,0.0,0.0%,LB,2013
204,205,Morgan Cox,0,0,0.0,0,0,0,0,0,1,0.0,0.0,0.0%,LB,2013
205,206,Josh Harris,0,0,0.0,0,0,0,0,0,1,0.0,0.0,0.0%,LB,2013
206,207,JJ Jansen,0,0,0.0,0,0,0,0,0,1,0.0,0.0,0.0%,LB,2013
207,208,Justin Drescher,0,0,0.0,0,0,0,0,0,1,0.0,0.0,0.0%,LB,2013
208,209,Jake McQuaide,0,0,0.0,0,0,0,0,0,1,0.0,0.0,0.0%,LB,2013
209,210,Clint Gresham,0,0,0.0,0,0,0,0,0,1,0.0,0.0,0.0%,LB,2013
210,211,Kevin McDermott,0,0,0.0,0,0,0,0,0,1,0.0,0.0,0.0%,LB,2013
211,212,Jon Condo,0,0,0.0,0,0,0,0,0,1,0.0,0.0,0.0%,LB,2013
212,213,Greg Warren,0,0,0.0,0,0,0,0,0,1,0.0,0.0,0.0%,LB,2013
213,214,Matt Overton,0,0,0.0,0,0,0,0,0,1,0.0,0.0,0.0%,LB,2013
214,215,Carson Tinker,0,0,0.0,0,0,0,0,0,1,0.0,0.0,0.0%,LB,2013
215,216,Jon Weeks,0,0,0.0,0,0,0,0,0,1,0.0,0.0,0.0%,LB,2013
216,217,Aaron Brewer,0,0,0.0,0,0,0,0,0,1,0.0,0.0,0.0%,LB,2013
217,218,Mike Windt,0,0,0.0,0,0,0,0,0,1,0.0,0.0,0.0%,LB,2013
218,219,Brett Goode,0,0,0.0,0,0,0,0,0,1,0.0,0.0,0.0%,LB,2013
219,220,L.P. LaDouceur,0,0,0.0,0,0,0,0,0,1,0.0,0.0,0.0%,LB,2013
220,221,Jon Dorenbos,0,0,0.0,0,0,0,0,0,1,0.0,0.0,0.0%,LB,2013
221,222,Don Muhlbach,0,0,0.0,0,0,0,0,0,1,0.0,0.0,0.0%,LB,2013
