,Rank,Player,Tackle,Assist,Sack,Pass Defended,Interception,Forced Fumble,Fumble Recovery,Defend Touchdown,Games Played,Fantasy Football Points,FTPS/Game,ROST,Position,Year
0,1,Erin Henderson,6,2,2.0,1,1,0,0,0,1,30.0,30.0,0.0%,LB,2013
1,2,Brad Jones,9,2,0.0,0,0,1,1,0,1,25.5,25.5,0.0%,LB,2013
2,3,Daryl Smith,7,3,0.0,1,1,0,0,1,1,25.3,25.3,0.0%,LB,2013
3,4,Karlos Dansby,12,0,0.0,1,0,0,0,0,1,24.5,24.5,0.1%,LB,2013
4,5,DeMarcus Ware,5,1,2.0,0,0,0,0,0,1,23.8,23.8,0.0%,LB,2013
5,6,Mark Barron,8,3,0.5,1,1,0,0,0,1,22.8,22.8,0.0%,LB,2013
6,7,D.J. Williams,3,1,2.0,0,0,1,0,0,1,22.3,22.3,0.0%,LB,2013
7,8,Jerrell Freeman,7,1,1.0,0,0,1,0,0,1,21.8,21.8,0.1%,LB,2013
8,9,Paul Posluszny,5,7,0.0,1,1,0,0,0,1,21.8,21.8,4.7%,LB,2013
9,10,Manny Lawson,11,3,0.0,0,0,0,0,0,1,21.3,21.3,0.0%,LB,2013
10,11,Lance Briggs,5,2,1.0,1,0,1,0,0,1,21.0,21.0,0.0%,LB,2013
11,12,Kevin Burnett,10,0,0.0,1,0,1,0,0,1,20.5,20.5,0.0%,LB,2013
12,13,David Harris,4,4,1.0,0,0,0,0,0,1,20.5,20.5,4.0%,LB,2013
13,14,Lavonte David,8,1,0.5,0,0,0,0,0,1,19.8,19.8,52.4%,LB,2013
14,15,London Fletcher,4,4,1.0,0,0,0,0,0,1,18.0,18.0,0.0%,LB,2013
15,16,Bobby Wagner,3,6,0.0,1,1,0,0,0,1,18.0,18.0,72.4%,LB,2013
16,17,A.J. Hawk,6,3,0.0,0,0,0,1,0,1,17.8,17.8,0.0%,LB,2013
17,18,D'Qwell Jackson,7,4,0.0,0,0,1,0,0,1,17.5,17.5,0.0%,LB,2013
18,19,Jerod Mayo,5,4,1.0,0,0,0,0,0,1,17.0,17.0,0.0%,LB,2013
19,20,Reggie Walker,6,2,1.0,0,0,0,0,0,1,17.0,17.0,0.0%,LB,2013
20,21,Lamarr Houston,5,1,1.0,0,0,1,0,0,1,16.3,16.3,0.0%,LB,2013
21,22,Vontaze Burfict,10,1,0.0,0,0,0,0,0,1,15.8,15.8,0.0%,LB,2013
22,23,Mychal Kendricks,8,1,0.0,0,0,0,0,0,1,15.3,15.3,0.0%,LB,2013
23,24,Lawrence Timmons,7,2,0.0,2,0,0,0,0,1,15.0,15.0,0.1%,LB,2013
24,25,Clay Matthews,2,0,1.0,0,0,2,0,0,1,15.0,15.0,0.0%,LB,2013
25,26,Navorro Bowman,9,0,0.0,1,0,0,0,0,1,15.0,15.0,0.1%,LB,2013
26,27,Demario Davis,5,1,1.0,0,0,0,0,0,1,14.8,14.8,22.3%,LB,2013
27,28,Derrick Johnson,7,1,0.5,1,0,0,0,0,1,14.8,14.8,0.0%,LB,2013
28,29,Chad Greenway,5,1,0.0,1,1,0,0,0,1,14.8,14.8,0.0%,LB,2013
29,30,Kiko Alonso,3,5,0.0,1,1,0,0,0,1,14.8,14.8,0.0%,LB,2013
30,31,Akeem Dent,3,2,1.5,0,0,0,0,0,1,14.5,14.5,0.0%,LB,2013
31,32,Dannell Ellerbe,9,1,0.0,0,0,0,0,0,1,14.3,14.3,0.0%,LB,2013
32,33,Thomas Davis,2,3,1.0,0,0,0,0,0,1,14.3,14.3,0.0%,LB,2013
33,34,Ahmad Brooks,7,1,0.0,0,0,0,0,0,1,13.8,13.8,0.0%,LB,2013
34,35,Nick Roach,7,1,0.0,0,0,0,0,0,1,13.8,13.8,0.0%,LB,2013
35,36,Perry Riley,3,7,0.0,1,0,0,0,0,1,13.8,13.8,0.0%,LB,2013
36,37,James Anderson,4,1,0.0,0,0,0,1,0,1,13.3,13.3,0.0%,LB,2013
37,38,Jason Babin,3,3,1.0,0,0,0,0,0,1,13.3,13.3,0.0%,LB,2013
38,39,Justin Durant,6,0,0.0,0,0,1,0,0,1,13.0,13.0,0.0%,LB,2013
39,40,Curtis Lofton,7,1,0.0,1,0,0,0,0,1,12.8,12.8,0.0%,LB,2013
40,41,Calvin Pace,4,3,1.0,0,0,0,0,0,1,12.3,12.3,0.0%,LB,2013
41,42,Sean Lee,4,3,0.0,0,0,0,1,0,1,12.3,12.3,0.0%,LB,2013
42,43,Brian Cushing,5,3,0.0,0,0,0,0,0,1,12.3,12.3,0.0%,LB,2013
43,44,Robert Mathis,2,1,1.5,0,0,0,0,0,1,12.3,12.3,0.0%,LB,2013
44,45,Nate Irving,5,3,0.0,0,0,0,0,0,1,12.3,12.3,0.0%,LB,2013
45,46,Rey Maualuga,8,0,0.0,0,0,0,0,0,1,12.0,12.0,0.0%,LB,2013
46,47,Robert Quinn,3,1,0.0,0,0,1,0,0,1,11.8,11.8,1.2%,LB,2013
47,48,DeAndre Levy,6,3,0.0,0,0,0,0,0,1,11.3,11.3,0.0%,LB,2013
48,49,Moise Fokou,7,1,0.0,0,0,0,0,0,1,11.3,11.3,0.0%,LB,2013
49,50,Barkevious Mingo,2,2,1.0,0,0,0,0,0,1,11.0,11.0,6.0%,LB,2013
50,51,Tamba Hali,3,0,1.0,0,0,0,0,0,1,11.0,11.0,2.0%,LB,2013
51,52,Wesley Woodyard,4,4,0.5,0,0,0,0,0,1,11.0,11.0,0.0%,LB,2013
52,53,Keith Rivers,2,5,0.0,1,0,0,0,0,1,10.8,10.8,0.0%,LB,2013
53,54,DeMeco Ryans,7,0,0.0,0,0,0,0,0,1,10.5,10.5,0.0%,LB,2013
54,55,Kavell Conner,4,0,0.0,0,0,0,1,0,1,10.0,10.0,0.0%,LB,2013
55,56,Craig Robertson,2,2,0.0,1,0,0,1,0,1,10.0,10.0,0.0%,LB,2013
56,57,Andrew Gachkar,3,2,0.0,0,0,1,0,0,1,10.0,10.0,0.0%,LB,2013
57,58,Alec Ogletree,6,1,0.0,0,0,0,0,0,1,9.8,9.8,2.0%,LB,2013
58,59,Junior Galette,1,2,1.0,0,0,0,0,0,1,9.5,9.5,0.0%,LB,2013
59,60,Willie Young,4,1,0.0,0,0,0,0,0,1,9.3,9.3,0.0%,LB,2013
60,61,Brandon Spikes,5,2,0.0,0,0,0,0,0,1,9.0,9.0,0.0%,LB,2013
61,62,Mason Foster,4,4,0.0,0,0,0,0,0,1,9.0,9.0,0.0%,LB,2013
62,63,Mark Herzlich,4,4,0.0,0,0,0,0,0,1,9.0,9.0,1.0%,LB,2013
63,64,LaMarr Woodley,1,1,1.0,0,0,0,0,0,1,8.8,8.8,0.0%,LB,2013
64,65,Terrell Suggs,1,1,1.0,0,0,0,0,0,1,8.8,8.8,0.0%,LB,2013
65,66,Philip Wheeler,4,0,0.0,0,0,0,0,0,1,8.5,8.5,1.0%,LB,2013
66,67,Patrick Willis,5,1,0.0,0,0,0,0,0,1,8.3,8.3,0.0%,LB,2013
67,68,Sam Acho,1,0,1.0,0,0,0,0,0,1,8.0,8.0,0.0%,LB,2013
68,69,Kyle Wilber,1,0,1.0,0,0,0,0,0,1,8.0,8.0,0.0%,LB,2013
69,70,Larry English,1,0,1.0,0,0,0,0,0,1,8.0,8.0,0.0%,LB,2013
70,71,Akeem Ayers,1,0,1.0,0,0,0,0,0,1,8.0,8.0,0.0%,LB,2013
71,72,Kelvin Sheppard,2,1,0.0,1,0,0,0,0,1,7.8,7.8,1.0%,LB,2013
72,73,Brian Orakpo,2,3,0.0,0,0,0,0,0,1,7.8,7.8,0.0%,LB,2013
73,74,Joe Mays,2,3,0.0,0,0,0,0,0,1,7.8,7.8,0.0%,LB,2013
74,75,Courtney Upshaw,3,0,0.0,0,0,0,0,0,1,7.0,7.0,0.0%,LB,2013
75,76,Akeem Jordan,4,1,0.0,0,0,0,0,0,1,6.8,6.8,0.0%,LB,2013
76,77,Stephen Tulloch,3,3,0.0,0,0,0,0,0,1,6.8,6.8,0.0%,LB,2013
77,78,James Laurinaitis,4,1,0.0,0,0,0,0,0,1,6.8,6.8,0.0%,LB,2013
78,79,Danny Trevathan,3,3,0.0,0,0,0,0,0,1,6.8,6.8,0.0%,LB,2013
79,80,Joplo Bartu,1,2,0.5,1,0,0,0,0,1,6.5,6.5,0.0%,LB,2013
80,81,Jasper Brinkley,2,1,0.0,0,0,0,0,0,1,6.3,6.3,0.0%,LB,2013
81,82,Desmond Bishop,2,1,0.0,0,0,0,0,0,1,6.3,6.3,0.0%,LB,2013
82,83,K.J. Wright,2,1,0.0,0,0,0,0,0,1,6.3,6.3,0.0%,LB,2013
83,84,Chandler Jones,0,3,1.0,0,0,0,0,0,1,6.3,6.3,0.5%,LB,2013
84,85,Jarvis Jones,4,0,0.0,0,0,0,0,0,1,6.0,6.0,0.0%,LB,2013
85,86,Koa Misi,4,0,0.0,0,0,0,0,0,1,6.0,6.0,0.0%,LB,2013
86,87,Will Witherspoon,1,0,0.0,0,0,0,1,0,1,5.5,5.5,0.0%,LB,2013
87,88,Arthur Moats,1,5,0.0,0,0,0,0,0,1,5.3,5.3,0.0%,LB,2013
88,89,Whitney Mercilus,2,3,0.0,0,0,0,0,0,1,5.3,5.3,0.2%,LB,2013
89,90,Luke Kuechly,1,5,0.0,0,0,0,0,0,1,5.3,5.3,92.3%,LB,2013
90,91,Russell Allen,2,3,0.0,0,0,0,0,0,1,5.3,5.3,0.0%,LB,2013
91,92,Bruce Carter,3,1,0.0,0,0,0,0,0,1,5.3,5.3,0.0%,LB,2013
92,93,Vince Williams,3,1,0.0,0,0,0,0,0,1,5.3,5.3,0.1%,LB,2013
93,94,Spencer Paysinger,3,1,0.0,0,0,0,0,0,1,5.3,5.3,0.0%,LB,2013
94,95,Darryl Sharpton,3,0,0.0,0,0,0,0,0,1,4.5,4.5,0.0%,LB,2013
95,96,Kaluka Maiava,3,0,0.0,0,0,0,0,0,1,4.5,4.5,0.0%,LB,2013
96,97,DeVonte Holloman,3,0,0.0,0,0,0,0,0,1,4.5,4.5,0.0%,LB,2013
97,98,Geno Hayes,1,4,0.0,0,0,0,0,0,1,4.5,4.5,0.0%,LB,2013
98,99,Edgar Jones,2,0,0.0,1,0,0,0,0,1,4.5,4.5,0.0%,LB,2013
99,100,John Denney,0,0,0.0,0,0,0,1,0,1,4.0,4.0,0.0%,LB,2013
100,101,Larry Dean,0,0,0.0,0,0,0,1,0,1,4.0,4.0,0.0%,LB,2013
101,102,Jason Trusnik,2,1,0.0,0,0,0,0,0,1,3.8,3.8,0.0%,LB,2013
102,103,Nick Perry,2,1,0.0,0,0,0,0,0,1,3.8,3.8,0.0%,LB,2013
103,104,Paul Kruger,1,3,0.0,0,0,0,0,0,1,3.8,3.8,0.0%,LB,2013
104,105,Dont'a Hightower,1,2,0.0,0,0,0,0,0,1,3.0,3.0,1.0%,LB,2013
105,106,Marvin Mitchell,2,0,0.0,0,0,0,0,0,1,3.0,3.0,0.0%,LB,2013
106,107,Michael Morgan,1,2,0.0,0,0,0,0,0,1,3.0,3.0,0.0%,LB,2013
107,108,David Hawthorne,2,0,0.0,0,0,0,0,0,1,3.0,3.0,0.0%,LB,2013
108,109,Shaun Phillips,2,0,0.0,0,0,0,0,0,1,3.0,3.0,0.0%,LB,2013
109,110,Garrett McIntyre,1,1,0.0,0,0,0,0,0,1,2.3,2.3,0.0%,LB,2013
110,111,O'Brien Schofield,1,1,0.0,0,0,0,0,0,1,2.3,2.3,0.0%,LB,2013
111,112,Nick Barnett,1,1,0.0,0,0,0,0,0,1,2.3,2.3,0.0%,LB,2013
112,113,Jamie Collins,1,1,0.0,0,0,0,0,0,1,2.3,2.3,0.0%,LB,2013
113,114,Chase Blackburn,1,1,0.0,0,0,0,0,0,1,2.3,2.3,0.0%,LB,2013
114,115,Josh Bynes,1,1,0.0,0,0,0,0,0,1,2.3,2.3,0.0%,LB,2013
115,116,Bront Bird,0,3,0.0,0,0,0,0,0,1,2.3,2.3,0.0%,LB,2013
116,117,Jason Worilds,1,0,0.0,0,0,0,0,0,1,1.5,1.5,0.0%,LB,2013
117,118,Ashlee Palmer,1,0,0.0,0,0,0,0,0,1,1.5,1.5,0.0%,LB,2013
118,119,Dwight Freeney,1,0,0.0,0,0,0,0,0,1,1.5,1.5,0.0%,LB,2013
119,120,Kion Wilson,1,0,0.0,0,0,0,0,0,1,1.5,1.5,0.0%,LB,2013
120,121,John Abraham,1,0,0.0,0,0,0,0,0,1,1.5,1.5,0.0%,LB,2013
121,122,Paul Worrilow,1,0,0.0,0,0,0,0,0,1,1.5,1.5,0.0%,LB,2013
122,123,Zach Brown,1,0,0.0,0,0,0,0,0,1,1.5,1.5,0.0%,LB,2013
123,124,Derrick Morgan,1,0,0.0,0,0,0,0,0,1,1.5,1.5,0.0%,LB,2013
124,125,Pernell McPhee,0,2,0.0,0,0,0,0,0,1,1.5,1.5,0.0%,LB,2013
125,126,Michael Wilhoite,1,0,0.0,0,0,0,0,0,1,1.5,1.5,0.0%,LB,2013
126,127,John Lotulelei,0,2,0.0,0,0,0,0,0,1,1.5,1.5,0.0%,LB,2013
127,128,Elvis Dumervil,0,2,0.0,0,0,0,0,0,1,1.5,1.5,0.0%,LB,2013
128,129,Jacquian Williams,0,1,0.0,0,0,0,0,0,1,0.8,0.8,0.0%,LB,2013
129,130,Shea McClellin,0,1,0.0,0,0,0,0,0,1,0.8,0.8,0.0%,LB,2013
130,131,Erik Walden,0,1,0.0,0,0,0,0,0,1,0.8,0.8,0.0%,LB,2013
131,132,Jordan Senn,0,1,0.0,0,0,0,0,0,1,0.8,0.8,0.0%,LB,2013
132,133,Jarret Johnson,0,1,0.0,0,0,0,0,0,1,0.8,0.8,0.0%,LB,2013
133,134,Colin McCarthy,0,1,0.0,0,0,0,0,0,1,0.8,0.8,0.0%,LB,2013
134,135,A.J. Klein,0,1,0.0,0,0,0,0,0,1,0.8,0.8,0.0%,LB,2013
135,136,Brandon Jenkins,0,0,0.0,0,0,0,0,0,1,0.0,0.0,0.0%,LB,2013
136,137,Jelani Jenkins,0,0,0.0,0,0,0,0,0,1,0.0,0.0,0.0%,LB,2013
137,138,Kevin Reddick,0,0,0.0,0,0,0,0,0,1,0.0,0.0,0.0%,LB,2013
138,139,Khaseem Greene,0,0,0.0,0,0,0,0,0,1,0.0,0.0,0.0%,LB,2013
139,140,Michael Mauti,0,0,0.0,0,0,0,0,0,1,0.0,0.0,0.0%,LB,2013
140,141,Jon Bostic,0,0,0.0,0,0,0,0,0,1,0.0,0.0,0.0%,LB,2013
141,142,Mike Catapano,0,0,0.0,0,0,0,0,0,1,0.0,0.0,0.0%,LB,2013
142,143,Bjoern Werner,1,0,0.0,0,0,0,0,0,1,0.0,0.0,0.0%,LB,2013
143,144,Kaelin Burnett,0,0,0.0,0,0,0,0,0,1,0.0,0.0,0.0%,LB,2013
144,145,Corey Lemonier,0,0,0.0,0,0,0,0,0,1,0.0,0.0,2.0%,LB,2013
145,146,John Simon,0,0,0.0,0,0,0,0,0,1,0.0,0.0,0.0%,LB,2013
146,147,Stansly Maponga,0,0,0.0,0,0,0,0,0,1,0.0,0.0,1.0%,LB,2013
147,148,Nate Palmer,0,0,0.0,0,0,0,0,0,1,0.0,0.0,0.0%,LB,2013
148,149,Terence Garvin,0,0,0.0,0,0,0,0,0,1,0.0,0.0,0.0%,LB,2013
149,150,Andy Mulumba,0,0,0.0,0,0,0,0,0,1,0.0,0.0,0.0%,LB,2013
150,151,Jonathan Freeny,0,0,0.0,0,0,0,0,0,1,0.0,0.0,0.0%,LB,2013
151,152,Willie Jefferson,0,0,0.0,0,0,0,0,0,1,0.0,0.0,0.0%,LB,2013
152,153,Kyle Knox,0,0,0.0,0,0,0,0,0,1,0.0,0.0,0.0%,LB,2013
153,154,Daren Bates,0,0,0.0,0,0,0,0,0,1,0.0,0.0,0.0%,LB,2013
154,155,Paul Hazel,0,0,0.0,0,0,0,0,0,1,0.0,0.0,0.0%,LB,2013
155,156,Sam Barrington,0,0,0.0,0,0,0,0,0,1,0.0,0.0,0.0%,LB,2013
156,157,LaRoy Reynolds,0,0,0.0,0,0,0,0,0,1,0.0,0.0,0.0%,LB,2013
157,158,Jayson DiManche,0,0,0.0,0,0,0,0,0,1,0.0,0.0,0.0%,LB,2013
158,159,Brandon Magee,0,0,0.0,0,0,0,0,0,1,0.0,0.0,0.0%,LB,2013
159,160,Eric Martin,0,0,0.0,0,0,0,0,0,1,0.0,0.0,0.0%,LB,2013
160,161,Jake Knott,0,0,0.0,0,0,0,0,0,1,0.0,0.0,0.0%,LB,2013
161,162,Ray-Ray Armstrong,0,0,0.0,0,0,0,0,0,1,0.0,0.0,0.0%,LB,2013
162,163,Trent Cole,0,0,0.0,0,0,0,0,0,1,0.0,0.0,0.0%,LB,2013
163,164,Heath Farwell,0,0,0.0,0,0,0,0,0,1,0.0,0.0,0.0%,LB,2013
164,165,Kamerion Wimbley,0,0,0.0,0,0,0,0,0,1,0.0,0.0,0.0%,LB,2013
165,166,Rocky McIntosh,0,0,0.0,0,0,0,0,0,1,0.0,0.0,0.0%,LB,2013
166,167,James Harrison,0,0,0.0,0,0,0,0,0,1,0.0,0.0,0.0%,LB,2013
167,168,Jared Allen,0,0,0.0,0,0,0,0,0,1,0.0,0.0,0.0%,LB,2013
168,169,Adam Hayward,0,0,0.0,0,0,0,0,0,1,0.0,0.0,0.0%,LB,2013
169,170,Stephen Nicholas,0,0,0.0,0,0,0,0,0,1,0.0,0.0,0.0%,LB,2013
170,171,Zak DeOssie,0,0,0.0,0,0,0,0,0,1,0.0,0.0,0.0%,LB,2013
171,172,Antwan Barnes,0,0,0.0,0,0,0,0,0,1,0.0,0.0,0.0%,LB,2013
172,173,Jay Richardson,0,0,0.0,0,0,0,0,0,1,0.0,0.0,0.0%,LB,2013
173,174,Will Herring,0,0,0.0,0,0,0,0,0,1,0.0,0.0,0.0%,LB,2013
174,175,Keyunta Dawson,0,0,0.0,0,0,0,0,0,1,0.0,0.0,0.0%,LB,2013
175,176,Lorenzo Alexander,0,0,0.0,0,0,0,0,0,1,0.0,0.0,3.0%,LB,2013
176,177,Rob Ninkovich,1,4,0.5,0,0,0,0,0,1,0.0,0.0,0.0%,LB,2013
177,178,Parys Haralson,0,0,0.0,0,0,0,0,0,1,0.0,0.0,0.0%,LB,2013
178,179,Tim Dobbins,0,0,0.0,0,0,0,0,0,1,0.0,0.0,0.0%,LB,2013
179,180,Jon Beason,0,0,0.0,0,0,0,0,0,1,0.0,0.0,0.0%,LB,2013
180,181,J.T. Thomas,0,0,0.0,0,0,0,0,0,1,0.0,0.0,0.0%,LB,2013
181,182,Allen Bradford,0,0,0.0,0,0,0,0,0,1,0.0,0.0,0.0%,LB,2013
182,183,Justin Houston,6,1,4.5,3,0,1,2,0,1,0.0,0.0,0.0%,LB,2013
183,184,Martez Wilson,0,0,0.0,0,0,0,0,0,1,0.0,0.0,0.0%,LB,2013
184,185,Brooks Reed,3,4,0.0,0,0,0,0,0,1,0.0,0.0,0.0%,LB,2013
185,186,Casey Matthews,0,0,0.0,0,0,0,0,0,1,0.0,0.0,0.0%,LB,2013
186,187,Chris Carter,0,0,0.0,0,0,0,0,0,1,0.0,0.0,0.0%,LB,2013
187,188,Chris White,0,0,0.0,0,0,0,0,0,1,0.0,0.0,0.0%,LB,2013
188,189,Paris Lenon,0,0,0.0,0,0,0,0,0,1,0.0,0.0,0.0%,LB,2013
189,190,Blake Costanzo,0,0,0.0,0,0,0,0,0,1,0.0,0.0,0.0%,LB,2013
190,191,Patrick Bailey,0,0,0.0,0,0,0,0,0,1,0.0,0.0,0.0%,LB,2013
191,192,Dan Skuta,0,0,0.0,0,0,0,0,0,1,0.0,0.0,0.0%,LB,2013
192,193,Rob Francois,0,0,0.0,0,0,0,0,0,1,0.0,0.0,0.0%,LB,2013
193,194,Vincent Rey,0,0,0.0,0,0,0,0,0,1,0.0,0.0,0.0%,LB,2013
194,195,Quinton Coples,2,1,0.0,0,0,0,0,0,1,0.0,0.0,0.0%,LB,2013
195,196,Jonathan Massaquoi,1,0,0.0,0,0,0,0,0,1,0.0,0.0,0.0%,LB,2013
196,197,Jamari Lattimore,0,0,0.0,0,0,0,0,0,1,0.0,0.0,0.0%,LB,2013
197,198,Nick Bellore,0,0,0.0,0,0,0,0,0,1,0.0,0.0,7.0%,LB,2013
198,199,Bryan Braman,0,0,0.0,0,0,0,0,0,1,0.0,0.0,0.0%,LB,2013
199,200,Kyle Bosworth,0,0,0.0,0,0,0,0,0,1,0.0,0.0,0.0%,LB,2013
200,201,Andre Branch,0,2,0.0,0,0,0,0,0,1,0.0,0.0,0.0%,LB,2013
201,202,Frank Zombo,0,0,0.0,0,0,0,0,0,1,0.0,0.0,3.0%,LB,2013
202,203,Cam Johnson,0,0,0.0,0,0,0,0,0,1,0.0,0.0,0.0%,LB,2013
203,204,Dezman Moses,0,0,0.0,0,0,0,0,0,1,0.0,0.0,0.0%,LB,2013
204,205,Albert McClellan,0,0,0.0,0,0,0,0,0,1,0.0,0.0,0.0%,LB,2013
205,206,Steven Johnson,0,0,0.0,0,0,0,0,0,1,0.0,0.0,0.0%,LB,2013
206,207,Mario Harvey,0,0,0.0,0,0,0,0,0,1,0.0,0.0,0.0%,LB,2013
207,208,Adrian Robinson,0,0,0.0,0,0,0,0,0,1,0.0,0.0,0.0%,LB,2013
208,209,Marcus Dowtin,0,0,0.0,0,0,0,0,0,1,0.0,0.0,0.0%,LB,2013
209,210,Travis Lewis,0,0,0.0,0,0,0,0,0,1,0.0,0.0,0.0%,LB,2013
210,211,Audie Cole,0,0,0.0,0,0,0,0,0,1,0.0,0.0,0.0%,LB,2013
211,212,Nigel Bradham,0,0,0.0,0,0,0,0,0,1,0.0,0.0,0.0%,LB,2013
212,213,James-Michael Johnson,0,0,0.0,0,0,0,0,0,1,0.0,0.0,0.0%,LB,2013
213,214,Tahir Whitehead,0,0,0.0,0,0,0,0,0,1,0.0,0.0,0.0%,LB,2013
214,215,Najee Goode,0,0,0.0,0,0,0,0,0,1,0.0,0.0,0.0%,LB,2013
215,216,Tank Carder,0,0,0.0,0,0,0,0,0,1,0.0,0.0,0.0%,LB,2013
216,217,Terrell Manning,0,0,0.0,0,0,0,0,0,1,0.0,0.0,0.0%,LB,2013
217,218,Dane Fletcher,0,0,0.0,0,0,0,0,0,1,0.0,0.0,0.0%,LB,2013
218,219,Connor Barwin,6,1,1.0,1,0,0,0,0,1,0.0,0.0,0.0%,LB,2013
219,220,Cameron Wake,0,0,0.0,0,0,0,0,0,1,0.0,0.0,0.0%,LB,2013
220,221,Chris Long,1,0,0.0,0,0,0,0,0,1,0.0,0.0,0.0%,LB,2013
221,222,Bryan Kehl,0,0,0.0,0,0,0,0,0,1,0.0,0.0,0.0%,LB,2013
222,223,Mike Neal,0,0,0.0,0,0,0,0,0,1,0.0,0.0,0.0%,LB,2013
223,224,Donald Butler,0,0,0.0,0,0,0,0,0,1,0.0,0.0,0.0%,LB,2013
224,225,Dekoda Watson,0,0,0.0,0,0,0,0,0,1,0.0,0.0,0.0%,LB,2013
225,226,Jamaal Westerman,0,0,0.0,0,0,0,0,0,1,0.0,0.0,0.0%,LB,2013
226,227,Ramon Humber,0,0,0.0,0,0,0,0,0,1,0.0,0.0,0.0%,LB,2013
227,228,Jonathan Casillas,0,0,0.0,0,0,0,0,0,1,0.0,0.0,0.0%,LB,2013
228,229,Jason Pierre-Paul,5,0,0.0,0,0,0,0,0,1,0.0,0.0,0.0%,LB,2013
229,230,Cullen Loeffler,0,0,0.0,0,0,0,0,0,1,0.0,0.0,0.0%,LB,2013
230,231,Christian Yount,0,0,0.0,0,0,0,0,0,1,0.0,0.0,0.0%,LB,2013
231,232,Garrison Sanborn,0,0,0.0,0,0,0,0,0,1,0.0,0.0,0.0%,LB,2013
232,233,Tanner Purdum,0,0,0.0,0,0,0,0,0,1,0.0,0.0,0.0%,LB,2013
233,234,Morgan Cox,0,0,0.0,0,0,0,0,0,1,0.0,0.0,0.0%,LB,2013
234,235,Greg Warren,0,0,0.0,0,0,0,0,0,1,0.0,0.0,0.0%,LB,2013
235,236,Patrick Mannelly,0,0,0.0,0,0,0,0,0,1,0.0,0.0,0.0%,LB,2013
236,237,Andrew Economos,0,0,0.0,0,0,0,0,0,1,0.0,0.0,0.0%,LB,2013
237,238,Carson Tinker,0,0,0.0,0,0,0,0,0,1,0.0,0.0,0.0%,LB,2013
238,239,Matt Overton,0,0,0.0,0,0,0,0,0,1,0.0,0.0,0.0%,LB,2013
239,240,Jon Weeks,0,0,0.0,0,0,0,0,0,1,0.0,0.0,0.0%,LB,2013
240,241,Aaron Brewer,0,0,0.0,0,0,0,0,0,1,0.0,0.0,0.0%,LB,2013
241,242,Clint Gresham,0,0,0.0,0,0,0,0,0,1,0.0,0.0,0.0%,LB,2013
242,243,Jake McQuaide,0,0,0.0,0,0,0,0,0,1,0.0,0.0,0.0%,LB,2013
243,244,Justin Drescher,0,0,0.0,0,0,0,0,0,1,0.0,0.0,0.0%,LB,2013
244,245,Mike Windt,0,0,0.0,0,0,0,0,0,1,0.0,0.0,0.0%,LB,2013
245,246,Jon Condo,0,0,0.0,0,0,0,0,0,1,0.0,0.0,0.0%,LB,2013
246,247,Thomas Gafford,0,0,0.0,0,0,0,0,0,1,0.0,0.0,0.0%,LB,2013
247,248,L.P. LaDouceur,0,0,0.0,0,0,0,0,0,1,0.0,0.0,0.0%,LB,2013
248,249,Jon Dorenbos,0,0,0.0,0,0,0,0,0,1,0.0,0.0,0.0%,LB,2013
249,250,Danny Aiken,0,0,0.0,0,0,0,0,0,1,0.0,0.0,0.0%,LB,2013
250,251,Nick Sundberg,0,0,0.0,0,0,0,0,0,1,0.0,0.0,0.0%,LB,2013
251,252,JJ Jansen,0,0,0.0,0,0,0,0,0,1,0.0,0.0,0.0%,LB,2013
252,253,Don Muhlbach,0,0,0.0,0,0,0,0,0,1,0.0,0.0,0.0%,LB,2013
253,254,Brett Goode,0,0,0.0,0,0,0,0,0,1,0.0,0.0,0.0%,LB,2013
254,255,Kevin McDermott,0,0,0.0,0,0,0,0,0,1,0.0,0.0,0.0%,LB,2013
255,256,Josh Harris,0,0,0.0,0,0,0,0,0,1,0.0,0.0,0.0%,LB,2013
