,Rank,Player,Tackle,Assist,Sack,Pass Defended,Interception,Forced Fumble,Fumble Recovery,Defend Touchdown,Games Played,Fantasy Football Points,FTPS/Game,ROST,Position,Year
0,1,Daryl Washington,8,1,2.0,2,1,0,0,0,1,36.3,36.3,0.0%,LB,2013
1,2,Karlos Dansby,8,0,2.0,1,1,0,0,0,1,31.5,31.5,0.1%,LB,2013
2,3,Kevin Burnett,13,2,1.0,0,0,1,0,0,1,31.5,31.5,0.0%,LB,2013
3,4,DeAndre Levy,11,3,0.0,1,0,0,0,0,1,27.8,27.8,0.0%,LB,2013
4,5,Terrell Suggs,5,0,3.0,0,0,0,0,0,1,27.0,27.0,0.0%,LB,2013
5,6,Lance Briggs,11,3,0.0,0,0,0,0,0,1,26.3,26.3,0.0%,LB,2013
6,7,Brandon Spikes,7,5,0.0,1,1,0,0,0,1,25.8,25.8,0.0%,LB,2013
7,8,Michael Wilhoite,11,0,0.0,1,0,0,0,0,1,25.5,25.5,0.0%,LB,2013
8,9,Nick Perry,5,0,2.0,0,0,1,0,0,1,24.5,24.5,0.0%,LB,2013
9,10,Sean Lee,11,5,0.0,0,0,0,0,0,1,22.8,22.8,0.0%,LB,2013
10,11,Koa Misi,7,1,1.0,0,0,0,0,0,1,22.8,22.8,0.0%,LB,2013
11,12,Luke Kuechly,7,2,0.0,1,1,0,0,0,1,21.0,21.0,92.3%,LB,2013
12,13,Jerod Mayo,7,4,0.5,1,0,0,1,0,1,21.0,21.0,0.0%,LB,2013
13,14,Robert Mathis,3,3,2.0,1,0,1,0,0,1,20.3,20.3,0.0%,LB,2013
14,15,James Laurinaitis,6,2,0.0,1,1,0,0,0,1,19.5,19.5,0.0%,LB,2013
15,16,Lamarr Houston,6,1,1.0,0,0,0,0,0,1,18.8,18.8,0.0%,LB,2013
16,17,Navorro Bowman,11,2,0.0,0,0,0,0,0,1,18.0,18.0,0.1%,LB,2013
17,18,Vontaze Burfict,7,1,1.0,0,0,0,0,0,1,17.8,17.8,0.0%,LB,2013
18,19,Jerrell Freeman,7,6,0.0,0,0,0,0,0,1,17.5,17.5,0.1%,LB,2013
19,20,Shaun Phillips,3,0,2.0,0,0,0,0,0,1,17.5,17.5,0.0%,LB,2013
20,21,Philip Wheeler,10,0,0.0,0,0,0,0,0,1,17.5,17.5,1.0%,LB,2013
21,22,David Harris,9,5,0.0,0,0,0,0,0,1,17.3,17.3,4.0%,LB,2013
22,23,D.J. Williams,8,3,0.0,0,0,0,0,0,1,16.8,16.8,0.0%,LB,2013
23,24,Mychal Kendricks,3,1,0.0,1,1,0,1,0,1,15.8,15.8,0.0%,LB,2013
24,25,Nick Roach,4,9,0.0,0,0,0,0,0,1,15.3,15.3,0.0%,LB,2013
25,26,David Hawthorne,4,0,1.0,0,0,0,0,0,1,15.0,15.0,0.0%,LB,2013
26,27,Manny Lawson,4,3,0.0,0,0,1,0,0,1,14.8,14.8,0.0%,LB,2013
27,28,Kiko Alonso,4,8,0.0,0,0,0,0,0,1,14.5,14.5,0.0%,LB,2013
28,29,James Anderson,8,0,0.0,0,0,0,0,0,1,14.5,14.5,0.0%,LB,2013
29,30,Spencer Paysinger,8,1,0.0,1,0,0,0,0,1,14.3,14.3,0.0%,LB,2013
30,31,Mike Neal,4,2,1.0,0,0,0,0,0,1,14.0,14.0,0.0%,LB,2013
31,32,Brad Jones,3,0,1.0,0,0,0,0,0,1,13.5,13.5,0.0%,LB,2013
32,33,Elvis Dumervil,2,0,1.0,1,0,0,0,0,1,13.5,13.5,0.0%,LB,2013
33,34,A.J. Hawk,7,2,0.0,1,0,0,0,0,1,13.5,13.5,0.0%,LB,2013
34,35,Stephen Tulloch,7,4,0.0,0,0,0,0,0,1,13.5,13.5,0.0%,LB,2013
35,36,Danny Trevathan,4,1,0.0,1,1,0,0,0,1,13.3,13.3,0.0%,LB,2013
36,37,Craig Robertson,3,3,1.0,0,0,0,0,0,1,13.3,13.3,0.0%,LB,2013
37,38,Clay Matthews,4,1,1.0,0,0,0,0,0,1,13.3,13.3,0.0%,LB,2013
38,39,Daryl Smith,6,0,0.0,1,0,0,0,0,1,13.0,13.0,0.0%,LB,2013
39,40,Paul Posluszny,6,1,0.0,2,0,0,0,0,1,12.8,12.8,4.7%,LB,2013
40,41,Curtis Lofton,8,1,0.0,0,0,0,0,0,1,12.8,12.8,0.0%,LB,2013
41,42,Jarret Johnson,3,2,1.0,0,0,0,0,0,1,12.5,12.5,0.0%,LB,2013
42,43,Moise Fokou,5,2,0.0,0,0,0,0,0,1,11.5,11.5,0.0%,LB,2013
43,44,Joplo Bartu,2,2,1.0,0,0,0,0,0,1,11.0,11.0,0.0%,LB,2013
44,45,Alec Ogletree,4,1,0.0,1,0,0,0,0,1,10.8,10.8,2.0%,LB,2013
45,46,Brian Cushing,5,1,0.0,0,0,0,0,0,1,10.8,10.8,0.0%,LB,2013
46,47,D'Qwell Jackson,3,8,0.0,0,0,0,0,0,1,10.5,10.5,0.0%,LB,2013
47,48,Donald Butler,6,2,0.0,0,0,0,0,0,1,10.5,10.5,0.0%,LB,2013
48,49,Whitney Mercilus,2,1,1.0,0,0,0,0,0,1,10.3,10.3,0.2%,LB,2013
49,50,DeMarcus Ware,4,2,0.0,0,0,0,0,0,1,10.0,10.0,0.0%,LB,2013
50,51,Russell Allen,5,0,0.0,0,0,0,0,0,1,10.0,10.0,0.0%,LB,2013
51,52,Shea McClellin,4,2,0.0,0,0,0,0,0,1,10.0,10.0,0.0%,LB,2013
52,53,Demario Davis,5,3,0.0,0,0,0,0,0,1,9.8,9.8,22.3%,LB,2013
53,54,Tamba Hali,1,0,1.0,0,0,1,0,0,1,9.5,9.5,2.0%,LB,2013
54,55,Courtney Upshaw,2,0,1.0,0,0,0,0,0,1,9.5,9.5,0.0%,LB,2013
55,56,Erik Walden,3,1,0.0,0,0,0,1,0,1,9.3,9.3,0.0%,LB,2013
56,57,Derrick Johnson,4,1,0.0,0,0,0,0,0,1,9.3,9.3,0.0%,LB,2013
57,58,K.J. Wright,3,6,0.0,0,0,0,0,0,1,9.0,9.0,0.0%,LB,2013
58,59,Ernie Sims,2,2,0.0,0,0,1,0,0,1,8.5,8.5,0.0%,LB,2013
59,60,Bruce Carter,4,0,0.0,0,0,0,0,0,1,8.5,8.5,0.0%,LB,2013
60,61,Pernell McPhee,1,0,1.0,0,0,0,0,0,1,8.0,8.0,0.0%,LB,2013
61,62,Armonty Bryant,1,0,1.0,0,0,0,0,0,1,8.0,8.0,0.0%,LB,2013
62,63,Keith Rivers,4,2,0.0,0,0,0,0,0,1,7.5,7.5,0.0%,LB,2013
63,64,Dan Skuta,3,0,0.0,0,0,0,0,0,1,7.0,7.0,0.0%,LB,2013
64,65,Dannell Ellerbe,2,0,0.0,0,0,0,1,0,1,7.0,7.0,0.0%,LB,2013
65,66,Paul Worrilow,3,3,0.0,0,0,0,0,0,1,6.8,6.8,0.0%,LB,2013
66,67,Kavell Conner,4,1,0.0,0,0,0,0,0,1,6.8,6.8,0.0%,LB,2013
67,68,Rey Maualuga,4,0,0.0,0,0,0,0,0,1,6.0,6.0,0.0%,LB,2013
68,69,Stephen Nicholas,2,4,0.0,0,0,0,0,0,1,6.0,6.0,0.0%,LB,2013
69,70,Chandler Jones,1,3,0.5,0,0,0,0,0,1,5.8,5.8,0.5%,LB,2013
70,71,Robert Quinn,2,0,0.0,0,0,0,0,0,1,5.5,5.5,1.2%,LB,2013
71,72,Manti Te'o,2,3,0.0,0,0,0,0,0,1,5.3,5.3,0.1%,LB,2013
72,73,Thomas Davis,3,1,0.0,0,0,0,0,0,1,5.3,5.3,0.0%,LB,2013
73,74,Barkevious Mingo,2,1,0.0,1,0,0,0,0,1,5.3,5.3,6.0%,LB,2013
74,75,Ahmad Brooks,3,0,0.0,0,0,0,0,0,1,4.5,4.5,0.0%,LB,2013
75,76,Arthur Moats,1,4,0.0,0,0,0,0,0,1,4.5,4.5,0.0%,LB,2013
76,77,John Abraham,2,0,0.0,1,0,0,0,0,1,4.5,4.5,0.0%,LB,2013
77,78,Ramon Humber,3,0,0.0,0,0,0,0,0,1,4.5,4.5,0.0%,LB,2013
78,79,Larry English,1,1,0.5,0,0,0,0,0,1,4.3,4.3,0.0%,LB,2013
79,80,Garrett McIntyre,1,0,0.0,0,0,0,0,0,1,4.0,4.0,0.0%,LB,2013
80,81,Geno Hayes,2,1,0.0,0,0,0,0,0,1,3.8,3.8,0.0%,LB,2013
81,82,Paul Kruger,1,1,0.0,1,0,0,0,0,1,3.8,3.8,0.0%,LB,2013
82,83,Akeem Ayers,2,1,0.0,0,0,0,0,0,1,3.8,3.8,0.0%,LB,2013
83,84,Joe Mays,2,1,0.0,0,0,0,0,0,1,3.8,3.8,0.0%,LB,2013
84,85,DeMeco Ryans,1,2,0.0,0,0,0,0,0,1,3.0,3.0,0.0%,LB,2013
85,86,Darryl Sharpton,2,0,0.0,0,0,0,0,0,1,3.0,3.0,0.0%,LB,2013
86,87,Wesley Woodyard,2,0,0.0,0,0,0,0,0,1,3.0,3.0,0.0%,LB,2013
87,88,Akeem Jordan,1,2,0.0,0,0,0,0,0,1,3.0,3.0,0.0%,LB,2013
88,89,Trent Cole,1,2,0.0,0,0,0,0,0,1,3.0,3.0,0.0%,LB,2013
89,90,Omar Gaither,0,4,0.0,0,0,0,0,0,1,3.0,3.0,0.0%,LB,2013
90,91,Jason Trusnik,2,0,0.0,0,0,0,0,0,1,3.0,3.0,0.0%,LB,2013
91,92,Jamaal Westerman,0,1,0.5,0,0,0,0,0,1,2.8,2.8,0.0%,LB,2013
92,93,Dont'a Hightower,1,1,0.0,0,0,0,0,0,1,2.3,2.3,1.0%,LB,2013
93,94,Willie Young,1,1,0.0,0,0,0,0,0,1,2.3,2.3,0.0%,LB,2013
94,95,Bobby Wagner,1,1,0.0,0,0,0,0,0,1,2.3,2.3,72.4%,LB,2013
95,96,Josh Bynes,0,1,0.0,1,0,0,0,0,1,2.3,2.3,0.0%,LB,2013
96,97,Zach Brown,1,1,0.0,0,0,0,0,0,1,2.3,2.3,0.0%,LB,2013
97,98,Chase Blackburn,1,1,0.0,0,0,0,0,0,1,2.3,2.3,0.0%,LB,2013
98,99,Marcus Dowtin,1,1,0.0,0,0,0,0,0,1,2.3,2.3,0.0%,LB,2013
99,100,Jamari Lattimore,1,0,0.0,0,0,0,0,0,1,1.5,1.5,0.0%,LB,2013
100,101,Cam Johnson,1,0,0.0,0,0,0,0,0,1,1.5,1.5,0.0%,LB,2013
101,102,Jelani Jenkins,1,0,0.0,0,0,0,0,0,1,1.5,1.5,0.0%,LB,2013
102,103,Colin McCarthy,1,0,0.0,0,0,0,0,0,1,1.5,1.5,0.0%,LB,2013
103,104,Jo-Lonn Dunbar,1,0,0.0,0,0,0,0,0,1,1.5,1.5,0.0%,LB,2013
104,105,Nate Irving,1,0,0.0,0,0,0,0,0,1,1.5,1.5,0.0%,LB,2013
105,106,Parys Haralson,1,0,0.0,0,0,0,0,0,1,1.5,1.5,0.0%,LB,2013
106,107,Thomas Keiser,1,0,0.0,0,0,0,0,0,1,1.5,1.5,0.0%,LB,2013
107,108,Vincent Rey,1,0,0.0,0,0,0,0,0,1,1.5,1.5,0.0%,LB,2013
108,109,Willie Jefferson,1,0,0.0,0,0,0,0,0,1,1.5,1.5,0.0%,LB,2013
109,110,Martez Wilson,1,0,0.0,0,0,0,0,0,1,1.5,1.5,0.0%,LB,2013
110,111,Jonathan Freeny,1,0,0.0,0,0,0,0,0,1,1.5,1.5,0.0%,LB,2013
111,112,Andy Mulumba,0,2,0.0,0,0,0,0,0,1,1.5,1.5,0.0%,LB,2013
112,113,Reggie Walker,1,0,0.0,0,0,0,0,0,1,1.5,1.5,0.0%,LB,2013
113,114,Arthur Brown,1,0,0.0,0,0,0,0,0,1,1.5,1.5,0.0%,LB,2013
114,115,David Bass,1,0,0.0,0,0,0,0,0,1,1.5,1.5,0.0%,LB,2013
115,116,Jason Babin,1,0,0.0,0,0,0,0,0,1,1.5,1.5,0.0%,LB,2013
116,117,Junior Galette,1,0,0.0,0,0,0,0,0,1,1.5,1.5,0.0%,LB,2013
117,118,Kyle Wilber,0,1,0.0,0,0,0,0,0,1,0.8,0.8,0.0%,LB,2013
118,119,Derrick Morgan,0,1,0.0,0,0,0,0,0,1,0.8,0.8,0.0%,LB,2013
119,120,James Harrison,0,1,0.0,0,0,0,0,0,1,0.8,0.8,0.0%,LB,2013
120,121,Calvin Pace,0,1,0.0,0,0,0,0,0,1,0.8,0.8,0.0%,LB,2013
121,122,Pat Angerer,0,1,0.0,0,0,0,0,0,1,0.8,0.8,0.0%,LB,2013
122,123,Kenny Demens,0,0,0.0,0,0,0,0,0,1,0.0,0.0,0.0%,LB,2013
123,124,John Simon,0,0,0.0,0,0,0,0,0,1,0.0,0.0,0.0%,LB,2013
124,125,Jon Bostic,0,0,0.0,0,0,0,0,0,1,0.0,0.0,0.0%,LB,2013
125,126,Kevin Reddick,0,0,0.0,0,0,0,0,0,1,0.0,0.0,0.0%,LB,2013
126,127,Zaviar Gooden,0,0,0.0,0,0,0,0,0,1,0.0,0.0,0.0%,LB,2013
127,128,Corey Lemonier,0,0,0.0,0,0,0,0,0,1,0.0,0.0,2.0%,LB,2013
128,129,Kevin Minter,0,0,0.0,0,0,0,0,0,1,0.0,0.0,0.0%,LB,2013
129,130,Steven Johnson,0,0,0.0,0,0,0,0,0,1,0.0,0.0,0.0%,LB,2013
130,131,Mario Harvey,0,0,0.0,0,0,0,0,0,1,0.0,0.0,0.0%,LB,2013
131,132,Adrian Robinson,0,0,0.0,0,0,0,0,0,1,0.0,0.0,0.0%,LB,2013
132,133,Michael Morgan,0,0,0.0,0,0,0,0,0,1,0.0,0.0,0.0%,LB,2013
133,134,Kaelin Burnett,0,0,0.0,0,0,0,0,0,1,0.0,0.0,0.0%,LB,2013
134,135,Jamie Collins,0,0,0.0,0,0,0,0,0,1,0.0,0.0,0.0%,LB,2013
135,136,Ray-Ray Armstrong,0,0,0.0,0,0,0,0,0,1,0.0,0.0,0.0%,LB,2013
136,137,LaRoy Reynolds,0,0,0.0,0,0,0,0,0,1,0.0,0.0,0.0%,LB,2013
137,138,Jayson DiManche,0,0,0.0,0,0,0,0,0,1,0.0,0.0,0.0%,LB,2013
138,139,Brandon Magee,0,0,0.0,0,0,0,0,0,1,0.0,0.0,0.0%,LB,2013
139,140,Eric Martin,0,0,0.0,0,0,0,0,0,1,0.0,0.0,0.0%,LB,2013
140,141,Jake Knott,0,0,0.0,0,0,0,0,0,1,0.0,0.0,0.0%,LB,2013
141,142,John Lotulelei,0,0,0.0,0,0,0,0,0,1,0.0,0.0,0.0%,LB,2013
142,143,Justin Tuggle,0,0,0.0,0,0,0,0,0,1,0.0,0.0,0.0%,LB,2013
143,144,Paul Hazel,0,0,0.0,0,0,0,0,0,1,0.0,0.0,0.0%,LB,2013
144,145,Daren Bates,0,0,0.0,0,0,0,0,0,1,0.0,0.0,0.0%,LB,2013
145,146,Gerald Rivers,0,0,0.0,0,0,0,0,0,1,0.0,0.0,0.0%,LB,2013
146,147,Sio Moore,0,0,0.0,0,0,0,0,0,1,0.0,0.0,0.0%,LB,2013
147,148,Khaseem Greene,0,0,0.0,0,0,0,0,0,1,0.0,0.0,0.0%,LB,2013
148,149,A.J. Klein,0,0,0.0,0,0,0,0,0,1,0.0,0.0,0.0%,LB,2013
149,150,DeVonte Holloman,0,0,0.0,0,0,0,0,0,1,0.0,0.0,0.0%,LB,2013
150,151,Mike Catapano,0,0,0.0,0,0,0,0,0,1,0.0,0.0,0.0%,LB,2013
151,152,Sam Barrington,0,0,0.0,0,0,0,0,0,1,0.0,0.0,0.0%,LB,2013
152,153,Ja'Gared Davis,0,0,0.0,0,0,0,0,0,1,0.0,0.0,0.0%,LB,2013
153,154,Michael Boley,0,0,0.0,0,0,0,0,0,1,0.0,0.0,0.0%,LB,2013
154,155,Kamerion Wimbley,0,0,0.0,0,0,0,0,0,1,0.0,0.0,0.0%,LB,2013
155,156,Heath Farwell,0,0,0.0,0,0,0,0,0,1,0.0,0.0,0.0%,LB,2013
156,157,Jon Beason,0,0,0.0,0,0,0,0,0,1,0.0,0.0,0.0%,LB,2013
157,158,Zak DeOssie,0,0,0.0,0,0,0,0,0,1,0.0,0.0,0.0%,LB,2013
158,159,Antwan Barnes,0,0,0.0,0,0,0,0,0,1,0.0,0.0,0.0%,LB,2013
159,160,Jay Richardson,0,0,0.0,0,0,0,0,0,1,0.0,0.0,0.0%,LB,2013
160,161,Will Herring,0,0,0.0,0,0,0,0,0,1,0.0,0.0,0.0%,LB,2013
161,162,Rocky McIntosh,0,0,0.0,0,0,0,0,0,1,0.0,0.0,0.0%,LB,2013
162,163,Rob Ninkovich,1,2,0.5,0,0,0,0,0,1,0.0,0.0,0.0%,LB,2013
163,164,Allen Bradford,0,0,0.0,0,0,0,0,0,1,0.0,0.0,0.0%,LB,2013
164,165,J.T. Thomas,0,0,0.0,0,0,0,0,0,1,0.0,0.0,0.0%,LB,2013
165,166,Jacquian Williams,0,0,0.0,0,0,0,0,0,1,0.0,0.0,0.0%,LB,2013
166,167,Andrew Gachkar,0,0,0.0,0,0,0,0,0,1,0.0,0.0,0.0%,LB,2013
167,168,Malcolm Smith,0,0,0.0,0,0,0,0,0,1,0.0,0.0,0.0%,LB,2013
168,169,Chris White,0,0,0.0,0,0,0,0,0,1,0.0,0.0,0.0%,LB,2013
169,170,Mark Herzlich,0,0,0.0,0,0,0,0,0,1,0.0,0.0,1.0%,LB,2013
170,171,Dontay Moch,0,0,0.0,0,0,0,0,0,1,0.0,0.0,0.0%,LB,2013
171,172,Justin Houston,4,0,1.0,0,0,0,0,0,1,0.0,0.0,0.0%,LB,2013
172,173,Brooks Reed,3,2,0.0,0,0,0,0,0,1,0.0,0.0,0.0%,LB,2013
173,174,Kelvin Sheppard,0,0,0.0,0,0,0,0,0,1,0.0,0.0,1.0%,LB,2013
174,175,Casey Matthews,0,0,0.0,0,0,0,0,0,1,0.0,0.0,0.0%,LB,2013
175,176,Will Witherspoon,0,0,0.0,0,0,0,0,0,1,0.0,0.0,0.0%,LB,2013
176,177,Albert McClellan,0,0,0.0,0,0,0,0,0,1,0.0,0.0,0.0%,LB,2013
177,178,Bryan Braman,0,0,0.0,0,0,0,0,0,1,0.0,0.0,0.0%,LB,2013
178,179,Kyle Bosworth,0,0,0.0,0,0,0,0,0,1,0.0,0.0,0.0%,LB,2013
179,180,Blake Costanzo,0,0,0.0,0,0,0,0,0,1,0.0,0.0,0.0%,LB,2013
180,181,Nick Bellore,0,0,0.0,0,0,0,0,0,1,0.0,0.0,7.0%,LB,2013
181,182,Jamar Chaney,0,0,0.0,0,0,0,0,0,1,0.0,0.0,0.0%,LB,2013
182,183,Austin Spitler,0,0,0.0,0,0,0,0,0,1,0.0,0.0,0.0%,LB,2013
183,184,Frank Zombo,0,0,0.0,0,0,0,0,0,1,0.0,0.0,3.0%,LB,2013
184,185,Dane Fletcher,0,0,0.0,0,0,0,0,0,1,0.0,0.0,0.0%,LB,2013
185,186,Patrick Bailey,0,0,0.0,0,0,0,0,0,1,0.0,0.0,0.0%,LB,2013
186,187,Tahir Whitehead,0,0,0.0,0,0,0,0,0,1,0.0,0.0,0.0%,LB,2013
187,188,Najee Goode,0,0,0.0,0,0,0,0,0,1,0.0,0.0,0.0%,LB,2013
188,189,Tank Carder,0,0,0.0,0,0,0,0,0,1,0.0,0.0,0.0%,LB,2013
189,190,James-Michael Johnson,0,0,0.0,0,0,0,0,0,1,0.0,0.0,0.0%,LB,2013
190,191,Nate Stupar,0,0,0.0,0,0,0,0,0,1,0.0,0.0,0.0%,LB,2013
191,192,Dezman Moses,0,0,0.0,0,0,0,0,0,1,0.0,0.0,0.0%,LB,2013
192,193,Nigel Bradham,0,0,0.0,0,0,0,0,0,1,0.0,0.0,0.0%,LB,2013
193,194,Rob Francois,0,0,0.0,0,0,0,0,0,1,0.0,0.0,0.0%,LB,2013
194,195,Andre Branch,3,0,1.0,0,0,0,0,0,1,0.0,0.0,0.0%,LB,2013
195,196,Bront Bird,0,0,0.0,0,0,0,0,0,1,0.0,0.0,0.0%,LB,2013
196,197,Quinton Coples,0,0,0.0,0,0,0,0,0,1,0.0,0.0,0.0%,LB,2013
197,198,Jonathan Massaquoi,0,0,0.0,0,0,0,0,0,1,0.0,0.0,0.0%,LB,2013
198,199,Bruce Irvin,3,1,1.0,0,0,0,0,0,1,0.0,0.0,0.2%,LB,2013
199,200,Travis Lewis,0,0,0.0,0,0,0,0,0,1,0.0,0.0,0.0%,LB,2013
200,201,O'Brien Schofield,0,0,0.0,0,0,0,0,0,1,0.0,0.0,0.0%,LB,2013
201,202,Jordan Senn,0,0,0.0,0,0,0,0,0,1,0.0,0.0,0.0%,LB,2013
202,203,Cameron Wake,0,0,0.0,0,0,0,0,0,1,0.0,0.0,0.0%,LB,2013
203,204,Chris Long,5,0,1.0,0,0,1,0,0,1,0.0,0.0,0.0%,LB,2013
204,205,Marcus Benard,0,0,0.0,0,0,0,0,0,1,0.0,0.0,0.0%,LB,2013
205,206,Jason Pierre-Paul,1,0,0.0,1,0,0,0,0,1,0.0,0.0,0.0%,LB,2013
206,207,Ashlee Palmer,0,0,0.0,0,0,0,0,0,1,0.0,0.0,0.0%,LB,2013
207,208,Connor Barwin,1,1,0.0,1,0,0,0,0,1,0.0,0.0,0.0%,LB,2013
208,209,Kaluka Maiava,0,0,0.0,0,0,0,0,0,1,0.0,0.0,0.0%,LB,2013
209,210,Skai Moore,0,0,0.0,0,0,0,0,0,1,0.0,0.0,0.0%,LB,2013
210,211,Patrick Mannelly,0,0,0.0,0,0,0,0,0,1,0.0,0.0,0.0%,LB,2013
211,212,Christian Yount,0,0,0.0,0,0,0,0,0,1,0.0,0.0,0.0%,LB,2013
212,213,Garrison Sanborn,0,0,0.0,0,0,0,0,0,1,0.0,0.0,0.0%,LB,2013
213,214,John Denney,0,0,0.0,0,0,0,0,0,1,0.0,0.0,0.0%,LB,2013
214,215,Tanner Purdum,0,0,0.0,0,0,0,0,0,1,0.0,0.0,0.0%,LB,2013
215,216,Jake McQuaide,0,0,0.0,0,0,0,0,0,1,0.0,0.0,0.0%,LB,2013
216,217,Kevin McDermott,0,0,0.0,0,0,0,0,0,1,0.0,0.0,0.0%,LB,2013
217,218,Josh Harris,0,0,0.0,0,0,0,0,0,1,0.0,0.0,0.0%,LB,2013
218,219,JJ Jansen,0,0,0.0,0,0,0,0,0,1,0.0,0.0,0.0%,LB,2013
219,220,Justin Drescher,0,0,0.0,0,0,0,0,0,1,0.0,0.0,0.0%,LB,2013
220,221,Don Muhlbach,0,0,0.0,0,0,0,0,0,1,0.0,0.0,0.0%,LB,2013
221,222,Clint Gresham,0,0,0.0,0,0,0,0,0,1,0.0,0.0,0.0%,LB,2013
222,223,Brett Goode,0,0,0.0,0,0,0,0,0,1,0.0,0.0,0.0%,LB,2013
223,224,Jon Weeks,0,0,0.0,0,0,0,0,0,1,0.0,0.0,0.0%,LB,2013
224,225,Morgan Cox,0,0,0.0,0,0,0,0,0,1,0.0,0.0,0.0%,LB,2013
225,226,Matt Overton,0,0,0.0,0,0,0,0,0,1,0.0,0.0,0.0%,LB,2013
226,227,Carson Tinker,0,0,0.0,0,0,0,0,0,1,0.0,0.0,0.0%,LB,2013
227,228,Aaron Brewer,0,0,0.0,0,0,0,0,0,1,0.0,0.0,0.0%,LB,2013
228,229,Mike Windt,0,0,0.0,0,0,0,0,0,1,0.0,0.0,0.0%,LB,2013
229,230,Jon Condo,0,0,0.0,0,0,0,0,0,1,0.0,0.0,0.0%,LB,2013
230,231,Thomas Gafford,0,0,0.0,0,0,0,0,0,1,0.0,0.0,0.0%,LB,2013
231,232,L.P. LaDouceur,0,0,0.0,0,0,0,0,0,1,0.0,0.0,0.0%,LB,2013
232,233,Jon Dorenbos,0,0,0.0,0,0,0,0,0,1,0.0,0.0,0.0%,LB,2013
233,234,Danny Aiken,0,0,0.0,0,0,0,0,0,1,0.0,0.0,0.0%,LB,2013
