,Rank,Player,Tackle,Assist,Sack,Pass Defended,Interception,Forced Fumble,Fumble Recovery,Defend Touchdown,Games Played,Fantasy Football Points,FTPS/Game,ROST,Position,Year
0,1,Robert Quinn,5,0,3.0,0,0,0,0,0,1,29.5,29.5,1.2%,LB,2013
1,2,Sean Lee,7,3,0.0,2,2,0,0,0,1,25.8,25.8,0.0%,LB,2013
2,3,Lavonte David,9,3,1.0,0,0,0,0,0,1,24.8,24.8,52.4%,LB,2013
3,4,Derrick Johnson,12,0,0.0,1,0,0,0,0,1,24.5,24.5,0.0%,LB,2013
4,5,Junior Galette,5,1,1.0,0,0,1,1,0,1,22.8,22.8,0.0%,LB,2013
5,6,David Hawthorne,8,0,1.0,0,0,1,0,0,1,22.5,22.5,0.0%,LB,2013
6,7,Dan Skuta,6,0,0.0,0,0,0,1,1,1,21.5,21.5,0.0%,LB,2013
7,8,Erin Henderson,7,7,0.0,0,0,0,0,0,1,20.8,20.8,0.0%,LB,2013
8,9,D'Qwell Jackson,7,2,1.5,0,0,0,0,0,1,20.5,20.5,0.0%,LB,2013
9,10,Dont'a Hightower,5,5,1.0,0,0,0,0,0,1,20.3,20.3,1.0%,LB,2013
10,11,Danny Trevathan,6,4,0.0,1,0,1,0,0,1,20.0,20.0,0.0%,LB,2013
11,12,Mychal Kendricks,11,1,0.0,0,0,0,0,0,1,19.8,19.8,0.0%,LB,2013
12,13,Craig Robertson,10,0,1.0,0,0,0,0,0,1,19.0,19.0,0.0%,LB,2013
13,14,Navorro Bowman,10,0,0.0,1,0,0,0,0,1,19.0,19.0,0.1%,LB,2013
14,15,Thomas Davis,7,0,0.0,2,0,0,0,0,1,18.5,18.5,0.0%,LB,2013
15,16,Daryl Washington,5,1,0.0,3,1,0,0,0,1,17.8,17.8,0.0%,LB,2013
16,17,Vontaze Burfict,7,4,0.0,1,0,0,0,0,1,17.5,17.5,0.0%,LB,2013
17,18,Von Miller,4,1,1.0,0,0,1,0,0,1,17.3,17.3,2.5%,LB,2013
18,19,Karlos Dansby,8,1,0.0,1,0,0,0,0,1,16.8,16.8,0.1%,LB,2013
19,20,Kiko Alonso,8,3,0.0,0,0,0,0,0,1,16.8,16.8,0.0%,LB,2013
20,21,Lamarr Houston,5,0,1.0,0,0,0,0,0,1,16.5,16.5,0.0%,LB,2013
21,22,Paul Posluszny,10,2,0.0,0,0,0,0,0,1,16.5,16.5,4.7%,LB,2013
22,23,Chad Greenway,6,1,1.0,0,0,0,0,0,1,16.3,16.3,0.0%,LB,2013
23,24,Perry Riley,10,1,0.0,0,0,0,0,0,1,15.8,15.8,0.0%,LB,2013
24,25,Patrick Willis,6,0,0.0,0,0,1,0,0,1,15.5,15.5,0.0%,LB,2013
25,26,Lawrence Timmons,6,2,0.0,0,0,1,0,0,1,14.5,14.5,0.1%,LB,2013
26,27,Sio Moore,3,2,1.5,0,0,0,0,0,1,14.5,14.5,0.0%,LB,2013
27,28,Stephen Tulloch,7,1,0.0,0,0,0,0,0,1,13.8,13.8,0.0%,LB,2013
28,29,James Harrison,2,4,1.0,0,0,0,0,0,1,12.5,12.5,0.0%,LB,2013
29,30,Brandon Spikes,4,5,0.0,0,0,0,0,0,1,12.3,12.3,0.0%,LB,2013
30,31,John Abraham,2,0,1.0,1,0,0,0,0,1,11.0,11.0,0.0%,LB,2013
31,32,Curtis Lofton,6,2,0.0,0,0,0,0,0,1,10.5,10.5,0.0%,LB,2013
32,33,Rob Jackson,2,1,1.0,0,0,0,0,0,1,10.3,10.3,0.0%,LB,2013
33,34,Najee Goode,0,0,0.0,0,0,0,1,1,1,10.0,10.0,0.0%,LB,2013
34,35,K.J. Wright,5,0,0.0,0,0,0,0,0,1,10.0,10.0,0.0%,LB,2013
35,36,Mark Barron,6,1,0.0,0,0,0,0,0,1,9.8,9.8,0.0%,LB,2013
36,37,DeMeco Ryans,5,1,0.0,1,0,0,0,0,1,9.8,9.8,0.0%,LB,2013
37,38,Dannell Ellerbe,2,9,0.0,0,0,0,0,0,1,9.8,9.8,0.0%,LB,2013
38,39,Luke Kuechly,5,3,0.0,0,0,0,0,0,1,9.8,9.8,92.3%,LB,2013
39,40,Jason Babin,2,0,0.0,0,0,1,0,0,1,9.5,9.5,0.0%,LB,2013
40,41,Vince Williams,3,0,0.0,0,0,0,0,0,1,9.5,9.5,0.1%,LB,2013
41,42,Paul Kruger,2,0,1.0,0,0,0,0,0,1,9.5,9.5,0.0%,LB,2013
42,43,Paul Worrilow,6,0,0.0,0,0,0,0,0,1,9.0,9.0,0.0%,LB,2013
43,44,Joplo Bartu,4,1,0.5,0,0,0,0,0,1,8.8,8.8,0.0%,LB,2013
44,45,Dane Fletcher,1,1,1.0,0,0,0,0,0,1,8.8,8.8,0.0%,LB,2013
45,46,Russell Allen,3,0,0.0,0,0,0,1,0,1,8.5,8.5,0.0%,LB,2013
46,47,DeAndre Levy,3,2,0.0,0,0,0,0,0,1,8.5,8.5,0.0%,LB,2013
47,48,London Fletcher,5,1,0.0,0,0,0,0,0,1,8.3,8.3,0.0%,LB,2013
48,49,Nick Roach,3,3,0.0,1,0,0,0,0,1,8.3,8.3,0.0%,LB,2013
49,50,Geno Hayes,5,1,0.0,0,0,0,0,0,1,8.3,8.3,0.0%,LB,2013
50,51,Bobby Wagner,5,1,0.0,0,0,0,0,0,1,8.3,8.3,72.4%,LB,2013
51,52,Barkevious Mingo,1,0,1.0,0,0,0,0,0,1,8.0,8.0,6.0%,LB,2013
52,53,Jamari Lattimore,2,1,1.0,0,0,0,0,0,1,7.8,7.8,0.0%,LB,2013
53,54,Jacquian Williams,1,1,0.0,1,0,0,1,0,1,7.8,7.8,0.0%,LB,2013
54,55,Chandler Jones,4,2,0.0,0,0,0,0,0,1,7.5,7.5,0.5%,LB,2013
55,56,Shaun Phillips,0,1,0.0,1,1,0,0,0,1,7.3,7.3,0.0%,LB,2013
56,57,Ahmad Brooks,3,0,0.0,0,0,0,0,0,1,7.0,7.0,0.0%,LB,2013
57,58,Akeem Dent,3,0,0.0,0,0,0,0,0,1,7.0,7.0,0.0%,LB,2013
58,59,Mason Foster,4,1,0.0,0,0,0,0,0,1,6.8,6.8,0.0%,LB,2013
59,60,Michael Boley,4,1,0.0,0,0,0,0,0,1,6.8,6.8,0.0%,LB,2013
60,61,Philip Wheeler,1,7,0.0,0,0,0,0,0,1,6.8,6.8,1.0%,LB,2013
61,62,Wesley Woodyard,4,1,0.0,0,0,0,0,0,1,6.8,6.8,0.0%,LB,2013
62,63,Ashlee Palmer,2,1,0.0,0,0,0,0,0,1,6.3,6.3,0.0%,LB,2013
63,64,Calvin Pace,4,0,0.0,0,0,0,0,0,1,6.0,6.0,0.0%,LB,2013
64,65,Willie Young,4,0,0.0,0,0,0,0,0,1,6.0,6.0,0.0%,LB,2013
65,66,Brian Orakpo,0,0,0.0,1,0,0,1,0,1,5.5,5.5,0.0%,LB,2013
66,67,Marvin Mitchell,2,3,0.0,0,0,0,0,0,1,5.3,5.3,0.0%,LB,2013
67,68,Ernie Sims,3,1,0.0,0,0,0,0,0,1,5.3,5.3,0.0%,LB,2013
68,69,A.J. Hawk,2,3,0.0,0,0,0,0,0,1,5.3,5.3,0.0%,LB,2013
69,70,Kevin Burnett,2,3,0.0,0,0,0,0,0,1,5.3,5.3,0.0%,LB,2013
70,71,Bruce Carter,2,1,0.0,1,0,0,0,0,1,5.3,5.3,0.0%,LB,2013
71,72,Jason Worilds,1,1,0.0,0,0,0,0,0,1,4.8,4.8,0.0%,LB,2013
72,73,Justin Durant,0,1,0.0,0,0,0,1,0,1,4.8,4.8,0.0%,LB,2013
73,74,Arthur Moats,2,2,0.0,0,0,0,0,0,1,4.5,4.5,0.0%,LB,2013
74,75,Jon Beason,2,2,0.0,0,0,0,0,0,1,4.5,4.5,0.0%,LB,2013
75,76,Frank Zombo,0,0,0.0,0,0,0,1,0,1,4.0,4.0,3.0%,LB,2013
76,77,Kyle Wilber,2,1,0.0,0,0,0,0,0,1,3.8,3.8,0.0%,LB,2013
77,78,James Laurinaitis,2,1,0.0,0,0,0,0,0,1,3.8,3.8,0.0%,LB,2013
78,79,Alec Ogletree,2,0,0.0,0,0,0,0,0,1,3.0,3.0,2.0%,LB,2013
79,80,Mike Neal,2,0,0.0,0,0,0,0,0,1,3.0,3.0,0.0%,LB,2013
80,81,Tamba Hali,2,0,0.0,0,0,0,0,0,1,3.0,3.0,2.0%,LB,2013
81,82,Koa Misi,1,2,0.0,0,0,0,0,0,1,3.0,3.0,0.0%,LB,2013
82,83,Demario Davis,1,2,0.0,0,0,0,0,0,1,3.0,3.0,22.3%,LB,2013
83,84,Parys Haralson,0,1,0.0,1,0,0,0,0,1,2.3,2.3,0.0%,LB,2013
84,85,Rey Maualuga,1,1,0.0,0,0,0,0,0,1,2.3,2.3,0.0%,LB,2013
85,86,Dekoda Watson,1,1,0.0,0,0,0,0,0,1,2.3,2.3,0.0%,LB,2013
86,87,Cameron Wake,1,1,0.0,0,0,0,0,0,1,2.3,2.3,0.0%,LB,2013
87,88,Jayson DiManche,1,1,0.0,0,0,0,0,0,1,2.3,2.3,0.0%,LB,2013
88,89,Jonathan Casillas,1,1,0.0,0,0,0,0,0,1,2.3,2.3,0.0%,LB,2013
89,90,Chase Blackburn,1,0,0.0,0,0,0,0,0,1,1.5,1.5,0.0%,LB,2013
90,91,Akeem Jordan,1,0,0.0,0,0,0,0,0,1,1.5,1.5,0.0%,LB,2013
91,92,Heath Farwell,1,0,0.0,0,0,0,0,0,1,1.5,1.5,0.0%,LB,2013
92,93,Andy Mulumba,1,0,0.0,0,0,0,0,0,1,1.5,1.5,0.0%,LB,2013
93,94,Jamaal Westerman,1,0,0.0,0,0,0,0,0,1,1.5,1.5,0.0%,LB,2013
94,95,Jo-Lonn Dunbar,1,0,0.0,0,0,0,0,0,1,1.5,1.5,0.0%,LB,2013
95,96,Rocky McIntosh,1,0,0.0,0,0,0,0,0,1,1.5,1.5,0.0%,LB,2013
96,97,Jamie Collins,0,2,0.0,0,0,0,0,0,1,1.5,1.5,0.0%,LB,2013
97,98,Garrett McIntyre,1,0,0.0,0,0,0,0,0,1,1.5,1.5,0.0%,LB,2013
98,99,Nick Barnett,1,0,0.0,0,0,0,0,0,1,1.5,1.5,0.0%,LB,2013
99,100,Malcolm Smith,1,0,0.0,0,0,0,0,0,1,1.5,1.5,0.0%,LB,2013
100,101,Vincent Rey,1,0,0.0,0,0,0,0,0,1,1.5,1.5,0.0%,LB,2013
101,102,Jarvis Jones,0,1,0.0,0,0,0,0,0,1,0.8,0.8,0.0%,LB,2013
102,103,Trent Cole,0,1,0.0,0,0,0,0,0,1,0.8,0.8,0.0%,LB,2013
103,104,Nigel Bradham,0,1,0.0,0,0,0,0,0,1,0.8,0.8,0.0%,LB,2013
104,105,Nate Irving,0,1,0.0,0,0,0,0,0,1,0.8,0.8,0.0%,LB,2013
105,106,David Harris,0,1,0.0,0,0,0,0,0,1,0.8,0.8,4.0%,LB,2013
106,107,Kaluka Maiava,0,1,0.0,0,0,0,0,0,1,0.8,0.8,0.0%,LB,2013
107,108,Troy Davis,0,0,0.0,0,0,0,0,0,1,0.0,0.0,0.0%,LB,2013
108,109,Daren Bates,0,0,0.0,0,0,0,0,0,1,0.0,0.0,0.0%,LB,2013
109,110,Paul Hazel,0,0,0.0,0,0,0,0,0,1,0.0,0.0,0.0%,LB,2013
110,111,Jonathan Freeny,0,0,0.0,0,0,0,0,0,1,0.0,0.0,0.0%,LB,2013
111,112,Terence Garvin,0,0,0.0,0,0,0,0,0,1,0.0,0.0,0.0%,LB,2013
112,113,Cameron Lawrence,0,0,0.0,0,0,0,0,0,1,0.0,0.0,0.0%,LB,2013
113,114,Darius Eubanks,0,0,0.0,0,0,0,0,0,1,0.0,0.0,0.0%,LB,2013
114,115,Michael Wilhoite,0,0,0.0,0,0,0,0,0,1,0.0,0.0,0.0%,LB,2013
115,116,John Lotulelei,0,0,0.0,0,0,0,0,0,1,0.0,0.0,0.0%,LB,2013
116,117,Michael Morgan,0,0,0.0,0,0,0,0,0,1,0.0,0.0,0.0%,LB,2013
117,118,Kaelin Burnett,0,0,0.0,0,0,0,0,0,1,0.0,0.0,0.0%,LB,2013
118,119,Corey Lemonier,0,0,0.0,0,0,0,0,0,1,0.0,0.0,2.0%,LB,2013
119,120,Stansly Maponga,0,0,0.0,0,0,0,0,0,1,0.0,0.0,1.0%,LB,2013
120,121,Nate Stupar,0,0,0.0,0,0,0,0,0,1,0.0,0.0,0.0%,LB,2013
121,122,Andre Smith,0,0,0.0,0,0,0,0,0,1,0.0,0.0,0.0%,LB,2013
122,123,Steven Johnson,0,0,0.0,0,0,0,0,0,1,0.0,0.0,0.0%,LB,2013
123,124,Nico Johnson,0,0,0.0,0,0,0,0,0,1,0.0,0.0,0.0%,LB,2013
124,125,Ray-Ray Armstrong,0,0,0.0,0,0,0,0,0,1,0.0,0.0,0.0%,LB,2013
125,126,Armonty Bryant,0,0,0.0,0,0,0,0,0,1,0.0,0.0,0.0%,LB,2013
126,127,Sam Barrington,0,0,0.0,0,0,0,0,0,1,0.0,0.0,0.0%,LB,2013
127,128,Kemal Ishmael,0,0,0.0,0,0,0,0,0,1,0.0,0.0,0.0%,LB,2013
128,129,Nate Palmer,0,0,0.0,0,0,0,0,0,1,0.0,0.0,0.0%,LB,2013
129,130,LaRoy Reynolds,0,0,0.0,0,0,0,0,0,1,0.0,0.0,0.0%,LB,2013
130,131,Eric Martin,0,0,0.0,0,0,0,0,0,1,0.0,0.0,0.0%,LB,2013
131,132,Mike Catapano,0,0,0.0,0,0,0,0,0,1,0.0,0.0,0.0%,LB,2013
132,133,Kevin Reddick,0,0,0.0,0,0,0,0,0,1,0.0,0.0,0.0%,LB,2013
133,134,Michael Mauti,0,0,0.0,0,0,0,0,0,1,0.0,0.0,0.0%,LB,2013
134,135,Gerald Hodges,0,0,0.0,0,0,0,0,0,1,0.0,0.0,0.0%,LB,2013
135,136,Jelani Jenkins,0,0,0.0,0,0,0,0,0,1,0.0,0.0,0.0%,LB,2013
136,137,Kevin Minter,0,0,0.0,0,0,0,0,0,1,0.0,0.0,0.0%,LB,2013
137,138,Steven Means,1,0,0.0,0,0,0,0,0,1,0.0,0.0,0.0%,LB,2013
138,139,A.J. Klein,0,0,0.0,0,0,0,0,0,1,0.0,0.0,0.0%,LB,2013
139,140,Emmanuel Acho,0,0,0.0,0,0,0,0,0,1,0.0,0.0,0.0%,LB,2013
140,141,Jared Allen,0,0,0.0,0,0,0,0,0,1,0.0,0.0,0.0%,LB,2013
141,142,LaMarr Woodley,0,0,0.0,0,0,0,0,0,1,0.0,0.0,0.0%,LB,2013
142,143,Zak DeOssie,0,0,0.0,0,0,0,0,0,1,0.0,0.0,0.0%,LB,2013
143,144,Will Herring,0,0,0.0,0,0,0,0,0,1,0.0,0.0,0.0%,LB,2013
144,145,Adam Hayward,0,0,0.0,0,0,0,0,0,1,0.0,0.0,0.0%,LB,2013
145,146,Rob Ninkovich,2,3,1.0,1,0,0,1,0,1,0.0,0.0,0.0%,LB,2013
146,147,Omar Gaither,0,0,0.0,0,0,0,0,0,1,0.0,0.0,0.0%,LB,2013
147,148,J.T. Thomas,0,0,0.0,0,0,0,0,0,1,0.0,0.0,0.0%,LB,2013
148,149,Allen Bradford,0,0,0.0,0,0,0,0,0,1,0.0,0.0,0.0%,LB,2013
149,150,Chris White,0,0,0.0,0,0,0,0,0,1,0.0,0.0,0.0%,LB,2013
150,151,Justin Houston,1,0,1.0,0,0,0,0,0,1,0.0,0.0,0.0%,LB,2013
151,152,Dontay Moch,0,0,0.0,0,0,0,0,0,1,0.0,0.0,0.0%,LB,2013
152,153,Casey Matthews,0,0,0.0,0,0,0,0,0,1,0.0,0.0,0.0%,LB,2013
153,154,Mark Herzlich,0,0,0.0,0,0,0,0,0,1,0.0,0.0,1.0%,LB,2013
154,155,Will Witherspoon,0,0,0.0,0,0,0,0,0,1,0.0,0.0,0.0%,LB,2013
155,156,Paris Lenon,0,0,0.0,0,0,0,0,0,1,0.0,0.0,0.0%,LB,2013
156,157,Nick Bellore,0,0,0.0,0,0,0,0,0,1,0.0,0.0,7.0%,LB,2013
157,158,Spencer Paysinger,0,0,0.0,0,0,0,0,0,1,0.0,0.0,0.0%,LB,2013
158,159,Kyle Bosworth,0,0,0.0,0,0,0,0,0,1,0.0,0.0,0.0%,LB,2013
159,160,Larry Dean,0,0,0.0,0,0,0,0,0,1,0.0,0.0,0.0%,LB,2013
160,161,O'Brien Schofield,0,0,0.0,0,0,0,0,0,1,0.0,0.0,0.0%,LB,2013
161,162,Stevenson Sylvester,0,0,0.0,0,0,0,0,0,1,0.0,0.0,0.0%,LB,2013
162,163,Austin Spitler,0,0,0.0,0,0,0,0,0,1,0.0,0.0,0.0%,LB,2013
163,164,Bruce Irvin,8,1,1.0,1,1,1,0,0,1,0.0,0.0,0.2%,LB,2013
164,165,Travis Lewis,0,0,0.0,0,0,0,0,0,1,0.0,0.0,0.0%,LB,2013
165,166,Audie Cole,0,0,0.0,0,0,0,0,0,1,0.0,0.0,0.0%,LB,2013
166,167,James-Michael Johnson,0,0,0.0,0,0,0,0,0,1,0.0,0.0,0.0%,LB,2013
167,168,Tahir Whitehead,0,0,0.0,0,0,0,0,0,1,0.0,0.0,0.0%,LB,2013
168,169,Tank Carder,0,0,0.0,0,0,0,0,0,1,0.0,0.0,0.0%,LB,2013
169,170,Jonathan Massaquoi,1,1,0.0,0,0,0,0,0,1,0.0,0.0,0.0%,LB,2013
170,171,Josh Hull,0,0,0.0,0,0,0,0,0,1,0.0,0.0,0.0%,LB,2013
171,172,Quinton Coples,2,3,0.0,0,0,0,0,0,1,0.0,0.0,0.0%,LB,2013
172,173,Andre Branch,1,1,0.0,0,0,0,0,0,1,0.0,0.0,0.0%,LB,2013
173,174,Keyunta Dawson,0,0,0.0,0,0,0,0,0,1,0.0,0.0,0.0%,LB,2013
174,175,Jordan Senn,0,0,0.0,0,0,0,0,0,1,0.0,0.0,0.0%,LB,2013
175,176,Jason Trusnik,0,0,0.0,0,0,0,0,0,1,0.0,0.0,0.0%,LB,2013
176,177,Keith Rivers,0,0,0.0,0,0,0,0,0,1,0.0,0.0,0.0%,LB,2013
177,178,Chris Long,4,0,3.0,0,0,0,0,0,1,0.0,0.0,0.0%,LB,2013
178,179,Ramon Humber,0,0,0.0,0,0,0,0,0,1,0.0,0.0,0.0%,LB,2013
179,180,Marcus Benard,3,0,1.0,0,0,0,0,0,1,0.0,0.0,0.0%,LB,2013
180,181,Jason Pierre-Paul,2,0,0.0,1,0,0,0,0,1,0.0,0.0,0.0%,LB,2013
181,182,Connor Barwin,0,1,0.0,2,0,0,0,0,1,0.0,0.0,0.0%,LB,2013
182,183,Jason Williams,0,0,0.0,0,0,0,0,0,1,0.0,0.0,0.0%,LB,2013
183,184,Jasper Brinkley,0,0,0.0,0,0,0,0,0,1,0.0,0.0,0.0%,LB,2013
184,185,Skai Moore,0,0,0.0,0,0,0,0,0,1,0.0,0.0,0.0%,LB,2013
185,186,Andrew Economos,0,0,0.0,0,0,0,0,0,1,0.0,0.0,0.0%,LB,2013
186,187,Jon Condo,0,0,0.0,0,0,0,0,0,1,0.0,0.0,0.0%,LB,2013
187,188,Thomas Gafford,0,0,0.0,0,0,0,0,0,1,0.0,0.0,0.0%,LB,2013
188,189,L.P. LaDouceur,0,0,0.0,0,0,0,0,0,1,0.0,0.0,0.0%,LB,2013
189,190,Jon Dorenbos,0,0,0.0,0,0,0,0,0,1,0.0,0.0,0.0%,LB,2013
190,191,Danny Aiken,0,0,0.0,0,0,0,0,0,1,0.0,0.0,0.0%,LB,2013
191,192,Aaron Brewer,0,0,0.0,0,0,0,0,0,1,0.0,0.0,0.0%,LB,2013
192,193,Don Muhlbach,0,0,0.0,0,0,0,0,0,1,0.0,0.0,0.0%,LB,2013
193,194,Brett Goode,0,0,0.0,0,0,0,0,0,1,0.0,0.0,0.0%,LB,2013
194,195,Kevin McDermott,0,0,0.0,0,0,0,0,0,1,0.0,0.0,0.0%,LB,2013
195,196,Josh Harris,0,0,0.0,0,0,0,0,0,1,0.0,0.0,0.0%,LB,2013
196,197,JJ Jansen,0,0,0.0,0,0,0,0,0,1,0.0,0.0,0.0%,LB,2013
197,198,Jake McQuaide,0,0,0.0,0,0,0,0,0,1,0.0,0.0,0.0%,LB,2013
198,199,Christian Yount,0,0,0.0,0,0,0,0,0,1,0.0,0.0,0.0%,LB,2013
199,200,Cullen Loeffler,0,0,0.0,0,0,0,0,0,1,0.0,0.0,0.0%,LB,2013
200,201,Garrison Sanborn,0,0,0.0,0,0,0,0,0,1,0.0,0.0,0.0%,LB,2013
201,202,Carson Tinker,0,0,0.0,0,0,0,0,0,1,0.0,0.0,0.0%,LB,2013
202,203,John Denney,0,0,0.0,0,0,0,0,0,1,0.0,0.0,0.0%,LB,2013
203,204,Tanner Purdum,0,0,0.0,0,0,0,0,0,1,0.0,0.0,0.0%,LB,2013
204,205,Greg Warren,0,0,0.0,0,0,0,0,0,1,0.0,0.0,0.0%,LB,2013
205,206,Justin Drescher,0,0,0.0,0,0,0,0,0,1,0.0,0.0,0.0%,LB,2013
206,207,Clint Gresham,0,0,0.0,0,0,0,0,0,1,0.0,0.0,0.0%,LB,2013
