,Rank,Player,Pass Completions,Pass Attempts,Pass Completion/Attempts,Passing Yards,Passsing Yards/Attempt,Passing Touchdowns,Interception,Sacks,Rushing Attempts,Rushing Yards,Rushing Touchdown,Fumbles,Games Played,Fantasy Football Points,FTPS/Game,ROST,Position,Year
0,1,Tony Romo,25,36,69.4,506,14.1,5,1,4,1,7,0,0,1,40.9,40.9,0.1%,QB,2013
1,2,Peyton Manning,33,42,78.6,414,9.9,4,1,0,4,-8,1,0,1,35.8,35.8,0.0%,QB,2013
2,3,Jay Cutler,24,33,72.7,358,10.8,2,0,3,4,27,0,1,1,23.0,23.0,0.2%,QB,2013
3,4,Russell Wilson,15,31,48.4,210,6.8,2,1,2,13,102,0,1,1,22.6,22.6,30.7%,QB,2013
4,5,Geno Smith,16,20,80.0,199,10.0,3,0,4,3,21,0,0,1,22.1,22.1,38.2%,QB,2013
5,6,Sam Bradford,19,34,55.9,222,6.5,3,0,2,5,4,0,0,1,21.3,21.3,0.0%,QB,2013
6,7,Ryan Fitzpatrick,21,41,51.2,247,6.0,1,2,3,6,50,1,0,1,20.9,20.9,0.0%,QB,2013
7,8,Drew Brees,29,35,82.9,288,8.2,2,0,1,1,-2,0,0,1,19.3,19.3,35.7%,QB,2013
8,9,Matt Ryan,36,45,80.0,319,7.1,2,0,2,0,0,0,1,1,18.8,18.8,0.1%,QB,2013
9,10,Philip Rivers,35,48,72.9,411,8.6,2,3,2,0,0,0,0,1,18.4,18.4,20.6%,QB,2013
10,11,Andrew Luck,16,29,55.2,229,7.9,2,0,2,4,9,0,1,1,18.1,18.1,2.2%,QB,2013
11,12,Ryan Tannehill,21,40,52.5,307,7.7,1,0,6,2,6,0,0,1,16.9,16.9,1.1%,QB,2013
12,13,Nick Foles,16,25,64.0,197,7.9,2,0,1,3,1,0,0,1,16.0,16.0,0.0%,QB,2013
13,14,Aaron Rodgers,20,30,66.7,274,9.1,1,0,1,5,8,0,0,1,15.8,15.8,50.0%,QB,2013
14,15,Eli Manning,24,52,46.2,334,6.4,2,3,1,0,0,0,0,1,15.4,15.4,2.3%,QB,2013
15,16,Matthew Stafford,25,40,62.5,262,6.6,1,0,5,1,-1,0,0,1,14.4,14.4,57.0%,QB,2013
16,17,Michael Vick,6,14,42.9,105,7.5,0,0,0,7,79,0,0,1,12.1,12.1,0.1%,QB,2013
17,18,Brandon Weeden,13,24,54.2,197,8.2,1,0,5,3,0,0,0,1,11.9,11.9,0.0%,QB,2013
18,19,Joe Flacco,19,32,59.4,269,8.4,0,1,2,2,13,0,0,1,10.1,10.1,17.3%,QB,2013
19,20,Colin Kaepernick,6,15,40.0,113,7.5,1,0,1,1,14,0,0,1,9.9,9.9,0.1%,QB,2013
20,21,Andy Dalton,20,27,74.1,212,7.9,0,1,4,6,25,0,0,1,9.0,9.0,0.1%,QB,2013
21,22,Alex Smith,20,39,51.3,245,6.3,0,1,2,3,10,0,0,1,8.8,8.8,5.0%,QB,2013
22,23,Chad Henne,7,13,53.8,89,6.8,1,0,0,1,2,0,0,1,7.8,7.8,0.1%,QB,2013
23,24,Blaine Gabbert,9,19,47.4,181,9.5,1,2,2,3,6,0,0,1,7.8,7.8,0.0%,QB,2013
24,25,Cam Newton,21,39,53.8,308,7.9,0,3,7,4,25,0,1,1,6.8,6.8,9.1%,QB,2013
25,26,E.J. Manuel,11,20,55.0,129,6.5,0,0,2,1,14,0,0,1,6.6,6.6,0.0%,QB,2013
26,27,Tom Brady,18,38,47.4,197,5.2,0,1,4,0,0,0,0,1,5.9,5.9,2.7%,QB,2013
27,28,Carson Palmer,19,28,67.9,175,6.3,1,3,2,3,-3,0,0,1,4.7,4.7,5.6%,QB,2013
28,29,Brian Hoyer,2,4,50.0,25,6.3,0,0,0,1,11,0,0,1,2.1,2.1,0.0%,QB,2013
29,30,Jeff Tuel,8,20,40.0,80,4.0,0,1,2,0,0,0,0,1,1.2,1.2,0.0%,QB,2013
30,31,Matt Schaub,19,35,54.3,173,4.9,0,3,1,0,0,0,0,1,0.9,0.9,0.0%,QB,2013
31,32,T.J. Yates,3,5,60.0,15,3.0,0,0,0,1,0,0,0,1,0.6,0.6,0.0%,QB,2013
32,33,Luke McCown,0,0,0.0,0,0.0,0,0,0,0,0,0,0,1,0.0,0.0,0.0%,QB,2013
33,34,Colt McCoy,0,0,0.0,0,0.0,0,0,0,3,-3,0,0,1,-0.3,-0.3,0.0%,QB,2013
