,Rank,Player,Rushing Attempts,Rushing Yards,Rushing Yards/Attempts,Longest Rushing,Rushing 20+,Rushing Touchdown,Recptions,TGT,Receiving Yards,Receiving Yards/Reception,Receiving Touchdowns,Fumbles,Games Played,Fantasy Football Points,FTPS/Game,ROST,Position,Year
0,1,Pierre Thomas,17,87,5.1,10,0,1,7,7,24,3.4,1,0,1,23.1,23.1,0.0%,RB,2013
1,2,Marshawn Lynch,24,145,6.0,37,0,1,3,3,16,5.3,0,0,1,22.1,22.1,0.3%,RB,2013
2,3,Mark Ingram,14,145,10.4,34,0,1,2,3,15,7.5,0,0,1,22.0,22.0,0.1%,RB,2013
3,4,Adrian Peterson,20,75,3.8,18,0,2,2,2,2,1.0,0,0,1,19.7,19.7,2.4%,RB,2013
4,5,Darren Sproles,5,12,2.4,5,0,1,7,7,76,10.9,1,1,1,18.8,18.8,0.1%,RB,2013
5,6,Andre Brown,30,115,3.8,17,0,1,1,3,4,4.0,0,0,1,17.9,17.9,0.0%,RB,2013
6,7,LeSean McCoy,25,155,6.2,30,1,0,1,1,6,6.0,0,0,1,16.1,16.1,2.0%,RB,2013
7,8,Le'Veon Bell,22,57,2.6,9,0,1,3,3,39,13.0,0,0,1,15.6,15.6,0.2%,RB,2013
8,9,DeMarco Murray,16,89,5.6,35,0,1,1,2,6,6.0,0,0,1,15.5,15.5,0.1%,RB,2013
9,10,Giovani Bernard,14,58,4.1,18,0,0,8,8,37,4.6,1,0,1,15.5,15.5,0.0%,RB,2013
10,11,Alfred Morris,26,139,5.3,26,1,0,0,0,0,0.0,0,0,1,13.9,13.9,0.0%,RB,2013
11,12,Maurice Jones-Drew,21,41,2.0,12,0,1,4,4,33,8.3,0,0,1,13.4,13.4,0.0%,RB,2013
12,13,Zac Stacy,26,62,2.4,9,0,1,2,3,6,3.0,0,0,1,12.8,12.8,0.0%,RB,2013
13,14,Donald Brown,2,-1,-0.5,1,0,0,5,5,64,12.8,1,0,1,12.3,12.3,0.0%,RB,2013
14,15,Ryan Mathews,14,59,4.2,35,0,1,1,2,2,2.0,0,0,1,12.1,12.1,0.0%,RB,2013
15,16,Bobby Rainey,8,45,5.6,31,0,1,1,1,11,11.0,0,0,1,11.6,11.6,0.0%,RB,2013
16,17,Knowshon Moreno,15,65,4.3,9,0,0,8,8,49,6.1,0,0,1,11.4,11.4,0.0%,RB,2013
17,18,Reggie Bush,14,105,7.5,39,0,0,3,6,8,2.7,0,0,1,11.3,11.3,0.0%,RB,2013
18,19,Rashad Jennings,20,88,4.4,18,0,0,2,5,19,9.5,0,0,1,10.7,10.7,0.0%,RB,2013
19,20,DeAngelo Williams,8,46,5.8,27,1,1,0,2,0,0.0,0,0,1,10.6,10.6,0.1%,RB,2013
20,21,Danny Woodhead,6,27,4.5,8,0,0,4,5,17,4.3,1,0,1,10.4,10.4,20.6%,RB,2013
21,22,Frank Gore,16,82,5.1,17,0,0,2,2,21,10.5,0,0,1,10.3,10.3,12.1%,RB,2013
22,23,Benny Cunningham,7,72,10.3,56,0,0,1,1,18,18.0,0,0,1,9.0,9.0,0.0%,RB,2013
23,24,Eddie Lacy,24,73,3.0,11,0,0,2,2,11,5.5,0,0,1,8.4,8.4,0.3%,RB,2013
24,25,Jordan Todman,3,11,3.7,5,0,1,1,1,2,2.0,0,0,1,7.3,7.3,0.0%,RB,2013
25,26,Brian Leonard,20,57,2.9,14,0,0,2,3,16,8.0,0,0,1,7.3,7.3,0.0%,RB,2013
26,27,Andre Ellington,11,55,5.0,23,1,0,2,4,18,9.0,0,0,1,7.3,7.3,0.1%,RB,2013
27,28,Ben Tate,15,56,3.7,12,0,0,3,5,8,2.7,0,0,1,6.4,6.4,0.0%,RB,2013
28,29,Fred Jackson,12,55,4.6,11,0,0,3,4,7,2.3,0,0,1,6.2,6.2,0.0%,RB,2013
29,30,Jacquizz Rodgers,3,31,10.3,17,0,0,5,7,28,5.6,0,0,1,5.9,5.9,0.0%,RB,2013
30,31,Dan Herron,1,0,0.0,0,0,0,1,1,57,57.0,0,0,1,5.7,5.7,0.0%,RB,2013
31,32,Ray Rice,18,30,1.7,5,0,0,6,6,26,4.3,0,0,1,5.6,5.6,0.0%,RB,2013
32,33,Chris Johnson,12,30,2.5,6,0,0,5,7,43,8.6,0,1,1,5.3,5.3,0.6%,RB,2013
33,34,Matt Forte,17,33,1.9,7,0,0,4,7,16,4.0,0,0,1,4.9,4.9,19.1%,RB,2013
34,35,Bernard Pierce,8,31,3.9,9,0,0,2,3,12,6.0,0,0,1,4.3,4.3,0.0%,RB,2013
35,36,Joique Bell,10,41,4.1,9,0,0,0,1,0,0.0,0,0,1,4.1,4.1,0.2%,RB,2013
36,37,Jonathan Stewart,13,41,3.2,7,0,0,0,0,0,0.0,0,0,1,4.1,4.1,0.0%,RB,2013
37,38,Mike James,5,41,8.2,24,1,0,0,0,0,0.0,0,0,1,4.1,4.1,0.0%,RB,2013
38,39,Jonathan Dwyer,6,38,6.3,17,0,0,1,1,3,3.0,0,0,1,4.1,4.1,0.0%,RB,2013
39,40,BenJarvus Green-Ellis,9,36,4.0,7,0,0,0,0,0,0.0,0,0,1,3.6,3.6,0.0%,RB,2013
40,41,Ronnie Brown,9,36,4.0,7,0,0,0,0,0,0.0,0,0,1,3.6,3.6,0.0%,RB,2013
41,42,Trent Richardson,5,2,0.4,5,0,0,3,5,33,11.0,0,0,1,3.5,3.5,0.0%,RB,2013
42,43,C.J. Spiller,8,23,2.9,7,0,0,3,3,11,3.7,0,0,1,3.4,3.4,0.1%,RB,2013
43,44,Christine Michael,8,33,4.1,13,0,0,0,0,0,0.0,0,0,1,3.3,3.3,0.0%,RB,2013
44,45,Shonn Greene,9,22,2.4,6,0,0,3,3,10,3.3,0,0,1,3.2,3.2,0.0%,RB,2013
45,46,Jason Snelling,1,7,7.0,7,0,0,3,4,25,8.3,0,0,1,3.2,3.2,0.0%,RB,2013
46,47,Rashard Mendenhall,13,42,3.2,12,0,0,1,1,9,9.0,0,1,1,3.1,3.1,0.0%,RB,2013
47,48,Roy Helu,2,8,4.0,4,0,0,3,4,23,7.7,0,0,1,3.1,3.1,0.0%,RB,2013
48,49,Marcel Reece,0,0,0.0,0,0,0,3,3,30,10.0,0,0,1,3.0,3.0,0.0%,RB,2013
49,50,Stanley Havili,1,1,1.0,1,0,0,3,4,25,8.3,0,0,1,2.6,2.6,0.0%,RB,2013
50,51,Mike Tolbert,2,7,3.5,4,0,0,2,3,16,8.0,0,0,1,2.3,2.3,0.0%,RB,2013
51,52,Dennis Johnson,4,7,1.8,4,0,0,1,1,14,14.0,0,0,1,2.1,2.1,0.0%,RB,2013
52,53,Montee Ball,5,20,4.0,12,0,0,0,0,0,0.0,0,0,1,2.0,2.0,0.0%,RB,2013
53,54,Steven Jackson,9,11,1.2,5,0,0,3,5,9,3.0,0,0,1,2.0,2.0,0.0%,RB,2013
54,55,Greg Jones,0,0,0.0,0,0,0,1,1,19,19.0,0,0,1,1.9,1.9,0.0%,RB,2013
55,56,Felix Jones,4,16,4.0,9,0,0,0,0,0,0.0,0,0,1,1.6,1.6,0.0%,RB,2013
56,57,James Starks,4,5,1.3,3,0,0,1,1,9,9.0,0,0,1,1.4,1.4,0.0%,RB,2013
57,58,John Kuhn,1,2,2.0,2,0,0,2,2,10,5.0,0,0,1,1.2,1.2,0.0%,RB,2013
58,59,Bryce Brown,4,11,2.8,8,0,0,0,0,0,0.0,0,0,1,1.1,1.1,0.0%,RB,2013
59,60,Lamar Miller,7,2,0.3,4,0,0,2,3,9,4.5,0,0,1,1.1,1.1,0.0%,RB,2013
60,61,Robert Turbin,7,13,1.9,6,0,0,1,1,-5,-5.0,0,0,1,0.8,0.8,0.0%,RB,2013
61,62,Stepfan Taylor,2,6,3.0,4,0,0,0,0,0,0.0,0,0,1,0.6,0.6,0.2%,RB,2013
62,63,Toby Gerhart,1,4,4.0,4,0,0,0,0,0,0.0,0,0,1,0.4,0.4,0.0%,RB,2013
63,64,Tony Fiammetta,0,0,0.0,0,0,0,1,1,4,4.0,0,0,1,0.4,0.4,0.0%,RB,2013
64,65,Denard Robinson,4,3,0.8,2,0,0,0,0,0,0.0,0,0,1,0.3,0.3,0.2%,RB,2013
65,66,Vonta Leach,2,2,1.0,1,0,0,0,0,0,0.0,0,0,1,0.2,0.2,0.0%,RB,2013
66,67,Peyton Hillis,5,21,4.2,12,0,0,1,2,0,0.0,0,1,1,0.1,0.1,0.0%,RB,2013
67,68,Marcus Thigpen,0,0,0.0,0,0,0,0,0,0,0.0,0,0,1,0.0,0.0,0.0%,RB,2013
68,69,Jamize Olawale,0,0,0.0,0,0,0,0,0,0,0.0,0,0,1,0.0,0.0,0.0%,RB,2013
69,70,Travaris Cadet,0,0,0.0,0,0,0,0,0,0,0.0,0,0,1,0.0,0.0,0.0%,RB,2013
70,71,Erik Lorig,0,0,0.0,0,0,0,0,0,0,0.0,0,0,1,0.0,0.0,0.0%,RB,2013
71,72,Mario Harvey,0,0,0.0,0,0,0,0,0,0,0.0,0,0,1,0.0,0.0,0.0%,RB,2013
72,73,Lance Dunbar,0,0,0.0,0,0,0,0,0,0,0.0,0,0,1,0.0,0.0,0.0%,RB,2013
73,74,Collin Mooney,0,0,0.0,0,0,0,0,0,0,0.0,0,0,1,0.0,0.0,0.0%,RB,2013
74,75,Will Johnson,0,0,0.0,0,0,0,0,0,0,0.0,0,0,1,0.0,0.0,0.0%,RB,2013
75,76,Theo Riddick,0,0,0.0,0,0,0,0,0,0,0.0,0,0,1,0.0,0.0,0.0%,RB,2013
76,77,Michael Ford,0,0,0.0,0,0,0,0,0,0,0.0,0,0,1,0.0,0.0,0.0%,RB,2013
77,78,Joseph Randle,0,0,0.0,0,0,0,0,0,0,0.0,0,0,1,0.0,0.0,0.0%,RB,2013
78,79,Will Ta'ufo'ou,0,0,0.0,0,0,0,0,1,0,0.0,0,0,1,0.0,0.0,0.0%,RB,2013
79,80,Cordarrelle Patterson,0,0,0.0,0,0,0,2,4,22,11.0,1,0,1,0.0,0.0,1.4%,RB,2013
80,81,Cory Harkey,0,0,0.0,0,0,0,1,3,14,14.0,0,0,1,0.0,0.0,0.2%,RB,2013
81,82,Jeremy Stewart,0,0,0.0,0,0,0,0,0,0,0.0,0,0,1,0.0,0.0,0.0%,RB,2013
82,83,Jed Collins,0,0,0.0,0,0,0,0,0,0,0.0,0,0,1,0.0,0.0,0.0%,RB,2013
83,84,Alfonso Smith,0,0,0.0,0,0,0,0,0,0,0.0,0,0,1,0.0,0.0,0.0%,RB,2013
84,85,Phillip Tanner,0,0,0.0,0,0,0,0,0,0,0.0,0,0,1,0.0,0.0,0.0%,RB,2013
85,86,Evan Rodriguez,0,0,0.0,0,0,0,0,0,0,0.0,0,0,1,0.0,0.0,0.0%,RB,2013
86,87,Isaiah Pead,0,0,0.0,0,0,0,0,0,0,0.0,0,0,1,0.0,0.0,0.0%,RB,2013
87,88,Chris Polk,0,0,0.0,0,0,0,0,0,0,0.0,0,0,1,0.0,0.0,0.0%,RB,2013
88,89,C.J. Anderson,0,0,0.0,0,0,0,0,0,0,0.0,0,0,1,0.0,0.0,1.0%,RB,2013
89,90,Michael Cox,0,0,0.0,0,0,0,0,0,0,0.0,0,0,1,0.0,0.0,0.0%,RB,2013
90,91,Kyle Juszczyk,0,0,0.0,0,0,0,0,0,0,0.0,0,0,1,0.0,0.0,0.9%,RB,2013
91,92,Kenjon Barner,0,0,0.0,0,0,0,0,0,0,0.0,0,0,1,0.0,0.0,0.0%,RB,2013
92,93,Johnathan Franklin,0,0,0.0,0,0,0,0,0,0,0.0,0,0,1,0.0,0.0,0.0%,RB,2013
93,94,Rex Burkhead,0,0,0.0,0,0,0,0,0,0,0.0,0,0,1,0.0,0.0,10.0%,RB,2013
94,95,Chase Reynolds,0,0,0.0,0,0,0,0,0,0,0.0,0,0,1,0.0,0.0,0.0%,RB,2013
95,96,Patrick DiMarco,0,0,0.0,0,0,0,0,0,0,0.0,0,0,1,0.0,0.0,0.0%,RB,2013
96,97,Jerome Felton,0,0,0.0,0,0,0,0,0,0,0.0,0,0,1,0.0,0.0,0.0%,RB,2013
97,98,Jackie Battle,0,0,0.0,0,0,0,0,0,0,0.0,0,0,1,0.0,0.0,0.0%,RB,2013
98,99,Le'Ron McClain,0,0,0.0,0,0,0,0,0,0,0.0,0,0,1,0.0,0.0,0.0%,RB,2013
99,100,Antone Smith,0,0,0.0,0,0,0,0,0,0,0.0,0,0,1,0.0,0.0,0.0%,RB,2013
100,101,John Conner,0,0,0.0,0,0,0,0,0,0,0.0,0,0,1,0.0,0.0,0.0%,RB,2013
101,102,Spencer Larsen,0,0,0.0,0,0,0,0,0,0,0.0,0,0,1,0.0,0.0,0.0%,RB,2013
102,103,Cedric Peerman,0,0,0.0,0,0,0,0,0,0,0.0,0,0,1,0.0,0.0,0.0%,RB,2013
103,104,Darrel Young,1,0,0.0,0,0,0,0,1,0,0.0,0,0,1,0.0,0.0,0.0%,RB,2013
104,105,Bruce Miller,0,0,0.0,0,0,0,1,2,10,10.0,0,0,1,0.0,0.0,0.0%,RB,2013
105,106,Evan Royster,0,0,0.0,0,0,0,0,0,0,0.0,0,0,1,0.0,0.0,0.0%,RB,2013
106,107,Taiwan Jones,0,0,0.0,0,0,0,0,0,0,0.0,0,0,1,0.0,0.0,0.0%,RB,2013
107,108,Montell Owens,0,0,0.0,0,0,0,0,0,0,0.0,0,0,1,0.0,0.0,0.0%,RB,2013
108,109,Michael Robinson,0,0,0.0,0,0,0,0,0,0,0.0,0,0,1,0.0,0.0,0.0%,RB,2013
109,110,Michael Bush,1,0,0.0,0,0,0,0,0,0,0.0,0,0,1,0.0,0.0,0.0%,RB,2013
110,111,Deji Karim,0,0,0.0,0,0,0,0,0,0,0.0,0,0,1,0.0,0.0,0.0%,RB,2013
111,112,Anthony Dixon,0,0,0.0,0,0,0,0,0,0,0.0,0,0,1,0.0,0.0,0.0%,RB,2013
112,113,Frank Summers,0,0,0.0,0,0,0,0,0,0,0.0,0,0,1,0.0,0.0,0.0%,RB,2013
113,114,Tashard Choice,0,0,0.0,0,0,0,0,0,0,0.0,0,0,1,0.0,0.0,0.0%,RB,2013
114,115,LaMichael James,1,-1,-1.0,0,0,0,0,0,0,0.0,0,0,1,-0.1,-0.1,0.0%,RB,2013
115,116,Daniel Thomas,4,-2,-0.5,1,0,0,0,0,0,0.0,0,0,1,-0.2,-0.2,0.0%,RB,2013
116,117,Kendall Hunter,3,8,2.7,11,0,0,0,1,0,0.0,0,1,1,-1.2,-1.2,0.0%,RB,2013
