,Rank,Player,Rushing Attempts,Rushing Yards,Rushing Yards/Attempts,Longest Rushing,Rushing 20+,Rushing Touchdown,Recptions,TGT,Receiving Yards,Receiving Yards/Reception,Receiving Touchdowns,Fumbles,Games Played,Fantasy Football Points,FTPS/Game,ROST,Position,Year
0,1,Jamaal Charles,8,20,2.5,8,0,1,8,8,195,24.4,4,0,1,51.5,51.5,0.1%,RB,2013
1,2,Matt Asiata,30,51,1.7,10,0,3,3,5,15,5.0,0,0,1,24.6,24.6,0.0%,RB,2013
2,3,Eddie Lacy,21,141,6.7,60,0,1,4,5,30,7.5,0,0,1,23.1,23.1,0.3%,RB,2013
3,4,DeAngelo Williams,15,81,5.4,18,0,0,3,4,87,29.0,1,0,1,22.8,22.8,0.1%,RB,2013
4,5,Rashad Jennings,23,91,4.0,21,1,2,3,3,12,4.0,0,0,1,22.3,22.3,0.0%,RB,2013
5,6,DeMarco Murray,18,134,7.4,41,0,1,4,7,19,4.8,0,0,1,21.3,21.3,0.1%,RB,2013
6,7,Zac Stacy,28,133,4.8,40,1,1,1,2,10,10.0,0,0,1,20.3,20.3,0.0%,RB,2013
7,8,Rashard Mendenhall,21,69,3.3,15,0,2,1,2,9,9.0,0,0,1,19.8,19.8,0.0%,RB,2013
8,9,Ryan Mathews,29,127,4.4,23,1,1,1,1,1,1.0,0,0,1,18.8,18.8,0.0%,RB,2013
9,10,Marshawn Lynch,16,47,2.9,10,0,1,6,6,73,12.2,0,0,1,18.0,18.0,0.3%,RB,2013
10,11,Le'Veon Bell,24,57,2.4,8,0,1,5,5,50,10.0,0,0,1,16.7,16.7,0.2%,RB,2013
11,12,Steven Jackson,15,38,2.5,11,0,2,4,6,5,1.3,0,0,1,16.3,16.3,0.0%,RB,2013
12,13,Trent Richardson,19,64,3.4,22,1,0,4,6,38,9.5,1,0,1,16.2,16.2,0.0%,RB,2013
13,14,Reggie Bush,17,86,5.1,19,0,1,2,4,15,7.5,0,0,1,16.1,16.1,0.0%,RB,2013
14,15,Andre Ellington,10,71,7.1,22,1,0,4,5,87,21.8,0,0,1,15.8,15.8,0.1%,RB,2013
15,16,Jordan Todman,25,109,4.4,33,0,0,4,8,44,11.0,0,0,1,15.3,15.3,0.0%,RB,2013
16,17,Chris Johnson,13,40,3.1,15,0,0,3,3,51,17.0,1,0,1,15.1,15.1,0.6%,RB,2013
17,18,Edwin Baker,8,38,4.8,15,0,1,4,4,46,11.5,0,0,1,14.4,14.4,0.0%,RB,2013
18,19,Matt Forte,24,127,5.3,24,1,0,1,3,4,4.0,0,0,1,13.1,13.1,19.1%,RB,2013
19,20,LeSean McCoy,8,38,4.8,16,0,0,5,7,68,13.6,0,0,1,10.6,10.6,2.0%,RB,2013
20,21,Giovani Bernard,13,33,2.5,7,0,1,2,4,13,6.5,0,0,1,10.6,10.6,0.0%,RB,2013
21,22,Michael Bush,3,44,14.7,40,0,1,0,0,0,0.0,0,0,1,10.4,10.4,0.0%,RB,2013
22,23,Knile Davis,9,34,3.8,17,0,1,2,2,8,4.0,0,0,1,10.2,10.2,0.0%,RB,2013
23,24,Ben Tate,16,72,4.5,11,0,0,3,6,20,6.7,0,0,1,9.2,9.2,0.0%,RB,2013
24,25,Frank Summers,4,14,3.5,4,0,0,3,3,16,5.3,1,0,1,9.0,9.0,0.0%,RB,2013
25,26,Fred Jackson,17,80,4.7,19,0,0,1,2,8,8.0,0,0,1,8.8,8.8,0.0%,RB,2013
26,27,Frank Gore,22,86,3.9,13,0,0,0,0,0,0.0,0,0,1,8.6,8.6,12.1%,RB,2013
27,28,Mike Tolbert,12,18,1.5,5,0,1,1,2,7,7.0,0,0,1,8.5,8.5,0.0%,RB,2013
28,29,James Starks,3,12,4.0,5,0,0,1,1,11,11.0,1,0,1,8.3,8.3,0.0%,RB,2013
29,30,Pierre Thomas,8,21,2.6,8,0,0,7,8,62,8.9,0,0,1,8.3,8.3,0.0%,RB,2013
30,31,Marcel Reece,5,18,3.6,8,0,0,2,7,52,26.0,0,0,1,7.9,7.9,0.0%,RB,2013
31,32,Daniel Thomas,5,16,3.2,4,0,0,1,1,2,2.0,1,0,1,7.8,7.8,0.0%,RB,2013
32,33,C.J. Spiller,13,67,5.2,18,0,0,1,2,1,1.0,0,0,1,6.8,6.8,0.1%,RB,2013
33,34,Alfred Morris,18,98,5.4,37,0,0,1,1,8,8.0,0,2,1,6.6,6.6,0.0%,RB,2013
34,35,Chris Ivory,11,66,6.0,35,0,0,0,1,0,0.0,0,0,1,6.6,6.6,0.0%,RB,2013
35,36,Ray Rice,12,56,4.7,19,0,0,1,4,8,8.0,0,0,1,6.4,6.4,0.0%,RB,2013
36,37,Darren Sproles,7,24,3.4,11,0,0,8,10,38,4.8,0,0,1,6.2,6.2,0.1%,RB,2013
37,38,Lamar Miller,15,61,4.1,7,0,0,1,1,0,0.0,0,0,1,6.1,6.1,0.0%,RB,2013
38,39,Bilal Powell,8,37,4.6,15,0,0,4,4,19,4.8,0,0,1,5.6,5.6,0.0%,RB,2013
39,40,Knowshon Moreno,8,19,2.4,6,0,0,5,6,36,7.2,0,0,1,5.5,5.5,0.0%,RB,2013
40,41,LeGarrette Blount,11,47,4.3,11,0,0,1,1,6,6.0,0,0,1,5.3,5.3,0.1%,RB,2013
41,42,Montee Ball,3,-1,-0.3,3,0,0,5,5,49,9.8,0,0,1,4.8,4.8,0.0%,RB,2013
42,43,Joique Bell,9,24,2.7,7,0,0,1,2,23,23.0,0,0,1,4.7,4.7,0.2%,RB,2013
43,44,Chris Ogbonnaya,5,7,1.4,5,0,0,5,5,39,7.8,0,0,1,4.6,4.6,0.0%,RB,2013
44,45,Mark Ingram,1,5,5.0,5,0,0,2,2,39,19.5,0,0,1,4.4,4.4,0.1%,RB,2013
45,46,Danny Woodhead,9,29,3.2,8,0,0,1,1,13,13.0,0,0,1,4.2,4.2,20.6%,RB,2013
46,47,Jacquizz Rodgers,4,17,4.3,11,0,0,4,4,24,6.0,0,0,1,4.1,4.1,0.0%,RB,2013
47,48,Kendall Hunter,8,40,5.0,15,0,0,0,0,0,0.0,0,0,1,4.0,4.0,0.0%,RB,2013
48,49,Donald Brown,5,38,7.6,26,1,0,0,0,0,0.0,0,0,1,3.8,3.8,0.0%,RB,2013
49,50,Robert Turbin,9,34,3.8,11,0,0,1,1,1,1.0,0,0,1,3.5,3.5,0.0%,RB,2013
50,51,Stevan Ridley,8,34,4.3,11,0,0,0,0,0,0.0,0,0,1,3.4,3.4,0.0%,RB,2013
51,52,Peyton Hillis,3,8,2.7,6,0,0,2,2,24,12.0,0,0,1,3.2,3.2,0.0%,RB,2013
52,53,Taiwan Jones,0,0,0.0,0,0,0,1,2,52,52.0,0,1,1,3.2,3.2,0.0%,RB,2013
53,54,Bobby Rainey,11,27,2.5,8,0,0,1,1,3,3.0,0,0,1,3.0,3.0,0.0%,RB,2013
54,55,Jonathan Dwyer,6,26,4.3,10,0,0,0,0,0,0.0,0,0,1,2.6,2.6,0.0%,RB,2013
55,56,Andre Brown,11,17,1.5,7,0,0,4,5,9,2.3,0,0,1,2.6,2.6,0.0%,RB,2013
56,57,Felix Jones,5,22,4.4,12,0,0,0,0,0,0.0,0,0,1,2.2,2.2,0.0%,RB,2013
57,58,LaMichael James,2,22,11.0,21,1,0,0,0,0,0.0,0,0,1,2.2,2.2,0.0%,RB,2013
58,59,Deji Karim,4,21,5.3,9,0,0,0,1,0,0.0,0,0,1,2.1,2.1,0.0%,RB,2013
59,60,Shane Vereen,2,13,6.5,7,0,0,3,7,8,2.7,0,0,1,2.1,2.1,0.0%,RB,2013
60,61,Bernard Pierce,7,21,3.0,11,0,0,0,0,0,0.0,0,0,1,2.1,2.1,0.0%,RB,2013
61,62,Cyrus Gray,1,3,3.0,3,0,0,1,1,18,18.0,0,0,1,2.1,2.1,0.0%,RB,2013
62,63,Tashard Choice,5,18,3.6,6,0,0,0,0,0,0.0,0,0,1,1.8,1.8,0.0%,RB,2013
63,64,Anthony Sherman,0,0,0.0,0,0,0,1,1,15,15.0,0,0,1,1.5,1.5,0.0%,RB,2013
64,65,Dennis Johnson,4,12,3.0,9,0,0,1,2,3,3.0,0,0,1,1.5,1.5,0.0%,RB,2013
65,66,Ronnie Brown,3,12,4.0,6,0,0,0,0,0,0.0,0,0,1,1.2,1.2,0.0%,RB,2013
66,67,Brian Leonard,1,12,12.0,12,0,0,0,2,0,0.0,0,0,1,1.2,1.2,0.0%,RB,2013
67,68,Roy Helu,3,5,1.7,5,0,0,1,1,4,4.0,0,0,1,0.9,0.9,0.0%,RB,2013
68,69,Denard Robinson,2,28,14.0,24,1,0,0,0,0,0.0,0,1,1,0.8,0.8,0.2%,RB,2013
69,70,Patrick DiMarco,0,0,0.0,0,0,0,1,1,7,7.0,0,0,1,0.7,0.7,0.0%,RB,2013
70,71,Stepfan Taylor,3,6,2.0,3,0,0,0,0,0,0.0,0,0,1,0.6,0.6,0.2%,RB,2013
71,72,Theo Riddick,0,0,0.0,0,0,0,1,1,6,6.0,0,0,1,0.6,0.6,0.0%,RB,2013
72,73,Fozzy Whittaker,1,1,1.0,1,0,0,2,2,4,2.0,0,0,1,0.5,0.5,0.0%,RB,2013
73,74,BenJarvus Green-Ellis,4,4,1.0,2,0,0,0,0,0,0.0,0,0,1,0.4,0.4,0.0%,RB,2013
74,75,Shonn Greene,3,4,1.3,6,0,0,0,0,0,0.0,0,0,1,0.4,0.4,0.0%,RB,2013
75,76,Jason Snelling,1,0,0.0,0,0,0,1,1,3,3.0,0,0,1,0.3,0.3,0.0%,RB,2013
76,77,Tommy Bohanon,0,0,0.0,0,0,0,1,2,3,3.0,0,0,1,0.3,0.3,0.0%,RB,2013
77,78,Jamize Olawale,1,2,2.0,2,0,0,0,1,0,0.0,0,0,1,0.2,0.2,0.0%,RB,2013
78,79,James Develin,1,2,2.0,2,0,0,0,0,0,0.0,0,0,1,0.2,0.2,0.0%,RB,2013
79,80,Travaris Cadet,0,0,0.0,0,0,0,0,0,0,0.0,0,0,1,0.0,0.0,0.0%,RB,2013
80,81,Will Ta'ufo'ou,0,0,0.0,0,0,0,0,0,0,0.0,0,0,1,0.0,0.0,0.0%,RB,2013
81,82,Will Johnson,0,0,0.0,0,0,0,0,0,0,0.0,0,0,1,0.0,0.0,0.0%,RB,2013
82,83,Marcus Thigpen,0,0,0.0,0,0,0,2,2,23,11.5,1,0,1,0.0,0.0,0.0%,RB,2013
83,84,Erik Lorig,0,0,0.0,0,0,0,0,0,0,0.0,0,0,1,0.0,0.0,0.0%,RB,2013
84,85,Cory Harkey,0,0,0.0,0,0,0,3,3,29,9.7,1,0,1,0.0,0.0,0.2%,RB,2013
85,86,Michael Ford,0,0,0.0,0,0,0,0,0,0,0.0,0,0,1,0.0,0.0,0.0%,RB,2013
86,87,Joseph Randle,0,0,0.0,0,0,0,0,0,0,0.0,0,0,1,0.0,0.0,0.0%,RB,2013
87,88,Cordarrelle Patterson,2,15,7.5,12,0,0,5,6,35,7.0,1,0,1,0.0,0.0,1.4%,RB,2013
88,89,Brandon Bolden,0,0,0.0,0,0,0,0,0,0,0.0,0,0,1,0.0,0.0,0.0%,RB,2013
89,90,Alfonso Smith,0,0,0.0,0,0,0,0,0,0,0.0,0,0,1,0.0,0.0,0.0%,RB,2013
90,91,Jed Collins,0,0,0.0,0,0,0,0,1,0,0.0,0,0,1,0.0,0.0,0.0%,RB,2013
91,92,Tyler Clutts,0,0,0.0,0,0,0,0,0,0,0.0,0,0,1,0.0,0.0,0.0%,RB,2013
92,93,Phillip Tanner,0,0,0.0,0,0,0,0,0,0,0.0,0,0,1,0.0,0.0,0.0%,RB,2013
93,94,Nick Bellore,0,0,0.0,0,0,0,0,0,0,0.0,0,0,1,0.0,0.0,7.0%,RB,2013
94,95,Evan Rodriguez,0,0,0.0,0,0,0,0,0,0,0.0,0,0,1,0.0,0.0,0.0%,RB,2013
95,96,Bryce Brown,0,0,0.0,0,0,0,0,0,0,0.0,0,0,1,0.0,0.0,0.0%,RB,2013
96,97,Isaiah Pead,0,0,0.0,0,0,0,0,0,0,0.0,0,0,1,0.0,0.0,0.0%,RB,2013
97,98,Chris Polk,0,0,0.0,0,0,0,0,1,0,0.0,0,0,1,0.0,0.0,0.0%,RB,2013
98,99,Mike Gillislee,0,0,0.0,0,0,0,0,0,0,0.0,0,0,1,0.0,0.0,0.0%,RB,2013
99,100,Kenjon Barner,0,0,0.0,0,0,0,0,0,0,0.0,0,0,1,0.0,0.0,0.0%,RB,2013
100,101,Joe Banyard,0,0,0.0,0,0,0,0,0,0,0.0,0,0,1,0.0,0.0,0.0%,RB,2013
101,102,Chase Reynolds,0,0,0.0,0,0,0,0,0,0,0.0,0,0,1,0.0,0.0,0.0%,RB,2013
102,103,Derrick Coleman,0,0,0.0,0,0,0,0,0,0,0.0,0,0,1,0.0,0.0,0.1%,RB,2013
103,104,Khiry Robinson,1,0,0.0,0,0,0,0,0,0,0.0,0,0,1,0.0,0.0,0.0%,RB,2013
104,105,Michael Hill,0,0,0.0,0,0,0,0,0,0,0.0,0,0,1,0.0,0.0,0.0%,RB,2013
105,106,Benny Cunningham,2,0,0.0,0,0,0,0,0,0,0.0,0,0,1,0.0,0.0,0.0%,RB,2013
106,107,Michael Cox,0,0,0.0,0,0,0,0,0,0,0.0,0,0,1,0.0,0.0,0.0%,RB,2013
107,108,Kyle Juszczyk,0,0,0.0,0,0,0,0,0,0,0.0,0,0,1,0.0,0.0,0.9%,RB,2013
108,109,Jerome Felton,0,0,0.0,0,0,0,0,0,0,0.0,0,0,1,0.0,0.0,0.0%,RB,2013
109,110,Jackie Battle,0,0,0.0,0,0,0,0,0,0,0.0,0,0,1,0.0,0.0,0.0%,RB,2013
110,111,Greg Jones,0,0,0.0,0,0,0,0,0,0,0.0,0,0,1,0.0,0.0,0.0%,RB,2013
111,112,Leon Washington,0,0,0.0,0,0,0,0,0,0,0.0,0,0,1,0.0,0.0,0.0%,RB,2013
112,113,Le'Ron McClain,0,0,0.0,0,0,0,0,1,0,0.0,0,0,1,0.0,0.0,0.0%,RB,2013
113,114,John Conner,0,0,0.0,0,0,0,0,0,0,0.0,0,0,1,0.0,0.0,0.0%,RB,2013
114,115,Spencer Larsen,0,0,0.0,0,0,0,0,0,0,0.0,0,0,1,0.0,0.0,0.0%,RB,2013
115,116,Cedric Peerman,0,0,0.0,0,0,0,0,0,0,0.0,0,0,1,0.0,0.0,0.0%,RB,2013
116,117,Darrel Young,0,0,0.0,0,0,0,0,0,0,0.0,0,0,1,0.0,0.0,0.0%,RB,2013
117,118,Bruce Miller,0,0,0.0,0,0,0,4,5,26,6.5,0,0,1,0.0,0.0,0.0%,RB,2013
118,119,Alex Green,0,0,0.0,0,0,0,0,0,0,0.0,0,0,1,0.0,0.0,0.0%,RB,2013
119,120,Delone Carter,0,0,0.0,0,0,0,0,0,0,0.0,0,0,1,0.0,0.0,0.0%,RB,2013
120,121,Quinn Johnson,0,0,0.0,0,0,0,0,1,0,0.0,0,0,1,0.0,0.0,0.0%,RB,2013
121,122,Michael Robinson,0,0,0.0,0,0,0,0,0,0,0.0,0,0,1,0.0,0.0,0.0%,RB,2013
122,123,Anthony Dixon,0,0,0.0,0,0,0,0,0,0,0.0,0,0,1,0.0,0.0,0.0%,RB,2013
123,124,Vonta Leach,0,0,0.0,0,0,0,0,0,0,0.0,0,0,1,0.0,0.0,0.0%,RB,2013
124,125,Tony Fiammetta,0,0,0.0,0,0,0,0,0,0,0.0,0,0,1,0.0,0.0,0.0%,RB,2013
125,126,John Kuhn,0,0,0.0,0,0,0,1,1,-1,-1.0,0,0,1,-0.1,-0.1,0.0%,RB,2013
