,Rank,Player,Rushing Attempts,Rushing Yards,Rushing Yards/Attempts,Longest Rushing,Rushing 20+,Rushing Touchdown,Recptions,TGT,Receiving Yards,Receiving Yards/Reception,Receiving Touchdowns,Fumbles,Games Played,Fantasy Football Points,FTPS/Game,ROST,Position,Year
0,1,Fred Jackson,17,53,3.1,11,0,2,4,6,40,10.0,0,0,1,21.3,21.3,0.0%,RB,2013
1,2,Pierre Thomas,19,36,1.9,9,0,0,9,9,55,6.1,2,0,1,21.1,21.1,0.0%,RB,2013
2,3,Knowshon Moreno,19,93,4.9,16,0,1,5,5,57,11.4,0,0,1,21.0,21.0,0.0%,RB,2013
3,4,Ray Rice,27,74,2.7,7,0,2,6,7,28,4.7,0,1,1,20.2,20.2,0.0%,RB,2013
4,5,Jamaal Charles,22,108,4.9,19,0,1,5,9,37,7.4,0,1,1,18.5,18.5,0.1%,RB,2013
5,6,Jacquizz Rodgers,14,43,3.1,19,0,2,4,4,15,3.8,0,0,1,17.8,17.8,0.0%,RB,2013
6,7,LeSean McCoy,20,46,2.3,17,0,1,6,8,46,7.7,0,0,1,15.2,15.2,2.0%,RB,2013
7,8,Frank Gore,17,81,4.8,26,2,1,0,0,0,0.0,0,0,1,14.1,14.1,12.1%,RB,2013
8,9,Chris Johnson,10,17,1.7,6,0,0,4,5,63,15.8,1,0,1,14.0,14.0,0.6%,RB,2013
9,10,Willis McGahee,26,72,2.8,16,0,1,0,2,0,0.0,0,0,1,13.2,13.2,0.0%,RB,2013
10,11,BenJarvus Green-Ellis,19,67,3.5,13,0,1,0,1,0,0.0,0,0,1,12.7,12.7,0.0%,RB,2013
11,12,C.J. Spiller,8,66,8.3,54,0,1,0,0,0,0.0,0,0,1,12.6,12.6,0.1%,RB,2013
12,13,Arian Foster,21,98,4.7,17,0,0,4,5,20,5.0,0,0,1,11.8,11.8,0.0%,RB,2013
13,14,Matt Forte,12,55,4.6,14,0,0,4,6,40,10.0,0,0,1,11.5,11.5,19.1%,RB,2013
14,15,Danny Woodhead,9,17,1.9,5,0,0,9,9,58,6.4,1,1,1,11.5,11.5,20.6%,RB,2013
15,16,Rashard Mendenhall,17,43,2.5,7,0,1,2,2,7,3.5,0,0,1,11.0,11.0,0.0%,RB,2013
16,17,DeMarco Murray,12,43,3.6,13,0,1,1,1,5,5.0,0,0,1,10.8,10.8,0.1%,RB,2013
17,18,Marshawn Lynch,17,102,6.0,24,1,0,1,2,5,5.0,0,0,1,10.7,10.7,0.3%,RB,2013
18,19,Donald Brown,6,37,6.2,16,0,1,2,2,3,1.5,0,0,1,10.0,10.0,0.0%,RB,2013
19,20,Eddie Lacy,23,99,4.3,13,0,0,1,1,-2,-2.0,0,0,1,9.7,9.7,0.3%,RB,2013
20,21,Maurice Jones-Drew,17,70,4.1,20,1,0,2,3,16,8.0,0,0,1,8.6,8.6,0.0%,RB,2013
21,22,Andre Ellington,7,52,7.4,26,1,0,4,4,31,7.8,0,0,1,8.3,8.3,0.1%,RB,2013
22,23,Jason Snelling,7,13,1.9,4,0,0,5,5,10,2.0,1,0,1,8.3,8.3,0.0%,RB,2013
23,24,Zac Stacy,14,78,5.6,12,0,0,0,1,0,0.0,0,0,1,7.8,7.8,0.0%,RB,2013
24,25,David Wilson,6,16,2.7,5,0,1,0,1,0,0.0,0,0,1,7.6,7.6,0.0%,RB,2013
25,26,Anthony Dixon,5,12,2.4,6,0,1,0,0,0,0.0,0,0,1,7.2,7.2,0.0%,RB,2013
26,27,DeAngelo Williams,12,39,3.3,9,0,0,2,3,30,15.0,0,0,1,6.9,6.9,0.1%,RB,2013
27,28,Reggie Bush,13,44,3.4,20,1,0,4,6,25,6.3,0,0,1,6.9,6.9,0.0%,RB,2013
28,29,Brandon Bolden,5,24,4.8,12,0,0,6,8,40,6.7,0,0,1,6.4,6.4,0.0%,RB,2013
29,30,Jackie Battle,6,38,6.3,37,0,0,1,2,24,24.0,0,0,1,6.2,6.2,0.0%,RB,2013
30,31,Ronnie Hillman,7,17,2.4,17,0,0,4,4,42,10.5,0,0,1,5.9,5.9,0.0%,RB,2013
31,32,Marcel Reece,7,32,4.6,14,0,0,3,3,25,8.3,0,0,1,5.7,5.7,0.0%,RB,2013
32,33,Trent Richardson,18,56,3.1,16,0,0,0,1,0,0.0,0,0,1,5.6,5.6,0.0%,RB,2013
33,34,Joique Bell,5,21,4.2,9,0,0,4,4,30,7.5,0,0,1,5.1,5.1,0.2%,RB,2013
34,35,Giovani Bernard,13,62,4.8,28,1,0,2,3,7,3.5,0,1,1,4.9,4.9,0.0%,RB,2013
35,36,Daryl Richardson,13,48,3.7,13,0,0,0,1,0,0.0,0,0,1,4.8,4.8,0.0%,RB,2013
36,37,Bilal Powell,12,38,3.2,6,0,0,1,2,9,9.0,0,0,1,4.7,4.7,0.0%,RB,2013
37,38,Bernard Pierce,11,46,4.2,28,1,0,0,0,0,0.0,0,0,1,4.6,4.6,0.0%,RB,2013
38,39,Mike Goodson,3,32,10.7,26,1,0,1,2,9,9.0,0,0,1,4.1,4.1,0.0%,RB,2013
39,40,Rashad Jennings,10,41,4.1,9,0,0,0,0,0,0.0,0,0,1,4.1,4.1,0.0%,RB,2013
40,41,Darren Sproles,3,10,3.3,5,0,0,3,3,31,10.3,0,0,1,4.1,4.1,0.1%,RB,2013
41,42,Mike Tolbert,4,31,7.8,20,1,0,1,1,9,9.0,0,0,1,4.0,4.0,0.0%,RB,2013
42,43,Ronnie Brown,7,11,1.6,3,0,0,3,3,21,7.0,0,0,1,3.2,3.2,0.0%,RB,2013
43,44,LaMichael James,4,31,7.8,11,0,0,0,0,0,0.0,0,0,1,3.1,3.1,0.0%,RB,2013
44,45,LeGarrette Blount,12,51,4.3,10,0,0,0,0,0,0.0,0,1,1,3.1,3.1,0.1%,RB,2013
45,46,Kendall Hunter,5,29,5.8,13,0,0,0,0,0,0.0,0,0,1,2.9,2.9,0.0%,RB,2013
46,47,Jed Collins,3,11,3.7,5,0,0,4,5,17,4.3,0,0,1,2.8,2.8,0.0%,RB,2013
47,48,Chris Ivory,4,27,6.8,19,0,0,0,0,0,0.0,0,0,1,2.7,2.7,0.0%,RB,2013
48,49,Tashard Choice,5,22,4.4,6,0,0,0,0,0,0.0,0,0,1,2.2,2.2,0.0%,RB,2013
49,50,Ben Tate,7,28,4.0,11,0,0,2,2,12,6.0,0,1,1,2.0,2.0,0.0%,RB,2013
50,51,Alfonso Smith,1,-2,-2.0,0,0,0,3,3,20,6.7,0,0,1,1.8,1.8,0.0%,RB,2013
51,52,Bryce Brown,5,11,2.2,7,0,0,1,2,6,6.0,0,0,1,1.7,1.7,0.0%,RB,2013
52,53,Brandon Jacobs,11,37,3.4,7,0,0,0,3,0,0.0,0,1,1,1.7,1.7,0.0%,RB,2013
53,54,Jordan Todman,3,16,5.3,9,0,0,0,0,0,0.0,0,0,1,1.6,1.6,0.0%,RB,2013
54,55,Jamize Olawale,0,0,0.0,0,0,0,2,2,15,7.5,0,0,1,1.5,1.5,0.0%,RB,2013
55,56,Lamar Miller,7,15,2.1,9,0,0,0,0,0,0.0,0,0,1,1.5,1.5,0.0%,RB,2013
56,57,Robert Turbin,4,14,3.5,8,0,0,0,0,0,0.0,0,0,1,1.4,1.4,0.0%,RB,2013
57,58,Benny Cunningham,4,13,3.3,6,0,0,0,0,0,0.0,0,0,1,1.3,1.3,0.0%,RB,2013
58,59,Anthony Sherman,0,0,0.0,0,0,0,2,2,13,6.5,0,0,1,1.3,1.3,0.0%,RB,2013
59,60,Patrick DiMarco,0,0,0.0,0,0,0,1,1,12,12.0,0,0,1,1.2,1.2,0.0%,RB,2013
60,61,Daniel Thomas,2,1,0.5,1,0,0,2,2,11,5.5,0,0,1,1.2,1.2,0.0%,RB,2013
61,62,Michael Bush,2,12,6.0,7,0,0,0,0,0,0.0,0,0,1,1.2,1.2,0.0%,RB,2013
62,63,Khiry Robinson,3,9,3.0,8,0,0,0,0,0,0.0,0,0,1,0.9,0.9,0.0%,RB,2013
63,64,Antone Smith,1,8,8.0,8,0,0,0,0,0,0.0,0,0,1,0.8,0.8,0.0%,RB,2013
64,65,Ryan Mathews,3,8,2.7,5,0,0,0,0,0,0.0,0,0,1,0.8,0.8,0.0%,RB,2013
65,66,Chris Ogbonnaya,0,0,0.0,0,0,0,1,2,7,7.0,0,0,1,0.7,0.7,0.0%,RB,2013
66,67,Robert Hughes,0,0,0.0,0,0,0,1,2,6,6.0,0,0,1,0.6,0.6,0.0%,RB,2013
67,68,Cierre Wood,1,5,5.0,5,0,0,0,0,0,0.0,0,0,1,0.5,0.5,0.0%,RB,2013
68,69,Kenjon Barner,0,0,0.0,0,0,0,1,2,5,5.0,0,0,1,0.5,0.5,0.0%,RB,2013
69,70,Will Ta'ufo'ou,0,0,0.0,0,0,0,1,1,5,5.0,0,0,1,0.5,0.5,0.0%,RB,2013
70,71,Bobby Rainey,2,8,4.0,7,0,0,1,1,-5,-5.0,0,0,1,0.3,0.3,0.0%,RB,2013
71,72,Chris Polk,2,3,1.5,3,0,0,0,0,0,0.0,0,0,1,0.3,0.3,0.0%,RB,2013
72,73,Knile Davis,1,2,2.0,2,0,0,0,1,0,0.0,0,0,1,0.2,0.2,0.0%,RB,2013
73,74,Justin Forsett,1,2,2.0,2,0,0,0,0,0,0.0,0,0,1,0.2,0.2,0.0%,RB,2013
74,75,Johnathan Franklin,3,1,0.3,3,0,0,0,0,0,0.0,0,0,1,0.1,0.1,0.0%,RB,2013
75,76,Jeremy Stewart,0,0,0.0,0,0,0,1,1,1,1.0,0,0,1,0.1,0.1,0.0%,RB,2013
76,77,Montee Ball,1,1,1.0,1,0,0,0,0,0,0.0,0,0,1,0.1,0.1,0.0%,RB,2013
77,78,Cory Harkey,0,0,0.0,0,0,0,1,2,17,17.0,0,0,1,0.0,0.0,0.2%,RB,2013
78,79,Mario Harvey,0,0,0.0,0,0,0,0,0,0,0.0,0,0,1,0.0,0.0,0.0%,RB,2013
79,80,Marcus Thigpen,0,0,0.0,0,0,0,1,1,5,5.0,0,0,1,0.0,0.0,0.0%,RB,2013
80,81,Travaris Cadet,0,0,0.0,0,0,0,0,0,0,0.0,0,0,1,0.0,0.0,0.0%,RB,2013
81,82,Lance Dunbar,0,0,0.0,0,0,0,0,0,0,0.0,0,0,1,0.0,0.0,0.0%,RB,2013
82,83,Collin Mooney,0,0,0.0,0,0,0,0,0,0,0.0,0,0,1,0.0,0.0,0.0%,RB,2013
83,84,Theo Riddick,0,0,0.0,0,0,0,0,0,0,0.0,0,0,1,0.0,0.0,0.0%,RB,2013
84,85,Michael Ford,0,0,0.0,0,0,0,0,0,0,0.0,0,0,1,0.0,0.0,0.0%,RB,2013
85,86,Joseph Randle,0,0,0.0,0,0,0,0,0,0,0.0,0,0,1,0.0,0.0,0.0%,RB,2013
86,87,Denard Robinson,0,0,0.0,0,0,0,0,0,0,0.0,0,0,1,0.0,0.0,0.2%,RB,2013
87,88,Phillip Tanner,0,0,0.0,0,0,0,0,0,0,0.0,0,0,1,0.0,0.0,0.0%,RB,2013
88,89,Nick Bellore,0,0,0.0,0,0,0,0,0,0,0.0,0,0,1,0.0,0.0,7.0%,RB,2013
89,90,Armond Smith,0,0,0.0,0,0,0,0,0,0,0.0,0,0,1,0.0,0.0,0.0%,RB,2013
90,91,Isaiah Pead,0,0,0.0,0,0,0,0,1,0,0.0,0,0,1,0.0,0.0,0.0%,RB,2013
91,92,Cyrus Gray,0,0,0.0,0,0,0,0,0,0,0.0,0,0,1,0.0,0.0,0.0%,RB,2013
92,93,Shaun Draughn,0,0,0.0,0,0,0,0,0,0,0.0,0,0,1,0.0,0.0,0.0%,RB,2013
93,94,Christine Michael,0,0,0.0,0,0,0,0,0,0,0.0,0,0,1,0.0,0.0,0.0%,RB,2013
94,95,Chase Reynolds,0,0,0.0,0,0,0,0,0,0,0.0,0,0,1,0.0,0.0,0.0%,RB,2013
95,96,Derrick Coleman,0,0,0.0,0,0,0,0,0,0,0.0,0,0,1,0.0,0.0,0.1%,RB,2013
96,97,James Develin,0,0,0.0,0,0,0,0,0,0,0.0,0,0,1,0.0,0.0,0.0%,RB,2013
97,98,Michael Hill,0,0,0.0,0,0,0,0,0,0,0.0,0,0,1,0.0,0.0,0.0%,RB,2013
98,99,Michael Cox,0,0,0.0,0,0,0,0,0,0,0.0,0,0,1,0.0,0.0,0.0%,RB,2013
99,100,Tommy Bohanon,0,0,0.0,0,0,0,0,0,0,0.0,0,0,1,0.0,0.0,0.0%,RB,2013
100,101,Kyle Juszczyk,0,0,0.0,0,0,0,0,1,0,0.0,0,0,1,0.0,0.0,0.9%,RB,2013
101,102,Stepfan Taylor,0,0,0.0,0,0,0,0,0,0,0.0,0,0,1,0.0,0.0,0.2%,RB,2013
102,103,John Kuhn,0,0,0.0,0,0,0,0,0,0,0.0,0,0,1,0.0,0.0,0.0%,RB,2013
103,104,Leon Washington,0,0,0.0,0,0,0,0,0,0,0.0,0,0,1,0.0,0.0,0.0%,RB,2013
104,105,Le'Ron McClain,0,0,0.0,0,0,0,0,0,0,0.0,0,0,1,0.0,0.0,0.0%,RB,2013
105,106,Greg Jones,0,0,0.0,0,0,0,0,1,0,0.0,0,0,1,0.0,0.0,0.0%,RB,2013
106,107,Darius Reynaud,0,0,0.0,0,0,0,0,0,0,0.0,0,0,1,0.0,0.0,0.0%,RB,2013
107,108,Josh Vaughan,0,0,0.0,0,0,0,0,0,0,0.0,0,0,1,0.0,0.0,0.0%,RB,2013
108,109,John Conner,0,0,0.0,0,0,0,0,0,0,0.0,0,0,1,0.0,0.0,0.0%,RB,2013
109,110,Cedric Peerman,0,0,0.0,0,0,0,0,0,0,0.0,0,0,1,0.0,0.0,0.0%,RB,2013
110,111,Taiwan Jones,0,0,0.0,0,0,0,0,0,0,0.0,0,0,1,0.0,0.0,0.0%,RB,2013
111,112,Bruce Miller,0,0,0.0,0,0,0,1,1,4,4.0,0,0,1,0.0,0.0,0.0%,RB,2013
112,113,Alex Green,0,0,0.0,0,0,0,0,0,0,0.0,0,0,1,0.0,0.0,0.0%,RB,2013
113,114,Dexter McCluster,0,0,0.0,0,0,0,0,3,0,0.0,0,0,1,0.0,0.0,0.0%,RB,2013
114,115,Frank Summers,0,0,0.0,0,0,0,0,0,0,0.0,0,0,1,0.0,0.0,0.0%,RB,2013
115,116,Vonta Leach,0,0,0.0,0,0,0,0,1,0,0.0,0,0,1,0.0,0.0,0.0%,RB,2013
116,117,Tony Fiammetta,0,0,0.0,0,0,0,0,0,0,0.0,0,0,1,0.0,0.0,0.0%,RB,2013
