,Rank,Player,Receiving Receptions,Receiving Target,Receiving Yards,Yards/Reception,Longest Reception,Receiving 20+,Receiving Touchdowns,Rushing Attempts,Rushing Yards,Rushing Touchdown,Fumbles,Games Played,Fantasy Football Points,FTPS/Game,ROST,Position,Year
0,1,Zach Ertz,5,6,68,13.6,24,2,2,0,0,0,0,1,18.8,18.8,3.6%,TE,2013
1,2,Rob Gronkowski,6,12,127,21.2,50,1,1,0,0,0,0,1,18.7,18.7,1.5%,TE,2013
2,3,Zach Miller,5,8,86,17.2,60,0,1,0,0,0,0,1,14.6,14.6,0.0%,TE,2013
3,4,Vernon Davis,4,5,82,20.5,23,3,1,0,0,0,0,1,14.2,14.2,1.6%,TE,2013
4,5,Brandon Myers,5,6,61,12.2,22,1,1,0,0,0,0,1,12.1,12.1,0.0%,TE,2013
5,6,Ladarius Green,2,6,45,22.5,30,0,1,0,0,0,0,1,10.5,10.5,0.0%,TE,2013
6,7,Tony Gonzalez,4,7,42,10.5,12,0,1,0,0,0,0,1,10.2,10.2,0.0%,TE,2013
7,8,Jimmy Graham,3,9,42,14.0,20,2,1,0,0,0,0,1,10.2,10.2,0.0%,TE,2013
8,9,Logan Paulsen,3,4,41,13.7,19,0,1,0,0,0,0,1,10.1,10.1,0.0%,TE,2013
9,10,Brent Celek,4,6,29,7.3,16,0,1,0,0,0,0,1,8.9,8.9,0.0%,TE,2013
10,11,Anthony Fasano,3,5,28,9.3,12,0,1,0,0,0,0,1,8.8,8.8,0.1%,TE,2013
11,12,Heath Miller,8,9,86,10.8,21,1,0,0,0,0,0,1,8.6,8.6,0.0%,TE,2013
12,13,Marcedes Lewis,3,4,26,8.7,14,0,1,0,0,0,0,1,8.6,8.6,0.1%,TE,2013
13,14,Jim Dray,3,3,26,8.7,17,0,1,0,0,0,0,1,8.6,8.6,0.0%,TE,2013
14,15,Greg Olsen,5,7,85,17.0,30,1,0,0,0,0,0,1,8.5,8.5,7.0%,TE,2013
15,16,Clay Harbor,2,3,23,11.5,18,0,1,0,0,0,0,1,8.3,8.3,0.0%,TE,2013
16,17,Charles Clay,7,10,80,11.4,28,1,0,1,0,0,0,1,8.0,8.0,0.0%,TE,2013
17,18,John Carlson,4,5,61,15.3,22,1,0,0,0,0,0,1,6.1,6.1,0.0%,TE,2013
18,19,Jason Witten,3,3,53,17.7,22,1,0,0,0,0,0,1,5.3,5.3,0.0%,TE,2013
19,20,Coby Fleener,3,5,50,16.7,21,1,0,0,0,0,0,1,5.0,5.0,0.0%,TE,2013
20,21,Jared Cook,3,6,49,16.3,20,2,0,0,0,0,0,1,4.9,4.9,0.0%,TE,2013
21,22,Scott Chandler,4,6,63,15.8,23,2,0,0,0,0,1,1,4.3,4.3,0.0%,TE,2013
22,23,Jordan Cameron,4,7,43,10.8,26,1,0,0,0,0,0,1,4.3,4.3,0.1%,TE,2013
23,24,Garrett Graham,3,11,36,12.0,17,0,0,0,0,0,0,1,3.6,3.6,0.0%,TE,2013
24,25,Mychal Rivera,2,3,30,15.0,22,1,0,0,0,0,0,1,3.0,3.0,0.2%,TE,2013
25,26,Kellen Winslow,3,3,26,8.7,12,0,0,0,0,0,0,1,2.6,2.6,0.0%,TE,2013
26,27,Dorin Dickerson,1,1,26,26.0,26,1,0,0,0,0,0,1,2.6,2.6,0.0%,TE,2013
27,28,Rob Housler,3,6,21,7.0,10,0,0,0,0,0,0,1,2.1,2.1,0.0%,TE,2013
28,29,Antonio Gates,5,9,41,8.2,13,0,0,0,0,0,1,1,2.1,2.1,0.2%,TE,2013
29,30,Bruce Miller,2,4,20,10.0,21,1,0,0,0,0,0,1,2.0,2.0,0.0%,TE,2013
30,31,Tim Wright,2,3,17,8.5,10,0,0,0,0,0,0,1,1.7,1.7,0.0%,TE,2013
31,32,Ed Dickson,1,2,16,16.0,16,0,0,0,0,0,0,1,1.6,1.6,0.0%,TE,2013
32,33,Martellus Bennett,2,5,14,7.0,9,0,0,0,0,0,0,1,1.4,1.4,23.0%,TE,2013
33,34,Fred Davis,2,4,13,6.5,12,0,0,0,0,0,0,1,1.3,1.3,0.0%,TE,2013
34,35,Levine Toilolo,1,1,12,12.0,12,0,0,0,0,0,0,1,1.2,1.2,0.0%,TE,2013
35,36,Sean McGrath,1,3,11,11.0,11,0,0,0,0,0,0,1,1.1,1.1,0.0%,TE,2013
36,37,Bear Pascoe,2,3,11,5.5,8,0,0,0,0,0,0,1,1.1,1.1,0.0%,TE,2013
37,38,Tyler Eifert,1,2,9,9.0,9,0,0,0,0,0,0,1,0.9,0.9,0.0%,TE,2013
38,39,Dion Sims,1,2,8,8.0,8,0,0,0,0,0,0,1,0.8,0.8,0.0%,TE,2013
39,40,Dallas Clark,1,2,8,8.0,8,0,0,0,0,0,0,1,0.8,0.8,0.0%,TE,2013
40,41,Ryan Taylor,1,1,8,8.0,8,0,0,0,0,0,0,1,0.8,0.8,0.0%,TE,2013
41,42,Andrew Quarless,1,2,7,7.0,7,0,0,0,0,0,0,1,0.7,0.7,0.0%,TE,2013
42,43,Brandon Pettigrew,1,2,6,6.0,6,0,0,0,0,0,0,1,0.6,0.6,0.0%,TE,2013
43,44,Jeff Cumberland,1,3,6,6.0,6,0,0,0,0,0,0,1,0.6,0.6,0.0%,TE,2013
44,45,Delanie Walker,1,2,5,5.0,5,0,0,0,0,0,0,1,0.5,0.5,0.1%,TE,2013
45,46,Jacob Tamme,1,3,3,3.0,3,0,0,0,0,0,0,1,0.3,0.3,0.0%,TE,2013
46,47,Virgil Green,1,1,2,2.0,2,0,0,0,0,0,0,1,0.2,0.2,0.0%,TE,2013
47,48,Luke Willson,1,1,2,2.0,2,0,0,0,0,0,0,1,0.2,0.2,0.0%,TE,2013
48,49,Chase Ford,1,1,2,2.0,2,0,0,0,0,0,0,1,0.2,0.2,0.0%,TE,2013
49,50,Alex Smith,0,0,0,0.0,0,0,0,0,0,0,0,1,0.0,0.0,0.0%,TE,2013
50,51,Zach Sudfeld,0,0,0,0.0,0,0,0,0,0,0,0,1,0.0,0.0,0.0%,TE,2013
51,52,Jake Stoneburner,0,0,0,0.0,0,0,0,0,0,0,0,1,0.0,0.0,0.0%,TE,2013
52,53,Joseph Fauria,0,1,0,0.0,0,0,0,0,0,0,0,1,0.0,0.0,0.0%,TE,2013
53,54,Gavin Escobar,0,0,0,0.0,0,0,0,0,0,0,0,1,0.0,0.0,0.0%,TE,2013
54,55,Nick Kasa,0,0,0,0.0,0,0,0,0,0,0,0,1,0.0,0.0,0.0%,TE,2013
55,56,Vance McDonald,0,0,0,0.0,0,0,0,0,0,0,0,1,0.0,0.0,0.0%,TE,2013
56,57,Ryan Griffin,0,0,0,0.0,0,0,0,0,0,0,0,1,0.0,0.0,0.0%,TE,2013
57,58,Cory Harkey,0,0,0,0.0,0,0,0,0,0,0,0,1,0.0,0.0,0.2%,TE,2013
58,59,MarQueis Gray,0,0,0,0.0,0,0,0,0,0,0,0,1,0.0,0.0,0.0%,TE,2013
59,60,Keavon Milton,0,0,0,0.0,0,0,0,0,0,0,0,1,0.0,0.0,0.0%,TE,2013
60,61,Brandon Williams,0,0,0,0.0,0,0,0,0,0,0,0,1,0.0,0.0,0.0%,TE,2013
61,62,Jack Doyle,0,0,0,0.0,0,0,0,0,0,0,0,1,0.0,0.0,2.0%,TE,2013
62,63,Larry Donnell,0,0,0,0.0,0,0,0,0,0,0,0,1,0.0,0.0,0.0%,TE,2013
63,64,Jake Byrne,0,0,0,0.0,0,0,0,0,0,0,0,1,0.0,0.0,0.0%,TE,2013
64,65,Mike McNeill,0,0,0,0.0,0,0,0,0,0,0,0,1,0.0,0.0,0.0%,TE,2013
65,66,Michael Egnew,0,0,0,0.0,0,0,0,0,0,0,0,1,0.0,0.0,0.0%,TE,2013
66,67,Orson Charles,0,0,0,0.0,0,0,0,0,0,0,0,1,0.0,0.0,0.0%,TE,2013
67,68,Evan Rodriguez,0,0,0,0.0,0,0,0,0,0,0,0,1,0.0,0.0,0.0%,TE,2013
68,69,Rhett Ellison,0,1,0,0.0,0,0,0,0,0,0,0,1,0.0,0.0,0.0%,TE,2013
69,70,Derek Carrier,0,0,0,0.0,0,0,0,0,0,0,0,1,0.0,0.0,0.0%,TE,2013
70,71,Danny Noble,0,0,0,0.0,0,0,0,0,0,0,0,1,0.0,0.0,0.0%,TE,2013
71,72,Andre Smith,0,0,0,0.0,0,0,0,0,0,0,0,1,0.0,0.0,0.0%,TE,2013
72,73,Taylor Thompson,0,3,0,0.0,0,0,0,0,0,0,0,1,0.0,0.0,0.0%,TE,2013
73,74,David Paulson,0,0,0,0.0,0,0,0,0,0,0,0,1,0.0,0.0,0.0%,TE,2013
74,75,James Hanna,0,0,0,0.0,0,0,0,0,0,0,0,1,0.0,0.0,0.0%,TE,2013
75,76,Jake Ballard,0,0,0,0.0,0,0,0,0,0,0,0,1,0.0,0.0,0.0%,TE,2013
76,77,Jeron Mastrud,0,0,0,0.0,0,0,0,0,0,0,0,1,0.0,0.0,0.0%,TE,2013
77,78,Gary Barnidge,0,0,0,0.0,0,0,0,0,0,0,0,1,0.0,0.0,0.1%,TE,2013
78,79,James Casey,0,0,0,0.0,0,0,0,0,0,0,0,1,0.0,0.0,0.0%,TE,2013
79,80,Joel Dreessen,0,0,0,0.0,0,0,0,0,0,0,0,1,0.0,0.0,0.0%,TE,2013
80,81,John Phillips,0,0,0,0.0,0,0,0,0,0,0,0,1,0.0,0.0,0.0%,TE,2013
81,82,Kellen Davis,0,0,0,0.0,0,0,0,0,0,0,0,1,0.0,0.0,0.2%,TE,2013
82,83,Benjamin Watson,0,1,0,0.0,0,0,0,0,0,0,0,1,0.0,0.0,2.8%,TE,2013
83,84,Chase Coffman,0,0,0,0.0,0,0,0,0,0,0,0,1,0.0,0.0,0.0%,TE,2013
84,85,Dante Rosario,0,0,0,0.0,0,0,0,0,0,0,0,1,0.0,0.0,0.0%,TE,2013
85,86,Clark Harris,0,0,0,0.0,0,0,0,0,0,0,0,1,0.0,0.0,0.0%,TE,2013
86,87,Michael Palmer,0,0,0,0.0,0,0,0,0,0,0,0,1,0.0,0.0,0.0%,TE,2013
87,88,Lance Kendricks,0,0,0,0.0,0,0,0,0,0,0,0,1,0.0,0.0,0.0%,TE,2013
88,89,Kyle Adams,0,0,0,0.0,0,0,0,0,0,0,0,1,0.0,0.0,0.0%,TE,2013
89,90,Richie Brockel,0,0,0,0.0,0,0,0,0,0,0,0,1,0.0,0.0,0.0%,TE,2013
90,91,Lee Smith,0,0,0,0.0,0,0,0,0,0,0,0,1,0.0,0.0,0.0%,TE,2013
91,92,D.J. Williams,0,0,0,0.0,0,0,0,0,0,0,0,1,0.0,0.0,0.0%,TE,2013
92,93,Matthew Mulligan,0,0,0,0.0,0,0,0,0,0,0,0,1,0.0,0.0,0.0%,TE,2013
93,94,Mike Leach,0,0,0,0.0,0,0,0,0,0,0,0,1,0.0,0.0,0.0%,TE,2013
94,95,Zach Miller,0,0,0,0.0,0,0,0,0,0,0,0,1,0.0,0.0,0.0%,TE,2013
95,96,Jermaine Gresham,0,2,0,0.0,0,0,0,0,0,0,0,1,0.0,0.0,0.0%,TE,2013
96,97,Josh Hill,0,1,0,0.0,0,0,0,0,0,0,0,1,0.0,0.0,0.0%,TE,2013
97,98,Kyle Nelson,0,0,0,0.0,0,0,0,0,0,0,0,1,0.0,0.0,0.0%,TE,2013
98,99,Beau Brinkley,0,0,0,0.0,0,0,0,0,0,0,0,1,0.0,0.0,0.2%,TE,2013
99,100,Kevin McDermott,0,0,0,0.0,0,0,0,0,0,0,0,1,0.0,0.0,0.0%,TE,2013
