,Rank,Player,Receiving Receptions,Receiving Target,Receiving Yards,Yards/Reception,Longest Reception,Receiving 20+,Receiving Touchdowns,Rushing Attempts,Rushing Yards,Rushing Touchdown,Fumbles,Games Played,Fantasy Football Points,FTPS/Game,ROST,Position,Year
0,1,Julius Thomas,6,8,78,13.0,25,2,1,0,0,0,0,1,13.8,13.8,0.0%,TE,2013
1,2,Jimmy Graham,5,11,73,14.6,46,0,1,0,0,0,0,1,13.3,13.3,0.0%,TE,2013
2,3,Tony Gonzalez,8,11,63,7.9,15,0,1,0,0,0,0,1,12.3,12.3,0.0%,TE,2013
3,4,Marcedes Lewis,4,6,50,12.5,30,0,1,0,0,0,0,1,11.0,11.0,0.1%,TE,2013
4,5,Brent Celek,3,4,58,19.3,24,2,1,0,0,0,1,1,9.8,9.8,0.0%,TE,2013
5,6,Jermaine Gresham,3,3,46,15.3,19,0,1,0,0,0,1,1,8.6,8.6,0.0%,TE,2013
6,7,Martellus Bennett,5,8,85,17.0,30,1,0,0,0,0,0,1,8.5,8.5,23.0%,TE,2013
7,8,Matt Spaeth,1,1,11,11.0,11,0,1,0,0,0,0,1,7.1,7.1,0.0%,TE,2013
8,9,Zach Miller,1,3,11,11.0,11,0,1,0,0,0,0,1,7.1,7.1,0.0%,TE,2013
9,10,Ryan Griffin,5,5,66,13.2,40,0,0,0,0,0,0,1,6.6,6.6,0.0%,TE,2013
10,11,Joseph Fauria,3,7,43,14.3,17,0,0,0,0,0,0,1,6.3,6.3,0.0%,TE,2013
11,12,Brandon Myers,4,7,53,13.3,25,1,0,0,0,0,0,1,5.3,5.3,0.0%,TE,2013
12,13,Ed Dickson,4,5,44,11.0,17,0,0,0,0,0,0,1,4.4,4.4,0.0%,TE,2013
13,14,Mychal Rivera,2,3,43,21.5,37,0,0,0,0,0,0,1,4.3,4.3,0.2%,TE,2013
14,15,Antonio Gates,3,3,42,14.0,16,0,0,0,0,0,0,1,4.2,4.2,0.2%,TE,2013
15,16,Delanie Walker,4,7,35,8.8,11,0,0,0,0,0,0,1,3.5,3.5,0.1%,TE,2013
16,17,Greg Olsen,4,7,35,8.8,14,0,0,0,0,0,0,1,3.5,3.5,7.0%,TE,2013
17,18,Kellen Winslow,3,5,35,11.7,16,0,0,0,0,0,0,1,3.5,3.5,0.0%,TE,2013
18,19,Dennis Pitta,4,7,34,8.5,15,0,0,0,0,0,0,1,3.4,3.4,0.0%,TE,2013
19,20,Charles Clay,4,7,32,8.0,13,0,0,0,0,0,0,1,3.2,3.2,0.0%,TE,2013
20,21,Scott Chandler,2,3,31,15.5,16,0,0,0,0,0,0,1,3.1,3.1,0.0%,TE,2013
21,22,David Paulson,1,1,30,30.0,30,0,0,0,0,0,0,1,3.0,3.0,0.0%,TE,2013
22,23,Jeff Cumberland,2,3,30,15.0,18,0,0,0,0,0,0,1,3.0,3.0,0.0%,TE,2013
23,24,Jared Cook,2,2,27,13.5,18,0,0,0,0,0,0,1,2.7,2.7,0.0%,TE,2013
24,25,Tim Wright,4,6,27,6.8,8,0,0,0,0,0,0,1,2.7,2.7,0.0%,TE,2013
25,26,Zach Ertz,1,1,27,27.0,27,1,0,0,0,0,0,1,2.7,2.7,3.6%,TE,2013
26,27,Benjamin Watson,2,2,26,13.0,22,1,0,0,0,0,0,1,2.6,2.6,2.8%,TE,2013
27,28,Lee Smith,1,1,24,24.0,24,1,0,0,0,0,0,1,2.4,2.4,0.0%,TE,2013
28,29,Gary Barnidge,2,4,23,11.5,16,0,0,0,0,0,0,1,2.3,2.3,0.1%,TE,2013
29,30,Rhett Ellison,2,3,22,11.0,17,0,0,0,0,0,0,1,2.2,2.2,0.0%,TE,2013
30,31,Jacob Tamme,3,3,22,7.3,10,0,0,0,0,0,0,1,2.2,2.2,0.0%,TE,2013
31,32,Cory Harkey,3,3,22,7.3,10,0,0,0,0,0,0,1,2.2,2.2,0.2%,TE,2013
32,33,Andrew Quarless,1,4,19,19.0,19,0,0,0,0,0,0,1,1.9,1.9,0.0%,TE,2013
33,34,Anthony Fasano,1,3,19,19.0,19,0,0,0,0,0,0,1,1.9,1.9,0.1%,TE,2013
34,35,Heath Miller,3,4,17,5.7,6,0,0,0,0,0,0,1,1.7,1.7,0.0%,TE,2013
35,36,Jake Ballard,1,3,17,17.0,17,0,0,0,0,0,0,1,1.7,1.7,0.0%,TE,2013
36,37,Jim Dray,3,3,16,5.3,8,0,0,0,0,0,0,1,1.6,1.6,0.0%,TE,2013
37,38,Jason Witten,2,2,13,6.5,8,0,0,0,0,0,0,1,1.3,1.3,0.0%,TE,2013
38,39,Jeron Mastrud,1,3,12,12.0,12,0,0,0,0,0,0,1,1.2,1.2,0.0%,TE,2013
39,40,Michael Hoomanawanui,1,1,9,9.0,9,0,0,0,0,0,0,1,0.9,0.9,0.1%,TE,2013
40,41,Fred Davis,1,1,9,9.0,9,0,0,0,0,0,0,1,0.9,0.9,0.0%,TE,2013
41,42,Bear Pascoe,1,2,7,7.0,7,0,0,1,2,0,0,1,0.9,0.9,0.0%,TE,2013
42,43,Virgil Green,1,1,8,8.0,8,0,0,0,0,0,0,1,0.8,0.8,0.0%,TE,2013
43,44,Dorin Dickerson,1,3,8,8.0,8,0,0,0,0,0,0,1,0.8,0.8,0.0%,TE,2013
44,45,Coby Fleener,2,3,8,4.0,6,0,0,0,0,0,0,1,0.8,0.8,0.0%,TE,2013
45,46,Logan Paulsen,2,2,7,3.5,5,0,0,0,0,0,0,1,0.7,0.7,0.0%,TE,2013
46,47,Tyler Eifert,1,1,6,6.0,6,0,0,0,0,0,0,1,0.6,0.6,0.0%,TE,2013
47,48,Jack Doyle,1,1,6,6.0,6,0,0,0,0,0,0,1,0.6,0.6,2.0%,TE,2013
48,49,Weslye Saunders,1,2,6,6.0,6,0,0,0,0,0,0,1,0.6,0.6,0.0%,TE,2013
49,50,John Phillips,1,1,5,5.0,5,0,0,0,0,0,0,1,0.5,0.5,0.0%,TE,2013
50,51,Lance Kendricks,1,1,4,4.0,4,0,0,0,0,0,0,1,0.4,0.4,0.0%,TE,2013
51,52,Luke Willson,1,1,3,3.0,3,0,0,0,0,0,0,1,0.3,0.3,0.0%,TE,2013
52,53,Alex Smith,0,0,0,0.0,0,0,0,0,0,0,0,1,0.0,0.0,0.0%,TE,2013
53,54,MarQueis Gray,0,4,0,0.0,0,0,0,0,0,0,0,1,0.0,0.0,0.0%,TE,2013
54,55,Jake Stoneburner,0,0,0,0.0,0,0,0,0,0,0,0,1,0.0,0.0,0.0%,TE,2013
55,56,Dion Sims,0,0,0,0.0,0,0,0,0,0,0,0,1,0.0,0.0,0.0%,TE,2013
56,57,Gavin Escobar,0,0,0,0.0,0,0,0,0,0,0,0,1,0.0,0.0,0.0%,TE,2013
57,58,Levine Toilolo,0,0,0,0.0,0,0,0,0,0,0,0,1,0.0,0.0,0.0%,TE,2013
58,59,Nick Kasa,0,0,0,0.0,0,0,0,0,0,0,0,1,0.0,0.0,0.0%,TE,2013
59,60,Chris Gragg,0,0,0,0.0,0,0,0,0,0,0,0,1,0.0,0.0,0.0%,TE,2013
60,61,Vance McDonald,0,2,0,0.0,0,0,0,0,0,0,0,1,0.0,0.0,0.0%,TE,2013
61,62,Zach Sudfeld,0,0,0,0.0,0,0,0,0,0,0,0,1,0.0,0.0,0.0%,TE,2013
62,63,Sean McGrath,0,0,0,0.0,0,0,0,0,0,0,0,1,0.0,0.0,0.0%,TE,2013
63,64,Keavon Milton,0,0,0,0.0,0,0,0,0,0,0,0,1,0.0,0.0,0.0%,TE,2013
64,65,Larry Donnell,0,0,0,0.0,0,0,0,0,0,0,0,1,0.0,0.0,0.0%,TE,2013
65,66,Chase Ford,0,2,0,0.0,0,0,0,0,0,0,0,1,0.0,0.0,0.0%,TE,2013
66,67,Taylor Thompson,0,0,0,0.0,0,0,0,0,0,0,0,1,0.0,0.0,0.0%,TE,2013
67,68,Ladarius Green,0,1,0,0.0,0,0,0,0,0,0,0,1,0.0,0.0,0.0%,TE,2013
68,69,Michael Egnew,0,0,0,0.0,0,0,0,0,0,0,0,1,0.0,0.0,0.0%,TE,2013
69,70,Orson Charles,0,0,0,0.0,0,0,0,0,0,0,0,1,0.0,0.0,0.0%,TE,2013
70,71,Evan Rodriguez,0,0,0,0.0,0,0,0,0,0,0,0,1,0.0,0.0,0.0%,TE,2013
71,72,Adrien Robinson,0,0,0,0.0,0,0,0,0,0,0,0,1,0.0,0.0,0.0%,TE,2013
72,73,James Hanna,0,0,0,0.0,0,0,0,0,0,0,0,1,0.0,0.0,0.0%,TE,2013
73,74,Mike McNeill,0,0,0,0.0,0,0,0,0,0,0,0,1,0.0,0.0,0.0%,TE,2013
74,75,Danny Noble,0,0,0,0.0,0,0,0,0,0,0,0,1,0.0,0.0,0.0%,TE,2013
75,76,Garrett Celek,0,0,0,0.0,0,0,0,0,0,0,0,1,0.0,0.0,0.0%,TE,2013
76,77,Brad Smelley,0,0,0,0.0,0,0,0,0,0,0,0,1,0.0,0.0,0.0%,TE,2013
77,78,James Casey,0,0,0,0.0,0,0,0,0,0,0,0,1,0.0,0.0,0.0%,TE,2013
78,79,Joel Dreessen,0,0,0,0.0,0,0,0,0,0,0,0,1,0.0,0.0,0.0%,TE,2013
79,80,Kellen Davis,0,0,0,0.0,0,0,0,0,0,0,0,1,0.0,0.0,0.2%,TE,2013
80,81,Ben Hartsock,0,0,0,0.0,0,0,0,0,0,0,0,1,0.0,0.0,0.0%,TE,2013
81,82,Dante Rosario,0,0,0,0.0,0,0,0,0,0,0,0,1,0.0,0.0,0.0%,TE,2013
82,83,Craig Stevens,0,0,0,0.0,0,0,0,0,0,0,0,1,0.0,0.0,0.0%,TE,2013
83,84,Clark Harris,0,0,0,0.0,0,0,0,0,0,0,0,1,0.0,0.0,0.0%,TE,2013
84,85,Clay Harbor,0,1,0,0.0,0,0,0,0,0,0,0,1,0.0,0.0,0.0%,TE,2013
85,86,Michael Palmer,0,0,0,0.0,0,0,0,0,0,0,0,1,0.0,0.0,0.0%,TE,2013
86,87,Rob Housler,0,2,0,0.0,0,0,0,0,0,0,0,1,0.0,0.0,0.0%,TE,2013
87,88,Kyle Adams,0,0,0,0.0,0,0,0,0,0,0,0,1,0.0,0.0,0.0%,TE,2013
88,89,Richie Brockel,0,0,0,0.0,0,0,0,0,0,0,0,1,0.0,0.0,0.0%,TE,2013
89,90,Ryan Taylor,0,0,0,0.0,0,0,0,0,0,0,0,1,0.0,0.0,0.0%,TE,2013
90,91,Richard Gordon,0,0,0,0.0,0,0,0,0,0,0,0,1,0.0,0.0,0.0%,TE,2013
91,92,Niles Paul,0,0,0,0.0,0,0,0,0,0,0,0,1,0.0,0.0,0.0%,TE,2013
92,93,Matthew Mulligan,0,0,0,0.0,0,0,0,0,0,0,0,1,0.0,0.0,0.0%,TE,2013
93,94,Mike Leach,0,0,0,0.0,0,0,0,0,0,0,0,1,0.0,0.0,0.0%,TE,2013
94,95,Zach Miller,0,0,0,0.0,0,0,0,0,0,0,0,1,0.0,0.0,0.0%,TE,2013
95,96,Tony Moeaki,0,0,0,0.0,0,0,0,0,0,0,0,1,0.0,0.0,0.0%,TE,2013
96,97,Vernon Davis,0,3,0,0.0,0,0,0,0,0,0,0,1,0.0,0.0,1.6%,TE,2013
97,98,Kyle Nelson,0,0,0,0.0,0,0,0,0,0,0,0,1,0.0,0.0,0.0%,TE,2013
98,99,Beau Brinkley,0,0,0,0.0,0,0,0,0,0,0,0,1,0.0,0.0,0.2%,TE,2013
99,100,Kevin McDermott,0,0,0,0.0,0,0,0,0,0,0,0,1,0.0,0.0,0.0%,TE,2013
