,Rank,Player,Receiving Receptions,Receiving Target,Receiving Yards,Yards/Reception,Longest Reception,Receiving 20+,Receiving Touchdowns,Rushing Attempts,Rushing Yards,Rushing Touchdown,Fumbles,Games Played,Fantasy Football Points,FTPS/Game,ROST,Position,Year
0,1,John Carlson,7,7,98,14.0,28,2,1,0,0,0,0,1,15.8,15.8,0.0%,TE,2013
1,2,Julius Thomas,3,5,96,32.0,74,0,1,0,0,0,0,1,15.6,15.6,0.0%,TE,2013
2,3,Delanie Walker,4,8,62,15.5,33,0,1,0,0,0,0,1,12.2,12.2,0.1%,TE,2013
3,4,Jordan Reed,6,9,62,10.3,17,0,1,0,0,0,0,1,12.2,12.2,19.0%,TE,2013
4,5,Rob Housler,4,5,57,14.3,26,1,1,0,0,0,0,1,11.7,11.7,0.0%,TE,2013
5,6,Brandon Bostick,3,3,42,14.0,22,2,1,0,0,0,0,1,10.2,10.2,0.2%,TE,2013
6,7,Chris Gragg,4,6,25,6.3,9,0,1,0,0,0,0,1,8.5,8.5,0.0%,TE,2013
7,8,Brandon Pettigrew,5,5,70,14.0,23,2,0,0,0,0,0,1,7.0,7.0,0.0%,TE,2013
8,9,Taylor Thompson,1,1,9,9.0,9,0,1,0,0,0,0,1,6.9,6.9,0.0%,TE,2013
9,10,Logan Paulsen,2,3,3,1.5,2,0,1,0,0,0,0,1,6.3,6.3,0.0%,TE,2013
10,11,Ryan Griffin,1,1,2,2.0,2,0,1,0,0,0,0,1,6.2,6.2,0.0%,TE,2013
11,12,Antonio Gates,4,8,62,15.5,24,2,0,0,0,0,0,1,6.2,6.2,0.2%,TE,2013
12,13,Dallas Clark,1,2,1,1.0,1,0,1,0,0,0,0,1,6.1,6.1,0.0%,TE,2013
13,14,Jimmy Graham,5,5,59,11.8,26,1,0,0,0,0,0,1,5.9,5.9,0.0%,TE,2013
14,15,Tyler Eifert,3,9,55,18.3,40,0,0,0,0,0,0,1,5.5,5.5,0.0%,TE,2013
15,16,Coby Fleener,4,10,33,8.3,12,0,0,0,0,0,0,1,5.3,5.3,0.0%,TE,2013
16,17,Marcedes Lewis,3,6,39,13.0,27,1,0,0,0,0,0,1,3.9,3.9,0.1%,TE,2013
17,18,Tony Gonzalez,3,5,29,9.7,12,0,0,0,0,0,0,1,2.9,2.9,0.0%,TE,2013
18,19,Martellus Bennett,4,6,29,7.3,13,0,0,0,0,0,0,1,2.9,2.9,23.0%,TE,2013
19,20,Ed Dickson,3,4,28,9.3,14,0,0,0,0,0,0,1,2.8,2.8,0.0%,TE,2013
20,21,Jason Witten,2,6,27,13.5,19,0,0,0,0,0,0,1,2.7,2.7,0.0%,TE,2013
21,22,Ladarius Green,1,1,25,25.0,25,1,0,0,0,0,0,1,2.5,2.5,0.0%,TE,2013
22,23,Joseph Fauria,1,2,25,25.0,25,1,0,0,0,0,0,1,2.5,2.5,0.0%,TE,2013
23,24,Mychal Rivera,2,2,22,11.0,16,0,0,0,0,0,0,1,2.2,2.2,0.2%,TE,2013
24,25,Charles Clay,4,8,21,5.3,14,0,0,2,0,0,0,1,2.1,2.1,0.0%,TE,2013
25,26,Scott Chandler,3,3,21,7.0,8,0,0,0,0,0,0,1,2.1,2.1,0.0%,TE,2013
26,27,Luke Willson,1,2,19,19.0,19,0,0,0,0,0,0,1,1.9,1.9,0.0%,TE,2013
27,28,Tim Wright,1,1,19,19.0,19,0,0,0,0,0,0,1,1.9,1.9,0.0%,TE,2013
28,29,Garrett Graham,2,3,18,9.0,12,0,0,0,0,0,0,1,1.8,1.8,0.0%,TE,2013
29,30,Jared Cook,1,2,17,17.0,17,0,0,0,0,0,0,1,1.7,1.7,0.0%,TE,2013
30,31,Jake Ballard,1,1,15,15.0,15,0,0,0,0,0,0,1,1.5,1.5,0.0%,TE,2013
31,32,Cory Harkey,1,3,14,14.0,14,0,0,0,0,0,0,1,1.4,1.4,0.2%,TE,2013
32,33,Greg Olsen,1,3,14,14.0,14,0,0,0,0,0,0,1,1.4,1.4,7.0%,TE,2013
33,34,Clay Harbor,1,1,13,13.0,13,0,0,0,0,0,0,1,1.3,1.3,0.0%,TE,2013
34,35,James Hanna,3,3,11,3.7,7,0,0,0,0,0,0,1,1.1,1.1,0.0%,TE,2013
35,36,Bruce Miller,1,2,10,10.0,10,0,0,0,0,0,0,1,1.0,1.0,0.0%,TE,2013
36,37,Jim Dray,1,2,9,9.0,9,0,0,0,0,0,0,1,0.9,0.9,0.0%,TE,2013
37,38,Andrew Quarless,1,4,8,8.0,8,0,0,0,0,0,0,1,0.8,0.8,0.0%,TE,2013
38,39,Michael Palmer,1,1,8,8.0,8,0,0,0,0,0,0,1,0.8,0.8,0.0%,TE,2013
39,40,James Casey,1,2,8,8.0,8,0,0,0,0,0,0,1,0.8,0.8,0.0%,TE,2013
40,41,Brent Celek,1,1,7,7.0,7,0,0,0,0,0,0,1,0.7,0.7,0.0%,TE,2013
41,42,Michael Egnew,1,2,7,7.0,7,0,0,0,0,0,0,1,0.7,0.7,0.0%,TE,2013
42,43,Heath Miller,1,5,6,6.0,6,0,0,0,0,0,0,1,0.6,0.6,0.0%,TE,2013
43,44,Craig Stevens,1,1,6,6.0,6,0,0,0,0,0,0,1,0.6,0.6,0.0%,TE,2013
44,45,Benjamin Watson,1,3,5,5.0,5,0,0,0,0,0,0,1,0.5,0.5,2.8%,TE,2013
45,46,Ryan Taylor,1,1,4,4.0,4,0,0,0,0,0,0,1,0.4,0.4,0.0%,TE,2013
46,47,Virgil Green,1,1,4,4.0,4,0,0,0,0,0,0,1,0.4,0.4,0.0%,TE,2013
47,48,Alex Smith,1,2,3,3.0,3,0,0,0,0,0,0,1,0.3,0.3,0.0%,TE,2013
48,49,Chase Ford,1,1,2,2.0,2,0,0,0,0,0,0,1,0.2,0.2,0.0%,TE,2013
49,50,Vernon Davis,1,2,2,2.0,2,0,0,0,0,0,0,1,0.2,0.2,1.6%,TE,2013
50,51,Mike McNeill,0,0,0,0.0,0,0,0,0,0,0,0,1,0.0,0.0,0.0%,TE,2013
51,52,Jake Stoneburner,0,0,0,0.0,0,0,0,0,0,0,0,1,0.0,0.0,0.0%,TE,2013
52,53,Zach Ertz,0,0,0,0.0,0,0,0,0,0,0,0,1,0.0,0.0,3.6%,TE,2013
53,54,Dion Sims,0,0,0,0.0,0,0,0,0,0,0,0,1,0.0,0.0,0.0%,TE,2013
54,55,Gavin Escobar,0,0,0,0.0,0,0,0,0,0,0,0,1,0.0,0.0,0.0%,TE,2013
55,56,Levine Toilolo,0,0,0,0.0,0,0,0,0,0,0,0,1,0.0,0.0,0.0%,TE,2013
56,57,Nick Kasa,0,0,0,0.0,0,0,0,0,0,0,0,1,0.0,0.0,0.0%,TE,2013
57,58,Vance McDonald,0,2,0,0.0,0,0,0,0,0,0,0,1,0.0,0.0,0.0%,TE,2013
58,59,Jack Doyle,0,0,0,0.0,0,0,0,0,0,0,0,1,0.0,0.0,2.0%,TE,2013
59,60,Larry Donnell,0,0,0,0.0,0,0,0,0,0,0,0,1,0.0,0.0,0.0%,TE,2013
60,61,Jake Byrne,0,0,0,0.0,0,0,0,0,0,0,0,1,0.0,0.0,0.0%,TE,2013
61,62,Danny Noble,0,0,0,0.0,0,0,0,0,0,0,0,1,0.0,0.0,0.0%,TE,2013
62,63,Jeron Mastrud,0,0,0,0.0,0,0,0,0,0,0,0,1,0.0,0.0,0.0%,TE,2013
63,64,Orson Charles,0,0,0,0.0,0,0,0,0,0,0,0,1,0.0,0.0,0.0%,TE,2013
64,65,Garrett Celek,0,0,0,0.0,0,0,0,0,0,0,0,1,0.0,0.0,0.0%,TE,2013
65,66,David Paulson,0,0,0,0.0,0,0,0,0,0,0,0,1,0.0,0.0,0.0%,TE,2013
66,67,Evan Rodriguez,0,0,0,0.0,0,0,0,0,0,0,0,1,0.0,0.0,0.0%,TE,2013
67,68,Richie Brockel,0,0,0,0.0,0,0,0,0,0,0,0,1,0.0,0.0,0.0%,TE,2013
68,69,Jacob Tamme,0,0,0,0.0,0,0,0,0,0,0,0,1,0.0,0.0,0.0%,TE,2013
69,70,Joel Dreessen,0,0,0,0.0,0,0,0,0,0,0,0,1,0.0,0.0,0.0%,TE,2013
70,71,John Phillips,0,0,0,0.0,0,0,0,0,0,0,0,1,0.0,0.0,0.0%,TE,2013
71,72,Kellen Davis,0,0,0,0.0,0,0,0,0,0,0,0,1,0.0,0.0,0.2%,TE,2013
72,73,Bear Pascoe,0,0,0,0.0,0,0,0,0,0,0,0,1,0.0,0.0,0.0%,TE,2013
73,74,Ben Hartsock,0,0,0,0.0,0,0,0,0,0,0,0,1,0.0,0.0,0.0%,TE,2013
74,75,Brandon Myers,0,0,0,0.0,0,0,0,0,0,0,0,1,0.0,0.0,0.0%,TE,2013
75,76,Dante Rosario,0,2,0,0.0,0,0,0,0,0,0,0,1,0.0,0.0,0.0%,TE,2013
76,77,Clark Harris,0,0,0,0.0,0,0,0,0,0,0,0,1,0.0,0.0,0.0%,TE,2013
77,78,Chase Coffman,0,0,0,0.0,0,0,0,0,0,0,0,1,0.0,0.0,0.0%,TE,2013
78,79,Tom Crabtree,0,0,0,0.0,0,0,0,0,0,0,0,1,0.0,0.0,0.0%,TE,2013
79,80,Niles Paul,0,0,0,0.0,0,0,0,0,0,0,0,1,0.0,0.0,0.0%,TE,2013
80,81,Lee Smith,0,1,0,0.0,0,0,0,0,0,0,0,1,0.0,0.0,0.0%,TE,2013
81,82,Mike Leach,0,0,0,0.0,0,0,0,0,0,0,0,1,0.0,0.0,0.0%,TE,2013
82,83,Zach Miller,0,0,0,0.0,0,0,0,0,0,0,0,1,0.0,0.0,0.0%,TE,2013
83,84,Zach Miller,0,0,0,0.0,0,0,0,0,0,0,0,1,0.0,0.0,0.0%,TE,2013
84,85,Josh Hill,0,0,0,0.0,0,0,0,0,0,0,0,1,0.0,0.0,0.0%,TE,2013
85,86,Kyle Nelson,0,0,0,0.0,0,0,0,0,0,0,0,1,0.0,0.0,0.0%,TE,2013
86,87,Beau Brinkley,0,0,0,0.0,0,0,0,0,0,0,0,1,0.0,0.0,0.2%,TE,2013
87,88,Kevin McDermott,0,0,0,0.0,0,0,0,0,0,0,0,1,0.0,0.0,0.0%,TE,2013
