,Rank,Player,Receiving Receptions,Receiving Target,Receiving Yards,Yards/Reception,Longest Reception,Receiving 20+,Receiving Touchdowns,Rushing Attempts,Rushing Yards,Rushing Touchdown,Fumbles,Games Played,Fantasy Football Points,FTPS/Game,ROST,Position,Year
0,1,Calvin Johnson,14,17,329,23.5,87,5,1,0,0,0,1,1,36.9,36.9,0.1%,WR,2013
1,2,Marvin Jones,8,8,122,15.3,45,0,4,0,0,0,0,1,36.2,36.2,0.1%,WR,2013
2,3,Kenny Stills,3,4,129,43.0,69,0,2,1,4,0,0,1,25.3,25.3,0.0%,WR,2013
3,4,Jordy Nelson,7,8,123,17.6,76,0,2,0,0,0,0,1,24.3,24.3,0.1%,WR,2013
4,5,Golden Tate,5,7,93,18.6,80,0,2,0,0,0,0,1,21.3,21.3,0.0%,WR,2013
5,6,Dez Bryant,3,6,72,24.0,50,0,2,1,1,0,0,1,19.3,19.3,2.6%,WR,2013
6,7,Josh Gordon,5,10,132,26.4,47,1,1,0,0,0,0,1,19.2,19.2,0.0%,WR,2013
7,8,Emmanuel Sanders,7,11,88,12.6,33,1,1,0,0,0,0,1,16.8,16.8,0.0%,WR,2013
8,9,Terrelle Pryor,0,0,0,0.0,0,0,0,9,106,1,0,1,16.1,16.1,0.0%,WR,2013
9,10,Wes Welker,6,10,81,13.5,24,1,1,0,0,0,0,1,14.1,14.1,0.0%,WR,2013
10,11,Drew Davis,5,7,77,15.4,20,2,1,0,0,0,0,1,13.7,13.7,0.0%,WR,2013
11,12,Demaryius Thomas,7,11,75,10.7,35,0,1,0,0,0,0,1,13.5,13.5,0.1%,WR,2013
12,13,Steve Johnson,7,11,72,10.3,17,0,1,0,0,0,0,1,13.2,13.2,0.0%,WR,2013
13,14,Terrance Williams,2,10,64,32.0,60,0,1,1,5,0,0,1,12.9,12.9,0.0%,WR,2013
14,15,Harry Douglas,12,18,121,10.1,25,1,0,0,0,0,0,1,12.1,12.1,0.0%,WR,2013
15,16,Aaron Dobson,4,5,60,15.0,26,1,1,0,0,0,0,1,12.0,12.0,0.0%,WR,2013
16,17,A.J. Green,3,7,115,38.3,53,0,0,0,0,0,0,1,11.5,11.5,0.6%,WR,2013
17,18,Larry Fitzgerald,4,7,48,12.0,20,1,1,0,0,0,0,1,10.8,10.8,0.2%,WR,2013
18,19,Mike Brown,3,6,43,14.3,29,1,1,0,0,0,0,1,10.3,10.3,0.0%,WR,2013
19,20,Lance Moore,3,4,34,11.3,15,0,1,0,0,0,0,1,9.4,9.4,0.0%,WR,2013
20,21,Michael Floyd,3,4,30,10.0,15,0,1,0,0,0,0,1,9.0,9.0,0.0%,WR,2013
21,22,Jarrett Boykin,5,6,89,17.8,27,1,0,0,0,0,0,1,8.9,8.9,0.0%,WR,2013
22,23,Victor Cruz,7,10,86,12.3,26,1,0,0,0,0,0,1,8.6,8.6,0.1%,WR,2013
23,24,Antonio Brown,9,13,82,9.1,21,1,0,1,2,0,0,1,8.4,8.4,0.8%,WR,2013
24,25,David Nelson,8,12,80,10.0,26,1,0,0,0,0,0,1,8.0,8.0,0.0%,WR,2013
25,26,Ted Ginn,5,6,80,16.0,35,0,0,0,0,0,0,1,8.0,8.0,0.0%,WR,2013
26,27,Vincent Jackson,5,13,79,15.8,29,1,0,0,0,0,0,1,7.9,7.9,0.0%,WR,2013
27,28,Chris Givens,4,5,59,14.8,23,2,0,1,16,0,0,1,7.5,7.5,0.0%,WR,2013
28,29,Cecil Shorts,7,10,74,10.6,15,0,0,0,0,0,0,1,7.4,7.4,0.0%,WR,2013
29,30,Leonard Hankerson,1,3,7,7.0,7,0,1,0,0,0,0,1,6.7,6.7,0.0%,WR,2013
30,31,Brandon Gibson,1,2,4,4.0,4,0,1,0,0,0,0,1,6.4,6.4,0.0%,WR,2013
31,32,DeSean Jackson,8,11,63,7.9,13,0,0,0,0,0,0,1,6.3,6.3,0.6%,WR,2013
32,33,Anquan Boldin,4,6,56,14.0,21,1,0,0,0,0,0,1,5.6,5.6,0.1%,WR,2013
33,34,Marquise Goodwin,3,5,56,18.7,26,1,0,0,0,0,0,1,5.6,5.6,0.0%,WR,2013
34,35,Jason Avant,3,4,54,18.0,25,1,0,0,0,0,0,1,5.4,5.4,0.0%,WR,2013
35,36,Kris Durham,4,6,54,13.5,40,0,0,0,0,0,0,1,5.4,5.4,0.0%,WR,2013
36,37,Hakeem Nicks,7,12,51,7.3,22,1,0,0,0,0,0,1,5.1,5.1,0.0%,WR,2013
37,38,Mike Wallace,3,10,41,13.7,25,1,0,1,8,0,0,1,4.9,4.9,0.0%,WR,2013
38,39,Tiquan Underwood,3,4,47,15.7,24,1,0,0,0,0,0,1,4.7,4.7,0.0%,WR,2013
39,40,Pierre Garcon,7,11,46,6.6,14,0,0,0,0,0,0,1,4.6,4.6,0.0%,WR,2013
40,41,Rod Streater,4,6,45,11.3,16,0,0,0,0,0,0,1,4.5,4.5,0.1%,WR,2013
41,42,Eric Decker,4,7,42,10.5,19,0,0,0,0,0,0,1,4.2,4.2,0.6%,WR,2013
42,43,Steve Smith,4,7,42,10.5,21,1,0,0,0,0,0,1,4.2,4.2,0.0%,WR,2013
43,44,Darius Johnson,4,9,40,10.0,14,0,0,0,0,0,0,1,4.0,4.0,0.0%,WR,2013
44,45,Jerricho Cotchery,3,4,39,13.0,17,0,0,0,0,0,0,1,3.9,3.9,0.0%,WR,2013
45,46,Brian Hartline,4,6,37,9.3,15,0,0,0,0,0,0,1,3.7,3.7,0.0%,WR,2013
46,47,Donnie Avery,3,5,31,10.3,18,0,0,1,4,0,0,1,3.5,3.5,0.0%,WR,2013
47,48,Myles White,5,7,35,7.0,15,0,0,0,0,0,0,1,3.5,3.5,0.0%,WR,2013
48,49,Austin Pettis,2,4,33,16.5,26,1,0,0,0,0,0,1,3.3,3.3,0.0%,WR,2013
49,50,Denarius Moore,2,4,32,16.0,18,0,0,0,0,0,0,1,3.2,3.2,0.0%,WR,2013
50,51,Rishard Matthews,3,6,30,10.0,20,1,0,0,0,0,0,1,3.0,3.0,0.0%,WR,2013
51,52,Justin Blackmon,4,10,31,7.8,12,0,0,1,-1,0,0,1,3.0,3.0,0.0%,WR,2013
52,53,Jerrel Jernigan,3,3,29,9.7,12,0,0,0,0,0,0,1,2.9,2.9,0.0%,WR,2013
53,54,Jeremy Kerley,3,4,27,9.0,14,0,0,0,0,0,0,1,2.7,2.7,0.0%,WR,2013
54,55,Mohamed Sanu,1,3,24,24.0,24,1,0,0,0,0,0,1,2.4,2.4,0.0%,WR,2013
55,56,Stephen Hill,4,7,23,5.8,8,0,0,0,0,0,0,1,2.3,2.3,0.0%,WR,2013
56,57,Brandon LaFell,3,5,23,7.7,13,0,0,0,0,0,0,1,2.3,2.3,0.0%,WR,2013
57,58,Mike Williams,3,6,20,6.7,12,0,0,0,0,0,0,1,2.0,2.0,0.0%,WR,2013
58,59,Santana Moss,2,5,20,10.0,10,0,0,0,0,0,0,1,2.0,2.0,0.0%,WR,2013
59,60,Trevor Graham,2,4,19,9.5,14,0,0,0,0,0,0,1,1.9,1.9,0.0%,WR,2013
60,61,Dane Sanzenbacher,2,2,18,9.0,9,0,0,0,0,0,0,1,1.8,1.8,0.0%,WR,2013
61,62,Marques Colston,3,6,18,6.0,6,0,0,0,0,0,0,1,1.8,1.8,0.0%,WR,2013
62,63,Jerome Simpson,1,3,18,18.0,18,0,0,0,0,0,0,1,1.8,1.8,0.0%,WR,2013
63,64,Kyle Williams,1,3,7,7.0,7,0,0,1,10,0,0,1,1.7,1.7,0.0%,WR,2013
64,65,Danny Amendola,3,6,15,5.0,8,0,0,0,0,0,0,1,1.5,1.5,0.0%,WR,2013
65,66,Robert Meachem,1,3,15,15.0,15,0,0,0,0,0,0,1,1.5,1.5,0.0%,WR,2013
66,67,Andre Caldwell,1,2,14,14.0,14,0,0,0,0,0,0,1,1.4,1.4,0.0%,WR,2013
67,68,Riley Cooper,2,5,13,6.5,7,0,0,0,0,0,0,1,1.3,1.3,0.0%,WR,2013
68,69,Doug Baldwin,1,1,12,12.0,12,0,0,0,0,0,0,1,1.2,1.2,0.0%,WR,2013
69,70,Ace Sanders,1,1,11,11.0,11,0,0,0,0,0,0,1,1.1,1.1,0.0%,WR,2013
70,71,Tavon Austin,2,3,9,4.5,12,0,0,0,0,0,0,1,0.9,0.9,0.1%,WR,2013
71,72,Greg Jennings,1,3,9,9.0,9,0,0,0,0,0,0,1,0.9,0.9,0.0%,WR,2013
72,73,Skye Dawson,1,1,9,9.0,9,0,0,0,0,0,0,1,0.9,0.9,0.0%,WR,2013
73,74,Greg Little,1,3,8,8.0,8,0,0,0,0,0,0,1,0.8,0.8,0.0%,WR,2013
74,75,Andre Roberts,1,2,8,8.0,8,0,0,0,0,0,0,1,0.8,0.8,0.0%,WR,2013
75,76,Cole Beasley,1,3,8,8.0,8,0,0,0,0,0,0,1,0.8,0.8,0.0%,WR,2013
76,77,Ryan Broyles,1,2,8,8.0,8,0,0,0,0,0,0,1,0.8,0.8,0.0%,WR,2013
77,78,Jeremy Ross,1,3,7,7.0,7,0,0,0,0,0,0,1,0.7,0.7,0.0%,WR,2013
78,79,Trindon Holliday,0,0,0,0.0,0,0,0,1,7,0,0,1,0.7,0.7,0.0%,WR,2013
79,80,Robert Woods,1,3,7,7.0,7,0,0,0,0,0,0,1,0.7,0.7,2.7%,WR,2013
80,81,Julian Edelman,2,2,7,3.5,7,0,0,0,0,0,0,1,0.7,0.7,12.1%,WR,2013
81,82,Dwayne Bowe,1,2,7,7.0,7,0,0,0,0,0,0,1,0.7,0.7,0.0%,WR,2013
82,83,Davone Bess,3,8,27,9.0,15,0,0,0,0,0,1,1,0.7,0.7,0.0%,WR,2013
83,84,Damaris Johnson,1,1,6,6.0,6,0,0,0,0,0,0,1,0.6,0.6,0.0%,WR,2013
84,85,Domenik Hixon,1,1,4,4.0,4,0,0,0,0,0,0,1,0.4,0.4,0.0%,WR,2013
85,86,Josh Morgan,1,2,3,3.0,3,0,0,0,0,0,0,1,0.3,0.3,0.0%,WR,2013
86,87,Derek Moye,0,0,0,0.0,0,0,0,0,0,0,0,1,0.0,0.0,0.0%,WR,2013
87,88,Michael Campbell,0,2,0,0.0,0,0,0,0,0,0,0,1,0.0,0.0,0.0%,WR,2013
88,89,Brian Tyms,0,0,0,0.0,0,0,0,0,0,0,0,1,0.0,0.0,0.0%,WR,2013
89,90,James Wright,0,0,0,0.0,0,0,0,0,0,0,0,1,0.0,0.0,0.0%,WR,2013
90,91,John Brown,0,0,0,0.0,0,0,0,0,0,0,0,1,0.0,0.0,0.0%,WR,2013
91,92,Russell Shepard,0,0,0,0.0,0,0,0,0,0,0,0,1,0.0,0.0,0.0%,WR,2013
92,93,Chris Harper,0,0,0,0.0,0,0,0,0,0,0,0,1,0.0,0.0,0.0%,WR,2013
93,94,Kevin Cone,0,0,0,0.0,0,0,0,0,0,0,0,1,0.0,0.0,0.0%,WR,2013
94,95,Jermaine Kearse,0,2,0,0.0,0,0,0,0,0,0,0,1,0.0,0.0,0.0%,WR,2013
95,96,Chris Hogan,0,0,0,0.0,0,0,0,0,0,0,0,1,0.0,0.0,0.0%,WR,2013
96,97,Kenbrell Thompkins,0,1,0,0.0,0,0,0,0,0,0,0,1,0.0,0.0,0.0%,WR,2013
97,98,Jaron Brown,0,0,0,0.0,0,0,0,0,0,0,0,1,0.0,0.0,0.0%,WR,2013
98,99,Stedman Bailey,0,0,0,0.0,0,0,0,0,0,0,0,1,0.0,0.0,0.0%,WR,2013
99,100,Duke Williams,0,0,0,0.0,0,0,0,0,0,0,0,1,0.0,0.0,0.0%,WR,2013
100,101,Brice Butler,0,3,0,0.0,0,0,0,0,0,0,0,1,0.0,0.0,0.0%,WR,2013
101,102,Louis Murphy,0,0,0,0.0,0,0,0,0,0,0,0,1,0.0,0.0,0.0%,WR,2013
102,103,Kevin Ogletree,0,0,0,0.0,0,0,0,0,0,0,0,1,0.0,0.0,0.0%,WR,2013
103,104,Matthew Slater,0,0,0,0.0,0,0,0,0,0,0,0,1,0.0,0.0,0.0%,WR,2013
104,105,Josh Cribbs,0,0,0,0.0,0,0,0,0,0,0,0,1,0.0,0.0,0.0%,WR,2013
105,106,Kassim Osgood,0,0,0,0.0,0,0,0,0,0,0,0,1,0.0,0.0,0.0%,WR,2013
106,107,Brandon Tate,0,1,0,0.0,0,0,0,0,0,0,0,1,0.0,0.0,0.0%,WR,2013
107,108,Austin Collie,0,0,0,0.0,0,0,0,0,0,0,0,1,0.0,0.0,0.0%,WR,2013
108,109,Sidney Rice,0,3,0,0.0,0,0,0,0,0,0,0,1,0.0,0.0,0.0%,WR,2013
109,110,Jeff Maehl,0,0,0,0.0,0,0,0,0,0,0,0,1,0.0,0.0,0.0%,WR,2013
110,111,Rueben Randle,0,1,0,0.0,0,0,0,0,0,0,0,1,0.0,0.0,0.0%,WR,2013
111,112,Junior Hemingway,0,1,0,0.0,0,0,0,0,0,0,0,1,0.0,0.0,0.0%,WR,2013
112,113,Andre Holmes,0,1,0,0.0,0,0,0,0,0,0,0,1,0.0,0.0,0.0%,WR,2013
113,114,A.J. Jenkins,0,0,0,0.0,0,0,0,0,0,0,0,1,0.0,0.0,0.0%,WR,2013
114,115,Jarius Wright,0,0,0,0.0,0,0,0,0,0,0,0,1,0.0,0.0,0.0%,WR,2013
115,116,Nick Toon,0,0,0,0.0,0,0,0,0,0,0,0,1,0.0,0.0,0.0%,WR,2013
116,117,Brian Quick,0,2,0,0.0,0,0,0,0,0,0,0,1,0.0,0.0,0.0%,WR,2013
117,118,Travis Benjamin,0,0,0,0.0,0,0,0,0,0,0,0,1,0.0,0.0,0.0%,WR,2013
118,119,B.J. Cunningham,0,0,0,0.0,0,0,0,0,0,0,0,1,0.0,0.0,0.0%,WR,2013
119,120,Marcus Easley,0,0,0,0.0,0,0,0,0,0,0,0,1,0.0,0.0,0.0%,WR,2013
120,121,Aldrick Robinson,0,2,0,0.0,0,0,0,0,0,0,0,1,0.0,0.0,0.0%,WR,2013
121,122,Dwayne Harris,0,2,0,0.0,0,0,0,0,0,0,0,1,0.0,0.0,0.0%,WR,2013
122,123,Chad Hall,0,1,0,0.0,0,0,0,0,0,0,0,1,0.0,0.0,0.0%,WR,2013
123,124,Marlon Moore,0,0,0,0.0,0,0,0,0,0,0,0,1,0.0,0.0,0.0%,WR,2013
124,125,Tyrell Williams,0,0,0,0.0,0,0,0,0,0,0,0,1,0.0,0.0,0.0%,WR,2013
125,126,Marcus Thigpen,0,0,0,0.0,0,0,0,1,-1,0,0,1,-0.1,-0.1,0.0%,WR,2013
126,127,Eric Page,1,3,13,13.0,13,0,0,0,0,0,1,1,-0.7,-0.7,0.0%,WR,2013
127,128,Jacoby Ford,1,1,-3,-3.0,0,0,0,0,0,0,1,1,-2.3,-2.3,0.0%,WR,2013
