,Rk,Date,G#,Week,Age,Tm,Unnamed: 6_level_1,Opp,Result,Int,Tgt,Cmp,Cmp%,Yds,Yds/Cmp,Yds/Tgt,TD,Rat,DADOT,Air,YAC,Bltz,Hrry,QBKD,Sk,Prss,Comb,MTkl,MTkl%,Year
0,1.0,2019-09-08,1.0,1.0,26.019,NWE,,PIT,W 33-3,0,0,0,,0.0,,,0.0,,,0.0,0.0,0,1,0,0.0,1,1,0,0.0%,2019
1,2.0,2019-09-15,2.0,2.0,26.026,NWE,@,MIA,W 43-0,0,0,0,,0.0,,,0.0,,,0.0,0.0,0,1,1,1.0,3,1,0,0.0%,2019
2,3.0,2019-09-22,3.0,3.0,26.033,NWE,,NYJ,W 30-14,0,0,0,,0.0,,,0.0,,,0.0,0.0,0,0,0,0.0,0,5,0,0.0%,2019
3,4.0,2019-09-29,4.0,4.0,26.04,NWE,@,BUF,W 16-10,0,0,0,,0.0,,,0.0,,,0.0,0.0,0,0,0,0.0,0,4,0,0.0%,2019
4,5.0,2019-10-06,5.0,5.0,26.047,NWE,@,WAS,W 33-7,0,0,0,,0.0,,,0.0,,,0.0,0.0,0,0,0,1.0,1,3,0,0.0%,2019
5,6.0,2019-10-10,6.0,6.0,26.051,NWE,,NYG,W 35-14,0,0,0,,0.0,,,0.0,,,0.0,0.0,0,0,1,0.0,1,4,0,0.0%,2019
6,7.0,2019-10-21,7.0,7.0,26.062,NWE,@,NYJ,W 33-0,0,0,0,,0.0,,,0.0,,,0.0,0.0,0,0,0,0.0,0,4,0,0.0%,2019
7,8.0,2019-10-27,8.0,8.0,26.068,NWE,,CLE,W 27-13,0,0,0,,0.0,,,0.0,,,0.0,0.0,0,0,0,0.0,0,4,0,0.0%,2019
8,9.0,2019-11-03,9.0,9.0,26.075,NWE,@,BAL,L 20-37,0,0,0,,0.0,,,0.0,,,0.0,0.0,0,0,0,0.0,0,6,0,0.0%,2019
9,10.0,2019-11-17,10.0,11.0,26.089,NWE,@,PHI,W 17-10,0,0,0,,0.0,,,0.0,,,0.0,0.0,0,0,0,1.0,1,7,2,22.2%,2019
10,11.0,2019-11-24,11.0,12.0,26.096,NWE,,DAL,W 13-9,0,0,0,,0.0,,,0.0,,,0.0,0.0,0,0,1,0.0,1,2,0,0.0%,2019
11,12.0,2019-12-01,12.0,13.0,26.103,NWE,@,HOU,L 22-28,0,0,0,,0.0,,,0.0,,,0.0,0.0,0,0,0,0.0,0,3,0,0.0%,2019
12,13.0,2019-12-08,13.0,14.0,26.11,NWE,,KAN,L 16-23,0,0,0,,0.0,,,0.0,,,0.0,0.0,0,0,0,0.0,0,3,0,0.0%,2019
13,14.0,2019-12-15,14.0,15.0,26.117,NWE,@,CIN,W 34-13,0,0,0,,0.0,,,0.0,,,0.0,0.0,0,0,0,0.0,0,6,0,0.0%,2019
14,15.0,2019-12-21,15.0,16.0,26.123,NWE,,BUF,W 24-17,0,0,0,,0.0,,,0.0,,,0.0,0.0,0,1,0,0.0,1,3,1,25.0%,2019
15,16.0,2019-12-29,16.0,17.0,26.131,NWE,,MIA,L 24-27,0,0,0,,0.0,,,0.0,,,0.0,0.0,0,0,0,0.0,0,6,0,0.0%,2019
16,,16 Games,,,,,,,12-4-0,0,0,0,,,,,,,,,,0,3,3,3.0,9,62,3,4.6%,2019
