,Rk,Date,G#,Week,Age,Tm,Unnamed: 6_level_1,Opp,Result,Att,Yds,TD,1D,YBC,YBC/Att,YAC,YAC/Att,BrkTkl,Att/Br,Tgt,Rec,Yds,TD,1D,YBC,YBC/R,YAC,YAC/R,ADOT,BrkTkl,Rec/Br,Drop,Drop%,Int,Rat
0,1.0,2019-09-08,1.0,1.0,29.068,NWE,,PIT,W 33-3,8,44,0,3.0,32,4.0,12,1.5,0,,8,5,41,0,2.0,10,2.0,31,6.2,1.8,0,,0,0.0,0,75.5
1,2.0,2019-09-15,2.0,2.0,29.075,NWE,@,MIA,W 43-0,5,21,0,1.0,14,2.8,7,1.4,1,5.0,2,2,47,0,2.0,25,12.5,22,11.0,12.5,0,,0,0.0,0,118.7
2,3.0,2019-09-22,3.0,3.0,29.082,NWE,,NYJ,W 30-14,11,47,1,1.0,26,2.4,21,1.9,1,11.0,7,6,22,0,1.0,8,1.3,14,2.3,3.0,1,6.0,0,0.0,0,79.8
3,4.0,2019-09-29,4.0,4.0,29.089,NWE,@,BUF,W 16-10,0,0,0,,0,,0,,0,,1,1,7,0,,6,6.0,1,1.0,6.0,0,,0,0.0,0,95.8
4,5.0,2019-10-27,8.0,8.0,29.117,NWE,,CLE,W 27-13,3,4,0,,-3,-1.0,7,2.3,0,,1,1,9,0,,-3,-3.0,12,12.0,-3.0,0,,0,0.0,0,104.2
5,6.0,2019-11-03,9.0,9.0,29.124,NWE,@,BAL,L 20-37,4,18,0,1.0,11,2.8,7,1.8,0,,2,1,16,0,0.0,-2,-2.0,18,18.0,1.5,0,,0,0.0,0,77.1
6,7.0,2019-11-17,10.0,11.0,29.138,NWE,@,PHI,W 17-10,5,14,0,2.0,1,0.2,13,2.6,1,5.0,3,2,34,0,1.0,1,0.5,33,16.5,0.3,1,2.0,1,33.3,0,104.9
7,8.0,2019-11-24,11.0,12.0,29.145,NWE,,DAL,W 13-9,2,3,0,0.0,2,1.0,1,0.5,0,,5,2,14,0,1.0,1,0.5,13,6.5,9.2,0,,1,20.0,0,47.9
8,9.0,2019-12-01,12.0,13.0,29.152,NWE,@,HOU,L 22-28,3,15,0,1.0,10,3.3,5,1.7,0,,1,0,0,0,0.0,0,,0,,3.0,0,,0,0.0,0,39.6
9,10.0,2019-12-08,13.0,14.0,29.159,NWE,,KAN,L 16-23,7,15,0,1.0,-1,-0.1,16,2.3,0,,1,0,0,0,0.0,0,,0,,3.0,0,,0,0.0,0,39.6
10,11.0,2019-12-15,14.0,15.0,29.166,NWE,@,CIN,W 34-13,6,53,1,3.0,29,4.8,24,4.0,0,,2,2,6,0,0.0,-6,-3.0,12,6.0,-3.0,0,,0,0.0,0,79.2
11,12.0,2019-12-21,15.0,16.0,29.172,NWE,,BUF,W 24-17,5,20,1,2.0,14,2.8,6,1.2,2,2.5,4,4,77,0,3.0,6,1.5,71,17.8,1.5,1,4.0,0,0.0,0,118.7
12,13.0,2019-12-29,16.0,17.0,29.18,NWE,,MIA,L 24-27,6,48,0,3.0,22,3.7,26,4.3,1,6.0,1,1,6,0,0.0,4,4.0,2,2.0,4.0,0,,0,0.0,0,91.7
13,,13 Games,,,,,,,9-4-0,65,302,3,18.0,157,2.4,145,2.2,6,10.8,38,27,279,0,10.0,50,1.9,229,8.5,3.2,3,9.0,2,5.3,0,91.9
