,Rk,Date,G#,Week,Age,Tm,Unnamed: 6_level_1,Opp,Result,Int,Tgt,Cmp,Cmp%,Yds,Yds/Cmp,Yds/Tgt,TD,Rat,DADOT,Air,YAC,Bltz,Hrry,QBKD,Sk,Prss,Comb,MTkl,MTkl%,Year
0,1.0,2021-09-12,1.0,1.0,25.165,PHI,@,ATL,W 32-6,0,6,4,66.7%,27,6.8,4.5,0,76.4,2.8,9,18,0,0,0,0.0,0,9,0,0.0%,2021
1,2.0,2021-09-19,2.0,2.0,25.172,PHI,,SFO,L 11-17,0,1,0,0.0%,0,,0.0,0,39.6,12.0,0,0,0,0,0,0.0,0,1,0,0.0%,2021
2,3.0,2021-09-27,3.0,3.0,25.18,PHI,@,DAL,L 21-41,0,1,0,0.0%,0,,0.0,0,39.6,37.0,0,0,2,0,0,0.5,1,4,0,0.0%,2021
3,4.0,2021-10-03,4.0,4.0,25.186,PHI,,KAN,L 30-42,0,3,3,100.0%,26,8.7,8.7,0,102.8,6.3,19,7,1,0,0,0.0,0,7,1,12.5%,2021
4,5.0,2021-10-10,5.0,5.0,25.193,PHI,@,CAR,W 21-18,0,5,2,40.0%,20,10.0,4.0,0,52.1,11.8,3,17,1,0,1,0.0,1,2,1,33.3%,2021
5,6.0,2021-10-14,6.0,6.0,25.197,PHI,,TAM,L 22-28,0,6,6,100.0%,17,2.8,2.8,0,79.2,-1.5,-9,26,1,0,0,0.0,0,8,0,0.0%,2021
6,7.0,2021-10-24,7.0,7.0,25.207,PHI,@,LVR,L 22-33,1,5,5,100.0%,20,4.0,4.0,0,43.7,2.0,6,14,0,0,0,0.0,0,3,2,40.0%,2021
7,8.0,2021-10-31,8.0,8.0,25.214,PHI,@,DET,W 44-6,0,4,4,100.0%,21,5.3,5.3,0,88.5,3.3,13,8,0,0,0,0.0,0,4,0,0.0%,2021
8,9.0,2021-11-07,9.0,9.0,25.221,PHI,,LAC,L 24-27,0,4,4,100.0%,39,9.8,9.8,0,107.3,4.5,18,21,1,0,0,0.0,0,3,0,0.0%,2021
9,10.0,2021-11-14,10.0,10.0,25.228,PHI,@,DEN,W 30-13,0,4,4,100.0%,23,5.8,5.8,0,90.6,3.5,14,9,3,0,0,0.0,0,7,0,0.0%,2021
10,11.0,2021-11-21,11.0,11.0,25.235,PHI,,NOR,W 40-29,0,6,3,50.0%,41,13.7,6.8,1,111.8,7.0,39,2,1,0,1,0.0,1,2,0,0.0%,2021
11,12.0,2021-11-28,12.0,12.0,25.242,PHI,@,NYG,L 7-13,0,8,6,75.0%,73,12.2,9.1,0,102.6,3.1,16,57,1,0,0,0.0,0,8,0,0.0%,2021
12,13.0,2021-12-05,13.0,13.0,25.249,PHI,@,NYJ,W 33-18,0,4,4,100.0%,44,11.0,11.0,0,112.5,6.0,24,20,0,0,0,0.0,0,4,1,20.0%,2021
13,14.0,2021-12-21,14.0,15.0,25.265,PHI,,WAS,W 27-17,0,7,5,71.4%,19,3.8,2.7,0,74.1,3.6,-4,23,1,0,0,0.0,0,4,2,33.3%,2021
14,15.0,2021-12-26,15.0,16.0,25.27,PHI,,NYG,W 34-10,0,5,2,40.0%,4,2.0,0.8,0,47.9,0.2,0,4,0,0,0,0.0,0,3,0,0.0%,2021
15,16.0,2022-01-02,16.0,17.0,25.277,PHI,@,WAS,W 20-16,0,5,4,80.0%,38,9.5,7.6,0,98.3,6.6,29,9,0,0,0,0.0,0,4,0,0.0%,2021
16,,16 Games,,,,,,,9-7-0,1,74,56,75.7%,412,7.4,5.6,1,87.2,4.6,177,235,12,0,2,0.5,3,73,7,8.8%,2021
