,Rk,Date,G#,Week,Age,Tm,Unnamed: 6_level_1,Opp,Result,Tgt,Rec,Yds,TD,1D,YBC,YBC/R,YAC,YAC/R,ADOT,BrkTkl,Rec/Br,Drop,Drop%,Int,Rat,Att,Yds,TD,1D,YBC,YBC/Att,YAC,YAC/Att,BrkTkl,Att/Br
0,1.0,2021-09-12,1.0,1.0,23.095,PHI,@,ATL,W 32-6,3,3,23,0,2.0,-7,-2.3,30,10.0,-2.3,0,,0,0.0,0,98.6,0,0,0,0.0,0,,0,,0,
1,2.0,2021-09-19,2.0,2.0,23.102,PHI,,SFO,L 11-17,2,2,117,0,2.0,59,29.5,58,29.0,29.5,1,2.0,0,0.0,0,118.7,0,0,0,0.0,0,,0,,0,
2,3.0,2021-09-27,3.0,3.0,23.11,PHI,@,DAL,L 21-41,2,2,46,0,1.0,41,20.5,5,2.5,20.5,0,,0,0.0,0,118.7,0,0,0,0.0,0,,0,,0,
3,4.0,2021-10-03,4.0,4.0,23.116,PHI,,KAN,L 30-42,7,3,33,0,2.0,5,1.7,28,9.3,6.7,0,,0,0.0,0,57.4,0,0,0,0.0,0,,0,,0,
4,5.0,2021-10-10,5.0,5.0,23.123,PHI,@,CAR,W 21-18,3,3,48,0,1.0,35,11.7,13,4.3,11.7,0,,0,0.0,0,118.7,0,0,0,0.0,0,,0,,0,
5,6.0,2021-10-14,6.0,6.0,23.127,PHI,,TAM,L 22-28,5,3,44,0,2.0,45,15.0,-1,-0.3,19.4,0,,0,0.0,1,49.2,0,0,0,0.0,0,,0,,0,
6,7.0,2021-10-24,7.0,7.0,23.137,PHI,@,LVR,L 22-33,4,2,37,0,2.0,27,13.5,10,5.0,23.5,0,,0,0.0,0,82.3,0,0,0,0.0,0,,0,,0,
7,8.0,2021-10-31,8.0,8.0,23.144,PHI,@,DET,W 44-6,2,2,18,0,1.0,12,6.0,6,3.0,6.0,1,2.0,0,0.0,0,104.2,0,0,0,0.0,0,,0,,0,
8,9.0,2021-11-07,9.0,9.0,23.151,PHI,,LAC,L 24-27,3,2,9,0,,3,1.5,6,3.0,12.0,0,,0,0.0,0,70.1,0,0,0,,0,,0,,0,
9,10.0,2021-11-14,10.0,10.0,23.158,PHI,@,DEN,W 30-13,6,4,33,0,2.0,14,3.5,19,4.8,11.5,0,,1,16.7,1,41.0,0,0,0,0.0,0,,0,,0,
10,11.0,2021-11-21,11.0,11.0,23.165,PHI,,NOR,W 40-29,1,0,0,0,,0,,0,,7.0,0,,0,0.0,0,39.6,0,0,0,,0,,0,,0,
11,12.0,2021-11-28,12.0,12.0,23.172,PHI,@,NYG,L 7-13,5,2,23,0,1.0,23,11.5,0,0.0,13.8,0,,0,0.0,1,15.0,1,3,0,0.0,3,3.0,0,0.0,0,
12,13.0,2021-12-05,13.0,13.0,23.179,PHI,@,NYJ,W 33-18,3,3,60,0,3.0,41,13.7,19,6.3,13.7,0,,0,0.0,0,118.7,0,0,0,0.0,0,,0,,0,
13,14.0,2021-12-21,14.0,15.0,23.195,PHI,,WAS,W 27-17,2,2,14,0,1.0,13,6.5,1,0.5,6.5,0,,0,0.0,0,95.8,0,0,0,0.0,0,,0,,0,
14,15.0,2021-12-26,15.0,16.0,23.2,PHI,,NYG,W 34-10,3,3,43,0,1.0,42,14.0,1,0.3,14.0,0,,0,0.0,0,118.7,0,0,0,0.0,0,,0,,0,
15,16.0,2022-01-02,16.0,17.0,23.207,PHI,@,WAS,W 20-16,4,2,15,0,,13,6.5,2,1.0,6.8,0,,0,0.0,0,59.4,0,0,0,,0,,0,,0,
16,17.0,2022-01-08,17.0,18.0,23.213,PHI,,DAL,L 26-51,7,5,84,1,4.0,28,5.6,56,11.2,9.1,3,1.7,0,0.0,0,151.2,0,0,0,0.0,0,,0,,0,
17,,17 Games,,,,,,,9-8-0,62,43,647,1,25.0,394,9.2,253,5.9,12.0,5,8.6,1,1.6,3,88.6,1,3,0,0.0,3,3.0,0,0.0,0,
