,Rk,Date,G#,Week,Age,Tm,Unnamed: 6_level_1,Opp,Result,Int,Tgt,Cmp,Cmp%,Yds,Yds/Cmp,Yds/Tgt,TD,Rat,DADOT,Air,YAC,Bltz,Hrry,QBKD,Sk,Prss,Comb,MTkl,MTkl%
0,1.0,2022-09-11,1.0,1.0,29.232,HOU,,IND,T 20-20,0,8,4,50.0%,64,16.0,8.0,1,116.7,14.3,44,20,0,0,0,0.0,0,5.0,4,44.4%
1,2.0,2022-09-18,2.0,2.0,29.239,HOU,@,DEN,L 9-16,0,4,1,25.0%,20,20.0,5.0,0,47.9,13.0,9,11,0,0,0,0.0,0,5.0,2,28.6%
2,3.0,2022-09-25,3.0,3.0,29.246,HOU,@,CHI,L 20-23,0,2,1,50.0%,5,5.0,2.5,0,56.2,7.5,5,0,0,0,0,0.0,0,5.0,0,0.0%
3,4.0,2022-10-02,4.0,4.0,29.253,HOU,,LAC,L 24-34,0,7,6,85.7%,61,10.2,8.7,0,103.0,7.0,41,20,0,0,0,0.0,0,7.0,0,0.0%
4,5.0,2022-10-09,5.0,5.0,29.26,HOU,@,JAX,W 13-6,0,6,3,50.0%,14,4.7,2.3,0,56.2,9.8,2,12,0,0,0,0.0,0,5.0,0,0.0%
5,6.0,2022-10-23,6.0,7.0,29.274,HOU,@,LVR,L 20-38,0,3,1,33.3%,2,2.0,0.7,0,42.4,4.3,-4,6,0,0,0,0.0,0,2.0,0,0.0%
6,7.0,2022-10-30,7.0,8.0,29.281,HOU,,TEN,L 10-17,1,1,0,0.0%,0,,0.0,0,0.0,14.0,0,0,0,0,0,0.0,0,2.0,0,0.0%
7,8.0,2022-11-03,8.0,9.0,29.285,HOU,,PHI,L 17-29,0,4,3,75.0%,25,8.3,6.3,0,90.6,9.3,17,8,1,0,1,1.0,2,5.0,0,0.0%
8,9.0,2022-11-13,9.0,10.0,29.295,HOU,@,NYG,L 16-24,0,0,0,,0,,,0,,,0,0,0,0,0,0.0,0,1.0,0,0.0%
9,10.0,2022-11-20,10.0,11.0,29.302,HOU,,WAS,L 10-23,0,2,1,50.0%,13,13.0,6.5,0,70.8,14.5,14,-1,0,0,0,0.0,0,3.0,1,25.0%
10,11.0,2022-11-27,11.0,12.0,29.309,HOU,@,MIA,L 15-30,0,9,8,88.9%,94,11.8,10.4,1,147.2,14.6,83,11,0,0,0,0.0,0,3.0,0,0.0%
11,12.0,2022-12-04,12.0,13.0,29.316,HOU,,CLE,L 14-27,0,9,4,44.4%,34,8.5,3.8,0,54.9,8.6,16,18,0,0,0,0.0,0,4.0,0,0.0%
12,13.0,2022-12-11,13.0,14.0,29.323,HOU,@,DAL,L 23-27,0,0,0,,0,,,0,,,0,0,0,0,0,,0,,0,
13,14.0,2022-12-24,15.0,16.0,29.336,HOU,@,TEN,W 19-14,0,2,1,50.0%,-1,-1.0,-0.5,0,56.2,6.0,-4,3,0,0,0,0.0,0,1.0,1,50.0%
14,15.0,2023-01-01,16.0,17.0,29.344,HOU,,JAX,L 3-31,0,5,4,80.0%,36,9.0,7.2,0,96.7,7.2,30,6,0,0,0,0.0,0,4.0,0,0.0%
15,,15 Games,,,,,,,2-12-1,1,62,37,59.7%,367,9.9,5.9,2,80.5,10.3,253,114,1,0,1,1.0,2,52.0,8,13.3%
