,Rk,Date,G#,Week,Age,Tm,Unnamed: 6_level_1,Opp,Result,Int,Tgt,Cmp,Cmp%,Yds,Yds/Cmp,Yds/Tgt,TD,Rat,DADOT,Air,YAC,Bltz,Hrry,QBKD,Sk,Prss,Comb,MTkl,MTkl%
0,1.0,2021-10-03,4.0,4.0,28.108,NYJ,,TEN,W 27-24,0,0,0,,0.0,,,0.0,,,0.0,0.0,0,0,0,0.0,0,0,0,
1,2.0,2021-10-10,5.0,5.0,28.115,NYJ,@,ATL,L 20-27,0,0,0,,0.0,,,0.0,,,0.0,0.0,0,0,0,0.0,0,0,0,
2,3.0,2021-10-24,6.0,7.0,28.129,NYJ,@,NWE,L 13-54,0,0,0,,0.0,,,0.0,,,0.0,0.0,0,0,0,0.0,0,0,0,
3,4.0,2021-10-31,7.0,8.0,28.136,NYJ,,CIN,W 34-31,0,0,0,,0.0,,,0.0,,,0.0,0.0,0,0,0,0.0,0,0,0,
4,5.0,2021-11-04,8.0,9.0,28.14,NYJ,@,IND,L 30-45,0,0,0,,0.0,,,0.0,,,0.0,0.0,0,0,0,0.0,0,0,0,
5,6.0,2021-11-14,9.0,10.0,28.15,NYJ,,BUF,L 17-45,0,0,0,,0.0,,,0.0,,,0.0,0.0,0,0,0,0.0,0,0,0,
6,7.0,2021-11-21,10.0,11.0,28.157,NYJ,,MIA,L 17-24,0,0,0,,0.0,,,0.0,,,0.0,0.0,0,0,0,0.0,0,0,0,
7,8.0,2021-11-28,11.0,12.0,28.164,NYJ,@,HOU,W 21-14,0,0,0,,0.0,,,0.0,,,0.0,0.0,0,0,0,0.0,0,0,0,
8,9.0,2021-12-05,12.0,13.0,28.171,NYJ,,PHI,L 18-33,0,0,0,,0.0,,,0.0,,,0.0,0.0,0,0,0,0.0,0,1,0,0.0%
9,10.0,2021-12-12,13.0,14.0,28.178,NYJ,,NOR,L 9-30,0,0,0,,0.0,,,0.0,,,0.0,0.0,0,0,0,0.0,0,0,0,
10,11.0,2021-12-19,14.0,15.0,28.185,NYJ,@,MIA,L 24-31,0,0,0,,0.0,,,0.0,,,0.0,0.0,0,0,0,0.0,0,0,0,
11,12.0,2022-01-09,17.0,18.0,28.206,NYJ,@,BUF,L 10-27,0,0,0,,0.0,,,0.0,,,0.0,0.0,0,0,0,0.0,0,0,0,
12,,12 Games,,,,,,,3-9-0,0,0,0,,,,,,,,,,0,0,0,0.0,0,1,0,0.0%
