,Rk,Date,G#,Week,Age,Tm,Unnamed: 6_level_1,Opp,Result,Int,Tgt,Cmp,Cmp%,Yds,Yds/Cmp,Yds/Tgt,TD,Rat,DADOT,Air,YAC,Bltz,Hrry,QBKD,Sk,Prss,Comb,MTkl,MTkl%,Year
0,1.0,2021-09-26,3.0,3.0,22.088,NYJ,@,DEN,L 0-26,0,0,0,,0,,,0,,,0,0,0,0,0,,0,,0,,2021
1,2.0,2021-10-10,5.0,5.0,22.102,NYJ,@,ATL,L 20-27,0,0,0,,0,,,0,,,0,0,0,0,0,0.0,0,1.0,0,0.0%,2021
2,3.0,2021-10-24,6.0,7.0,22.116,NYJ,@,NWE,L 13-54,0,0,0,,0,,,0,,,0,0,0,0,0,,0,,0,,2021
3,4.0,2021-11-04,8.0,9.0,22.127,NYJ,@,IND,L 30-45,0,0,0,,0,,,0,,,0,0,0,0,0,,0,,0,,2021
4,5.0,2021-11-21,10.0,11.0,22.144,NYJ,,MIA,L 17-24,0,1,1,100.0%,8,8.0,8.0,0,100.0,8.0,8,0,0,0,0,0.0,0,2.0,0,0.0%,2021
5,6.0,2021-11-28,11.0,12.0,22.151,NYJ,@,HOU,W 21-14,0,2,2,100.0%,18,9.0,9.0,1,143.7,6.5,13,5,0,0,0,0.0,0,1.0,0,0.0%,2021
6,7.0,2021-12-05,12.0,13.0,22.158,NYJ,,PHI,L 18-33,0,1,1,100.0%,22,22.0,22.0,0,118.7,15.0,15,7,0,0,0,0.0,0,0.0,0,,2021
7,8.0,2021-12-12,13.0,14.0,22.165,NYJ,,NOR,L 9-30,0,0,0,,0,,,0,,,0,0,0,0,0,,0,,0,,2021
8,9.0,2021-12-19,14.0,15.0,22.172,NYJ,@,MIA,L 24-31,0,0,0,,0,,,0,,,0,0,0,0,0,0.0,0,1.0,0,0.0%,2021
9,10.0,2021-12-26,15.0,16.0,22.179,NYJ,,JAX,W 26-21,0,1,0,0.0%,0,,0.0,0,39.6,32.0,0,0,0,0,0,0.0,0,4.0,0,0.0%,2021
10,11.0,2022-01-02,16.0,17.0,22.186,NYJ,,TAM,L 24-28,0,1,0,0.0%,0,,0.0,0,39.6,4.0,0,0,0,0,0,0.0,0,1.0,0,0.0%,2021
11,12.0,2022-01-09,17.0,18.0,22.193,NYJ,@,BUF,L 10-27,0,3,3,100.0%,30,10.0,10.0,0,108.3,7.0,21,9,1,0,0,0.0,0,6.0,0,0.0%,2021
12,,12 Games,,,,,,,2-10-0,0,9,7,77.8%,78,11.1,8.7,1,139.8,10.3,57,21,1,0,0,0.0,0,16.0,0,0.0%,2021
