,Rk,Date,G#,Week,Age,Tm,Unnamed: 6_level_1,Opp,Result,Att,Yds,TD,1D,YBC,YBC/Att,YAC,YAC/Att,BrkTkl,Att/Br,Tgt,Rec,Yds,TD,1D,YBC,YBC/R,YAC,YAC/R,ADOT,BrkTkl,Rec/Br,Drop,Drop%,Int,Rat
0,1.0,2021-09-12,1.0,1.0,23.36,NYJ,@,CAR,L 14-19,4.0,15.0,0.0,1.0,10.0,2.5,5.0,1.3,1.0,4.0,3.0,1.0,11.0,0.0,0.0,4.0,4.0,7.0,7.0,9.7,0.0,,1.0,33.3,0.0,45.1
1,2.0,2021-09-19,2.0,2.0,24.002,NYJ,,NWE,L 6-25,12.0,50.0,0.0,3.0,34.0,2.8,16.0,1.3,1.0,12.0,0.0,0.0,0.0,0.0,0.0,0.0,,0.0,,,0.0,,0.0,0.0,,
2,3.0,2021-09-26,3.0,3.0,24.009,NYJ,@,DEN,L 0-26,3.0,17.0,0.0,0.0,13.0,4.3,4.0,1.3,1.0,3.0,5.0,1.0,6.0,0.0,1.0,2.0,2.0,4.0,4.0,6.0,0.0,,1.0,20.0,0.0,39.6
3,4.0,2021-10-03,4.0,4.0,24.016,NYJ,,TEN,W 27-24,3.0,1.0,0.0,0.0,-2.0,-0.7,3.0,1.0,0.0,,2.0,2.0,12.0,0.0,1.0,5.0,2.5,7.0,3.5,2.5,0.0,,0.0,0.0,0.0,91.7
4,5.0,2021-10-10,5.0,5.0,24.023,NYJ,@,ATL,L 20-27,4.0,12.0,1.0,3.0,7.0,1.8,5.0,1.3,0.0,,3.0,2.0,22.0,0.0,1.0,10.0,5.0,12.0,6.0,3.7,0.0,,0.0,0.0,0.0,88.2
5,6.0,2021-10-24,6.0,7.0,24.037,NYJ,@,NWE,L 13-54,5.0,6.0,0.0,0.0,5.0,1.0,1.0,0.2,0.0,,7.0,6.0,65.0,0.0,4.0,8.0,1.3,57.0,9.5,1.9,0.0,,1.0,14.3,0.0,105.4
6,7.0,2021-10-31,7.0,8.0,24.044,NYJ,,CIN,W 34-31,4.0,15.0,0.0,0.0,8.0,2.0,7.0,1.8,0.0,,6.0,5.0,71.0,1.0,4.0,-5.0,-1.0,76.0,15.2,-1.2,1.0,5.0,0.0,0.0,0.0,155.6
7,8.0,2021-11-04,8.0,9.0,24.048,NYJ,@,IND,L 30-45,4.0,21.0,0.0,0.0,17.0,4.3,4.0,1.0,0.0,,3.0,2.0,40.0,1.0,2.0,1.0,0.5,39.0,19.5,3.0,1.0,2.0,0.0,0.0,0.0,149.3
8,9.0,2021-11-14,9.0,10.0,24.058,NYJ,,BUF,L 17-45,2.0,2.0,0.0,0.0,1.0,0.5,1.0,0.5,0.0,,8.0,5.0,36.0,0.0,2.0,-4.0,-0.8,40.0,8.0,-0.4,0.0,,1.0,12.5,0.0,72.9
9,10.0,2021-11-21,10.0,11.0,24.065,NYJ,,MIA,L 17-24,1.0,5.0,0.0,1.0,1.0,1.0,4.0,4.0,0.0,,1.0,1.0,8.0,0.0,0.0,-1.0,-1.0,9.0,9.0,-1.0,0.0,,0.0,0.0,0.0,100.0
10,11.0,2021-11-28,11.0,12.0,24.072,NYJ,@,HOU,W 21-14,6.0,42.0,0.0,1.0,30.0,5.0,12.0,2.0,0.0,,1.0,0.0,0.0,0.0,0.0,0.0,,0.0,,6.0,0.0,,0.0,0.0,1.0,0.0
11,12.0,2021-12-05,12.0,13.0,24.079,NYJ,,PHI,L 18-33,1.0,1.0,0.0,1.0,0.0,0.0,1.0,1.0,0.0,,4.0,2.0,14.0,0.0,1.0,9.0,4.5,5.0,2.5,3.8,0.0,,1.0,25.0,0.0,58.3
12,13.0,2021-12-12,13.0,14.0,24.086,NYJ,,NOR,L 9-30,6.0,17.0,0.0,0.0,17.0,2.8,0.0,0.0,0.0,,7.0,4.0,40.0,0.0,2.0,20.0,5.0,20.0,5.0,3.4,1.0,4.0,2.0,28.6,0.0,73.5
13,14.0,2021-12-26,15.0,16.0,24.1,NYJ,,JAX,W 26-21,,,,,,,,,,,,,,,,,,,,,,,,0.0,,
14,15.0,2022-01-02,16.0,17.0,24.107,NYJ,,TAM,L 24-28,5.0,35.0,1.0,3.0,34.0,6.8,1.0,0.2,0.0,,4.0,3.0,47.0,0.0,2.0,-11.0,-3.7,58.0,19.3,-2.8,0.0,,0.0,0.0,0.0,113.5
15,16.0,2022-01-09,17.0,18.0,24.114,NYJ,@,BUF,L 10-27,1.0,-1.0,0.0,,-1.0,-1.0,0.0,0.0,0.0,,1.0,0.0,0.0,0.0,,0.0,,0.0,,12.0,0.0,,0.0,0.0,0.0,39.6
16,,16 Games,,,,,,,4-12-0,61.0,238.0,2.0,13.0,174.0,2.9,64.0,1.0,3.0,20.3,55.0,34.0,372.0,2.0,20.0,38.0,1.1,334.0,9.8,2.4,3.0,11.3,7.0,12.7,1.0,86.3
