,Rk,Date,G#,Week,Age,Tm,Unnamed: 6_level_1,Opp,Result,Att,Yds,TD,1D,YBC,YBC/Att,YAC,YAC/Att,BrkTkl,Att/Br,Tgt,Rec,Yds,TD,1D,YBC,YBC/R,YAC,YAC/R,ADOT,BrkTkl,Rec/Br,Drop,Drop%,Int,Rat,Year
0,1.0,2022-09-11,1.0,1.0,24.08,WAS,,JAX,W 28-22,14,58,0,5,45,3.2,13,0.9,1,14.0,8,7,72,0,3,28,4.0,44,6.3,2.9,0,,0,0.0,1,64.6,2022
1,2.0,2022-09-18,2.0,2.0,24.087,WAS,@,DET,L 27-36,14,28,1,1,16,1.1,12,0.9,0,,4,2,13,0,1,4,2.0,9,4.5,-1.3,1,2.0,1,25.0,0,57.3,2022
2,3.0,2022-09-25,3.0,3.0,24.094,WAS,,PHI,L 8-24,12,38,1,3,9,0.8,29,2.4,1,12.0,1,1,2,0,0,1,1.0,1,1.0,1.0,0,,0,0.0,0,79.2,2022
3,4.0,2022-10-02,4.0,4.0,24.101,WAS,@,DAL,L 10-25,13,49,0,2,24,1.8,25,1.9,1,13.0,3,3,14,0,0,-6,-2.0,20,6.7,-2.0,0,,0,0.0,0,86.1,2022
4,5.0,2022-10-09,5.0,5.0,24.108,WAS,,TEN,L 17-21,3,6,0,1,3,1.0,3,1.0,0,,4,3,33,0,1,9,3.0,24,8.0,2.8,0,,1,25.0,0,99.0,2022
5,6.0,2022-10-13,6.0,6.0,24.112,WAS,@,CHI,W 12-7,5,35,0,2,30,6.0,5,1.0,0,,4,3,18,0,1,2,0.7,16,5.3,1.5,0,,0,0.0,0,83.3,2022
6,7.0,2022-10-23,7.0,7.0,24.122,WAS,,GNB,W 23-21,10,59,0,3,32,3.2,27,2.7,1,10.0,4,3,18,1,1,10,3.3,8,2.7,5.8,0,,0,0.0,0,122.9,2022
7,8.0,2022-10-30,8.0,8.0,24.129,WAS,@,IND,W 17-16,7,19,0,1,10,1.4,9,1.3,0,,7,7,58,1,5,-4,-0.6,62,8.9,-0.6,2,3.5,0,0.0,0,140.8,2022
8,9.0,2022-11-06,9.0,9.0,24.136,WAS,,MIN,L 17-20,11,36,0,3,21,1.9,15,1.4,0,,3,2,11,0,1,3,1.5,8,4.0,-0.7,0,,0,0.0,0,72.9,2022
9,10.0,2022-11-14,10.0,10.0,24.144,WAS,@,PHI,W 32-21,14,44,1,3,19,1.4,25,1.8,1,14.0,3,3,14,0,0,-2,-0.7,16,5.3,-0.7,1,3.0,0,0.0,0,86.1,2022
10,11.0,2022-11-20,11.0,11.0,24.15,WAS,@,HOU,W 23-10,18,72,0,3,43,2.4,29,1.6,0,,3,3,31,0,1,0,0.0,31,10.3,0.0,0,,0,0.0,0,109.7,2022
11,12.0,2022-11-27,12.0,12.0,24.157,WAS,,ATL,W 19-13,9,32,0,2,27,3.0,5,0.6,0,,3,3,22,0,1,6,2.0,16,5.3,2.0,1,3.0,0,0.0,0,97.2,2022
12,13.0,2022-12-04,13.0,13.0,24.164,WAS,@,NYG,T 20-20,9,39,0,2,30,3.3,9,1.0,0,,4,2,20,0,1,5,2.5,15,7.5,1.3,0,,0,0.0,0,64.6,2022
13,14.0,2022-12-18,14.0,15.0,24.178,WAS,,NYG,L 12-20,5,21,0,1,15,3.0,6,1.2,0,,4,2,6,0,0,5,2.5,1,0.5,0.8,0,,1,25.0,0,56.2,2022
14,15.0,2022-12-24,15.0,16.0,24.184,WAS,@,SFO,L 20-37,5,10,0,0,2,0.4,8,1.6,0,,3,2,21,0,2,-5,-2.5,26,13.0,3.3,0,,0,0.0,0,86.8,2022
15,,15 Games,,,,,,,7-7-1,149,546,3,32,326,2.2,220,1.5,5,29.8,58,46,353,2,18,56,1.2,297,6.5,1.2,5,9.2,3,5.2,1,96.3,2022
