,Rk,Date,G#,Week,Age,Tm,Unnamed: 6_level_1,Opp,Result,Tgt,Rec,Yds,TD,1D,YBC,YBC/R,YAC,YAC/R,ADOT,BrkTkl,Rec/Br,Drop,Drop%,Int,Rat,Att,Yds,TD,1D,YBC,YBC/Att,YAC,YAC/Att,BrkTkl,Att/Br,Year
0,1.0,2022-09-11,1.0,1.0,26.031,WAS,,JAX,W 28-22,11,8,55,1,5.0,7,0.9,48,6.0,1.0,0,,0,0.0,0.0,113.8,4,17,0,1.0,13,3.3,4,1.0,0,,2022
1,2.0,2022-09-18,2.0,2.0,26.038,WAS,@,DET,L 27-36,9,7,78,1,3.0,40,5.7,38,5.4,6.1,2,3.5,0,0.0,0.0,139.8,1,21,0,1.0,20,20.0,1,1.0,0,,2022
2,3.0,2022-09-25,3.0,3.0,26.045,WAS,,PHI,L 8-24,10,7,48,0,2.0,31,4.4,17,2.4,3.9,0,,0,0.0,0.0,80.4,3,13,0,1.0,-2,-0.7,15,5.0,1,3.0,2022
3,4.0,2022-10-02,4.0,4.0,26.052,WAS,@,DAL,L 10-25,7,4,38,0,3.0,11,2.8,27,6.8,6.6,0,,0,0.0,1.0,32.7,0,0,0,0.0,0,,0,,0,,2022
4,5.0,2022-10-09,5.0,5.0,26.059,WAS,,TEN,L 17-21,8,6,62,0,4.0,49,8.2,13,2.2,8.4,1,6.0,1,12.5,0.0,96.9,0,0,0,0.0,0,,0,,0,,2022
5,6.0,2022-10-13,6.0,6.0,26.063,WAS,@,CHI,W 12-7,5,2,6,0,,-3,-1.5,9,4.5,7.6,1,2.0,2,40.0,0.0,47.9,0,0,0,,0,,0,,0,,2022
6,7.0,2022-10-23,7.0,7.0,26.073,WAS,,GNB,W 23-21,8,5,53,0,3.0,25,5.0,28,5.6,4.9,1,5.0,1,12.5,0.0,81.8,5,26,0,2.0,18,3.6,8,1.6,0,,2022
7,8.0,2022-10-30,8.0,8.0,26.08,WAS,@,IND,W 17-16,4,3,50,0,3.0,42,14.0,8,2.7,9.3,0,,0,0.0,0.0,116.7,4,29,0,1.0,20,5.0,9,2.3,0,,2022
8,9.0,2022-11-06,9.0,9.0,26.087,WAS,,MIN,L 17-20,4,3,65,1,2.0,60,20.0,5,1.7,14.0,0,,0,0.0,0.0,156.2,1,16,0,1.0,6,6.0,10,10.0,0,,2022
9,10.0,2022-11-14,10.0,10.0,26.095,WAS,@,PHI,W 32-21,4,2,28,0,2.0,11,5.5,17,8.5,10.3,1,2.0,0,0.0,0.0,72.9,4,12,0,1.0,8,2.0,4,1.0,0,,2022
10,11.0,2022-11-20,11.0,11.0,26.101,WAS,@,HOU,W 23-10,2,1,10,0,1.0,-3,-3.0,13,13.0,0.0,0,,1,50.0,0.0,64.6,2,18,1,2.0,16,8.0,2,1.0,0,,2022
11,12.0,2022-11-27,12.0,12.0,26.108,WAS,,ATL,W 19-13,0,0,0,0,,0,,0,,,0,,0,0.0,,,4,13,0,,8,2.0,5,1.3,0,,2022
12,13.0,2022-12-04,13.0,13.0,26.115,WAS,@,NYG,T 20-20,7,6,63,0,2.0,37,6.2,26,4.3,8.0,0,,0,0.0,0.0,104.2,3,23,0,1.0,19,6.3,4,1.3,0,,2022
13,14.0,2022-12-18,14.0,15.0,26.129,WAS,,NYG,L 12-20,5,3,44,0,1.0,37,12.3,7,2.3,13.2,1,3.0,0,0.0,0.0,88.7,5,1,0,0.0,-2,-0.4,3,0.6,0,,2022
14,15.0,2022-12-24,15.0,16.0,26.135,WAS,@,SFO,L 20-37,5,5,52,1,4.0,28,5.6,24,4.8,5.6,1,5.0,0,0.0,0.0,149.6,1,2,0,0.0,1,1.0,1,1.0,0,,2022
15,16.0,2023-01-01,16.0,17.0,26.143,WAS,,CLE,L 10-24,2,1,6,0,1.0,-2,-2.0,8,8.0,20.0,0,,0,0.0,1.0,16.7,0,0,0,0.0,0,,0,,0,,2022
16,17.0,2023-01-08,17.0,18.0,26.15,WAS,,DAL,W 26-6,1,1,-2,0,,-3,-3.0,1,1.0,-3.0,0,,0,0.0,0.0,79.2,1,-4,0,,-4,-4.0,0,0.0,0,,2022
17,,17 Games,,,,,,,8-8-1,92,64,656,4,36.0,367,5.7,289,4.5,6.7,8,8.0,5,5.4,2.0,95.2,38,187,1,11.0,121,3.2,66,1.7,1,38.0,2022
