,Rk,Date,G#,Week,Age,Tm,Unnamed: 6_level_1,Opp,Result,Tgt,Rec,Yds,TD,1D,YBC,YBC/R,YAC,YAC/R,ADOT,BrkTkl,Rec/Br,Drop,Drop%,Int,Rat,Year
0,1.0,2022-09-11,1.0,1.0,31.072,WAS,,JAX,W 28-22,6.0,3.0,45.0,0.0,2.0,26.0,8.7,19.0,6.3,11.7,0.0,,0.0,0.0,0.0,75.0,2022
1,2.0,2022-09-18,2.0,2.0,31.079,WAS,@,DET,L 27-36,5.0,3.0,37.0,1.0,1.0,25.0,8.3,12.0,4.0,13.8,0.0,,0.0,0.0,1.0,82.9,2022
2,3.0,2022-09-25,3.0,3.0,31.086,WAS,,PHI,L 8-24,3.0,2.0,5.0,0.0,1.0,5.0,2.5,0.0,0.0,4.0,0.0,,0.0,0.0,0.0,70.1,2022
3,4.0,2022-10-02,4.0,4.0,31.093,WAS,@,DAL,L 10-25,6.0,5.0,19.0,0.0,2.0,11.0,2.2,8.0,1.6,2.7,0.0,,0.0,0.0,0.0,79.9,2022
4,5.0,2022-10-30,8.0,8.0,31.121,WAS,@,IND,W 17-16,,,,,,,,,,,,,,0.0,,,2022
5,6.0,2022-11-06,9.0,9.0,31.128,WAS,,MIN,L 17-20,3.0,0.0,0.0,0.0,,0.0,,0.0,,14.7,0.0,,0.0,0.0,1.0,0.0,2022
6,7.0,2022-11-14,10.0,10.0,31.136,WAS,@,PHI,W 32-21,4.0,2.0,12.0,0.0,,11.0,5.5,1.0,0.5,4.8,0.0,,0.0,0.0,0.0,56.2,2022
7,8.0,2022-11-20,11.0,11.0,31.142,WAS,@,HOU,W 23-10,6.0,5.0,65.0,0.0,3.0,39.0,7.8,26.0,5.2,7.7,0.0,,0.0,0.0,0.0,111.8,2022
8,9.0,2022-11-27,12.0,12.0,31.149,WAS,,ATL,W 19-13,3.0,1.0,7.0,0.0,,3.0,3.0,4.0,4.0,-0.7,0.0,,0.0,0.0,0.0,42.4,2022
9,10.0,2022-12-04,13.0,13.0,31.156,WAS,@,NYG,T 20-20,4.0,3.0,20.0,0.0,1.0,11.0,3.7,9.0,3.0,6.8,0.0,,0.0,0.0,0.0,85.4,2022
10,11.0,2022-12-18,14.0,15.0,31.17,WAS,,NYG,L 12-20,3.0,1.0,6.0,0.0,,0.0,0.0,6.0,6.0,10.7,0.0,,0.0,0.0,0.0,42.4,2022
11,12.0,2022-12-24,15.0,16.0,31.176,WAS,@,SFO,L 20-37,8.0,6.0,35.0,0.0,2.0,25.0,4.2,10.0,1.7,6.8,0.0,,0.0,0.0,0.0,82.8,2022
12,13.0,2023-01-01,16.0,17.0,31.184,WAS,,CLE,L 10-24,7.0,6.0,56.0,0.0,3.0,31.0,5.2,25.0,4.2,4.7,0.0,,1.0,14.3,0.0,100.0,2022
13,14.0,2023-01-08,17.0,18.0,31.191,WAS,,DAL,W 26-6,3.0,2.0,16.0,0.0,,10.0,5.0,6.0,3.0,3.3,0.0,,0.0,0.0,0.0,79.9,2022
14,,14 Games,,,,,,,6-7-1,61.0,39.0,323.0,1.0,15.0,197.0,5.1,126.0,3.2,7.0,0.0,,1.0,1.6,2.0,69.2,2022
