,Rk,Date,G#,Week,Age,Tm,Unnamed: 6_level_1,Opp,Result,Tgt,Rec,Yds,TD,1D,YBC,YBC/R,YAC,YAC/R,ADOT,BrkTkl,Rec/Br,Drop,Drop%,Int,Rat,Att,Yds,TD,1D,YBC,YBC/Att,YAC,YAC/Att,BrkTkl,Att/Br
0,1.0,2022-09-11,1.0,1.0,21.191,PIT,@,CIN,W 23-20,3,1,3,0,,3,3.0,0,0.0,15.7,0,,0,0.0,0,42.4,0,0,0,,0,,0,,0,
1,2.0,2022-09-18,2.0,2.0,21.198,PIT,,NWE,L 14-17,2,1,23,0,1.0,20,20.0,3,3.0,18.5,0,,0,0.0,0,91.7,0,0,0,0.0,0,,0,,0,
2,3.0,2022-09-22,3.0,3.0,21.202,PIT,@,CLE,L 17-29,7,3,39,0,1.0,40,13.3,-1,-0.3,14.4,1,3.0,0,0.0,0,61.0,0,0,0,0.0,0,,0,,0,
3,4.0,2022-10-02,4.0,4.0,21.212,PIT,,NYJ,L 20-24,8,6,102,0,4.0,77,12.8,25,4.2,19.5,1,6.0,0,0.0,0,116.7,0,0,0,0.0,0,,0,,0,
4,5.0,2022-10-09,5.0,5.0,21.219,PIT,@,BUF,L 3-38,8,6,83,0,6.0,66,11.0,17,2.8,11.1,0,,0,0.0,0,107.8,0,0,0,0.0,0,,0,,0,
5,6.0,2022-10-16,6.0,6.0,21.226,PIT,,TAM,W 20-18,6,3,27,0,1.0,25,8.3,2,0.7,8.5,0,,0,0.0,0,62.5,1,1,0,0.0,1,1.0,0,0.0,0,
6,7.0,2022-10-23,7.0,7.0,21.233,PIT,@,MIA,L 10-16,6,6,61,1,4.0,55,9.2,6,1.0,9.2,0,,0,0.0,0,148.6,0,0,0,0.0,0,,0,,0,
7,8.0,2022-10-30,8.0,8.0,21.24,PIT,@,PHI,L 13-35,3,0,0,0,,0,,0,,19.0,0,,1,33.3,0,39.6,0,0,0,,0,,0,,0,
8,9.0,2022-11-13,9.0,10.0,21.254,PIT,,NOR,W 20-10,4,3,32,0,2.0,20,6.7,12,4.0,8.8,2,1.5,0,0.0,0,97.9,2,23,1,2.0,19,9.5,4,2.0,0,
9,10.0,2022-11-20,10.0,11.0,21.261,PIT,,CIN,L 30-37,6,4,83,1,3.0,74,18.5,9,2.3,20.3,0,,1,16.7,0,149.3,0,0,0,0.0,0,,0,,0,
10,11.0,2022-11-28,11.0,12.0,21.269,PIT,@,IND,W 24-17,6,3,57,0,3.0,53,17.7,4,1.3,14.5,1,3.0,1,16.7,0,83.3,0,0,0,0.0,0,,0,,0,
11,12.0,2022-12-04,12.0,13.0,21.275,PIT,@,ATL,W 19-16,2,1,2,0,,2,2.0,0,0.0,6.0,0,,0,0.0,0,56.2,0,0,0,,0,,0,,0,
12,13.0,2022-12-11,13.0,14.0,21.282,PIT,,BAL,L 14-16,3,3,78,0,3.0,70,23.3,8,2.7,23.3,0,,0,0.0,0,118.7,0,0,0,0.0,0,,0,,0,
13,14.0,2022-12-18,14.0,15.0,21.289,PIT,@,CAR,W 24-16,5,2,53,0,2.0,48,24.0,5,2.5,11.8,0,,0,0.0,0,79.6,0,0,0,0.0,0,,0,,0,
14,15.0,2022-12-24,15.0,16.0,21.295,PIT,,LVR,W 13-10,5,5,57,1,3.0,48,9.6,9,1.8,9.6,0,,0,0.0,0,153.7,0,0,0,0.0,0,,0,,0,
15,16.0,2023-01-01,16.0,17.0,21.303,PIT,@,BAL,W 16-13,4,2,29,0,2.0,29,14.5,0,0.0,11.8,0,,0,0.0,0,74.0,0,0,0,0.0,0,,0,,0,
16,17.0,2023-01-08,17.0,18.0,21.31,PIT,,CLE,W 28-14,6,3,72,1,3.0,67,22.3,5,1.7,24.5,0,,0,0.0,0,133.3,0,0,0,0.0,0,,0,,0,
17,,17 Games,,,,,,,9-8-0,84,52,801,4,38.0,697,13.4,104,2.0,14.5,5,10.4,3,3.6,0,109.3,3,24,1,2.0,20,6.7,4,1.3,0,
