,Rk,Date,G#,Week,Age,Tm,Unnamed: 6_level_1,Opp,Result,Int,Tgt,Cmp,Cmp%,Yds,Yds/Cmp,Yds/Tgt,TD,Rat,DADOT,Air,YAC,Bltz,Hrry,QBKD,Sk,Prss,Comb,MTkl,MTkl%,Year
0,1.0,2022-09-11,1.0,1.0,25.298,PIT,@,CIN,W 23-20,1,9,6,66.7%,54,9.0,6.0,0,43.1,5.7,11,43,0,0,0,0.0,0,14,0,0.0%,2022
1,2.0,2022-09-18,2.0,2.0,25.305,PIT,,NWE,L 14-17,1,1,0,0.0%,0,,0.0,0,0.0,35.0,0,0,1,0,0,0.0,0,6,0,0.0%,2022
2,3.0,2022-09-22,3.0,3.0,25.309,PIT,@,CLE,L 17-29,0,0,0,,0,,,0,,,0,0,0,0,0,0.0,0,4,1,20.0%,2022
3,4.0,2022-10-02,4.0,4.0,25.319,PIT,,NYJ,L 20-24,1,8,4,50.0%,31,7.8,3.9,1,59.9,7.1,24,7,0,0,0,0.0,0,8,0,0.0%,2022
4,5.0,2022-10-09,5.0,5.0,25.326,PIT,@,BUF,L 3-38,0,4,2,50.0%,82,41.0,20.5,1,135.4,18.8,58,24,2,0,1,0.0,1,1,1,50.0%,2022
5,6.0,2022-10-23,7.0,7.0,25.34,PIT,@,MIA,L 10-16,0,1,1,100.0%,9,9.0,9.0,0,104.2,10.0,10,-1,1,0,0,0.0,0,6,0,0.0%,2022
6,7.0,2022-10-30,8.0,8.0,25.347,PIT,@,PHI,L 13-35,0,5,3,60.0%,123,41.0,24.6,2,143.7,16.6,69,54,1,0,0,0.0,0,6,0,0.0%,2022
7,8.0,2022-11-20,10.0,11.0,26.003,PIT,,CIN,L 30-37,0,1,0,0.0%,0,,0.0,0,39.6,18.0,0,0,1,0,0,0.0,0,3,0,0.0%,2022
8,9.0,2022-11-28,11.0,12.0,26.011,PIT,@,IND,W 24-17,0,6,5,83.3%,31,6.2,5.2,0,88.2,4.0,18,13,1,0,0,0.0,0,7,1,12.5%,2022
9,10.0,2022-12-04,12.0,13.0,26.017,PIT,@,ATL,W 19-16,1,2,1,50.0%,7,7.0,3.5,1,58.3,10.0,2,5,1,0,0,0.0,0,7,0,0.0%,2022
10,11.0,2022-12-11,13.0,14.0,26.024,PIT,,BAL,L 14-16,0,1,1,100.0%,7,7.0,7.0,0,95.8,3.0,3,4,2,1,0,0.0,1,11,0,0.0%,2022
11,12.0,2022-12-18,14.0,15.0,26.031,PIT,@,CAR,W 24-16,0,2,1,50.0%,24,24.0,12.0,0,93.7,11.5,20,4,0,0,0,0.0,0,2,1,33.3%,2022
12,13.0,2022-12-24,15.0,16.0,26.037,PIT,,LVR,W 13-10,1,4,2,50.0%,44,22.0,11.0,0,50.0,14.8,33,11,1,0,0,0.0,0,2,0,0.0%,2022
13,14.0,2023-01-01,16.0,17.0,26.045,PIT,@,BAL,W 16-13,1,7,4,57.1%,50,12.5,7.1,0,39.9,10.3,30,20,0,0,0,0.0,0,9,0,0.0%,2022
14,15.0,2023-01-08,17.0,18.0,26.052,PIT,,CLE,W 28-14,0,3,3,100.0%,54,18.0,18.0,0,118.7,12.0,36,18,0,0,0,0.0,0,10,1,9.1%,2022
15,,15 Games,,,,,,,7-8-0,6,54,33,61.1%,516,15.6,9.6,5,84.1,10.5,314,202,11,1,1,0.0,2,96,5,5.0%,2022
