,Rk,Date,G#,Week,Age,Tm,Unnamed: 6_level_1,Opp,Result,Int,Tgt,Cmp,Cmp%,Yds,Yds/Cmp,Yds/Tgt,TD,Rat,DADOT,Air,YAC,Bltz,Hrry,QBKD,Sk,Prss,Comb,MTkl,MTkl%
0,1.0,2022-09-11,1.0,1.0,25.234,PIT,@,CIN,W 23-20,0,6,5,83.3%,61,12.2,10.2,0,109.0,6.3,30,31,1,0,0,0.0,0,6,3,33.3%
1,2.0,2022-09-18,2.0,2.0,25.241,PIT,,NWE,L 14-17,0,1,0,0.0%,0,,0.0,0,39.6,19.0,0,0,0,0,0,0.0,0,4,0,0.0%
2,3.0,2022-09-22,3.0,3.0,25.245,PIT,@,CLE,L 17-29,0,2,2,100.0%,18,9.0,9.0,2,143.7,7.5,15,3,1,0,0,0.0,0,2,1,33.3%
3,4.0,2022-10-02,4.0,4.0,25.255,PIT,,NYJ,L 20-24,0,0,0,,0,,,0,,,0,0,0,0,0,0.0,0,1,0,0.0%
4,5.0,2022-10-16,6.0,6.0,25.269,PIT,,TAM,W 20-18,0,0,0,,0,,,0,,,0,0,0,0,0,0.0,0,10,0,0.0%
5,6.0,2022-10-23,7.0,7.0,25.276,PIT,@,MIA,L 10-16,0,4,0,0.0%,0,,0.0,0,39.6,16.3,0,0,0,0,0,0.0,0,5,0,0.0%
6,7.0,2022-10-30,8.0,8.0,25.283,PIT,@,PHI,L 13-35,0,3,2,66.7%,22,11.0,7.3,0,88.2,8.0,17,5,1,0,0,0.0,0,4,0,0.0%
7,8.0,2022-11-13,9.0,10.0,25.297,PIT,,NOR,W 20-10,0,1,0,0.0%,0,,0.0,0,39.6,2.0,0,0,1,0,0,0.0,0,2,0,0.0%
8,9.0,2022-11-20,10.0,11.0,25.304,PIT,,CIN,L 30-37,0,1,1,100.0%,24,24.0,24.0,0,118.7,13.0,13,11,1,0,0,0.0,0,2,0,0.0%
9,10.0,2022-11-28,11.0,12.0,25.312,PIT,@,IND,W 24-17,0,0,0,,0,,,0,,,0,0,2,0,0,1.0,1,6,1,14.3%
10,11.0,2022-12-04,12.0,13.0,25.318,PIT,@,ATL,W 19-16,0,2,1,50.0%,15,15.0,7.5,0,75.0,22.5,15,0,1,0,0,0.0,0,4,0,0.0%
11,12.0,2022-12-11,13.0,14.0,25.325,PIT,,BAL,L 14-16,0,3,2,66.7%,33,16.5,11.0,0,103.5,11.3,22,11,1,0,0,0.0,0,9,0,0.0%
12,13.0,2022-12-18,14.0,15.0,25.332,PIT,@,CAR,W 24-16,0,2,1,50.0%,3,3.0,1.5,0,56.2,4.0,0,3,0,1,0,0.0,1,4,1,20.0%
13,14.0,2023-01-01,16.0,17.0,25.346,PIT,@,BAL,W 16-13,0,4,3,75.0%,22,7.3,5.5,0,87.5,4.8,14,8,0,0,0,0.0,0,6,0,0.0%
14,15.0,2023-01-08,17.0,18.0,25.353,PIT,,CLE,W 28-14,0,4,3,75.0%,66,22.0,16.5,1,156.2,11.3,41,25,1,0,0,1.0,1,5,0,0.0%
15,,15 Games,,,,,,,8-7-0,0,33,20,60.6%,264,13.2,8.0,3,116.2,9.9,167,97,10,1,0,2.0,3,70,6,7.9%
