,Rk,Date,G#,Week,Age,Tm,Unnamed: 6_level_1,Opp,Result,Int,Tgt,Cmp,Cmp%,Yds,Yds/Cmp,Yds/Tgt,TD,Rat,DADOT,Air,YAC,Bltz,Hrry,QBKD,Sk,Prss,Comb,MTkl,MTkl%
0,1.0,2022-09-11,1.0,1.0,23.145,PIT,@,CIN,W 23-20,0,3,1,33.3%,20,20.0,6.7,0,57.6,15.7,18,2,0,0,0,0.0,0,1.0,0,0.0%
1,2.0,2022-09-18,2.0,2.0,23.152,PIT,,NWE,L 14-17,0,0,0,,0,,,0,,,0,0,0,0,0,0.0,0,1.0,0,0.0%
2,3.0,2022-09-22,3.0,3.0,23.156,PIT,@,CLE,L 17-29,0,0,0,,0,,,0,,,0,0,0,0,0,,0,,0,
3,4.0,2022-10-02,4.0,4.0,23.166,PIT,,NYJ,L 20-24,0,2,2,100.0%,24,12.0,12.0,0,116.7,5.5,11,13,0,0,0,0.0,0,7.0,0,0.0%
4,5.0,2022-10-09,5.0,5.0,23.173,PIT,@,BUF,L 3-38,0,6,2,33.3%,33,16.5,5.5,0,52.8,13.3,19,14,3,0,0,0.0,0,3.0,1,25.0%
5,6.0,2022-10-16,6.0,6.0,23.18,PIT,,TAM,W 20-18,0,5,2,40.0%,25,12.5,5.0,0,56.2,13.6,24,1,0,0,0,0.0,0,5.0,2,28.6%
6,7.0,2022-10-23,7.0,7.0,23.187,PIT,@,MIA,L 10-16,0,3,2,66.7%,8,4.0,2.7,0,70.1,4.0,4,4,0,0,0,0.0,0,2.0,1,33.3%
7,8.0,2022-10-30,8.0,8.0,23.194,PIT,@,PHI,L 13-35,0,1,1,100.0%,8,8.0,8.0,0,100.0,2.0,2,6,0,0,0,0.0,0,0.0,1,100.0%
8,9.0,2022-11-13,9.0,10.0,23.208,PIT,,NOR,W 20-10,0,0,0,,0,,,0,,,0,0,0,0,0,0.0,0,2.0,0,0.0%
9,10.0,2022-11-20,10.0,11.0,23.215,PIT,,CIN,L 30-37,0,0,0,,0,,,0,,,0,0,0,0,0,,0,,0,
10,11.0,2022-11-28,11.0,12.0,23.223,PIT,@,IND,W 24-17,0,0,0,,0,,,0,,,0,0,0,0,0,,0,,0,
11,12.0,2022-12-04,12.0,13.0,23.229,PIT,@,ATL,W 19-16,0,0,0,,0,,,0,,,0,0,0,0,0,,0,,0,
12,13.0,2022-12-11,13.0,14.0,23.236,PIT,,BAL,L 14-16,0,0,0,,0,,,0,,,0,0,0,0,0,,0,,0,
13,14.0,2022-12-18,14.0,15.0,23.243,PIT,@,CAR,W 24-16,0,0,0,,0,,,0,,,0,0,0,0,0,0.0,0,1.0,0,0.0%
14,15.0,2022-12-24,15.0,16.0,23.249,PIT,,LVR,W 13-10,0,0,0,,0,,,0,,,0,0,0,0,0,0.0,0,1.0,0,0.0%
15,,15 Games,,,,,,,7-8-0,0,20,10,50.0%,118,11.8,5.9,0,68.3,11.0,78,40,3,0,0,0.0,0,23.0,5,17.9%
