,Rk,Date,G#,Week,Age,Tm,Unnamed: 6_level_1,Opp,Result,Tgt,Rec,Yds,TD,1D,YBC,YBC/R,YAC,YAC/R,ADOT,BrkTkl,Rec/Br,Drop,Drop%,Int,Rat
0,1.0,2018-09-06,1.0,1.0,23.312,ATL,@,PHI,L 12-18,4,3,24,0,,20,6.7,4,1.3,5.8,0,,0,0.0,0,89.6
1,2.0,2018-09-16,2.0,2.0,23.322,ATL,,CAR,W 31-24,5,5,59,1,3.0,38,7.6,21,4.2,7.6,0,,0,0.0,0,155.4
2,3.0,2018-09-23,3.0,3.0,23.329,ATL,,NOR,L 37-43,4,3,23,0,,12,4.0,11,3.7,4.5,1,3.0,0,0.0,0,88.5
3,4.0,2018-09-30,4.0,4.0,23.336,ATL,,CIN,L 36-37,2,1,19,0,1.0,1,1.0,18,18.0,10.0,1,1.0,0,0.0,0,83.3
4,5.0,2018-10-07,5.0,5.0,23.343,ATL,@,PIT,L 17-41,12,9,77,0,4.0,42,4.7,35,3.9,7.2,0,,0,0.0,0,91.3
5,6.0,2018-10-14,6.0,6.0,23.35,ATL,,TAM,W 34-29,10,9,71,1,6.0,58,6.4,13,1.4,6.2,1,9.0,1,10.0,0,129.6
6,7.0,2018-10-22,7.0,7.0,23.358,ATL,,NYG,W 23-20,4,3,48,0,1.0,39,13.0,9,3.0,14.8,0,,1,25.0,0,114.6
7,8.0,2018-11-04,8.0,9.0,24.006,ATL,@,WAS,W 38-14,3,3,41,0,2.0,11,3.7,30,10.0,3.7,0,,0,0.0,0,118.7
8,9.0,2018-11-11,9.0,10.0,24.013,ATL,@,CLE,L 16-28,11,10,56,1,4.0,42,4.2,14,1.4,4.5,0,,0,0.0,0,118.2
9,10.0,2018-11-18,10.0,11.0,24.02,ATL,,DAL,L 19-22,8,4,27,0,,17,4.3,10,2.5,4.4,0,,1,12.5,0,57.8
10,11.0,2018-11-22,11.0,12.0,24.024,ATL,@,NOR,L 17-31,5,5,31,0,2.0,19,3.8,12,2.4,3.8,0,,0,0.0,0,92.5
11,12.0,2018-12-02,12.0,13.0,24.034,ATL,,BAL,L 16-26,5,5,44,1,2.0,22,4.4,22,4.4,4.4,0,,0,0.0,0,142.9
12,13.0,2018-12-09,13.0,14.0,24.041,ATL,@,GNB,L 20-34,6,4,37,0,1.0,30,7.5,7,1.8,7.8,1,4.0,0,0.0,1,43.7
13,14.0,2018-12-16,14.0,15.0,24.048,ATL,,ARI,W 40-14,1,0,0,0,,0,,0,,3.0,0,,1,100.0,0,39.6
14,15.0,2018-12-23,15.0,16.0,24.055,ATL,@,CAR,W 24-10,2,2,36,0,1.0,27,13.5,9,4.5,13.5,0,,0,0.0,0,118.7
15,16.0,2018-12-30,16.0,17.0,24.062,ATL,@,TAM,W 34-32,6,5,67,0,3.0,50,10.0,17,3.4,14.0,0,,0,0.0,0,113.2
16,,16 Games,,,,,,,7-9-0,88,71,660,4,30.0,428,6.0,232,3.3,6.9,4,17.8,4,4.5,1,108.3
