,Rk,Date,G#,Week,Age,Tm,Unnamed: 6_level_1,Opp,Result,Int,Tgt,Cmp,Cmp%,Yds,Yds/Cmp,Yds/Tgt,TD,Rat,DADOT,Air,YAC,Bltz,Hrry,QBKD,Sk,Prss,Comb,MTkl,MTkl%,Year
0,1.0,2018-09-30,4.0,4.0,30.223,ATL,,CIN,L 36-37,0,0,0,,0,,,0,,,0,0,0,0,0,0.0,0,0,0,,2018
1,2.0,2018-10-07,5.0,5.0,30.23,ATL,@,PIT,L 17-41,0,0,0,,0,,,0,,,0,0,0,0,0,0.0,0,2,0,0.0%,2018
2,3.0,2018-10-14,6.0,6.0,30.237,ATL,,TAM,W 34-29,0,1,1,100.0%,3,3.0,3.0,0,79.2,2.0,2,1,0,0,0,0.0,0,3,0,0.0%,2018
3,4.0,2018-10-22,7.0,7.0,30.245,ATL,,NYG,W 23-20,0,1,0,0.0%,0,,0.0,0,39.6,3.0,0,0,0,0,0,0.0,0,3,1,25.0%,2018
4,5.0,2018-11-04,8.0,9.0,30.258,ATL,@,WAS,W 38-14,0,2,2,100.0%,44,22.0,22.0,0,118.7,18.0,36,8,0,0,0,0.0,0,7,0,0.0%,2018
5,6.0,2018-11-11,9.0,10.0,30.265,ATL,@,CLE,L 16-28,0,0,0,,0,,,0,,,0,0,0,0,0,0.0,0,1,0,0.0%,2018
6,7.0,2018-11-18,10.0,11.0,30.272,ATL,,DAL,L 19-22,0,1,1,100.0%,6,6.0,6.0,0,91.7,5.0,5,1,0,0,0,0.0,0,2,0,0.0%,2018
7,8.0,2018-11-22,11.0,12.0,30.276,ATL,@,NOR,L 17-31,0,1,0,0.0%,5,,5.0,0,47.9,5.0,5,0,0,0,0,0.0,0,1,0,0.0%,2018
8,9.0,2018-12-02,12.0,13.0,30.286,ATL,,BAL,L 16-26,0,0,0,,0,,,0,,,0,0,0,0,0,0.0,0,2,0,0.0%,2018
9,10.0,2018-12-16,14.0,15.0,30.3,ATL,,ARI,W 40-14,0,0,0,,0,,,0,,,0,0,0,0,0,0.0,0,0,0,,2018
10,11.0,2018-12-23,15.0,16.0,30.307,ATL,@,CAR,W 24-10,0,0,0,,0,,,0,,,0,0,0,0,0,0.0,0,0,0,,2018
11,,11 Games,,,,,,,5-6-0,0,6,4,66.7%,58,14.5,9.7,0,97.9,8.5,48,10,0,0,0,0.0,0,21,1,4.5%,2018
