,Rk,Date,G#,Week,Age,Tm,Unnamed: 6_level_1,Opp,Result,Int,Tgt,Cmp,Cmp%,Yds,Yds/Cmp,Yds/Tgt,TD,Rat,DADOT,Air,YAC,Bltz,Hrry,QBKD,Sk,Prss,Comb,MTkl,MTkl%
0,1.0,2018-09-06,1.0,1.0,27.361,ATL,@,PHI,L 12-18,0,5,2,40.0%,17,8.5,3.4,0,49.6,11.8,10,7,0,0,0,0.0,0,6,0,0.0%
1,2.0,2018-09-16,2.0,2.0,28.006,ATL,,CAR,W 31-24,0,5,4,80.0%,45,11.3,9.0,0,104.2,7.0,20,25,0,0,0,0.0,0,3,0,0.0%
2,3.0,2018-09-23,3.0,3.0,28.013,ATL,,NOR,L 37-43,0,8,7,87.5%,54,7.7,6.8,1,134.4,4.4,19,35,1,1,0,0.0,1,4,1,20.0%
3,4.0,2018-09-30,4.0,4.0,28.02,ATL,,CIN,L 36-37,0,12,8,66.7%,69,8.6,5.8,0,81.6,5.3,42,27,0,0,0,0.0,0,7,0,0.0%
4,5.0,2018-10-07,5.0,5.0,28.027,ATL,@,PIT,L 17-41,0,4,0,0.0%,0,,0.0,0,39.6,16.3,0,0,0,0,0,0.0,0,3,0,0.0%
5,6.0,2018-10-14,6.0,6.0,28.034,ATL,,TAM,W 34-29,0,7,4,57.1%,72,18.0,10.3,0,92.6,20.6,62,10,0,0,0,0.0,0,3,1,25.0%
6,7.0,2018-10-22,7.0,7.0,28.042,ATL,,NYG,W 23-20,0,7,5,71.4%,70,14.0,10.0,0,103.3,11.3,42,28,0,0,0,0.0,0,8,0,0.0%
7,8.0,2018-11-04,8.0,9.0,28.055,ATL,@,WAS,W 38-14,0,7,3,42.9%,21,7.0,3.0,0,50.3,12.4,24,-3,0,0,0,0.0,0,2,1,33.3%
8,9.0,2018-11-11,9.0,10.0,28.062,ATL,@,CLE,L 16-28,0,4,4,100.0%,63,15.8,15.8,0,118.7,12.3,49,14,0,0,0,0.0,0,2,0,0.0%
9,10.0,2018-11-18,10.0,11.0,28.069,ATL,,DAL,L 19-22,0,5,2,40.0%,19,9.5,3.8,0,51.2,11.8,19,0,0,0,0,0.0,0,5,0,0.0%
10,11.0,2018-11-22,11.0,12.0,28.073,ATL,@,NOR,L 17-31,0,3,1,33.3%,12,12.0,4.0,0,46.5,15.7,12,0,0,0,0,0.0,0,3,0,0.0%
11,12.0,2018-12-02,12.0,13.0,28.083,ATL,,BAL,L 16-26,0,3,1,33.3%,21,21.0,7.0,0,59.0,19.3,19,2,2,2,0,0.0,2,3,0,0.0%
12,13.0,2018-12-09,13.0,14.0,28.09,ATL,@,GNB,L 20-34,0,4,4,100.0%,21,5.3,5.3,0,88.5,3.3,13,8,1,0,0,1.0,1,5,0,0.0%
13,14.0,2018-12-16,14.0,15.0,28.097,ATL,,ARI,W 40-14,0,3,3,100.0%,20,6.7,6.7,1,134.0,3.0,9,11,0,0,0,0.0,0,3,1,25.0%
14,15.0,2018-12-23,15.0,16.0,28.104,ATL,@,CAR,W 24-10,0,13,5,38.5%,40,8.0,3.1,0,47.0,14.7,30,10,0,0,0,0.0,0,7,0,0.0%
15,16.0,2018-12-30,16.0,17.0,28.111,ATL,@,TAM,W 34-32,0,8,5,62.5%,68,13.6,8.5,1,129.2,11.8,59,9,0,0,0,0.0,0,2,0,0.0%
16,,16 Games,,,,,,,7-9-0,0,98,58,59.2%,612,10.6,6.2,3,87.6,11.1,429,183,4,3,0,1.0,4,66,4,5.7%
