,Rk,Date,G#,Week,Age,Tm,Unnamed: 6_level_1,Opp,Result,Int,Tgt,Cmp,Cmp%,Yds,Yds/Cmp,Yds/Tgt,TD,Rat,DADOT,Air,YAC,Bltz,Hrry,QBKD,Sk,Prss,Comb,MTkl,MTkl%
0,1.0,2021-09-12,1.0,1.0,27.04,ATL,,PHI,L 6-32,0,0,0,,0,,,0,,,0,0,0,0,0,0.0,0,2,0,0.0%
1,2.0,2021-09-19,2.0,2.0,27.047,ATL,@,TAM,L 25-48,0,0,0,,0,,,0,,,0,0,2,0,1,1.0,2,3,1,25.0%
2,3.0,2021-09-26,3.0,3.0,27.054,ATL,@,NYG,W 17-14,0,1,1,100.0%,7,7.0,7.0,0,95.8,-6.0,-6,13,0,1,0,1.0,2,3,0,0.0%
3,4.0,2021-10-03,4.0,4.0,27.061,ATL,,WAS,L 30-34,0,0,0,,0,,,0,,,0,0,1,0,0,0.0,0,3,1,25.0%
4,5.0,2021-10-10,5.0,5.0,27.068,ATL,,NYJ,W 27-20,0,0,0,,0,,,0,,,0,0,0,1,0,0.0,1,1,0,0.0%
5,6.0,2021-11-14,9.0,10.0,27.103,ATL,@,DAL,L 3-43,0,0,0,,0,,,0,,,0,0,1,0,0,0.0,0,2,0,0.0%
6,7.0,2021-11-18,10.0,11.0,27.107,ATL,,NWE,L 0-25,0,1,1,100.0%,6,6.0,6.0,0,91.7,-3.0,-3,9,0,0,0,0.5,1,5,0,0.0%
7,8.0,2021-11-28,11.0,12.0,27.117,ATL,@,JAX,W 21-14,0,1,0,0.0%,0,,0.0,0,39.6,6.0,0,0,1,1,0,1.0,2,2,2,50.0%
8,9.0,2021-12-05,12.0,13.0,27.124,ATL,,TAM,L 17-30,0,0,0,,0,,,0,,,0,0,3,0,0,0.0,0,2,0,0.0%
9,10.0,2021-12-12,13.0,14.0,27.131,ATL,@,CAR,W 29-21,0,0,0,,0,,,0,,,0,0,0,1,0,1.0,2,3,0,0.0%
10,11.0,2021-12-19,14.0,15.0,27.138,ATL,@,SFO,L 13-31,0,0,0,,0,,,0,,,0,0,3,0,1,0.0,1,1,0,0.0%
11,12.0,2021-12-26,15.0,16.0,27.145,ATL,,DET,W 20-16,0,0,0,,0,,,0,,,0,0,0,0,1,0.0,1,3,1,25.0%
12,13.0,2022-01-02,16.0,17.0,27.152,ATL,@,BUF,L 15-29,0,0,0,,0,,,0,,,0,0,1,3,1,0.0,4,3,2,40.0%
13,14.0,2022-01-09,17.0,18.0,27.159,ATL,,NOR,L 20-30,0,1,1,100.0%,34,34.0,34.0,0,118.7,9.0,9,25,2,1,0,0.0,1,3,0,0.0%
14,,14 Games,,,,,,,5-9-0,0,4,3,75.0%,47,15.7,11.8,0,113.5,1.5,0,47,14,8,4,4.5,17,36,7,16.3%
