,Rk,Date,G#,Week,Age,Tm,Unnamed: 6_level_1,Opp,Result,Int,Tgt,Cmp,Cmp%,Yds,Yds/Cmp,Yds/Tgt,TD,Rat,DADOT,Air,YAC,Bltz,Hrry,QBKD,Sk,Prss,Comb,MTkl,MTkl%
0,1.0,2021-09-12,1.0,1.0,31.163,ATL,,PHI,L 6-32,0,2,2,100.0%,19,9.5,9.5,0,106.2,4.5,9,10,0,0,0,0.0,0,6,0,0.0%
1,2.0,2021-09-19,2.0,2.0,31.17,ATL,@,TAM,L 25-48,0,3,2,66.7%,47,23.5,15.7,0,109.7,29.7,37,10,1,0,0,0.0,0,5,1,16.7%
2,3.0,2021-09-26,3.0,3.0,31.177,ATL,@,NYG,W 17-14,0,3,1,33.3%,10,10.0,3.3,0,43.7,3.7,7,3,1,0,0,0.0,0,4,2,33.3%
3,4.0,2021-10-03,4.0,4.0,31.184,ATL,,WAS,L 30-34,0,5,3,60.0%,30,10.0,6.0,0,77.1,13.4,17,13,1,0,1,0.0,1,6,0,0.0%
4,5.0,2021-10-24,6.0,7.0,31.205,ATL,@,MIA,W 30-28,0,3,3,100.0%,25,8.3,8.3,0,101.4,5.3,16,9,0,0,0,0.0,0,7,0,0.0%
5,6.0,2021-10-31,7.0,8.0,31.212,ATL,,CAR,L 13-19,0,3,2,66.7%,15,7.5,5.0,0,78.5,7.7,12,3,1,1,0,0.0,1,7,0,0.0%
6,7.0,2021-11-07,8.0,9.0,31.219,ATL,@,NOR,W 27-25,0,9,7,77.8%,83,11.9,9.2,0,105.1,10.6,71,12,2,0,0,0.0,0,8,3,27.3%
7,8.0,2021-11-14,9.0,10.0,31.226,ATL,@,DAL,L 3-43,0,3,2,66.7%,9,4.5,3.0,0,70.1,3.7,-2,11,1,0,0,0.0,0,7,1,12.5%
8,9.0,2021-11-18,10.0,11.0,31.23,ATL,,NWE,L 0-25,0,2,1,50.0%,15,15.0,7.5,0,75.0,13.5,13,2,1,0,0,0.5,1,5,2,28.6%
9,10.0,2021-11-28,11.0,12.0,31.24,ATL,@,JAX,W 21-14,0,5,3,60.0%,30,10.0,6.0,0,77.1,3.4,8,22,0,0,0,0.0,0,6,2,25.0%
10,11.0,2021-12-05,12.0,13.0,31.247,ATL,,TAM,L 17-30,0,2,1,50.0%,11,11.0,5.5,1,106.2,9.5,11,0,1,0,0,0.0,0,2,0,0.0%
11,12.0,2021-12-12,13.0,14.0,31.254,ATL,@,CAR,W 29-21,0,1,1,100.0%,15,15.0,15.0,0,118.7,-3.0,-3,18,0,0,0,0.0,0,1,0,0.0%
12,,12 Games,,,,,,,5-7-0,0,41,28,68.3%,309,11.0,7.5,1,98.5,9.3,196,113,9,1,1,0.5,3,64,11,14.7%
