,Rk,Date,G#,Week,Age,Tm,Unnamed: 6_level_1,Opp,Result,Int,Tgt,Cmp,Cmp%,Yds,Yds/Cmp,Yds/Tgt,TD,Rat,DADOT,Air,YAC,Bltz,Hrry,QBKD,Sk,Prss,Comb,MTkl,MTkl%,Year
0,1.0,2021-09-12,1.0,1.0,33.295,ATL,,PHI,L 6-32,0,0,0,,0.0,,,0.0,,,0.0,0.0,0,0,0,,0,,0,,2021
1,2.0,2021-09-19,2.0,2.0,33.302,ATL,@,TAM,L 25-48,0,0,0,,0.0,,,0.0,,,0.0,0.0,0,0,0,0.0,0,0.0,0,,2021
2,3.0,2021-09-26,3.0,3.0,33.309,ATL,@,NYG,W 17-14,0,0,0,,0.0,,,0.0,,,0.0,0.0,0,0,0,0.0,0,0.0,0,,2021
3,4.0,2021-10-03,4.0,4.0,33.316,ATL,,WAS,L 30-34,0,0,0,,0.0,,,0.0,,,0.0,0.0,0,0,0,,0,,0,,2021
4,5.0,2021-10-10,5.0,5.0,33.323,ATL,,NYJ,W 27-20,0,0,0,,0.0,,,0.0,,,0.0,0.0,0,0,0,0.0,0,0.0,0,,2021
5,6.0,2021-10-24,6.0,7.0,33.337,ATL,@,MIA,W 30-28,0,0,0,,0.0,,,0.0,,,0.0,0.0,0,0,0,0.0,0,0.0,0,,2021
6,7.0,2021-10-31,7.0,8.0,33.344,ATL,,CAR,L 13-19,0,0,0,,0.0,,,0.0,,,0.0,0.0,0,0,0,0.0,0,1.0,0,0.0%,2021
7,8.0,2021-11-07,8.0,9.0,33.351,ATL,@,NOR,W 27-25,0,0,0,,0.0,,,0.0,,,0.0,0.0,0,0,0,,0,,0,,2021
8,9.0,2021-11-18,10.0,11.0,33.362,ATL,,NWE,L 0-25,0,0,0,,0.0,,,0.0,,,0.0,0.0,0,0,0,,0,,0,,2021
9,10.0,2021-11-28,11.0,12.0,34.007,ATL,@,JAX,W 21-14,0,0,0,,0.0,,,0.0,,,0.0,0.0,0,0,0,,0,,0,,2021
10,11.0,2021-12-05,12.0,13.0,34.014,ATL,,TAM,L 17-30,0,0,0,,0.0,,,0.0,,,0.0,0.0,0,0,0,,0,,0,,2021
11,12.0,2021-12-12,13.0,14.0,34.021,ATL,@,CAR,W 29-21,0,0,0,,0.0,,,0.0,,,0.0,0.0,0,0,0,0.0,0,0.0,0,,2021
12,13.0,2021-12-19,14.0,15.0,34.028,ATL,@,SFO,L 13-31,0,0,0,,0.0,,,0.0,,,0.0,0.0,0,0,0,0.0,0,0.0,0,,2021
13,14.0,2021-12-26,15.0,16.0,34.035,ATL,,DET,W 20-16,0,0,0,,0.0,,,0.0,,,0.0,0.0,0,0,0,,0,,0,,2021
14,15.0,2022-01-02,16.0,17.0,34.042,ATL,@,BUF,L 15-29,0,0,0,,0.0,,,0.0,,,0.0,0.0,0,0,0,,0,,0,,2021
15,16.0,2022-01-09,17.0,18.0,34.049,ATL,,NOR,L 20-30,0,0,0,,0.0,,,0.0,,,0.0,0.0,0,0,0,,0,,0,,2021
16,,16 Games,,,,,,,7-9-0,0,0,0,,,,,,,,,,0,0,0,0.0,0,1.0,0,0.0%,2021
