,Rk,Date,G#,Week,Age,Tm,Unnamed: 6_level_1,Opp,Result,Att,Yds,TD,1D,YBC,YBC/Att,YAC,YAC/Att,BrkTkl,Att/Br,Tgt,Rec,Yds,TD,1D,YBC,YBC/R,YAC,YAC/R,ADOT,BrkTkl,Rec/Br,Drop,Drop%,Int,Rat,Year
0,1.0,2020-09-14,1.0,1.0,24.056,PIT,@,NYG,W 26-16,1.0,2.0,0.0,,0.0,0.0,2.0,2.0,0.0,,1.0,1.0,1.0,0.0,,-2.0,-2.0,3.0,3.0,-2.0,0.0,,0.0,0.0,0.0,79.2,2020
1,2.0,2020-09-20,2.0,2.0,24.062,PIT,,DEN,W 26-21,0.0,0.0,0.0,0.0,0.0,,0.0,,0.0,,2.0,1.0,4.0,0.0,1.0,1.0,1.0,3.0,3.0,0.0,0.0,,1.0,50.0,0.0,56.2,2020
2,3.0,2020-09-27,3.0,3.0,24.069,PIT,,HOU,W 28-21,1.0,1.0,0.0,,0.0,0.0,1.0,1.0,0.0,,0.0,0.0,0.0,0.0,,0.0,,0.0,,,0.0,,0.0,0.0,,,2020
3,4.0,2020-10-11,4.0,5.0,24.083,PIT,,PHI,W 38-29,,,,,,,,,,,,,,,,,,,,,,,,0.0,,,2020
4,5.0,2020-10-18,5.0,6.0,24.09,PIT,,CLE,W 38-7,,,,,,,,,,,,,,,,,,,,,,,,0.0,,,2020
5,6.0,2020-10-25,6.0,7.0,24.097,PIT,@,TEN,W 27-24,1.0,5.0,0.0,,5.0,5.0,0.0,0.0,0.0,,0.0,0.0,0.0,0.0,,0.0,,0.0,,,0.0,,0.0,0.0,,,2020
6,7.0,2020-11-01,7.0,8.0,24.104,PIT,@,BAL,W 28-24,0.0,0.0,0.0,,0.0,,0.0,,0.0,,2.0,0.0,0.0,0.0,,0.0,,0.0,,3.5,0.0,,1.0,50.0,0.0,39.6,2020
7,8.0,2020-11-08,8.0,9.0,24.111,PIT,@,DAL,W 24-19,,,,,,,,,,,,,,,,,,,,,,,,0.0,,,2020
8,9.0,2020-11-15,9.0,10.0,24.118,PIT,,CIN,W 36-10,0.0,0.0,0.0,,0.0,,0.0,,0.0,,0.0,0.0,0.0,0.0,,0.0,,0.0,,,0.0,,0.0,0.0,,,2020
9,10.0,2020-12-07,12.0,13.0,24.14,PIT,,WAS,L 17-23,1.0,1.0,0.0,0.0,1.0,1.0,0.0,0.0,0.0,,4.0,3.0,11.0,0.0,1.0,-5.0,-1.7,16.0,5.3,-1.3,0.0,,0.0,0.0,0.0,77.1,2020
10,11.0,2020-12-13,13.0,14.0,24.146,PIT,@,BUF,L 15-26,4.0,15.0,0.0,1.0,8.0,2.0,7.0,1.8,0.0,,4.0,3.0,18.0,0.0,0.0,-7.0,-2.3,25.0,8.3,-1.5,0.0,,1.0,25.0,0.0,83.3,2020
11,12.0,2020-12-21,14.0,15.0,24.154,PIT,@,CIN,L 17-27,1.0,4.0,0.0,,0.0,0.0,4.0,4.0,0.0,,1.0,1.0,12.0,0.0,,3.0,3.0,9.0,9.0,3.0,0.0,,0.0,0.0,0.0,116.7,2020
12,13.0,2020-12-27,15.0,16.0,24.16,PIT,,IND,W 28-24,,,,,,,,,,,,,,,,,,,,,,,,0.0,,,2020
13,14.0,2021-01-03,16.0,17.0,24.167,PIT,@,CLE,L 22-24,,,,,,,,,,,,,,,,,,,,,,,,0.0,,,2020
14,,14 Games,,,,,,,10-4-0,9.0,28.0,0.0,1.0,14.0,1.6,14.0,1.6,0.0,,14.0,9.0,46.0,0.0,2.0,-10.0,-1.1,56.0,6.2,-0.2,0.0,,3.0,21.4,0.0,69.3,2020
