,Rk,Date,G#,Week,Age,Tm,Unnamed: 6_level_1,Opp,Result,Int,Tgt,Cmp,Cmp%,Yds,Yds/Cmp,Yds/Tgt,TD,Rat,DADOT,Air,YAC,Bltz,Hrry,QBKD,Sk,Prss,Comb,MTkl,MTkl%,Year
0,1.0,2020-09-14,1.0,1.0,26.189,PIT,@,NYG,W 26-16,0,3,2,66.7%,11,5.5,3.7,0,72.9,4.3,7,4,10,0,1,1.0,2,5.0,2,28.6%,2020
1,2.0,2020-09-20,2.0,2.0,26.195,PIT,,DEN,W 26-21,0,7,4,57.1%,19,4.8,2.7,0,62.2,16.6,15,4,9,1,1,1.0,3,8.0,0,0.0%,2020
2,3.0,2020-09-27,3.0,3.0,26.202,PIT,,HOU,W 28-21,1,6,5,83.3%,77,15.4,12.8,1,118.7,11.8,41,36,1,0,0,0.0,0,8.0,1,11.1%,2020
3,4.0,2020-10-11,4.0,5.0,26.216,PIT,,PHI,W 38-29,0,5,4,80.0%,60,15.0,12.0,0,116.7,13.6,54,6,5,0,0,1.0,1,8.0,1,11.1%,2020
4,5.0,2020-10-18,5.0,6.0,26.223,PIT,,CLE,W 38-7,0,0,0,,0,,,0,,,0,0,0,0,0,,0,,0,,2020
5,6.0,2020-11-22,10.0,11.0,26.258,PIT,@,JAX,W 27-3,0,1,1,100.0%,13,13.0,13.0,0,118.7,-1.0,-1,14,3,0,0,0.0,0,1.0,1,50.0%,2020
6,7.0,2020-12-02,11.0,12.0,26.268,PIT,,BAL,W 19-14,0,0,0,,0,,,0,,,0,0,2,0,0,0.0,0,2.0,0,0.0%,2020
7,8.0,2020-12-07,12.0,13.0,26.273,PIT,,WAS,L 17-23,0,10,8,80.0%,58,7.3,5.8,0,90.8,2.5,-3,61,4,0,0,0.0,0,6.0,3,33.3%,2020
8,9.0,2020-12-13,13.0,14.0,26.279,PIT,@,BUF,L 15-26,1,7,4,57.1%,22,5.5,3.1,0,23.2,7.9,12,10,7,0,0,0.0,0,5.0,2,28.6%,2020
9,10.0,2020-12-21,14.0,15.0,26.287,PIT,@,CIN,L 17-27,0,1,1,100.0%,8,8.0,8.0,0,100.0,5.0,5,3,1,0,0,0.0,0,3.0,1,25.0%,2020
10,11.0,2020-12-27,15.0,16.0,26.293,PIT,,IND,W 28-24,1,4,0,0.0%,0,,0.0,0,0.0,30.0,0,0,2,0,0,0.0,0,4.0,0,0.0%,2020
11,12.0,2021-01-03,16.0,17.0,26.3,PIT,@,CLE,L 22-24,0,1,0,0.0%,0,,0.0,0,39.6,10.0,0,0,2,0,0,0.0,0,1.0,0,0.0%,2020
12,,12 Games,,,,,,,8-4-0,3,45,29,64.4%,268,9.2,6.0,1,60.2,10.7,130,138,46,1,2,3.0,6,51.0,11,17.7%,2020
