,Rk,Date,G#,Week,Age,Tm,Unnamed: 6_level_1,Opp,Result,Int,Tgt,Cmp,Cmp%,Yds,Yds/Cmp,Yds/Tgt,TD,Rat,DADOT,Air,YAC,Bltz,Hrry,QBKD,Sk,Prss,Comb,MTkl,MTkl%
0,1.0,2021-09-12,1.0,1.0,21.357,CIN,,MIN,W 27-24,0,1,1,100.0%,9,9.0,9.0,0,104.2,-4.0,-4,13,0,0,1,0.0,1,0.0,0,
1,2.0,2021-09-19,2.0,2.0,21.364,CIN,@,CHI,L 17-20,0,0,0,,0,,,0,,,0,0,0,0,0,0.0,0,3.0,0,0.0%
2,3.0,2021-09-26,3.0,3.0,22.006,CIN,@,PIT,W 24-10,0,0,0,,0,,,0,,,0,0,0,0,0,1.0,1,2.0,0,0.0%
3,4.0,2021-09-30,4.0,4.0,22.01,CIN,,JAX,W 24-21,0,0,0,,0,,,0,,,0,0,0,0,0,,0,,0,
4,5.0,2021-10-10,5.0,5.0,22.02,CIN,,GNB,L 22-25,0,0,0,,0,,,0,,,0,0,0,3,1,0.0,4,1.0,0,0.0%
5,6.0,2021-10-17,6.0,6.0,22.027,CIN,@,DET,W 34-11,0,0,0,,0,,,0,,,0,0,0,0,0,,0,,0,
6,7.0,2021-10-24,7.0,7.0,22.034,CIN,@,BAL,W 41-17,0,0,0,,0,,,0,,,0,0,0,3,0,0.0,3,2.0,0,0.0%
7,8.0,2021-10-31,8.0,8.0,22.041,CIN,@,NYJ,L 31-34,0,0,0,,0,,,0,,,0,0,0,0,0,0.0,0,0.0,1,100.0%
8,9.0,2021-11-21,10.0,11.0,22.062,CIN,@,LVR,W 32-13,0,0,0,,0,,,0,,,0,0,0,0,0,,0,,0,
9,10.0,2021-11-28,11.0,12.0,22.069,CIN,,PIT,W 41-10,0,1,0,0.0%,0,,0.0,0,39.6,0.0,0,0,0,0,0,0.0,0,1.0,0,0.0%
10,11.0,2021-12-05,12.0,13.0,22.076,CIN,,LAC,L 22-41,0,0,0,,0,,,0,,,0,0,0,0,0,0.5,1,2.0,0,0.0%
11,12.0,2021-12-12,13.0,14.0,22.083,CIN,,SFO,L 23-26,0,0,0,,0,,,0,,,0,0,1,0,1,0.0,1,3.0,0,0.0%
12,13.0,2021-12-19,14.0,15.0,22.09,CIN,@,DEN,W 15-10,0,0,0,,0,,,0,,,0,0,0,0,0,,0,,0,
13,14.0,2021-12-26,15.0,16.0,22.097,CIN,,BAL,W 41-21,0,0,0,,0,,,0,,,0,0,0,0,0,,0,,0,
14,,14 Games,,,,,,,9-5-0,0,2,1,50.0%,9,9.0,4.5,0,62.5,-2.0,-4,13,1,6,3,1.5,11,14.0,1,6.7%
