,Rk,Date,G#,Week,Age,Tm,Unnamed: 6_level_1,Opp,Result,Tgt,Rec,Yds,TD,1D,YBC,YBC/R,YAC,YAC/R,ADOT,BrkTkl,Rec/Br,Drop,Drop%,Int,Rat,Att,Yds,TD,1D,YBC,YBC/Att,YAC,YAC/Att,BrkTkl,Att/Br
0,1.0,2021-09-12,1.0,1.0,26.301,CIN,,MIN,W 27-24,4,3,32,0,2.0,21,7.0,11,3.7,6.0,0,,0,0.0,0,97.9,0,0,0,0.0,0,,0,,0,
1,2.0,2021-09-19,2.0,2.0,26.308,CIN,@,CHI,L 17-20,9,7,73,0,5.0,44,6.3,29,4.1,4.4,0,,0,0.0,2,60.9,0,0,0,0.0,0,,0,,0,
2,3.0,2021-09-26,3.0,3.0,26.315,CIN,@,PIT,W 24-10,6,4,36,1,1.0,9,2.3,27,6.8,11.0,1,4.0,0,0.0,1,82.6,0,0,0,0.0,0,,0,,0,
3,4.0,2021-09-30,4.0,4.0,26.319,CIN,,JAX,W 24-21,11,9,118,0,6.0,40,4.4,78,8.7,7.4,1,9.0,0,0.0,0,111.4,0,0,0,0.0,0,,0,,0,
4,5.0,2021-10-10,5.0,5.0,26.329,CIN,,GNB,L 22-25,5,4,24,0,2.0,9,2.3,15,3.8,2.8,0,,0,0.0,1,47.1,0,0,0,0.0,0,,0,,0,
5,6.0,2021-10-17,6.0,6.0,26.336,CIN,@,DET,W 34-11,3,1,7,0,,6,6.0,1,1.0,6.3,0,,0,0.0,0,42.4,0,0,0,,0,,0,,0,
6,7.0,2021-10-24,7.0,7.0,26.343,CIN,@,BAL,W 41-17,7,4,39,0,1.0,22,5.5,17,4.3,6.3,0,,0,0.0,0,72.9,0,0,0,0.0,0,,0,,0,
7,8.0,2021-10-31,8.0,8.0,26.35,CIN,@,NYJ,L 31-34,8,5,69,1,4.0,41,8.2,28,5.6,9.0,0,,0,0.0,0,129.7,0,0,0,0.0,0,,0,,0,
8,9.0,2021-11-07,9.0,9.0,26.357,CIN,,CLE,L 16-41,2,1,11,0,,4,4.0,7,7.0,16.0,0,,0,0.0,0,66.7,0,0,0,,0,,0,,0,
9,10.0,2021-11-21,10.0,11.0,27.006,CIN,@,LVR,W 32-13,8,6,49,0,3.0,30,5.0,19,3.2,7.0,0,,0,0.0,0,90.1,1,14,0,1.0,9,9.0,5,5.0,0,
10,11.0,2021-11-28,11.0,12.0,27.013,CIN,,PIT,W 41-10,2,2,13,0,,12,6.0,1,0.5,6.0,0,,0,0.0,0,93.7,0,0,0,,0,,0,,0,
11,12.0,2021-12-05,12.0,13.0,27.02,CIN,,LAC,L 22-41,7,5,85,0,3.0,57,11.4,28,5.6,10.1,0,,0,0.0,0,112.2,0,0,0,0.0,0,,0,,0,
12,13.0,2021-12-12,13.0,14.0,27.027,CIN,,SFO,L 23-26,5,4,55,0,3.0,41,10.3,14,3.5,8.0,0,,0,0.0,0,112.5,1,8,0,0.0,0,0.0,8,8.0,1,1.0
13,14.0,2021-12-19,14.0,15.0,27.034,CIN,@,DEN,W 15-10,6,5,96,1,3.0,54,10.8,42,8.4,10.7,0,,0,0.0,0,158.3,0,0,0,0.0,0,,0,,0,
14,15.0,2021-12-26,15.0,16.0,27.041,CIN,,BAL,W 41-21,5,3,85,1,2.0,23,7.7,62,20.7,11.8,0,,0,0.0,0,143.7,0,0,0,0.0,0,,0,,0,
15,16.0,2022-01-02,16.0,17.0,27.048,CIN,,KAN,W 34-31,6,4,36,1,2.0,26,6.5,10,2.5,5.7,0,,0,0.0,0,122.2,0,0,0,0.0,0,,0,,0,
16,,16 Games,,,,,,,10-6-0,94,67,828,5,37.0,439,6.6,389,5.8,7.7,2,33.5,0,0.0,4,98.2,2,22,0,1.0,9,4.5,13,6.5,1,2.0
