,Rk,Date,G#,Week,Age,Tm,Unnamed: 6_level_1,Opp,Result,Tgt,Rec,Yds,TD,1D,YBC,YBC/R,YAC,YAC/R,ADOT,BrkTkl,Rec/Br,Drop,Drop%,Int,Rat
0,1.0,2018-09-09,1.0,1.0,33.182,CAR,,DAL,W 16-8,2,2,33,0,1.0,25,12.5,8,4.0,12.5,0,,0,0.0,0,118.7
1,2.0,2018-10-14,5.0,6.0,33.217,CAR,@,WAS,L 17-23,7,4,48,0,3.0,17,4.3,31,7.8,6.7,0,,0,0.0,0,78.3
2,3.0,2018-10-21,6.0,7.0,33.224,CAR,@,PHI,W 21-17,5,2,5,1,1.0,5,2.5,0,0.0,8.4,1,2.0,0,0.0,0,87.5
3,4.0,2018-10-28,7.0,8.0,33.231,CAR,,BAL,W 36-21,4,4,56,1,4.0,46,11.5,10,2.5,11.5,0,,0,0.0,0,158.3
4,5.0,2018-11-04,8.0,9.0,33.238,CAR,,TAM,W 42-28,6,6,76,1,4.0,49,8.2,27,4.5,8.2,0,,0,0.0,0,158.3
5,6.0,2018-11-08,9.0,10.0,33.242,CAR,@,PIT,L 21-52,6,4,40,0,3.0,36,9.0,4,1.0,9.8,0,,0,0.0,0,85.4
6,7.0,2018-11-18,10.0,11.0,33.252,CAR,@,DET,L 19-20,3,2,9,1,1.0,9,4.5,0,0.0,8.0,0,,0,0.0,0,109.7
7,8.0,2018-11-25,11.0,12.0,33.259,CAR,,SEA,L 27-30,4,2,11,0,,8,4.0,3,1.5,8.3,0,,1,25.0,0,56.2
8,9.0,2018-12-02,12.0,13.0,33.266,CAR,@,TAM,L 17-24,1,1,13,0,1.0,12,12.0,1,1.0,12.0,0,,0,0.0,0,118.7
9,,9 Games,,,,,,,4-5-0,38,27,291,4,18.0,207,7.7,84,3.1,8.9,1,27.0,1,2.6,0,128.3
