,Rk,Date,G#,Week,Age,Tm,Unnamed: 6_level_1,Opp,Result,Int,Tgt,Cmp,Cmp%,Yds,Yds/Cmp,Yds/Tgt,TD,Rat,DADOT,Air,YAC,Bltz,Hrry,QBKD,Sk,Prss,Comb,MTkl,MTkl%,Year
0,1.0,2021-09-12,1.0,1.0,32.139,PIT,@,BUF,W 23-16,0,0,0,,0,,,0,,,0,0,1,2,1,0.0,3,1,0,0.0%,2021
1,2.0,2021-09-19,2.0,2.0,32.146,PIT,,LVR,L 17-26,0,4,4,100.0%,45,11.3,11.3,0,113.5,4.5,18,27,1,2,2,1.0,5,4,0,0.0%,2021
2,3.0,2021-09-26,3.0,3.0,32.153,PIT,,CIN,L 10-24,0,0,0,,0,,,0,,,0,0,5,0,0,0.0,0,3,1,25.0%,2021
3,4.0,2021-10-03,4.0,4.0,32.16,PIT,@,GNB,L 17-27,0,1,1,100.0%,6,6.0,6.0,0,91.7,4.0,4,2,5,0,2,0.0,2,1,1,50.0%,2021
4,5.0,2021-10-10,5.0,5.0,32.167,PIT,,DEN,W 27-19,0,0,0,,0,,,0,,,0,0,4,0,0,0.0,0,1,0,0.0%,2021
5,6.0,2021-10-17,6.0,6.0,32.174,PIT,,SEA,W 23-20,0,0,0,,0,,,0,,,0,0,3,1,0,0.0,1,0,0,,2021
6,7.0,2021-11-07,9.0,9.0,32.195,KAN,,GNB,W 13-7,0,0,0,,0,,,0,,,0,0,10,1,0,0.0,1,1,0,0.0%,2021
7,8.0,2021-11-14,10.0,10.0,32.202,KAN,@,LVR,W 41-14,0,0,0,,0,,,0,,,0,0,2,0,0,0.0,0,1,0,0.0%,2021
8,9.0,2021-11-21,11.0,11.0,32.209,KAN,,DAL,W 19-9,0,1,1,100.0%,5,5.0,5.0,0,87.5,3.0,3,2,4,0,0,0.0,0,1,0,0.0%,2021
9,10.0,2021-12-05,12.0,13.0,32.223,KAN,,DEN,W 22-9,0,0,0,,0,,,0,,,0,0,0,2,1,0.5,4,3,0,0.0%,2021
10,11.0,2021-12-12,13.0,14.0,32.23,KAN,,LVR,W 48-9,0,0,0,,0,,,0,,,0,0,0,0,0,0.5,1,1,0,0.0%,2021
11,12.0,2021-12-16,14.0,15.0,32.234,KAN,@,LAC,W 34-28,0,0,0,,0,,,0,,,0,0,0,3,0,0.0,3,3,0,0.0%,2021
12,13.0,2021-12-26,15.0,16.0,32.244,KAN,,PIT,W 36-10,0,0,0,,0,,,0,,,0,0,4,0,0,0.0,0,0,0,,2021
13,14.0,2022-01-02,16.0,17.0,32.251,KAN,@,CIN,L 31-34,0,1,1,100.0%,2,2.0,2.0,0,79.2,0.0,0,2,7,0,2,0.0,2,1,1,50.0%,2021
14,15.0,2022-01-08,17.0,18.0,32.257,KAN,@,DEN,W 28-24,0,0,0,,0,,,0,,,0,0,3,0,0,0.0,0,4,1,20.0%,2021
15,,15 Games,,,,,,,11-4-0,0,7,7,100.0%,58,8.3,8.3,0,101.2,3.6,25,33,49,11,8,2.0,22,25,4,13.8%,2021
