,Rk,Date,G#,Week,Age,Tm,Unnamed: 6_level_1,Opp,Result,Tgt,Rec,Yds,TD,1D,YBC,YBC/R,YAC,YAC/R,ADOT,BrkTkl,Rec/Br,Drop,Drop%,Int,Rat,Year
0,1.0,2021-09-12,1.0,1.0,22.322,PIT,@,BUF,W 23-16,1,1,24,0,1,15,15.0,9,9.0,15.0,0,,0,0.0,0,118.7,2021
1,2.0,2021-09-19,2.0,2.0,22.329,PIT,,LVR,L 17-26,4,4,36,0,2,22,5.5,14,3.5,5.5,0,,0,0.0,0,104.2,2021
2,3.0,2021-09-26,3.0,3.0,22.336,PIT,,CIN,L 10-24,5,3,22,1,3,13,4.3,9,3.0,9.4,0,,1,20.0,0,110.0,2021
3,4.0,2021-10-03,4.0,4.0,22.343,PIT,@,GNB,L 17-27,1,1,11,0,1,10,10.0,1,1.0,10.0,0,,0,0.0,0,112.5,2021
4,5.0,2021-10-10,5.0,5.0,22.35,PIT,,DEN,W 27-19,2,2,7,0,2,7,3.5,0,0.0,3.5,0,,0,0.0,0,81.2,2021
5,6.0,2021-10-17,6.0,6.0,22.357,PIT,,SEA,W 23-20,7,7,58,0,3,36,5.1,22,3.1,5.1,0,,0,0.0,0,101.2,2021
6,7.0,2021-10-31,7.0,8.0,23.006,PIT,@,CLE,W 15-10,7,4,44,1,3,12,3.0,32,8.0,2.7,0,,0,0.0,0,115.5,2021
7,8.0,2021-11-08,8.0,9.0,23.014,PIT,,CHI,W 29-27,6,5,43,2,2,23,4.6,20,4.0,4.7,0,,0,0.0,0,136.1,2021
8,9.0,2021-11-14,9.0,10.0,23.02,PIT,,DET,T 16-16,9,5,31,0,2,19,3.8,12,2.4,6.3,0,,1,11.1,0,62.7,2021
9,10.0,2021-11-21,10.0,11.0,23.027,PIT,@,LAC,L 37-41,7,4,11,1,2,-2,-0.5,13,3.3,2.1,0,,0,0.0,0,101.8,2021
10,11.0,2021-11-28,11.0,12.0,23.034,PIT,@,CIN,L 10-41,4,4,40,1,2,26,6.5,14,3.5,6.5,2,2.0,0,0.0,0,147.9,2021
11,12.0,2021-12-05,12.0,13.0,23.041,PIT,,BAL,W 20-19,4,3,26,0,1,6,2.0,20,6.7,5.3,1,3.0,0,0.0,0,91.7,2021
12,13.0,2021-12-09,13.0,14.0,23.045,PIT,@,MIN,L 28-36,3,2,32,1,2,15,7.5,17,8.5,9.0,0,,0,0.0,0,141.7,2021
13,14.0,2021-12-19,14.0,15.0,23.055,PIT,,TEN,W 19-13,4,4,37,0,2,21,5.3,16,4.0,5.3,2,2.0,0,0.0,0,105.2,2021
14,15.0,2022-01-03,16.0,17.0,23.07,PIT,,CLE,W 26-14,6,5,22,0,2,0,0.0,22,4.4,1.8,1,5.0,0,0.0,0,81.9,2021
15,16.0,2022-01-09,17.0,18.0,23.076,PIT,@,BAL,W 16-13,9,6,53,0,4,27,4.5,26,4.3,6.2,2,3.0,0,0.0,0,82.2,2021
16,,16 Games,,,,,,,9-6-1,79,60,497,7,34,250,4.2,247,4.1,5.3,8,7.5,2,2.5,0,121.1,2021
