,Rk,Date,G#,Week,Age,Tm,Unnamed: 6_level_1,Opp,Result,Int,Tgt,Cmp,Cmp%,Yds,Yds/Cmp,Yds/Tgt,TD,Rat,DADOT,Air,YAC,Bltz,Hrry,QBKD,Sk,Prss,Comb,MTkl,MTkl%,Year
0,1.0,2021-09-12,1.0,1.0,24.235,PIT,@,BUF,W 23-16,0,6,3,50.0%,29,9.7,4.8,0,63.9,5.5,20,9,0,0,0,0.0,0,5,1,16.7%,2021
1,2.0,2021-09-19,2.0,2.0,24.242,PIT,,LVR,L 17-26,0,0,0,,0,,,0,,,0,0,1,0,0,0.0,0,6,0,0.0%,2021
2,3.0,2021-09-26,3.0,3.0,24.249,PIT,,CIN,L 10-24,1,1,1,100.0%,8,8.0,8.0,0,60.4,4.0,4,4,0,0,0,0.0,0,5,0,0.0%,2021
3,4.0,2021-10-03,4.0,4.0,24.256,PIT,@,GNB,L 17-27,0,6,3,50.0%,32,10.7,5.3,1,105.6,6.0,12,20,0,0,0,0.0,0,7,1,12.5%,2021
4,5.0,2021-10-10,5.0,5.0,24.263,PIT,,DEN,W 27-19,0,3,1,33.3%,9,9.0,3.0,0,42.4,3.7,6,3,0,0,0,0.0,0,7,0,0.0%,2021
5,6.0,2021-10-17,6.0,6.0,24.27,PIT,,SEA,W 23-20,0,6,5,83.3%,39,7.8,6.5,1,133.3,1.7,10,29,0,0,0,0.0,0,3,3,50.0%,2021
6,7.0,2021-10-31,7.0,8.0,24.284,PIT,@,CLE,W 15-10,0,2,1,50.0%,9,9.0,4.5,0,62.5,6.5,3,6,1,0,0,0.0,0,5,0,0.0%,2021
7,8.0,2021-11-08,8.0,9.0,24.292,PIT,,CHI,W 29-27,0,2,2,100.0%,11,5.5,5.5,0,89.6,5.5,11,0,0,0,0,0.0,0,4,0,0.0%,2021
8,9.0,2021-11-14,9.0,10.0,24.298,PIT,,DET,T 16-16,0,4,3,75.0%,8,2.7,2.0,0,77.1,-1.5,-7,15,3,0,0,1.0,1,5,1,16.7%,2021
9,10.0,2021-11-21,10.0,11.0,24.305,PIT,@,LAC,L 37-41,0,4,2,50.0%,33,16.5,8.3,0,78.1,14.3,22,11,1,0,0,0.0,0,4,2,33.3%,2021
10,11.0,2021-11-28,11.0,12.0,24.312,PIT,@,CIN,L 10-41,0,1,1,100.0%,-4,-4.0,-4.0,0,79.2,-4.0,-4,0,1,0,0,0.0,0,6,0,0.0%,2021
11,12.0,2021-12-05,12.0,13.0,24.319,PIT,,BAL,W 20-19,0,3,0,0.0%,0,,0.0,0,39.6,5.7,0,0,0,0,0,0.0,0,4,1,20.0%,2021
12,13.0,2021-12-09,13.0,14.0,24.323,PIT,@,MIN,L 28-36,0,2,0,0.0%,0,,0.0,0,39.6,4.5,0,0,0,0,0,0.0,0,5,0,0.0%,2021
13,14.0,2021-12-19,14.0,15.0,24.333,PIT,,TEN,W 19-13,0,6,4,66.7%,14,3.5,2.3,0,70.1,8.8,9,5,0,0,0,0.0,0,10,0,0.0%,2021
14,15.0,2021-12-26,15.0,16.0,24.34,PIT,@,KAN,L 10-36,0,1,1,100.0%,5,5.0,5.0,0,87.5,5.0,5,0,0,0,0,0.0,0,5,1,16.7%,2021
15,16.0,2022-01-03,16.0,17.0,24.348,PIT,,CLE,W 26-14,0,1,0,0.0%,0,,0.0,0,39.6,15.0,0,0,2,1,0,0.0,1,5,0,0.0%,2021
16,17.0,2022-01-09,17.0,18.0,24.354,PIT,@,BAL,W 16-13,1,5,3,60.0%,31,10.3,6.2,0,38.3,8.6,20,11,1,1,0,0.0,1,3,0,0.0%,2021
17,,17 Games,,,,,,,9-7-1,2,53,30,56.6%,224,7.5,4.2,2,63.7,5.8,111,113,10,2,0,1.0,3,89,10,10.1%,2021
