,Rk,Date,G#,Week,Age,Tm,Unnamed: 6_level_1,Opp,Result,Int,Tgt,Cmp,Cmp%,Yds,Yds/Cmp,Yds/Tgt,TD,Rat,DADOT,Air,YAC,Bltz,Hrry,QBKD,Sk,Prss,Comb,MTkl,MTkl%,Year
0,1.0,2021-09-12,1.0,1.0,24.034,PIT,@,BUF,W 23-16,0,0,0,,0,,,0,,,0,0,0,0,0,0.0,0,1.0,0,0.0%,2021
1,2.0,2021-09-19,2.0,2.0,24.041,PIT,,LVR,L 17-26,0,0,0,,0,,,0,,,0,0,0,0,0,,0,,0,,2021
2,3.0,2021-09-26,3.0,3.0,24.048,PIT,,CIN,L 10-24,0,0,0,,0,,,0,,,0,0,0,0,0,,0,,0,,2021
3,4.0,2021-10-03,4.0,4.0,24.055,PIT,@,GNB,L 17-27,0,0,0,,0,,,0,,,0,0,0,0,0,,0,,0,,2021
4,5.0,2021-10-10,5.0,5.0,24.062,PIT,,DEN,W 27-19,0,0,0,,0,,,0,,,0,0,0,0,0,0.0,0,1.0,0,0.0%,2021
5,6.0,2021-10-17,6.0,6.0,24.069,PIT,,SEA,W 23-20,0,0,0,,0,,,0,,,0,0,0,0,0,0.0,0,1.0,0,0.0%,2021
6,7.0,2021-10-31,7.0,8.0,24.083,PIT,@,CLE,W 15-10,0,0,0,,0,,,0,,,0,0,0,0,0,,0,,0,,2021
7,8.0,2021-11-08,8.0,9.0,24.091,PIT,,CHI,W 29-27,0,0,0,,0,,,0,,,0,0,0,0,0,0.0,0,1.0,0,0.0%,2021
8,9.0,2021-11-14,9.0,10.0,24.097,PIT,,DET,T 16-16,0,0,0,,0,,,0,,,0,0,0,0,0,0.0,0,1.0,0,0.0%,2021
9,10.0,2021-11-21,10.0,11.0,24.104,PIT,@,LAC,L 37-41,0,0,0,,0,,,0,,,0,0,0,0,0,,0,,0,,2021
10,11.0,2021-11-28,11.0,12.0,24.111,PIT,@,CIN,L 10-41,0,0,0,,0,,,0,,,0,0,0,0,0,,0,,0,,2021
11,12.0,2021-12-05,12.0,13.0,24.118,PIT,,BAL,W 20-19,0,0,0,,0,,,0,,,0,0,0,0,0,,0,,0,,2021
12,13.0,2021-12-09,13.0,14.0,24.122,PIT,@,MIN,L 28-36,0,0,0,,0,,,0,,,0,0,0,0,0,0.0,0,1.0,0,0.0%,2021
13,14.0,2021-12-19,14.0,15.0,24.132,PIT,,TEN,W 19-13,0,0,0,,0,,,0,,,0,0,0,0,0,0.0,0,1.0,0,0.0%,2021
14,15.0,2021-12-26,15.0,16.0,24.139,PIT,@,KAN,L 10-36,0,0,0,,0,,,0,,,0,0,1,0,0,0.0,0,2.0,0,0.0%,2021
15,16.0,2022-01-03,16.0,17.0,24.147,PIT,,CLE,W 26-14,0,1,1,100.0%,1,1.0,1.0,0,79.2,-4.0,-4,5,2,0,0,0.0,0,4.0,1,20.0%,2021
16,17.0,2022-01-09,17.0,18.0,24.153,PIT,@,BAL,W 16-13,0,0,0,,0,,,0,,,0,0,0,0,0,0.0,0,2.0,0,0.0%,2021
17,,17 Games,,,,,,,9-7-1,0,1,1,100.0%,1,1.0,1.0,0,79.2,-4.0,-4,5,3,0,0,0.0,0,15.0,1,6.3%,2021
