,Rk,Date,G#,Week,Age,Tm,Unnamed: 6_level_1,Opp,Result,Int,Tgt,Cmp,Cmp%,Yds,Yds/Cmp,Yds/Tgt,TD,Rat,DADOT,Air,YAC,Bltz,Hrry,QBKD,Sk,Prss,Comb,MTkl,MTkl%,Year
0,1.0,2019-09-08,1.0,1.0,22.251,TAM,,SFO,L 17-31,0,6,1,16.7%,7,7.0,1.2,0,39.6,11.3,5,2,0,0,0,0.0,0,3,1,25.0%,2019
1,2.0,2019-09-12,2.0,2.0,22.255,TAM,@,CAR,W 20-14,0,12,5,41.7%,36,7.2,3.0,0,49.3,15.0,29,7,0,0,0,0.0,0,7,1,12.5%,2019
2,3.0,2019-09-22,3.0,3.0,22.265,TAM,,NYG,L 31-32,0,8,3,37.5%,41,13.7,5.1,0,54.7,16.4,36,5,0,0,0,0.0,0,4,1,20.0%,2019
3,4.0,2019-09-29,4.0,4.0,22.272,TAM,@,LAR,W 55-40,0,11,8,72.7%,93,11.6,8.5,0,97.9,7.5,63,30,0,0,0,0.0,0,8,2,20.0%,2019
4,5.0,2019-10-06,5.0,5.0,22.279,TAM,@,NOR,L 24-31,0,4,4,100.0%,55,13.8,13.8,0,118.7,11.0,44,11,0,0,0,0.0,0,5,0,0.0%,2019
5,6.0,2019-10-13,6.0,6.0,22.286,TAM,,CAR,L 26-37,0,5,3,60.0%,50,16.7,10.0,1,133.3,11.2,37,13,0,0,0,0.0,0,2,0,0.0%,2019
6,7.0,2019-10-27,7.0,8.0,22.3,TAM,@,TEN,L 23-27,0,7,3,42.9%,22,7.3,3.1,2,90.5,10.9,21,1,0,0,0,0.0,0,2,0,0.0%,2019
7,8.0,2019-11-17,10.0,11.0,22.321,TAM,,NOR,L 17-34,0,4,3,75.0%,17,5.7,4.3,1,121.9,6.8,16,1,0,0,0,0.0,0,2,0,0.0%,2019
8,9.0,2019-11-24,11.0,12.0,22.328,TAM,@,ATL,W 35-22,1,16,6,37.5%,90,15.0,5.6,1,51.6,13.9,85,5,0,0,0,0.0,0,5,1,16.7%,2019
9,10.0,2019-12-01,12.0,13.0,22.335,TAM,@,JAX,W 28-11,0,5,3,60.0%,86,28.7,17.2,0,104.2,15.2,71,15,1,0,0,0.0,0,3,1,25.0%,2019
10,11.0,2019-12-08,13.0,14.0,22.342,TAM,,IND,W 38-35,0,9,4,44.4%,29,7.3,3.2,1,89.6,7.9,17,12,0,0,0,0.0,0,5,1,16.7%,2019
11,12.0,2019-12-15,14.0,15.0,22.349,TAM,@,DET,W 38-17,0,5,2,40.0%,18,9.0,3.6,0,50.4,13.0,16,2,0,0,0,0.0,0,3,0,0.0%,2019
12,13.0,2019-12-21,15.0,16.0,22.355,TAM,,HOU,L 20-23,0,10,5,50.0%,23,4.6,2.3,0,56.2,2.9,6,17,0,0,0,0.0,0,5,0,0.0%,2019
13,14.0,2019-12-29,16.0,17.0,22.363,TAM,,ATL,L 22-28,0,13,8,61.5%,81,10.1,6.2,0,79.3,9.2,67,14,0,0,0,0.0,0,6,2,25.0%,2019
14,,14 Games,,,,,,,6-8-0,1,115,58,50.4%,648,11.2,5.6,6,81.4,10.9,513,135,1,0,0,0.0,0,60,10,14.3%,2019
