,Rk,Date,G#,Week,Age,Tm,Unnamed: 6_level_1,Opp,Result,Tgt,Rec,Yds,TD,1D,YBC,YBC/R,YAC,YAC/R,ADOT,BrkTkl,Rec/Br,Drop,Drop%,Int,Rat,Att,Yds,TD,1D,YBC,YBC/Att,YAC,YAC/Att,BrkTkl,Att/Br
0,1.0,2019-09-08,1.0,1.0,23.193,TAM,,SFO,L 17-31,6,3,53,1,3,33,11.0,20,6.7,10.8,0,,0,0.0,0,120.1,0,0,0,0,0,,0,,0,
1,2.0,2019-09-12,2.0,2.0,23.197,TAM,@,CAR,W 20-14,9,8,121,1,5,79,9.9,42,5.3,13.2,1,8.0,0,0.0,0,155.8,0,0,0,0,0,,0,,0,
2,3.0,2019-09-22,3.0,3.0,23.207,TAM,,NYG,L 31-32,4,3,40,0,3,35,11.7,5,1.7,19.5,0,,0,0.0,0,106.2,0,0,0,0,0,,0,,0,
3,4.0,2019-09-29,4.0,4.0,23.214,TAM,@,LAR,W 55-40,14,12,172,2,12,91,7.6,81,6.8,8.1,1,12.0,0,0.0,0,157.4,0,0,0,0,0,,0,,0,
4,5.0,2019-10-06,5.0,5.0,23.221,TAM,@,NOR,L 24-31,9,7,125,2,7,90,12.9,35,5.0,15.2,0,,1,11.1,0,158.3,0,0,0,0,0,,0,,0,
5,6.0,2019-10-13,6.0,6.0,23.228,TAM,,CAR,L 26-37,12,10,151,0,8,99,9.9,52,5.2,9.3,0,,0,0.0,1,84.0,0,0,0,0,0,,0,,0,
6,7.0,2019-10-27,7.0,8.0,23.242,TAM,@,TEN,L 23-27,8,4,43,0,3,22,5.5,21,5.3,10.5,0,,0,0.0,1,26.6,0,0,0,0,0,,0,,0,
7,8.0,2019-11-03,8.0,9.0,23.249,TAM,@,SEA,L 34-40,9,7,61,0,1,34,4.9,27,3.9,6.3,0,,0,0.0,0,94.9,1,8,0,0,0,0.0,8,8.0,1,1.0
8,9.0,2019-11-10,9.0,10.0,23.256,TAM,,ARI,W 30-27,12,6,74,0,2,33,5.5,41,6.8,9.4,2,3.0,0,0.0,2,29.9,0,0,0,0,0,,0,,0,
9,10.0,2019-11-17,10.0,11.0,23.263,TAM,,NOR,L 17-34,6,3,47,1,2,21,7.0,26,8.7,12.3,0,,0,0.0,1,76.4,0,0,0,0,0,,0,,0,
10,11.0,2019-11-24,11.0,12.0,23.27,TAM,@,ATL,W 35-22,8,7,184,2,6,117,16.7,67,9.6,15.3,1,7.0,0,0.0,0,158.3,0,0,0,0,0,,0,,0,
11,12.0,2019-12-01,12.0,13.0,23.277,TAM,@,JAX,W 28-11,6,4,50,0,2,1,0.3,49,12.3,1.2,1,4.0,0,0.0,0,92.4,0,0,0,0,0,,0,,0,
12,13.0,2019-12-08,13.0,14.0,23.284,TAM,,IND,W 38-35,9,7,91,0,5,54,7.7,37,5.3,7.1,1,7.0,0,0.0,0,108.8,0,0,0,0,0,,0,,0,
13,14.0,2019-12-15,14.0,15.0,23.291,TAM,@,DET,W 38-17,8,5,121,0,4,47,9.4,74,14.8,14.1,1,5.0,0,0.0,0,106.2,0,0,0,0,0,,0,,0,
14,,14 Games,,,,,,,7-7-0,120,86,1333,9,63,756,8.8,577,6.7,10.5,8,10.8,1,0.8,5,115.7,1,8,0,0,0,0.0,8,8.0,1,1.0
