,Rk,Date,G#,Week,Age,Tm,Unnamed: 6_level_1,Opp,Result,Tgt,Rec,Yds,TD,1D,YBC,YBC/R,YAC,YAC/R,ADOT,BrkTkl,Rec/Br,Drop,Drop%,Int,Rat,Att,Yds,TD,1D,YBC,YBC/Att,YAC,YAC/Att,BrkTkl,Att/Br,Year
0,1.0,2019-09-08,1.0,1.0,25.127,TAM,,SFO,L 17-31,5,4,33,0,,14,3.5,19,4.8,3.6,1,4.0,0,0.0,1.0,54.6,0,0,0,,0,,0,,0,,2019
1,2.0,2019-09-12,2.0,2.0,25.131,TAM,@,CAR,W 20-14,1,1,9,0,,-4,-4.0,13,13.0,-4.0,0,,0,0.0,0.0,104.2,0,0,0,,0,,0,,0,,2019
2,3.0,2019-09-22,3.0,3.0,25.141,TAM,,NYG,L 31-32,3,3,23,0,,16,5.3,7,2.3,5.3,0,,0,0.0,0.0,98.6,0,0,0,,0,,0,,0,,2019
3,4.0,2019-09-29,4.0,4.0,25.148,TAM,@,LAR,W 55-40,4,3,16,0,,2,0.7,14,4.7,1.5,0,,0,0.0,0.0,81.2,1,0,0,,-1,-1.0,1,1.0,0,,2019
4,5.0,2019-10-06,5.0,5.0,25.155,TAM,@,NOR,L 24-31,3,2,27,0,2.0,6,3.0,21,10.5,2.7,0,,0,0.0,0.0,95.1,1,-4,0,0.0,-4,-4.0,0,0.0,0,,2019
5,6.0,2019-10-13,6.0,6.0,25.162,TAM,,CAR,L 26-37,5,3,22,0,1.0,4,1.3,18,6.0,1.4,0,,1,20.0,0.0,70.4,1,3,1,1.0,-1,-1.0,4,4.0,0,,2019
6,7.0,2019-10-27,7.0,8.0,25.176,TAM,@,TEN,L 23-27,3,1,3,0,1.0,-1,-1.0,4,4.0,2.3,0,,1,33.3,0.0,42.4,1,-2,0,0.0,-2,-2.0,0,0.0,0,,2019
7,8.0,2019-11-03,8.0,9.0,25.183,TAM,@,SEA,L 34-40,1,1,12,0,1.0,5,5.0,7,7.0,5.0,0,,0,0.0,0.0,116.7,1,1,1,1.0,0,0.0,1,1.0,1,1.0,2019
8,9.0,2019-11-10,9.0,10.0,25.19,TAM,,ARI,W 30-27,3,3,24,0,2.0,13,4.3,11,3.7,4.3,0,,0,0.0,0.0,100.0,0,0,0,0.0,0,,0,,0,,2019
9,10.0,2019-11-17,10.0,11.0,25.197,TAM,,NOR,L 17-34,4,3,10,0,1.0,1,0.3,9,3.0,2.8,0,,0,0.0,0.0,77.1,2,0,0,0.0,0,0.0,0,0.0,0,,2019
10,11.0,2019-11-24,11.0,12.0,25.204,TAM,@,ATL,W 35-22,1,0,0,0,0.0,0,,0,,6.0,0,,0,0.0,1.0,0.0,1,12,0,1.0,10,10.0,2,2.0,0,,2019
11,12.0,2019-12-01,12.0,13.0,25.211,TAM,@,JAX,W 28-11,2,2,12,0,,-3,-1.5,15,7.5,-1.5,0,,0,0.0,0.0,91.7,1,0,0,,0,0.0,0,0.0,0,,2019
12,13.0,2019-12-08,13.0,14.0,25.218,TAM,,IND,W 38-35,5,5,48,0,3.0,9,1.8,39,7.8,1.8,1,5.0,0,0.0,0.0,106.7,0,0,0,0.0,0,,0,,0,,2019
13,14.0,2019-12-15,14.0,15.0,25.225,TAM,@,DET,W 38-17,1,1,13,0,1.0,7,7.0,6,6.0,7.0,0,,0,0.0,0.0,118.7,1,3,0,0.0,3,3.0,0,0.0,0,,2019
14,15.0,2019-12-21,15.0,16.0,25.231,TAM,,HOU,L 20-23,5,3,34,0,2.0,10,3.3,24,8.0,3.0,0,,0,0.0,1.0,40.8,0,0,0,0.0,0,,0,,0,,2019
15,16.0,2019-12-29,16.0,17.0,25.239,TAM,,ATL,L 22-28,0,0,0,0,,0,,0,,,0,,0,0.0,,,1,4,0,,0,0.0,4,4.0,0,,2019
16,,16 Games,,,,,,,7-9-0,46,35,286,0,14.0,79,2.3,207,5.9,2.6,2,17.5,2,4.3,3.0,64.2,11,17,2,3.0,5,0.5,12,1.1,1,11.0,2019
