,Rk,Date,G#,Week,Age,Tm,Unnamed: 6_level_1,Opp,Result,Int,Tgt,Cmp,Cmp%,Yds,Yds/Cmp,Yds/Tgt,TD,Rat,DADOT,Air,YAC,Bltz,Hrry,QBKD,Sk,Prss,Comb,MTkl,MTkl%,Year
0,1.0,2019-09-08,1.0,1.0,26.067,TAM,,SFO,L 17-31,0,0,0,,0.0,,,0.0,,,0.0,0.0,0,0,0,,0,,0,,2019
1,2.0,2019-09-12,2.0,2.0,26.071,TAM,@,CAR,W 20-14,0,0,0,,0.0,,,0.0,,,0.0,0.0,0,0,0,,0,,0,,2019
2,3.0,2019-09-22,3.0,3.0,26.081,TAM,,NYG,L 31-32,0,0,0,,0.0,,,0.0,,,0.0,0.0,0,0,0,0.0,0,1.0,0,0.0%,2019
3,4.0,2019-09-29,4.0,4.0,26.088,TAM,@,LAR,W 55-40,0,0,0,,0.0,,,0.0,,,0.0,0.0,0,0,0,0.0,0,2.0,0,0.0%,2019
4,5.0,2019-10-06,5.0,5.0,26.095,TAM,@,NOR,L 24-31,0,0,0,,0.0,,,0.0,,,0.0,0.0,0,0,0,0.0,0,1.0,0,0.0%,2019
5,6.0,2019-10-13,6.0,6.0,26.102,TAM,,CAR,L 26-37,0,0,0,,0.0,,,0.0,,,0.0,0.0,0,0,0,0.0,0,1.0,0,0.0%,2019
6,7.0,2019-10-27,7.0,8.0,26.116,TAM,@,TEN,L 23-27,0,0,0,,0.0,,,0.0,,,0.0,0.0,0,0,0,,0,,0,,2019
7,8.0,2019-11-03,8.0,9.0,26.123,TAM,@,SEA,L 34-40,0,0,0,,0.0,,,0.0,,,0.0,0.0,0,0,0,,0,,0,,2019
8,9.0,2019-11-10,9.0,10.0,26.13,TAM,,ARI,W 30-27,0,0,0,,0.0,,,0.0,,,0.0,0.0,0,0,0,,0,,0,,2019
9,10.0,2019-11-17,10.0,11.0,26.137,TAM,,NOR,L 17-34,0,0,0,,0.0,,,0.0,,,0.0,0.0,1,0,0,0.0,0,1.0,0,0.0%,2019
10,11.0,2019-11-24,11.0,12.0,26.144,TAM,@,ATL,W 35-22,0,0,0,,0.0,,,0.0,,,0.0,0.0,0,1,1,0.0,2,1.0,0,0.0%,2019
11,12.0,2019-12-01,12.0,13.0,26.151,TAM,@,JAX,W 28-11,0,0,0,,0.0,,,0.0,,,0.0,0.0,0,0,0,,0,,0,,2019
12,13.0,2019-12-08,13.0,14.0,26.158,TAM,,IND,W 38-35,0,0,0,,0.0,,,0.0,,,0.0,0.0,0,0,0,,0,,0,,2019
13,14.0,2019-12-15,14.0,15.0,26.165,TAM,@,DET,W 38-17,0,0,0,,0.0,,,0.0,,,0.0,0.0,0,0,0,,0,,0,,2019
14,15.0,2019-12-21,15.0,16.0,26.171,TAM,,HOU,L 20-23,0,0,0,,0.0,,,0.0,,,0.0,0.0,0,1,0,0.0,1,1.0,0,0.0%,2019
15,16.0,2019-12-29,16.0,17.0,26.179,TAM,,ATL,L 22-28,0,0,0,,0.0,,,0.0,,,0.0,0.0,0,0,0,0.0,0,1.0,0,0.0%,2019
16,,16 Games,,,,,,,7-9-0,0,0,0,,,,,,,,,,1,2,1,0.0,3,9.0,0,0.0%,2019
