,Rk,Date,G#,Week,Age,Tm,Unnamed: 6_level_1,Opp,Result,Att,Yds,TD,1D,YBC,YBC/Att,YAC,YAC/Att,BrkTkl,Att/Br,Tgt,Rec,Yds,TD,1D,YBC,YBC/R,YAC,YAC/R,ADOT,BrkTkl,Rec/Br,Drop,Drop%,Int,Rat
0,1.0,2019-09-08,1.0,1.0,22.036,TAM,,SFO,L 17-31,13,75,0,4.0,61,4.7,14,1.1,1,13.0,1,1,18,0,1.0,-1,-1.0,19,19.0,-1.0,1,1.0,0,0.0,0.0,118.7
1,2.0,2019-09-12,2.0,2.0,22.04,TAM,@,CAR,W 20-14,4,9,0,1.0,-6,-1.5,15,3.8,3,1.3,0,0,0,0,0.0,0,,0,,,0,,0,0.0,,
2,3.0,2019-09-22,3.0,3.0,22.05,TAM,,NYG,L 31-32,14,80,0,3.0,56,4.0,24,1.7,0,,1,1,41,0,1.0,0,0.0,41,41.0,0.0,1,1.0,0,0.0,0.0,118.7
3,4.0,2019-09-29,4.0,4.0,22.057,TAM,@,LAR,W 55-40,19,70,1,2.0,16,0.8,54,2.8,4,4.8,1,1,12,0,1.0,3,3.0,9,9.0,3.0,0,,0,0.0,0.0,116.7
4,5.0,2019-10-06,5.0,5.0,22.064,TAM,@,NOR,L 24-31,9,35,0,2.0,15,1.7,20,2.2,0,,3,2,21,0,1.0,-6,-3.0,27,13.5,-0.7,0,,1,33.3,0.0,86.8
5,6.0,2019-10-13,6.0,6.0,22.071,TAM,,CAR,L 26-37,4,10,1,1.0,0,0.0,10,2.5,0,,0,0,0,0,0.0,0,,0,,,0,,0,0.0,,
6,7.0,2019-10-27,7.0,8.0,22.085,TAM,@,TEN,L 23-27,11,35,0,1.0,19,1.7,16,1.5,0,,3,1,17,0,1.0,5,5.0,12,12.0,2.3,0,,0,0.0,0.0,53.5
7,8.0,2019-11-03,8.0,9.0,22.092,TAM,@,SEA,L 34-40,18,67,1,4.0,20,1.1,47,2.6,6,3.0,2,2,15,0,1.0,8,4.0,7,3.5,4.0,1,2.0,0,0.0,0.0,97.9
8,9.0,2019-11-10,9.0,10.0,22.099,TAM,,ARI,W 30-27,11,29,1,2.0,6,0.5,23,2.1,5,2.2,8,8,77,0,3.0,-4,-0.5,81,10.1,-0.5,1,8.0,0,0.0,0.0,106.8
9,10.0,2019-11-17,10.0,11.0,22.106,TAM,,NOR,L 17-34,4,13,0,1.0,5,1.3,8,2.0,0,,4,2,1,0,0.0,-3,-1.5,4,2.0,0.5,0,,0,0.0,0.0,56.2
10,11.0,2019-11-24,11.0,12.0,22.113,TAM,@,ATL,W 35-22,12,51,1,3.0,16,1.3,35,2.9,2,6.0,3,3,16,0,1.0,6,2.0,10,3.3,2.0,0,,0,0.0,0.0,88.9
11,12.0,2019-12-01,12.0,13.0,22.12,TAM,@,JAX,W 28-11,6,8,0,,3,0.5,5,0.8,0,,0,0,0,0,,0,,0,,,0,,0,0.0,,
12,13.0,2019-12-08,13.0,14.0,22.127,TAM,,IND,W 38-35,11,36,0,2.0,16,1.5,20,1.8,2,5.5,5,4,23,0,0.0,2,0.5,21,5.3,1.0,0,,0,0.0,0.0,85.8
13,14.0,2019-12-15,14.0,15.0,22.134,TAM,@,DET,W 38-17,11,23,0,1.0,8,0.7,15,1.4,0,,3,1,26,0,1.0,4,4.0,22,22.0,1.7,0,,0,0.0,1.0,26.4
14,15.0,2019-12-21,15.0,16.0,22.14,TAM,,HOU,L 20-23,14,77,1,3.0,8,0.6,69,4.9,0,,4,3,32,0,1.0,11,3.7,21,7.0,2.8,1,3.0,0,0.0,0.0,97.9
15,16.0,2019-12-29,16.0,17.0,22.148,TAM,,ATL,L 22-28,11,106,0,4.0,66,6.0,40,3.6,0,,2,2,10,0,0.0,-6,-3.0,16,8.0,-3.0,0,,0,0.0,0.0,87.5
16,,16 Games,,,,,,,7-9-0,172,724,6,34.0,309,1.8,415,2.4,23,7.5,40,31,309,0,12.0,19,0.6,290,9.4,0.9,5,6.2,1,2.5,1.0,88.4
