,Rk,Date,G#,Week,Age,Tm,Unnamed: 6_level_1,Opp,Result,Tgt,Rec,Yds,TD,1D,YBC,YBC/R,YAC,YAC/R,ADOT,BrkTkl,Rec/Br,Drop,Drop%,Int,Rat,Att,Yds,TD,1D,YBC,YBC/Att,YAC,YAC/Att,BrkTkl,Att/Br,Year
0,1.0,2023-09-10,1.0,1.0,28.25,PHI,@,NWE,W 25-20,1,0,0,0,,0,,0,,15.0,0,,0,0.0,0,39.6,0,0,0,,0,,0,,0,,2023
1,2.0,2023-09-14,2.0,2.0,28.254,PHI,,MIN,W 34-28,7,6,22,0,,14,2.3,8,1.3,5.0,0,,0,0.0,0,79.8,0,0,0,,0,,0,,0,,2023
2,3.0,2023-09-25,3.0,3.0,28.265,PHI,@,TAM,W 25-11,7,5,41,0,2.0,24,4.8,17,3.4,4.6,2,2.5,0,0.0,0,86.0,0,0,0,0.0,0,,0,,0,,2023
3,4.0,2023-10-01,4.0,4.0,28.271,PHI,,WAS,W 34-31,4,2,25,0,2.0,22,11.0,3,1.5,10.3,0,,1,25.0,0,69.8,0,0,0,0.0,0,,0,,0,,2023
4,5.0,2023-10-08,5.0,5.0,28.278,PHI,@,LAR,W 23-14,9,8,117,1,5.0,61,7.6,56,7.0,7.1,0,,0,0.0,0,155.8,0,0,0,0.0,0,,0,,0,,2023
5,6.0,2023-10-15,6.0,6.0,28.285,PHI,@,NYJ,L 14-20,8,5,42,0,5.0,7,1.4,35,7.0,2.0,0,,0,0.0,2,36.5,0,0,0,0.0,0,,0,,0,,2023
6,7.0,2023-10-22,7.0,7.0,28.292,PHI,,MIA,W 31-17,5,5,77,1,4.0,22,4.4,55,11.0,4.4,0,,0,0.0,0,158.3,0,0,0,0.0,0,,0,,0,,2023
7,8.0,2023-10-29,8.0,8.0,28.299,PHI,@,WAS,W 38-31,7,4,36,0,3.0,13,3.3,23,5.8,3.6,0,,0,0.0,0,71.1,0,0,0,0.0,0,,0,,0,,2023
8,9.0,2023-11-05,9.0,9.0,28.306,PHI,,DAL,W 28-23,4,3,50,0,2.0,25,8.3,25,8.3,7.3,0,,0,0.0,0,116.7,0,0,0,0.0,0,,0,,0,,2023
9,10.0,2023-12-10,13.0,14.0,28.341,PHI,@,DAL,L 13-33,4,4,30,0,2.0,7,1.8,23,5.8,1.8,0,,0,0.0,0,97.9,0,0,0,0.0,0,,0,,0,,2023
10,11.0,2023-12-18,14.0,15.0,28.349,PHI,@,SEA,L 17-20,9,4,30,0,1.0,16,4.0,14,3.5,4.8,0,,0,0.0,0,53.0,1,1,0,0.0,0,0.0,1,1.0,0,,2023
11,12.0,2023-12-25,15.0,16.0,28.356,PHI,,NYG,W 33-25,9,7,71,0,4.0,35,5.0,36,5.1,4.9,0,,1,11.1,1,60.0,0,0,0,0.0,0,,0,,0,,2023
12,13.0,2023-12-31,16.0,17.0,28.362,PHI,,ARI,L 31-35,6,5,47,1,3.0,23,4.6,24,4.8,7.3,0,,0,0.0,0,138.9,0,0,0,0.0,0,,0,,0,,2023
13,14.0,2024-01-07,17.0,18.0,29.004,PHI,@,NYG,L 10-27,3,1,4,0,,4,4.0,0,0.0,10.7,0,,0,0.0,0,42.4,0,0,0,,0,,0,,0,,2023
14,,14 Games,,,,,,,9-5-0,83,59,592,3,33.0,273,4.6,319,5.4,5.4,2,29.5,2,2.4,3,88.0,1,1,0,0.0,0,0.0,1,1.0,0,,2023
