,Rk,Date,G#,Week,Age,Tm,Unnamed: 6_level_1,Opp,Result,Int,Tgt,Cmp,Cmp%,Yds,Yds/Cmp,Yds/Tgt,TD,Rat,DADOT,Air,YAC,Bltz,Hrry,QBKD,Sk,Prss,Comb,MTkl,MTkl%,Year
0,1.0,2023-09-10,1.0,1.0,25.154,PHI,@,NWE,W 25-20,0,2,0,0.0%,0,,0.0,0,39.6,14.5,0,0,0,0,0,0.0,0,1.0,0,0.0%,2023
1,2.0,2023-09-14,2.0,2.0,25.158,PHI,,MIN,W 34-28,0,7,4,57.1%,78,19.5,11.1,1,135.7,15.6,54,24,0,0,0,0.0,0,6.0,1,14.3%,2023
2,3.0,2023-09-25,3.0,3.0,25.169,PHI,@,TAM,W 25-11,0,6,4,66.7%,27,6.8,4.5,0,76.4,11.2,21,6,0,0,0,0.0,0,4.0,0,0.0%,2023
3,4.0,2023-10-01,4.0,4.0,25.175,PHI,,WAS,W 34-31,0,6,3,50.0%,27,9.0,4.5,0,62.5,12.8,13,14,0,0,0,0.0,0,2.0,1,33.3%,2023
4,5.0,2023-10-08,5.0,5.0,25.182,PHI,@,LAR,W 23-14,0,0,0,,0,,,0,,,0,0,0,0,0,,0,,0,,2023
5,6.0,2023-10-15,6.0,6.0,25.189,PHI,@,NYJ,L 14-20,0,4,2,50.0%,38,19.0,9.5,0,83.3,10.8,34,4,0,0,0,0.0,0,3.0,0,0.0%,2023
6,7.0,2023-10-22,7.0,7.0,25.196,PHI,,MIA,W 31-17,0,0,0,,0,,,0,,,0,0,0,0,0,,0,,0,,2023
7,8.0,2023-10-29,8.0,8.0,25.203,PHI,@,WAS,W 38-31,0,0,0,,0,,,0,,,0,0,0,0,0,,0,,0,,2023
8,9.0,2023-11-05,9.0,9.0,25.21,PHI,,DAL,W 28-23,0,0,0,,0,,,0,,,0,0,0,0,0,0.0,0,1.0,0,0.0%,2023
9,10.0,2023-11-20,10.0,11.0,25.225,PHI,@,KAN,W 21-17,0,0,0,,0,,,0,,,0,0,0,0,0,0.0,0,2.0,0,0.0%,2023
10,11.0,2023-11-26,11.0,12.0,25.231,PHI,,BUF,W 37-34,0,0,0,,0,,,0,,,0,0,0,0,0,0.0,0,1.0,0,0.0%,2023
11,12.0,2023-12-03,12.0,13.0,25.238,PHI,,SFO,L 19-42,0,0,0,,0,,,0,,,0,0,0,0,0,,0,,0,,2023
12,13.0,2023-12-10,13.0,14.0,25.245,PHI,@,DAL,L 13-33,0,0,0,,0,,,0,,,0,0,0,0,0,,0,,0,,2023
13,14.0,2023-12-18,14.0,15.0,25.253,PHI,@,SEA,L 17-20,0,0,0,,0,,,0,,,0,0,0,0,0,0.0,0,1.0,0,0.0%,2023
14,15.0,2023-12-25,15.0,16.0,25.26,PHI,,NYG,W 33-25,0,0,0,,0,,,0,,,0,0,0,0,0,,0,,0,,2023
15,16.0,2023-12-31,16.0,17.0,25.266,PHI,,ARI,L 31-35,0,0,0,,0,,,0,,,0,0,0,0,0,,0,,0,,2023
16,17.0,2024-01-07,17.0,18.0,25.273,PHI,@,NYG,L 10-27,0,1,1,100.0%,6,6.0,6.0,0,91.7,4.0,4,2,1,0,0,0.0,0,1.0,0,0.0%,2023
17,,17 Games,,,,,,,11-6-0,0,26,14,53.8%,176,12.6,6.8,1,88.0,12.7,126,50,1,0,0,0.0,0,22.0,2,8.3%,2023
