,Rk,Date,G#,Week,Age,Tm,Unnamed: 6_level_1,Opp,Result,Int,Tgt,Cmp,Cmp%,Yds,Yds/Cmp,Yds/Tgt,TD,Rat,DADOT,Air,YAC,Bltz,Hrry,QBKD,Sk,Prss,Comb,MTkl,MTkl%,Year
0,1.0,2023-09-10,1.0,1.0,28.282,PHI,@,NWE,W 25-20,0,10,7,70.0%,27,3.9,2.7,0,72.9,-0.1,-7,34,4,0,0,0.0,0,4,2,33.3%,2023
1,2.0,2023-09-14,2.0,2.0,28.286,PHI,,MIN,W 34-28,0,8,5,62.5%,29,5.8,3.6,1,108.9,2.4,8,21,2,0,0,0.0,0,8,1,11.1%,2023
2,3.0,2023-09-25,3.0,3.0,28.297,PHI,@,TAM,W 25-11,0,0,0,,0,,,0,,,0,0,1,0,0,0.0,0,4,0,0.0%,2023
3,4.0,2023-10-01,4.0,4.0,28.303,PHI,,WAS,W 34-31,0,3,3,100.0%,17,5.7,5.7,0,90.3,-1.3,-4,21,5,0,0,0.0,0,13,0,0.0%,2023
4,5.0,2023-10-08,5.0,5.0,28.31,PHI,@,LAR,W 23-14,0,1,1,100.0%,12,12.0,12.0,0,116.7,8.0,8,4,0,0,1,0.0,1,4,0,0.0%,2023
5,6.0,2023-10-15,6.0,6.0,28.317,PHI,@,NYJ,L 14-20,0,6,5,83.3%,50,10.0,8.3,0,101.4,0.8,3,47,1,0,0,0.0,0,4,2,33.3%,2023
6,7.0,2023-10-22,7.0,7.0,28.324,PHI,,MIA,W 31-17,0,0,0,,0,,,0,,,0,0,3,0,0,0.0,0,2,0,0.0%,2023
7,8.0,2023-10-29,8.0,8.0,28.331,PHI,@,WAS,W 38-31,0,5,4,80.0%,44,11.0,8.8,0,103.3,4.2,17,27,3,0,0,0.0,0,5,0,0.0%,2023
8,9.0,2023-11-05,9.0,9.0,28.338,PHI,,DAL,W 28-23,0,6,4,66.7%,21,5.3,3.5,0,72.2,2.7,6,15,0,0,0,0.0,0,10,1,9.1%,2023
9,10.0,2023-11-20,10.0,11.0,28.353,PHI,@,KAN,W 21-17,0,7,5,71.4%,31,6.2,4.4,0,80.1,1.9,6,25,5,0,0,0.0,0,7,0,0.0%,2023
10,11.0,2023-11-26,11.0,12.0,28.359,PHI,,BUF,W 37-34,0,1,1,100.0%,14,14.0,14.0,0,118.7,7.0,7,7,5,0,0,0.0,0,10,0,0.0%,2023
11,12.0,2023-12-10,13.0,14.0,29.008,PHI,@,DAL,L 13-33,0,4,3,75.0%,14,4.7,3.5,0,79.2,0.5,-1,15,0,0,0,0.0,0,9,0,0.0%,2023
12,13.0,2024-01-07,17.0,18.0,29.036,PHI,@,NYG,L 10-27,0,3,3,100.0%,31,10.3,10.3,0,109.7,4.3,13,18,3,0,0,0.0,0,5,2,28.6%,2023
13,,13 Games,,,,,,,10-3-0,0,54,41,75.9%,290,7.1,5.4,1,93.9,1.8,56,234,32,0,1,0.0,1,85,8,8.6%,2023
