,Rk,Date,G#,Week,Age,Tm,Unnamed: 6_level_1,Opp,Result,Tgt,Rec,Yds,TD,1D,YBC,YBC/R,YAC,YAC/R,ADOT,BrkTkl,Rec/Br,Drop,Drop%,Int,Rat
0,1.0,2021-10-25,6.0,7.0,25.291,NOR,@,SEA,W 13-10,3.0,1.0,11.0,0.0,,9.0,9.0,2.0,2.0,14.3,0.0,,1.0,33.3,0.0,45.1
1,2.0,2021-10-31,7.0,8.0,25.297,NOR,,TAM,W 36-27,3.0,3.0,33.0,1.0,2.0,21.0,7.0,12.0,4.0,7.0,1.0,3.0,0.0,0.0,0.0,152.1
2,3.0,2021-11-07,8.0,9.0,25.304,NOR,,ATL,L 25-27,4.0,3.0,53.0,0.0,3.0,36.0,12.0,17.0,5.7,13.3,0.0,,0.0,0.0,0.0,116.7
3,4.0,2021-11-14,9.0,10.0,25.311,NOR,@,TEN,L 21-23,7.0,4.0,44.0,1.0,2.0,28.0,7.0,16.0,4.0,6.1,0.0,,0.0,0.0,0.0,115.5
4,5.0,2021-11-21,10.0,11.0,25.318,NOR,@,PHI,L 29-40,8.0,5.0,64.0,0.0,3.0,58.0,11.6,6.0,1.2,11.5,0.0,,1.0,12.5,0.0,87.5
5,6.0,2021-11-25,11.0,12.0,25.322,NOR,,BUF,L 6-31,5.0,4.0,31.0,0.0,1.0,25.0,6.3,6.0,1.5,9.4,0.0,,0.0,0.0,0.0,92.5
6,7.0,2021-12-02,12.0,13.0,25.329,NOR,,DAL,L 17-27,7.0,2.0,15.0,0.0,1.0,14.0,7.0,1.0,0.5,12.0,0.0,,0.0,0.0,1.0,0.0
7,8.0,2021-12-12,13.0,14.0,25.339,NOR,@,NYJ,W 30-9,3.0,3.0,33.0,0.0,2.0,19.0,6.3,14.0,4.7,6.3,0.0,,0.0,0.0,0.0,112.5
8,9.0,2021-12-19,14.0,15.0,25.346,NOR,@,TAM,W 9-0,3.0,2.0,17.0,0.0,,14.0,7.0,3.0,1.5,7.3,1.0,2.0,0.0,0.0,0.0,81.2
9,10.0,2021-12-27,15.0,16.0,25.354,NOR,,MIA,L 3-20,,,,,,,,,,,,,,0.0,,
10,11.0,2022-01-09,17.0,18.0,26.002,NOR,@,ATL,W 30-20,7.0,5.0,76.0,1.0,4.0,40.0,8.0,36.0,7.2,8.0,0.0,,0.0,0.0,0.0,146.4
11,,11 Games,,,,,,,5-6-0,50.0,32.0,377.0,3.0,18.0,264.0,8.3,113.0,3.5,9.6,2.0,16.0,2.0,4.0,1.0,98.5
