,Rank,Player,Tackle,Assist,Sack,Pass Defended,Interception,Forced Fumble,Fumble Recovery,Defend Touchdown,Games Played,Fantasy Football Points,FTPS/Game,ROST,Position,Year
0,1,Shareece Wright,11,0,0,0,0,0,0,0,1,24.0,24.0,0.0%,DB,2016
1,2,T.J. McDonald,8,0,0,0,0,0,0,0,1,22.0,22.0,0.0%,DB,2016
2,3,Coty Sensabaugh,9,0,0,0,0,1,0,0,1,20.0,20.0,0.0%,DB,2016
3,4,Tony Jefferson,9,1,0,0,0,0,0,0,1,19.3,19.3,0.0%,DB,2016
4,5,Morgan Burnett,8,1,1,0,0,0,0,0,1,19.3,19.3,0.0%,DB,2016
5,6,Da'Norris Searcy,8,0,0,1,0,0,0,0,1,18.5,18.5,0.0%,DB,2016
6,7,Bashaud Breeland,6,3,0,1,1,0,0,0,1,17.8,17.8,1.0%,DB,2016
7,8,Reshad Jones,6,6,0,1,0,0,0,0,1,17.5,17.5,0.0%,DB,2016
8,9,Trae Waynes,10,0,0,0,0,0,0,0,1,17.5,17.5,0.0%,DB,2016
9,10,Brandon Flowers,8,0,0,0,0,0,0,0,1,17.0,17.0,0.0%,DB,2016
10,11,Isa Abdul-Quddus,3,5,0,2,1,0,0,0,1,16.3,16.3,0.0%,DB,2016
11,12,Rodney McLeod,4,0,0,1,1,0,0,0,1,15.0,15.0,0.4%,DB,2016
12,13,Steven Nelson,8,0,0,0,0,0,0,0,1,14.5,14.5,0.2%,DB,2016
13,14,Desmond Trufant,5,0,0,1,1,0,0,0,1,14.0,14.0,0.0%,DB,2016
14,15,Tre Boston,4,0,1,1,0,0,0,0,1,14.0,14.0,1.0%,DB,2016
15,16,Johnathan Cyprien,9,0,0,0,0,0,0,0,1,13.5,13.5,0.0%,DB,2016
16,17,Ronald Darby,7,0,0,2,0,0,0,0,1,13.5,13.5,2.3%,DB,2016
17,18,Tyrann Mathieu,7,0,0,0,0,0,0,0,1,13.0,13.0,10.0%,DB,2016
18,19,Harrison Smith,6,2,0,0,0,0,0,0,1,13.0,13.0,18.9%,DB,2016
19,20,Damarious Randall,5,0,0,2,0,0,0,0,1,13.0,13.0,0.0%,DB,2016
20,21,Ha Ha,5,0,0,1,0,1,0,0,1,13.0,13.0,0.0%,DB,2016
21,22,Devin McCourty,8,1,0,0,0,0,0,0,1,12.8,12.8,4.4%,DB,2016
22,23,Xavien Howard,6,5,0,0,0,0,0,0,1,12.8,12.8,1.4%,DB,2016
23,24,A.J. Bouye,3,0,1,1,0,0,0,0,1,12.5,12.5,0.0%,DB,2016
24,25,Chris Harris,2,0,0,3,1,0,0,0,1,12.5,12.5,0.0%,DB,2016
25,26,Orlando Scandrick,3,0,1,0,0,1,0,0,1,12.5,12.5,0.0%,DB,2016
26,27,Kenny Vaccaro,5,1,0,1,0,0,0,0,1,12.3,12.3,4.0%,DB,2016
27,28,Lamarcus Joyner,6,1,0,0,0,0,0,0,1,12.3,12.3,0.0%,DB,2016
28,29,Shawn Williams,4,5,0,0,0,0,0,0,1,12.3,12.3,10.0%,DB,2016
29,30,Chris Conte,6,4,0,0,0,0,0,0,1,12.0,12.0,0.0%,DB,2016
30,31,Marcus Williams,3,1,0,1,1,0,0,0,1,11.8,11.8,4.0%,DB,2016
31,32,Tracy Porter,3,1,0,1,1,0,0,0,1,11.8,11.8,0.0%,DB,2016
32,33,Jordan Poyer,6,0,0,0,0,0,0,0,1,11.5,11.5,26.4%,DB,2016
33,34,Reggie Nelson,7,1,0,0,0,0,0,0,1,11.3,11.3,0.0%,DB,2016
34,35,Josh Shaw,3,0,0,1,1,0,0,0,1,11.0,11.0,0.0%,DB,2016
35,36,D.J. Hayden,4,1,0,0,0,1,0,0,1,10.8,10.8,0.0%,DB,2016
36,37,Jacoby Glenn,5,0,0,2,0,0,0,0,1,10.5,10.5,0.0%,DB,2016
37,38,Mike Adams,6,2,0,0,0,0,0,0,1,10.5,10.5,0.4%,DB,2016
38,39,David Bruton,4,4,0,1,0,0,0,0,1,10.5,10.5,0.0%,DB,2016
39,40,Landon Collins,6,0,0,1,0,0,0,0,1,10.5,10.5,0.0%,DB,2016
40,41,Adrian Amos,5,0,0,0,0,0,0,0,1,10.0,10.0,0.2%,DB,2016
41,42,Andrew Sendejo,4,0,0,0,0,0,1,0,1,10.0,10.0,0.0%,DB,2016
42,43,Kam Chancellor,3,4,0,0,0,0,0,0,1,10.0,10.0,0.1%,DB,2016
43,44,Josh Norman,3,3,0,2,0,0,0,0,1,9.8,9.8,3.0%,DB,2016
44,45,Terence Newman,6,1,0,0,0,0,0,0,1,9.8,9.8,0.0%,DB,2016
45,46,James Bradberry,5,1,0,1,0,0,0,0,1,9.8,9.8,2.0%,DB,2016
46,47,Brandon Carr,2,0,0,1,1,0,0,0,1,9.5,9.5,0.0%,DB,2016
47,48,Andre Hal,2,0,0,1,1,0,0,0,1,9.5,9.5,0.0%,DB,2016
48,49,Bene' Benwikere,2,0,0,1,1,0,0,0,1,9.5,9.5,0.0%,DB,2016
49,50,Jason Verrett,2,0,0,1,1,0,0,0,1,9.5,9.5,0.0%,DB,2016
50,51,Kareem Jackson,4,1,0,0,0,0,0,0,1,9.3,9.3,0.7%,DB,2016
51,52,Bradley McDougald,5,0,0,1,0,0,0,0,1,9.0,9.0,0.0%,DB,2016
52,53,Eric Berry,6,0,0,0,0,0,0,0,1,9.0,9.0,0.0%,DB,2016
53,54,Mike Mitchell,4,2,0,1,0,0,0,0,1,9.0,9.0,0.0%,DB,2016
54,55,Ricardo Allen,5,2,0,0,0,0,0,0,1,9.0,9.0,0.0%,DB,2016
55,56,Darrelle Revis,5,2,0,0,0,0,0,0,1,9.0,9.0,0.0%,DB,2016
56,57,Logan Ryan,4,2,0,1,0,0,0,0,1,9.0,9.0,1.3%,DB,2016
57,58,Dominique Rodgers-Cromartie,4,0,0,2,0,0,0,0,1,9.0,9.0,0.0%,DB,2016
58,59,Keith McGill,4,2,0,1,0,0,0,0,1,9.0,9.0,0.0%,DB,2016
59,60,T.J. Ward,5,0,0,1,0,0,0,0,1,9.0,9.0,0.1%,DB,2016
60,61,Kevin Byard,4,0,0,0,0,0,0,0,1,8.5,8.5,29.1%,DB,2016
61,62,Adam Jones,5,1,0,0,0,0,0,0,1,8.3,8.3,0.0%,DB,2016
62,63,Quandre Diggs,5,1,0,0,0,0,0,0,1,8.3,8.3,3.1%,DB,2016
63,64,Barry Church,4,3,0,0,0,0,0,0,1,8.3,8.3,2.0%,DB,2016
64,65,Patrick Robinson,4,1,0,1,0,0,0,0,1,8.3,8.3,0.0%,DB,2016
65,66,Robert Alford,2,3,0,2,0,0,0,0,1,8.3,8.3,0.0%,DB,2016
66,67,Malcolm Butler,3,1,0,2,0,0,0,0,1,8.3,8.3,0.0%,DB,2016
67,68,Harold Jones-Quartey,4,3,0,0,0,0,0,0,1,8.3,8.3,0.0%,DB,2016
68,69,Trumaine Johnson,2,1,0,0,0,0,1,0,1,7.8,7.8,0.0%,DB,2016
69,70,Jamar Taylor,5,0,0,0,0,0,0,0,1,7.5,7.5,0.0%,DB,2016
70,71,Kemal Ishmael,3,4,0,0,0,0,0,0,1,7.5,7.5,0.0%,DB,2016
71,72,Bradley Roby,5,0,0,0,0,0,0,0,1,7.5,7.5,0.0%,DB,2016
72,73,Darryl Morris,5,0,0,0,0,0,0,0,1,7.5,7.5,0.0%,DB,2016
73,74,Stephon Gilmore,3,2,0,1,0,0,0,0,1,7.5,7.5,1.5%,DB,2016
74,75,Derrick Kindred,5,0,0,0,0,0,0,0,1,7.5,7.5,0.0%,DB,2016
75,76,Darian Stewart,5,0,0,0,0,0,0,0,1,7.5,7.5,0.0%,DB,2016
76,77,Byron Maxwell,4,0,0,1,0,0,0,0,1,7.5,7.5,0.0%,DB,2016
77,78,P.J. Williams,3,2,0,1,0,0,0,0,1,7.5,7.5,0.0%,DB,2016
78,79,Johnathan Joseph,4,0,0,1,0,0,0,0,1,7.5,7.5,0.0%,DB,2016
79,80,Jimmie Ward,3,0,0,2,0,0,0,0,1,7.5,7.5,9.7%,DB,2016
80,81,Casey Hayward,2,2,0,2,0,0,0,0,1,7.5,7.5,0.0%,DB,2016
81,82,Ibraheim Campbell,5,0,0,0,0,0,0,0,1,7.5,7.5,0.0%,DB,2016
82,83,Aaron Williams,3,0,0,0,0,0,0,0,1,7.0,7.0,0.0%,DB,2016
83,84,Jahleel Addae,4,1,0,0,0,0,0,0,1,6.8,6.8,0.0%,DB,2016
84,85,Eric Weddle,3,1,0,1,0,0,0,0,1,6.8,6.8,11.0%,DB,2016
85,86,DeAngelo Hall,3,3,0,0,0,0,0,0,1,6.8,6.8,0.0%,DB,2016
86,87,DeShawn Shead,1,3,0,2,0,0,0,0,1,6.8,6.8,0.0%,DB,2016
87,88,Ron Parker,3,1,0,1,0,0,0,0,1,6.8,6.8,0.0%,DB,2016
88,89,Robert McClain,4,0,0,0,0,0,0,0,1,6.0,6.0,0.0%,DB,2016
89,90,Darius Slay,4,0,0,0,0,0,0,0,1,6.0,6.0,10.0%,DB,2016
90,91,Ken Crawley,4,0,0,0,0,0,0,0,1,6.0,6.0,0.0%,DB,2016
91,92,Eli Apple,4,0,0,0,0,0,0,0,1,6.0,6.0,0.0%,DB,2016
92,93,Brice McCain,3,0,0,1,0,0,0,0,1,6.0,6.0,0.0%,DB,2016
93,94,Nat Berhe,3,2,0,0,0,0,0,0,1,6.0,6.0,2.0%,DB,2016
94,95,Marcus Peters,3,0,0,1,0,0,0,0,1,6.0,6.0,1.2%,DB,2016
95,96,Patrick Peterson,4,0,0,0,0,0,0,0,1,6.0,6.0,0.9%,DB,2016
96,97,Joe Haden,3,0,0,1,0,0,0,0,1,6.0,6.0,1.0%,DB,2016
97,98,Antoine Bethea,4,0,0,0,0,0,0,0,1,6.0,6.0,28.0%,DB,2016
98,99,Robert Golden,2,4,0,0,0,0,0,0,1,6.0,6.0,6.0%,DB,2016
99,100,Jason McCourty,3,0,0,1,0,0,0,0,1,6.0,6.0,0.0%,DB,2016
100,101,Quinten Rollins,2,0,0,2,0,0,0,0,1,6.0,6.0,0.0%,DB,2016
101,102,Tavon Wilson,4,0,0,0,0,0,0,0,1,6.0,6.0,0.0%,DB,2016
102,103,Dwight Lowery,4,0,0,0,0,0,0,0,1,6.0,6.0,0.0%,DB,2016
103,104,Maurice Alexander,3,0,0,1,0,0,0,0,1,6.0,6.0,0.0%,DB,2016
104,105,David Amerson,4,0,0,0,0,0,0,0,1,6.0,6.0,0.0%,DB,2016
105,106,Phillip Gaines,4,0,0,0,0,0,0,0,1,6.0,6.0,0.0%,DB,2016
106,107,William Gay,2,4,0,0,0,0,0,0,1,6.0,6.0,0.1%,DB,2016
107,108,Marcus Gilchrist,2,0,0,0,0,0,0,0,1,5.5,5.5,0.0%,DB,2016
108,109,Quintin Demps,3,1,0,0,0,0,0,0,1,5.3,5.3,3.0%,DB,2016
109,110,Sean Davis,3,1,0,0,0,0,0,0,1,5.3,5.3,0.0%,DB,2016
110,111,Deiondre' Hall,2,1,0,1,0,0,0,0,1,5.3,5.3,0.0%,DB,2016
111,112,Glover Quin,2,1,0,1,0,0,0,0,1,5.3,5.3,0.0%,DB,2016
112,113,Jeremy Lane,2,1,0,1,0,0,0,0,1,5.3,5.3,0.0%,DB,2016
113,114,Patrick Chung,2,3,0,0,0,0,0,0,1,5.3,5.3,0.0%,DB,2016
114,115,Nevin Lawson,3,1,0,0,0,0,0,0,1,5.3,5.3,0.0%,DB,2016
115,116,Sam Shields,3,0,0,0,0,0,0,0,1,4.5,4.5,6.0%,DB,2016
116,117,Daimion Stafford,3,0,0,0,0,0,0,0,1,4.5,4.5,4.0%,DB,2016
117,118,Earl Thomas,2,2,0,0,0,0,0,0,1,4.5,4.5,1.1%,DB,2016
118,119,Ross Cockrell,2,2,0,0,0,0,0,0,1,4.5,4.5,0.0%,DB,2016
119,120,Dexter McCoil,3,0,0,0,0,0,0,0,1,4.5,4.5,0.0%,DB,2016
120,121,J.J. Wilcox,3,0,0,0,0,0,0,0,1,4.5,4.5,0.0%,DB,2016
121,122,De'Vante Harris,3,0,0,0,0,0,0,0,1,4.5,4.5,0.0%,DB,2016
122,123,Rashaan Melvin,2,0,0,1,0,0,0,0,1,4.5,4.5,0.0%,DB,2016
123,124,Nolan Carroll,3,0,0,0,0,0,0,0,1,4.5,4.5,0.0%,DB,2016
124,125,Janoris Jenkins,3,0,0,0,0,0,0,0,1,4.5,4.5,1.0%,DB,2016
125,126,George Iloka,2,2,0,0,0,0,0,0,1,4.5,4.5,0.0%,DB,2016
126,127,Antonio Cromartie,2,0,0,1,0,0,0,0,1,4.5,4.5,0.0%,DB,2016
127,128,Perrish Cox,3,0,0,0,0,0,0,0,1,4.5,4.5,0.0%,DB,2016
128,129,Jairus Byrd,2,2,0,0,0,0,0,0,1,4.5,4.5,0.0%,DB,2016
129,130,Prince Amukamara,2,0,0,1,0,0,0,0,1,4.5,4.5,0.0%,DB,2016
130,131,Tashaun Gipson,3,0,0,0,0,0,0,0,1,4.5,4.5,0.4%,DB,2016
131,132,Jalen Ramsey,2,1,0,0,0,0,0,0,1,3.8,3.8,17.9%,DB,2016
132,133,Darian Thompson,2,1,0,0,0,0,0,0,1,3.8,3.8,3.0%,DB,2016
133,134,Brian Poole,2,1,0,0,0,0,0,0,1,3.8,3.8,0.0%,DB,2016
134,135,Kurt Coleman,2,1,0,0,0,0,0,0,1,3.8,3.8,0.0%,DB,2016
135,136,Chris Lewis-Harris,2,1,0,0,0,0,0,0,1,3.8,3.8,0.0%,DB,2016
136,137,Winston Guy,2,1,0,0,0,0,0,0,1,3.8,3.8,0.0%,DB,2016
137,138,Buster Skrine,2,1,0,0,0,0,0,0,1,3.8,3.8,0.0%,DB,2016
138,139,Richard Sherman,2,1,0,0,0,0,0,0,1,3.8,3.8,0.1%,DB,2016
139,140,Rashad Johnson,2,1,0,0,0,0,0,0,1,3.8,3.8,0.0%,DB,2016
140,141,Eric Reid,2,1,0,0,0,0,0,0,1,3.8,3.8,0.0%,DB,2016
141,142,Tramaine Brock,1,1,0,1,0,0,0,0,1,3.8,3.8,0.0%,DB,2016
142,143,Jalen Mills,2,0,0,0,0,0,0,0,1,3.0,3.0,0.5%,DB,2016
143,144,Sean Smith,1,0,0,1,0,0,0,0,1,3.0,3.0,0.0%,DB,2016
144,145,Jimmy Smith,1,0,0,1,0,0,0,0,1,3.0,3.0,0.0%,DB,2016
145,146,LaDarius Gunter,2,0,0,0,0,0,0,0,1,3.0,3.0,0.0%,DB,2016
146,147,Keith Tandy,2,0,0,0,0,0,0,0,1,3.0,3.0,0.0%,DB,2016
147,148,Davon House,2,0,0,0,0,0,0,0,1,3.0,3.0,0.0%,DB,2016
148,149,Byron Jones,1,0,0,1,0,0,0,0,1,3.0,3.0,0.0%,DB,2016
149,150,T.J. Green,1,2,0,0,0,0,0,0,1,3.0,3.0,0.0%,DB,2016
150,151,Justin Coleman,0,0,0,2,0,0,0,0,1,3.0,3.0,0.0%,DB,2016
151,152,Jude Adjei-Barimah,1,0,0,1,0,0,0,0,1,3.0,3.0,0.0%,DB,2016
152,153,Rafael Bush,1,2,0,0,0,0,0,0,1,3.0,3.0,0.0%,DB,2016
153,154,Tramon Williams,2,0,0,0,0,0,0,0,1,3.0,3.0,0.0%,DB,2016
154,155,Brent Grimes,0,0,0,2,0,0,0,0,1,3.0,3.0,0.0%,DB,2016
155,156,Dontae Johnson,1,0,0,1,0,0,0,0,1,3.0,3.0,0.0%,DB,2016
156,157,Dashaun Phillips,1,1,0,0,0,0,0,0,1,2.3,2.3,0.0%,DB,2016
157,158,Vernon Hargreaves,1,1,0,0,0,0,0,0,1,2.3,2.3,0.0%,DB,2016
158,159,Aqib Talib,0,1,0,1,0,0,0,0,1,2.3,2.3,0.0%,DB,2016
159,160,Bobby McCain,1,1,0,0,0,0,0,0,1,2.3,2.3,0.0%,DB,2016
160,161,Leodis McKelvin,1,1,0,0,0,0,0,0,1,2.3,2.3,0.0%,DB,2016
161,162,Dre Kirkpatrick,0,1,0,1,0,0,0,0,1,2.3,2.3,0.0%,DB,2016
162,163,D.J. Swearinger,1,0,0,0,0,0,0,0,1,1.5,1.5,0.0%,DB,2016
163,164,Tavon Young,1,0,0,0,0,0,0,0,1,1.5,1.5,1.0%,DB,2016
164,165,Kevin Johnson,1,0,0,0,0,0,0,0,1,1.5,1.5,0.0%,DB,2016
165,166,D.J. White,1,0,0,0,0,0,0,0,1,1.5,1.5,0.0%,DB,2016
166,167,Dwayne Gratz,1,0,0,0,0,0,0,0,1,1.5,1.5,0.0%,DB,2016
167,168,T.J. Carrie,1,0,0,0,0,0,0,0,1,1.5,1.5,1.0%,DB,2016
168,169,Jonathan Meeks,0,2,0,0,0,0,0,0,1,1.5,1.5,1.0%,DB,2016
169,170,Jaquiski Tartt,1,0,0,0,0,0,0,0,1,1.5,1.5,0.0%,DB,2016
170,171,Micah Hyde,1,0,0,0,0,0,0,0,1,1.5,1.5,1.2%,DB,2016
171,172,Malcolm Jenkins,1,0,0,0,0,0,0,0,1,1.5,1.5,15.0%,DB,2016
172,173,Anthony Levine,1,0,0,0,0,0,0,0,1,1.5,1.5,7.0%,DB,2016
173,174,Roman Harper,1,0,0,0,0,0,0,0,1,1.5,1.5,1.0%,DB,2016
174,175,Justin Simmons,1,0,0,0,0,0,0,0,1,1.5,1.5,11.6%,DB,2016
175,176,Kayvon Webster,1,0,0,0,0,0,0,0,1,1.5,1.5,0.0%,DB,2016
176,177,Duron Harmon,1,0,0,0,0,0,0,0,1,1.5,1.5,0.0%,DB,2016
177,178,Duke Williams,1,0,0,0,0,0,0,0,1,1.5,1.5,0.0%,DB,2016
178,179,Corey Graham,1,0,0,0,0,0,0,0,1,1.5,1.5,0.0%,DB,2016
179,180,Alterraun Verner,0,1,0,0,0,0,0,0,1,0.8,0.8,0.0%,DB,2016
180,181,Michael J.,0,1,0,0,0,0,0,0,1,0.8,0.8,0.0%,DB,2016
181,182,Anthony Brown,0,1,0,0,0,0,0,0,1,0.8,0.8,0.0%,DB,2016
182,183,Calvin Pryor,0,0,0,0,0,0,0,0,1,0.0,0.0,5.0%,DB,2016
183,184,Jaylen Watkins,0,0,0,0,0,0,0,0,1,0.0,0.0,0.0%,DB,2016
184,185,Walt Aikens,0,0,0,0,0,0,0,0,1,0.0,0.0,0.0%,DB,2016
185,186,Pierre Desir,0,0,0,0,0,0,0,0,1,0.0,0.0,0.0%,DB,2016
186,187,Ray-Ray Armstrong,3,1,0,2,1,0,0,0,1,0.0,0.0,0.0%,DB,2016
187,188,Nickell Robey-Coleman,0,0,0,0,0,0,0,0,1,0.0,0.0,0.0%,DB,2016
188,189,Brynden Trawick,0,0,0,0,0,0,0,0,1,0.0,0.0,0.0%,DB,2016
189,190,Chris Maragos,0,0,0,0,0,0,0,0,1,0.0,0.0,0.0%,DB,2016
190,191,Sheldon Price,0,0,0,0,0,0,0,0,1,0.0,0.0,0.0%,DB,2016
191,192,Cody Davis,0,0,0,0,0,0,0,0,1,0.0,0.0,0.0%,DB,2016
192,193,Jeff Heath,0,0,0,0,0,0,0,0,1,0.0,0.0,1.0%,DB,2016
193,194,Teddy Williams,0,0,0,0,0,0,0,0,1,0.0,0.0,0.0%,DB,2016
194,195,Eddie Pleasant,0,0,0,0,0,0,0,0,1,0.0,0.0,0.0%,DB,2016
195,196,Steven Terrell,0,0,0,0,0,0,0,0,1,0.0,0.0,3.0%,DB,2016
196,197,Marcus Cooper,0,0,0,0,0,0,0,0,1,0.0,0.0,0.0%,DB,2016
197,198,Don Jones,0,0,0,0,0,0,0,0,1,0.0,0.0,2.0%,DB,2016
198,199,Corey White,0,0,0,0,0,0,0,0,1,0.0,0.0,0.0%,DB,2016
199,200,Justin Bethel,0,0,0,0,0,0,0,0,1,0.0,0.0,0.0%,DB,2016
200,201,Robert Blanton,0,0,0,0,0,0,0,0,1,0.0,0.0,0.0%,DB,2016
201,202,Nate Ebner,0,0,0,0,0,0,0,0,1,0.0,0.0,0.0%,DB,2016
202,203,Trevin Wade,0,0,0,0,0,0,0,0,1,0.0,0.0,0.0%,DB,2016
203,204,Antonio Allen,0,0,0,0,0,0,0,0,1,0.0,0.0,0.0%,DB,2016
204,205,Marcus Sherels,0,0,0,0,0,0,0,0,1,0.0,0.0,0.0%,DB,2016
205,206,Morris Claiborne,0,0,0,0,0,0,0,0,1,0.0,0.0,0.0%,DB,2016
206,207,Josh Robinson,0,0,0,0,0,0,0,0,1,0.0,0.0,0.0%,DB,2016
207,208,Ron Brooks,0,0,0,0,0,0,0,0,1,0.0,0.0,0.0%,DB,2016
208,209,Shamarko Thomas,0,0,0,0,0,0,0,0,1,0.0,0.0,0.0%,DB,2016
209,210,Johnthan Banks,0,0,0,0,0,0,0,0,1,0.0,0.0,0.0%,DB,2016
210,211,Johnson Bademosi,0,0,0,0,0,0,0,0,1,0.0,0.0,0.0%,DB,2016
211,212,Antwon Blake,0,0,0,0,0,0,0,0,1,0.0,0.0,0.0%,DB,2016
212,213,Daniel Sorensen,0,0,0,0,0,0,0,0,1,0.0,0.0,0.0%,DB,2016
213,214,Kelcie McCray,0,0,0,0,0,0,0,0,1,0.0,0.0,2.0%,DB,2016
214,215,Tony Lippett,0,0,0,0,0,0,0,0,1,0.0,0.0,0.0%,DB,2016
215,216,Delvin Breaux,0,0,0,0,0,0,0,0,1,0.0,0.0,0.0%,DB,2016
216,217,Kyle Nelson,0,0,0,0,0,0,0,0,1,0.0,0.0,0.0%,DB,2016
217,218,C.J. Goodwin,0,0,0,0,0,0,0,0,1,0.0,0.0,0.4%,DB,2016
218,219,Rontez Miles,0,0,0,0,0,0,0,0,1,0.0,0.0,4.0%,DB,2016
219,220,Jordan Dangerfield,0,0,0,0,0,0,0,0,1,0.0,0.0,0.0%,DB,2016
220,221,Peyton Thompson,0,0,0,0,0,0,0,0,1,0.0,0.0,0.0%,DB,2016
221,222,Marcus Cromartie,0,0,0,0,0,0,0,0,1,0.0,0.0,0.0%,DB,2016
222,223,Charles James,0,0,0,0,0,0,0,0,1,0.0,0.0,0.0%,DB,2016
223,224,Will Blackmon,0,0,0,0,0,0,0,0,1,0.0,0.0,4.0%,DB,2016
224,225,Chris Prosinski,0,0,0,0,0,0,0,0,1,0.0,0.0,4.0%,DB,2016
225,226,Chykie Brown,0,0,0,0,0,0,0,0,1,0.0,0.0,0.0%,DB,2016
226,227,Charles Clay,0,0,0,0,0,0,0,0,1,0.0,0.0,0.0%,DB,2016
227,228,Colin Jones,0,0,0,0,0,0,0,0,1,0.0,0.0,5.0%,DB,2016
228,229,Darrell Stuckey,0,0,0,0,0,0,0,0,1,0.0,0.0,3.0%,DB,2016
229,230,Kendrick Lewis,0,0,0,0,0,0,0,0,1,0.0,0.0,0.0%,DB,2016
230,231,Nate Allen,0,0,0,0,0,0,0,0,1,0.0,0.0,0.0%,DB,2016
231,232,Captain Munnerlyn,0,0,0,0,0,0,0,0,1,0.0,0.0,0.0%,DB,2016
232,233,Don Carey,0,0,0,0,0,0,0,0,1,0.0,0.0,0.0%,DB,2016
233,234,Sherrick McManis,0,0,0,0,0,0,0,0,1,0.0,0.0,0.0%,DB,2016
234,235,Leon Hall,0,0,0,0,0,0,0,0,1,0.0,0.0,0.0%,DB,2016
235,236,Dashon Goldson,0,0,0,0,0,0,0,0,1,0.0,0.0,0.0%,DB,2016
236,237,Tyvon Branch,7,0,0,1,0,0,0,0,1,0.0,0.0,0.0%,DB,2016
237,238,Lardarius Webb,0,0,0,0,0,0,0,0,1,0.0,0.0,0.0%,DB,2016
238,239,Brandon Williams,2,0,0,0,0,0,0,0,1,0.0,0.0,0.0%,DB,2016
239,240,Gregory Toler,0,0,0,0,0,0,0,0,1,0.0,0.0,0.0%,DB,2016
240,241,DeShon Elliott,0,0,0,0,0,0,0,0,1,0.0,0.0,8.0%,DB,2016
241,242,Darious Williams,0,0,0,0,0,0,0,0,1,0.0,0.0,10.5%,DB,2016
242,243,Jayron Kearse,0,0,0,0,0,0,0,0,1,0.0,0.0,1.3%,DB,2016
243,244,Brandon King,0,0,0,0,0,0,0,0,1,0.0,0.0,0.0%,DB,2016
244,245,Mackensie Alexander,0,0,0,0,0,0,0,0,1,0.0,0.0,0.0%,DB,2016
245,246,Jeremy Cash,0,0,0,0,0,0,0,0,1,0.0,0.0,0.0%,DB,2016
246,247,Artie Burns,0,0,0,0,0,0,0,0,1,0.0,0.0,0.4%,DB,2016
247,248,Vonn Bell,0,0,0,0,0,0,0,0,1,0.0,0.0,5.5%,DB,2016
248,249,Rashard Robinson,0,0,0,0,0,0,0,0,1,0.0,0.0,0.0%,DB,2016
249,250,Karl Joseph,0,0,0,0,0,0,0,0,1,0.0,0.0,0.0%,DB,2016
250,251,Dominique Alexander,0,0,0,0,0,0,0,0,1,0.0,0.0,3.0%,DB,2016
251,252,Maurice Canady,0,0,0,0,0,0,0,0,1,0.0,0.0,0.0%,DB,2016
252,253,Miles Killebrew,0,0,0,0,0,0,0,0,1,0.0,0.0,0.2%,DB,2016
253,254,Anthony Harris,0,0,0,0,0,0,0,0,1,0.0,0.0,0.0%,DB,2016
254,255,Robenson Therezie,0,0,0,0,0,0,0,0,1,0.0,0.0,1.0%,DB,2016
255,256,Corey Moore,0,0,0,0,0,0,0,0,1,0.0,0.0,0.0%,DB,2016
256,257,Erik Harris,0,0,0,0,0,0,0,0,1,0.0,0.0,0.4%,DB,2016
257,258,DeAndre Houston-Carson,0,0,0,0,0,0,0,0,1,0.0,0.0,0.0%,DB,2016
258,259,Will Parks,0,0,0,0,0,0,0,0,1,0.0,0.0,0.0%,DB,2016
259,260,Cyrus Jones,0,0,0,0,0,0,0,0,1,0.0,0.0,0.0%,DB,2016
260,261,Daryl Worley,0,0,0,0,0,0,0,0,1,0.0,0.0,0.0%,DB,2016
261,262,Eric Murray,0,0,0,0,0,0,0,0,1,0.0,0.0,0.2%,DB,2016
262,263,Juston Burris,0,0,0,0,0,0,0,0,1,0.0,0.0,0.0%,DB,2016
263,264,Jordan Lucas,0,0,0,0,0,0,0,0,1,0.0,0.0,0.0%,DB,2016
264,265,Jonathan Jones,0,0,0,0,0,0,0,0,1,0.0,0.0,1.9%,DB,2016
265,266,Clayton Fejedelem,0,0,0,0,0,0,0,0,1,0.0,0.0,0.0%,DB,2016
266,267,Jarrod Wilson,0,0,0,0,0,0,0,0,1,0.0,0.0,0.0%,DB,2016
267,268,Derron Smith,0,0,0,0,0,0,0,0,1,0.0,0.0,0.0%,DB,2016
268,269,Craig Mager,0,0,0,0,0,0,0,0,1,0.0,0.0,0.0%,DB,2016
269,270,Darius Philon,1,0,0,0,0,0,0,0,1,0.0,0.0,0.0%,DB,2016
270,271,Jordan Richards,0,0,0,0,0,0,0,0,1,0.0,0.0,0.0%,DB,2016
271,272,Quinton Dunbar,0,0,0,0,0,0,0,0,1,0.0,0.0,0.0%,DB,2016
272,273,Bryce Callahan,0,0,0,0,0,0,0,0,1,0.0,0.0,0.0%,DB,2016
273,274,Deshazor Everett,0,0,0,0,0,0,0,0,1,0.0,0.0,0.0%,DB,2016
274,275,Troy Hill,0,0,0,0,0,0,0,0,1,0.0,0.0,2.7%,DB,2016
275,276,DeAndre Elliott,0,0,0,0,0,0,0,0,1,0.0,0.0,0.0%,DB,2016
276,277,Tracy Howard,0,0,0,0,0,0,0,0,1,0.0,0.0,0.0%,DB,2016
277,278,Tyvis Powell,0,0,0,0,0,0,0,0,1,0.0,0.0,0.0%,DB,2016
278,279,Jeff Richards,0,0,0,0,0,0,0,0,1,0.0,0.0,0.0%,DB,2016
279,280,Adairius Barnes,0,0,0,0,0,0,0,0,1,0.0,0.0,0.0%,DB,2016
280,281,Kentrell Brice,0,0,0,0,0,0,0,0,1,0.0,0.0,0.0%,DB,2016
281,282,Marwin Evans,0,0,0,0,0,0,0,0,1,0.0,0.0,0.0%,DB,2016
282,283,Matthias Farley,0,0,0,0,0,0,0,0,1,0.0,0.0,4.0%,DB,2016
