,Rank,Player,Tackle,Assist,Sack,Pass Defended,Interception,Forced Fumble,Fumble Recovery,Defend Touchdown,Games Played,Fantasy Football Points,FTPS/Game,ROST,Position,Year
0,1,Reshad Jones,9,1,0.5,1,0,0,0,0,1,25.3,25.3,0.0%,DB,2016
1,2,Corey Graham,4,0,1.0,3,1,0,0,0,1,22.0,22.0,0.0%,DB,2016
2,3,Tony Jefferson,6,3,1.0,0,0,1,0,0,1,21.8,21.8,0.0%,DB,2016
3,4,Stephon Gilmore,2,1,0.0,4,2,0,0,0,1,19.8,19.8,1.5%,DB,2016
4,5,Reggie Nelson,4,2,0.0,2,1,0,1,0,1,19.5,19.5,0.0%,DB,2016
5,6,Corey White,8,1,0.0,1,1,0,0,0,1,19.3,19.3,0.0%,DB,2016
6,7,Jordan Poyer,10,2,0.0,1,0,0,0,0,1,18.0,18.0,26.4%,DB,2016
7,8,Briean Boddy-Calhoun,3,1,0.0,1,1,0,0,1,1,17.8,17.8,0.0%,DB,2016
8,9,Troy Hill,11,0,0.0,0,0,0,0,0,1,16.5,16.5,2.7%,DB,2016
9,10,Harrison Smith,6,1,1.0,0,0,0,0,0,1,16.3,16.3,18.9%,DB,2016
10,11,DeShawn Shead,7,0,0.0,1,0,1,0,0,1,16.0,16.0,0.0%,DB,2016
11,12,Eric Reid,7,5,0.0,1,0,0,0,0,1,15.8,15.8,0.0%,DB,2016
12,13,Trumaine Johnson,8,1,0.0,2,0,0,0,0,1,15.8,15.8,0.0%,DB,2016
13,14,Rodney McLeod,5,0,0.0,2,1,0,0,0,1,15.5,15.5,0.4%,DB,2016
14,15,Clayton Geathers,5,1,0.0,0,0,1,0,0,1,14.8,14.8,0.0%,DB,2016
15,16,Adam Jones,5,2,0.0,1,0,1,0,0,1,14.5,14.5,0.0%,DB,2016
16,17,Xavien Howard,6,0,0.0,1,0,1,0,0,1,14.5,14.5,1.4%,DB,2016
17,18,Phillip Gaines,7,0,0.0,0,0,1,0,0,1,14.5,14.5,0.0%,DB,2016
18,19,Marcus Peters,1,0,0.0,2,2,0,0,0,1,14.5,14.5,1.2%,DB,2016
19,20,Jacoby Glenn,5,2,0.0,1,0,1,0,0,1,14.5,14.5,0.0%,DB,2016
20,21,Chris Conte,6,2,0.0,0,0,0,1,0,1,14.5,14.5,0.0%,DB,2016
21,22,David Bruton,8,1,0.0,1,0,0,0,0,1,14.3,14.3,0.0%,DB,2016
22,23,Johnathan Cyprien,9,1,0.0,0,0,0,0,0,1,14.3,14.3,0.0%,DB,2016
23,24,Micah Hyde,8,3,0.0,0,0,0,0,0,1,14.3,14.3,1.2%,DB,2016
24,25,Eric Berry,3,0,0.0,3,1,0,0,0,1,14.0,14.0,0.0%,DB,2016
25,26,Nat Berhe,5,1,0.0,1,0,1,0,0,1,13.8,13.8,2.0%,DB,2016
26,27,Byron Maxwell,5,2,0.0,3,0,0,0,0,1,13.5,13.5,0.0%,DB,2016
27,28,Patrick Peterson,4,1,0.0,1,1,0,0,0,1,13.3,13.3,0.9%,DB,2016
28,29,Robert Alford,7,1,0.0,1,0,0,0,0,1,12.8,12.8,0.0%,DB,2016
29,30,Barry Church,6,3,0.0,1,0,0,0,0,1,12.8,12.8,2.0%,DB,2016
30,31,Lamarcus Joyner,7,2,0.0,0,0,0,0,0,1,12.0,12.0,0.0%,DB,2016
31,32,Karl Joseph,6,4,0.0,0,0,0,0,0,1,12.0,12.0,0.0%,DB,2016
32,33,Trae Waynes,3,1,0.0,1,1,0,0,0,1,11.8,11.8,0.0%,DB,2016
33,34,Terence Newman,3,1,0.0,1,1,0,0,0,1,11.8,11.8,0.0%,DB,2016
34,35,Aaron Williams,0,0,0.0,1,0,0,1,1,1,11.5,11.5,0.0%,DB,2016
35,36,Marcus Gilchrist,4,2,0.0,0,0,1,0,0,1,11.5,11.5,0.0%,DB,2016
36,37,Byron Jones,4,0,0.0,1,0,1,0,0,1,11.5,11.5,0.0%,DB,2016
37,38,David Amerson,2,1,0.0,5,0,0,0,0,1,11.3,11.3,0.0%,DB,2016
38,39,Malcolm Jenkins,4,1,0.0,3,0,0,0,0,1,11.3,11.3,15.0%,DB,2016
39,40,Landon Collins,5,3,0.0,1,0,0,0,0,1,11.3,11.3,0.0%,DB,2016
40,41,Kam Chancellor,5,3,0.0,1,0,0,0,0,1,11.3,11.3,0.1%,DB,2016
41,42,Marcus Cooper,6,1,0.0,1,0,0,0,0,1,11.3,11.3,0.0%,DB,2016
42,43,Josh Norman,5,1,0.0,2,0,0,0,0,1,11.3,11.3,3.0%,DB,2016
43,44,Desmond Trufant,3,0,1.0,0,0,0,0,0,1,11.0,11.0,0.0%,DB,2016
44,45,Tashaun Gipson,3,0,0.0,1,1,0,0,0,1,11.0,11.0,0.4%,DB,2016
45,46,Daniel Sorensen,2,0,0.0,2,1,0,0,0,1,11.0,11.0,0.0%,DB,2016
46,47,Quinton Dunbar,3,0,0.0,1,1,0,0,0,1,11.0,11.0,0.0%,DB,2016
47,48,Brian Poole,3,3,0.0,1,0,0,0,0,1,10.8,10.8,0.0%,DB,2016
48,49,Morris Claiborne,6,0,0.0,1,0,0,0,0,1,10.5,10.5,0.0%,DB,2016
49,50,Sean Smith,2,1,0.0,1,1,0,0,0,1,10.3,10.3,0.0%,DB,2016
50,51,Casey Hayward,2,1,0.0,1,1,0,0,0,1,10.3,10.3,0.0%,DB,2016
51,52,Tyrann Mathieu,4,0,0.0,0,0,1,0,0,1,10.0,10.0,10.0%,DB,2016
52,53,Perrish Cox,4,3,0.0,1,0,0,0,0,1,9.8,9.8,0.0%,DB,2016
53,54,Sean Davis,6,1,0.0,0,0,0,0,0,1,9.8,9.8,0.0%,DB,2016
54,55,Shareece Wright,6,1,0.0,0,0,0,0,0,1,9.8,9.8,0.0%,DB,2016
55,56,Will Parks,2,0,0.0,1,1,0,0,0,1,9.5,9.5,0.0%,DB,2016
56,57,Damarious Randall,2,0,0.0,1,1,0,0,0,1,9.5,9.5,0.0%,DB,2016
57,58,LaDarius Gunter,3,1,0.0,1,0,0,0,0,1,9.3,9.3,0.0%,DB,2016
58,59,Jalen Mills,6,0,0.0,0,0,0,0,0,1,9.0,9.0,0.5%,DB,2016
59,60,Eric Weddle,4,0,0.0,2,0,0,0,0,1,9.0,9.0,11.0%,DB,2016
60,61,Ken Crawley,4,0,0.0,2,0,0,0,0,1,9.0,9.0,0.0%,DB,2016
61,62,Vernon Hargreaves,5,0,0.0,1,0,0,0,0,1,9.0,9.0,0.0%,DB,2016
62,63,Steven Nelson,3,0,0.0,3,0,0,0,0,1,9.0,9.0,0.2%,DB,2016
63,64,Jason McCourty,3,2,0.0,2,0,0,0,0,1,9.0,9.0,0.0%,DB,2016
64,65,Aqib Talib,5,0,0.0,1,0,0,0,0,1,9.0,9.0,0.0%,DB,2016
65,66,Captain Munnerlyn,3,6,0.0,0,0,0,0,0,1,9.0,9.0,0.0%,DB,2016
66,67,Andrew Sendejo,4,4,0.0,0,0,0,0,0,1,9.0,9.0,0.0%,DB,2016
67,68,J.J. Wilcox,3,0,0.0,0,0,1,0,0,1,8.5,8.5,0.0%,DB,2016
68,69,Malcolm Butler,2,2,0.0,1,0,0,0,0,1,8.5,8.5,0.0%,DB,2016
69,70,Adrian Amos,3,0,0.0,0,0,0,1,0,1,8.5,8.5,0.2%,DB,2016
70,71,T.J. McDonald,3,0,1.0,0,0,0,0,0,1,8.5,8.5,0.0%,DB,2016
71,72,Chris Harris,4,1,0.0,1,0,0,0,0,1,8.3,8.3,0.0%,DB,2016
72,73,Kareem Jackson,4,3,0.0,0,0,0,0,0,1,8.3,8.3,0.7%,DB,2016
73,74,Brandon Carr,4,1,0.0,1,0,0,0,0,1,8.3,8.3,0.0%,DB,2016
74,75,Harold Jones-Quartey,5,1,0.0,0,0,0,0,0,1,8.3,8.3,0.0%,DB,2016
75,76,Ricardo Allen,5,1,0.0,0,0,0,0,0,1,8.3,8.3,0.0%,DB,2016
76,77,Jamar Taylor,1,0,0.0,1,1,0,0,0,1,8.0,8.0,0.0%,DB,2016
77,78,D.J. Hayden,3,1,0.0,0,0,0,0,0,1,7.8,7.8,0.0%,DB,2016
78,79,Mike Adams,2,1,0.0,0,0,0,1,0,1,7.8,7.8,0.4%,DB,2016
79,80,Davon House,5,0,0.0,0,0,0,0,0,1,7.5,7.5,0.0%,DB,2016
80,81,Ron Parker,3,0,0.0,2,0,0,0,0,1,7.5,7.5,0.0%,DB,2016
81,82,Jairus Byrd,4,2,0.0,0,0,0,0,0,1,7.5,7.5,0.0%,DB,2016
82,83,Darian Stewart,4,2,0.0,0,0,0,0,0,1,7.5,7.5,0.0%,DB,2016
83,84,William Gay,5,0,0.0,0,0,0,0,0,1,7.5,7.5,0.1%,DB,2016
84,85,Tramaine Brock,2,2,0.0,0,0,0,0,0,1,7.0,7.0,0.0%,DB,2016
85,86,Shawn Williams,2,3,0.0,1,0,0,0,0,1,6.8,6.8,10.0%,DB,2016
86,87,Logan Ryan,3,1,0.0,1,0,0,0,0,1,6.8,6.8,1.3%,DB,2016
87,88,Tracy Porter,4,1,0.0,0,0,0,0,0,1,6.8,6.8,0.0%,DB,2016
88,89,Rashad Johnson,4,1,0.0,0,0,0,0,0,1,6.8,6.8,0.0%,DB,2016
89,90,Darrelle Revis,4,1,0.0,0,0,0,0,0,1,6.8,6.8,0.0%,DB,2016
90,91,Nolan Carroll,1,1,0.0,3,0,0,0,0,1,6.8,6.8,0.0%,DB,2016
91,92,Ha Ha,4,1,0.0,0,0,0,0,0,1,6.8,6.8,0.0%,DB,2016
92,93,Keanu Neal,3,1,0.0,1,0,0,0,0,1,6.8,6.8,0.7%,DB,2016
93,94,DeAngelo Hall,4,1,0.0,0,0,0,0,0,1,6.8,6.8,0.0%,DB,2016
94,95,Kurt Coleman,2,5,0.0,0,0,0,0,0,1,6.8,6.8,0.0%,DB,2016
95,96,Jalen Ramsey,4,1,0.0,0,0,0,0,0,1,6.8,6.8,17.9%,DB,2016
96,97,Darryl Morris,3,1,0.0,1,0,0,0,0,1,6.8,6.8,0.0%,DB,2016
97,98,D.J. White,0,0,0.0,1,1,0,0,0,1,6.5,6.5,0.0%,DB,2016
98,99,Tavon Young,0,0,0.0,1,1,0,0,0,1,6.5,6.5,1.0%,DB,2016
99,100,Will Blackmon,1,1,0.0,0,0,1,0,0,1,6.3,6.3,4.0%,DB,2016
100,101,Maurice Alexander,3,0,0.0,1,0,0,0,0,1,6.0,6.0,0.0%,DB,2016
101,102,Da'Norris Searcy,3,2,0.0,0,0,0,0,0,1,6.0,6.0,0.0%,DB,2016
102,103,George Iloka,4,0,0.0,0,0,0,0,0,1,6.0,6.0,0.0%,DB,2016
103,104,Darius Slay,4,0,0.0,0,0,0,0,0,1,6.0,6.0,10.0%,DB,2016
104,105,Glover Quin,3,2,0.0,0,0,0,0,0,1,6.0,6.0,0.0%,DB,2016
105,106,Rafael Bush,3,2,0.0,0,0,0,0,0,1,6.0,6.0,0.0%,DB,2016
106,107,Leon Hall,2,2,0.0,1,0,0,0,0,1,6.0,6.0,0.0%,DB,2016
107,108,Janoris Jenkins,4,0,0.0,0,0,0,0,0,1,6.0,6.0,1.0%,DB,2016
108,109,Duron Harmon,1,0,0.0,0,0,0,1,0,1,5.5,5.5,0.0%,DB,2016
109,110,Gregory Toler,1,0,0.0,0,0,0,1,0,1,5.5,5.5,0.0%,DB,2016
110,111,Robert Golden,2,0,0.0,0,0,0,0,0,1,5.5,5.5,6.0%,DB,2016
111,112,Quandre Diggs,1,0,0.0,1,0,0,0,0,1,5.5,5.5,3.1%,DB,2016
112,113,Shiloh Keo,1,0,0.0,0,0,0,1,0,1,5.5,5.5,0.0%,DB,2016
113,114,Kemal Ishmael,2,3,0.0,0,0,0,0,0,1,5.3,5.3,0.0%,DB,2016
114,115,T.J. Green,3,1,0.0,0,0,0,0,0,1,5.3,5.3,0.0%,DB,2016
115,116,Patrick Chung,3,1,0.0,0,0,0,0,0,1,5.3,5.3,0.0%,DB,2016
116,117,Devin McCourty,3,1,0.0,0,0,0,0,0,1,5.3,5.3,4.4%,DB,2016
117,118,Derrick Kindred,3,1,0.0,0,0,0,0,0,1,5.3,5.3,0.0%,DB,2016
118,119,Anthony Brown,3,1,0.0,0,0,0,0,0,1,5.3,5.3,0.0%,DB,2016
119,120,Mike Mitchell,3,1,0.0,0,0,0,0,0,1,5.3,5.3,0.0%,DB,2016
120,121,Jeremy Lane,3,1,0.0,0,0,0,0,0,1,5.3,5.3,0.0%,DB,2016
121,122,Brandon Flowers,3,1,0.0,0,0,0,0,0,1,5.3,5.3,0.0%,DB,2016
122,123,Johnathan Joseph,2,1,0.0,1,0,0,0,0,1,5.3,5.3,0.0%,DB,2016
123,124,James Bradberry,2,1,0.0,1,0,0,0,0,1,5.3,5.3,2.0%,DB,2016
124,125,Andre Hal,2,2,0.0,0,0,0,0,0,1,4.5,4.5,0.0%,DB,2016
125,126,Buster Skrine,2,2,0.0,0,0,0,0,0,1,4.5,4.5,0.0%,DB,2016
126,127,Duke Ihenacho,3,0,0.0,0,0,0,0,0,1,4.5,4.5,0.0%,DB,2016
127,128,Marcus Williams,3,0,0.0,0,0,0,0,0,1,4.5,4.5,4.0%,DB,2016
128,129,Sterling Moore,2,0,0.0,1,0,0,0,0,1,4.5,4.5,0.0%,DB,2016
129,130,Vontae Davis,3,0,0.0,0,0,0,0,0,1,4.5,4.5,0.0%,DB,2016
130,131,Dominique Rodgers-Cromartie,2,0,0.0,1,0,0,0,0,1,4.5,4.5,0.0%,DB,2016
131,132,Jimmy Smith,3,0,0.0,0,0,0,0,0,1,4.5,4.5,0.0%,DB,2016
132,133,Richard Sherman,2,0,0.0,1,0,0,0,0,1,4.5,4.5,0.1%,DB,2016
133,134,Antoine Bethea,3,0,0.0,0,0,0,0,0,1,4.5,4.5,28.0%,DB,2016
134,135,Ross Cockrell,3,0,0.0,0,0,0,0,0,1,4.5,4.5,0.0%,DB,2016
135,136,Artie Burns,2,0,0.0,1,0,0,0,0,1,4.5,4.5,0.4%,DB,2016
136,137,Calvin Pryor,3,0,0.0,0,0,0,0,0,1,4.5,4.5,5.0%,DB,2016
137,138,Roman Harper,3,0,0.0,0,0,0,0,0,1,4.5,4.5,1.0%,DB,2016
138,139,Robert Blanton,3,0,0.0,0,0,0,0,0,1,4.5,4.5,0.0%,DB,2016
139,140,Antonio Cromartie,2,0,0.0,1,0,0,0,0,1,4.5,4.5,0.0%,DB,2016
140,141,T.J. Ward,2,0,0.0,1,0,0,0,0,1,4.5,4.5,0.1%,DB,2016
141,142,Quintin Demps,2,2,0.0,0,0,0,0,0,1,4.5,4.5,3.0%,DB,2016
142,143,Jordan Richards,0,0,0.0,0,0,0,1,0,1,4.0,4.0,0.0%,DB,2016
143,144,Eric Murray,0,0,0.0,0,0,0,1,0,1,4.0,4.0,0.2%,DB,2016
144,145,Daimion Stafford,2,1,0.0,0,0,0,0,0,1,3.8,3.8,4.0%,DB,2016
145,146,Chris Prosinski,1,1,0.0,1,0,0,0,0,1,3.8,3.8,4.0%,DB,2016
146,147,Robert McClain,2,1,0.0,0,0,0,0,0,1,3.8,3.8,0.0%,DB,2016
147,148,Adrian Phillips,1,3,0.0,0,0,0,0,0,1,3.8,3.8,0.7%,DB,2016
148,149,Jason Verrett,2,1,0.0,0,0,0,0,0,1,3.8,3.8,0.0%,DB,2016
149,150,Nevin Lawson,2,1,0.0,0,0,0,0,0,1,3.8,3.8,0.0%,DB,2016
150,151,Kevin Byard,2,1,0.0,0,0,0,0,0,1,3.8,3.8,29.1%,DB,2016
151,152,Tavon Wilson,2,1,0.0,0,0,0,0,0,1,3.8,3.8,0.0%,DB,2016
152,153,Isa Abdul-Quddus,2,0,0.0,0,0,0,0,0,1,3.0,3.0,0.0%,DB,2016
153,154,Alterraun Verner,1,0,0.0,1,0,0,0,0,1,3.0,3.0,0.0%,DB,2016
154,155,Vonn Bell,2,0,0.0,0,0,0,0,0,1,3.0,3.0,5.5%,DB,2016
155,156,Bradley Roby,2,0,0.0,0,0,0,0,0,1,3.0,3.0,0.0%,DB,2016
156,157,Brice McCain,1,0,0.0,1,0,0,0,0,1,3.0,3.0,0.0%,DB,2016
157,158,Jimmie Ward,1,0,0.0,1,0,0,0,0,1,3.0,3.0,9.7%,DB,2016
158,159,C.J. Goodwin,2,0,0.0,0,0,0,0,0,1,3.0,3.0,0.4%,DB,2016
159,160,Keith Reaser,2,0,0.0,0,0,0,0,0,1,3.0,3.0,0.0%,DB,2016
160,161,D.J. Swearinger,1,2,0.0,0,0,0,0,0,1,3.0,3.0,0.0%,DB,2016
161,162,Josh Shaw,1,2,0.0,0,0,0,0,0,1,3.0,3.0,0.0%,DB,2016
162,163,Tramon Williams,2,0,0.0,0,0,0,0,0,1,3.0,3.0,0.0%,DB,2016
163,164,Dwayne Gratz,2,0,0.0,0,0,0,0,0,1,3.0,3.0,0.0%,DB,2016
164,165,Earl Thomas,2,0,0.0,0,0,0,0,0,1,3.0,3.0,1.1%,DB,2016
165,166,Ron Brooks,2,0,0.0,0,0,0,0,0,1,3.0,3.0,0.0%,DB,2016
166,167,Lardarius Webb,1,0,0.0,1,0,0,0,0,1,3.0,3.0,0.0%,DB,2016
167,168,Nickell Robey-Coleman,1,0,0.0,1,0,0,0,0,1,3.0,3.0,0.0%,DB,2016
168,169,Kevon Seymour,2,0,0.0,0,0,0,0,0,1,3.0,3.0,0.0%,DB,2016
169,170,Dre Kirkpatrick,2,0,0.0,0,0,0,0,0,1,3.0,3.0,0.0%,DB,2016
170,171,Cyrus Jones,1,1,0.0,0,0,0,0,0,1,2.3,2.3,0.0%,DB,2016
171,172,Dwight Lowery,1,1,0.0,0,0,0,0,0,1,2.3,2.3,0.0%,DB,2016
172,173,Dexter McCoil,0,1,0.0,1,0,0,0,0,1,2.3,2.3,0.0%,DB,2016
173,174,Rontez Miles,1,0,0.0,0,0,0,0,0,1,1.5,1.5,4.0%,DB,2016
174,175,Cody Davis,1,0,0.0,0,0,0,0,0,1,1.5,1.5,0.0%,DB,2016
175,176,Marcus Sherels,0,0,0.0,1,0,0,0,0,1,1.5,1.5,0.0%,DB,2016
176,177,Jaquiski Tartt,0,2,0.0,0,0,0,0,0,1,1.5,1.5,0.0%,DB,2016
177,178,Trevin Wade,1,0,0.0,0,0,0,0,0,1,1.5,1.5,0.0%,DB,2016
178,179,Bobby McCain,1,0,0.0,0,0,0,0,0,1,1.5,1.5,0.0%,DB,2016
179,180,Duke Williams,1,0,0.0,0,0,0,0,0,1,1.5,1.5,0.0%,DB,2016
180,181,Derron Smith,0,2,0.0,0,0,0,0,0,1,1.5,1.5,0.0%,DB,2016
181,182,Tre Boston,1,0,0.0,0,0,0,0,0,1,1.5,1.5,1.0%,DB,2016
182,183,Jaylen Watkins,0,0,0.0,1,0,0,0,0,1,1.5,1.5,0.0%,DB,2016
183,184,Brent Grimes,1,0,0.0,0,0,0,0,0,1,1.5,1.5,0.0%,DB,2016
184,185,Antwon Blake,1,0,0.0,0,0,0,0,0,1,1.5,1.5,0.0%,DB,2016
185,186,Xavier Rhodes,0,0,0.0,1,0,0,0,0,1,1.5,1.5,0.0%,DB,2016
186,187,Bradley McDougald,1,0,0.0,0,0,0,0,0,1,1.5,1.5,0.0%,DB,2016
187,188,Juston Burris,0,0,0.0,1,0,0,0,0,1,1.5,1.5,0.0%,DB,2016
188,189,Daryl Worley,0,0,0.0,1,0,0,0,0,1,1.5,1.5,0.0%,DB,2016
189,190,Nate Allen,1,0,0.0,0,0,0,0,0,1,1.5,1.5,0.0%,DB,2016
190,191,B.W. Webb,1,0,0.0,0,0,0,0,0,1,1.5,1.5,0.0%,DB,2016
191,192,Sherrick McManis,1,0,0.0,0,0,0,0,0,1,1.5,1.5,0.0%,DB,2016
192,193,Keith Tandy,1,0,0.0,0,0,0,0,0,1,1.5,1.5,0.0%,DB,2016
193,194,Michael J.,1,0,0.0,0,0,0,0,0,1,1.5,1.5,0.0%,DB,2016
194,195,Tracy Howard,1,0,0.0,0,0,0,0,0,1,1.5,1.5,0.0%,DB,2016
195,196,Quinten Rollins,1,0,0.0,0,0,0,0,0,1,1.5,1.5,0.0%,DB,2016
196,197,Keith McGill,1,0,0.0,0,0,0,0,0,1,1.5,1.5,0.0%,DB,2016
197,198,Darqueze Dennard,1,0,0.0,0,0,0,0,0,1,1.5,1.5,0.0%,DB,2016
198,199,Eli Apple,1,0,0.0,0,0,0,0,0,1,1.5,1.5,0.0%,DB,2016
199,200,Kentrell Brice,1,0,0.0,0,0,0,0,0,1,1.5,1.5,0.0%,DB,2016
200,201,Josh Hawkins,0,0,0.0,1,0,0,0,0,1,1.5,1.5,0.0%,DB,2016
201,202,Cre'Von LeBlanc,1,0,0.0,0,0,0,0,0,1,1.5,1.5,0.0%,DB,2016
202,203,A.J. Bouye,0,1,0.0,0,0,0,0,0,1,0.8,0.8,0.0%,DB,2016
203,204,Jonathan Meeks,0,1,0.0,0,0,0,0,0,1,0.8,0.8,1.0%,DB,2016
204,205,Rashard Robinson,0,1,0.0,0,0,0,0,0,1,0.8,0.8,0.0%,DB,2016
205,206,Anthony Levine,0,1,0.0,0,0,0,0,0,1,0.8,0.8,7.0%,DB,2016
206,207,Mackensie Alexander,0,1,0.0,0,0,0,0,0,1,0.8,0.8,0.0%,DB,2016
207,208,Kevin Johnson,0,1,0.0,0,0,0,0,0,1,0.8,0.8,0.0%,DB,2016
208,209,Bashaud Breeland,0,0,0.0,0,0,0,0,0,1,0.0,0.0,1.0%,DB,2016
209,210,Walt Aikens,0,0,0.0,0,0,0,0,0,1,0.0,0.0,0.0%,DB,2016
210,211,Pierre Desir,0,0,0.0,0,0,0,0,0,1,0.0,0.0,0.0%,DB,2016
211,212,Dontae Johnson,0,0,0.0,0,0,0,0,0,1,0.0,0.0,0.0%,DB,2016
212,213,Bene' Benwikere,0,0,0.0,0,0,0,0,0,1,0.0,0.0,0.0%,DB,2016
213,214,T.J. Carrie,0,0,0.0,0,0,0,0,0,1,0.0,0.0,1.0%,DB,2016
214,215,Chris Banjo,0,0,0.0,0,0,0,0,0,1,0.0,0.0,0.0%,DB,2016
215,216,Rashaan Melvin,0,0,0.0,0,0,0,0,0,1,0.0,0.0,0.0%,DB,2016
216,217,Jeff Heath,0,0,0.0,0,0,0,0,0,1,0.0,0.0,1.0%,DB,2016
217,218,Sheldon Price,0,0,0.0,0,0,0,0,0,1,0.0,0.0,0.0%,DB,2016
218,219,Justin Gilbert,0,0,0.0,0,0,0,0,0,1,0.0,0.0,0.0%,DB,2016
219,220,Marcus Ball,0,0,0.0,0,0,0,0,0,1,0.0,0.0,0.0%,DB,2016
220,221,Josh Johnson,0,0,0.0,0,0,0,0,0,1,0.0,0.0,0.0%,DB,2016
221,222,Steven Terrell,0,0,0.0,0,0,0,0,0,1,0.0,0.0,3.0%,DB,2016
222,223,Chris Maragos,0,0,0.0,0,0,0,0,0,1,0.0,0.0,0.0%,DB,2016
223,224,Justin Bethel,0,0,0.0,0,0,0,0,0,1,0.0,0.0,0.0%,DB,2016
224,225,Nate Ebner,0,0,0.0,0,0,0,0,0,1,0.0,0.0,0.0%,DB,2016
225,226,Antonio Allen,0,1,0.0,0,0,0,0,0,1,0.0,0.0,0.0%,DB,2016
226,227,Josh Robinson,0,0,0.0,0,0,0,0,0,1,0.0,0.0,0.0%,DB,2016
227,228,Coty Sensabaugh,0,0,0.0,0,0,0,0,0,1,0.0,0.0,0.0%,DB,2016
228,229,Johnson Bademosi,0,0,0.0,0,0,0,0,0,1,0.0,0.0,0.0%,DB,2016
229,230,Brynden Trawick,0,0,0.0,0,0,0,0,0,1,0.0,0.0,0.0%,DB,2016
230,231,Kayvon Webster,0,0,0.0,0,0,0,0,0,1,0.0,0.0,0.0%,DB,2016
231,232,Shamarko Thomas,0,0,0.0,0,0,0,0,0,1,0.0,0.0,0.0%,DB,2016
232,233,Tharold Simon,0,0,0.0,0,0,0,0,0,1,0.0,0.0,0.0%,DB,2016
233,234,Don Jones,0,0,0.0,0,0,0,0,0,1,0.0,0.0,2.0%,DB,2016
234,235,Chris Lewis-Harris,0,0,0.0,0,0,0,0,0,1,0.0,0.0,0.0%,DB,2016
235,236,Johnthan Banks,0,0,0.0,0,0,0,0,0,1,0.0,0.0,0.0%,DB,2016
236,237,Tony Lippett,0,0,0.0,0,0,0,0,0,1,0.0,0.0,0.0%,DB,2016
237,238,Dewey McDonald,0,0,0.0,0,0,0,0,0,1,0.0,0.0,0.0%,DB,2016
238,239,Kyle Nelson,0,0,0.0,0,0,0,0,0,1,0.0,0.0,0.0%,DB,2016
239,240,Kelcie McCray,0,0,0.0,0,0,0,0,0,1,0.0,0.0,2.0%,DB,2016
240,241,Terrence Brooks,0,0,0.0,0,0,0,0,0,1,0.0,0.0,0.0%,DB,2016
241,242,Jordan Dangerfield,0,0,0.0,0,0,0,0,0,1,0.0,0.0,0.0%,DB,2016
242,243,Marcus Burley,0,0,0.0,0,0,0,0,0,1,0.0,0.0,0.0%,DB,2016
243,244,Neiko Thorpe,0,0,0.0,0,0,0,0,0,1,0.0,0.0,0.0%,DB,2016
244,245,Dashaun Phillips,0,0,0.0,0,0,0,0,0,1,0.0,0.0,0.0%,DB,2016
245,246,Charles James,0,0,0.0,0,0,0,0,0,1,0.0,0.0,0.0%,DB,2016
246,247,Peyton Thompson,0,0,0.0,0,0,0,0,0,1,0.0,0.0,0.0%,DB,2016
247,248,Charles Clay,0,0,0.0,0,0,0,0,0,1,0.0,0.0,0.0%,DB,2016
248,249,Colin Jones,0,0,0.0,0,0,0,0,0,1,0.0,0.0,5.0%,DB,2016
249,250,Darrell Stuckey,0,0,0.0,0,0,0,0,0,1,0.0,0.0,3.0%,DB,2016
250,251,Kendrick Lewis,0,0,0.0,0,0,0,0,0,1,0.0,0.0,0.0%,DB,2016
251,252,Jeron Johnson,0,0,0.0,0,0,0,0,0,1,0.0,0.0,0.0%,DB,2016
252,253,Don Carey,0,0,0.0,0,0,0,0,0,1,0.0,0.0,0.0%,DB,2016
253,254,Tyvon Branch,3,1,0.0,0,0,0,0,0,1,0.0,0.0,0.0%,DB,2016
254,255,Brandon Williams,0,0,0.0,0,0,0,0,0,1,0.0,0.0,0.0%,DB,2016
255,256,DeShon Elliott,0,0,0.0,0,0,0,0,0,1,0.0,0.0,8.0%,DB,2016
256,257,Darious Williams,0,0,0.0,0,0,0,0,0,1,0.0,0.0,10.5%,DB,2016
257,258,Chris Davis,0,0,0.0,0,0,0,0,0,1,0.0,0.0,0.0%,DB,2016
258,259,Jayron Kearse,0,0,0.0,0,0,0,0,0,1,0.0,0.0,1.3%,DB,2016
259,260,Dominique Alexander,0,0,0.0,0,0,0,0,0,1,0.0,0.0,3.0%,DB,2016
260,261,Maurice Canady,0,0,0.0,0,0,0,0,0,1,0.0,0.0,0.0%,DB,2016
261,262,Miles Killebrew,0,0,0.0,0,0,0,0,0,1,0.0,0.0,0.2%,DB,2016
262,263,Erik Harris,0,0,0.0,0,0,0,0,0,1,0.0,0.0,0.4%,DB,2016
263,264,Deon Bush,0,0,0.0,0,0,0,0,0,1,0.0,0.0,0.0%,DB,2016
264,265,Deiondre' Hall,0,0,0.0,0,0,0,0,0,1,0.0,0.0,0.0%,DB,2016
265,266,Jonathan Jones,0,0,0.0,0,0,0,0,0,1,0.0,0.0,1.9%,DB,2016
266,267,Jude Adjei-Barimah,0,0,0.0,0,0,0,0,0,1,0.0,0.0,0.0%,DB,2016
267,268,Brandon King,0,0,0.0,0,0,0,0,0,1,0.0,0.0,0.0%,DB,2016
268,269,Clayton Fejedelem,0,0,0.0,0,0,0,0,0,1,0.0,0.0,0.0%,DB,2016
269,270,DeAndre Elliott,0,0,0.0,0,0,0,0,0,1,0.0,0.0,0.0%,DB,2016
270,271,De'Vante Harris,0,0,0.0,0,0,0,0,0,1,0.0,0.0,0.0%,DB,2016
271,272,Jarrod Wilson,0,0,0.0,0,0,0,0,0,1,0.0,0.0,0.0%,DB,2016
272,273,K.J. Dillon,0,0,0.0,0,0,0,0,0,1,0.0,0.0,0.0%,DB,2016
273,274,DeAndre Houston-Carson,0,0,0.0,0,0,0,0,0,1,0.0,0.0,0.0%,DB,2016
274,275,Ryan Smith,0,0,0.0,0,0,0,0,0,1,0.0,0.0,0.0%,DB,2016
275,276,Corey Moore,0,0,0.0,0,0,0,0,0,1,0.0,0.0,0.0%,DB,2016
276,277,Craig Mager,0,0,0.0,0,0,0,0,0,1,0.0,0.0,0.0%,DB,2016
277,278,Darius Philon,1,2,0.0,0,0,0,0,0,1,0.0,0.0,0.0%,DB,2016
278,279,Isaiah Johnson,0,0,0.0,0,0,0,0,0,1,0.0,0.0,0.0%,DB,2016
279,280,Justin Coleman,0,0,0.0,0,0,0,0,0,1,0.0,0.0,0.0%,DB,2016
280,281,Cody Riggs,0,0,0.0,0,0,0,0,0,1,0.0,0.0,0.0%,DB,2016
281,282,Anthony Harris,0,0,0.0,0,0,0,0,0,1,0.0,0.0,0.0%,DB,2016
282,283,Robenson Therezie,0,0,0.0,0,0,0,0,0,1,0.0,0.0,1.0%,DB,2016
283,284,Deshazor Everett,0,0,0.0,0,0,0,0,0,1,0.0,0.0,0.0%,DB,2016
284,285,Andrew Adams,0,0,0.0,0,0,0,0,0,1,0.0,0.0,4.0%,DB,2016
285,286,Marwin Evans,0,0,0.0,0,0,0,0,0,1,0.0,0.0,0.0%,DB,2016
286,287,Matthias Farley,0,0,0.0,0,0,0,0,0,1,0.0,0.0,4.0%,DB,2016
287,288,Jeff Richards,0,0,0.0,0,0,0,0,0,1,0.0,0.0,0.0%,DB,2016
