,Rank,Player,Tackle,Assist,Sack,Pass Defended,Interception,Forced Fumble,Fumble Recovery,Defend Touchdown,Games Played,Fantasy Football Points,FTPS/Game,ROST,Position,Year
0,1,Akiem Hicks,8,2,2.0,0,0,1,0,0,1,30.5,30.5,0.0%,DL,2016
1,2,Everson Griffen,8,0,0.0,0,0,1,1,0,1,20.0,20.0,2.0%,DL,2016
2,3,Danielle Hunter,3,3,2.0,0,0,0,0,0,1,19.8,19.8,52.9%,DL,2016
3,4,Olivier Vernon,4,0,2.0,0,0,0,0,0,1,19.0,19.0,6.0%,DL,2016
4,5,Brandon Graham,6,3,0.0,0,0,0,0,0,1,16.3,16.3,2.2%,DL,2016
5,6,Kony Ealy,2,1,1.0,0,0,1,0,0,1,14.3,14.3,0.0%,DL,2016
6,7,Calais Campbell,3,0,1.0,1,0,1,0,0,1,14.0,14.0,3.1%,DL,2016
7,8,Sen'Derrick Marks,3,0,1.0,0,0,0,0,0,1,13.5,13.5,0.0%,DL,2016
8,9,Julius Peppers,4,1,1.0,0,0,0,0,0,1,13.3,13.3,0.1%,DL,2016
9,10,Bruce Irvin,4,1,1.0,0,0,0,0,0,1,13.3,13.3,0.2%,DL,2016
10,11,Justin Houston,4,0,1.0,0,0,0,0,0,1,12.5,12.5,0.0%,DL,2016
11,12,Kyle Williams,7,2,0.0,0,0,0,0,0,1,12.0,12.0,3.7%,DL,2016
12,13,Leonard Williams,3,7,0.5,0,0,0,0,0,1,11.8,11.8,10.9%,DL,2016
13,14,Corey Liuget,4,1,0.0,0,0,0,0,0,1,11.8,11.8,0.0%,DL,2016
14,15,Ziggy Hood,5,0,0.0,1,0,0,0,0,1,11.5,11.5,0.0%,DL,2016
15,16,Carlos Dunlap,0,4,0.5,4,0,0,0,0,1,11.0,11.0,3.0%,DL,2016
16,17,Ryan Kerrigan,2,0,1.0,1,0,0,0,0,1,11.0,11.0,0.0%,DL,2016
17,18,Sheldon Rankins,3,0,1.0,0,0,0,0,0,1,11.0,11.0,2.0%,DL,2016
18,19,William Gholston,5,1,0.0,0,0,0,0,0,1,10.8,10.8,1.6%,DL,2016
19,20,Jabaal Sheard,3,2,0.0,3,0,0,0,0,1,10.5,10.5,0.0%,DL,2016
20,21,Bennie Logan,1,1,0.0,0,0,1,1,0,1,10.3,10.3,0.0%,DL,2016
21,22,Robert Ayers,2,1,1.0,0,0,0,0,0,1,10.3,10.3,0.0%,DL,2016
22,23,Trent Murphy,2,1,1.0,0,0,0,0,0,1,10.3,10.3,0.0%,DL,2016
23,24,Letroy Guion,3,1,0.0,0,0,0,0,0,1,10.3,10.3,0.0%,DL,2016
24,25,Brian Robison,1,1,1.0,0,0,1,0,0,1,10.3,10.3,0.0%,DL,2016
25,26,Glenn Dorsey,4,2,0.0,0,0,0,0,0,1,10.0,10.0,0.0%,DL,2016
26,27,Brent Urban,2,0,1.0,0,0,0,0,0,1,9.5,9.5,0.4%,DL,2016
27,28,Dean Lowry,1,0,1.0,1,0,0,0,0,1,9.5,9.5,0.6%,DL,2016
28,29,Eddie Goldman,2,0,1.0,0,0,0,0,0,1,9.5,9.5,0.2%,DL,2016
29,30,Ricardo Mathews,2,0,1.0,0,0,0,0,0,1,9.5,9.5,0.0%,DL,2016
30,31,Derek Wolfe,6,0,0.0,0,0,0,0,0,1,9.0,9.0,0.0%,DL,2016
31,32,Damon Harrison,3,6,0.0,0,0,0,0,0,1,9.0,9.0,0.0%,DL,2016
32,33,Joey Bosa,1,1,1.0,0,0,0,0,0,1,8.8,8.8,16.7%,DL,2016
33,34,Maliek Collins,1,1,1.0,0,0,0,0,0,1,8.8,8.8,2.4%,DL,2016
34,35,Rob Ninkovich,1,1,1.0,0,0,0,0,0,1,8.8,8.8,0.0%,DL,2016
35,36,Benson Mayowa,1,1,1.0,0,0,0,0,0,1,8.8,8.8,0.0%,DL,2016
36,37,Dante Fowler,4,0,0.0,0,0,0,0,0,1,8.5,8.5,3.5%,DL,2016
37,38,Chris Long,1,0,1.0,0,0,0,0,0,1,8.0,8.0,0.0%,DL,2016
38,39,James Cowser,1,0,1.0,0,0,0,0,0,1,8.0,8.0,0.0%,DL,2016
39,40,Charles Johnson,1,0,1.0,0,0,0,0,0,1,8.0,8.0,0.0%,DL,2016
40,41,David Parry,1,0,1.0,0,0,0,0,0,1,8.0,8.0,0.0%,DL,2016
41,42,Devin Taylor,1,0,1.0,0,0,0,0,0,1,8.0,8.0,0.0%,DL,2016
42,43,Gerald McCoy,1,0,1.0,0,0,0,0,0,1,8.0,8.0,0.0%,DL,2016
43,44,Kawann Short,2,3,0.0,0,0,0,0,0,1,7.8,7.8,0.0%,DL,2016
44,45,Denico Autry,2,1,1.0,0,0,0,0,0,1,7.8,7.8,10.1%,DL,2016
45,46,Jared Crick,4,0,0.0,1,0,0,0,0,1,7.5,7.5,0.0%,DL,2016
46,47,Cameron Jordan,4,0,0.0,1,0,0,0,0,1,7.5,7.5,6.1%,DL,2016
47,48,Deon Simon,1,5,0.5,0,0,0,0,0,1,7.3,7.3,0.0%,DL,2016
48,49,Tyson Alualu,3,0,0.0,0,0,0,0,0,1,7.0,7.0,0.0%,DL,2016
49,50,Ricky Jean-Francois,2,0,0.0,1,0,0,0,0,1,7.0,7.0,0.0%,DL,2016
50,51,Muhammad Wilkerson,2,5,0.0,0,0,0,0,0,1,6.8,6.8,0.0%,DL,2016
51,52,DeForest Buckner,4,1,0.0,0,0,0,0,0,1,6.8,6.8,47.2%,DL,2016
52,53,Grady Jarrett,1,1,0.0,0,0,0,1,0,1,6.3,6.3,5.7%,DL,2016
53,54,Datone Jones,4,0,0.0,0,0,0,0,0,1,6.0,6.0,0.0%,DL,2016
54,55,Tim Jernigan,2,0,0.0,0,0,0,0,0,1,5.5,5.5,0.0%,DL,2016
55,56,Akeem Spence,2,0,0.0,0,0,0,0,0,1,5.5,5.5,0.0%,DL,2016
56,57,Kendall Reyes,2,0,0.0,0,0,0,0,0,1,5.5,5.5,0.0%,DL,2016
57,58,William Hayes,2,0,0.0,0,0,0,0,0,1,5.5,5.5,2.0%,DL,2016
58,59,Michael Brockers,3,1,0.0,0,0,0,0,0,1,5.3,5.3,0.0%,DL,2016
59,60,Clinton McDonald,3,1,0.0,0,0,0,0,0,1,5.3,5.3,0.0%,DL,2016
60,61,A'Shawn Robinson,2,0,0.0,1,0,0,0,0,1,4.5,4.5,4.5%,DL,2016
61,62,Shaq Lawson,1,2,0.0,1,0,0,0,0,1,4.5,4.5,0.0%,DL,2016
62,63,Marcell Dareus,2,2,0.0,0,0,0,0,0,1,4.5,4.5,0.0%,DL,2016
63,64,Dontari Poe,3,0,0.0,0,0,0,0,0,1,4.5,4.5,0.0%,DL,2016
64,65,Alan Branch,1,0,0.0,0,0,0,0,0,1,4.0,4.0,0.0%,DL,2016
65,66,Cassius Marsh,0,0,0.0,0,0,0,1,0,1,4.0,4.0,1.0%,DL,2016
66,67,Ethan Westbrooks,1,0,0.0,0,0,0,0,0,1,4.0,4.0,0.0%,DL,2016
67,68,Cullen Jenkins,1,0,0.0,0,0,0,0,0,1,4.0,4.0,0.0%,DL,2016
68,69,Mike Pennel,1,0,0.0,0,0,0,0,0,1,4.0,4.0,0.4%,DL,2016
69,70,Lawrence Guy,1,0,0.0,0,0,0,0,0,1,4.0,4.0,4.0%,DL,2016
70,71,Aaron Donald,2,1,0.0,0,0,0,0,0,1,3.8,3.8,11.7%,DL,2016
71,72,Pat Sims,2,1,0.0,0,0,0,0,0,1,3.8,3.8,0.0%,DL,2016
72,73,Wes Horton,0,2,0.5,0,0,0,0,0,1,3.5,3.5,0.0%,DL,2016
73,74,Malik Jackson,2,0,0.0,0,0,0,0,0,1,3.0,3.0,0.0%,DL,2016
74,75,Tyrunn Walker,2,0,0.0,0,0,0,0,0,1,3.0,3.0,0.0%,DL,2016
75,76,Cornelius Washington,2,0,0.0,0,0,0,0,0,1,3.0,3.0,0.0%,DL,2016
76,77,Jarvis Jenkins,2,0,0.0,0,0,0,0,0,1,3.0,3.0,0.0%,DL,2016
77,78,Fletcher Cox,0,2,0.0,1,0,0,0,0,1,3.0,3.0,1.1%,DL,2016
78,79,Jason Pierre-Paul,1,2,0.0,0,0,0,0,0,1,3.0,3.0,0.0%,DL,2016
79,80,David Onyemata,2,0,0.0,0,0,0,0,0,1,3.0,3.0,5.7%,DL,2016
80,81,Antonio Smith,2,0,0.0,0,0,0,0,0,1,3.0,3.0,0.0%,DL,2016
81,82,Josh Mauro,2,0,0.0,0,0,0,0,0,1,3.0,3.0,0.0%,DL,2016
82,83,Abry Jones,2,0,0.0,0,0,0,0,0,1,3.0,3.0,0.0%,DL,2016
83,84,Javon Hargrave,2,0,0.0,0,0,0,0,0,1,3.0,3.0,14.8%,DL,2016
84,85,Kerry Hyder,1,2,0.0,0,0,0,0,0,1,3.0,3.0,2.0%,DL,2016
85,86,Tyson Jackson,2,0,0.0,0,0,0,0,0,1,3.0,3.0,0.0%,DL,2016
86,87,Linval Joseph,1,2,0.0,0,0,0,0,0,1,3.0,3.0,0.0%,DL,2016
87,88,Sylvester Williams,2,0,0.0,0,0,0,0,0,1,3.0,3.0,0.0%,DL,2016
88,89,Melvin Ingram,1,2,0.0,0,0,0,0,0,1,3.0,3.0,0.0%,DL,2016
89,90,Connor Barwin,1,2,0.0,0,0,0,0,0,1,3.0,3.0,0.0%,DL,2016
90,91,DeShawn Williams,0,1,0.5,0,0,0,0,0,1,2.8,2.8,0.6%,DL,2016
91,92,Arthur Jones,1,1,0.0,0,0,0,0,0,1,2.3,2.3,0.0%,DL,2016
92,93,Ezekiel Ansah,1,1,0.0,0,0,0,0,0,1,2.3,2.3,0.0%,DL,2016
93,94,Jonathan Babineaux,1,1,0.0,0,0,0,0,0,1,2.3,2.3,0.0%,DL,2016
94,95,Destiny Vaeao,1,1,0.0,0,0,0,0,0,1,2.3,2.3,0.0%,DL,2016
95,96,Adam Gotsis,1,1,0.0,0,0,0,0,0,1,2.3,2.3,1.2%,DL,2016
96,97,Damontre Moore,1,1,0.0,0,0,0,0,0,1,2.3,2.3,0.0%,DL,2016
97,98,Haloti Ngata,0,1,0.0,1,0,0,0,0,1,2.3,2.3,0.0%,DL,2016
98,99,Domata Peko,0,1,0.0,1,0,0,0,0,1,2.3,2.3,0.0%,DL,2016
99,100,Johnathan Hankins,1,1,0.0,0,0,0,0,0,1,2.3,2.3,0.0%,DL,2016
100,101,Stephon Tuitt,0,1,0.0,1,0,0,0,0,1,2.3,2.3,0.1%,DL,2016
101,102,Margus Hunt,1,1,0.0,0,0,0,0,0,1,2.3,2.3,0.0%,DL,2016
102,103,Jihad Ward,1,1,0.0,0,0,0,0,0,1,2.3,2.3,0.2%,DL,2016
103,104,Kerry Wynn,1,1,0.0,0,0,0,0,0,1,2.3,2.3,0.0%,DL,2016
104,105,Mike Catapano,1,1,0.0,0,0,0,0,0,1,2.3,2.3,0.0%,DL,2016
105,106,Chris Jones,1,1,0.0,0,0,0,0,0,1,2.3,2.3,0.0%,DL,2016
106,107,Tom Johnson,1,0,0.0,0,0,0,0,0,1,1.5,1.5,0.0%,DL,2016
107,108,Romeo Okwara,0,2,0.0,0,0,0,0,0,1,1.5,1.5,0.0%,DL,2016
108,109,Star Lotulelei,0,2,0.0,0,0,0,0,0,1,1.5,1.5,0.0%,DL,2016
109,110,Earl Mitchell,1,0,0.0,0,0,0,0,0,1,1.5,1.5,0.0%,DL,2016
110,111,Andre Branch,0,2,0.0,0,0,0,0,0,1,1.5,1.5,0.0%,DL,2016
111,112,Ahtyba Rubin,1,0,0.0,0,0,0,0,0,1,1.5,1.5,0.0%,DL,2016
112,113,Quinton Dial,1,0,0.0,0,0,0,0,0,1,1.5,1.5,0.0%,DL,2016
113,114,Frostee Rucker,1,0,0.0,0,0,0,0,0,1,1.5,1.5,0.0%,DL,2016
114,115,Shamar Stephen,0,2,0.0,0,0,0,0,0,1,1.5,1.5,0.0%,DL,2016
115,116,Beau Allen,0,2,0.0,0,0,0,0,0,1,1.5,1.5,0.0%,DL,2016
116,117,Darryl Tapp,1,0,0.0,0,0,0,0,0,1,1.5,1.5,0.0%,DL,2016
117,118,Branden Jackson,1,0,0.0,0,0,0,0,0,1,1.5,1.5,0.0%,DL,2016
118,119,Vince Wilfork,1,0,0.0,0,0,0,0,0,1,1.5,1.5,0.0%,DL,2016
119,120,Jack Crawford,1,0,0.0,0,0,0,0,0,1,1.5,1.5,0.0%,DL,2016
120,121,Jay Bromley,1,0,0.0,0,0,0,0,0,1,1.5,1.5,0.0%,DL,2016
121,122,Vernon Butler,1,0,0.0,0,0,0,0,0,1,1.5,1.5,0.0%,DL,2016
122,123,Ndamukong Suh,0,2,0.0,0,0,0,0,0,1,1.5,1.5,0.0%,DL,2016
123,124,Christian Covington,1,0,0.0,0,0,0,0,0,1,1.5,1.5,0.0%,DL,2016
124,125,Cedric Thornton,0,0,0.0,1,0,0,0,0,1,1.5,1.5,0.0%,DL,2016
125,126,Billy Winn,1,0,0.0,0,0,0,0,0,1,1.5,1.5,1.0%,DL,2016
126,127,Vincent Valentine,1,0,0.0,0,0,0,0,0,1,1.5,1.5,0.0%,DL,2016
127,128,Dan Williams,0,2,0.0,0,0,0,0,0,1,1.5,1.5,0.0%,DL,2016
128,129,Malcom Brown,0,2,0.0,0,0,0,0,0,1,1.5,1.5,0.0%,DL,2016
129,130,Marcus Smith,1,0,0.0,0,0,0,0,0,1,1.5,1.5,0.0%,DL,2016
130,131,Michael Johnson,1,0,0.0,0,0,0,0,0,1,1.5,1.5,0.0%,DL,2016
131,132,Trey Flowers,0,2,0.0,0,0,0,0,0,1,1.5,1.5,0.2%,DL,2016
132,133,T.J. Barnes,1,0,0.0,0,0,0,0,0,1,1.5,1.5,0.0%,DL,2016
133,134,Khyri Thornton,1,0,0.0,0,0,0,0,0,1,1.5,1.5,0.0%,DL,2016
134,135,Brandon Williams,1,0,0.0,0,0,0,0,0,1,1.5,1.5,0.2%,DL,2016
135,136,Deandre Coleman,1,0,0.0,0,0,0,0,0,1,1.5,1.5,0.0%,DL,2016
136,137,Nick Fairley,0,1,0.0,0,0,0,0,0,1,0.8,0.8,0.0%,DL,2016
137,138,Michael Bennett,0,1,0.0,0,0,0,0,0,1,0.8,0.8,0.0%,DL,2016
138,139,Frank Clark,0,1,0.0,0,0,0,0,0,1,0.8,0.8,0.0%,DL,2016
139,140,Cliff Avril,0,1,0.0,0,0,0,0,0,1,0.8,0.8,0.1%,DL,2016
140,141,Rakeem Nunez-Roches,0,1,0.0,0,0,0,0,0,1,0.8,0.8,0.9%,DL,2016
141,142,Darius Philon,0,1,0.0,0,0,0,0,0,1,0.8,0.8,0.0%,DL,2016
142,143,Dee Ford,0,1,0.0,0,0,0,0,0,1,0.8,0.8,0.0%,DL,2016
143,144,Tenny Palepoi,0,1,0.0,0,0,0,0,0,1,0.8,0.8,0.0%,DL,2016
144,145,Hassan Ridgeway,0,1,0.0,0,0,0,0,0,1,0.8,0.8,0.0%,DL,2016
145,146,Will Clarke,0,1,0.0,0,0,0,0,0,1,0.8,0.8,0.0%,DL,2016
146,147,Vinny Curry,0,1,0.0,0,0,0,0,0,1,0.8,0.8,0.0%,DL,2016
147,148,Jordan Phillips,0,1,0.0,0,0,0,0,0,1,0.8,0.8,0.9%,DL,2016
148,149,Ra'Shede Hageman,0,1,0.0,0,0,0,0,0,1,0.8,0.8,0.0%,DL,2016
149,150,Ryan Delaire,0,1,0.0,0,0,0,0,0,1,0.8,0.8,0.0%,DL,2016
150,151,Joel Heath,0,1,0.0,0,0,0,0,0,1,0.8,0.8,0.0%,DL,2016
151,152,Mitch Unrein,0,1,0.0,0,0,0,0,0,1,0.8,0.8,0.0%,DL,2016
152,153,Ufomba Kamalu,0,1,0.0,0,0,0,0,0,1,0.8,0.8,0.0%,DL,2016
153,154,Leger Douzable,0,1,0.0,0,0,0,0,0,1,0.8,0.8,0.0%,DL,2016
154,155,Tony McDaniel,0,1,0.0,0,0,0,0,0,1,0.8,0.8,0.0%,DL,2016
155,156,Cam Thomas,0,1,0.0,0,0,0,0,0,1,0.8,0.8,0.0%,DL,2016
156,157,DJ Reader,0,1,0.0,0,0,0,0,0,1,0.8,0.8,2.6%,DL,2016
157,158,Geno Atkins,0,1,0.0,0,0,0,0,0,1,0.8,0.8,0.0%,DL,2016
158,159,Zach Kerr,0,1,0.0,0,0,0,0,0,1,0.8,0.8,0.0%,DL,2016
159,160,Brandon Copeland,0,1,0.0,0,0,0,0,0,1,0.0,0.0,0.0%,DL,2016
160,161,Stefan Charles,0,0,0.0,0,0,0,0,0,1,0.0,0.0,0.0%,DL,2016
161,162,Anthony Johnson,0,0,0.0,0,0,0,0,0,1,0.0,0.0,0.0%,DL,2016
162,163,Tourek Williams,0,0,0.0,0,0,0,0,0,1,0.0,0.0,0.0%,DL,2016
163,164,Armonty Bryant,0,0,0.0,0,0,0,0,0,1,0.0,0.0,0.0%,DL,2016
164,165,Nick Williams,0,0,0.0,0,0,0,0,0,1,0.0,0.0,3.0%,DL,2016
165,166,Lerentee McCray,0,0,0.0,0,0,0,0,0,1,0.0,0.0,4.0%,DL,2016
166,167,Damion Square,0,0,0.0,0,0,0,0,0,1,0.0,0.0,0.0%,DL,2016
167,168,Jordan Hill,0,0,0.0,0,0,0,0,0,1,0.0,0.0,0.0%,DL,2016
168,169,Alex Okafor,0,0,0.0,0,0,0,0,0,1,0.0,0.0,0.0%,DL,2016
169,170,Tank Carradine,0,0,0.0,0,0,0,0,0,1,0.0,0.0,0.0%,DL,2016
170,171,Barkevious Mingo,0,0,0.0,0,0,0,0,0,1,0.0,0.0,6.0%,DL,2016
171,172,Sheldon Richardson,0,0,0.0,0,0,0,0,0,1,0.0,0.0,1.0%,DL,2016
172,173,Chris Smith,0,0,0.0,0,0,0,0,0,1,0.0,0.0,0.0%,DL,2016
173,174,Ryan Carrethers,0,0,0.0,0,0,0,0,0,1,0.0,0.0,0.0%,DL,2016
174,175,Devon Kennard,2,2,0.0,0,0,0,0,0,1,0.0,0.0,0.0%,DL,2016
175,176,Justin Ellis,0,0,0.0,0,0,0,0,0,1,0.0,0.0,2.0%,DL,2016
176,177,Terrence Fede,0,0,0.0,0,0,0,0,0,1,0.0,0.0,0.0%,DL,2016
177,178,Kareem Martin,0,0,0.0,0,0,0,0,0,1,0.0,0.0,0.0%,DL,2016
178,179,Sealver Siliga,0,0,0.0,0,0,0,0,0,1,0.0,0.0,0.0%,DL,2016
179,180,Dominique Easley,0,0,0.0,0,0,0,0,0,1,0.0,0.0,0.0%,DL,2016
180,181,Daniel McCullers,0,0,0.0,0,0,0,0,0,1,0.0,0.0,0.0%,DL,2016
181,182,Khalil Mack,4,3,1.0,1,0,1,1,0,1,0.0,0.0,52.8%,DL,2016
182,183,Kyle Van,0,4,0.0,1,1,0,0,0,1,0.0,0.0,8.2%,DL,2016
183,184,DeMarcus Lawrence,0,0,0.0,0,0,0,0,0,1,0.0,0.0,12.7%,DL,2016
184,185,Shaquil Barrett,3,0,0.0,0,0,0,0,0,1,0.0,0.0,8.4%,DL,2016
185,186,Markus Golden,2,0,0.0,0,0,0,1,0,1,0.0,0.0,0.5%,DL,2016
186,187,Za'Darius Smith,0,0,0.0,0,0,0,0,0,1,0.0,0.0,5.4%,DL,2016
187,188,Bud Dupree,2,0,0.0,0,0,0,0,0,1,0.0,0.0,1.3%,DL,2016
188,189,Geneo Grissom,0,0,0.0,0,0,0,0,0,1,0.0,0.0,0.0%,DL,2016
189,190,Anthony Chickillo,0,0,0.0,0,0,0,0,0,1,0.0,0.0,0.0%,DL,2016
190,191,L.T. Walton,0,0,0.0,0,0,0,0,0,1,0.0,0.0,0.0%,DL,2016
191,192,Henry Anderson,0,0,0.0,0,0,0,0,0,1,0.0,0.0,0.0%,DL,2016
192,193,Preston Smith,2,0,0.0,0,0,0,0,0,1,0.0,0.0,11.1%,DL,2016
193,194,Vic Beasley,1,0,1.0,0,0,1,0,0,1,0.0,0.0,0.0%,DL,2016
194,195,Eli Harold,1,0,0.0,0,0,0,0,0,1,0.0,0.0,0.0%,DL,2016
195,196,David Irving,0,0,0.0,0,0,0,0,0,1,0.0,0.0,0.0%,DL,2016
196,197,Ryan Russell,0,0,0.0,0,0,0,0,0,1,0.0,0.0,0.0%,DL,2016
197,198,Tyeler Davison,0,0,0.0,0,0,0,0,0,1,0.0,0.0,0.0%,DL,2016
198,199,Rodney Gunter,0,0,0.0,0,0,0,0,0,1,0.0,0.0,0.1%,DL,2016
199,200,Jayrone Elliott,0,0,0.0,0,0,0,0,0,1,0.0,0.0,0.0%,DL,2016
200,201,Robert Thomas,0,0,0.0,0,0,0,0,0,1,0.0,0.0,0.0%,DL,2016
201,202,Josh Martin,0,0,0.0,0,0,0,0,0,1,0.0,0.0,0.0%,DL,2016
202,203,Alejandro Villanueva,0,0,0.0,0,0,0,0,0,1,0.0,0.0,0.0%,DL,2016
203,204,Kasim Edebali,0,0,0.0,0,0,0,0,0,1,0.0,0.0,0.0%,DL,2016
204,205,Mike Purcell,0,0,0.0,0,0,0,0,0,1,0.0,0.0,0.0%,DL,2016
205,206,C.J. Wilson,0,0,0.0,0,0,0,0,0,1,0.0,0.0,0.0%,DL,2016
206,207,Chris Baker,0,0,0.0,0,0,0,0,0,1,0.0,0.0,0.0%,DL,2016
207,208,Xavier Williams,0,0,0.0,0,0,0,0,0,1,0.0,0.0,0.0%,DL,2016
208,209,Ahmad Brooks,3,0,1.0,0,0,0,0,0,1,0.0,0.0,0.0%,DL,2016
209,210,Tamba Hali,2,0,1.0,0,0,0,0,0,1,0.0,0.0,2.0%,DL,2016
210,211,Mario Williams,0,0,0.0,0,0,0,0,0,1,0.0,0.0,0.0%,DL,2016
211,212,Elvis Dumervil,1,0,0.0,0,0,0,0,0,1,0.0,0.0,0.0%,DL,2016
212,213,Pernell McPhee,0,0,0.0,0,0,0,0,0,1,0.0,0.0,0.0%,DL,2016
213,214,Cliff Matthews,0,0,0.0,0,0,0,0,0,1,0.0,0.0,0.0%,DL,2016
214,215,Von Miller,4,0,1.0,0,0,1,0,0,1,0.0,0.0,2.5%,DL,2016
215,216,Brooks Reed,0,0,0.0,0,0,0,0,0,1,0.0,0.0,0.0%,DL,2016
216,217,Terrell McClain,0,0,0.0,0,0,0,0,0,1,0.0,0.0,0.0%,DL,2016
217,218,Dwight Freeney,0,0,0.0,0,0,0,0,0,1,0.0,0.0,0.0%,DL,2016
218,219,Terrell Suggs,0,0,0.0,0,0,0,0,0,1,0.0,0.0,0.0%,DL,2016
219,220,Justin Trattou,0,0,0.0,0,0,0,0,0,1,0.0,0.0,0.0%,DL,2016
220,221,Will Tukuafu,0,0,0.0,0,0,0,0,0,1,0.0,0.0,0.0%,DL,2016
221,222,Chandler Jones,1,1,0.0,1,0,0,0,0,1,0.0,0.0,0.5%,DL,2016
222,223,Arthur Moats,0,0,0.0,0,0,0,0,0,1,0.0,0.0,0.0%,DL,2016
223,224,Eugene Sims,0,0,0.0,0,0,0,0,0,1,0.0,0.0,0.0%,DL,2016
224,225,Dekoda Watson,0,0,0.0,0,0,0,0,0,1,0.0,0.0,0.0%,DL,2016
225,226,Kyle Love,0,0,0.0,0,0,0,0,0,1,0.0,0.0,0.0%,DL,2016
226,227,Whitney Mercilus,5,1,1.0,0,0,0,1,0,1,0.0,0.0,0.2%,DL,2016
227,228,Corey Peters,0,0,0.0,0,0,0,0,0,1,0.0,0.0,2.0%,DL,2016
228,229,Courtney Upshaw,0,0,0.0,0,0,0,0,0,1,0.0,0.0,0.0%,DL,2016
229,230,Tyrone Crawford,0,0,0.0,0,0,0,0,0,1,0.0,0.0,0.0%,DL,2016
230,231,Mike Daniels,0,0,0.0,0,0,0,0,0,1,0.0,0.0,0.0%,DL,2016
231,232,Cameron Wake,0,1,0.0,1,0,0,0,0,1,0.0,0.0,0.0%,DL,2016
232,233,Jerry Hughes,0,0,0.0,0,0,0,0,0,1,0.0,0.0,1.0%,DL,2016
233,234,Willie Young,1,0,1.0,0,0,0,0,0,1,0.0,0.0,0.0%,DL,2016
234,235,Clay Matthews,0,0,0.0,0,0,0,0,0,1,0.0,0.0,0.0%,DL,2016
235,236,Paul Kruger,1,0,0.0,0,0,0,0,0,1,0.0,0.0,0.0%,DL,2016
236,237,Michael Pierce,0,0,0.0,0,0,0,0,0,1,0.0,0.0,1.7%,DL,2016
237,238,Matt Ioannidis,0,0,0.0,0,0,0,0,0,1,0.0,0.0,0.0%,DL,2016
238,239,Ronald Blair,0,0,0.0,0,0,0,0,0,1,0.0,0.0,0.0%,DL,2016
239,240,John Denney,0,0,0.0,0,0,0,0,0,1,0.0,0.0,0.0%,DL,2016
240,241,T.Y. McGill,0,0,0.0,0,0,0,0,0,1,0.0,0.0,0.2%,DL,2016
241,242,Matthew Judon,1,0,1.0,0,0,0,0,0,1,0.0,0.0,16.8%,DL,2016
242,243,Chris Jones,0,0,0.0,0,0,0,0,0,1,0.0,0.0,25.7%,DL,2016
243,244,Chris Landrum,1,0,0.0,0,0,0,0,0,1,0.0,0.0,0.0%,DL,2016
244,245,Leonard Floyd,4,0,2.0,0,0,0,0,0,1,0.0,0.0,5.4%,DL,2016
245,246,Adolphus Washington,0,0,0.0,0,0,0,0,0,1,0.0,0.0,0.0%,DL,2016
246,247,Kenny Clark,0,0,0.0,0,0,0,0,0,1,0.0,0.0,8.9%,DL,2016
247,248,Jarran Reed,0,0,0.0,0,0,0,0,0,1,0.0,0.0,5.8%,DL,2016
248,249,Noah Spence,0,0,0.0,0,0,0,0,0,1,0.0,0.0,0.0%,DL,2016
249,250,Jordan Jenkins,2,2,0.0,1,0,0,0,0,1,0.0,0.0,0.0%,DL,2016
250,251,Sheldon Day,0,0,0.0,0,0,0,0,0,1,0.0,0.0,0.0%,DL,2016
251,252,Joshua Perry,0,0,0.0,0,0,0,0,0,1,0.0,0.0,1.0%,DL,2016
252,253,Anthony Zettel,0,0,0.0,0,0,0,0,0,1,0.0,0.0,1.0%,DL,2016
253,254,Yannick Ngakoue,0,0,0.0,0,0,0,0,0,1,0.0,0.0,1.7%,DL,2016
