,Rank,Player,Tackle,Assist,Sack,Pass Defended,Interception,Forced Fumble,Fumble Recovery,Defend Touchdown,Games Played,Fantasy Football Points,FTPS/Game,ROST,Position,Year
0,1,David Irving,3,1,1.0,1,0,3,1,0,1,26.8,26.8,0.0%,DL,2016
1,2,Dee Ford,4,1,2.0,0,0,1,0,0,1,23.8,23.8,0.0%,DL,2016
2,3,DeForest Buckner,5,4,2.0,0,0,0,1,0,1,22.5,22.5,47.2%,DL,2016
3,4,Ryan Kerrigan,3,1,2.5,0,0,0,0,0,1,20.3,20.3,0.0%,DL,2016
4,5,Cliff Avril,2,2,2.0,0,0,1,0,0,1,19.0,19.0,0.1%,DL,2016
5,6,Johnathan Hankins,4,1,1.0,0,0,0,0,0,1,18.3,18.3,0.0%,DL,2016
6,7,Arik Armstead,3,0,1.0,0,0,1,0,0,1,15.0,15.0,3.6%,DL,2016
7,8,Aaron Donald,4,0,1.0,0,0,0,0,0,1,15.0,15.0,11.7%,DL,2016
8,9,Danny Shelton,5,0,1.0,0,0,0,0,0,1,14.0,14.0,0.0%,DL,2016
9,10,Sheldon Richardson,7,0,0.0,0,0,0,0,0,1,13.0,13.0,1.0%,DL,2016
10,11,Michael Johnson,2,1,1.0,0,0,0,0,0,1,12.8,12.8,0.0%,DL,2016
11,12,Devin Taylor,2,0,1.0,1,0,1,0,0,1,12.5,12.5,0.0%,DL,2016
12,13,Andre Branch,3,1,1.5,0,0,0,0,0,1,11.3,11.3,0.0%,DL,2016
13,14,Jurrell Casey,2,0,1.0,1,0,0,0,0,1,11.0,11.0,0.1%,DL,2016
14,15,Melvin Ingram,5,1,0.0,0,0,0,0,0,1,10.8,10.8,0.0%,DL,2016
15,16,Jared Crick,3,2,0.5,0,0,0,0,0,1,10.5,10.5,0.0%,DL,2016
16,17,Ricky Jean-Francois,2,1,1.0,0,0,0,0,0,1,10.3,10.3,0.0%,DL,2016
17,18,Pat Sims,1,2,1.0,0,0,0,0,0,1,9.5,9.5,0.0%,DL,2016
18,19,Kerry Hyder,3,0,0.0,0,0,0,0,0,1,9.5,9.5,2.0%,DL,2016
19,20,Emmanuel Ogbah,1,2,1.0,0,0,0,0,0,1,9.5,9.5,1.1%,DL,2016
20,21,Julius Peppers,1,0,1.0,0,0,1,0,0,1,9.5,9.5,0.1%,DL,2016
21,22,Alex Okafor,1,0,1.0,0,0,1,0,0,1,9.5,9.5,0.0%,DL,2016
22,23,Mike Pennel,3,0,0.0,0,0,0,0,0,1,9.5,9.5,0.4%,DL,2016
23,24,Leonard Williams,4,1,0.0,0,0,0,0,0,1,9.3,9.3,10.9%,DL,2016
24,25,Alan Branch,3,3,0.0,0,0,0,0,0,1,9.3,9.3,0.0%,DL,2016
25,26,Cassius Marsh,1,1,1.0,0,0,0,0,0,1,8.8,8.8,1.0%,DL,2016
26,27,Michael Bennett,3,2,0.0,0,0,0,0,0,1,8.5,8.5,0.0%,DL,2016
27,28,Cameron Jordan,2,2,0.0,1,0,0,0,0,1,8.5,8.5,6.1%,DL,2016
28,29,Yannick Ngakoue,1,0,1.0,0,0,0,0,0,1,8.0,8.0,1.7%,DL,2016
29,30,Adolphus Washington,1,0,1.0,0,0,0,0,0,1,8.0,8.0,0.0%,DL,2016
30,31,Leger Douzable,3,1,0.0,0,0,0,0,0,1,7.8,7.8,0.0%,DL,2016
31,32,Kendall Langford,3,1,0.0,0,0,0,0,0,1,7.8,7.8,0.0%,DL,2016
32,33,Terrell McClain,3,0,0.0,0,0,0,0,0,1,7.0,7.0,0.0%,DL,2016
33,34,Corey Peters,3,0,0.0,0,0,0,0,0,1,7.0,7.0,2.0%,DL,2016
34,35,Jarran Reed,1,2,1.0,0,0,0,0,0,1,7.0,7.0,5.8%,DL,2016
35,36,Akiem Hicks,2,0,0.0,0,0,0,1,0,1,7.0,7.0,0.0%,DL,2016
36,37,Tony McDaniel,1,2,0.0,0,0,0,1,0,1,7.0,7.0,0.0%,DL,2016
37,38,Mike Purcell,2,0,0.0,0,0,1,0,0,1,7.0,7.0,0.0%,DL,2016
38,39,Malik Jackson,3,0,0.0,0,0,0,0,0,1,7.0,7.0,0.0%,DL,2016
39,40,Muhammad Wilkerson,2,0,0.0,1,0,0,0,0,1,7.0,7.0,0.0%,DL,2016
40,41,Brooks Reed,2,0,0.0,0,0,1,0,0,1,7.0,7.0,0.0%,DL,2016
41,42,Jason Pierre-Paul,2,1,0.0,2,0,0,0,0,1,6.8,6.8,0.0%,DL,2016
42,43,Geno Atkins,2,1,0.0,0,0,0,0,0,1,6.3,6.3,0.0%,DL,2016
43,44,Kawann Short,2,1,0.0,0,0,0,0,0,1,6.3,6.3,0.0%,DL,2016
44,45,Jay Bromley,2,1,0.0,0,0,0,0,0,1,6.3,6.3,0.0%,DL,2016
45,46,Kyle Williams,2,1,0.0,0,0,0,0,0,1,6.3,6.3,3.7%,DL,2016
46,47,Stephon Tuitt,4,0,0.0,0,0,0,0,0,1,6.0,6.0,0.1%,DL,2016
47,48,Anthony Zettel,4,0,0.0,0,0,0,0,0,1,6.0,6.0,1.0%,DL,2016
48,49,Bruce Irvin,4,0,0.0,0,0,0,0,0,1,6.0,6.0,0.2%,DL,2016
49,50,Roy Miller,4,0,0.0,0,0,0,0,0,1,6.0,6.0,0.0%,DL,2016
50,51,Denico Autry,4,0,0.0,0,0,0,0,0,1,6.0,6.0,10.1%,DL,2016
51,52,Beau Allen,1,2,0.0,0,0,0,0,0,1,5.5,5.5,0.0%,DL,2016
52,53,Josh Mauro,2,0,0.0,0,0,0,0,0,1,5.5,5.5,0.0%,DL,2016
53,54,Stacy McGee,2,0,0.0,0,0,0,0,0,1,5.5,5.5,0.0%,DL,2016
54,55,Abry Jones,2,0,0.0,0,0,0,0,0,1,5.5,5.5,0.0%,DL,2016
55,56,Michael Pierce,1,2,0.0,0,0,0,0,0,1,5.5,5.5,1.7%,DL,2016
56,57,Chris Long,1,2,0.0,0,0,0,0,0,1,5.5,5.5,0.0%,DL,2016
57,58,Sylvester Williams,1,2,0.0,0,0,0,0,0,1,5.5,5.5,0.0%,DL,2016
58,59,Karl Klug,1,2,0.0,0,0,0,0,0,1,5.5,5.5,0.0%,DL,2016
59,60,Jadeveon Clowney,3,1,0.0,0,0,0,0,0,1,5.3,5.3,22.5%,DL,2016
60,61,Grady Jarrett,0,7,0.0,0,0,0,0,0,1,5.3,5.3,5.7%,DL,2016
61,62,Jerry Hughes,3,1,0.0,0,0,0,0,0,1,5.3,5.3,1.0%,DL,2016
62,63,Charles Johnson,1,2,0.5,0,0,0,0,0,1,5.0,5.0,0.0%,DL,2016
63,64,Chris Baker,1,1,0.0,0,0,0,0,0,1,4.8,4.8,0.0%,DL,2016
64,65,Ryan Davis,0,1,0.0,0,0,0,1,0,1,4.8,4.8,0.0%,DL,2016
65,66,Chris Jones,1,1,0.0,0,0,0,0,0,1,4.8,4.8,25.7%,DL,2016
66,67,Datone Jones,3,0,0.0,0,0,0,0,0,1,4.5,4.5,0.0%,DL,2016
67,68,Rob Ninkovich,2,2,0.0,0,0,0,0,0,1,4.5,4.5,0.0%,DL,2016
68,69,Kony Ealy,3,0,0.0,0,0,0,0,0,1,4.5,4.5,0.0%,DL,2016
69,70,Brandon Williams,3,0,0.0,0,0,0,0,0,1,4.5,4.5,0.2%,DL,2016
70,71,Malcom Brown,1,4,0.0,0,0,0,0,0,1,4.5,4.5,0.0%,DL,2016
71,72,David Onyemata,3,0,0.0,0,0,0,0,0,1,4.5,4.5,5.7%,DL,2016
72,73,Mario Addison,1,1,0.5,0,0,0,0,0,1,4.3,4.3,4.0%,DL,2016
73,74,Nick Fairley,0,3,0.5,0,0,0,0,0,1,4.3,4.3,0.0%,DL,2016
74,75,Derrick Shelby,1,0,0.0,0,0,0,0,0,1,4.0,4.0,0.0%,DL,2016
75,76,Ezekiel Ansah,1,0,0.0,0,0,0,0,0,1,4.0,4.0,0.0%,DL,2016
76,77,Calais Campbell,1,0,0.0,0,0,0,0,0,1,4.0,4.0,3.1%,DL,2016
77,78,Tyrunn Walker,1,0,0.0,0,0,0,0,0,1,4.0,4.0,0.0%,DL,2016
78,79,Steve McLendon,2,1,0.0,0,0,0,0,0,1,3.8,3.8,0.0%,DL,2016
79,80,Damon Harrison,1,3,0.0,0,0,0,0,0,1,3.8,3.8,0.0%,DL,2016
80,81,Derek Wolfe,2,1,0.0,0,0,0,0,0,1,3.8,3.8,0.0%,DL,2016
81,82,David Parry,2,1,0.0,0,0,0,0,0,1,3.8,3.8,0.0%,DL,2016
82,83,Jamie Meder,2,1,0.0,0,0,0,0,0,1,3.8,3.8,0.0%,DL,2016
83,84,Jared Odrick,2,1,0.0,0,0,0,0,0,1,3.8,3.8,0.0%,DL,2016
84,85,Darryl Tapp,0,2,0.5,0,0,0,0,0,1,3.5,3.5,0.0%,DL,2016
85,86,Jabaal Sheard,0,2,0.5,0,0,0,0,0,1,3.5,3.5,0.0%,DL,2016
86,87,Trent Murphy,0,2,0.5,0,0,0,0,0,1,3.5,3.5,0.0%,DL,2016
87,88,John Jenkins,2,0,0.0,0,0,0,0,0,1,3.0,3.0,1.7%,DL,2016
88,89,Letroy Guion,2,0,0.0,0,0,0,0,0,1,3.0,3.0,0.0%,DL,2016
89,90,Tyson Alualu,2,0,0.0,0,0,0,0,0,1,3.0,3.0,0.0%,DL,2016
90,91,Kyle Love,2,0,0.0,0,0,0,0,0,1,3.0,3.0,0.0%,DL,2016
91,92,Tyson Jackson,0,4,0.0,0,0,0,0,0,1,3.0,3.0,0.0%,DL,2016
92,93,Brandon Graham,2,0,0.0,0,0,0,0,0,1,3.0,3.0,2.2%,DL,2016
93,94,Sen'Derrick Marks,2,0,0.0,0,0,0,0,0,1,3.0,3.0,0.0%,DL,2016
94,95,Connor Barwin,0,4,0.0,0,0,0,0,0,1,3.0,3.0,0.0%,DL,2016
95,96,Billy Winn,2,0,0.0,0,0,0,0,0,1,3.0,3.0,1.0%,DL,2016
96,97,A'Shawn Robinson,1,0,0.0,1,0,0,0,0,1,3.0,3.0,4.5%,DL,2016
97,98,Jason Jones,1,0,0.0,1,0,0,0,0,1,3.0,3.0,0.0%,DL,2016
98,99,Margus Hunt,2,0,0.0,0,0,0,0,0,1,3.0,3.0,0.0%,DL,2016
99,100,Michael Brockers,1,0,0.0,1,0,0,0,0,1,3.0,3.0,0.0%,DL,2016
100,101,Javon Hargrave,1,2,0.0,0,0,0,0,0,1,3.0,3.0,14.8%,DL,2016
101,102,Brandon Mebane,2,0,0.0,0,0,0,0,0,1,3.0,3.0,0.0%,DL,2016
102,103,Khyri Thornton,2,0,0.0,0,0,0,0,0,1,3.0,3.0,0.0%,DL,2016
103,104,Stephen Paea,1,1,0.0,0,0,0,0,0,1,2.3,2.3,0.0%,DL,2016
104,105,Corey Liuget,0,1,0.0,1,0,0,0,0,1,2.3,2.3,0.0%,DL,2016
105,106,Quinton Dial,1,1,0.0,0,0,0,0,0,1,2.3,2.3,0.0%,DL,2016
106,107,Ndamukong Suh,1,1,0.0,0,0,0,0,0,1,2.3,2.3,0.0%,DL,2016
107,108,Olivier Vernon,1,1,0.0,0,0,0,0,0,1,2.3,2.3,6.0%,DL,2016
108,109,Justin Ellis,1,1,0.0,0,0,0,0,0,1,2.3,2.3,2.0%,DL,2016
109,110,Anthony Johnson,1,1,0.0,0,0,0,0,0,1,2.3,2.3,0.0%,DL,2016
110,111,Ziggy Hood,0,1,0.0,1,0,0,0,0,1,2.3,2.3,0.0%,DL,2016
111,112,DJ Reader,1,1,0.0,0,0,0,0,0,1,2.3,2.3,2.6%,DL,2016
112,113,Vinny Curry,1,1,0.0,0,0,0,0,0,1,2.3,2.3,0.0%,DL,2016
113,114,Gabe Wright,1,1,0.0,0,0,0,0,0,1,2.3,2.3,0.0%,DL,2016
114,115,Ra'Shede Hageman,0,3,0.0,0,0,0,0,0,1,2.3,2.3,0.0%,DL,2016
115,116,Cullen Jenkins,1,1,0.0,0,0,0,0,0,1,2.3,2.3,0.0%,DL,2016
116,117,Trey Flowers,1,1,0.0,0,0,0,0,0,1,2.3,2.3,0.2%,DL,2016
117,118,Mario Williams,1,0,0.0,0,0,0,0,0,1,1.5,1.5,0.0%,DL,2016
118,119,William Hayes,1,0,0.0,0,0,0,0,0,1,1.5,1.5,2.0%,DL,2016
119,120,Jerel Worthy,1,0,0.0,0,0,0,0,0,1,1.5,1.5,0.0%,DL,2016
120,121,Domata Peko,1,0,0.0,0,0,0,0,0,1,1.5,1.5,0.0%,DL,2016
121,122,Mitch Unrein,1,0,0.0,0,0,0,0,0,1,1.5,1.5,0.0%,DL,2016
122,123,Destiny Vaeao,0,2,0.0,0,0,0,0,0,1,1.5,1.5,0.0%,DL,2016
123,124,Dan Williams,0,2,0.0,0,0,0,0,0,1,1.5,1.5,0.0%,DL,2016
124,125,Cam Thomas,1,0,0.0,0,0,0,0,0,1,1.5,1.5,0.0%,DL,2016
125,126,Arthur Jones,1,0,0.0,0,0,0,0,0,1,1.5,1.5,0.0%,DL,2016
126,127,Caraun Reid,1,0,0.0,0,0,0,0,0,1,1.5,1.5,0.0%,DL,2016
127,128,Frostee Rucker,0,0,0.0,1,0,0,0,0,1,1.5,1.5,0.0%,DL,2016
128,129,Corbin Bryant,1,0,0.0,0,0,0,0,0,1,1.5,1.5,0.0%,DL,2016
129,130,Tyrone Crawford,1,0,0.0,0,0,0,0,0,1,1.5,1.5,0.0%,DL,2016
130,131,Jaye Howard,1,0,0.0,0,0,0,0,0,1,1.5,1.5,0.0%,DL,2016
131,132,Darius Latham,1,0,0.0,0,0,0,0,0,1,1.5,1.5,0.0%,DL,2016
132,133,Cedric Thornton,0,2,0.0,0,0,0,0,0,1,1.5,1.5,0.0%,DL,2016
133,134,Joey Bosa,1,0,0.0,0,0,0,0,0,1,1.5,1.5,16.7%,DL,2016
134,135,Tim Jernigan,0,2,0.0,0,0,0,0,0,1,1.5,1.5,0.0%,DL,2016
135,136,Robert Nkemdiche,0,0,0.0,1,0,0,0,0,1,1.5,1.5,0.0%,DL,2016
136,137,Henry Anderson,1,0,0.0,0,0,0,0,0,1,1.5,1.5,0.0%,DL,2016
137,138,Christian Covington,1,0,0.0,0,0,0,0,0,1,1.5,1.5,0.0%,DL,2016
138,139,Will Sutton,1,0,0.0,0,0,0,0,0,1,1.5,1.5,0.0%,DL,2016
139,140,Dante Fowler,1,0,0.0,0,0,0,0,0,1,1.5,1.5,3.5%,DL,2016
140,141,Jarvis Jenkins,1,0,0.0,0,0,0,0,0,1,1.5,1.5,0.0%,DL,2016
141,142,Allen Bailey,1,0,0.0,0,0,0,0,0,1,1.5,1.5,0.0%,DL,2016
142,143,Maliek Collins,1,0,0.0,0,0,0,0,0,1,1.5,1.5,2.4%,DL,2016
143,144,Jonathan Bullard,1,0,0.0,0,0,0,0,0,1,1.5,1.5,3.3%,DL,2016
144,145,Rodney Gunter,1,0,0.0,0,0,0,0,0,1,1.5,1.5,0.1%,DL,2016
145,146,Romeo Okwara,1,0,0.0,0,0,0,0,0,1,1.5,1.5,0.0%,DL,2016
146,147,Mike Daniels,1,0,0.0,0,0,0,0,0,1,1.5,1.5,0.0%,DL,2016
147,148,Adrian Clayborn,1,0,0.0,0,0,0,0,0,1,1.5,1.5,0.0%,DL,2016
148,149,Jack Crawford,0,2,0.0,0,0,0,0,0,1,1.5,1.5,0.0%,DL,2016
149,150,Tyeler Davison,0,2,0.0,0,0,0,0,0,1,1.5,1.5,0.0%,DL,2016
150,151,Lawrence Guy,0,1,0.0,0,0,0,0,0,1,0.8,0.8,4.0%,DL,2016
151,152,Jihad Ward,0,1,0.0,0,0,0,0,0,1,0.8,0.8,0.2%,DL,2016
152,153,Robert Thomas,0,1,0.0,0,0,0,0,0,1,0.8,0.8,0.0%,DL,2016
153,154,Matt Ioannidis,0,1,0.0,0,0,0,0,0,1,0.8,0.8,0.0%,DL,2016
154,155,Stefan Charles,0,1,0.0,0,0,0,0,0,1,0.8,0.8,0.0%,DL,2016
155,156,Woodrow Hamilton,0,1,0.0,0,0,0,0,0,1,0.8,0.8,0.0%,DL,2016
156,157,Ahtyba Rubin,0,1,0.0,0,0,0,0,0,1,0.8,0.8,0.0%,DL,2016
157,158,Bennie Logan,0,1,0.0,0,0,0,0,0,1,0.8,0.8,0.0%,DL,2016
158,159,Daniel McCullers,0,1,0.0,0,0,0,0,0,1,0.8,0.8,0.0%,DL,2016
159,160,Garrison Smith,0,1,0.0,0,0,0,0,0,1,0.8,0.8,0.0%,DL,2016
160,161,Brandon Copeland,0,0,0.0,0,0,0,0,0,1,0.0,0.0,0.0%,DL,2016
161,162,Shaquil Barrett,1,0,0.0,0,0,0,0,0,1,0.0,0.0,8.4%,DL,2016
162,163,Lerentee McCray,0,1,0.0,0,0,0,0,0,1,0.0,0.0,4.0%,DL,2016
163,164,Chris Jones,0,0,0.0,0,0,0,0,0,1,0.0,0.0,0.0%,DL,2016
164,165,Mike Catapano,0,0,0.0,0,0,0,0,0,1,0.0,0.0,0.0%,DL,2016
165,166,Armonty Bryant,0,1,0.0,0,0,0,0,0,1,0.0,0.0,0.0%,DL,2016
166,167,Nick Williams,0,0,0.0,0,0,0,0,0,1,0.0,0.0,3.0%,DL,2016
167,168,Tourek Williams,1,0,1.0,0,0,0,0,0,1,0.0,0.0,0.0%,DL,2016
168,169,Benson Mayowa,0,0,0.0,0,0,0,0,0,1,0.0,0.0,0.0%,DL,2016
169,170,Damion Square,0,0,0.0,0,0,0,0,0,1,0.0,0.0,0.0%,DL,2016
170,171,Cornelius Washington,0,0,0.0,0,0,0,0,0,1,0.0,0.0,0.0%,DL,2016
171,172,Lavar Edwards,0,0,0.0,0,0,0,0,0,1,0.0,0.0,0.0%,DL,2016
172,173,Tank Carradine,1,0,0.0,0,0,0,0,0,1,0.0,0.0,0.0%,DL,2016
173,174,John Simon,4,5,0.0,0,0,0,0,0,1,0.0,0.0,0.0%,DL,2016
174,175,Star Lotulelei,0,0,0.0,0,0,0,0,0,1,0.0,0.0,0.0%,DL,2016
175,176,Barkevious Mingo,2,0,0.0,0,0,0,0,0,1,0.0,0.0,6.0%,DL,2016
176,177,Wes Horton,0,0,0.0,0,0,0,0,0,1,0.0,0.0,0.0%,DL,2016
177,178,Devon Kennard,5,1,0.0,0,0,0,0,0,1,0.0,0.0,0.0%,DL,2016
178,179,Brent Urban,0,0,0.0,0,0,0,0,0,1,0.0,0.0,0.4%,DL,2016
179,180,Dominique Easley,0,0,0.0,0,0,0,0,0,1,0.0,0.0,0.0%,DL,2016
180,181,Aaron Lynch,0,0,0.0,0,0,0,0,0,1,0.0,0.0,0.0%,DL,2016
181,182,DaQuan Jones,0,0,0.0,0,0,0,0,0,1,0.0,0.0,0.7%,DL,2016
182,183,Khalil Mack,5,2,1.0,0,0,0,0,0,1,0.0,0.0,52.8%,DL,2016
183,184,Kyle Van,5,0,0.0,0,0,0,0,0,1,0.0,0.0,8.2%,DL,2016
184,185,Jeremiah Attaochu,1,0,0.0,0,0,0,0,0,1,0.0,0.0,0.0%,DL,2016
185,186,Marcus Smith,0,0,0.0,0,0,0,0,0,1,0.0,0.0,0.0%,DL,2016
186,187,DeMarcus Lawrence,0,0,0.0,0,0,0,0,0,1,0.0,0.0,12.7%,DL,2016
187,188,Kareem Martin,0,0,0.0,0,0,0,0,0,1,0.0,0.0,0.0%,DL,2016
188,189,Will Clarke,0,0,0.0,0,0,0,0,0,1,0.0,0.0,0.0%,DL,2016
189,190,Tenny Palepoi,0,0,0.0,0,0,0,0,0,1,0.0,0.0,0.0%,DL,2016
190,191,Geneo Grissom,0,0,0.0,0,0,0,0,0,1,0.0,0.0,0.0%,DL,2016
191,192,Markus Golden,2,0,0.0,0,0,0,0,0,1,0.0,0.0,0.5%,DL,2016
192,193,Za'Darius Smith,1,1,0.0,0,0,0,0,0,1,0.0,0.0,5.4%,DL,2016
193,194,Deon Simon,0,0,0.0,0,0,0,0,0,1,0.0,0.0,0.0%,DL,2016
194,195,Anthony Chickillo,3,0,0.0,0,0,0,0,0,1,0.0,0.0,0.0%,DL,2016
195,196,L.T. Walton,0,0,0.0,0,0,0,0,0,1,0.0,0.0,0.0%,DL,2016
196,197,Angelo Blackson,0,0,0.0,0,0,0,0,0,1,0.0,0.0,0.2%,DL,2016
197,198,Jordan Phillips,0,0,0.0,0,0,0,0,0,1,0.0,0.0,0.9%,DL,2016
198,199,Owamagbe Odighizuwa,0,0,0.0,0,0,0,0,0,1,0.0,0.0,0.0%,DL,2016
199,200,Vic Beasley,2,1,0.0,1,0,0,0,0,1,0.0,0.0,0.0%,DL,2016
200,201,Eli Harold,1,2,0.0,0,0,0,0,0,1,0.0,0.0,0.0%,DL,2016
201,202,Preston Smith,1,1,0.5,0,0,0,0,0,1,0.0,0.0,11.1%,DL,2016
202,203,Darius Kilgo,0,0,0.0,0,0,0,0,0,1,0.0,0.0,0.0%,DL,2016
203,204,Leon Orr,0,0,0.0,0,0,0,0,0,1,0.0,0.0,0.0%,DL,2016
204,205,Jayrone Elliott,0,2,0.0,0,0,0,0,0,1,0.0,0.0,0.0%,DL,2016
205,206,Josh Martin,0,0,0.0,0,0,0,0,0,1,0.0,0.0,0.0%,DL,2016
206,207,Alejandro Villanueva,0,0,0.0,0,0,0,0,0,1,0.0,0.0,0.0%,DL,2016
207,208,Kerry Wynn,0,0,0.0,0,0,0,0,0,1,0.0,0.0,0.0%,DL,2016
208,209,Kasim Edebali,3,0,1.0,0,0,0,0,0,1,0.0,0.0,0.0%,DL,2016
209,210,Ethan Westbrooks,0,0,0.0,0,0,0,0,0,1,0.0,0.0,0.0%,DL,2016
210,211,Antonio Smith,0,0,0.0,0,0,0,0,0,1,0.0,0.0,0.0%,DL,2016
211,212,Jonathan Babineaux,0,0,0.0,0,0,0,0,0,1,0.0,0.0,0.0%,DL,2016
212,213,Vince Wilfork,0,0,0.0,0,0,0,0,0,1,0.0,0.0,0.0%,DL,2016
213,214,Ahmad Brooks,2,2,0.0,0,0,0,0,0,1,0.0,0.0,0.0%,DL,2016
214,215,Tamba Hali,1,0,0.0,0,0,0,1,0,1,0.0,0.0,2.0%,DL,2016
215,216,Von Miller,6,0,1.0,0,0,0,0,0,1,0.0,0.0,2.5%,DL,2016
216,217,Dwight Freeney,1,0,0.0,0,0,0,0,0,1,0.0,0.0,0.0%,DL,2016
217,218,Terrell Suggs,5,0,1.0,0,0,0,0,0,1,0.0,0.0,0.0%,DL,2016
218,219,Whitney Mercilus,4,2,1.0,0,0,0,0,0,1,0.0,0.0,0.2%,DL,2016
219,220,Eugene Sims,0,0,0.0,0,0,0,0,0,1,0.0,0.0,0.0%,DL,2016
220,221,Arthur Moats,2,0,0.0,1,0,0,0,0,1,0.0,0.0,0.0%,DL,2016
221,222,Dekoda Watson,0,0,0.0,0,0,0,0,0,1,0.0,0.0,0.0%,DL,2016
222,223,Ricardo Mathews,0,0,0.0,0,0,0,0,0,1,0.0,0.0,0.0%,DL,2016
223,224,Chandler Jones,0,2,0.0,0,0,0,0,0,1,0.0,0.0,0.5%,DL,2016
224,225,Cam Johnson,0,1,0.0,0,0,0,0,0,1,0.0,0.0,0.0%,DL,2016
225,226,Dontari Poe,0,0,0.0,0,0,0,0,0,1,0.0,0.0,0.0%,DL,2016
226,227,Fletcher Cox,0,0,0.0,0,0,0,0,0,1,0.0,0.0,1.1%,DL,2016
227,228,Cameron Wake,1,1,0.5,0,0,0,0,0,1,0.0,0.0,0.0%,DL,2016
228,229,Glenn Dorsey,0,0,0.0,0,0,0,0,0,1,0.0,0.0,0.0%,DL,2016
229,230,Derrick Morgan,1,0,1.0,0,0,0,0,0,1,0.0,0.0,0.0%,DL,2016
230,231,Carlos Dunlap,0,0,0.0,0,0,0,0,0,1,0.0,0.0,3.0%,DL,2016
231,232,Willie Young,3,0,2.0,0,0,1,0,0,1,0.0,0.0,0.0%,DL,2016
232,233,Clay Matthews,2,0,0.0,0,0,0,0,0,1,0.0,0.0,0.0%,DL,2016
233,234,Brennan Scarlett,0,0,0.0,0,0,0,0,0,1,0.0,0.0,0.0%,DL,2016
234,235,Ronald Blair,0,0,0.0,0,0,0,0,0,1,0.0,0.0,0.0%,DL,2016
235,236,John Denney,0,0,0.0,0,0,0,0,0,1,0.0,0.0,0.0%,DL,2016
236,237,Austin Johnson,0,0,0.0,0,0,0,0,0,1,0.0,0.0,3.0%,DL,2016
237,238,Carl Nassib,0,0,0.0,0,0,0,0,0,1,0.0,0.0,0.0%,DL,2016
238,239,Shilique Calhoun,2,0,0.0,0,0,0,0,0,1,0.0,0.0,0.0%,DL,2016
239,240,Dean Lowry,0,0,0.0,0,0,0,0,0,1,0.0,0.0,0.6%,DL,2016
240,241,Matthew Judon,1,3,0.0,0,0,0,0,0,1,0.0,0.0,16.8%,DL,2016
241,242,Tyrone Holmes,0,1,0.0,0,0,0,0,0,1,0.0,0.0,0.0%,DL,2016
242,243,Joel Heath,0,0,0.0,0,0,0,0,0,1,0.0,0.0,0.0%,DL,2016
243,244,Kenny Clark,0,0,0.0,0,0,0,0,0,1,0.0,0.0,8.9%,DL,2016
244,245,Jordan Jenkins,3,0,0.0,0,0,0,0,0,1,0.0,0.0,0.0%,DL,2016
245,246,Joshua Perry,0,0,0.0,0,0,0,0,0,1,0.0,0.0,1.0%,DL,2016
246,247,Adam Gotsis,0,0,0.0,0,0,0,0,0,1,0.0,0.0,1.2%,DL,2016
247,248,Hassan Ridgeway,0,0,0.0,0,0,0,0,0,1,0.0,0.0,0.0%,DL,2016
248,249,Kyler Fackrell,0,0,0.0,0,0,0,0,0,1,0.0,0.0,0.0%,DL,2016
249,250,Sheldon Day,0,0,0.0,0,0,0,0,0,1,0.0,0.0,0.0%,DL,2016
250,251,Kamalei Correa,0,0,0.0,0,0,0,0,0,1,0.0,0.0,0.0%,DL,2016
