,Rank,Player,Field Goals,Field Attempts,Percentage,Longest Field,1-19 Yards,20-29 Yards,30-39 Yards,40-49 Yards,50+ Yards,Extra Points Made,Extra Points Attempted,Games Played,Fantasy Football Points,FTPS/Game,ROST,Position,Year
0,1,Chandler Catanzaro,3,3,100.0,47,0,0,2,1,0,5,5,1,15.0,15.0,0.0%,K,2016
1,2,Stephen Hauschka,4,4,100.0,33,0,1,3,0,0,1,2,1,13.0,13.0,0.0%,K,2016
2,3,Cairo Santos,3,3,100.0,37,0,1,2,0,0,4,4,1,13.0,13.0,26.1%,K,2016
3,4,Nick Folk,3,3,100.0,36,0,1,2,0,0,3,3,1,12.0,12.0,9.5%,K,2016
4,5,Stephen Gostkowski,2,3,66.7,40,0,1,0,1,0,3,3,1,10.0,10.0,0.1%,K,2016
5,6,Jason Myers,2,4,50.0,47,0,0,0,2,0,2,2,1,10.0,10.0,32.0%,K,2016
6,7,Josh Lambo,2,2,100.0,35,0,1,1,0,0,3,3,1,9.0,9.0,0.1%,K,2016
7,8,Randy Bullock,2,2,100.0,24,0,2,0,0,0,3,3,1,9.0,9.0,0.1%,K,2016
8,9,Caleb Sturgis,2,3,66.7,33,0,1,1,0,0,3,3,1,9.0,9.0,0.0%,K,2016
9,10,Wil Lutz,2,2,100.0,40,1,0,0,1,0,2,2,1,9.0,9.0,10.3%,K,2016
10,11,Kai Forbath,1,1,100.0,21,0,1,0,0,0,5,5,1,8.0,8.0,3.0%,K,2016
11,12,Dan Bailey,2,2,100.0,49,0,1,0,1,0,1,1,1,8.0,8.0,0.0%,K,2016
12,13,Robbie Gould,2,2,100.0,40,0,1,0,1,0,1,1,1,8.0,8.0,0.1%,K,2016
13,14,Matt Prater,1,2,50.0,54,0,0,0,0,1,3,3,1,8.0,8.0,1.7%,K,2016
14,15,Matt Bryant,1,1,100.0,22,0,1,0,0,0,5,5,1,8.0,8.0,1.1%,K,2016
15,16,Mason Crosby,1,1,100.0,53,0,0,0,0,1,2,3,1,7.0,7.0,0.1%,K,2016
16,17,Adam Vinatieri,1,2,50.0,45,0,0,0,1,0,3,3,1,7.0,7.0,0.2%,K,2016
17,18,Brandon McManus,1,2,50.0,22,0,1,0,0,0,3,3,1,6.0,6.0,18.2%,K,2016
18,19,Graham Gano,1,4,25.0,54,0,0,0,0,1,1,1,1,6.0,6.0,1.3%,K,2016
19,20,Greg Zuerlein,2,2,100.0,37,0,0,2,0,0,0,0,1,6.0,6.0,43.3%,K,2016
20,21,Cody Parkey,1,2,50.0,34,0,0,1,0,0,3,3,1,6.0,6.0,0.1%,K,2016
21,22,Ryan Succop,1,1,100.0,35,0,0,1,0,0,3,3,1,6.0,6.0,0.0%,K,2016
22,23,Nick Novak,1,2,50.0,26,0,1,0,0,0,2,2,1,5.0,5.0,0.1%,K,2016
23,24,Roberto Aguayo,1,3,33.3,33,0,0,1,0,0,2,2,1,5.0,5.0,0.1%,K,2016
24,25,Justin Tucker,1,1,100.0,30,0,0,1,0,0,1,1,1,4.0,4.0,98.7%,K,2016
25,26,Dan Carpenter,1,1,100.0,34,0,0,1,0,0,1,1,1,4.0,4.0,0.2%,K,2016
26,27,Dustin Hopkins,1,2,50.0,32,0,0,1,0,0,1,1,1,4.0,4.0,29.7%,K,2016
27,28,Connor Barth,1,1,100.0,29,0,1,0,0,0,1,1,1,4.0,4.0,0.0%,K,2016
28,29,Chris Boswell,0,0,0.0,0,0,0,0,0,0,3,3,1,3.0,3.0,17.2%,K,2016
29,30,Phil Dawson,0,0,0.0,0,0,0,0,0,0,3,3,1,3.0,3.0,0.1%,K,2016
30,31,Andrew Franks,0,0,0.0,0,0,0,0,0,0,2,2,1,2.0,2.0,0.0%,K,2016
31,32,Sebastian Janikowski,0,0,0.0,0,0,0,0,0,0,0,0,1,0.0,0.0,20.0%,K,2016
32,33,Michael Palardy,0,0,0.0,0,0,0,0,0,0,0,0,1,0.0,0.0,33.3%,K,2016
