,Rank,Player,Field Goals,Field Attempts,Percentage,Longest Field,1-19 Yards,20-29 Yards,30-39 Yards,40-49 Yards,50+ Yards,Extra Points Made,Extra Points Attempted,Games Played,Fantasy Football Points,FTPS/Game,ROST,Position,Year
0,1,Graham Gano,4,4,100.0,49,0,0,2,2,0,4,5,1,18.0,18.0,1.3%,K,2016
1,2,Justin Tucker,3,3,100.0,52,0,0,0,2,1,2,2,1,15.0,15.0,98.7%,K,2016
2,3,Brandon McManus,4,5,80.0,43,0,1,2,1,0,2,2,1,15.0,15.0,18.2%,K,2016
3,4,Cairo Santos,4,4,100.0,54,0,0,2,1,1,0,0,1,15.0,15.0,26.1%,K,2016
4,5,Nick Novak,4,5,80.0,43,0,1,2,1,0,1,1,1,14.0,14.0,0.1%,K,2016
5,6,Caleb Sturgis,3,3,100.0,53,0,2,0,0,1,2,3,1,13.0,13.0,0.0%,K,2016
6,7,Nick Folk,3,3,100.0,36,0,2,1,0,0,4,4,1,13.0,13.0,9.5%,K,2016
7,8,Josh Brown,3,4,75.0,48,1,1,0,1,0,1,1,1,11.0,11.0,0.0%,K,2016
8,9,Dustin Hopkins,3,3,100.0,36,0,2,1,0,0,2,2,1,11.0,11.0,29.7%,K,2016
9,10,Adam Vinatieri,2,2,100.0,52,0,0,0,1,1,2,2,1,11.0,11.0,0.2%,K,2016
10,11,Chandler Catanzaro,2,2,100.0,40,0,1,0,1,0,4,5,1,11.0,11.0,0.0%,K,2016
11,12,Greg Zuerlein,3,3,100.0,47,0,1,1,1,0,0,0,1,10.0,10.0,43.3%,K,2016
12,13,Mike Nugent,3,3,100.0,33,0,2,1,0,0,1,1,1,10.0,10.0,1.0%,K,2016
13,14,Phil Dawson,2,2,100.0,39,0,1,1,0,0,3,3,1,9.0,9.0,0.1%,K,2016
14,15,Matt Bryant,2,2,100.0,21,0,2,0,0,0,3,3,1,9.0,9.0,1.1%,K,2016
15,16,Dan Bailey,2,2,100.0,31,0,1,1,0,0,3,3,1,9.0,9.0,0.0%,K,2016
16,17,Matt Prater,2,2,100.0,42,0,1,0,1,0,1,1,1,8.0,8.0,1.7%,K,2016
17,18,Josh Lambo,1,1,100.0,25,0,1,0,0,0,5,5,1,8.0,8.0,0.1%,K,2016
18,19,Wil Lutz,2,3,66.7,45,0,0,1,1,0,1,1,1,8.0,8.0,10.3%,K,2016
19,20,Stephen Gostkowski,1,2,50.0,34,0,0,1,0,0,4,4,1,7.0,7.0,0.1%,K,2016
20,21,Chris Boswell,1,1,100.0,49,0,0,0,1,0,3,3,1,7.0,7.0,17.2%,K,2016
21,22,Dan Carpenter,1,1,100.0,39,0,0,1,0,0,4,4,1,7.0,7.0,0.2%,K,2016
22,23,Andrew Franks,1,1,100.0,27,0,1,0,0,0,3,3,1,6.0,6.0,0.0%,K,2016
23,24,Blair Walsh,1,1,100.0,46,0,0,0,1,0,2,2,1,6.0,6.0,0.1%,K,2016
24,25,Ryan Succop,1,2,50.0,46,0,0,0,1,0,1,1,1,5.0,5.0,0.0%,K,2016
25,26,Sebastian Janikowski,0,1,0.0,0,0,0,0,0,0,4,4,1,4.0,4.0,20.0%,K,2016
26,27,Stephen Hauschka,1,1,100.0,23,0,1,0,0,0,0,0,1,3.0,3.0,0.0%,K,2016
27,28,Jason Myers,0,1,0.0,0,0,0,0,0,0,2,2,1,2.0,2.0,32.0%,K,2016
28,29,Mason Crosby,0,0,0.0,0,0,0,0,0,0,2,2,1,2.0,2.0,0.1%,K,2016
29,30,Patrick Murray,0,1,0.0,0,0,0,0,0,0,2,3,1,2.0,2.0,1.0%,K,2016
30,31,Connor Barth,0,1,0.0,0,0,0,0,0,0,2,2,1,2.0,2.0,0.0%,K,2016
31,32,Roberto Aguayo,0,1,0.0,0,0,0,0,0,0,1,1,1,1.0,1.0,0.1%,K,2016
32,33,Jonathan Brown,0,0,0.0,0,0,0,0,0,0,0,0,1,0.0,0.0,0.0%,K,2016
