,Rank,Player,Field Goals,Field Attempts,Percentage,Longest Field,1-19 Yards,20-29 Yards,30-39 Yards,40-49 Yards,50+ Yards,Extra Points Made,Extra Points Attempted,Games Played,Fantasy Football Points,FTPS/Game,ROST,Position,Year
0,1,Dan Bailey,3,3,100.0,44,0,1,1,1,0,3,3,1,13.0,13.0,0.0%,K,2016
1,2,Wil Lutz,2,3,66.7,52,0,0,1,0,1,5,5,1,13.0,13.0,10.3%,K,2016
2,3,Josh Lambo,4,4,100.0,37,0,1,3,0,0,1,1,1,13.0,13.0,0.1%,K,2016
3,4,Adam Vinatieri,3,3,100.0,41,0,0,2,1,0,2,2,1,12.0,12.0,0.2%,K,2016
4,5,Phil Dawson,3,3,100.0,48,0,0,1,2,0,1,1,1,12.0,12.0,0.1%,K,2016
5,6,Andrew Franks,3,5,60.0,30,0,1,2,0,0,3,3,1,12.0,12.0,0.0%,K,2016
6,7,Justin Tucker,3,3,100.0,39,0,1,2,0,0,2,2,1,11.0,11.0,98.7%,K,2016
7,8,Dustin Hopkins,2,2,100.0,50,0,0,1,0,1,3,3,1,11.0,11.0,29.7%,K,2016
8,9,Mason Crosby,3,3,100.0,43,0,0,2,1,0,1,1,1,11.0,11.0,0.1%,K,2016
9,10,Stephen Hauschka,2,3,66.7,44,0,0,0,2,0,2,3,1,10.0,10.0,0.0%,K,2016
10,11,Connor Barth,3,3,100.0,36,0,1,2,0,0,1,1,1,10.0,10.0,0.0%,K,2016
11,12,Dan Carpenter,1,1,100.0,40,0,0,0,1,0,6,6,1,10.0,10.0,0.2%,K,2016
12,13,Stephen Gostkowski,2,2,100.0,46,0,0,1,1,0,3,4,1,10.0,10.0,0.1%,K,2016
13,14,Josh Brown,2,2,100.0,31,0,1,1,0,0,3,3,1,9.0,9.0,0.0%,K,2016
14,15,Cody Parkey,2,2,100.0,45,0,0,1,1,0,2,2,1,9.0,9.0,0.1%,K,2016
15,16,Cairo Santos,2,3,66.7,44,0,1,0,1,0,2,3,1,9.0,9.0,26.1%,K,2016
16,17,Caleb Sturgis,2,2,100.0,38,0,1,1,0,0,2,2,1,8.0,8.0,0.0%,K,2016
17,18,Brandon McManus,2,3,66.7,46,0,1,0,1,0,1,1,1,8.0,8.0,18.2%,K,2016
18,19,Nick Novak,2,2,100.0,33,0,1,1,0,0,2,3,1,8.0,8.0,0.1%,K,2016
19,20,Matt Prater,1,1,100.0,34,0,0,1,0,0,4,4,1,7.0,7.0,1.7%,K,2016
20,21,Graham Gano,1,1,100.0,42,0,0,0,1,0,3,4,1,7.0,7.0,1.3%,K,2016
21,22,Matt Bryant,1,1,100.0,33,0,0,1,0,0,3,3,1,6.0,6.0,1.1%,K,2016
22,23,Jason Myers,1,1,100.0,30,0,0,1,0,0,2,2,1,5.0,5.0,32.0%,K,2016
23,24,Mike Nugent,1,1,100.0,25,0,1,0,0,0,2,2,1,5.0,5.0,1.0%,K,2016
24,25,Sebastian Janikowski,1,2,50.0,46,0,0,0,1,0,1,1,1,5.0,5.0,20.0%,K,2016
25,26,Chandler Catanzaro,0,0,0.0,0,0,0,0,0,0,4,4,1,4.0,4.0,0.0%,K,2016
26,27,Greg Zuerlein,0,0,0.0,0,0,0,0,0,0,4,4,1,4.0,4.0,43.3%,K,2016
27,28,Ryan Succop,0,1,0.0,0,0,0,0,0,0,4,4,1,4.0,4.0,0.0%,K,2016
28,29,Nick Folk,1,1,100.0,39,0,0,1,0,0,0,0,1,3.0,3.0,9.5%,K,2016
29,30,Chris Boswell,0,0,0.0,0,0,0,0,0,0,1,1,1,1.0,1.0,17.2%,K,2016
30,31,Jonathan Brown,0,0,0.0,0,0,0,0,0,0,0,0,1,0.0,0.0,0.0%,K,2016
