,Rank,Player,Tackle,Assist,Sack,Pass Defended,Interception,Forced Fumble,Fumble Recovery,Defend Touchdown,Games Played,Fantasy Football Points,FTPS/Game,ROST,Position,Year
0,1,Von Miller,5,2,3.0,1,0,1,0,0,1,29.0,29.0,2.5%,LB,2016
1,2,Alec Ogletree,8,1,0.0,1,0,1,1,0,1,24.8,24.8,2.0%,LB,2016
2,3,Preston Brown,7,9,0.0,0,0,1,0,0,1,23.8,23.8,0.0%,LB,2016
3,4,Craig Robertson,10,3,0.0,0,0,0,0,0,1,22.3,22.3,0.0%,LB,2016
4,5,Derrick Johnson,8,3,1.0,0,0,0,0,0,1,20.8,20.8,0.0%,LB,2016
5,6,Karlos Dansby,8,2,0.0,1,0,0,0,0,1,20.0,20.0,0.1%,LB,2016
6,7,Zach Brown,8,6,0.0,0,0,0,0,0,1,19.0,19.0,0.0%,LB,2016
7,8,Brian Orakpo,4,0,2.0,0,0,0,0,0,1,19.0,19.0,0.0%,LB,2016
8,9,C.J. Mosley,4,2,0.0,1,1,0,0,0,1,19.0,19.0,65.7%,LB,2016
9,10,Willie Young,5,2,1.0,0,0,0,0,0,1,18.0,18.0,0.0%,LB,2016
10,11,Kiko Alonso,4,7,0.0,0,0,0,1,0,1,17.8,17.8,0.0%,LB,2016
11,12,Luke Kuechly,4,7,0.0,1,1,0,0,0,1,17.8,17.8,92.3%,LB,2016
12,13,John Simon,4,2,1.5,0,0,1,0,0,1,17.5,17.5,0.0%,LB,2016
13,14,Gerald Hodges,2,8,1.0,0,0,1,0,0,1,17.0,17.0,0.0%,LB,2016
14,15,Telvin Smith,7,2,0.0,0,0,0,0,0,1,17.0,17.0,0.1%,LB,2016
15,16,Jerrell Freeman,5,0,0.0,1,0,0,0,0,1,16.5,16.5,0.1%,LB,2016
16,17,Ryan Shazier,6,6,0.0,0,0,0,0,0,1,16.0,16.0,0.1%,LB,2016
17,18,Mark Barron,9,1,0.0,1,0,0,0,0,1,15.8,15.8,0.0%,LB,2016
18,19,Navorro Bowman,4,7,0.0,1,0,0,0,0,1,15.3,15.3,0.1%,LB,2016
19,20,K.J. Wright,7,2,0.0,0,0,0,0,0,1,14.5,14.5,0.0%,LB,2016
20,21,Jamie Collins,5,0,0.0,1,1,0,0,0,1,14.0,14.0,0.0%,LB,2016
21,22,Lorenzo Alexander,4,0,1.0,0,0,1,0,0,1,14.0,14.0,3.0%,LB,2016
22,23,Eric Kendricks,3,2,0.0,1,0,1,0,0,1,14.0,14.0,32.1%,LB,2016
23,24,Benardrick McKinney,2,6,1.0,0,0,0,0,0,1,14.0,14.0,0.0%,LB,2016
24,25,Sean Lee,6,4,0.0,1,0,0,0,0,1,13.5,13.5,0.0%,LB,2016
25,26,Shaq Thompson,1,2,0.0,0,0,0,1,1,1,13.0,13.0,14.8%,LB,2016
26,27,Paul Posluszny,6,5,0.0,0,0,0,0,0,1,12.8,12.8,4.7%,LB,2016
27,28,Tahir Whitehead,7,3,0.0,0,0,0,0,0,1,12.8,12.8,0.0%,LB,2016
28,29,Sean Weatherspoon,8,1,0.0,0,0,0,0,0,1,12.8,12.8,0.0%,LB,2016
29,30,Deion Jones,7,3,0.0,0,0,0,0,0,1,12.8,12.8,2.7%,LB,2016
30,31,Michael Mauti,3,0,1.0,0,0,1,0,0,1,12.5,12.5,0.0%,LB,2016
31,32,Demario Davis,4,5,0.0,0,0,0,0,0,1,12.3,12.3,22.3%,LB,2016
32,33,Kwon Alexander,6,1,0.0,0,0,0,0,0,1,12.3,12.3,1.1%,LB,2016
33,34,Will Compton,4,6,0.0,1,0,0,0,0,1,12.0,12.0,0.0%,LB,2016
34,35,Justin March-Lillard,4,4,0.0,0,0,0,0,0,1,11.5,11.5,0.0%,LB,2016
35,36,D'Qwell Jackson,4,2,0.0,1,0,0,0,0,1,11.5,11.5,0.0%,LB,2016
36,37,Christian Kirksey,5,2,0.0,0,0,0,0,0,1,11.5,11.5,0.1%,LB,2016
37,38,Zach Orr,6,3,0.0,0,0,0,0,0,1,11.3,11.3,0.0%,LB,2016
38,39,Kevin Dodd,3,0,1.0,0,0,0,0,0,1,11.0,11.0,0.0%,LB,2016
39,40,Clay Matthews,3,0,1.0,0,0,0,0,0,1,11.0,11.0,0.0%,LB,2016
40,41,Jatavis Brown,4,1,0.0,1,0,0,0,0,1,10.8,10.8,0.1%,LB,2016
41,42,Shane Ray,0,1,0.0,0,0,0,1,1,1,10.8,10.8,1.0%,LB,2016
42,43,Jake Ryan,3,3,0.0,1,0,0,0,0,1,10.8,10.8,0.0%,LB,2016
43,44,Mason Foster,4,6,0.0,0,0,0,0,0,1,10.5,10.5,0.0%,LB,2016
44,45,Tamba Hali,2,1,1.0,0,0,0,0,0,1,10.3,10.3,2.0%,LB,2016
45,46,Sam Acho,2,1,1.0,0,0,0,0,0,1,10.3,10.3,0.0%,LB,2016
46,47,Robert Quinn,1,1,1.0,0,0,1,0,0,1,10.3,10.3,1.2%,LB,2016
47,48,Keenan Robinson,3,2,0.0,1,0,0,0,0,1,10.0,10.0,0.0%,LB,2016
48,49,Joe Thomas,5,0,0.0,0,0,0,0,0,1,10.0,10.0,1.0%,LB,2016
49,50,Ray-Ray Armstrong,4,0,0.0,0,0,0,1,0,1,10.0,10.0,0.0%,LB,2016
50,51,Bobby Wagner,5,3,0.0,0,0,0,0,0,1,9.8,9.8,72.4%,LB,2016
51,52,Koa Misi,4,5,0.0,0,0,0,0,0,1,9.8,9.8,0.0%,LB,2016
52,53,Rey Maualuga,6,1,0.0,0,0,0,0,0,1,9.8,9.8,0.0%,LB,2016
53,54,Lawrence Timmons,6,1,0.0,0,0,0,0,0,1,9.8,9.8,0.1%,LB,2016
54,55,David Harris,4,1,0.0,0,0,0,0,0,1,9.3,9.3,4.0%,LB,2016
55,56,Jelani Jenkins,2,3,0.0,1,0,0,0,0,1,9.3,9.3,0.0%,LB,2016
56,57,Blake Martinez,4,1,0.0,0,0,0,0,0,1,9.3,9.3,0.0%,LB,2016
57,58,Darron Lee,4,1,0.0,0,0,0,0,0,1,9.3,9.3,0.0%,LB,2016
58,59,Jonathan Casillas,4,2,0.0,1,0,0,0,0,1,9.0,9.0,0.0%,LB,2016
59,60,Ben Heeney,6,0,0.0,0,0,0,0,0,1,9.0,9.0,0.0%,LB,2016
60,61,Markus Golden,1,1,1.0,0,0,0,0,0,1,8.8,8.8,0.5%,LB,2016
61,62,Deone Bucannon,4,0,0.0,0,0,0,0,0,1,8.5,8.5,0.0%,LB,2016
62,63,Avery Williamson,5,1,0.0,0,0,0,0,0,1,8.3,8.3,0.0%,LB,2016
63,64,Malcolm Smith,5,1,0.0,0,0,0,0,0,1,8.3,8.3,0.0%,LB,2016
64,65,Nigel Bradham,1,0,0.0,1,1,0,0,0,1,8.0,8.0,0.0%,LB,2016
65,66,Chandler Jones,1,0,1.0,0,0,0,0,0,1,8.0,8.0,0.5%,LB,2016
66,67,Jonathan Freeny,2,1,0.0,0,0,1,0,0,1,7.8,7.8,0.0%,LB,2016
67,68,Brandon Marshall,4,0,0.0,1,0,0,0,0,1,7.5,7.5,0.0%,LB,2016
68,69,Vic Beasley,2,0,1.0,0,0,0,0,0,1,7.0,7.0,0.0%,LB,2016
69,70,James Laurinaitis,1,2,0.0,0,0,0,1,0,1,7.0,7.0,0.0%,LB,2016
70,71,Arthur Moats,1,2,1.0,0,0,0,0,0,1,7.0,7.0,0.0%,LB,2016
71,72,Whitney Mercilus,1,2,0.0,0,0,0,1,0,1,7.0,7.0,0.2%,LB,2016
72,73,Frank Zombo,4,1,0.0,0,0,0,0,0,1,6.8,6.8,3.0%,LB,2016
73,74,Vincent Rey,3,3,0.0,0,0,0,0,0,1,6.8,6.8,0.0%,LB,2016
74,75,Denzel Perryman,3,1,0.0,1,0,0,0,0,1,6.8,6.8,11.8%,LB,2016
75,76,Sio Moore,4,1,0.0,0,0,0,0,0,1,6.8,6.8,0.0%,LB,2016
76,77,Paul Kruger,1,1,0.0,0,0,0,1,0,1,6.3,6.3,0.0%,LB,2016
77,78,Eli Harold,1,1,0.0,0,0,0,1,0,1,6.3,6.3,0.0%,LB,2016
78,79,Todd Davis,3,2,0.0,0,0,0,0,0,1,6.0,6.0,0.0%,LB,2016
79,80,Ahmad Brooks,3,0,0.0,1,0,0,0,0,1,6.0,6.0,0.0%,LB,2016
80,81,Danny Trevathan,4,0,0.0,0,0,0,0,0,1,6.0,6.0,0.0%,LB,2016
81,82,Antwione Williams,1,2,0.0,0,0,0,0,0,1,5.5,5.5,0.0%,LB,2016
82,83,Za'Darius Smith,2,0,0.0,0,0,0,0,0,1,5.5,5.5,5.4%,LB,2016
83,84,Jordan Hicks,1,0,0.0,0,0,0,1,0,1,5.5,5.5,29.9%,LB,2016
84,85,James Harrison,1,0,0.0,0,0,1,0,0,1,5.5,5.5,0.0%,LB,2016
85,86,Robert Mathis,1,1,0.0,0,0,0,0,0,1,4.8,4.8,0.0%,LB,2016
86,87,Chad Greenway,1,1,0.0,0,0,0,0,0,1,4.8,4.8,0.0%,LB,2016
87,88,Erik Walden,3,0,0.0,0,0,0,0,0,1,4.5,4.5,0.0%,LB,2016
88,89,Mychal Kendricks,3,0,0.0,0,0,0,0,0,1,4.5,4.5,0.0%,LB,2016
89,90,Khalil Mack,2,2,0.0,0,0,0,0,0,1,4.5,4.5,52.8%,LB,2016
90,91,Stephen Tulloch,3,0,0.0,0,0,0,0,0,1,4.5,4.5,0.0%,LB,2016
91,92,Anthony Hitchens,3,0,0.0,0,0,0,0,0,1,4.5,4.5,1.0%,LB,2016
92,93,Thurston Armbrister,3,0,0.0,0,0,0,0,0,1,4.5,4.5,0.0%,LB,2016
93,94,Thomas Davis,3,0,0.0,0,0,0,0,0,1,4.5,4.5,0.0%,LB,2016
94,95,Nick Perry,0,3,0.5,0,0,0,0,0,1,4.3,4.3,0.0%,LB,2016
95,96,Max Bullough,1,0,0.0,0,0,0,0,0,1,4.0,4.0,0.0%,LB,2016
96,97,Sean Spence,2,1,0.0,0,0,0,0,0,1,3.8,3.8,0.0%,LB,2016
97,98,Su'a Cravens,2,1,0.0,0,0,0,0,0,1,3.8,3.8,0.0%,LB,2016
98,99,Manti Te'o,1,3,0.0,0,0,0,0,0,1,3.8,3.8,0.1%,LB,2016
99,100,Justin Durant,1,1,0.0,1,0,0,0,0,1,3.8,3.8,0.0%,LB,2016
100,101,Wesley Woodyard,2,1,0.0,0,0,0,0,0,1,3.8,3.8,0.0%,LB,2016
101,102,Leonard Floyd,2,0,0.0,0,0,0,0,0,1,3.0,3.0,5.4%,LB,2016
102,103,Brandon Copeland,2,0,0.0,0,0,0,0,0,1,3.0,3.0,0.0%,LB,2016
103,104,Kevin Minter,2,0,0.0,0,0,0,0,0,1,3.0,3.0,0.0%,LB,2016
104,105,Nate Orchard,1,2,0.0,0,0,0,0,0,1,3.0,3.0,0.0%,LB,2016
105,106,Myles Jack,2,0,0.0,0,0,0,0,0,1,3.0,3.0,0.4%,LB,2016
106,107,Brandon Williams,2,0,0.0,0,0,0,0,0,1,3.0,3.0,0.0%,LB,2016
107,108,Cory James,2,0,0.0,0,0,0,0,0,1,3.0,3.0,0.0%,LB,2016
108,109,Kelvin Sheppard,1,0,0.0,1,0,0,0,0,1,3.0,3.0,1.0%,LB,2016
109,110,Terrell Suggs,1,2,0.0,0,0,0,0,0,1,3.0,3.0,0.0%,LB,2016
110,111,DeMarcus Ware,0,1,0.5,0,0,0,0,0,1,2.8,2.8,0.0%,LB,2016
111,112,Anthony Barr,1,1,0.0,0,0,0,0,0,1,2.3,2.3,0.0%,LB,2016
112,113,Shea McClellin,1,1,0.0,0,0,0,0,0,1,2.3,2.3,0.0%,LB,2016
113,114,Hayes Pullard,1,1,0.0,0,0,0,0,0,1,2.3,2.3,0.0%,LB,2016
114,115,Jarvis Jones,1,1,0.0,0,0,0,0,0,1,2.3,2.3,0.0%,LB,2016
115,116,Aaron Wallace,1,1,0.0,0,0,0,0,0,1,2.3,2.3,0.0%,LB,2016
116,117,Corey Lemonier,1,0,0.0,0,0,0,0,0,1,1.5,1.5,2.0%,LB,2016
117,118,Barkevious Mingo,1,0,0.0,0,0,0,0,0,1,1.5,1.5,6.0%,LB,2016
118,119,David Bass,1,0,0.0,0,0,0,0,0,1,1.5,1.5,0.0%,LB,2016
119,120,Kyle Van,1,0,0.0,0,0,0,0,0,1,1.5,1.5,8.2%,LB,2016
120,121,Shaquil Barrett,1,0,0.0,0,0,0,0,0,1,1.5,1.5,8.4%,LB,2016
121,122,Kyle Emanuel,1,0,0.0,0,0,0,0,0,1,1.5,1.5,0.0%,LB,2016
122,123,Andrew Gachkar,1,0,0.0,0,0,0,0,0,1,1.5,1.5,0.0%,LB,2016
123,124,Akeem Ayers,1,0,0.0,0,0,0,0,0,1,1.5,1.5,0.0%,LB,2016
124,125,Joe Schobert,1,0,0.0,0,0,0,0,0,1,1.5,1.5,0.0%,LB,2016
125,126,Michael Morgan,1,0,0.0,0,0,0,0,0,1,1.5,1.5,0.0%,LB,2016
126,127,Matthew Judon,1,0,0.0,0,0,0,0,0,1,1.5,1.5,16.8%,LB,2016
127,128,Devon Kennard,0,2,0.0,0,0,0,0,0,1,1.5,1.5,0.0%,LB,2016
128,129,Daryl Smith,1,0,0.0,0,0,0,0,0,1,1.5,1.5,0.0%,LB,2016
129,130,A.J. Klein,1,0,0.0,0,0,0,0,0,1,1.5,1.5,0.0%,LB,2016
130,131,Tank Carder,1,0,0.0,0,0,0,0,0,1,1.5,1.5,0.0%,LB,2016
131,132,Kyler Fackrell,1,0,0.0,0,0,0,0,0,1,1.5,1.5,0.0%,LB,2016
132,133,Tourek Williams,0,0,0.0,1,0,0,0,0,1,1.5,1.5,0.0%,LB,2016
133,134,Neville Hewitt,1,0,0.0,0,0,0,0,0,1,1.5,1.5,0.0%,LB,2016
134,135,Anthony Chickillo,1,0,0.0,0,0,0,0,0,1,1.5,1.5,0.0%,LB,2016
135,136,Philip Wheeler,0,1,0.0,0,0,0,0,0,1,0.8,0.8,1.0%,LB,2016
136,137,Lorenzo Mauldin,0,1,0.0,0,0,0,0,0,1,0.8,0.8,1.0%,LB,2016
137,138,Josh McNary,0,1,0.0,0,0,0,0,0,1,0.8,0.8,0.0%,LB,2016
138,139,Preston Smith,0,1,0.0,0,0,0,0,0,1,0.8,0.8,11.1%,LB,2016
139,140,Tank Carradine,0,1,0.0,0,0,0,0,0,1,0.8,0.8,0.0%,LB,2016
140,141,Elandon Roberts,0,1,0.0,0,0,0,0,0,1,0.8,0.8,15.3%,LB,2016
141,142,Michael Wilhoite,0,0,0.0,0,0,0,0,0,1,0.0,0.0,0.0%,LB,2016
142,143,LaRoy Reynolds,0,0,0.0,0,0,0,0,0,1,0.0,0.0,0.0%,LB,2016
143,144,Lerentee McCray,0,0,0.0,0,0,0,0,0,1,0.0,0.0,4.0%,LB,2016
144,145,Benson Mayowa,0,0,0.0,0,0,0,0,0,1,0.0,0.0,0.0%,LB,2016
145,146,Paul Worrilow,0,0,0.0,0,0,0,0,0,1,0.0,0.0,0.0%,LB,2016
146,147,Daren Bates,0,0,0.0,0,0,0,0,0,1,0.0,0.0,0.0%,LB,2016
147,148,Vince Williams,0,0,0.0,0,0,0,0,0,1,0.0,0.0,0.1%,LB,2016
148,149,Steven Means,0,0,0.0,0,0,0,0,0,1,0.0,0.0,0.0%,LB,2016
149,150,Nate Palmer,0,0,0.0,0,0,0,0,0,1,0.0,0.0,0.0%,LB,2016
150,151,Mike Catapano,0,0,0.0,0,0,0,0,0,1,0.0,0.0,0.0%,LB,2016
151,152,Kemal Ishmael,13,2,0.0,1,0,0,0,0,1,0.0,0.0,0.0%,LB,2016
152,153,Cassius Marsh,0,0,0.0,0,0,0,0,0,1,0.0,0.0,1.0%,LB,2016
153,154,Marcus Smith,0,0,0.0,0,0,0,0,0,1,0.0,0.0,0.0%,LB,2016
154,155,Maurice Alexander,2,2,0.0,0,0,0,0,0,1,0.0,0.0,0.0%,LB,2016
155,156,Kevin Pierre-Louis,0,0,0.0,0,0,0,0,0,1,0.0,0.0,0.0%,LB,2016
156,157,Terence Garvin,0,0,0.0,0,0,0,0,0,1,0.0,0.0,0.0%,LB,2016
157,158,Jeremiah Attaochu,0,0,0.0,0,0,0,0,0,1,0.0,0.0,0.0%,LB,2016
158,159,Jadeveon Clowney,3,0,0.0,1,0,0,0,0,1,0.0,0.0,22.5%,LB,2016
159,160,Dominique Easley,1,2,0.0,0,0,0,0,0,1,0.0,0.0,0.0%,LB,2016
160,161,Dee Ford,2,1,0.0,1,0,0,0,0,1,0.0,0.0,0.0%,LB,2016
161,162,Christian Jones,0,0,0.0,0,0,0,0,0,1,0.0,0.0,0.0%,LB,2016
162,163,Kyle Wilber,0,0,0.0,0,0,0,0,0,1,0.0,0.0,0.0%,LB,2016
163,164,Lavonte David,0,0,0.0,0,0,0,0,0,1,0.0,0.0,52.4%,LB,2016
164,165,Audie Cole,0,0,0.0,0,0,0,0,0,1,0.0,0.0,0.0%,LB,2016
165,166,Courtney Upshaw,0,0,0.0,0,0,0,0,0,1,0.0,0.0,0.0%,LB,2016
166,167,Najee Goode,0,0,0.0,0,0,0,0,0,1,0.0,0.0,0.0%,LB,2016
167,168,Bruce Irvin,2,2,0.0,0,0,0,0,0,1,0.0,0.0,0.2%,LB,2016
168,169,Dan Skuta,0,0,0.0,0,0,0,0,0,1,0.0,0.0,0.0%,LB,2016
169,170,Andre Branch,0,1,0.0,0,0,0,0,0,1,0.0,0.0,0.0%,LB,2016
170,171,Melvin Ingram,3,0,2.0,0,0,1,0,0,1,0.0,0.0,0.0%,LB,2016
171,172,Arthur Brown,0,0,0.0,0,0,0,0,0,1,0.0,0.0,0.0%,LB,2016
172,173,Emmanuel Lamur,0,0,0.0,0,0,0,0,0,1,0.0,0.0,0.0%,LB,2016
173,174,Nate Stupar,0,0,0.0,0,0,0,0,0,1,0.0,0.0,0.0%,LB,2016
174,175,L.J. Fort,0,0,0.0,0,0,0,0,0,1,0.0,0.0,0.0%,LB,2016
175,176,Dezman Moses,0,0,0.0,0,0,0,0,0,1,0.0,0.0,0.0%,LB,2016
176,177,Albert McClellan,0,0,0.0,0,0,0,0,0,1,0.0,0.0,0.0%,LB,2016
177,178,Julian Stanford,0,0,0.0,0,0,0,0,0,1,0.0,0.0,0.0%,LB,2016
178,179,Justin Anderson,0,0,0.0,0,0,0,0,0,1,0.0,0.0,0.0%,LB,2016
179,180,Josh Martin,0,0,0.0,0,0,0,0,0,1,0.0,0.0,0.0%,LB,2016
180,181,Adarius Taylor,0,0,0.0,0,0,0,0,0,1,0.0,0.0,0.0%,LB,2016
181,182,Kasim Edebali,0,0,0.0,0,0,0,0,0,1,0.0,0.0,0.0%,LB,2016
182,183,Brock Coyle,0,0,0.0,0,0,0,0,0,1,0.0,0.0,0.0%,LB,2016
183,184,Marquis Flowers,0,0,0.0,0,0,0,0,0,1,0.0,0.0,0.0%,LB,2016
184,185,Corey Nelson,0,0,0.0,0,0,0,0,0,1,0.0,0.0,0.0%,LB,2016
185,186,Howard Jones,0,0,0.0,0,0,0,0,0,1,0.0,0.0,1.0%,LB,2016
186,187,Bruce Carter,0,0,0.0,0,0,0,0,0,1,0.0,0.0,0.0%,LB,2016
187,188,Akeem Dent,0,0,0.0,0,0,0,0,0,1,0.0,0.0,0.0%,LB,2016
188,189,Chris Carter,0,0,0.0,0,0,0,0,0,1,0.0,0.0,0.0%,LB,2016
189,190,Mark Herzlich,0,0,0.0,0,0,0,0,0,1,0.0,0.0,1.0%,LB,2016
190,191,Dwight Freeney,0,0,0.0,0,0,0,0,0,1,0.0,0.0,0.0%,LB,2016
191,192,Lamarr Houston,0,0,0.0,0,0,0,0,0,1,0.0,0.0,0.0%,LB,2016
192,193,Jason Pierre-Paul,1,0,0.0,1,0,0,0,0,1,0.0,0.0,0.0%,LB,2016
193,194,Ramon Humber,0,0,0.0,0,0,0,0,0,1,0.0,0.0,0.0%,LB,2016
194,195,Bryan Braman,0,0,0.0,0,0,0,0,0,1,0.0,0.0,0.0%,LB,2016
195,196,Nick Bellore,0,0,0.0,0,0,0,0,0,1,0.0,0.0,7.0%,LB,2016
196,197,Spencer Paysinger,0,0,0.0,0,0,0,0,0,1,0.0,0.0,0.0%,LB,2016
197,198,Dekoda Watson,0,0,0.0,0,0,0,0,0,1,0.0,0.0,0.0%,LB,2016
198,199,Erin Henderson,0,0,0.0,0,0,0,0,0,1,0.0,0.0,0.0%,LB,2016
199,200,Chris Long,2,0,0.0,1,0,0,1,0,1,0.0,0.0,0.0%,LB,2016
200,201,Zak DeOssie,0,0,0.0,0,0,0,0,0,1,0.0,0.0,0.0%,LB,2016
201,202,Connor Barwin,0,0,0.0,0,0,0,0,0,1,0.0,0.0,0.0%,LB,2016
202,203,Cameron Wake,0,0,0.0,0,0,0,0,0,1,0.0,0.0,0.0%,LB,2016
203,204,Nolan Frese,0,0,0.0,0,0,0,0,0,1,0.0,0.0,0.0%,LB,2016
204,205,Jonathan Anderson,0,0,0.0,0,0,0,0,0,1,0.0,0.0,0.0%,LB,2016
205,206,Josh Keyes,0,0,0.0,0,0,0,0,0,1,0.0,0.0,0.0%,LB,2016
206,207,Alani Fua,0,0,0.0,0,0,0,0,0,1,0.0,0.0,0.0%,LB,2016
207,208,Brandon King,0,0,0.0,0,0,0,0,0,1,0.0,0.0,0.0%,LB,2016
208,209,Houston Bates,0,0,0.0,0,0,0,0,0,1,0.0,0.0,0.0%,LB,2016
209,210,Nick Dzubnar,0,0,0.0,0,0,0,0,0,1,0.0,0.0,0.0%,LB,2016
210,211,Casey Kreiter,0,0,0.0,0,0,0,0,0,1,0.0,0.0,0.0%,LB,2016
211,212,Trevor Roach,0,0,0.0,0,0,0,0,0,1,0.0,0.0,0.0%,LB,2016
212,213,Trey Flowers,0,1,0.0,0,0,0,1,0,1,0.0,0.0,0.2%,LB,2016
213,214,Landon Collins,5,1,1.0,0,0,0,0,0,1,0.0,0.0,0.0%,LB,2016
214,215,Brian Peters,0,0,0.0,0,0,0,0,0,1,0.0,0.0,0.0%,LB,2016
215,216,Danielle Hunter,3,1,1.0,0,0,1,0,0,1,0.0,0.0,52.9%,LB,2016
216,217,Stephone Anthony,0,0,0.0,0,0,0,0,0,1,0.0,0.0,0.0%,LB,2016
217,218,Zaire Anderson,0,0,0.0,0,0,0,0,0,1,0.0,0.0,0.0%,LB,2016
218,219,D.J. Alexander,0,0,0.0,0,0,0,0,0,1,0.0,0.0,0.0%,LB,2016
219,220,Frank Clark,3,1,2.0,0,0,0,0,0,1,0.0,0.0,0.0%,LB,2016
220,221,Mike Hull,0,0,0.0,0,0,0,0,0,1,0.0,0.0,0.0%,LB,2016
221,222,Gabe Martin,0,0,0.0,0,0,0,0,0,1,0.0,0.0,0.0%,LB,2016
222,223,Bryce Hager,0,0,0.0,0,0,0,0,0,1,0.0,0.0,0.0%,LB,2016
223,224,Damien Wilson,0,0,0.0,0,0,0,0,0,1,0.0,0.0,0.0%,LB,2016
224,225,Edwin Jackson,0,0,0.0,0,0,0,0,0,1,0.0,0.0,0.1%,LB,2016
225,226,David Mayo,0,0,0.0,0,0,0,0,0,1,0.0,0.0,0.2%,LB,2016
226,227,Garrison Sanborn,0,0,0.0,0,0,0,0,0,1,0.0,0.0,0.0%,LB,2016
227,228,Josh Forrest,0,0,0.0,0,0,0,0,0,1,0.0,0.0,2.0%,LB,2016
228,229,Brennan Scarlett,0,0,0.0,0,0,0,0,0,1,0.0,0.0,0.0%,LB,2016
229,230,Kameron Canaday,0,0,0.0,0,0,0,0,0,1,0.0,0.0,0.0%,LB,2016
230,231,Cory Littleton,0,0,0.0,0,0,0,0,0,1,0.0,0.0,0.0%,LB,2016
231,232,John Denney,0,0,0.0,0,0,0,0,0,1,0.0,0.0,0.0%,LB,2016
232,233,Justin Drescher,0,0,0.0,0,0,0,0,0,1,0.0,0.0,0.0%,LB,2016
233,234,Brett Goode,0,0,0.0,0,0,0,0,0,1,0.0,0.0,0.0%,LB,2016
234,235,Kevin McDermott,0,0,0.0,0,0,0,0,0,1,0.0,0.0,0.0%,LB,2016
235,236,Andrew DePaola,0,0,0.0,0,0,0,0,0,1,0.0,0.0,0.0%,LB,2016
236,237,Josh Harris,0,0,0.0,0,0,0,0,0,1,0.0,0.0,0.0%,LB,2016
237,238,JJ Jansen,0,0,0.0,0,0,0,0,0,1,0.0,0.0,0.0%,LB,2016
238,239,Jake McQuaide,0,0,0.0,0,0,0,0,0,1,0.0,0.0,0.0%,LB,2016
239,240,Patrick Scales,0,0,0.0,0,0,0,0,0,1,0.0,0.0,0.0%,LB,2016
240,241,Shilique Calhoun,0,0,0.0,0,0,0,0,0,1,0.0,0.0,0.0%,LB,2016
241,242,Carl Nassib,0,0,0.0,0,0,0,0,0,1,0.0,0.0,0.0%,LB,2016
242,243,Don Muhlbach,0,0,0.0,0,0,0,0,0,1,0.0,0.0,0.0%,LB,2016
243,244,Nick Sundberg,0,0,0.0,0,0,0,0,0,1,0.0,0.0,0.0%,LB,2016
244,245,Jeremy Cash,0,0,0.0,0,0,0,0,0,1,0.0,0.0,0.0%,LB,2016
245,246,Carson Tinker,0,0,0.0,0,0,0,0,0,1,0.0,0.0,0.0%,LB,2016
246,247,Tanner Purdum,0,0,0.0,0,0,0,0,0,1,0.0,0.0,0.0%,LB,2016
247,248,Joe Cardona,0,0,0.0,0,0,0,0,0,1,0.0,0.0,0.0%,LB,2016
248,249,Charley Hughlett,0,0,0.0,0,0,0,0,0,1,0.0,0.0,0.0%,LB,2016
249,250,Morgan Cox,0,0,0.0,0,0,0,0,0,1,0.0,0.0,0.0%,LB,2016
250,251,Greg Warren,0,0,0.0,0,0,0,0,0,1,0.0,0.0,0.0%,LB,2016
251,252,Matt Overton,0,0,0.0,0,0,0,0,0,1,0.0,0.0,0.0%,LB,2016
252,253,Jon Weeks,0,0,0.0,0,0,0,0,0,1,0.0,0.0,0.0%,LB,2016
253,254,Mike Windt,0,0,0.0,0,0,0,0,0,1,0.0,0.0,0.0%,LB,2016
254,255,Jon Condo,0,0,0.0,0,0,0,0,0,1,0.0,0.0,0.0%,LB,2016
255,256,L.P. LaDouceur,0,0,0.0,0,0,0,0,0,1,0.0,0.0,0.0%,LB,2016
256,257,Jon Dorenbos,0,0,0.0,0,0,0,0,0,1,0.0,0.0,0.0%,LB,2016
257,258,Kamu Grugier-Hill,0,0,0.0,0,0,0,0,0,1,0.0,0.0,7.2%,LB,2016
258,259,Curt Maggitt,0,0,0.0,0,0,0,0,0,1,0.0,0.0,0.0%,LB,2016
259,260,Tyrone Holmes,0,0,0.0,0,0,0,0,0,1,0.0,0.0,0.0%,LB,2016
260,261,Antonio Morrison,0,0,0.0,0,0,0,0,0,1,0.0,0.0,0.0%,LB,2016
261,262,Joshua Perry,0,0,0.0,0,0,0,0,0,1,0.0,0.0,1.0%,LB,2016
262,263,Dominique Alexander,0,0,0.0,0,0,0,0,0,1,0.0,0.0,3.0%,LB,2016
263,264,Tyler Matakevich,0,0,0.0,0,0,0,0,0,1,0.0,0.0,0.0%,LB,2016
264,265,B.J. Goodson,0,0,0.0,0,0,0,0,0,1,0.0,0.0,0.1%,LB,2016
265,266,Nick Vigil,0,0,0.0,0,0,0,0,0,1,0.0,0.0,0.0%,LB,2016
266,267,Kamalei Correa,0,0,0.0,0,0,0,0,0,1,0.0,0.0,0.0%,LB,2016
267,268,Jihad Ward,2,0,0.0,0,0,0,0,0,1,0.0,0.0,0.2%,LB,2016
