,Rank,Player,Tackle,Assist,Sack,Pass Defended,Interception,Forced Fumble,Fumble Recovery,Defend Touchdown,Games Played,Fantasy Football Points,FTPS/Game,ROST,Position,Year
0,1,Jordan Hicks,8,3,1.0,2,0,0,0,0,1,28.8,28.8,29.9%,LB,2016
1,2,Leonard Floyd,2,1,2.0,0,0,1,1,1,1,28.3,28.3,5.4%,LB,2016
2,3,Jarvis Jones,5,2,0.0,0,0,1,1,0,1,19.5,19.5,0.0%,LB,2016
3,4,Lavonte David,7,1,0.0,1,0,1,0,0,1,19.3,19.3,52.4%,LB,2016
4,5,Lawrence Timmons,11,0,0.0,0,0,0,0,0,1,19.0,19.0,0.1%,LB,2016
5,6,K.J. Wright,10,0,0.0,1,0,0,0,0,1,19.0,19.0,0.0%,LB,2016
6,7,Denzel Perryman,6,1,0.0,1,1,0,0,0,1,18.8,18.8,11.8%,LB,2016
7,8,Bobby Wagner,12,1,0.0,0,0,0,0,0,1,18.8,18.8,72.4%,LB,2016
8,9,Nick Perry,3,1,1.0,1,1,0,0,0,1,18.3,18.3,0.0%,LB,2016
9,10,Vic Beasley,2,1,2.0,0,0,1,0,0,1,18.3,18.3,0.0%,LB,2016
10,11,Deone Bucannon,11,2,0.0,0,0,0,0,0,1,18.0,18.0,0.0%,LB,2016
11,12,Nigel Bradham,6,1,1.0,1,0,0,0,0,1,17.8,17.8,0.0%,LB,2016
12,13,Jerrell Freeman,10,3,0.0,0,0,0,0,0,1,17.3,17.3,0.1%,LB,2016
13,14,Matthew Judon,2,1,2.0,0,0,0,0,0,1,16.8,16.8,16.8%,LB,2016
14,15,Karlos Dansby,9,2,0.0,1,0,0,0,0,1,16.5,16.5,0.1%,LB,2016
15,16,Tahir Whitehead,8,4,0.0,1,0,0,0,0,1,16.5,16.5,0.0%,LB,2016
16,17,Gerald Hodges,6,1,0.0,1,1,0,0,0,1,16.3,16.3,0.0%,LB,2016
17,18,Telvin Smith,4,1,0.0,1,0,0,0,0,1,15.8,15.8,0.1%,LB,2016
18,19,Robert Mathis,2,0,0.0,0,0,0,1,1,1,15.5,15.5,0.0%,LB,2016
19,20,Deion Jones,5,2,0.0,1,1,0,0,0,1,15.5,15.5,2.7%,LB,2016
20,21,Zach Orr,6,5,0.0,0,0,0,0,0,1,15.3,15.3,0.0%,LB,2016
21,22,Christian Kirksey,4,4,0.5,1,0,0,0,0,1,15.0,15.0,0.1%,LB,2016
22,23,Lorenzo Alexander,4,0,1.0,0,0,0,0,0,1,15.0,15.0,3.0%,LB,2016
23,24,Kevin Minter,6,1,0.0,0,0,0,0,0,1,14.8,14.8,0.0%,LB,2016
24,25,De'Vondre Campbell,6,4,0.0,0,0,0,0,0,1,14.5,14.5,20.9%,LB,2016
25,26,Zach Brown,7,1,0.0,0,0,0,0,0,1,13.8,13.8,0.0%,LB,2016
26,27,Paul Posluszny,7,1,0.0,0,0,0,0,0,1,13.8,13.8,4.7%,LB,2016
27,28,Vontaze Burfict,5,3,0.0,1,0,0,0,0,1,13.8,13.8,0.0%,LB,2016
28,29,D'Qwell Jackson,7,2,0.0,1,0,0,0,0,1,13.5,13.5,0.0%,LB,2016
29,30,Khalil Mack,3,0,1.0,0,0,0,0,0,1,13.5,13.5,52.8%,LB,2016
30,31,Armonty Bryant,2,0,1.0,0,0,1,0,0,1,13.5,13.5,0.0%,LB,2016
31,32,Blake Martinez,2,3,0.0,2,1,0,0,0,1,13.3,13.3,0.0%,LB,2016
32,33,Alec Ogletree,7,0,0.0,0,0,0,0,0,1,13.0,13.0,2.0%,LB,2016
33,34,Derrick Morgan,2,2,1.5,0,0,0,0,0,1,13.0,13.0,0.0%,LB,2016
34,35,Eric Kendricks,8,1,0.0,0,0,0,0,0,1,12.8,12.8,32.1%,LB,2016
35,36,Keenan Robinson,7,1,0.0,1,0,0,0,0,1,12.8,12.8,0.0%,LB,2016
36,37,Nate Stupar,7,1,0.0,1,0,0,0,0,1,12.8,12.8,0.0%,LB,2016
37,38,Chandler Jones,3,0,1.0,0,0,1,0,0,1,12.5,12.5,0.5%,LB,2016
38,39,Preston Smith,2,0,1.0,0,0,0,0,0,1,12.0,12.0,11.1%,LB,2016
39,40,Malcolm Smith,6,0,0.0,2,0,0,0,0,1,12.0,12.0,0.0%,LB,2016
40,41,Kwon Alexander,7,2,0.0,0,0,0,0,0,1,12.0,12.0,1.1%,LB,2016
41,42,Benardrick McKinney,7,2,0.0,0,0,0,0,0,1,12.0,12.0,0.0%,LB,2016
42,43,Jamie Collins,8,0,0.0,0,0,0,0,0,1,12.0,12.0,0.0%,LB,2016
43,44,Aaron Lynch,3,0,1.0,0,0,0,0,0,1,11.0,11.0,0.0%,LB,2016
44,45,Brooks Reed,3,0,1.0,0,0,0,0,0,1,11.0,11.0,0.0%,LB,2016
45,46,Cameron Wake,1,1,1.5,0,0,0,0,0,1,10.8,10.8,0.0%,LB,2016
46,47,Anthony Barr,4,1,0.0,0,0,0,1,0,1,10.8,10.8,0.0%,LB,2016
47,48,Avery Williamson,5,4,0.0,0,0,0,0,0,1,10.5,10.5,0.0%,LB,2016
48,49,Will Compton,5,2,0.0,1,0,0,0,0,1,10.5,10.5,0.0%,LB,2016
49,50,Ramik Wilson,5,3,0.0,0,0,0,0,0,1,9.8,9.8,0.0%,LB,2016
50,51,Julian Stanford,6,1,0.0,0,0,0,0,0,1,9.8,9.8,0.0%,LB,2016
51,52,Daryl Smith,3,0,0.0,0,0,0,0,0,1,9.5,9.5,0.0%,LB,2016
52,53,Vincent Rey,1,0,0.0,2,1,0,0,0,1,9.5,9.5,0.0%,LB,2016
53,54,Philip Wheeler,4,1,0.0,0,0,0,0,0,1,9.3,9.3,1.0%,LB,2016
54,55,Danny Trevathan,6,0,0.0,0,0,0,0,0,1,9.0,9.0,0.0%,LB,2016
55,56,Erik Walden,1,1,1.0,0,0,0,0,0,1,8.8,8.8,0.0%,LB,2016
56,57,Todd Davis,2,2,0.0,0,0,0,1,0,1,8.5,8.5,0.0%,LB,2016
57,58,Kiko Alonso,5,1,0.0,0,0,0,0,0,1,8.3,8.3,0.0%,LB,2016
58,59,Eli Harold,4,3,0.0,0,0,0,0,0,1,8.3,8.3,0.0%,LB,2016
59,60,Mark Barron,4,1,0.0,1,0,0,0,0,1,8.3,8.3,0.0%,LB,2016
60,61,Akeem Ayers,1,0,1.0,0,0,0,0,0,1,8.0,8.0,0.0%,LB,2016
61,62,Ahmad Brooks,3,2,0.5,0,0,0,0,0,1,8.0,8.0,0.0%,LB,2016
62,63,Kamalei Correa,2,1,0.0,0,0,1,0,0,1,7.8,7.8,0.0%,LB,2016
63,64,Nick Bellore,3,2,0.0,1,0,0,0,0,1,7.5,7.5,7.0%,LB,2016
64,65,Von Miller,3,0,0.0,0,0,0,0,0,1,7.0,7.0,2.5%,LB,2016
65,66,Brandon Copeland,2,0,0.0,0,0,1,0,0,1,7.0,7.0,0.0%,LB,2016
66,67,Markus Golden,2,0,0.0,0,0,1,0,0,1,7.0,7.0,0.5%,LB,2016
67,68,Frank Zombo,2,2,0.0,0,0,0,0,0,1,7.0,7.0,3.0%,LB,2016
68,69,Brian Cushing,3,3,0.0,0,0,0,0,0,1,6.8,6.8,0.0%,LB,2016
69,70,Mason Foster,2,3,0.0,1,0,0,0,0,1,6.8,6.8,0.0%,LB,2016
70,71,Albert McClellan,2,5,0.0,0,0,0,0,0,1,6.8,6.8,0.0%,LB,2016
71,72,Preston Brown,4,1,0.0,0,0,0,0,0,1,6.8,6.8,0.0%,LB,2016
72,73,Craig Robertson,3,3,0.0,0,0,0,0,0,1,6.8,6.8,0.0%,LB,2016
73,74,Courtney Upshaw,3,0,0.0,1,0,0,0,0,1,6.0,6.0,0.0%,LB,2016
74,75,Jonathan Casillas,3,0,0.0,1,0,0,0,0,1,6.0,6.0,0.0%,LB,2016
75,76,Sean Spence,4,0,0.0,0,0,0,0,0,1,6.0,6.0,0.0%,LB,2016
76,77,Kyle Emanuel,2,3,0.0,0,0,0,0,0,1,5.3,5.3,0.0%,LB,2016
77,78,Dont'a Hightower,3,1,0.0,0,0,0,0,0,1,5.3,5.3,1.0%,LB,2016
78,79,Derrick Johnson,3,1,0.0,0,0,0,0,0,1,5.3,5.3,0.0%,LB,2016
79,80,Jake Ryan,3,1,0.0,0,0,0,0,0,1,5.3,5.3,0.0%,LB,2016
80,81,Vince Williams,3,1,0.0,0,0,0,0,0,1,5.3,5.3,0.1%,LB,2016
81,82,Shane Ray,2,3,0.0,0,0,0,0,0,1,5.3,5.3,1.0%,LB,2016
82,83,David Harris,3,0,0.0,0,0,0,0,0,1,4.5,4.5,4.0%,LB,2016
83,84,Brandon Marshall,2,2,0.0,0,0,0,0,0,1,4.5,4.5,0.0%,LB,2016
84,85,Mychal Kendricks,3,0,0.0,0,0,0,0,0,1,4.5,4.5,0.0%,LB,2016
85,86,Donald Butler,3,0,0.0,0,0,0,0,0,1,4.5,4.5,0.0%,LB,2016
86,87,Neville Hewitt,3,0,0.0,0,0,0,0,0,1,4.5,4.5,0.0%,LB,2016
87,88,Demario Davis,2,2,0.0,0,0,0,0,0,1,4.5,4.5,22.3%,LB,2016
88,89,Wesley Woodyard,2,2,0.0,0,0,0,0,0,1,4.5,4.5,0.0%,LB,2016
89,90,Corey Nelson,2,2,0.0,0,0,0,0,0,1,4.5,4.5,0.0%,LB,2016
90,91,Korey Toomer,3,0,0.0,0,0,0,0,0,1,4.5,4.5,0.0%,LB,2016
91,92,Sam Acho,1,2,0.0,1,0,0,0,0,1,4.5,4.5,0.0%,LB,2016
92,93,Greg Warren,0,0,0.0,0,0,0,1,0,1,4.0,4.0,0.0%,LB,2016
93,94,Kyle Van,2,1,0.0,0,0,0,0,0,1,3.8,3.8,8.2%,LB,2016
94,95,Za'Darius Smith,0,3,0.0,1,0,0,0,0,1,3.8,3.8,5.4%,LB,2016
95,96,Whitney Mercilus,2,1,0.0,0,0,0,0,0,1,3.8,3.8,0.2%,LB,2016
96,97,Clay Matthews,2,1,0.0,0,0,0,0,0,1,3.8,3.8,0.0%,LB,2016
97,98,Ryan Shazier,0,2,0.0,1,0,0,0,0,1,3.0,3.0,0.1%,LB,2016
98,99,John Simon,1,2,0.0,0,0,0,0,0,1,3.0,3.0,0.0%,LB,2016
99,100,Tamba Hali,1,2,0.0,0,0,0,0,0,1,3.0,3.0,2.0%,LB,2016
100,101,Edwin Jackson,1,2,0.0,0,0,0,0,0,1,3.0,3.0,0.1%,LB,2016
101,102,Antonio Morrison,2,0,0.0,0,0,0,0,0,1,3.0,3.0,0.0%,LB,2016
102,103,Jelani Jenkins,2,0,0.0,0,0,0,0,0,1,3.0,3.0,0.0%,LB,2016
103,104,Perry Riley,2,0,0.0,0,0,0,0,0,1,3.0,3.0,0.0%,LB,2016
104,105,Willie Young,1,0,0.0,1,0,0,0,0,1,3.0,3.0,0.0%,LB,2016
105,106,Devon Kennard,2,0,0.0,0,0,0,0,0,1,3.0,3.0,0.0%,LB,2016
106,107,Chad Greenway,2,0,0.0,0,0,0,0,0,1,3.0,3.0,0.0%,LB,2016
107,108,Rey Maualuga,1,1,0.0,0,0,0,0,0,1,2.3,2.3,0.0%,LB,2016
108,109,Antwione Williams,1,1,0.0,0,0,0,0,0,1,2.3,2.3,0.0%,LB,2016
109,110,Lerentee McCray,1,1,0.0,0,0,0,0,0,1,2.3,2.3,4.0%,LB,2016
110,111,Jatavis Brown,1,1,0.0,0,0,0,0,0,1,2.3,2.3,0.1%,LB,2016
111,112,Arthur Moats,0,2,0.0,0,0,0,0,0,1,1.5,1.5,0.0%,LB,2016
112,113,Brian Orakpo,0,2,0.0,0,0,0,0,0,1,1.5,1.5,0.0%,LB,2016
113,114,Brock Coyle,1,0,0.0,0,0,0,0,0,1,1.5,1.5,0.0%,LB,2016
114,115,David Bass,0,2,0.0,0,0,0,0,0,1,1.5,1.5,0.0%,LB,2016
115,116,Brandon Spikes,1,0,0.0,0,0,0,0,0,1,1.5,1.5,0.0%,LB,2016
116,117,Dan Skuta,1,0,0.0,0,0,0,0,0,1,1.5,1.5,0.0%,LB,2016
117,118,Nick Kwiatkoski,1,0,0.0,0,0,0,0,0,1,1.5,1.5,0.0%,LB,2016
118,119,Michael Wilhoite,1,0,0.0,0,0,0,0,0,1,1.5,1.5,0.0%,LB,2016
119,120,Myles Jack,1,0,0.0,0,0,0,0,0,1,1.5,1.5,0.4%,LB,2016
120,121,Shilique Calhoun,1,0,0.0,0,0,0,0,0,1,1.5,1.5,0.0%,LB,2016
121,122,Paul Kruger,1,0,0.0,0,0,0,0,0,1,1.5,1.5,0.0%,LB,2016
122,123,Su'a Cravens,1,0,0.0,0,0,0,0,0,1,1.5,1.5,0.0%,LB,2016
123,124,Elandon Roberts,1,0,0.0,0,0,0,0,0,1,1.5,1.5,15.3%,LB,2016
124,125,Dekoda Watson,1,0,0.0,0,0,0,0,0,1,1.5,1.5,0.0%,LB,2016
125,126,Chris Carter,1,0,0.0,0,0,0,0,0,1,1.5,1.5,0.0%,LB,2016
126,127,Kelvin Sheppard,1,0,0.0,0,0,0,0,0,1,1.5,1.5,1.0%,LB,2016
127,128,Anthony Chickillo,0,1,0.0,0,0,0,0,0,1,0.8,0.8,0.0%,LB,2016
128,129,James Harrison,0,1,0.0,0,0,0,0,0,1,0.8,0.8,0.0%,LB,2016
129,130,Lorenzo Mauldin,0,1,0.0,0,0,0,0,0,1,0.8,0.8,1.0%,LB,2016
130,131,Shaquil Barrett,0,1,0.0,0,0,0,0,0,1,0.8,0.8,8.4%,LB,2016
131,132,Bruce Carter,0,1,0.0,0,0,0,0,0,1,0.8,0.8,0.0%,LB,2016
132,133,Joe Thomas,0,1,0.0,0,0,0,0,0,1,0.8,0.8,1.0%,LB,2016
133,134,Dwight Freeney,0,1,0.0,0,0,0,0,0,1,0.8,0.8,0.0%,LB,2016
134,135,Josh McNary,0,1,0.0,0,0,0,0,0,1,0.8,0.8,0.0%,LB,2016
135,136,LaRoy Reynolds,0,0,0.0,0,0,0,0,0,1,0.0,0.0,0.0%,LB,2016
136,137,Joplo Bartu,0,0,0.0,0,0,0,0,0,1,0.0,0.0,0.0%,LB,2016
137,138,Paul Worrilow,0,0,0.0,0,0,0,0,0,1,0.0,0.0,0.0%,LB,2016
138,139,Steven Means,1,0,1.0,0,0,1,0,0,1,0.0,0.0,0.0%,LB,2016
139,140,Tourek Williams,0,0,0.0,0,0,0,0,0,1,0.0,0.0,0.0%,LB,2016
140,141,Nate Palmer,0,0,0.0,0,0,0,0,0,1,0.0,0.0,0.0%,LB,2016
141,142,Mike Catapano,0,0,0.0,0,0,0,0,0,1,0.0,0.0,0.0%,LB,2016
142,143,Kemal Ishmael,0,0,0.0,0,0,0,0,0,1,0.0,0.0,0.0%,LB,2016
143,144,Daren Bates,0,0,0.0,0,0,0,0,0,1,0.0,0.0,0.0%,LB,2016
144,145,Marcus Smith,2,0,0.0,0,0,0,0,0,1,0.0,0.0,0.0%,LB,2016
145,146,Max Bullough,0,0,0.0,0,0,0,0,0,1,0.0,0.0,0.0%,LB,2016
146,147,Kareem Martin,0,0,0.0,0,0,0,0,0,1,0.0,0.0,0.0%,LB,2016
147,148,Cassius Marsh,1,0,0.0,0,0,0,0,0,1,0.0,0.0,1.0%,LB,2016
148,149,Maurice Alexander,4,0,0.0,0,0,0,0,0,1,0.0,0.0,0.0%,LB,2016
149,150,Terence Garvin,0,0,0.0,0,0,0,0,0,1,0.0,0.0,0.0%,LB,2016
150,151,Jadeveon Clowney,3,1,0.0,0,0,0,0,0,1,0.0,0.0,22.5%,LB,2016
151,152,Dominique Easley,1,0,0.0,0,0,0,0,0,1,0.0,0.0,0.0%,LB,2016
152,153,Dee Ford,0,1,0.0,0,0,0,0,0,1,0.0,0.0,0.0%,LB,2016
153,154,Christian Jones,0,0,0.0,0,0,0,0,0,1,0.0,0.0,0.0%,LB,2016
154,155,Najee Goode,0,0,0.0,0,0,0,0,0,1,0.0,0.0,0.0%,LB,2016
155,156,Audie Cole,0,0,0.0,0,0,0,0,0,1,0.0,0.0,0.0%,LB,2016
156,157,Shea McClellin,0,0,0.0,0,0,0,0,0,1,0.0,0.0,0.0%,LB,2016
157,158,Tank Carder,0,0,0.0,0,0,0,0,0,1,0.0,0.0,0.0%,LB,2016
158,159,Bruce Irvin,1,0,0.0,0,0,1,0,0,1,0.0,0.0,0.2%,LB,2016
159,160,Melvin Ingram,6,3,1.0,0,0,0,0,0,1,0.0,0.0,0.0%,LB,2016
160,161,Andre Branch,0,2,0.5,0,0,0,0,0,1,0.0,0.0,0.0%,LB,2016
161,162,Cam Johnson,0,0,0.0,0,0,0,0,0,1,0.0,0.0,0.0%,LB,2016
162,163,Tank Carradine,0,0,0.0,0,0,0,0,0,1,0.0,0.0,0.0%,LB,2016
163,164,Arthur Brown,0,0,0.0,0,0,0,0,0,1,0.0,0.0,0.0%,LB,2016
164,165,Barkevious Mingo,0,0,0.0,0,0,0,0,0,1,0.0,0.0,6.0%,LB,2016
165,166,Michael Mauti,0,0,0.0,0,0,0,0,0,1,0.0,0.0,0.0%,LB,2016
166,167,L.J. Fort,0,0,0.0,0,0,0,0,0,1,0.0,0.0,0.0%,LB,2016
167,168,Steven Johnson,0,0,0.0,0,0,0,0,0,1,0.0,0.0,0.0%,LB,2016
168,169,Emmanuel Lamur,0,0,0.0,0,0,0,0,0,1,0.0,0.0,0.0%,LB,2016
169,170,Jayrone Elliott,0,0,0.0,0,0,0,0,0,1,0.0,0.0,0.0%,LB,2016
170,171,Ridge Wilson,0,0,0.0,0,0,0,0,0,1,0.0,0.0,0.0%,LB,2016
171,172,Josh Martin,0,0,0.0,0,0,0,0,0,1,0.0,0.0,0.0%,LB,2016
172,173,Dewey McDonald,0,0,0.0,0,0,0,0,0,1,0.0,0.0,0.0%,LB,2016
173,174,Adarius Taylor,0,0,0.0,0,0,0,0,0,1,0.0,0.0,0.0%,LB,2016
174,175,Kasim Edebali,0,0,0.0,0,0,0,0,0,1,0.0,0.0,0.0%,LB,2016
175,176,Shayne Skov,0,0,0.0,0,0,0,0,0,1,0.0,0.0,0.0%,LB,2016
176,177,Jordan Tripp,0,0,0.0,0,0,0,0,0,1,0.0,0.0,0.0%,LB,2016
177,178,Marquis Flowers,0,0,0.0,0,0,0,0,0,1,0.0,0.0,0.0%,LB,2016
178,179,Howard Jones,0,0,0.0,0,0,0,0,0,1,0.0,0.0,1.0%,LB,2016
179,180,Stephen Tulloch,0,0,0.0,0,0,0,0,0,1,0.0,0.0,0.0%,LB,2016
180,181,Rob Ninkovich,2,2,0.0,0,0,0,0,0,1,0.0,0.0,0.0%,LB,2016
181,182,Mark Herzlich,0,0,0.0,0,0,0,0,0,1,0.0,0.0,1.0%,LB,2016
182,183,Robert Quinn,0,0,0.0,0,0,0,0,0,1,0.0,0.0,1.2%,LB,2016
183,184,Akeem Dent,0,0,0.0,0,0,0,0,0,1,0.0,0.0,0.0%,LB,2016
184,185,Pernell McPhee,0,0,0.0,0,0,0,0,0,1,0.0,0.0,0.0%,LB,2016
185,186,Jason Pierre-Paul,0,1,0.5,0,0,0,0,0,1,0.0,0.0,0.0%,LB,2016
186,187,Ramon Humber,0,0,0.0,0,0,0,0,0,1,0.0,0.0,0.0%,LB,2016
187,188,Bryan Braman,0,0,0.0,0,0,0,0,0,1,0.0,0.0,0.0%,LB,2016
188,189,Spencer Paysinger,0,0,0.0,0,0,0,0,0,1,0.0,0.0,0.0%,LB,2016
189,190,Zak DeOssie,0,0,0.0,0,0,0,0,0,1,0.0,0.0,0.0%,LB,2016
190,191,Chris Long,1,1,0.0,0,0,0,0,0,1,0.0,0.0,0.0%,LB,2016
191,192,James Laurinaitis,0,0,0.0,0,0,0,0,0,1,0.0,0.0,0.0%,LB,2016
192,193,Connor Barwin,3,1,1.0,0,0,1,0,0,1,0.0,0.0,0.0%,LB,2016
193,194,Nolan Frese,0,0,0.0,0,0,0,0,0,1,0.0,0.0,0.0%,LB,2016
194,195,Cory Littleton,0,0,0.0,0,0,0,0,0,1,0.0,0.0,0.0%,LB,2016
195,196,Matt Longacre,0,0,0.0,0,0,0,0,0,1,0.0,0.0,0.0%,LB,2016
196,197,Cameron Lynch,0,0,0.0,0,0,0,0,0,1,0.0,0.0,0.0%,LB,2016
197,198,Brandon King,0,0,0.0,0,0,0,0,0,1,0.0,0.0,0.0%,LB,2016
198,199,Houston Bates,0,0,0.0,0,0,0,0,0,1,0.0,0.0,0.0%,LB,2016
199,200,Geneo Grissom,0,0,0.0,0,0,0,0,0,1,0.0,0.0,0.0%,LB,2016
200,201,Trey Flowers,0,0,0.0,0,0,0,0,0,1,0.0,0.0,0.2%,LB,2016
201,202,Hayes Pullard,0,0,0.0,0,0,0,0,0,1,0.0,0.0,0.0%,LB,2016
202,203,Danielle Hunter,3,0,0.0,0,0,0,0,0,1,0.0,0.0,52.9%,LB,2016
203,204,Landon Collins,8,0,0.0,2,2,0,0,1,1,0.0,0.0,0.0%,LB,2016
204,205,Bryce Hager,0,0,0.0,0,0,0,0,0,1,0.0,0.0,0.0%,LB,2016
205,206,Frank Clark,4,1,1.5,0,0,1,0,0,1,0.0,0.0,0.0%,LB,2016
206,207,Mike Hull,0,0,0.0,0,0,0,0,0,1,0.0,0.0,0.0%,LB,2016
207,208,Thurston Armbrister,0,0,0.0,0,0,0,0,0,1,0.0,0.0,0.0%,LB,2016
208,209,Zaire Anderson,0,0,0.0,0,0,0,0,0,1,0.0,0.0,0.0%,LB,2016
209,210,D.J. Alexander,0,0,0.0,0,0,0,0,0,1,0.0,0.0,0.0%,LB,2016
210,211,Martrell Spaight,0,0,0.0,0,0,0,0,0,1,0.0,0.0,0.0%,LB,2016
211,212,John Timu,0,0,0.0,0,0,0,0,0,1,0.0,0.0,0.0%,LB,2016
212,213,Edmond Robinson,0,0,0.0,0,0,0,0,0,1,0.0,0.0,0.0%,LB,2016
213,214,Josh Forrest,0,0,0.0,0,0,0,0,0,1,0.0,0.0,2.0%,LB,2016
214,215,Patrick Onwuasor,0,0,0.0,0,0,0,0,0,1,0.0,0.0,0.0%,LB,2016
215,216,Chris Landrum,0,0,0.0,0,0,0,0,0,1,0.0,0.0,0.0%,LB,2016
216,217,Dadi Nicolas,0,0,0.0,0,0,0,0,0,1,0.0,0.0,0.0%,LB,2016
217,218,Cory James,0,0,0.0,0,0,0,0,0,1,0.0,0.0,0.0%,LB,2016
218,219,Kevin McDermott,0,0,0.0,0,0,0,0,0,1,0.0,0.0,0.0%,LB,2016
219,220,Nick Sundberg,0,0,0.0,0,0,0,0,0,1,0.0,0.0,0.0%,LB,2016
220,221,Patrick Scales,0,0,0.0,0,0,0,0,0,1,0.0,0.0,0.0%,LB,2016
221,222,Don Muhlbach,0,0,0.0,0,0,0,0,0,1,0.0,0.0,0.0%,LB,2016
222,223,Brett Goode,0,0,0.0,0,0,0,0,0,1,0.0,0.0,0.0%,LB,2016
223,224,Andrew DePaola,0,0,0.0,0,0,0,0,0,1,0.0,0.0,0.0%,LB,2016
224,225,Jon Dorenbos,0,0,0.0,0,0,0,0,0,1,0.0,0.0,0.0%,LB,2016
225,226,Josh Harris,0,0,0.0,0,0,0,0,0,1,0.0,0.0,0.0%,LB,2016
226,227,Justin Drescher,0,0,0.0,0,0,0,0,0,1,0.0,0.0,0.0%,LB,2016
227,228,Jake McQuaide,0,0,0.0,0,0,0,0,0,1,0.0,0.0,0.0%,LB,2016
228,229,Joey Bosa,4,1,2.0,0,0,0,0,0,1,0.0,0.0,16.7%,LB,2016
229,230,Kevin Dodd,0,0,0.0,0,0,0,0,0,1,0.0,0.0,0.0%,LB,2016
230,231,Joe Cardona,0,0,0.0,0,0,0,0,0,1,0.0,0.0,0.0%,LB,2016
231,232,Casey Kreiter,0,0,0.0,0,0,0,0,0,1,0.0,0.0,0.0%,LB,2016
232,233,Garrison Sanborn,0,0,0.0,0,0,0,0,0,1,0.0,0.0,0.0%,LB,2016
233,234,John Denney,0,0,0.0,0,0,0,0,0,1,0.0,0.0,0.0%,LB,2016
234,235,Tanner Purdum,0,0,0.0,0,0,0,0,0,1,0.0,0.0,0.0%,LB,2016
235,236,Charley Hughlett,0,0,0.0,0,0,0,0,0,1,0.0,0.0,0.0%,LB,2016
236,237,Morgan Cox,0,0,0.0,0,0,0,0,0,1,0.0,0.0,0.0%,LB,2016
237,238,Matt Overton,0,0,0.0,0,0,0,0,0,1,0.0,0.0,0.0%,LB,2016
238,239,Carson Tinker,0,0,0.0,0,0,0,0,0,1,0.0,0.0,0.0%,LB,2016
239,240,Jon Weeks,0,0,0.0,0,0,0,0,0,1,0.0,0.0,0.0%,LB,2016
240,241,Aaron Brewer,0,0,0.0,0,0,0,0,0,1,0.0,0.0,0.0%,LB,2016
241,242,Mike Windt,0,0,0.0,0,0,0,0,0,1,0.0,0.0,0.0%,LB,2016
242,243,Jon Condo,0,0,0.0,0,0,0,0,0,1,0.0,0.0,0.0%,LB,2016
243,244,Tyrone Holmes,0,0,0.0,0,0,0,0,0,1,0.0,0.0,0.0%,LB,2016
244,245,Jihad Ward,0,0,0.0,0,0,0,0,0,1,0.0,0.0,0.2%,LB,2016
245,246,Joe Schobert,0,0,0.0,0,0,0,0,0,1,0.0,0.0,0.0%,LB,2016
246,247,B.J. Goodson,0,0,0.0,0,0,0,0,0,1,0.0,0.0,0.1%,LB,2016
247,248,Kamu Grugier-Hill,0,0,0.0,0,0,0,0,0,1,0.0,0.0,7.2%,LB,2016
248,249,Victor Ochi,0,1,0.0,0,0,0,0,0,1,0.0,0.0,0.0%,LB,2016
249,250,Carl Nassib,2,2,0.5,0,0,0,0,0,1,0.0,0.0,0.0%,LB,2016
250,251,Jordan Jenkins,0,0,0.0,0,0,0,0,0,1,0.0,0.0,0.0%,LB,2016
251,252,Joshua Perry,0,0,0.0,0,0,0,0,0,1,0.0,0.0,1.0%,LB,2016
252,253,Dominique Alexander,0,0,0.0,0,0,0,0,0,1,0.0,0.0,3.0%,LB,2016
253,254,Tyler Matakevich,0,0,0.0,0,0,0,0,0,1,0.0,0.0,0.0%,LB,2016
254,255,Kyler Fackrell,0,0,0.0,0,0,0,0,0,1,0.0,0.0,0.0%,LB,2016
255,256,Nick Vigil,0,0,0.0,0,0,0,0,0,1,0.0,0.0,0.0%,LB,2016
