,Rank,Player,Pass Completions,Pass Attempts,Pass Completion/Attempts,Passing Yards,Passsing Yards/Attempt,Passing Touchdowns,Interception,Sacks,Rushing Attempts,Rushing Yards,Rushing Touchdown,Fumbles,Games Played,Fantasy Football Points,FTPS/Game,ROST,Position,Year
0,1,Aaron Rodgers,28,38,73.7,347,9.1,4,0,4,2,13,1,0,1,37.2,37.2,50.0%,QB,2016
1,2,Russell Wilson,29,45,64.4,350,7.8,4,0,6,10,36,0,1,1,33.6,33.6,30.7%,QB,2016
2,3,Tyrod Taylor,26,39,66.7,329,8.4,3,0,2,12,60,0,0,1,31.2,31.2,2.7%,QB,2016
3,4,Kirk Cousins,18,29,62.1,270,9.3,1,0,0,5,30,2,0,1,29.8,29.8,38.6%,QB,2016
4,5,Colin Kaepernick,28,37,75.7,266,7.2,2,1,4,6,15,1,0,1,26.1,26.1,0.1%,QB,2016
5,6,Sam Bradford,34,50,68.0,382,7.6,3,0,4,2,5,0,1,1,25.8,25.8,0.0%,QB,2016
6,7,Blake Bortles,26,38,68.4,325,8.6,1,0,2,3,7,0,0,1,25.7,25.7,0.0%,QB,2016
7,8,Andrew Luck,19,29,65.5,288,9.9,2,2,0,4,12,1,0,1,24.7,24.7,2.2%,QB,2016
8,9,Dak Prescott,15,20,75.0,212,10.6,3,0,1,4,35,0,0,1,24.0,24.0,96.4%,QB,2016
9,10,Alex Smith,25,36,69.4,244,6.8,1,1,0,4,46,1,0,1,22.4,22.4,5.0%,QB,2016
10,11,Derek Carr,21,31,67.7,232,7.5,3,0,1,1,8,0,0,1,22.1,22.1,25.1%,QB,2016
11,12,Tom Brady,17,27,63.0,214,7.9,3,0,1,0,0,0,0,1,20.6,20.6,2.7%,QB,2016
12,13,Matt Ryan,27,33,81.8,277,8.4,2,0,4,2,9,0,0,1,20.0,20.0,0.1%,QB,2016
13,14,Ben Roethlisberger,24,33,72.7,279,8.5,3,2,0,1,-1,0,0,1,19.1,19.1,13.6%,QB,2016
14,15,Philip Rivers,23,46,50.0,322,7.0,2,1,0,1,0,0,0,1,18.9,18.9,20.6%,QB,2016
15,16,Jameis Winston,23,35,65.7,277,7.9,2,2,2,3,14,0,0,1,16.5,16.5,0.7%,QB,2016
16,17,Drew Brees,23,34,67.6,299,8.8,1,0,2,4,1,0,0,1,16.1,16.1,35.7%,QB,2016
17,18,Carson Palmer,16,26,61.5,284,10.9,1,0,1,1,-1,0,0,1,15.3,15.3,5.6%,QB,2016
18,19,Matt Moore,16,30,53.3,233,7.8,2,1,0,1,-1,0,0,1,15.2,15.2,0.0%,QB,2016
19,20,Joe Flacco,30,44,68.2,262,6.0,1,1,2,0,0,0,0,1,14.5,14.5,17.3%,QB,2016
20,21,Andy Dalton,28,41,68.3,268,6.5,1,1,3,0,0,0,0,1,12.7,12.7,0.1%,QB,2016
21,22,Matthew Stafford,26,46,56.5,260,5.7,0,1,4,1,1,1,1,1,12.5,12.5,57.0%,QB,2016
22,23,Eli Manning,38,63,60.3,356,5.7,1,3,0,0,0,0,0,1,12.2,12.2,2.3%,QB,2016
23,24,Cam Newton,18,43,41.9,198,4.6,1,2,2,8,36,0,0,1,11.5,11.5,9.1%,QB,2016
24,25,Matt Barkley,24,40,60.0,323,8.1,2,5,1,0,0,0,0,1,10.9,10.9,0.0%,QB,2016
25,26,Robert Griffin,17,25,68.0,164,6.6,0,0,7,6,42,0,0,1,10.8,10.8,1.0%,QB,2016
26,27,Carson Wentz,13,24,54.2,152,6.3,1,1,0,4,27,0,0,1,10.8,10.8,0.7%,QB,2016
27,28,Marcus Mariota,8,20,40.0,99,5.0,1,0,2,2,3,0,0,1,8.3,8.3,3.2%,QB,2016
28,29,Tom Savage,18,29,62.1,176,6.1,0,0,4,1,11,0,0,1,8.1,8.1,0.0%,QB,2016
29,30,Matt Cassel,13,24,54.2,124,5.2,1,1,1,0,0,0,0,1,7.0,7.0,0.0%,QB,2016
30,31,Trevor Siemian,17,43,39.5,183,4.3,0,1,0,0,0,0,0,1,5.3,5.3,0.0%,QB,2016
31,32,Jared Goff,11,24,45.8,90,3.8,1,2,4,2,4,0,0,1,4.0,4.0,70.8%,QB,2016
32,33,Ryan Fitzpatrick,8,21,38.1,136,6.5,0,2,0,1,3,0,0,1,1.7,1.7,0.0%,QB,2016
33,34,Matt McGloin,2,3,66.7,29,9.7,0,0,0,3,-3,0,0,1,0.9,0.9,0.2%,QB,2016
34,35,Chase Daniel,1,1,100.0,16,16.0,0,0,0,0,0,0,0,1,0.6,0.6,0.0%,QB,2016
35,36,Cody Kessler,2,3,66.7,11,3.7,0,0,2,0,0,0,0,1,0.4,0.4,0.1%,QB,2016
36,37,Jimmy Garoppolo,1,2,50.0,6,3.0,0,0,0,3,-2,0,0,1,0.0,0.0,1.7%,QB,2016
37,38,Kellen Clemens,0,0,0.0,0,0.0,0,0,0,0,0,0,0,1,0.0,0.0,0.0%,QB,2016
38,39,Joe Webb,0,0,0.0,0,0.0,0,0,0,0,0,0,0,1,0.0,0.0,0.0%,QB,2016
39,40,Brett Hundley,0,1,0.0,0,0.0,0,0,0,0,0,0,0,1,0.0,0.0,0.0%,QB,2016
40,41,Josh Johnson,0,0,0.0,0,0.0,0,0,0,0,0,0,0,1,0.0,0.0,0.0%,QB,2016
41,42,Bryce Petty,0,3,0.0,0,0.0,0,1,2,0,0,0,0,1,-2.0,-2.0,0.0%,QB,2016
