,Rank,Player,Rushing Attempts,Rushing Yards,Rushing Yards/Attempts,Longest Rushing,Rushing 20+,Rushing Touchdown,Recptions,TGT,Receiving Yards,Receiving Yards/Reception,Receiving Touchdowns,Fumbles,Games Played,Fantasy Football Points,FTPS/Game,ROST,Position,Year
0,1,Robert Kelley,24,137,5.7,66,0,3,0,2,0,0.0,0,0,1,31.7,31.7,0.0%,RB,2016
1,2,David Johnson,22,103,4.7,11,0,1,7,11,57,8.1,1,0,1,28.0,28.0,0.0%,RB,2016
2,3,Le'Veon Bell,28,146,5.2,12,0,1,8,9,55,6.9,0,0,1,26.1,26.1,0.2%,RB,2016
3,4,Rashad Jennings,21,85,4.0,21,1,1,5,6,44,8.8,0,0,1,18.9,18.9,0.0%,RB,2016
4,5,Lamar Miller,24,104,4.3,33,0,1,2,3,9,4.5,0,0,1,17.3,17.3,0.0%,RB,2016
5,6,Jamize Olawale,2,-3,-1.5,0,0,0,3,3,90,30.0,1,0,1,14.7,14.7,0.0%,RB,2016
6,7,C.J. Prosise,4,76,19.0,72,0,1,2,3,5,2.5,0,0,1,14.1,14.1,0.0%,RB,2016
7,8,DeMarco Murray,21,70,3.3,8,0,0,3,3,9,3.0,1,0,1,13.9,13.9,0.1%,RB,2016
8,9,Todd Gurley,20,76,3.8,24,1,1,0,2,0,0.0,0,0,1,13.6,13.6,0.1%,RB,2016
9,10,James Starks,9,25,2.8,8,0,0,5,6,46,9.2,1,0,1,13.1,13.1,0.0%,RB,2016
10,11,Ezekiel Elliott,25,97,3.9,14,0,0,4,5,30,7.5,0,0,1,12.7,12.7,79.1%,RB,2016
11,12,Tim Hightower,12,69,5.8,27,1,0,8,9,57,7.1,0,0,1,12.6,12.6,0.0%,RB,2016
12,13,LeGarrette Blount,19,124,6.5,44,1,0,0,0,0,0.0,0,0,1,12.4,12.4,0.1%,RB,2016
13,14,James White,0,0,0.0,0,0,0,6,6,63,10.5,1,0,1,12.3,12.3,0.1%,RB,2016
14,15,Frank Gore,18,50,2.8,8,0,0,4,4,71,17.8,0,0,1,12.1,12.1,12.1%,RB,2016
15,16,Terrance West,8,42,5.3,18,0,1,1,2,11,11.0,0,0,1,11.3,11.3,0.0%,RB,2016
16,17,Jalen Richard,3,2,0.7,4,0,0,3,3,50,16.7,1,0,1,11.2,11.2,1.0%,RB,2016
17,18,Carlos Hyde,19,86,4.5,13,0,0,3,3,24,8.0,0,0,1,11.0,11.0,0.0%,RB,2016
18,19,LeSean McCoy,5,33,6.6,21,1,1,2,3,12,6.0,0,0,1,10.5,10.5,2.0%,RB,2016
19,20,Doug Martin,24,63,2.6,12,0,0,3,4,42,14.0,0,0,1,10.5,10.5,0.0%,RB,2016
20,21,Shaun Draughn,0,0,0.0,0,0,0,3,3,43,14.3,1,0,1,10.3,10.3,0.0%,RB,2016
21,22,Jordan Howard,17,77,4.5,27,1,0,1,8,22,22.0,0,0,1,9.9,9.9,0.0%,RB,2016
22,23,Jonathan Stewart,18,31,1.7,10,0,1,1,4,8,8.0,0,0,1,9.9,9.9,0.0%,RB,2016
23,24,Jeremy Langford,6,8,1.3,6,0,1,3,3,30,10.0,0,0,1,9.8,9.8,0.0%,RB,2016
24,25,Chris Ivory,17,39,2.3,8,0,0,6,6,75,12.5,0,1,1,9.4,9.4,0.0%,RB,2016
25,26,Latavius Murray,12,33,2.8,6,0,0,5,5,59,11.8,0,0,1,9.2,9.2,7.6%,RB,2016
26,27,Thomas Rawls,14,57,4.1,18,0,0,3,4,31,10.3,0,0,1,8.8,8.8,0.1%,RB,2016
27,28,Matt Asiata,5,20,4.0,9,0,1,1,1,7,7.0,0,0,1,8.7,8.7,0.0%,RB,2016
28,29,Spencer Ware,17,69,4.1,15,0,0,2,2,16,8.0,0,0,1,8.5,8.5,0.0%,RB,2016
29,30,Jay Ajayi,16,77,4.8,36,0,0,3,4,7,2.3,0,0,1,8.4,8.4,7.0%,RB,2016
30,31,Theo Riddick,4,13,3.3,7,0,0,8,10,70,8.8,0,0,1,8.3,8.3,0.0%,RB,2016
31,32,Wendell Smallwood,13,48,3.7,18,0,0,4,5,31,7.8,0,0,1,7.9,7.9,0.0%,RB,2016
32,33,Mark Ingram,7,28,4.0,14,0,0,3,4,47,15.7,0,0,1,7.5,7.5,0.1%,RB,2016
33,34,Mike Gillislee,14,72,5.1,14,0,0,0,1,0,0.0,0,0,1,7.2,7.2,0.0%,RB,2016
34,35,Robert Turbin,2,4,2.0,3,0,1,0,0,0,0.0,0,0,1,6.4,6.4,0.0%,RB,2016
35,36,Jeremy Hill,16,62,3.9,20,1,0,2,2,1,0.5,0,0,1,6.3,6.3,0.0%,RB,2016
36,37,Giovani Bernard,7,21,3.0,9,0,0,5,8,40,8.0,0,0,1,6.1,6.1,0.0%,RB,2016
37,38,Duke Johnson,2,10,5.0,12,0,0,3,4,46,15.3,0,0,1,5.6,5.6,0.0%,RB,2016
38,39,Dion Lewis,5,23,4.6,12,0,0,3,5,26,8.7,0,0,1,4.9,4.9,2.0%,RB,2016
39,40,Ty Montgomery,4,17,4.3,7,0,0,3,4,27,9.0,0,0,1,4.4,4.4,0.0%,RB,2016
40,41,Charcandrick West,0,0,0.0,0,0,0,3,3,42,14.0,0,0,1,4.2,4.2,0.0%,RB,2016
41,42,Jerick McKinnon,16,44,2.8,12,0,0,1,1,-3,-3.0,0,0,1,4.1,4.1,16.2%,RB,2016
42,43,Kenneth Dixon,6,40,6.7,20,1,0,0,1,0,0.0,0,0,1,4.0,4.0,0.1%,RB,2016
43,44,Paul Perkins,4,16,4.0,11,0,0,2,2,19,9.5,0,0,1,3.5,3.5,0.0%,RB,2016
44,45,T.J. Yeldon,4,16,4.0,7,0,0,2,3,16,8.0,0,0,1,3.2,3.2,0.0%,RB,2016
45,46,Kyle Juszczyk,0,0,0.0,0,0,0,3,3,32,10.7,0,0,1,3.2,3.2,0.9%,RB,2016
46,47,Ryan Mathews,7,31,4.4,18,0,0,0,0,0,0.0,0,0,1,3.1,3.1,0.0%,RB,2016
47,48,Jonathan Williams,4,26,6.5,9,0,0,1,1,0,0.0,0,0,1,2.6,2.6,0.0%,RB,2016
48,49,Denard Robinson,3,21,7.0,9,0,0,1,1,4,4.0,0,0,1,2.5,2.5,0.2%,RB,2016
49,50,Isaiah Crowell,8,10,1.3,6,0,0,5,5,13,2.6,0,0,1,2.3,2.3,0.1%,RB,2016
50,51,Andre Ellington,5,21,4.2,8,0,0,1,2,2,2.0,0,0,1,2.3,2.3,0.1%,RB,2016
51,52,Peyton Barber,4,22,5.5,7,0,0,0,0,0,0.0,0,0,1,2.2,2.2,1.0%,RB,2016
52,53,Darren Sproles,2,15,7.5,8,0,0,1,1,6,6.0,0,0,1,2.1,2.1,0.1%,RB,2016
53,54,Reggie Bush,0,0,0.0,0,0,0,2,2,21,10.5,0,0,1,2.1,2.1,0.0%,RB,2016
54,55,Dwayne Washington,13,6,0.5,4,0,0,2,2,15,7.5,0,0,1,2.1,2.1,0.0%,RB,2016
55,56,Chris Thompson,2,10,5.0,9,0,0,1,3,9,9.0,0,0,1,1.9,1.9,0.0%,RB,2016
56,57,Kenjon Barner,3,17,5.7,11,0,0,0,1,0,0.0,0,0,1,1.7,1.7,0.0%,RB,2016
57,58,Lance Dunbar,1,2,2.0,2,0,0,2,3,14,7.0,0,0,1,1.6,1.6,0.0%,RB,2016
58,59,Mike Tolbert,2,-1,-0.5,0,0,0,1,2,17,17.0,0,0,1,1.6,1.6,0.0%,RB,2016
59,60,Rex Burkhead,0,0,0.0,0,0,0,1,1,14,14.0,0,0,1,1.4,1.4,10.0%,RB,2016
60,61,John Kuhn,2,3,1.5,2,0,0,2,2,9,4.5,0,0,1,1.2,1.2,0.0%,RB,2016
61,62,Mike James,1,9,9.0,9,0,0,0,0,0,0.0,0,0,1,0.9,0.9,0.0%,RB,2016
62,63,Ronnie Hillman,2,9,4.5,6,0,0,0,0,0,0.0,0,0,1,0.9,0.9,0.0%,RB,2016
63,64,Aaron Ripkowski,2,9,4.5,7,0,0,0,0,0,0.0,0,0,1,0.9,0.9,0.0%,RB,2016
64,65,Paul Lasike,1,5,5.0,5,0,0,0,0,0,0.0,0,0,1,0.5,0.5,0.0%,RB,2016
65,66,DuJuan Harris,4,4,1.0,2,0,0,0,0,0,0.0,0,0,1,0.4,0.4,0.0%,RB,2016
66,67,Benny Cunningham,2,7,3.5,6,0,0,1,2,-3,-3.0,0,0,1,0.4,0.4,0.0%,RB,2016
67,68,Marcus Murphy,0,0,0.0,0,0,0,1,1,3,3.0,0,0,1,0.3,0.3,0.0%,RB,2016
68,69,Alfred Morris,2,3,1.5,2,0,0,0,0,0,0.0,0,0,1,0.3,0.3,0.0%,RB,2016
69,70,Troymaine Pope,2,3,1.5,2,0,0,0,0,0,0.0,0,0,1,0.3,0.3,0.0%,RB,2016
70,71,Will Tukuafu,1,2,2.0,2,0,0,0,0,0,0.0,0,0,1,0.2,0.2,0.0%,RB,2016
71,72,Jay Prosch,1,2,2.0,2,0,0,0,0,0,0.0,0,0,1,0.2,0.2,0.0%,RB,2016
72,73,Kenyan Drake,1,2,2.0,2,0,0,0,0,0,0.0,0,0,1,0.2,0.2,0.0%,RB,2016
73,74,Jerome Felton,1,2,2.0,2,0,0,0,0,0,0.0,0,0,1,0.2,0.2,0.0%,RB,2016
74,75,Brandon Bolden,0,0,0.0,0,0,0,0,0,0,0.0,0,0,1,0.0,0.0,0.0%,RB,2016
75,76,Bobby Rainey,0,0,0.0,0,0,0,0,0,0,0.0,0,0,1,0.0,0.0,0.0%,RB,2016
76,77,Anthony Sherman,0,0,0.0,0,0,0,0,0,0,0.0,0,0,1,0.0,0.0,0.0%,RB,2016
77,78,Taiwan Jones,0,0,0.0,0,0,0,0,0,0,0.0,0,0,1,0.0,0.0,0.0%,RB,2016
78,79,Jordan Todman,0,0,0.0,0,0,0,0,1,0,0.0,0,0,1,0.0,0.0,0.0%,RB,2016
79,80,Nick Bellore,0,0,0.0,0,0,0,0,0,0,0.0,0,0,1,0.0,0.0,7.0%,RB,2016
80,81,Ka'Deem Carey,0,0,0.0,0,0,0,0,0,0,0.0,0,0,1,0.0,0.0,0.0%,RB,2016
81,82,Chase Reynolds,0,0,0.0,0,0,0,0,0,0,0.0,0,0,1,0.0,0.0,0.0%,RB,2016
82,83,Antonio Andrews,0,0,0.0,0,0,0,0,0,0,0.0,0,0,1,0.0,0.0,0.0%,RB,2016
83,84,Damien Williams,0,0,0.0,0,0,0,0,1,0,0.0,0,0,1,0.0,0.0,0.0%,RB,2016
84,85,James Develin,0,0,0.0,0,0,0,0,0,0,0.0,0,0,1,0.0,0.0,0.0%,RB,2016
85,86,Zach Line,0,0,0.0,0,0,0,0,0,0,0.0,0,0,1,0.0,0.0,0.0%,RB,2016
86,87,Cordarrelle Patterson,0,0,0.0,0,0,0,4,8,53,13.3,0,0,1,0.0,0.0,1.4%,RB,2016
87,88,Cory Harkey,0,0,0.0,0,0,0,0,0,0,0.0,0,0,1,0.0,0.0,0.2%,RB,2016
88,89,Fozzy Whittaker,1,0,0.0,0,0,0,0,0,0,0.0,0,0,1,0.0,0.0,0.0%,RB,2016
89,90,Knile Davis,0,0,0.0,0,0,0,0,0,0,0.0,0,0,1,0.0,0.0,0.0%,RB,2016
90,91,Stepfan Taylor,0,0,0.0,0,0,0,0,0,0,0.0,0,0,1,0.0,0.0,0.2%,RB,2016
91,92,Kerwynn Williams,0,0,0.0,0,0,0,0,0,0,0.0,0,0,1,0.0,0.0,0.0%,RB,2016
92,93,Javorius Allen,0,0,0.0,0,0,0,0,0,0,0.0,0,0,1,0.0,0.0,0.1%,RB,2016
93,94,Fitzgerald Toussaint,0,0,0.0,0,0,0,0,0,0,0.0,0,0,1,0.0,0.0,0.0%,RB,2016
94,95,Orleans Darkwa,0,0,0.0,0,0,0,0,0,0,0.0,0,0,1,0.0,0.0,0.0%,RB,2016
95,96,George Atkinson,0,0,0.0,0,0,0,0,0,0,0.0,0,0,1,0.0,0.0,0.0%,RB,2016
96,97,Michael Burton,0,0,0.0,0,0,0,0,0,0,0.0,0,0,1,0.0,0.0,0.1%,RB,2016
97,98,Zach Zenner,0,0,0.0,0,0,0,0,0,0,0.0,0,0,1,0.0,0.0,0.0%,RB,2016
98,99,Jalston Fowler,0,0,0.0,0,0,0,0,0,0,0.0,0,0,1,0.0,0.0,0.0%,RB,2016
99,100,Malcolm Brown,0,0,0.0,0,0,0,0,0,0,0.0,0,0,1,0.0,0.0,0.0%,RB,2016
100,101,Corey Grant,0,0,0.0,0,0,0,0,0,0,0.0,0,0,1,0.0,0.0,0.0%,RB,2016
101,102,Ryan Hewitt,0,0,0.0,0,0,0,0,0,0,0.0,0,0,1,0.0,0.0,0.0%,RB,2016
102,103,Roosevelt Nix,0,0,0.0,0,0,0,0,0,0,0.0,0,0,1,0.0,0.0,0.0%,RB,2016
103,104,Keith Smith,0,0,0.0,0,0,0,0,0,0,0.0,0,0,1,0.0,0.0,0.0%,RB,2016
104,105,Danny Vitale,0,0,0.0,0,0,0,0,0,0,0.0,0,0,1,0.0,0.0,0.0%,RB,2016
105,106,Joe Kerridge,0,0,0.0,0,0,0,0,0,0,0.0,0,0,1,0.0,0.0,0.0%,RB,2016
106,107,DeAndre Washington,1,0,0.0,0,0,0,0,1,0,0.0,0,0,1,0.0,0.0,11.0%,RB,2016
107,108,Josh Ferguson,0,0,0.0,0,0,0,0,0,0,0.0,0,0,1,0.0,0.0,0.0%,RB,2016
108,109,Derrick Henry,0,0,0.0,0,0,0,0,0,0,0.0,0,0,1,0.0,0.0,99.4%,RB,2016
109,110,Mack Brown,0,0,0.0,0,0,0,0,0,0,0.0,0,0,1,0.0,0.0,0.0%,RB,2016
110,111,Akeem Hunt,5,-2,-0.4,5,0,0,0,0,0,0.0,0,0,1,-0.2,-0.2,0.0%,RB,2016
111,112,Tyler Ervin,0,0,0.0,0,0,0,0,0,0,0.0,0,1,1,-2.0,-2.0,0.0%,RB,2016
