,Rank,Player,Rushing Attempts,Rushing Yards,Rushing Yards/Attempts,Longest Rushing,Rushing 20+,Rushing Touchdown,Recptions,TGT,Receiving Yards,Receiving Yards/Reception,Receiving Touchdowns,Fumbles,Games Played,Fantasy Football Points,FTPS/Game,ROST,Position,Year
0,1,David Johnson,27,157,5.8,23,1,2,3,6,28,9.3,0,0,1,30.5,30.5,0.0%,RB,2016
1,2,Ezekiel Elliott,15,134,8.9,60,0,2,3,4,37,12.3,0,0,1,29.1,29.1,79.1%,RB,2016
2,3,Tevin Coleman,6,31,5.2,16,0,0,4,6,132,33.0,1,0,1,22.3,22.3,0.0%,RB,2016
3,4,Jordan Howard,16,118,7.4,57,0,0,3,3,45,15.0,1,0,1,22.3,22.3,0.0%,RB,2016
4,5,Cameron Artis-Payne,18,85,4.7,14,0,2,0,0,0,0.0,0,0,1,20.5,20.5,0.0%,RB,2016
5,6,Theo Riddick,11,49,4.5,17,0,0,6,6,33,5.5,2,0,1,20.2,20.2,0.0%,RB,2016
6,7,Devonta Freeman,23,88,3.8,15,0,1,3,5,35,11.7,0,0,1,18.3,18.3,0.0%,RB,2016
7,8,Carlos Hyde,22,78,3.5,10,0,1,6,6,36,6.0,0,0,1,17.4,17.4,0.0%,RB,2016
8,9,Matt Asiata,14,55,3.9,8,0,1,3,3,46,15.3,0,0,1,16.1,16.1,0.0%,RB,2016
9,10,LeSean McCoy,18,150,8.3,53,1,0,2,2,8,4.0,0,0,1,15.8,15.8,2.0%,RB,2016
10,11,Le'Veon Bell,20,66,3.3,10,0,0,9,11,88,9.8,0,0,1,15.4,15.4,0.2%,RB,2016
11,12,Todd Gurley,23,72,3.1,16,0,1,3,5,36,12.0,0,1,1,14.8,14.8,0.1%,RB,2016
12,13,DeMarco Murray,27,121,4.5,14,0,0,5,6,16,3.2,0,0,1,13.7,13.7,0.1%,RB,2016
13,14,Jacquizz Rodgers,30,101,3.4,13,0,0,5,6,28,5.6,0,0,1,12.9,12.9,0.0%,RB,2016
14,15,Melvin Gordon,16,69,4.3,24,1,0,1,1,18,18.0,1,1,1,12.7,12.7,0.0%,RB,2016
15,16,Ryan Mathews,11,42,3.8,10,0,0,5,5,33,6.6,1,1,1,11.5,11.5,0.0%,RB,2016
16,17,Jay Ajayi,13,42,3.2,9,0,1,0,1,0,0.0,0,0,1,10.2,10.2,7.0%,RB,2016
17,18,Jalen Richard,8,31,3.9,7,0,0,6,7,66,11.0,0,0,1,9.7,9.7,1.0%,RB,2016
18,19,LeGarrette Blount,18,37,2.1,13,0,1,0,0,0,0.0,0,0,1,9.7,9.7,0.1%,RB,2016
19,20,Giovani Bernard,9,50,5.6,14,0,0,6,6,46,7.7,0,0,1,9.6,9.6,0.0%,RB,2016
20,21,Terrance West,11,95,8.6,35,1,0,2,3,-6,-3.0,0,0,1,8.9,8.9,0.0%,RB,2016
21,22,James White,5,26,5.2,8,0,0,4,6,63,15.8,0,0,1,8.9,8.9,0.1%,RB,2016
22,23,Jamize Olawale,6,22,3.7,17,0,1,1,1,2,2.0,0,0,1,8.4,8.4,0.0%,RB,2016
23,24,Eddie Lacy,11,81,7.4,31,0,0,1,1,3,3.0,0,0,1,8.4,8.4,0.3%,RB,2016
24,25,Frank Gore,14,75,5.4,16,0,0,1,2,4,4.0,0,0,1,7.9,7.9,12.1%,RB,2016
25,26,Bobby Rainey,5,22,4.4,14,0,0,6,6,52,8.7,0,0,1,7.4,7.4,0.0%,RB,2016
26,27,Damien Williams,1,3,3.0,3,0,0,2,2,67,33.5,0,0,1,7.0,7.0,0.0%,RB,2016
27,28,Darren Sproles,5,45,9.0,15,0,0,4,4,23,5.8,0,0,1,6.8,6.8,0.1%,RB,2016
28,29,Mike Gillislee,2,6,3.0,5,0,1,0,0,0,0.0,0,0,1,6.6,6.6,0.0%,RB,2016
29,30,C.J. Anderson,11,41,3.7,10,0,0,3,4,21,7.0,0,0,1,6.2,6.2,1.0%,RB,2016
30,31,Matt Forte,12,53,4.4,28,1,0,2,2,7,3.5,0,0,1,6.0,6.0,19.1%,RB,2016
31,32,Devontae Booker,6,23,3.8,8,0,0,4,6,36,9.0,0,0,1,5.9,5.9,0.0%,RB,2016
32,33,Fozzy Whittaker,5,45,9.0,16,0,0,1,1,9,9.0,0,0,1,5.4,5.4,0.0%,RB,2016
33,34,Derrick Henry,7,54,7.7,22,1,0,0,0,0,0.0,0,0,1,5.4,5.4,99.4%,RB,2016
34,35,James Starks,12,33,2.8,10,0,0,3,6,19,6.3,0,0,1,5.2,5.2,0.0%,RB,2016
35,36,DeAndre Washington,9,23,2.6,8,0,0,5,6,29,5.8,0,0,1,5.2,5.2,11.0%,RB,2016
36,37,Bilal Powell,4,10,2.5,7,0,0,6,8,41,6.8,0,0,1,5.1,5.1,0.0%,RB,2016
37,38,Jerick McKinnon,20,36,1.8,8,0,0,1,3,10,10.0,0,0,1,4.6,4.6,16.2%,RB,2016
38,39,Chris Thompson,2,12,6.0,9,0,0,4,4,33,8.3,0,0,1,4.5,4.5,0.0%,RB,2016
39,40,Isaiah Crowell,13,22,1.7,6,0,0,1,3,18,18.0,0,0,1,4.0,4.0,0.1%,RB,2016
40,41,Alfred Blue,6,39,6.5,13,0,0,0,0,0,0.0,0,0,1,3.9,3.9,0.0%,RB,2016
41,42,Matt Jones,14,31,2.2,12,0,0,2,2,25,12.5,0,1,1,3.6,3.6,0.0%,RB,2016
42,43,Alfred Morris,6,33,5.5,17,0,0,0,1,0,0.0,0,0,1,3.3,3.3,0.0%,RB,2016
43,44,Zach Zenner,7,9,1.3,6,0,0,2,2,23,11.5,0,0,1,3.2,3.2,0.0%,RB,2016
44,45,Malcolm Brown,2,2,1.0,2,0,0,1,1,26,26.0,0,0,1,2.8,2.8,0.0%,RB,2016
45,46,Lamar Miller,8,20,2.5,4,0,0,1,3,4,4.0,0,0,1,2.4,2.4,0.0%,RB,2016
46,47,Paul Perkins,2,9,4.5,5,0,0,1,2,13,13.0,0,0,1,2.2,2.2,0.0%,RB,2016
47,48,Duke Johnson,4,1,0.3,2,0,0,2,3,21,10.5,0,0,1,2.2,2.2,0.0%,RB,2016
48,49,Kyle Juszczyk,0,0,0.0,0,0,0,3,5,20,6.7,0,0,1,2.0,2.0,0.9%,RB,2016
49,50,Kenyan Drake,2,4,2.0,6,0,0,2,3,16,8.0,0,0,1,2.0,2.0,0.0%,RB,2016
50,51,Andre Ellington,6,19,3.2,5,0,0,0,0,0,0.0,0,0,1,1.9,1.9,0.1%,RB,2016
51,52,Javorius Allen,4,18,4.5,7,0,0,1,1,0,0.0,0,0,1,1.8,1.8,0.1%,RB,2016
52,53,Robert Kelley,3,18,6.0,16,0,0,0,0,0,0.0,0,0,1,1.8,1.8,0.0%,RB,2016
53,54,D.J. Foster,6,17,2.8,5,0,0,0,0,0,0.0,0,0,1,1.7,1.7,0.0%,RB,2016
54,55,Aaron Ripkowski,2,17,8.5,13,0,0,0,0,0,0.0,0,0,1,1.7,1.7,0.0%,RB,2016
55,56,Ka'Deem Carey,1,2,2.0,2,0,0,1,1,15,15.0,0,0,1,1.7,1.7,0.0%,RB,2016
56,57,Patrick DiMarco,0,0,0.0,0,0,0,1,1,13,13.0,0,0,1,1.3,1.3,0.0%,RB,2016
57,58,Josh Ferguson,1,3,3.0,3,0,0,2,3,10,5.0,0,0,1,1.3,1.3,0.0%,RB,2016
58,59,Jeremy Hill,4,12,3.0,8,0,0,0,1,0,0.0,0,0,1,1.2,1.2,0.0%,RB,2016
59,60,Orleans Darkwa,7,11,1.6,6,0,0,0,0,0,0.0,0,0,1,1.1,1.1,0.0%,RB,2016
60,61,Peyton Barber,3,6,2.0,3,0,0,0,0,0,0.0,0,0,1,0.6,0.6,1.0%,RB,2016
61,62,Jerome Felton,1,6,6.0,6,0,0,0,0,0,0.0,0,0,1,0.6,0.6,0.0%,RB,2016
62,63,Kenneth Dixon,3,-1,-0.3,1,0,0,1,1,6,6.0,0,0,1,0.5,0.5,0.1%,RB,2016
63,64,Mike Davis,2,4,2.0,2,0,0,0,0,0,0.0,0,0,1,0.4,0.4,1.0%,RB,2016
64,65,Rod Smith,0,0,0.0,0,0,0,1,1,4,4.0,0,0,1,0.4,0.4,0.0%,RB,2016
65,66,Reggie Bush,1,3,3.0,3,0,0,0,0,0,0.0,0,0,1,0.3,0.3,0.0%,RB,2016
66,67,Derek Watt,1,2,2.0,2,0,0,0,0,0,0.0,0,0,1,0.2,0.2,0.0%,RB,2016
67,68,Mike Tolbert,1,2,2.0,2,0,0,0,0,0,0.0,0,0,1,0.2,0.2,0.0%,RB,2016
68,69,Andy Janovich,1,2,2.0,2,0,0,0,1,0,0.0,0,0,1,0.2,0.2,0.0%,RB,2016
69,70,Ty Montgomery,1,1,1.0,1,0,0,0,0,0,0.0,0,0,1,0.1,0.1,0.0%,RB,2016
70,71,Dexter McCluster,1,1,1.0,1,0,0,0,0,0,0.0,0,0,1,0.1,0.1,0.0%,RB,2016
71,72,Isaiah Pead,0,0,0.0,0,0,0,0,0,0,0.0,0,0,1,0.0,0.0,0.0%,RB,2016
72,73,Jordan Todman,0,0,0.0,0,0,0,0,0,0,0.0,0,0,1,0.0,0.0,0.0%,RB,2016
73,74,Nick Bellore,0,0,0.0,0,0,0,0,0,0,0.0,0,0,1,0.0,0.0,7.0%,RB,2016
74,75,James Develin,0,0,0.0,0,0,0,0,0,0,0.0,0,0,1,0.0,0.0,0.0%,RB,2016
75,76,Chase Reynolds,0,0,0.0,0,0,0,0,0,0,0.0,0,0,1,0.0,0.0,0.0%,RB,2016
76,77,Zach Line,0,0,0.0,0,0,0,0,1,0,0.0,0,0,1,0.0,0.0,0.0%,RB,2016
77,78,Antonio Andrews,0,0,0.0,0,0,0,0,0,0,0.0,0,0,1,0.0,0.0,0.0%,RB,2016
78,79,Kapri Bibbs,0,0,0.0,0,0,0,0,0,0,0.0,0,0,1,0.0,0.0,0.1%,RB,2016
79,80,Jay Prosch,0,0,0.0,0,0,0,0,0,0,0.0,0,0,1,0.0,0.0,0.0%,RB,2016
80,81,Cordarrelle Patterson,1,7,7.0,7,0,0,4,6,39,9.8,1,0,1,0.0,0.0,1.4%,RB,2016
81,82,Cory Harkey,0,0,0.0,0,0,0,0,0,0,0.0,0,0,1,0.0,0.0,0.2%,RB,2016
82,83,Kenjon Barner,0,0,0.0,0,0,0,0,0,0,0.0,0,0,1,0.0,0.0,0.0%,RB,2016
83,84,Rex Burkhead,0,0,0.0,0,0,0,0,0,0,0.0,0,0,1,0.0,0.0,10.0%,RB,2016
84,85,DeAngelo Williams,1,0,0.0,0,0,0,0,1,0,0.0,0,0,1,0.0,0.0,0.1%,RB,2016
85,86,Joique Bell,0,0,0.0,0,0,0,0,0,0,0.0,0,0,1,0.0,0.0,0.2%,RB,2016
86,87,Fitzgerald Toussaint,0,0,0.0,0,0,0,0,0,0,0.0,0,0,1,0.0,0.0,0.0%,RB,2016
87,88,George Atkinson,0,0,0.0,0,0,0,0,0,0,0.0,0,0,1,0.0,0.0,0.0%,RB,2016
88,89,Malcolm Johnson,0,0,0.0,0,0,0,0,1,0,0.0,0,0,1,0.0,0.0,0.0%,RB,2016
89,90,Michael Burton,0,0,0.0,0,0,0,0,0,0,0.0,0,0,1,0.0,0.0,0.1%,RB,2016
90,91,Jalston Fowler,0,0,0.0,0,0,0,0,0,0,0.0,0,0,1,0.0,0.0,0.0%,RB,2016
91,92,Ryan Hewitt,0,0,0.0,0,0,0,0,0,0,0.0,0,0,1,0.0,0.0,0.0%,RB,2016
92,93,Keith Smith,0,0,0.0,0,0,0,0,0,0,0.0,0,0,1,0.0,0.0,0.0%,RB,2016
93,94,Russell Hansbrough,0,0,0.0,0,0,0,0,0,0,0.0,0,0,1,0.0,0.0,0.0%,RB,2016
94,95,Paul Lasike,0,0,0.0,0,0,0,0,0,0,0.0,0,0,1,0.0,0.0,0.0%,RB,2016
95,96,Wendell Smallwood,0,0,0.0,0,0,0,0,0,0,0.0,0,0,1,0.0,0.0,0.0%,RB,2016
96,97,Tyler Ervin,0,0,0.0,0,0,0,0,0,0,0.0,0,0,1,0.0,0.0,0.0%,RB,2016
97,98,Shaun Draughn,2,-1,-0.5,0,0,0,0,0,0,0.0,0,0,1,-0.1,-0.1,0.0%,RB,2016
98,99,Stepfan Taylor,2,-2,-1.0,4,0,0,0,0,0,0.0,0,0,1,-0.2,-0.2,0.2%,RB,2016
