,Rank,Player,Rushing Attempts,Rushing Yards,Rushing Yards/Attempts,Longest Rushing,Rushing 20+,Rushing Touchdown,Recptions,TGT,Receiving Yards,Receiving Yards/Reception,Receiving Touchdowns,Fumbles,Games Played,Fantasy Football Points,FTPS/Game,ROST,Position,Year
0,1,Jay Ajayi,25,204,8.2,62,1,2,1,2,3,3.0,0,0,1,32.7,32.7,7.0%,RB,2016
1,2,LeSean McCoy,19,140,7.4,38,1,3,1,2,2,2.0,0,0,1,32.2,32.2,2.0%,RB,2016
2,3,David Johnson,22,111,5.0,58,0,3,3,6,27,9.0,0,0,1,31.8,31.8,0.0%,RB,2016
3,4,Lamar Miller,24,149,6.2,23,1,1,3,4,29,9.7,1,0,1,29.8,29.8,0.0%,RB,2016
4,5,Terrance West,23,87,3.8,33,0,2,4,6,36,9.0,0,0,1,24.3,24.3,0.0%,RB,2016
5,6,Spencer Ware,24,131,5.5,45,0,1,2,2,32,16.0,0,0,1,22.3,22.3,0.0%,RB,2016
6,7,Jonathan Stewart,19,85,4.5,26,1,2,0,1,0,0.0,0,0,1,20.5,20.5,0.0%,RB,2016
7,8,Christine Michael,18,64,3.6,21,1,2,3,3,19,6.3,0,0,1,20.3,20.3,0.0%,RB,2016
8,9,Matt Jones,16,135,8.4,57,1,1,0,0,0,0.0,0,0,1,19.5,19.5,0.0%,RB,2016
9,10,James White,7,19,2.7,7,0,0,8,9,47,5.9,2,0,1,18.6,18.6,0.1%,RB,2016
10,11,Ezekiel Elliott,28,157,5.6,29,2,0,2,4,17,8.5,0,0,1,17.4,17.4,79.1%,RB,2016
11,12,Duke Johnson,4,18,4.5,6,0,1,4,6,56,14.0,0,0,1,13.4,13.4,0.0%,RB,2016
12,13,LeGarrette Blount,13,50,3.8,15,0,1,2,2,20,10.0,0,0,1,13.0,13.0,0.1%,RB,2016
13,14,Le'Veon Bell,10,53,5.3,13,0,0,6,7,55,9.2,0,0,1,12.8,12.8,0.2%,RB,2016
14,15,DeMarco Murray,21,65,3.1,16,0,1,0,2,0,0.0,0,0,1,12.5,12.5,0.1%,RB,2016
15,16,Mike Gillislee,6,61,10.2,44,0,1,0,0,0,0.0,0,0,1,12.1,12.1,0.0%,RB,2016
16,17,Frank Gore,22,106,4.8,22,1,0,1,1,2,2.0,0,0,1,10.8,10.8,12.1%,RB,2016
17,18,Jamaal Charles,9,33,3.7,17,0,1,2,2,14,7.0,0,0,1,10.7,10.7,0.1%,RB,2016
18,19,Jordan Howard,15,34,2.3,9,0,1,2,4,6,3.0,0,0,1,10.0,10.0,0.0%,RB,2016
19,20,Todd Gurley,14,58,4.1,15,0,0,4,4,39,9.8,0,0,1,9.7,9.7,0.1%,RB,2016
20,21,Chris Ivory,11,32,2.9,9,0,1,2,2,3,1.5,0,0,1,9.5,9.5,0.0%,RB,2016
21,22,Melvin Gordon,27,94,3.5,48,0,0,0,2,0,0.0,0,0,1,9.4,9.4,0.0%,RB,2016
22,23,Giovani Bernard,15,49,3.3,11,0,0,4,5,45,11.3,0,0,1,9.4,9.4,0.0%,RB,2016
23,24,Ty Montgomery,3,6,2.0,6,0,0,10,12,98,9.8,0,1,1,8.4,8.4,0.0%,RB,2016
24,25,Damien Williams,6,12,2.0,10,0,1,2,2,5,2.5,0,0,1,7.7,7.7,0.0%,RB,2016
25,26,Zach Zenner,14,58,4.1,19,0,0,2,2,19,9.5,0,0,1,7.7,7.7,0.0%,RB,2016
26,27,Alex Collins,1,2,2.0,2,0,1,1,1,9,9.0,0,0,1,7.1,7.1,19.0%,RB,2016
27,28,C.J. Anderson,10,37,3.7,11,0,0,4,5,34,8.5,0,0,1,7.1,7.1,1.0%,RB,2016
28,29,Eddie Lacy,17,65,3.8,25,1,0,1,1,6,6.0,0,0,1,7.1,7.1,0.3%,RB,2016
29,30,Chris Thompson,9,37,4.1,10,0,0,3,3,29,9.7,0,0,1,6.6,6.6,0.0%,RB,2016
30,31,Ryan Mathews,9,60,6.7,22,1,0,0,0,0,0.0,0,0,1,6.0,6.0,0.0%,RB,2016
31,32,Mark Ingram,16,51,3.2,11,0,0,2,3,9,4.5,0,0,1,6.0,6.0,0.1%,RB,2016
32,33,Robert Kelley,5,59,11.8,45,0,0,0,0,0,0.0,0,0,1,5.9,5.9,0.0%,RB,2016
33,34,Devontae Booker,5,46,9.2,17,0,0,2,2,7,3.5,0,0,1,5.3,5.3,0.0%,RB,2016
34,35,Carlos Hyde,14,52,3.7,15,0,0,0,0,0,0.0,0,0,1,5.2,5.2,0.0%,RB,2016
35,36,Ka'Deem Carey,9,50,5.6,16,0,0,0,1,0,0.0,0,0,1,5.0,5.0,0.0%,RB,2016
36,37,Devonta Freeman,12,40,3.3,18,0,0,3,5,10,3.3,0,0,1,5.0,5.0,0.0%,RB,2016
37,38,DeAndre Washington,10,49,4.9,8,0,0,0,1,0,0.0,0,0,1,4.9,4.9,11.0%,RB,2016
38,39,Jeremy Hill,13,38,2.9,8,0,0,1,1,3,3.0,0,0,1,4.1,4.1,0.0%,RB,2016
39,40,Isaiah Crowell,9,16,1.8,11,0,0,2,2,20,10.0,0,0,1,3.6,3.6,0.1%,RB,2016
40,41,C.J. Spiller,1,-3,-3.0,0,0,0,3,6,38,12.7,0,0,1,3.5,3.5,0.1%,RB,2016
41,42,Rashad Jennings,9,15,1.7,5,0,0,4,4,20,5.0,0,0,1,3.5,3.5,0.0%,RB,2016
42,43,Travaris Cadet,1,3,3.0,3,0,0,4,5,27,6.8,0,0,1,3.0,3.0,0.0%,RB,2016
43,44,Bobby Rainey,6,13,2.2,6,0,0,2,3,16,8.0,0,0,1,2.9,2.9,0.0%,RB,2016
44,45,Derrick Henry,2,7,3.5,4,0,0,2,2,20,10.0,0,0,1,2.7,2.7,99.4%,RB,2016
45,46,T.J. Yeldon,6,21,3.5,13,0,0,1,2,5,5.0,0,0,1,2.6,2.6,0.0%,RB,2016
46,47,Paul Perkins,2,10,5.0,6,0,0,2,2,16,8.0,0,0,1,2.6,2.6,0.0%,RB,2016
47,48,Kyle Juszczyk,0,0,0.0,0,0,0,4,6,25,6.3,0,0,1,2.5,2.5,0.9%,RB,2016
48,49,Andre Ellington,5,25,5.0,13,0,0,0,0,0,0.0,0,0,1,2.5,2.5,0.1%,RB,2016
49,50,Darren Sproles,4,20,5.0,11,0,0,1,1,4,4.0,0,0,1,2.4,2.4,0.1%,RB,2016
50,51,Robert Turbin,3,2,0.7,2,0,0,4,4,22,5.5,0,0,1,2.4,2.4,0.0%,RB,2016
51,52,Benny Cunningham,2,9,4.5,8,0,0,2,2,14,7.0,0,0,1,2.3,2.3,0.0%,RB,2016
52,53,Bilal Powell,3,10,3.3,5,0,0,3,4,12,4.0,0,0,1,2.2,2.2,0.0%,RB,2016
53,54,Matt Forte,9,19,2.1,8,0,0,1,3,3,3.0,0,0,1,2.2,2.2,19.1%,RB,2016
54,55,Wendell Smallwood,4,6,1.5,7,0,0,1,2,14,14.0,0,0,1,2.0,2.0,0.0%,RB,2016
55,56,Mike Davis,5,13,2.6,7,0,0,1,3,6,6.0,0,0,1,1.9,1.9,1.0%,RB,2016
56,57,Charcandrick West,3,19,6.3,8,0,0,0,0,0,0.0,0,0,1,1.9,1.9,0.0%,RB,2016
57,58,Tevin Coleman,5,10,2.0,4,0,0,1,2,7,7.0,0,0,1,1.7,1.7,0.0%,RB,2016
58,59,Rex Burkhead,2,16,8.0,12,0,0,0,0,0,0.0,0,0,1,1.6,1.6,10.0%,RB,2016
59,60,Dexter McCluster,0,0,0.0,0,0,0,2,2,15,7.5,0,0,1,1.5,1.5,0.0%,RB,2016
60,61,Arian Foster,3,3,1.0,3,0,0,2,2,12,6.0,0,0,1,1.5,1.5,0.0%,RB,2016
61,62,Stepfan Taylor,2,14,7.0,12,0,0,0,0,0,0.0,0,0,1,1.4,1.4,0.2%,RB,2016
62,63,Alfred Blue,2,13,6.5,14,0,0,0,0,0,0.0,0,0,1,1.3,1.3,0.0%,RB,2016
63,64,Kenneth Dixon,2,11,5.5,7,0,0,1,2,1,1.0,0,0,1,1.2,1.2,0.1%,RB,2016
64,65,Jalen Richard,4,7,1.8,6,0,0,2,3,5,2.5,0,0,1,1.2,1.2,1.0%,RB,2016
65,66,Mike Tolbert,3,12,4.0,6,0,0,0,0,0,0.0,0,0,1,1.2,1.2,0.0%,RB,2016
66,67,DeAngelo Williams,3,10,3.3,7,0,0,0,0,0,0.0,0,0,1,1.0,1.0,0.1%,RB,2016
67,68,Daniel Lasco,2,5,2.5,5,0,0,1,2,4,4.0,0,0,1,0.9,0.9,0.0%,RB,2016
68,69,Derek Watt,0,0,0.0,0,0,0,1,1,8,8.0,0,0,1,0.8,0.8,0.0%,RB,2016
69,70,Reggie Bush,2,6,3.0,5,0,0,0,0,0,0.0,0,0,1,0.6,0.6,0.0%,RB,2016
70,71,Kenjon Barner,2,6,3.0,6,0,0,0,0,0,0.0,0,0,1,0.6,0.6,0.0%,RB,2016
71,72,Justin Forsett,5,5,1.0,9,0,0,0,1,0,0.0,0,0,1,0.5,0.5,0.0%,RB,2016
72,73,Kenneth Farrow,2,5,2.5,6,0,0,0,0,0,0.0,0,0,1,0.5,0.5,0.0%,RB,2016
73,74,Tyler Ervin,0,0,0.0,0,0,0,1,2,4,4.0,0,0,1,0.4,0.4,0.0%,RB,2016
74,75,Patrick DiMarco,0,0,0.0,0,0,0,1,1,3,3.0,0,0,1,0.3,0.3,0.0%,RB,2016
75,76,Fozzy Whittaker,1,-1,-1.0,0,0,0,1,2,4,4.0,0,0,1,0.3,0.3,0.0%,RB,2016
76,77,Aaron Ripkowski,1,0,0.0,0,0,0,1,1,2,2.0,0,0,1,0.2,0.2,0.0%,RB,2016
77,78,Alfred Morris,3,2,0.7,1,0,0,0,0,0,0.0,0,0,1,0.2,0.2,0.0%,RB,2016
78,79,Shaun Draughn,1,2,2.0,2,0,0,0,1,0,0.0,0,0,1,0.2,0.2,0.0%,RB,2016
79,80,Jonathan Williams,5,21,4.2,7,0,0,0,0,0,0.0,0,1,1,0.1,0.1,0.0%,RB,2016
80,81,Paul Lasike,1,1,1.0,1,0,0,0,0,0,0.0,0,0,1,0.1,0.1,0.0%,RB,2016
81,82,Anthony Sherman,0,0,0.0,0,0,0,0,1,0,0.0,0,0,1,0.0,0.0,0.0%,RB,2016
82,83,Taiwan Jones,0,0,0.0,0,0,0,0,0,0,0.0,0,0,1,0.0,0.0,0.0%,RB,2016
83,84,Jordan Todman,0,0,0.0,0,0,0,0,0,0,0.0,0,0,1,0.0,0.0,0.0%,RB,2016
84,85,Nick Bellore,0,0,0.0,0,0,0,0,0,0,0.0,0,0,1,0.0,0.0,7.0%,RB,2016
85,86,Chase Reynolds,0,0,0.0,0,0,0,0,0,0,0.0,0,0,1,0.0,0.0,0.0%,RB,2016
86,87,James Develin,0,0,0.0,0,0,0,0,0,0,0.0,0,0,1,0.0,0.0,0.0%,RB,2016
87,88,Kapri Bibbs,0,0,0.0,0,0,0,0,0,0,0.0,0,0,1,0.0,0.0,0.1%,RB,2016
88,89,Antonio Andrews,0,0,0.0,0,0,0,0,0,0,0.0,0,0,1,0.0,0.0,0.0%,RB,2016
89,90,Jay Prosch,0,0,0.0,0,0,0,0,0,0,0.0,0,0,1,0.0,0.0,0.0%,RB,2016
90,91,Denard Robinson,0,0,0.0,0,0,0,0,0,0,0.0,0,0,1,0.0,0.0,0.2%,RB,2016
91,92,Cory Harkey,0,0,0.0,0,0,0,0,0,0,0.0,0,0,1,0.0,0.0,0.2%,RB,2016
92,93,Jamize Olawale,0,0,0.0,0,0,0,0,0,0,0.0,0,0,1,0.0,0.0,0.0%,RB,2016
93,94,Jerome Felton,0,0,0.0,0,0,0,0,1,0,0.0,0,0,1,0.0,0.0,0.0%,RB,2016
94,95,John Kuhn,0,0,0.0,0,0,0,0,0,0,0.0,0,0,1,0.0,0.0,0.0%,RB,2016
95,96,Tim Hightower,0,0,0.0,0,0,0,0,0,0,0.0,0,0,1,0.0,0.0,0.0%,RB,2016
96,97,Joique Bell,0,0,0.0,0,0,0,0,0,0,0.0,0,0,1,0.0,0.0,0.2%,RB,2016
97,98,Javorius Allen,0,0,0.0,0,0,0,0,0,0,0.0,0,0,1,0.0,0.0,0.1%,RB,2016
98,99,Fitzgerald Toussaint,0,0,0.0,0,0,0,0,0,0,0.0,0,0,1,0.0,0.0,0.0%,RB,2016
99,100,George Atkinson,0,0,0.0,0,0,0,0,0,0,0.0,0,0,1,0.0,0.0,0.0%,RB,2016
100,101,Michael Burton,0,0,0.0,0,0,0,0,0,0,0.0,0,0,1,0.0,0.0,0.1%,RB,2016
101,102,Malcolm Brown,0,0,0.0,0,0,0,0,0,0,0.0,0,0,1,0.0,0.0,0.0%,RB,2016
102,103,Jalston Fowler,0,0,0.0,0,0,0,0,0,0,0.0,0,0,1,0.0,0.0,0.0%,RB,2016
103,104,Malcolm Johnson,0,0,0.0,0,0,0,0,0,0,0.0,0,0,1,0.0,0.0,0.0%,RB,2016
104,105,Ryan Hewitt,0,0,0.0,0,0,0,0,0,0,0.0,0,0,1,0.0,0.0,0.0%,RB,2016
105,106,Roosevelt Nix,0,0,0.0,0,0,0,0,0,0,0.0,0,0,1,0.0,0.0,0.0%,RB,2016
106,107,Keith Smith,0,0,0.0,0,0,0,0,0,0,0.0,0,0,1,0.0,0.0,0.0%,RB,2016
107,108,Rod Smith,0,0,0.0,0,0,0,0,0,0,0.0,0,0,1,0.0,0.0,0.0%,RB,2016
108,109,Andy Janovich,0,0,0.0,0,0,0,0,0,0,0.0,0,0,1,0.0,0.0,0.0%,RB,2016
109,110,Josh Ferguson,0,0,0.0,0,0,0,0,0,0,0.0,0,0,1,0.0,0.0,0.0%,RB,2016
110,111,D.J. Foster,0,0,0.0,0,0,0,0,0,0,0.0,0,0,1,0.0,0.0,0.0%,RB,2016
111,112,Kenyan Drake,0,0,0.0,0,0,0,0,0,0,0.0,0,0,1,0.0,0.0,0.0%,RB,2016
