,Rank,Player,Receiving Receptions,Receiving Target,Receiving Yards,Yards/Reception,Longest Reception,Receiving 20+,Receiving Touchdowns,Rushing Attempts,Rushing Yards,Rushing Touchdown,Fumbles,Games Played,Fantasy Football Points,FTPS/Game,ROST,Position,Year
0,1,Jared Cook,6,11,105,17.5,47,1,1,0,0,0,1,1,14.5,14.5,0.0%,TE,2016
1,2,Eric Ebron,3,5,70,23.3,61,0,0,1,1,1,0,1,13.1,13.1,0.0%,TE,2016
2,3,Zach Miller,3,3,61,20.3,34,0,1,0,0,0,0,1,12.1,12.1,0.0%,TE,2016
3,4,Vance McDonald,3,6,46,15.3,24,1,1,0,0,0,0,1,10.6,10.6,0.0%,TE,2016
4,5,Jimmy Graham,3,5,46,15.3,35,0,1,0,0,0,0,1,10.6,10.6,0.0%,TE,2016
5,6,Travis Kelce,7,9,108,15.4,44,1,0,1,-5,0,0,1,10.3,10.3,99.9%,TE,2016
6,7,Zach Ertz,6,11,35,5.8,11,0,1,0,0,0,0,1,9.5,9.5,3.6%,TE,2016
7,8,Jermaine Gresham,2,2,33,16.5,29,1,1,0,0,0,0,1,9.3,9.3,0.0%,TE,2016
8,9,Gary Barnidge,2,6,23,11.5,14,0,1,0,0,0,0,1,8.3,8.3,0.1%,TE,2016
9,10,C.J. Fiedorowicz,6,10,82,13.7,20,1,0,0,0,0,0,1,8.2,8.2,0.0%,TE,2016
10,11,Jordan Reed,5,6,79,15.8,28,2,0,0,0,0,0,1,7.9,7.9,19.0%,TE,2016
11,12,Coby Fleener,3,5,17,5.7,8,0,1,0,0,0,0,1,7.7,7.7,0.0%,TE,2016
12,13,Will Tye,2,5,12,6.0,9,0,1,0,0,0,0,1,7.2,7.2,0.0%,TE,2016
13,14,Alan Cross,1,1,3,3.0,3,0,1,0,0,0,0,1,6.3,6.3,0.0%,TE,2016
14,15,Garrett Celek,3,3,41,13.7,19,0,0,0,0,0,0,1,4.1,4.1,0.0%,TE,2016
15,16,Tyler Eifert,3,6,37,12.3,21,1,0,0,0,0,0,1,3.7,3.7,0.0%,TE,2016
16,17,Jason Witten,5,7,37,7.4,11,0,0,0,0,0,0,1,3.7,3.7,0.0%,TE,2016
17,18,Delanie Walker,4,6,36,9.0,14,0,0,0,0,0,0,1,3.6,3.6,0.1%,TE,2016
18,19,Greg Olsen,4,7,33,8.3,12,0,0,0,0,0,0,1,3.3,3.3,7.0%,TE,2016
19,20,Ryan Griffin,3,5,32,10.7,20,1,0,0,0,0,0,1,3.2,3.2,0.0%,TE,2016
20,21,Dennis Pitta,3,5,30,10.0,18,0,0,0,0,0,0,1,3.0,3.0,0.0%,TE,2016
21,22,Richard Rodgers,4,4,28,7.0,11,0,0,0,0,0,0,1,2.8,2.8,0.0%,TE,2016
22,23,Clive Walford,2,4,28,14.0,17,0,0,0,0,0,0,1,2.8,2.8,0.0%,TE,2016
23,24,Charles Clay,5,7,23,4.6,6,0,0,0,0,0,0,1,2.3,2.3,0.0%,TE,2016
24,25,Darren Fells,1,1,22,22.0,22,1,0,0,0,0,0,1,2.2,2.2,0.0%,TE,2016
25,26,Gavin Escobar,2,3,21,10.5,14,0,0,0,0,0,0,1,2.1,2.1,0.0%,TE,2016
26,27,Dion Sims,3,4,20,6.7,9,0,0,0,0,0,0,1,2.0,2.0,0.0%,TE,2016
27,28,David Johnson,0,0,0,0.0,0,0,0,0,0,0,0,1,2.0,2.0,0.0%,TE,2016
28,29,Brent Celek,1,1,19,19.0,19,0,0,0,0,0,0,1,1.9,1.9,0.0%,TE,2016
29,30,Cameron Brate,2,3,18,9.0,10,0,0,0,0,0,0,1,1.8,1.8,2.0%,TE,2016
30,31,Lance Kendricks,4,7,38,9.5,20,1,0,0,0,0,1,1,1.8,1.8,0.0%,TE,2016
31,32,Marcedes Lewis,2,2,16,8.0,15,0,0,0,0,0,0,1,1.6,1.6,0.1%,TE,2016
32,33,Trey Burton,1,2,14,14.0,14,0,0,0,0,0,0,1,1.4,1.4,0.0%,TE,2016
33,34,Stephen Anderson,1,1,14,14.0,14,0,0,0,0,0,0,1,1.4,1.4,0.0%,TE,2016
34,35,Martellus Bennett,1,2,14,14.0,14,0,0,0,0,0,0,1,1.4,1.4,23.0%,TE,2016
35,36,Julius Thomas,3,5,12,4.0,9,0,0,0,0,0,0,1,1.2,1.2,0.0%,TE,2016
36,37,Luke Willson,1,1,12,12.0,12,0,0,0,0,0,0,1,1.2,1.2,0.0%,TE,2016
37,38,Kyle Rudolph,2,3,12,6.0,8,0,0,0,0,0,0,1,1.2,1.2,0.0%,TE,2016
38,39,Seth DeValve,1,1,8,8.0,8,0,0,0,0,0,0,1,0.8,0.8,0.0%,TE,2016
39,40,Jack Doyle,1,2,7,7.0,7,0,0,0,0,0,0,1,0.7,0.7,2.0%,TE,2016
40,41,Jesse James,1,4,5,5.0,5,0,0,0,0,0,0,1,0.5,0.5,0.0%,TE,2016
41,42,MarQueis Gray,1,1,5,5.0,5,0,0,0,0,0,0,1,0.5,0.5,0.0%,TE,2016
42,43,Tyler Higbee,2,3,4,2.0,3,0,0,0,0,0,0,1,0.4,0.4,19.7%,TE,2016
43,44,Derek Carrier,0,0,0,0.0,0,0,0,0,0,0,0,1,0.0,0.0,0.0%,TE,2016
44,45,Dominique Jones,0,0,0,0.0,0,0,0,0,0,0,0,1,0.0,0.0,0.0%,TE,2016
45,46,Cory Harkey,0,0,0,0.0,0,0,0,0,0,0,0,1,0.0,0.0,0.2%,TE,2016
46,47,Ladarius Green,0,2,0,0.0,0,0,0,0,0,0,0,1,0.0,0.0,0.0%,TE,2016
47,48,Dwayne Allen,0,2,0,0.0,0,0,0,0,0,0,0,1,0.0,0.0,0.0%,TE,2016
48,49,Mychal Rivera,0,0,0,0.0,0,0,0,0,0,0,0,1,0.0,0.0,0.2%,TE,2016
49,50,Luke Stocker,0,0,0,0.0,0,0,0,0,0,0,0,1,0.0,0.0,0.0%,TE,2016
50,51,Ryan Hewitt,0,0,0,0.0,0,0,0,0,0,0,0,1,0.0,0.0,0.0%,TE,2016
51,52,Phillip Supernaw,0,0,0,0.0,0,0,0,0,0,0,0,1,0.0,0.0,0.0%,TE,2016
52,53,Jordan Matthews,5,10,59,11.8,26,1,0,0,0,0,0,1,0.0,0.0,0.0%,TE,2016
53,54,Demetrius Harris,0,0,0,0.0,0,0,0,0,0,0,0,1,0.0,0.0,0.0%,TE,2016
54,55,Brandon Williams,0,0,0,0.0,0,0,0,0,0,0,0,1,0.0,0.0,0.0%,TE,2016
55,56,Kelvin Benjamin,3,4,56,18.7,19,0,0,0,0,0,0,1,0.0,0.0,0.1%,TE,2016
56,57,Erik Swoope,0,0,0,0.0,0,0,0,0,0,0,0,1,0.0,0.0,0.0%,TE,2016
57,58,John Phillips,1,1,0,0.0,0,0,0,0,0,0,0,1,0.0,0.0,0.0%,TE,2016
58,59,Brandon Myers,0,0,0,0.0,0,0,0,0,0,0,0,1,0.0,0.0,0.0%,TE,2016
59,60,Anthony Fasano,0,0,0,0.0,0,0,0,0,0,0,0,1,0.0,0.0,0.1%,TE,2016
60,61,Clark Harris,0,0,0,0.0,0,0,0,0,0,0,0,1,0.0,0.0,0.0%,TE,2016
61,62,Ed Dickson,0,1,0,0.0,0,0,0,0,0,0,0,1,0.0,0.0,0.0%,TE,2016
62,63,Clay Harbor,0,0,0,0.0,0,0,0,0,0,0,0,1,0.0,0.0,0.0%,TE,2016
63,64,Logan Paulsen,0,1,0,0.0,0,0,0,0,0,0,0,1,0.0,0.0,0.0%,TE,2016
64,65,Matthew Mulligan,0,0,0,0.0,0,0,0,0,0,0,0,1,0.0,0.0,0.0%,TE,2016
65,66,Vernon Davis,0,1,0,0.0,0,0,0,0,0,0,0,1,0.0,0.0,1.6%,TE,2016
66,67,Blake Bell,0,0,0,0.0,0,0,0,0,0,0,0,1,0.0,0.0,0.0%,TE,2016
67,68,Vince Mayle,0,0,0,0.0,0,0,0,0,0,0,0,1,0.0,0.0,0.0%,TE,2016
68,69,Chris Manhertz,0,0,0,0.0,0,0,0,0,0,0,0,1,0.0,0.0,0.0%,TE,2016
69,70,Jake Fisher,0,0,0,0.0,0,0,0,0,0,0,0,1,0.0,0.0,0.0%,TE,2016
70,71,Matt Lengel,0,0,0,0.0,0,0,0,0,0,0,0,1,0.0,0.0,0.0%,TE,2016
71,72,Randall Telfer,0,0,0,0.0,0,0,0,0,0,0,0,1,0.0,0.0,0.0%,TE,2016
72,73,Darren Waller,0,0,0,0.0,0,0,0,0,0,0,0,1,0.0,0.0,53.0%,TE,2016
73,74,Neal Sterling,0,0,0,0.0,0,0,0,0,0,0,0,1,0.0,0.0,0.0%,TE,2016
74,75,James O'Shaughnessy,0,0,0,0.0,0,0,0,0,0,0,0,1,0.0,0.0,0.0%,TE,2016
75,76,Josh Hill,0,2,0,0.0,0,0,0,0,0,0,0,1,0.0,0.0,0.0%,TE,2016
76,77,Tyler Kroft,0,0,0,0.0,0,0,0,0,0,0,0,1,0.0,0.0,0.0%,TE,2016
77,78,Ben Koyack,0,1,0,0.0,0,0,0,0,0,0,0,1,0.0,0.0,0.0%,TE,2016
78,79,Nick O'Leary,0,0,0,0.0,0,0,0,0,0,0,0,1,0.0,0.0,0.0%,TE,2016
79,80,Devin Funchess,2,7,32,16.0,20,1,0,0,0,0,0,1,0.0,0.0,0.0%,TE,2016
80,81,Kyle Nelson,0,0,0,0.0,0,0,0,0,0,0,0,1,0.0,0.0,0.0%,TE,2016
81,82,Hakeem Valles,0,0,0,0.0,0,0,0,0,0,0,0,1,0.0,0.0,0.0%,TE,2016
82,83,Jerell Adams,0,1,0,0.0,0,0,0,0,0,0,0,1,0.0,0.0,0.0%,TE,2016
83,84,Ben Braunecker,0,0,0,0.0,0,0,0,0,0,0,0,1,0.0,0.0,0.0%,TE,2016
84,85,Andrew DePaola,0,0,0,0.0,0,0,0,0,0,0,0,1,0.0,0.0,0.0%,TE,2016
85,86,Ross Travis,0,0,0,0.0,0,0,0,0,0,0,0,1,0.0,0.0,0.0%,TE,2016
86,87,Kevin McDermott,0,0,0,0.0,0,0,0,0,0,0,0,1,0.0,0.0,0.0%,TE,2016
87,88,Patrick Scales,0,0,0,0.0,0,0,0,0,0,0,0,1,0.0,0.0,0.0%,TE,2016
88,89,James Winchester,0,0,0,0.0,0,0,0,0,0,0,0,1,0.0,0.0,0.0%,TE,2016
89,90,Beau Brinkley,0,0,0,0.0,0,0,0,0,0,0,0,1,0.0,0.0,0.2%,TE,2016
90,91,Rhett Ellison,1,3,-2,-2.0,0,0,0,0,0,0,0,1,-0.2,-0.2,0.0%,TE,2016
