,Rank,Player,Receiving Receptions,Receiving Target,Receiving Yards,Yards/Reception,Longest Reception,Receiving 20+,Receiving Touchdowns,Rushing Attempts,Rushing Yards,Rushing Touchdown,Fumbles,Games Played,Fantasy Football Points,FTPS/Game,ROST,Position,Year
0,1,Delanie Walker,9,11,124,13.8,41,0,1,0,0,0,0,1,18.4,18.4,0.1%,TE,2016
1,2,Cameron Brate,7,7,84,12.0,16,0,1,0,0,0,0,1,14.4,14.4,2.0%,TE,2016
2,3,Kyle Rudolph,5,8,69,13.8,20,2,1,0,0,0,0,1,12.9,12.9,0.0%,TE,2016
3,4,Vernon Davis,3,3,66,22.0,38,0,1,0,0,0,0,1,12.6,12.6,1.6%,TE,2016
4,5,Antonio Gates,4,9,63,15.8,19,0,1,0,0,0,0,1,12.3,12.3,0.2%,TE,2016
5,6,Martellus Bennett,7,7,102,14.6,36,0,0,0,0,0,0,1,10.2,10.2,23.0%,TE,2016
6,7,Tyler Eifert,3,5,96,32.0,71,1,0,0,0,0,0,1,9.6,9.6,0.0%,TE,2016
7,8,Seth DeValve,1,1,25,25.0,25,1,1,0,0,0,0,1,8.5,8.5,0.0%,TE,2016
8,9,Julius Thomas,6,10,24,4.0,12,0,1,0,0,0,0,1,8.4,8.4,0.0%,TE,2016
9,10,Jerell Adams,3,3,18,6.0,10,0,1,0,0,0,0,1,7.8,7.8,0.0%,TE,2016
10,11,Darren Waller,2,2,14,7.0,10,0,1,0,0,0,0,1,7.4,7.4,53.0%,TE,2016
11,12,Hunter Henry,2,2,11,5.5,7,0,1,0,0,0,0,1,7.1,7.1,15.2%,TE,2016
12,13,Anthony Fasano,1,1,9,9.0,9,0,1,0,0,0,0,1,6.9,6.9,0.1%,TE,2016
13,14,Stephen Anderson,1,1,7,7.0,7,0,1,0,0,0,0,1,6.7,6.7,0.0%,TE,2016
14,15,Ryan Griffin,3,4,7,2.3,5,0,1,0,0,0,0,1,6.7,6.7,0.0%,TE,2016
15,16,Jesse James,4,4,59,14.8,24,1,0,0,0,0,0,1,5.9,5.9,0.0%,TE,2016
16,17,Jason Witten,6,8,59,9.8,14,0,0,0,0,0,0,1,5.9,5.9,0.0%,TE,2016
17,18,Rob Gronkowski,3,6,56,18.7,26,2,0,0,0,0,0,1,5.6,5.6,1.5%,TE,2016
18,19,Zach Ertz,6,7,55,9.2,18,0,0,0,0,0,0,1,5.5,5.5,3.6%,TE,2016
19,20,Will Tye,5,8,53,10.6,25,1,0,0,0,0,0,1,5.3,5.3,0.0%,TE,2016
20,21,Travis Kelce,3,6,31,10.3,16,0,0,0,0,0,0,1,5.1,5.1,99.9%,TE,2016
21,22,Vance McDonald,4,6,50,12.5,32,0,0,0,0,0,0,1,5.0,5.0,0.0%,TE,2016
22,23,Jimmy Graham,4,4,48,12.0,19,0,0,0,0,0,0,1,4.8,4.8,0.0%,TE,2016
23,24,Jordan Reed,2,4,41,20.5,25,1,0,0,0,0,0,1,4.1,4.1,19.0%,TE,2016
24,25,Greg Olsen,5,8,39,7.8,14,0,0,0,0,0,0,1,3.9,3.9,7.0%,TE,2016
25,26,Jermaine Gresham,4,6,38,9.5,22,1,0,0,0,0,0,1,3.8,3.8,0.0%,TE,2016
26,27,Ben Koyack,3,3,35,11.7,15,0,0,0,0,0,0,1,3.5,3.5,0.0%,TE,2016
27,28,Zach Miller,4,7,32,8.0,12,0,0,0,0,0,0,1,3.2,3.2,0.0%,TE,2016
28,29,Ladarius Green,3,4,30,10.0,11,0,0,0,0,0,0,1,3.0,3.0,0.0%,TE,2016
29,30,Richard Rodgers,4,7,27,6.8,12,0,0,0,0,0,0,1,2.7,2.7,0.0%,TE,2016
30,31,Dennis Pitta,6,6,26,4.3,13,0,0,0,0,0,0,1,2.6,2.6,0.0%,TE,2016
31,32,Ed Dickson,1,2,26,26.0,26,1,0,0,0,0,0,1,2.6,2.6,0.0%,TE,2016
32,33,Coby Fleener,2,2,26,13.0,18,0,0,0,0,0,0,1,2.6,2.6,0.0%,TE,2016
33,34,C.J. Fiedorowicz,3,5,26,8.7,13,0,0,0,0,0,0,1,2.6,2.6,0.0%,TE,2016
34,35,Virgil Green,2,6,24,12.0,15,0,0,0,0,0,0,1,2.4,2.4,0.0%,TE,2016
35,36,A.J. Derby,2,3,22,11.0,12,0,0,0,0,0,0,1,2.2,2.2,0.0%,TE,2016
36,37,MarQueis Gray,2,2,18,9.0,9,0,0,0,0,0,0,1,1.8,1.8,0.0%,TE,2016
37,38,Sean McGrath,1,1,12,12.0,12,0,0,0,0,0,0,1,1.2,1.2,0.0%,TE,2016
38,39,Luke Stocker,1,2,11,11.0,11,0,0,0,0,0,0,1,1.1,1.1,0.0%,TE,2016
39,40,Brent Celek,1,1,9,9.0,9,0,0,0,0,0,0,1,0.9,0.9,0.0%,TE,2016
40,41,Gary Barnidge,1,4,8,8.0,8,0,0,0,0,0,0,1,0.8,0.8,0.1%,TE,2016
41,42,Austin Hooper,1,3,8,8.0,8,0,0,0,0,0,0,1,0.8,0.8,0.4%,TE,2016
42,43,Rhett Ellison,2,2,8,4.0,6,0,0,0,0,0,0,1,0.8,0.8,0.0%,TE,2016
43,44,Brandon Myers,1,1,6,6.0,6,0,0,0,0,0,0,1,0.6,0.6,0.0%,TE,2016
44,45,Xavier Grimble,1,2,5,5.0,5,0,0,0,0,0,0,1,0.5,0.5,0.0%,TE,2016
45,46,Ross Travis,1,2,5,5.0,5,0,0,0,0,0,0,1,0.5,0.5,0.0%,TE,2016
46,47,David Johnson,1,1,2,2.0,2,0,0,0,0,0,0,1,0.2,0.2,0.0%,TE,2016
47,48,Derek Carrier,0,0,0,0.0,0,0,0,0,0,0,0,1,0.0,0.0,0.0%,TE,2016
48,49,Dominique Jones,0,1,0,0.0,0,0,0,0,0,0,0,1,0.0,0.0,0.0%,TE,2016
49,50,Garrett Celek,0,0,0,0.0,0,0,0,0,0,0,0,1,0.0,0.0,0.0%,TE,2016
50,51,Cory Harkey,0,0,0,0.0,0,0,0,0,0,0,0,1,0.0,0.0,0.2%,TE,2016
51,52,Brandon Bostick,0,0,0,0.0,0,0,0,0,0,0,0,1,0.0,0.0,0.2%,TE,2016
52,53,Dion Sims,0,1,0,0.0,0,0,0,0,0,0,0,1,0.0,0.0,0.0%,TE,2016
53,54,Gavin Escobar,0,0,0,0.0,0,0,0,0,0,0,0,1,0.0,0.0,0.0%,TE,2016
54,55,Levine Toilolo,0,0,0,0.0,0,0,0,0,0,0,0,1,0.0,0.0,0.0%,TE,2016
55,56,Ryan Hewitt,0,0,0,0.0,0,0,0,0,0,0,0,1,0.0,0.0,0.0%,TE,2016
56,57,Phillip Supernaw,0,0,0,0.0,0,0,0,0,0,0,0,1,0.0,0.0,0.0%,TE,2016
57,58,Demetrius Harris,0,1,0,0.0,0,0,0,0,0,0,0,1,0.0,0.0,0.0%,TE,2016
58,59,Brandon Williams,0,0,0,0.0,0,0,0,0,0,0,0,1,0.0,0.0,0.0%,TE,2016
59,60,Larry Donnell,0,0,0,0.0,0,0,0,0,0,0,0,1,0.0,0.0,0.0%,TE,2016
60,61,Kelvin Benjamin,7,12,84,12.0,18,0,0,0,0,0,1,1,0.0,0.0,0.1%,TE,2016
61,62,Jordan Matthews,6,10,73,12.2,20,2,0,0,0,0,0,1,0.0,0.0,0.0%,TE,2016
62,63,Trey Burton,0,0,0,0.0,0,0,0,0,0,0,0,1,0.0,0.0,0.0%,TE,2016
63,64,John Phillips,0,0,0,0.0,0,0,0,0,0,0,0,1,0.0,0.0,0.0%,TE,2016
64,65,Clark Harris,0,0,0,0.0,0,0,0,0,0,0,0,1,0.0,0.0,0.0%,TE,2016
65,66,Lance Kendricks,1,2,0,0.0,0,0,0,0,0,0,0,1,0.0,0.0,0.0%,TE,2016
66,67,Logan Paulsen,0,1,0,0.0,0,0,0,0,0,0,0,1,0.0,0.0,0.0%,TE,2016
67,68,Blake Bell,0,0,0,0.0,0,0,0,0,0,0,0,1,0.0,0.0,0.0%,TE,2016
68,69,Jake Fisher,0,0,0,0.0,0,0,0,0,0,0,0,1,0.0,0.0,0.0%,TE,2016
69,70,C.J. Uzomah,0,0,0,0.0,0,0,0,0,0,0,0,1,0.0,0.0,0.1%,TE,2016
70,71,Neal Sterling,0,0,0,0.0,0,0,0,0,0,0,0,1,0.0,0.0,0.0%,TE,2016
71,72,James O'Shaughnessy,0,0,0,0.0,0,0,0,0,0,0,0,1,0.0,0.0,0.0%,TE,2016
72,73,Geoff Swaim,0,0,0,0.0,0,0,0,0,0,0,0,1,0.0,0.0,0.0%,TE,2016
73,74,Joshua Perkins,0,0,0,0.0,0,0,0,0,0,0,0,1,0.0,0.0,0.0%,TE,2016
74,75,Justin Perillo,0,1,0,0.0,0,0,0,0,0,0,0,1,0.0,0.0,0.0%,TE,2016
75,76,Josh Hill,0,1,0,0.0,0,0,0,0,0,0,0,1,0.0,0.0,0.0%,TE,2016
76,77,Asante Cleveland,0,0,0,0.0,0,0,0,0,0,0,0,1,0.0,0.0,0.0%,TE,2016
77,78,Darren Fells,0,0,0,0.0,0,0,0,0,0,0,0,1,0.0,0.0,0.0%,TE,2016
78,79,Jeff Heuerman,0,0,0,0.0,0,0,0,0,0,0,0,1,0.0,0.0,0.0%,TE,2016
79,80,Tyler Kroft,0,1,0,0.0,0,0,0,0,0,0,0,1,0.0,0.0,0.0%,TE,2016
80,81,Devin Funchess,3,4,56,18.7,38,0,1,0,0,0,0,1,0.0,0.0,0.0%,TE,2016
81,82,Kyle Nelson,0,0,0,0.0,0,0,0,0,0,0,0,1,0.0,0.0,0.0%,TE,2016
82,83,Eric Tomlinson,0,0,0,0.0,0,0,0,0,0,0,0,1,0.0,0.0,0.0%,TE,2016
83,84,Ben Braunecker,0,0,0,0.0,0,0,0,0,0,0,0,1,0.0,0.0,0.0%,TE,2016
84,85,David Morgan,0,0,0,0.0,0,0,0,0,0,0,0,1,0.0,0.0,0.0%,TE,2016
85,86,Hakeem Valles,0,1,0,0.0,0,0,0,0,0,0,0,1,0.0,0.0,0.0%,TE,2016
86,87,Alan Cross,0,0,0,0.0,0,0,0,0,0,0,0,1,0.0,0.0,0.0%,TE,2016
87,88,Beau Brinkley,0,0,0,0.0,0,0,0,0,0,0,0,1,0.0,0.0,0.2%,TE,2016
88,89,Nick Vannett,0,0,0,0.0,0,0,0,0,0,0,0,1,0.0,0.0,0.0%,TE,2016
89,90,Tyler Higbee,0,0,0,0.0,0,0,0,0,0,0,0,1,0.0,0.0,19.7%,TE,2016
90,91,Andrew DePaola,0,0,0,0.0,0,0,0,0,0,0,0,1,0.0,0.0,0.0%,TE,2016
91,92,Kevin McDermott,0,0,0,0.0,0,0,0,0,0,0,0,1,0.0,0.0,0.0%,TE,2016
92,93,Patrick Scales,0,0,0,0.0,0,0,0,0,0,0,0,1,0.0,0.0,0.0%,TE,2016
93,94,James Winchester,0,0,0,0.0,0,0,0,0,0,0,0,1,0.0,0.0,0.0%,TE,2016
94,95,Marcedes Lewis,3,4,-1,-0.3,3,0,0,0,0,0,0,1,-0.1,-0.1,0.1%,TE,2016
95,96,Randall Telfer,1,1,-3,-3.0,0,0,0,0,0,0,0,1,-0.3,-0.3,0.0%,TE,2016
