,Rank,Player,Receiving Receptions,Receiving Target,Receiving Yards,Yards/Reception,Longest Reception,Receiving 20+,Receiving Touchdowns,Rushing Attempts,Rushing Yards,Rushing Touchdown,Fumbles,Games Played,Fantasy Football Points,FTPS/Game,ROST,Position,Year
0,1,Zach Ertz,13,16,139,10.7,20,1,2,0,0,0,0,1,25.9,25.9,3.6%,TE,2016
1,2,Kyle Rudolph,11,15,117,10.6,22,2,1,0,0,0,0,1,17.7,17.7,0.0%,TE,2016
2,3,Antonio Gates,5,8,55,11.0,23,2,1,0,0,0,0,1,11.5,11.5,0.2%,TE,2016
3,4,Hunter Henry,4,5,43,10.8,12,0,1,0,0,0,0,1,10.3,10.3,15.2%,TE,2016
4,5,Gary Barnidge,5,5,40,8.0,15,0,1,0,0,0,0,1,10.0,10.0,0.1%,TE,2016
5,6,Darren Fells,1,2,37,37.0,37,0,1,0,0,0,0,1,9.7,9.7,0.0%,TE,2016
6,7,Dwayne Allen,3,3,34,11.3,15,0,1,0,0,0,0,1,9.4,9.4,0.0%,TE,2016
7,8,Martellus Bennett,3,5,33,11.0,20,1,1,0,0,0,0,1,9.3,9.3,23.0%,TE,2016
8,9,Dennis Pitta,11,16,91,8.3,16,0,0,0,0,0,0,1,9.1,9.1,0.0%,TE,2016
9,10,Luke Willson,3,3,26,8.7,11,0,1,0,0,0,0,1,8.6,8.6,0.0%,TE,2016
10,11,Ben Koyack,3,4,25,8.3,14,0,1,0,0,0,0,1,8.5,8.5,0.0%,TE,2016
11,12,Jordan Reed,5,6,40,8.0,21,1,1,0,0,0,1,1,8.0,8.0,19.0%,TE,2016
12,13,Virgil Green,3,4,17,5.7,8,0,1,0,0,0,0,1,7.7,7.7,0.0%,TE,2016
13,14,C.J. Uzomah,3,3,13,4.3,7,0,1,0,0,0,0,1,7.3,7.3,0.1%,TE,2016
14,15,C.J. Fiedorowicz,2,7,12,6.0,8,0,1,0,0,0,0,1,7.2,7.2,0.0%,TE,2016
15,16,Seth DeValve,1,1,12,12.0,12,0,1,0,0,0,0,1,7.2,7.2,0.0%,TE,2016
16,17,Jack Doyle,2,5,10,5.0,9,0,1,0,0,0,0,1,7.0,7.0,2.0%,TE,2016
17,18,Garrett Celek,1,1,9,9.0,9,0,1,0,0,0,0,1,6.9,6.9,0.0%,TE,2016
18,19,Jimmy Graham,4,7,64,16.0,42,0,0,0,0,0,0,1,6.4,6.4,0.0%,TE,2016
19,20,Eric Ebron,6,6,61,10.2,19,0,0,0,0,0,0,1,6.1,6.1,0.0%,TE,2016
20,21,Jared Cook,4,8,56,14.0,24,1,0,0,0,0,0,1,5.6,5.6,0.0%,TE,2016
21,22,Vernon Davis,2,3,49,24.5,31,0,0,0,0,0,0,1,4.9,4.9,1.6%,TE,2016
22,23,Will Tye,4,5,47,11.8,24,1,0,0,0,0,0,1,4.7,4.7,0.0%,TE,2016
23,24,Trey Burton,5,6,39,7.8,12,0,0,0,0,0,0,1,3.9,3.9,0.0%,TE,2016
24,25,Coby Fleener,3,7,38,12.7,25,1,0,0,0,0,0,1,3.8,3.8,0.0%,TE,2016
25,26,Delanie Walker,5,8,35,7.0,15,0,0,0,0,0,0,1,3.5,3.5,0.1%,TE,2016
26,27,Greg Olsen,3,4,22,7.3,13,0,0,0,0,0,0,1,2.2,2.2,7.0%,TE,2016
27,28,Erik Swoope,1,1,22,22.0,22,1,0,0,0,0,0,1,2.2,2.2,0.0%,TE,2016
28,29,Jeff Heuerman,2,4,21,10.5,19,0,0,0,0,0,0,1,2.1,2.1,0.0%,TE,2016
29,30,Brandon Williams,1,1,20,20.0,20,1,0,0,0,0,0,1,2.0,2.0,0.0%,TE,2016
30,31,Charles Clay,3,7,20,6.7,7,0,0,0,0,0,0,1,2.0,2.0,0.0%,TE,2016
31,32,Levine Toilolo,1,3,18,18.0,18,0,0,0,0,0,0,1,1.8,1.8,0.0%,TE,2016
32,33,Daniel Brown,2,2,18,9.0,12,0,0,0,0,0,0,1,1.8,1.8,0.0%,TE,2016
33,34,Clive Walford,1,3,17,17.0,17,0,0,0,0,0,0,1,1.7,1.7,0.0%,TE,2016
34,35,Jesse James,2,3,16,8.0,14,0,0,0,0,0,0,1,1.6,1.6,0.0%,TE,2016
35,36,Richard Rodgers,1,1,14,14.0,14,0,0,0,0,0,0,1,1.4,1.4,0.0%,TE,2016
36,37,Lance Kendricks,2,3,12,6.0,9,0,0,0,0,0,0,1,1.2,1.2,0.0%,TE,2016
37,38,Ryan Griffin,2,4,10,5.0,9,0,0,0,0,0,0,1,1.0,1.0,0.0%,TE,2016
38,39,Jason Witten,1,1,10,10.0,10,0,0,0,0,0,0,1,1.0,1.0,0.0%,TE,2016
39,40,Mychal Rivera,2,3,9,4.5,6,0,0,0,0,0,0,1,0.9,0.9,0.2%,TE,2016
40,41,Brent Celek,1,2,9,9.0,9,0,0,0,0,0,0,1,0.9,0.9,0.0%,TE,2016
41,42,Travis Kelce,1,2,8,8.0,8,0,0,0,0,0,0,1,0.8,0.8,99.9%,TE,2016
42,43,Gavin Escobar,1,3,7,7.0,7,0,0,0,0,0,0,1,0.7,0.7,0.0%,TE,2016
43,44,Brandon Bostick,1,1,7,7.0,7,0,0,0,0,0,0,1,0.7,0.7,0.2%,TE,2016
44,45,MyCole Pruitt,1,1,6,6.0,6,0,0,0,0,0,0,1,0.6,0.6,0.0%,TE,2016
45,46,Matt Lengel,1,2,4,4.0,4,0,0,0,0,0,0,1,0.4,0.4,0.0%,TE,2016
46,47,Luke Stocker,1,1,1,1.0,1,0,0,0,0,0,0,1,0.1,0.1,0.0%,TE,2016
47,48,Rhett Ellison,0,0,0,0.0,0,0,0,0,0,0,0,1,0.0,0.0,0.0%,TE,2016
48,49,Derek Carrier,0,0,0,0.0,0,0,0,0,0,0,0,1,0.0,0.0,0.0%,TE,2016
49,50,Dion Sims,0,1,0,0.0,0,0,0,0,0,0,0,1,0.0,0.0,0.0%,TE,2016
50,51,Ryan Hewitt,0,0,0,0.0,0,0,0,0,0,0,0,1,0.0,0.0,0.0%,TE,2016
51,52,Phillip Supernaw,0,0,0,0.0,0,0,0,0,0,0,0,1,0.0,0.0,0.0%,TE,2016
52,53,D.J. Tialavea,0,0,0,0.0,0,0,0,0,0,0,0,1,0.0,0.0,0.0%,TE,2016
53,54,Kelvin Benjamin,6,7,93,15.5,47,0,1,0,0,0,0,1,0.0,0.0,0.1%,TE,2016
54,55,MarQueis Gray,0,0,0,0.0,0,0,0,0,0,0,0,1,0.0,0.0,0.0%,TE,2016
55,56,Demetrius Harris,0,1,0,0.0,0,0,0,0,0,0,0,1,0.0,0.0,0.0%,TE,2016
56,57,Sean McGrath,0,0,0,0.0,0,0,0,0,0,0,0,1,0.0,0.0,0.0%,TE,2016
57,58,Larry Donnell,0,0,0,0.0,0,0,0,0,0,0,0,1,0.0,0.0,0.0%,TE,2016
58,59,Xavier Grimble,0,0,0,0.0,0,0,0,0,0,0,0,1,0.0,0.0,0.0%,TE,2016
59,60,David Johnson,0,0,0,0.0,0,0,0,0,0,0,0,1,0.0,0.0,0.0%,TE,2016
60,61,John Phillips,0,2,0,0.0,0,0,0,0,0,0,0,1,0.0,0.0,0.0%,TE,2016
61,62,Anthony Fasano,0,0,0,0.0,0,0,0,0,0,0,0,1,0.0,0.0,0.1%,TE,2016
62,63,Brandon Myers,0,0,0,0.0,0,0,0,0,0,0,0,1,0.0,0.0,0.0%,TE,2016
63,64,Clark Harris,0,0,0,0.0,0,0,0,0,0,0,0,1,0.0,0.0,0.0%,TE,2016
64,65,Logan Paulsen,0,0,0,0.0,0,0,0,0,0,0,0,1,0.0,0.0,0.0%,TE,2016
65,66,Jermaine Gresham,0,2,0,0.0,0,0,0,0,0,0,0,1,0.0,0.0,0.0%,TE,2016
66,67,Ed Dickson,0,1,0,0.0,0,0,0,0,0,0,0,1,0.0,0.0,0.0%,TE,2016
67,68,Clay Harbor,0,0,0,0.0,0,0,0,0,0,0,0,1,0.0,0.0,0.0%,TE,2016
68,69,Jim Dray,0,0,0,0.0,0,0,0,0,0,0,0,1,0.0,0.0,0.0%,TE,2016
69,70,Matthew Mulligan,0,0,0,0.0,0,0,0,0,0,0,0,1,0.0,0.0,0.0%,TE,2016
70,71,Chris Manhertz,0,0,0,0.0,0,0,0,0,0,0,0,1,0.0,0.0,0.0%,TE,2016
71,72,Jake Fisher,0,0,0,0.0,0,0,0,0,0,0,0,1,0.0,0.0,0.0%,TE,2016
72,73,Randall Telfer,0,1,0,0.0,0,0,0,0,0,0,0,1,0.0,0.0,0.0%,TE,2016
73,74,Darren Waller,0,1,0,0.0,0,0,0,0,0,0,0,1,0.0,0.0,53.0%,TE,2016
74,75,James O'Shaughnessy,0,0,0,0.0,0,0,0,0,0,0,0,1,0.0,0.0,0.0%,TE,2016
75,76,Nick Boyle,0,0,0,0.0,0,0,0,0,0,0,0,1,0.0,0.0,0.0%,TE,2016
76,77,Nick O'Leary,0,0,0,0.0,0,0,0,0,0,0,0,1,0.0,0.0,0.0%,TE,2016
77,78,Kyle Nelson,0,0,0,0.0,0,0,0,0,0,0,0,1,0.0,0.0,0.0%,TE,2016
78,79,Eric Tomlinson,0,0,0,0.0,0,0,0,0,0,0,0,1,0.0,0.0,0.0%,TE,2016
79,80,Joshua Perkins,0,0,0,0.0,0,0,0,0,0,0,0,1,0.0,0.0,0.0%,TE,2016
80,81,Ben Braunecker,0,0,0,0.0,0,0,0,0,0,0,0,1,0.0,0.0,0.0%,TE,2016
81,82,David Morgan,0,0,0,0.0,0,0,0,0,0,0,0,1,0.0,0.0,0.0%,TE,2016
82,83,Temarrick Hemingway,0,0,0,0.0,0,0,0,0,0,0,0,1,0.0,0.0,0.0%,TE,2016
83,84,Hakeem Valles,0,0,0,0.0,0,0,0,0,0,0,0,1,0.0,0.0,0.0%,TE,2016
84,85,Alan Cross,0,1,0,0.0,0,0,0,0,0,0,0,1,0.0,0.0,0.0%,TE,2016
85,86,Alex Ellis,0,0,0,0.0,0,0,0,0,0,0,0,1,0.0,0.0,0.0%,TE,2016
86,87,Beau Brinkley,0,0,0,0.0,0,0,0,0,0,0,0,1,0.0,0.0,0.2%,TE,2016
87,88,James Winchester,0,0,0,0.0,0,0,0,0,0,0,0,1,0.0,0.0,0.0%,TE,2016
88,89,Henry Krieger-Coble,0,0,0,0.0,0,0,0,0,0,0,0,1,0.0,0.0,0.0%,TE,2016
89,90,Stephen Anderson,0,1,0,0.0,0,0,0,0,0,0,0,1,0.0,0.0,0.0%,TE,2016
90,91,Tyler Higbee,0,0,0,0.0,0,0,0,0,0,0,0,1,0.0,0.0,19.7%,TE,2016
91,92,Andrew DePaola,0,0,0,0.0,0,0,0,0,0,0,0,1,0.0,0.0,0.0%,TE,2016
92,93,Kevin McDermott,0,0,0,0.0,0,0,0,0,0,0,0,1,0.0,0.0,0.0%,TE,2016
93,94,Patrick Scales,0,0,0,0.0,0,0,0,0,0,0,0,1,0.0,0.0,0.0%,TE,2016
