,Rank,Player,Receiving Receptions,Receiving Target,Receiving Yards,Yards/Reception,Longest Reception,Receiving 20+,Receiving Touchdowns,Rushing Attempts,Rushing Yards,Rushing Touchdown,Fumbles,Games Played,Fantasy Football Points,FTPS/Game,ROST,Position,Year
0,1,Jack Doyle,3,4,35,11.7,16,0,2,0,0,0,0,1,15.5,15.5,2.0%,TE,2016
1,2,Dwayne Allen,4,6,53,13.3,19,0,1,0,0,0,0,1,13.3,13.3,0.0%,TE,2016
2,3,Julius Thomas,5,5,64,12.8,22,1,1,0,0,0,0,1,12.4,12.4,0.0%,TE,2016
3,4,Eric Ebron,5,5,46,9.2,13,0,1,0,0,0,0,1,10.6,10.6,0.0%,TE,2016
4,5,Austin Seferian-Jenkins,1,1,30,30.0,30,0,1,0,0,0,0,1,9.0,9.0,0.0%,TE,2016
5,6,Larry Donnell,1,2,15,15.0,15,0,1,0,0,0,0,1,7.5,7.5,0.0%,TE,2016
6,7,Travis Kelce,6,7,74,12.3,20,1,0,0,0,0,0,1,7.4,7.4,99.9%,TE,2016
7,8,Vance McDonald,2,3,14,7.0,8,0,1,0,0,0,0,1,7.4,7.4,0.0%,TE,2016
8,9,Greg Olsen,7,9,73,10.4,18,0,0,0,0,0,0,1,7.3,7.3,7.0%,TE,2016
9,10,Jason Witten,9,14,66,7.3,17,0,0,0,0,0,0,1,6.6,6.6,0.0%,TE,2016
10,11,Kyle Rudolph,4,8,65,16.3,21,1,0,0,0,0,0,1,6.5,6.5,0.0%,TE,2016
11,12,Jordan Reed,7,11,64,9.1,14,0,0,0,0,0,0,1,6.4,6.4,19.0%,TE,2016
12,13,Brandon Myers,1,1,4,4.0,4,0,1,0,0,0,0,1,6.4,6.4,0.0%,TE,2016
13,14,C.J. Uzomah,2,5,59,29.5,54,0,0,0,0,0,0,1,5.9,5.9,0.1%,TE,2016
14,15,Zach Ertz,6,7,58,9.7,15,0,0,0,0,0,0,1,5.8,5.8,3.6%,TE,2016
15,16,Jacob Tamme,6,8,51,8.5,19,0,0,0,0,0,0,1,5.1,5.1,0.0%,TE,2016
16,17,Marcedes Lewis,2,2,48,24.0,37,0,0,0,0,0,0,1,4.8,4.8,0.1%,TE,2016
17,18,Delanie Walker,3,5,42,14.0,26,1,0,0,0,0,0,1,4.2,4.2,0.1%,TE,2016
18,19,Jermaine Gresham,4,4,41,10.3,15,0,0,0,0,0,0,1,4.1,4.1,0.0%,TE,2016
19,20,Charles Clay,2,3,40,20.0,33,0,0,0,0,0,0,1,4.0,4.0,0.0%,TE,2016
20,21,Dennis Pitta,3,4,39,13.0,27,1,0,0,0,0,0,1,3.9,3.9,0.0%,TE,2016
21,22,Jesse James,5,7,31,6.2,8,0,0,0,0,0,0,1,3.1,3.1,0.0%,TE,2016
22,23,Cameron Brate,3,3,30,10.0,17,0,0,0,0,0,0,1,3.0,3.0,2.0%,TE,2016
23,24,Virgil Green,4,5,28,7.0,13,0,0,0,0,0,0,1,2.8,2.8,0.0%,TE,2016
24,25,Luke Willson,2,4,26,13.0,19,0,0,0,0,0,0,1,2.6,2.6,0.0%,TE,2016
25,26,Clive Walford,3,5,25,8.3,18,0,0,0,0,0,0,1,2.5,2.5,0.0%,TE,2016
26,27,Stephen Anderson,3,3,25,8.3,12,0,0,0,0,0,0,1,2.5,2.5,0.0%,TE,2016
27,28,Richard Rodgers,1,3,22,22.0,22,1,0,0,0,0,0,1,2.2,2.2,0.0%,TE,2016
28,29,Geoff Swaim,1,1,21,21.0,21,1,0,0,0,0,0,1,2.1,2.1,0.0%,TE,2016
29,30,Demetrius Harris,2,3,20,10.0,13,0,0,0,0,0,0,1,2.0,2.0,0.0%,TE,2016
30,31,Hunter Henry,1,2,20,20.0,20,1,0,0,0,0,0,1,2.0,2.0,15.2%,TE,2016
31,32,Vernon Davis,1,1,20,20.0,20,1,0,0,0,0,0,1,2.0,2.0,1.6%,TE,2016
32,33,Antonio Gates,3,4,20,6.7,8,0,0,0,0,0,0,1,2.0,2.0,0.2%,TE,2016
33,34,Ryan Griffin,2,2,17,8.5,12,0,0,0,0,0,0,1,1.7,1.7,0.0%,TE,2016
34,35,Will Tye,3,3,16,5.3,7,0,0,0,0,0,0,1,1.6,1.6,0.0%,TE,2016
35,36,Garrett Celek,1,4,15,15.0,15,0,0,0,0,0,0,1,1.5,1.5,0.0%,TE,2016
36,37,Lance Kendricks,2,3,15,7.5,9,0,0,0,0,0,0,1,1.5,1.5,0.0%,TE,2016
37,38,Martellus Bennett,3,5,14,4.7,5,0,0,0,0,0,0,1,1.4,1.4,23.0%,TE,2016
38,39,Zach Miller,3,4,14,4.7,5,0,0,0,0,0,0,1,1.4,1.4,0.0%,TE,2016
39,40,Austin Hooper,1,1,14,14.0,14,0,0,0,0,0,0,1,1.4,1.4,0.4%,TE,2016
40,41,Jimmy Graham,1,1,11,11.0,11,0,0,0,0,0,0,1,1.1,1.1,0.0%,TE,2016
41,42,Brent Celek,1,1,11,11.0,11,0,0,0,0,0,0,1,1.1,1.1,0.0%,TE,2016
42,43,Jared Cook,1,2,7,7.0,7,0,0,0,0,0,0,1,0.7,0.7,0.0%,TE,2016
43,44,Jordan Cameron,2,3,6,3.0,5,0,0,0,0,0,0,1,0.6,0.6,0.1%,TE,2016
44,45,Coby Fleener,1,4,6,6.0,6,0,0,0,0,0,0,1,0.6,0.6,0.0%,TE,2016
45,46,C.J. Fiedorowicz,1,2,6,6.0,6,0,0,0,0,0,0,1,0.6,0.6,0.0%,TE,2016
46,47,Crockett Gillmore,1,1,5,5.0,5,0,0,0,0,0,0,1,0.5,0.5,0.0%,TE,2016
47,48,Cole Wick,1,1,5,5.0,5,0,0,0,0,0,0,1,0.5,0.5,0.0%,TE,2016
48,49,Tyler Higbee,1,4,2,2.0,2,0,0,0,0,0,0,1,0.2,0.2,19.7%,TE,2016
49,50,Cory Harkey,0,0,0,0.0,0,0,0,0,0,0,0,1,0.0,0.0,0.2%,TE,2016
50,51,Greg Scruggs,0,0,0,0.0,0,0,0,0,0,0,0,1,0.0,0.0,0.2%,TE,2016
51,52,Brandon Bostick,0,0,0,0.0,0,0,0,0,0,0,0,1,0.0,0.0,0.2%,TE,2016
52,53,Dion Sims,0,0,0,0.0,0,0,0,0,0,0,0,1,0.0,0.0,0.0%,TE,2016
53,54,Gavin Escobar,0,0,0,0.0,0,0,0,0,0,0,0,1,0.0,0.0,0.0%,TE,2016
54,55,Levine Toilolo,0,0,0,0.0,0,0,0,0,0,0,0,1,0.0,0.0,0.0%,TE,2016
55,56,Rhett Ellison,0,0,0,0.0,0,0,0,0,0,0,0,1,0.0,0.0,0.0%,TE,2016
56,57,Niles Paul,0,0,0,0.0,0,0,0,0,0,0,0,1,0.0,0.0,0.0%,TE,2016
57,58,Phillip Supernaw,0,0,0,0.0,0,0,0,0,0,0,0,1,0.0,0.0,0.0%,TE,2016
58,59,Ryan Hewitt,0,0,0,0.0,0,0,0,0,0,0,0,1,0.0,0.0,0.0%,TE,2016
59,60,MarQueis Gray,0,0,0,0.0,0,0,0,0,0,0,0,1,0.0,0.0,0.0%,TE,2016
60,61,Sean McGrath,0,0,0,0.0,0,0,0,0,0,0,0,1,0.0,0.0,0.0%,TE,2016
61,62,Brandon Williams,0,0,0,0.0,0,0,0,0,0,0,0,1,0.0,0.0,0.0%,TE,2016
62,63,Kelvin Benjamin,6,12,91,15.2,17,0,1,0,0,0,0,1,0.0,0.0,0.1%,TE,2016
63,64,Jordan Matthews,7,14,114,16.3,28,2,1,0,0,0,0,1,0.0,0.0,0.0%,TE,2016
64,65,Erik Swoope,0,0,0,0.0,0,0,0,0,0,0,0,1,0.0,0.0,0.0%,TE,2016
65,66,Trey Burton,0,0,0,0.0,0,0,0,0,0,0,0,1,0.0,0.0,0.0%,TE,2016
66,67,Troy Niklas,0,0,0,0.0,0,0,0,0,0,0,0,1,0.0,0.0,0.0%,TE,2016
67,68,Xavier Grimble,0,0,0,0.0,0,0,0,0,0,0,0,1,0.0,0.0,0.0%,TE,2016
68,69,Lee Smith,0,0,0,0.0,0,0,0,0,0,0,0,1,0.0,0.0,0.0%,TE,2016
69,70,Gary Barnidge,0,2,0,0.0,0,0,0,0,0,0,0,1,0.0,0.0,0.1%,TE,2016
70,71,John Phillips,0,0,0,0.0,0,0,0,0,0,0,0,1,0.0,0.0,0.0%,TE,2016
71,72,David Johnson,0,0,0,0.0,0,0,0,0,0,0,0,1,0.0,0.0,0.0%,TE,2016
72,73,Anthony Fasano,0,0,0,0.0,0,0,0,0,0,0,0,1,0.0,0.0,0.1%,TE,2016
73,74,Clark Harris,0,0,0,0.0,0,0,0,0,0,0,0,1,0.0,0.0,0.0%,TE,2016
74,75,Luke Stocker,0,0,0,0.0,0,0,0,0,0,0,0,1,0.0,0.0,0.0%,TE,2016
75,76,Ed Dickson,0,0,0,0.0,0,0,0,0,0,0,0,1,0.0,0.0,0.0%,TE,2016
76,77,Jim Dray,0,0,0,0.0,0,0,0,0,0,0,0,1,0.0,0.0,0.0%,TE,2016
77,78,Logan Paulsen,0,1,0,0.0,0,0,0,0,0,0,0,1,0.0,0.0,0.0%,TE,2016
78,79,Kellen Davis,0,0,0,0.0,0,0,0,0,0,0,0,1,0.0,0.0,0.2%,TE,2016
79,80,Jake Fisher,0,0,0,0.0,0,0,0,0,0,0,0,1,0.0,0.0,0.0%,TE,2016
80,81,A.J. Derby,0,0,0,0.0,0,0,0,0,0,0,0,1,0.0,0.0,0.0%,TE,2016
81,82,Randall Telfer,0,0,0,0.0,0,0,0,0,0,0,0,1,0.0,0.0,0.0%,TE,2016
82,83,Neal Sterling,0,0,0,0.0,0,0,0,0,0,0,0,1,0.0,0.0,0.0%,TE,2016
83,84,Khari Lee,0,0,0,0.0,0,0,0,0,0,0,0,1,0.0,0.0,0.0%,TE,2016
84,85,James O'Shaughnessy,0,0,0,0.0,0,0,0,0,0,0,0,1,0.0,0.0,0.0%,TE,2016
85,86,Blake Bell,0,0,0,0.0,0,0,0,0,0,0,0,1,0.0,0.0,0.0%,TE,2016
86,87,Justin Perillo,0,0,0,0.0,0,0,0,0,0,0,0,1,0.0,0.0,0.0%,TE,2016
87,88,Josh Hill,0,0,0,0.0,0,0,0,0,0,0,0,1,0.0,0.0,0.0%,TE,2016
88,89,Darren Fells,0,0,0,0.0,0,0,0,0,0,0,0,1,0.0,0.0,0.0%,TE,2016
89,90,Devin Funchess,1,4,9,9.0,9,0,0,0,0,0,0,1,0.0,0.0,0.0%,TE,2016
90,91,Tyler Kroft,0,0,0,0.0,0,0,0,0,0,0,0,1,0.0,0.0,0.0%,TE,2016
91,92,Ben Koyack,0,0,0,0.0,0,0,0,0,0,0,0,1,0.0,0.0,0.0%,TE,2016
92,93,Nick O'Leary,0,1,0,0.0,0,0,0,0,0,0,0,1,0.0,0.0,0.0%,TE,2016
93,94,Maxx Williams,0,0,0,0.0,0,0,0,0,0,0,0,1,0.0,0.0,0.0%,TE,2016
94,95,Kyle Nelson,0,0,0,0.0,0,0,0,0,0,0,0,1,0.0,0.0,0.0%,TE,2016
95,96,Scott Simonson,0,0,0,0.0,0,0,0,0,0,0,0,1,0.0,0.0,0.0%,TE,2016
96,97,David Morgan,0,0,0,0.0,0,0,0,0,0,0,0,1,0.0,0.0,0.0%,TE,2016
97,98,Ross Travis,0,1,0,0.0,0,0,0,0,0,0,0,1,0.0,0.0,0.0%,TE,2016
98,99,Seth DeValve,0,0,0,0.0,0,0,0,0,0,0,0,1,0.0,0.0,0.0%,TE,2016
99,100,Beau Brinkley,0,0,0,0.0,0,0,0,0,0,0,0,1,0.0,0.0,0.2%,TE,2016
100,101,Andrew DePaola,0,0,0,0.0,0,0,0,0,0,0,0,1,0.0,0.0,0.0%,TE,2016
101,102,Kevin McDermott,0,0,0,0.0,0,0,0,0,0,0,0,1,0.0,0.0,0.0%,TE,2016
102,103,Patrick Scales,0,0,0,0.0,0,0,0,0,0,0,0,1,0.0,0.0,0.0%,TE,2016
103,104,James Winchester,0,0,0,0.0,0,0,0,0,0,0,0,1,0.0,0.0,0.0%,TE,2016
