,Rank,Player,Receiving Receptions,Receiving Target,Receiving Yards,Yards/Reception,Longest Reception,Receiving 20+,Receiving Touchdowns,Rushing Attempts,Rushing Yards,Rushing Touchdown,Fumbles,Games Played,Fantasy Football Points,FTPS/Game,ROST,Position,Year
0,1,Amari Cooper,12,15,173,14.4,34,2,1,0,0,0,0,1,23.3,23.3,91.5%,WR,2016
1,2,J.J. Nelson,8,12,79,9.9,19,0,2,0,0,0,0,1,19.9,19.9,0.0%,WR,2016
2,3,Dez Bryant,4,14,113,28.3,53,2,1,0,0,0,0,1,17.3,17.3,2.6%,WR,2016
3,4,Jamison Crowder,9,13,107,11.9,33,1,1,0,0,0,0,1,16.7,16.7,0.3%,WR,2016
4,5,Tyreek Hill,5,6,98,19.6,49,0,1,1,7,0,0,1,16.5,16.5,100.0%,WR,2016
5,6,Kendall Wright,4,5,84,21.0,36,1,1,1,15,0,0,1,15.9,15.9,0.0%,WR,2016
6,7,Allen Hurns,7,11,98,14.0,31,1,1,0,0,0,0,1,15.8,15.8,0.0%,WR,2016
7,8,Jordy Nelson,4,9,94,23.5,58,1,1,0,0,0,0,1,15.4,15.4,0.1%,WR,2016
8,9,Quincy Enunwa,4,11,93,23.3,57,1,1,0,0,0,0,1,15.3,15.3,0.0%,WR,2016
9,10,Chris Hogan,4,4,91,22.8,53,0,1,0,0,0,0,1,15.1,15.1,0.0%,WR,2016
10,11,Andrew Hawkins,5,9,31,6.2,17,0,2,0,0,0,0,1,15.1,15.1,0.0%,WR,2016
11,12,Mohamed Sanu,9,10,84,9.3,14,0,1,0,0,0,0,1,14.4,14.4,0.0%,WR,2016
12,13,Stefon Diggs,8,13,76,9.5,25,1,1,0,0,0,0,1,13.6,13.6,99.7%,WR,2016
13,14,Seth Roberts,3,7,69,23.0,41,0,1,0,0,0,0,1,12.9,12.9,0.0%,WR,2016
14,15,Taylor Gabriel,3,3,68,22.7,47,0,1,0,0,0,0,1,12.8,12.8,0.1%,WR,2016
15,16,Jordan Matthews,11,15,65,5.9,13,0,1,0,0,0,0,1,12.5,12.5,0.0%,WR,2016
16,17,Alshon Jeffery,4,8,63,15.8,34,0,1,0,0,0,0,1,12.3,12.3,0.0%,WR,2016
17,18,Terrelle Pryor,6,12,101,16.8,35,1,0,0,0,0,0,1,12.1,12.1,0.0%,WR,2016
18,19,A.J. Green,9,18,121,13.4,40,0,0,0,0,0,0,1,12.1,12.1,0.6%,WR,2016
19,20,John Brown,4,4,49,12.3,17,0,1,0,0,0,0,1,10.9,10.9,0.0%,WR,2016
20,21,Michael Crabtree,8,16,108,13.5,45,0,0,0,0,0,0,1,10.8,10.8,0.0%,WR,2016
21,22,Travis Benjamin,3,9,44,14.7,18,0,1,0,0,0,0,1,10.4,10.4,0.0%,WR,2016
22,23,Brandin Cooks,4,6,44,11.0,20,1,1,0,0,0,0,1,10.4,10.4,43.5%,WR,2016
23,24,Jeremy Maclin,3,10,43,14.3,28,1,1,0,0,0,0,1,10.3,10.3,0.0%,WR,2016
24,25,Donte Moncrief,4,9,41,10.3,15,0,1,1,-1,0,0,1,10.0,10.0,0.0%,WR,2016
25,26,Rishard Matthews,4,4,38,9.5,16,0,1,0,0,0,0,1,9.8,9.8,0.0%,WR,2016
26,27,Julian Edelman,4,8,37,9.3,12,0,1,1,0,0,0,1,9.7,9.7,12.1%,WR,2016
27,28,Jeff Janis,4,4,30,7.5,10,0,1,0,0,0,0,1,9.0,9.0,0.0%,WR,2016
28,29,Danny Amendola,3,4,29,9.7,15,0,1,0,0,0,0,1,8.9,8.9,0.0%,WR,2016
29,30,Trevor Davis,3,4,24,8.0,9,0,1,0,0,0,0,1,8.4,8.4,0.0%,WR,2016
30,31,Russell Shepard,2,3,24,12.0,19,0,1,0,0,0,0,1,8.4,8.4,0.0%,WR,2016
31,32,Geronimo Allison,2,4,21,10.5,17,0,1,0,0,0,0,1,8.1,8.1,0.0%,WR,2016
32,33,Demaryius Thomas,5,10,79,15.8,40,0,0,0,0,0,0,1,7.9,7.9,0.1%,WR,2016
33,34,Davante Adams,12,14,74,6.2,22,1,0,0,0,0,0,1,7.4,7.4,99.9%,WR,2016
34,35,Bryan Walters,2,2,14,7.0,7,0,1,0,0,0,0,1,7.4,7.4,0.0%,WR,2016
35,36,Larry Fitzgerald,10,11,74,7.4,11,0,0,0,0,0,0,1,7.4,7.4,0.2%,WR,2016
36,37,Kelvin Benjamin,2,5,73,36.5,50,1,0,0,0,0,0,1,7.3,7.3,0.1%,WR,2016
37,38,Dontrelle Inman,4,7,72,18.0,37,0,0,0,0,0,0,1,7.2,7.2,0.0%,WR,2016
38,39,Allen Robinson,6,15,70,11.7,21,1,0,0,0,0,0,1,7.0,7.0,0.6%,WR,2016
39,40,Mike Evans,4,11,50,12.5,18,0,0,0,0,0,0,1,7.0,7.0,98.1%,WR,2016
40,41,Emmanuel Sanders,4,10,68,17.0,37,0,0,0,0,0,0,1,6.8,6.8,0.0%,WR,2016
41,42,Brandon Marshall,4,9,68,17.0,31,1,0,0,0,0,0,1,6.8,6.8,2.6%,WR,2016
42,43,Pierre Garcon,6,7,67,11.2,23,1,0,0,0,0,0,1,6.7,6.7,0.0%,WR,2016
43,44,Michael Thomas,6,6,63,10.5,17,0,0,0,0,0,0,1,6.3,6.3,17.1%,WR,2016
44,45,Chris Conley,3,5,59,19.7,33,0,0,0,0,0,0,1,5.9,5.9,0.1%,WR,2016
45,46,Walter Powell,3,8,59,19.7,35,0,0,0,0,0,0,1,5.9,5.9,0.0%,WR,2016
46,47,Adam Humphries,3,4,58,19.3,42,0,0,0,0,0,0,1,5.8,5.8,0.0%,WR,2016
47,48,Jermaine Kearse,4,7,57,14.3,23,1,0,0,0,0,0,1,5.7,5.7,0.0%,WR,2016
48,49,Willie Snead,6,8,56,9.3,16,0,0,0,0,0,0,1,5.6,5.6,0.0%,WR,2016
49,50,Dorial Green-Beckham,5,9,55,11.0,14,0,0,0,0,0,0,1,5.5,5.5,0.4%,WR,2016
50,51,Ted Ginn,5,6,53,10.6,16,0,0,0,0,0,0,1,5.3,5.3,0.0%,WR,2016
51,52,Cole Beasley,4,7,53,13.3,24,1,0,0,0,0,0,1,5.3,5.3,0.0%,WR,2016
52,53,Doug Baldwin,4,6,51,12.8,27,1,0,0,0,0,0,1,5.1,5.1,0.0%,WR,2016
53,54,Robert Woods,4,7,50,12.5,20,1,0,0,0,0,0,1,5.0,5.0,2.7%,WR,2016
54,55,DeSean Jackson,3,7,48,16.0,38,0,0,0,0,0,0,1,4.8,4.8,0.6%,WR,2016
55,56,Brandon Coleman,2,2,44,22.0,38,0,0,0,0,0,0,1,4.4,4.4,0.0%,WR,2016
56,57,DeAndre Hopkins,4,7,44,11.0,14,0,0,0,0,0,0,1,4.4,4.4,92.5%,WR,2016
57,58,Golden Tate,7,9,42,6.0,13,0,0,0,0,0,0,1,4.2,4.2,0.0%,WR,2016
58,59,Tyler Boyd,5,7,38,7.6,9,0,0,1,3,0,0,1,4.1,4.1,28.0%,WR,2016
59,60,Adam Thielen,3,5,40,13.3,21,1,0,0,0,0,0,1,4.0,4.0,74.6%,WR,2016
60,61,Devin Funchess,3,4,38,12.7,22,1,0,0,0,0,0,1,3.8,3.8,0.0%,WR,2016
61,62,Jordan Taylor,1,1,35,35.0,35,0,0,0,0,0,0,1,3.5,3.5,0.0%,WR,2016
62,63,Paul Richardson,2,3,33,16.5,23,1,0,0,0,0,0,1,3.3,3.3,0.0%,WR,2016
63,64,Marvin Jones,3,7,33,11.0,11,0,0,0,0,0,0,1,3.3,3.3,0.1%,WR,2016
64,65,Phillip Dorsett,5,5,33,6.6,13,0,0,0,0,0,0,1,3.3,3.3,0.0%,WR,2016
65,66,Ricardo Louis,2,7,32,16.0,25,1,0,0,0,0,0,1,3.2,3.2,0.0%,WR,2016
66,67,Tyler Lockett,4,4,32,8.0,10,0,0,0,0,0,0,1,3.2,3.2,88.8%,WR,2016
67,68,Robbie Chosen,3,6,31,10.3,16,0,0,0,0,0,0,1,3.1,3.1,0.0%,WR,2016
68,69,Brandon Tate,2,3,17,8.5,10,0,0,1,14,0,0,1,3.1,3.1,0.0%,WR,2016
69,70,Julio Jones,3,5,29,9.7,12,0,0,0,0,0,0,1,2.9,2.9,0.6%,WR,2016
70,71,Brittan Golden,2,2,29,14.5,17,0,0,0,0,0,0,1,2.9,2.9,0.0%,WR,2016
71,72,Nelson Agholor,3,4,25,8.3,11,0,0,0,0,0,0,1,2.5,2.5,0.9%,WR,2016
72,73,Terrance Williams,2,7,25,12.5,15,0,0,0,0,0,0,1,2.5,2.5,0.0%,WR,2016
73,74,Cameron Meredith,1,2,24,24.0,24,1,0,0,0,0,0,1,2.4,2.4,0.0%,WR,2016
74,75,William Fuller,1,4,23,23.0,23,1,0,0,0,0,0,1,2.3,2.3,0.0%,WR,2016
75,76,T.Y. Hilton,1,6,20,20.0,20,1,0,0,0,0,0,1,2.0,2.0,3.0%,WR,2016
76,77,Brice Butler,1,3,19,19.0,19,0,0,0,0,0,0,1,1.9,1.9,0.0%,WR,2016
77,78,Braxton Miller,3,3,18,6.0,12,0,0,0,0,0,0,1,1.8,1.8,0.0%,WR,2016
78,79,Tanner McEvoy,0,0,0,0.0,0,0,0,0,0,0,0,1,1.7,1.7,0.0%,WR,2016
79,80,Ryan Grant,1,2,17,17.0,17,0,0,0,0,0,0,1,1.7,1.7,0.0%,WR,2016
80,81,Lucky Whitehead,0,0,0,0.0,0,0,0,1,17,0,0,1,1.7,1.7,0.0%,WR,2016
81,82,Charone Peake,1,1,13,13.0,13,0,0,0,0,0,0,1,1.3,1.3,0.0%,WR,2016
82,83,Justin Hardy,1,1,13,13.0,13,0,0,0,0,0,0,1,1.3,1.3,0.0%,WR,2016
83,84,Tajae Sharpe,1,1,11,11.0,11,0,0,0,0,0,0,1,1.1,1.1,0.0%,WR,2016
84,85,Rashard Higgins,1,1,10,10.0,10,0,0,0,0,0,0,1,1.0,1.0,0.0%,WR,2016
85,86,Jordan Norwood,1,3,9,9.0,9,0,0,0,0,0,0,1,0.9,0.9,0.0%,WR,2016
86,87,Josh Huff,1,1,9,9.0,9,0,0,0,0,0,0,1,0.9,0.9,0.0%,WR,2016
87,88,Justin Hunter,1,5,7,7.0,7,0,0,0,0,0,0,1,0.7,0.7,0.0%,WR,2016
88,89,Brandon LaFell,1,2,6,6.0,6,0,0,0,0,0,0,1,0.6,0.6,0.0%,WR,2016
89,90,Josh Bellamy,1,2,4,4.0,4,0,0,0,0,0,0,1,0.4,0.4,0.0%,WR,2016
90,91,Tyrell Williams,1,6,4,4.0,4,0,0,0,0,0,0,1,0.4,0.4,0.0%,WR,2016
91,92,Anquan Boldin,1,3,4,4.0,4,0,0,0,0,0,0,1,0.4,0.4,0.1%,WR,2016
92,93,Corey Brown,1,5,3,3.0,3,0,0,0,0,0,0,1,0.3,0.3,0.2%,WR,2016
93,94,Jordan Payton,1,1,3,3.0,3,0,0,0,0,0,0,1,0.3,0.3,0.0%,WR,2016
94,95,De'Anthony Thomas,0,1,0,0.0,0,0,0,2,2,0,0,1,0.2,0.2,0.0%,WR,2016
95,96,Johnny Holton,0,0,0,0.0,0,0,0,1,2,0,0,1,0.2,0.2,0.0%,WR,2016
96,97,Marqise Lee,1,3,21,21.0,21,1,0,0,0,0,1,1,0.1,0.1,0.0%,WR,2016
97,98,Duke Williams,0,0,0,0.0,0,0,0,0,0,0,0,1,0.0,0.0,0.0%,WR,2016
98,99,Charles Johnson,0,0,0,0.0,0,0,0,0,0,0,0,1,0.0,0.0,0.0%,WR,2016
99,100,Devin Street,0,3,0,0.0,0,0,0,0,0,0,0,1,0.0,0.0,0.0%,WR,2016
100,101,Andre Holmes,1,1,0,0.0,0,0,0,0,0,0,0,1,0.0,0.0,0.0%,WR,2016
101,102,Griff Whalen,0,1,0,0.0,0,0,0,0,0,0,0,1,0.0,0.0,0.0%,WR,2016
102,103,Deonte Thompson,0,1,0,0.0,0,0,0,0,0,0,0,1,0.0,0.0,0.0%,WR,2016
103,104,Bennie Fowler,0,1,0,0.0,0,0,0,0,0,0,0,1,0.0,0.0,0.0%,WR,2016
104,105,Brenton Bersin,0,0,0,0.0,0,0,0,0,0,0,0,1,0.0,0.0,0.0%,WR,2016
105,106,Freddie Martino,0,0,0,0.0,0,0,0,0,0,0,0,1,0.0,0.0,0.1%,WR,2016
106,107,James Wright,0,0,0,0.0,0,0,0,0,0,0,0,1,0.0,0.0,0.0%,WR,2016
107,108,Albert Wilson,0,0,0,0.0,0,0,0,0,0,0,0,1,0.0,0.0,0.0%,WR,2016
108,109,Matthew Slater,0,0,0,0.0,0,0,0,0,0,0,0,1,0.0,0.0,0.0%,WR,2016
109,110,Andre Johnson,0,0,0,0.0,0,0,0,0,0,0,0,1,0.0,0.0,0.0%,WR,2016
110,111,Eric Weems,0,0,0,0.0,0,0,0,0,0,0,0,1,0.0,0.0,0.0%,WR,2016
111,112,Cecil Shorts,0,4,0,0.0,0,0,0,0,0,0,0,1,0.0,0.0,0.0%,WR,2016
112,113,Aldrick Robinson,0,1,0,0.0,0,0,0,0,0,0,0,1,0.0,0.0,0.0%,WR,2016
113,114,Michael Floyd,0,0,0,0.0,0,0,0,0,0,0,0,1,0.0,0.0,0.0%,WR,2016
114,115,Arrelious Benn,0,1,0,0.0,0,0,0,0,0,0,0,1,0.0,0.0,0.0%,WR,2016
115,116,Marc Mariani,0,0,0,0.0,0,0,0,0,0,0,0,1,0.0,0.0,0.0%,WR,2016
116,117,Andre Roberts,0,0,0,0.0,0,0,0,0,0,0,0,1,0.0,0.0,0.0%,WR,2016
117,118,Laquon Treadwell,0,0,0,0.0,0,0,0,0,0,0,0,1,0.0,0.0,0.0%,WR,2016
118,119,Jaelen Strong,0,0,0,0.0,0,0,0,0,0,0,0,1,0.0,0.0,0.0%,WR,2016
119,120,Tommylee Lewis,0,0,0,0.0,0,0,0,0,0,0,0,1,0.0,0.0,0.0%,WR,2016
120,121,Maurice Harris,0,2,0,0.0,0,0,0,0,0,0,0,1,0.0,0.0,0.0%,WR,2016
121,122,Jalin Marshall,0,0,0,0.0,0,0,0,0,0,0,0,1,0.0,0.0,0.0%,WR,2016
122,123,Alex Erickson,0,0,0,0.0,0,0,0,0,0,0,0,1,0.0,0.0,0.0%,WR,2016
123,124,Demarcus Robinson,0,0,0,0.0,0,0,0,0,0,0,0,1,0.0,0.0,15.2%,WR,2016
124,125,Tevaun Smith,0,0,0,0.0,0,0,0,0,0,0,0,1,0.0,0.0,0.0%,WR,2016
