,Rk,Date,G#,Week,Age,Tm,Unnamed: 6_level_1,Opp,Result,Int,Tgt,Cmp,Cmp%,Yds,Yds/Cmp,Yds/Tgt,TD,Rat,DADOT,Air,YAC,Bltz,Hrry,QBKD,Sk,Prss,Comb,MTkl,MTkl%,Year
0,1.0,2023-09-10,1.0,1.0,26.075,ATL,,CAR,W 24-10,0,0,0,,0,,,0,,,0,0,0,0,0,0.0,0,2.0,0,0.0%,2023
1,2.0,2023-09-17,2.0,2.0,26.082,ATL,,GNB,W 25-24,0,0,0,,0,,,0,,,0,0,0,0,0,,0,,0,,2023
2,3.0,2023-10-08,5.0,5.0,26.103,ATL,,HOU,W 21-19,0,0,0,,0,,,0,,,0,0,0,0,0,,0,,0,,2023
3,4.0,2023-10-15,6.0,6.0,26.11,ATL,,WAS,L 16-24,0,1,1,100.0%,1,1.0,1.0,0,79.2,-3.0,-3,4,0,0,0,0.0,0,1.0,0,0.0%,2023
4,5.0,2023-11-05,9.0,9.0,26.131,ATL,,MIN,L 28-31,0,0,0,,0,,,0,,,0,0,0,0,1,0.0,1,2.0,0,0.0%,2023
5,6.0,2023-11-12,10.0,10.0,26.138,ATL,@,ARI,L 23-25,0,0,0,,0,,,0,,,0,0,0,0,0,0.0,0,1.0,0,0.0%,2023
6,7.0,2023-11-26,11.0,12.0,26.152,ATL,,NOR,W 24-15,0,0,0,,0,,,0,,,0,0,0,0,0,0.0,0,1.0,0,0.0%,2023
7,8.0,2023-12-03,12.0,13.0,26.159,ATL,@,NYJ,W 13-8,0,0,0,,0,,,0,,,0,0,0,0,0,0.0,0,2.0,0,0.0%,2023
8,9.0,2023-12-10,13.0,14.0,26.166,ATL,,TAM,L 25-29,0,0,0,,0,,,0,,,0,0,0,0,0,0.0,0,6.0,0,0.0%,2023
9,10.0,2023-12-17,14.0,15.0,26.173,ATL,@,CAR,L 7-9,0,0,0,,0,,,0,,,0,0,0,0,0,0.0,0,3.0,0,0.0%,2023
10,11.0,2023-12-24,15.0,16.0,26.18,ATL,,IND,W 29-10,0,0,0,,0,,,0,,,0,0,0,0,0,0.0,0,1.0,0,0.0%,2023
11,12.0,2023-12-31,16.0,17.0,26.187,ATL,@,CHI,L 17-37,0,0,0,,0,,,0,,,0,0,0,0,0,0.0,0,1.0,0,0.0%,2023
12,13.0,2024-01-07,17.0,18.0,26.194,ATL,@,NOR,L 17-48,0,0,0,,0,,,0,,,0,0,0,0,0,0.0,0,2.0,0,0.0%,2023
13,,13 Games,,,,,,,6-7-0,0,1,1,100.0%,1,1.0,1.0,0,79.2,-3.0,-3,4,0,0,1,0.0,1,22.0,0,0.0%,2023
