,Rk,Date,G#,Week,Age,Tm,Unnamed: 6_level_1,Opp,Result,Int,Tgt,Cmp,Cmp%,Yds,Yds/Cmp,Yds/Tgt,TD,Rat,DADOT,Air,YAC,Bltz,Hrry,QBKD,Sk,Prss,Comb,MTkl,MTkl%,Year
0,1.0,2023-09-10,1.0,1.0,26.016,ATL,,CAR,W 24-10,0,0,0,,0,,,0,,,0,0,0,0,0,0.0,0,0.0,0,,2023
1,2.0,2023-09-17,2.0,2.0,26.023,ATL,,GNB,W 25-24,0,1,0,0.0%,0,,0.0,0,39.6,20.0,0,0,0,0,0,0.0,0,0.0,0,,2023
2,3.0,2023-09-24,3.0,3.0,26.03,ATL,@,DET,L 6-20,0,1,1,100.0%,14,14.0,14.0,0,118.7,14.0,14,0,0,0,0,0.0,0,2.0,0,0.0%,2023
3,4.0,2023-10-01,4.0,4.0,26.037,ATL,@,JAX,L 7-23,0,0,0,,0,,,0,,,0,0,0,0,0,0.0,0,1.0,0,0.0%,2023
4,5.0,2023-10-08,5.0,5.0,26.044,ATL,,HOU,W 21-19,0,0,0,,0,,,0,,,0,0,0,0,0,,0,,0,,2023
5,6.0,2023-10-15,6.0,6.0,26.051,ATL,,WAS,L 16-24,0,0,0,,0,,,0,,,0,0,0,0,0,,0,,0,,2023
6,7.0,2023-10-22,6.0,7.0,26.058,LAC,@,KAN,L 17-31,0,0,0,,0,,,0,,,0,0,0,0,0,,0,,0,,2023
7,8.0,2023-11-12,9.0,10.0,26.079,LAC,,DET,L 38-41,0,0,0,,0,,,0,,,0,0,0,0,0,,0,,0,,2023
8,9.0,2023-11-19,10.0,11.0,26.086,LAC,@,GNB,L 20-23,0,0,0,,0,,,0,,,0,0,0,0,0,,0,,0,,2023
9,10.0,2023-11-26,11.0,12.0,26.093,LAC,,BAL,L 10-20,0,0,0,,0,,,0,,,0,0,0,0,0,0.0,0,3.0,0,0.0%,2023
10,11.0,2023-12-03,12.0,13.0,26.1,LAC,@,NWE,W 6-0,0,1,0,0.0%,0,,0.0,0,39.6,14.0,0,0,0,0,0,0.0,0,0.0,1,100.0%,2023
11,12.0,2023-12-10,13.0,14.0,26.107,LAC,,DEN,L 7-24,0,0,0,,0,,,0,,,0,0,0,0,0,0.0,0,1.0,0,0.0%,2023
12,13.0,2023-12-14,14.0,15.0,26.111,LAC,@,LVR,L 21-63,0,0,0,,0,,,0,,,0,0,0,0,0,0.0,0,1.0,0,0.0%,2023
13,14.0,2023-12-23,15.0,16.0,26.12,LAC,,BUF,L 22-24,0,2,1,50.0%,15,15.0,7.5,0,75.0,11.5,15,0,0,0,0,0.0,0,5.0,0,0.0%,2023
14,15.0,2023-12-31,16.0,17.0,26.128,LAC,@,DEN,L 9-16,0,1,1,100.0%,6,6.0,6.0,0,91.7,-3.0,-3,9,0,0,0,0.0,0,0.0,0,,2023
15,16.0,2024-01-07,17.0,18.0,26.135,LAC,,KAN,L 12-13,0,0,0,,0,,,0,,,0,0,0,0,0,0.0,0,1.0,0,0.0%,2023
16,,16 Games,,,,,,,4-12-0,0,6,3,50.0%,35,11.7,5.8,0,68.1,11.3,26,9,0,0,0,0.0,0,14.0,1,6.7%,2023
