,Rk,Date,G#,Week,Age,Tm,Unnamed: 6_level_1,Opp,Result,Int,Tgt,Cmp,Cmp%,Yds,Yds/Cmp,Yds/Tgt,TD,Rat,DADOT,Air,YAC,Bltz,Hrry,QBKD,Sk,Prss,Comb,MTkl,MTkl%,Year
0,1.0,2023-09-17,2.0,2.0,26.218,ATL,,GNB,W 25-24,0,0,0,,0,,,0,,,0,0,0,0,0,0.0,0,0,0,,2023
1,2.0,2023-09-24,3.0,3.0,26.225,ATL,@,DET,L 6-20,0,1,0,0.0%,0,,0.0,0,39.6,18.0,0,0,0,0,0,0.0,0,0,0,,2023
2,3.0,2023-10-01,4.0,4.0,26.232,ATL,@,JAX,L 7-23,0,2,2,100.0%,21,10.5,10.5,0,110.4,6.0,12,9,0,0,0,0.0,0,5,0,0.0%,2023
3,4.0,2023-10-08,5.0,5.0,26.239,ATL,,HOU,W 21-19,0,0,0,,0,,,0,,,0,0,0,0,0,0.0,0,1,0,0.0%,2023
4,5.0,2023-10-15,6.0,6.0,26.246,ATL,,WAS,L 16-24,0,0,0,,0,,,0,,,0,0,0,0,0,0.0,0,0,0,,2023
5,6.0,2023-10-22,7.0,7.0,26.253,ATL,@,TAM,W 16-13,0,0,0,,0,,,0,,,0,0,0,0,0,0.0,0,0,0,,2023
6,7.0,2023-10-29,8.0,8.0,26.26,ATL,@,TEN,L 23-28,0,0,0,,0,,,0,,,0,0,0,0,0,0.0,0,1,0,0.0%,2023
7,8.0,2023-11-05,9.0,9.0,26.267,ATL,,MIN,L 28-31,0,2,1,50.0%,6,6.0,3.0,1,95.8,11.0,6,0,0,0,0,0.0,0,0,0,,2023
8,9.0,2023-11-12,10.0,10.0,26.274,ATL,@,ARI,L 23-25,0,0,0,,0,,,0,,,0,0,2,0,0,0.0,0,1,0,0.0%,2023
9,10.0,2023-11-26,11.0,12.0,26.288,ATL,,NOR,W 24-15,0,3,1,33.3%,10,10.0,3.3,0,43.7,11.3,10,0,0,0,0,0.0,0,2,0,0.0%,2023
10,11.0,2023-12-10,13.0,14.0,26.302,ATL,,TAM,L 25-29,0,2,1,50.0%,2,2.0,1.0,0,56.2,8.0,-2,4,0,0,0,0.0,0,1,0,0.0%,2023
11,12.0,2023-12-17,14.0,15.0,26.309,ATL,@,CAR,L 7-9,0,2,1,50.0%,16,16.0,8.0,0,77.1,17.5,15,1,1,0,0,0.0,0,2,2,50.0%,2023
12,13.0,2023-12-24,15.0,16.0,26.316,ATL,,IND,W 29-10,0,4,2,50.0%,25,12.5,6.3,0,69.8,2.8,11,14,1,0,0,0.0,0,3,0,0.0%,2023
13,14.0,2023-12-31,16.0,17.0,26.323,ATL,@,CHI,L 17-37,0,1,0,0.0%,0,,0.0,0,39.6,33.0,0,0,0,0,0,0.0,0,3,0,0.0%,2023
14,15.0,2024-01-07,17.0,18.0,26.33,ATL,@,NOR,L 17-48,0,2,2,100.0%,24,12.0,12.0,0,116.7,6.5,13,11,0,0,0,0.0,0,2,0,0.0%,2023
15,,15 Games,,,,,,,5-10-0,0,19,10,52.6%,104,10.4,5.5,1,86.3,10.2,65,39,4,0,0,0.0,0,21,2,8.7%,2023
