,Rk,Date,G#,Week,Age,Tm,Unnamed: 6_level_1,Opp,Result,Att,Yds,TD,1D,YBC,YBC/Att,YAC,YAC/Att,BrkTkl,Att/Br,Tgt,Rec,Yds,TD,1D,YBC,YBC/R,YAC,YAC/R,ADOT,BrkTkl,Rec/Br,Drop,Drop%,Int,Rat
0,1.0,2023-09-10,1.0,1.0,25.131,GNB,@,CHI,W 38-20,13,19,0,0,4,0.3,15,1.2,0,,3,2,17,0,1,-7,-3.5,24,12.0,-2.0,1,2.0,1,33.3,0.0,81.2
1,2.0,2023-09-17,2.0,2.0,25.138,GNB,@,ATL,L 24-25,15,55,0,3,22,1.5,33,2.2,0,,1,1,8,0,0,4,4.0,4,4.0,4.0,0,,0,0.0,0.0,100.0
2,3.0,2023-09-24,3.0,3.0,25.145,GNB,,NOR,W 18-17,11,33,0,2,16,1.5,17,1.5,1,11.0,0,0,0,0,0,0,,0,,,0,,0,0.0,,
3,4.0,2023-09-28,4.0,4.0,25.149,GNB,,DET,L 20-34,5,11,0,1,11,2.2,0,0.0,0,,1,0,0,0,0,0,,0,,6.0,0,,0,0.0,0.0,39.6
4,5.0,2023-10-09,5.0,5.0,25.16,GNB,@,LVR,L 13-17,20,76,1,6,35,1.8,41,2.1,1,20.0,1,0,0,0,0,0,,0,,-5.0,0,,0,0.0,0.0,39.6
5,6.0,2023-10-22,6.0,7.0,25.173,GNB,@,DEN,L 17-19,15,61,0,1,32,2.1,29,1.9,0,,2,2,34,0,1,2,1.0,32,16.0,1.0,1,2.0,0,0.0,0.0,118.7
6,7.0,2023-10-29,7.0,8.0,25.18,GNB,,MIN,L 10-24,6,11,0,0,9,1.5,2,0.3,0,,5,5,41,0,2,-5,-1.0,46,9.2,-1.0,0,,0,0.0,0.0,100.8
7,8.0,2023-11-05,8.0,9.0,25.187,GNB,,LAR,W 20-3,9,40,0,3,24,2.7,16,1.8,1,9.0,1,1,3,0,0,-8,-8.0,11,11.0,-8.0,0,,0,0.0,0.0,79.2
8,9.0,2023-11-12,9.0,10.0,25.194,GNB,@,PIT,L 19-23,9,70,0,2,43,4.8,27,3.0,1,9.0,3,1,11,0,1,7,7.0,4,4.0,3.7,0,,0,0.0,0.0,45.1
9,10.0,2023-11-19,10.0,11.0,25.201,GNB,,LAC,W 23-20,14,29,0,3,11,0.8,18,1.3,0,,4,4,32,0,1,-1,-0.3,33,8.3,-0.3,1,4.0,0,0.0,0.0,100.0
10,11.0,2023-11-23,11.0,12.0,25.205,GNB,@,DET,W 29-22,14,43,0,2,32,2.3,11,0.8,0,,3,3,38,0,2,7,2.3,31,10.3,2.3,1,3.0,0,0.0,0.0,118.7
11,12.0,2023-12-03,12.0,13.0,25.215,GNB,,KAN,W 27-19,18,73,0,5,29,1.6,44,2.4,0,,1,1,14,0,1,-1,-1.0,15,15.0,-1.0,1,1.0,0,0.0,0.0,118.7
12,13.0,2023-12-11,13.0,14.0,25.223,GNB,@,NYG,L 22-24,15,53,0,2,32,2.1,21,1.4,0,,3,2,25,0,1,-6,-3.0,31,15.5,-1.0,3,0.7,0,0.0,0.0,92.4
13,,13 Games,,,,,,,6-7-0,164,574,1,30,300,1.8,274,1.7,4,41.0,28,22,223,0,10,-8,-0.4,231,10.5,0.0,8,2.8,1,3.6,0.0,99.9
