,Rk,Date,G#,Week,Age,Tm,Unnamed: 6_level_1,Opp,Result,Att,Yds,TD,1D,YBC,YBC/Att,YAC,YAC/Att,BrkTkl,Att/Br,Tgt,Rec,Yds,TD,1D,YBC,YBC/R,YAC,YAC/R,ADOT,BrkTkl,Rec/Br,Drop,Drop%,Int,Rat,Year
0,1.0,2022-09-11,1.0,1.0,25.134,DAL,,TAM,L 3-19,6,8,0,,2,0.3,6,1.0,0,,2,2,14,0,,1,0.5,13,6.5,0.5,0,,0,0.0,0.0,95.8,2022
1,2.0,2022-09-18,2.0,2.0,25.141,DAL,,CIN,W 20-17,9,43,1,3.0,26,2.9,17,1.9,0,,7,4,55,0,2.0,-4,-1.0,59,14.8,-0.9,0,,0,0.0,0.0,82.4,2022
2,3.0,2022-09-26,3.0,3.0,25.149,DAL,@,NYG,W 23-16,13,105,0,5.0,57,4.4,48,3.7,1,13.0,1,0,0,0,0.0,0,,0,,3.0,0,,0,0.0,0.0,39.6,2022
3,4.0,2022-10-02,4.0,4.0,25.155,DAL,,WAS,W 25-10,8,6,0,,-4,-0.5,10,1.3,1,8.0,3,1,2,0,,0,0.0,2,2.0,0.3,0,,0,0.0,0.0,42.4,2022
4,5.0,2022-10-09,5.0,5.0,25.162,DAL,@,LAR,W 22-10,8,86,1,3.0,30,3.8,56,7.0,2,4.0,0,0,0,0,0.0,0,,0,,,0,,0,0.0,,,2022
5,6.0,2022-10-16,6.0,6.0,25.169,DAL,@,PHI,L 17-26,11,44,0,2.0,27,2.5,17,1.5,1,11.0,3,2,8,0,1.0,5,2.5,3,1.5,0.0,0,,0,0.0,0.0,70.1,2022
6,7.0,2022-10-23,7.0,7.0,25.176,DAL,,DET,W 24-6,12,83,0,2.0,24,2.0,59,4.9,1,12.0,2,2,26,0,1.0,2,1.0,24,12.0,1.0,0,,0,0.0,0.0,118.7,2022
7,8.0,2022-10-30,8.0,8.0,25.183,DAL,,CHI,W 49-29,14,131,3,6.0,56,4.0,75,5.4,0,,1,1,16,0,1.0,2,2.0,14,14.0,2.0,0,,0,0.0,0.0,118.7,2022
8,9.0,2022-11-13,9.0,10.0,25.197,DAL,@,GNB,L 28-31,22,115,1,4.0,70,3.2,45,2.0,0,,6,3,13,0,1.0,-11,-3.7,24,8.0,-1.2,0,,1,16.7,0.0,56.2,2022
9,10.0,2022-11-20,10.0,11.0,25.204,DAL,@,MIN,W 40-3,15,80,0,5.0,43,2.9,37,2.5,0,,6,6,109,2,4.0,6,1.0,103,17.2,1.0,0,,0,0.0,0.0,158.3,2022
10,11.0,2022-11-24,11.0,12.0,25.208,DAL,,NYG,W 28-20,18,60,0,3.0,25,1.4,35,1.9,0,,2,2,1,0,0.0,0,0.0,1,0.5,0.0,0,,0,0.0,0.0,79.2,2022
11,12.0,2022-12-04,12.0,13.0,25.218,DAL,,IND,W 54-19,12,91,2,4.0,46,3.8,45,3.8,2,6.0,3,2,15,0,1.0,-2,-1.0,17,8.5,2.0,0,,1,33.3,0.0,78.5,2022
12,13.0,2022-12-11,13.0,14.0,25.225,DAL,,HOU,W 27-23,10,42,1,5.0,19,1.9,23,2.3,1,10.0,5,4,20,1,1.0,4,1.0,16,4.0,0.6,0,,0,0.0,0.0,122.9,2022
13,14.0,2022-12-18,14.0,15.0,25.232,DAL,@,JAX,L 34-40,19,75,0,4.0,53,2.8,22,1.2,2,9.5,5,4,31,0,2.0,6,1.5,25,6.3,5.2,1,4.0,0,0.0,0.0,92.5,2022
14,15.0,2022-12-24,15.0,16.0,25.238,DAL,,PHI,W 40-34,9,19,0,0.0,19,2.1,0,0.0,0,,8,6,61,0,4.0,15,2.5,46,7.7,4.3,1,6.0,1,12.5,0.0,96.4,2022
15,16.0,2023-01-08,17.0,18.0,25.253,DAL,@,WAS,L 6-26,7,19,0,,11,1.6,8,1.1,0,,1,0,0,0,,0,,0,,4.0,0,,0,0.0,0.0,39.6,2022
16,,16 Games,,,,,,,11-5-0,193,1007,9,46.0,504,2.6,503,2.6,11,17.5,55,39,371,3,18.0,24,0.6,347,8.9,1.4,2,19.5,3,5.5,0.0,107.5,2022
