,Rank,Player,Tackle,Assist,Sack,Pass Defended,Interception,Forced Fumble,Fumble Recovery,Defend Touchdown,Games Played,Fantasy Football Points,FTPS/Game,ROST,Position,Year
0,1,Jaquan Brisker,13,4,0.0,2,0,1,0,0,1,29.5,29.5,46.7%,DB,2023
1,2,Jordan Howden,7,3,1.0,1,0,1,0,0,1,22.3,22.3,2.2%,DB,2023
2,3,Martin Emerson,4,0,0.0,3,2,0,0,0,1,20.5,20.5,2.5%,DB,2023
3,4,Deonte Banks,9,3,0.0,1,0,0,0,0,1,19.8,19.8,13.1%,DB,2023
4,5,Ja'Quan McMillian,5,0,1.0,2,0,0,0,0,1,19.5,19.5,1.2%,DB,2023
5,6,Julian Love,5,1,0.0,1,1,1,0,0,1,18.8,18.8,33.4%,DB,2023
6,7,Greg Newsome,5,0,0.0,4,1,0,0,0,1,18.5,18.5,5.3%,DB,2023
7,8,Zyon McCollum,6,3,0.0,2,0,1,0,0,1,18.3,18.3,5.9%,DB,2023
8,9,Ronnie Harrison,3,1,0.0,1,1,0,0,1,1,17.8,17.8,0.5%,DB,2023
9,10,Stephon Gilmore,9,0,0.0,0,0,1,0,0,1,17.5,17.5,1.5%,DB,2023
10,11,Antoine Winfield,4,4,1.0,0,0,1,0,0,1,17.0,17.0,70.3%,DB,2023
11,12,Sean Murphy-Bunting,7,0,0.0,1,0,0,0,0,1,17.0,17.0,10.3%,DB,2023
12,13,Taron Johnson,6,3,0.0,1,0,0,1,0,1,16.8,16.8,30.9%,DB,2023
13,14,P.J. Locke,2,5,1.0,1,0,1,0,0,1,16.3,16.3,5.5%,DB,2023
14,15,Justin Simmons,3,3,1.0,1,0,1,0,0,1,16.3,16.3,11.6%,DB,2023
15,16,Jessie Bates,7,2,0.0,1,0,0,0,0,1,16.0,16.0,69.2%,DB,2023
16,17,Derwin James,8,3,0.0,1,0,0,0,0,1,15.8,15.8,75.9%,DB,2023
17,18,Mike Edwards,10,1,0.0,0,0,0,0,0,1,15.8,15.8,4.2%,DB,2023
18,19,Carlton Davis,4,0,0.0,3,1,0,0,0,1,15.5,15.5,4.3%,DB,2023
19,20,Trent McDuffie,3,3,1.0,1,0,0,0,0,1,14.8,14.8,31.6%,DB,2023
20,21,Donovan Wilson,4,1,0.0,0,0,1,1,0,1,14.8,14.8,20.6%,DB,2023
21,22,Ji'Ayir Brown,5,1,0.0,1,1,0,0,0,1,14.8,14.8,6.5%,DB,2023
22,23,Brandon Jones,5,2,0.0,1,0,1,0,0,1,14.5,14.5,19.8%,DB,2023
23,24,Jason Pinnock,4,0,0.0,2,1,0,0,0,1,14.0,14.0,15.4%,DB,2023
24,25,Alontae Taylor,3,3,0.0,2,0,1,0,0,1,13.8,13.8,3.2%,DB,2023
25,26,L'Jarius Sneed,5,2,0.0,3,0,0,0,0,1,13.5,13.5,47.7%,DB,2023
26,27,Grant Delpit,4,1,1.0,0,0,0,0,0,1,13.3,13.3,21.3%,DB,2023
27,28,Alohi Gilman,6,2,0.0,0,0,0,0,0,1,13.0,13.0,10.7%,DB,2023
28,29,Darious Williams,2,0,0.0,3,1,0,0,0,1,12.5,12.5,10.5%,DB,2023
29,30,Ahkello Witherspoon,4,0,0.0,1,1,0,0,0,1,12.5,12.5,0.2%,DB,2023
30,31,Josh Metellus,4,3,0.0,0,0,1,0,0,1,12.3,12.3,41.4%,DB,2023
31,32,Chidobe Awuzie,4,1,0.0,2,0,0,0,0,1,12.3,12.3,2.3%,DB,2023
32,33,Montaric Brown,7,0,0.0,1,0,0,0,0,1,12.0,12.0,0.5%,DB,2023
33,34,Michael Davis,3,1,0.0,1,1,0,0,0,1,11.8,11.8,0.9%,DB,2023
34,35,DaRon Bland,4,1,0.0,0,0,0,0,0,1,11.8,11.8,42.1%,DB,2023
35,36,Kyle Dugger,4,3,0.5,1,0,0,0,0,1,11.8,11.8,23.6%,DB,2023
36,37,Antonio Johnson,1,1,1.0,1,0,1,0,0,1,11.8,11.8,1.4%,DB,2023
37,38,Marcus Epps,4,2,0.0,1,0,0,0,0,1,11.5,11.5,4.0%,DB,2023
38,39,Christian Benford,5,0,0.0,0,0,1,0,0,1,11.5,11.5,13.0%,DB,2023
39,40,Bradley Roby,5,2,0.0,0,0,0,0,0,1,11.5,11.5,0.0%,DB,2023
40,41,Sydney Brown,5,3,0.0,1,0,0,0,0,1,11.3,11.3,4.0%,DB,2023
41,42,Jaycee Horn,6,1,0.0,1,0,0,0,0,1,11.3,11.3,5.3%,DB,2023
42,43,Darrell Baker,6,1,0.0,1,0,0,0,0,1,11.3,11.3,0.4%,DB,2023
43,44,Jalen Pitre,7,1,0.0,0,0,0,0,0,1,11.3,11.3,46.2%,DB,2023
44,45,John Johnson,7,1,0.0,0,0,0,0,0,1,11.3,11.3,0.0%,DB,2023
45,46,Jack Jones,4,1,0.0,1,0,0,0,0,1,10.8,10.8,3.4%,DB,2023
46,47,Brandon Stephens,5,1,0.0,0,0,0,0,0,1,10.8,10.8,4.5%,DB,2023
47,48,Jalen Mills,4,3,0.0,0,0,0,0,0,1,10.8,10.8,0.5%,DB,2023
48,49,Kyle Hamilton,4,3,0.0,0,0,0,0,0,1,10.8,10.8,47.8%,DB,2023
49,50,Markquese Bell,3,1,0.0,1,0,1,0,0,1,10.8,10.8,11.5%,DB,2023
50,51,Sauce Gardner,3,1,0.0,2,0,0,0,0,1,10.8,10.8,18.1%,DB,2023
51,52,Riq Woolen,4,1,0.0,0,0,0,1,0,1,10.8,10.8,3.8%,DB,2023
52,53,D.J. Reed,4,0,0.0,3,0,0,0,0,1,10.5,10.5,10.1%,DB,2023
53,54,Roger McCreary,5,2,0.0,1,0,0,0,0,1,10.5,10.5,21.1%,DB,2023
54,55,Myles Bryant,3,2,0.0,1,0,0,0,0,1,10.0,10.0,2.8%,DB,2023
55,56,Carrington Valentine,4,0,0.0,0,0,0,1,0,1,10.0,10.0,0.4%,DB,2023
56,57,Darius Slay,3,1,0.0,3,0,0,0,0,1,9.8,9.8,10.0%,DB,2023
57,58,Xavier Woods,5,1,0.0,1,0,0,0,0,1,9.8,9.8,11.3%,DB,2023
58,59,K'Von Wallace,6,1,0.0,0,0,0,0,0,1,9.8,9.8,1.9%,DB,2023
59,60,Tyrann Mathieu,5,1,0.0,1,0,0,0,0,1,9.8,9.8,10.0%,DB,2023
60,61,Rayshawn Jenkins,5,1,0.0,1,0,0,0,0,1,9.8,9.8,25.3%,DB,2023
61,62,Darnell Savage,6,1,0.0,0,0,0,0,0,1,9.8,9.8,5.1%,DB,2023
62,63,Jabrill Peppers,1,2,0.0,1,1,0,0,0,1,9.5,9.5,10.4%,DB,2023
63,64,Mike Hilton,4,1,0.0,0,0,0,0,0,1,9.3,9.3,11.0%,DB,2023
64,65,Jaylon Jones,4,1,0.0,0,0,0,0,0,1,9.3,9.3,0.5%,DB,2023
65,66,Kader Kohou,5,0,0.0,1,0,0,0,0,1,9.0,9.0,2.5%,DB,2023
66,67,Clark Phillips,3,2,0.0,2,0,0,0,0,1,9.0,9.0,1.6%,DB,2023
67,68,Marcus Williams,5,0,0.0,1,0,0,0,0,1,9.0,9.0,7.1%,DB,2023
68,69,DeShon Elliott,4,4,0.0,0,0,0,0,0,1,9.0,9.0,8.0%,DB,2023
69,70,Julian Blackmon,5,2,0.0,0,0,0,0,0,1,9.0,9.0,14.3%,DB,2023
70,71,Kenny Moore,3,0,0.0,1,0,0,0,0,1,8.5,8.5,29.0%,DB,2023
71,72,Malik Hooker,1,2,0.0,1,0,0,1,0,1,8.5,8.5,3.8%,DB,2023
72,73,Geno Stone,5,1,0.0,0,0,0,0,0,1,8.3,8.3,3.5%,DB,2023
73,74,Tyrique Stevenson,4,1,0.0,1,0,0,0,0,1,8.3,8.3,12.8%,DB,2023
74,75,Justin Reid,3,3,0.0,1,0,0,0,0,1,8.3,8.3,33.4%,DB,2023
75,76,Xavien Howard,2,1,0.0,3,0,0,0,0,1,8.3,8.3,1.4%,DB,2023
76,77,Asante Samuel,4,1,0.0,1,0,0,0,0,1,8.3,8.3,4.5%,DB,2023
77,78,Vonn Bell,4,3,0.0,0,0,0,0,0,1,8.3,8.3,5.5%,DB,2023
78,79,Tre'von Moehrig,4,1,0.0,1,0,0,0,0,1,8.3,8.3,5.5%,DB,2023
79,80,Isaiah Oliver,5,1,0.0,0,0,0,0,0,1,8.3,8.3,0.4%,DB,2023
80,81,Amani Hooker,4,1,0.0,1,0,0,0,0,1,8.3,8.3,14.9%,DB,2023
81,82,Andrew Wingard,2,1,0.0,0,0,1,0,0,1,7.8,7.8,1.6%,DB,2023
82,83,Mekhi Blackmon,1,3,0.0,0,0,0,1,0,1,7.8,7.8,1.2%,DB,2023
83,84,Minkah Fitzpatrick,2,3,0.0,0,0,0,0,0,1,7.8,7.8,36.8%,DB,2023
84,85,Xavier McKinney,1,3,0.0,0,0,0,1,0,1,7.8,7.8,35.6%,DB,2023
85,86,Amik Robertson,4,0,0.0,1,0,0,0,0,1,7.5,7.5,0.5%,DB,2023
86,87,Jordan Fuller,5,0,0.0,0,0,0,0,0,1,7.5,7.5,10.1%,DB,2023
87,88,Tre Avery,5,0,0.0,0,0,0,0,0,1,7.5,7.5,0.2%,DB,2023
88,89,Kerby Joseph,4,0,0.0,1,0,0,0,0,1,7.5,7.5,10.6%,DB,2023
89,90,Pat Surtain,5,0,0.0,0,0,0,0,0,1,7.5,7.5,11.5%,DB,2023
90,91,Kevin Byard,3,2,0.0,1,0,0,0,0,1,7.5,7.5,29.1%,DB,2023
91,92,Derek Stingley,5,0,0.0,0,0,0,0,0,1,7.5,7.5,11.1%,DB,2023
92,93,Paulson Adebo,5,0,0.0,0,0,0,0,0,1,7.5,7.5,27.3%,DB,2023
93,94,Jonathan Jones,5,0,0.0,0,0,0,0,0,1,7.5,7.5,1.9%,DB,2023
94,95,Joey Porter,4,0,0.0,1,0,0,0,0,1,7.5,7.5,5.3%,DB,2023
95,96,Richie Grant,4,2,0.0,0,0,0,0,0,1,7.5,7.5,13.5%,DB,2023
96,97,Jaylon Johnson,0,1,0.0,1,1,0,0,0,1,7.3,7.3,4.8%,DB,2023
97,98,Kindle Vildor,3,0,0.0,0,0,0,0,0,1,7.0,7.0,0.0%,DB,2023
98,99,DJ Ivey,1,0,0.0,1,0,0,1,0,1,7.0,7.0,0.0%,DB,2023
99,100,Elijah Campbell,2,0,0.0,0,0,0,1,0,1,7.0,7.0,0.2%,DB,2023
100,101,James Bradberry,4,1,0.0,0,0,0,0,0,1,6.8,6.8,2.0%,DB,2023
101,102,Cor'Dale Flott,4,1,0.0,0,0,0,0,0,1,6.8,6.8,1.2%,DB,2023
102,103,Marlon Humphrey,3,1,0.0,1,0,0,0,0,1,6.8,6.8,4.8%,DB,2023
103,104,Deommodore Lenoir,2,1,0.0,2,0,0,0,0,1,6.8,6.8,13.6%,DB,2023
104,105,Dax Hill,3,3,0.0,0,0,0,0,0,1,6.8,6.8,16.4%,DB,2023
105,106,Quandre Diggs,3,3,0.0,0,0,0,0,0,1,6.8,6.8,3.1%,DB,2023
106,107,Byron Murphy,4,1,0.0,0,0,0,0,0,1,6.8,6.8,7.1%,DB,2023
107,108,Isaac Yiadom,1,1,0.0,3,0,0,0,0,1,6.8,6.8,0.0%,DB,2023
108,109,Camryn Bynum,3,1,0.0,1,0,0,0,0,1,6.8,6.8,55.0%,DB,2023
109,110,Ambry Thomas,4,0,0.0,0,0,0,0,0,1,6.0,6.0,1.4%,DB,2023
110,111,Terell Smith,4,0,0.0,0,0,0,0,0,1,6.0,6.0,0.5%,DB,2023
111,112,Nate Hobbs,4,0,0.0,0,0,0,0,0,1,6.0,6.0,32.8%,DB,2023
112,113,Steven Nelson,3,2,0.0,0,0,0,0,0,1,6.0,6.0,0.2%,DB,2023
113,114,Adoree' Jackson,2,2,0.0,1,0,0,0,0,1,6.0,6.0,1.2%,DB,2023
114,115,Tony Adams,2,2,0.0,1,0,0,0,0,1,6.0,6.0,4.4%,DB,2023
115,116,Michael Jackson,2,0,0.0,2,0,0,0,0,1,6.0,6.0,1.2%,DB,2023
116,117,Rudy Ford,1,0,0.0,0,0,0,1,0,1,5.5,5.5,4.0%,DB,2023
117,118,Jayron Kearse,3,1,0.0,0,0,0,0,0,1,5.3,5.3,1.3%,DB,2023
118,119,Keisean Nixon,3,1,0.0,0,0,0,0,0,1,5.3,5.3,22.9%,DB,2023
119,120,Fabian Moreau,2,1,0.0,1,0,0,0,0,1,5.3,5.3,0.0%,DB,2023
120,121,Micah Hyde,2,3,0.0,0,0,0,0,0,1,5.3,5.3,1.2%,DB,2023
121,122,Jourdan Lewis,3,1,0.0,0,0,0,0,0,1,5.3,5.3,2.0%,DB,2023
122,123,Ryan Neal,3,1,0.0,0,0,0,0,0,1,5.3,5.3,2.0%,DB,2023
123,124,Jamal Adams,3,1,0.0,0,0,0,0,0,1,5.3,5.3,3.4%,DB,2023
124,125,Reed Blankenship,3,0,0.0,0,0,0,0,0,1,4.5,4.5,40.7%,DB,2023
125,126,D'Anthony Bell,3,0,0.0,0,0,0,0,0,1,4.5,4.5,0.0%,DB,2023
126,127,Jordan Poyer,2,2,0.0,0,0,0,0,0,1,4.5,4.5,26.4%,DB,2023
127,128,Ronnie Hickman,2,0,0.0,1,0,0,0,0,1,4.5,4.5,0.5%,DB,2023
128,129,Jerry Jacobs,2,0,0.0,1,0,0,0,0,1,4.5,4.5,12.6%,DB,2023
129,130,DJ Turner,3,0,0.0,0,0,0,0,0,1,4.5,4.5,3.0%,DB,2023
130,131,Jordan Battle,3,0,0.0,0,0,0,0,0,1,4.5,4.5,10.4%,DB,2023
131,132,Ifeatu Melifonwu,2,2,0.0,0,0,0,0,0,1,4.5,4.5,5.9%,DB,2023
132,133,Nick Cross,2,2,0.0,0,0,0,0,0,1,4.5,4.5,2.9%,DB,2023
133,134,Eddie Jackson,3,0,0.0,0,0,0,0,0,1,4.5,4.5,3.1%,DB,2023
134,135,Damontae Kazee,3,0,0.0,0,0,0,0,0,1,4.5,4.5,1.6%,DB,2023
135,136,Russ Yeast,3,0,0.0,0,0,0,0,0,1,4.5,4.5,3.5%,DB,2023
136,137,Andre Cisco,3,0,0.0,0,0,0,0,0,1,4.5,4.5,3.8%,DB,2023
137,138,Derion Kendrick,3,0,0.0,0,0,0,0,0,1,4.5,4.5,0.9%,DB,2023
138,139,Tashaun Gipson,2,2,0.0,0,0,0,0,0,1,4.5,4.5,0.4%,DB,2023
139,140,Patrick Peterson,3,0,0.0,0,0,0,0,0,1,4.5,4.5,0.9%,DB,2023
140,141,Jay Ward,0,0,0.0,0,0,0,1,0,1,4.0,4.0,0.2%,DB,2023
141,142,Johnathan Abram,1,0,0.0,0,0,0,0,0,1,4.0,4.0,2.0%,DB,2023
142,143,A.J. Terrell,1,1,0.0,1,0,0,0,0,1,3.8,3.8,4.0%,DB,2023
143,144,Cameron Sutton,2,1,0.0,0,0,0,0,0,1,3.8,3.8,0.2%,DB,2023
144,145,Rasul Douglas,0,3,0.0,1,0,0,0,0,1,3.8,3.8,8.5%,DB,2023
145,146,Jalen Ramsey,1,1,0.0,1,0,0,0,0,1,3.8,3.8,17.9%,DB,2023
146,147,Cameron Mitchell,1,1,0.0,1,0,0,0,0,1,3.8,3.8,0.2%,DB,2023
147,148,Christian Izien,2,0,0.0,0,0,0,0,0,1,3.0,3.0,0.9%,DB,2023
148,149,Jordan Whitehead,1,2,0.0,0,0,0,0,0,1,3.0,3.0,16.9%,DB,2023
149,150,Brian Branch,1,2,0.0,0,0,0,0,0,1,3.0,3.0,37.3%,DB,2023
150,151,Troy Hill,2,0,0.0,0,0,0,0,0,1,3.0,3.0,2.7%,DB,2023
151,152,Gregory Junior,1,2,0.0,0,0,0,0,0,1,3.0,3.0,0.2%,DB,2023
152,153,Jonathan Owens,2,0,0.0,0,0,0,0,0,1,3.0,3.0,5.5%,DB,2023
153,154,Ashtyn Davis,2,0,0.0,0,0,0,0,0,1,3.0,3.0,3.4%,DB,2023
154,155,Charvarius Ward,0,1,0.0,1,0,0,0,0,1,2.3,2.3,30.2%,DB,2023
155,156,Michael Carter,0,1,0.0,1,0,0,0,0,1,2.3,2.3,0.0%,DB,2023
156,157,Jeremy Chinn,0,3,0.0,0,0,0,0,0,1,2.3,2.3,7.0%,DB,2023
157,158,Kaevon Merriweather,0,1,0.0,1,0,0,0,0,1,2.3,2.3,0.4%,DB,2023
158,159,Harrison Smith,1,1,0.0,0,0,0,0,0,1,2.3,2.3,18.9%,DB,2023
159,160,Akayleb Evans,1,1,0.0,0,0,0,0,0,1,2.3,2.3,3.6%,DB,2023
160,161,Mike Ford,1,0,0.0,0,0,0,0,0,1,1.5,1.5,0.0%,DB,2023
161,162,Arthur Maulet,1,0,0.0,0,0,0,0,0,1,1.5,1.5,0.9%,DB,2023
162,163,Levi Wallace,1,0,0.0,0,0,0,0,0,1,1.5,1.5,2.0%,DB,2023
163,164,Trenton Thompson,1,0,0.0,0,0,0,0,0,1,1.5,1.5,0.4%,DB,2023
164,165,Lonnie Johnson,1,0,0.0,0,0,0,0,0,1,1.5,1.5,0.2%,DB,2023
165,166,J.C. Jackson,1,0,0.0,0,0,0,0,0,1,1.5,1.5,1.2%,DB,2023
166,167,Devon Witherspoon,0,0,0.0,1,0,0,0,0,1,1.5,1.5,43.0%,DB,2023
167,168,Jakorian Bennett,1,0,0.0,0,0,0,0,0,1,1.5,1.5,1.1%,DB,2023
168,169,Eric Garror,1,0,0.0,0,0,0,0,0,1,1.5,1.5,0.0%,DB,2023
169,170,Taylor Rapp,0,2,0.0,0,0,0,0,0,1,1.5,1.5,7.7%,DB,2023
170,171,Desmond King,1,0,0.0,0,0,0,0,0,1,1.5,1.5,12.6%,DB,2023
171,172,Mike Hughes,1,0,0.0,0,0,0,0,0,1,1.5,1.5,1.1%,DB,2023
172,173,Rodney Thomas,1,0,0.0,0,0,0,0,0,1,1.5,1.5,0.9%,DB,2023
173,174,Corey Ballentine,1,0,0.0,0,0,0,0,0,1,1.5,1.5,0.6%,DB,2023
174,175,Dee Delaney,0,1,0.0,0,0,0,0,0,1,0.8,0.8,0.0%,DB,2023
175,176,Artie Burns,0,1,0.0,0,0,0,0,0,1,0.8,0.8,0.4%,DB,2023
176,177,Donte Jackson,0,1,0.0,0,0,0,0,0,1,0.8,0.8,4.1%,DB,2023
177,178,Jaylinn Hawkins,0,1,0.0,0,0,0,0,0,1,0.8,0.8,11.0%,DB,2023
178,179,DeMarcco Hellams,0,1,0.0,0,0,0,0,0,1,0.8,0.8,3.5%,DB,2023
179,180,Riley Moss,0,1,0.0,0,0,0,0,0,1,0.8,0.8,0.2%,DB,2023
180,181,Dee Alford,0,1,0.0,0,0,0,0,0,1,0.8,0.8,1.6%,DB,2023
181,182,Kelee Ringo,0,1,0.0,0,0,0,0,0,1,0.8,0.8,0.2%,DB,2023
182,183,Kyler Gordon,0,1,0.0,0,0,0,0,0,1,0.8,0.8,11.9%,DB,2023
183,184,Thomas Graham,0,0,0.0,0,0,0,0,0,0,0.0,0.0,0.0%,DB,2023
184,185,Shyheim Carter,0,0,0.0,0,0,0,0,0,0,0.0,0.0,0.2%,DB,2023
185,186,Michael Ojemudia,0,0,0.0,0,0,0,0,0,0,0.0,0.0,0.0%,DB,2023
186,187,Darnay Holmes,0,0,0.0,0,0,0,0,0,1,0.0,0.0,0.2%,DB,2023
187,188,Essang Bassey,0,0,0.0,0,0,0,0,0,1,0.0,0.0,0.0%,DB,2023
188,189,Aaron Robinson,0,0,0.0,0,0,0,0,0,0,0.0,0.0,1.0%,DB,2023
189,190,Kamren Curl,0,0,0.0,0,0,0,0,0,0,0.0,0.0,30.4%,DB,2023
190,191,Jalen Thompson,0,0,0.0,0,0,0,0,0,0,0.0,0.0,17.1%,DB,2023
191,192,C.J. Moore,0,0,0.0,0,0,0,0,0,0,0.0,0.0,5.1%,DB,2023
192,193,Lamar Jackson,0,0,0.0,0,0,0,0,0,0,0.0,0.0,0.4%,DB,2023
193,194,Jeff Okudah,0,0,0.0,0,0,0,0,0,0,0.0,0.0,1.8%,DB,2023
194,195,Isaiah Simmons,1,0,0.0,0,0,0,0,0,1,0.0,0.0,6.2%,DB,2023
195,196,Kristian Fulton,0,0,0.0,0,0,0,0,0,0,0.0,0.0,1.8%,DB,2023
196,197,C.J. Henderson,0,0,0.0,0,0,0,0,0,0,0.0,0.0,0.8%,DB,2023
197,198,A.J. Green,0,0,0.0,0,0,0,0,0,0,0.0,0.0,0.0%,DB,2023
198,199,James Pierre,0,0,0.0,0,0,0,0,0,0,0.0,0.0,0.0%,DB,2023
199,200,Elijah Riley,0,0,0.0,0,0,0,0,0,0,0.0,0.0,0.2%,DB,2023
200,201,Stantley Thomas-Oliver,0,0,0.0,0,0,0,0,0,0,0.0,0.0,1.0%,DB,2023
201,202,Shaun Wade,0,0,0.0,0,0,0,0,0,0,0.0,0.0,0.4%,DB,2023
202,203,Isaiah Rodgers,0,0,0.0,0,0,0,0,0,0,0.0,0.0,0.5%,DB,2023
203,204,Daniel Thomas,0,0,0.0,0,0,0,0,0,1,0.0,0.0,0.2%,DB,2023
204,205,Javelin Guidry,0,0,0.0,0,0,0,0,0,0,0.0,0.0,1.0%,DB,2023
205,206,Josiah Scott,0,0,0.0,0,0,0,0,0,0,0.0,0.0,0.9%,DB,2023
206,207,Harrison Hand,0,0,0.0,0,0,0,0,0,0,0.0,0.0,0.0%,DB,2023
207,208,Troy Pride,0,0,0.0,0,0,0,0,0,0,0.0,0.0,0.0%,DB,2023
208,209,Noah Igbinoghene,0,0,0.0,0,0,0,0,0,0,0.0,0.0,0.0%,DB,2023
209,210,Dicaprio Bootle,0,0,0.0,0,0,0,0,0,0,0.0,0.0,0.5%,DB,2023
210,211,Dane Jackson,0,0,0.0,0,0,0,0,0,0,0.0,0.0,4.1%,DB,2023
211,212,Kyron Brown,0,0,0.0,0,0,0,0,0,0,0.0,0.0,0.2%,DB,2023
212,213,Micah Abernathy,0,0,0.0,0,0,0,0,0,0,0.0,0.0,0.0%,DB,2023
213,214,Jamel Dean,0,0,0.0,0,0,0,0,0,0,0.0,0.0,13.1%,DB,2023
214,215,David Long,0,0,0.0,0,0,0,0,0,0,0.0,0.0,0.0%,DB,2023
215,216,Bryce Hall,0,0,0.0,0,0,0,0,0,0,0.0,0.0,0.8%,DB,2023
216,217,C.J. Gardner-Johnson,0,0,0.0,0,0,0,0,0,0,0.0,0.0,16.7%,DB,2023
217,218,Cam Lewis,0,0,0.0,0,0,0,0,0,1,0.0,0.0,0.4%,DB,2023
218,219,Tevaughn Campbell,0,0,0.0,0,0,0,0,0,0,0.0,0.0,2.0%,DB,2023
219,220,Will Harris,0,0,0.0,0,0,0,0,0,1,0.0,0.0,0.0%,DB,2023
220,221,Nathan Meadors,0,0,0.0,0,0,0,0,0,0,0.0,0.0,0.0%,DB,2023
221,222,D'Angelo Ross,0,0,0.0,0,0,0,0,0,1,0.0,0.0,0.0%,DB,2023
222,223,Roderic Teamer,0,0,0.0,0,0,0,0,0,0,0.0,0.0,0.0%,DB,2023
223,224,Tyler Hall,0,0,0.0,0,0,0,0,0,1,0.0,0.0,0.0%,DB,2023
224,225,Grayland Arnold,0,0,0.0,0,0,0,0,0,0,0.0,0.0,0.0%,DB,2023
225,226,Khalil Dorsey,0,0,0.0,0,0,0,0,0,1,0.0,0.0,0.5%,DB,2023
226,227,Douglas Coleman,0,0,0.0,0,0,0,0,0,0,0.0,0.0,0.0%,DB,2023
227,228,Jalen Elliott,0,0,0.0,0,0,0,0,0,0,0.0,0.0,0.0%,DB,2023
228,229,Bobby Price,0,0,0.0,0,0,0,0,0,0,0.0,0.0,6.0%,DB,2023
229,230,Dallis Flowers,0,0,0.0,0,0,0,0,0,0,0.0,0.0,4.1%,DB,2023
230,231,D'Shawn Jamison,0,0,0.0,0,0,0,0,0,0,0.0,0.0,0.5%,DB,2023
231,232,Nick Whiteside,0,0,0.0,0,0,0,0,0,0,0.0,0.0,0.0%,DB,2023
232,233,Kendell Brooks,0,0,0.0,0,0,0,0,0,0,0.0,0.0,0.0%,DB,2023
233,234,Benny Sapp,0,0,0.0,0,0,0,0,0,0,0.0,0.0,0.0%,DB,2023
234,235,Lance Boykin,0,0,0.0,0,0,0,0,0,0,0.0,0.0,0.0%,DB,2023
235,236,Ty Okada,0,0,0.0,0,0,0,0,0,0,0.0,0.0,0.0%,DB,2023
236,237,Christian Young,0,0,0.0,0,0,0,0,0,0,0.0,0.0,1.0%,DB,2023
237,238,Jonathan Sutherland,0,0,0.0,0,0,0,0,0,0,0.0,0.0,0.0%,DB,2023
238,239,Cameron McCutcheon,0,0,0.0,0,0,0,0,0,0,0.0,0.0,0.0%,DB,2023
239,240,Jalen Graham,0,0,0.0,0,0,0,0,0,1,0.0,0.0,0.0%,DB,2023
240,241,Marte Mapu,0,0,0.0,0,0,0,0,0,1,0.0,0.0,1.6%,DB,2023
241,242,Isaiah Bolden,0,0,0.0,0,0,0,0,0,0,0.0,0.0,0.0%,DB,2023
242,243,Anthony Johnson,0,0,0.0,0,0,0,0,0,0,0.0,0.0,0.0%,DB,2023
243,244,Tre Hawkins,0,0,0.0,0,0,0,0,0,0,0.0,0.0,0.5%,DB,2023
244,245,Gervarrius Owens,0,0,0.0,0,0,0,0,0,0,0.0,0.0,0.0%,DB,2023
245,246,AJ Finley,0,0,0.0,0,0,0,0,0,0,0.0,0.0,0.4%,DB,2023
246,247,Jerrick Reed,0,0,0.0,0,0,0,0,0,0,0.0,0.0,0.2%,DB,2023
247,248,Darrell Luter,0,0,0.0,0,0,0,0,0,0,0.0,0.0,0.0%,DB,2023
248,249,Tanner Ingle,0,0,0.0,0,0,0,0,0,0,0.0,0.0,0.0%,DB,2023
249,250,Jason Taylor,0,0,0.0,0,0,0,0,0,0,0.0,0.0,0.4%,DB,2023
250,251,Josh Hayes,0,0,0.0,0,0,0,0,0,1,0.0,0.0,0.0%,DB,2023
251,252,Kaleb Hayes,0,0,0.0,0,0,0,0,0,1,0.0,0.0,0.0%,DB,2023
252,253,Divaad Wilson,0,0,0.0,0,0,0,0,0,0,0.0,0.0,0.0%,DB,2023
253,254,Jaylin Williams,0,0,0.0,0,0,0,0,0,0,0.0,0.0,0.0%,DB,2023
254,255,Keenan Isaac,0,0,0.0,0,0,0,0,0,0,0.0,0.0,0.0%,DB,2023
255,256,Art Green,0,0,0.0,0,0,0,0,0,0,0.0,0.0,0.0%,DB,2023
256,257,Anthony Kendall,0,0,0.0,0,0,0,0,0,0,0.0,0.0,0.0%,DB,2023
257,258,Matthew Jackson,0,0,0.0,0,0,0,0,0,0,0.0,0.0,0.0%,DB,2023
258,259,Azizi Hearn,0,0,0.0,0,0,0,0,0,0,0.0,0.0,0.0%,DB,2023
259,260,Jaydon Grant,0,0,0.0,0,0,0,0,0,0,0.0,0.0,0.0%,DB,2023
260,261,Keidron Smith,0,0,0.0,0,0,0,0,0,0,0.0,0.0,0.0%,DB,2023
261,262,Ekow Boye-Doe,0,0,0.0,0,0,0,0,0,0,0.0,0.0,0.4%,DB,2023
262,263,Natrone Brooks,0,0,0.0,0,0,0,0,0,0,0.0,0.0,0.0%,DB,2023
263,264,Jeremy Lucien,0,0,0.0,0,0,0,0,0,0,0.0,0.0,0.0%,DB,2023
264,265,Ethan Bonner,0,0,0.0,0,0,0,0,0,0,0.0,0.0,0.0%,DB,2023
265,266,Alex Cook,0,0,0.0,0,0,0,0,0,1,0.0,0.0,0.0%,DB,2023
266,267,Gemon Green,0,0,0.0,0,0,0,0,0,0,0.0,0.0,0.0%,DB,2023
267,268,Trey Dean,0,0,0.0,0,0,0,0,0,0,0.0,0.0,0.0%,DB,2023
268,269,Reese Taylor,0,0,0.0,0,0,0,0,0,0,0.0,0.0,0.0%,DB,2023
269,270,Rejzohn Wright,0,0,0.0,0,0,0,0,0,0,0.0,0.0,0.0%,DB,2023
270,271,Starling Thomas,0,0,0.0,0,0,0,0,0,0,0.0,0.0,1.1%,DB,2023
271,272,Tanner McCalister,0,0,0.0,0,0,0,0,0,0,0.0,0.0,0.0%,DB,2023
272,273,Ameer Speed,0,0,0.0,0,0,0,0,0,1,0.0,0.0,0.0%,DB,2023
273,274,Kahlef Hailassie,0,0,0.0,0,0,0,0,0,1,0.0,0.0,0.0%,DB,2023
274,275,Ja'Marcus Ingram,0,0,0.0,0,0,0,0,0,0,0.0,0.0,0.0%,DB,2023
275,276,Juanyeh Thomas,0,0,0.0,0,0,0,0,0,1,0.0,0.0,0.9%,DB,2023
276,277,Trevor Denbow,0,0,0.0,0,0,0,0,0,1,0.0,0.0,0.0%,DB,2023
277,278,Marcel Dabo,0,0,0.0,0,0,0,0,0,0,0.0,0.0,0.0%,DB,2023
278,279,Sam Webb,0,0,0.0,0,0,0,0,0,0,0.0,0.0,0.0%,DB,2023
279,280,Josh Valentine-Turner,0,0,0.0,0,0,0,0,0,0,0.0,0.0,0.0%,DB,2023
280,281,NaJee Thompson,0,0,0.0,0,0,0,0,0,1,0.0,0.0,0.0%,DB,2023
281,282,Quan Martin,0,0,0.0,0,0,0,0,0,0,0.0,0.0,2.3%,DB,2023
282,283,Cory Trice,0,0,0.0,0,0,0,0,0,0,0.0,0.0,0.0%,DB,2023
283,284,Max Melton,0,0,0.0,0,0,0,0,0,0,0.0,0.0,2.1%,DB,2023
284,285,Kyu Blu,0,0,0.0,0,0,0,0,0,0,0.0,0.0,0.0%,DB,2023
285,286,Darius Rush,0,0,0.0,0,0,0,0,0,0,0.0,0.0,0.5%,DB,2023
286,287,Mekhi Garner,0,0,0.0,0,0,0,0,0,0,0.0,0.0,0.2%,DB,2023
287,288,Chris Smith,0,0,0.0,0,0,0,0,0,0,0.0,0.0,0.2%,DB,2023
288,289,JuJu Brents,0,0,0.0,0,0,0,0,0,1,0.0,0.0,8.5%,DB,2023
289,290,Kei'Trel Clark,0,0,0.0,0,0,0,0,0,0,0.0,0.0,0.5%,DB,2023
290,291,Alex Austin,0,0,0.0,0,0,0,0,0,1,0.0,0.0,0.5%,DB,2023
291,292,Kendall Williamson,0,0,0.0,0,0,0,0,0,0,0.0,0.0,0.0%,DB,2023
292,293,Eric Scott,0,0,0.0,0,0,0,0,0,0,0.0,0.0,0.0%,DB,2023
293,294,Brandon Hill,0,0,0.0,0,0,0,0,0,0,0.0,0.0,0.0%,DB,2023
294,295,Christian Braswell,0,0,0.0,0,0,0,0,0,0,0.0,0.0,0.0%,DB,2023
295,296,Erick Hallett,0,0,0.0,0,0,0,0,0,0,0.0,0.0,0.0%,DB,2023
296,297,Chamarri Conner,2,0,0.0,1,1,0,0,0,1,0.0,0.0,0.0%,DB,2023
297,298,Nic Jones,0,0,0.0,0,0,0,0,0,0,0.0,0.0,0.4%,DB,2023
298,299,D.J. James,0,0,0.0,0,0,0,0,0,0,0.0,0.0,0.0%,DB,2023
299,300,Quindell Johnson,0,0,0.0,0,0,0,0,0,0,0.0,0.0,0.0%,DB,2023
300,301,Emmanuel Forbes,0,0,0.0,0,0,0,0,0,0,0.0,0.0,3.0%,DB,2023
301,302,Christian Gonzalez,0,0,0.0,0,0,0,0,0,0,0.0,0.0,13.8%,DB,2023
302,303,JL Skinner,0,0,0.0,0,0,0,0,0,0,0.0,0.0,0.0%,DB,2023
303,304,Anthony Johnson,0,0,0.0,0,0,0,0,0,1,0.0,0.0,0.9%,DB,2023
304,305,Daniel Scott,0,0,0.0,0,0,0,0,0,0,0.0,0.0,0.0%,DB,2023
305,306,Demani Richardson,0,0,0.0,0,0,0,0,0,0,0.0,0.0,0.0%,DB,2023
306,307,Steven Gilmore,0,0,0.0,0,0,0,0,0,0,0.0,0.0,0.0%,DB,2023
307,308,Clayton Isbell,0,0,0.0,0,0,0,0,0,0,0.0,0.0,0.0%,DB,2023
308,309,Carlton Johnson,0,0,0.0,0,0,0,0,0,0,0.0,0.0,0.0%,DB,2023
309,310,Travian Blaylock,0,0,0.0,0,0,0,0,0,0,0.0,0.0,0.0%,DB,2023
310,311,Reddy Steward,0,0,0.0,0,0,0,0,0,0,0.0,0.0,0.0%,DB,2023
311,312,Leon Jones,0,0,0.0,0,0,0,0,0,0,0.0,0.0,0.0%,DB,2023
312,313,PJ Jules,0,0,0.0,0,0,0,0,0,0,0.0,0.0,0.0%,DB,2023
313,314,Michael Dowell,0,0,0.0,0,0,0,0,0,0,0.0,0.0,0.0%,DB,2023
314,315,Dyshawn Gales,0,0,0.0,0,0,0,0,0,0,0.0,0.0,0.0%,DB,2023
315,316,Chris McDonald,0,0,0.0,0,0,0,0,0,0,0.0,0.0,0.0%,DB,2023
316,317,Lance Robinson,0,0,0.0,0,0,0,0,0,0,0.0,0.0,0.0%,DB,2023
317,318,Alex Johnson,0,0,0.0,0,0,0,0,0,0,0.0,0.0,0.0%,DB,2023
318,319,Emany Johnson,0,0,0.0,0,0,0,0,0,0,0.0,0.0,0.0%,DB,2023
319,320,Quinton Newsome,0,0,0.0,0,0,0,0,0,0,0.0,0.0,0.0%,DB,2023
320,321,Andre' Sam,0,0,0.0,0,0,0,0,0,0,0.0,0.0,0.0%,DB,2023
321,322,Julius Wood,0,0,0.0,0,0,0,0,0,0,0.0,0.0,0.0%,DB,2023
322,323,Josh DeBerry,0,0,0.0,0,0,0,0,0,0,0.0,0.0,0.0%,DB,2023
323,324,Tyrek Funderburk,0,0,0.0,0,0,0,0,0,0,0.0,0.0,0.0%,DB,2023
324,325,Mikey Victor,0,0,0.0,0,0,0,0,0,0,0.0,0.0,0.0%,DB,2023
325,326,A.J. Woods,0,0,0.0,0,0,0,0,0,0,0.0,0.0,0.0%,DB,2023
326,327,Thomas Harper,0,0,0.0,0,0,0,0,0,0,0.0,0.0,0.0%,DB,2023
327,328,Jalyn Phillips,0,0,0.0,0,0,0,0,0,0,0.0,0.0,0.0%,DB,2023
328,329,Zamari Walton,0,0,0.0,0,0,0,0,0,0,0.0,0.0,0.0%,DB,2023
329,330,Millard Bradford,0,0,0.0,0,0,0,0,0,0,0.0,0.0,0.0%,DB,2023
330,331,Lawrence Johnson,0,0,0.0,0,0,0,0,0,0,0.0,0.0,0.0%,DB,2023
331,332,Rico Payton,0,0,0.0,0,0,0,0,0,0,0.0,0.0,0.0%,DB,2023
332,333,Chris Edmonds,0,0,0.0,0,0,0,0,0,0,0.0,0.0,0.0%,DB,2023
333,334,Ben Nikkel,0,0,0.0,0,0,0,0,0,0,0.0,0.0,0.0%,DB,2023
334,335,Tyler Owens,0,0,0.0,0,0,0,0,0,0,0.0,0.0,0.0%,DB,2023
335,336,Chigozie Anusiem,0,0,0.0,0,0,0,0,0,0,0.0,0.0,0.0%,DB,2023
336,337,Alfahiym Walcott,0,0,0.0,0,0,0,0,0,0,0.0,0.0,0.0%,DB,2023
337,338,Trey Vaval,0,0,0.0,0,0,0,0,0,0,0.0,0.0,0.0%,DB,2023
338,339,Robert Javier,0,0,0.0,0,0,0,0,0,0,0.0,0.0,0.0%,DB,2023
339,340,Marcus Banks,0,0,0.0,0,0,0,0,0,0,0.0,0.0,0.0%,DB,2023
340,341,Keaton Ellis,0,0,0.0,0,0,0,0,0,0,0.0,0.0,0.0%,DB,2023
341,342,Don Chapman,0,0,0.0,0,0,0,0,0,0,0.0,0.0,0.0%,DB,2023
342,343,Gabe Jeudy-Lally,0,0,0.0,0,0,0,0,0,0,0.0,0.0,0.0%,DB,2023
343,344,Keni-H Lovely,0,0,0.0,0,0,0,0,0,0,0.0,0.0,0.0%,DB,2023
344,345,Dell Pettus,0,0,0.0,0,0,0,0,0,0,0.0,0.0,0.0%,DB,2023
345,346,Kaleb Ford-Dement,0,0,0.0,0,0,0,0,0,0,0.0,0.0,0.0%,DB,2023
346,347,Robert Kennedy,0,0,0.0,0,0,0,0,0,0,0.0,0.0,0.0%,DB,2023
347,348,Nash Fouch,0,0,0.0,0,0,0,0,0,0,0.0,0.0,0.0%,DB,2023
348,349,Devlin Kirklin,0,0,0.0,0,0,0,0,0,0,0.0,0.0,0.0%,DB,2023
349,350,Jaylen Mahoney,0,0,0.0,0,0,0,0,0,0,0.0,0.0,0.0%,DB,2023
350,351,Shawn Preston,0,0,0.0,0,0,0,0,0,0,0.0,0.0,0.0%,DB,2023
351,352,Keonte Lusk,0,0,0.0,0,0,0,0,0,0,0.0,0.0,0.0%,DB,2023
352,353,Irshaad Davis,0,0,0.0,0,0,0,0,0,0,0.0,0.0,0.0%,DB,2023
353,354,Kendarin Ray,0,0,0.0,0,0,0,0,0,0,0.0,0.0,0.0%,DB,2023
354,355,Kam Pedescleaux,0,0,0.0,0,0,0,0,0,0,0.0,0.0,0.0%,DB,2023
355,356,Shon Stephens,0,0,0.0,0,0,0,0,0,0,0.0,0.0,0.0%,DB,2023
356,357,Kalon Gervin,0,0,0.0,0,0,0,0,0,0,0.0,0.0,0.0%,DB,2023
357,358,Bryce Sheppert,0,0,0.0,0,0,0,0,0,0,0.0,0.0,0.0%,DB,2023
358,359,Te'Cory Couch,0,0,0.0,0,0,0,0,0,0,0.0,0.0,0.0%,DB,2023
359,360,Jordan Colbert,0,0,0.0,0,0,0,0,0,0,0.0,0.0,0.0%,DB,2023
360,361,Andrew Hayes,0,0,0.0,0,0,0,0,0,0,0.0,0.0,0.0%,DB,2023
361,362,Jason Maitre,0,0,0.0,0,0,0,0,0,0,0.0,0.0,0.0%,DB,2023
362,363,Clay Fields,0,0,0.0,0,0,0,0,0,0,0.0,0.0,0.0%,DB,2023
363,364,Brandon Bishop,0,0,0.0,0,0,0,0,0,0,0.0,0.0,0.0%,DB,2023
364,365,Isaiah Johnson,0,0,0.0,0,0,0,0,0,0,0.0,0.0,0.0%,DB,2023
365,366,Christian Roland-Wallace,0,0,0.0,0,0,0,0,0,0,0.0,0.0,0.0%,DB,2023
366,367,Chelen Garnes,0,0,0.0,0,0,0,0,0,0,0.0,0.0,0.0%,DB,2023
367,368,Morice Norris,0,0,0.0,0,0,0,0,0,0,0.0,0.0,0.0%,DB,2023
368,369,Loren Strickland,0,0,0.0,0,0,0,0,0,0,0.0,0.0,0.0%,DB,2023
369,370,Jaylen McCollough,0,0,0.0,0,0,0,0,0,0,0.0,0.0,0.0%,DB,2023
370,371,Mark Perry,0,0,0.0,0,0,0,0,0,0,0.0,0.0,0.0%,DB,2023
371,372,Don Callis,0,0,0.0,0,0,0,0,0,0,0.0,0.0,0.0%,DB,2023
372,373,Miles Battle,0,0,0.0,0,0,0,0,0,0,0.0,0.0,0.0%,DB,2023
373,374,Jayden Price,0,0,0.0,0,0,0,0,0,0,0.0,0.0,0.0%,DB,2023
374,375,Brandon Codrington,0,0,0.0,0,0,0,0,0,0,0.0,0.0,0.0%,DB,2023
375,376,Cam Lampkin,0,0,0.0,0,0,0,0,0,0,0.0,0.0,0.0%,DB,2023
376,377,Omar Brown,0,0,0.0,0,0,0,0,0,0,0.0,0.0,0.0%,DB,2023
377,378,Shemar Bartholomew,0,0,0.0,0,0,0,0,0,0,0.0,0.0,0.0%,DB,2023
378,379,Al Blades,0,0,0.0,0,0,0,0,0,0,0.0,0.0,0.0%,DB,2023
379,380,Bump Cooper,0,0,0.0,0,0,0,0,0,0,0.0,0.0,0.0%,DB,2023
380,381,Jordan Toles,0,0,0.0,0,0,0,0,0,0,0.0,0.0,0.0%,DB,2023
381,382,D.J. Miller,0,0,0.0,0,0,0,0,0,0,0.0,0.0,0.0%,DB,2023
382,383,Paul Moala,0,0,0.0,0,0,0,0,0,0,0.0,0.0,0.0%,DB,2023
383,384,Travis Blackshear,0,0,0.0,0,0,0,0,0,0,0.0,0.0,0.0%,DB,2023
384,385,Phalen Sanford,0,0,0.0,0,0,0,0,0,0,0.0,0.0,0.0%,DB,2023
385,386,Demarcus Governor,0,0,0.0,0,0,0,0,0,0,0.0,0.0,0.0%,DB,2023
386,387,Daijahn Anthony,0,0,0.0,0,0,0,0,0,0,0.0,0.0,0.0%,DB,2023
387,388,Evan Williams,0,0,0.0,0,0,0,0,0,0,0.0,0.0,0.2%,DB,2023
388,389,Terrion Arnold,0,0,0.0,0,0,0,0,0,0,0.0,0.0,10.8%,DB,2023
389,390,T.J. Tampa,0,0,0.0,0,0,0,0,0,0,0.0,0.0,0.4%,DB,2023
390,391,Beau Brade,0,0,0.0,0,0,0,0,0,0,0.0,0.0,0.0%,DB,2023
391,392,Dru Phillips,0,0,0.0,0,0,0,0,0,0,0.0,0.0,0.5%,DB,2023
392,393,Kamal Hadden,0,0,0.0,0,0,0,0,0,0,0.0,0.0,0.0%,DB,2023
393,394,Mike Sainristil,0,0,0.0,0,0,0,0,0,0,0.0,0.0,1.6%,DB,2023
394,395,Charles Woods,0,0,0.0,0,0,0,0,0,0,0.0,0.0,0.0%,DB,2023
395,396,De'Antre Prince,0,0,0.0,0,0,0,0,0,0,0.0,0.0,0.0%,DB,2023
396,397,Rashad Wisdom,0,0,0.0,0,0,0,0,0,0,0.0,0.0,0.0%,DB,2023
397,398,Ennis Rakestraw,0,0,0.0,0,0,0,0,0,0,0.0,0.0,1.1%,DB,2023
398,399,Caelen Carson,0,0,0.0,0,0,0,0,0,0,0.0,0.0,0.0%,DB,2023
399,400,Cole Bishop,0,0,0.0,0,0,0,0,0,0,0.0,0.0,6.2%,DB,2023
400,401,Jaden Hicks,0,0,0.0,0,0,0,0,0,0,0.0,0.0,1.3%,DB,2023
401,402,Josh Newton,0,0,0.0,0,0,0,0,0,0,0.0,0.0,0.5%,DB,2023
402,403,Javon Bullard,0,0,0.0,0,0,0,0,0,0,0.0,0.0,10.0%,DB,2023
403,404,Cam Hart,0,0,0.0,0,0,0,0,0,0,0.0,0.0,0.4%,DB,2023
404,405,Michael Tutsie,0,0,0.0,0,0,0,0,0,0,0.0,0.0,0.0%,DB,2023
405,406,Andrew Whitaker,0,0,0.0,0,0,0,0,0,0,0.0,0.0,0.0%,DB,2023
406,407,Josh Butler,0,0,0.0,0,0,0,0,0,0,0.0,0.0,0.0%,DB,2023
407,408,Tre Tarpley,0,0,0.0,0,0,0,0,0,0,0.0,0.0,0.0%,DB,2023
408,409,Kamari Lassiter,0,0,0.0,0,0,0,0,0,0,0.0,0.0,2.1%,DB,2023
409,410,Kool-Aid McKinstry,0,0,0.0,0,0,0,0,0,0,0.0,0.0,4.8%,DB,2023
410,411,Nate Wiggins,0,0,0.0,0,0,0,0,0,0,0.0,0.0,3.7%,DB,2023
411,412,Kalen King,0,0,0.0,0,0,0,0,0,0,0.0,0.0,0.0%,DB,2023
412,413,Cooper DeJean,0,0,0.0,0,0,0,0,0,0,0.0,0.0,12.6%,DB,2023
413,414,Quinyon Mitchell,0,0,0.0,0,0,0,0,0,0,0.0,0.0,6.4%,DB,2023
414,415,Kamren Kinchens,0,0,0.0,0,0,0,0,0,0,0.0,0.0,3.6%,DB,2023
415,416,Calen Bullock,0,0,0.0,0,0,0,0,0,0,0.0,0.0,0.9%,DB,2023
416,417,Tyler Nubin,0,0,0.0,0,0,0,0,0,0,0.0,0.0,12.0%,DB,2023
417,418,Chau Smith-Wade,0,0,0.0,0,0,0,0,0,0,0.0,0.0,0.2%,DB,2023
418,419,Rayshad Williams,0,0,0.0,0,0,0,0,0,0,0.0,0.0,0.0%,DB,2023
419,420,Dominique Hampton,0,0,0.0,0,0,0,0,0,0,0.0,0.0,0.0%,DB,2023
420,421,Josh Wallace,0,0,0.0,0,0,0,0,0,0,0.0,0.0,0.0%,DB,2023
421,422,Willie Drew,0,0,0.0,0,0,0,0,0,0,0.0,0.0,0.0%,DB,2023
422,423,Jarius Monroe,0,0,0.0,0,0,0,0,0,0,0.0,0.0,0.0%,DB,2023
423,424,Ja'Quan Sheppard,0,0,0.0,0,0,0,0,0,0,0.0,0.0,0.0%,DB,2023
424,425,Elijah Jones,0,0,0.0,0,0,0,0,0,0,0.0,0.0,0.5%,DB,2023
425,426,Qwan'tez Stiggers,0,0,0.0,0,0,0,0,0,0,0.0,0.0,0.2%,DB,2023
426,427,Jarvis Brownlee,0,0,0.0,0,0,0,0,0,0,0.0,0.0,0.0%,DB,2023
427,428,Renardo Green,0,0,0.0,0,0,0,0,0,0,0.0,0.0,1.1%,DB,2023
428,429,Decamerion Richardson,0,0,0.0,0,0,0,0,0,0,0.0,0.0,0.4%,DB,2023
429,430,Jaylon Carlies,0,0,0.0,0,0,0,0,0,0,0.0,0.0,0.4%,DB,2023
430,431,Myles Jones,0,0,0.0,0,0,0,0,0,0,0.0,0.0,0.0%,DB,2023
431,432,Tarheeb Still,0,0,0.0,0,0,0,0,0,0,0.0,0.0,0.0%,DB,2023
432,433,Daequan Hardy,0,0,0.0,0,0,0,0,0,0,0.0,0.0,0.4%,DB,2023
433,434,Ryan Watts,0,0,0.0,0,0,0,0,0,0,0.0,0.0,0.2%,DB,2023
434,435,Patrick McMorris,0,0,0.0,0,0,0,0,0,0,0.0,0.0,0.2%,DB,2023
435,436,Micah Abraham,0,0,0.0,0,0,0,0,0,0,0.0,0.0,0.2%,DB,2023
436,437,Sanoussi Kane,0,0,0.0,0,0,0,0,0,0,0.0,0.0,0.7%,DB,2023
437,438,Trey Taylor,0,0,0.0,0,0,0,0,0,0,0.0,0.0,0.0%,DB,2023
438,439,Jaylen Key,0,0,0.0,0,0,0,0,0,0,0.0,0.0,0.0%,DB,2023
439,440,Beanie Bishop,0,0,0.0,0,0,0,0,0,0,0.0,0.0,0.0%,DB,2023
440,441,Storm Duck,0,0,0.0,0,0,0,0,0,0,0.0,0.0,0.0%,DB,2023
441,442,Marcellas Dial,0,0,0.0,0,0,0,0,0,0,0.0,0.0,0.2%,DB,2023
442,443,James Williams,0,0,0.0,0,0,0,0,0,0,0.0,0.0,0.4%,DB,2023
443,444,Sione Vaki,0,0,0.0,0,0,0,0,0,0,0.0,0.0,0.1%,DB,2023
444,445,M.J. Devonshire,0,0,0.0,0,0,0,0,0,0,0.0,0.0,0.0%,DB,2023
445,446,Kitan Oladapo,0,0,0.0,0,0,0,0,0,0,0.0,0.0,0.0%,DB,2023
446,447,Nehemiah Pritchett,0,0,0.0,0,0,0,0,0,0,0.0,0.0,0.0%,DB,2023
447,448,Jaylin Simpson,0,0,0.0,0,0,0,0,0,0,0.0,0.0,0.2%,DB,2023
448,449,Dwight McGlothern,0,0,0.0,0,0,0,0,0,0,0.0,0.0,0.0%,DB,2023
449,450,Malik Mustapha,0,0,0.0,0,0,0,0,0,0,0.0,0.0,0.2%,DB,2023
450,451,Jarrian Jones,0,0,0.0,0,0,0,0,0,0,0.0,0.0,0.4%,DB,2023
451,452,Kenny Logan,0,0,0.0,0,0,0,0,0,0,0.0,0.0,0.0%,DB,2023
452,453,Dadrion Taylor-Demerson,0,0,0.0,0,0,0,0,0,0,0.0,0.0,0.4%,DB,2023
453,454,Myles Harden,0,0,0.0,0,0,0,0,0,0,0.0,0.0,0.0%,DB,2023
454,455,Allan George,0,0,0.0,0,0,0,0,0,0,0.0,0.0,0.0%,DB,2023
455,456,Tariq Castro-Fields,0,0,0.0,0,0,0,0,0,0,0.0,0.0,0.0%,DB,2023
456,457,Brady Breeze,0,0,0.0,0,0,0,0,0,0,0.0,0.0,0.0%,DB,2023
457,458,Tre Brown,0,0,0.0,0,0,0,0,0,0,0.0,0.0,0.8%,DB,2023
458,459,Damar Hamlin,0,0,0.0,0,0,0,0,0,0,0.0,0.0,0.4%,DB,2023
459,460,Robert Rochell,0,0,0.0,0,0,0,0,0,0,0.0,0.0,0.0%,DB,2023
460,461,J.T. Ibe,0,0,0.0,0,0,0,0,0,0,0.0,0.0,0.0%,DB,2023
461,462,Ar'Darius Washington,0,0,0.0,0,0,0,0,0,0,0.0,0.0,0.2%,DB,2023
462,463,Josh Jobe,0,0,0.0,0,0,0,0,0,1,0.0,0.0,0.0%,DB,2023
463,464,Caden Sterns,0,0,0.0,0,0,0,0,0,0,0.0,0.0,1.6%,DB,2023
464,465,Marco Wilson,0,0,0.0,0,0,0,0,0,0,0.0,0.0,0.4%,DB,2023
465,466,Elijah Molden,0,0,0.0,0,0,0,0,0,1,0.0,0.0,3.6%,DB,2023
466,467,Israel Mukuamu,0,0,0.0,0,0,0,0,0,1,0.0,0.0,0.2%,DB,2023
467,468,Tay Gowan,0,0,0.0,0,0,0,0,0,0,0.0,0.0,0.0%,DB,2023
468,469,Talanoa Hufanga,0,0,0.0,0,0,0,0,0,0,0.0,0.0,14.1%,DB,2023
469,470,Benjamin St-Juste,0,0,0.0,0,0,0,0,0,0,0.0,0.0,6.7%,DB,2023
470,471,Kelvin Joseph,0,0,0.0,0,0,0,0,0,0,0.0,0.0,0.0%,DB,2023
471,472,Joshua Bledsoe,0,0,0.0,0,0,0,0,0,0,0.0,0.0,0.0%,DB,2023
472,473,Nahshon Wright,0,0,0.0,0,0,0,0,0,0,0.0,0.0,0.7%,DB,2023
473,474,Zech McPhearson,0,0,0.0,0,0,0,0,0,0,0.0,0.0,0.0%,DB,2023
474,475,Tyson Campbell,0,0,0.0,0,0,0,0,0,0,0.0,0.0,17.0%,DB,2023
475,476,Devon Key,0,0,0.0,0,0,0,0,0,0,0.0,0.0,0.0%,DB,2023
476,477,Tyler Coyle,0,0,0.0,0,0,0,0,0,0,0.0,0.0,0.0%,DB,2023
477,478,Augie Contressa,0,0,0.0,0,0,0,0,0,0,0.0,0.0,0.0%,DB,2023
478,479,Nick McCloud,0,0,0.0,0,0,0,0,0,0,0.0,0.0,1.1%,DB,2023
479,480,Zayne Anderson,0,0,0.0,0,0,0,0,0,0,0.0,0.0,0.2%,DB,2023
480,481,Brendon White,0,0,0.0,0,0,0,0,0,0,0.0,0.0,0.0%,DB,2023
481,482,Andrew Booth,0,0,0.0,0,0,0,0,0,0,0.0,0.0,0.4%,DB,2023
482,483,Kaiir Elam,0,0,0.0,0,0,0,0,0,0,0.0,0.0,1.1%,DB,2023
483,484,Darren Hall,0,0,0.0,0,0,0,0,0,0,0.0,0.0,0.0%,DB,2023
484,485,Shemar Jean-Charles,0,0,0.0,0,0,0,0,0,0,0.0,0.0,0.0%,DB,2023
485,486,Chris Wilcox,0,0,0.0,0,0,0,0,0,0,0.0,0.0,0.0%,DB,2023
486,487,Darrick Forrest,0,0,0.0,0,0,0,0,0,0,0.0,0.0,10.6%,DB,2023
487,488,Brandin Echols,0,0,0.0,0,0,0,0,0,1,0.0,0.0,0.2%,DB,2023
488,489,Keith Taylor,0,0,0.0,0,0,0,0,0,0,0.0,0.0,0.0%,DB,2023
489,490,Mac McCain,0,0,0.0,0,0,0,0,0,0,0.0,0.0,0.0%,DB,2023
490,491,D'Angelo Amos,0,0,0.0,0,0,0,0,0,0,0.0,0.0,0.0%,DB,2023
491,492,Eric Stokes,0,0,0.0,0,0,0,0,0,0,0.0,0.0,1.4%,DB,2023
492,493,Jevon Holland,0,0,0.0,0,0,0,0,0,0,0.0,0.0,21.6%,DB,2023
493,494,Caleb Farley,0,0,0.0,0,0,0,0,0,0,0.0,0.0,0.0%,DB,2023
494,495,Elijah Hicks,0,0,0.0,0,0,0,0,0,1,0.0,0.0,0.5%,DB,2023
495,496,JT Woods,0,0,0.0,0,0,0,0,0,0,0.0,0.0,0.5%,DB,2023
496,497,Cobie Durant,1,1,0.0,0,0,0,0,0,1,0.0,0.0,0.0%,DB,2023
497,498,Samuel Womack,0,0,0.0,0,0,0,0,0,1,0.0,0.0,1.0%,DB,2023
498,499,Deane Leonard,0,0,0.0,0,0,0,0,0,0,0.0,0.0,0.0%,DB,2023
499,500,Christian Matthew,0,0,0.0,0,0,0,0,0,0,0.0,0.0,0.2%,DB,2023
500,501,Nazeeh Johnson,0,0,0.0,0,0,0,0,0,0,0.0,0.0,0.0%,DB,2023
501,502,Mike Brown,0,0,0.0,0,0,0,0,0,0,0.0,0.0,0.5%,DB,2023
502,503,Tristin McCollum,0,0,0.0,0,0,0,0,0,0,0.0,0.0,0.0%,DB,2023
503,504,Kalon Barnes,0,0,0.0,0,0,0,0,0,0,0.0,0.0,0.0%,DB,2023
504,505,Damarri Mathis,0,0,0.0,0,0,0,0,0,0,0.0,0.0,1.1%,DB,2023
505,506,Quentin Lake,0,0,0.0,0,0,0,0,0,0,0.0,0.0,4.1%,DB,2023
506,507,Joey Blount,0,0,0.0,0,0,0,0,0,0,0.0,0.0,0.0%,DB,2023
507,508,Damarion Williams,0,0,0.0,0,0,0,0,0,0,0.0,0.0,0.0%,DB,2023
508,509,Josh Blackwell,0,0,0.0,0,0,0,0,0,1,0.0,0.0,0.0%,DB,2023
509,510,Brenden Schooler,0,0,0.0,0,0,0,0,0,1,0.0,0.0,0.0%,DB,2023
510,511,Jammie Robinson,0,0,0.0,0,0,0,0,0,0,0.0,0.0,0.2%,DB,2023
511,512,Zyon Gilbert,0,0,0.0,0,0,0,0,0,0,0.0,0.0,0.0%,DB,2023
512,513,Kris Abrams-Draine,0,0,0.0,0,0,0,0,0,0,0.0,0.0,0.0%,DB,2023
513,514,Brandon Joseph,0,0,0.0,0,0,0,0,0,0,0.0,0.0,0.0%,DB,2023
514,515,Jaylon Jones,0,0,0.0,0,0,0,0,0,0,0.0,0.0,0.0%,DB,2023
515,516,Cam Smith,0,0,0.0,0,0,0,0,0,0,0.0,0.0,0.2%,DB,2023
516,517,Eli Ricks,0,0,0.0,0,0,0,0,0,1,0.0,0.0,0.2%,DB,2023
517,518,Akeem Dent,0,0,0.0,0,0,0,0,0,0,0.0,0.0,0.0%,DB,2023
518,519,Jaylen Watson,0,0,0.0,0,0,0,0,0,1,0.0,0.0,2.5%,DB,2023
519,520,Coby Bryant,0,0,0.0,0,0,0,0,0,1,0.0,0.0,0.4%,DB,2023
520,521,Tre Tomlinson,0,0,0.0,0,0,0,0,0,1,0.0,0.0,0.2%,DB,2023
521,522,Tykee Smith,0,0,0.0,0,0,0,0,0,0,0.0,0.0,0.9%,DB,2023
522,523,Lewis Cine,0,0,0.0,0,0,0,0,0,0,0.0,0.0,0.4%,DB,2023
523,524,Mario Goodrich,0,0,0.0,0,0,0,0,0,0,0.0,0.0,0.0%,DB,2023
524,525,Matt Hankins,0,0,0.0,0,0,0,0,0,0,0.0,0.0,0.0%,DB,2023
525,526,Verone McKinley,0,0,0.0,0,0,0,0,0,0,0.0,0.0,0.2%,DB,2023
526,527,Bryan Cook,0,0,0.0,0,0,0,0,0,0,0.0,0.0,3.5%,DB,2023
527,528,Garrett Williams,0,0,0.0,0,0,0,0,0,0,0.0,0.0,0.9%,DB,2023
528,529,Theo Jackson,0,0,0.0,0,0,0,0,0,1,0.0,0.0,0.4%,DB,2023
529,530,Cam Taylor-Britt,0,0,0.0,0,0,0,0,0,0,0.0,0.0,15.9%,DB,2023
530,531,Jaden Davis,0,0,0.0,0,0,0,0,0,0,0.0,0.0,0.0%,DB,2023
531,532,Josh Proctor,0,0,0.0,0,0,0,0,0,0,0.0,0.0,0.0%,DB,2023
532,533,Jarrick Bernard-Converse,0,0,0.0,0,0,0,0,0,1,0.0,0.0,0.0%,DB,2023
533,534,Christian Holmes,0,0,0.0,0,0,0,0,0,0,0.0,0.0,1.0%,DB,2023
534,535,Jalyn Armour-Davis,0,0,0.0,0,0,0,0,0,1,0.0,0.0,0.0%,DB,2023
535,536,Ja'Sir Taylor,0,0,0.0,0,0,0,0,0,0,0.0,0.0,0.9%,DB,2023
536,537,Percy Butler,0,0,0.0,0,0,0,0,0,0,0.0,0.0,2.0%,DB,2023
537,538,Vincent Gray,0,0,0.0,0,0,0,0,0,0,0.0,0.0,0.0%,DB,2023
538,539,Tycen Anderson,0,0,0.0,0,0,0,0,0,0,0.0,0.0,0.0%,DB,2023
539,540,Tayler Hawkins,0,0,0.0,0,0,0,0,0,0,0.0,0.0,0.2%,DB,2023
540,541,Marcus Jones,0,0,0.0,0,0,0,0,0,0,0.0,0.0,6.7%,DB,2023
541,542,Delarrin Turner-Yell,0,0,0.0,0,0,0,0,0,1,0.0,0.0,0.5%,DB,2023
542,543,Sheridan Jones,0,0,0.0,0,0,0,0,0,0,0.0,0.0,0.0%,DB,2023
543,544,Shaun Jolly,0,0,0.0,0,0,0,0,0,0,0.0,0.0,0.0%,DB,2023
544,545,Dane Belton,0,0,0.0,0,0,0,0,0,1,0.0,0.0,1.1%,DB,2023
545,546,Amari Burney,0,0,0.0,0,0,0,0,0,0,0.0,0.0,0.9%,DB,2023
546,547,Joshua Williams,0,0,0.0,0,0,0,0,0,1,0.0,0.0,1.4%,DB,2023
547,548,Isaiah Pola-Mao,0,0,0.0,0,0,0,0,0,0,0.0,0.0,0.2%,DB,2023
548,549,Chase Lucas,0,0,0.0,0,0,0,0,0,0,0.0,0.0,0.2%,DB,2023
549,550,Tre Swilling,0,0,0.0,0,0,0,0,0,0,0.0,0.0,0.0%,DB,2023
550,551,Greg Gatson,0,0,0.0,0,0,0,0,0,0,0.0,0.0,0.0%,DB,2023
551,552,Rodney McLeod,0,0,0.0,0,0,0,0,0,1,0.0,0.0,0.4%,DB,2023
552,553,Justin Bethel,0,0,0.0,0,0,0,0,0,1,0.0,0.0,0.0%,DB,2023
553,554,Tony Jefferson,0,0,0.0,0,0,0,0,0,0,0.0,0.0,0.0%,DB,2023
554,555,K'Waun Williams,0,0,0.0,0,0,0,0,0,0,0.0,0.0,0.0%,DB,2023
555,556,Jason Verrett,0,0,0.0,0,0,0,0,0,0,0.0,0.0,0.0%,DB,2023
556,557,Jimmie Ward,5,2,0.0,0,0,0,0,0,1,0.0,0.0,9.7%,DB,2023
557,558,Cody Davis,0,0,0.0,0,0,0,0,0,1,0.0,0.0,0.0%,DB,2023
558,559,Brian Williams,0,0,0.0,0,0,0,0,0,0,0.0,0.0,0.0%,DB,2023
559,560,Malcolm Williams,0,0,0.0,0,0,0,0,0,0,0.0,0.0,0.0%,DB,2023
560,561,Chip Vaughn,0,0,0.0,0,0,0,0,0,0,0.0,0.0,0.0%,DB,2023
561,562,Jamar Wall,0,0,0.0,0,0,0,0,0,0,0.0,0.0,0.0%,DB,2023
562,563,Marcus Hudson,0,0,0.0,0,0,0,0,0,0,0.0,0.0,0.0%,DB,2023
563,564,Derrick Martin,0,0,0.0,0,0,0,0,0,0,0.0,0.0,0.0%,DB,2023
564,565,Jonathan Wade,0,0,0.0,0,0,0,0,0,0,0.0,0.0,0.0%,DB,2023
565,566,Jon Corto,0,0,0.0,0,0,0,0,0,0,0.0,0.0,0.0%,DB,2023
566,567,Denzel Ward,0,0,0.0,0,0,0,0,0,0,0.0,0.0,5.2%,DB,2023
567,568,Jaire Alexander,0,0,0.0,0,0,0,0,0,0,0.0,0.0,8.6%,DB,2023
568,569,Terrell Edmunds,0,0,0.0,0,0,0,0,0,1,0.0,0.0,1.1%,DB,2023
569,570,Anthony Averett,0,0,0.0,0,0,0,0,0,0,0.0,0.0,0.0%,DB,2023
570,571,Brandon Facyson,0,0,0.0,0,0,0,0,0,0,0.0,0.0,0.5%,DB,2023
571,572,Marcus Maye,0,0,0.0,0,0,0,0,0,0,0.0,0.0,2.0%,DB,2023
572,573,Chuck Clark,0,0,0.0,0,0,0,0,0,0,0.0,0.0,6.4%,DB,2023
573,574,Tre'Davious White,0,0,0.0,0,0,0,0,0,0,0.0,0.0,5.5%,DB,2023
574,575,Marshon Lattimore,0,0,0.0,0,0,0,0,0,0,0.0,0.0,6.2%,DB,2023
575,576,Gareon Conley,0,0,0.0,0,0,0,0,0,0,0.0,0.0,0.0%,DB,2023
576,577,Kevin King,0,0,0.0,0,0,0,0,0,0,0.0,0.0,0.0%,DB,2023
577,578,Justin Hardee,0,0,0.0,0,0,0,0,0,1,0.0,0.0,0.0%,DB,2023
578,579,Adrian Colbert,0,0,0.0,0,0,0,0,0,0,0.0,0.0,0.0%,DB,2023
579,580,Shaq Griffin,0,0,0.0,0,0,0,0,0,0,0.0,0.0,1.2%,DB,2023
580,581,Budda Baker,0,0,0.0,0,0,0,0,0,0,0.0,0.0,36.6%,DB,2023
581,582,Tony Brown,0,0,0.0,0,0,0,0,0,0,0.0,0.0,0.0%,DB,2023
582,583,Amani Oruwariye,0,0,0.0,0,0,0,0,0,0,0.0,0.0,0.2%,DB,2023
583,584,Kris Boyd,0,0,0.0,0,0,0,0,0,0,0.0,0.0,0.0%,DB,2023
584,585,Trayvon Mullen,0,0,0.0,0,0,0,0,0,0,0.0,0.0,0.0%,DB,2023
585,586,Juan Thornhill,0,0,0.0,0,0,0,0,0,0,0.0,0.0,4.0%,DB,2023
586,587,Lukas Denis,0,0,0.0,0,0,0,0,0,0,0.0,0.0,0.0%,DB,2023
587,588,Trevon Diggs,0,0,0.0,0,0,0,0,0,0,0.0,0.0,13.9%,DB,2023
588,589,Emmanuel Moseley,0,0,0.0,0,0,0,0,0,0,0.0,0.0,1.4%,DB,2023
589,590,J.T. Gray,0,0,0.0,0,0,0,0,0,1,0.0,0.0,0.4%,DB,2023
590,591,Andre Chachere,0,0,0.0,0,0,0,0,0,0,0.0,0.0,0.7%,DB,2023
591,592,Ugo Amadi,0,0,0.0,0,0,0,0,0,1,0.0,0.0,0.2%,DB,2023
592,593,Nick Scott,0,0,0.0,0,0,0,0,0,1,0.0,0.0,1.7%,DB,2023
593,594,Kemon Hall,0,0,0.0,0,0,0,0,0,0,0.0,0.0,0.0%,DB,2023
594,595,Rock Ya-Sin,0,0,0.0,0,0,0,0,0,0,0.0,0.0,0.5%,DB,2023
595,596,Ka'dar Hollman,0,0,0.0,0,0,0,0,0,0,0.0,0.0,0.0%,DB,2023
596,597,Nik Needham,0,0,0.0,0,0,0,0,0,1,0.0,0.0,0.2%,DB,2023
597,598,Sheldrick Redwine,0,0,0.0,0,0,0,0,0,0,0.0,0.0,0.2%,DB,2023
598,599,Tarvarius Moore,0,0,0.0,0,0,0,0,0,0,0.0,0.0,0.2%,DB,2023
599,600,Tre Flowers,0,0,0.0,0,0,0,0,0,1,0.0,0.0,0.0%,DB,2023
600,601,Jalen Davis,0,0,0.0,0,0,0,0,0,1,0.0,0.0,0.5%,DB,2023
601,602,Chris Board,0,0,0.0,0,0,0,0,0,1,0.0,0.0,1.5%,DB,2023
602,603,George Odum,0,0,0.0,0,0,0,0,0,0,0.0,0.0,0.5%,DB,2023
603,604,Tre Herndon,0,0,0.0,0,0,0,0,0,1,0.0,0.0,0.2%,DB,2023
604,605,Greg Stroman,0,0,0.0,0,0,0,0,0,0,0.0,0.0,0.5%,DB,2023
605,606,M.J. Stewart,0,0,0.0,0,0,0,0,0,0,0.0,0.0,4.0%,DB,2023
606,607,Siran Neal,0,0,0.0,0,0,0,0,0,0,0.0,0.0,0.0%,DB,2023
607,608,Cornell Armstrong,0,0,0.0,0,0,0,0,0,0,0.0,0.0,0.0%,DB,2023
608,609,Parry Nickerson,0,0,0.0,0,0,0,0,0,0,0.0,0.0,0.0%,DB,2023
609,610,Dane Cruikshank,0,0,0.0,0,0,0,0,0,0,0.0,0.0,0.2%,DB,2023
610,611,Tremon Smith,0,0,0.0,0,0,0,0,0,0,0.0,0.0,5.0%,DB,2023
611,612,Avonte Maddox,0,0,0.0,0,0,0,0,0,0,0.0,0.0,2.5%,DB,2023
612,613,Tracy Walker,0,0,0.0,0,0,0,0,0,1,0.0,0.0,1.8%,DB,2023
613,614,Tavierre Thomas,0,0,0.0,0,0,0,0,0,1,0.0,0.0,2.0%,DB,2023
614,615,Ezekiel Turner,0,0,0.0,0,0,0,0,0,0,0.0,0.0,0.2%,DB,2023
615,616,Chris Lammons,0,0,0.0,0,0,0,0,0,0,0.0,0.0,0.0%,DB,2023
616,617,Jeremy Reaves,0,0,0.0,0,0,0,0,0,0,0.0,0.0,0.2%,DB,2023
617,618,Chandon Sullivan,0,0,0.0,0,0,0,0,0,1,0.0,0.0,0.0%,DB,2023
618,619,Adrian Amos,0,0,0.0,0,0,0,0,0,1,0.0,0.0,0.2%,DB,2023
619,620,Eric Rowe,0,0,0.0,0,0,0,0,0,1,0.0,0.0,0.2%,DB,2023
620,621,Ronald Darby,0,0,0.0,0,0,0,0,0,0,0.0,0.0,2.3%,DB,2023
621,622,Bobby McCain,0,0,0.0,0,0,0,0,0,1,0.0,0.0,0.0%,DB,2023
622,623,Adrian Phillips,0,0,0.0,0,0,0,0,0,1,0.0,0.0,0.7%,DB,2023
623,624,C.J. Goodwin,0,0,0.0,0,0,0,0,0,0,0.0,0.0,0.4%,DB,2023
624,625,Antonio Hamilton,0,0,0.0,0,0,0,0,0,0,0.0,0.0,0.7%,DB,2023
625,626,Daryl Worley,0,0,0.0,0,0,0,0,0,1,0.0,0.0,0.0%,DB,2023
626,627,Eric Murray,0,0,0.0,0,0,0,0,0,0,0.0,0.0,0.2%,DB,2023
627,628,Deon Bush,0,0,0.0,0,0,0,0,0,1,0.0,0.0,0.0%,DB,2023
628,629,Erik Harris,0,0,0.0,0,0,0,0,0,0,0.0,0.0,0.4%,DB,2023
629,630,Anrdre Hal,0,0,0.0,0,0,0,0,0,0,0.0,0.0,0.0%,DB,2023
630,631,Kendall Fuller,0,0,0.0,0,0,0,0,0,0,0.0,0.0,7.0%,DB,2023
631,632,Miles Killebrew,0,0,0.0,0,0,0,0,0,0,0.0,0.0,0.2%,DB,2023
632,633,Derek Slywka,0,0,0.0,0,0,0,0,0,0,0.0,0.0,0.0%,DB,2023
