,Rank,Player,Tackle,Assist,Sack,Pass Defended,Interception,Forced Fumble,Fumble Recovery,Defend Touchdown,Games Played,Fantasy Football Points,FTPS/Game,ROST,Position,Year
0,1,Kenny Moore,7,3,1.5,0,0,0,0,0,1,26.3,26.3,29.0%,DB,2023
1,2,Camryn Bynum,7,2,0.0,2,2,0,0,0,1,25.0,25.0,55.0%,DB,2023
2,3,Jaylon Johnson,2,1,0.0,2,2,0,0,1,1,22.8,22.8,4.8%,DB,2023
3,4,Julian Blackmon,4,1,0.0,2,1,0,0,0,1,19.8,19.8,14.3%,DB,2023
4,5,Jamel Dean,9,1,0.0,0,0,0,1,0,1,18.3,18.3,13.1%,DB,2023
5,6,Darius Slay,4,0,0.0,2,1,0,0,0,1,16.5,16.5,10.0%,DB,2023
6,7,Dean Marlowe,10,2,0.0,0,0,0,0,0,1,16.5,16.5,0.2%,DB,2023
7,8,Jordan Poyer,4,5,1.0,0,0,0,0,0,1,16.3,16.3,26.4%,DB,2023
8,9,Arthur Maulet,6,1,1.0,0,0,0,0,0,1,16.3,16.3,0.9%,DB,2023
9,10,Richie Grant,5,3,0.0,1,1,0,0,0,1,16.3,16.3,13.5%,DB,2023
10,11,Paulson Adebo,5,2,0.0,2,0,1,0,0,1,16.0,16.0,27.3%,DB,2023
11,12,Jaquan Brisker,9,1,0.0,1,0,0,0,0,1,15.8,15.8,46.7%,DB,2023
12,13,Jabrill Peppers,4,4,0.0,1,1,0,0,0,1,15.5,15.5,10.4%,DB,2023
13,14,Deonte Banks,5,2,0.0,1,1,0,0,0,1,15.5,15.5,13.1%,DB,2023
14,15,Grant Delpit,7,3,0.0,0,0,0,0,0,1,15.3,15.3,21.3%,DB,2023
15,16,Charvarius Ward,4,1,0.0,2,1,0,0,0,1,14.8,14.8,30.2%,DB,2023
16,17,L'Jarius Sneed,5,1,0.0,1,1,0,0,0,1,14.8,14.8,47.7%,DB,2023
17,18,Kerby Joseph,9,1,0.0,0,0,0,0,0,1,14.3,14.3,10.6%,DB,2023
18,19,Jason Pinnock,4,2,1.0,0,0,0,0,0,1,14.0,14.0,15.4%,DB,2023
19,20,Antoine Winfield,4,3,0.0,1,0,1,0,0,1,13.8,13.8,70.3%,DB,2023
20,21,Tyrique Stevenson,6,0,0.0,3,0,0,0,0,1,13.5,13.5,12.8%,DB,2023
21,22,Kyle Dugger,7,0,0.0,0,0,0,0,0,1,13.0,13.0,23.6%,DB,2023
22,23,Terrell Edmunds,8,1,0.0,0,0,0,0,0,1,12.8,12.8,1.1%,DB,2023
23,24,Minkah Fitzpatrick,6,5,0.0,0,0,0,0,0,1,12.8,12.8,36.8%,DB,2023
24,25,Benjamin St-Juste,4,1,0.0,4,0,0,0,0,1,12.8,12.8,6.7%,DB,2023
25,26,Bryan Cook,3,2,0.0,1,1,0,0,0,1,12.5,12.5,3.5%,DB,2023
26,27,Denzel Ward,4,0,0.0,1,1,0,0,0,1,12.5,12.5,5.2%,DB,2023
27,28,Harrison Smith,3,3,0.0,1,0,1,0,0,1,12.3,12.3,18.9%,DB,2023
28,29,Kyle Hamilton,6,1,0.0,0,0,0,0,0,1,12.3,12.3,47.8%,DB,2023
29,30,Talanoa Hufanga,7,2,0.0,0,0,0,0,0,1,12.0,12.0,14.1%,DB,2023
30,31,Ryan Neal,6,4,0.0,0,0,0,0,0,1,12.0,12.0,2.0%,DB,2023
31,32,Tre Herndon,5,2,0.0,2,0,0,0,0,1,12.0,12.0,0.2%,DB,2023
32,33,Budda Baker,6,0,0.0,0,0,0,0,0,1,11.5,11.5,36.6%,DB,2023
33,34,Carrington Valentine,7,1,0.0,0,0,0,0,0,1,11.3,11.3,0.4%,DB,2023
34,35,Geno Stone,3,0,0.0,1,1,0,0,0,1,11.0,11.0,3.5%,DB,2023
35,36,Asante Samuel,3,0,0.0,1,1,0,0,0,1,11.0,11.0,4.5%,DB,2023
36,37,Kader Kohou,6,0,0.0,1,0,0,0,0,1,10.5,10.5,2.5%,DB,2023
37,38,Dane Jackson,7,0,0.0,0,0,0,0,0,1,10.5,10.5,4.1%,DB,2023
38,39,Rodney Thomas,1,1,0.0,2,1,0,0,0,1,10.3,10.3,0.9%,DB,2023
39,40,Derwin James,3,2,0.0,0,0,0,1,0,1,10.0,10.0,75.9%,DB,2023
40,41,Starling Thomas,4,0,0.0,1,0,0,0,0,1,10.0,10.0,1.1%,DB,2023
41,42,Darious Williams,4,1,0.0,2,0,0,0,0,1,9.8,9.8,10.5%,DB,2023
42,43,Julian Love,5,1,0.0,1,0,0,0,0,1,9.8,9.8,33.4%,DB,2023
43,44,Jeff Okudah,5,1,0.0,1,0,0,0,0,1,9.8,9.8,1.8%,DB,2023
44,45,Kyler Gordon,4,3,0.0,1,0,0,0,0,1,9.8,9.8,11.9%,DB,2023
45,46,P.J. Locke,1,2,0.0,1,1,0,0,0,1,9.5,9.5,5.5%,DB,2023
46,47,Garrett Williams,2,0,0.0,1,1,0,0,0,1,9.5,9.5,0.9%,DB,2023
47,48,Eli Apple,4,0,0.0,2,0,0,0,0,1,9.0,9.0,0.0%,DB,2023
48,49,Tre'von Moehrig,5,2,0.0,0,0,0,0,0,1,9.0,9.0,5.5%,DB,2023
49,50,J.C. Jackson,5,0,0.0,1,0,0,0,0,1,9.0,9.0,1.2%,DB,2023
50,51,Tracy Walker,5,2,0.0,0,0,0,0,0,1,9.0,9.0,1.8%,DB,2023
51,52,Rayshawn Jenkins,3,6,0.0,0,0,0,0,0,1,9.0,9.0,25.3%,DB,2023
52,53,Andre Chachere,6,0,0.0,0,0,0,0,0,1,9.0,9.0,0.7%,DB,2023
53,54,Jamal Adams,4,2,0.0,1,0,0,0,0,1,9.0,9.0,3.4%,DB,2023
54,55,Juan Thornhill,5,2,0.0,0,0,0,0,0,1,9.0,9.0,4.0%,DB,2023
55,56,A.J. Terrell,3,2,0.0,2,0,0,0,0,1,9.0,9.0,4.0%,DB,2023
56,57,Rasul Douglas,3,2,0.0,0,0,0,0,0,1,8.5,8.5,8.5%,DB,2023
57,58,Jordan Fuller,3,2,0.0,0,0,0,0,0,1,8.5,8.5,10.1%,DB,2023
58,59,Montaric Brown,3,1,0.0,2,0,0,0,0,1,8.3,8.3,0.5%,DB,2023
59,60,Jessie Bates,5,1,0.0,0,0,0,0,0,1,8.3,8.3,69.2%,DB,2023
60,61,Marcus Peters,2,5,0.0,1,0,0,0,0,1,8.3,8.3,1.2%,DB,2023
61,62,Kareem Jackson,4,1,0.0,1,0,0,0,0,1,8.3,8.3,0.7%,DB,2023
62,63,Alontae Taylor,5,1,0.0,0,0,0,0,0,1,8.3,8.3,3.2%,DB,2023
63,64,Damontae Kazee,4,3,0.0,0,0,0,0,0,1,8.3,8.3,1.6%,DB,2023
64,65,Rudy Ford,4,3,0.0,0,0,0,0,0,1,8.3,8.3,4.0%,DB,2023
65,66,Christian Benford,3,1,0.0,0,0,0,0,0,1,7.8,7.8,13.0%,DB,2023
66,67,Michael Davis,3,1,0.0,0,0,0,0,0,1,7.8,7.8,0.9%,DB,2023
67,68,Quentin Lake,4,2,0.0,0,0,0,0,0,1,7.5,7.5,4.1%,DB,2023
68,69,Ja'Sir Taylor,4,0,0.0,1,0,0,0,0,1,7.5,7.5,0.9%,DB,2023
69,70,Xavier McKinney,3,0,0.0,2,0,0,0,0,1,7.5,7.5,35.6%,DB,2023
70,71,David Long,4,2,0.0,0,0,0,0,0,1,7.5,7.5,0.0%,DB,2023
71,72,Devon Witherspoon,4,0,0.0,1,0,0,0,0,1,7.5,7.5,43.0%,DB,2023
72,73,Brandon Stephens,3,0,0.0,2,0,0,0,0,1,7.5,7.5,4.5%,DB,2023
73,74,Taron Johnson,4,0,0.0,1,0,0,0,0,1,7.5,7.5,30.9%,DB,2023
74,75,Trent McDuffie,5,0,0.0,0,0,0,0,0,1,7.5,7.5,31.6%,DB,2023
75,76,Marco Wilson,4,1,0.0,0,0,0,0,0,1,6.8,6.8,0.4%,DB,2023
76,77,Jevon Holland,4,1,0.0,0,0,0,0,0,1,6.8,6.8,21.6%,DB,2023
77,78,Fabian Moreau,3,1,0.0,1,0,0,0,0,1,6.8,6.8,0.0%,DB,2023
78,79,Cor'Dale Flott,3,3,0.0,0,0,0,0,0,1,6.8,6.8,1.2%,DB,2023
79,80,Tre Hawkins,3,1,0.0,1,0,0,0,0,1,6.8,6.8,0.5%,DB,2023
80,81,Andrew Wingard,4,1,0.0,0,0,0,0,0,1,6.8,6.8,1.6%,DB,2023
81,82,Keanu Neal,4,0,0.0,0,0,0,0,0,1,6.0,6.0,0.7%,DB,2023
82,83,Marcus Epps,3,2,0.0,0,0,0,0,0,1,6.0,6.0,4.0%,DB,2023
83,84,Quandre Diggs,3,0,0.0,1,0,0,0,0,1,6.0,6.0,3.1%,DB,2023
84,85,Russ Yeast,2,4,0.0,0,0,0,0,0,1,6.0,6.0,3.5%,DB,2023
85,86,Darrell Baker,3,0,0.0,1,0,0,0,0,1,6.0,6.0,0.4%,DB,2023
86,87,Byron Murphy,4,0,0.0,0,0,0,0,0,1,6.0,6.0,7.1%,DB,2023
87,88,Justin Reid,2,2,0.0,1,0,0,0,0,1,6.0,6.0,33.4%,DB,2023
88,89,Akayleb Evans,4,0,0.0,0,0,0,0,0,1,6.0,6.0,3.6%,DB,2023
89,90,Myles Bryant,4,0,0.0,0,0,0,0,0,1,6.0,6.0,2.8%,DB,2023
90,91,Marlon Humphrey,3,0,0.0,1,0,0,0,0,1,6.0,6.0,4.8%,DB,2023
91,92,Micah Hyde,1,2,0.0,0,0,0,0,0,1,5.5,5.5,1.2%,DB,2023
92,93,Brian Branch,2,0,0.0,0,0,0,0,0,1,5.5,5.5,37.3%,DB,2023
93,94,Dee Alford,1,1,0.0,2,0,0,0,0,1,5.3,5.3,1.6%,DB,2023
94,95,Josh Metellus,2,3,0.0,0,0,0,0,0,1,5.3,5.3,41.4%,DB,2023
95,96,Amik Robertson,2,3,0.0,0,0,0,0,0,1,5.3,5.3,0.5%,DB,2023
96,97,Ahkello Witherspoon,3,1,0.0,0,0,0,0,0,1,5.3,5.3,0.2%,DB,2023
97,98,Joey Porter,2,1,0.0,1,0,0,0,0,1,5.3,5.3,5.3%,DB,2023
98,99,Patrick Peterson,3,0,0.0,0,0,0,0,0,1,4.5,4.5,0.9%,DB,2023
99,100,Pat Surtain,2,0,0.0,1,0,0,0,0,1,4.5,4.5,11.5%,DB,2023
100,101,Kendall Fuller,3,0,0.0,0,0,0,0,0,1,4.5,4.5,7.0%,DB,2023
101,102,James Bradberry,3,0,0.0,0,0,0,0,0,1,4.5,4.5,2.0%,DB,2023
102,103,Deommodore Lenoir,2,2,0.0,0,0,0,0,0,1,4.5,4.5,13.6%,DB,2023
103,104,Isaiah Oliver,3,0,0.0,0,0,0,0,0,1,4.5,4.5,0.4%,DB,2023
104,105,Tyrann Mathieu,3,0,0.0,0,0,0,0,0,1,4.5,4.5,10.0%,DB,2023
105,106,Justin Simmons,2,2,0.0,0,0,0,0,0,1,4.5,4.5,11.6%,DB,2023
106,107,DeShon Elliott,2,2,0.0,0,0,0,0,0,1,4.5,4.5,8.0%,DB,2023
107,108,Lonnie Johnson,0,0,0.0,0,0,0,1,0,1,4.0,4.0,0.2%,DB,2023
108,109,Cameron Sutton,2,1,0.0,0,0,0,0,0,1,3.8,3.8,0.2%,DB,2023
109,110,Elijah Hicks,2,1,0.0,0,0,0,0,0,1,3.8,3.8,0.5%,DB,2023
110,111,Marshon Lattimore,1,1,0.0,1,0,0,0,0,1,3.8,3.8,6.2%,DB,2023
111,112,Greg Newsome,2,1,0.0,0,0,0,0,0,1,3.8,3.8,5.3%,DB,2023
112,113,Riq Woolen,2,1,0.0,0,0,0,0,0,1,3.8,3.8,3.8%,DB,2023
113,114,Carlton Davis,2,1,0.0,0,0,0,0,0,1,3.8,3.8,4.3%,DB,2023
114,115,Sydney Brown,2,1,0.0,0,0,0,0,0,1,3.8,3.8,4.0%,DB,2023
115,116,Christian Izien,2,1,0.0,0,0,0,0,0,1,3.8,3.8,0.9%,DB,2023
116,117,Jaylen Watson,2,1,0.0,0,0,0,0,0,1,3.8,3.8,2.5%,DB,2023
117,118,Percy Butler,2,1,0.0,0,0,0,0,0,1,3.8,3.8,2.0%,DB,2023
118,119,Jack Jones,1,3,0.0,0,0,0,0,0,1,3.8,3.8,3.4%,DB,2023
119,120,Tre Brown,1,0,0.0,1,0,0,0,0,1,3.0,3.0,0.8%,DB,2023
120,121,Quan Martin,0,2,0.0,1,0,0,0,0,1,3.0,3.0,2.3%,DB,2023
121,122,Kamren Curl,1,2,0.0,0,0,0,0,0,1,3.0,3.0,30.4%,DB,2023
122,123,Parry Nickerson,2,0,0.0,0,0,0,0,0,1,3.0,3.0,0.0%,DB,2023
123,124,Rock Ya-Sin,1,0,0.0,1,0,0,0,0,1,3.0,3.0,0.5%,DB,2023
124,125,Jalen Mills,2,0,0.0,0,0,0,0,0,1,3.0,3.0,0.5%,DB,2023
125,126,Jonathan Jones,2,0,0.0,0,0,0,0,0,1,3.0,3.0,1.9%,DB,2023
126,127,Tashaun Gipson,1,1,0.0,0,0,0,0,0,1,2.3,2.3,0.4%,DB,2023
127,128,Keisean Nixon,1,1,0.0,0,0,0,0,0,1,2.3,2.3,22.9%,DB,2023
128,129,Isaiah Pola-Mao,1,1,0.0,0,0,0,0,0,1,2.3,2.3,0.2%,DB,2023
129,130,Marcus Maye,0,3,0.0,0,0,0,0,0,1,2.3,2.3,2.0%,DB,2023
130,131,Levi Wallace,0,3,0.0,0,0,0,0,0,1,2.3,2.3,2.0%,DB,2023
131,132,Danny Johnson,1,1,0.0,0,0,0,0,0,1,2.3,2.3,0.0%,DB,2023
132,133,Nick McCloud,0,1,0.0,1,0,0,0,0,1,2.3,2.3,1.1%,DB,2023
133,134,Andre Cisco,1,1,0.0,0,0,0,0,0,1,2.3,2.3,3.8%,DB,2023
134,135,Will Harris,1,0,0.0,0,0,0,0,0,1,1.5,1.5,0.0%,DB,2023
135,136,Rodney McLeod,1,0,0.0,0,0,0,0,0,1,1.5,1.5,0.4%,DB,2023
136,137,Eli Ricks,0,0,0.0,1,0,0,0,0,1,1.5,1.5,0.2%,DB,2023
137,138,Jalyn Armour-Davis,1,0,0.0,0,0,0,0,0,1,1.5,1.5,0.0%,DB,2023
138,139,Martin Emerson,1,0,0.0,0,0,0,0,0,1,1.5,1.5,2.5%,DB,2023
139,140,Ugo Amadi,1,0,0.0,0,0,0,0,0,1,1.5,1.5,0.2%,DB,2023
140,141,Taylor Rapp,1,0,0.0,0,0,0,0,0,1,1.5,1.5,7.7%,DB,2023
141,142,Elijah Campbell,1,0,0.0,0,0,0,0,0,1,1.5,1.5,0.2%,DB,2023
142,143,Mike Edwards,0,0,0.0,1,0,0,0,0,1,1.5,1.5,4.2%,DB,2023
143,144,Chandon Sullivan,1,0,0.0,0,0,0,0,0,1,1.5,1.5,0.0%,DB,2023
144,145,Darnell Savage,1,0,0.0,0,0,0,0,0,1,1.5,1.5,5.1%,DB,2023
145,146,Josiah Scott,1,0,0.0,0,0,0,0,0,1,1.5,1.5,0.9%,DB,2023
146,147,Isaac Yiadom,1,0,0.0,0,0,0,0,0,1,1.5,1.5,0.0%,DB,2023
147,148,Michael Jackson,1,0,0.0,0,0,0,0,0,1,1.5,1.5,1.2%,DB,2023
148,149,Jonathan Owens,1,0,0.0,0,0,0,0,0,1,1.5,1.5,5.5%,DB,2023
149,150,Jaylon Jones,0,1,0.0,0,0,0,0,0,1,0.8,0.8,0.5%,DB,2023
150,151,Andrew Booth,0,1,0.0,0,0,0,0,0,1,0.8,0.8,0.4%,DB,2023
151,152,Jordan Howden,0,1,0.0,0,0,0,0,0,1,0.8,0.8,2.2%,DB,2023
152,153,Theo Jackson,0,1,0.0,0,0,0,0,0,1,0.8,0.8,0.4%,DB,2023
153,154,Zyon McCollum,0,1,0.0,0,0,0,0,0,1,0.8,0.8,5.9%,DB,2023
154,155,Michael Ojemudia,0,0,0.0,0,0,0,0,0,0,0.0,0.0,0.0%,DB,2023
155,156,Thomas Graham,0,0,0.0,0,0,0,0,0,0,0.0,0.0,0.0%,DB,2023
156,157,Shyheim Carter,0,0,0.0,0,0,0,0,0,0,0.0,0.0,0.2%,DB,2023
157,158,K'Von Wallace,0,0,0.0,0,0,0,0,0,0,0.0,0.0,1.9%,DB,2023
158,159,Lamar Jackson,0,0,0.0,0,0,0,0,0,0,0.0,0.0,0.4%,DB,2023
159,160,Darnay Holmes,0,0,0.0,0,0,0,0,0,1,0.0,0.0,0.2%,DB,2023
160,161,Alohi Gilman,0,0,0.0,0,0,0,0,0,0,0.0,0.0,10.7%,DB,2023
161,162,Jeremy Chinn,0,0,0.0,0,0,0,0,0,0,0.0,0.0,7.0%,DB,2023
162,163,Jalen Thompson,0,0,0.0,0,0,0,0,0,0,0.0,0.0,17.1%,DB,2023
163,164,Brandon Jones,0,0,0.0,0,0,0,0,0,1,0.0,0.0,19.8%,DB,2023
164,165,C.J. Moore,0,0,0.0,0,0,0,0,0,0,0.0,0.0,5.1%,DB,2023
165,166,Isaiah Simmons,0,3,0.0,0,0,0,0,0,1,0.0,0.0,6.2%,DB,2023
166,167,Kristian Fulton,0,0,0.0,0,0,0,0,0,0,0.0,0.0,1.8%,DB,2023
167,168,C.J. Henderson,0,0,0.0,0,0,0,0,0,0,0.0,0.0,0.8%,DB,2023
168,169,Ashtyn Davis,0,0,0.0,0,0,0,0,0,0,0.0,0.0,3.4%,DB,2023
169,170,Aaron Robinson,0,0,0.0,0,0,0,0,0,0,0.0,0.0,1.0%,DB,2023
170,171,Elijah Riley,0,0,0.0,0,0,0,0,0,0,0.0,0.0,0.2%,DB,2023
171,172,Javelin Guidry,0,0,0.0,0,0,0,0,0,0,0.0,0.0,1.0%,DB,2023
172,173,James Pierre,0,0,0.0,0,0,0,0,0,1,0.0,0.0,0.0%,DB,2023
173,174,Noah Igbinoghene,0,0,0.0,0,0,0,0,0,0,0.0,0.0,0.0%,DB,2023
174,175,Stantley Thomas-Oliver,0,0,0.0,0,0,0,0,0,0,0.0,0.0,1.0%,DB,2023
175,176,Jaylinn Hawkins,0,0,0.0,0,0,0,0,0,0,0.0,0.0,11.0%,DB,2023
176,177,Shaun Wade,0,0,0.0,0,0,0,0,0,0,0.0,0.0,0.4%,DB,2023
177,178,Isaiah Rodgers,0,0,0.0,0,0,0,0,0,0,0.0,0.0,0.5%,DB,2023
178,179,Harrison Hand,0,0,0.0,0,0,0,0,0,0,0.0,0.0,0.0%,DB,2023
179,180,A.J. Green,0,0,0.0,0,0,0,0,0,0,0.0,0.0,0.0%,DB,2023
180,181,Troy Pride,0,0,0.0,0,0,0,0,0,0,0.0,0.0,0.0%,DB,2023
181,182,Dicaprio Bootle,0,0,0.0,0,0,0,0,0,0,0.0,0.0,0.5%,DB,2023
182,183,Kindle Vildor,0,0,0.0,0,0,0,0,0,0,0.0,0.0,0.0%,DB,2023
183,184,Kyron Brown,0,0,0.0,0,0,0,0,0,0,0.0,0.0,0.2%,DB,2023
184,185,Cam Lewis,0,0,0.0,0,0,0,0,0,0,0.0,0.0,0.4%,DB,2023
185,186,Duke Shelley,0,0,0.0,0,0,0,0,0,1,0.0,0.0,0.0%,DB,2023
186,187,Sean Murphy-Bunting,0,0,0.0,0,0,0,0,0,0,0.0,0.0,10.3%,DB,2023
187,188,Amani Hooker,0,0,0.0,0,0,0,0,0,0,0.0,0.0,14.9%,DB,2023
188,189,Bryce Hall,0,0,0.0,0,0,0,0,0,0,0.0,0.0,0.8%,DB,2023
189,190,C.J. Gardner-Johnson,0,0,0.0,0,0,0,0,0,0,0.0,0.0,16.7%,DB,2023
190,191,Tevaughn Campbell,0,0,0.0,0,0,0,0,0,1,0.0,0.0,2.0%,DB,2023
191,192,Donovan Wilson,0,0,0.0,0,0,0,0,0,0,0.0,0.0,20.6%,DB,2023
192,193,D'Angelo Ross,0,0,0.0,0,0,0,0,0,0,0.0,0.0,0.0%,DB,2023
193,194,Micah Abernathy,0,0,0.0,0,0,0,0,0,1,0.0,0.0,0.0%,DB,2023
194,195,Nathan Meadors,0,0,0.0,0,0,0,0,0,0,0.0,0.0,0.0%,DB,2023
195,196,Roderic Teamer,0,0,0.0,0,0,0,0,0,0,0.0,0.0,0.0%,DB,2023
196,197,Daniel Thomas,0,0,0.0,0,0,0,0,0,0,0.0,0.0,0.2%,DB,2023
197,198,Tyler Hall,0,0,0.0,0,0,0,0,0,0,0.0,0.0,0.0%,DB,2023
198,199,Douglas Coleman,0,0,0.0,0,0,0,0,0,0,0.0,0.0,0.0%,DB,2023
199,200,Khalil Dorsey,0,0,0.0,0,0,0,0,0,1,0.0,0.0,0.5%,DB,2023
200,201,Grayland Arnold,0,0,0.0,0,0,0,0,0,0,0.0,0.0,0.0%,DB,2023
201,202,Jalen Elliott,0,0,0.0,0,0,0,0,0,0,0.0,0.0,0.0%,DB,2023
202,203,Bobby Price,0,0,0.0,0,0,0,0,0,1,0.0,0.0,6.0%,DB,2023
203,204,Marcel Dabo,0,0,0.0,0,0,0,0,0,0,0.0,0.0,0.0%,DB,2023
204,205,Benny Sapp,0,0,0.0,0,0,0,0,0,0,0.0,0.0,0.0%,DB,2023
205,206,D'Shawn Jamison,0,0,0.0,0,0,0,0,0,0,0.0,0.0,0.5%,DB,2023
206,207,Nick Whiteside,0,0,0.0,0,0,0,0,0,0,0.0,0.0,0.0%,DB,2023
207,208,Kendell Brooks,0,0,0.0,0,0,0,0,0,0,0.0,0.0,0.0%,DB,2023
208,209,Lance Boykin,0,0,0.0,0,0,0,0,0,0,0.0,0.0,0.0%,DB,2023
209,210,Ty Okada,0,0,0.0,0,0,0,0,0,0,0.0,0.0,0.0%,DB,2023
210,211,Christian Young,0,0,0.0,0,0,0,0,0,0,0.0,0.0,1.0%,DB,2023
211,212,Jonathan Sutherland,0,0,0.0,0,0,0,0,0,0,0.0,0.0,0.0%,DB,2023
212,213,Cameron McCutcheon,0,0,0.0,0,0,0,0,0,0,0.0,0.0,0.0%,DB,2023
213,214,Jalen Graham,0,0,0.0,0,0,0,0,0,0,0.0,0.0,0.0%,DB,2023
214,215,Ameer Speed,0,0,0.0,0,0,0,0,0,0,0.0,0.0,0.0%,DB,2023
215,216,Marte Mapu,0,0,0.0,0,0,0,0,0,1,0.0,0.0,1.6%,DB,2023
216,217,Isaiah Bolden,0,0,0.0,0,0,0,0,0,0,0.0,0.0,0.0%,DB,2023
217,218,Anthony Johnson,0,0,0.0,0,0,0,0,0,0,0.0,0.0,0.0%,DB,2023
218,219,Gervarrius Owens,0,0,0.0,0,0,0,0,0,0,0.0,0.0,0.0%,DB,2023
219,220,AJ Finley,0,0,0.0,0,0,0,0,0,1,0.0,0.0,0.4%,DB,2023
220,221,Jerrick Reed,0,0,0.0,0,0,0,0,0,1,0.0,0.0,0.2%,DB,2023
221,222,Darrell Luter,0,0,0.0,0,0,0,0,0,0,0.0,0.0,0.0%,DB,2023
222,223,Tanner Ingle,0,0,0.0,0,0,0,0,0,0,0.0,0.0,0.0%,DB,2023
223,224,Jason Taylor,0,0,0.0,0,0,0,0,0,0,0.0,0.0,0.4%,DB,2023
224,225,Josh Hayes,0,0,0.0,0,0,0,0,0,0,0.0,0.0,0.0%,DB,2023
225,226,Kaleb Hayes,0,0,0.0,0,0,0,0,0,0,0.0,0.0,0.0%,DB,2023
226,227,Divaad Wilson,0,0,0.0,0,0,0,0,0,0,0.0,0.0,0.0%,DB,2023
227,228,Keenan Isaac,0,0,0.0,0,0,0,0,0,0,0.0,0.0,0.0%,DB,2023
228,229,Kaevon Merriweather,0,0,0.0,0,0,0,0,0,0,0.0,0.0,0.4%,DB,2023
229,230,Art Green,0,0,0.0,0,0,0,0,0,0,0.0,0.0,0.0%,DB,2023
230,231,Anthony Kendall,0,0,0.0,0,0,0,0,0,0,0.0,0.0,0.0%,DB,2023
231,232,Matthew Jackson,0,0,0.0,0,0,0,0,0,0,0.0,0.0,0.0%,DB,2023
232,233,Azizi Hearn,0,0,0.0,0,0,0,0,0,0,0.0,0.0,0.0%,DB,2023
233,234,Jaydon Grant,0,0,0.0,0,0,0,0,0,0,0.0,0.0,0.0%,DB,2023
234,235,Jeremy Lucien,0,0,0.0,0,0,0,0,0,0,0.0,0.0,0.0%,DB,2023
235,236,Ekow Boye-Doe,0,0,0.0,0,0,0,0,0,0,0.0,0.0,0.4%,DB,2023
236,237,Eric Garror,0,0,0.0,0,0,0,0,0,0,0.0,0.0,0.0%,DB,2023
237,238,Natrone Brooks,0,0,0.0,0,0,0,0,0,0,0.0,0.0,0.0%,DB,2023
238,239,Keidron Smith,0,0,0.0,0,0,0,0,0,0,0.0,0.0,0.0%,DB,2023
239,240,Alex Cook,0,0,0.0,0,0,0,0,0,0,0.0,0.0,0.0%,DB,2023
240,241,Reese Taylor,0,0,0.0,0,0,0,0,0,0,0.0,0.0,0.0%,DB,2023
241,242,Gemon Green,0,0,0.0,0,0,0,0,0,0,0.0,0.0,0.0%,DB,2023
242,243,Trey Dean,0,0,0.0,0,0,0,0,0,0,0.0,0.0,0.0%,DB,2023
243,244,Ethan Bonner,0,0,0.0,0,0,0,0,0,0,0.0,0.0,0.0%,DB,2023
244,245,Rejzohn Wright,0,0,0.0,0,0,0,0,0,0,0.0,0.0,0.0%,DB,2023
245,246,Ronnie Hickman,0,0,0.0,0,0,0,0,0,0,0.0,0.0,0.5%,DB,2023
246,247,Tanner McCalister,0,0,0.0,0,0,0,0,0,0,0.0,0.0,0.0%,DB,2023
247,248,Jaylin Williams,0,0,0.0,0,0,0,0,0,0,0.0,0.0,0.0%,DB,2023
248,249,NaJee Thompson,0,0,0.0,0,0,0,0,0,0,0.0,0.0,0.0%,DB,2023
249,250,Steven Gilmore,0,0,0.0,0,0,0,0,0,1,0.0,0.0,0.0%,DB,2023
250,251,Tony Adams,0,0,0.0,0,0,0,0,0,0,0.0,0.0,4.4%,DB,2023
251,252,Josh Valentine-Turner,0,0,0.0,0,0,0,0,0,0,0.0,0.0,0.0%,DB,2023
252,253,Ja'Marcus Ingram,0,0,0.0,0,0,0,0,0,0,0.0,0.0,0.0%,DB,2023
253,254,Mekhi Blackmon,0,0,0.0,0,0,0,0,0,0,0.0,0.0,1.2%,DB,2023
254,255,Kei'Trel Clark,0,0,0.0,0,0,0,0,0,0,0.0,0.0,0.5%,DB,2023
255,256,Max Melton,0,0,0.0,0,0,0,0,0,0,0.0,0.0,2.1%,DB,2023
256,257,Kyu Blu,0,0,0.0,0,0,0,0,0,0,0.0,0.0,0.0%,DB,2023
257,258,Darius Rush,0,0,0.0,0,0,0,0,0,0,0.0,0.0,0.5%,DB,2023
258,259,Terell Smith,0,0,0.0,0,0,0,0,0,0,0.0,0.0,0.5%,DB,2023
259,260,Mekhi Garner,0,0,0.0,0,0,0,0,0,1,0.0,0.0,0.2%,DB,2023
260,261,Riley Moss,0,0,0.0,0,0,0,0,0,0,0.0,0.0,0.2%,DB,2023
261,262,Chris Smith,0,0,0.0,0,0,0,0,0,0,0.0,0.0,0.2%,DB,2023
262,263,DeMarcco Hellams,0,0,0.0,0,0,0,0,0,1,0.0,0.0,3.5%,DB,2023
263,264,Cory Trice,0,0,0.0,0,0,0,0,0,0,0.0,0.0,0.0%,DB,2023
264,265,Alex Austin,0,0,0.0,0,0,0,0,0,0,0.0,0.0,0.5%,DB,2023
265,266,Kendall Williamson,0,0,0.0,0,0,0,0,0,0,0.0,0.0,0.0%,DB,2023
266,267,DJ Ivey,0,0,0.0,0,0,0,0,0,0,0.0,0.0,0.0%,DB,2023
267,268,Eric Scott,0,0,0.0,0,0,0,0,0,0,0.0,0.0,0.0%,DB,2023
268,269,Brandon Hill,0,0,0.0,0,0,0,0,0,0,0.0,0.0,0.0%,DB,2023
269,270,Christian Braswell,0,0,0.0,0,0,0,0,0,0,0.0,0.0,0.0%,DB,2023
270,271,Erick Hallett,0,0,0.0,0,0,0,0,0,0,0.0,0.0,0.0%,DB,2023
271,272,Chamarri Conner,0,0,0.0,0,0,0,0,0,1,0.0,0.0,0.0%,DB,2023
272,273,Nic Jones,0,0,0.0,0,0,0,0,0,0,0.0,0.0,0.4%,DB,2023
273,274,DJ Turner,0,0,0.0,0,0,0,0,0,0,0.0,0.0,3.0%,DB,2023
274,275,Tre Avery,0,0,0.0,0,0,0,0,0,0,0.0,0.0,0.2%,DB,2023
275,276,Christian Gonzalez,0,0,0.0,0,0,0,0,0,0,0.0,0.0,13.8%,DB,2023
276,277,JL Skinner,0,0,0.0,0,0,0,0,0,0,0.0,0.0,0.0%,DB,2023
277,278,Ji'Ayir Brown,0,0,0.0,0,0,0,0,0,1,0.0,0.0,6.5%,DB,2023
278,279,Jakorian Bennett,0,0,0.0,0,0,0,0,0,0,0.0,0.0,1.1%,DB,2023
279,280,D.J. James,0,0,0.0,0,0,0,0,0,0,0.0,0.0,0.0%,DB,2023
280,281,Anthony Johnson,0,0,0.0,0,0,0,0,0,1,0.0,0.0,0.9%,DB,2023
281,282,Daniel Scott,0,0,0.0,0,0,0,0,0,0,0.0,0.0,0.0%,DB,2023
282,283,Demani Richardson,0,0,0.0,0,0,0,0,0,0,0.0,0.0,0.0%,DB,2023
283,284,Jay Ward,0,0,0.0,0,0,0,0,0,0,0.0,0.0,0.2%,DB,2023
284,285,Emmanuel Forbes,0,0,0.0,0,0,0,0,0,1,0.0,0.0,3.0%,DB,2023
285,286,Cameron Mitchell,0,0,0.0,0,0,0,0,0,1,0.0,0.0,0.2%,DB,2023
286,287,Quindell Johnson,0,0,0.0,0,0,0,0,0,0,0.0,0.0,0.0%,DB,2023
287,288,JuJu Brents,0,0,0.0,0,0,0,0,0,1,0.0,0.0,8.5%,DB,2023
288,289,Kahlef Hailassie,0,0,0.0,0,0,0,0,0,0,0.0,0.0,0.0%,DB,2023
289,290,Clayton Isbell,0,0,0.0,0,0,0,0,0,0,0.0,0.0,0.0%,DB,2023
290,291,Carlton Johnson,0,0,0.0,0,0,0,0,0,0,0.0,0.0,0.0%,DB,2023
291,292,Travian Blaylock,0,0,0.0,0,0,0,0,0,0,0.0,0.0,0.0%,DB,2023
292,293,Reddy Steward,0,0,0.0,0,0,0,0,0,0,0.0,0.0,0.0%,DB,2023
293,294,Leon Jones,0,0,0.0,0,0,0,0,0,0,0.0,0.0,0.0%,DB,2023
294,295,PJ Jules,0,0,0.0,0,0,0,0,0,0,0.0,0.0,0.0%,DB,2023
295,296,Michael Dowell,0,0,0.0,0,0,0,0,0,0,0.0,0.0,0.0%,DB,2023
296,297,Dyshawn Gales,0,0,0.0,0,0,0,0,0,0,0.0,0.0,0.0%,DB,2023
297,298,Tyrek Funderburk,0,0,0.0,0,0,0,0,0,0,0.0,0.0,0.0%,DB,2023
298,299,Lance Robinson,0,0,0.0,0,0,0,0,0,0,0.0,0.0,0.0%,DB,2023
299,300,Alex Johnson,0,0,0.0,0,0,0,0,0,0,0.0,0.0,0.0%,DB,2023
300,301,Emany Johnson,0,0,0.0,0,0,0,0,0,0,0.0,0.0,0.0%,DB,2023
301,302,Quinton Newsome,0,0,0.0,0,0,0,0,0,0,0.0,0.0,0.0%,DB,2023
302,303,Andre' Sam,0,0,0.0,0,0,0,0,0,0,0.0,0.0,0.0%,DB,2023
303,304,Julius Wood,0,0,0.0,0,0,0,0,0,0,0.0,0.0,0.0%,DB,2023
304,305,Josh DeBerry,0,0,0.0,0,0,0,0,0,0,0.0,0.0,0.0%,DB,2023
305,306,Chris McDonald,0,0,0.0,0,0,0,0,0,0,0.0,0.0,0.0%,DB,2023
306,307,Alfahiym Walcott,0,0,0.0,0,0,0,0,0,0,0.0,0.0,0.0%,DB,2023
307,308,Mikey Victor,0,0,0.0,0,0,0,0,0,0,0.0,0.0,0.0%,DB,2023
308,309,Tyler Owens,0,0,0.0,0,0,0,0,0,0,0.0,0.0,0.0%,DB,2023
309,310,Phalen Sanford,0,0,0.0,0,0,0,0,0,0,0.0,0.0,0.0%,DB,2023
310,311,Thomas Harper,0,0,0.0,0,0,0,0,0,0,0.0,0.0,0.0%,DB,2023
311,312,Jalyn Phillips,0,0,0.0,0,0,0,0,0,0,0.0,0.0,0.0%,DB,2023
312,313,Zamari Walton,0,0,0.0,0,0,0,0,0,0,0.0,0.0,0.0%,DB,2023
313,314,Millard Bradford,0,0,0.0,0,0,0,0,0,0,0.0,0.0,0.0%,DB,2023
314,315,Lawrence Johnson,0,0,0.0,0,0,0,0,0,0,0.0,0.0,0.0%,DB,2023
315,316,Rico Payton,0,0,0.0,0,0,0,0,0,0,0.0,0.0,0.0%,DB,2023
316,317,Chris Edmonds,0,0,0.0,0,0,0,0,0,0,0.0,0.0,0.0%,DB,2023
317,318,Ben Nikkel,0,0,0.0,0,0,0,0,0,0,0.0,0.0,0.0%,DB,2023
318,319,A.J. Woods,0,0,0.0,0,0,0,0,0,0,0.0,0.0,0.0%,DB,2023
319,320,Keni-H Lovely,0,0,0.0,0,0,0,0,0,0,0.0,0.0,0.0%,DB,2023
320,321,Chigozie Anusiem,0,0,0.0,0,0,0,0,0,0,0.0,0.0,0.0%,DB,2023
321,322,Trey Vaval,0,0,0.0,0,0,0,0,0,0,0.0,0.0,0.0%,DB,2023
322,323,Robert Javier,0,0,0.0,0,0,0,0,0,0,0.0,0.0,0.0%,DB,2023
323,324,Marcus Banks,0,0,0.0,0,0,0,0,0,0,0.0,0.0,0.0%,DB,2023
324,325,Keaton Ellis,0,0,0.0,0,0,0,0,0,0,0.0,0.0,0.0%,DB,2023
325,326,Don Chapman,0,0,0.0,0,0,0,0,0,0,0.0,0.0,0.0%,DB,2023
326,327,Gabe Jeudy-Lally,0,0,0.0,0,0,0,0,0,0,0.0,0.0,0.0%,DB,2023
327,328,Dell Pettus,0,0,0.0,0,0,0,0,0,0,0.0,0.0,0.0%,DB,2023
328,329,Kaleb Ford-Dement,0,0,0.0,0,0,0,0,0,0,0.0,0.0,0.0%,DB,2023
329,330,Demarcus Governor,0,0,0.0,0,0,0,0,0,0,0.0,0.0,0.0%,DB,2023
330,331,Nash Fouch,0,0,0.0,0,0,0,0,0,0,0.0,0.0,0.0%,DB,2023
331,332,Devlin Kirklin,0,0,0.0,0,0,0,0,0,0,0.0,0.0,0.0%,DB,2023
332,333,Jaylen Mahoney,0,0,0.0,0,0,0,0,0,0,0.0,0.0,0.0%,DB,2023
333,334,Shawn Preston,0,0,0.0,0,0,0,0,0,0,0.0,0.0,0.0%,DB,2023
334,335,Keonte Lusk,0,0,0.0,0,0,0,0,0,0,0.0,0.0,0.0%,DB,2023
335,336,Irshaad Davis,0,0,0.0,0,0,0,0,0,0,0.0,0.0,0.0%,DB,2023
336,337,Kendarin Ray,0,0,0.0,0,0,0,0,0,0,0.0,0.0,0.0%,DB,2023
337,338,Kam Pedescleaux,0,0,0.0,0,0,0,0,0,0,0.0,0.0,0.0%,DB,2023
338,339,Shon Stephens,0,0,0.0,0,0,0,0,0,0,0.0,0.0,0.0%,DB,2023
339,340,Kalon Gervin,0,0,0.0,0,0,0,0,0,0,0.0,0.0,0.0%,DB,2023
340,341,Bryce Sheppert,0,0,0.0,0,0,0,0,0,0,0.0,0.0,0.0%,DB,2023
341,342,Te'Cory Couch,0,0,0.0,0,0,0,0,0,0,0.0,0.0,0.0%,DB,2023
342,343,Jordan Colbert,0,0,0.0,0,0,0,0,0,0,0.0,0.0,0.0%,DB,2023
343,344,Andrew Hayes,0,0,0.0,0,0,0,0,0,0,0.0,0.0,0.0%,DB,2023
344,345,Jason Maitre,0,0,0.0,0,0,0,0,0,0,0.0,0.0,0.0%,DB,2023
345,346,Clay Fields,0,0,0.0,0,0,0,0,0,0,0.0,0.0,0.0%,DB,2023
346,347,Brandon Bishop,0,0,0.0,0,0,0,0,0,0,0.0,0.0,0.0%,DB,2023
347,348,Isaiah Johnson,0,0,0.0,0,0,0,0,0,0,0.0,0.0,0.0%,DB,2023
348,349,Christian Roland-Wallace,0,0,0.0,0,0,0,0,0,0,0.0,0.0,0.0%,DB,2023
349,350,Chelen Garnes,0,0,0.0,0,0,0,0,0,0,0.0,0.0,0.0%,DB,2023
350,351,Morice Norris,0,0,0.0,0,0,0,0,0,0,0.0,0.0,0.0%,DB,2023
351,352,Loren Strickland,0,0,0.0,0,0,0,0,0,0,0.0,0.0,0.0%,DB,2023
352,353,Jaylen McCollough,0,0,0.0,0,0,0,0,0,0,0.0,0.0,0.0%,DB,2023
353,354,Mark Perry,0,0,0.0,0,0,0,0,0,0,0.0,0.0,0.0%,DB,2023
354,355,Don Callis,0,0,0.0,0,0,0,0,0,0,0.0,0.0,0.0%,DB,2023
355,356,Miles Battle,0,0,0.0,0,0,0,0,0,0,0.0,0.0,0.0%,DB,2023
356,357,Jayden Price,0,0,0.0,0,0,0,0,0,0,0.0,0.0,0.0%,DB,2023
357,358,Brandon Codrington,0,0,0.0,0,0,0,0,0,0,0.0,0.0,0.0%,DB,2023
358,359,Cam Lampkin,0,0,0.0,0,0,0,0,0,0,0.0,0.0,0.0%,DB,2023
359,360,Omar Brown,0,0,0.0,0,0,0,0,0,0,0.0,0.0,0.0%,DB,2023
360,361,Shemar Bartholomew,0,0,0.0,0,0,0,0,0,0,0.0,0.0,0.0%,DB,2023
361,362,Al Blades,0,0,0.0,0,0,0,0,0,0,0.0,0.0,0.0%,DB,2023
362,363,Bump Cooper,0,0,0.0,0,0,0,0,0,0,0.0,0.0,0.0%,DB,2023
363,364,Jordan Toles,0,0,0.0,0,0,0,0,0,0,0.0,0.0,0.0%,DB,2023
364,365,D.J. Miller,0,0,0.0,0,0,0,0,0,0,0.0,0.0,0.0%,DB,2023
365,366,Paul Moala,0,0,0.0,0,0,0,0,0,0,0.0,0.0,0.0%,DB,2023
366,367,Travis Blackshear,0,0,0.0,0,0,0,0,0,0,0.0,0.0,0.0%,DB,2023
367,368,Robert Kennedy,0,0,0.0,0,0,0,0,0,0,0.0,0.0,0.0%,DB,2023
368,369,Rayshad Williams,0,0,0.0,0,0,0,0,0,0,0.0,0.0,0.0%,DB,2023
369,370,Kamal Hadden,0,0,0.0,0,0,0,0,0,0,0.0,0.0,0.0%,DB,2023
370,371,Josh Newton,0,0,0.0,0,0,0,0,0,0,0.0,0.0,0.5%,DB,2023
371,372,Evan Williams,0,0,0.0,0,0,0,0,0,0,0.0,0.0,0.2%,DB,2023
372,373,Terrion Arnold,0,0,0.0,0,0,0,0,0,0,0.0,0.0,10.8%,DB,2023
373,374,T.J. Tampa,0,0,0.0,0,0,0,0,0,0,0.0,0.0,0.4%,DB,2023
374,375,Beau Brade,0,0,0.0,0,0,0,0,0,0,0.0,0.0,0.0%,DB,2023
375,376,Dru Phillips,0,0,0.0,0,0,0,0,0,0,0.0,0.0,0.5%,DB,2023
376,377,Daijahn Anthony,0,0,0.0,0,0,0,0,0,0,0.0,0.0,0.0%,DB,2023
377,378,Javon Bullard,0,0,0.0,0,0,0,0,0,0,0.0,0.0,10.0%,DB,2023
378,379,Charles Woods,0,0,0.0,0,0,0,0,0,0,0.0,0.0,0.0%,DB,2023
379,380,De'Antre Prince,0,0,0.0,0,0,0,0,0,0,0.0,0.0,0.0%,DB,2023
380,381,Rashad Wisdom,0,0,0.0,0,0,0,0,0,0,0.0,0.0,0.0%,DB,2023
381,382,Ennis Rakestraw,0,0,0.0,0,0,0,0,0,0,0.0,0.0,1.1%,DB,2023
382,383,Caelen Carson,0,0,0.0,0,0,0,0,0,0,0.0,0.0,0.0%,DB,2023
383,384,Cole Bishop,0,0,0.0,0,0,0,0,0,0,0.0,0.0,6.2%,DB,2023
384,385,Mike Sainristil,0,0,0.0,0,0,0,0,0,0,0.0,0.0,1.6%,DB,2023
385,386,Kamari Lassiter,0,0,0.0,0,0,0,0,0,0,0.0,0.0,2.1%,DB,2023
386,387,Michael Tutsie,0,0,0.0,0,0,0,0,0,0,0.0,0.0,0.0%,DB,2023
387,388,Andrew Whitaker,0,0,0.0,0,0,0,0,0,0,0.0,0.0,0.0%,DB,2023
388,389,Josh Butler,0,0,0.0,0,0,0,0,0,0,0.0,0.0,0.0%,DB,2023
389,390,Tyler Nubin,0,0,0.0,0,0,0,0,0,0,0.0,0.0,12.0%,DB,2023
390,391,Tre Tarpley,0,0,0.0,0,0,0,0,0,0,0.0,0.0,0.0%,DB,2023
391,392,Kool-Aid McKinstry,0,0,0.0,0,0,0,0,0,0,0.0,0.0,4.8%,DB,2023
392,393,Nate Wiggins,0,0,0.0,0,0,0,0,0,0,0.0,0.0,3.7%,DB,2023
393,394,Kalen King,0,0,0.0,0,0,0,0,0,0,0.0,0.0,0.0%,DB,2023
394,395,Cooper DeJean,0,0,0.0,0,0,0,0,0,0,0.0,0.0,12.6%,DB,2023
395,396,Quinyon Mitchell,0,0,0.0,0,0,0,0,0,0,0.0,0.0,6.4%,DB,2023
396,397,Kamren Kinchens,0,0,0.0,0,0,0,0,0,0,0.0,0.0,3.6%,DB,2023
397,398,Calen Bullock,0,0,0.0,0,0,0,0,0,0,0.0,0.0,0.9%,DB,2023
398,399,Jaden Hicks,0,0,0.0,0,0,0,0,0,0,0.0,0.0,1.3%,DB,2023
399,400,Cam Hart,0,0,0.0,0,0,0,0,0,0,0.0,0.0,0.4%,DB,2023
400,401,Beanie Bishop,0,0,0.0,0,0,0,0,0,0,0.0,0.0,0.0%,DB,2023
401,402,Decamerion Richardson,0,0,0.0,0,0,0,0,0,0,0.0,0.0,0.4%,DB,2023
402,403,Storm Duck,0,0,0.0,0,0,0,0,0,0,0.0,0.0,0.0%,DB,2023
403,404,Josh Wallace,0,0,0.0,0,0,0,0,0,0,0.0,0.0,0.0%,DB,2023
404,405,Willie Drew,0,0,0.0,0,0,0,0,0,0,0.0,0.0,0.0%,DB,2023
405,406,Jarius Monroe,0,0,0.0,0,0,0,0,0,0,0.0,0.0,0.0%,DB,2023
406,407,Ja'Quan Sheppard,0,0,0.0,0,0,0,0,0,0,0.0,0.0,0.0%,DB,2023
407,408,Elijah Jones,0,0,0.0,0,0,0,0,0,0,0.0,0.0,0.5%,DB,2023
408,409,Qwan'tez Stiggers,0,0,0.0,0,0,0,0,0,0,0.0,0.0,0.2%,DB,2023
409,410,Jarvis Brownlee,0,0,0.0,0,0,0,0,0,0,0.0,0.0,0.0%,DB,2023
410,411,Renardo Green,0,0,0.0,0,0,0,0,0,0,0.0,0.0,1.1%,DB,2023
411,412,Dominique Hampton,0,0,0.0,0,0,0,0,0,0,0.0,0.0,0.0%,DB,2023
412,413,Jaylon Carlies,0,0,0.0,0,0,0,0,0,0,0.0,0.0,0.4%,DB,2023
413,414,Tarheeb Still,0,0,0.0,0,0,0,0,0,0,0.0,0.0,0.0%,DB,2023
414,415,Daequan Hardy,0,0,0.0,0,0,0,0,0,0,0.0,0.0,0.4%,DB,2023
415,416,Ryan Watts,0,0,0.0,0,0,0,0,0,0,0.0,0.0,0.2%,DB,2023
416,417,Patrick McMorris,0,0,0.0,0,0,0,0,0,0,0.0,0.0,0.2%,DB,2023
417,418,Micah Abraham,0,0,0.0,0,0,0,0,0,0,0.0,0.0,0.2%,DB,2023
418,419,Sanoussi Kane,0,0,0.0,0,0,0,0,0,0,0.0,0.0,0.7%,DB,2023
419,420,Trey Taylor,0,0,0.0,0,0,0,0,0,0,0.0,0.0,0.0%,DB,2023
420,421,Jaylen Key,0,0,0.0,0,0,0,0,0,0,0.0,0.0,0.0%,DB,2023
421,422,Myles Jones,0,0,0.0,0,0,0,0,0,0,0.0,0.0,0.0%,DB,2023
422,423,M.J. Devonshire,0,0,0.0,0,0,0,0,0,0,0.0,0.0,0.0%,DB,2023
423,424,Chau Smith-Wade,0,0,0.0,0,0,0,0,0,0,0.0,0.0,0.2%,DB,2023
424,425,Marcellas Dial,0,0,0.0,0,0,0,0,0,0,0.0,0.0,0.2%,DB,2023
425,426,James Williams,0,0,0.0,0,0,0,0,0,0,0.0,0.0,0.4%,DB,2023
426,427,Myles Harden,0,0,0.0,0,0,0,0,0,0,0.0,0.0,0.0%,DB,2023
427,428,Sione Vaki,0,0,0.0,0,0,0,0,0,0,0.0,0.0,0.1%,DB,2023
428,429,Kitan Oladapo,0,0,0.0,0,0,0,0,0,0,0.0,0.0,0.0%,DB,2023
429,430,Nehemiah Pritchett,0,0,0.0,0,0,0,0,0,0,0.0,0.0,0.0%,DB,2023
430,431,Jaylin Simpson,0,0,0.0,0,0,0,0,0,0,0.0,0.0,0.2%,DB,2023
431,432,Dwight McGlothern,0,0,0.0,0,0,0,0,0,0,0.0,0.0,0.0%,DB,2023
432,433,Malik Mustapha,0,0,0.0,0,0,0,0,0,0,0.0,0.0,0.2%,DB,2023
433,434,Jarrian Jones,0,0,0.0,0,0,0,0,0,0,0.0,0.0,0.4%,DB,2023
434,435,Kenny Logan,0,0,0.0,0,0,0,0,0,0,0.0,0.0,0.0%,DB,2023
435,436,Dadrion Taylor-Demerson,0,0,0.0,0,0,0,0,0,0,0.0,0.0,0.4%,DB,2023
436,437,Sam Webb,0,0,0.0,0,0,0,0,0,0,0.0,0.0,0.0%,DB,2023
437,438,Zech McPhearson,0,0,0.0,0,0,0,0,0,0,0.0,0.0,0.0%,DB,2023
438,439,J.T. Ibe,0,0,0.0,0,0,0,0,0,0,0.0,0.0,0.0%,DB,2023
439,440,Nahshon Wright,0,0,0.0,0,0,0,0,0,0,0.0,0.0,0.7%,DB,2023
440,441,Darren Hall,0,0,0.0,0,0,0,0,0,0,0.0,0.0,0.0%,DB,2023
441,442,Michael Carter,0,0,0.0,0,0,0,0,0,0,0.0,0.0,0.0%,DB,2023
442,443,Chris Wilcox,0,0,0.0,0,0,0,0,0,0,0.0,0.0,0.0%,DB,2023
443,444,Darrick Forrest,0,0,0.0,0,0,0,0,0,0,0.0,0.0,10.6%,DB,2023
444,445,Brandin Echols,0,0,0.0,0,0,0,0,0,0,0.0,0.0,0.2%,DB,2023
445,446,Keith Taylor,0,0,0.0,0,0,0,0,0,0,0.0,0.0,0.0%,DB,2023
446,447,Nate Hobbs,0,0,0.0,0,0,0,0,0,0,0.0,0.0,32.8%,DB,2023
447,448,Damar Hamlin,0,0,0.0,0,0,0,0,0,0,0.0,0.0,0.4%,DB,2023
448,449,Tay Gowan,0,0,0.0,0,0,0,0,0,0,0.0,0.0,0.0%,DB,2023
449,450,Ifeatu Melifonwu,0,0,0.0,0,0,0,0,0,1,0.0,0.0,5.9%,DB,2023
450,451,Kelvin Joseph,0,0,0.0,0,0,0,0,0,1,0.0,0.0,0.0%,DB,2023
451,452,Joshua Bledsoe,0,0,0.0,0,0,0,0,0,0,0.0,0.0,0.0%,DB,2023
452,453,Tariq Castro-Fields,0,0,0.0,0,0,0,0,0,1,0.0,0.0,0.0%,DB,2023
453,454,Robert Rochell,0,0,0.0,0,0,0,0,0,0,0.0,0.0,0.0%,DB,2023
454,455,Brady Breeze,0,0,0.0,0,0,0,0,0,0,0.0,0.0,0.0%,DB,2023
455,456,Shemar Jean-Charles,0,0,0.0,0,0,0,0,0,0,0.0,0.0,0.0%,DB,2023
456,457,Reed Blankenship,0,0,0.0,0,0,0,0,0,0,0.0,0.0,40.7%,DB,2023
457,458,Brendon White,0,0,0.0,0,0,0,0,0,0,0.0,0.0,0.0%,DB,2023
458,459,Jordan Battle,0,0,0.0,0,0,0,0,0,0,0.0,0.0,10.4%,DB,2023
459,460,Sauce Gardner,0,0,0.0,0,0,0,0,0,0,0.0,0.0,18.1%,DB,2023
460,461,Kaiir Elam,0,0,0.0,0,0,0,0,0,0,0.0,0.0,1.1%,DB,2023
461,462,Devon Key,0,0,0.0,0,0,0,0,0,0,0.0,0.0,0.0%,DB,2023
462,463,Derek Stingley,0,0,0.0,0,0,0,0,0,0,0.0,0.0,11.1%,DB,2023
463,464,Zayne Anderson,0,0,0.0,0,0,0,0,0,0,0.0,0.0,0.2%,DB,2023
464,465,Mac McCain,0,0,0.0,0,0,0,0,0,0,0.0,0.0,0.0%,DB,2023
465,466,D'Angelo Amos,0,0,0.0,0,0,0,0,0,0,0.0,0.0,0.0%,DB,2023
466,467,Tyler Coyle,0,0,0.0,0,0,0,0,0,0,0.0,0.0,0.0%,DB,2023
467,468,Augie Contressa,0,0,0.0,0,0,0,0,0,0,0.0,0.0,0.0%,DB,2023
468,469,Corey Ballentine,0,0,0.0,0,0,0,0,0,0,0.0,0.0,0.6%,DB,2023
469,470,Israel Mukuamu,0,0,0.0,0,0,0,0,0,0,0.0,0.0,0.2%,DB,2023
470,471,Derion Kendrick,0,0,0.0,0,0,0,0,0,1,0.0,0.0,0.9%,DB,2023
471,472,Caleb Farley,0,0,0.0,0,0,0,0,0,0,0.0,0.0,0.0%,DB,2023
472,473,Jaycee Horn,0,0,0.0,0,0,0,0,0,0,0.0,0.0,5.3%,DB,2023
473,474,Tyson Campbell,0,0,0.0,0,0,0,0,0,0,0.0,0.0,17.0%,DB,2023
474,475,Eric Stokes,0,0,0.0,0,0,0,0,0,0,0.0,0.0,1.4%,DB,2023
475,476,Ar'Darius Washington,0,0,0.0,0,0,0,0,0,0,0.0,0.0,0.2%,DB,2023
476,477,Josh Jobe,0,0,0.0,0,0,0,0,0,0,0.0,0.0,0.0%,DB,2023
477,478,Caden Sterns,0,0,0.0,0,0,0,0,0,0,0.0,0.0,1.6%,DB,2023
478,479,Ambry Thomas,0,0,0.0,0,0,0,0,0,0,0.0,0.0,1.4%,DB,2023
479,480,Elijah Molden,0,0,0.0,0,0,0,0,0,0,0.0,0.0,3.6%,DB,2023
480,481,Tristin McCollum,0,0,0.0,0,0,0,0,0,0,0.0,0.0,0.0%,DB,2023
481,482,Nazeeh Johnson,0,0,0.0,0,0,0,0,0,0,0.0,0.0,0.0%,DB,2023
482,483,Brandon Joseph,0,0,0.0,0,0,0,0,0,0,0.0,0.0,0.0%,DB,2023
483,484,Mike Brown,0,0,0.0,0,0,0,0,0,0,0.0,0.0,0.5%,DB,2023
484,485,Christian Matthew,0,0,0.0,0,0,0,0,0,0,0.0,0.0,0.2%,DB,2023
485,486,Clark Phillips,0,0,0.0,0,0,0,0,0,0,0.0,0.0,1.6%,DB,2023
486,487,JT Woods,0,0,0.0,0,0,0,0,0,0,0.0,0.0,0.5%,DB,2023
487,488,Cobie Durant,4,1,0.0,1,0,0,0,0,1,0.0,0.0,0.0%,DB,2023
488,489,DaRon Bland,0,0,0.0,0,0,0,0,0,0,0.0,0.0,42.1%,DB,2023
489,490,Samuel Womack,0,0,0.0,0,0,0,0,0,0,0.0,0.0,1.0%,DB,2023
490,491,Gregory Junior,0,0,0.0,0,0,0,0,0,0,0.0,0.0,0.2%,DB,2023
491,492,Deane Leonard,0,0,0.0,0,0,0,0,0,0,0.0,0.0,0.0%,DB,2023
492,493,Cam Smith,0,0,0.0,0,0,0,0,0,0,0.0,0.0,0.2%,DB,2023
493,494,Ja'Quan McMillian,0,0,0.0,0,0,0,0,0,1,0.0,0.0,1.2%,DB,2023
494,495,Zyon Gilbert,0,0,0.0,0,0,0,0,0,0,0.0,0.0,0.0%,DB,2023
495,496,Allan George,0,0,0.0,0,0,0,0,0,0,0.0,0.0,0.0%,DB,2023
496,497,D'Anthony Bell,0,0,0.0,0,0,0,0,0,1,0.0,0.0,0.0%,DB,2023
497,498,Markquese Bell,0,0,0.0,0,0,0,0,0,0,0.0,0.0,11.5%,DB,2023
498,499,Juanyeh Thomas,0,0,0.0,0,0,0,0,0,0,0.0,0.0,0.9%,DB,2023
499,500,Dallis Flowers,0,0,0.0,0,0,0,0,0,0,0.0,0.0,4.1%,DB,2023
500,501,Trevor Denbow,0,0,0.0,0,0,0,0,0,1,0.0,0.0,0.0%,DB,2023
501,502,Kelee Ringo,0,0,0.0,0,0,0,0,0,1,0.0,0.0,0.2%,DB,2023
502,503,Jammie Robinson,0,0,0.0,0,0,0,0,0,0,0.0,0.0,0.2%,DB,2023
503,504,Akeem Dent,0,0,0.0,0,0,0,0,0,0,0.0,0.0,0.0%,DB,2023
504,505,Antonio Johnson,0,0,0.0,0,0,0,0,0,1,0.0,0.0,1.4%,DB,2023
505,506,Jaylon Jones,0,0,0.0,0,0,0,0,0,1,0.0,0.0,0.0%,DB,2023
506,507,Kris Abrams-Draine,0,0,0.0,0,0,0,0,0,0,0.0,0.0,0.0%,DB,2023
507,508,Josh Blackwell,0,0,0.0,0,0,0,0,0,0,0.0,0.0,0.0%,DB,2023
508,509,Brenden Schooler,0,0,0.0,0,0,0,1,0,1,0.0,0.0,0.0%,DB,2023
509,510,Tre Tomlinson,0,0,0.0,0,0,0,0,0,1,0.0,0.0,0.2%,DB,2023
510,511,Tykee Smith,0,0,0.0,0,0,0,0,0,0,0.0,0.0,0.9%,DB,2023
511,512,Lewis Cine,0,0,0.0,0,0,0,0,0,0,0.0,0.0,0.4%,DB,2023
512,513,Mario Goodrich,0,0,0.0,0,0,0,0,0,0,0.0,0.0,0.0%,DB,2023
513,514,Matt Hankins,0,0,0.0,0,0,0,0,0,0,0.0,0.0,0.0%,DB,2023
514,515,Verone McKinley,0,0,0.0,0,0,0,0,0,0,0.0,0.0,0.2%,DB,2023
515,516,Tayler Hawkins,0,0,0.0,0,0,0,0,0,0,0.0,0.0,0.2%,DB,2023
516,517,Marcus Jones,0,0,0.0,0,0,0,0,0,0,0.0,0.0,6.7%,DB,2023
517,518,Coby Bryant,0,0,0.0,0,0,0,0,0,0,0.0,0.0,0.4%,DB,2023
518,519,Sheridan Jones,0,0,0.0,0,0,0,0,0,0,0.0,0.0,0.0%,DB,2023
519,520,Jalen Pitre,0,0,0.0,0,0,0,0,0,0,0.0,0.0,46.2%,DB,2023
520,521,Roger McCreary,0,0,0.0,0,0,0,0,0,0,0.0,0.0,21.1%,DB,2023
521,522,Delarrin Turner-Yell,0,0,0.0,0,0,0,0,0,1,0.0,0.0,0.5%,DB,2023
522,523,Shaun Jolly,0,0,0.0,0,0,0,0,0,0,0.0,0.0,0.0%,DB,2023
523,524,Dax Hill,0,0,0.0,0,0,0,0,0,0,0.0,0.0,16.4%,DB,2023
524,525,Nick Cross,0,0,0.0,0,0,0,0,0,1,0.0,0.0,2.9%,DB,2023
525,526,Damarion Williams,0,0,0.0,0,0,0,0,0,0,0.0,0.0,0.0%,DB,2023
526,527,Kalon Barnes,0,0,0.0,0,0,0,0,0,0,0.0,0.0,0.0%,DB,2023
527,528,Damarri Mathis,0,0,0.0,0,0,0,0,0,1,0.0,0.0,1.1%,DB,2023
528,529,Joey Blount,0,0,0.0,0,0,0,0,0,1,0.0,0.0,0.0%,DB,2023
529,530,Christian Holmes,0,0,0.0,0,0,0,0,0,0,0.0,0.0,1.0%,DB,2023
530,531,Tycen Anderson,0,0,0.0,0,0,0,0,0,0,0.0,0.0,0.0%,DB,2023
531,532,Dane Belton,0,0,0.0,0,0,0,0,0,1,0.0,0.0,1.1%,DB,2023
532,533,Joshua Williams,0,0,0.0,0,0,0,0,0,1,0.0,0.0,1.4%,DB,2023
533,534,Chase Lucas,0,0,0.0,0,0,0,0,0,1,0.0,0.0,0.2%,DB,2023
534,535,Tre Swilling,0,0,0.0,0,0,0,0,0,0,0.0,0.0,0.0%,DB,2023
535,536,Amari Burney,0,0,0.0,0,0,0,0,0,0,0.0,0.0,0.9%,DB,2023
536,537,Josh Proctor,0,0,0.0,0,0,0,0,0,0,0.0,0.0,0.0%,DB,2023
537,538,Jarrick Bernard-Converse,0,0,0.0,0,0,0,0,0,0,0.0,0.0,0.0%,DB,2023
538,539,Vincent Gray,0,0,0.0,0,0,0,0,0,0,0.0,0.0,0.0%,DB,2023
539,540,Cam Taylor-Britt,0,0,0.0,0,0,0,0,0,0,0.0,0.0,15.9%,DB,2023
540,541,Jaden Davis,0,0,0.0,0,0,0,0,0,0,0.0,0.0,0.0%,DB,2023
541,542,Nik Needham,0,0,0.0,0,0,0,0,0,0,0.0,0.0,0.2%,DB,2023
542,543,Greg Gatson,0,0,0.0,0,0,0,0,0,0,0.0,0.0,0.0%,DB,2023
543,544,Tony Jefferson,0,0,0.0,0,0,0,0,0,0,0.0,0.0,0.0%,DB,2023
544,545,K'Waun Williams,0,0,0.0,0,0,0,0,0,0,0.0,0.0,0.0%,DB,2023
545,546,Jason Verrett,0,0,0.0,0,0,0,0,0,0,0.0,0.0,0.0%,DB,2023
546,547,Jimmie Ward,0,0,0.0,0,0,0,0,0,0,0.0,0.0,9.7%,DB,2023
547,548,Brian Williams,0,0,0.0,0,0,0,0,0,0,0.0,0.0,0.0%,DB,2023
548,549,Malcolm Williams,0,0,0.0,0,0,0,0,0,0,0.0,0.0,0.0%,DB,2023
549,550,Chip Vaughn,0,0,0.0,0,0,0,0,0,0,0.0,0.0,0.0%,DB,2023
550,551,Jamar Wall,0,0,0.0,0,0,0,0,0,0,0.0,0.0,0.0%,DB,2023
551,552,Marcus Hudson,0,0,0.0,0,0,0,0,0,0,0.0,0.0,0.0%,DB,2023
552,553,Derrick Martin,0,0,0.0,0,0,0,0,0,0,0.0,0.0,0.0%,DB,2023
553,554,Jonathan Wade,0,0,0.0,0,0,0,0,0,0,0.0,0.0,0.0%,DB,2023
554,555,Jon Corto,0,0,0.0,0,0,0,0,0,0,0.0,0.0,0.0%,DB,2023
555,556,Justin Hardee,0,0,0.0,0,0,0,0,0,0,0.0,0.0,0.0%,DB,2023
556,557,Jaire Alexander,0,0,0.0,0,0,0,0,0,0,0.0,0.0,8.6%,DB,2023
557,558,Ronnie Harrison,0,0,0.0,0,0,0,0,0,0,0.0,0.0,0.5%,DB,2023
558,559,Mike Hughes,0,0,0.0,0,0,0,0,0,1,0.0,0.0,1.1%,DB,2023
559,560,D.J. Reed,0,0,0.0,0,0,0,0,0,0,0.0,0.0,10.1%,DB,2023
560,561,Anthony Averett,0,0,0.0,0,0,0,0,0,0,0.0,0.0,0.0%,DB,2023
561,562,Chuck Clark,0,0,0.0,0,0,0,0,0,0,0.0,0.0,6.4%,DB,2023
562,563,Tre'Davious White,0,0,0.0,0,0,0,0,0,0,0.0,0.0,5.5%,DB,2023
563,564,Desmond King,0,0,0.0,0,0,0,0,0,0,0.0,0.0,12.6%,DB,2023
564,565,Kevin King,0,0,0.0,0,0,0,0,0,0,0.0,0.0,0.0%,DB,2023
565,566,Malik Hooker,0,0,0.0,0,0,0,0,0,0,0.0,0.0,3.8%,DB,2023
566,567,Gareon Conley,0,0,0.0,0,0,0,0,0,0,0.0,0.0,0.0%,DB,2023
567,568,Shaq Griffin,0,0,0.0,0,0,0,0,0,0,0.0,0.0,1.2%,DB,2023
568,569,John Johnson,0,0,0.0,0,0,0,0,0,1,0.0,0.0,0.0%,DB,2023
569,570,Jourdan Lewis,0,0,0.0,0,0,0,0,0,0,0.0,0.0,2.0%,DB,2023
570,571,Chidobe Awuzie,0,0,0.0,0,0,0,0,0,0,0.0,0.0,2.3%,DB,2023
571,572,Xavier Woods,0,0,0.0,0,0,0,0,0,0,0.0,0.0,11.3%,DB,2023
572,573,Marcus Williams,0,0,0.0,0,0,0,0,0,0,0.0,0.0,7.1%,DB,2023
573,574,Adrian Colbert,0,0,0.0,0,0,0,0,0,0,0.0,0.0,0.0%,DB,2023
574,575,Mike Ford,0,0,0.0,0,0,0,0,0,1,0.0,0.0,0.0%,DB,2023
575,576,Amani Oruwariye,0,0,0.0,0,0,0,0,0,0,0.0,0.0,0.2%,DB,2023
576,577,Johnathan Abram,0,0,0.0,0,0,0,0,0,0,0.0,0.0,2.0%,DB,2023
577,578,Kris Boyd,0,0,0.0,0,0,0,0,0,0,0.0,0.0,0.0%,DB,2023
578,579,Trayvon Mullen,0,0,0.0,0,0,0,0,0,0,0.0,0.0,0.0%,DB,2023
579,580,Lukas Denis,0,0,0.0,0,0,0,0,0,0,0.0,0.0,0.0%,DB,2023
580,581,Emmanuel Moseley,0,0,0.0,0,0,0,0,0,0,0.0,0.0,1.4%,DB,2023
581,582,J.T. Gray,0,0,0.0,0,0,0,0,0,0,0.0,0.0,0.4%,DB,2023
582,583,Kemon Hall,0,0,0.0,0,0,0,0,0,0,0.0,0.0,0.0%,DB,2023
583,584,Nick Scott,0,0,0.0,0,0,0,0,0,0,0.0,0.0,1.7%,DB,2023
584,585,Ka'dar Hollman,0,0,0.0,0,0,0,0,0,0,0.0,0.0,0.0%,DB,2023
585,586,Trevon Diggs,0,0,0.0,0,0,0,0,0,0,0.0,0.0,13.9%,DB,2023
586,587,Sheldrick Redwine,0,0,0.0,0,0,0,0,0,0,0.0,0.0,0.2%,DB,2023
587,588,Tarvarius Moore,0,0,0.0,0,0,0,0,0,0,0.0,0.0,0.2%,DB,2023
588,589,Tremon Smith,0,0,0.0,0,0,0,0,0,0,0.0,0.0,5.0%,DB,2023
589,590,Avonte Maddox,0,0,0.0,0,0,0,0,0,1,0.0,0.0,2.5%,DB,2023
590,591,Tre Flowers,0,0,0.0,0,0,0,0,0,0,0.0,0.0,0.0%,DB,2023
591,592,Jalen Davis,0,0,0.0,0,0,0,0,0,0,0.0,0.0,0.5%,DB,2023
592,593,Chris Board,0,0,0.0,0,0,0,0,0,1,0.0,0.0,1.5%,DB,2023
593,594,Dane Cruikshank,0,0,0.0,0,0,0,0,0,0,0.0,0.0,0.2%,DB,2023
594,595,Jordan Whitehead,0,0,0.0,0,0,0,0,0,0,0.0,0.0,16.9%,DB,2023
595,596,Brandon Facyson,0,0,0.0,0,0,0,0,0,0,0.0,0.0,0.5%,DB,2023
596,597,Dee Delaney,0,0,0.0,0,0,0,0,0,1,0.0,0.0,0.0%,DB,2023
597,598,Tony Brown,0,0,0.0,0,0,0,0,0,0,0.0,0.0,0.0%,DB,2023
598,599,Greg Stroman,0,0,0.0,0,0,0,0,0,0,0.0,0.0,0.5%,DB,2023
599,600,M.J. Stewart,0,0,0.0,0,0,0,0,0,0,0.0,0.0,4.0%,DB,2023
600,601,Donte Jackson,0,0,0.0,0,0,0,0,0,0,0.0,0.0,4.1%,DB,2023
601,602,Siran Neal,0,0,0.0,0,0,0,0,0,0,0.0,0.0,0.0%,DB,2023
602,603,Cornell Armstrong,0,0,0.0,0,0,0,0,0,0,0.0,0.0,0.0%,DB,2023
603,604,Chris Lammons,0,0,0.0,0,0,0,0,0,0,0.0,0.0,0.0%,DB,2023
604,605,Tavierre Thomas,0,0,0.0,0,0,0,0,0,0,0.0,0.0,2.0%,DB,2023
605,606,Ezekiel Turner,0,0,0.0,0,0,0,0,0,1,0.0,0.0,0.2%,DB,2023
606,607,George Odum,0,0,0.0,0,0,0,0,0,1,0.0,0.0,0.5%,DB,2023
607,608,Jeremy Reaves,0,0,0.0,0,0,0,0,0,0,0.0,0.0,0.2%,DB,2023
608,609,Ronald Darby,0,0,0.0,0,0,0,0,0,1,0.0,0.0,2.3%,DB,2023
609,610,Bobby McCain,0,0,0.0,0,0,0,0,0,1,0.0,0.0,0.0%,DB,2023
610,611,Troy Hill,0,0,0.0,0,0,0,0,0,0,0.0,0.0,2.7%,DB,2023
611,612,Adrian Phillips,0,0,0.0,0,0,0,0,0,1,0.0,0.0,0.7%,DB,2023
612,613,C.J. Goodwin,0,0,0.0,0,0,0,0,0,0,0.0,0.0,0.4%,DB,2023
613,614,DeAndre Houston-Carson,0,0,0.0,0,0,0,0,0,1,0.0,0.0,0.0%,DB,2023
614,615,Antonio Hamilton,0,0,0.0,0,0,0,0,0,0,0.0,0.0,0.7%,DB,2023
615,616,Anrdre Hal,0,0,0.0,0,0,0,0,0,0,0.0,0.0,0.0%,DB,2023
616,617,Kevin Byard,0,0,0.0,0,0,0,0,0,0,0.0,0.0,29.1%,DB,2023
617,618,Eric Murray,0,0,0.0,0,0,0,0,0,0,0.0,0.0,0.2%,DB,2023
618,619,Deon Bush,0,0,0.0,0,0,0,0,0,0,0.0,0.0,0.0%,DB,2023
619,620,Erik Harris,0,0,0.0,0,0,0,0,0,0,0.0,0.0,0.4%,DB,2023
620,621,Mike Hilton,0,0,0.0,0,0,0,0,0,0,0.0,0.0,11.0%,DB,2023
621,622,Artie Burns,0,0,0.0,0,0,0,0,0,0,0.0,0.0,0.4%,DB,2023
622,623,Jalen Ramsey,0,0,0.0,0,0,0,0,0,0,0.0,0.0,17.9%,DB,2023
623,624,Vonn Bell,0,0,0.0,0,0,0,0,0,0,0.0,0.0,5.5%,DB,2023
624,625,Miles Killebrew,0,0,0.0,0,0,0,0,0,0,0.0,0.0,0.2%,DB,2023
625,626,Derek Slywka,0,0,0.0,0,0,0,0,0,0,0.0,0.0,0.0%,DB,2023
