,Rank,Player,Tackle,Assist,Sack,Pass Defended,Interception,Forced Fumble,Fumble Recovery,Defend Touchdown,Games Played,Fantasy Football Points,FTPS/Game,ROST,Position,Year
0,1,DaRon Bland,6,1,0.0,2,1,0,0,1,1,23.8,23.8,42.1%,DB,2023
1,2,Kyle Dugger,6,2,1.0,1,1,0,0,0,1,23.5,23.5,23.6%,DB,2023
2,3,Isaiah Oliver,6,3,0.0,1,0,0,1,0,1,21.8,21.8,0.4%,DB,2023
3,4,Ja'Quan McMillian,5,1,0.0,1,1,0,0,0,1,19.8,19.8,1.2%,DB,2023
4,5,Marcus Peters,3,2,0.0,1,1,0,0,1,1,18.5,18.5,1.2%,DB,2023
5,6,Kyle Hamilton,9,1,0.0,1,0,0,0,0,1,18.3,18.3,47.8%,DB,2023
6,7,Reed Blankenship,7,1,0.0,1,1,0,0,0,1,17.8,17.8,40.7%,DB,2023
7,8,Marshon Lattimore,9,0,0.0,1,0,0,0,0,1,17.5,17.5,6.2%,DB,2023
8,9,Ryan Neal,10,3,0.0,0,0,0,0,0,1,17.3,17.3,2.0%,DB,2023
9,10,Tyrique Stevenson,10,2,0.0,0,0,0,0,0,1,16.5,16.5,12.8%,DB,2023
10,11,Josh Metellus,5,3,0.0,1,1,0,0,0,1,16.3,16.3,41.4%,DB,2023
11,12,Brandon Stephens,6,1,0.0,1,1,0,0,0,1,16.3,16.3,4.5%,DB,2023
12,13,Andrew Wingard,5,1,0.0,2,1,0,0,0,1,16.3,16.3,1.6%,DB,2023
13,14,Marcus Epps,9,0,0.0,0,0,0,0,0,1,16.0,16.0,4.0%,DB,2023
14,15,Jordan Whitehead,4,4,0.0,1,0,0,0,0,1,15.5,15.5,16.9%,DB,2023
15,16,Tony Adams,7,3,0.0,0,0,0,0,0,1,15.3,15.3,4.4%,DB,2023
16,17,Jamel Dean,8,0,0.0,2,0,0,0,0,1,15.0,15.0,13.1%,DB,2023
17,18,Camryn Bynum,6,1,0.5,2,0,0,0,0,1,14.8,14.8,55.0%,DB,2023
18,19,Jordan Fuller,5,1,0.0,1,1,0,0,0,1,14.8,14.8,10.1%,DB,2023
19,20,Martin Emerson,5,1,0.0,1,1,0,0,0,1,14.8,14.8,2.5%,DB,2023
20,21,Kamren Curl,5,2,0.0,1,0,1,0,0,1,14.5,14.5,30.4%,DB,2023
21,22,Keanu Neal,7,0,0.0,0,0,0,1,0,1,14.5,14.5,0.7%,DB,2023
22,23,Xavier Woods,6,2,0.0,0,0,0,1,0,1,14.5,14.5,11.3%,DB,2023
23,24,Paulson Adebo,3,0,0.0,3,1,0,0,0,1,14.0,14.0,27.3%,DB,2023
24,25,Donte Jackson,5,0,0.0,0,0,1,0,0,1,14.0,14.0,4.1%,DB,2023
25,26,Nate Hobbs,4,2,1.0,0,0,0,0,0,1,14.0,14.0,32.8%,DB,2023
26,27,Taron Johnson,4,2,1.0,0,0,0,0,0,1,14.0,14.0,30.9%,DB,2023
27,28,Damontae Kazee,5,0,0.0,1,1,0,0,0,1,14.0,14.0,1.6%,DB,2023
28,29,Jamal Adams,5,3,0.0,1,0,0,0,0,1,13.8,13.8,3.4%,DB,2023
29,30,Sydney Brown,7,1,0.0,0,0,0,0,0,1,13.8,13.8,4.0%,DB,2023
30,31,Talanoa Hufanga,8,2,0.0,0,0,0,0,0,1,13.5,13.5,14.1%,DB,2023
31,32,Justin Simmons,2,0,0.0,1,1,0,1,0,1,13.5,13.5,11.6%,DB,2023
32,33,Riq Woolen,2,0,0.0,2,1,0,0,0,1,13.5,13.5,3.8%,DB,2023
33,34,Tracy Walker,3,3,1.0,0,0,0,0,0,1,13.3,13.3,1.8%,DB,2023
34,35,Derwin James,4,1,0.0,1,1,0,0,0,1,13.3,13.3,75.9%,DB,2023
35,36,Tashaun Gipson,6,2,0.0,0,0,0,0,0,1,13.0,13.0,0.4%,DB,2023
36,37,Tre'von Moehrig,7,3,0.0,0,0,0,0,0,1,12.8,12.8,5.5%,DB,2023
37,38,Kristian Fulton,5,4,0.0,1,0,0,0,0,1,12.0,12.0,1.8%,DB,2023
38,39,Amani Hooker,7,0,0.0,1,0,0,0,0,1,12.0,12.0,14.9%,DB,2023
39,40,Geno Stone,3,1,0.0,1,1,0,0,0,1,11.8,11.8,3.5%,DB,2023
40,41,Jalen Thompson,4,2,0.0,1,0,0,0,0,1,11.5,11.5,17.1%,DB,2023
41,42,Jordan Poyer,3,5,0.0,2,0,0,0,0,1,11.3,11.3,26.4%,DB,2023
42,43,Richie Grant,5,3,0.0,1,0,0,0,0,1,11.3,11.3,13.5%,DB,2023
43,44,Kerby Joseph,2,0,0.0,2,1,0,0,0,1,11.0,11.0,10.6%,DB,2023
44,45,Kendall Fuller,4,1,0.0,0,0,0,1,0,1,10.8,10.8,7.0%,DB,2023
45,46,Shaq Griffin,7,0,0.0,0,0,0,0,0,1,10.5,10.5,1.2%,DB,2023
46,47,Antonio Hamilton,5,0,0.0,2,0,0,0,0,1,10.5,10.5,0.7%,DB,2023
47,48,Quandre Diggs,5,4,0.0,0,0,0,0,0,1,10.5,10.5,3.1%,DB,2023
48,49,Asante Samuel,5,0,0.0,2,0,0,0,0,1,10.5,10.5,4.5%,DB,2023
49,50,Jordan Howden,4,4,0.0,1,0,0,0,0,1,10.5,10.5,2.2%,DB,2023
50,51,Julian Love,2,1,0.0,1,1,0,0,0,1,10.3,10.3,33.4%,DB,2023
51,52,Cam Taylor-Britt,4,2,0.0,0,0,0,0,0,1,10.0,10.0,15.9%,DB,2023
52,53,Kader Kohou,4,0,0.0,1,0,0,0,0,1,10.0,10.0,2.5%,DB,2023
53,54,Jalen Pitre,3,2,0.0,1,0,0,0,0,1,10.0,10.0,46.2%,DB,2023
54,55,Percy Butler,4,3,0.0,1,0,0,0,0,1,9.8,9.8,2.0%,DB,2023
55,56,Keisean Nixon,4,1,0.0,2,0,0,0,0,1,9.8,9.8,22.9%,DB,2023
56,57,Brandon Jones,4,3,0.0,1,0,0,0,0,1,9.8,9.8,19.8%,DB,2023
57,58,Jabrill Peppers,4,1,0.0,0,0,0,0,0,1,9.3,9.3,10.4%,DB,2023
58,59,Duron Harmon,4,1,0.0,0,0,0,0,0,1,9.3,9.3,0.0%,DB,2023
59,60,Jeff Okudah,4,1,0.0,0,0,0,0,0,1,9.3,9.3,1.8%,DB,2023
60,61,Julian Blackmon,3,3,0.0,0,0,0,0,0,1,9.3,9.3,14.3%,DB,2023
61,62,Juan Thornhill,6,0,0.0,0,0,0,0,0,1,9.0,9.0,4.0%,DB,2023
62,63,Quentin Lake,4,0,0.0,2,0,0,0,0,1,9.0,9.0,4.1%,DB,2023
63,64,Carlton Davis,5,0,0.0,1,0,0,0,0,1,9.0,9.0,4.3%,DB,2023
64,65,Kenny Moore,5,2,0.0,0,0,0,0,0,1,9.0,9.0,29.0%,DB,2023
65,66,DeShon Elliott,4,2,0.0,1,0,0,0,0,1,9.0,9.0,8.0%,DB,2023
66,67,Sauce Gardner,4,0,0.0,0,0,0,0,0,1,8.5,8.5,18.1%,DB,2023
67,68,Justin Reid,5,1,0.0,0,0,0,0,0,1,8.3,8.3,33.4%,DB,2023
68,69,Markquese Bell,5,1,0.0,0,0,0,0,0,1,8.3,8.3,11.5%,DB,2023
69,70,Donovan Wilson,5,1,0.0,0,0,0,0,0,1,8.3,8.3,20.6%,DB,2023
70,71,Harrison Smith,5,1,0.0,0,0,0,0,0,1,8.3,8.3,18.9%,DB,2023
71,72,Fabian Moreau,4,1,0.0,1,0,0,0,0,1,8.3,8.3,0.0%,DB,2023
72,73,Budda Baker,5,1,0.0,0,0,0,0,0,1,8.3,8.3,36.6%,DB,2023
73,74,Grant Delpit,5,1,0.0,0,0,0,0,0,1,8.3,8.3,21.3%,DB,2023
74,75,Kevin Byard,4,3,0.0,0,0,0,0,0,1,8.3,8.3,29.1%,DB,2023
75,76,Derion Kendrick,4,1,0.0,1,0,0,0,0,1,8.3,8.3,0.9%,DB,2023
76,77,Mike Hilton,3,1,0.0,0,0,0,0,0,1,7.8,7.8,11.0%,DB,2023
77,78,Stephon Gilmore,4,0,0.0,1,0,0,0,0,1,7.5,7.5,1.5%,DB,2023
78,79,Benjamin St-Juste,4,0,0.0,1,0,0,0,0,1,7.5,7.5,6.7%,DB,2023
79,80,Amik Robertson,5,0,0.0,0,0,0,0,0,1,7.5,7.5,0.5%,DB,2023
80,81,Charvarius Ward,2,2,0.0,2,0,0,0,0,1,7.5,7.5,30.2%,DB,2023
81,82,Myles Bryant,5,0,0.0,0,0,0,0,0,1,7.5,7.5,2.8%,DB,2023
82,83,Rudy Ford,4,2,0.0,0,0,0,0,0,1,7.5,7.5,4.0%,DB,2023
83,84,Deommodore Lenoir,4,2,0.0,0,0,0,0,0,1,7.5,7.5,13.6%,DB,2023
84,85,Jessie Bates,3,4,0.0,0,0,0,0,0,1,7.5,7.5,69.2%,DB,2023
85,86,Tony Brown,4,2,0.0,0,0,0,0,0,1,7.5,7.5,0.0%,DB,2023
86,87,J.C. Jackson,3,0,0.0,2,0,0,0,0,1,7.5,7.5,1.2%,DB,2023
87,88,Adoree' Jackson,4,0,0.0,1,0,0,0,0,1,7.5,7.5,1.2%,DB,2023
88,89,Christian Benford,3,0,0.0,2,0,0,0,0,1,7.5,7.5,13.0%,DB,2023
89,90,Deonte Banks,3,0,0.0,2,0,0,0,0,1,7.5,7.5,13.1%,DB,2023
90,91,Darious Williams,2,0,0.0,3,0,0,0,0,1,7.5,7.5,10.5%,DB,2023
91,92,Denzel Ward,4,0,0.0,1,0,0,0,0,1,7.5,7.5,5.2%,DB,2023
92,93,Akayleb Evans,4,0,0.0,1,0,0,0,0,1,7.5,7.5,3.6%,DB,2023
93,94,Jalen Ramsey,0,1,0.0,1,1,0,0,0,1,7.3,7.3,17.9%,DB,2023
94,95,Jayron Kearse,2,2,0.0,0,0,0,0,0,1,7.0,7.0,1.3%,DB,2023
95,96,Xavier McKinney,4,1,0.0,0,0,0,0,0,1,6.8,6.8,35.6%,DB,2023
96,97,C.J. Henderson,4,1,0.0,0,0,0,0,0,1,6.8,6.8,0.8%,DB,2023
97,98,Brian Branch,3,3,0.0,0,0,0,0,0,1,6.8,6.8,37.3%,DB,2023
98,99,Joey Porter,4,1,0.0,0,0,0,0,0,1,6.8,6.8,5.3%,DB,2023
99,100,Tavierre Thomas,3,3,0.0,0,0,0,0,0,1,6.8,6.8,2.0%,DB,2023
100,101,Russ Yeast,4,1,0.0,0,0,0,0,0,1,6.8,6.8,3.5%,DB,2023
101,102,Micah Hyde,3,1,0.0,1,0,0,0,0,1,6.8,6.8,1.2%,DB,2023
102,103,Trent McDuffie,4,1,0.0,0,0,0,0,0,1,6.8,6.8,31.6%,DB,2023
103,104,Elijah Molden,2,5,0.0,0,0,0,0,0,1,6.8,6.8,3.6%,DB,2023
104,105,Dax Hill,4,1,0.0,0,0,0,0,0,1,6.8,6.8,16.4%,DB,2023
105,106,Antonio Johnson,0,0,0.0,1,1,0,0,0,1,6.5,6.5,1.4%,DB,2023
106,107,Ja'Sir Taylor,0,0,0.0,1,1,0,0,0,1,6.5,6.5,0.9%,DB,2023
107,108,Ashtyn Davis,1,1,0.0,1,0,0,0,0,1,6.3,6.3,3.4%,DB,2023
108,109,Jonathan Jones,2,2,0.0,1,0,0,0,0,1,6.0,6.0,1.9%,DB,2023
109,110,Rasul Douglas,3,2,0.0,0,0,0,0,0,1,6.0,6.0,8.5%,DB,2023
110,111,Pat Surtain,3,0,0.0,1,0,0,0,0,1,6.0,6.0,11.5%,DB,2023
111,112,Jammie Robinson,3,2,0.0,0,0,0,0,0,1,6.0,6.0,0.2%,DB,2023
112,113,Ahkello Witherspoon,3,0,0.0,1,0,0,0,0,1,6.0,6.0,0.2%,DB,2023
113,114,Jaylon Johnson,3,0,0.0,1,0,0,0,0,1,6.0,6.0,4.8%,DB,2023
114,115,Amari Burney,3,2,0.0,0,0,0,0,0,1,6.0,6.0,0.9%,DB,2023
115,116,Antoine Winfield,2,2,0.0,1,0,0,0,0,1,6.0,6.0,70.3%,DB,2023
116,117,Eric Garror,4,0,0.0,0,0,0,0,0,1,6.0,6.0,0.0%,DB,2023
117,118,Dee Alford,3,2,0.0,0,0,0,0,0,1,6.0,6.0,1.6%,DB,2023
118,119,Dane Jackson,3,2,0.0,0,0,0,0,0,1,6.0,6.0,4.1%,DB,2023
119,120,Elijah Hicks,4,0,0.0,0,0,0,0,0,1,6.0,6.0,0.5%,DB,2023
120,121,Miles Killebrew,2,0,0.0,0,0,0,0,0,1,5.5,5.5,0.2%,DB,2023
121,122,A.J. Terrell,2,1,0.0,1,0,0,0,0,1,5.3,5.3,4.0%,DB,2023
122,123,Jaire Alexander,3,1,0.0,0,0,0,0,0,1,5.3,5.3,8.6%,DB,2023
123,124,Jack Jones,2,1,0.0,1,0,0,0,0,1,5.3,5.3,3.4%,DB,2023
124,125,Dean Marlowe,3,1,0.0,0,0,0,0,0,1,5.3,5.3,0.2%,DB,2023
125,126,Danny Johnson,3,1,0.0,0,0,0,0,0,1,5.3,5.3,0.0%,DB,2023
126,127,Mike Edwards,3,1,0.0,0,0,0,0,0,1,5.3,5.3,4.2%,DB,2023
127,128,James Bradberry,2,1,0.0,1,0,0,0,0,1,5.3,5.3,2.0%,DB,2023
128,129,Tre Herndon,1,1,0.0,0,0,0,0,0,1,4.8,4.8,0.2%,DB,2023
129,130,Eli Ricks,1,1,0.0,0,0,0,0,0,1,4.8,4.8,0.2%,DB,2023
130,131,L'Jarius Sneed,2,0,0.0,1,0,0,0,0,1,4.5,4.5,47.7%,DB,2023
131,132,Kyler Gordon,2,2,0.0,0,0,0,0,0,1,4.5,4.5,11.9%,DB,2023
132,133,Rodney Thomas,3,0,0.0,0,0,0,0,0,1,4.5,4.5,0.9%,DB,2023
133,134,Michael Davis,2,2,0.0,0,0,0,0,0,1,4.5,4.5,0.9%,DB,2023
134,135,P.J. Locke,3,0,0.0,0,0,0,0,0,1,4.5,4.5,5.5%,DB,2023
135,136,Eli Apple,3,0,0.0,0,0,0,0,0,1,4.5,4.5,0.0%,DB,2023
136,137,Cor'Dale Flott,1,0,0.0,2,0,0,0,0,1,4.5,4.5,1.2%,DB,2023
137,138,Mekhi Blackmon,0,0,0.0,3,0,0,0,0,1,4.5,4.5,1.2%,DB,2023
138,139,Darius Slay,3,0,0.0,0,0,0,0,0,1,4.5,4.5,10.0%,DB,2023
139,140,Marco Wilson,3,0,0.0,0,0,0,0,0,1,4.5,4.5,0.4%,DB,2023
140,141,Rayshawn Jenkins,3,0,0.0,0,0,0,0,0,1,4.5,4.5,25.3%,DB,2023
141,142,Arthur Maulet,1,0,0.0,0,0,0,0,0,1,4.0,4.0,0.9%,DB,2023
142,143,Michael Carter,2,1,0.0,0,0,0,0,0,1,3.8,3.8,0.0%,DB,2023
143,144,Alontae Taylor,2,1,0.0,0,0,0,0,0,1,3.8,3.8,3.2%,DB,2023
144,145,Nick Scott,2,1,0.0,0,0,0,0,0,1,3.8,3.8,1.7%,DB,2023
145,146,Jonathan Owens,2,1,0.0,0,0,0,0,0,1,3.8,3.8,5.5%,DB,2023
146,147,Jason Pinnock,0,3,0.0,1,0,0,0,0,1,3.8,3.8,15.4%,DB,2023
147,148,Tyrann Mathieu,1,3,0.0,0,0,0,0,0,1,3.8,3.8,10.0%,DB,2023
148,149,Jaylon Jones,1,1,0.0,1,0,0,0,0,1,3.8,3.8,0.5%,DB,2023
149,150,Troy Hill,1,2,0.0,0,0,0,0,0,1,3.0,3.0,2.7%,DB,2023
150,151,Jordan Battle,2,0,0.0,0,0,0,0,0,1,3.0,3.0,10.4%,DB,2023
151,152,Montaric Brown,1,2,0.0,0,0,0,0,0,1,3.0,3.0,0.5%,DB,2023
152,153,Tre Brown,1,0,0.0,1,0,0,0,0,1,3.0,3.0,0.8%,DB,2023
153,154,Jerry Jacobs,2,0,0.0,0,0,0,0,0,1,3.0,3.0,12.6%,DB,2023
154,155,Patrick Peterson,2,0,0.0,0,0,0,0,0,1,3.0,3.0,0.9%,DB,2023
155,156,Cameron Mitchell,2,0,0.0,0,0,0,0,0,1,3.0,3.0,0.2%,DB,2023
156,157,Jourdan Lewis,2,0,0.0,0,0,0,0,0,1,3.0,3.0,2.0%,DB,2023
157,158,Minkah Fitzpatrick,2,0,0.0,0,0,0,0,0,1,3.0,3.0,36.8%,DB,2023
158,159,DJ Turner,2,0,0.0,0,0,0,0,0,1,3.0,3.0,3.0%,DB,2023
159,160,Greg Newsome,1,0,0.0,1,0,0,0,0,1,3.0,3.0,5.3%,DB,2023
160,161,D.J. Reed,2,0,0.0,0,0,0,0,0,1,3.0,3.0,10.1%,DB,2023
161,162,Steven Nelson,2,0,0.0,0,0,0,0,0,1,3.0,3.0,0.2%,DB,2023
162,163,Starling Thomas,1,0,0.0,1,0,0,0,0,1,3.0,3.0,1.1%,DB,2023
163,164,Theo Jackson,1,1,0.0,0,0,0,0,0,1,2.3,2.3,0.4%,DB,2023
164,165,Christian Izien,1,1,0.0,0,0,0,0,0,1,2.3,2.3,0.9%,DB,2023
165,166,Devon Witherspoon,1,1,0.0,0,0,0,0,0,1,2.3,2.3,43.0%,DB,2023
166,167,Byron Murphy,1,1,0.0,0,0,0,0,0,1,2.3,2.3,7.1%,DB,2023
167,168,Bryan Cook,1,1,0.0,0,0,0,0,0,1,2.3,2.3,3.5%,DB,2023
168,169,Ugo Amadi,0,0,0.0,1,0,0,0,0,1,1.5,1.5,0.2%,DB,2023
169,170,Terrell Edmunds,1,0,0.0,0,0,0,0,0,1,1.5,1.5,1.1%,DB,2023
170,171,Taylor Rapp,1,0,0.0,0,0,0,0,0,1,1.5,1.5,7.7%,DB,2023
171,172,Garrett Williams,1,0,0.0,0,0,0,0,0,1,1.5,1.5,0.9%,DB,2023
172,173,Malik Hooker,1,0,0.0,0,0,0,0,0,1,1.5,1.5,3.8%,DB,2023
173,174,Sean Murphy-Bunting,0,2,0.0,0,0,0,0,0,1,1.5,1.5,10.3%,DB,2023
174,175,Rodney McLeod,0,2,0.0,0,0,0,0,0,1,1.5,1.5,0.4%,DB,2023
175,176,Cameron Sutton,1,0,0.0,0,0,0,0,0,1,1.5,1.5,0.2%,DB,2023
176,177,Alohi Gilman,0,0,0.0,1,0,0,0,0,1,1.5,1.5,10.7%,DB,2023
177,178,Isaiah Pola-Mao,1,0,0.0,0,0,0,0,0,1,1.5,1.5,0.2%,DB,2023
178,179,David Long,1,0,0.0,0,0,0,0,0,1,1.5,1.5,0.0%,DB,2023
179,180,Emmanuel Forbes,1,0,0.0,0,0,0,0,0,1,1.5,1.5,3.0%,DB,2023
180,181,Chandon Sullivan,0,2,0.0,0,0,0,0,0,1,1.5,1.5,0.0%,DB,2023
181,182,Andrew Booth,1,0,0.0,0,0,0,0,0,1,1.5,1.5,0.4%,DB,2023
182,183,Quan Martin,1,0,0.0,0,0,0,0,0,1,1.5,1.5,2.3%,DB,2023
183,184,Kevon Seymour,1,0,0.0,0,0,0,0,0,1,1.5,1.5,0.0%,DB,2023
184,185,Jaylon Jones,1,0,0.0,0,0,0,0,0,1,1.5,1.5,0.0%,DB,2023
185,186,Adrian Phillips,1,0,0.0,0,0,0,0,0,1,1.5,1.5,0.7%,DB,2023
186,187,Essang Bassey,1,0,0.0,0,0,0,0,0,1,1.5,1.5,0.0%,DB,2023
187,188,Mike Hughes,0,1,0.0,0,0,0,0,0,1,0.8,0.8,1.1%,DB,2023
188,189,Isaac Yiadom,0,1,0.0,0,0,0,0,0,1,0.8,0.8,0.0%,DB,2023
189,190,Jalen Mills,0,1,0.0,0,0,0,0,0,1,0.8,0.8,0.5%,DB,2023
190,191,Aaron Robinson,0,0,0.0,0,0,0,0,0,0,0.0,0.0,1.0%,DB,2023
191,192,Darnay Holmes,0,0,0.0,0,0,0,0,0,1,0.0,0.0,0.2%,DB,2023
192,193,Tanner Muse,0,0,0.0,0,0,0,0,0,1,0.0,0.0,0.0%,DB,2023
193,194,Jeremy Chinn,0,0,0.0,0,0,0,0,0,0,0.0,0.0,7.0%,DB,2023
194,195,A.J. Green,0,0,0.0,0,0,0,0,0,0,0.0,0.0,0.0%,DB,2023
195,196,Michael Ojemudia,0,0,0.0,0,0,0,0,0,0,0.0,0.0,0.0%,DB,2023
196,197,K'Von Wallace,0,0,0.0,0,0,0,0,0,1,0.0,0.0,1.9%,DB,2023
197,198,Josiah Scott,0,0,0.0,0,0,0,0,0,1,0.0,0.0,0.9%,DB,2023
198,199,C.J. Moore,0,0,0.0,0,0,0,0,0,0,0.0,0.0,5.1%,DB,2023
199,200,Shyheim Carter,0,0,0.0,0,0,0,0,0,0,0.0,0.0,0.2%,DB,2023
200,201,Isaiah Simmons,0,0,0.0,1,0,0,0,0,1,0.0,0.0,6.2%,DB,2023
201,202,Lamar Jackson,0,0,0.0,0,0,0,0,0,0,0.0,0.0,0.4%,DB,2023
202,203,Thomas Graham,0,0,0.0,0,0,0,0,0,0,0.0,0.0,0.0%,DB,2023
203,204,Shaun Wade,0,0,0.0,0,0,0,0,0,0,0.0,0.0,0.4%,DB,2023
204,205,Stantley Thomas-Oliver,0,0,0.0,0,0,0,0,0,0,0.0,0.0,1.0%,DB,2023
205,206,Jaylinn Hawkins,0,0,0.0,0,0,0,0,0,0,0.0,0.0,11.0%,DB,2023
206,207,Isaiah Rodgers,0,0,0.0,0,0,0,0,0,0,0.0,0.0,0.5%,DB,2023
207,208,Daniel Thomas,0,0,0.0,0,0,0,0,0,1,0.0,0.0,0.2%,DB,2023
208,209,Elijah Riley,0,0,0.0,0,0,0,0,0,0,0.0,0.0,0.2%,DB,2023
209,210,Harrison Hand,0,0,0.0,0,0,0,0,0,0,0.0,0.0,0.0%,DB,2023
210,211,Troy Pride,0,0,0.0,0,0,0,0,0,0,0.0,0.0,0.0%,DB,2023
211,212,Dicaprio Bootle,0,0,0.0,0,0,0,0,0,1,0.0,0.0,0.5%,DB,2023
212,213,Kindle Vildor,0,0,0.0,0,0,0,0,0,0,0.0,0.0,0.0%,DB,2023
213,214,Noah Igbinoghene,0,0,0.0,0,0,0,0,0,0,0.0,0.0,0.0%,DB,2023
214,215,Javelin Guidry,0,0,0.0,0,0,0,0,0,0,0.0,0.0,1.0%,DB,2023
215,216,James Pierre,0,0,0.0,0,0,0,0,0,1,0.0,0.0,0.0%,DB,2023
216,217,Khalil Dorsey,0,0,0.0,0,0,0,0,0,1,0.0,0.0,0.5%,DB,2023
217,218,Micah Abernathy,0,0,0.0,0,0,0,0,0,1,0.0,0.0,0.0%,DB,2023
218,219,Nathan Meadors,0,0,0.0,0,0,0,0,0,0,0.0,0.0,0.0%,DB,2023
219,220,Kyron Brown,0,0,0.0,0,0,0,0,0,0,0.0,0.0,0.2%,DB,2023
220,221,Tevaughn Campbell,0,0,0.0,0,0,0,0,0,1,0.0,0.0,2.0%,DB,2023
221,222,Michael Jackson,0,0,0.0,0,0,0,0,0,1,0.0,0.0,1.2%,DB,2023
222,223,Bryce Hall,0,0,0.0,0,0,0,0,0,0,0.0,0.0,0.8%,DB,2023
223,224,C.J. Gardner-Johnson,0,0,0.0,0,0,0,0,0,0,0.0,0.0,16.7%,DB,2023
224,225,Kendall Sheffield,0,0,0.0,0,0,0,0,0,1,0.0,0.0,0.0%,DB,2023
225,226,Will Harris,0,0,0.0,0,0,0,0,0,0,0.0,0.0,0.0%,DB,2023
226,227,Duke Shelley,0,0,0.0,0,0,0,0,0,1,0.0,0.0,0.0%,DB,2023
227,228,Cam Lewis,0,0,0.0,0,0,0,0,0,1,0.0,0.0,0.4%,DB,2023
228,229,D'Angelo Ross,0,0,0.0,0,0,0,0,0,1,0.0,0.0,0.0%,DB,2023
229,230,Roderic Teamer,0,0,0.0,0,0,0,0,0,0,0.0,0.0,0.0%,DB,2023
230,231,Douglas Coleman,0,0,0.0,0,0,0,0,0,0,0.0,0.0,0.0%,DB,2023
231,232,Grayland Arnold,0,0,0.0,0,0,0,0,0,1,0.0,0.0,0.0%,DB,2023
232,233,Jalen Elliott,0,0,0.0,0,0,0,0,0,0,0.0,0.0,0.0%,DB,2023
233,234,Bobby Price,0,0,0.0,0,0,0,0,0,1,0.0,0.0,6.0%,DB,2023
234,235,Tyler Hall,0,0,0.0,0,0,0,0,0,0,0.0,0.0,0.0%,DB,2023
235,236,Benny Sapp,0,0,0.0,0,0,0,0,0,0,0.0,0.0,0.0%,DB,2023
236,237,D'Shawn Jamison,0,0,0.0,0,0,0,0,0,0,0.0,0.0,0.5%,DB,2023
237,238,Nick Whiteside,0,0,0.0,0,0,0,0,0,0,0.0,0.0,0.0%,DB,2023
238,239,Kendell Brooks,0,0,0.0,0,0,0,0,0,0,0.0,0.0,0.0%,DB,2023
239,240,Cameron McCutcheon,0,0,0.0,0,0,0,0,0,0,0.0,0.0,0.0%,DB,2023
240,241,Lance Boykin,0,0,0.0,0,0,0,0,0,0,0.0,0.0,0.0%,DB,2023
241,242,Ty Okada,0,0,0.0,0,0,0,0,0,0,0.0,0.0,0.0%,DB,2023
242,243,Christian Young,0,0,0.0,0,0,0,0,0,0,0.0,0.0,1.0%,DB,2023
243,244,Jonathan Sutherland,0,0,0.0,0,0,0,0,0,0,0.0,0.0,0.0%,DB,2023
244,245,Darrell Luter,0,0,0.0,0,0,0,0,0,0,0.0,0.0,0.0%,DB,2023
245,246,Isaiah Bolden,0,0,0.0,0,0,0,0,0,0,0.0,0.0,0.0%,DB,2023
246,247,Anthony Johnson,0,0,0.0,0,0,0,0,0,0,0.0,0.0,0.0%,DB,2023
247,248,Tre Hawkins,0,0,0.0,0,0,0,0,0,0,0.0,0.0,0.5%,DB,2023
248,249,Gervarrius Owens,0,0,0.0,0,0,0,0,0,0,0.0,0.0,0.0%,DB,2023
249,250,AJ Finley,0,0,0.0,0,0,0,0,0,1,0.0,0.0,0.4%,DB,2023
250,251,Jerrick Reed,0,0,0.0,0,0,0,0,0,1,0.0,0.0,0.2%,DB,2023
251,252,Jalen Graham,0,0,0.0,0,0,0,0,0,0,0.0,0.0,0.0%,DB,2023
252,253,Jason Taylor,0,0,0.0,0,0,0,0,0,0,0.0,0.0,0.4%,DB,2023
253,254,Josh Hayes,0,0,0.0,0,0,0,0,0,1,0.0,0.0,0.0%,DB,2023
254,255,Kaleb Hayes,0,0,0.0,0,0,0,0,0,0,0.0,0.0,0.0%,DB,2023
255,256,Divaad Wilson,0,0,0.0,0,0,0,0,0,0,0.0,0.0,0.0%,DB,2023
256,257,Tanner Ingle,0,0,0.0,0,0,0,0,0,0,0.0,0.0,0.0%,DB,2023
257,258,Ameer Speed,0,0,0.0,0,0,0,0,0,0,0.0,0.0,0.0%,DB,2023
258,259,Keenan Isaac,0,0,0.0,0,0,0,0,0,0,0.0,0.0,0.0%,DB,2023
259,260,Kaevon Merriweather,0,0,0.0,0,0,0,0,0,0,0.0,0.0,0.4%,DB,2023
260,261,Art Green,0,0,0.0,0,0,0,0,0,0,0.0,0.0,0.0%,DB,2023
261,262,Anthony Kendall,0,0,0.0,0,0,0,0,0,0,0.0,0.0,0.0%,DB,2023
262,263,Matthew Jackson,0,0,0.0,0,0,0,0,0,1,0.0,0.0,0.0%,DB,2023
263,264,Azizi Hearn,0,0,0.0,0,0,0,0,0,0,0.0,0.0,0.0%,DB,2023
264,265,Jaydon Grant,0,0,0.0,0,0,0,0,0,0,0.0,0.0,0.0%,DB,2023
265,266,Jeremy Lucien,0,0,0.0,0,0,0,0,0,0,0.0,0.0,0.0%,DB,2023
266,267,Ekow Boye-Doe,0,0,0.0,0,0,0,0,0,0,0.0,0.0,0.4%,DB,2023
267,268,Natrone Brooks,0,0,0.0,0,0,0,0,0,0,0.0,0.0,0.0%,DB,2023
268,269,Keidron Smith,0,0,0.0,0,0,0,0,0,0,0.0,0.0,0.0%,DB,2023
269,270,Alex Cook,0,0,0.0,0,0,0,0,0,0,0.0,0.0,0.0%,DB,2023
270,271,Reese Taylor,0,0,0.0,0,0,0,0,0,0,0.0,0.0,0.0%,DB,2023
271,272,Gemon Green,0,0,0.0,0,0,0,0,0,0,0.0,0.0,0.0%,DB,2023
272,273,Trey Dean,0,0,0.0,0,0,0,0,0,0,0.0,0.0,0.0%,DB,2023
273,274,Ethan Bonner,0,0,0.0,0,0,0,0,0,0,0.0,0.0,0.0%,DB,2023
274,275,Rejzohn Wright,0,0,0.0,0,0,0,0,0,0,0.0,0.0,0.0%,DB,2023
275,276,Ronnie Hickman,0,0,0.0,0,0,0,0,0,0,0.0,0.0,0.5%,DB,2023
276,277,Tanner McCalister,0,0,0.0,0,0,0,0,0,0,0.0,0.0,0.0%,DB,2023
277,278,Marte Mapu,1,0,0.0,0,0,0,0,0,1,0.0,0.0,1.6%,DB,2023
278,279,Jaylin Williams,0,0,0.0,0,0,0,0,0,0,0.0,0.0,0.0%,DB,2023
279,280,Kahlef Hailassie,0,0,0.0,0,0,0,0,0,0,0.0,0.0,0.0%,DB,2023
280,281,Josh Valentine-Turner,0,0,0.0,0,0,0,0,0,0,0.0,0.0,0.0%,DB,2023
281,282,Ja'Marcus Ingram,0,0,0.0,0,0,0,0,0,0,0.0,0.0,0.0%,DB,2023
282,283,Alex Austin,0,0,0.0,0,0,0,0,0,0,0.0,0.0,0.5%,DB,2023
283,284,Kyu Blu,0,0,0.0,0,0,0,0,0,0,0.0,0.0,0.0%,DB,2023
284,285,Darius Rush,0,0,0.0,0,0,0,0,0,0,0.0,0.0,0.5%,DB,2023
285,286,Terell Smith,0,0,0.0,0,0,0,0,0,0,0.0,0.0,0.5%,DB,2023
286,287,Mekhi Garner,0,0,0.0,0,0,0,0,0,0,0.0,0.0,0.2%,DB,2023
287,288,Riley Moss,0,0,0.0,0,0,0,0,0,0,0.0,0.0,0.2%,DB,2023
288,289,Chris Smith,0,0,0.0,0,0,0,0,0,0,0.0,0.0,0.2%,DB,2023
289,290,Kei'Trel Clark,0,0,0.0,0,0,0,0,0,0,0.0,0.0,0.5%,DB,2023
290,291,DeMarcco Hellams,0,0,0.0,0,0,0,0,0,1,0.0,0.0,3.5%,DB,2023
291,292,Kendall Williamson,0,0,0.0,0,0,0,0,0,0,0.0,0.0,0.0%,DB,2023
292,293,DJ Ivey,0,0,0.0,0,0,0,0,0,0,0.0,0.0,0.0%,DB,2023
293,294,Eric Scott,0,0,0.0,0,0,0,0,0,0,0.0,0.0,0.0%,DB,2023
294,295,Carrington Valentine,0,0,0.0,0,0,0,0,0,1,0.0,0.0,0.4%,DB,2023
295,296,Brandon Hill,0,0,0.0,0,0,0,0,0,0,0.0,0.0,0.0%,DB,2023
296,297,Christian Braswell,0,0,0.0,0,0,0,0,0,0,0.0,0.0,0.0%,DB,2023
297,298,Erick Hallett,0,0,0.0,0,0,0,0,0,0,0.0,0.0,0.0%,DB,2023
298,299,Chamarri Conner,0,0,0.0,0,0,0,0,0,1,0.0,0.0,0.0%,DB,2023
299,300,Nic Jones,0,0,0.0,0,0,0,0,0,0,0.0,0.0,0.4%,DB,2023
300,301,NaJee Thompson,0,0,0.0,0,0,0,0,0,0,0.0,0.0,0.0%,DB,2023
301,302,Max Melton,0,0,0.0,0,0,0,0,0,0,0.0,0.0,2.1%,DB,2023
302,303,Ji'Ayir Brown,0,0,0.0,0,0,0,0,0,0,0.0,0.0,6.5%,DB,2023
303,304,Tre Avery,0,0,0.0,0,0,0,0,0,1,0.0,0.0,0.2%,DB,2023
304,305,Christian Gonzalez,0,0,0.0,0,0,0,0,0,0,0.0,0.0,13.8%,DB,2023
305,306,JL Skinner,0,0,0.0,0,0,0,0,0,0,0.0,0.0,0.0%,DB,2023
306,307,Jakorian Bennett,0,0,0.0,0,0,0,0,0,1,0.0,0.0,1.1%,DB,2023
307,308,Cory Trice,0,0,0.0,0,0,0,0,0,0,0.0,0.0,0.0%,DB,2023
308,309,Anthony Johnson,0,0,0.0,0,0,0,0,0,1,0.0,0.0,0.9%,DB,2023
309,310,Daniel Scott,0,0,0.0,0,0,0,0,0,0,0.0,0.0,0.0%,DB,2023
310,311,Demani Richardson,0,0,0.0,0,0,0,0,0,0,0.0,0.0,0.0%,DB,2023
311,312,Jay Ward,0,0,0.0,0,0,0,0,0,1,0.0,0.0,0.2%,DB,2023
312,313,Quindell Johnson,0,0,0.0,0,0,0,0,0,0,0.0,0.0,0.0%,DB,2023
313,314,JuJu Brents,0,0,0.0,0,0,0,0,0,0,0.0,0.0,8.5%,DB,2023
314,315,D.J. James,0,0,0.0,0,0,0,0,0,0,0.0,0.0,0.0%,DB,2023
315,316,Steven Gilmore,0,0,0.0,0,0,0,0,0,0,0.0,0.0,0.0%,DB,2023
316,317,Clayton Isbell,0,0,0.0,0,0,0,0,0,0,0.0,0.0,0.0%,DB,2023
317,318,Carlton Johnson,0,0,0.0,0,0,0,0,0,0,0.0,0.0,0.0%,DB,2023
318,319,Travian Blaylock,0,0,0.0,0,0,0,0,0,0,0.0,0.0,0.0%,DB,2023
319,320,Reddy Steward,0,0,0.0,0,0,0,0,0,0,0.0,0.0,0.0%,DB,2023
320,321,Leon Jones,0,0,0.0,0,0,0,0,0,0,0.0,0.0,0.0%,DB,2023
321,322,PJ Jules,0,0,0.0,0,0,0,0,0,0,0.0,0.0,0.0%,DB,2023
322,323,Michael Dowell,0,0,0.0,0,0,0,0,0,0,0.0,0.0,0.0%,DB,2023
323,324,Dyshawn Gales,0,0,0.0,0,0,0,0,0,0,0.0,0.0,0.0%,DB,2023
324,325,Chris McDonald,0,0,0.0,0,0,0,0,0,0,0.0,0.0,0.0%,DB,2023
325,326,Lance Robinson,0,0,0.0,0,0,0,0,0,0,0.0,0.0,0.0%,DB,2023
326,327,Alex Johnson,0,0,0.0,0,0,0,0,0,0,0.0,0.0,0.0%,DB,2023
327,328,Emany Johnson,0,0,0.0,0,0,0,0,0,0,0.0,0.0,0.0%,DB,2023
328,329,Quinton Newsome,0,0,0.0,0,0,0,0,0,0,0.0,0.0,0.0%,DB,2023
329,330,Andre' Sam,0,0,0.0,0,0,0,0,0,0,0.0,0.0,0.0%,DB,2023
330,331,Julius Wood,0,0,0.0,0,0,0,0,0,0,0.0,0.0,0.0%,DB,2023
331,332,Josh DeBerry,0,0,0.0,0,0,0,0,0,0,0.0,0.0,0.0%,DB,2023
332,333,Tyrek Funderburk,0,0,0.0,0,0,0,0,0,0,0.0,0.0,0.0%,DB,2023
333,334,Mikey Victor,0,0,0.0,0,0,0,0,0,0,0.0,0.0,0.0%,DB,2023
334,335,A.J. Woods,0,0,0.0,0,0,0,0,0,0,0.0,0.0,0.0%,DB,2023
335,336,Thomas Harper,0,0,0.0,0,0,0,0,0,0,0.0,0.0,0.0%,DB,2023
336,337,Jalyn Phillips,0,0,0.0,0,0,0,0,0,0,0.0,0.0,0.0%,DB,2023
337,338,Zamari Walton,0,0,0.0,0,0,0,0,0,0,0.0,0.0,0.0%,DB,2023
338,339,Millard Bradford,0,0,0.0,0,0,0,0,0,0,0.0,0.0,0.0%,DB,2023
339,340,Lawrence Johnson,0,0,0.0,0,0,0,0,0,0,0.0,0.0,0.0%,DB,2023
340,341,Rico Payton,0,0,0.0,0,0,0,0,0,0,0.0,0.0,0.0%,DB,2023
341,342,Chris Edmonds,0,0,0.0,0,0,0,0,0,0,0.0,0.0,0.0%,DB,2023
342,343,Ben Nikkel,0,0,0.0,0,0,0,0,0,0,0.0,0.0,0.0%,DB,2023
343,344,Tyler Owens,0,0,0.0,0,0,0,0,0,0,0.0,0.0,0.0%,DB,2023
344,345,Chigozie Anusiem,0,0,0.0,0,0,0,0,0,0,0.0,0.0,0.0%,DB,2023
345,346,Alfahiym Walcott,0,0,0.0,0,0,0,0,0,0,0.0,0.0,0.0%,DB,2023
346,347,Trey Vaval,0,0,0.0,0,0,0,0,0,0,0.0,0.0,0.0%,DB,2023
347,348,Robert Javier,0,0,0.0,0,0,0,0,0,0,0.0,0.0,0.0%,DB,2023
348,349,Marcus Banks,0,0,0.0,0,0,0,0,0,0,0.0,0.0,0.0%,DB,2023
349,350,Keaton Ellis,0,0,0.0,0,0,0,0,0,0,0.0,0.0,0.0%,DB,2023
350,351,Don Chapman,0,0,0.0,0,0,0,0,0,0,0.0,0.0,0.0%,DB,2023
351,352,Gabe Jeudy-Lally,0,0,0.0,0,0,0,0,0,0,0.0,0.0,0.0%,DB,2023
352,353,Keni-H Lovely,0,0,0.0,0,0,0,0,0,0,0.0,0.0,0.0%,DB,2023
353,354,Dell Pettus,0,0,0.0,0,0,0,0,0,0,0.0,0.0,0.0%,DB,2023
354,355,Kaleb Ford-Dement,0,0,0.0,0,0,0,0,0,0,0.0,0.0,0.0%,DB,2023
355,356,Robert Kennedy,0,0,0.0,0,0,0,0,0,0,0.0,0.0,0.0%,DB,2023
356,357,Nash Fouch,0,0,0.0,0,0,0,0,0,0,0.0,0.0,0.0%,DB,2023
357,358,Devlin Kirklin,0,0,0.0,0,0,0,0,0,0,0.0,0.0,0.0%,DB,2023
358,359,Jaylen Mahoney,0,0,0.0,0,0,0,0,0,0,0.0,0.0,0.0%,DB,2023
359,360,Shawn Preston,0,0,0.0,0,0,0,0,0,0,0.0,0.0,0.0%,DB,2023
360,361,Keonte Lusk,0,0,0.0,0,0,0,0,0,0,0.0,0.0,0.0%,DB,2023
361,362,Irshaad Davis,0,0,0.0,0,0,0,0,0,0,0.0,0.0,0.0%,DB,2023
362,363,Kendarin Ray,0,0,0.0,0,0,0,0,0,0,0.0,0.0,0.0%,DB,2023
363,364,Kam Pedescleaux,0,0,0.0,0,0,0,0,0,0,0.0,0.0,0.0%,DB,2023
364,365,Shon Stephens,0,0,0.0,0,0,0,0,0,0,0.0,0.0,0.0%,DB,2023
365,366,Kalon Gervin,0,0,0.0,0,0,0,0,0,0,0.0,0.0,0.0%,DB,2023
366,367,Bryce Sheppert,0,0,0.0,0,0,0,0,0,0,0.0,0.0,0.0%,DB,2023
367,368,Te'Cory Couch,0,0,0.0,0,0,0,0,0,0,0.0,0.0,0.0%,DB,2023
368,369,Jordan Colbert,0,0,0.0,0,0,0,0,0,0,0.0,0.0,0.0%,DB,2023
369,370,Andrew Hayes,0,0,0.0,0,0,0,0,0,0,0.0,0.0,0.0%,DB,2023
370,371,Jason Maitre,0,0,0.0,0,0,0,0,0,0,0.0,0.0,0.0%,DB,2023
371,372,Clay Fields,0,0,0.0,0,0,0,0,0,0,0.0,0.0,0.0%,DB,2023
372,373,Brandon Bishop,0,0,0.0,0,0,0,0,0,0,0.0,0.0,0.0%,DB,2023
373,374,Isaiah Johnson,0,0,0.0,0,0,0,0,0,0,0.0,0.0,0.0%,DB,2023
374,375,Christian Roland-Wallace,0,0,0.0,0,0,0,0,0,0,0.0,0.0,0.0%,DB,2023
375,376,Chelen Garnes,0,0,0.0,0,0,0,0,0,0,0.0,0.0,0.0%,DB,2023
376,377,Morice Norris,0,0,0.0,0,0,0,0,0,0,0.0,0.0,0.0%,DB,2023
377,378,Loren Strickland,0,0,0.0,0,0,0,0,0,0,0.0,0.0,0.0%,DB,2023
378,379,Jaylen McCollough,0,0,0.0,0,0,0,0,0,0,0.0,0.0,0.0%,DB,2023
379,380,Mark Perry,0,0,0.0,0,0,0,0,0,0,0.0,0.0,0.0%,DB,2023
380,381,Don Callis,0,0,0.0,0,0,0,0,0,0,0.0,0.0,0.0%,DB,2023
381,382,Miles Battle,0,0,0.0,0,0,0,0,0,0,0.0,0.0,0.0%,DB,2023
382,383,Jayden Price,0,0,0.0,0,0,0,0,0,0,0.0,0.0,0.0%,DB,2023
383,384,Brandon Codrington,0,0,0.0,0,0,0,0,0,0,0.0,0.0,0.0%,DB,2023
384,385,Cam Lampkin,0,0,0.0,0,0,0,0,0,0,0.0,0.0,0.0%,DB,2023
385,386,Omar Brown,0,0,0.0,0,0,0,0,0,0,0.0,0.0,0.0%,DB,2023
386,387,Shemar Bartholomew,0,0,0.0,0,0,0,0,0,0,0.0,0.0,0.0%,DB,2023
387,388,Al Blades,0,0,0.0,0,0,0,0,0,0,0.0,0.0,0.0%,DB,2023
388,389,Bump Cooper,0,0,0.0,0,0,0,0,0,0,0.0,0.0,0.0%,DB,2023
389,390,Jordan Toles,0,0,0.0,0,0,0,0,0,0,0.0,0.0,0.0%,DB,2023
390,391,D.J. Miller,0,0,0.0,0,0,0,0,0,0,0.0,0.0,0.0%,DB,2023
391,392,Paul Moala,0,0,0.0,0,0,0,0,0,0,0.0,0.0,0.0%,DB,2023
392,393,Travis Blackshear,0,0,0.0,0,0,0,0,0,0,0.0,0.0,0.0%,DB,2023
393,394,Phalen Sanford,0,0,0.0,0,0,0,0,0,0,0.0,0.0,0.0%,DB,2023
394,395,Demarcus Governor,0,0,0.0,0,0,0,0,0,0,0.0,0.0,0.0%,DB,2023
395,396,Daijahn Anthony,0,0,0.0,0,0,0,0,0,0,0.0,0.0,0.0%,DB,2023
396,397,Evan Williams,0,0,0.0,0,0,0,0,0,0,0.0,0.0,0.2%,DB,2023
397,398,Terrion Arnold,0,0,0.0,0,0,0,0,0,0,0.0,0.0,10.8%,DB,2023
398,399,T.J. Tampa,0,0,0.0,0,0,0,0,0,0,0.0,0.0,0.4%,DB,2023
399,400,Beau Brade,0,0,0.0,0,0,0,0,0,0,0.0,0.0,0.0%,DB,2023
400,401,Dru Phillips,0,0,0.0,0,0,0,0,0,0,0.0,0.0,0.5%,DB,2023
401,402,Kamal Hadden,0,0,0.0,0,0,0,0,0,0,0.0,0.0,0.0%,DB,2023
402,403,Mike Sainristil,0,0,0.0,0,0,0,0,0,0,0.0,0.0,1.6%,DB,2023
403,404,Charles Woods,0,0,0.0,0,0,0,0,0,0,0.0,0.0,0.0%,DB,2023
404,405,De'Antre Prince,0,0,0.0,0,0,0,0,0,0,0.0,0.0,0.0%,DB,2023
405,406,Rashad Wisdom,0,0,0.0,0,0,0,0,0,0,0.0,0.0,0.0%,DB,2023
406,407,Ennis Rakestraw,0,0,0.0,0,0,0,0,0,0,0.0,0.0,1.1%,DB,2023
407,408,Caelen Carson,0,0,0.0,0,0,0,0,0,0,0.0,0.0,0.0%,DB,2023
408,409,Cole Bishop,0,0,0.0,0,0,0,0,0,0,0.0,0.0,6.2%,DB,2023
409,410,Jaden Hicks,0,0,0.0,0,0,0,0,0,0,0.0,0.0,1.3%,DB,2023
410,411,Josh Newton,0,0,0.0,0,0,0,0,0,0,0.0,0.0,0.5%,DB,2023
411,412,Javon Bullard,0,0,0.0,0,0,0,0,0,0,0.0,0.0,10.0%,DB,2023
412,413,Cam Hart,0,0,0.0,0,0,0,0,0,0,0.0,0.0,0.4%,DB,2023
413,414,Michael Tutsie,0,0,0.0,0,0,0,0,0,0,0.0,0.0,0.0%,DB,2023
414,415,Andrew Whitaker,0,0,0.0,0,0,0,0,0,0,0.0,0.0,0.0%,DB,2023
415,416,Josh Butler,0,0,0.0,0,0,0,0,0,0,0.0,0.0,0.0%,DB,2023
416,417,Tre Tarpley,0,0,0.0,0,0,0,0,0,0,0.0,0.0,0.0%,DB,2023
417,418,Kamari Lassiter,0,0,0.0,0,0,0,0,0,0,0.0,0.0,2.1%,DB,2023
418,419,Kool-Aid McKinstry,0,0,0.0,0,0,0,0,0,0,0.0,0.0,4.8%,DB,2023
419,420,Nate Wiggins,0,0,0.0,0,0,0,0,0,0,0.0,0.0,3.7%,DB,2023
420,421,Kalen King,0,0,0.0,0,0,0,0,0,0,0.0,0.0,0.0%,DB,2023
421,422,Cooper DeJean,0,0,0.0,0,0,0,0,0,0,0.0,0.0,12.6%,DB,2023
422,423,Quinyon Mitchell,0,0,0.0,0,0,0,0,0,0,0.0,0.0,6.4%,DB,2023
423,424,Kamren Kinchens,0,0,0.0,0,0,0,0,0,0,0.0,0.0,3.6%,DB,2023
424,425,Calen Bullock,0,0,0.0,0,0,0,0,0,0,0.0,0.0,0.9%,DB,2023
425,426,Tyler Nubin,0,0,0.0,0,0,0,0,0,0,0.0,0.0,12.0%,DB,2023
426,427,Chau Smith-Wade,0,0,0.0,0,0,0,0,0,0,0.0,0.0,0.2%,DB,2023
427,428,Rayshad Williams,0,0,0.0,0,0,0,0,0,0,0.0,0.0,0.0%,DB,2023
428,429,Dominique Hampton,0,0,0.0,0,0,0,0,0,0,0.0,0.0,0.0%,DB,2023
429,430,Josh Wallace,0,0,0.0,0,0,0,0,0,0,0.0,0.0,0.0%,DB,2023
430,431,Willie Drew,0,0,0.0,0,0,0,0,0,0,0.0,0.0,0.0%,DB,2023
431,432,Jarius Monroe,0,0,0.0,0,0,0,0,0,0,0.0,0.0,0.0%,DB,2023
432,433,Ja'Quan Sheppard,0,0,0.0,0,0,0,0,0,0,0.0,0.0,0.0%,DB,2023
433,434,Elijah Jones,0,0,0.0,0,0,0,0,0,0,0.0,0.0,0.5%,DB,2023
434,435,Qwan'tez Stiggers,0,0,0.0,0,0,0,0,0,0,0.0,0.0,0.2%,DB,2023
435,436,Jarvis Brownlee,0,0,0.0,0,0,0,0,0,0,0.0,0.0,0.0%,DB,2023
436,437,Renardo Green,0,0,0.0,0,0,0,0,0,0,0.0,0.0,1.1%,DB,2023
437,438,Decamerion Richardson,0,0,0.0,0,0,0,0,0,0,0.0,0.0,0.4%,DB,2023
438,439,Jaylon Carlies,0,0,0.0,0,0,0,0,0,0,0.0,0.0,0.4%,DB,2023
439,440,Myles Jones,0,0,0.0,0,0,0,0,0,0,0.0,0.0,0.0%,DB,2023
440,441,Tarheeb Still,0,0,0.0,0,0,0,0,0,0,0.0,0.0,0.0%,DB,2023
441,442,Daequan Hardy,0,0,0.0,0,0,0,0,0,0,0.0,0.0,0.4%,DB,2023
442,443,Ryan Watts,0,0,0.0,0,0,0,0,0,0,0.0,0.0,0.2%,DB,2023
443,444,Patrick McMorris,0,0,0.0,0,0,0,0,0,0,0.0,0.0,0.2%,DB,2023
444,445,Micah Abraham,0,0,0.0,0,0,0,0,0,0,0.0,0.0,0.2%,DB,2023
445,446,Sanoussi Kane,0,0,0.0,0,0,0,0,0,0,0.0,0.0,0.7%,DB,2023
446,447,Trey Taylor,0,0,0.0,0,0,0,0,0,0,0.0,0.0,0.0%,DB,2023
447,448,Jaylen Key,0,0,0.0,0,0,0,0,0,0,0.0,0.0,0.0%,DB,2023
448,449,Beanie Bishop,0,0,0.0,0,0,0,0,0,0,0.0,0.0,0.0%,DB,2023
449,450,Storm Duck,0,0,0.0,0,0,0,0,0,0,0.0,0.0,0.0%,DB,2023
450,451,Marcellas Dial,0,0,0.0,0,0,0,0,0,0,0.0,0.0,0.2%,DB,2023
451,452,James Williams,0,0,0.0,0,0,0,0,0,0,0.0,0.0,0.4%,DB,2023
452,453,Sione Vaki,0,0,0.0,0,0,0,0,0,0,0.0,0.0,0.1%,DB,2023
453,454,M.J. Devonshire,0,0,0.0,0,0,0,0,0,0,0.0,0.0,0.0%,DB,2023
454,455,Kitan Oladapo,0,0,0.0,0,0,0,0,0,0,0.0,0.0,0.0%,DB,2023
455,456,Nehemiah Pritchett,0,0,0.0,0,0,0,0,0,0,0.0,0.0,0.0%,DB,2023
456,457,Jaylin Simpson,0,0,0.0,0,0,0,0,0,0,0.0,0.0,0.2%,DB,2023
457,458,Dwight McGlothern,0,0,0.0,0,0,0,0,0,0,0.0,0.0,0.0%,DB,2023
458,459,Malik Mustapha,0,0,0.0,0,0,0,0,0,0,0.0,0.0,0.2%,DB,2023
459,460,Jarrian Jones,0,0,0.0,0,0,0,0,0,0,0.0,0.0,0.4%,DB,2023
460,461,Kenny Logan,0,0,0.0,0,0,0,0,0,0,0.0,0.0,0.0%,DB,2023
461,462,Dadrion Taylor-Demerson,0,0,0.0,0,0,0,0,0,0,0.0,0.0,0.4%,DB,2023
462,463,Myles Harden,0,0,0.0,0,0,0,0,0,0,0.0,0.0,0.0%,DB,2023
463,464,Sam Webb,0,0,0.0,0,0,0,0,0,0,0.0,0.0,0.0%,DB,2023
464,465,Marcel Dabo,0,0,0.0,0,0,0,0,0,0,0.0,0.0,0.0%,DB,2023
465,466,Brady Breeze,0,0,0.0,0,0,0,0,0,0,0.0,0.0,0.0%,DB,2023
466,467,Tariq Castro-Fields,0,0,0.0,0,0,0,0,0,0,0.0,0.0,0.0%,DB,2023
467,468,Damar Hamlin,0,0,0.0,0,0,0,0,0,0,0.0,0.0,0.4%,DB,2023
468,469,J.T. Ibe,0,0,0.0,0,0,0,0,0,0,0.0,0.0,0.0%,DB,2023
469,470,Nahshon Wright,0,0,0.0,0,0,0,0,0,1,0.0,0.0,0.7%,DB,2023
470,471,Zech McPhearson,0,0,0.0,0,0,0,0,0,0,0.0,0.0,0.0%,DB,2023
471,472,Tay Gowan,0,0,0.0,0,0,0,0,0,1,0.0,0.0,0.0%,DB,2023
472,473,Andre Cisco,0,0,0.0,0,0,0,0,0,0,0.0,0.0,3.8%,DB,2023
473,474,Josh Jobe,0,0,0.0,0,0,0,0,0,0,0.0,0.0,0.0%,DB,2023
474,475,Caden Sterns,0,0,0.0,0,0,0,0,0,0,0.0,0.0,1.6%,DB,2023
475,476,Ambry Thomas,0,0,0.0,0,0,0,0,0,0,0.0,0.0,1.4%,DB,2023
476,477,Israel Mukuamu,0,0,0.0,0,0,0,0,0,1,0.0,0.0,0.2%,DB,2023
477,478,Robert Rochell,0,0,0.0,0,0,0,0,0,0,0.0,0.0,0.0%,DB,2023
478,479,Ifeatu Melifonwu,0,0,0.0,0,0,0,0,0,1,0.0,0.0,5.9%,DB,2023
479,480,Kelvin Joseph,0,0,0.0,0,0,0,0,0,0,0.0,0.0,0.0%,DB,2023
480,481,Joshua Bledsoe,0,0,0.0,0,0,0,0,0,0,0.0,0.0,0.0%,DB,2023
481,482,Darren Hall,0,0,0.0,0,0,0,0,0,0,0.0,0.0,0.0%,DB,2023
482,483,Chris Wilcox,0,0,0.0,0,0,0,0,0,0,0.0,0.0,0.0%,DB,2023
483,484,Eric Stokes,0,0,0.0,0,0,0,0,0,0,0.0,0.0,1.4%,DB,2023
484,485,Nick McCloud,0,0,0.0,0,0,0,0,0,1,0.0,0.0,1.1%,DB,2023
485,486,Zayne Anderson,0,0,0.0,0,0,0,0,0,0,0.0,0.0,0.2%,DB,2023
486,487,Devon Key,0,0,0.0,0,0,0,0,0,0,0.0,0.0,0.0%,DB,2023
487,488,Tyler Coyle,0,0,0.0,0,0,0,0,0,0,0.0,0.0,0.0%,DB,2023
488,489,Brendon White,0,0,0.0,0,0,0,0,0,0,0.0,0.0,0.0%,DB,2023
489,490,Kaiir Elam,0,0,0.0,0,0,0,0,0,0,0.0,0.0,1.1%,DB,2023
490,491,Derek Stingley,0,0,0.0,0,0,0,0,0,0,0.0,0.0,11.1%,DB,2023
491,492,Augie Contressa,0,0,0.0,0,0,0,0,0,0,0.0,0.0,0.0%,DB,2023
492,493,Darrick Forrest,0,0,0.0,0,0,0,0,0,0,0.0,0.0,10.6%,DB,2023
493,494,Brandin Echols,0,0,0.0,0,0,0,0,0,1,0.0,0.0,0.2%,DB,2023
494,495,Keith Taylor,0,0,0.0,0,0,0,0,0,0,0.0,0.0,0.0%,DB,2023
495,496,Shemar Jean-Charles,0,0,0.0,0,0,0,0,0,0,0.0,0.0,0.0%,DB,2023
496,497,Mac McCain,0,0,0.0,0,0,0,0,0,0,0.0,0.0,0.0%,DB,2023
497,498,D'Angelo Amos,0,0,0.0,0,0,0,0,0,0,0.0,0.0,0.0%,DB,2023
498,499,Ar'Darius Washington,0,0,0.0,0,0,0,0,0,0,0.0,0.0,0.2%,DB,2023
499,500,Tyson Campbell,0,0,0.0,0,0,0,0,0,0,0.0,0.0,17.0%,DB,2023
500,501,Jaycee Horn,0,0,0.0,0,0,0,0,0,0,0.0,0.0,5.3%,DB,2023
501,502,Caleb Farley,0,0,0.0,0,0,0,0,0,0,0.0,0.0,0.0%,DB,2023
502,503,Jevon Holland,0,0,0.0,0,0,0,0,0,0,0.0,0.0,21.6%,DB,2023
503,504,Trevor Denbow,0,0,0.0,0,0,0,0,0,1,0.0,0.0,0.0%,DB,2023
504,505,Gregory Junior,0,0,0.0,0,0,0,0,0,0,0.0,0.0,0.2%,DB,2023
505,506,Deane Leonard,0,0,0.0,0,0,0,0,0,1,0.0,0.0,0.0%,DB,2023
506,507,Christian Matthew,0,0,0.0,0,0,0,0,0,0,0.0,0.0,0.2%,DB,2023
507,508,Nazeeh Johnson,0,0,0.0,0,0,0,0,0,0,0.0,0.0,0.0%,DB,2023
508,509,Mike Brown,0,0,0.0,0,0,0,0,0,0,0.0,0.0,0.5%,DB,2023
509,510,Tristin McCollum,0,0,0.0,0,0,0,0,0,0,0.0,0.0,0.0%,DB,2023
510,511,Cobie Durant,0,1,0.0,0,0,0,0,0,1,0.0,0.0,0.0%,DB,2023
511,512,Samuel Womack,0,0,0.0,0,0,0,0,0,0,0.0,0.0,1.0%,DB,2023
512,513,JT Woods,0,0,0.0,0,0,0,0,0,0,0.0,0.0,0.5%,DB,2023
513,514,Joey Blount,0,0,0.0,0,0,0,0,0,1,0.0,0.0,0.0%,DB,2023
514,515,Zyon McCollum,0,0,0.0,0,0,0,0,0,0,0.0,0.0,5.9%,DB,2023
515,516,Zyon Gilbert,0,0,0.0,0,0,0,0,0,0,0.0,0.0,0.0%,DB,2023
516,517,Allan George,0,0,0.0,0,0,0,0,0,0,0.0,0.0,0.0%,DB,2023
517,518,D'Anthony Bell,0,0,0.0,0,0,0,0,0,0,0.0,0.0,0.0%,DB,2023
518,519,Juanyeh Thomas,0,0,0.0,0,0,0,0,0,1,0.0,0.0,0.9%,DB,2023
519,520,Dallis Flowers,0,0,0.0,0,0,0,0,0,0,0.0,0.0,4.1%,DB,2023
520,521,Akeem Dent,0,0,0.0,0,0,0,0,0,0,0.0,0.0,0.0%,DB,2023
521,522,Brandon Joseph,0,0,0.0,0,0,0,0,0,0,0.0,0.0,0.0%,DB,2023
522,523,Cam Smith,0,0,0.0,0,0,0,0,0,0,0.0,0.0,0.2%,DB,2023
523,524,Clark Phillips,0,0,0.0,0,0,0,0,0,0,0.0,0.0,1.6%,DB,2023
524,525,Kelee Ringo,0,0,0.0,0,0,0,0,0,0,0.0,0.0,0.2%,DB,2023
525,526,Brenden Schooler,0,0,0.0,0,0,0,0,0,1,0.0,0.0,0.0%,DB,2023
526,527,Kris Abrams-Draine,0,0,0.0,0,0,0,0,0,0,0.0,0.0,0.0%,DB,2023
527,528,Josh Blackwell,0,0,0.0,0,0,0,0,0,0,0.0,0.0,0.0%,DB,2023
528,529,Damarri Mathis,0,0,0.0,0,0,0,0,0,1,0.0,0.0,1.1%,DB,2023
529,530,Lewis Cine,0,0,0.0,0,0,0,0,0,0,0.0,0.0,0.4%,DB,2023
530,531,Roger McCreary,0,0,0.0,0,0,0,0,0,0,0.0,0.0,21.1%,DB,2023
531,532,Jaquan Brisker,0,0,0.0,0,0,0,0,0,0,0.0,0.0,46.7%,DB,2023
532,533,Coby Bryant,0,0,0.0,0,0,0,0,0,0,0.0,0.0,0.4%,DB,2023
533,534,Tre Tomlinson,0,0,0.0,0,0,0,0,0,1,0.0,0.0,0.2%,DB,2023
534,535,Tykee Smith,0,0,0.0,0,0,0,0,0,0,0.0,0.0,0.9%,DB,2023
535,536,Mario Goodrich,0,0,0.0,0,0,0,0,0,0,0.0,0.0,0.0%,DB,2023
536,537,Matt Hankins,0,0,0.0,0,0,0,0,0,0,0.0,0.0,0.0%,DB,2023
537,538,Verone McKinley,0,0,0.0,0,0,0,0,0,0,0.0,0.0,0.2%,DB,2023
538,539,Tayler Hawkins,0,0,0.0,0,0,0,0,0,0,0.0,0.0,0.2%,DB,2023
539,540,Kalon Barnes,0,0,0.0,0,0,0,0,0,0,0.0,0.0,0.0%,DB,2023
540,541,Josh Proctor,0,0,0.0,0,0,0,0,0,0,0.0,0.0,0.0%,DB,2023
541,542,Christian Holmes,0,0,0.0,0,0,0,0,0,0,0.0,0.0,1.0%,DB,2023
542,543,Jalyn Armour-Davis,0,0,0.0,0,0,0,0,0,0,0.0,0.0,0.0%,DB,2023
543,544,Nick Cross,0,0,0.0,0,0,0,0,0,1,0.0,0.0,2.9%,DB,2023
544,545,Jaylen Watson,0,0,0.0,0,0,0,0,0,1,0.0,0.0,2.5%,DB,2023
545,546,Damarion Williams,0,0,0.0,0,0,0,0,0,0,0.0,0.0,0.0%,DB,2023
546,547,Darrell Baker,0,0,0.0,0,0,0,0,0,0,0.0,0.0,0.4%,DB,2023
547,548,Jaden Davis,0,0,0.0,0,0,0,0,0,0,0.0,0.0,0.0%,DB,2023
548,549,Marcus Jones,0,0,0.0,0,0,0,0,0,0,0.0,0.0,6.7%,DB,2023
549,550,Delarrin Turner-Yell,0,0,0.0,0,0,0,0,0,0,0.0,0.0,0.5%,DB,2023
550,551,Sheridan Jones,0,0,0.0,0,0,0,0,0,0,0.0,0.0,0.0%,DB,2023
551,552,Shaun Jolly,0,0,0.0,0,0,0,0,0,0,0.0,0.0,0.0%,DB,2023
552,553,Tycen Anderson,0,0,0.0,0,0,0,0,0,0,0.0,0.0,0.0%,DB,2023
553,554,Dane Belton,0,0,0.0,0,0,0,0,0,1,0.0,0.0,1.1%,DB,2023
554,555,Joshua Williams,0,0,0.0,0,0,0,0,0,1,0.0,0.0,1.4%,DB,2023
555,556,Chase Lucas,0,0,0.0,0,0,0,0,0,0,0.0,0.0,0.2%,DB,2023
556,557,Tre Swilling,0,0,0.0,0,0,0,0,0,0,0.0,0.0,0.0%,DB,2023
557,558,Jarrick Bernard-Converse,0,0,0.0,0,0,0,0,0,0,0.0,0.0,0.0%,DB,2023
558,559,Vincent Gray,0,0,0.0,0,0,0,0,0,0,0.0,0.0,0.0%,DB,2023
559,560,Greg Gatson,0,0,0.0,0,0,0,0,0,0,0.0,0.0,0.0%,DB,2023
560,561,Justin Bethel,0,0,0.0,0,0,0,0,0,1,0.0,0.0,0.0%,DB,2023
561,562,Tony Jefferson,0,0,0.0,0,0,0,0,0,0,0.0,0.0,0.0%,DB,2023
562,563,Josh Norman,0,0,0.0,0,0,0,0,0,1,0.0,0.0,3.0%,DB,2023
563,564,K'Waun Williams,0,0,0.0,0,0,0,0,0,0,0.0,0.0,0.0%,DB,2023
564,565,Jason Verrett,0,0,0.0,0,0,0,0,0,0,0.0,0.0,0.0%,DB,2023
565,566,Jimmie Ward,3,5,0.0,1,0,0,0,0,1,0.0,0.0,9.7%,DB,2023
566,567,Brian Williams,0,0,0.0,0,0,0,0,0,0,0.0,0.0,0.0%,DB,2023
567,568,Malcolm Williams,0,0,0.0,0,0,0,0,0,0,0.0,0.0,0.0%,DB,2023
568,569,Chip Vaughn,0,0,0.0,0,0,0,0,0,0,0.0,0.0,0.0%,DB,2023
569,570,Jamar Wall,0,0,0.0,0,0,0,0,0,0,0.0,0.0,0.0%,DB,2023
570,571,Marcus Hudson,0,0,0.0,0,0,0,0,0,0,0.0,0.0,0.0%,DB,2023
571,572,Derrick Martin,0,0,0.0,0,0,0,0,0,0,0.0,0.0,0.0%,DB,2023
572,573,Jonathan Wade,0,0,0.0,0,0,0,0,0,0,0.0,0.0,0.0%,DB,2023
573,574,Jon Corto,0,0,0.0,0,0,0,0,0,0,0.0,0.0,0.0%,DB,2023
574,575,Anthony Averett,0,0,0.0,0,0,0,0,0,0,0.0,0.0,0.0%,DB,2023
575,576,Ronnie Harrison,0,0,0.0,0,0,0,0,0,0,0.0,0.0,0.5%,DB,2023
576,577,Brandon Facyson,0,0,0.0,0,0,0,0,0,0,0.0,0.0,0.5%,DB,2023
577,578,Chuck Clark,0,0,0.0,0,0,0,0,0,0,0.0,0.0,6.4%,DB,2023
578,579,Desmond King,0,0,0.0,0,0,0,0,0,0,0.0,0.0,12.6%,DB,2023
579,580,Marcus Maye,0,0,0.0,0,0,0,0,0,0,0.0,0.0,2.0%,DB,2023
580,581,Marlon Humphrey,0,0,0.0,0,0,0,0,0,1,0.0,0.0,4.8%,DB,2023
581,582,Gareon Conley,0,0,0.0,0,0,0,0,0,0,0.0,0.0,0.0%,DB,2023
582,583,Kevin King,0,0,0.0,0,0,0,0,0,0,0.0,0.0,0.0%,DB,2023
583,584,Tre'Davious White,0,0,0.0,0,0,0,0,0,0,0.0,0.0,5.5%,DB,2023
584,585,Chidobe Awuzie,0,0,0.0,0,0,0,0,0,1,0.0,0.0,2.3%,DB,2023
585,586,Justin Hardee,0,0,0.0,0,0,0,0,0,0,0.0,0.0,0.0%,DB,2023
586,587,Marcus Williams,0,0,0.0,0,0,0,0,0,0,0.0,0.0,7.1%,DB,2023
587,588,Adrian Colbert,0,0,0.0,0,0,0,0,0,0,0.0,0.0,0.0%,DB,2023
588,589,John Johnson,0,0,0.0,0,0,0,0,0,1,0.0,0.0,0.0%,DB,2023
589,590,Dee Delaney,0,0,0.0,0,0,0,0,0,0,0.0,0.0,0.0%,DB,2023
590,591,Johnathan Abram,0,0,0.0,0,0,0,0,0,0,0.0,0.0,2.0%,DB,2023
591,592,Amani Oruwariye,0,0,0.0,0,0,0,0,0,0,0.0,0.0,0.2%,DB,2023
592,593,Kris Boyd,0,0,0.0,0,0,0,0,0,0,0.0,0.0,0.0%,DB,2023
593,594,Trayvon Mullen,0,0,0.0,0,0,0,0,0,0,0.0,0.0,0.0%,DB,2023
594,595,Lukas Denis,0,0,0.0,0,0,0,0,0,0,0.0,0.0,0.0%,DB,2023
595,596,Trevon Diggs,0,0,0.0,0,0,0,0,0,0,0.0,0.0,13.9%,DB,2023
596,597,Andre Chachere,0,0,0.0,0,0,0,0,0,1,0.0,0.0,0.7%,DB,2023
597,598,J.T. Gray,0,0,0.0,0,0,0,0,0,1,0.0,0.0,0.4%,DB,2023
598,599,Mike Ford,0,0,0.0,0,0,0,0,0,1,0.0,0.0,0.0%,DB,2023
599,600,Rock Ya-Sin,0,0,0.0,0,0,0,0,0,0,0.0,0.0,0.5%,DB,2023
600,601,Ka'dar Hollman,0,0,0.0,0,0,0,0,0,1,0.0,0.0,0.0%,DB,2023
601,602,Nik Needham,0,0,0.0,0,0,0,0,0,1,0.0,0.0,0.2%,DB,2023
602,603,Corey Ballentine,0,0,0.0,0,0,0,0,0,1,0.0,0.0,0.6%,DB,2023
603,604,Kemon Hall,0,0,0.0,0,0,0,0,0,0,0.0,0.0,0.0%,DB,2023
604,605,Lonnie Johnson,0,0,0.0,0,0,0,0,0,1,0.0,0.0,0.2%,DB,2023
605,606,Darnell Savage,0,0,0.0,0,0,0,0,0,0,0.0,0.0,5.1%,DB,2023
606,607,Sheldrick Redwine,0,0,0.0,0,0,0,0,0,0,0.0,0.0,0.2%,DB,2023
607,608,Greg Stroman,0,0,0.0,0,0,0,0,0,0,0.0,0.0,0.5%,DB,2023
608,609,Elijah Campbell,0,0,0.0,0,0,0,0,0,0,0.0,0.0,0.2%,DB,2023
609,610,Tre Flowers,0,0,0.0,0,0,0,0,0,0,0.0,0.0,0.0%,DB,2023
610,611,Levi Wallace,0,0,0.0,0,0,0,0,0,1,0.0,0.0,2.0%,DB,2023
611,612,Jalen Davis,0,0,0.0,0,0,0,0,0,1,0.0,0.0,0.5%,DB,2023
612,613,Chris Board,0,0,0.0,0,0,0,0,0,0,0.0,0.0,1.5%,DB,2023
613,614,Tarvarius Moore,0,0,0.0,0,0,0,0,0,0,0.0,0.0,0.2%,DB,2023
614,615,George Odum,0,0,0.0,0,0,0,0,0,1,0.0,0.0,0.5%,DB,2023
615,616,M.J. Stewart,0,0,0.0,0,0,0,0,0,1,0.0,0.0,4.0%,DB,2023
616,617,Siran Neal,0,0,0.0,0,0,0,0,0,1,0.0,0.0,0.0%,DB,2023
617,618,Cornell Armstrong,0,0,0.0,0,0,0,0,0,0,0.0,0.0,0.0%,DB,2023
618,619,Parry Nickerson,0,0,0.0,0,0,0,0,0,0,0.0,0.0,0.0%,DB,2023
619,620,Dane Cruikshank,0,0,0.0,0,0,0,0,0,0,0.0,0.0,0.2%,DB,2023
620,621,Tremon Smith,0,0,0.0,0,0,0,0,0,1,0.0,0.0,5.0%,DB,2023
621,622,Avonte Maddox,0,0,0.0,0,0,0,0,0,0,0.0,0.0,2.5%,DB,2023
622,623,Emmanuel Moseley,0,0,0.0,0,0,0,0,0,0,0.0,0.0,1.4%,DB,2023
623,624,Ezekiel Turner,0,0,0.0,0,0,0,0,0,0,0.0,0.0,0.2%,DB,2023
624,625,Jeremy Reaves,0,0,0.0,0,0,0,0,0,0,0.0,0.0,0.2%,DB,2023
625,626,Chris Lammons,0,0,0.0,0,0,0,0,0,1,0.0,0.0,0.0%,DB,2023
626,627,Ronald Darby,0,0,0.0,0,0,0,0,0,0,0.0,0.0,2.3%,DB,2023
627,628,Adrian Amos,0,0,0.0,0,0,0,0,0,1,0.0,0.0,0.2%,DB,2023
628,629,C.J. Goodwin,0,0,0.0,0,0,0,0,0,0,0.0,0.0,0.4%,DB,2023
629,630,DeAndre Houston-Carson,0,0,0.0,0,0,0,0,0,1,0.0,0.0,0.0%,DB,2023
630,631,Matthias Farley,0,0,0.0,0,0,0,0,0,1,0.0,0.0,4.0%,DB,2023
631,632,Anrdre Hal,0,0,0.0,0,0,0,0,0,0,0.0,0.0,0.0%,DB,2023
632,633,Eric Murray,0,0,0.0,0,0,0,0,0,0,0.0,0.0,0.2%,DB,2023
633,634,Deon Bush,0,0,0.0,0,0,0,0,0,0,0.0,0.0,0.0%,DB,2023
634,635,Vonn Bell,0,0,0.0,0,0,0,0,0,0,0.0,0.0,5.5%,DB,2023
635,636,Artie Burns,0,0,0.0,0,0,0,0,0,1,0.0,0.0,0.4%,DB,2023
636,637,Erik Harris,0,0,0.0,0,0,0,0,0,0,0.0,0.0,0.4%,DB,2023
637,638,Derek Slywka,0,0,0.0,0,0,0,0,0,0,0.0,0.0,0.0%,DB,2023
