,Rank,Player,Tackle,Assist,Sack,Pass Defended,Interception,Forced Fumble,Fumble Recovery,Defend Touchdown,Games Played,Fantasy Football Points,FTPS/Game,ROST,Position,Year
0,1,Myles Garrett,7,2,2.0,1,0,2,0,0,1,32.0,32.0,63.7%,DL,2023
1,2,Michael Hoecht,4,3,2.0,0,0,1,0,0,1,25.3,25.3,15.8%,DL,2023
2,3,Chase Young,3,0,2.0,0,0,0,0,0,1,20.0,20.0,10.6%,DL,2023
3,4,Darrell Taylor,1,2,1.5,1,0,1,0,0,1,17.0,17.0,1.1%,DL,2023
4,5,Montez Sweat,3,4,1.0,0,0,0,0,0,1,16.5,16.5,35.2%,DL,2023
5,6,Dexter Lawrence,2,4,2.0,0,0,0,0,0,1,16.5,16.5,12.4%,DL,2023
6,7,Josh Sweat,2,0,2.0,0,0,0,0,0,1,16.0,16.0,14.1%,DL,2023
7,8,Jaelan Phillips,5,2,1.0,0,0,0,0,0,1,15.5,15.5,10.0%,DL,2023
8,9,Daron Payne,2,2,0.0,0,0,1,1,0,1,15.0,15.0,15.4%,DL,2023
9,10,Carl Granderson,5,1,0.0,0,0,0,1,0,1,14.8,14.8,28.7%,DL,2023
10,11,Mike Danna,4,2,1.0,0,0,0,0,0,1,14.0,14.0,5.2%,DL,2023
11,12,Angelo Blackson,5,1,0.0,0,0,0,0,0,1,13.3,13.3,0.2%,DL,2023
12,13,Justin Madubuike,3,0,1.0,0,0,1,0,0,1,12.5,12.5,24.4%,DL,2023
13,14,Kayvon Thibodeaux,1,3,1.5,0,0,0,0,0,1,12.3,12.3,23.3%,DL,2023
14,15,Calais Campbell,1,3,1.0,0,0,1,0,0,1,11.8,11.8,3.1%,DL,2023
15,16,Odafe Oweh,2,1,1.0,0,0,1,0,0,1,11.8,11.8,6.6%,DL,2023
16,17,Maxx Crosby,2,3,1.0,0,0,0,0,0,1,11.8,11.8,69.0%,DL,2023
17,18,Boye Mafe,2,1,1.0,1,0,0,0,0,1,11.8,11.8,8.6%,DL,2023
18,19,Justin Jones,2,1,1.0,1,0,0,0,0,1,11.8,11.8,2.9%,DL,2023
19,20,Haason Reddick,4,0,0.0,0,0,0,0,0,1,11.0,11.0,17.6%,DL,2023
20,21,Dawuane Smoot,2,0,1.0,0,0,1,0,0,1,11.0,11.0,0.4%,DL,2023
21,22,Charles Omenihu,2,0,1.0,1,0,0,0,0,1,11.0,11.0,1.1%,DL,2023
22,23,Larry Ogunjobi,2,2,1.0,0,0,0,0,0,1,11.0,11.0,2.5%,DL,2023
23,24,Tyree Wilson,1,2,1.0,0,0,1,0,0,1,11.0,11.0,7.7%,DL,2023
24,25,Kevin Strong,1,4,0.5,0,0,0,1,0,1,10.5,10.5,0.0%,DL,2023
25,26,David Onyemata,1,3,1.0,0,0,0,0,0,1,10.3,10.3,5.7%,DL,2023
26,27,Jordan Elliott,2,1,1.0,0,0,0,0,0,1,10.3,10.3,0.2%,DL,2023
27,28,Christian Barmore,2,1,1.0,0,0,0,0,0,1,10.3,10.3,15.4%,DL,2023
28,29,Christian Wilkins,2,4,0.0,0,0,0,1,0,1,10.0,10.0,48.1%,DL,2023
29,30,Nick Bosa,5,0,0.0,0,0,0,0,0,1,10.0,10.0,63.2%,DL,2023
30,31,George Karlaftis,1,2,1.0,0,0,0,0,0,1,9.5,9.5,12.7%,DL,2023
31,32,Danielle Hunter,2,0,1.0,0,0,0,0,0,1,9.5,9.5,52.9%,DL,2023
32,33,LaCale London,1,2,0.0,0,0,0,1,0,1,9.5,9.5,0.4%,DL,2023
33,34,Ronnie Perkins,3,0,0.0,0,0,0,0,0,1,9.5,9.5,0.0%,DL,2023
34,35,Leonard Williams,2,0,1.0,0,0,0,0,0,1,9.5,9.5,10.9%,DL,2023
35,36,Jarran Reed,1,1,1.0,0,0,0,0,0,1,8.8,8.8,5.8%,DL,2023
36,37,Isaiah Buggs,4,0,0.0,0,0,0,0,0,1,8.5,8.5,0.2%,DL,2023
37,38,Javon Hargrave,4,0,0.0,0,0,0,0,0,1,8.5,8.5,14.8%,DL,2023
38,39,Aidan Hutchinson,2,2,0.0,0,0,0,1,0,1,8.5,8.5,55.2%,DL,2023
39,40,Nolan Smith,1,0,1.0,0,0,0,0,0,1,8.0,8.0,6.9%,DL,2023
40,41,Montravius Adams,3,1,0.0,0,0,0,0,0,1,7.8,7.8,0.4%,DL,2023
41,42,Malcolm Roach,3,1,0.0,0,0,0,0,0,1,7.8,7.8,0.9%,DL,2023
42,43,DeForest Buckner,3,2,0.0,1,0,0,0,0,1,7.5,7.5,47.2%,DL,2023
43,44,Dean Lowry,1,2,0.0,0,0,0,1,0,1,7.0,7.0,0.6%,DL,2023
44,45,Byron Young,3,0,0.0,0,0,0,0,0,1,7.0,7.0,34.7%,DL,2023
45,46,D.J. Wonnum,2,2,0.0,0,0,0,0,0,1,7.0,7.0,13.9%,DL,2023
46,47,Bilal Nichols,2,2,0.0,0,0,0,0,0,1,7.0,7.0,1.3%,DL,2023
47,48,Dayo Odeyingbo,1,1,0.5,0,0,0,0,0,1,6.8,6.8,1.9%,DL,2023
48,49,Jonathon Cooper,3,3,0.0,0,0,0,0,0,1,6.8,6.8,17.4%,DL,2023
49,50,John Ridgeway,3,3,0.0,0,0,0,0,0,1,6.8,6.8,0.4%,DL,2023
50,51,Kwity Paye,4,1,0.0,0,0,0,0,0,1,6.8,6.8,14.8%,DL,2023
51,52,Jonathan Ledbetter,2,2,0.5,0,0,0,0,0,1,6.5,6.5,1.0%,DL,2023
52,53,Jonathan Allen,2,1,0.0,0,0,0,0,0,1,6.3,6.3,14.8%,DL,2023
53,54,D.J. Jones,2,1,0.0,0,0,0,0,0,1,6.3,6.3,5.0%,DL,2023
54,55,Davon Godchaux,3,2,0.0,0,0,0,0,0,1,6.0,6.0,4.3%,DL,2023
55,56,Jonathan Bullard,2,0,0.0,0,0,0,0,0,1,5.5,5.5,3.3%,DL,2023
56,57,Mario Edwards,2,0,0.0,0,0,0,0,0,1,5.5,5.5,0.0%,DL,2023
57,58,Tyquan Lewis,1,2,0.0,0,0,0,0,0,1,5.5,5.5,0.4%,DL,2023
58,59,Maurice Hurst,1,2,0.0,0,0,0,0,0,1,5.5,5.5,0.2%,DL,2023
59,60,Malcolm Koonce,1,2,0.0,0,0,0,0,0,1,5.5,5.5,3.8%,DL,2023
60,61,Tuli Tuipulotu,2,0,0.0,0,0,0,0,0,1,5.5,5.5,4.4%,DL,2023
61,62,Shelby Harris,3,1,0.0,0,0,0,0,0,1,5.3,5.3,1.1%,DL,2023
62,63,Zach Allen,3,1,0.0,0,0,0,0,0,1,5.3,5.3,10.7%,DL,2023
63,64,Josh Paschal,3,1,0.0,0,0,0,0,0,1,5.3,5.3,1.5%,DL,2023
64,65,Yaya Diaby,0,1,0.0,0,0,0,1,0,1,4.8,4.8,8.9%,DL,2023
65,66,Poona Ford,2,2,0.0,0,0,0,0,0,1,4.5,4.5,0.7%,DL,2023
66,67,Isaac Rochell,2,2,0.0,0,0,0,0,0,1,4.5,4.5,0.0%,DL,2023
67,68,John Jenkins,2,2,0.0,0,0,0,0,0,1,4.5,4.5,1.7%,DL,2023
68,69,Harrison Phillips,2,2,0.0,0,0,0,0,0,1,4.5,4.5,23.5%,DL,2023
69,70,Fletcher Cox,1,1,0.5,0,0,0,0,0,1,4.3,4.3,1.1%,DL,2023
70,71,Jalen Carter,1,0,0.0,0,0,0,0,0,1,4.0,4.0,14.6%,DL,2023
71,72,Kevin Givens,1,0,0.0,0,0,0,0,0,1,4.0,4.0,0.2%,DL,2023
72,73,Clelin Ferrell,1,1,0.0,1,0,0,0,0,1,3.8,3.8,1.7%,DL,2023
73,74,Leki Fotu,2,1,0.0,0,0,0,0,0,1,3.8,3.8,0.4%,DL,2023
74,75,A'Shawn Robinson,2,1,0.0,0,0,0,0,0,1,3.8,3.8,4.5%,DL,2023
75,76,Grady Jarrett,1,1,0.0,1,0,0,0,0,1,3.8,3.8,5.7%,DL,2023
76,77,Dalvin Tomlinson,1,3,0.0,0,0,0,0,0,1,3.8,3.8,2.2%,DL,2023
77,78,Travis Jones,2,1,0.0,0,0,0,0,0,1,3.8,3.8,1.7%,DL,2023
78,79,Colby Wooden,2,1,0.0,0,0,0,0,0,1,3.8,3.8,0.4%,DL,2023
79,80,Tershawn Wharton,1,3,0.0,0,0,0,0,0,1,3.8,3.8,0.4%,DL,2023
80,81,Greg Gaines,1,3,0.0,0,0,0,0,0,1,3.8,3.8,0.4%,DL,2023
81,82,Jordan Davis,0,2,0.5,0,0,0,0,0,1,3.5,3.5,5.4%,DL,2023
82,83,Matt Henningsen,2,0,0.0,0,0,0,0,0,1,3.0,3.0,0.6%,DL,2023
83,84,Nik Bonitto,2,0,0.0,0,0,0,0,0,1,3.0,3.0,1.8%,DL,2023
84,85,Cameron Jordan,0,2,0.0,1,0,0,0,0,1,3.0,3.0,6.1%,DL,2023
85,86,Roy Lopez,0,4,0.0,0,0,0,0,0,1,3.0,3.0,0.0%,DL,2023
86,87,James Smith-Williams,1,2,0.0,0,0,0,0,0,1,3.0,3.0,0.2%,DL,2023
87,88,Deatrich Wise,1,2,0.0,0,0,0,0,0,1,3.0,3.0,3.0%,DL,2023
88,89,Dre'Mont Jones,1,2,0.0,0,0,0,0,0,1,3.0,3.0,4.9%,DL,2023
89,90,Karl Brooks,2,0,0.0,0,0,0,0,0,1,3.0,3.0,0.7%,DL,2023
90,91,Aaron Donald,0,4,0.0,0,0,0,0,0,1,3.0,3.0,11.7%,DL,2023
91,92,Milton Williams,1,2,0.0,0,0,0,0,0,1,3.0,3.0,2.6%,DL,2023
92,93,Vita Vea,2,0,0.0,0,0,0,0,0,1,3.0,3.0,5.6%,DL,2023
93,94,William Gholston,2,0,0.0,0,0,0,0,0,1,3.0,3.0,1.6%,DL,2023
94,95,Kobie Turner,1,2,0.0,0,0,0,0,0,1,3.0,3.0,9.1%,DL,2023
95,96,Michael Pierce,2,0,0.0,0,0,0,0,0,1,3.0,3.0,1.7%,DL,2023
96,97,Adam Gotsis,2,0,0.0,0,0,0,0,0,1,3.0,3.0,1.2%,DL,2023
97,98,Jonathan Harris,2,0,0.0,0,0,0,0,0,1,3.0,3.0,1.0%,DL,2023
98,99,Derick Hall,1,1,0.0,0,0,0,0,0,1,2.3,2.3,0.9%,DL,2023
99,100,Mike Purcell,0,3,0.0,0,0,0,0,0,1,2.3,2.3,0.0%,DL,2023
100,101,Jeremiah Ledbetter,0,3,0.0,0,0,0,0,0,1,2.3,2.3,0.2%,DL,2023
101,102,Roy Robertson-Harris,1,1,0.0,0,0,0,0,0,1,2.3,2.3,1.3%,DL,2023
102,103,Jonah Williams,1,1,0.0,0,0,0,0,0,1,2.3,2.3,0.4%,DL,2023
103,104,Austin Johnson,1,1,0.0,0,0,0,0,0,1,2.3,2.3,3.0%,DL,2023
104,105,Dante Stills,1,1,0.0,0,0,0,0,0,1,2.3,2.3,0.4%,DL,2023
105,106,Devonte Wyatt,1,1,0.0,0,0,0,0,0,1,2.3,2.3,2.2%,DL,2023
106,107,Alim McNeill,1,1,0.0,0,0,0,0,0,1,2.3,2.3,2.9%,DL,2023
107,108,Derrick Nnadi,1,1,0.0,0,0,0,0,0,1,2.3,2.3,0.9%,DL,2023
108,109,Josh Allen,1,1,0.0,0,0,0,0,0,1,2.3,2.3,44.1%,DL,2023
109,110,Ta'Quon Graham,1,1,0.0,0,0,0,0,0,1,2.3,2.3,0.4%,DL,2023
110,111,Foley Fatukasi,1,1,0.0,0,0,0,0,0,1,2.3,2.3,0.4%,DL,2023
111,112,John Cominsky,0,2,0.0,0,0,0,0,0,1,1.5,1.5,1.2%,DL,2023
112,113,Tim Settle,1,0,0.0,0,0,0,0,0,1,1.5,1.5,0.4%,DL,2023
113,114,A.J. Epenesa,0,2,0.0,0,0,0,0,0,1,1.5,1.5,2.9%,DL,2023
114,115,Desjuan Johnson,1,0,0.0,0,0,0,0,0,1,1.5,1.5,0.4%,DL,2023
115,116,T.J. Slaton,1,0,0.0,0,0,0,0,0,1,1.5,1.5,0.9%,DL,2023
116,117,Chris Rumph,1,0,0.0,0,0,0,0,0,1,1.5,1.5,0.4%,DL,2023
117,118,Javon Kinlaw,1,0,0.0,0,0,0,0,0,1,1.5,1.5,1.7%,DL,2023
118,119,Kingsley Enagbare,0,2,0.0,0,0,0,0,0,1,1.5,1.5,0.4%,DL,2023
119,120,Greg Rousseau,1,0,0.0,0,0,0,0,0,1,1.5,1.5,15.0%,DL,2023
120,121,Raekwon Davis,0,2,0.0,0,0,0,0,0,1,1.5,1.5,0.2%,DL,2023
121,122,Jadeveon Clowney,1,0,0.0,0,0,0,0,0,1,1.5,1.5,22.5%,DL,2023
122,123,Jerry Tillery,1,0,0.0,0,0,0,0,0,1,1.5,1.5,0.7%,DL,2023
123,124,Jaquelin Roy,1,0,0.0,0,0,0,0,0,1,1.5,1.5,0.0%,DL,2023
124,125,DeMarvin Leal,0,2,0.0,0,0,0,0,0,1,1.5,1.5,0.2%,DL,2023
125,126,Cory Durden,1,0,0.0,0,0,0,0,0,1,1.5,1.5,0.2%,DL,2023
126,127,Arnold Ebiketie,1,0,0.0,0,0,0,0,0,1,1.5,1.5,1.8%,DL,2023
127,128,Nathan Shepherd,1,0,0.0,0,0,0,0,0,1,1.5,1.5,2.0%,DL,2023
128,129,Tyler Lacy,1,0,0.0,0,0,0,0,0,1,1.5,1.5,0.0%,DL,2023
129,130,Jordan Phillips,0,0,0.0,1,0,0,0,0,1,1.5,1.5,0.9%,DL,2023
130,131,Tavius Robinson,1,0,0.0,0,0,0,0,0,1,1.5,1.5,0.4%,DL,2023
131,132,Cameron Thomas,0,2,0.0,0,0,0,0,0,1,1.5,1.5,0.2%,DL,2023
132,133,Zach Sieler,1,0,0.0,0,0,0,0,0,1,1.5,1.5,27.9%,DL,2023
133,134,Bryan Bresee,0,0,0.0,1,0,0,0,0,1,1.5,1.5,3.5%,DL,2023
134,135,Joey Bosa,1,0,0.0,0,0,0,0,0,1,1.5,1.5,16.7%,DL,2023
135,136,Adam Butler,0,0,0.0,1,0,0,0,0,1,1.5,1.5,0.7%,DL,2023
136,137,Scott Matlock,1,0,0.0,0,0,0,0,0,1,1.5,1.5,0.4%,DL,2023
137,138,Khalen Saunders,1,0,0.0,0,0,0,0,0,1,1.5,1.5,1.3%,DL,2023
138,139,Eric Johnson,0,1,0.0,0,0,0,0,0,1,0.8,0.8,0.0%,DL,2023
139,140,Calijah Kancey,0,1,0.0,0,0,0,0,0,1,0.8,0.8,7.8%,DL,2023
140,141,Travon Walker,0,1,0.0,0,0,0,0,0,1,0.8,0.8,11.9%,DL,2023
141,142,Yannick Ngakoue,0,1,0.0,0,0,0,0,0,1,0.8,0.8,1.7%,DL,2023
142,143,Shaq Lawson,0,1,0.0,0,0,0,0,0,1,0.8,0.8,0.0%,DL,2023
143,144,Earnest Brown,0,1,0.0,0,0,0,0,0,1,0.8,0.8,0.0%,DL,2023
144,145,Broderick Washington,0,1,0.0,0,0,0,0,0,1,0.8,0.8,0.2%,DL,2023
145,146,Gervon Dexter,0,1,0.0,0,0,0,0,0,1,0.8,0.8,1.7%,DL,2023
146,147,Felix Anudike-Uzomah,0,1,0.0,0,0,0,0,0,1,0.8,0.8,1.6%,DL,2023
147,148,Rasheem Green,0,1,0.0,0,0,0,0,0,1,0.8,0.8,6.0%,DL,2023
148,149,Zacch Pickens,0,1,0.0,0,0,0,0,0,1,0.8,0.8,1.7%,DL,2023
149,150,BJ Ojulari,0,1,0.0,0,0,0,0,0,1,0.8,0.8,2.6%,DL,2023
150,151,Lawrence Guy,0,1,0.0,0,0,0,0,0,1,0.8,0.8,4.0%,DL,2023
151,152,Domenique Davis,0,0,0.0,0,0,0,0,0,0,0.0,0.0,0.0%,DL,2023
152,153,Micah Parsons,0,0,0.0,0,0,0,0,0,0,0.0,0.0,77.7%,DL,2023
153,154,Bill Murray,0,0,0.0,0,0,0,0,0,0,0.0,0.0,0.0%,DL,2023
154,155,Cam Gill,0,0,0.0,0,0,0,0,0,1,0.0,0.0,0.0%,DL,2023
155,156,Teair Tart,0,0,0.0,0,0,0,0,0,0,0.0,0.0,0.2%,DL,2023
156,157,Myles Adams,0,0,0.0,0,0,0,0,0,1,0.0,0.0,0.0%,DL,2023
157,158,Niko Lalos,0,0,0.0,0,0,0,0,0,0,0.0,0.0,0.0%,DL,2023
158,159,Willington Previlon,0,0,0.0,0,0,0,0,0,0,0.0,0.0,0.0%,DL,2023
159,160,Chris Williams,0,0,0.0,0,0,0,0,0,0,0.0,0.0,0.0%,DL,2023
160,161,Kameron Cline,0,0,0.0,0,0,0,0,0,0,0.0,0.0,0.0%,DL,2023
161,162,Eric Banks,0,0,0.0,0,0,0,0,0,0,0.0,0.0,0.0%,DL,2023
162,163,T.J. Smith,0,0,0.0,0,0,0,0,0,0,0.0,0.0,0.0%,DL,2023
163,164,McTelvin Agim,0,0,0.0,0,0,0,0,0,0,0.0,0.0,0.0%,DL,2023
164,165,Marlon Davidson,0,0,0.0,0,0,0,0,0,0,0.0,0.0,0.0%,DL,2023
165,166,Trevis Gipson,0,0,0.0,0,0,0,0,0,0,0.0,0.0,1.1%,DL,2023
166,167,Larrell Murchison,0,0,0.0,0,0,0,0,0,0,0.0,0.0,0.4%,DL,2023
167,168,Bradlee Anae,0,0,0.0,0,0,0,0,0,0,0.0,0.0,0.0%,DL,2023
168,169,Alex Highsmith,2,0,0.0,0,0,0,0,0,1,0.0,0.0,25.4%,DL,2023
169,170,James Lynch,0,0,0.0,0,0,0,0,0,0,0.0,0.0,1.0%,DL,2023
170,171,Khalid Kareem,0,0,0.0,0,0,0,0,0,0,0.0,0.0,0.0%,DL,2023
171,172,Benito Jones,0,0,0.0,0,0,0,0,0,1,0.0,0.0,0.2%,DL,2023
172,173,Malik Harrison,1,0,0.0,0,0,0,0,0,1,0.0,0.0,7.0%,DL,2023
173,174,Anfernee Jennings,5,1,0.0,0,0,0,0,0,1,0.0,0.0,4.9%,DL,2023
174,175,Benning Potoa'e,0,0,0.0,0,0,0,0,0,0,0.0,0.0,0.0%,DL,2023
175,176,Yetur Gross-Matos,0,0,0.0,0,0,0,0,0,0,0.0,0.0,1.1%,DL,2023
176,177,Isaiah Mack,0,0,0.0,0,0,0,0,0,0,0.0,0.0,0.0%,DL,2023
177,178,Derrick Brown,0,0,0.0,0,0,0,0,0,0,0.0,0.0,39.8%,DL,2023
178,179,Julian Okwara,0,0,0.0,0,0,0,0,0,1,0.0,0.0,0.0%,DL,2023
179,180,Jonathan Greenard,0,0,0.0,0,0,0,0,0,0,0.0,0.0,29.2%,DL,2023
180,181,Neville Gallimore,0,0,0.0,0,0,0,0,0,0,0.0,0.0,0.6%,DL,2023
181,182,K'Lavon Chaisson,0,0,0.0,0,0,0,0,0,1,0.0,0.0,1.3%,DL,2023
182,183,Terrell Lewis,0,0,0.0,0,0,0,0,0,0,0.0,0.0,3.0%,DL,2023
183,184,Joshua Uche,0,0,0.0,0,0,0,0,0,0,0.0,0.0,0.9%,DL,2023
184,185,DaVon Hamilton,0,0,0.0,0,0,0,0,0,0,0.0,0.0,0.7%,DL,2023
185,186,Carlo Kemp,0,0,0.0,0,0,0,0,0,0,0.0,0.0,0.0%,DL,2023
186,187,Janarius Robinson,0,0,0.0,0,0,0,0,0,0,0.0,0.0,0.2%,DL,2023
187,188,Tomon Fox,0,0,0.0,0,0,0,0,0,0,0.0,0.0,0.0%,DL,2023
188,189,Breiden Fehoko,0,0,0.0,0,0,0,0,0,0,0.0,0.0,0.0%,DL,2023
189,190,Bryce Huff,0,0,0.0,0,0,0,0,0,0,0.0,0.0,4.4%,DL,2023
190,191,Casey Toohill,0,1,0.0,0,0,0,0,0,1,0.0,0.0,0.7%,DL,2023
191,192,Khalil Davis,0,0,0.0,0,0,0,0,0,0,0.0,0.0,1.3%,DL,2023
192,193,Jay Tufele,0,0,0.0,0,0,0,0,0,0,0.0,0.0,0.0%,DL,2023
193,194,William Bradley-King,0,0,0.0,0,0,0,0,0,0,0.0,0.0,0.0%,DL,2023
194,195,Brodric Martin,0,0,0.0,0,0,0,0,0,0,0.0,0.0,0.0%,DL,2023
195,196,Isaiah McGuire,0,0,0.0,0,0,0,0,0,0,0.0,0.0,0.0%,DL,2023
196,197,Keeanu Benton,0,0,0.0,0,0,0,0,0,1,0.0,0.0,2.0%,DL,2023
197,198,Keondre Coburn,0,0,0.0,0,0,0,0,0,0,0.0,0.0,0.2%,DL,2023
198,199,Moro Ojomo,0,0,0.0,0,0,0,0,0,0,0.0,0.0,0.0%,DL,2023
199,200,Nick Herbig,2,0,1.0,0,0,0,0,0,1,0.0,0.0,3.5%,DL,2023
200,201,Travis Bell,0,0,0.0,0,0,0,0,0,0,0.0,0.0,0.0%,DL,2023
201,202,Viliami Fehoko,0,0,0.0,0,0,0,0,0,0,0.0,0.0,0.2%,DL,2023
202,203,Dylan Horton,0,0,0.0,0,0,0,0,0,0,0.0,0.0,0.2%,DL,2023
203,204,Lukas Van,0,0,0.0,0,0,0,0,0,1,0.0,0.0,5.7%,DL,2023
204,205,Titus Leo,0,0,0.0,0,0,0,0,0,1,0.0,0.0,0.0%,DL,2023
205,206,BJ Thompson,0,0,0.0,0,0,0,0,0,0,0.0,0.0,0.0%,DL,2023
206,207,Jordon Riley,0,0,0.0,0,0,0,0,0,0,0.0,0.0,0.0%,DL,2023
207,208,Nesta Jade,0,0,0.0,0,0,0,0,0,0,0.0,0.0,0.0%,DL,2023
208,209,Keion White,0,0,0.0,0,0,0,0,0,0,0.0,0.0,2.0%,DL,2023
209,210,Jeremiah Pharms,0,0,0.0,0,0,0,0,0,0,0.0,0.0,0.2%,DL,2023
210,211,Will McDonald,0,0,0.0,0,0,0,0,0,0,0.0,0.0,4.6%,DL,2023
211,212,Jalen McKenzie,0,0,0.0,0,0,0,0,0,0,0.0,0.0,0.0%,DL,2023
212,213,Jared Verse,0,0,0.0,0,0,0,0,0,0,0.0,0.0,14.6%,DL,2023
213,214,Bralen Trice,0,0,0.0,0,0,0,0,0,0,0.0,0.0,1.6%,DL,2023
214,215,Adetomiwa Adebawore,0,0,0.0,0,0,0,0,0,1,0.0,0.0,0.1%,DL,2023
215,216,Mazi Smith,0,0,0.0,0,0,0,0,0,0,0.0,0.0,2.2%,DL,2023
216,217,Andrew Farmer,0,0,0.0,0,0,0,0,0,0,0.0,0.0,0.2%,DL,2023
217,218,Truman Jones,0,0,0.0,0,0,0,0,0,0,0.0,0.0,0.0%,DL,2023
218,219,Jalen Redmond,0,0,0.0,0,0,0,0,0,0,0.0,0.0,0.0%,DL,2023
219,220,Eku Leota,0,0,0.0,0,0,0,0,0,0,0.0,0.0,0.0%,DL,2023
220,221,Chris Smith,0,0,0.0,0,0,0,0,0,0,0.0,0.0,0.0%,DL,2023
221,222,CJ Okoye,0,0,0.0,0,0,0,0,0,0,0.0,0.0,0.0%,DL,2023
222,223,Brandon Pili,0,0,0.0,0,0,0,0,0,0,0.0,0.0,0.0%,DL,2023
223,224,Jalen Harris,0,0,0.0,0,0,0,0,0,0,0.0,0.0,0.0%,DL,2023
224,225,Junior Aho,0,0,0.0,0,0,0,0,0,0,0.0,0.0,0.0%,DL,2023
225,226,Spencer Waege,0,0,0.0,0,0,0,0,0,0,0.0,0.0,0.0%,DL,2023
226,227,Cameron Young,0,0,0.0,0,0,0,0,0,1,0.0,0.0,0.0%,DL,2023
227,228,Jose Ramirez,0,0,0.0,0,0,0,0,0,0,0.0,0.0,0.2%,DL,2023
228,229,Shakel Brown,0,0,0.0,0,0,0,0,0,0,0.0,0.0,0.0%,DL,2023
229,230,TK McLendon,0,0,0.0,0,0,0,0,0,0,0.0,0.0,0.2%,DL,2023
230,231,Caleb Murphy,0,0,0.0,0,0,0,0,0,0,0.0,0.0,2.0%,DL,2023
231,232,Andre Jones,0,0,0.0,0,0,0,0,0,0,0.0,0.0,0.2%,DL,2023
232,233,Jacob Slade,0,0,0.0,0,0,0,0,0,0,0.0,0.0,0.0%,DL,2023
233,234,David Agoha,0,0,0.0,0,0,0,0,0,0,0.0,0.0,0.0%,DL,2023
234,235,Keshawn Banks,0,0,0.0,0,0,0,0,0,0,0.0,0.0,0.2%,DL,2023
235,236,Kadeem Telfort,0,0,0.0,0,0,0,0,0,0,0.0,0.0,0.0%,DL,2023
236,237,Devonnsha Maxwell,0,0,0.0,0,0,0,0,0,0,0.0,0.0,0.0%,DL,2023
237,238,Kenneth Odumegwu,0,0,0.0,0,0,0,0,0,1,0.0,0.0,0.0%,DL,2023
238,239,Troy Hairston,0,0,0.0,0,0,0,0,0,0,0.0,0.0,0.0%,DL,2023
239,240,Dylan Cook,0,0,0.0,0,0,0,0,0,0,0.0,0.0,0.0%,DL,2023
240,241,Mike Greene,0,0,0.0,0,0,0,0,0,1,0.0,0.0,0.0%,DL,2023
241,242,Prince Emili,0,0,0.0,0,0,0,0,0,0,0.0,0.0,0.0%,DL,2023
242,243,C.J. Brewer,0,0,0.0,0,0,0,0,0,0,0.0,0.0,0.0%,DL,2023
243,244,Robert Beal,0,0,0.0,0,0,0,0,0,0,0.0,0.0,0.4%,DL,2023
244,245,Siaki Ika,0,0,0.0,0,0,0,0,0,0,0.0,0.0,0.0%,DL,2023
245,246,Joshua Onujiogu,0,0,0.0,0,0,0,0,0,0,0.0,0.0,0.0%,DL,2023
246,247,Matt Gotel,0,0,0.0,0,0,0,0,0,0,0.0,0.0,0.0%,DL,2023
247,248,Vi Jones,0,0,0.0,0,0,0,0,0,0,0.0,0.0,0.0%,DL,2023
248,249,Elijah Garcia,0,0,0.0,0,0,0,0,0,0,0.0,0.0,0.0%,DL,2023
249,250,Benton Whitley,0,0,0.0,0,0,0,0,0,0,0.0,0.0,0.0%,DL,2023
250,251,Keir Thomas,0,0,0.0,0,0,0,0,0,0,0.0,0.0,0.0%,DL,2023
251,252,Sebastian Gutierrez,0,0,0.0,0,0,0,0,0,0,0.0,0.0,0.0%,DL,2023
252,253,Kingsley Jonathan,0,0,0.0,0,0,0,0,0,1,0.0,0.0,0.2%,DL,2023
253,254,Markees Watts,0,0,0.0,0,0,0,0,0,0,0.0,0.0,0.2%,DL,2023
254,255,Richard Jibunor,0,0,0.0,0,0,0,0,0,0,0.0,0.0,0.0%,DL,2023
255,256,Anim Dankwah,0,0,0.0,0,0,0,0,0,0,0.0,0.0,0.0%,DL,2023
256,257,Judge Culpepper,0,0,0.0,0,0,0,0,0,0,0.0,0.0,0.0%,DL,2023
257,258,Devere Levelston,0,0,0.0,0,0,0,0,0,0,0.0,0.0,0.0%,DL,2023
258,259,Jamree Kromah,0,0,0.0,0,0,0,0,0,0,0.0,0.0,0.0%,DL,2023
259,260,Sunny Anderson,0,0,0.0,0,0,0,0,0,0,0.0,0.0,0.0%,DL,2023
260,261,Carl Jones,0,0,0.0,0,0,0,0,0,0,0.0,0.0,0.0%,DL,2023
261,262,Gottlieb Ayedze,0,0,0.0,0,0,0,0,0,0,0.0,0.0,0.0%,DL,2023
262,263,Casey Rogers,0,0,0.0,0,0,0,0,0,0,0.0,0.0,0.0%,DL,2023
263,264,Branson Deen,0,0,0.0,0,0,0,0,0,0,0.0,0.0,0.0%,DL,2023
264,265,Brandon Matterson,0,0,0.0,0,0,0,0,0,0,0.0,0.0,0.0%,DL,2023
265,266,Ovie Oghoufo,0,0,0.0,0,0,0,0,0,0,0.0,0.0,0.0%,DL,2023
266,267,Jaylon Allen,0,0,0.0,0,0,0,0,0,0,0.0,0.0,0.0%,DL,2023
267,268,John Morgan,0,0,0.0,0,0,0,0,0,0,0.0,0.0,0.0%,DL,2023
268,269,Isaac Ukwu,0,0,0.0,0,0,0,0,0,0,0.0,0.0,0.0%,DL,2023
269,270,Nate Lynn,0,0,0.0,0,0,0,0,0,0,0.0,0.0,0.0%,DL,2023
270,271,Anthony Goodlow,0,0,0.0,0,0,0,0,0,0,0.0,0.0,0.0%,DL,2023
271,272,Taylor Upshaw,0,0,0.0,0,0,0,0,0,0,0.0,0.0,0.0%,DL,2023
272,273,Tuli Letuligasenoa,0,0,0.0,0,0,0,0,0,0,0.0,0.0,0.0%,DL,2023
273,274,Bo Richter,0,0,0.0,0,0,0,0,0,0,0.0,0.0,0.0%,DL,2023
274,275,Ron Stone,0,0,0.0,0,0,0,0,0,0,0.0,0.0,0.0%,DL,2023
275,276,Micheal Mason,0,0,0.0,0,0,0,0,0,0,0.0,0.0,0.0%,DL,2023
276,277,Tre'Mon Morris-Brash,0,0,0.0,0,0,0,0,0,0,0.0,0.0,0.0%,DL,2023
277,278,Kyler Baugh,0,0,0.0,0,0,0,0,0,0,0.0,0.0,0.0%,DL,2023
278,279,Evan Anderson,0,0,0.0,0,0,0,0,0,0,0.0,0.0,0.0%,DL,2023
279,280,Owen Porter,0,0,0.0,0,0,0,0,0,0,0.0,0.0,0.0%,DL,2023
280,281,Tyler Manoa,0,0,0.0,0,0,0,0,0,0,0.0,0.0,0.0%,DL,2023
281,282,Taki Taimani,0,0,0.0,0,0,0,0,0,0,0.0,0.0,0.0%,DL,2023
282,283,Norell Pollard,0,0,0.0,0,0,0,0,0,0,0.0,0.0,0.0%,DL,2023
283,284,Myles Murphy,0,0,0.0,0,0,0,0,0,0,0.0,0.0,0.0%,DL,2023
284,285,Brian Dooley,0,0,0.0,0,0,0,0,0,0,0.0,0.0,0.0%,DL,2023
285,286,Tremel Walthor,0,0,0.0,0,0,0,0,0,0,0.0,0.0,0.0%,DL,2023
286,287,Isaiah Iton,0,0,0.0,0,0,0,0,0,0,0.0,0.0,0.0%,DL,2023
287,288,Joe Evans,0,0,0.0,0,0,0,0,0,0,0.0,0.0,0.0%,DL,2023
288,289,Daniel Grzesiak,0,0,0.0,0,0,0,0,0,0,0.0,0.0,0.0%,DL,2023
289,290,James Ester,0,0,0.0,0,0,0,0,0,0,0.0,0.0,0.0%,DL,2023
290,291,Rodney Mathews,0,0,0.0,0,0,0,0,0,0,0.0,0.0,0.0%,DL,2023
291,292,Tomari Fox,0,0,0.0,0,0,0,0,0,0,0.0,0.0,0.0%,DL,2023
292,293,David Ugwoegbu,0,0,0.0,0,0,0,0,0,0,0.0,0.0,0.0%,DL,2023
293,294,Daymond Williams,0,0,0.0,0,0,0,0,0,0,0.0,0.0,0.0%,DL,2023
294,295,Kyon Barrs,0,0,0.0,0,0,0,0,0,0,0.0,0.0,0.0%,DL,2023
295,296,Jordan Strachan,0,0,0.0,0,0,0,0,0,0,0.0,0.0,0.0%,DL,2023
296,297,Jett Stanley,0,0,0.0,0,0,0,0,0,0,0.0,0.0,0.0%,DL,2023
297,298,Johnny Hudson,0,0,0.0,0,0,0,0,0,0,0.0,0.0,0.0%,DL,2023
298,299,Trajan Jeffcoat,0,0,0.0,0,0,0,0,0,0,0.0,0.0,0.0%,DL,2023
299,300,Rondell Bothroyd,0,0,0.0,0,0,0,0,0,0,0.0,0.0,0.0%,DL,2023
300,301,Mayan Ahanotu,0,0,0.0,0,0,0,0,0,0,0.0,0.0,0.0%,DL,2023
301,302,Leonard Payne,0,0,0.0,0,0,0,0,0,0,0.0,0.0,0.0%,DL,2023
302,303,Shaun Peterson,0,0,0.0,0,0,0,0,0,0,0.0,0.0,0.0%,DL,2023
303,304,Mike Thompson,0,0,0.0,0,0,0,0,0,0,0.0,0.0,0.0%,DL,2023
304,305,Dashaun Mallory,0,0,0.0,0,0,0,0,0,0,0.0,0.0,0.0%,DL,2023
305,306,Nathan Pickering,0,0,0.0,0,0,0,0,0,0,0.0,0.0,0.0%,DL,2023
306,307,Gable Steveson,0,0,0.0,0,0,0,0,0,0,0.0,0.0,0.0%,DL,2023
307,308,Dondrea Tillman,0,0,0.0,0,0,0,0,0,0,0.0,0.0,0.0%,DL,2023
308,309,Elijah Chatman,0,0,0.0,0,0,0,0,0,0,0.0,0.0,0.0%,DL,2023
309,310,Malik Langham,0,0,0.0,0,0,0,0,0,0,0.0,0.0,0.0%,DL,2023
310,311,Isaiah Coe,0,0,0.0,0,0,0,0,0,0,0.0,0.0,0.0%,DL,2023
311,312,Buddha Jones,0,0,0.0,0,0,0,0,0,0,0.0,0.0,0.0%,DL,2023
312,313,Pheldarius Payne,0,0,0.0,0,0,0,0,0,0,0.0,0.0,0.0%,DL,2023
313,314,Fabien Lovett,0,0,0.0,0,0,0,0,0,0,0.0,0.0,0.0%,DL,2023
314,315,Justin Blazek,0,0,0.0,0,0,0,0,0,0,0.0,0.0,0.0%,DL,2023
315,316,Mario Kendricks,0,0,0.0,0,0,0,0,0,0,0.0,0.0,0.0%,DL,2023
316,317,Denzel Daxon,0,0,0.0,0,0,0,0,0,0,0.0,0.0,0.0%,DL,2023
317,318,David Olajiga,0,0,0.0,0,0,0,0,0,0,0.0,0.0,0.0%,DL,2023
318,319,Laekin Vakalahi,0,0,0.0,0,0,0,0,0,0,0.0,0.0,0.0%,DL,2023
319,320,Philip Ossai,0,0,0.0,0,0,0,0,0,0,0.0,0.0,0.0%,DL,2023
320,321,Nelson Paul,0,0,0.0,0,0,0,0,0,0,0.0,0.0,0.0%,DL,2023
321,322,Devin Phillips,0,0,0.0,0,0,0,0,0,0,0.0,0.0,0.0%,DL,2023
322,323,C.J. Ravenell,0,0,0.0,0,0,0,0,0,0,0.0,0.0,0.0%,DL,2023
323,324,Roje Stona,0,0,0.0,0,0,0,0,0,0,0.0,0.0,0.0%,DL,2023
324,325,Chance Main,0,0,0.0,0,0,0,0,0,0,0.0,0.0,0.0%,DL,2023
325,326,Savion Jackson,0,0,0.0,0,0,0,0,0,0,0.0,0.0,0.0%,DL,2023
326,327,Julius Welschof,0,0,0.0,0,0,0,0,0,0,0.0,0.0,0.0%,DL,2023
327,328,Thomas Incoom,0,0,0.0,0,0,0,0,0,0,0.0,0.0,0.4%,DL,2023
328,329,Chop Robinson,0,0,0.0,0,0,0,0,0,0,0.0,0.0,10.9%,DL,2023
329,330,Leonard Taylor,0,0,0.0,0,0,0,0,0,0,0.0,0.0,0.0%,DL,2023
330,331,Michael Hall,0,0,0.0,0,0,0,0,0,0,0.0,0.0,0.9%,DL,2023
331,332,McKinnley Jackson,0,0,0.0,0,0,0,0,0,0,0.0,0.0,0.4%,DL,2023
332,333,Maason Smith,0,0,0.0,0,0,0,0,0,0,0.0,0.0,0.4%,DL,2023
333,334,Mekhi Wingo,0,0,0.0,0,0,0,0,0,0,0.0,0.0,0.0%,DL,2023
334,335,Laiatu Latu,0,0,0.0,0,0,0,0,0,0,0.0,0.0,17.7%,DL,2023
335,336,Javon Solomon,0,0,0.0,0,0,0,0,0,0,0.0,0.0,0.0%,DL,2023
336,337,Darius Robinson,0,0,0.0,0,0,0,0,0,0,0.0,0.0,5.6%,DL,2023
337,338,Keith Randolph,0,0,0.0,0,0,0,0,0,0,0.0,0.0,0.0%,DL,2023
338,339,Brandon Dorlus,0,0,0.0,0,0,0,0,0,0,0.0,0.0,0.0%,DL,2023
339,340,Chris Braswell,0,0,0.0,0,0,0,0,0,0,0.0,0.0,2.2%,DL,2023
340,341,Braden Fiske,0,0,0.0,0,0,0,0,0,0,0.0,0.0,3.4%,DL,2023
341,342,T'Vondre Sweat,0,0,0.0,0,0,0,0,0,0,0.0,0.0,2.6%,DL,2023
342,343,Dallas Turner,0,0,0.0,0,0,0,0,0,0,0.0,0.0,16.8%,DL,2023
343,344,Jer'Zhan Newton,0,0,0.0,0,0,0,0,0,0,0.0,0.0,3.0%,DL,2023
344,345,Demontrey Jacobs,0,0,0.0,0,0,0,0,0,0,0.0,0.0,0.0%,DL,2023
345,346,Alex Palczewski,0,0,0.0,0,0,0,0,0,0,0.0,0.0,0.0%,DL,2023
346,347,Kilian Zierer,0,0,0.0,0,0,0,0,0,0,0.0,0.0,0.0%,DL,2023
347,348,Durrell Johnson,0,0,0.0,0,0,0,0,0,0,0.0,0.0,0.0%,DL,2023
348,349,Tyrus Wheat,0,0,0.0,0,0,0,0,0,0,0.0,0.0,0.0%,DL,2023
349,350,Isaiah Land,0,0,0.0,0,0,0,0,0,0,0.0,0.0,0.0%,DL,2023
350,351,Kris Jenkins,0,0,0.0,0,0,0,0,0,0,0.0,0.0,1.9%,DL,2023
351,352,TJ Franklin,0,0,0.0,0,0,0,0,0,0,0.0,0.0,0.0%,DL,2023
352,353,Zion Logue,0,0,0.0,0,0,0,0,0,0,0.0,0.0,0.0%,DL,2023
353,354,Gabe Hall,0,0,0.0,0,0,0,0,0,0,0.0,0.0,0.0%,DL,2023
354,355,Jordan Jefferson,0,0,0.0,0,0,0,0,0,0,0.0,0.0,0.0%,DL,2023
355,356,Marcus Harris,0,0,0.0,0,0,0,0,0,0,0.0,0.0,0.0%,DL,2023
356,357,Justin Rogers,0,0,0.0,0,0,0,0,0,0,0.0,0.0,0.0%,DL,2023
357,358,Mike Hall,0,0,0.0,0,0,0,0,0,0,0.0,0.0,0.0%,DL,2023
358,359,Logan Lee,0,0,0.0,0,0,0,0,0,0,0.0,0.0,0.0%,DL,2023
359,360,Khristian Boyd,0,0,0.0,0,0,0,0,0,0,0.0,0.0,0.0%,DL,2023
360,361,Jowon Briggs,0,0,0.0,0,0,0,0,0,0,0.0,0.0,0.0%,DL,2023
361,362,Jonah Laulu,0,0,0.0,0,0,0,0,0,0,0.0,0.0,0.0%,DL,2023
362,363,Javontae Jean-Baptiste,0,0,0.0,0,0,0,0,0,0,0.0,0.0,0.0%,DL,2023
363,364,Jaylen Harrell,0,0,0.0,0,0,0,0,0,0,0.0,0.0,0.2%,DL,2023
364,365,Solomon Byrd,0,0,0.0,0,0,0,0,0,0,0.0,0.0,0.0%,DL,2023
365,366,Levi Drake,0,0,0.0,0,0,0,0,0,0,0.0,0.0,0.0%,DL,2023
366,367,Noah Shannon,0,0,0.0,0,0,0,0,0,0,0.0,0.0,0.0%,DL,2023
367,368,Byron Murphy,0,0,0.0,0,0,0,0,0,0,0.0,0.0,8.6%,DL,2023
368,369,Lwal Uguak,0,0,0.0,0,0,0,0,0,0,0.0,0.0,0.0%,DL,2023
369,370,Ruke Orhorhoro,0,0,0.0,0,0,0,0,0,0,0.0,0.0,1.3%,DL,2023
370,371,DeWayne Carter,0,0,0.0,0,0,0,0,0,0,0.0,0.0,0.2%,DL,2023
371,372,Andre Carter,0,0,0.0,0,0,0,0,0,0,0.0,0.0,0.2%,DL,2023
372,373,Pat Jones,0,0,0.0,0,0,0,0,0,1,0.0,0.0,0.4%,DL,2023
373,374,Quinton Bohanna,0,0,0.0,0,0,0,0,0,0,0.0,0.0,0.0%,DL,2023
374,375,Phil Hoskins,0,0,0.0,0,0,0,0,0,0,0.0,0.0,0.0%,DL,2023
375,376,Sam Kamara,0,0,0.0,0,0,0,0,0,0,0.0,0.0,2.0%,DL,2023
376,377,Boogie Basham,0,0,0.0,0,0,0,0,0,1,0.0,0.0,0.0%,DL,2023
377,378,Isaiahh Loudermilk,0,0,0.0,0,0,0,0,0,0,0.0,0.0,0.4%,DL,2023
378,379,Jack Heflin,0,0,0.0,0,0,0,0,0,0,0.0,0.0,0.2%,DL,2023
379,380,Michael Dwumfour,0,0,0.0,0,0,0,0,0,0,0.0,0.0,1.0%,DL,2023
380,381,Christian Elliss,0,0,0.0,0,0,0,0,0,1,0.0,0.0,1.1%,DL,2023
381,382,Chauncey Golston,0,0,0.0,0,0,0,0,0,0,0.0,0.0,0.7%,DL,2023
382,383,Elerson Smith,0,0,0.0,0,0,0,0,0,0,0.0,0.0,0.0%,DL,2023
383,384,Patrick Johnson,0,0,0.0,0,0,0,0,0,0,0.0,0.0,0.0%,DL,2023
384,385,Jeremiah Moon,0,0,0.0,0,0,0,0,0,0,0.0,0.0,0.0%,DL,2023
385,386,Tommy Togiai,0,0,0.0,0,0,0,0,0,0,0.0,0.0,0.0%,DL,2023
386,387,Payton Turner,0,0,0.0,0,0,0,0,0,0,0.0,0.0,0.2%,DL,2023
387,388,Cam Sample,0,0,0.0,0,0,0,0,0,0,0.0,0.0,0.5%,DL,2023
388,389,Osa Odighizuwa,0,0,0.0,0,0,0,0,0,0,0.0,0.0,6.1%,DL,2023
389,390,Tarron Jackson,0,0,0.0,0,0,0,0,0,0,0.0,0.0,0.0%,DL,2023
390,391,Jonathan Marshall,0,0,0.0,0,0,0,0,0,0,0.0,0.0,0.0%,DL,2023
391,392,Naquan Jones,0,0,0.0,0,0,0,0,0,0,0.0,0.0,0.0%,DL,2023
392,393,Marlon Tuipulotu,0,0,0.0,0,0,0,0,0,1,0.0,0.0,0.2%,DL,2023
393,394,Bobby Brown,0,0,0.0,0,0,0,0,0,0,0.0,0.0,0.9%,DL,2023
394,395,Malik Herring,0,0,0.0,0,0,0,0,0,0,0.0,0.0,0.2%,DL,2023
395,396,Xavier Thomas,0,0,0.0,0,0,0,0,0,0,0.0,0.0,0.0%,DL,2023
396,397,Zach Harrison,0,0,0.0,0,0,0,0,0,1,0.0,0.0,1.6%,DL,2023
397,398,Rashad Weaver,0,0,0.0,0,0,0,0,0,0,0.0,0.0,0.5%,DL,2023
398,399,Khyiris Tonga,0,0,0.0,0,0,0,0,0,1,0.0,0.0,0.0%,DL,2023
399,400,Joe Tryon-Shoyinka,4,2,0.0,0,0,0,0,0,1,0.0,0.0,2.4%,DL,2023
400,401,Levi Onwuzurike,0,0,0.0,0,0,0,0,0,0,0.0,0.0,0.4%,DL,2023
401,402,Joseph Ossai,0,0,0.0,0,0,0,0,0,0,0.0,0.0,0.7%,DL,2023
402,403,Marvin Wilson,0,0,0.0,0,0,0,0,0,0,0.0,0.0,0.0%,DL,2023
403,404,Zaven Collins,1,1,1.0,0,0,0,0,0,1,0.0,0.0,6.1%,DL,2023
404,405,Jaylen Twyman,0,0,0.0,0,0,0,0,0,0,0.0,0.0,0.0%,DL,2023
405,406,Baron Browning,0,1,0.0,1,0,0,0,0,1,0.0,0.0,6.0%,DL,2023
406,407,Azeez Ojulari,0,0,0.0,0,0,0,0,0,0,0.0,0.0,2.2%,DL,2023
407,408,Victor Dimukeje,0,0,0.0,0,0,0,0,0,1,0.0,0.0,0.7%,DL,2023
408,409,Brenton Cox,0,0,0.0,0,0,0,0,0,1,0.0,0.0,0.0%,DL,2023
409,410,Charles Snowden,0,0,0.0,0,0,0,0,0,0,0.0,0.0,0.0%,DL,2023
410,411,Will Anderson,0,0,0.0,0,0,0,0,0,0,0.0,0.0,20.5%,DL,2023
411,412,Jesse Luketa,0,0,0.0,0,0,0,0,0,0,0.0,0.0,0.0%,DL,2023
412,413,Ryder Anderson,0,0,0.0,0,0,0,0,0,0,0.0,0.0,4.0%,DL,2023
413,414,Marquan McCall,0,0,0.0,0,0,0,0,0,0,0.0,0.0,0.0%,DL,2023
414,415,Matthew Butler,0,0,0.0,0,0,0,0,0,0,0.0,0.0,0.0%,DL,2023
415,416,LaBryan Ray,0,0,0.0,0,0,0,0,0,0,0.0,0.0,0.4%,DL,2023
416,417,Luiji Vilain,0,0,0.0,0,0,0,0,0,0,0.0,0.0,0.0%,DL,2023
417,418,Drake Jackson,0,0,0.0,0,0,0,0,0,1,0.0,0.0,0.9%,DL,2023
418,419,De'Shaan Dixon,0,0,0.0,0,0,0,0,0,0,0.0,0.0,0.0%,DL,2023
419,420,Ty Shelby,0,0,0.0,0,0,0,0,0,0,0.0,0.0,0.0%,DL,2023
420,421,Sam Okuayinonu,0,0,0.0,0,0,0,0,0,0,0.0,0.0,0.0%,DL,2023
421,422,Timmy Horne,0,0,0.0,0,0,0,0,0,0,0.0,0.0,1.0%,DL,2023
422,423,Isaiah Foskey,0,0,0.0,0,0,0,0,0,1,0.0,0.0,0.9%,DL,2023
423,424,Myles Murphy,0,0,0.0,0,0,0,0,0,0,0.0,0.0,4.6%,DL,2023
424,425,Rayshad Nichols,0,0,0.0,0,0,0,0,0,0,0.0,0.0,0.0%,DL,2023
425,426,Daniel Hardy,0,0,0.0,0,0,0,0,0,0,0.0,0.0,0.0%,DL,2023
426,427,Haggai Ndubuisi,0,0,0.0,0,0,0,0,0,0,0.0,0.0,0.0%,DL,2023
427,428,Alex Wright,0,0,0.0,0,0,0,0,0,1,0.0,0.0,0.7%,DL,2023
428,429,Micheal Clemons,0,0,0.0,0,0,0,0,0,0,0.0,0.0,0.8%,DL,2023
429,430,Sam Roberts,0,0,0.0,0,0,0,0,0,1,0.0,0.0,0.0%,DL,2023
430,431,James Houston,0,0,0.0,0,0,0,0,0,0,0.0,0.0,1.5%,DL,2023
431,432,Jordan Jackson,0,0,0.0,0,0,0,0,0,0,0.0,0.0,0.2%,DL,2023
432,433,Tyler Davis,0,0,0.0,0,0,0,0,0,0,0.0,0.0,0.0%,DL,2023
433,434,Tyreke Smith,0,0,0.0,0,0,0,0,0,0,0.0,0.0,0.2%,DL,2023
434,435,Justin Eboigbe,0,0,0.0,0,0,0,0,0,0,0.0,0.0,0.4%,DL,2023
435,436,Byron Young,0,0,0.0,0,0,0,0,0,1,0.0,0.0,0.2%,DL,2023
436,437,Christopher Hinton,0,0,0.0,0,0,0,0,0,0,0.0,0.0,0.2%,DL,2023
437,438,Amare Barno,0,0,0.0,0,0,0,0,0,0,0.0,0.0,0.7%,DL,2023
438,439,Neil Farrell,0,0,0.0,0,0,0,0,0,0,0.0,0.0,0.4%,DL,2023
439,440,P.J. Mustipher,0,0,0.0,0,0,0,0,0,0,0.0,0.0,0.2%,DL,2023
440,441,Eyioma Uwazurike,0,0,0.0,0,0,0,0,0,0,0.0,0.0,1.0%,DL,2023
441,442,Ali Gaye,0,0,0.0,0,0,0,0,0,0,0.0,0.0,0.0%,DL,2023
442,443,Thomas Booker,0,0,0.0,0,0,0,0,0,0,0.0,0.0,1.0%,DL,2023
443,444,Isaiah Thomas,0,0,0.0,0,0,0,0,0,0,0.0,0.0,0.2%,DL,2023
444,445,Sam Williams,0,0,0.0,0,0,0,0,0,0,0.0,0.0,1.6%,DL,2023
445,446,Ben Stille,0,0,0.0,0,0,0,0,0,0,0.0,0.0,0.0%,DL,2023
446,447,Phidarian Mathis,0,0,0.0,0,0,0,0,0,0,0.0,0.0,0.0%,DL,2023
447,448,David Ojabo,0,0,0.0,0,0,0,0,0,0,0.0,0.0,3.5%,DL,2023
448,449,Logan Hall,0,0,0.0,0,0,0,0,0,1,0.0,0.0,1.4%,DL,2023
449,450,Jermaine Johnson,0,0,0.0,0,0,0,0,0,0,0.0,0.0,9.3%,DL,2023
450,451,Ochaun Mathis,0,0,0.0,0,0,0,0,0,0,0.0,0.0,0.0%,DL,2023
451,452,Jonathan Ford,0,0,0.0,0,0,0,0,0,0,0.0,0.0,0.0%,DL,2023
452,453,Kurt Hinish,0,0,0.0,0,0,0,0,0,0,0.0,0.0,1.1%,DL,2023
453,454,Jeff Gunter,0,0,0.0,0,0,0,0,0,0,0.0,0.0,0.2%,DL,2023
454,455,Cameron Goode,0,0,0.0,0,0,0,0,0,0,0.0,0.0,0.2%,DL,2023
455,456,Dominique Robinson,0,0,0.0,0,0,0,0,0,1,0.0,0.0,0.9%,DL,2023
456,457,Kyron Johnson,0,0,0.0,0,0,0,0,0,0,0.0,0.0,0.2%,DL,2023
457,458,Deslin Alexandre,0,0,0.0,0,0,0,0,0,0,0.0,0.0,0.0%,DL,2023
458,459,Kalia Davis,0,0,0.0,0,0,0,0,0,0,0.0,0.0,0.2%,DL,2023
459,460,DeAngelo Malone,0,0,0.0,0,0,0,0,0,1,0.0,0.0,0.0%,DL,2023
460,461,Jerrod Clark,0,0,0.0,0,0,0,0,0,0,0.0,0.0,0.0%,DL,2023
461,462,Zach VanValkenburg,0,0,0.0,0,0,0,0,0,1,0.0,0.0,3.0%,DL,2023
462,463,Otito Ogbonnia,0,0,0.0,0,0,0,0,0,0,0.0,0.0,0.9%,DL,2023
463,464,Esezi Otomewo,0,0,0.0,0,0,0,0,0,0,0.0,0.0,1.0%,DL,2023
464,465,Jaden Crumedy,0,0,0.0,0,0,0,0,0,0,0.0,0.0,0.0%,DL,2023
465,466,Arron Mosby,0,0,0.0,0,0,0,0,0,0,0.0,0.0,0.2%,DL,2023
466,467,Popo Aumavae,0,0,0.0,0,0,0,0,0,0,0.0,0.0,0.0%,DL,2023
467,468,Nick Williams,0,0,0.0,0,0,0,0,0,1,0.0,0.0,3.0%,DL,2023
468,469,DaQuan Jones,0,0,0.0,0,0,0,0,0,0,0.0,0.0,0.7%,DL,2023
469,470,Brent Urban,0,0,0.0,0,0,0,0,0,1,0.0,0.0,0.4%,DL,2023
470,471,Khalil Mack,0,1,0.0,0,0,0,0,0,1,0.0,0.0,52.8%,DL,2023
471,472,Kyle Van,2,3,2.0,0,0,0,0,0,1,0.0,0.0,8.2%,DL,2023
472,473,DeMarcus Lawrence,0,0,0.0,0,0,0,0,0,0,0.0,0.0,12.7%,DL,2023
473,474,Johnathan Hankins,0,0,0.0,0,0,0,0,0,0,0.0,0.0,0.0%,DL,2023
474,475,Mike Pennel,0,0,0.0,0,0,0,0,0,0,0.0,0.0,0.4%,DL,2023
475,476,Shaquil Barrett,4,3,1.0,1,0,1,0,0,1,0.0,0.0,8.4%,DL,2023
476,477,Denico Autry,0,0,0.0,0,0,0,0,0,0,0.0,0.0,10.1%,DL,2023
477,478,Jordan Miller,0,0,0.0,0,0,0,0,0,0,0.0,0.0,0.0%,DL,2023
478,479,Cameron Heyward,0,0,0.0,0,0,0,0,0,0,0.0,0.0,23.1%,DL,2023
479,480,Von Miller,0,0,0.0,0,0,0,0,0,1,0.0,0.0,2.5%,DL,2023
480,481,Stylez White,0,0,0.0,0,0,0,0,0,0,0.0,0.0,0.0%,DL,2023
481,482,Robaire Smith,0,0,0.0,0,0,0,0,0,0,0.0,0.0,0.0%,DL,2023
482,483,Demetric Evans,0,0,0.0,0,0,0,0,0,0,0.0,0.0,0.0%,DL,2023
483,484,Myron Pryor,0,0,0.0,0,0,0,0,0,0,0.0,0.0,0.0%,DL,2023
484,485,Brandon Graham,0,0,0.0,0,0,0,0,0,1,0.0,0.0,2.2%,DL,2023
485,486,Emmanuel Stephens,0,0,0.0,0,0,0,0,0,0,0.0,0.0,0.0%,DL,2023
486,487,Auston English,0,0,0.0,0,0,0,0,0,0,0.0,0.0,0.0%,DL,2023
487,488,Quentin Moses,0,0,0.0,0,0,0,0,0,0,0.0,0.0,0.0%,DL,2023
488,489,Anthony Pittman,0,0,0.0,0,0,0,0,0,0,0.0,0.0,0.0%,DL,2023
489,490,Sebastian Joseph-Day,0,0,0.0,0,0,0,0,0,1,0.0,0.0,2.1%,DL,2023
490,491,Ogbo Okoronkwo,3,1,0.0,0,0,0,1,0,1,0.0,0.0,2.7%,DL,2023
491,492,John Franklin-Myers,0,0,0.0,0,0,0,0,0,0,0.0,0.0,0.9%,DL,2023
492,493,Jacob Martin,0,0,0.0,0,0,0,0,0,0,0.0,0.0,0.4%,DL,2023
493,494,Jalyn Holmes,0,0,0.0,0,0,0,0,0,0,0.0,0.0,0.4%,DL,2023
494,495,Genard Avery,0,0,0.0,0,0,0,0,0,0,0.0,0.0,0.0%,DL,2023
495,496,Kendal Vickers,0,0,0.0,0,0,0,0,0,1,0.0,0.0,0.2%,DL,2023
496,497,Daniel Ekuale,0,0,0.0,0,0,0,0,0,0,0.0,0.0,0.2%,DL,2023
497,498,Demone Harris,0,0,0.0,0,0,0,0,0,0,0.0,0.0,0.0%,DL,2023
498,499,Abdullah Anderson,0,0,0.0,0,0,0,0,0,1,0.0,0.0,2.0%,DL,2023
499,500,Matt Dickerson,0,0,0.0,0,0,0,0,0,1,0.0,0.0,0.0%,DL,2023
500,501,Deadrin Senat,0,0,0.0,0,0,0,0,0,0,0.0,0.0,1.0%,DL,2023
501,502,Dennis Gardeck,2,2,0.0,0,0,0,1,0,1,0.0,0.0,3.6%,DL,2023
502,503,Alex Barrett,0,0,0.0,0,0,0,0,0,0,0.0,0.0,0.0%,DL,2023
503,504,Eli Ankou,0,0,0.0,0,0,0,0,0,0,0.0,0.0,0.2%,DL,2023
504,505,Uchenna Nwosu,1,1,0.0,0,0,0,0,0,1,0.0,0.0,17.7%,DL,2023
505,506,Da'Shawn Hand,0,0,0.0,0,0,0,0,0,1,0.0,0.0,0.4%,DL,2023
506,507,B.J. Hill,0,0,0.0,0,0,0,0,0,0,0.0,0.0,5.8%,DL,2023
507,508,Lorenzo Carter,1,1,1.0,0,0,0,0,0,1,0.0,0.0,1.8%,DL,2023
508,509,Kentavius Street,0,0,0.0,0,0,0,0,0,1,0.0,0.0,0.0%,DL,2023
509,510,Harold Landry,0,0,0.0,0,0,0,0,0,0,0.0,0.0,24.1%,DL,2023
510,511,Bradley Chubb,5,2,2.0,0,0,1,0,0,1,0.0,0.0,18.2%,DL,2023
511,512,Arden Key,0,0,0.0,0,0,0,0,0,0,0.0,0.0,2.4%,DL,2023
512,513,Sam Hubbard,0,0,0.0,0,0,0,0,0,0,0.0,0.0,21.7%,DL,2023
513,514,Dorance Armstrong,0,0,0.0,0,0,0,0,0,0,0.0,0.0,4.2%,DL,2023
514,515,Marcus Davenport,0,0,0.0,0,0,0,0,0,0,0.0,0.0,2.1%,DL,2023
515,516,Taven Bryan,0,0,0.0,0,0,0,0,0,1,0.0,0.0,0.2%,DL,2023
516,517,Andrew Van,3,3,0.0,0,0,0,0,0,1,0.0,0.0,11.2%,DL,2023
517,518,Anthony Nelson,0,0,0.0,0,0,0,0,0,1,0.0,0.0,0.4%,DL,2023
518,519,Trysten Hill,0,0,0.0,0,0,0,0,0,1,0.0,0.0,0.2%,DL,2023
519,520,Byron Cowart,0,0,0.0,0,0,0,0,0,0,0.0,0.0,0.4%,DL,2023
520,521,Quinton Bell,0,0,0.0,0,0,0,0,0,0,0.0,0.0,0.0%,DL,2023
521,522,Mathieu Betts,0,0,0.0,0,0,0,0,0,0,0.0,0.0,0.0%,DL,2023
522,523,Shy Tuttle,0,0,0.0,0,0,0,0,0,0,0.0,0.0,2.0%,DL,2023
523,524,Matt Nelson,0,0,0.0,0,0,0,0,0,0,0.0,0.0,0.0%,DL,2023
524,525,DeMarquis Gates,0,0,0.0,0,0,0,0,0,1,0.0,0.0,0.0%,DL,2023
525,526,Nick Thurman,0,0,0.0,0,0,0,0,0,0,0.0,0.0,0.7%,DL,2023
526,527,Quinnen Williams,0,0,0.0,0,0,0,0,0,0,0.0,0.0,26.7%,DL,2023
527,528,Ed Oliver,0,0,0.0,0,0,0,0,0,0,0.0,0.0,22.1%,DL,2023
528,529,Jeffery Simmons,0,0,0.0,0,0,0,0,0,0,0.0,0.0,27.2%,DL,2023
529,530,Rashan Gary,2,1,0.0,0,0,0,0,0,1,0.0,0.0,11.2%,DL,2023
530,531,Jachai Polite,0,0,0.0,0,0,0,0,0,0,0.0,0.0,0.0%,DL,2023
531,532,Brian Burns,0,0,0.0,0,0,0,0,0,0,0.0,0.0,41.3%,DL,2023
532,533,Bruce Hector,0,0,0.0,0,0,0,0,0,0,0.0,0.0,0.0%,DL,2023
533,534,Oshane Ximines,0,0,0.0,0,0,0,0,0,0,0.0,0.0,0.0%,DL,2023
534,535,L.J. Collier,0,0,0.0,0,0,0,0,0,0,0.0,0.0,1.0%,DL,2023
535,536,Armon Watts,0,0,0.0,0,0,0,0,0,1,0.0,0.0,0.7%,DL,2023
536,537,Austin Bryant,0,0,0.0,0,0,0,0,0,0,0.0,0.0,1.0%,DL,2023
537,538,Josh Tupou,0,0,0.0,0,0,0,0,0,0,0.0,0.0,0.0%,DL,2023
538,539,Efe Obada,0,0,0.0,0,0,0,0,0,0,0.0,0.0,0.0%,DL,2023
539,540,T.Y. McGill,0,0,0.0,0,0,0,0,0,0,0.0,0.0,0.2%,DL,2023
540,541,DeShawn Williams,0,0,0.0,0,0,0,0,0,0,0.0,0.0,0.6%,DL,2023
541,542,Sheldon Rankins,0,0,0.0,0,0,0,0,0,0,0.0,0.0,2.0%,DL,2023
542,543,Chris Jones,0,0,0.0,0,0,0,0,0,1,0.0,0.0,25.7%,DL,2023
543,544,Jihad Ward,0,0,0.0,0,0,0,0,0,1,0.0,0.0,0.2%,DL,2023
544,545,Emmanuel Ogbah,0,0,0.0,0,0,0,0,0,1,0.0,0.0,1.1%,DL,2023
545,546,Andrew Billings,0,0,0.0,0,0,0,0,0,1,0.0,0.0,1.6%,DL,2023
546,547,Leonard Floyd,0,0,0.0,0,0,0,0,0,1,0.0,0.0,5.4%,DL,2023
547,548,Maliek Collins,0,0,0.0,0,0,0,0,0,0,0.0,0.0,2.4%,DL,2023
548,549,Kenny Clark,0,0,0.0,0,0,0,0,0,1,0.0,0.0,8.9%,DL,2023
549,550,Dante Fowler,0,0,0.0,0,0,0,0,0,0,0.0,0.0,3.5%,DL,2023
550,551,Carl Davis,0,0,0.0,0,0,0,0,0,0,0.0,0.0,1.1%,DL,2023
551,552,Preston Smith,1,1,1.0,0,0,0,0,0,1,0.0,0.0,11.1%,DL,2023
552,553,Markus Golden,0,0,0.0,0,0,0,0,0,1,0.0,0.0,0.5%,DL,2023
553,554,Za'Darius Smith,4,0,1.0,0,0,1,0,0,1,0.0,0.0,5.4%,DL,2023
554,555,Bud Dupree,1,0,0.0,0,0,0,0,0,1,0.0,0.0,1.3%,DL,2023
555,556,Arik Armstead,0,0,0.0,0,0,0,0,0,1,0.0,0.0,3.6%,DL,2023
556,557,Randy Gregory,0,0,0.0,0,0,0,0,0,1,0.0,0.0,2.2%,DL,2023
557,558,Eddie Goldman,0,0,0.0,0,0,0,0,0,0,0.0,0.0,0.2%,DL,2023
558,559,Rakeem Nunez-Roches,0,0,0.0,0,0,0,0,0,1,0.0,0.0,0.9%,DL,2023
559,560,Takk McKinley,0,0,0.0,0,0,0,0,0,0,0.0,0.0,1.1%,DL,2023
560,561,T.J. Watt,0,1,0.0,1,1,0,0,0,1,0.0,0.0,78.9%,DL,2023
561,562,Derek Barnett,0,0,0.0,0,0,0,0,0,1,0.0,0.0,0.5%,DL,2023
562,563,Solomon Thomas,0,0,0.0,0,0,0,0,0,0,0.0,0.0,0.8%,DL,2023
563,564,Morgan Fox,0,0,0.0,0,0,0,0,0,1,0.0,0.0,2.3%,DL,2023
564,565,Grover Stewart,0,0,0.0,0,0,0,0,0,0,0.0,0.0,3.5%,DL,2023
565,566,Samson Ebukam,3,1,0.0,1,0,0,0,0,1,0.0,0.0,8.7%,DL,2023
566,567,Trey Hendrickson,0,0,0.0,0,0,0,0,0,0,0.0,0.0,35.3%,DL,2023
567,568,Tanzel Smart,0,0,0.0,0,0,0,0,0,0,0.0,0.0,0.0%,DL,2023
568,569,Ifeadi Odenigbo,0,0,0.0,0,0,0,0,0,0,0.0,0.0,4.0%,DL,2023
569,570,Tanoh Kpassagnon,0,0,0.0,0,0,0,0,0,1,0.0,0.0,0.0%,DL,2023
570,571,DeMarcus Walker,0,0,0.0,0,0,0,0,0,1,0.0,0.0,1.8%,DL,2023
571,572,Matthew Judon,0,0,0.0,0,0,0,0,0,0,0.0,0.0,16.8%,DL,2023
572,573,Quinton Jefferson,0,0,0.0,0,0,0,0,0,0,0.0,0.0,3.4%,DL,2023
573,574,Romeo Okwara,0,0,0.0,0,0,0,0,0,1,0.0,0.0,0.0%,DL,2023
574,575,DJ Reader,0,0,0.0,0,0,0,0,0,0,0.0,0.0,2.6%,DL,2023
575,576,Zach Wood,0,0,0.0,0,0,0,0,0,0,0.0,0.0,0.0%,DL,2023
576,577,Kyle Peko,0,0,0.0,0,0,0,0,0,0,0.0,0.0,0.0%,DL,2023
577,578,Ulumoo Ale,0,0,0.0,0,0,0,0,0,0,0.0,0.0,0.0%,DL,2023
