,Rank,Player,Tackle,Assist,Sack,Pass Defended,Interception,Forced Fumble,Fumble Recovery,Defend Touchdown,Games Played,Fantasy Football Points,FTPS/Game,ROST,Position,Year
0,1,Frankie Luvu,7,5,1.0,2,0,0,0,0,1,26.3,26.3,44.4%,LB,2023
1,2,T.J. Edwards,9,4,0.0,0,0,0,1,0,1,25.5,25.5,78.9%,LB,2023
2,3,Alex Anzalone,5,2,2.0,0,0,0,0,0,1,24.5,24.5,31.6%,LB,2023
3,4,Drue Tranquill,7,4,1.0,0,0,1,0,0,1,24.0,24.0,12.4%,LB,2023
4,5,Baron Browning,4,0,2.0,0,0,1,0,0,1,23.0,23.0,6.0%,LB,2023
5,6,Nakobe Dean,11,2,0.0,0,0,0,0,0,1,23.0,23.0,8.9%,LB,2023
6,7,Logan Wilson,9,2,0.0,2,1,0,0,0,1,23.0,23.0,63.1%,LB,2023
7,8,Preston Smith,2,3,2.0,1,0,1,0,0,1,21.3,21.3,11.1%,LB,2023
8,9,Quincy Williams,8,3,0.0,1,0,0,0,0,1,20.8,20.8,51.5%,LB,2023
9,10,Harold Landry,5,0,2.0,0,0,0,0,0,1,20.5,20.5,24.1%,LB,2023
10,11,Azeez Al-Shaair,7,4,0.0,0,0,0,1,0,1,20.0,20.0,43.0%,LB,2023
11,12,Bobby Okereke,7,2,0.0,0,0,0,0,0,1,19.5,19.5,79.4%,LB,2023
12,13,Foyesade Oluokun,9,2,0.0,0,0,1,0,0,1,19.0,19.0,93.9%,LB,2023
13,14,Jordyn Brooks,4,6,1.0,0,0,1,0,0,1,18.5,18.5,25.9%,LB,2023
14,15,De'Vondre Campbell,10,4,0.0,0,0,0,0,0,1,18.0,18.0,20.9%,LB,2023
15,16,Leo Chenal,4,4,1.0,0,0,0,0,0,1,18.0,18.0,6.6%,LB,2023
16,17,C.J. Mosley,7,5,0.5,1,0,0,0,0,1,17.8,17.8,65.7%,LB,2023
17,18,Patrick Queen,9,2,0.0,0,0,0,0,0,1,17.5,17.5,43.7%,LB,2023
18,19,Lavonte David,6,8,0.0,0,0,0,0,0,1,17.5,17.5,52.4%,LB,2023
19,20,Fred Warner,4,6,0.0,0,0,1,0,0,1,17.0,17.0,90.4%,LB,2023
20,21,Zaire Franklin,6,8,0.0,1,0,0,0,0,1,16.5,16.5,92.0%,LB,2023
21,22,Bobby Wagner,3,10,0.0,1,0,0,0,0,1,16.0,16.0,72.4%,LB,2023
22,23,Cole Holcomb,6,4,0.0,0,0,0,1,0,1,16.0,16.0,9.1%,LB,2023
23,24,Eric Kendricks,9,1,0.0,1,0,0,0,0,1,15.8,15.8,32.1%,LB,2023
24,25,Blake Cashman,4,1,1.0,0,0,0,0,0,1,15.8,15.8,14.6%,LB,2023
25,26,Demario Davis,6,7,0.0,1,0,0,0,0,1,15.8,15.8,22.3%,LB,2023
26,27,Denzel Perryman,6,3,0.5,0,0,0,0,0,1,15.8,15.8,11.8%,LB,2023
27,28,Elandon Roberts,4,1,1.5,0,0,0,0,0,1,15.3,15.3,15.3%,LB,2023
28,29,Kyzir White,7,2,0.0,0,0,0,0,0,1,14.5,14.5,22.3%,LB,2023
29,30,Quay Walker,7,3,0.0,1,0,0,0,0,1,14.3,14.3,37.3%,LB,2023
30,31,Roquan Smith,8,3,0.0,0,0,0,0,0,1,14.3,14.3,90.7%,LB,2023
31,32,Micah Parsons,2,0,1.0,1,0,0,0,0,1,13.5,13.5,77.7%,LB,2023
32,33,Terrel Bernard,6,2,0.0,2,0,0,0,0,1,13.5,13.5,50.4%,LB,2023
33,34,Robert Spillane,4,4,0.0,0,0,0,1,0,1,13.0,13.0,33.7%,LB,2023
34,35,Kenneth Murray,6,3,0.0,1,0,0,0,0,1,12.8,12.8,15.3%,LB,2023
35,36,Shaquille Leonard,6,5,0.0,0,0,0,0,0,1,12.8,12.8,21.8%,LB,2023
36,37,Germaine Pratt,3,2,0.0,1,1,0,0,0,1,12.5,12.5,17.3%,LB,2023
37,38,Jack Gibbens,3,2,1.0,0,0,0,0,0,1,12.5,12.5,6.5%,LB,2023
38,39,Alex Singleton,6,1,0.0,0,0,0,0,0,1,12.3,12.3,61.3%,LB,2023
39,40,Ernest Jones,5,3,0.0,0,0,0,0,0,1,12.3,12.3,58.9%,LB,2023
40,41,Devin Lloyd,7,2,0.0,0,0,0,0,0,1,12.0,12.0,24.9%,LB,2023
41,42,Josey Jewell,3,2,0.0,1,0,1,0,0,1,11.5,11.5,30.2%,LB,2023
42,43,David Mayo,6,3,0.0,0,0,0,0,0,1,11.3,11.3,0.2%,LB,2023
43,44,Jack Sanborn,7,1,0.0,0,0,0,0,0,1,11.3,11.3,3.8%,LB,2023
44,45,Mack Wilson,5,1,0.0,0,0,0,0,0,1,10.8,10.8,4.9%,LB,2023
45,46,Devin White,5,4,0.0,0,0,0,0,0,1,10.5,10.5,22.7%,LB,2023
46,47,Kaden Elliss,6,2,0.0,0,0,0,0,0,1,10.5,10.5,15.6%,LB,2023
47,48,Dre Greenlaw,6,2,0.0,0,0,0,0,0,1,10.5,10.5,37.9%,LB,2023
48,49,Bud Dupree,2,1,1.0,0,0,0,0,0,1,10.3,10.3,1.3%,LB,2023
49,50,Bradley Chubb,2,1,1.0,0,0,0,0,0,1,10.3,10.3,18.2%,LB,2023
50,51,Christian Rozeboom,6,1,0.0,0,0,0,0,0,1,9.8,9.8,4.5%,LB,2023
51,52,Alex Highsmith,3,1,0.5,0,0,0,0,0,1,9.8,9.8,25.4%,LB,2023
52,53,Micah McFadden,3,1,0.0,0,0,0,1,0,1,9.3,9.3,7.8%,LB,2023
53,54,Luke Masterson,3,1,0.0,0,0,1,0,0,1,9.3,9.3,1.8%,LB,2023
54,55,Jahlani Tavai,3,4,0.0,1,0,0,0,0,1,9.0,9.0,6.3%,LB,2023
55,56,Nate Landman,4,4,0.0,0,0,0,0,0,1,9.0,9.0,7.6%,LB,2023
56,57,Jordan Hicks,4,4,0.0,0,0,0,0,0,1,9.0,9.0,29.9%,LB,2023
57,58,Zach Cunningham,3,2,0.0,2,0,0,0,0,1,9.0,9.0,1.7%,LB,2023
58,59,Casey Toohill,1,0,1.0,0,0,0,0,0,1,8.0,8.0,0.7%,LB,2023
59,60,Nick Herbig,1,0,0.0,0,0,1,0,0,1,8.0,8.0,3.5%,LB,2023
60,61,Josh Woods,1,3,0.0,0,0,1,0,0,1,7.8,7.8,0.9%,LB,2023
61,62,Willie Gay,2,1,0.0,0,0,0,1,0,1,7.8,7.8,7.4%,LB,2023
62,63,Jeremiah Owusu-Koramoah,3,1,0.0,0,0,0,0,0,1,7.8,7.8,29.2%,LB,2023
63,64,Damone Clark,4,2,0.0,0,0,0,0,0,1,7.5,7.5,9.1%,LB,2023
64,65,Ja'Whaun Bentley,4,2,0.0,0,0,0,0,0,1,7.5,7.5,15.7%,LB,2023
65,66,Zaven Collins,2,0,0.0,1,0,0,0,0,1,7.0,7.0,6.1%,LB,2023
66,67,Kwon Alexander,2,0,0.0,0,0,1,0,0,1,7.0,7.0,1.1%,LB,2023
67,68,Anfernee Jennings,2,0,0.0,0,0,0,1,0,1,7.0,7.0,4.9%,LB,2023
68,69,Anthony Walker,2,2,0.0,0,0,0,0,0,1,7.0,7.0,4.0%,LB,2023
69,70,Tyrel Dodson,4,1,0.0,0,0,0,0,0,1,6.8,6.8,8.9%,LB,2023
70,71,Derrick Barnes,1,1,0.0,0,0,1,0,0,1,6.3,6.3,9.9%,LB,2023
71,72,Rashan Gary,2,1,0.0,0,0,0,0,0,1,6.3,6.3,11.2%,LB,2023
72,73,Jack Campbell,4,0,0.0,0,0,0,0,0,1,6.0,6.0,17.5%,LB,2023
73,74,Jerome Baker,3,2,0.0,0,0,0,0,0,1,6.0,6.0,14.7%,LB,2023
74,75,Jack Cochrane,2,2,0.0,1,0,0,0,0,1,6.0,6.0,1.5%,LB,2023
75,76,Shaquil Barrett,3,2,0.0,0,0,0,0,0,1,6.0,6.0,8.4%,LB,2023
76,77,Lorenzo Carter,4,0,0.0,0,0,0,0,0,1,6.0,6.0,1.8%,LB,2023
77,78,T.J. Watt,1,1,0.5,1,0,0,0,0,1,5.8,5.8,78.9%,LB,2023
78,79,Samson Ebukam,3,1,0.0,0,0,0,0,0,1,5.3,5.3,8.7%,LB,2023
79,80,David Long,3,1,0.0,0,0,0,0,0,1,5.3,5.3,8.2%,LB,2023
80,81,Jamin Davis,3,1,0.0,0,0,0,0,0,1,5.3,5.3,8.8%,LB,2023
81,82,Markus Golden,3,0,0.0,0,0,0,0,0,1,4.5,4.5,0.5%,LB,2023
82,83,Khalil Mack,1,0,0.0,0,0,0,0,0,1,4.0,4.0,52.8%,LB,2023
83,84,Drew Sanders,0,0,0.0,0,0,0,1,0,1,4.0,4.0,7.5%,LB,2023
84,85,Pete Werner,2,1,0.0,0,0,0,0,0,1,3.8,3.8,10.5%,LB,2023
85,86,Malik Harrison,2,1,0.0,0,0,0,0,0,1,3.8,3.8,7.0%,LB,2023
86,87,E.J. Speed,2,0,0.0,0,0,0,0,0,1,3.0,3.0,39.8%,LB,2023
87,88,Daiyan Henley,2,0,0.0,0,0,0,0,0,1,3.0,3.0,7.9%,LB,2023
88,89,Joe Tryon-Shoyinka,2,0,0.0,0,0,0,0,0,1,3.0,3.0,2.4%,LB,2023
89,90,Leonard Floyd,2,0,0.0,0,0,0,0,0,1,3.0,3.0,5.4%,LB,2023
90,91,Henry To'oTo'o,1,2,0.0,0,0,0,0,0,1,3.0,3.0,8.2%,LB,2023
91,92,Khaleke Hudson,1,2,0.0,0,0,0,0,0,1,3.0,3.0,2.6%,LB,2023
92,93,Ivan Pace,1,1,0.0,0,0,0,0,0,1,2.3,2.3,15.9%,LB,2023
93,94,Deion Jones,0,3,0.0,0,0,0,0,0,1,2.3,2.3,2.7%,LB,2023
94,95,Sam Franklin,1,1,0.0,0,0,0,0,0,1,2.3,2.3,0.4%,LB,2023
95,96,Dennis Gardeck,1,0,0.0,0,0,0,0,0,1,1.5,1.5,3.6%,LB,2023
96,97,Christian Harris,0,0,0.0,1,0,0,0,0,1,1.5,1.5,11.6%,LB,2023
97,98,Kamu Grugier-Hill,0,2,0.0,0,0,0,0,0,1,1.5,1.5,7.2%,LB,2023
98,99,Jesse Luketa,0,2,0.0,0,0,0,0,0,1,1.5,1.5,0.0%,LB,2023
99,100,Marte Mapu,1,0,0.0,0,0,0,0,0,1,1.5,1.5,1.6%,LB,2023
100,101,Isaiah Simmons,0,0,0.0,1,0,0,0,0,1,1.5,1.5,6.2%,LB,2023
101,102,Tony Fields,0,2,0.0,0,0,0,0,0,1,1.5,1.5,1.5%,LB,2023
102,103,Rashaan Evans,1,0,0.0,0,0,0,0,0,1,1.5,1.5,0.2%,LB,2023
103,104,Jacob Martin,1,0,0.0,0,0,0,0,0,1,1.5,1.5,0.4%,LB,2023
104,105,Oren Burks,1,0,0.0,0,0,0,0,0,1,1.5,1.5,3.8%,LB,2023
105,106,Kyle Van,1,0,0.0,0,0,0,0,0,1,1.5,1.5,8.2%,LB,2023
106,107,Tremaine Edmunds,1,0,0.0,0,0,0,0,0,1,1.5,1.5,33.7%,LB,2023
107,108,Segun Olubi,0,1,0.0,0,0,0,0,0,1,0.8,0.8,2.0%,LB,2023
108,109,Nick Niemann,0,1,0.0,0,0,0,0,0,1,0.8,0.8,4.4%,LB,2023
109,110,Andrew Van,0,1,0.0,0,0,0,0,0,1,0.8,0.8,11.2%,LB,2023
110,111,Devin Bush,0,1,0.0,0,0,0,0,0,1,0.8,0.8,5.1%,LB,2023
111,112,Oshane Ximines,0,1,0.0,0,0,0,0,0,1,0.8,0.8,0.0%,LB,2023
112,113,Za'Darius Smith,0,1,0.0,0,0,0,0,0,1,0.8,0.8,5.4%,LB,2023
113,114,Jonas Griffith,0,0,0.0,0,0,0,0,0,0,0.0,0.0,2.9%,LB,2023
114,115,Jeremiah Trotter,0,0,0.0,0,0,0,0,0,0,0.0,0.0,5.5%,LB,2023
115,116,Ross Matiscik,0,0,0.0,0,0,0,0,0,0,0.0,0.0,0.0%,LB,2023
116,117,Michael Hoecht,1,1,1.0,0,0,0,0,0,1,0.0,0.0,15.8%,LB,2023
117,118,Liam McCullough,0,0,0.0,0,0,0,0,0,0,0.0,0.0,0.0%,LB,2023
118,119,Cody Barton,0,0,0.0,0,0,0,0,0,0,0.0,0.0,12.0%,LB,2023
119,120,David Long,1,0,0.0,0,0,0,0,0,1,0.0,0.0,0.0%,LB,2023
120,121,Anthony Nelson,4,0,1.0,0,0,0,0,0,1,0.0,0.0,0.4%,LB,2023
121,122,L.J. Collier,0,0,0.0,0,0,0,0,0,0,0.0,0.0,1.0%,LB,2023
122,123,Ty Summers,0,0,0.0,0,0,0,0,0,0,0.0,0.0,0.0%,LB,2023
123,124,Del'Shawn Phillips,0,0,0.0,0,0,0,0,0,0,0.0,0.0,1.3%,LB,2023
124,125,Nick Moore,0,0,0.0,0,0,0,0,0,0,0.0,0.0,0.0%,LB,2023
125,126,Demetrius Flannigan-Fowles,0,0,0.0,0,0,0,0,0,1,0.0,0.0,1.6%,LB,2023
126,127,Mitchell Fraboni,0,0,0.0,0,0,0,0,0,1,0.0,0.0,0.0%,LB,2023
127,128,Quinton Bell,0,0,0.0,0,0,0,0,0,0,0.0,0.0,0.0%,LB,2023
128,129,Jacob Bobenmoyer,0,0,0.0,0,0,0,0,0,1,0.0,0.0,0.0%,LB,2023
129,130,Joe Giles-Harris,0,0,0.0,0,0,0,0,0,0,0.0,0.0,0.0%,LB,2023
130,131,Ezekiel Turner,0,0,0.0,0,0,0,0,0,0,0.0,0.0,0.2%,LB,2023
131,132,Tae Davis,0,0,0.0,0,0,0,0,0,0,0.0,0.0,0.2%,LB,2023
132,133,Sione Takitaki,0,0,0.0,0,0,0,0,0,1,0.0,0.0,4.6%,LB,2023
133,134,Sam Eguavoen,0,0,0.0,0,0,0,0,0,1,0.0,0.0,0.0%,LB,2023
134,135,Josh Allen,3,2,2.0,0,0,0,0,0,1,0.0,0.0,44.1%,LB,2023
135,136,Jachai Polite,0,0,0.0,0,0,0,0,0,0,0.0,0.0,0.0%,LB,2023
136,137,Brian Burns,1,0,1.0,0,0,0,0,0,1,0.0,0.0,41.3%,LB,2023
137,138,Troy Reeder,0,0,0.0,0,0,0,0,0,1,0.0,0.0,1.6%,LB,2023
138,139,Mykal Walker,0,0,0.0,0,0,0,0,0,0,0.0,0.0,2.6%,LB,2023
139,140,Carlo Kemp,0,0,0.0,0,0,0,0,0,0,0.0,0.0,0.0%,LB,2023
140,141,Markus Bailey,0,0,0.0,0,0,0,0,0,0,0.0,0.0,0.0%,LB,2023
141,142,Cam Gill,0,0,0.0,0,0,0,0,0,1,0.0,0.0,0.0%,LB,2023
142,143,Krys Barnes,0,0,0.0,0,0,0,0,0,0,0.0,0.0,8.8%,LB,2023
143,144,Tomon Fox,0,0,0.0,0,0,0,0,0,0,0.0,0.0,0.0%,LB,2023
144,145,Janarius Robinson,0,0,0.0,0,0,0,0,0,0,0.0,0.0,0.2%,LB,2023
145,146,Justin Strnad,0,0,0.0,0,0,0,0,0,0,0.0,0.0,0.2%,LB,2023
146,147,Blake Ferguson,0,0,0.0,0,0,0,0,0,0,0.0,0.0,0.0%,LB,2023
147,148,Kristian Welch,0,0,0.0,0,0,0,0,0,0,0.0,0.0,0.0%,LB,2023
148,149,LaCale London,0,0,0.0,0,0,0,0,0,1,0.0,0.0,0.4%,LB,2023
149,150,Cole Christiansen,0,0,0.0,0,0,0,0,0,0,0.0,0.0,0.0%,LB,2023
150,151,Anthony Pittman,0,0,0.0,0,0,0,0,0,0,0.0,0.0,0.0%,LB,2023
151,152,Yetur Gross-Matos,0,0,0.0,0,0,0,0,0,0,0.0,0.0,1.1%,LB,2023
152,153,Willie Harvey,0,0,0.0,0,0,0,0,0,0,0.0,0.0,0.0%,LB,2023
153,154,Luke Gifford,0,0,0.0,0,0,0,0,0,0,0.0,0.0,0.0%,LB,2023
154,155,Matt Orzech,0,0,0.0,0,0,0,0,0,0,0.0,0.0,0.0%,LB,2023
155,156,Curtis Bolton,0,0,0.0,0,0,0,0,0,1,0.0,0.0,0.0%,LB,2023
156,157,Julian Okwara,2,0,1.0,0,0,0,0,0,1,0.0,0.0,0.0%,LB,2023
157,158,K'Lavon Chaisson,1,0,0.0,1,0,0,0,0,1,0.0,0.0,1.3%,LB,2023
158,159,Monty Rice,0,0,0.0,0,0,0,0,0,1,0.0,0.0,0.9%,LB,2023
159,160,Keandre Jones,0,0,0.0,0,0,0,0,0,0,0.0,0.0,0.0%,LB,2023
160,161,Carter Coughlin,0,0,0.0,0,0,0,0,0,0,0.0,0.0,0.0%,LB,2023
161,162,Tanner Muse,0,0,0.0,0,0,0,0,0,1,0.0,0.0,0.0%,LB,2023
162,163,D.J. Wonnum,1,2,2.0,0,0,0,0,0,1,0.0,0.0,13.9%,LB,2023
163,164,Terrell Lewis,0,0,0.0,0,0,0,0,0,0,0.0,0.0,3.0%,LB,2023
164,165,Zack Baun,0,0,0.0,0,0,0,0,0,1,0.0,0.0,0.9%,LB,2023
165,166,Joshua Uche,0,0,0.0,0,0,0,0,0,0,0.0,0.0,0.9%,LB,2023
166,167,Akeem Davis-Gaither,0,0,0.0,0,0,0,0,0,0,0.0,0.0,2.2%,LB,2023
167,168,Troy Dye,0,0,0.0,0,0,0,0,0,1,0.0,0.0,0.2%,LB,2023
168,169,Darrell Taylor,2,1,1.0,0,0,0,0,0,1,0.0,0.0,1.1%,LB,2023
169,170,Jacob Phillips,0,0,0.0,0,0,0,0,0,0,0.0,0.0,0.9%,LB,2023
170,171,Cam Brown,0,0,0.0,0,0,0,0,0,1,0.0,0.0,0.0%,LB,2023
171,172,Trevis Gipson,0,1,0.0,0,0,0,0,0,1,0.0,0.0,1.1%,LB,2023
172,173,Joe Bachie,0,0,0.0,0,0,0,0,0,0,0.0,0.0,0.7%,LB,2023
173,174,Benton Whitley,0,0,0.0,0,0,0,0,0,0,0.0,0.0,0.0%,LB,2023
174,175,Jacob Hummel,0,0,0.0,0,0,0,0,0,0,0.0,0.0,0.0%,LB,2023
175,176,Keir Thomas,0,0,0.0,0,0,0,0,0,0,0.0,0.0,0.0%,LB,2023
176,177,Kana'i Mauga,0,0,0.0,0,0,0,0,0,0,0.0,0.0,0.0%,LB,2023
177,178,William Kwenkeu,0,0,0.0,0,0,0,0,0,0,0.0,0.0,0.6%,LB,2023
178,179,Markquese Bell,5,1,0.0,0,0,0,0,0,1,0.0,0.0,11.5%,LB,2023
179,180,Vi Jones,0,0,0.0,0,0,0,0,0,0,0.0,0.0,0.0%,LB,2023
180,181,Zaire Barnes,0,0,0.0,0,0,0,0,0,0,0.0,0.0,0.2%,LB,2023
181,182,David Perales,0,0,0.0,0,0,0,0,0,0,0.0,0.0,0.0%,LB,2023
182,183,Andrew Farmer,0,0,0.0,0,0,0,0,0,0,0.0,0.0,0.2%,LB,2023
183,184,Jalen Graham,0,0,0.0,0,0,0,0,0,0,0.0,0.0,0.0%,LB,2023
184,185,Dee Winters,0,0,0.0,0,0,0,0,0,1,0.0,0.0,1.8%,LB,2023
185,186,Jose Ramirez,0,0,0.0,0,0,0,0,0,0,0.0,0.0,0.2%,LB,2023
186,187,Thomas Rush,0,0,0.0,0,0,0,0,0,0,0.0,0.0,0.0%,LB,2023
187,188,Caleb Murphy,0,0,0.0,0,0,0,0,0,0,0.0,0.0,2.0%,LB,2023
188,189,DJ Coleman,0,0,0.0,0,0,0,0,0,0,0.0,0.0,0.0%,LB,2023
189,190,Anfernee Orji,0,0,0.0,0,0,0,0,0,0,0.0,0.0,0.0%,LB,2023
190,191,Mohamoud Diabate,0,0,0.0,0,0,0,0,0,0,0.0,0.0,0.0%,LB,2023
191,192,Yaya Diaby,1,0,1.0,0,0,0,0,0,1,0.0,0.0,8.9%,LB,2023
192,193,Lukas Van,0,0,0.0,1,0,0,0,0,1,0.0,0.0,5.7%,LB,2023
193,194,Owen Pappoe,0,0,0.0,0,0,0,0,0,1,0.0,0.0,2.7%,LB,2023
194,195,DeMarvion Overshown,0,0,0.0,0,0,0,0,0,0,0.0,0.0,6.2%,LB,2023
195,196,Tuli Tuipulotu,1,0,0.0,0,0,0,0,0,1,0.0,0.0,4.4%,LB,2023
196,197,Abraham Beauplan,0,0,0.0,0,0,0,0,0,0,0.0,0.0,0.0%,LB,2023
197,198,Byron Young,2,0,0.0,0,0,0,0,0,1,0.0,0.0,34.7%,LB,2023
198,199,Dorian Williams,0,0,0.0,0,0,0,0,0,0,0.0,0.0,5.5%,LB,2023
199,200,Tavius Robinson,0,2,0.0,0,0,0,0,0,1,0.0,0.0,0.4%,LB,2023
200,201,Austin Ajiake,0,0,0.0,0,0,0,0,0,0,0.0,0.0,0.0%,LB,2023
201,202,Titus Leo,0,0,0.0,0,0,0,0,0,0,0.0,0.0,0.0%,LB,2023
202,203,Joshua Onujiogu,0,0,0.0,0,0,0,0,0,0,0.0,0.0,0.0%,LB,2023
203,204,Luiji Vilain,0,0,0.0,0,0,0,0,0,0,0.0,0.0,0.0%,LB,2023
204,205,De'Shaan Dixon,0,0,0.0,0,0,0,0,0,0,0.0,0.0,0.0%,LB,2023
205,206,Brandon Smith,0,0,0.0,0,0,0,0,0,0,0.0,0.0,0.0%,LB,2023
206,207,Chance Campbell,0,0,0.0,0,0,0,0,0,0,0.0,0.0,0.2%,LB,2023
207,208,Troy Andersen,0,0,0.0,0,0,0,0,0,0,0.0,0.0,10.8%,LB,2023
208,209,Tyrice Knight,0,0,0.0,0,0,0,0,0,0,0.0,0.0,4.6%,LB,2023
209,210,Kyron Johnson,0,0,0.0,0,0,0,0,0,0,0.0,0.0,0.2%,LB,2023
210,211,Antonio Grier,0,0,0.0,0,0,0,0,0,0,0.0,0.0,0.0%,LB,2023
211,212,Andre Carter,0,0,0.0,0,0,0,0,0,0,0.0,0.0,0.2%,LB,2023
212,213,BJ Ojulari,2,0,1.0,0,0,0,0,0,1,0.0,0.0,2.6%,LB,2023
213,214,Marcelino McCrary-Ball,0,0,0.0,0,0,0,0,0,0,0.0,0.0,0.0%,LB,2023
214,215,Derick Hall,1,2,0.0,0,0,0,0,0,1,0.0,0.0,0.9%,LB,2023
215,216,Ty Shelby,0,0,0.0,0,0,0,0,0,0,0.0,0.0,0.0%,LB,2023
216,217,Noah Sewell,0,0,0.0,0,0,0,0,0,1,0.0,0.0,2.4%,LB,2023
217,218,Nolan Smith,2,0,0.0,0,0,0,0,0,1,0.0,0.0,6.9%,LB,2023
218,219,Trenton Simpson,0,0,0.0,0,0,0,0,0,0,0.0,0.0,10.8%,LB,2023
219,220,Richard Jibunor,0,0,0.0,0,0,0,0,0,0,0.0,0.0,0.0%,LB,2023
220,221,Tyreek Maddox-Williams,0,0,0.0,0,0,0,0,0,0,0.0,0.0,0.2%,LB,2023
221,222,Devin Harper,0,0,0.0,0,0,0,0,0,0,0.0,0.0,0.0%,LB,2023
222,223,James Houston,0,0,0.0,0,0,0,0,0,0,0.0,0.0,1.5%,LB,2023
223,224,Mark Robinson,0,0,0.0,0,0,0,0,0,0,0.0,0.0,0.9%,LB,2023
224,225,Daniel Hardy,0,0,0.0,0,0,0,0,0,0,0.0,0.0,0.0%,LB,2023
225,226,Maema Njongmeta,0,0,0.0,0,0,0,0,0,0,0.0,0.0,0.0%,LB,2023
226,227,Deion Jennings,0,0,0.0,0,0,0,0,0,0,0.0,0.0,0.0%,LB,2023
227,228,Jackson Mitchell,0,0,0.0,0,0,0,0,0,0,0.0,0.0,0.0%,LB,2023
228,229,Derrick McLendon,0,0,0.0,0,0,0,0,0,0,0.0,0.0,0.0%,LB,2023
229,230,Carl Jones,0,0,0.0,0,0,0,0,0,0,0.0,0.0,0.0%,LB,2023
230,231,Leo Lowin,0,0,0.0,0,0,0,0,0,0,0.0,0.0,0.0%,LB,2023
231,232,Jackson Sirmon,0,0,0.0,0,0,0,0,0,0,0.0,0.0,0.0%,LB,2023
232,233,Aaron Beasley,0,0,0.0,0,0,0,0,0,0,0.0,0.0,0.0%,LB,2023
233,234,Kalen DeLoach,0,0,0.0,0,0,0,0,0,0,0.0,0.0,0.0%,LB,2023
234,235,Aaron Casey,0,0,0.0,0,0,0,0,0,0,0.0,0.0,0.0%,LB,2023
235,236,Jacob Roberts,0,0,0.0,0,0,0,0,0,0,0.0,0.0,0.0%,LB,2023
236,237,Jimmy Ciarlo,0,0,0.0,0,0,0,0,0,0,0.0,0.0,0.0%,LB,2023
237,238,Jett Johnson,0,0,0.0,0,0,0,0,0,0,0.0,0.0,0.0%,LB,2023
238,239,Winston Reid,0,0,0.0,0,0,0,0,0,0,0.0,0.0,0.0%,LB,2023
239,240,Jason Johnson,0,0,0.0,0,0,0,0,0,0,0.0,0.0,0.0%,LB,2023
240,241,John McCartan,0,0,0.0,0,0,0,0,0,0,0.0,0.0,0.0%,LB,2023
241,242,Yvandy Rigby,0,0,0.0,0,0,0,0,0,0,0.0,0.0,0.0%,LB,2023
242,243,Brock Mogensen,0,0,0.0,0,0,0,0,0,0,0.0,0.0,0.0%,LB,2023
243,244,Jaylen Harrell,0,0,0.0,0,0,0,0,0,0,0.0,0.0,0.2%,LB,2023
244,245,JD Bertrand,0,0,0.0,0,0,0,0,0,0,0.0,0.0,1.3%,LB,2023
245,246,Jordan Magee,0,0,0.0,0,0,0,0,0,0,0.0,0.0,2.6%,LB,2023
246,247,Jaylon Carlies,0,0,0.0,0,0,0,0,0,0,0.0,0.0,0.4%,LB,2023
247,248,Nathaniel Watson,0,0,0.0,0,0,0,0,0,0,0.0,0.0,1.1%,LB,2023
248,249,Jamal Hill,0,0,0.0,0,0,0,0,0,0,0.0,0.0,0.0%,LB,2023
249,250,Darius Muasau,0,0,0.0,0,0,0,0,0,0,0.0,0.0,0.2%,LB,2023
250,251,Tatum Bethune,0,0,0.0,0,0,0,0,0,0,0.0,0.0,0.0%,LB,2023
251,252,Jeremiah Jean-Baptiste,0,0,0.0,0,0,0,0,0,0,0.0,0.0,0.0%,LB,2023
252,253,Jacoby Windmon,0,0,0.0,0,0,0,0,0,0,0.0,0.0,0.0%,LB,2023
253,254,Amari Gainer,0,0,0.0,0,0,0,0,0,0,0.0,0.0,0.0%,LB,2023
254,255,Luquay Washington,0,0,0.0,0,0,0,0,0,0,0.0,0.0,0.0%,LB,2023
255,256,Tre'Mon Morris-Brash,0,0,0.0,0,0,0,0,0,0,0.0,0.0,0.0%,LB,2023
256,257,Isaiah Stalbird,0,0,0.0,0,0,0,0,0,0,0.0,0.0,0.0%,LB,2023
257,258,Dallas Gant,0,0,0.0,0,0,0,0,0,0,0.0,0.0,0.0%,LB,2023
258,259,K.J. Cloyd,0,0,0.0,0,0,0,0,0,0,0.0,0.0,0.0%,LB,2023
259,260,Julius Wood,0,0,0.0,0,0,0,0,0,0,0.0,0.0,0.0%,LB,2023
260,261,Michael Barrett,0,0,0.0,0,0,0,0,0,0,0.0,0.0,0.2%,LB,2023
261,262,Julius Wilkerson,0,0,0.0,0,0,0,0,0,0,0.0,0.0,0.0%,LB,2023
262,263,Isaiah Major,0,0,0.0,0,0,0,0,0,0,0.0,0.0,0.0%,LB,2023
263,264,Danny Abraham,0,0,0.0,0,0,0,0,0,0,0.0,0.0,0.0%,LB,2023
264,265,Aaron Brule,0,0,0.0,0,0,0,0,0,0,0.0,0.0,0.0%,LB,2023
265,266,Devin Richardson,0,0,0.0,0,0,0,0,0,0,0.0,0.0,0.0%,LB,2023
266,267,Mase Funa,0,0,0.0,0,0,0,0,0,0,0.0,0.0,0.0%,LB,2023
267,268,Travion Brown,0,0,0.0,0,0,0,0,0,0,0.0,0.0,0.0%,LB,2023
268,269,Salvatore Lupoli,0,0,0.0,0,0,0,0,0,0,0.0,0.0,0.0%,LB,2023
269,270,Noah Washington,0,0,0.0,0,0,0,0,0,0,0.0,0.0,0.0%,LB,2023
270,271,Kenny Dyson,0,0,0.0,0,0,0,0,0,0,0.0,0.0,0.0%,LB,2023
271,272,Joe Andreessen,0,0,0.0,0,0,0,0,0,0,0.0,0.0,0.0%,LB,2023
272,273,BJ Davis,0,0,0.0,0,0,0,0,0,0,0.0,0.0,0.0%,LB,2023
273,274,Billy Shaeffer,0,0,0.0,0,0,0,0,0,0,0.0,0.0,0.0%,LB,2023
274,275,Jotham Russell,0,0,0.0,0,0,0,0,0,0,0.0,0.0,0.0%,LB,2023
275,276,Chris Collins,0,0,0.0,0,0,0,0,0,0,0.0,0.0,0.0%,LB,2023
276,277,Shane Lee,0,0,0.0,0,0,0,0,0,0,0.0,0.0,0.0%,LB,2023
277,278,Byron Vaughns,0,0,0.0,0,0,0,0,0,0,0.0,0.0,0.0%,LB,2023
278,279,Levelle Bailey,0,0,0.0,0,0,0,0,0,0,0.0,0.0,0.0%,LB,2023
279,280,DaRon Gilbert,0,0,0.0,0,0,0,0,0,0,0.0,0.0,0.0%,LB,2023
280,281,Omar Speights,0,0,0.0,0,0,0,0,0,0,0.0,0.0,0.0%,LB,2023
281,282,Ralen Goforth,0,0,0.0,0,0,0,0,0,0,0.0,0.0,0.0%,LB,2023
282,283,Maxwell Tooley,0,0,0.0,0,0,0,0,0,0,0.0,0.0,0.0%,LB,2023
283,284,Tarique Barnes,0,0,0.0,0,0,0,0,0,0,0.0,0.0,0.0%,LB,2023
284,285,Craig Young,0,0,0.0,0,0,0,0,0,0,0.0,0.0,0.0%,LB,2023
285,286,Kolbi Fuqua,0,0,0.0,0,0,0,0,0,0,0.0,0.0,0.0%,LB,2023
286,287,Andrew Parker,0,0,0.0,0,0,0,0,0,0,0.0,0.0,0.0%,LB,2023
287,288,Trey Kiser,0,0,0.0,0,0,0,0,0,0,0.0,0.0,0.0%,LB,2023
288,289,Elias Neal,0,0,0.0,0,0,0,0,0,0,0.0,0.0,0.0%,LB,2023
289,290,Easton Gibbs,0,0,0.0,0,0,0,0,0,0,0.0,0.0,0.0%,LB,2023
290,291,Bo Bauer,0,0,0.0,0,0,0,0,0,0,0.0,0.0,0.0%,LB,2023
291,292,Swayze Bozeman,0,0,0.0,0,0,0,0,0,0,0.0,0.0,0.0%,LB,2023
292,293,Paul Moala,0,0,0.0,0,0,0,0,0,0,0.0,0.0,0.0%,LB,2023
293,294,Jontrey Hunter,0,0,0.0,0,0,0,0,0,0,0.0,0.0,0.0%,LB,2023
294,295,Edefuan Ulofoshio,0,0,0.0,0,0,0,0,0,0,0.0,0.0,0.2%,LB,2023
295,296,Claudin Cherelus,0,0,0.0,0,0,0,0,0,0,0.0,0.0,0.0%,LB,2023
296,297,Cam Jones,0,0,0.0,0,0,0,0,0,1,0.0,0.0,0.2%,LB,2023
297,298,Eku Leota,0,0,0.0,0,0,0,0,0,1,0.0,0.0,0.0%,LB,2023
298,299,Trevor Nowaske,0,0,0.0,0,0,0,0,0,0,0.0,0.0,0.0%,LB,2023
299,300,Mitchell Agude,0,0,0.0,0,0,0,0,0,0,0.0,0.0,0.0%,LB,2023
300,301,Ezekiel Vandenburgh,0,0,0.0,0,0,0,0,0,0,0.0,0.0,0.0%,LB,2023
301,302,Malik Hamm,0,0,0.0,0,0,0,0,0,0,0.0,0.0,0.0%,LB,2023
302,303,Dyontae Johnson,0,0,0.0,0,0,0,0,0,0,0.0,0.0,0.0%,LB,2023
303,304,Donavan Mutin,0,0,0.0,0,0,0,0,0,0,0.0,0.0,0.0%,LB,2023
304,305,Markees Watts,0,0,0.0,0,0,0,0,0,0,0.0,0.0,0.2%,LB,2023
305,306,Patrick O'Connell,0,0,0.0,0,0,0,0,0,0,0.0,0.0,0.0%,LB,2023
306,307,Keshawn Banks,0,0,0.0,0,0,0,0,0,0,0.0,0.0,0.2%,LB,2023
307,308,Liam Anderson,0,0,0.0,0,0,0,0,0,0,0.0,0.0,0.0%,LB,2023
308,309,Kenneth Odumegwu,0,0,0.0,0,0,0,0,0,0,0.0,0.0,0.0%,LB,2023
309,310,Shaka Heyward,0,0,0.0,0,0,0,0,0,0,0.0,0.0,0.0%,LB,2023
310,311,Christian Young,0,0,0.0,0,0,0,0,0,0,0.0,0.0,1.0%,LB,2023
311,312,Micah Baskerville,0,0,0.0,0,0,0,0,0,0,0.0,0.0,0.0%,LB,2023
312,313,Charlie Thomas,0,0,0.0,0,0,0,0,0,0,0.0,0.0,0.0%,LB,2023
313,314,Ben VanSumeren,0,0,0.0,0,0,0,0,0,0,0.0,0.0,0.0%,LB,2023
314,315,Curtis Jacobs,0,0,0.0,0,0,0,0,0,0,0.0,0.0,0.0%,LB,2023
315,316,Cedric Gray,0,0,0.0,0,0,0,0,0,0,0.0,0.0,6.8%,LB,2023
316,317,Tommy Eichenberg,0,0,0.0,0,0,0,0,0,0,0.0,0.0,1.1%,LB,2023
317,318,Trevin Wallace,0,0,0.0,0,0,0,0,0,0,0.0,0.0,7.0%,LB,2023
318,319,Payton Wilson,0,0,0.0,0,0,0,0,0,0,0.0,0.0,11.4%,LB,2023
319,320,Chris Braswell,0,0,0.0,0,0,0,0,0,0,0.0,0.0,2.2%,LB,2023
320,321,Ty'Ron Hopper,0,0,0.0,0,0,0,0,0,0,0.0,0.0,4.4%,LB,2023
321,322,Jaylan Ford,0,0,0.0,0,0,0,0,0,0,0.0,0.0,0.5%,LB,2023
322,323,Marist Liufau,0,0,0.0,0,0,0,0,0,0,0.0,0.0,4.4%,LB,2023
323,324,Javon Solomon,0,0,0.0,0,0,0,0,0,0,0.0,0.0,0.0%,LB,2023
324,325,Tyrus Wheat,0,0,0.0,0,0,0,0,0,1,0.0,0.0,0.0%,LB,2023
325,326,Thomas Incoom,0,0,0.0,0,0,0,0,0,0,0.0,0.0,0.4%,LB,2023
326,327,Otis Reese,0,0,0.0,0,0,0,0,0,0,0.0,0.0,1.5%,LB,2023
327,328,Drake Thomas,0,0,0.0,0,0,0,0,0,0,0.0,0.0,0.0%,LB,2023
328,329,Tyler Murray,0,0,0.0,0,0,0,0,0,0,0.0,0.0,0.0%,LB,2023
329,330,Isaiah Land,0,0,0.0,0,0,0,0,0,0,0.0,0.0,0.0%,LB,2023
330,331,Edgerrin Cooper,0,0,0.0,0,0,0,0,0,0,0.0,0.0,18.3%,LB,2023
331,332,Caleb Johnson,0,0,0.0,0,0,0,0,0,1,0.0,0.0,0.0%,LB,2023
332,333,Dallas Turner,0,0,0.0,0,0,0,0,0,0,0.0,0.0,16.8%,LB,2023
333,334,Junior Colson,0,0,0.0,0,0,0,0,0,0,0.0,0.0,17.8%,LB,2023
334,335,Nick Bolton,0,0,0.0,0,0,0,0,0,0,0.0,0.0,52.3%,LB,2023
335,336,Quincy Roche,0,0,0.0,0,0,0,0,0,1,0.0,0.0,0.0%,LB,2023
336,337,Chazz Surratt,0,0,0.0,0,0,0,0,0,1,0.0,0.0,0.9%,LB,2023
337,338,Odafe Oweh,0,1,0.0,0,0,0,0,0,1,0.0,0.0,6.6%,LB,2023
338,339,Ade Ogundeji,0,0,0.0,0,0,0,0,0,0,0.0,0.0,0.0%,LB,2023
339,340,Jeff Gunter,0,0,0.0,0,0,0,0,0,0,0.0,0.0,0.2%,LB,2023
340,341,Tyreke Smith,0,0,0.0,0,0,0,0,0,0,0.0,0.0,0.2%,LB,2023
341,342,Travon Walker,1,1,1.0,0,0,0,0,0,1,0.0,0.0,11.9%,LB,2023
342,343,Boye Mafe,3,5,1.0,0,0,0,1,0,1,0.0,0.0,8.6%,LB,2023
343,344,Cameron Thomas,0,1,0.0,0,0,0,0,0,1,0.0,0.0,0.2%,LB,2023
344,345,Chad Muma,0,0,0.0,0,0,0,0,0,0,0.0,0.0,2.1%,LB,2023
345,346,Josh Ross,0,0,0.0,0,0,0,0,0,0,0.0,0.0,0.0%,LB,2023
346,347,Nik Bonitto,1,0,0.0,1,0,0,0,0,1,0.0,0.0,1.8%,LB,2023
347,348,David Ojabo,0,0,0.0,0,0,0,0,0,0,0.0,0.0,3.5%,LB,2023
348,349,Channing Tindall,0,0,0.0,0,0,0,0,0,0,0.0,0.0,0.5%,LB,2023
349,350,Byron Young,0,0,0.0,0,0,0,0,0,0,0.0,0.0,0.2%,LB,2023
350,351,Brian Asamoah,0,0,0.0,0,0,0,0,0,0,0.0,0.0,3.1%,LB,2023
351,352,D'Marco Jackson,0,0,0.0,0,0,0,0,0,0,0.0,0.0,0.4%,LB,2023
352,353,Amare Barno,0,1,0.0,0,0,0,0,0,1,0.0,0.0,0.7%,LB,2023
353,354,Arnold Ebiketie,2,0,1.0,0,0,0,0,0,1,0.0,0.0,1.8%,LB,2023
354,355,Malcolm Rodriguez,0,0,0.0,0,0,0,0,0,1,0.0,0.0,2.7%,LB,2023
355,356,Darrian Beavers,0,0,0.0,0,0,0,0,0,0,0.0,0.0,0.2%,LB,2023
356,357,Cameron Goode,0,0,0.0,0,0,0,0,0,0,0.0,0.0,0.2%,LB,2023
357,358,Amari Burney,3,2,0.0,0,0,0,0,0,1,0.0,0.0,0.9%,LB,2023
358,359,Olakunle Fatukasi,0,0,0.0,0,0,0,0,0,0,0.0,0.0,0.0%,LB,2023
359,360,SirVocea Dennis,0,0,0.0,0,0,0,0,0,1,0.0,0.0,5.3%,LB,2023
360,361,Baylon Spector,0,0,0.0,0,0,0,0,0,0,0.0,0.0,0.9%,LB,2023
361,362,Jake Hansen,0,0,0.0,0,0,0,0,0,1,0.0,0.0,0.0%,LB,2023
362,363,Zach VanValkenburg,0,1,0.0,0,0,0,0,0,1,0.0,0.0,3.0%,LB,2023
363,364,JoJo Domann,0,0,0.0,0,0,0,0,0,0,0.0,0.0,0.0%,LB,2023
364,365,Ochaun Mathis,1,0,0.0,0,0,0,0,0,1,0.0,0.0,0.0%,LB,2023
365,366,Darien Butler,0,0,0.0,0,0,0,0,0,0,0.0,0.0,0.2%,LB,2023
366,367,DeAngelo Malone,0,1,0.0,0,0,0,0,0,1,0.0,0.0,0.0%,LB,2023
367,368,Chandler Wooten,0,0,0.0,0,0,0,0,0,0,0.0,0.0,0.4%,LB,2023
368,369,Nephi Sewell,0,0,0.0,0,0,0,0,0,0,0.0,0.0,0.6%,LB,2023
369,370,J.J. Russell,0,0,0.0,0,0,0,0,0,0,0.0,0.0,0.9%,LB,2023
370,371,Arron Mosby,0,0,0.0,0,0,0,0,0,0,0.0,0.0,0.2%,LB,2023
371,372,Azeez Ojulari,0,0,0.0,0,0,0,0,0,0,0.0,0.0,2.2%,LB,2023
372,373,Buddy Johnson,0,0,0.0,0,0,0,0,0,0,0.0,0.0,0.0%,LB,2023
373,374,Garret Wallow,0,0,0.0,0,0,0,0,0,0,0.0,0.0,0.0%,LB,2023
374,375,Divine Deablo,0,0,0.0,0,0,0,0,0,0,0.0,0.0,13.4%,LB,2023
375,376,Chris Rumph,2,0,0.0,0,0,0,0,0,1,0.0,0.0,0.4%,LB,2023
376,377,Steele Chambers,0,0,0.0,0,0,0,0,0,0,0.0,0.0,0.0%,LB,2023
377,378,Pat Jones,0,0,0.0,0,0,0,0,0,1,0.0,0.0,0.4%,LB,2023
378,379,Sam Kamara,0,0,0.0,0,0,0,0,0,0,0.0,0.0,2.0%,LB,2023
379,380,Jamien Sherwood,0,0,0.0,0,0,0,0,0,1,0.0,0.0,3.1%,LB,2023
380,381,Isaiah McDuffie,0,0,0.0,0,0,0,0,0,0,0.0,0.0,4.4%,LB,2023
381,382,Charles Snowden,0,0,0.0,0,0,0,0,0,0,0.0,0.0,0.0%,LB,2023
382,383,Victor Dimukeje,1,2,0.5,0,0,0,0,0,1,0.0,0.0,0.7%,LB,2023
383,384,Jaelan Phillips,7,1,1.0,0,0,0,0,0,1,0.0,0.0,10.0%,LB,2023
384,385,Cameron McGrone,0,0,0.0,0,0,0,0,0,0,0.0,0.0,0.2%,LB,2023
385,386,Brenton Cox,0,0,0.0,0,0,0,0,0,0,0.0,0.0,0.0%,LB,2023
386,387,Rashad Weaver,0,0,0.0,0,0,0,0,0,0,0.0,0.0,0.5%,LB,2023
387,388,K.J. Britt,0,0,0.0,0,0,0,0,0,1,0.0,0.0,9.3%,LB,2023
388,389,Ronnie Perkins,1,0,0.0,0,0,0,0,0,1,0.0,0.0,0.0%,LB,2023
389,390,Elerson Smith,0,0,0.0,0,0,0,0,0,0,0.0,0.0,0.0%,LB,2023
390,391,Patrick Johnson,0,0,0.0,0,0,0,0,0,0,0.0,0.0,0.0%,LB,2023
391,392,Jeremiah Moon,0,0,0.0,0,0,0,0,0,0,0.0,0.0,0.0%,LB,2023
392,393,Jonathon Cooper,1,2,0.5,0,0,0,1,0,1,0.0,0.0,17.4%,LB,2023
393,394,Caleb Johnson,0,0,0.0,0,0,0,0,0,0,0.0,0.0,0.9%,LB,2023
394,395,Grant Stuard,0,0,0.0,0,0,0,0,0,1,0.0,0.0,1.1%,LB,2023
395,396,Kayvon Thibodeaux,6,3,3.0,0,0,1,0,0,1,0.0,0.0,23.3%,LB,2023
396,397,Curtis Robinson,0,0,0.0,0,0,0,0,0,0,0.0,0.0,0.4%,LB,2023
397,398,Brendon White,0,0,0.0,0,0,0,0,0,0,0.0,0.0,0.0%,LB,2023
398,399,Ventrell Miller,0,0,0.0,0,0,0,0,0,0,0.0,0.0,1.2%,LB,2023
399,400,Kingsley Enagbare,2,0,0.0,0,0,0,0,0,1,0.0,0.0,0.4%,LB,2023
400,401,Zayne Anderson,0,0,0.0,0,0,0,0,0,0,0.0,0.0,0.2%,LB,2023
401,402,Amen Ogbongbemiga,0,0,0.0,0,0,0,0,0,1,0.0,0.0,0.2%,LB,2023
402,403,Christian Elliss,0,0,0.0,0,0,0,0,0,1,0.0,0.0,1.1%,LB,2023
403,404,Milo Eifler,0,0,0.0,0,0,0,0,0,0,0.0,0.0,0.2%,LB,2023
404,405,Jon Rhattigan,0,0,0.0,0,0,0,0,0,0,0.0,0.0,1.1%,LB,2023
405,406,Tom Wort,0,0,0.0,0,0,0,0,0,0,0.0,0.0,0.0%,LB,2023
406,407,Nick Bellore,0,0,0.0,0,0,0,0,0,1,0.0,0.0,7.0%,LB,2023
407,408,J.T. Thomas,0,0,0.0,0,0,0,0,0,0,0.0,0.0,0.0%,LB,2023
408,409,Jadeveon Clowney,1,1,0.0,0,0,0,0,0,1,0.0,0.0,22.5%,LB,2023
409,410,Nathan Triplett,0,0,0.0,0,0,0,0,0,0,0.0,0.0,0.0%,LB,2023
410,411,Markell Carter,0,0,0.0,0,0,0,0,0,0,0.0,0.0,0.0%,LB,2023
411,412,Ross Homan,0,0,0.0,0,0,0,0,0,0,0.0,0.0,0.0%,LB,2023
412,413,Von Miller,0,0,0.0,0,0,0,0,0,1,0.0,0.0,2.5%,LB,2023
413,414,Justin Houston,0,1,0.0,0,0,0,0,0,1,0.0,0.0,0.0%,LB,2023
414,415,Akinola Ayodele,0,0,0.0,0,0,0,0,0,0,0.0,0.0,0.0%,LB,2023
415,416,Scott McKillop,0,0,0.0,0,0,0,0,0,0,0.0,0.0,0.0%,LB,2023
416,417,Raekwon McMillan,0,0,0.0,0,0,0,0,0,0,0.0,0.0,0.4%,LB,2023
417,418,Matt Milano,0,0,0.0,0,0,0,0,0,0,0.0,0.0,22.8%,LB,2023
418,419,Haason Reddick,3,0,1.0,0,0,1,0,0,1,0.0,0.0,17.6%,LB,2023
419,420,Zach Triner,0,0,0.0,0,0,0,0,0,0,0.0,0.0,0.0%,LB,2023
420,421,Taybor Pepper,0,0,0.0,0,0,0,0,0,0,0.0,0.0,0.0%,LB,2023
421,422,Takk McKinley,0,0,0.0,0,0,0,0,0,0,0.0,0.0,1.1%,LB,2023
422,423,Ifeadi Odenigbo,0,0,0.0,0,0,0,0,0,0,0.0,0.0,4.0%,LB,2023
423,424,Eric Wilson,0,0,0.0,0,0,0,0,0,1,0.0,0.0,0.5%,LB,2023
424,425,Duke Riley,0,0,0.0,0,0,0,0,0,1,0.0,0.0,4.0%,LB,2023
425,426,Jalen Reeves-Maybin,0,0,0.0,0,0,0,0,0,0,0.0,0.0,1.3%,LB,2023
426,427,Dawuane Smoot,1,0,0.0,0,0,0,0,0,1,0.0,0.0,0.4%,LB,2023
427,428,Tanoh Kpassagnon,0,1,0.0,0,0,0,0,0,1,0.0,0.0,0.0%,LB,2023
428,429,Calvin Munson,0,0,0.0,0,0,0,0,0,0,0.0,0.0,0.0%,LB,2023
429,430,Reid Ferguson,0,0,0.0,0,0,0,0,0,0,0.0,0.0,0.0%,LB,2023
430,431,Luke Rhodes,0,0,0.0,0,0,0,0,0,0,0.0,0.0,0.0%,LB,2023
431,432,Scott Daly,0,0,0.0,0,0,0,0,0,0,0.0,0.0,0.0%,LB,2023
432,433,Genard Avery,0,0,0.0,0,0,0,0,0,0,0.0,0.0,0.0%,LB,2023
433,434,Matthew Adams,0,0,0.0,0,0,0,0,0,1,0.0,0.0,0.2%,LB,2023
434,435,Christian Kuntz,0,0,0.0,0,0,0,0,0,1,0.0,0.0,0.0%,LB,2023
435,436,Uchenna Nwosu,0,0,0.0,0,0,0,0,0,0,0.0,0.0,17.7%,LB,2023
436,437,Jason Cabinda,0,0,0.0,0,0,0,0,0,1,0.0,0.0,0.0%,LB,2023
437,438,Ben Niemann,0,0,0.0,0,0,0,0,0,0,0.0,0.0,0.4%,LB,2023
438,439,Andre Smith,0,0,0.0,0,0,0,0,0,1,0.0,0.0,0.2%,LB,2023
439,440,Ogbo Okoronkwo,0,0,0.0,0,0,0,0,0,1,0.0,0.0,2.7%,LB,2023
440,441,Trent Sieg,0,0,0.0,0,0,0,0,0,0,0.0,0.0,0.0%,LB,2023
441,442,Chris Board,0,0,0.0,0,0,0,0,0,0,0.0,0.0,1.5%,LB,2023
442,443,Nicholas Morrow,0,0,0.0,0,0,0,0,0,1,0.0,0.0,4.9%,LB,2023
443,444,Joe Jones,0,0,0.0,0,0,0,0,0,1,0.0,0.0,0.0%,LB,2023
444,445,Thomas Hennessy,0,0,0.0,0,0,0,0,0,1,0.0,0.0,0.0%,LB,2023
445,446,Arden Key,0,2,0.0,0,0,0,0,0,1,0.0,0.0,2.4%,LB,2023
446,447,Marcus Davenport,0,0,0.0,0,0,0,0,0,0,0.0,0.0,2.1%,LB,2023
447,448,Randy Gregory,1,0,0.0,0,0,0,0,0,1,0.0,0.0,2.2%,LB,2023
448,449,Shaq Thompson,0,0,0.0,0,0,0,0,0,0,0.0,0.0,14.8%,LB,2023
449,450,Danielle Hunter,3,0,1.0,0,0,2,0,0,1,0.0,0.0,52.9%,LB,2023
450,451,Frank Clark,0,1,0.0,0,0,0,0,0,1,0.0,0.0,0.0%,LB,2023
451,452,Damien Wilson,0,0,0.0,0,0,0,0,0,0,0.0,0.0,0.0%,LB,2023
452,453,Rick Lovato,0,0,0.0,0,0,0,0,0,0,0.0,0.0,0.0%,LB,2023
453,454,Andrew DePaola,0,0,0.0,0,0,0,0,0,0,0.0,0.0,0.0%,LB,2023
454,455,Josh Harris,0,0,0.0,0,0,0,0,0,0,0.0,0.0,0.0%,LB,2023
455,456,JJ Jansen,0,0,0.0,0,0,0,0,0,0,0.0,0.0,0.0%,LB,2023
456,457,Joey Bosa,2,2,1.0,0,0,0,0,0,1,0.0,0.0,16.7%,LB,2023
457,458,Patrick Scales,0,0,0.0,0,0,0,0,0,0,0.0,0.0,0.0%,LB,2023
458,459,Jon Weeks,0,0,0.0,0,0,0,0,0,0,0.0,0.0,0.0%,LB,2023
459,460,Joe Cardona,0,0,0.0,0,0,0,0,0,1,0.0,0.0,0.0%,LB,2023
460,461,Charley Hughlett,0,0,0.0,0,0,0,0,0,0,0.0,0.0,0.0%,LB,2023
461,462,Morgan Cox,0,0,0.0,0,0,0,0,0,0,0.0,0.0,0.0%,LB,2023
462,463,Aaron Brewer,0,0,0.0,0,0,0,0,0,0,0.0,0.0,0.0%,LB,2023
463,464,Tyler Ott,0,0,0.0,0,0,0,0,0,0,0.0,0.0,0.0%,LB,2023
464,465,Matthew Judon,0,0,0.0,0,0,0,0,0,0,0.0,0.0,16.8%,LB,2023
465,466,Jihad Ward,1,0,0.0,0,0,0,1,0,1,0.0,0.0,0.2%,LB,2023
466,467,Nick Vigil,0,0,0.0,0,0,0,0,0,1,0.0,0.0,0.0%,LB,2023
467,468,Casey Kreiter,0,0,0.0,0,0,0,0,0,0,0.0,0.0,0.0%,LB,2023
468,469,Neville Hewitt,0,0,0.0,0,0,0,0,0,1,0.0,0.0,0.0%,LB,2023
469,470,Shayne Simon,0,0,0.0,0,0,0,0,0,0,0.0,0.0,0.0%,LB,2023
