,Rank,Player,Pass Completions,Pass Attempts,Pass Completion/Attempts,Passing Yards,Passsing Yards/Attempt,Passing Touchdowns,Interception,Sacks,Rushing Attempts,Rushing Yards,Rushing Touchdown,Fumbles,Games Played,Fantasy Football Points,FTPS/Game,ROST,Position,Year
0,1,Justin Herbert,40,47,85.1,405,8.6,3,0,1,2,11,0,0,1,29.3,29.3,63.8%,QB,2023
1,2,Tua Tagovailoa,23,26,88.5,309,11.9,4,0,0,0,0,0,0,1,28.4,28.4,79.8%,QB,2023
2,3,Lamar Jackson,22,31,71.0,202,6.5,0,0,4,14,101,2,1,1,28.2,28.2,99.3%,QB,2023
3,4,Kirk Cousins,32,50,64.0,367,7.3,3,1,4,1,10,0,0,1,26.7,26.7,38.6%,QB,2023
4,5,Patrick Mahomes,24,33,72.7,272,8.2,3,0,0,3,28,0,0,1,25.7,25.7,99.4%,QB,2023
5,6,Jordan Love,22,44,50.0,259,5.9,1,1,1,9,39,1,0,1,25.3,25.3,86.1%,QB,2023
6,7,Andy Dalton,34,58,58.6,361,6.2,2,0,3,2,11,0,0,1,23.5,23.5,0.1%,QB,2023
7,8,Josh Allen,20,32,62.5,218,6.8,1,1,0,3,46,1,0,1,22.3,22.3,99.9%,QB,2023
8,9,Jalen Hurts,23,37,62.2,277,7.5,1,2,1,10,28,1,0,1,21.9,21.9,99.9%,QB,2023
9,10,Deshaun Watson,27,33,81.8,289,8.8,2,0,3,4,16,0,0,1,21.2,21.2,29.7%,QB,2023
10,11,Jimmy Garoppolo,28,44,63.6,324,7.4,2,3,4,2,7,0,0,1,20.7,20.7,1.7%,QB,2023
11,12,C.J. Stroud,20,30,66.7,280,9.3,2,0,0,3,14,0,0,1,20.6,20.6,92.9%,QB,2023
12,13,Brock Purdy,25,37,67.6,310,8.4,2,0,2,4,-1,0,0,1,20.3,20.3,92.2%,QB,2023
13,14,Jared Goff,22,33,66.7,243,7.4,1,1,0,5,3,1,0,1,19.0,19.0,70.8%,QB,2023
14,15,Kenny Pickett,16,28,57.1,235,8.4,2,0,1,3,11,0,0,1,18.5,18.5,6.9%,QB,2023
15,16,Joshua Dobbs,17,21,81.0,189,9.0,1,0,2,6,55,0,0,1,17.1,17.1,11.2%,QB,2023
16,17,Geno Smith,23,36,63.9,296,8.2,1,1,2,4,-4,0,0,1,16.4,16.4,38.2%,QB,2023
17,18,Trevor Lawrence,27,40,67.5,279,7.0,1,1,0,3,12,0,0,1,15.4,15.4,70.0%,QB,2023
18,19,Dak Prescott,25,40,62.5,249,6.2,1,1,2,3,24,0,0,1,15.4,15.4,96.4%,QB,2023
19,20,Russell Wilson,23,38,60.5,306,8.1,1,1,1,0,0,0,0,1,15.2,15.2,30.7%,QB,2023
20,21,Matthew Stafford,18,33,54.5,269,8.2,1,2,6,1,7,0,0,1,13.5,13.5,57.0%,QB,2023
21,22,Mac Jones,15,29,51.7,201,6.9,1,0,0,4,13,0,0,1,13.3,13.3,2.2%,QB,2023
22,23,Gardner Minshew,27,44,61.4,227,5.2,1,0,5,0,0,0,0,1,13.1,13.1,16.8%,QB,2023
23,24,Justin Fields,11,22,50.0,99,4.5,1,1,3,11,47,0,0,1,11.7,11.7,49.9%,QB,2023
24,25,Baker Mayfield,15,25,60.0,146,5.8,1,1,2,1,2,0,0,1,11.0,11.0,43.8%,QB,2023
25,26,Joe Burrow,26,49,53.1,259,5.3,0,1,2,3,-2,0,0,1,9.2,9.2,63.4%,QB,2023
26,27,Derek Carr,13,18,72.2,103,5.7,1,0,3,0,0,0,0,1,8.1,8.1,25.1%,QB,2023
27,28,Mike White,2,2,100.0,67,33.5,1,0,0,1,-1,0,0,1,6.6,6.6,0.2%,QB,2023
28,29,Zach Wilson,18,36,50.0,157,4.4,0,0,3,1,1,0,0,1,6.4,6.4,2.3%,QB,2023
29,30,Desmond Ridder,21,38,55.3,201,5.3,0,0,7,2,3,0,1,1,6.3,6.3,3.7%,QB,2023
30,31,Daniel Jones,22,32,68.8,137,4.3,0,1,2,2,5,0,0,1,5.0,5.0,10.7%,QB,2023
31,32,Sam Howell,19,29,65.5,170,5.9,0,4,9,1,18,0,0,1,4.6,4.6,29.0%,QB,2023
32,33,Ryan Tannehill,13,25,52.0,104,4.2,0,0,5,0,0,0,0,1,4.2,4.2,1.1%,QB,2023
33,34,Jameis Winston,10,16,62.5,101,6.3,0,0,1,0,0,0,0,1,4.0,4.0,0.7%,QB,2023
34,35,C.J. Beathard,2,2,100.0,9,4.5,0,0,0,0,0,0,0,1,0.4,0.4,1.0%,QB,2023
35,36,Tyrod Taylor,0,1,0.0,0,0.0,0,0,0,1,2,0,0,1,0.2,0.2,2.7%,QB,2023
36,37,Casey Bauman,0,0,0.0,0,0.0,0,0,0,0,0,0,0,0,0.0,0.0,0.0%,QB,2023
37,38,John Rhys,0,0,0.0,0,0.0,0,0,0,0,0,0,0,0,0.0,0.0,0.0%,QB,2023
38,39,Davis Mills,0,0,0.0,0,0.0,0,0,0,0,0,0,0,0,0.0,0.0,0.1%,QB,2023
39,40,Bryce Young,0,0,0.0,0,0.0,0,0,0,0,0,0,0,0,0.0,0.0,9.3%,QB,2023
40,41,Jayden Daniels,0,0,0.0,0,0.0,0,0,0,0,0,0,0,0,0.0,0.0,78.3%,QB,2023
41,42,Bo Nix,0,0,0.0,0,0.0,0,0,0,0,0,0,0,0,0.0,0.0,4.3%,QB,2023
42,43,Gunnar Watson,0,0,0.0,0,0.0,0,0,0,0,0,0,0,0,0.0,0.0,0.0%,QB,2023
43,44,Zack Annexstad,0,0,0.0,0,0.0,0,0,0,0,0,0,0,0,0.0,0.0,0.0%,QB,2023
44,45,Andrew Peasley,0,0,0.0,0,0.0,0,0,0,0,0,0,0,0,0.0,0.0,0.0%,QB,2023
45,46,Kyle Trask,0,0,0.0,0,0.0,0,0,0,0,0,0,0,0,0.0,0.0,0.2%,QB,2023
46,47,Sam Ehlinger,0,0,0.0,0,0.0,0,0,0,0,0,0,0,0,0.0,0.0,0.1%,QB,2023
47,48,Aeneas Dennis,0,0,0.0,0,0.0,0,0,0,0,0,0,0,0,0.0,0.0,0.0%,QB,2023
48,49,Jeremy Moussa,0,0,0.0,0,0.0,0,0,0,0,0,0,0,0,0.0,0.0,0.0%,QB,2023
49,50,Wiliam Thompson,0,0,0.0,0,0.0,0,0,0,0,0,0,0,0,0.0,0.0,0.0%,QB,2023
50,51,Tyler Huntley,0,0,0.0,0,0.0,0,0,0,0,0,0,0,0,0.0,0.0,0.6%,QB,2023
51,52,Shane Buechele,0,0,0.0,0,0.0,0,0,0,0,0,0,0,0,0.0,0.0,0.0%,QB,2023
52,53,Cade Peterson,0,0,0.0,0,0.0,0,0,0,0,0,0,0,0,0.0,0.0,0.0%,QB,2023
53,54,Ian Book,0,0,0.0,0,0.0,0,0,0,0,0,0,0,0,0.0,0.0,0.1%,QB,2023
54,55,Sean Clifford,0,0,0.0,0,0.0,0,0,0,0,0,0,0,0,0.0,0.0,0.2%,QB,2023
55,56,Trey Lance,0,0,0.0,0,0.0,0,0,0,0,0,0,0,0,0.0,0.0,0.8%,QB,2023
56,57,John Paddock,0,0,0.0,0,0.0,0,0,0,0,0,0,0,0,0.0,0.0,0.0%,QB,2023
57,58,Dorian Thompson-Robinson,0,0,0.0,0,0.0,0,0,0,0,0,0,0,1,0.0,0.0,0.6%,QB,2023
58,59,Rocky Lombardi,0,0,0.0,0,0.0,0,0,0,0,0,0,0,0,0.0,0.0,0.0%,QB,2023
59,60,Devin Leary,0,0,0.0,0,0.0,0,0,0,0,0,0,0,0,0.0,0.0,0.0%,QB,2023
60,61,Jake Haener,0,0,0.0,0,0.0,0,0,0,0,0,0,0,0,0.0,0.0,0.0%,QB,2023
61,62,Tanner McKee,0,0,0.0,0,0.0,0,0,0,0,0,0,0,0,0.0,0.0,0.0%,QB,2023
62,63,Chris Oladokun,0,0,0.0,0,0.0,0,0,0,0,0,0,0,0,0.0,0.0,0.0%,QB,2023
63,64,Aidan O'Connell,0,0,0.0,0,0.0,0,0,0,0,0,0,0,0,0.0,0.0,3.0%,QB,2023
64,65,Hendon Hooker,0,0,0.0,0,0.0,0,0,0,0,0,0,0,0,0.0,0.0,0.5%,QB,2023
65,66,Sam Hartman,0,0,0.0,0,0.0,0,0,0,0,0,0,0,0,0.0,0.0,0.0%,QB,2023
66,67,Anthony Richardson,0,0,0.0,0,0.0,0,0,0,0,0,0,0,0,0.0,0.0,58.5%,QB,2023
67,68,Joe Milton,0,0,0.0,0,0.0,0,0,0,0,0,0,0,0,0.0,0.0,0.2%,QB,2023
68,69,Tommy DeVito,0,0,0.0,0,0.0,0,0,0,0,0,0,0,0,0.0,0.0,3.1%,QB,2023
69,70,Michael Pratt,0,0,0.0,0,0.0,0,0,0,0,0,0,0,0,0.0,0.0,0.1%,QB,2023
70,71,Clayton Tune,0,0,0.0,0,0.0,0,0,0,0,0,0,0,0,0.0,0.0,0.0%,QB,2023
71,72,Tanner Mordecai,0,0,0.0,0,0.0,0,0,0,0,0,0,0,0,0.0,0.0,0.0%,QB,2023
72,73,Nathan Rourke,0,0,0.0,0,0.0,0,0,0,0,0,0,0,0,0.0,0.0,0.0%,QB,2023
73,74,Tyson Bagent,0,0,0.0,0,0.0,0,0,0,0,0,0,0,0,0.0,0.0,0.7%,QB,2023
74,75,Dresser Winn,0,0,0.0,0,0.0,0,0,0,0,0,0,0,0,0.0,0.0,0.0%,QB,2023
75,76,Jordan Travis,0,0,0.0,0,0.0,0,0,0,0,0,0,0,0,0.0,0.0,0.3%,QB,2023
76,77,Gavin Hardison,0,0,0.0,0,0.0,0,0,0,0,0,0,0,0,0.0,0.0,0.0%,QB,2023
77,78,Spencer Rattler,0,0,0.0,0,0.0,0,0,0,0,0,0,0,0,0.0,0.0,0.5%,QB,2023
78,79,Jason Bean,0,0,0.0,0,0.0,0,0,0,0,0,0,0,0,0.0,0.0,0.0%,QB,2023
79,80,Drake Maye,0,0,0.0,0,0.0,0,0,0,0,0,0,0,0,0.0,0.0,6.4%,QB,2023
80,81,Jack Plummer,0,0,0.0,0,0.0,0,0,0,0,0,0,0,0,0.0,0.0,0.0%,QB,2023
81,82,Caleb Williams,0,0,0.0,0,0.0,0,0,0,0,0,0,0,0,0.0,0.0,81.2%,QB,2023
82,83,Max Duggan,0,0,0.0,0,0.0,0,0,0,0,0,0,0,0,0.0,0.0,0.0%,QB,2023
83,84,Emory Jones,0,0,0.0,0,0.0,0,0,0,0,0,0,0,0,0.0,0.0,0.0%,QB,2023
84,85,Michael Penix,0,0,0.0,0,0.0,0,0,0,0,0,0,0,0,0.0,0.0,1.8%,QB,2023
85,86,Will Levis,0,0,0.0,0,0.0,0,0,0,0,0,0,0,0,0.0,0.0,10.3%,QB,2023
86,87,J.J. McCarthy,0,0,0.0,0,0.0,0,0,0,0,0,0,0,0,0.0,0.0,17.1%,QB,2023
87,88,Malik Cunningham,0,0,0.0,0,0.0,0,0,0,0,0,0,0,0,0.0,0.0,0.1%,QB,2023
88,89,Taulia Tagovailoa,0,0,0.0,0,0.0,0,0,0,0,0,0,0,0,0.0,0.0,0.0%,QB,2023
89,90,Stetson Bennett,0,0,0.0,0,0.0,0,0,0,0,0,0,0,0,0.0,0.0,0.2%,QB,2023
90,91,Bailey Zappe,0,0,0.0,0,0.0,0,0,0,0,0,0,0,0,0.0,0.0,1.1%,QB,2023
91,92,Jaren Hall,0,0,0.0,0,0.0,0,0,0,0,0,0,0,0,0.0,0.0,1.6%,QB,2023
92,93,Anthony Brown,0,0,0.0,0,0.0,0,0,0,0,0,0,0,0,0.0,0.0,0.0%,QB,2023
93,94,Austin Reed,0,0,0.0,0,0.0,0,0,0,0,0,0,0,0,0.0,0.0,0.0%,QB,2023
94,95,Skylar Thompson,0,0,0.0,0,0.0,0,0,0,0,0,0,0,0,0.0,0.0,0.1%,QB,2023
95,96,Kedon Slovis,0,0,0.0,0,0.0,0,0,0,0,0,0,0,0,0.0,0.0,0.0%,QB,2023
96,97,Carter Bradley,0,0,0.0,0,0.0,0,0,0,0,0,0,0,0,0.0,0.0,0.0%,QB,2023
97,98,Malik Willis,0,0,0.0,0,0.0,0,0,0,0,0,0,0,1,0.0,0.0,0.1%,QB,2023
98,99,Aaron Rodgers,0,0,0.0,0,0.0,0,0,0,0,0,0,0,0,0.0,0.0,50.0%,QB,2023
99,100,Ben Chappell,0,0,0.0,0,0.0,0,0,0,0,0,0,0,0,0.0,0.0,0.0%,QB,2023
100,101,Adam Froman,0,0,0.0,0,0.0,0,0,0,0,0,0,0,0,0.0,0.0,0.0%,QB,2023
101,102,Erik Ainge,0,0,0.0,0,0.0,0,0,0,0,0,0,0,0,0.0,0.0,0.0%,QB,2023
102,103,Hunter Cantwell,0,0,0.0,0,0.0,0,0,0,0,0,0,0,0,0.0,0.0,0.0%,QB,2023
103,104,Case Keenum,0,0,0.0,0,0.0,0,0,0,0,0,0,0,0,0.0,0.0,0.6%,QB,2023
104,105,Joe Flacco,0,0,0.0,0,0.0,0,0,0,0,0,0,0,0,0.0,0.0,17.3%,QB,2023
105,106,Josh Johnson,0,0,0.0,0,0.0,0,0,0,0,0,0,0,0,0.0,0.0,0.1%,QB,2023
106,107,Logan Woodside,0,0,0.0,0,0.0,0,0,0,0,0,0,0,0,0.0,0.0,0.0%,QB,2023
107,108,Taysom Hill,0,0,0.0,0,0.0,0,0,0,4,12,0,0,1,0.0,0.0,36.5%,QB,2023
108,109,Mason Rudolph,0,0,0.0,0,0.0,0,0,0,0,0,0,0,0,0.0,0.0,1.6%,QB,2023
109,110,Mitchell Trubisky,0,0,0.0,0,0.0,0,0,0,0,0,0,0,0,0.0,0.0,1.1%,QB,2023
110,111,Nathan Peterman,0,0,0.0,0,0.0,0,0,0,0,0,0,0,0,0.0,0.0,0.1%,QB,2023
111,112,Cooper Rush,0,0,0.0,0,0.0,0,0,0,0,0,0,0,0,0.0,0.0,0.2%,QB,2023
112,113,Nick Mullens,0,0,0.0,0,0.0,0,0,0,0,0,0,0,0,0.0,0.0,4.1%,QB,2023
113,114,P.J. Walker,0,0,0.0,0,0.0,0,0,0,0,0,0,0,0,0.0,0.0,0.0%,QB,2023
114,115,Alex McGough,0,0,0.0,0,0.0,0,0,0,0,0,0,0,0,0.0,0.0,0.0%,QB,2023
115,116,Easton Stick,0,0,0.0,0,0.0,0,0,0,0,0,0,0,0,0.0,0.0,1.6%,QB,2023
116,117,Jake Browning,0,0,0.0,0,0.0,0,0,0,0,0,0,0,0,0.0,0.0,20.8%,QB,2023
117,118,Kyler Murray,0,0,0.0,0,0.0,0,0,0,0,0,0,0,0,0.0,0.0,78.8%,QB,2023
118,119,Jarrett Stidham,0,0,0.0,0,0.0,0,0,0,0,0,0,0,0,0.0,0.0,2.7%,QB,2023
119,120,Brett Rypien,0,0,0.0,0,0.0,0,0,0,0,0,0,0,0,0.0,0.0,0.0%,QB,2023
120,121,Tim Boyle,0,0,0.0,0,0.0,0,0,0,0,0,0,0,0,0.0,0.0,0.0%,QB,2023
121,122,John Wolford,0,0,0.0,0,0.0,0,0,0,0,0,0,0,0,0.0,0.0,0.0%,QB,2023
122,123,Drew Lock,0,0,0.0,0,0.0,0,0,0,0,0,0,0,0,0.0,0.0,1.7%,QB,2023
123,124,Will Grier,0,0,0.0,0,0.0,0,0,0,0,0,0,0,0,0.0,0.0,0.0%,QB,2023
124,125,Marcus Mariota,0,0,0.0,0,0.0,0,0,0,0,0,0,0,0,0.0,0.0,3.2%,QB,2023
125,126,Taylor Heinicke,0,0,0.0,0,0.0,0,0,0,0,0,0,0,0,0.0,0.0,3.1%,QB,2023
126,127,Brett Smith,0,0,0.0,0,0.0,0,0,0,0,0,0,0,0,0.0,0.0,0.0%,QB,2023
127,128,Jeff Driskel,0,0,0.0,0,0.0,0,0,0,0,0,0,0,0,0.0,0.0,0.0%,QB,2023
128,129,Jacoby Brissett,0,0,0.0,0,0.0,0,0,0,0,0,0,0,0,0.0,0.0,1.3%,QB,2023
129,130,Brandon Allen,0,0,0.0,0,0.0,0,0,0,0,0,0,0,0,0.0,0.0,0.0%,QB,2023
130,131,Nate Sudfeld,0,0,0.0,0,0.0,0,0,0,0,0,0,0,0,0.0,0.0,0.0%,QB,2023
131,132,Carson Wentz,0,0,0.0,0,0.0,0,0,0,0,0,0,0,0,0.0,0.0,0.7%,QB,2023
132,133,Michael Hiers,0,0,0.0,0,0.0,0,0,0,0,0,0,0,0,0.0,0.0,0.0%,QB,2023
133,134,Sam Darnold,0,0,0.0,0,0.0,0,0,0,1,-1,0,0,1,-0.1,-0.1,1.1%,QB,2023
134,135,Kyle Allen,0,0,0.0,0,0.0,0,0,0,2,-2,0,0,1,-0.2,-0.2,0.0%,QB,2023
135,136,Blaine Gabbert,3,5,60.0,31,6.2,0,2,0,2,-1,0,0,1,-0.9,-0.9,0.0%,QB,2023
