,Rank,Player,Pass Completions,Pass Attempts,Pass Completion/Attempts,Passing Yards,Passsing Yards/Attempt,Passing Touchdowns,Interception,Sacks,Rushing Attempts,Rushing Yards,Rushing Touchdown,Fumbles,Games Played,Fantasy Football Points,FTPS/Game,ROST,Position,Year
0,1,Josh Allen,21,25,84.0,320,12.8,4,0,2,4,17,1,0,1,36.5,36.5,99.9%,QB,2023
1,2,Anthony Richardson,11,25,44.0,200,8.0,2,0,2,10,56,1,1,1,29.6,29.6,58.5%,QB,2023
2,3,Justin Fields,28,35,80.0,335,9.6,4,1,4,4,25,0,1,1,28.9,28.9,49.9%,QB,2023
3,4,Lamar Jackson,15,19,78.9,186,9.8,2,0,3,9,27,2,1,1,28.1,28.1,99.3%,QB,2023
4,5,Justin Herbert,13,24,54.2,167,7.0,1,1,2,12,27,2,0,1,24.4,24.4,63.8%,QB,2023
5,6,Jalen Hurts,25,37,67.6,319,8.6,2,0,3,9,34,0,0,1,24.2,24.2,99.9%,QB,2023
6,7,Baker Mayfield,25,32,78.1,246,7.7,3,1,1,8,31,0,0,1,23.9,23.9,43.8%,QB,2023
7,8,Joshua Dobbs,28,41,68.3,265,6.5,2,0,1,12,48,0,0,1,23.4,23.4,11.2%,QB,2023
8,9,Russell Wilson,21,28,75.0,223,8.0,3,0,1,4,13,0,0,1,22.2,22.2,30.7%,QB,2023
9,10,C.J. Stroud,16,30,53.3,306,10.2,2,0,0,4,16,0,0,1,21.8,21.8,92.9%,QB,2023
10,11,Brock Purdy,20,21,95.2,283,13.5,1,0,1,2,0,1,0,1,21.3,21.3,92.2%,QB,2023
11,12,Jordan Love,23,36,63.9,246,6.8,1,2,5,2,-2,1,0,1,19.6,19.6,86.1%,QB,2023
12,13,Sam Howell,29,41,70.7,290,7.1,1,0,5,6,40,0,0,1,19.6,19.6,29.0%,QB,2023
13,14,Zach Wilson,28,39,71.8,245,6.3,2,0,2,2,14,0,1,1,19.2,19.2,2.3%,QB,2023
14,15,Matthew Stafford,27,40,67.5,319,8.0,1,1,2,2,14,0,0,1,17.2,17.2,57.0%,QB,2023
15,16,Trevor Lawrence,23,30,76.7,207,6.9,1,0,2,8,42,0,0,1,16.5,16.5,70.0%,QB,2023
16,17,Patrick Mahomes,18,30,60.0,203,6.8,1,2,1,7,51,0,0,1,15.2,15.2,99.4%,QB,2023
17,18,Tua Tagovailoa,25,35,71.4,282,8.1,1,1,4,2,7,0,0,1,15.0,15.0,79.8%,QB,2023
18,19,Dak Prescott,28,34,82.4,261,7.7,1,0,3,1,-1,0,0,1,14.3,14.3,96.4%,QB,2023
19,20,Ryan Tannehill,18,25,72.0,240,9.6,1,1,3,6,11,0,0,1,13.7,13.7,1.1%,QB,2023
20,21,Jared Goff,19,28,67.9,210,7.5,1,1,2,2,10,0,0,1,12.4,12.4,70.8%,QB,2023
21,22,Kirk Cousins,12,19,63.2,139,7.3,2,2,2,1,0,0,0,1,11.6,11.6,38.6%,QB,2023
22,23,Aidan O'Connell,24,39,61.5,238,6.1,0,1,7,3,3,1,2,1,10.8,10.8,3.0%,QB,2023
23,24,Daniel Jones,27,34,79.4,203,6.0,0,2,10,10,66,0,1,1,10.7,10.7,10.7%,QB,2023
24,25,Geno Smith,13,20,65.0,110,5.5,1,0,2,0,0,0,0,1,8.2,8.2,38.2%,QB,2023
25,26,Desmond Ridder,19,31,61.3,191,6.2,1,2,4,1,6,0,1,1,8.2,8.2,3.7%,QB,2023
26,27,Bryce Young,25,32,78.1,204,6.4,0,0,5,2,10,0,1,1,7.2,7.2,9.3%,QB,2023
27,28,Joe Burrow,20,30,66.7,165,5.5,0,0,3,3,1,0,1,1,4.7,4.7,63.4%,QB,2023
28,29,Kenny Pickett,15,23,65.2,114,5.0,0,1,3,2,9,0,0,1,4.5,4.5,6.9%,QB,2023
29,30,Dorian Thompson-Robinson,19,36,52.8,121,3.4,0,3,4,4,24,0,0,1,4.2,4.2,0.6%,QB,2023
30,31,Drew Lock,2,6,33.3,63,10.5,0,0,0,1,11,0,0,1,3.6,3.6,1.7%,QB,2023
31,32,Derek Carr,23,37,62.2,127,3.4,0,0,2,2,1,0,1,1,3.2,3.2,25.1%,QB,2023
32,33,Mac Jones,12,21,57.1,150,7.1,0,2,1,3,7,0,1,1,2.7,2.7,2.2%,QB,2023
33,34,Bailey Zappe,4,9,44.4,57,6.3,0,0,1,0,0,0,0,1,2.3,2.3,1.1%,QB,2023
34,35,Tyler Huntley,0,0,0.0,0,0.0,0,0,0,2,8,0,0,1,0.8,0.8,0.6%,QB,2023
35,36,Mitchell Trubisky,3,5,60.0,18,3.6,0,0,0,0,0,0,0,1,0.7,0.7,1.1%,QB,2023
36,37,Cooper Rush,2,2,100.0,20,10.0,0,0,0,3,-2,0,0,1,0.6,0.6,0.2%,QB,2023
37,38,Aaron Rodgers,0,0,0.0,0,0.0,0,0,0,0,0,0,0,0,0.0,0.0,50.0%,QB,2023
38,39,Jayden Daniels,0,0,0.0,0,0.0,0,0,0,0,0,0,0,0,0.0,0.0,78.3%,QB,2023
39,40,Bo Nix,0,0,0.0,0,0.0,0,0,0,0,0,0,0,0,0.0,0.0,4.3%,QB,2023
40,41,Davis Mills,0,0,0.0,0,0.0,0,0,0,0,0,0,0,0,0.0,0.0,0.1%,QB,2023
41,42,Emory Jones,0,0,0.0,0,0.0,0,0,0,0,0,0,0,0,0.0,0.0,0.0%,QB,2023
42,43,Kyle Trask,0,0,0.0,0,0.0,0,0,0,0,0,0,0,0,0.0,0.0,0.2%,QB,2023
43,44,Sam Ehlinger,0,0,0.0,0,0.0,0,0,0,0,0,0,0,0,0.0,0.0,0.1%,QB,2023
44,45,Sean Clifford,0,0,0.0,0,0.0,0,0,0,0,0,0,0,0,0.0,0.0,0.2%,QB,2023
45,46,Shane Buechele,0,0,0.0,0,0.0,0,0,0,0,0,0,0,0,0.0,0.0,0.0%,QB,2023
46,47,Ian Book,0,0,0.0,0,0.0,0,0,0,0,0,0,0,0,0.0,0.0,0.1%,QB,2023
47,48,Trey Lance,0,0,0.0,0,0.0,0,0,0,0,0,0,0,0,0.0,0.0,0.8%,QB,2023
48,49,Michael Penix,0,0,0.0,0,0.0,0,0,0,0,0,0,0,0,0.0,0.0,1.8%,QB,2023
49,50,Michael Pratt,0,0,0.0,0,0.0,0,0,0,0,0,0,0,0,0.0,0.0,0.1%,QB,2023
50,51,Clayton Tune,0,0,0.0,0,0.0,0,0,0,0,0,0,0,0,0.0,0.0,0.0%,QB,2023
51,52,Tanner Mordecai,0,0,0.0,0,0.0,0,0,0,0,0,0,0,0,0.0,0.0,0.0%,QB,2023
52,53,Nathan Rourke,0,0,0.0,0,0.0,0,0,0,0,0,0,0,0,0.0,0.0,0.0%,QB,2023
53,54,Tyson Bagent,0,0,0.0,0,0.0,0,0,0,0,0,0,0,0,0.0,0.0,0.7%,QB,2023
54,55,Jordan Travis,0,0,0.0,0,0.0,0,0,0,0,0,0,0,0,0.0,0.0,0.3%,QB,2023
55,56,Dresser Winn,0,0,0.0,0,0.0,0,0,0,0,0,0,0,0,0.0,0.0,0.0%,QB,2023
56,57,Devin Leary,0,0,0.0,0,0.0,0,0,0,0,0,0,0,0,0.0,0.0,0.0%,QB,2023
57,58,Jake Haener,0,0,0.0,0,0.0,0,0,0,0,0,0,0,0,0.0,0.0,0.0%,QB,2023
58,59,Tanner McKee,0,0,0.0,0,0.0,0,0,0,0,0,0,0,0,0.0,0.0,0.0%,QB,2023
59,60,Tommy DeVito,0,0,0.0,0,0.0,0,0,0,0,0,0,0,0,0.0,0.0,3.1%,QB,2023
60,61,Chris Oladokun,0,0,0.0,0,0.0,0,0,0,0,0,0,0,0,0.0,0.0,0.0%,QB,2023
61,62,Rocky Lombardi,0,0,0.0,0,0.0,0,0,0,0,0,0,0,0,0.0,0.0,0.0%,QB,2023
62,63,John Rhys,0,0,0.0,0,0.0,0,0,0,0,0,0,0,0,0.0,0.0,0.0%,QB,2023
63,64,Casey Bauman,0,0,0.0,0,0.0,0,0,0,0,0,0,0,0,0.0,0.0,0.0%,QB,2023
64,65,Gunnar Watson,0,0,0.0,0,0.0,0,0,0,0,0,0,0,0,0.0,0.0,0.0%,QB,2023
65,66,Zack Annexstad,0,0,0.0,0,0.0,0,0,0,0,0,0,0,0,0.0,0.0,0.0%,QB,2023
66,67,John Paddock,0,0,0.0,0,0.0,0,0,0,0,0,0,0,0,0.0,0.0,0.0%,QB,2023
67,68,Jack Plummer,0,0,0.0,0,0.0,0,0,0,0,0,0,0,0,0.0,0.0,0.0%,QB,2023
68,69,Andrew Peasley,0,0,0.0,0,0.0,0,0,0,0,0,0,0,0,0.0,0.0,0.0%,QB,2023
69,70,Cade Peterson,0,0,0.0,0,0.0,0,0,0,0,0,0,0,0,0.0,0.0,0.0%,QB,2023
70,71,Wiliam Thompson,0,0,0.0,0,0.0,0,0,0,0,0,0,0,0,0.0,0.0,0.0%,QB,2023
71,72,Jeremy Moussa,0,0,0.0,0,0.0,0,0,0,0,0,0,0,0,0.0,0.0,0.0%,QB,2023
72,73,Aeneas Dennis,0,0,0.0,0,0.0,0,0,0,0,0,0,0,0,0.0,0.0,0.0%,QB,2023
73,74,Jason Bean,0,0,0.0,0,0.0,0,0,0,0,0,0,0,0,0.0,0.0,0.0%,QB,2023
74,75,Joe Milton,0,0,0.0,0,0.0,0,0,0,0,0,0,0,0,0.0,0.0,0.2%,QB,2023
75,76,Carter Bradley,0,0,0.0,0,0.0,0,0,0,0,0,0,0,0,0.0,0.0,0.0%,QB,2023
76,77,Gavin Hardison,0,0,0.0,0,0.0,0,0,0,0,0,0,0,0,0.0,0.0,0.0%,QB,2023
77,78,Austin Reed,0,0,0.0,0,0.0,0,0,0,0,0,0,0,0,0.0,0.0,0.0%,QB,2023
78,79,Max Duggan,0,0,0.0,0,0.0,0,0,0,0,0,0,0,0,0.0,0.0,0.0%,QB,2023
79,80,Kedon Slovis,0,0,0.0,0,0.0,0,0,0,0,0,0,0,0,0.0,0.0,0.0%,QB,2023
80,81,J.J. McCarthy,0,0,0.0,0,0.0,0,0,0,0,0,0,0,0,0.0,0.0,17.1%,QB,2023
81,82,Will Levis,0,0,0.0,0,0.0,0,0,0,0,0,0,0,0,0.0,0.0,10.3%,QB,2023
82,83,Malik Cunningham,0,0,0.0,0,0.0,0,0,0,0,0,0,0,0,0.0,0.0,0.1%,QB,2023
83,84,Taulia Tagovailoa,0,0,0.0,0,0.0,0,0,0,0,0,0,0,0,0.0,0.0,0.0%,QB,2023
84,85,Caleb Williams,0,0,0.0,0,0.0,0,0,0,0,0,0,0,0,0.0,0.0,81.2%,QB,2023
85,86,Drake Maye,0,0,0.0,0,0.0,0,0,0,0,0,0,0,0,0.0,0.0,6.4%,QB,2023
86,87,Spencer Rattler,0,0,0.0,0,0.0,0,0,0,0,0,0,0,0,0.0,0.0,0.5%,QB,2023
87,88,Malik Willis,0,0,0.0,0,0.0,0,0,0,0,0,0,0,0,0.0,0.0,0.1%,QB,2023
88,89,Hendon Hooker,0,0,0.0,0,0.0,0,0,0,0,0,0,0,0,0.0,0.0,0.5%,QB,2023
89,90,Sam Hartman,0,0,0.0,0,0.0,0,0,0,0,0,0,0,0,0.0,0.0,0.0%,QB,2023
90,91,Stetson Bennett,0,0,0.0,0,0.0,0,0,0,0,0,0,0,0,0.0,0.0,0.2%,QB,2023
91,92,Jaren Hall,0,0,0.0,0,0.0,0,0,0,0,0,0,0,0,0.0,0.0,1.6%,QB,2023
92,93,Anthony Brown,0,0,0.0,0,0.0,0,0,0,0,0,0,0,0,0.0,0.0,0.0%,QB,2023
93,94,Skylar Thompson,0,0,0.0,0,0.0,0,0,0,0,0,0,0,0,0.0,0.0,0.1%,QB,2023
94,95,Andy Dalton,0,0,0.0,0,0.0,0,0,0,0,0,0,0,0,0.0,0.0,0.1%,QB,2023
95,96,Tyrod Taylor,0,0,0.0,0,0.0,0,0,0,0,0,0,0,1,0.0,0.0,2.7%,QB,2023
96,97,Ben Chappell,0,0,0.0,0,0.0,0,0,0,0,0,0,0,0,0.0,0.0,0.0%,QB,2023
97,98,Adam Froman,0,0,0.0,0,0.0,0,0,0,0,0,0,0,0,0.0,0.0,0.0%,QB,2023
98,99,Erik Ainge,0,0,0.0,0,0.0,0,0,0,0,0,0,0,0,0.0,0.0,0.0%,QB,2023
99,100,Hunter Cantwell,0,0,0.0,0,0.0,0,0,0,0,0,0,0,0,0.0,0.0,0.0%,QB,2023
100,101,Case Keenum,0,0,0.0,0,0.0,0,0,0,0,0,0,0,0,0.0,0.0,0.6%,QB,2023
101,102,Joe Flacco,0,0,0.0,0,0.0,0,0,0,0,0,0,0,0,0.0,0.0,17.3%,QB,2023
102,103,Josh Johnson,0,0,0.0,0,0.0,0,0,0,0,0,0,0,0,0.0,0.0,0.1%,QB,2023
103,104,Mason Rudolph,0,0,0.0,0,0.0,0,0,0,0,0,0,0,0,0.0,0.0,1.6%,QB,2023
104,105,Taysom Hill,1,1,100.0,13,13.0,0,0,1,4,10,0,0,1,0.0,0.0,36.5%,QB,2023
105,106,Logan Woodside,0,0,0.0,0,0.0,0,0,0,0,0,0,0,0,0.0,0.0,0.0%,QB,2023
106,107,Mike White,0,0,0.0,0,0.0,0,0,0,0,0,0,0,0,0.0,0.0,0.2%,QB,2023
107,108,P.J. Walker,0,0,0.0,0,0.0,0,0,0,0,0,0,0,0,0.0,0.0,0.0%,QB,2023
108,109,Deshaun Watson,0,0,0.0,0,0.0,0,0,0,0,0,0,0,0,0.0,0.0,29.7%,QB,2023
109,110,Nathan Peterman,0,0,0.0,0,0.0,0,0,0,0,0,0,0,0,0.0,0.0,0.1%,QB,2023
110,111,C.J. Beathard,0,0,0.0,0,0.0,0,0,0,0,0,0,0,0,0.0,0.0,1.0%,QB,2023
111,112,Nick Mullens,0,0,0.0,0,0.0,0,0,0,0,0,0,0,0,0.0,0.0,4.1%,QB,2023
112,113,Kyler Murray,0,0,0.0,0,0.0,0,0,0,0,0,0,0,0,0.0,0.0,78.8%,QB,2023
113,114,Easton Stick,0,0,0.0,0,0.0,0,0,0,0,0,0,0,0,0.0,0.0,1.6%,QB,2023
114,115,Jake Browning,0,0,0.0,0,0.0,0,0,0,0,0,0,0,0,0.0,0.0,20.8%,QB,2023
115,116,Gardner Minshew,0,0,0.0,0,0.0,0,0,0,0,0,0,0,0,0.0,0.0,16.8%,QB,2023
116,117,Jarrett Stidham,0,0,0.0,0,0.0,0,0,0,0,0,0,0,0,0.0,0.0,2.7%,QB,2023
117,118,Brett Rypien,0,0,0.0,0,0.0,0,0,0,0,0,0,0,0,0.0,0.0,0.0%,QB,2023
118,119,Alex McGough,0,0,0.0,0,0.0,0,0,0,0,0,0,0,0,0.0,0.0,0.0%,QB,2023
119,120,Tim Boyle,0,0,0.0,0,0.0,0,0,0,0,0,0,0,0,0.0,0.0,0.0%,QB,2023
120,121,John Wolford,0,0,0.0,0,0.0,0,0,0,0,0,0,0,0,0.0,0.0,0.0%,QB,2023
121,122,Will Grier,0,0,0.0,0,0.0,0,0,0,0,0,0,0,0,0.0,0.0,0.0%,QB,2023
122,123,Marcus Mariota,0,0,0.0,0,0.0,0,0,0,0,0,0,0,0,0.0,0.0,3.2%,QB,2023
123,124,Jimmy Garoppolo,0,0,0.0,0,0.0,0,0,0,0,0,0,0,0,0.0,0.0,1.7%,QB,2023
124,125,Brett Smith,0,0,0.0,0,0.0,0,0,0,0,0,0,0,0,0.0,0.0,0.0%,QB,2023
125,126,Taylor Heinicke,0,0,0.0,0,0.0,0,0,0,0,0,0,0,0,0.0,0.0,3.1%,QB,2023
126,127,Carson Wentz,0,0,0.0,0,0.0,0,0,0,0,0,0,0,0,0.0,0.0,0.7%,QB,2023
127,128,Jeff Driskel,0,0,0.0,0,0.0,0,0,0,0,0,0,0,0,0.0,0.0,0.0%,QB,2023
128,129,Jacoby Brissett,0,0,0.0,0,0.0,0,0,0,0,0,0,0,0,0.0,0.0,1.3%,QB,2023
129,130,Brandon Allen,0,0,0.0,0,0.0,0,0,0,0,0,0,0,0,0.0,0.0,0.0%,QB,2023
130,131,Nate Sudfeld,0,0,0.0,0,0.0,0,0,0,0,0,0,0,0,0.0,0.0,0.0%,QB,2023
131,132,Michael Hiers,0,0,0.0,0,0.0,0,0,0,0,0,0,0,0,0.0,0.0,0.0%,QB,2023
132,133,Sam Darnold,0,0,0.0,0,0.0,0,0,0,1,-1,0,0,1,-0.1,-0.1,1.1%,QB,2023
133,134,Kyle Allen,0,0,0.0,0,0.0,0,0,0,3,-3,0,0,1,-0.3,-0.3,0.0%,QB,2023
134,135,Jameis Winston,0,1,0.0,0,0.0,0,1,0,0,0,0,0,1,-1.0,-1.0,0.7%,QB,2023
