,Rank,Player,Pass Completions,Pass Attempts,Pass Completion/Attempts,Passing Yards,Passsing Yards/Attempt,Passing Touchdowns,Interception,Sacks,Rushing Attempts,Rushing Yards,Rushing Touchdown,Fumbles,Games Played,Fantasy Football Points,FTPS/Game,ROST,Position,Year
0,1,Dak Prescott,21,30,70.0,272,9.1,1,0,5,7,40,1,0,1,24.9,24.9,96.4%,QB,2023
1,2,Jalen Hurts,28,45,62.2,280,6.2,1,3,2,8,47,1,0,1,22.9,22.9,99.9%,QB,2023
2,3,Tua Tagovailoa,21,31,67.7,262,8.5,3,0,0,1,0,0,0,1,22.5,22.5,79.8%,QB,2023
3,4,Jared Goff,30,44,68.2,353,8.0,2,0,3,2,3,0,0,1,22.4,22.4,70.8%,QB,2023
4,5,Desmond Ridder,28,47,59.6,307,6.5,2,3,3,2,18,0,0,1,19.1,19.1,3.7%,QB,2023
5,6,Justin Herbert,22,37,59.5,227,6.1,2,1,1,6,20,0,0,1,19.1,19.1,63.8%,QB,2023
6,7,Sam Howell,14,23,60.9,151,6.6,3,0,5,4,3,0,0,1,18.3,18.3,29.0%,QB,2023
7,8,Patrick Mahomes,30,40,75.0,306,7.7,1,1,2,6,31,0,0,1,18.3,18.3,99.4%,QB,2023
8,9,Lamar Jackson,21,30,70.0,223,7.4,1,1,1,13,62,0,0,1,18.1,18.1,99.3%,QB,2023
9,10,Derek Carr,32,50,64.0,353,7.1,1,1,2,1,2,0,0,1,17.3,17.3,25.1%,QB,2023
10,11,Trevor Lawrence,20,30,66.7,181,6.0,2,1,3,3,15,0,0,1,15.7,15.7,70.0%,QB,2023
11,12,C.J. Stroud,13,27,48.1,199,7.4,2,1,2,3,2,0,0,1,15.2,15.2,92.9%,QB,2023
12,13,Josh Allen,19,30,63.3,169,5.6,2,1,0,2,11,0,0,1,14.9,14.9,99.9%,QB,2023
13,14,Joe Burrow,24,35,68.6,185,5.3,2,1,3,2,4,0,0,1,14.8,14.8,63.4%,QB,2023
14,15,Matthew Stafford,15,24,62.5,226,9.4,1,0,3,1,2,0,0,1,13.2,13.2,57.0%,QB,2023
15,16,Geno Smith,27,41,65.9,326,8.0,0,2,4,4,20,0,0,1,13.0,13.0,38.2%,QB,2023
16,17,Bryce Young,23,38,60.5,217,5.7,1,0,4,0,0,0,0,1,12.7,12.7,9.3%,QB,2023
17,18,Gardner Minshew,33,55,60.0,329,6.0,1,3,3,2,4,0,1,1,12.6,12.6,16.8%,QB,2023
18,19,Joshua Dobbs,21,41,51.2,235,5.7,0,1,2,7,47,0,1,1,11.1,11.1,11.2%,QB,2023
19,20,Zach Wilson,19,33,57.6,186,5.6,0,0,5,4,15,0,0,1,10.9,10.9,2.3%,QB,2023
20,21,Tyrod Taylor,24,36,66.7,200,5.6,0,0,3,5,24,0,0,1,10.4,10.4,2.7%,QB,2023
21,22,Jimmy Garoppolo,14,22,63.6,162,7.4,1,1,0,2,4,0,0,1,9.9,9.9,1.7%,QB,2023
22,23,Russell Wilson,13,22,59.1,95,4.3,1,2,4,4,31,0,0,1,8.9,8.9,30.7%,QB,2023
23,24,Kirk Cousins,21,31,67.7,181,5.8,1,0,2,2,-5,0,1,1,8.7,8.7,38.6%,QB,2023
24,25,Brock Purdy,12,27,44.4,125,4.6,1,1,3,3,7,0,0,1,8.7,8.7,92.2%,QB,2023
25,26,Baker Mayfield,19,37,51.4,206,5.6,0,1,1,2,6,0,0,1,7.8,7.8,43.8%,QB,2023
26,27,Mac Jones,24,33,72.7,200,6.1,0,1,3,1,-1,0,0,1,6.9,6.9,2.2%,QB,2023
27,28,Tyson Bagent,10,14,71.4,83,5.9,0,1,1,2,4,1,1,1,6.7,6.7,0.7%,QB,2023
28,29,Justin Fields,6,10,60.0,58,5.8,0,1,4,8,46,0,0,1,5.9,5.9,49.9%,QB,2023
29,30,P.J. Walker,18,34,52.9,192,5.6,0,2,2,3,1,0,0,1,5.8,5.8,0.0%,QB,2023
30,31,Malik Willis,4,5,80.0,74,14.8,0,0,4,3,17,0,0,1,4.7,4.7,0.1%,QB,2023
31,32,Brian Hoyer,6,10,60.0,102,10.2,0,0,0,3,-3,0,0,1,3.8,3.8,0.0%,QB,2023
32,33,Ryan Tannehill,8,16,50.0,76,4.8,0,1,2,0,0,0,0,1,2.0,2.0,1.1%,QB,2023
33,34,Aaron Rodgers,0,0,0.0,0,0.0,0,0,0,0,0,0,0,0,0.0,0.0,50.0%,QB,2023
34,35,Jayden Daniels,0,0,0.0,0,0.0,0,0,0,0,0,0,0,0,0.0,0.0,78.3%,QB,2023
35,36,Bo Nix,0,0,0.0,0,0.0,0,0,0,0,0,0,0,0,0.0,0.0,4.3%,QB,2023
36,37,Emory Jones,0,0,0.0,0,0.0,0,0,0,0,0,0,0,0,0.0,0.0,0.0%,QB,2023
37,38,Davis Mills,0,0,0.0,0,0.0,0,0,0,0,0,0,0,0,0.0,0.0,0.1%,QB,2023
38,39,Kenny Pickett,0,0,0.0,0,0.0,0,0,0,0,0,0,0,0,0.0,0.0,6.9%,QB,2023
39,40,Kyle Trask,0,0,0.0,0,0.0,0,0,0,0,0,0,0,0,0.0,0.0,0.2%,QB,2023
40,41,Sam Ehlinger,0,0,0.0,0,0.0,0,0,0,0,0,0,0,0,0.0,0.0,0.1%,QB,2023
41,42,Sean Clifford,0,0,0.0,0,0.0,0,0,0,0,0,0,0,0,0.0,0.0,0.2%,QB,2023
42,43,Jordan Love,0,0,0.0,0,0.0,0,0,0,0,0,0,0,0,0.0,0.0,86.1%,QB,2023
43,44,Tyler Huntley,0,0,0.0,0,0.0,0,0,0,0,0,0,0,0,0.0,0.0,0.6%,QB,2023
44,45,Shane Buechele,0,0,0.0,0,0.0,0,0,0,0,0,0,0,0,0.0,0.0,0.0%,QB,2023
45,46,Trey Lance,0,0,0.0,0,0.0,0,0,0,0,0,0,0,0,0.0,0.0,0.8%,QB,2023
46,47,Dorian Thompson-Robinson,0,0,0.0,0,0.0,0,0,0,0,0,0,0,0,0.0,0.0,0.6%,QB,2023
47,48,Ian Book,0,0,0.0,0,0.0,0,0,0,0,0,0,0,0,0.0,0.0,0.1%,QB,2023
48,49,Michael Penix,0,0,0.0,0,0.0,0,0,0,0,0,0,0,0,0.0,0.0,1.8%,QB,2023
49,50,Michael Pratt,0,0,0.0,0,0.0,0,0,0,0,0,0,0,0,0.0,0.0,0.1%,QB,2023
50,51,Clayton Tune,0,0,0.0,0,0.0,0,0,0,0,0,0,0,0,0.0,0.0,0.0%,QB,2023
51,52,Tanner Mordecai,0,0,0.0,0,0.0,0,0,0,0,0,0,0,0,0.0,0.0,0.0%,QB,2023
52,53,Nathan Rourke,0,0,0.0,0,0.0,0,0,0,0,0,0,0,0,0.0,0.0,0.0%,QB,2023
53,54,Jordan Travis,0,0,0.0,0,0.0,0,0,0,0,0,0,0,0,0.0,0.0,0.3%,QB,2023
54,55,Dresser Winn,0,0,0.0,0,0.0,0,0,0,0,0,0,0,0,0.0,0.0,0.0%,QB,2023
55,56,Devin Leary,0,0,0.0,0,0.0,0,0,0,0,0,0,0,0,0.0,0.0,0.0%,QB,2023
56,57,Jake Haener,0,0,0.0,0,0.0,0,0,0,0,0,0,0,0,0.0,0.0,0.0%,QB,2023
57,58,Tanner McKee,0,0,0.0,0,0.0,0,0,0,0,0,0,0,0,0.0,0.0,0.0%,QB,2023
58,59,Tommy DeVito,0,0,0.0,0,0.0,0,0,0,0,0,0,0,0,0.0,0.0,3.1%,QB,2023
59,60,Rocky Lombardi,0,0,0.0,0,0.0,0,0,0,0,0,0,0,0,0.0,0.0,0.0%,QB,2023
60,61,John Rhys,0,0,0.0,0,0.0,0,0,0,0,0,0,0,0,0.0,0.0,0.0%,QB,2023
61,62,Casey Bauman,0,0,0.0,0,0.0,0,0,0,0,0,0,0,0,0.0,0.0,0.0%,QB,2023
62,63,Gunnar Watson,0,0,0.0,0,0.0,0,0,0,0,0,0,0,0,0.0,0.0,0.0%,QB,2023
63,64,Zack Annexstad,0,0,0.0,0,0.0,0,0,0,0,0,0,0,0,0.0,0.0,0.0%,QB,2023
64,65,John Paddock,0,0,0.0,0,0.0,0,0,0,0,0,0,0,0,0.0,0.0,0.0%,QB,2023
65,66,Jack Plummer,0,0,0.0,0,0.0,0,0,0,0,0,0,0,0,0.0,0.0,0.0%,QB,2023
66,67,Andrew Peasley,0,0,0.0,0,0.0,0,0,0,0,0,0,0,0,0.0,0.0,0.0%,QB,2023
67,68,Cade Peterson,0,0,0.0,0,0.0,0,0,0,0,0,0,0,0,0.0,0.0,0.0%,QB,2023
68,69,Wiliam Thompson,0,0,0.0,0,0.0,0,0,0,0,0,0,0,0,0.0,0.0,0.0%,QB,2023
69,70,Jeremy Moussa,0,0,0.0,0,0.0,0,0,0,0,0,0,0,0,0.0,0.0,0.0%,QB,2023
70,71,Aeneas Dennis,0,0,0.0,0,0.0,0,0,0,0,0,0,0,0,0.0,0.0,0.0%,QB,2023
71,72,Jason Bean,0,0,0.0,0,0.0,0,0,0,0,0,0,0,0,0.0,0.0,0.0%,QB,2023
72,73,Joe Milton,0,0,0.0,0,0.0,0,0,0,0,0,0,0,0,0.0,0.0,0.2%,QB,2023
73,74,Carter Bradley,0,0,0.0,0,0.0,0,0,0,0,0,0,0,0,0.0,0.0,0.0%,QB,2023
74,75,Gavin Hardison,0,0,0.0,0,0.0,0,0,0,0,0,0,0,0,0.0,0.0,0.0%,QB,2023
75,76,Austin Reed,0,0,0.0,0,0.0,0,0,0,0,0,0,0,0,0.0,0.0,0.0%,QB,2023
76,77,Chris Oladokun,0,0,0.0,0,0.0,0,0,0,0,0,0,0,1,0.0,0.0,0.0%,QB,2023
77,78,Will Levis,0,0,0.0,0,0.0,0,0,0,0,0,0,0,0,0.0,0.0,10.3%,QB,2023
78,79,Max Duggan,0,0,0.0,0,0.0,0,0,0,0,0,0,0,0,0.0,0.0,0.0%,QB,2023
79,80,Kedon Slovis,0,0,0.0,0,0.0,0,0,0,0,0,0,0,0,0.0,0.0,0.0%,QB,2023
80,81,Malik Cunningham,0,0,0.0,0,0.0,0,0,1,0,0,0,0,1,0.0,0.0,0.1%,QB,2023
81,82,Taulia Tagovailoa,0,0,0.0,0,0.0,0,0,0,0,0,0,0,0,0.0,0.0,0.0%,QB,2023
82,83,J.J. McCarthy,0,0,0.0,0,0.0,0,0,0,0,0,0,0,0,0.0,0.0,17.1%,QB,2023
83,84,Drake Maye,0,0,0.0,0,0.0,0,0,0,0,0,0,0,0,0.0,0.0,6.4%,QB,2023
84,85,Spencer Rattler,0,0,0.0,0,0.0,0,0,0,0,0,0,0,0,0.0,0.0,0.5%,QB,2023
85,86,Caleb Williams,0,0,0.0,0,0.0,0,0,0,0,0,0,0,0,0.0,0.0,81.2%,QB,2023
86,87,Aidan O'Connell,0,0,0.0,0,0.0,0,0,0,0,0,0,0,0,0.0,0.0,3.0%,QB,2023
87,88,Hendon Hooker,0,0,0.0,0,0.0,0,0,0,0,0,0,0,0,0.0,0.0,0.5%,QB,2023
88,89,Sam Hartman,0,0,0.0,0,0.0,0,0,0,0,0,0,0,0,0.0,0.0,0.0%,QB,2023
89,90,Anthony Richardson,0,0,0.0,0,0.0,0,0,0,0,0,0,0,0,0.0,0.0,58.5%,QB,2023
90,91,Jaren Hall,0,0,0.0,0,0.0,0,0,0,0,0,0,0,0,0.0,0.0,1.6%,QB,2023
91,92,Stetson Bennett,0,0,0.0,0,0.0,0,0,0,0,0,0,0,0,0.0,0.0,0.2%,QB,2023
92,93,Bailey Zappe,0,0,0.0,0,0.0,0,0,0,0,0,0,0,0,0.0,0.0,1.1%,QB,2023
93,94,Anthony Brown,0,0,0.0,0,0.0,0,0,0,0,0,0,0,0,0.0,0.0,0.0%,QB,2023
94,95,Skylar Thompson,0,0,0.0,0,0.0,0,0,0,0,0,0,0,0,0.0,0.0,0.1%,QB,2023
95,96,Andy Dalton,0,0,0.0,0,0.0,0,0,0,0,0,0,0,0,0.0,0.0,0.1%,QB,2023
96,97,Ben Chappell,0,0,0.0,0,0.0,0,0,0,0,0,0,0,0,0.0,0.0,0.0%,QB,2023
97,98,Adam Froman,0,0,0.0,0,0.0,0,0,0,0,0,0,0,0,0.0,0.0,0.0%,QB,2023
98,99,Hunter Cantwell,0,0,0.0,0,0.0,0,0,0,0,0,0,0,0,0.0,0.0,0.0%,QB,2023
99,100,Erik Ainge,0,0,0.0,0,0.0,0,0,0,0,0,0,0,0,0.0,0.0,0.0%,QB,2023
100,101,Case Keenum,0,0,0.0,0,0.0,0,0,0,0,0,0,0,0,0.0,0.0,0.6%,QB,2023
101,102,Joe Flacco,0,0,0.0,0,0.0,0,0,0,0,0,0,0,0,0.0,0.0,17.3%,QB,2023
102,103,Josh Johnson,0,0,0.0,0,0.0,0,0,0,0,0,0,0,0,0.0,0.0,0.1%,QB,2023
103,104,Sam Darnold,0,0,0.0,0,0.0,0,0,0,0,0,0,0,0,0.0,0.0,1.1%,QB,2023
104,105,Taysom Hill,1,1,100.0,4,4.0,0,0,0,1,2,0,0,1,0.0,0.0,36.5%,QB,2023
105,106,Mason Rudolph,0,0,0.0,0,0.0,0,0,0,0,0,0,0,0,0.0,0.0,1.6%,QB,2023
106,107,Logan Woodside,0,0,0.0,0,0.0,0,0,0,0,0,0,0,0,0.0,0.0,0.0%,QB,2023
107,108,Mitchell Trubisky,0,0,0.0,0,0.0,0,0,0,0,0,0,0,0,0.0,0.0,1.1%,QB,2023
108,109,Deshaun Watson,0,0,0.0,0,0.0,0,0,0,0,0,0,0,0,0.0,0.0,29.7%,QB,2023
109,110,Nathan Peterman,0,0,0.0,0,0.0,0,0,0,0,0,0,0,0,0.0,0.0,0.1%,QB,2023
110,111,Cooper Rush,0,0,0.0,0,0.0,0,0,0,0,0,0,0,0,0.0,0.0,0.2%,QB,2023
111,112,Nick Mullens,0,0,0.0,0,0.0,0,0,0,0,0,0,0,0,0.0,0.0,4.1%,QB,2023
112,113,Kyler Murray,0,0,0.0,0,0.0,0,0,0,0,0,0,0,0,0.0,0.0,78.8%,QB,2023
113,114,Easton Stick,0,0,0.0,0,0.0,0,0,0,0,0,0,0,0,0.0,0.0,1.6%,QB,2023
114,115,Jake Browning,0,0,0.0,0,0.0,0,0,0,0,0,0,0,0,0.0,0.0,20.8%,QB,2023
115,116,Jarrett Stidham,0,0,0.0,0,0.0,0,0,0,0,0,0,0,0,0.0,0.0,2.7%,QB,2023
116,117,Brett Rypien,0,0,0.0,0,0.0,0,0,0,0,0,0,0,0,0.0,0.0,0.0%,QB,2023
117,118,Alex McGough,0,0,0.0,0,0.0,0,0,0,0,0,0,0,0,0.0,0.0,0.0%,QB,2023
118,119,Tim Boyle,0,0,0.0,0,0.0,0,0,0,0,0,0,0,0,0.0,0.0,0.0%,QB,2023
119,120,Kyle Allen,0,0,0.0,0,0.0,0,0,0,0,0,0,0,1,0.0,0.0,0.0%,QB,2023
120,121,Will Grier,0,0,0.0,0,0.0,0,0,0,0,0,0,0,0,0.0,0.0,0.0%,QB,2023
121,122,John Wolford,0,0,0.0,0,0.0,0,0,0,0,0,0,0,0,0.0,0.0,0.0%,QB,2023
122,123,Drew Lock,0,0,0.0,0,0.0,0,0,0,0,0,0,0,0,0.0,0.0,1.7%,QB,2023
123,124,Daniel Jones,0,0,0.0,0,0.0,0,0,0,0,0,0,0,0,0.0,0.0,10.7%,QB,2023
124,125,Marcus Mariota,0,0,0.0,0,0.0,0,0,0,0,0,0,0,0,0.0,0.0,3.2%,QB,2023
125,126,Jameis Winston,0,0,0.0,0,0.0,0,0,0,0,0,0,0,0,0.0,0.0,0.7%,QB,2023
126,127,Brett Smith,0,0,0.0,0,0.0,0,0,0,0,0,0,0,0,0.0,0.0,0.0%,QB,2023
127,128,Taylor Heinicke,0,0,0.0,0,0.0,0,0,0,0,0,0,0,0,0.0,0.0,3.1%,QB,2023
128,129,Jeff Driskel,0,0,0.0,0,0.0,0,0,0,0,0,0,0,0,0.0,0.0,0.0%,QB,2023
129,130,Jacoby Brissett,0,0,0.0,0,0.0,0,0,0,0,0,0,0,0,0.0,0.0,1.3%,QB,2023
130,131,Brandon Allen,0,0,0.0,0,0.0,0,0,0,0,0,0,0,0,0.0,0.0,0.0%,QB,2023
131,132,Carson Wentz,0,0,0.0,0,0.0,0,0,0,0,0,0,0,0,0.0,0.0,0.7%,QB,2023
132,133,Nate Sudfeld,0,0,0.0,0,0.0,0,0,0,0,0,0,0,0,0.0,0.0,0.0%,QB,2023
133,134,Michael Hiers,0,0,0.0,0,0.0,0,0,0,0,0,0,0,0,0.0,0.0,0.0%,QB,2023
134,135,C.J. Beathard,0,0,0.0,0,0.0,0,0,0,3,-2,0,0,1,-0.2,-0.2,1.0%,QB,2023
135,136,Mike White,0,1,0.0,0,0.0,0,1,0,3,-4,0,0,1,-1.4,-1.4,0.2%,QB,2023
