,Rank,Player,Rushing Attempts,Rushing Yards,Rushing Yards/Attempts,Longest Rushing,Rushing 20+,Rushing Touchdown,Recptions,TGT,Receiving Yards,Receiving Yards/Reception,Receiving Touchdowns,Fumbles,Games Played,Fantasy Football Points,FTPS/Game,ROST,Position,Year
0,1,Raheem Mostert,21,96,4.6,15,0,2,1,1,4,4.0,0,0,1,22.0,22.0,91.6%,RB,2023
1,2,James Cook,10,58,5.8,15,0,0,5,5,83,16.6,1,0,1,20.1,20.1,97.8%,RB,2023
2,3,Saquon Barkley,20,86,4.3,34,1,2,3,4,15,5.0,0,1,1,20.1,20.1,100.0%,RB,2023
3,4,Ezekiel Elliott,22,68,3.1,12,0,0,7,8,72,10.3,1,0,1,20.0,20.0,79.1%,RB,2023
4,5,Rachaad White,25,102,4.1,12,0,0,2,2,33,16.5,1,0,1,19.5,19.5,97.5%,RB,2023
5,6,Breece Hall,10,40,4.0,15,0,0,8,9,86,10.8,1,0,1,18.6,18.6,98.9%,RB,2023
6,7,Joe Mixon,21,79,3.8,18,0,1,3,4,46,15.3,0,0,1,18.5,18.5,99.1%,RB,2023
7,8,Derrick Henry,17,34,2.0,6,0,2,1,2,17,17.0,0,0,1,17.1,17.1,99.4%,RB,2023
8,9,Chase Brown,8,25,3.1,10,0,0,3,3,80,26.7,1,0,1,16.5,16.5,38.1%,RB,2023
9,10,Austin Ekeler,10,51,5.1,9,0,1,5,7,49,9.8,0,0,1,16.0,16.0,93.2%,RB,2023
10,11,Christian McCaffrey,16,145,9.1,72,3,0,1,1,8,8.0,0,0,1,15.3,15.3,100.0%,RB,2023
11,12,Javonte Williams,17,66,3.9,20,1,1,3,4,25,8.3,0,0,1,15.1,15.1,89.3%,RB,2023
12,13,Bijan Robinson,10,34,3.4,8,0,1,5,7,54,10.8,0,0,1,14.8,14.8,99.9%,RB,2023
13,14,Jahmyr Gibbs,11,66,6.0,36,1,1,3,4,16,5.3,0,0,1,14.2,14.2,99.3%,RB,2023
14,15,Travis Etienne,14,35,2.5,16,0,1,4,4,37,9.3,0,0,1,13.2,13.2,99.7%,RB,2023
15,16,Devin Singletary,13,65,5.0,17,0,1,0,3,0,0.0,0,0,1,12.5,12.5,83.9%,RB,2023
16,17,Tyjae Spears,7,29,4.1,8,0,0,6,8,89,14.8,0,0,1,11.8,11.8,64.7%,RB,2023
17,18,Kyren Williams,25,114,4.6,14,0,0,3,4,-1,-0.3,0,0,1,11.3,11.3,96.3%,RB,2023
18,19,Rico Dowdle,12,46,3.8,9,0,1,1,1,6,6.0,0,0,1,11.2,11.2,10.6%,RB,2023
19,20,Alvin Kamara,12,56,4.7,9,0,1,3,4,-11,-3.7,0,0,1,10.5,10.5,98.2%,RB,2023
20,21,Jerick McKinnon,4,19,4.8,7,0,1,3,3,18,6.0,0,0,1,9.7,9.7,16.2%,RB,2023
21,22,Tony Pollard,16,59,3.7,11,0,0,7,8,37,5.3,0,0,1,9.6,9.6,93.4%,RB,2023
22,23,Chuba Hubbard,23,87,3.8,13,0,0,2,2,9,4.5,0,0,1,9.6,9.6,50.2%,RB,2023
23,24,Kareem Hunt,10,27,2.7,9,0,1,1,1,3,3.0,0,0,1,9.0,9.0,27.3%,RB,2023
24,25,Jordan Mason,4,20,5.0,8,0,1,1,1,6,6.0,0,0,1,8.6,8.6,2.2%,RB,2023
25,26,David Montgomery,10,66,6.6,13,0,0,3,3,19,6.3,0,0,1,8.5,8.5,93.3%,RB,2023
26,27,Jerome Ford,12,51,4.3,26,1,0,5,6,31,6.2,0,0,1,8.2,8.2,80.5%,RB,2023
27,28,AJ Dillon,15,53,3.5,8,0,0,2,3,25,12.5,0,0,1,7.8,7.8,35.0%,RB,2023
28,29,Miles Sanders,10,74,7.4,48,1,0,0,0,0,0.0,0,0,1,7.4,7.4,23.0%,RB,2023
29,30,D'Onta Foreman,11,50,4.5,13,0,0,2,3,22,11.0,0,0,1,7.2,7.2,19.4%,RB,2023
30,31,De'Von Achane,7,47,6.7,15,0,0,5,9,24,4.8,0,0,1,7.1,7.1,95.6%,RB,2023
31,32,Clyde Edwards-Helaire,11,39,3.5,7,0,0,2,4,29,14.5,0,0,1,6.8,6.8,23.7%,RB,2023
32,33,Alexander Mattison,10,66,6.6,16,0,0,0,1,0,0.0,0,0,1,6.6,6.6,41.4%,RB,2023
33,34,Keaton Mitchell,9,54,6.0,27,1,0,1,2,8,8.0,0,0,1,6.2,6.2,17.5%,RB,2023
34,35,Chase Edmonds,8,40,5.0,15,0,0,2,2,18,9.0,0,0,1,5.8,5.8,0.8%,RB,2023
35,36,Zack Moss,13,28,2.2,12,0,0,4,8,28,7.0,0,0,1,5.6,5.6,75.1%,RB,2023
36,37,Kenneth Walker,8,21,2.6,12,0,0,4,5,33,8.3,0,0,1,5.4,5.4,97.1%,RB,2023
37,38,Patrick Taylor,4,30,7.5,14,0,0,2,2,22,11.0,0,0,1,5.2,5.2,2.0%,RB,2023
38,39,Josh Jacobs,13,34,2.6,6,0,0,2,2,16,8.0,0,0,1,5.0,5.0,97.3%,RB,2023
39,40,Najee Harris,12,29,2.4,7,0,0,3,3,19,6.3,0,0,1,4.8,4.8,91.5%,RB,2023
40,41,Zach Charbonnet,9,44,4.9,23,2,0,1,1,4,4.0,0,0,1,4.8,4.8,63.4%,RB,2023
41,42,Samaje Perine,2,8,4.0,5,0,0,5,5,36,7.2,0,0,1,4.4,4.4,12.7%,RB,2023
42,43,Jamaal Williams,11,43,3.9,12,0,0,0,1,0,0.0,0,0,1,4.3,4.3,10.3%,RB,2023
43,44,Ty Chandler,12,35,2.9,7,0,0,3,3,7,2.3,0,0,1,4.2,4.2,60.0%,RB,2023
44,45,Tyler Allgeier,9,40,4.4,9,0,0,0,0,0,0.0,0,0,1,4.0,4.0,49.7%,RB,2023
45,46,Jaylen Warren,7,11,1.6,7,0,0,4,5,29,7.3,0,0,1,4.0,4.0,84.7%,RB,2023
46,47,D'Andre Swift,11,39,3.5,7,0,0,0,0,0,0.0,0,0,1,3.9,3.9,93.9%,RB,2023
47,48,Jaleel McLaughlin,5,25,5.0,9,0,0,1,2,7,7.0,0,0,1,3.2,3.2,10.2%,RB,2023
48,49,Latavius Murray,3,9,3.0,4,0,0,1,1,21,21.0,0,0,1,3.0,3.0,7.6%,RB,2023
49,50,D'Ernest Johnson,3,12,4.0,6,0,0,2,3,16,8.0,0,0,1,2.8,2.8,2.7%,RB,2023
50,51,Kenneth Gainwell,4,28,7.0,11,0,0,0,0,0,0.0,0,0,1,2.8,2.8,14.8%,RB,2023
51,52,Ty Johnson,5,19,3.8,7,0,0,2,2,2,1.0,0,0,1,2.1,2.1,0.6%,RB,2023
52,53,Ameer Abdullah,1,12,12.0,12,0,0,2,2,7,3.5,0,0,1,1.9,1.9,0.7%,RB,2023
53,54,Isaiah Spiller,6,19,3.2,6,0,0,0,0,0,0.0,0,0,1,1.9,1.9,0.8%,RB,2023
54,55,Ty Montgomery,0,0,0.0,0,0,0,1,2,17,17.0,0,0,1,1.7,1.7,0.0%,RB,2023
55,56,Matt Breida,2,16,8.0,9,0,0,0,0,0,0.0,0,0,1,1.6,1.6,1.1%,RB,2023
56,57,Gus Edwards,6,15,2.5,5,0,0,0,0,0,0.0,0,0,1,1.5,1.5,80.8%,RB,2023
57,58,Trey Sermon,3,13,4.3,8,0,0,0,0,0,0.0,0,0,1,1.3,1.3,0.9%,RB,2023
58,59,Alec Ingold,0,0,0.0,0,0,0,1,1,13,13.0,0,0,1,1.3,1.3,0.2%,RB,2023
59,60,Justice Hill,0,0,0.0,0,0,0,1,2,12,12.0,0,0,1,1.2,1.2,10.1%,RB,2023
60,61,Dare Ogunbowale,2,7,3.5,4,0,0,1,2,4,4.0,0,0,1,1.1,1.1,0.3%,RB,2023
61,62,Boston Scott,3,9,3.0,4,0,0,0,0,0,0.0,0,0,1,0.9,0.9,0.1%,RB,2023
62,63,Royce Freeman,3,9,3.0,3,0,0,0,0,0,0.0,0,0,1,0.9,0.9,3.2%,RB,2023
63,64,Dalvin Cook,7,13,1.9,5,0,0,1,1,-5,-5.0,0,0,1,0.8,0.8,9.4%,RB,2023
64,65,Khalil Herbert,3,8,2.7,4,0,0,0,0,0,0.0,0,0,1,0.8,0.8,29.4%,RB,2023
65,66,Raheem Blackshear,1,4,4.0,4,0,0,1,2,4,4.0,0,0,1,0.8,0.8,0.1%,RB,2023
66,67,Zamir White,2,8,4.0,6,0,0,0,0,0,0.0,0,0,1,0.8,0.8,74.3%,RB,2023
67,68,Dameon Pierce,4,9,2.3,4,0,0,1,1,-2,-2.0,0,0,1,0.7,0.7,27.9%,RB,2023
68,69,Cordarrelle Patterson,3,7,2.3,6,0,0,0,0,0,0.0,0,0,1,0.7,0.7,1.4%,RB,2023
69,70,C.J. Ham,1,7,7.0,7,0,0,0,0,0,0.0,0,0,1,0.7,0.7,0.1%,RB,2023
70,71,Roschon Johnson,1,6,6.0,6,0,0,0,0,0,0.0,0,0,1,0.6,0.6,14.0%,RB,2023
71,72,Joshua Kelley,3,6,2.0,3,0,0,0,0,0,0.0,0,0,1,0.6,0.6,6.6%,RB,2023
72,73,Nick Bawden,1,3,3.0,3,0,0,0,0,0,0.0,0,0,1,0.3,0.3,0.0%,RB,2023
73,74,Kene Nwangwu,2,3,1.5,4,0,0,0,0,0,0.0,0,0,1,0.3,0.3,0.2%,RB,2023
74,75,Michael Burton,1,2,2.0,2,0,0,1,1,1,1.0,0,0,1,0.3,0.3,0.1%,RB,2023
75,76,J.J. Taylor,0,0,0.0,0,0,0,0,0,0,0.0,0,0,0,0.0,0.0,0.1%,RB,2023
76,77,Darrynton Evans,0,0,0.0,0,0,0,0,0,0,0.0,0,0,0,0.0,0.0,0.1%,RB,2023
77,78,Salvon Ahmed,0,0,0.0,0,0,0,0,0,0,0.0,0,0,0,0.0,0.0,0.6%,RB,2023
78,79,La'Mical Perine,0,0,0.0,0,0,0,0,0,0,0.0,0,0,0,0.0,0.0,0.2%,RB,2023
79,80,Cam Akers,0,0,0.0,0,0,0,0,0,0,0.0,0,0,0,0.0,0.0,9.2%,RB,2023
80,81,J.K. Dobbins,0,0,0.0,0,0,0,0,0,0,0.0,0,0,0,0.0,0.0,44.3%,RB,2023
81,82,Jonathan Taylor,0,0,0.0,0,0,0,0,0,0,0.0,0,0,0,0.0,0.0,98.8%,RB,2023
82,83,JaMycal Hasty,0,0,0.0,0,0,0,0,0,0,0.0,0,0,0,0.0,0.0,0.1%,RB,2023
83,84,Antonio Gibson,0,0,0.0,0,0,0,0,0,0,0.0,0,0,0,0.0,0.0,53.7%,RB,2023
84,85,DeeJay Dallas,0,0,0.0,0,0,0,0,0,0,0.0,0,0,1,0.0,0.0,0.6%,RB,2023
85,86,Tony Jones,0,0,0.0,0,0,0,0,0,0,0.0,0,0,0,0.0,0.0,0.0%,RB,2023
86,87,Mike Weber,0,0,0.0,0,0,0,0,0,0,0.0,0,0,0,0.0,0.0,0.0%,RB,2023
87,88,Travis Homer,0,0,0.0,0,0,0,0,0,0,0.0,0,0,1,0.0,0.0,0.1%,RB,2023
88,89,Craig Reynolds,0,0,0.0,0,0,0,0,0,0,0.0,0,0,1,0.0,0.0,0.7%,RB,2023
89,90,Andrew Beck,0,0,0.0,0,0,0,1,1,26,26.0,0,0,1,0.0,0.0,0.1%,RB,2023
90,91,Jacob Johnson,0,0,0.0,0,0,0,0,0,0,0.0,0,0,1,0.0,0.0,0.0%,RB,2023
91,92,James Robinson,0,0,0.0,0,0,0,0,0,0,0.0,0,0,0,0.0,0.0,0.1%,RB,2023
92,93,Jaret Patterson,0,0,0.0,0,0,0,0,0,0,0.0,0,0,0,0.0,0.0,0.0%,RB,2023
93,94,Reggie Gilliam,0,0,0.0,0,0,0,0,0,0,0.0,0,0,1,0.0,0.0,0.0%,RB,2023
94,95,Jonathan Ward,0,0,0.0,0,0,0,0,0,0,0.0,0,0,1,0.0,0.0,0.0%,RB,2023
95,96,Elijah Collins,0,0,0.0,0,0,0,0,0,0,0.0,0,0,0,0.0,0.0,0.0%,RB,2023
96,97,Brian Robinson,0,0,0.0,0,0,0,0,0,0,0.0,0,0,0,0.0,0.0,86.2%,RB,2023
97,98,Jermar Jefferson,0,0,0.0,0,0,0,0,0,0,0.0,0,0,0,0.0,0.0,0.1%,RB,2023
98,99,Trey Benson,0,0,0.0,0,0,0,0,0,0,0.0,0,0,0,0.0,0.0,55.9%,RB,2023
99,100,Xazavian Valladay,0,0,0.0,0,0,0,0,0,0,0.0,0,0,0,0.0,0.0,0.0%,RB,2023
100,101,Kenny McIntosh,0,0,0.0,0,0,0,0,0,0,0.0,0,0,0,0.0,0.0,0.3%,RB,2023
101,102,Dylan McDuffie,0,0,0.0,0,0,0,0,0,0,0.0,0,0,0,0.0,0.0,0.0%,RB,2023
102,103,Evan Hull,0,0,0.0,0,0,0,0,0,0,0.0,0,0,0,0.0,0.0,0.8%,RB,2023
103,104,DeWayne McBride,0,0,0.0,0,0,0,0,0,0,0.0,0,0,0,0.0,0.0,0.1%,RB,2023
104,105,Jack Colletto,0,0,0.0,0,0,0,0,0,0,0.0,0,0,0,0.0,0.0,0.0%,RB,2023
105,106,Elijah Dotson,0,0,0.0,0,0,0,0,0,0,0.0,0,0,0,0.0,0.0,0.1%,RB,2023
106,107,Lew Nichols,0,0,0.0,0,0,0,0,0,0,0.0,0,0,0,0.0,0.0,0.0%,RB,2023
107,108,Emari Demercado,0,0,0.0,0,0,0,0,0,0,0.0,0,0,0,0.0,0.0,2.2%,RB,2023
108,109,Brittain Brown,0,0,0.0,0,0,0,0,0,0,0.0,0,0,0,0.0,0.0,0.1%,RB,2023
109,110,Jabari Small,0,0,0.0,0,0,0,0,0,0,0.0,0,0,0,0.0,0.0,0.0%,RB,2023
110,111,Kendre Miller,0,0,0.0,0,0,0,0,0,0,0.0,0,0,0,0.0,0.0,11.7%,RB,2023
111,112,Zonovan Knight,0,0,0.0,0,0,0,0,0,0,0.0,0,0,0,0.0,0.0,0.1%,RB,2023
112,113,Troy Hairston,0,0,0.0,0,0,0,0,0,0,0.0,0,0,0,0.0,0.0,0.0%,RB,2023
113,114,Aaron Shampklin,0,0,0.0,0,0,0,0,0,0,0.0,0,0,0,0.0,0.0,0.0%,RB,2023
114,115,Tyreik McAllister,0,0,0.0,0,0,0,0,0,0,0.0,0,0,0,0.0,0.0,0.0%,RB,2023
115,116,Julius Chestnut,0,0,0.0,0,0,0,0,0,0,0.0,0,0,0,0.0,0.0,0.2%,RB,2023
116,117,Carlos Washington,0,0,0.0,0,0,0,0,0,0,0.0,0,0,0,0.0,0.0,0.0%,RB,2023
117,118,Henry Pearson,0,0,0.0,0,0,0,0,0,0,0.0,0,0,0,0.0,0.0,0.0%,RB,2023
118,119,Kimani Vidal,0,0,0.0,0,0,0,0,0,0,0.0,0,0,0,0.0,0.0,1.9%,RB,2023
119,120,Louis Rees-Zammit,0,0,0.0,0,0,0,0,0,0,0.0,0,0,0,0.0,0.0,0.4%,RB,2023
120,121,Aidan Robbins,0,0,0.0,0,0,0,0,0,0,0.0,0,0,0,0.0,0.0,0.0%,RB,2023
121,122,Austin Jones,0,0,0.0,0,0,0,0,0,0,0.0,0,0,0,0.0,0.0,0.0%,RB,2023
122,123,Deshaun Fenwick,0,0,0.0,0,0,0,0,0,0,0.0,0,0,0,0.0,0.0,0.0%,RB,2023
123,124,Isaac Guerendo,0,0,0.0,0,0,0,0,0,0,0.0,0,0,0,0.0,0.0,0.9%,RB,2023
124,125,Blake Watson,0,0,0.0,0,0,0,0,0,0,0.0,0,0,0,0.0,0.0,0.1%,RB,2023
125,126,Michael Wiley,0,0,0.0,0,0,0,0,0,0,0.0,0,0,0,0.0,0.0,0.0%,RB,2023
126,127,Carson Steele,0,0,0.0,0,0,0,0,0,0,0.0,0,0,0,0.0,0.0,0.0%,RB,2023
127,128,Jaden Shirden,0,0,0.0,0,0,0,0,0,0,0.0,0,0,0,0.0,0.0,0.0%,RB,2023
128,129,Emani Bailey,0,0,0.0,0,0,0,0,0,0,0.0,0,0,0,0.0,0.0,0.0%,RB,2023
129,130,Ramon Jefferson,0,0,0.0,0,0,0,0,0,0,0.0,0,0,0,0.0,0.0,0.0%,RB,2023
130,131,Jawhar Jordan,0,0,0.0,0,0,0,0,0,0,0.0,0,0,0,0.0,0.0,0.1%,RB,2023
131,132,Sione Vaki,0,0,0.0,0,0,0,0,0,0,0.0,0,0,0,0.0,0.0,0.1%,RB,2023
132,133,Dillon Johnson,0,0,0.0,0,0,0,0,0,0,0.0,0,0,0,0.0,0.0,0.0%,RB,2023
133,134,Cody Schrader,0,0,0.0,0,0,0,0,0,0,0.0,0,0,0,0.0,0.0,0.0%,RB,2023
134,135,Dylan Laube,0,0,0.0,0,0,0,0,0,0,0.0,0,0,0,0.0,0.0,0.7%,RB,2023
135,136,Dante Miller,0,0,0.0,0,0,0,0,0,0,0.0,0,0,0,0.0,0.0,0.1%,RB,2023
136,137,Jacob Kibodi,0,0,0.0,0,0,0,0,0,0,0.0,0,0,0,0.0,0.0,0.0%,RB,2023
137,138,Jonathon Brooks,0,0,0.0,0,0,0,0,0,0,0.0,0,0,0,0.0,0.0,84.1%,RB,2023
138,139,Justin Strong,0,0,0.0,0,0,0,0,0,0,0.0,0,0,0,0.0,0.0,0.0%,RB,2023
139,140,Anthony Grant,0,0,0.0,0,0,0,0,0,0,0.0,0,0,0,0.0,0.0,0.0%,RB,2023
140,141,Michael Herzog,0,0,0.0,0,0,0,0,0,0,0.0,0,0,0,0.0,0.0,0.0%,RB,2023
141,142,Lorenzo Lingard,0,0,0.0,0,0,0,0,0,0,0.0,0,0,0,0.0,0.0,0.0%,RB,2023
142,143,Jalen Jackson,0,0,0.0,0,0,0,0,0,0,0.0,0,0,0,0.0,0.0,0.0%,RB,2023
143,144,Trent Pennix,0,0,0.0,0,0,0,0,0,0,0.0,0,0,0,0.0,0.0,0.0%,RB,2023
144,145,British Brooks,0,0,0.0,0,0,0,0,0,0,0.0,0,0,0,0.0,0.0,0.0%,RB,2023
145,146,Colson Yankoff,0,0,0.0,0,0,0,0,0,0,0.0,0,0,0,0.0,0.0,0.0%,RB,2023
146,147,Jarveon Howard,0,0,0.0,0,0,0,0,0,0,0.0,0,0,0,0.0,0.0,0.0%,RB,2023
147,148,Kobe Lewis,0,0,0.0,0,0,0,0,0,0,0.0,0,0,0,0.0,0.0,0.0%,RB,2023
148,149,Ian Wheeler,0,0,0.0,0,0,0,0,0,0,0.0,0,0,0,0.0,0.0,0.0%,RB,2023
149,150,Nathaniel Peat,0,0,0.0,0,0,0,0,0,0,0.0,0,0,0,0.0,0.0,0.0%,RB,2023
150,151,Jordan Terrell,0,0,0.0,0,0,0,0,0,0,0.0,0,0,0,0.0,0.0,0.0%,RB,2023
151,152,Chris Collier,0,0,0.0,0,0,0,0,0,0,0.0,0,0,0,0.0,0.0,0.0%,RB,2023
152,153,Sam Schnee,0,0,0.0,0,0,0,0,0,0,0.0,0,0,0,0.0,0.0,0.0%,RB,2023
153,154,Ray Davis,0,0,0.0,0,0,0,0,0,0,0.0,0,0,0,0.0,0.0,2.4%,RB,2023
154,155,Chris Brooks,0,0,0.0,0,0,0,0,0,0,0.0,0,0,0,0.0,0.0,0.1%,RB,2023
155,156,Hunter Luepke,0,0,0.0,0,0,0,0,0,0,0.0,0,0,1,0.0,0.0,0.1%,RB,2023
156,157,Ellis Merriweather,0,0,0.0,0,0,0,0,0,0,0.0,0,0,0,0.0,0.0,0.0%,RB,2023
157,158,Emanuel Wilson,0,0,0.0,0,0,0,0,0,0,0.0,0,0,0,0.0,0.0,0.1%,RB,2023
158,159,Owen Wright,0,0,0.0,0,0,0,0,0,0,0.0,0,0,0,0.0,0.0,0.0%,RB,2023
159,160,Jordan Mims,0,0,0.0,0,0,0,0,0,0,0.0,0,0,0,0.0,0.0,0.0%,RB,2023
160,161,Deneric Prince,0,0,0.0,0,0,0,0,0,0,0.0,0,0,0,0.0,0.0,0.1%,RB,2023
161,162,Zavier Scott,0,0,0.0,0,0,0,0,0,0,0.0,0,0,0,0.0,0.0,0.0%,RB,2023
162,163,Robert Burns,0,0,0.0,0,0,0,0,0,0,0.0,0,0,0,0.0,0.0,0.0%,RB,2023
163,164,Jacob Saylors,0,0,0.0,0,0,0,0,0,0,0.0,0,0,0,0.0,0.0,0.0%,RB,2023
164,165,Isaiah Davis,0,0,0.0,0,0,0,0,0,0,0.0,0,0,0,0.0,0.0,0.3%,RB,2023
165,166,Frank Gore,0,0,0.0,0,0,0,0,0,0,0.0,0,0,0,0.0,0.0,0.0%,RB,2023
166,167,Jaylen Wright,0,0,0.0,0,0,0,0,0,0,0.0,0,0,0,0.0,0.0,6.5%,RB,2023
167,168,Daijun Edwards,0,0,0.0,0,0,0,0,0,0,0.0,0,0,0,0.0,0.0,0.0%,RB,2023
168,169,Rasheen Ali,0,0,0.0,0,0,0,0,0,0,0.0,0,0,0,0.0,0.0,0.5%,RB,2023
169,170,Bucky Irving,0,0,0.0,0,0,0,0,0,0,0.0,0,0,0,0.0,0.0,1.7%,RB,2023
170,171,Tyrion Davis-Price,0,0,0.0,0,0,0,0,0,0,0.0,0,0,0,0.0,0.0,0.1%,RB,2023
171,172,Chris Rodriguez,0,0,0.0,0,0,0,0,0,0,0.0,0,0,0,0.0,0.0,1.2%,RB,2023
172,173,Deuce Vaughn,0,0,0.0,0,0,0,0,0,0,0.0,0,0,0,0.0,0.0,1.4%,RB,2023
173,174,Tyrone Tracy,0,0,0.0,0,0,0,0,0,0,0.0,0,0,0,0.0,0.0,2.9%,RB,2023
174,175,Kendall Milton,0,0,0.0,0,0,0,0,0,0,0.0,0,0,0,0.0,0.0,0.0%,RB,2023
175,176,Jashaun Corbin,0,0,0.0,0,0,0,0,0,0,0.0,0,0,0,0.0,0.0,0.0%,RB,2023
176,177,Will Shipley,0,0,0.0,0,0,0,0,0,0,0.0,0,0,0,0.0,0.0,1.2%,RB,2023
177,178,George Holani,0,0,0.0,0,0,0,0,0,0,0.0,0,0,0,0.0,0.0,0.0%,RB,2023
178,179,D.J. Williams,0,0,0.0,0,0,0,0,0,0,0.0,0,0,0,0.0,0.0,0.0%,RB,2023
179,180,Tank Bigsby,0,0,0.0,0,0,0,0,0,0,0.0,0,0,1,0.0,0.0,3.8%,RB,2023
180,181,Eric Gray,0,0,0.0,0,0,0,0,0,0,0.0,0,0,1,0.0,0.0,0.6%,RB,2023
181,182,Steele Chambers,0,0,0.0,0,0,0,0,0,0,0.0,0,0,0,0.0,0.0,0.0%,RB,2023
182,183,Audric Estime,0,0,0.0,0,0,0,0,0,0,0.0,0,0,0,0.0,0.0,1.1%,RB,2023
183,184,Ricky Person,0,0,0.0,0,0,0,0,0,0,0.0,0,0,0,0.0,0.0,0.0%,RB,2023
184,185,Snoop Conner,0,0,0.0,0,0,0,0,0,0,0.0,0,0,0,0.0,0.0,0.1%,RB,2023
185,186,Blake Corum,0,0,0.0,0,0,0,0,0,0,0.0,0,0,0,0.0,0.0,54.4%,RB,2023
186,187,Noah Cain,0,0,0.0,0,0,0,0,0,0,0.0,0,0,0,0.0,0.0,0.0%,RB,2023
187,188,Keilan Robinson,0,0,0.0,0,0,0,0,0,0,0.0,0,0,0,0.0,0.0,0.1%,RB,2023
188,189,Jase McClellan,0,0,0.0,0,0,0,0,0,0,0.0,0,0,0,0.0,0.0,0.2%,RB,2023
189,190,Elijah Mitchell,0,0,0.0,0,0,0,0,0,0,0.0,0,0,0,0.0,0.0,8.9%,RB,2023
190,191,Chris Evans,0,0,0.0,0,0,0,0,0,0,0.0,0,0,0,0.0,0.0,0.2%,RB,2023
191,192,Javian Hawkins,0,0,0.0,0,0,0,0,0,0,0.0,0,0,0,0.0,0.0,0.0%,RB,2023
192,193,Michael Carter,0,0,0.0,0,0,0,0,0,0,0.0,0,0,0,0.0,0.0,1.3%,RB,2023
193,194,Rhamondre Stevenson,0,0,0.0,0,0,0,0,0,0,0.0,0,0,0,0.0,0.0,84.8%,RB,2023
194,195,Zander Horvath,0,0,0.0,0,0,0,0,0,0,0.0,0,0,0,0.0,0.0,0.0%,RB,2023
195,196,Tyler Badie,0,0,0.0,0,0,0,0,0,0,0.0,0,0,0,0.0,0.0,0.0%,RB,2023
196,197,Hassan Haskins,0,0,0.0,0,0,0,0,0,0,0.0,0,0,0,0.0,0.0,0.1%,RB,2023
197,198,Sean Tucker,0,0,0.0,0,0,0,0,0,0,0.0,0,0,0,0.0,0.0,0.2%,RB,2023
198,199,Ronnie Rivers,0,0,0.0,0,0,0,0,0,0,0.0,0,0,0,0.0,0.0,0.6%,RB,2023
199,200,Braelon Allen,0,0,0.0,0,0,0,0,0,0,0.0,0,0,0,0.0,0.0,2.2%,RB,2023
200,201,Isiah Pacheco,0,0,0.0,0,0,0,0,0,0,0.0,0,0,0,0.0,0.0,97.8%,RB,2023
201,202,Malik Davis,0,0,0.0,0,0,0,0,0,0,0.0,0,0,0,0.0,0.0,0.3%,RB,2023
202,203,Pierre Strong,1,0,0.0,0,0,0,0,0,0,0.0,0,0,1,0.0,0.0,0.6%,RB,2023
203,204,Sincere McCormick,0,0,0.0,0,0,0,0,0,0,0.0,0,0,0,0.0,0.0,0.0%,RB,2023
204,205,Keaontay Ingram,0,0,0.0,0,0,0,0,0,0,0.0,0,0,0,0.0,0.0,1.1%,RB,2023
205,206,Zach Evans,0,0,0.0,0,0,0,0,0,0,0.0,0,0,0,0.0,0.0,0.7%,RB,2023
206,207,MarShawn Lloyd,0,0,0.0,0,0,0,0,0,0,0.0,0,0,0,0.0,0.0,15.7%,RB,2023
207,208,Kevin Harris,0,0,0.0,0,0,0,0,0,0,0.0,0,0,0,0.0,0.0,0.2%,RB,2023
208,209,Adam Prentice,0,0,0.0,0,0,0,0,0,0,0.0,0,0,1,0.0,0.0,0.0%,RB,2023
209,210,Ben Mason,0,0,0.0,0,0,0,0,0,0,0.0,0,0,0,0.0,0.0,0.0%,RB,2023
210,211,Avery Williams,0,0,0.0,0,0,0,0,0,0,0.0,0,0,0,0.0,0.0,0.1%,RB,2023
211,212,Jake Funk,0,0,0.0,0,0,0,0,0,0,0.0,0,0,0,0.0,0.0,0.0%,RB,2023
212,213,Jay Finley,0,0,0.0,0,0,0,0,0,0,0.0,0,0,0,0.0,0.0,0.0%,RB,2023
213,214,Shane Bannon,0,0,0.0,0,0,0,0,0,0,0.0,0,0,0,0.0,0.0,0.0%,RB,2023
214,215,Kyle Juszczyk,0,0,0.0,0,0,0,0,0,0,0.0,0,0,1,0.0,0.0,0.9%,RB,2023
215,216,Brandon Bolden,0,0,0.0,0,0,0,0,0,0,0.0,0,0,1,0.0,0.0,0.0%,RB,2023
216,217,Kenny Irons,0,0,0.0,0,0,0,0,0,0,0.0,0,0,0,0.0,0.0,0.0%,RB,2023
217,218,Anthony Alridge,0,0,0.0,0,0,0,0,0,0,0.0,0,0,0,0.0,0.0,0.0%,RB,2023
218,219,Chad Simpson,0,0,0.0,0,0,0,0,0,0,0.0,0,0,0,0.0,0.0,0.0%,RB,2023
219,220,Dantrell Savage,0,0,0.0,0,0,0,0,0,0,0.0,0,0,0,0.0,0.0,0.0%,RB,2023
220,221,Xavier Omon,0,0,0.0,0,0,0,0,0,0,0.0,0,0,0,0.0,0.0,0.0%,RB,2023
221,222,Garrett Mills,0,0,0.0,0,0,0,0,0,0,0.0,0,0,0,0.0,0.0,0.0%,RB,2023
222,223,Samkon Gado,0,0,0.0,0,0,0,0,0,0,0.0,0,0,0,0.0,0.0,0.0%,RB,2023
223,224,Madison Hedgecock,0,0,0.0,0,0,0,0,0,0,0.0,0,0,0,0.0,0.0,0.0%,RB,2023
224,225,Aaron Jones,0,0,0.0,0,0,0,0,0,0,0.0,0,0,0,0.0,0.0,93.5%,RB,2023
225,226,Taquan Mizzell,0,0,0.0,0,0,0,0,0,0,0.0,0,0,0,0.0,0.0,0.0%,RB,2023
226,227,Tarik Cohen,0,0,0.0,0,0,0,0,0,0,0.0,0,0,0,0.0,0.0,0.0%,RB,2023
227,228,James Conner,0,0,0.0,0,0,0,0,0,0,0.0,0,0,0,0.0,0.0,91.7%,RB,2023
228,229,Jeremy McNichols,0,0,0.0,0,0,0,0,0,0,0.0,0,0,0,0.0,0.0,0.0%,RB,2023
229,230,Jeff Wilson,0,0,0.0,0,0,0,0,0,0,0.0,0,0,1,0.0,0.0,6.8%,RB,2023
230,231,Mike Boone,0,0,0.0,0,0,0,0,0,0,0.0,0,0,0,0.0,0.0,0.0%,RB,2023
231,232,Myles Gaskin,0,0,0.0,0,0,0,0,0,0,0.0,0,0,0,0.0,0.0,0.1%,RB,2023
232,233,Nick Chubb,0,0,0.0,0,0,0,0,0,0,0.0,0,0,0,0.0,0.0,55.7%,RB,2023
233,234,Patrick Ricard,0,0,0.0,0,0,0,0,0,0,0.0,0,0,1,0.0,0.0,0.1%,RB,2023
234,235,Nyheim Hines,0,0,0.0,0,0,0,0,0,0,0.0,0,0,0,0.0,0.0,0.5%,RB,2023
235,236,John Kelly,0,0,0.0,0,0,0,0,0,0,0.0,0,0,0,0.0,0.0,0.0%,RB,2023
236,237,Godwin Igwebuike,0,0,0.0,0,0,0,0,0,0,0.0,0,0,1,0.0,0.0,0.0%,RB,2023
237,238,Rashaad Penny,0,0,0.0,0,0,0,0,0,0,0.0,0,0,0,0.0,0.0,4.1%,RB,2023
238,239,Keith Smith,0,0,0.0,0,0,0,0,0,0,0.0,0,0,1,0.0,0.0,0.0%,RB,2023
239,240,Brennan Clay,0,0,0.0,0,0,0,0,0,0,0.0,0,0,0,0.0,0.0,0.0%,RB,2023
240,241,Tim Flanders,0,0,0.0,0,0,0,0,0,0,0.0,0,0,0,0.0,0.0,0.0%,RB,2023
241,242,Willie Carter,0,0,0.0,0,0,0,0,0,0,0.0,0,0,0,0.0,0.0,0.0%,RB,2023
242,243,Dwayne Washington,0,0,0.0,0,0,0,0,0,0,0.0,0,0,0,0.0,0.0,0.0%,RB,2023
243,244,Terrell Jennings,0,0,0.0,0,0,0,0,0,0,0.0,0,0,0,0.0,0.0,0.0%,RB,2023
244,245,Trayveon Williams,0,0,0.0,0,0,0,1,1,-1,-1.0,0,0,1,-0.1,-0.1,0.3%,RB,2023
245,246,Israel Abanikanda,3,-1,-0.3,3,0,0,0,0,0,0.0,0,0,1,-0.1,-0.1,1.0%,RB,2023
246,247,Tyler Goodson,0,0,0.0,0,0,0,1,1,-2,-2.0,0,0,1,-0.2,-0.2,0.1%,RB,2023
247,248,Khari Blasingame,0,0,0.0,0,0,0,1,1,-3,-3.0,0,0,1,-0.3,-0.3,0.1%,RB,2023
