,Rank,Player,Receiving Receptions,Receiving Target,Receiving Yards,Yards/Reception,Longest Reception,Receiving 20+,Receiving Touchdowns,Rushing Attempts,Rushing Yards,Rushing Touchdown,Fumbles,Games Played,Fantasy Football Points,FTPS/Game,ROST,Position,Year
0,1,Hunter Henry,5,6,56,11.2,13,0,1,0,0,0,0,1,11.6,11.6,15.2%,TE,2023
1,2,Hayden Hurst,5,7,41,8.2,14,0,1,0,0,0,0,1,10.1,10.1,2.2%,TE,2023
2,3,Donald Parham,3,3,22,7.3,16,0,1,0,0,0,0,1,8.2,8.2,1.1%,TE,2023
3,4,Blake Bell,2,3,12,6.0,8,0,1,0,0,0,0,1,7.2,7.2,0.0%,TE,2023
4,5,Harrison Bryant,2,2,5,2.5,3,0,1,0,0,0,0,1,6.5,6.5,0.1%,TE,2023
5,6,Pat Freiermuth,1,4,3,3.0,3,0,1,0,0,0,0,1,6.3,6.3,59.8%,TE,2023
6,7,Luke Musgrave,3,4,50,16.7,37,1,0,0,0,0,0,1,5.0,5.0,8.1%,TE,2023
7,8,Tyler Higbee,3,3,49,16.3,30,1,0,0,0,0,0,1,4.9,4.9,19.7%,TE,2023
8,9,Evan Engram,5,5,49,9.8,26,1,0,0,0,0,0,1,4.9,4.9,96.9%,TE,2023
9,10,Kyle Pitts,2,3,44,22.0,34,1,0,0,0,0,0,1,4.4,4.4,87.9%,TE,2023
10,11,Durham Smythe,3,7,44,14.7,18,0,0,0,0,0,0,1,4.4,4.4,0.7%,TE,2023
11,12,Cole Kmet,5,7,44,8.8,15,0,0,1,0,0,0,1,4.4,4.4,71.6%,TE,2023
12,13,Logan Thomas,4,8,43,10.8,19,0,0,0,0,0,0,1,4.3,4.3,19.3%,TE,2023
13,14,Sam LaPorta,5,5,39,7.8,14,0,0,0,0,0,0,1,3.9,3.9,98.9%,TE,2023
14,15,Kylen Granson,4,6,39,9.8,14,0,0,0,0,0,0,1,3.9,3.9,0.7%,TE,2023
15,16,Mike Gesicki,3,3,36,12.0,17,0,0,0,0,0,0,1,3.6,3.6,2.3%,TE,2023
16,17,Darren Waller,3,5,36,12.0,22,1,0,0,0,0,0,1,3.6,3.6,53.0%,TE,2023
17,18,Juwan Johnson,3,5,36,12.0,27,1,0,0,0,0,0,1,3.6,3.6,9.7%,TE,2023
18,19,T.J. Hockenson,8,9,35,4.4,14,0,0,0,0,0,0,1,3.5,3.5,81.3%,TE,2023
19,20,Adam Trautman,5,5,34,6.8,15,0,0,0,0,0,0,1,3.4,3.4,0.2%,TE,2023
20,21,Josh Oliver,3,3,32,10.7,18,0,0,0,0,0,0,1,3.2,3.2,0.6%,TE,2023
21,22,Noah Gray,3,5,31,10.3,24,1,0,0,0,0,0,1,3.1,3.1,0.8%,TE,2023
22,23,Dalton Kincaid,4,4,26,6.5,9,0,0,0,0,0,0,1,2.6,2.6,85.8%,TE,2023
23,24,Dawson Knox,3,4,25,8.3,15,0,0,0,0,0,0,1,2.5,2.5,4.7%,TE,2023
24,25,David Njoku,2,3,24,12.0,15,0,0,0,0,0,0,1,2.4,2.4,94.0%,TE,2023
25,26,Gerald Everett,2,3,21,10.5,11,0,0,1,2,0,0,1,2.3,2.3,23.5%,TE,2023
26,27,Trey McBride,2,2,23,11.5,13,0,0,0,0,0,0,1,2.3,2.3,90.8%,TE,2023
27,28,Greg Dulcich,2,2,22,11.0,13,0,0,0,0,0,0,1,2.2,2.2,3.9%,TE,2023
28,29,Zach Ertz,6,10,21,3.5,6,0,0,0,0,0,0,1,2.1,2.1,3.6%,TE,2023
29,30,Brycen Hopkins,1,2,21,21.0,21,1,0,0,0,0,0,1,2.1,2.1,0.0%,TE,2023
30,31,Drew Ogletree,1,2,20,20.0,20,1,0,0,0,0,0,1,2.0,2.0,0.1%,TE,2023
31,32,Austin Hooper,1,1,20,20.0,20,1,0,0,0,0,0,1,2.0,2.0,0.4%,TE,2023
32,33,George Kittle,3,6,19,6.3,11,0,0,0,0,0,0,1,1.9,1.9,97.3%,TE,2023
33,34,Connor Heyward,2,4,19,9.5,11,0,0,0,0,0,0,1,1.9,1.9,0.2%,TE,2023
34,35,Cade Otton,2,3,19,9.5,13,0,0,0,0,0,0,1,1.9,1.9,16.6%,TE,2023
35,36,Cole Turner,1,2,17,17.0,17,0,0,0,0,0,0,1,1.7,1.7,0.1%,TE,2023
36,37,Brock Wright,2,2,17,8.5,9,0,0,0,0,0,0,1,1.7,1.7,0.2%,TE,2023
37,38,Will Dissly,2,2,17,8.5,10,0,0,0,0,0,0,1,1.7,1.7,0.3%,TE,2023
38,39,Irv Smith,3,5,17,5.7,8,0,0,0,0,0,0,1,1.7,1.7,1.7%,TE,2023
39,40,Jordan Akins,1,1,12,12.0,12,0,0,0,0,0,0,1,1.2,1.2,0.1%,TE,2023
40,41,Teagan Quitoriano,1,1,11,11.0,11,0,0,0,0,0,0,1,1.1,1.1,0.0%,TE,2023
41,42,Jake Ferguson,2,7,11,5.5,9,0,0,0,0,0,0,1,1.1,1.1,89.8%,TE,2023
42,43,Colby Parkinson,1,2,8,8.0,8,0,0,0,0,0,0,1,0.8,0.8,0.6%,TE,2023
43,44,Taysom Hill,0,1,0,0.0,0,0,0,3,4,0,0,1,0.4,0.4,36.5%,TE,2023
44,45,Isaiah Likely,1,1,4,4.0,4,0,0,0,0,0,0,1,0.4,0.4,37.1%,TE,2023
45,46,Dalton Schultz,2,4,4,2.0,5,0,0,0,0,0,0,1,0.4,0.4,77.2%,TE,2023
46,47,Tyler Conklin,1,1,2,2.0,2,0,0,0,0,0,0,1,0.2,0.2,17.9%,TE,2023
47,48,Giovanni Ricci,1,1,2,2.0,2,0,0,0,0,0,0,1,0.2,0.2,0.1%,TE,2023
48,49,Daniel Bellinger,1,1,1,1.0,1,0,0,0,0,0,0,1,0.1,0.1,0.8%,TE,2023
49,50,Jody Fortson,0,0,0,0.0,0,0,0,0,0,0,0,0,0.0,0.0,0.1%,TE,2023
50,51,Mitchell Fraboni,0,0,0,0.0,0,0,0,0,0,0,0,0,0.0,0.0,0.0%,TE,2023
51,52,Matt Orzech,0,0,0,0.0,0,0,0,0,0,0,0,0,0.0,0.0,0.0%,TE,2023
52,53,Parker Hesse,0,0,0,0.0,0,0,0,0,0,0,0,1,0.0,0.0,0.0%,TE,2023
53,54,Stephen Carlson,0,0,0,0.0,0,0,0,0,0,0,0,0,0.0,0.0,0.1%,TE,2023
54,55,N'Keal Harry,0,0,0,0.0,0,0,0,0,0,0,0,0,0.0,0.0,0.1%,TE,2023
55,56,Albert Okwuegbunam,0,0,0,0.0,0,0,0,0,0,0,0,0,0.0,0.0,0.1%,TE,2023
56,57,Tommy Sweeney,0,0,0,0.0,0,0,0,0,0,0,0,0,0.0,0.0,0.0%,TE,2023
57,58,Foster Moreau,0,0,0,0.0,0,0,0,0,0,0,0,1,0.0,0.0,0.1%,TE,2023
58,59,Andrew Beck,0,0,0,0.0,0,0,0,0,0,0,0,1,0.0,0.0,0.1%,TE,2023
59,60,Jesper Horsted,0,0,0,0.0,0,0,0,0,0,0,0,1,0.0,0.0,0.0%,TE,2023
60,61,Drew Sample,0,0,0,0.0,0,0,0,0,0,0,0,1,0.0,0.0,0.1%,TE,2023
61,62,Trevon Wesco,0,0,0,0.0,0,0,0,0,0,0,0,1,0.0,0.0,0.0%,TE,2023
62,63,Tyree Jackson,0,0,0,0.0,0,0,0,0,0,0,0,0,0.0,0.0,0.0%,TE,2023
63,64,Zach Gentry,0,0,0,0.0,0,0,0,0,0,0,0,0,0.0,0.0,0.0%,TE,2023
64,65,Brevin Jordan,0,0,0,0.0,0,0,0,0,0,0,0,0,0.0,0.0,5.2%,TE,2023
65,66,Josiah Deguara,0,0,0,0.0,0,0,0,0,0,0,0,1,0.0,0.0,0.0%,TE,2023
66,67,Luke Farrell,0,0,0,0.0,0,0,0,0,0,0,0,1,0.0,0.0,0.1%,TE,2023
67,68,Mitchell Wilcox,0,0,0,0.0,0,0,0,0,0,0,0,1,0.0,0.0,0.0%,TE,2023
68,69,Dalton Keene,0,0,0,0.0,0,0,0,0,0,0,0,0,0.0,0.0,0.0%,TE,2023
69,70,Stephen Sullivan,0,0,0,0.0,0,0,0,0,0,0,0,0,0.0,0.0,0.1%,TE,2023
70,71,Tommy Hudson,0,0,0,0.0,0,0,0,0,0,0,0,0,0.0,0.0,0.0%,TE,2023
71,72,Scotty Washington,0,0,0,0.0,0,0,0,0,0,0,0,0,0.0,0.0,0.0%,TE,2023
72,73,Charlie Woerner,0,0,0,0.0,0,0,0,0,0,0,0,1,0.0,0.0,0.1%,TE,2023
73,74,Tyler Davis,0,0,0,0.0,0,0,0,0,0,0,0,0,0.0,0.0,0.0%,TE,2023
74,75,Sean McKeon,0,0,0,0.0,0,0,0,0,0,0,0,0,0.0,0.0,0.0%,TE,2023
75,76,Tyler Mabry,0,0,0,0.0,0,0,0,0,0,0,0,0,0.0,0.0,0.0%,TE,2023
76,77,Lawrence Cager,2,2,17,8.5,9,0,0,0,0,0,0,1,0.0,0.0,0.0%,TE,2023
77,78,Tucker Kraft,0,0,0,0.0,0,0,0,0,0,0,0,1,0.0,0.0,11.4%,TE,2023
78,79,Brenton Strange,0,0,0,0.0,0,0,0,0,0,0,0,1,0.0,0.0,0.1%,TE,2023
79,80,Payne Durham,0,0,0,0.0,0,0,0,0,0,0,0,0,0.0,0.0,0.1%,TE,2023
80,81,Zack Kuntz,0,0,0,0.0,0,0,0,0,0,0,0,0,0.0,0.0,0.0%,TE,2023
81,82,Ben Sims,0,0,0,0.0,0,0,0,0,0,0,0,1,0.0,0.0,0.1%,TE,2023
82,83,Brayden Willis,0,0,0,0.0,0,0,0,0,0,0,0,0,0.0,0.0,0.0%,TE,2023
83,84,Joel Wilson,0,0,0,0.0,0,0,0,0,0,0,0,0,0.0,0.0,0.0%,TE,2023
84,85,Luke Schoonmaker,0,0,0,0.0,0,0,0,0,0,0,0,1,0.0,0.0,0.4%,TE,2023
85,86,Travis Vokolek,0,0,0,0.0,0,0,0,0,0,0,0,0,0.0,0.0,0.0%,TE,2023
86,87,E.J. Jenkins,0,0,0,0.0,0,0,0,0,0,0,0,0,0.0,0.0,0.0%,TE,2023
87,88,Brady Russell,0,0,0,0.0,0,0,0,0,0,0,0,0,0.0,0.0,0.0%,TE,2023
88,89,Patrick Murtagh,0,0,0,0.0,0,0,0,0,0,0,0,0,0.0,0.0,0.0%,TE,2023
89,90,Henry Pearson,0,0,0,0.0,0,0,0,0,0,0,0,0,0.0,0.0,0.0%,TE,2023
90,91,Blake Whiteheart,0,0,0,0.0,0,0,0,0,0,0,0,0,0.0,0.0,0.0%,TE,2023
91,92,Cade Stover,0,0,0,0.0,0,0,0,0,0,0,0,0,0.0,0.0,0.5%,TE,2023
92,93,Jake Tonges,0,0,0,0.0,0,0,0,0,0,0,0,0,0.0,0.0,0.0%,TE,2023
93,94,Rodney Williams,0,0,0,0.0,0,0,0,0,0,0,0,0,0.0,0.0,0.0%,TE,2023
94,95,Kehinde Oginni,0,0,0,0.0,0,0,0,0,0,0,0,0,0.0,0.0,0.0%,TE,2023
95,96,Jaheim Bell,0,0,0,0.0,0,0,0,0,0,0,0,0,0.0,0.0,0.1%,TE,2023
96,97,Dallin Holker,0,0,0,0.0,0,0,0,0,0,0,0,0,0.0,0.0,0.0%,TE,2023
97,98,Leroy Watson,0,0,0,0.0,0,0,0,0,0,0,0,0,0.0,0.0,0.0%,TE,2023
98,99,Zaire Mitchell-Paden,0,0,0,0.0,0,0,0,0,0,0,0,0,0.0,0.0,0.0%,TE,2023
99,100,Thomas Odukoya,0,0,0,0.0,0,0,0,0,0,0,0,0,0.0,0.0,0.0%,TE,2023
100,101,Cole Fotheringham,0,0,0,0.0,0,0,0,0,0,0,0,0,0.0,0.0,0.0%,TE,2023
101,102,Julian Hill,0,0,0,0.0,0,0,0,0,0,0,0,0,0.0,0.0,0.0%,TE,2023
102,103,Brenden Bates,0,0,0,0.0,0,0,0,0,0,0,0,0,0.0,0.0,0.0%,TE,2023
103,104,Steven Stilianos,0,0,0,0.0,0,0,0,0,0,0,0,0,0.0,0.0,0.0%,TE,2023
104,105,Colson Yankoff,0,0,0,0.0,0,0,0,0,0,0,0,0,0.0,0.0,0.0%,TE,2023
105,106,Luke Benson,0,0,0,0.0,0,0,0,0,0,0,0,0,0.0,0.0,0.0%,TE,2023
106,107,Devin Culp,0,0,0,0.0,0,0,0,0,0,0,0,0,0.0,0.0,0.0%,TE,2023
107,108,Messiah Swinson,0,0,0,0.0,0,0,0,0,0,0,0,0,0.0,0.0,0.0%,TE,2023
108,109,Jack Westover,0,0,0,0.0,0,0,0,0,0,0,0,0,0.0,0.0,0.0%,TE,2023
109,110,Mason Pline,0,0,0,0.0,0,0,0,0,0,0,0,0,0.0,0.0,0.0%,TE,2023
110,111,Jacob Warren,0,0,0,0.0,0,0,0,0,0,0,0,0,0.0,0.0,0.0%,TE,2023
111,112,Tip Reiman,0,0,0,0.0,0,0,0,0,0,0,0,0,0.0,0.0,0.1%,TE,2023
112,113,Mason Fairchild,0,0,0,0.0,0,0,0,0,0,0,0,0,0.0,0.0,0.0%,TE,2023
113,114,Treyton Welch,0,0,0,0.0,0,0,0,0,0,0,0,0,0.0,0.0,0.0%,TE,2023
114,115,Alec Holler,0,0,0,0.0,0,0,0,0,0,0,0,0,0.0,0.0,0.0%,TE,2023
115,116,Zach Heins,0,0,0,0.0,0,0,0,0,0,0,0,0,0.0,0.0,0.0%,TE,2023
116,117,Mike Rigerman,0,0,0,0.0,0,0,0,0,0,0,0,0,0.0,0.0,0.0%,TE,2023
117,118,David Martin-Robinson,0,0,0,0.0,0,0,0,0,0,0,0,0,0.0,0.0,0.0%,TE,2023
118,119,Easton Dean,0,0,0,0.0,0,0,0,0,0,0,0,0,0.0,0.0,0.0%,TE,2023
119,120,Alex Larson,0,0,0,0.0,0,0,0,0,0,0,0,0,0.0,0.0,0.0%,TE,2023
120,121,Treyton Pickering,0,0,0,0.0,0,0,0,0,0,0,0,0,0.0,0.0,0.0%,TE,2023
121,122,Joshua Lingenfelter,0,0,0,0.0,0,0,0,0,0,0,0,0,0.0,0.0,0.0%,TE,2023
122,123,Riley Sharp,0,0,0,0.0,0,0,0,0,0,0,0,0,0.0,0.0,0.0%,TE,2023
123,124,Lincoln Sefcik,0,0,0,0.0,0,0,0,0,0,0,0,0,0.0,0.0,0.0%,TE,2023
124,125,Jjay Mcafee,0,0,0,0.0,0,0,0,0,0,0,0,0,0.0,0.0,0.0%,TE,2023
125,126,Shawn Bowman,0,0,0,0.0,0,0,0,0,0,0,0,0,0.0,0.0,0.0%,TE,2023
126,127,Kevin Foelsch,0,0,0,0.0,0,0,0,0,0,0,0,0,0.0,0.0,0.0%,TE,2023
127,128,Trent Pennix,0,0,0,0.0,0,0,0,0,0,0,0,0,0.0,0.0,0.0%,TE,2023
128,129,Neal Johnson,0,0,0,0.0,0,0,0,0,0,0,0,0,0.0,0.0,0.0%,TE,2023
129,130,Thomas Yassmin,0,0,0,0.0,0,0,0,0,0,0,0,0,0.0,0.0,0.0%,TE,2023
130,131,Cam Grandy,0,0,0,0.0,0,0,0,0,0,0,0,0,0.0,0.0,0.0%,TE,2023
131,132,McCallan Castles,0,0,0,0.0,0,0,0,0,0,0,0,0,0.0,0.0,0.0%,TE,2023
132,133,Tanner Taula,0,0,0,0.0,0,0,0,0,0,0,0,0,0.0,0.0,0.0%,TE,2023
133,134,Brevyn Spann-Ford,0,0,0,0.0,0,0,0,0,0,0,0,0,0.0,0.0,0.0%,TE,2023
134,135,John Stephens,0,0,0,0.0,0,0,0,0,0,0,0,0,0.0,0.0,0.0%,TE,2023
135,136,Princeton Fant,0,0,0,0.0,0,0,0,0,0,0,0,0,0.0,0.0,0.0%,TE,2023
136,137,Jordan Murray,0,0,0,0.0,0,0,0,0,0,0,0,0,0.0,0.0,0.0%,TE,2023
137,138,John Samuel,0,0,0,0.0,0,0,0,0,0,0,0,0,0.0,0.0,0.0%,TE,2023
138,139,Nate Adkins,0,0,0,0.0,0,0,0,0,0,0,0,0,0.0,0.0,0.0%,TE,2023
139,140,Tanner McLachlan,0,0,0,0.0,0,0,0,0,0,0,0,0,0.0,0.0,0.0%,TE,2023
140,141,Jared Wiley,0,0,0,0.0,0,0,0,0,0,0,0,0,0.0,0.0,0.3%,TE,2023
141,142,AJ Barner,0,0,0,0.0,0,0,0,0,0,0,0,0,0.0,0.0,0.1%,TE,2023
142,143,Ben Sinnott,0,0,0,0.0,0,0,0,0,0,0,0,0,0.0,0.0,4.6%,TE,2023
143,144,La'Michael Pettway,0,0,0,0.0,0,0,0,0,0,0,0,0,0.0,0.0,0.0%,TE,2023
144,145,Michael Mayer,0,0,0,0.0,0,0,0,0,0,0,0,1,0.0,0.0,4.6%,TE,2023
145,146,Elijah Higgins,0,0,0,0.0,0,0,0,0,0,0,0,0,0.0,0.0,0.2%,TE,2023
146,147,Theo Johnson,0,0,0,0.0,0,0,0,0,0,0,0,0,0.0,0.0,0.8%,TE,2023
147,148,Austin Stogner,0,0,0,0.0,0,0,0,0,0,0,0,0,0.0,0.0,0.0%,TE,2023
148,149,Malcolm Epps,0,0,0,0.0,0,0,0,0,0,0,0,0,0.0,0.0,0.0%,TE,2023
149,150,Ben Mason,0,0,0,0.0,0,0,0,0,0,0,0,0,0.0,0.0,0.0%,TE,2023
150,151,Josh Pederson,0,0,0,0.0,0,0,0,0,0,0,0,0,0.0,0.0,0.0%,TE,2023
151,152,Jacob Harris,0,0,0,0.0,0,0,0,0,0,0,0,0,0.0,0.0,0.0%,TE,2023
152,153,Sammis Reyes,0,0,0,0.0,0,0,0,0,0,0,0,0,0.0,0.0,0.0%,TE,2023
153,154,Baylor Cupp,0,0,0,0.0,0,0,0,0,0,0,0,0,0.0,0.0,0.0%,TE,2023
154,155,Jack Stoll,0,0,0,0.0,0,0,0,0,0,0,0,1,0.0,0.0,0.0%,TE,2023
155,156,James Mitchell,0,0,0,0.0,0,0,0,0,0,0,0,1,0.0,0.0,0.1%,TE,2023
156,157,Peyton Hendershot,0,1,0,0.0,0,0,0,0,0,0,0,1,0.0,0.0,0.1%,TE,2023
157,158,Darnell Washington,0,0,0,0.0,0,0,0,0,0,0,0,1,0.0,0.0,0.4%,TE,2023
158,159,Kenny Yeboah,0,0,0,0.0,0,0,0,0,0,0,0,0,0.0,0.0,0.0%,TE,2023
159,160,Tre' McKitty,0,0,0,0.0,0,0,0,0,0,0,0,1,0.0,0.0,0.0%,TE,2023
160,161,Tommy Tremble,0,0,0,0.0,0,0,0,0,0,0,0,1,0.0,0.0,0.3%,TE,2023
161,162,Hunter Long,0,0,0,0.0,0,0,0,0,0,0,0,0,0.0,0.0,0.1%,TE,2023
162,163,Charlie Kolar,0,1,0,0.0,0,0,0,0,0,0,0,1,0.0,0.0,0.1%,TE,2023
163,164,Quintin Morris,0,0,0,0.0,0,0,0,0,0,0,0,1,0.0,0.0,0.1%,TE,2023
164,165,Trey Knox,0,0,0,0.0,0,0,0,0,0,0,0,0,0.0,0.0,0.0%,TE,2023
165,166,Brock Bowers,0,0,0,0.0,0,0,0,0,0,0,0,0,0.0,0.0,83.2%,TE,2023
166,167,Josh Whyle,0,0,0,0.0,0,0,0,0,0,0,0,1,0.0,0.0,0.1%,TE,2023
167,168,Miller Forristall,0,0,0,0.0,0,0,0,0,0,0,0,0,0.0,0.0,0.0%,TE,2023
168,169,Matt Bushman,0,0,0,0.0,0,0,0,0,0,0,0,1,0.0,0.0,0.0%,TE,2023
169,170,John Bates,0,0,0,0.0,0,0,0,0,0,0,0,1,0.0,0.0,0.1%,TE,2023
170,171,Nick Muse,0,0,0,0.0,0,0,0,0,0,0,0,0,0.0,0.0,0.0%,TE,2023
171,172,Ja'Tavion Sanders,0,0,0,0.0,0,0,0,0,0,0,0,0,0.0,0.0,1.1%,TE,2023
172,173,Cameron Latu,0,0,0,0.0,0,0,0,0,0,0,0,0,0.0,0.0,0.1%,TE,2023
173,174,Armani Rogers,0,0,0,0.0,0,0,0,0,0,0,0,0,0.0,0.0,0.0%,TE,2023
174,175,Lucas Krull,0,0,0,0.0,0,0,0,0,0,0,0,0,0.0,0.0,0.1%,TE,2023
175,176,Gerrit Prince,0,0,0,0.0,0,0,0,0,0,0,0,0,0.0,0.0,0.0%,TE,2023
176,177,Tanner Conner,0,0,0,0.0,0,0,0,0,0,0,0,0,0.0,0.0,0.0%,TE,2023
177,178,John FitzPatrick,0,0,0,0.0,0,0,0,0,0,0,0,0,0.0,0.0,0.0%,TE,2023
178,179,Grant Calcaterra,0,0,0,0.0,0,0,0,0,0,0,0,1,0.0,0.0,0.1%,TE,2023
179,180,Nikola Kalinic,0,0,0,0.0,0,0,0,0,0,0,0,0,0.0,0.0,0.0%,TE,2023
180,181,Stone Smartt,0,0,0,0.0,0,0,0,0,0,0,0,1,0.0,0.0,0.1%,TE,2023
181,182,Ko Kieft,0,3,0,0.0,0,0,0,0,0,0,0,1,0.0,0.0,0.1%,TE,2023
182,183,Hunter Kampmoyer,0,0,0,0.0,0,0,0,0,0,0,0,0,0.0,0.0,0.0%,TE,2023
183,184,Shane Zylstra,0,0,0,0.0,0,0,0,0,0,0,0,0,0.0,0.0,0.0%,TE,2023
184,185,Michael Jacobson,0,0,0,0.0,0,0,0,0,0,0,0,0,0.0,0.0,0.0%,TE,2023
185,186,Bernhard Seikovits,0,0,0,0.0,0,0,0,0,0,0,0,0,0.0,0.0,0.0%,TE,2023
186,187,Zach Davidson,0,0,0,0.0,0,0,0,0,0,0,0,0,0.0,0.0,0.0%,TE,2023
187,188,Chigoziem Okonkwo,0,2,0,0.0,0,0,0,0,0,0,0,1,0.0,0.0,23.7%,TE,2023
188,189,Erick All,0,0,0,0.0,0,0,0,0,0,0,0,0,0.0,0.0,0.4%,TE,2023
189,190,Jelani Woods,0,0,0,0.0,0,0,0,0,0,0,0,0,0.0,0.0,1.2%,TE,2023
190,191,Will Mallory,0,0,0,0.0,0,0,0,0,0,0,0,0,0.0,0.0,0.0%,TE,2023
191,192,Davis Allen,0,0,0,0.0,0,0,0,0,0,0,0,1,0.0,0.0,0.1%,TE,2023
192,193,Jeremy Ruckert,0,0,0,0.0,0,0,0,0,0,0,0,1,0.0,0.0,0.2%,TE,2023
193,194,Dominique Curry,0,0,0,0.0,0,0,0,0,0,0,0,0,0.0,0.0,0.0%,TE,2023
194,195,Drake Dunsmore,0,0,0,0.0,0,0,0,0,0,0,0,0,0.0,0.0,0.0%,TE,2023
195,196,Jordan Matthews,0,0,0,0.0,0,0,0,0,0,0,0,0,0.0,0.0,0.0%,TE,2023
196,197,Travis Kelce,0,0,0,0.0,0,0,0,0,0,0,0,0,0.0,0.0,99.9%,TE,2023
197,198,Derek Fine,0,0,0,0.0,0,0,0,0,0,0,0,0,0.0,0.0,0.0%,TE,2023
198,199,Darnell Dinkins,0,0,0,0.0,0,0,0,0,0,0,0,0,0.0,0.0,0.0%,TE,2023
199,200,J.P. Foschi,0,0,0,0.0,0,0,0,0,0,0,0,0,0.0,0.0,0.0%,TE,2023
200,201,Joey Haynos,0,0,0,0.0,0,0,0,0,0,0,0,0,0.0,0.0,0.0%,TE,2023
201,202,Brad Cottam,0,0,0,0.0,0,0,0,0,0,0,0,0,0.0,0.0,0.0%,TE,2023
202,203,Jimmy Graham,0,0,0,0.0,0,0,0,0,0,0,0,1,0.0,0.0,0.0%,TE,2023
203,204,James Dearth,0,0,0,0.0,0,0,0,0,0,0,0,0,0.0,0.0,0.0%,TE,2023
204,205,Marquez Branson,0,0,0,0.0,0,0,0,0,0,0,0,0,0.0,0.0,0.0%,TE,2023
205,206,Marcedes Lewis,0,0,0,0.0,0,0,0,0,0,0,0,1,0.0,0.0,0.1%,TE,2023
206,207,Keith Zinger,0,0,0,0.0,0,0,0,0,0,0,0,0,0.0,0.0,0.0%,TE,2023
207,208,Justin Snow,0,0,0,0.0,0,0,0,0,0,0,0,0,0.0,0.0,0.0%,TE,2023
208,209,Jonnu Smith,0,0,0,0.0,0,0,0,0,0,0,0,1,0.0,0.0,8.1%,TE,2023
209,210,Robert Tonyan,0,0,0,0.0,0,0,0,0,0,0,0,1,0.0,0.0,0.1%,TE,2023
210,211,Johnny Mundt,0,0,0,0.0,0,0,0,0,0,0,0,1,0.0,0.0,1.5%,TE,2023
211,212,Eric Saubert,0,0,0,0.0,0,0,0,0,0,0,0,0,0.0,0.0,0.0%,TE,2023
212,213,Mo Alie-Cox,0,2,0,0.0,0,0,0,0,0,0,0,1,0.0,0.0,0.1%,TE,2023
213,214,Zach Wood,0,0,0,0.0,0,0,0,0,0,0,0,1,0.0,0.0,0.0%,TE,2023
214,215,Noah Fant,0,0,0,0.0,0,0,0,0,0,0,0,1,0.0,0.0,2.1%,TE,2023
215,216,Ross Dwelley,0,0,0,0.0,0,0,0,0,0,0,0,1,0.0,0.0,0.0%,TE,2023
216,217,Tanner Hudson,0,0,0,0.0,0,0,0,0,0,0,0,0,0.0,0.0,2.7%,TE,2023
217,218,David Wells,0,0,0,0.0,0,0,0,0,0,0,0,1,0.0,0.0,0.0%,TE,2023
218,219,Pharaoh Brown,0,0,0,0.0,0,0,0,0,0,0,0,1,0.0,0.0,0.1%,TE,2023
219,220,Ian Thomas,0,0,0,0.0,0,0,0,0,0,0,0,1,0.0,0.0,0.1%,TE,2023
220,221,Dallas Goedert,0,1,0,0.0,0,0,0,0,0,0,0,1,0.0,0.0,89.7%,TE,2023
221,222,Mark Andrews,0,0,0,0.0,0,0,0,0,0,0,0,0,0.0,0.0,73.3%,TE,2023
222,223,MyCole Pruitt,0,0,0,0.0,0,0,0,0,0,0,0,1,0.0,0.0,0.0%,TE,2023
223,224,Tyler Kroft,0,0,0,0.0,0,0,0,0,0,0,0,1,0.0,0.0,0.0%,TE,2023
224,225,Chris Manhertz,0,0,0,0.0,0,0,0,0,0,0,0,1,0.0,0.0,0.0%,TE,2023
225,226,Tyler Ott,0,0,0,0.0,0,0,0,0,0,0,0,0,0.0,0.0,0.0%,TE,2023
226,227,James Winchester,0,0,0,0.0,0,0,0,0,0,0,0,0,0.0,0.0,0.0%,TE,2023
227,228,Patrick Scales,0,0,0,0.0,0,0,0,0,0,0,0,0,0.0,0.0,0.0%,TE,2023
228,229,Andrew DePaola,0,0,0,0.0,0,0,0,0,0,0,0,1,0.0,0.0,0.0%,TE,2023
229,230,Nick Vannett,0,0,0,0.0,0,0,0,0,0,0,0,0,0.0,0.0,0.0%,TE,2023
230,231,Geoff Swaim,0,0,0,0.0,0,0,0,0,0,0,0,1,0.0,0.0,0.0%,TE,2023
231,232,C.J. Uzomah,0,0,0,0.0,0,0,0,0,0,0,0,1,0.0,0.0,0.1%,TE,2023
232,233,Eric Tomlinson,0,0,0,0.0,0,0,0,0,0,0,0,0,0.0,0.0,0.0%,TE,2023
233,234,Hayden Rucci,0,0,0,0.0,0,0,0,0,0,0,0,0,0.0,0.0,0.0%,TE,2023
