,Rank,Player,Receiving Receptions,Receiving Target,Receiving Yards,Yards/Reception,Longest Reception,Receiving 20+,Receiving Touchdowns,Rushing Attempts,Rushing Yards,Rushing Touchdown,Fumbles,Games Played,Fantasy Football Points,FTPS/Game,ROST,Position,Year
0,1,Sam LaPorta,5,6,56,11.2,19,0,3,0,0,0,0,1,23.6,23.6,98.9%,TE,2023
1,2,David Njoku,10,14,104,10.4,34,2,1,0,0,0,0,1,16.4,16.4,94.0%,TE,2023
2,3,Isaiah Likely,5,6,70,14.0,26,1,1,0,0,0,0,1,13.0,13.0,37.1%,TE,2023
3,4,Hunter Henry,7,9,66,9.4,16,0,1,0,0,0,0,1,12.6,12.6,15.2%,TE,2023
4,5,Tucker Kraft,4,6,57,14.3,36,1,1,0,0,0,0,1,11.7,11.7,11.4%,TE,2023
5,6,Elijah Higgins,4,4,44,11.0,17,0,1,0,0,0,0,1,10.4,10.4,0.2%,TE,2023
6,7,Trey McBride,10,11,102,10.2,38,1,0,0,0,0,0,1,10.2,10.2,90.8%,TE,2023
7,8,Michael Mayer,4,5,39,9.8,13,0,1,0,0,0,0,1,9.9,9.9,4.6%,TE,2023
8,9,Juwan Johnson,2,2,38,19.0,23,1,1,0,0,0,0,1,9.8,9.8,9.7%,TE,2023
9,10,Cole Kmet,5,7,23,4.6,8,0,1,0,0,0,0,1,8.3,8.3,71.6%,TE,2023
10,11,Mo Alie-Cox,2,3,21,10.5,18,0,1,0,0,0,0,1,8.1,8.1,0.1%,TE,2023
11,12,Jimmy Graham,2,2,9,4.5,8,0,1,0,0,0,0,1,6.9,6.9,0.0%,TE,2023
12,13,T.J. Hockenson,6,7,63,10.5,16,0,0,0,0,0,0,1,6.3,6.3,81.3%,TE,2023
13,14,Ko Kieft,1,1,2,2.0,2,0,1,0,0,0,0,1,6.2,6.2,0.1%,TE,2023
14,15,Jonnu Smith,2,2,61,30.5,56,1,0,0,0,0,0,1,6.1,6.1,8.1%,TE,2023
15,16,Dalton Schultz,4,5,58,14.5,19,0,0,0,0,0,0,1,5.8,5.8,77.2%,TE,2023
16,17,George Kittle,2,4,54,27.0,35,1,0,0,0,0,0,1,5.4,5.4,97.3%,TE,2023
17,18,Tanner Hudson,5,5,49,9.8,14,0,0,0,0,0,0,1,4.9,4.9,2.7%,TE,2023
18,19,Cade Otton,2,2,44,22.0,22,2,0,0,0,0,0,1,4.4,4.4,16.6%,TE,2023
19,20,Jake Ferguson,6,8,44,7.3,13,0,0,0,0,0,0,1,4.4,4.4,89.8%,TE,2023
20,21,Gerald Everett,5,8,41,8.2,13,0,0,0,0,0,0,1,4.1,4.1,23.5%,TE,2023
21,22,Darren Waller,4,6,40,10.0,29,1,0,0,0,0,0,1,4.0,4.0,53.0%,TE,2023
22,23,Noah Gray,2,2,37,18.5,32,1,0,0,0,0,0,1,3.7,3.7,0.8%,TE,2023
23,24,Kyle Pitts,3,4,37,12.3,24,1,0,0,0,0,0,1,3.7,3.7,87.9%,TE,2023
24,25,Tyler Higbee,4,5,36,9.0,14,0,0,0,0,0,0,1,3.6,3.6,19.7%,TE,2023
25,26,Chigoziem Okonkwo,3,3,36,12.0,22,1,0,0,0,0,0,1,3.6,3.6,23.7%,TE,2023
26,27,Durham Smythe,4,4,32,8.0,11,0,0,0,0,0,0,1,3.2,3.2,0.7%,TE,2023
27,28,Tommy Tremble,2,2,32,16.0,19,0,0,0,0,0,0,1,3.2,3.2,0.3%,TE,2023
28,29,Dallas Goedert,4,9,30,7.5,18,0,0,1,1,0,0,1,3.1,3.1,89.7%,TE,2023
29,30,Evan Engram,4,6,28,7.0,11,0,0,0,0,0,0,1,2.8,2.8,96.9%,TE,2023
30,31,Travis Kelce,5,7,28,5.6,11,0,0,0,0,0,0,1,2.8,2.8,99.9%,TE,2023
31,32,Luke Farrell,1,1,28,28.0,28,1,0,0,0,0,0,1,2.8,2.8,0.1%,TE,2023
32,33,Geoff Swaim,1,1,26,26.0,26,1,0,0,0,0,0,1,2.6,2.6,0.0%,TE,2023
33,34,Adam Trautman,1,3,24,24.0,24,1,0,0,0,0,0,1,2.4,2.4,0.2%,TE,2023
34,35,Mitchell Wilcox,2,2,20,10.0,10,0,0,0,0,0,0,1,2.0,2.0,0.0%,TE,2023
35,36,Tyler Conklin,4,7,18,4.5,10,0,0,0,0,0,0,1,1.8,1.8,17.9%,TE,2023
36,37,Lucas Krull,1,3,18,18.0,18,0,0,0,0,0,0,1,1.8,1.8,0.1%,TE,2023
37,38,Irv Smith,2,3,18,9.0,14,0,0,0,0,0,0,1,1.8,1.8,1.7%,TE,2023
38,39,Jeremy Ruckert,2,2,16,8.0,9,0,0,0,0,0,0,1,1.6,1.6,0.2%,TE,2023
39,40,Pat Freiermuth,3,4,16,5.3,6,0,0,0,0,0,0,1,1.6,1.6,59.8%,TE,2023
40,41,Noah Fant,3,5,16,5.3,6,0,0,0,0,0,0,1,1.6,1.6,2.1%,TE,2023
41,42,Charlie Kolar,1,1,15,15.0,15,0,0,0,0,0,0,1,1.5,1.5,0.1%,TE,2023
42,43,Stone Smartt,3,3,15,5.0,6,0,0,0,0,0,0,1,1.5,1.5,0.1%,TE,2023
43,44,Stephen Sullivan,1,1,14,14.0,14,0,0,0,0,0,0,1,1.4,1.4,0.1%,TE,2023
44,45,Davis Allen,1,1,14,14.0,14,0,0,0,0,0,0,1,1.4,1.4,0.1%,TE,2023
45,46,Brevin Jordan,1,1,14,14.0,14,0,0,0,0,0,0,1,1.4,1.4,5.2%,TE,2023
46,47,Josh Oliver,2,2,14,7.0,12,0,0,0,0,0,0,1,1.4,1.4,0.6%,TE,2023
47,48,Foster Moreau,3,5,13,4.3,8,0,0,0,0,0,0,1,1.3,1.3,0.1%,TE,2023
48,49,Daniel Bellinger,2,2,13,6.5,8,0,0,0,0,0,0,1,1.3,1.3,0.8%,TE,2023
49,50,Tucker Fisk,1,1,9,9.0,9,0,0,0,0,0,0,1,0.9,0.9,0.1%,TE,2023
50,51,Will Dissly,2,2,9,4.5,5,0,0,0,0,0,0,1,0.9,0.9,0.3%,TE,2023
51,52,Jordan Akins,1,1,8,8.0,8,0,0,0,0,0,0,1,0.8,0.8,0.1%,TE,2023
52,53,Mike Gesicki,1,2,7,7.0,7,0,0,0,0,0,0,1,0.7,0.7,2.3%,TE,2023
53,54,Logan Thomas,1,3,7,7.0,7,0,0,0,0,0,0,1,0.7,0.7,19.3%,TE,2023
54,55,Kylen Granson,1,1,6,6.0,6,0,0,0,0,0,0,1,0.6,0.6,0.7%,TE,2023
55,56,Colby Parkinson,1,1,6,6.0,6,0,0,0,0,0,0,1,0.6,0.6,0.6%,TE,2023
56,57,Peyton Hendershot,1,1,5,5.0,5,0,0,0,0,0,0,1,0.5,0.5,0.1%,TE,2023
57,58,Taysom Hill,1,1,4,4.0,4,0,0,1,1,0,0,1,0.5,0.5,36.5%,TE,2023
58,59,Pharaoh Brown,1,1,4,4.0,4,0,0,0,0,0,0,1,0.4,0.4,0.1%,TE,2023
59,60,Johnny Mundt,1,1,3,3.0,3,0,0,0,0,0,0,1,0.3,0.3,1.5%,TE,2023
60,61,Donald Parham,0,0,0,0.0,0,0,0,0,0,0,0,0,0.0,0.0,1.1%,TE,2023
61,62,Mitchell Fraboni,0,0,0,0.0,0,0,0,0,0,0,0,0,0.0,0.0,0.0%,TE,2023
62,63,Matt Orzech,0,0,0,0.0,0,0,0,0,0,0,0,0,0.0,0.0,0.0%,TE,2023
63,64,Parker Hesse,0,0,0,0.0,0,0,0,0,0,0,0,0,0.0,0.0,0.0%,TE,2023
64,65,Brycen Hopkins,0,0,0,0.0,0,0,0,0,0,0,0,1,0.0,0.0,0.0%,TE,2023
65,66,Jody Fortson,0,0,0,0.0,0,0,0,0,0,0,0,0,0.0,0.0,0.1%,TE,2023
66,67,N'Keal Harry,0,0,0,0.0,0,0,0,0,0,0,0,0,0.0,0.0,0.1%,TE,2023
67,68,Albert Okwuegbunam,0,0,0,0.0,0,0,0,0,0,0,0,0,0.0,0.0,0.1%,TE,2023
68,69,Tommy Sweeney,0,0,0,0.0,0,0,0,0,0,0,0,0,0.0,0.0,0.0%,TE,2023
69,70,Jesper Horsted,0,0,0,0.0,0,0,0,0,0,0,0,1,0.0,0.0,0.0%,TE,2023
70,71,Drew Sample,0,1,0,0.0,0,0,0,0,0,0,0,1,0.0,0.0,0.1%,TE,2023
71,72,Trevon Wesco,0,0,0,0.0,0,0,0,0,0,0,0,1,0.0,0.0,0.0%,TE,2023
72,73,Tyree Jackson,0,0,0,0.0,0,0,0,0,0,0,0,0,0.0,0.0,0.0%,TE,2023
73,74,Dawson Knox,0,0,0,0.0,0,0,0,0,0,0,0,1,0.0,0.0,4.7%,TE,2023
74,75,Zach Gentry,0,0,0,0.0,0,0,0,0,0,0,0,0,0.0,0.0,0.0%,TE,2023
75,76,Stephen Carlson,0,0,0,0.0,0,0,0,0,0,0,0,0,0.0,0.0,0.1%,TE,2023
76,77,Harrison Bryant,0,1,0,0.0,0,0,0,0,0,0,0,1,0.0,0.0,0.1%,TE,2023
77,78,Lawrence Cager,1,1,9,9.0,9,0,0,0,0,0,0,1,0.0,0.0,0.0%,TE,2023
78,79,Josiah Deguara,0,0,0,0.0,0,0,0,0,0,0,0,1,0.0,0.0,0.0%,TE,2023
79,80,Dalton Keene,0,0,0,0.0,0,0,0,0,0,0,0,0,0.0,0.0,0.0%,TE,2023
80,81,Charlie Woerner,0,0,0,0.0,0,0,0,0,0,0,0,1,0.0,0.0,0.1%,TE,2023
81,82,Tyler Mabry,0,0,0,0.0,0,0,0,0,0,0,0,0,0.0,0.0,0.0%,TE,2023
82,83,Sean McKeon,0,0,0,0.0,0,0,0,0,0,0,0,0,0.0,0.0,0.0%,TE,2023
83,84,Giovanni Ricci,0,0,0,0.0,0,0,0,0,0,0,0,0,0.0,0.0,0.1%,TE,2023
84,85,Tyler Davis,0,0,0,0.0,0,0,0,0,0,0,0,0,0.0,0.0,0.0%,TE,2023
85,86,Scotty Washington,0,0,0,0.0,0,0,0,0,0,0,0,0,0.0,0.0,0.0%,TE,2023
86,87,Tommy Hudson,0,0,0,0.0,0,0,0,0,0,0,0,0,0.0,0.0,0.0%,TE,2023
87,88,Joel Wilson,0,0,0,0.0,0,0,0,0,0,0,0,0,0.0,0.0,0.0%,TE,2023
88,89,Brenton Strange,0,0,0,0.0,0,0,0,0,0,0,0,0,0.0,0.0,0.1%,TE,2023
89,90,Payne Durham,0,0,0,0.0,0,0,0,0,0,0,0,1,0.0,0.0,0.1%,TE,2023
90,91,Zack Kuntz,0,0,0,0.0,0,0,0,0,0,0,0,0,0.0,0.0,0.0%,TE,2023
91,92,Ben Sims,0,1,0,0.0,0,0,0,0,0,0,0,1,0.0,0.0,0.1%,TE,2023
92,93,Brayden Willis,0,0,0,0.0,0,0,0,0,0,0,0,1,0.0,0.0,0.0%,TE,2023
93,94,Cade Stover,0,0,0,0.0,0,0,0,0,0,0,0,0,0.0,0.0,0.5%,TE,2023
94,95,Patrick Murtagh,0,0,0,0.0,0,0,0,0,0,0,0,0,0.0,0.0,0.0%,TE,2023
95,96,Julian Hill,0,0,0,0.0,0,0,0,0,0,0,0,1,0.0,0.0,0.0%,TE,2023
96,97,Travis Vokolek,0,0,0,0.0,0,0,0,0,0,0,0,0,0.0,0.0,0.0%,TE,2023
97,98,E.J. Jenkins,0,0,0,0.0,0,0,0,0,0,0,0,0,0.0,0.0,0.0%,TE,2023
98,99,Brady Russell,0,0,0,0.0,0,0,0,0,0,0,0,1,0.0,0.0,0.0%,TE,2023
99,100,Henry Pearson,0,0,0,0.0,0,0,0,0,0,0,0,0,0.0,0.0,0.0%,TE,2023
100,101,Blake Whiteheart,0,0,0,0.0,0,0,0,0,0,0,0,0,0.0,0.0,0.0%,TE,2023
101,102,Luke Musgrave,0,0,0,0.0,0,0,0,0,0,0,0,0,0.0,0.0,8.1%,TE,2023
102,103,Luke Schoonmaker,0,0,0,0.0,0,0,0,0,0,0,0,1,0.0,0.0,0.4%,TE,2023
103,104,Rodney Williams,0,0,0,0.0,0,0,0,0,0,0,0,1,0.0,0.0,0.0%,TE,2023
104,105,Jake Tonges,0,0,0,0.0,0,0,0,0,0,0,0,0,0.0,0.0,0.0%,TE,2023
105,106,Zaire Mitchell-Paden,0,0,0,0.0,0,0,0,0,0,0,0,0,0.0,0.0,0.0%,TE,2023
106,107,Kehinde Oginni,0,0,0,0.0,0,0,0,0,0,0,0,0,0.0,0.0,0.0%,TE,2023
107,108,Jaheim Bell,0,0,0,0.0,0,0,0,0,0,0,0,0,0.0,0.0,0.1%,TE,2023
108,109,Dallin Holker,0,0,0,0.0,0,0,0,0,0,0,0,0,0.0,0.0,0.0%,TE,2023
109,110,Leroy Watson,0,0,0,0.0,0,0,0,0,0,0,0,1,0.0,0.0,0.0%,TE,2023
110,111,Dalton Kincaid,0,2,0,0.0,0,0,0,0,0,0,0,1,0.0,0.0,85.8%,TE,2023
111,112,Thomas Odukoya,0,0,0,0.0,0,0,0,0,0,0,0,0,0.0,0.0,0.0%,TE,2023
112,113,Cole Fotheringham,0,0,0,0.0,0,0,0,0,0,0,0,0,0.0,0.0,0.0%,TE,2023
113,114,Tanner Taula,0,0,0,0.0,0,0,0,0,0,0,0,0,0.0,0.0,0.0%,TE,2023
114,115,Mason Pline,0,0,0,0.0,0,0,0,0,0,0,0,0,0.0,0.0,0.0%,TE,2023
115,116,Mason Fairchild,0,0,0,0.0,0,0,0,0,0,0,0,0,0.0,0.0,0.0%,TE,2023
116,117,Tip Reiman,0,0,0,0.0,0,0,0,0,0,0,0,0,0.0,0.0,0.1%,TE,2023
117,118,Jacob Warren,0,0,0,0.0,0,0,0,0,0,0,0,0,0.0,0.0,0.0%,TE,2023
118,119,Jack Westover,0,0,0,0.0,0,0,0,0,0,0,0,0,0.0,0.0,0.0%,TE,2023
119,120,Brenden Bates,0,0,0,0.0,0,0,0,0,0,0,0,0,0.0,0.0,0.0%,TE,2023
120,121,Messiah Swinson,0,0,0,0.0,0,0,0,0,0,0,0,0,0.0,0.0,0.0%,TE,2023
121,122,Devin Culp,0,0,0,0.0,0,0,0,0,0,0,0,0,0.0,0.0,0.0%,TE,2023
122,123,Luke Benson,0,0,0,0.0,0,0,0,0,0,0,0,0,0.0,0.0,0.0%,TE,2023
123,124,Colson Yankoff,0,0,0,0.0,0,0,0,0,0,0,0,0,0.0,0.0,0.0%,TE,2023
124,125,Steven Stilianos,0,0,0,0.0,0,0,0,0,0,0,0,0,0.0,0.0,0.0%,TE,2023
125,126,Treyton Welch,0,0,0,0.0,0,0,0,0,0,0,0,0,0.0,0.0,0.0%,TE,2023
126,127,Alec Holler,0,0,0,0.0,0,0,0,0,0,0,0,0,0.0,0.0,0.0%,TE,2023
127,128,Cam Grandy,0,0,0,0.0,0,0,0,0,0,0,0,0,0.0,0.0,0.0%,TE,2023
128,129,Mike Rigerman,0,0,0,0.0,0,0,0,0,0,0,0,0,0.0,0.0,0.0%,TE,2023
129,130,David Martin-Robinson,0,0,0,0.0,0,0,0,0,0,0,0,0,0.0,0.0,0.0%,TE,2023
130,131,Easton Dean,0,0,0,0.0,0,0,0,0,0,0,0,0,0.0,0.0,0.0%,TE,2023
131,132,Alex Larson,0,0,0,0.0,0,0,0,0,0,0,0,0,0.0,0.0,0.0%,TE,2023
132,133,Treyton Pickering,0,0,0,0.0,0,0,0,0,0,0,0,0,0.0,0.0,0.0%,TE,2023
133,134,Joshua Lingenfelter,0,0,0,0.0,0,0,0,0,0,0,0,0,0.0,0.0,0.0%,TE,2023
134,135,Riley Sharp,0,0,0,0.0,0,0,0,0,0,0,0,0,0.0,0.0,0.0%,TE,2023
135,136,Lincoln Sefcik,0,0,0,0.0,0,0,0,0,0,0,0,0,0.0,0.0,0.0%,TE,2023
136,137,Jjay Mcafee,0,0,0,0.0,0,0,0,0,0,0,0,0,0.0,0.0,0.0%,TE,2023
137,138,Shawn Bowman,0,0,0,0.0,0,0,0,0,0,0,0,0,0.0,0.0,0.0%,TE,2023
138,139,Kevin Foelsch,0,0,0,0.0,0,0,0,0,0,0,0,0,0.0,0.0,0.0%,TE,2023
139,140,Trent Pennix,0,0,0,0.0,0,0,0,0,0,0,0,0,0.0,0.0,0.0%,TE,2023
140,141,Neal Johnson,0,0,0,0.0,0,0,0,0,0,0,0,0,0.0,0.0,0.0%,TE,2023
141,142,Thomas Yassmin,0,0,0,0.0,0,0,0,0,0,0,0,0,0.0,0.0,0.0%,TE,2023
142,143,Zach Heins,0,0,0,0.0,0,0,0,0,0,0,0,0,0.0,0.0,0.0%,TE,2023
143,144,Nate Adkins,0,0,0,0.0,0,0,0,0,0,0,0,0,0.0,0.0,0.0%,TE,2023
144,145,Brevyn Spann-Ford,0,0,0,0.0,0,0,0,0,0,0,0,0,0.0,0.0,0.0%,TE,2023
145,146,John Stephens,0,0,0,0.0,0,0,0,0,0,0,0,0,0.0,0.0,0.0%,TE,2023
146,147,Princeton Fant,0,0,0,0.0,0,0,0,0,0,0,0,0,0.0,0.0,0.0%,TE,2023
147,148,Jordan Murray,0,0,0,0.0,0,0,0,0,0,0,0,0,0.0,0.0,0.0%,TE,2023
148,149,John Samuel,0,0,0,0.0,0,0,0,0,0,0,0,0,0.0,0.0,0.0%,TE,2023
149,150,McCallan Castles,0,0,0,0.0,0,0,0,0,0,0,0,0,0.0,0.0,0.0%,TE,2023
150,151,Tanner McLachlan,0,0,0,0.0,0,0,0,0,0,0,0,0,0.0,0.0,0.0%,TE,2023
151,152,Jared Wiley,0,0,0,0.0,0,0,0,0,0,0,0,0,0.0,0.0,0.3%,TE,2023
152,153,AJ Barner,0,0,0,0.0,0,0,0,0,0,0,0,0,0.0,0.0,0.1%,TE,2023
153,154,Ben Sinnott,0,0,0,0.0,0,0,0,0,0,0,0,0,0.0,0.0,4.6%,TE,2023
154,155,La'Michael Pettway,0,0,0,0.0,0,0,0,0,0,0,0,0,0.0,0.0,0.0%,TE,2023
155,156,Austin Stogner,0,0,0,0.0,0,0,0,0,0,0,0,0,0.0,0.0,0.0%,TE,2023
156,157,Theo Johnson,0,0,0,0.0,0,0,0,0,0,0,0,0,0.0,0.0,0.8%,TE,2023
157,158,Malcolm Epps,0,0,0,0.0,0,0,0,0,0,0,0,0,0.0,0.0,0.0%,TE,2023
158,159,Baylor Cupp,0,0,0,0.0,0,0,0,0,0,0,0,0,0.0,0.0,0.0%,TE,2023
159,160,Darnell Washington,0,0,0,0.0,0,0,0,0,0,0,0,1,0.0,0.0,0.4%,TE,2023
160,161,Ben Mason,0,0,0,0.0,0,0,0,0,0,0,0,0,0.0,0.0,0.0%,TE,2023
161,162,Josh Pederson,0,0,0,0.0,0,0,0,0,0,0,0,1,0.0,0.0,0.0%,TE,2023
162,163,Jacob Harris,0,0,0,0.0,0,0,0,0,0,0,0,0,0.0,0.0,0.0%,TE,2023
163,164,Sammis Reyes,0,0,0,0.0,0,0,0,0,0,0,0,0,0.0,0.0,0.0%,TE,2023
164,165,Jack Stoll,0,0,0,0.0,0,0,0,0,0,0,0,1,0.0,0.0,0.0%,TE,2023
165,166,James Mitchell,0,0,0,0.0,0,0,0,0,0,0,0,1,0.0,0.0,0.1%,TE,2023
166,167,Greg Dulcich,0,0,0,0.0,0,0,0,0,0,0,0,0,0.0,0.0,3.9%,TE,2023
167,168,Tre' McKitty,0,0,0,0.0,0,0,0,0,0,0,0,0,0.0,0.0,0.0%,TE,2023
168,169,Hunter Long,0,0,0,0.0,0,0,0,0,0,0,0,0,0.0,0.0,0.1%,TE,2023
169,170,Quintin Morris,0,0,0,0.0,0,0,0,0,0,0,0,1,0.0,0.0,0.1%,TE,2023
170,171,Kenny Yeboah,0,0,0,0.0,0,0,0,0,0,0,0,1,0.0,0.0,0.0%,TE,2023
171,172,Brock Bowers,0,0,0,0.0,0,0,0,0,0,0,0,0,0.0,0.0,83.2%,TE,2023
172,173,Josh Whyle,0,0,0,0.0,0,0,0,0,0,0,0,0,0.0,0.0,0.1%,TE,2023
173,174,Trey Knox,0,0,0,0.0,0,0,0,0,0,0,0,0,0.0,0.0,0.0%,TE,2023
174,175,John Bates,0,1,0,0.0,0,0,0,0,0,0,0,1,0.0,0.0,0.1%,TE,2023
175,176,Miller Forristall,0,0,0,0.0,0,0,0,0,0,0,0,0,0.0,0.0,0.0%,TE,2023
176,177,Brock Wright,0,0,0,0.0,0,0,0,0,0,0,0,1,0.0,0.0,0.2%,TE,2023
177,178,Nick Muse,0,0,0,0.0,0,0,0,0,0,0,0,0,0.0,0.0,0.0%,TE,2023
178,179,Ja'Tavion Sanders,0,0,0,0.0,0,0,0,0,0,0,0,0,0.0,0.0,1.1%,TE,2023
179,180,Cameron Latu,0,0,0,0.0,0,0,0,0,0,0,0,0,0.0,0.0,0.1%,TE,2023
180,181,Armani Rogers,0,0,0,0.0,0,0,0,0,0,0,0,0,0.0,0.0,0.0%,TE,2023
181,182,Gerrit Prince,0,0,0,0.0,0,0,0,0,0,0,0,0,0.0,0.0,0.0%,TE,2023
182,183,Tanner Conner,0,0,0,0.0,0,0,0,0,0,0,0,0,0.0,0.0,0.0%,TE,2023
183,184,Teagan Quitoriano,0,0,0,0.0,0,0,0,0,0,0,0,0,0.0,0.0,0.0%,TE,2023
184,185,John FitzPatrick,0,0,0,0.0,0,0,0,0,0,0,0,0,0.0,0.0,0.0%,TE,2023
185,186,Grant Calcaterra,0,0,0,0.0,0,0,0,0,0,0,0,0,0.0,0.0,0.1%,TE,2023
186,187,Nikola Kalinic,0,0,0,0.0,0,0,0,0,0,0,0,0,0.0,0.0,0.0%,TE,2023
187,188,Drew Ogletree,0,1,0,0.0,0,0,0,0,0,0,0,1,0.0,0.0,0.1%,TE,2023
188,189,Connor Heyward,0,0,0,0.0,0,0,0,0,0,0,0,1,0.0,0.0,0.2%,TE,2023
189,190,Shane Zylstra,0,0,0,0.0,0,0,0,0,0,0,0,0,0.0,0.0,0.0%,TE,2023
190,191,Bernhard Seikovits,0,0,0,0.0,0,0,0,0,0,0,0,0,0.0,0.0,0.0%,TE,2023
191,192,Zach Davidson,0,0,0,0.0,0,0,0,0,0,0,0,0,0.0,0.0,0.0%,TE,2023
192,193,Hunter Kampmoyer,0,0,0,0.0,0,0,0,0,0,0,0,0,0.0,0.0,0.0%,TE,2023
193,194,Michael Jacobson,0,0,0,0.0,0,0,0,0,0,0,0,0,0.0,0.0,0.0%,TE,2023
194,195,Erick All,0,0,0,0.0,0,0,0,0,0,0,0,0,0.0,0.0,0.4%,TE,2023
195,196,Jelani Woods,0,0,0,0.0,0,0,0,0,0,0,0,0,0.0,0.0,1.2%,TE,2023
196,197,Will Mallory,0,0,0,0.0,0,0,0,0,0,0,0,1,0.0,0.0,0.0%,TE,2023
197,198,Cole Turner,0,0,0,0.0,0,0,0,0,0,0,0,0,0.0,0.0,0.1%,TE,2023
198,199,Drake Dunsmore,0,0,0,0.0,0,0,0,0,0,0,0,0,0.0,0.0,0.0%,TE,2023
199,200,Dominique Curry,0,0,0,0.0,0,0,0,0,0,0,0,0,0.0,0.0,0.0%,TE,2023
200,201,Jordan Matthews,0,0,0,0.0,0,0,0,0,0,0,0,0,0.0,0.0,0.0%,TE,2023
201,202,Zach Ertz,0,0,0,0.0,0,0,0,0,0,0,0,0,0.0,0.0,3.6%,TE,2023
202,203,Derek Fine,0,0,0,0.0,0,0,0,0,0,0,0,0,0.0,0.0,0.0%,TE,2023
203,204,Darnell Dinkins,0,0,0,0.0,0,0,0,0,0,0,0,0,0.0,0.0,0.0%,TE,2023
204,205,J.P. Foschi,0,0,0,0.0,0,0,0,0,0,0,0,0,0.0,0.0,0.0%,TE,2023
205,206,Joey Haynos,0,0,0,0.0,0,0,0,0,0,0,0,0,0.0,0.0,0.0%,TE,2023
206,207,Brad Cottam,0,0,0,0.0,0,0,0,0,0,0,0,0,0.0,0.0,0.0%,TE,2023
207,208,James Dearth,0,0,0,0.0,0,0,0,0,0,0,0,0,0.0,0.0,0.0%,TE,2023
208,209,Marquez Branson,0,0,0,0.0,0,0,0,0,0,0,0,0,0.0,0.0,0.0%,TE,2023
209,210,Marcedes Lewis,0,0,0,0.0,0,0,0,0,0,0,0,1,0.0,0.0,0.1%,TE,2023
210,211,Keith Zinger,0,0,0,0.0,0,0,0,0,0,0,0,0,0.0,0.0,0.0%,TE,2023
211,212,Justin Snow,0,0,0,0.0,0,0,0,0,0,0,0,0,0.0,0.0,0.0%,TE,2023
212,213,Robert Tonyan,0,1,0,0.0,0,0,0,0,0,0,0,1,0.0,0.0,0.1%,TE,2023
213,214,Eric Saubert,0,0,0,0.0,0,0,0,0,0,0,0,0,0.0,0.0,0.0%,TE,2023
214,215,Zach Wood,0,0,0,0.0,0,0,0,0,0,0,0,0,0.0,0.0,0.0%,TE,2023
215,216,Kevin Rader,0,0,0,0.0,0,0,0,0,0,0,0,1,0.0,0.0,0.0%,TE,2023
216,217,Ross Dwelley,0,0,0,0.0,0,0,0,0,0,0,0,0,0.0,0.0,0.0%,TE,2023
217,218,David Wells,0,0,0,0.0,0,0,0,0,0,0,0,0,0.0,0.0,0.0%,TE,2023
218,219,Ian Thomas,0,0,0,0.0,0,0,0,0,0,0,0,0,0.0,0.0,0.1%,TE,2023
219,220,Hayden Hurst,0,0,0,0.0,0,0,0,0,0,0,0,0,0.0,0.0,2.2%,TE,2023
220,221,Mark Andrews,0,0,0,0.0,0,0,0,0,0,0,0,0,0.0,0.0,73.3%,TE,2023
221,222,Blake Bell,0,1,0,0.0,0,0,0,0,0,0,0,1,0.0,0.0,0.0%,TE,2023
222,223,MyCole Pruitt,0,0,0,0.0,0,0,0,0,0,0,0,1,0.0,0.0,0.0%,TE,2023
223,224,Tyler Kroft,0,0,0,0.0,0,0,0,0,0,0,0,1,0.0,0.0,0.0%,TE,2023
224,225,Patrick Scales,0,0,0,0.0,0,0,0,0,0,0,0,0,0.0,0.0,0.0%,TE,2023
225,226,James Winchester,0,0,0,0.0,0,0,0,0,0,0,0,0,0.0,0.0,0.0%,TE,2023
226,227,Tyler Ott,0,0,0,0.0,0,0,0,0,0,0,0,1,0.0,0.0,0.0%,TE,2023
227,228,Stephen Anderson,0,0,0,0.0,0,0,0,0,0,0,0,1,0.0,0.0,0.0%,TE,2023
228,229,Andrew DePaola,0,0,0,0.0,0,0,0,0,0,0,0,0,0.0,0.0,0.0%,TE,2023
229,230,Nick Vannett,0,0,0,0.0,0,0,0,0,0,0,0,1,0.0,0.0,0.0%,TE,2023
230,231,Austin Hooper,0,1,0,0.0,0,0,0,0,0,0,0,1,0.0,0.0,0.4%,TE,2023
231,232,Chris Manhertz,0,0,0,0.0,0,0,0,0,0,0,0,1,0.0,0.0,0.0%,TE,2023
232,233,C.J. Uzomah,0,0,0,0.0,0,0,0,0,0,0,0,0,0.0,0.0,0.1%,TE,2023
233,234,Eric Tomlinson,0,0,0,0.0,0,0,0,0,0,0,0,0,0.0,0.0,0.0%,TE,2023
234,235,Hayden Rucci,0,0,0,0.0,0,0,0,0,0,0,0,0,0.0,0.0,0.0%,TE,2023
235,236,Andrew Beck,1,1,-5,-5.0,0,0,0,0,0,0,0,1,-0.5,-0.5,0.1%,TE,2023
