,Rank,Player,Receiving Receptions,Receiving Target,Receiving Yards,Yards/Reception,Longest Reception,Receiving 20+,Receiving Touchdowns,Rushing Attempts,Rushing Yards,Rushing Touchdown,Fumbles,Games Played,Fantasy Football Points,FTPS/Game,ROST,Position,Year
0,1,Taysom Hill,1,1,14,14.0,14,0,0,9,63,2,0,1,21.5,21.5,36.5%,TE,2023
1,2,Trey McBride,10,14,95,9.5,22,2,1,0,0,0,0,1,15.5,15.5,90.8%,TE,2023
2,3,George Kittle,9,11,149,16.6,34,3,0,0,0,0,0,1,14.9,14.9,97.3%,TE,2023
3,4,T.J. Hockenson,6,9,88,14.7,23,2,1,0,0,0,0,1,14.8,14.8,81.3%,TE,2023
4,5,David Njoku,4,8,77,19.3,41,1,1,0,0,0,0,1,13.7,13.7,94.0%,TE,2023
5,6,Dalton Kincaid,5,7,65,13.0,22,1,1,0,0,0,0,1,12.5,12.5,85.8%,TE,2023
6,7,Sam LaPorta,8,10,57,7.1,18,0,1,0,0,0,0,1,11.7,11.7,98.9%,TE,2023
7,8,Jake Ferguson,4,4,47,11.8,18,0,1,0,0,0,0,1,10.7,10.7,89.8%,TE,2023
8,9,Logan Thomas,6,8,44,7.3,16,0,1,0,0,0,0,1,10.4,10.4,19.3%,TE,2023
9,10,Donald Parham,4,5,43,10.8,17,0,1,0,0,0,0,1,10.3,10.3,1.1%,TE,2023
10,11,Mark Andrews,4,5,40,10.0,13,0,1,0,0,0,0,1,10.0,10.0,73.3%,TE,2023
11,12,Drew Ogletree,1,3,33,33.0,33,1,1,0,0,0,0,1,9.3,9.3,0.1%,TE,2023
12,13,Cole Kmet,10,10,79,7.9,17,0,0,0,0,0,0,1,7.9,7.9,71.6%,TE,2023
13,14,Evan Engram,10,10,88,8.8,34,1,0,0,0,0,1,1,6.8,6.8,96.9%,TE,2023
14,15,Tommy Tremble,2,3,4,2.0,3,0,1,0,0,0,0,1,6.4,6.4,0.3%,TE,2023
15,16,Travis Kelce,6,9,58,9.7,19,0,0,0,0,0,0,1,5.8,5.8,99.9%,TE,2023
16,17,Andrew Beck,1,1,8,8.0,8,0,0,2,1,1,1,1,4.9,4.9,0.1%,TE,2023
17,18,Cade Otton,4,6,27,6.8,12,0,0,0,0,0,0,1,4.7,4.7,16.6%,TE,2023
18,19,Tyler Higbee,5,7,45,9.0,20,1,0,0,0,0,0,1,4.5,4.5,19.7%,TE,2023
19,20,Dallas Goedert,4,7,36,9.0,16,0,0,0,0,0,0,1,3.6,3.6,89.7%,TE,2023
20,21,Kyle Pitts,3,5,35,11.7,14,0,0,0,0,0,0,1,3.5,3.5,87.9%,TE,2023
21,22,Pharaoh Brown,2,2,33,16.5,24,1,0,0,0,0,0,1,3.3,3.3,0.1%,TE,2023
22,23,Noah Fant,2,3,32,16.0,27,1,0,0,0,0,0,1,3.2,3.2,2.1%,TE,2023
23,24,Hunter Henry,3,3,28,9.3,16,0,0,0,0,0,0,1,2.8,2.8,15.2%,TE,2023
24,25,Durham Smythe,3,3,28,9.3,15,0,0,0,0,0,0,1,2.8,2.8,0.7%,TE,2023
25,26,Chigoziem Okonkwo,4,5,23,5.8,12,0,0,1,4,0,0,1,2.7,2.7,23.7%,TE,2023
26,27,Noah Gray,2,3,25,12.5,17,0,0,0,0,0,0,1,2.5,2.5,0.8%,TE,2023
27,28,Connor Heyward,5,6,24,4.8,9,0,0,0,0,0,0,1,2.4,2.4,0.2%,TE,2023
28,29,Michael Mayer,1,2,19,19.0,19,0,0,0,0,0,0,1,1.9,1.9,4.6%,TE,2023
29,30,Austin Hooper,2,2,19,9.5,11,0,0,0,0,0,0,1,1.9,1.9,0.4%,TE,2023
30,31,C.J. Uzomah,1,1,19,19.0,19,0,0,0,0,0,0,1,1.9,1.9,0.1%,TE,2023
31,32,John Bates,1,1,17,17.0,17,0,0,0,0,0,0,1,1.7,1.7,0.1%,TE,2023
32,33,Luke Schoonmaker,1,1,13,13.0,13,0,0,0,0,0,0,1,1.3,1.3,0.4%,TE,2023
33,34,Stephen Sullivan,1,1,13,13.0,13,0,0,0,0,0,0,1,1.3,1.3,0.1%,TE,2023
34,35,Jonnu Smith,1,1,13,13.0,13,0,0,0,0,0,0,1,1.3,1.3,8.1%,TE,2023
35,36,Mike Gesicki,2,3,11,5.5,6,0,0,0,0,0,0,1,1.1,1.1,2.3%,TE,2023
36,37,Mo Alie-Cox,1,2,11,11.0,11,0,0,0,0,0,0,1,1.1,1.1,0.1%,TE,2023
37,38,Isaiah Likely,1,1,10,10.0,10,0,0,0,0,0,0,1,1.0,1.0,37.1%,TE,2023
38,39,Luke Musgrave,2,3,9,4.5,7,0,0,0,0,0,0,1,0.9,0.9,8.1%,TE,2023
39,40,Robert Tonyan,1,1,8,8.0,8,0,0,0,0,0,0,1,0.8,0.8,0.1%,TE,2023
40,41,Johnny Mundt,1,1,8,8.0,8,0,0,0,0,0,0,1,0.8,0.8,1.5%,TE,2023
41,42,Jordan Akins,1,1,6,6.0,6,0,0,0,0,0,0,1,0.6,0.6,0.1%,TE,2023
42,43,Will Mallory,1,2,6,6.0,6,0,0,0,0,0,0,1,0.6,0.6,0.0%,TE,2023
43,44,Irv Smith,4,4,25,6.3,11,0,0,0,0,0,1,1,0.5,0.5,1.7%,TE,2023
44,45,Brock Wright,1,1,5,5.0,5,0,0,0,0,0,0,1,0.5,0.5,0.2%,TE,2023
45,46,Juwan Johnson,1,2,5,5.0,5,0,0,0,0,0,0,1,0.5,0.5,9.7%,TE,2023
46,47,Dalton Schultz,2,5,5,2.5,9,0,0,0,0,0,0,1,0.5,0.5,77.2%,TE,2023
47,48,Luke Farrell,1,1,5,5.0,5,0,0,0,0,0,0,1,0.5,0.5,0.1%,TE,2023
48,49,Julian Hill,1,2,4,4.0,4,0,0,0,0,0,0,1,0.4,0.4,0.0%,TE,2023
49,50,Darren Waller,1,2,4,4.0,4,0,0,0,0,0,0,1,0.4,0.4,53.0%,TE,2023
50,51,MyCole Pruitt,1,2,3,3.0,3,0,0,0,0,0,0,1,0.3,0.3,0.0%,TE,2023
51,52,Jody Fortson,0,0,0,0.0,0,0,0,0,0,0,0,0,0.0,0.0,0.1%,TE,2023
52,53,Mitchell Fraboni,0,0,0,0.0,0,0,0,0,0,0,0,1,0.0,0.0,0.0%,TE,2023
53,54,Matt Orzech,0,0,0,0.0,0,0,0,0,0,0,0,0,0.0,0.0,0.0%,TE,2023
54,55,Parker Hesse,0,0,0,0.0,0,0,0,0,0,0,0,0,0.0,0.0,0.0%,TE,2023
55,56,Brycen Hopkins,0,0,0,0.0,0,0,0,0,0,0,0,1,0.0,0.0,0.0%,TE,2023
56,57,Jesper Horsted,0,0,0,0.0,0,0,0,0,0,0,0,0,0.0,0.0,0.0%,TE,2023
57,58,N'Keal Harry,0,0,0,0.0,0,0,0,0,0,0,0,1,0.0,0.0,0.1%,TE,2023
58,59,Albert Okwuegbunam,0,0,0,0.0,0,0,0,0,0,0,0,0,0.0,0.0,0.1%,TE,2023
59,60,Tommy Sweeney,0,0,0,0.0,0,0,0,0,0,0,0,0,0.0,0.0,0.0%,TE,2023
60,61,Foster Moreau,0,0,0,0.0,0,0,0,0,0,0,0,1,0.0,0.0,0.1%,TE,2023
61,62,Josh Oliver,0,0,0,0.0,0,0,0,0,0,0,0,1,0.0,0.0,0.6%,TE,2023
62,63,Drew Sample,0,1,0,0.0,0,0,0,0,0,0,0,1,0.0,0.0,0.1%,TE,2023
63,64,Trevon Wesco,0,0,0,0.0,0,0,0,0,0,0,0,1,0.0,0.0,0.0%,TE,2023
64,65,Tyree Jackson,0,0,0,0.0,0,0,0,0,0,0,0,0,0.0,0.0,0.0%,TE,2023
65,66,Dawson Knox,0,0,0,0.0,0,0,0,0,0,0,0,0,0.0,0.0,4.7%,TE,2023
66,67,Zach Gentry,0,0,0,0.0,0,0,0,0,0,0,0,0,0.0,0.0,0.0%,TE,2023
67,68,Stephen Carlson,0,0,0,0.0,0,0,0,0,0,0,0,0,0.0,0.0,0.1%,TE,2023
68,69,Brevin Jordan,0,0,0,0.0,0,0,0,0,0,0,0,0,0.0,0.0,5.2%,TE,2023
69,70,Pat Freiermuth,0,0,0,0.0,0,0,0,0,0,0,0,0,0.0,0.0,59.8%,TE,2023
70,71,Colby Parkinson,0,0,0,0.0,0,0,0,0,0,0,0,1,0.0,0.0,0.6%,TE,2023
71,72,Harrison Bryant,0,1,0,0.0,0,0,0,0,0,0,0,1,0.0,0.0,0.1%,TE,2023
72,73,Adam Trautman,0,0,0,0.0,0,0,0,0,0,0,0,1,0.0,0.0,0.2%,TE,2023
73,74,Josiah Deguara,0,0,0,0.0,0,0,0,0,0,0,0,1,0.0,0.0,0.0%,TE,2023
74,75,Mitchell Wilcox,0,0,0,0.0,0,0,0,0,0,0,0,1,0.0,0.0,0.0%,TE,2023
75,76,Dalton Keene,0,0,0,0.0,0,0,0,0,0,0,0,0,0.0,0.0,0.0%,TE,2023
76,77,Charlie Woerner,0,0,0,0.0,0,0,0,0,0,0,0,1,0.0,0.0,0.1%,TE,2023
77,78,Tommy Hudson,0,0,0,0.0,0,0,0,0,0,0,0,0,0.0,0.0,0.0%,TE,2023
78,79,Scotty Washington,0,0,0,0.0,0,0,0,0,0,0,0,0,0.0,0.0,0.0%,TE,2023
79,80,Tyler Davis,0,0,0,0.0,0,0,0,0,0,0,0,0,0.0,0.0,0.0%,TE,2023
80,81,Giovanni Ricci,0,0,0,0.0,0,0,0,0,0,0,0,0,0.0,0.0,0.1%,TE,2023
81,82,Sean McKeon,0,1,0,0.0,0,0,0,0,0,0,0,1,0.0,0.0,0.0%,TE,2023
82,83,Tyler Mabry,0,0,0,0.0,0,0,0,0,0,0,0,0,0.0,0.0,0.0%,TE,2023
83,84,Lawrence Cager,0,0,0,0.0,0,0,0,0,0,0,0,0,0.0,0.0,0.0%,TE,2023
84,85,Brayden Willis,0,0,0,0.0,0,0,0,0,0,0,0,0,0.0,0.0,0.0%,TE,2023
85,86,Cade Stover,0,0,0,0.0,0,0,0,0,0,0,0,0,0.0,0.0,0.5%,TE,2023
86,87,Tucker Kraft,0,0,0,0.0,0,0,0,0,0,0,0,1,0.0,0.0,11.4%,TE,2023
87,88,Brenton Strange,0,0,0,0.0,0,0,0,0,0,0,0,1,0.0,0.0,0.1%,TE,2023
88,89,Payne Durham,0,1,0,0.0,0,0,0,0,0,0,0,1,0.0,0.0,0.1%,TE,2023
89,90,Zack Kuntz,0,0,0,0.0,0,0,0,0,0,0,0,1,0.0,0.0,0.0%,TE,2023
90,91,Ben Sims,0,0,0,0.0,0,0,0,0,0,0,0,1,0.0,0.0,0.1%,TE,2023
91,92,Thomas Odukoya,0,0,0,0.0,0,0,0,0,0,0,0,0,0.0,0.0,0.0%,TE,2023
92,93,E.J. Jenkins,0,0,0,0.0,0,0,0,0,0,0,0,0,0.0,0.0,0.0%,TE,2023
93,94,Brady Russell,0,0,0,0.0,0,0,0,0,0,0,0,1,0.0,0.0,0.0%,TE,2023
94,95,Patrick Murtagh,0,0,0,0.0,0,0,0,0,0,0,0,0,0.0,0.0,0.0%,TE,2023
95,96,Joel Wilson,0,0,0,0.0,0,0,0,0,0,0,0,0,0.0,0.0,0.0%,TE,2023
96,97,Henry Pearson,0,0,0,0.0,0,0,0,0,0,0,0,0,0.0,0.0,0.0%,TE,2023
97,98,Blake Whiteheart,0,0,0,0.0,0,0,0,0,0,0,0,0,0.0,0.0,0.0%,TE,2023
98,99,Rodney Williams,0,2,0,0.0,0,0,0,0,0,0,0,1,0.0,0.0,0.0%,TE,2023
99,100,Jake Tonges,0,0,0,0.0,0,0,0,0,0,0,0,0,0.0,0.0,0.0%,TE,2023
100,101,Kehinde Oginni,0,0,0,0.0,0,0,0,0,0,0,0,0,0.0,0.0,0.0%,TE,2023
101,102,Jaheim Bell,0,0,0,0.0,0,0,0,0,0,0,0,0,0.0,0.0,0.1%,TE,2023
102,103,Dallin Holker,0,0,0,0.0,0,0,0,0,0,0,0,0,0.0,0.0,0.0%,TE,2023
103,104,Leroy Watson,0,0,0,0.0,0,0,0,0,0,0,0,0,0.0,0.0,0.0%,TE,2023
104,105,Cole Fotheringham,0,0,0,0.0,0,0,0,0,0,0,0,0,0.0,0.0,0.0%,TE,2023
105,106,Zaire Mitchell-Paden,0,0,0,0.0,0,0,0,0,0,0,0,0,0.0,0.0,0.0%,TE,2023
106,107,Travis Vokolek,0,0,0,0.0,0,0,0,0,0,0,0,0,0.0,0.0,0.0%,TE,2023
107,108,Brenden Bates,0,0,0,0.0,0,0,0,0,0,0,0,0,0.0,0.0,0.0%,TE,2023
108,109,Steven Stilianos,0,0,0,0.0,0,0,0,0,0,0,0,0,0.0,0.0,0.0%,TE,2023
109,110,Colson Yankoff,0,0,0,0.0,0,0,0,0,0,0,0,0,0.0,0.0,0.0%,TE,2023
110,111,Luke Benson,0,0,0,0.0,0,0,0,0,0,0,0,0,0.0,0.0,0.0%,TE,2023
111,112,Devin Culp,0,0,0,0.0,0,0,0,0,0,0,0,0,0.0,0.0,0.0%,TE,2023
112,113,Messiah Swinson,0,0,0,0.0,0,0,0,0,0,0,0,0,0.0,0.0,0.0%,TE,2023
113,114,Jack Westover,0,0,0,0.0,0,0,0,0,0,0,0,0,0.0,0.0,0.0%,TE,2023
114,115,Mason Pline,0,0,0,0.0,0,0,0,0,0,0,0,0,0.0,0.0,0.0%,TE,2023
115,116,Jacob Warren,0,0,0,0.0,0,0,0,0,0,0,0,0,0.0,0.0,0.0%,TE,2023
116,117,Tip Reiman,0,0,0,0.0,0,0,0,0,0,0,0,0,0.0,0.0,0.1%,TE,2023
117,118,Mason Fairchild,0,0,0,0.0,0,0,0,0,0,0,0,0,0.0,0.0,0.0%,TE,2023
118,119,Treyton Welch,0,0,0,0.0,0,0,0,0,0,0,0,0,0.0,0.0,0.0%,TE,2023
119,120,Alec Holler,0,0,0,0.0,0,0,0,0,0,0,0,0,0.0,0.0,0.0%,TE,2023
120,121,Zach Heins,0,0,0,0.0,0,0,0,0,0,0,0,0,0.0,0.0,0.0%,TE,2023
121,122,Mike Rigerman,0,0,0,0.0,0,0,0,0,0,0,0,0,0.0,0.0,0.0%,TE,2023
122,123,David Martin-Robinson,0,0,0,0.0,0,0,0,0,0,0,0,0,0.0,0.0,0.0%,TE,2023
123,124,Easton Dean,0,0,0,0.0,0,0,0,0,0,0,0,0,0.0,0.0,0.0%,TE,2023
124,125,Alex Larson,0,0,0,0.0,0,0,0,0,0,0,0,0,0.0,0.0,0.0%,TE,2023
125,126,Treyton Pickering,0,0,0,0.0,0,0,0,0,0,0,0,0,0.0,0.0,0.0%,TE,2023
126,127,Joshua Lingenfelter,0,0,0,0.0,0,0,0,0,0,0,0,0,0.0,0.0,0.0%,TE,2023
127,128,Riley Sharp,0,0,0,0.0,0,0,0,0,0,0,0,0,0.0,0.0,0.0%,TE,2023
128,129,Lincoln Sefcik,0,0,0,0.0,0,0,0,0,0,0,0,0,0.0,0.0,0.0%,TE,2023
129,130,Jjay Mcafee,0,0,0,0.0,0,0,0,0,0,0,0,0,0.0,0.0,0.0%,TE,2023
130,131,Shawn Bowman,0,0,0,0.0,0,0,0,0,0,0,0,0,0.0,0.0,0.0%,TE,2023
131,132,Kevin Foelsch,0,0,0,0.0,0,0,0,0,0,0,0,0,0.0,0.0,0.0%,TE,2023
132,133,Trent Pennix,0,0,0,0.0,0,0,0,0,0,0,0,0,0.0,0.0,0.0%,TE,2023
133,134,Neal Johnson,0,0,0,0.0,0,0,0,0,0,0,0,0,0.0,0.0,0.0%,TE,2023
134,135,Thomas Yassmin,0,0,0,0.0,0,0,0,0,0,0,0,0,0.0,0.0,0.0%,TE,2023
135,136,Cam Grandy,0,0,0,0.0,0,0,0,0,0,0,0,0,0.0,0.0,0.0%,TE,2023
136,137,McCallan Castles,0,0,0,0.0,0,0,0,0,0,0,0,0,0.0,0.0,0.0%,TE,2023
137,138,Tanner Taula,0,0,0,0.0,0,0,0,0,0,0,0,0,0.0,0.0,0.0%,TE,2023
138,139,Brevyn Spann-Ford,0,0,0,0.0,0,0,0,0,0,0,0,0,0.0,0.0,0.0%,TE,2023
139,140,John Stephens,0,0,0,0.0,0,0,0,0,0,0,0,0,0.0,0.0,0.0%,TE,2023
140,141,Princeton Fant,0,0,0,0.0,0,0,0,0,0,0,0,0,0.0,0.0,0.0%,TE,2023
141,142,Jordan Murray,0,0,0,0.0,0,0,0,0,0,0,0,0,0.0,0.0,0.0%,TE,2023
142,143,John Samuel,0,0,0,0.0,0,0,0,0,0,0,0,0,0.0,0.0,0.0%,TE,2023
143,144,Nate Adkins,0,0,0,0.0,0,0,0,0,0,0,0,1,0.0,0.0,0.0%,TE,2023
144,145,Tanner McLachlan,0,0,0,0.0,0,0,0,0,0,0,0,0,0.0,0.0,0.0%,TE,2023
145,146,Jared Wiley,0,0,0,0.0,0,0,0,0,0,0,0,0,0.0,0.0,0.3%,TE,2023
146,147,AJ Barner,0,0,0,0.0,0,0,0,0,0,0,0,0,0.0,0.0,0.1%,TE,2023
147,148,Ben Sinnott,0,0,0,0.0,0,0,0,0,0,0,0,0,0.0,0.0,4.6%,TE,2023
148,149,La'Michael Pettway,0,0,0,0.0,0,0,0,0,0,0,0,0,0.0,0.0,0.0%,TE,2023
149,150,Elijah Higgins,0,0,0,0.0,0,0,0,0,0,0,0,1,0.0,0.0,0.2%,TE,2023
150,151,Theo Johnson,0,0,0,0.0,0,0,0,0,0,0,0,0,0.0,0.0,0.8%,TE,2023
151,152,Austin Stogner,0,0,0,0.0,0,0,0,0,0,0,0,0,0.0,0.0,0.0%,TE,2023
152,153,Malcolm Epps,0,0,0,0.0,0,0,0,0,0,0,0,0,0.0,0.0,0.0%,TE,2023
153,154,Peyton Hendershot,0,0,0,0.0,0,0,0,0,0,0,0,0,0.0,0.0,0.1%,TE,2023
154,155,Darnell Washington,0,0,0,0.0,0,0,0,0,0,0,0,1,0.0,0.0,0.4%,TE,2023
155,156,Sammis Reyes,0,0,0,0.0,0,0,0,0,0,0,0,0,0.0,0.0,0.0%,TE,2023
156,157,Ben Mason,0,0,0,0.0,0,0,0,0,0,0,0,0,0.0,0.0,0.0%,TE,2023
157,158,Josh Pederson,0,0,0,0.0,0,0,0,0,0,0,0,0,0.0,0.0,0.0%,TE,2023
158,159,Jacob Harris,0,0,0,0.0,0,0,0,0,0,0,0,0,0.0,0.0,0.0%,TE,2023
159,160,Jack Stoll,0,0,0,0.0,0,0,0,0,0,0,0,1,0.0,0.0,0.0%,TE,2023
160,161,Baylor Cupp,0,0,0,0.0,0,0,0,0,0,0,0,0,0.0,0.0,0.0%,TE,2023
161,162,James Mitchell,0,0,0,0.0,0,0,0,0,0,0,0,1,0.0,0.0,0.1%,TE,2023
162,163,Greg Dulcich,0,0,0,0.0,0,0,0,0,0,0,0,0,0.0,0.0,3.9%,TE,2023
163,164,Tre' McKitty,0,0,0,0.0,0,0,0,0,0,0,0,1,0.0,0.0,0.0%,TE,2023
164,165,Hunter Long,0,0,0,0.0,0,0,0,0,0,0,0,0,0.0,0.0,0.1%,TE,2023
165,166,Charlie Kolar,0,0,0,0.0,0,0,0,0,0,0,0,1,0.0,0.0,0.1%,TE,2023
166,167,Quintin Morris,0,0,0,0.0,0,0,0,0,0,0,0,0,0.0,0.0,0.1%,TE,2023
167,168,Kenny Yeboah,0,0,0,0.0,0,0,0,0,0,0,0,0,0.0,0.0,0.0%,TE,2023
168,169,Brock Bowers,0,0,0,0.0,0,0,0,0,0,0,0,0,0.0,0.0,83.2%,TE,2023
169,170,Josh Whyle,0,0,0,0.0,0,0,0,0,0,0,0,0,0.0,0.0,0.1%,TE,2023
170,171,Trey Knox,0,0,0,0.0,0,0,0,0,0,0,0,0,0.0,0.0,0.0%,TE,2023
171,172,Kylen Granson,0,0,0,0.0,0,0,0,0,0,0,0,0,0.0,0.0,0.7%,TE,2023
172,173,Miller Forristall,0,0,0,0.0,0,0,0,0,0,0,0,0,0.0,0.0,0.0%,TE,2023
173,174,Stone Smartt,0,0,0,0.0,0,0,0,0,0,0,0,1,0.0,0.0,0.1%,TE,2023
174,175,Gerrit Prince,0,0,0,0.0,0,0,0,0,0,0,0,0,0.0,0.0,0.0%,TE,2023
175,176,Cameron Latu,0,0,0,0.0,0,0,0,0,0,0,0,0,0.0,0.0,0.1%,TE,2023
176,177,Armani Rogers,0,0,0,0.0,0,0,0,0,0,0,0,0,0.0,0.0,0.0%,TE,2023
177,178,Lucas Krull,0,0,0,0.0,0,0,0,0,0,0,0,0,0.0,0.0,0.1%,TE,2023
178,179,Nick Muse,0,0,0,0.0,0,0,0,0,0,0,0,0,0.0,0.0,0.0%,TE,2023
179,180,Daniel Bellinger,0,1,0,0.0,0,0,0,0,0,0,0,1,0.0,0.0,0.8%,TE,2023
180,181,Tanner Conner,0,0,0,0.0,0,0,0,0,0,0,0,0,0.0,0.0,0.0%,TE,2023
181,182,Teagan Quitoriano,0,0,0,0.0,0,0,0,0,0,0,0,1,0.0,0.0,0.0%,TE,2023
182,183,John FitzPatrick,0,0,0,0.0,0,0,0,0,0,0,0,1,0.0,0.0,0.0%,TE,2023
183,184,Grant Calcaterra,0,0,0,0.0,0,0,0,0,0,0,0,1,0.0,0.0,0.1%,TE,2023
184,185,Nikola Kalinic,0,0,0,0.0,0,0,0,0,0,0,0,0,0.0,0.0,0.0%,TE,2023
185,186,Ja'Tavion Sanders,0,0,0,0.0,0,0,0,0,0,0,0,0,0.0,0.0,1.1%,TE,2023
186,187,Ko Kieft,0,0,0,0.0,0,0,0,0,0,0,0,1,0.0,0.0,0.1%,TE,2023
187,188,Shane Zylstra,0,0,0,0.0,0,0,0,0,0,0,0,0,0.0,0.0,0.0%,TE,2023
188,189,Bernhard Seikovits,0,0,0,0.0,0,0,0,0,0,0,0,0,0.0,0.0,0.0%,TE,2023
189,190,Zach Davidson,0,0,0,0.0,0,0,0,0,0,0,0,0,0.0,0.0,0.0%,TE,2023
190,191,Hunter Kampmoyer,0,0,0,0.0,0,0,0,0,0,0,0,0,0.0,0.0,0.0%,TE,2023
191,192,Michael Jacobson,0,0,0,0.0,0,0,0,0,0,0,0,0,0.0,0.0,0.0%,TE,2023
192,193,Jeremy Ruckert,0,1,0,0.0,0,0,0,0,0,0,0,1,0.0,0.0,0.2%,TE,2023
193,194,Erick All,0,0,0,0.0,0,0,0,0,0,0,0,0,0.0,0.0,0.4%,TE,2023
194,195,Jelani Woods,0,0,0,0.0,0,0,0,0,0,0,0,0,0.0,0.0,1.2%,TE,2023
195,196,Davis Allen,0,0,0,0.0,0,0,0,0,0,0,0,1,0.0,0.0,0.1%,TE,2023
196,197,Cole Turner,0,0,0,0.0,0,0,0,0,0,0,0,0,0.0,0.0,0.1%,TE,2023
197,198,Dominique Curry,0,0,0,0.0,0,0,0,0,0,0,0,0,0.0,0.0,0.0%,TE,2023
198,199,Drake Dunsmore,0,0,0,0.0,0,0,0,0,0,0,0,0,0.0,0.0,0.0%,TE,2023
199,200,Jordan Matthews,0,0,0,0.0,0,0,0,0,0,0,0,0,0.0,0.0,0.0%,TE,2023
200,201,Zach Ertz,0,0,0,0.0,0,0,0,0,0,0,0,0,0.0,0.0,3.6%,TE,2023
201,202,Derek Fine,0,0,0,0.0,0,0,0,0,0,0,0,0,0.0,0.0,0.0%,TE,2023
202,203,Darnell Dinkins,0,0,0,0.0,0,0,0,0,0,0,0,0,0.0,0.0,0.0%,TE,2023
203,204,J.P. Foschi,0,0,0,0.0,0,0,0,0,0,0,0,0,0.0,0.0,0.0%,TE,2023
204,205,Joey Haynos,0,0,0,0.0,0,0,0,0,0,0,0,0,0.0,0.0,0.0%,TE,2023
205,206,Brad Cottam,0,0,0,0.0,0,0,0,0,0,0,0,0,0.0,0.0,0.0%,TE,2023
206,207,James Dearth,0,0,0,0.0,0,0,0,0,0,0,0,0,0.0,0.0,0.0%,TE,2023
207,208,Marquez Branson,0,0,0,0.0,0,0,0,0,0,0,0,0,0.0,0.0,0.0%,TE,2023
208,209,Marcedes Lewis,0,0,0,0.0,0,0,0,0,0,0,0,1,0.0,0.0,0.1%,TE,2023
209,210,Keith Zinger,0,0,0,0.0,0,0,0,0,0,0,0,0,0.0,0.0,0.0%,TE,2023
210,211,Justin Snow,0,0,0,0.0,0,0,0,0,0,0,0,0,0.0,0.0,0.0%,TE,2023
211,212,Gerald Everett,0,0,0,0.0,0,0,0,0,0,0,0,0,0.0,0.0,23.5%,TE,2023
212,213,Eric Saubert,0,0,0,0.0,0,0,0,0,0,0,0,0,0.0,0.0,0.0%,TE,2023
213,214,Zach Wood,0,0,0,0.0,0,0,0,0,0,0,0,0,0.0,0.0,0.0%,TE,2023
214,215,Tyler Conklin,0,2,0,0.0,0,0,0,0,0,0,0,1,0.0,0.0,17.9%,TE,2023
215,216,Kevin Rader,0,0,0,0.0,0,0,0,0,0,0,0,1,0.0,0.0,0.0%,TE,2023
216,217,Will Dissly,0,0,0,0.0,0,0,0,0,0,0,0,1,0.0,0.0,0.3%,TE,2023
217,218,Ross Dwelley,0,0,0,0.0,0,0,0,0,0,0,0,1,0.0,0.0,0.0%,TE,2023
218,219,Tanner Hudson,0,0,0,0.0,0,0,0,0,0,0,0,0,0.0,0.0,2.7%,TE,2023
219,220,David Wells,0,0,0,0.0,0,0,0,0,0,0,0,0,0.0,0.0,0.0%,TE,2023
220,221,Ian Thomas,0,0,0,0.0,0,0,0,0,0,0,0,0,0.0,0.0,0.1%,TE,2023
221,222,Hayden Hurst,0,2,0,0.0,0,0,0,0,0,0,0,1,0.0,0.0,2.2%,TE,2023
222,223,Tyler Kroft,0,0,0,0.0,0,0,0,0,0,0,0,1,0.0,0.0,0.0%,TE,2023
223,224,Blake Bell,0,1,0,0.0,0,0,0,0,0,0,0,1,0.0,0.0,0.0%,TE,2023
224,225,Tyler Ott,0,0,0,0.0,0,0,0,0,0,0,0,0,0.0,0.0,0.0%,TE,2023
225,226,James Winchester,0,0,0,0.0,0,0,0,0,0,0,0,0,0.0,0.0,0.0%,TE,2023
226,227,Patrick Scales,0,0,0,0.0,0,0,0,0,0,0,0,0,0.0,0.0,0.0%,TE,2023
227,228,Andrew DePaola,0,0,0,0.0,0,0,0,0,0,0,0,0,0.0,0.0,0.0%,TE,2023
228,229,Nick Vannett,0,0,0,0.0,0,0,0,0,0,0,0,0,0.0,0.0,0.0%,TE,2023
229,230,Chris Manhertz,0,0,0,0.0,0,0,0,0,0,0,0,1,0.0,0.0,0.0%,TE,2023
230,231,Geoff Swaim,0,0,0,0.0,0,0,0,0,0,0,0,1,0.0,0.0,0.0%,TE,2023
231,232,Eric Tomlinson,0,0,0,0.0,0,0,0,0,0,0,0,0,0.0,0.0,0.0%,TE,2023
232,233,Hayden Rucci,0,0,0,0.0,0,0,0,0,0,0,0,0,0.0,0.0,0.0%,TE,2023
