,Rank,Player,Receiving Receptions,Receiving Target,Receiving Yards,Yards/Reception,Longest Reception,Receiving 20+,Receiving Touchdowns,Rushing Attempts,Rushing Yards,Rushing Touchdown,Fumbles,Games Played,Fantasy Football Points,FTPS/Game,ROST,Position,Year
0,1,Deebo Samuel,7,9,149,21.3,54,3,1,1,1,1,0,1,27.0,27.0,98.8%,WR,2023
1,2,DJ Moore,6,10,68,11.3,38,1,1,3,20,1,0,1,20.8,20.8,97.7%,WR,2023
2,3,Drake London,10,11,172,17.2,45,4,0,0,0,0,0,1,19.2,19.2,93.0%,WR,2023
3,4,DeAndre Hopkins,7,12,124,17.7,45,3,1,0,0,0,0,1,18.4,18.4,92.5%,WR,2023
4,5,Cooper Kupp,8,10,115,14.4,34,3,1,0,0,0,0,1,17.5,17.5,97.9%,WR,2023
5,6,Odell Beckham,4,10,97,24.3,46,2,1,0,0,0,0,1,15.7,15.7,33.2%,WR,2023
6,7,Zay Flowers,6,10,60,10.0,21,1,1,0,0,0,0,1,14.0,14.0,92.0%,WR,2023
7,8,CeeDee Lamb,6,10,71,11.8,26,1,1,0,0,0,0,1,13.1,13.1,100.0%,WR,2023
8,9,Jayden Reed,8,10,27,3.4,8,0,0,4,38,1,0,1,12.5,12.5,77.3%,WR,2023
9,10,Courtland Sutton,3,4,62,20.7,46,1,1,0,0,0,0,1,12.2,12.2,83.4%,WR,2023
10,11,Diontae Johnson,3,7,57,19.0,25,2,1,0,0,0,0,1,11.7,11.7,83.3%,WR,2023
11,12,Wan'Dale Robinson,6,7,79,13.2,32,2,0,2,36,0,0,1,11.5,11.5,9.6%,WR,2023
12,13,Michael Pittman,8,11,95,11.9,31,1,0,0,0,0,0,1,11.5,11.5,97.2%,WR,2023
13,14,Rashee Rice,7,10,72,10.3,19,0,1,0,0,0,1,1,11.2,11.2,89.6%,WR,2023
14,15,DK Metcalf,2,5,52,26.0,31,2,1,0,0,0,0,1,11.2,11.2,98.5%,WR,2023
15,16,Garrett Wilson,9,14,108,12.0,25,1,0,1,3,0,0,1,11.1,11.1,97.7%,WR,2023
16,17,Michael Gallup,3,5,48,16.0,39,1,1,0,0,0,0,1,10.8,10.8,6.4%,WR,2023
17,18,Brandon Aiyuk,6,9,126,21.0,45,3,0,0,0,0,1,1,10.6,10.6,98.3%,WR,2023
18,19,Demarcus Robinson,3,10,46,15.3,22,1,1,0,0,0,0,1,10.6,10.6,15.2%,WR,2023
19,20,Josh Reynolds,3,4,44,14.7,27,1,1,0,0,0,0,1,10.4,10.4,7.4%,WR,2023
20,21,David Bell,1,3,41,41.0,41,1,1,0,0,0,0,1,10.1,10.1,0.2%,WR,2023
21,22,Quentin Johnston,3,4,91,30.3,57,2,0,0,0,0,0,1,9.1,9.1,19.4%,WR,2023
22,23,JuJu Smith-Schuster,4,6,90,22.5,37,2,0,0,0,0,0,1,9.0,9.0,7.0%,WR,2023
23,24,Puka Nacua,5,9,84,16.8,34,2,0,1,6,0,0,1,9.0,9.0,96.9%,WR,2023
24,25,Tyler Lockett,6,6,89,14.8,24,2,0,0,0,0,0,1,8.9,8.9,88.8%,WR,2023
25,26,Chris Olave,4,5,28,7.0,8,0,1,0,0,0,0,1,8.8,8.8,98.8%,WR,2023
26,27,Isaiah Hodgins,2,2,22,11.0,14,0,1,0,0,0,0,1,8.2,8.2,0.6%,WR,2023
27,28,Jaylen Waddle,6,8,79,13.2,16,0,0,0,0,0,0,1,7.9,7.9,96.3%,WR,2023
28,29,Randall Cobb,1,1,15,15.0,15,0,1,0,0,0,0,1,7.5,7.5,0.0%,WR,2023
29,30,Adam Thielen,5,7,74,14.8,32,1,0,0,0,0,0,1,7.4,7.4,74.6%,WR,2023
30,31,A.J. Brown,9,13,94,10.4,24,1,0,0,0,0,1,1,7.4,7.4,99.9%,WR,2023
31,32,Tee Higgins,2,4,72,36.0,46,2,0,0,0,0,0,1,7.2,7.2,94.5%,WR,2023
32,33,Xavier Gipson,1,1,3,3.0,3,0,0,1,9,1,0,1,7.2,7.2,0.7%,WR,2023
33,34,Keenan Allen,6,12,68,11.3,22,1,0,0,0,0,0,1,6.8,6.8,91.1%,WR,2023
34,35,Parker Washington,2,3,27,13.5,19,0,1,0,0,0,1,1,6.7,6.7,2.6%,WR,2023
35,36,Malik Heath,1,2,6,6.0,6,0,1,0,0,0,0,1,6.6,6.6,0.2%,WR,2023
36,37,Tyreek Hill,4,5,61,15.3,25,2,0,0,0,0,0,1,6.1,6.1,100.0%,WR,2023
37,38,Tylan Wallace,0,0,0,0.0,0,0,0,0,0,0,0,1,6.0,6.0,0.1%,WR,2023
38,39,Amari Cooper,7,14,77,11.0,17,0,0,0,0,0,1,1,5.7,5.7,91.5%,WR,2023
39,40,Chris Godwin,5,11,53,10.6,32,1,0,0,0,0,0,1,5.3,5.3,90.4%,WR,2023
40,41,Davante Adams,7,10,53,7.6,24,1,0,0,0,0,0,1,5.3,5.3,99.9%,WR,2023
41,42,DeVonta Smith,5,10,73,14.6,30,2,0,0,0,0,1,1,5.3,5.3,98.1%,WR,2023
42,43,Calvin Ridley,4,13,53,13.3,16,0,0,0,0,0,0,1,5.3,5.3,95.2%,WR,2023
43,44,Nick Westbrook-Ikhine,2,4,28,14.0,23,1,0,0,0,0,0,1,4.8,4.8,0.2%,WR,2023
44,45,Darnell Mooney,2,7,44,22.0,28,1,0,0,0,0,0,1,4.4,4.4,39.1%,WR,2023
45,46,A.T. Perry,1,1,44,44.0,44,1,0,0,0,0,0,1,4.4,4.4,0.8%,WR,2023
46,47,Elijah Moore,3,6,42,14.0,20,1,0,0,0,0,0,1,4.2,4.2,23.3%,WR,2023
47,48,Kadarius Toney,3,4,25,8.3,9,0,0,2,16,0,0,1,4.1,4.1,5.9%,WR,2023
48,49,Brandin Cooks,2,5,37,18.5,30,1,0,0,0,0,0,1,3.7,3.7,43.5%,WR,2023
49,50,Nelson Agholor,5,5,32,6.4,12,0,0,0,0,0,0,1,3.2,3.2,0.9%,WR,2023
50,51,Romeo Doubs,4,7,32,8.0,14,0,0,0,0,0,0,1,3.2,3.2,43.4%,WR,2023
51,52,Josh Downs,3,3,32,10.7,12,0,0,0,0,0,0,1,3.2,3.2,26.9%,WR,2023
52,53,Cedrick Wilson,2,4,30,15.0,22,1,0,0,0,0,0,1,3.0,3.0,1.1%,WR,2023
53,54,Ja'Marr Chase,3,4,29,9.7,14,0,0,0,0,0,0,1,2.9,2.9,99.4%,WR,2023
54,55,Zay Jones,5,14,29,5.8,12,0,0,0,0,0,0,1,2.9,2.9,16.7%,WR,2023
55,56,Olamide Zaccheaus,1,1,28,28.0,28,1,0,0,0,0,0,1,2.8,2.8,0.1%,WR,2023
56,57,Justin Jefferson,2,3,27,13.5,15,0,0,0,0,0,0,1,2.7,2.7,100.0%,WR,2023
57,58,Jordan Addison,2,3,27,13.5,20,1,0,0,0,0,0,1,2.7,2.7,88.6%,WR,2023
58,59,DJ Chark,2,4,26,13.0,18,0,0,0,0,0,0,1,2.6,2.6,4.6%,WR,2023
59,60,Hunter Renfrow,3,5,46,15.3,38,1,0,0,0,0,1,1,2.6,2.6,0.7%,WR,2023
60,61,Deonte Harty,1,1,25,25.0,25,1,0,0,0,0,0,1,2.5,2.5,0.1%,WR,2023
61,62,Jakobi Meyers,5,6,25,5.0,12,0,0,0,0,0,0,1,2.5,2.5,75.0%,WR,2023
62,63,Jaxon Smith-Njigba,4,7,25,6.3,11,0,0,0,0,0,0,1,2.5,2.5,76.1%,WR,2023
63,64,Rashod Bateman,2,4,24,12.0,14,0,0,0,0,0,0,1,2.4,2.4,9.5%,WR,2023
64,65,Lynn Bowden,4,4,24,6.0,15,0,0,0,0,0,0,1,2.4,2.4,0.0%,WR,2023
65,66,Stefon Diggs,4,11,24,6.0,9,0,0,0,0,0,0,1,2.4,2.4,99.7%,WR,2023
66,67,Tyler Boyd,2,3,23,11.5,17,0,0,0,0,0,0,1,2.3,2.3,28.0%,WR,2023
67,68,Cedric Tillman,2,4,23,11.5,14,0,0,0,0,0,0,1,2.3,2.3,0.8%,WR,2023
68,69,Samori Toure,2,4,22,11.0,16,0,0,0,0,0,0,1,2.2,2.2,0.0%,WR,2023
69,70,Marquez Valdes-Scantling,2,4,22,11.0,15,0,0,0,0,0,0,1,2.2,2.2,1.3%,WR,2023
70,71,Chris Moore,1,1,22,22.0,22,1,0,0,0,0,0,1,2.2,2.2,0.1%,WR,2023
71,72,KaVontae Turpin,0,1,0,0.0,0,0,0,1,22,0,0,1,2.2,2.2,0.7%,WR,2023
72,73,Alec Pierce,2,3,22,11.0,12,0,0,0,0,0,0,1,2.2,2.2,2.3%,WR,2023
73,74,Jonathan Mingo,2,9,22,11.0,13,0,0,0,0,0,0,1,2.2,2.2,7.1%,WR,2023
74,75,Allen Robinson,1,3,21,21.0,21,1,0,0,0,0,0,1,2.1,2.1,0.6%,WR,2023
75,76,Amon-Ra St.,3,8,21,7.0,11,0,0,0,0,0,0,1,2.1,2.1,100.0%,WR,2023
76,77,Dontayvion Wicks,2,6,20,10.0,19,0,0,0,0,0,0,1,2.0,2.0,6.5%,WR,2023
77,78,George Pickens,5,6,19,3.8,7,0,0,0,0,0,0,1,1.9,1.9,87.0%,WR,2023
78,79,KhaDarel Hodge,1,2,18,18.0,18,0,0,0,0,0,0,1,1.8,1.8,0.1%,WR,2023
79,80,Justin Watson,1,1,18,18.0,18,0,0,0,0,0,0,1,1.8,1.8,1.8%,WR,2023
80,81,Donovan Peoples-Jones,1,1,17,17.0,17,0,0,0,0,0,0,1,1.7,1.7,1.8%,WR,2023
81,82,Tyquan Thornton,3,5,17,5.7,11,0,0,0,0,0,0,1,1.7,1.7,0.2%,WR,2023
82,83,Jerry Jeudy,2,6,16,8.0,9,0,0,0,0,0,0,1,1.6,1.6,62.5%,WR,2023
83,84,K.J. Osborn,4,7,15,3.8,12,0,0,0,0,0,0,1,1.5,1.5,15.4%,WR,2023
84,85,Kalif Raymond,3,4,15,5.0,5,0,0,0,0,0,0,1,1.5,1.5,1.3%,WR,2023
85,86,Xavier Hutchinson,2,3,15,7.5,8,0,0,0,0,0,0,1,1.5,1.5,0.1%,WR,2023
86,87,Darius Slayton,2,2,14,7.0,9,0,0,0,0,0,0,1,1.4,1.4,2.7%,WR,2023
87,88,Jalen Nailor,2,5,13,6.5,9,0,0,0,0,0,0,1,1.3,1.3,0.1%,WR,2023
88,89,Braxton Berrios,2,2,13,6.5,7,0,0,0,0,0,0,1,1.3,1.3,1.2%,WR,2023
89,90,Jalin Hyatt,2,3,13,6.5,8,0,0,0,0,0,0,1,1.3,1.3,3.5%,WR,2023
90,91,Nico Collins,1,1,13,13.0,13,0,0,0,0,0,0,1,1.3,1.3,95.7%,WR,2023
91,92,Lil'Jordan Humphrey,1,1,12,12.0,12,0,0,0,0,0,0,1,1.2,1.2,0.1%,WR,2023
92,93,Calvin Austin,0,0,0,0.0,0,0,0,1,12,0,0,1,1.2,1.2,0.8%,WR,2023
93,94,Khalil Shakir,1,1,12,12.0,12,0,0,0,0,0,0,1,1.2,1.2,11.3%,WR,2023
94,95,David Moore,1,1,11,11.0,11,0,0,0,0,0,0,1,1.1,1.1,0.1%,WR,2023
95,96,Tyler Scott,1,1,11,11.0,11,0,0,0,0,0,0,1,1.1,1.1,0.3%,WR,2023
96,97,Marvin Mims,2,3,11,5.5,8,0,0,0,0,0,0,1,1.1,1.1,6.8%,WR,2023
97,98,Velus Jones,1,1,11,11.0,11,0,0,0,0,0,0,1,1.1,1.1,0.2%,WR,2023
98,99,Ihmir Smith-Marsette,0,1,0,0.0,0,0,0,1,10,0,0,1,1.0,1.0,0.1%,WR,2023
99,100,Trent Sherfield,1,2,9,9.0,9,0,0,0,0,0,0,1,0.9,0.9,0.1%,WR,2023
100,101,Alex Erickson,1,7,9,9.0,9,0,0,0,0,0,0,1,0.9,0.9,0.0%,WR,2023
101,102,Trey Palmer,1,1,5,5.0,5,0,0,1,3,0,0,1,0.8,0.8,1.5%,WR,2023
102,103,Jalen Guyton,1,1,8,8.0,8,0,0,0,0,0,0,1,0.8,0.8,1.1%,WR,2023
103,104,Mike Evans,1,6,8,8.0,8,0,0,0,0,0,0,1,0.8,0.8,98.1%,WR,2023
104,105,John Metchie,1,5,6,6.0,6,0,0,0,0,0,0,1,0.6,0.6,0.8%,WR,2023
105,106,Treylon Burks,1,3,1,1.0,1,0,0,1,5,0,0,1,0.6,0.6,6.1%,WR,2023
106,107,Richie James,1,2,4,4.0,4,0,0,0,0,0,0,1,0.4,0.4,0.0%,WR,2023
107,108,Jameson Williams,0,2,0,0.0,0,0,0,1,4,0,0,1,0.4,0.4,42.1%,WR,2023
108,109,Mack Hollins,1,1,4,4.0,4,0,0,0,0,0,0,1,0.4,0.4,0.3%,WR,2023
109,110,Dax Milne,0,0,0,0.0,0,0,0,0,0,0,0,0,0.0,0.0,0.0%,WR,2023
110,111,Austin Watkins,0,0,0,0.0,0,0,0,0,0,0,0,0,0.0,0.0,0.0%,WR,2023
111,112,Jaelon Darden,0,0,0,0.0,0,0,0,0,0,0,0,0,0.0,0.0,0.0%,WR,2023
112,113,Dee Eskridge,0,0,0,0.0,0,0,0,0,0,0,0,0,0.0,0.0,0.1%,WR,2023
113,114,Chris Blair,0,0,0,0.0,0,0,0,0,0,0,0,0,0.0,0.0,0.0%,WR,2023
114,115,D.J. Montgomery,0,0,0,0.0,0,0,0,0,0,0,0,1,0.0,0.0,0.0%,WR,2023
115,116,Steven Sims,0,0,0,0.0,0,0,0,0,0,0,0,0,0.0,0.0,0.0%,WR,2023
116,117,Nsimba Webster,0,0,0,0.0,0,0,0,0,0,0,0,0,0.0,0.0,0.0%,WR,2023
117,118,Alex Bachman,0,0,0,0.0,0,0,0,0,0,0,0,0,0.0,0.0,0.0%,WR,2023
118,119,Malik Taylor,0,0,0,0.0,0,0,0,0,0,0,0,0,0.0,0.0,0.0%,WR,2023
119,120,Tyron Billy-Johnson,0,0,0,0.0,0,0,0,0,0,0,0,0,0.0,0.0,0.0%,WR,2023
120,121,Denzel Mims,0,0,0,0.0,0,0,0,0,0,0,0,0,0.0,0.0,0.0%,WR,2023
121,122,KJ Hamler,0,0,0,0.0,0,0,0,0,0,0,0,0,0.0,0.0,0.1%,WR,2023
122,123,Devin Duvernay,0,0,0,0.0,0,0,0,0,0,0,0,1,0.0,0.0,0.2%,WR,2023
123,124,James Proche,0,0,0,0.0,0,0,0,0,0,0,0,1,0.0,0.0,0.0%,WR,2023
124,125,Jalen Reagor,0,1,0,0.0,0,0,0,0,0,0,0,1,0.0,0.0,0.1%,WR,2023
125,126,Gabe Davis,0,2,0,0.0,0,0,0,0,0,0,0,1,0.0,0.0,54.0%,WR,2023
126,127,Laviska Shenault,0,0,0,0.0,0,0,0,0,0,0,0,0,0.0,0.0,0.2%,WR,2023
127,128,Tom Kennedy,0,0,0,0.0,0,0,0,0,0,0,0,0,0.0,0.0,0.0%,WR,2023
128,129,Gunner Olszewski,0,0,0,0.0,0,0,0,0,0,0,0,1,0.0,0.0,0.1%,WR,2023
129,130,Parris Campbell,0,0,0,0.0,0,0,0,0,0,0,0,0,0.0,0.0,0.7%,WR,2023
130,131,Terry McLaurin,0,0,0,0.0,0,0,0,0,0,0,0,0,0.0,0.0,90.3%,WR,2023
131,132,Davion Davis,0,0,0,0.0,0,0,0,0,0,0,0,0,0.0,0.0,0.0%,WR,2023
132,133,Andy Isabella,0,0,0,0.0,0,0,0,0,0,0,0,0,0.0,0.0,0.0%,WR,2023
133,134,Cody Thompson,0,0,0,0.0,0,0,0,0,0,0,0,0,0.0,0.0,0.0%,WR,2023
134,135,Collin Johnson,0,0,0,0.0,0,0,0,0,0,0,0,0,0.0,0.0,0.0%,WR,2023
135,136,Jeff Smith,0,0,0,0.0,0,0,0,0,0,0,0,0,0.0,0.0,0.0%,WR,2023
136,137,Juwann Winfree,0,0,0,0.0,0,0,0,0,0,0,0,0,0.0,0.0,0.0%,WR,2023
137,138,Quinton Bell,0,0,0,0.0,0,0,0,0,0,0,0,0,0.0,0.0,0.0%,WR,2023
138,139,Scotty Miller,0,3,0,0.0,0,0,0,0,0,0,0,1,0.0,0.0,0.1%,WR,2023
139,140,Trenton Irwin,0,0,0,0.0,0,0,0,0,0,0,0,1,0.0,0.0,0.6%,WR,2023
140,141,David Sills,0,0,0,0.0,0,0,0,0,0,0,0,0,0.0,0.0,0.0%,WR,2023
141,142,Greg Dortch,0,0,0,0.0,0,0,0,0,0,0,0,0,0.0,0.0,4.4%,WR,2023
142,143,Mecole Hardman,0,0,0,0.0,0,0,0,0,0,0,0,0,0.0,0.0,1.2%,WR,2023
143,144,Ashton Dulin,0,0,0,0.0,0,0,0,0,0,0,0,0,0.0,0.0,0.1%,WR,2023
144,145,Stanley Morgan,0,0,0,0.0,0,0,0,0,0,0,0,0,0.0,0.0,0.0%,WR,2023
145,146,Chase Claypool,0,0,0,0.0,0,0,0,0,0,0,0,1,0.0,0.0,0.8%,WR,2023
146,147,Tyler Johnson,0,0,0,0.0,0,0,0,0,0,0,0,0,0.0,0.0,0.0%,WR,2023
147,148,Miles Boykin,0,0,0,0.0,0,0,0,0,0,0,0,1,0.0,0.0,0.0%,WR,2023
148,149,Van Jefferson,0,0,0,0.0,0,0,0,0,0,0,0,1,0.0,0.0,1.4%,WR,2023
149,150,Tutu Atwell,0,1,0,0.0,0,0,0,0,0,0,0,1,0.0,0.0,9.4%,WR,2023
150,151,Dyami Brown,0,0,0,0.0,0,0,0,0,0,0,0,0,0.0,0.0,0.2%,WR,2023
151,152,Dan Chisena,0,0,0,0.0,0,0,0,0,0,0,0,0,0.0,0.0,0.0%,WR,2023
152,153,Dez Fitzpatrick,0,0,0,0.0,0,0,0,0,0,0,0,0,0.0,0.0,0.0%,WR,2023
153,154,Anthony Schwartz,0,0,0,0.0,0,0,0,0,0,0,0,0,0.0,0.0,0.0%,WR,2023
154,155,Seth Williams,0,0,0,0.0,0,0,0,0,0,0,0,0,0.0,0.0,0.0%,WR,2023
155,156,Cornell Powell,0,0,0,0.0,0,0,0,0,0,0,0,0,0.0,0.0,0.0%,WR,2023
156,157,Andre Baccellia,0,0,0,0.0,0,0,0,0,0,0,0,0,0.0,0.0,0.0%,WR,2023
157,158,Easop Winston,0,0,0,0.0,0,0,0,0,0,0,0,0,0.0,0.0,0.0%,WR,2023
158,159,Quez Watkins,0,0,0,0.0,0,0,0,0,0,0,0,1,0.0,0.0,0.2%,WR,2023
159,160,Freddie Swain,0,0,0,0.0,0,0,0,0,0,0,0,0,0.0,0.0,0.0%,WR,2023
160,161,Cody White,0,0,0,0.0,0,0,0,0,0,0,0,0,0.0,0.0,0.0%,WR,2023
161,162,Mason Kinsey,0,0,0,0.0,0,0,0,0,0,0,0,0,0.0,0.0,0.0%,WR,2023
162,163,Rondale Moore,0,0,0,0.0,0,0,0,0,0,0,0,0,0.0,0.0,5.3%,WR,2023
163,164,Justyn Ross,0,0,0,0.0,0,0,0,0,0,0,0,0,0.0,0.0,0.2%,WR,2023
164,165,Lawrence Cager,0,0,0,0.0,0,0,0,0,0,0,0,1,0.0,0.0,0.0%,WR,2023
165,166,Marquez Callaway,0,0,0,0.0,0,0,0,0,0,0,0,1,0.0,0.0,0.1%,WR,2023
166,167,Jauan Jennings,0,1,0,0.0,0,0,0,0,0,0,0,1,0.0,0.0,0.8%,WR,2023
167,168,Austin Mack,0,0,0,0.0,0,0,0,0,0,0,0,0,0.0,0.0,0.0%,WR,2023
168,169,Trishton Jackson,0,0,0,0.0,0,0,0,0,0,0,0,0,0.0,0.0,0.0%,WR,2023
169,170,Tyrie Cleveland,0,0,0,0.0,0,0,0,0,0,0,0,0,0.0,0.0,0.0%,WR,2023
170,171,Scotty Washington,0,0,0,0.0,0,0,0,0,0,0,0,0,0.0,0.0,0.0%,WR,2023
171,172,Jaylon Moore,0,0,0,0.0,0,0,0,0,0,0,0,0,0.0,0.0,0.0%,WR,2023
172,173,Kristian Wilkerson,0,0,0,0.0,0,0,0,0,0,0,0,0,0.0,0.0,0.0%,WR,2023
173,174,Zavier Scott,0,0,0,0.0,0,0,0,0,0,0,0,0,0.0,0.0,0.0%,WR,2023
174,175,Jason Brownlee,0,0,0,0.0,0,0,0,0,0,0,0,0,0.0,0.0,0.1%,WR,2023
175,176,Nikko Remigio,0,0,0,0.0,0,0,0,0,0,0,0,0,0.0,0.0,0.0%,WR,2023
176,177,Shedrick Jackson,0,0,0,0.0,0,0,0,0,0,0,0,0,0.0,0.0,0.0%,WR,2023
177,178,Thyrick Pitts,0,0,0,0.0,0,0,0,0,0,0,0,0,0.0,0.0,0.0%,WR,2023
178,179,Tyrell Shavers,0,0,0,0.0,0,0,0,0,0,0,0,0,0.0,0.0,0.0%,WR,2023
179,180,Xavier Smith,0,0,0,0.0,0,0,0,0,0,0,0,0,0.0,0.0,0.0%,WR,2023
180,181,Brycen Tremayne,0,0,0,0.0,0,0,0,0,0,0,0,0,0.0,0.0,0.0%,WR,2023
181,182,Daniel Arias,0,0,0,0.0,0,0,0,0,0,0,0,0,0.0,0.0,0.0%,WR,2023
182,183,Duece Watts,0,0,0,0.0,0,0,0,0,0,0,0,0,0.0,0.0,0.0%,WR,2023
183,184,Daewood Davis,0,0,0,0.0,0,0,0,0,0,0,0,0,0.0,0.0,0.0%,WR,2023
184,185,Devontez Walker,0,0,0,0.0,0,0,0,0,0,0,0,0,0.0,0.0,0.9%,WR,2023
185,186,Keon Coleman,0,0,0,0.0,0,0,0,0,0,0,0,0,0.0,0.0,78.6%,WR,2023
186,187,Sean Ryan,0,0,0,0.0,0,0,0,0,0,0,0,0,0.0,0.0,0.0%,WR,2023
187,188,Dylan Drummond,0,0,0,0.0,0,0,0,0,0,0,0,0,0.0,0.0,0.0%,WR,2023
188,189,Ryan Miller,0,0,0,0.0,0,0,0,0,0,0,0,0,0.0,0.0,0.0%,WR,2023
189,190,Tre'Shaun Harrison,0,0,0,0.0,0,0,0,0,0,0,0,0,0.0,0.0,0.0%,WR,2023
190,191,Bryan Thompson,0,0,0,0.0,0,0,0,0,0,0,0,0,0.0,0.0,0.0%,WR,2023
191,192,David Durden,0,0,0,0.0,0,0,0,0,0,0,0,0,0.0,0.0,0.0%,WR,2023
192,193,John Stephens,0,0,0,0.0,0,0,0,0,0,0,0,0,0.0,0.0,0.0%,WR,2023
193,194,Lucky Jackson,0,0,0,0.0,0,0,0,0,0,0,0,0,0.0,0.0,0.0%,WR,2023
194,195,Malachi Corley,0,0,0,0.0,0,0,0,0,0,0,0,0,0.0,0.0,2.0%,WR,2023
195,196,Andrei Iosivas,0,0,0,0.0,0,0,0,0,0,0,0,1,0.0,0.0,0.5%,WR,2023
196,197,Jacob Cowing,0,0,0,0.0,0,0,0,0,0,0,0,0,0.0,0.0,0.3%,WR,2023
197,198,Johnny Wilson,0,0,0,0.0,0,0,0,0,0,0,0,0,0.0,0.0,0.3%,WR,2023
198,199,DeMario Douglas,0,0,0,0.0,0,0,0,0,0,0,0,0,0.0,0.0,21.4%,WR,2023
199,200,Michael Wilson,0,0,0,0.0,0,0,0,0,0,0,0,0,0.0,0.0,8.2%,WR,2023
200,201,Derius Davis,0,0,0,0.0,0,0,0,0,0,0,0,1,0.0,0.0,0.3%,WR,2023
201,202,Charlie Jones,0,0,0,0.0,0,0,0,0,0,0,0,1,0.0,0.0,0.2%,WR,2023
202,203,Josh Ali,0,0,0,0.0,0,0,0,0,0,0,0,0,0.0,0.0,0.0%,WR,2023
203,204,Tre Tucker,0,1,0,0.0,0,0,0,0,0,0,0,1,0.0,0.0,0.6%,WR,2023
204,205,Jake Bobo,0,0,0,0.0,0,0,0,0,0,0,0,1,0.0,0.0,0.3%,WR,2023
205,206,Bryce Ford-Wheaton,0,0,0,0.0,0,0,0,0,0,0,0,0,0.0,0.0,0.0%,WR,2023
206,207,Jaray Jenkins,0,0,0,0.0,0,0,0,0,0,0,0,0,0.0,0.0,0.0%,WR,2023
207,208,Daylen Baldwin,0,0,0,0.0,0,0,0,0,0,0,0,0,0.0,0.0,0.0%,WR,2023
208,209,Maurice Alexander,0,0,0,0.0,0,0,0,0,0,0,0,0,0.0,0.0,0.0%,WR,2023
209,210,Jalen Cropper,0,0,0,0.0,0,0,0,0,0,0,0,0,0.0,0.0,0.0%,WR,2023
210,211,Elijah Cooks,0,0,0,0.0,0,0,0,0,0,0,0,1,0.0,0.0,0.0%,WR,2023
211,212,Malik Knowles,0,0,0,0.0,0,0,0,0,0,0,0,0,0.0,0.0,0.0%,WR,2023
212,213,Antoine Green,0,0,0,0.0,0,0,0,0,0,0,0,0,0.0,0.0,0.1%,WR,2023
213,214,Colton Dowell,0,0,0,0.0,0,0,0,0,0,0,0,1,0.0,0.0,0.0%,WR,2023
214,215,Jalen Brooks,0,0,0,0.0,0,0,0,0,0,0,0,0,0.0,0.0,0.1%,WR,2023
215,216,Grant DuBose,0,0,0,0.0,0,0,0,0,0,0,0,0,0.0,0.0,0.0%,WR,2023
216,217,Jared Wayne,0,0,0,0.0,0,0,0,0,0,0,0,0,0.0,0.0,0.0%,WR,2023
217,218,Thayer Thomas,0,0,0,0.0,0,0,0,0,0,0,0,0,0.0,0.0,0.0%,WR,2023
218,219,Cephus Johnson,0,0,0,0.0,0,0,0,0,0,0,0,0,0.0,0.0,0.0%,WR,2023
219,220,Shaquan Davis,0,0,0,0.0,0,0,0,0,0,0,0,0,0.0,0.0,0.0%,WR,2023
220,221,Kazmeir Allen,0,0,0,0.0,0,0,0,0,0,0,0,0,0.0,0.0,0.0%,WR,2023
221,222,Matt Landers,0,0,0,0.0,0,0,0,0,0,0,0,0,0.0,0.0,0.0%,WR,2023
222,223,Tank Dell,0,0,0,0.0,0,0,0,0,0,0,0,0,0.0,0.0,60.2%,WR,2023
223,224,Malik Nabers,0,0,0,0.0,0,0,0,0,0,0,0,0,0.0,0.0,91.5%,WR,2023
224,225,Rome Odunze,0,0,0,0.0,0,0,0,0,0,0,0,0,0.0,0.0,76.6%,WR,2023
225,226,Sam Pinckney,0,0,0,0.0,0,0,0,0,0,0,0,0,0.0,0.0,0.0%,WR,2023
226,227,Isaiah Wooden,0,0,0,0.0,0,0,0,0,0,0,0,0,0.0,0.0,0.0%,WR,2023
227,228,JaQuae Jackson,0,0,0,0.0,0,0,0,0,0,0,0,0,0.0,0.0,0.0%,WR,2023
228,229,Sam Schnee,0,0,0,0.0,0,0,0,0,0,0,0,0,0.0,0.0,0.0%,WR,2023
229,230,Bryce Oliver,0,0,0,0.0,0,0,0,0,0,0,0,0,0.0,0.0,0.0%,WR,2023
230,231,Isaiah Washington,0,0,0,0.0,0,0,0,0,0,0,0,0,0.0,0.0,0.0%,WR,2023
231,232,Lawrence Keys,0,0,0,0.0,0,0,0,0,0,0,0,0,0.0,0.0,0.0%,WR,2023
232,233,Kameron Johnson,0,0,0,0.0,0,0,0,0,0,0,0,0,0.0,0.0,0.0%,WR,2023
233,234,Terique Owens,0,0,0,0.0,0,0,0,0,0,0,0,0,0.0,0.0,0.0%,WR,2023
234,235,OJ Hiliare,0,0,0,0.0,0,0,0,0,0,0,0,0,0.0,0.0,0.0%,WR,2023
235,236,Tyler Harrell,0,0,0,0.0,0,0,0,0,0,0,0,0,0.0,0.0,0.0%,WR,2023
236,237,Dee Williams,0,0,0,0.0,0,0,0,0,0,0,0,0,0.0,0.0,0.0%,WR,2023
237,238,Cam Johnson,0,0,0,0.0,0,0,0,0,0,0,0,0,0.0,0.0,0.0%,WR,2023
238,239,Geordon Porter,0,0,0,0.0,0,0,0,0,0,0,0,0,0.0,0.0,0.0%,WR,2023
239,240,Ayir Asante,0,0,0,0.0,0,0,0,0,0,0,0,0,0.0,0.0,0.0%,WR,2023
240,241,Mason Tipton,0,0,0,0.0,0,0,0,0,0,0,0,0,0.0,0.0,0.0%,WR,2023
241,242,Corey Crooms,0,0,0,0.0,0,0,0,0,0,0,0,0,0.0,0.0,0.0%,WR,2023
242,243,Tre Mosley,0,0,0,0.0,0,0,0,0,0,0,0,0,0.0,0.0,0.0%,WR,2023
243,244,Drake Stoops,0,0,0,0.0,0,0,0,0,0,0,0,0,0.0,0.0,0.0%,WR,2023
244,245,Jalon Calhoun,0,0,0,0.0,0,0,0,0,0,0,0,0,0.0,0.0,0.0%,WR,2023
245,246,Xavier Johnson,0,0,0,0.0,0,0,0,0,0,0,0,0,0.0,0.0,0.0%,WR,2023
246,247,Devin Carter,0,0,0,0.0,0,0,0,0,0,0,0,0,0.0,0.0,0.0%,WR,2023
247,248,Ahmarean Brown,0,0,0,0.0,0,0,0,0,0,0,0,0,0.0,0.0,0.0%,WR,2023
248,249,Xavier White,0,0,0,0.0,0,0,0,0,0,0,0,0,0.0,0.0,0.0%,WR,2023
249,250,Jeshaun Jones,0,0,0,0.0,0,0,0,0,0,0,0,0,0.0,0.0,0.0%,WR,2023
250,251,Leon Johnson,0,0,0,0.0,0,0,0,0,0,0,0,0,0.0,0.0,0.0%,WR,2023
251,252,Jeff Foreman,0,0,0,0.0,0,0,0,0,0,0,0,0,0.0,0.0,0.0%,WR,2023
252,253,Jaelen Gill,0,0,0,0.0,0,0,0,0,0,0,0,0,0.0,0.0,0.0%,WR,2023
253,254,Jaylen Johnson,0,0,0,0.0,0,0,0,0,0,0,0,0,0.0,0.0,0.0%,WR,2023
254,255,Jermaine Jackson,0,0,0,0.0,0,0,0,0,0,0,0,0,0.0,0.0,0.0%,WR,2023
255,256,Talik Keaton,0,0,0,0.0,0,0,0,0,0,0,0,0,0.0,0.0,0.0%,WR,2023
256,257,Julian Hicks,0,0,0,0.0,0,0,0,0,0,0,0,0,0.0,0.0,0.0%,WR,2023
257,258,Ty James,0,0,0,0.0,0,0,0,0,0,0,0,0,0.0,0.0,0.0%,WR,2023
258,259,Praise Olatoke,0,0,0,0.0,0,0,0,0,0,0,0,0,0.0,0.0,0.0%,WR,2023
259,260,Dakereon Joyner,0,0,0,0.0,0,0,0,0,0,0,0,0,0.0,0.0,0.0%,WR,2023
260,261,Latreal Jones,0,0,0,0.0,0,0,0,0,0,0,0,0,0.0,0.0,0.0%,WR,2023
261,262,Treveyon Pratt,0,0,0,0.0,0,0,0,0,0,0,0,0,0.0,0.0,0.0%,WR,2023
262,263,Xavier Wade,0,0,0,0.0,0,0,0,0,0,0,0,0,0.0,0.0,0.0%,WR,2023
263,264,Peter LeBlanc,0,0,0,0.0,0,0,0,0,0,0,0,0,0.0,0.0,0.0%,WR,2023
264,265,Dakota Caton,0,0,0,0.0,0,0,0,0,0,0,0,0,0.0,0.0,0.0%,WR,2023
265,266,John Jiles,0,0,0,0.0,0,0,0,0,0,0,0,0,0.0,0.0,0.0%,WR,2023
266,267,Tanner Knue,0,0,0,0.0,0,0,0,0,0,0,0,0,0.0,0.0,0.0%,WR,2023
267,268,Caleb Chapman,0,0,0,0.0,0,0,0,0,0,0,0,0,0.0,0.0,0.0%,WR,2023
268,269,John Jackson,0,0,0,0.0,0,0,0,0,0,0,0,0,0.0,0.0,0.0%,WR,2023
269,270,Hamze El-Zayat,0,0,0,0.0,0,0,0,0,0,0,0,0,0.0,0.0,0.0%,WR,2023
270,271,David Wallis,0,0,0,0.0,0,0,0,0,0,0,0,0,0.0,0.0,0.0%,WR,2023
271,272,Kaylon Horton,0,0,0,0.0,0,0,0,0,0,0,0,0,0.0,0.0,0.0%,WR,2023
272,273,Dimitri Stanley,0,0,0,0.0,0,0,0,0,0,0,0,0,0.0,0.0,0.0%,WR,2023
273,274,Sam Wiglusz,0,0,0,0.0,0,0,0,0,0,0,0,0,0.0,0.0,0.0%,WR,2023
274,275,Joseph Scates,0,0,0,0.0,0,0,0,0,0,0,0,0,0.0,0.0,0.0%,WR,2023
275,276,Zach Mathis,0,0,0,0.0,0,0,0,0,0,0,0,0,0.0,0.0,0.0%,WR,2023
276,277,Jaaron Hayek,0,0,0,0.0,0,0,0,0,0,0,0,0,0.0,0.0,0.0%,WR,2023
277,278,Brevin Easton,0,0,0,0.0,0,0,0,0,0,0,0,0,0.0,0.0,0.0%,WR,2023
278,279,Cole Burgess,0,0,0,0.0,0,0,0,0,0,0,0,0,0.0,0.0,0.0%,WR,2023
279,280,David White,0,0,0,0.0,0,0,0,0,0,0,0,0,0.0,0.0,0.0%,WR,2023
280,281,RJ Mobley,0,0,0,0.0,0,0,0,0,0,0,0,0,0.0,0.0,0.0%,WR,2023
281,282,JJ Laap,0,0,0,0.0,0,0,0,0,0,0,0,0,0.0,0.0,0.0%,WR,2023
282,283,Marcus Riley,0,0,0,0.0,0,0,0,0,0,0,0,0,0.0,0.0,0.0%,WR,2023
283,284,Phillip Brooks,0,0,0,0.0,0,0,0,0,0,0,0,0,0.0,0.0,0.0%,WR,2023
284,285,Cole Beck,0,0,0,0.0,0,0,0,0,0,0,0,0,0.0,0.0,0.0%,WR,2023
285,286,Qadir Ismail,0,0,0,0.0,0,0,0,0,0,0,0,0,0.0,0.0,0.0%,WR,2023
286,287,Hayden Hatten,0,0,0,0.0,0,0,0,0,0,0,0,0,0.0,0.0,0.0%,WR,2023
287,288,Casey Washington,0,0,0,0.0,0,0,0,0,0,0,0,0,0.0,0.0,0.1%,WR,2023
288,289,Chase Cota,0,0,0,0.0,0,0,0,0,0,0,0,0,0.0,0.0,0.0%,WR,2023
289,290,Ladd McConkey,0,0,0,0.0,0,0,0,0,0,0,0,0,0.0,0.0,76.1%,WR,2023
290,291,Xavier Legette,0,0,0,0.0,0,0,0,0,0,0,0,0,0.0,0.0,32.9%,WR,2023
291,292,Jamari Thrash,0,0,0,0.0,0,0,0,0,0,0,0,0,0.0,0.0,0.1%,WR,2023
292,293,Roman Wilson,0,0,0,0.0,0,0,0,0,0,0,0,0,0.0,0.0,2.4%,WR,2023
293,294,Jaxon Janke,0,0,0,0.0,0,0,0,0,0,0,0,0,0.0,0.0,0.0%,WR,2023
294,295,Anthony Gould,0,0,0,0.0,0,0,0,0,0,0,0,0,0.0,0.0,0.1%,WR,2023
295,296,Ryan Flournoy,0,0,0,0.0,0,0,0,0,0,0,0,0,0.0,0.0,0.2%,WR,2023
296,297,Jalen Coker,0,0,0,0.0,0,0,0,0,0,0,0,0,0.0,0.0,0.0%,WR,2023
297,298,Lideatrick Griffin,0,0,0,0.0,0,0,0,0,0,0,0,0,0.0,0.0,0.0%,WR,2023
298,299,Dayton Wade,0,0,0,0.0,0,0,0,0,0,0,0,0,0.0,0.0,0.0%,WR,2023
299,300,Jadon Janke,0,0,0,0.0,0,0,0,0,0,0,0,0,0.0,0.0,0.0%,WR,2023
300,301,Devaughn Vele,0,0,0,0.0,0,0,0,0,0,0,0,0,0.0,0.0,0.0%,WR,2023
301,302,Tejhaun Palmer,0,0,0,0.0,0,0,0,0,0,0,0,0,0.0,0.0,0.0%,WR,2023
302,303,Tahj Washington,0,0,0,0.0,0,0,0,0,0,0,0,0,0.0,0.0,0.0%,WR,2023
303,304,Isaiah Williams,0,0,0,0.0,0,0,0,0,0,0,0,0,0.0,0.0,0.0%,WR,2023
304,305,Ja'Lynn Polk,0,0,0,0.0,0,0,0,0,0,0,0,0,0.0,0.0,3.6%,WR,2023
305,306,Je'Quan Burton,0,0,0,0.0,0,0,0,0,0,0,0,0,0.0,0.0,0.0%,WR,2023
306,307,Brenden Rice,0,0,0,0.0,0,0,0,0,0,0,0,0,0.0,0.0,1.2%,WR,2023
307,308,Ricky Pearsall,0,0,0,0.0,0,0,0,0,0,0,0,0,0.0,0.0,7.0%,WR,2023
308,309,Jha'Quan Jackson,0,0,0,0.0,0,0,0,0,0,0,0,0,0.0,0.0,0.0%,WR,2023
309,310,Malik Washington,0,0,0,0.0,0,0,0,0,0,0,0,0,0.0,0.0,0.5%,WR,2023
310,311,Luke McCaffrey,0,0,0,0.0,0,0,0,0,0,0,0,0,0.0,0.0,3.4%,WR,2023
311,312,Marcus Rosemy-Jacksaint,0,0,0,0.0,0,0,0,0,0,0,0,0,0.0,0.0,0.0%,WR,2023
312,313,Bub Means,0,0,0,0.0,0,0,0,0,0,0,0,0,0.0,0.0,0.3%,WR,2023
313,314,Joshua Cephus,0,0,0,0.0,0,0,0,0,0,0,0,0,0.0,0.0,0.0%,WR,2023
314,315,Terrace Marshall,0,0,0,0.0,0,0,0,0,0,0,0,0,0.0,0.0,0.2%,WR,2023
315,316,Jacob Harris,0,0,0,0.0,0,0,0,0,0,0,0,0,0.0,0.0,0.0%,WR,2023
316,317,Austin Trammell,0,0,0,0.0,0,0,0,0,0,0,0,1,0.0,0.0,0.0%,WR,2023
317,318,Racey McMath,0,0,0,0.0,0,0,0,0,0,0,0,0,0.0,0.0,0.0%,WR,2023
318,319,Jalen Camp,0,0,0,0.0,0,0,0,0,0,0,0,0,0.0,0.0,0.0%,WR,2023
319,320,Kawaan Baker,0,0,0,0.0,0,0,0,0,0,0,0,0,0.0,0.0,0.0%,WR,2023
320,321,Jordan Whittington,0,0,0,0.0,0,0,0,0,0,0,0,0,0.0,0.0,0.1%,WR,2023
321,322,Ainias Smith,0,0,0,0.0,0,0,0,0,0,0,0,0,0.0,0.0,0.2%,WR,2023
322,323,Jalen McMillan,0,0,0,0.0,0,0,0,0,0,0,0,0,0.0,0.0,1.1%,WR,2023
323,324,Simi Fehoko,0,0,0,0.0,0,0,0,0,0,0,0,0,0.0,0.0,0.1%,WR,2023
324,325,Ramel Keyton,0,0,0,0.0,0,0,0,0,0,0,0,0,0.0,0.0,0.0%,WR,2023
325,326,Erik Ezukanma,0,0,0,0.0,0,0,0,0,0,0,0,0,0.0,0.0,0.1%,WR,2023
326,327,Jalen Tolbert,0,1,0,0.0,0,0,0,0,0,0,0,1,0.0,0.0,1.6%,WR,2023
327,328,Joseph Ngata,0,0,0,0.0,0,0,0,0,0,0,0,0,0.0,0.0,0.0%,WR,2023
328,329,Mike Strachan,0,0,0,0.0,0,0,0,0,0,0,0,1,0.0,0.0,0.0%,WR,2023
329,330,DJ Turner,0,0,0,0.0,0,0,0,0,0,0,0,1,0.0,0.0,0.1%,WR,2023
330,331,Tim Jones,0,0,0,0.0,0,0,0,0,0,0,0,1,0.0,0.0,0.0%,WR,2023
331,332,Michael Bandy,0,0,0,0.0,0,0,0,0,0,0,0,0,0.0,0.0,0.0%,WR,2023
332,333,Jermaine Burton,0,0,0,0.0,0,0,0,0,0,0,0,0,0.0,0.0,2.6%,WR,2023
333,334,Kearis Jackson,0,0,0,0.0,0,0,0,0,0,0,0,0,0.0,0.0,0.0%,WR,2023
334,335,Malik Cunningham,0,0,0,0.0,0,0,0,0,0,0,0,0,0.0,0.0,0.1%,WR,2023
335,336,Kayshon Boutte,0,0,0,0.0,0,0,0,0,0,0,0,0,0.0,0.0,0.1%,WR,2023
336,337,Jacob Copeland,0,0,0,0.0,0,0,0,0,0,0,0,0,0.0,0.0,0.0%,WR,2023
337,338,Rakim Jarrett,0,0,0,0.0,0,0,0,0,0,0,0,0,0.0,0.0,0.0%,WR,2023
338,339,Ben Skowronek,0,0,0,0.0,0,0,0,0,0,0,0,1,0.0,0.0,0.1%,WR,2023
339,340,Joshua Palmer,0,0,0,0.0,0,0,0,0,0,0,0,0,0.0,0.0,25.6%,WR,2023
340,341,Javon Baker,0,0,0,0.0,0,0,0,0,0,0,0,0,0.0,0.0,1.0%,WR,2023
341,342,Brian Thomas,0,0,0,0.0,0,0,0,0,0,0,0,0,0.0,0.0,71.2%,WR,2023
342,343,Marvin Harrison,0,0,0,0.0,0,0,0,0,0,0,0,0,0.0,0.0,96.9%,WR,2023
343,344,Troy Franklin,0,0,0,0.0,0,0,0,0,0,0,0,0,0.0,0.0,1.9%,WR,2023
344,345,Jahan Dotson,0,0,0,0.0,0,0,0,0,0,0,0,0,0.0,0.0,30.7%,WR,2023
345,346,Ronnie Bell,0,0,0,0.0,0,0,0,0,0,0,0,1,0.0,0.0,0.1%,WR,2023
346,347,Cornelius Johnson,0,0,0,0.0,0,0,0,0,0,0,0,0,0.0,0.0,0.1%,WR,2023
347,348,Xavier Worthy,0,0,0,0.0,0,0,0,0,0,0,0,0,0.0,0.0,80.8%,WR,2023
348,349,Chris Autman-Bell,0,0,0,0.0,0,0,0,0,0,0,0,0,0.0,0.0,0.0%,WR,2023
349,350,Rashid Shaheed,0,0,0,0.0,0,0,0,0,0,0,0,1,0.0,0.0,45.3%,WR,2023
350,351,Dareke Young,0,0,0,0.0,0,0,0,0,0,0,0,1,0.0,0.0,0.0%,WR,2023
351,352,Montrell Washington,0,0,0,0.0,0,0,0,0,0,0,0,0,0.0,0.0,0.0%,WR,2023
352,353,Irvin Charles,0,0,0,0.0,0,0,0,0,0,0,0,1,0.0,0.0,0.0%,WR,2023
353,354,Ethan Fernea,0,0,0,0.0,0,0,0,0,0,0,0,0,0.0,0.0,0.0%,WR,2023
354,355,Kaden Davis,0,0,0,0.0,0,0,0,0,0,0,0,0,0.0,0.0,0.0%,WR,2023
355,356,Raleigh Webb,0,0,0,0.0,0,0,0,0,0,0,0,0,0.0,0.0,0.0%,WR,2023
356,357,Lance McCutcheon,0,0,0,0.0,0,0,0,0,0,0,0,0,0.0,0.0,0.0%,WR,2023
357,358,Kwamie Lassiter,0,0,0,0.0,0,0,0,0,0,0,0,0,0.0,0.0,0.0%,WR,2023
358,359,Kendric Pryor,0,0,0,0.0,0,0,0,0,0,0,0,0,0.0,0.0,0.0%,WR,2023
359,360,Dennis Houston,0,0,0,0.0,0,0,0,0,0,0,0,0,0.0,0.0,0.0%,WR,2023
360,361,Deven Thompkins,0,0,0,0.0,0,0,0,0,0,0,0,1,0.0,0.0,0.1%,WR,2023
361,362,Danny Gray,0,0,0,0.0,0,0,0,0,0,0,0,0,0.0,0.0,0.1%,WR,2023
362,363,Jalen Virgil,0,0,0,0.0,0,0,0,0,0,0,0,0,0.0,0.0,0.0%,WR,2023
363,364,Christian Watson,0,0,0,0.0,0,0,0,0,0,0,0,0,0.0,0.0,74.9%,WR,2023
364,365,Michael Woods,0,0,0,0.0,0,0,0,0,0,0,0,0,0.0,0.0,0.0%,WR,2023
365,366,Kyle Philips,0,0,0,0.0,0,0,0,0,0,0,0,1,0.0,0.0,0.1%,WR,2023
366,367,Skyy Moore,0,1,0,0.0,0,0,0,0,0,0,0,1,0.0,0.0,6.4%,WR,2023
367,368,Xavier Weaver,0,0,0,0.0,0,0,0,0,0,0,0,0,0.0,0.0,0.0%,WR,2023
368,369,Tay Martin,0,0,0,0.0,0,0,0,0,0,0,0,0,0.0,0.0,0.0%,WR,2023
369,370,Bo Melton,0,0,0,0.0,0,0,0,0,0,0,0,0,0.0,0.0,0.3%,WR,2023
370,371,Justin Shorter,0,0,0,0.0,0,0,0,0,0,0,0,0,0.0,0.0,0.1%,WR,2023
371,372,Mitchell Tinsley,0,0,0,0.0,0,0,0,0,0,0,0,0,0.0,0.0,0.0%,WR,2023
372,373,Adonai Mitchell,0,0,0,0.0,0,0,0,0,0,0,0,0,0.0,0.0,15.5%,WR,2023
373,374,Braylon Sanders,0,0,0,0.0,0,0,0,0,0,0,0,0,0.0,0.0,0.0%,WR,2023
374,375,Johnny Johnson,0,0,0,0.0,0,0,0,0,0,0,0,0,0.0,0.0,0.0%,WR,2023
375,376,Brandon Johnson,0,0,0,0.0,0,0,0,0,0,0,0,1,0.0,0.0,2.0%,WR,2023
376,377,Britain Covey,0,0,0,0.0,0,0,0,0,0,0,0,1,0.0,0.0,0.1%,WR,2023
377,378,Marquise Goodwin,0,0,0,0.0,0,0,0,0,0,0,0,1,0.0,0.0,0.0%,WR,2023
378,379,Patrick Edwards,0,0,0,0.0,0,0,0,0,0,0,0,0,0.0,0.0,0.0%,WR,2023
379,380,Jordan Matthews,0,0,0,0.0,0,0,0,0,0,0,0,0,0.0,0.0,0.0%,WR,2023
380,381,Kenny McKinley,0,0,0,0.0,0,0,0,0,0,0,0,0,0.0,0.0,0.0%,WR,2023
381,382,Mike Furrey,0,0,0,0.0,0,0,0,0,0,0,0,0,0.0,0.0,0.0%,WR,2023
382,383,Nate Hughes,0,0,0,0.0,0,0,0,0,0,0,0,0,0.0,0.0,0.0%,WR,2023
383,384,Maurice Purify,0,0,0,0.0,0,0,0,0,0,0,0,0,0.0,0.0,0.0%,WR,2023
384,385,Matthew Slater,0,0,0,0.0,0,0,0,0,0,0,0,1,0.0,0.0,0.0%,WR,2023
385,386,Marko Mitchell,0,0,0,0.0,0,0,0,0,0,0,0,0,0.0,0.0,0.0%,WR,2023
386,387,Bobby Wade,0,0,0,0.0,0,0,0,0,0,0,0,0,0.0,0.0,0.0%,WR,2023
387,388,Chris Henry,0,0,0,0.0,0,0,0,0,0,0,0,0,0.0,0.0,0.0%,WR,2023
388,389,Julio Jones,0,0,0,0.0,0,0,0,0,0,0,0,1,0.0,0.0,0.6%,WR,2023
389,390,Demario Ballard,0,0,0,0.0,0,0,0,0,0,0,0,0,0.0,0.0,0.0%,WR,2023
390,391,Rod Harper,0,0,0,0.0,0,0,0,0,0,0,0,0,0.0,0.0,0.0%,WR,2023
391,392,Sam Giguere,0,0,0,0.0,0,0,0,0,0,0,0,0,0.0,0.0,0.0%,WR,2023
392,393,Hollywood Brown,0,0,0,0.0,0,0,0,0,0,0,0,0,0.0,0.0,79.1%,WR,2023
393,394,Justin Hardee,0,0,0,0.0,0,0,0,0,0,0,0,1,0.0,0.0,0.0%,WR,2023
394,395,Kendrick Bourne,0,0,0,0.0,0,0,0,0,0,0,0,0,0.0,0.0,4.5%,WR,2023
395,396,Zach Pascal,0,0,0,0.0,0,0,0,0,0,0,0,0,0.0,0.0,0.1%,WR,2023
396,397,Mike Williams,0,0,0,0.0,0,0,0,0,0,0,0,0,0.0,0.0,48.2%,WR,2023
397,398,John Ross,0,0,0,0.0,0,0,0,0,0,0,0,0,0.0,0.0,0.0%,WR,2023
398,399,Trent Taylor,0,0,0,0.0,0,0,0,0,0,0,0,1,0.0,0.0,0.0%,WR,2023
399,400,Tim Patrick,0,0,0,0.0,0,0,0,0,0,0,0,0,0.0,0.0,0.6%,WR,2023
400,401,Curtis Samuel,0,0,0,0.0,0,0,0,0,0,0,0,0,0.0,0.0,49.2%,WR,2023
401,402,Noah Brown,0,5,0,0.0,0,0,0,0,0,0,0,1,0.0,0.0,23.5%,WR,2023
402,403,Cam Sims,0,0,0,0.0,0,0,0,0,0,0,0,0,0.0,0.0,0.0%,WR,2023
403,404,Brandon Powell,0,1,0,0.0,0,0,0,0,0,0,0,1,0.0,0.0,0.7%,WR,2023
404,405,Keith Kirkwood,0,0,0,0.0,0,0,0,0,0,0,0,1,0.0,0.0,0.0%,WR,2023
405,406,N'Keal Harry,0,0,0,0.0,0,0,0,0,0,0,0,0,0.0,0.0,0.1%,WR,2023
406,407,Tre'Quan Smith,0,0,0,0.0,0,0,0,0,0,0,0,0,0.0,0.0,0.0%,WR,2023
407,408,Dante Pettis,0,0,0,0.0,0,0,0,0,0,0,0,0,0.0,0.0,0.1%,WR,2023
408,409,Christian Kirk,0,0,0,0.0,0,0,0,0,0,0,0,0,0.0,0.0,70.7%,WR,2023
409,410,River Cracraft,0,0,0,0.0,0,0,0,0,0,0,0,1,0.0,0.0,0.1%,WR,2023
410,411,Allen Lazard,0,0,0,0.0,0,0,0,0,0,0,0,1,0.0,0.0,4.8%,WR,2023
411,412,Alex McGough,0,0,0,0.0,0,0,0,0,0,0,0,0,0.0,0.0,0.0%,WR,2023
412,413,Equanimeous St.,0,0,0,0.0,0,0,0,0,0,0,0,0,0.0,0.0,0.1%,WR,2023
413,414,Daurice Fountain,0,0,0,0.0,0,0,0,0,0,0,0,0,0.0,0.0,0.0%,WR,2023
414,415,Ray-Ray McCloud,0,0,0,0.0,0,0,0,0,0,0,0,0,0.0,0.0,0.6%,WR,2023
415,416,DeAndre Carter,0,0,0,0.0,0,0,0,0,0,0,0,1,0.0,0.0,0.0%,WR,2023
416,417,Chris Conley,0,0,0,0.0,0,0,0,0,0,0,0,1,0.0,0.0,0.1%,WR,2023
417,418,Ty Montgomery,1,2,17,17.0,17,0,0,0,0,0,0,1,0.0,0.0,0.0%,WR,2023
418,419,Phillip Dorsett,0,0,0,0.0,0,0,0,0,0,0,0,0,0.0,0.0,0.0%,WR,2023
419,420,Damiere Byrd,0,0,0,0.0,0,0,0,0,0,0,0,0,0.0,0.0,0.0%,WR,2023
420,421,Jamison Crowder,0,0,0,0.0,0,0,0,0,0,0,0,0,0.0,0.0,0.3%,WR,2023
421,422,Sterling Shepard,0,0,0,0.0,0,0,0,0,0,0,0,0,0.0,0.0,0.1%,WR,2023
422,423,Derek Slywka,0,0,0,0.0,0,0,0,0,0,0,0,0,0.0,0.0,0.0%,WR,2023
423,424,Robert Woods,1,3,-2,-2.0,0,0,0,0,0,0,0,1,-0.2,-0.2,2.7%,WR,2023
424,425,Isaiah McKenzie,0,0,0,0.0,0,0,0,0,0,0,1,1,-2.0,-2.0,0.2%,WR,2023
