,Rank,Player,Receiving Receptions,Receiving Target,Receiving Yards,Yards/Reception,Longest Reception,Receiving 20+,Receiving Touchdowns,Rushing Attempts,Rushing Yards,Rushing Touchdown,Fumbles,Games Played,Fantasy Football Points,FTPS/Game,ROST,Position,Year
0,1,Calvin Ridley,7,9,103,14.7,34,3,2,1,18,0,0,1,24.1,24.1,95.2%,WR,2023
1,2,Brandon Aiyuk,5,6,156,31.2,76,2,1,0,0,0,0,1,21.6,21.6,98.3%,WR,2023
2,3,Tank Dell,8,10,149,18.6,40,3,1,0,0,0,0,1,20.9,20.9,60.2%,WR,2023
3,4,Tyreek Hill,10,11,146,14.6,38,4,1,0,0,0,0,1,20.6,20.6,100.0%,WR,2023
4,5,Keenan Allen,10,16,116,11.6,38,1,1,0,0,0,0,1,17.6,17.6,91.1%,WR,2023
5,6,Khalil Shakir,3,4,115,38.3,81,2,1,0,0,0,0,1,17.5,17.5,11.3%,WR,2023
6,7,DJ Moore,7,9,96,13.7,39,1,1,0,0,0,0,1,15.6,15.6,97.7%,WR,2023
7,8,DK Metcalf,5,9,94,18.8,53,2,1,0,0,0,0,1,15.4,15.4,98.5%,WR,2023
8,9,Jayden Reed,4,6,46,11.5,19,0,0,3,46,1,0,1,15.2,15.2,77.3%,WR,2023
9,10,Darius Slayton,4,5,82,20.5,40,2,1,0,0,0,0,1,14.2,14.2,2.7%,WR,2023
10,11,Davante Adams,7,13,82,11.7,46,2,1,0,0,0,0,1,14.2,14.2,99.9%,WR,2023
11,12,Puka Nacua,5,7,70,14.0,32,1,1,1,7,0,0,1,13.7,13.7,96.9%,WR,2023
12,13,Amon-Ra St.,8,11,77,9.6,16,0,1,0,0,0,0,1,13.7,13.7,100.0%,WR,2023
13,14,Courtland Sutton,4,5,66,16.5,33,1,1,0,0,0,0,1,12.6,12.6,83.4%,WR,2023
14,15,DeAndre Hopkins,4,5,59,14.8,43,1,1,0,0,0,0,1,11.9,11.9,92.5%,WR,2023
15,16,Odell Beckham,4,7,116,29.0,51,3,0,0,0,0,0,1,11.6,11.6,33.2%,WR,2023
16,17,Rondale Moore,1,1,48,48.0,48,1,1,2,6,0,0,1,11.4,11.4,5.3%,WR,2023
17,18,Justin Watson,5,11,53,10.6,17,0,1,0,0,0,0,1,11.3,11.3,1.8%,WR,2023
18,19,Romeo Doubs,5,6,53,10.6,24,1,1,0,0,0,0,1,11.3,11.3,43.4%,WR,2023
19,20,CeeDee Lamb,6,9,38,6.3,10,0,1,1,7,0,0,1,10.5,10.5,100.0%,WR,2023
20,21,Jameson Williams,2,3,44,22.0,32,1,1,0,0,0,0,1,10.4,10.4,42.1%,WR,2023
21,22,Mike Evans,5,12,43,8.6,13,0,1,0,0,0,0,1,10.3,10.3,98.1%,WR,2023
22,23,DeVonta Smith,6,8,99,16.5,41,2,0,0,0,0,0,1,9.9,9.9,98.1%,WR,2023
23,24,Nelson Agholor,1,1,37,37.0,37,1,1,0,0,0,0,1,9.7,9.7,0.9%,WR,2023
24,25,Dontayvion Wicks,3,5,91,30.3,35,3,0,0,0,0,0,1,9.1,9.1,6.5%,WR,2023
25,26,Chris Moore,1,1,49,49.0,49,1,0,1,38,0,0,1,8.7,8.7,0.1%,WR,2023
26,27,Jahan Dotson,3,4,23,7.7,12,0,1,0,0,0,0,1,8.3,8.3,30.7%,WR,2023
27,28,Christian Watson,2,4,21,10.5,11,0,1,1,1,0,0,1,8.2,8.2,74.9%,WR,2023
28,29,Greg Dortch,6,8,76,12.7,31,1,0,0,0,0,0,1,7.6,7.6,4.4%,WR,2023
29,30,Adam Thielen,8,11,74,9.3,16,0,0,0,0,0,0,1,7.4,7.4,74.6%,WR,2023
30,31,Ja'Marr Chase,2,7,12,6.0,10,0,1,0,0,0,0,1,7.2,7.2,99.4%,WR,2023
31,32,Rashod Bateman,1,2,10,10.0,10,0,1,0,0,0,0,1,7.0,7.0,9.5%,WR,2023
32,33,Nico Collins,7,11,65,9.3,23,1,0,0,0,0,0,1,6.5,6.5,95.7%,WR,2023
33,34,Deebo Samuel,3,4,63,21.0,40,1,0,1,-1,0,0,1,6.2,6.2,98.8%,WR,2023
34,35,Elijah Moore,6,7,60,10.0,15,0,0,0,0,0,0,1,6.0,6.0,23.3%,WR,2023
35,36,Jerry Jeudy,5,7,58,11.6,19,0,0,0,0,0,0,1,5.8,5.8,62.5%,WR,2023
36,37,Jaylen Waddle,4,8,55,13.8,19,0,0,0,0,0,0,1,5.5,5.5,96.3%,WR,2023
37,38,Tyler Lockett,5,7,51,10.2,13,0,0,0,0,0,0,1,5.1,5.1,88.8%,WR,2023
38,39,Zay Flowers,3,4,43,14.3,33,1,0,1,7,0,0,1,5.0,5.0,92.0%,WR,2023
39,40,Jakobi Meyers,4,5,49,12.3,24,1,0,0,0,0,0,1,4.9,4.9,75.0%,WR,2023
40,41,Christian Kirk,3,6,48,16.0,20,1,0,0,0,0,0,1,4.8,4.8,70.7%,WR,2023
41,42,Jordan Addison,3,6,44,14.7,18,0,0,0,0,0,0,1,4.4,4.4,88.6%,WR,2023
42,43,Robert Woods,5,8,44,8.8,17,0,0,0,0,0,0,1,4.4,4.4,2.7%,WR,2023
43,44,Terry McLaurin,5,7,43,8.6,11,0,0,0,0,0,0,1,4.3,4.3,90.3%,WR,2023
44,45,Brandin Cooks,3,4,42,14.0,22,1,0,0,0,0,0,1,4.2,4.2,43.5%,WR,2023
45,46,Rashee Rice,4,5,42,10.5,17,0,0,0,0,0,0,1,4.2,4.2,89.6%,WR,2023
46,47,Hunter Renfrow,5,5,42,8.4,31,1,0,0,0,0,0,1,4.2,4.2,0.7%,WR,2023
47,48,Rakim Jarrett,1,2,41,41.0,41,1,0,0,0,0,0,1,4.1,4.1,0.0%,WR,2023
48,49,Jaxon Smith-Njigba,3,6,40,13.3,32,1,0,0,0,0,0,1,4.0,4.0,76.1%,WR,2023
49,50,Chris Godwin,6,7,39,6.5,11,0,0,0,0,0,0,1,3.9,3.9,90.4%,WR,2023
50,51,Robbie Chosen,2,2,39,19.5,30,1,0,0,0,0,0,1,3.9,3.9,0.0%,WR,2023
51,52,Wan'Dale Robinson,3,4,35,11.7,21,1,0,1,2,0,0,1,3.7,3.7,9.6%,WR,2023
52,53,George Pickens,4,6,38,9.5,14,0,0,1,-1,0,0,1,3.7,3.7,87.0%,WR,2023
53,54,Trenton Irwin,3,5,36,12.0,14,0,0,0,0,0,0,1,3.6,3.6,0.6%,WR,2023
54,55,Amari Cooper,4,8,34,8.5,11,0,0,0,0,0,0,1,3.4,3.4,91.5%,WR,2023
55,56,Brandon Powell,3,4,32,10.7,22,1,0,0,0,0,0,1,3.2,3.2,0.7%,WR,2023
56,57,Michael Gallup,3,5,31,10.3,19,0,0,0,0,0,0,1,3.1,3.1,6.4%,WR,2023
57,58,Tre Tucker,2,7,36,18.0,19,0,0,1,-6,0,0,1,3.0,3.0,0.6%,WR,2023
58,59,Trey Palmer,4,6,22,5.5,17,0,0,1,6,0,0,1,2.8,2.8,1.5%,WR,2023
59,60,Stefon Diggs,4,8,27,6.8,11,0,0,0,0,0,0,1,2.7,2.7,99.7%,WR,2023
60,61,Kadarius Toney,2,2,12,6.0,7,0,0,2,14,0,0,1,2.6,2.6,5.9%,WR,2023
61,62,Steven Sims,2,2,25,12.5,23,1,0,0,0,0,0,1,2.5,2.5,0.0%,WR,2023
62,63,Darnell Mooney,1,1,24,24.0,24,1,0,0,0,0,0,1,2.4,2.4,39.1%,WR,2023
63,64,Demarcus Robinson,2,2,24,12.0,23,1,0,0,0,0,0,1,2.4,2.4,15.2%,WR,2023
64,65,KaVontae Turpin,2,3,10,5.0,10,0,0,1,13,0,0,1,2.3,2.3,0.7%,WR,2023
65,66,Cedrick Wilson,3,4,23,7.7,12,0,0,0,0,0,0,1,2.3,2.3,1.1%,WR,2023
66,67,Austin Trammell,3,6,23,7.7,14,0,0,0,0,0,0,1,2.3,2.3,0.0%,WR,2023
67,68,Isaiah Hodgins,2,3,22,11.0,16,0,0,0,0,0,0,1,2.2,2.2,0.6%,WR,2023
68,69,Tyler Boyd,3,6,22,7.3,13,0,0,0,0,0,0,1,2.2,2.2,28.0%,WR,2023
69,70,Quentin Johnston,2,6,21,10.5,17,0,0,0,0,0,0,1,2.1,2.1,19.4%,WR,2023
70,71,Zay Jones,4,4,20,5.0,8,0,0,0,0,0,0,1,2.0,2.0,16.7%,WR,2023
71,72,Allen Robinson,3,4,20,6.7,11,0,0,0,0,0,0,1,2.0,2.0,0.6%,WR,2023
72,73,Equanimeous St.,2,2,19,9.5,13,0,0,0,0,0,0,1,1.9,1.9,0.1%,WR,2023
73,74,Deven Thompkins,0,1,0,0.0,0,0,0,1,17,0,0,1,1.7,1.7,0.1%,WR,2023
74,75,Tutu Atwell,1,3,17,17.0,17,0,0,0,0,0,0,1,1.7,1.7,9.4%,WR,2023
75,76,Diontae Johnson,2,8,16,8.0,6,0,0,0,0,0,0,1,1.6,1.6,83.3%,WR,2023
76,77,Jalen Tolbert,2,5,12,6.0,7,0,0,0,0,0,0,1,1.2,1.2,1.6%,WR,2023
77,78,Alex Erickson,1,1,12,12.0,12,0,0,0,0,0,0,1,1.2,1.2,0.0%,WR,2023
78,79,Jamison Crowder,2,2,12,6.0,7,0,0,0,0,0,0,1,1.2,1.2,0.3%,WR,2023
79,80,Marvin Mims,2,3,12,6.0,8,0,0,0,0,0,0,1,1.2,1.2,6.8%,WR,2023
80,81,John Metchie,1,1,12,12.0,12,0,0,0,0,0,0,1,1.2,1.2,0.8%,WR,2023
81,82,Hollywood Brown,2,5,18,9.0,13,0,0,1,-6,0,0,1,1.2,1.2,79.1%,WR,2023
82,83,Mecole Hardman,2,2,12,6.0,7,0,0,0,0,0,0,1,1.2,1.2,1.2%,WR,2023
83,84,Josh Reynolds,1,2,11,11.0,11,0,0,0,0,0,0,1,1.1,1.1,7.4%,WR,2023
84,85,Cooper Kupp,1,1,11,11.0,11,0,0,0,0,0,0,1,1.1,1.1,97.9%,WR,2023
85,86,Kyle Philips,1,1,10,10.0,10,0,0,0,0,0,0,1,1.0,1.0,0.1%,WR,2023
86,87,Cedric Tillman,1,2,2,2.0,2,0,0,1,8,0,0,1,1.0,1.0,0.8%,WR,2023
87,88,Laviska Shenault,2,2,9,4.5,5,0,0,0,0,0,0,1,0.9,0.9,0.2%,WR,2023
88,89,Jake Bobo,1,2,8,8.0,8,0,0,0,0,0,0,1,0.8,0.8,0.3%,WR,2023
89,90,A.J. Brown,1,4,8,8.0,8,0,0,0,0,0,0,1,0.8,0.8,99.9%,WR,2023
90,91,K.J. Osborn,1,2,7,7.0,7,0,0,0,0,0,0,1,0.7,0.7,15.4%,WR,2023
91,92,Jalin Hyatt,1,2,7,7.0,7,0,0,0,0,0,0,1,0.7,0.7,3.5%,WR,2023
92,93,Nick Westbrook-Ikhine,1,1,7,7.0,7,0,0,0,0,0,0,1,0.7,0.7,0.2%,WR,2023
93,94,Dyami Brown,1,3,7,7.0,7,0,0,0,0,0,0,1,0.7,0.7,0.2%,WR,2023
94,95,Malik Heath,1,1,7,7.0,7,0,0,0,0,0,0,1,0.7,0.7,0.2%,WR,2023
95,96,Jonathan Mingo,1,6,6,6.0,6,0,0,0,0,0,0,1,0.6,0.6,7.1%,WR,2023
96,97,Julio Jones,2,2,5,2.5,5,0,0,0,0,0,0,1,0.5,0.5,0.6%,WR,2023
97,98,Sterling Shepard,1,3,5,5.0,5,0,0,0,0,0,0,1,0.5,0.5,0.1%,WR,2023
98,99,Curtis Samuel,1,2,5,5.0,5,0,0,0,0,0,0,1,0.5,0.5,49.2%,WR,2023
99,100,Kalif Raymond,1,2,5,5.0,5,0,0,0,0,0,0,1,0.5,0.5,1.3%,WR,2023
100,101,Skyy Moore,1,2,4,4.0,4,0,0,0,0,0,0,1,0.4,0.4,6.4%,WR,2023
101,102,Byron Pringle,3,3,22,7.3,14,0,0,0,0,0,1,1,0.2,0.2,0.0%,WR,2023
102,103,Chris Blair,0,0,0,0.0,0,0,0,0,0,0,0,0,0.0,0.0,0.0%,WR,2023
103,104,Dee Eskridge,0,1,0,0.0,0,0,0,0,0,0,0,1,0.0,0.0,0.1%,WR,2023
104,105,Jaelon Darden,0,0,0,0.0,0,0,0,0,0,0,0,0,0.0,0.0,0.0%,WR,2023
105,106,Austin Watkins,0,0,0,0.0,0,0,0,0,0,0,0,0,0.0,0.0,0.0%,WR,2023
106,107,Dax Milne,0,0,0,0.0,0,0,0,0,0,0,0,1,0.0,0.0,0.0%,WR,2023
107,108,Jalen Guyton,0,0,0,0.0,0,0,0,0,0,0,0,0,0.0,0.0,1.1%,WR,2023
108,109,Nsimba Webster,0,0,0,0.0,0,0,0,0,0,0,0,0,0.0,0.0,0.0%,WR,2023
109,110,D.J. Montgomery,0,0,0,0.0,0,0,0,0,0,0,0,0,0.0,0.0,0.0%,WR,2023
110,111,Alex Bachman,0,0,0,0.0,0,0,0,0,0,0,0,0,0.0,0.0,0.0%,WR,2023
111,112,Malik Taylor,0,0,0,0.0,0,0,0,0,0,0,0,0,0.0,0.0,0.0%,WR,2023
112,113,Olamide Zaccheaus,0,1,0,0.0,0,0,0,0,0,0,0,1,0.0,0.0,0.1%,WR,2023
113,114,Tyron Billy-Johnson,0,0,0,0.0,0,0,0,0,0,0,0,0,0.0,0.0,0.0%,WR,2023
114,115,Justin Jefferson,0,0,0,0.0,0,0,0,0,0,0,0,0,0.0,0.0,100.0%,WR,2023
115,116,KJ Hamler,0,0,0,0.0,0,0,0,0,0,0,0,0,0.0,0.0,0.1%,WR,2023
116,117,Devin Duvernay,0,0,0,0.0,0,0,0,0,0,0,0,1,0.0,0.0,0.2%,WR,2023
117,118,Michael Pittman,0,0,0,0.0,0,0,0,0,0,0,0,0,0.0,0.0,97.2%,WR,2023
118,119,Donovan Peoples-Jones,0,1,0,0.0,0,0,0,0,0,0,0,1,0.0,0.0,1.8%,WR,2023
119,120,Tee Higgins,0,0,0,0.0,0,0,0,0,0,0,0,0,0.0,0.0,94.5%,WR,2023
120,121,Denzel Mims,0,0,0,0.0,0,0,0,0,0,0,0,0,0.0,0.0,0.0%,WR,2023
121,122,James Proche,0,0,0,0.0,0,0,0,0,0,0,0,1,0.0,0.0,0.0%,WR,2023
122,123,Gabe Davis,0,0,0,0.0,0,0,0,0,0,0,0,1,0.0,0.0,54.0%,WR,2023
123,124,Jalen Reagor,0,0,0,0.0,0,0,0,0,0,0,0,0,0.0,0.0,0.1%,WR,2023
124,125,Tom Kennedy,0,0,0,0.0,0,0,0,0,0,0,0,0,0.0,0.0,0.0%,WR,2023
125,126,Gunner Olszewski,0,0,0,0.0,0,0,0,0,0,0,0,1,0.0,0.0,0.1%,WR,2023
126,127,Andy Isabella,0,0,0,0.0,0,0,0,0,0,0,0,0,0.0,0.0,0.0%,WR,2023
127,128,Parris Campbell,0,0,0,0.0,0,0,0,0,0,0,0,1,0.0,0.0,0.7%,WR,2023
128,129,Davion Davis,0,0,0,0.0,0,0,0,0,0,0,0,0,0.0,0.0,0.0%,WR,2023
129,130,Collin Johnson,0,0,0,0.0,0,0,0,0,0,0,0,0,0.0,0.0,0.0%,WR,2023
130,131,Jeff Smith,0,0,0,0.0,0,0,0,0,0,0,0,0,0.0,0.0,0.0%,WR,2023
131,132,Juwann Winfree,0,0,0,0.0,0,0,0,0,0,0,0,0,0.0,0.0,0.0%,WR,2023
132,133,Quinton Bell,0,0,0,0.0,0,0,0,0,0,0,0,0,0.0,0.0,0.0%,WR,2023
133,134,Scotty Miller,0,0,0,0.0,0,0,0,0,0,0,0,0,0.0,0.0,0.1%,WR,2023
134,135,Ashton Dulin,0,0,0,0.0,0,0,0,0,0,0,0,0,0.0,0.0,0.1%,WR,2023
135,136,Cody Thompson,0,0,0,0.0,0,0,0,0,0,0,0,0,0.0,0.0,0.0%,WR,2023
136,137,David Sills,0,0,0,0.0,0,0,0,0,0,0,0,1,0.0,0.0,0.0%,WR,2023
137,138,Lil'Jordan Humphrey,0,1,0,0.0,0,0,0,0,0,0,0,1,0.0,0.0,0.1%,WR,2023
138,139,Miles Boykin,0,0,0,0.0,0,0,0,0,0,0,0,1,0.0,0.0,0.0%,WR,2023
139,140,Stanley Morgan,0,0,0,0.0,0,0,0,0,0,0,0,0,0.0,0.0,0.0%,WR,2023
140,141,Chase Claypool,0,0,0,0.0,0,0,0,0,0,0,0,0,0.0,0.0,0.8%,WR,2023
141,142,Tyler Johnson,0,0,0,0.0,0,0,0,0,0,0,0,0,0.0,0.0,0.0%,WR,2023
142,143,Anthony Schwartz,0,0,0,0.0,0,0,0,0,0,0,0,0,0.0,0.0,0.0%,WR,2023
143,144,Andre Baccellia,0,0,0,0.0,0,0,0,0,0,0,0,1,0.0,0.0,0.0%,WR,2023
144,145,Dan Chisena,0,0,0,0.0,0,0,0,0,0,0,0,0,0.0,0.0,0.0%,WR,2023
145,146,Chris Olave,0,0,0,0.0,0,0,0,0,0,0,0,0,0.0,0.0,98.8%,WR,2023
146,147,Dez Fitzpatrick,0,0,0,0.0,0,0,0,0,0,0,0,0,0.0,0.0,0.0%,WR,2023
147,148,Ihmir Smith-Marsette,0,0,0,0.0,0,0,0,0,0,0,0,1,0.0,0.0,0.1%,WR,2023
148,149,Seth Williams,0,0,0,0.0,0,0,0,0,0,0,0,0,0.0,0.0,0.0%,WR,2023
149,150,Cornell Powell,0,0,0,0.0,0,0,0,0,0,0,0,0,0.0,0.0,0.0%,WR,2023
150,151,Freddie Swain,0,0,0,0.0,0,0,0,0,0,0,0,0,0.0,0.0,0.0%,WR,2023
151,152,Austin Mack,0,0,0,0.0,0,0,0,0,0,0,0,0,0.0,0.0,0.0%,WR,2023
152,153,Lawrence Cager,0,0,0,0.0,0,0,0,0,0,0,0,1,0.0,0.0,0.0%,WR,2023
153,154,Mason Kinsey,0,0,0,0.0,0,0,0,0,0,0,0,0,0.0,0.0,0.0%,WR,2023
154,155,Quez Watkins,0,0,0,0.0,0,0,0,0,0,0,0,0,0.0,0.0,0.2%,WR,2023
155,156,Tyrie Cleveland,0,0,0,0.0,0,0,0,0,0,0,0,0,0.0,0.0,0.0%,WR,2023
156,157,Cody White,0,0,0,0.0,0,0,0,0,0,0,0,0,0.0,0.0,0.0%,WR,2023
157,158,Trishton Jackson,0,0,0,0.0,0,0,0,0,0,0,0,0,0.0,0.0,0.0%,WR,2023
158,159,Justyn Ross,0,0,0,0.0,0,0,0,0,0,0,0,0,0.0,0.0,0.2%,WR,2023
159,160,Van Jefferson,0,0,0,0.0,0,0,0,0,0,0,0,0,0.0,0.0,1.4%,WR,2023
160,161,Easop Winston,0,0,0,0.0,0,0,0,0,0,0,0,0,0.0,0.0,0.0%,WR,2023
161,162,Marquez Callaway,0,0,0,0.0,0,0,0,0,0,0,0,0,0.0,0.0,0.1%,WR,2023
162,163,Jauan Jennings,0,1,0,0.0,0,0,0,0,0,0,0,1,0.0,0.0,0.8%,WR,2023
163,164,Tylan Wallace,0,0,0,0.0,0,0,0,0,0,0,0,1,0.0,0.0,0.1%,WR,2023
164,165,Scotty Washington,0,0,0,0.0,0,0,0,0,0,0,0,0,0.0,0.0,0.0%,WR,2023
165,166,Jaylon Moore,0,0,0,0.0,0,0,0,0,0,0,0,0,0.0,0.0,0.0%,WR,2023
166,167,Kristian Wilkerson,0,0,0,0.0,0,0,0,0,0,0,0,0,0.0,0.0,0.0%,WR,2023
167,168,Zavier Scott,0,0,0,0.0,0,0,0,0,0,0,0,0,0.0,0.0,0.0%,WR,2023
168,169,Jason Brownlee,0,0,0,0.0,0,0,0,0,0,0,0,1,0.0,0.0,0.1%,WR,2023
169,170,Nikko Remigio,0,0,0,0.0,0,0,0,0,0,0,0,0,0.0,0.0,0.0%,WR,2023
170,171,Shedrick Jackson,0,1,0,0.0,0,0,0,0,0,0,0,1,0.0,0.0,0.0%,WR,2023
171,172,Thyrick Pitts,0,0,0,0.0,0,0,0,0,0,0,0,0,0.0,0.0,0.0%,WR,2023
172,173,Tyrell Shavers,0,0,0,0.0,0,0,0,0,0,0,0,0,0.0,0.0,0.0%,WR,2023
173,174,Xavier Smith,0,0,0,0.0,0,0,0,0,0,0,0,0,0.0,0.0,0.0%,WR,2023
174,175,Brycen Tremayne,0,0,0,0.0,0,0,0,0,0,0,0,0,0.0,0.0,0.0%,WR,2023
175,176,Daniel Arias,0,0,0,0.0,0,0,0,0,0,0,0,0,0.0,0.0,0.0%,WR,2023
176,177,Duece Watts,0,0,0,0.0,0,0,0,0,0,0,0,0,0.0,0.0,0.0%,WR,2023
177,178,Daewood Davis,0,0,0,0.0,0,0,0,0,0,0,0,0,0.0,0.0,0.0%,WR,2023
178,179,Devontez Walker,0,0,0,0.0,0,0,0,0,0,0,0,0,0.0,0.0,0.9%,WR,2023
179,180,Keon Coleman,0,0,0,0.0,0,0,0,0,0,0,0,0,0.0,0.0,78.6%,WR,2023
180,181,Sean Ryan,0,0,0,0.0,0,0,0,0,0,0,0,0,0.0,0.0,0.0%,WR,2023
181,182,Dylan Drummond,0,0,0,0.0,0,0,0,0,0,0,0,0,0.0,0.0,0.0%,WR,2023
182,183,Ryan Miller,0,0,0,0.0,0,0,0,0,0,0,0,0,0.0,0.0,0.0%,WR,2023
183,184,Tre'Shaun Harrison,0,0,0,0.0,0,0,0,0,0,0,0,0,0.0,0.0,0.0%,WR,2023
184,185,Bryan Thompson,0,0,0,0.0,0,0,0,0,0,0,0,0,0.0,0.0,0.0%,WR,2023
185,186,David Durden,0,0,0,0.0,0,0,0,0,0,0,0,0,0.0,0.0,0.0%,WR,2023
186,187,John Stephens,0,0,0,0.0,0,0,0,0,0,0,0,0,0.0,0.0,0.0%,WR,2023
187,188,Lucky Jackson,0,0,0,0.0,0,0,0,0,0,0,0,0,0.0,0.0,0.0%,WR,2023
188,189,Malachi Corley,0,0,0,0.0,0,0,0,0,0,0,0,0,0.0,0.0,2.0%,WR,2023
189,190,DeMario Douglas,0,0,0,0.0,0,0,0,0,0,0,0,0,0.0,0.0,21.4%,WR,2023
190,191,Daylen Baldwin,0,0,0,0.0,0,0,0,0,0,0,0,0,0.0,0.0,0.0%,WR,2023
191,192,Josh Ali,0,0,0,0.0,0,0,0,0,0,0,0,0,0.0,0.0,0.0%,WR,2023
192,193,Jacob Cowing,0,0,0,0.0,0,0,0,0,0,0,0,0,0.0,0.0,0.3%,WR,2023
193,194,Johnny Wilson,0,0,0,0.0,0,0,0,0,0,0,0,0,0.0,0.0,0.3%,WR,2023
194,195,Xavier Hutchinson,0,0,0,0.0,0,0,0,0,0,0,0,1,0.0,0.0,0.1%,WR,2023
195,196,Michael Wilson,0,0,0,0.0,0,0,0,0,0,0,0,0,0.0,0.0,8.2%,WR,2023
196,197,Andrei Iosivas,0,0,0,0.0,0,0,0,0,0,0,0,0,0.0,0.0,0.5%,WR,2023
197,198,Charlie Jones,0,0,0,0.0,0,0,0,0,0,0,0,1,0.0,0.0,0.2%,WR,2023
198,199,Bryce Ford-Wheaton,0,0,0,0.0,0,0,0,0,0,0,0,0,0.0,0.0,0.0%,WR,2023
199,200,Jaray Jenkins,0,0,0,0.0,0,0,0,0,0,0,0,0,0.0,0.0,0.0%,WR,2023
200,201,Maurice Alexander,0,0,0,0.0,0,0,0,0,0,0,0,0,0.0,0.0,0.0%,WR,2023
201,202,Elijah Cooks,0,0,0,0.0,0,0,0,0,0,0,0,0,0.0,0.0,0.0%,WR,2023
202,203,Malik Knowles,0,0,0,0.0,0,0,0,0,0,0,0,0,0.0,0.0,0.0%,WR,2023
203,204,Antoine Green,0,0,0,0.0,0,0,0,0,0,0,0,0,0.0,0.0,0.1%,WR,2023
204,205,Colton Dowell,0,0,0,0.0,0,0,0,0,0,0,0,1,0.0,0.0,0.0%,WR,2023
205,206,Jalen Brooks,0,0,0,0.0,0,0,0,0,0,0,0,1,0.0,0.0,0.1%,WR,2023
206,207,Grant DuBose,0,0,0,0.0,0,0,0,0,0,0,0,0,0.0,0.0,0.0%,WR,2023
207,208,Jared Wayne,0,0,0,0.0,0,0,0,0,0,0,0,0,0.0,0.0,0.0%,WR,2023
208,209,Thayer Thomas,0,0,0,0.0,0,0,0,0,0,0,0,0,0.0,0.0,0.0%,WR,2023
209,210,Cephus Johnson,0,0,0,0.0,0,0,0,0,0,0,0,0,0.0,0.0,0.0%,WR,2023
210,211,Shaquan Davis,0,0,0,0.0,0,0,0,0,0,0,0,0,0.0,0.0,0.0%,WR,2023
211,212,Terrell Bynum,0,0,0,0.0,0,0,0,0,0,0,0,1,0.0,0.0,0.0%,WR,2023
212,213,Kazmeir Allen,0,0,0,0.0,0,0,0,0,0,0,0,0,0.0,0.0,0.0%,WR,2023
213,214,Matt Landers,0,0,0,0.0,0,0,0,0,0,0,0,0,0.0,0.0,0.0%,WR,2023
214,215,Jalen Cropper,0,0,0,0.0,0,0,0,0,0,0,0,0,0.0,0.0,0.0%,WR,2023
215,216,Malik Nabers,0,0,0,0.0,0,0,0,0,0,0,0,0,0.0,0.0,91.5%,WR,2023
216,217,Rome Odunze,0,0,0,0.0,0,0,0,0,0,0,0,0,0.0,0.0,76.6%,WR,2023
217,218,Sam Pinckney,0,0,0,0.0,0,0,0,0,0,0,0,0,0.0,0.0,0.0%,WR,2023
218,219,Isaiah Wooden,0,0,0,0.0,0,0,0,0,0,0,0,0,0.0,0.0,0.0%,WR,2023
219,220,JaQuae Jackson,0,0,0,0.0,0,0,0,0,0,0,0,0,0.0,0.0,0.0%,WR,2023
220,221,Sam Schnee,0,0,0,0.0,0,0,0,0,0,0,0,0,0.0,0.0,0.0%,WR,2023
221,222,Bryce Oliver,0,0,0,0.0,0,0,0,0,0,0,0,0,0.0,0.0,0.0%,WR,2023
222,223,Isaiah Washington,0,0,0,0.0,0,0,0,0,0,0,0,0,0.0,0.0,0.0%,WR,2023
223,224,Lawrence Keys,0,0,0,0.0,0,0,0,0,0,0,0,0,0.0,0.0,0.0%,WR,2023
224,225,Kameron Johnson,0,0,0,0.0,0,0,0,0,0,0,0,0,0.0,0.0,0.0%,WR,2023
225,226,Terique Owens,0,0,0,0.0,0,0,0,0,0,0,0,0,0.0,0.0,0.0%,WR,2023
226,227,OJ Hiliare,0,0,0,0.0,0,0,0,0,0,0,0,0,0.0,0.0,0.0%,WR,2023
227,228,Tyler Harrell,0,0,0,0.0,0,0,0,0,0,0,0,0,0.0,0.0,0.0%,WR,2023
228,229,Dee Williams,0,0,0,0.0,0,0,0,0,0,0,0,0,0.0,0.0,0.0%,WR,2023
229,230,Cam Johnson,0,0,0,0.0,0,0,0,0,0,0,0,0,0.0,0.0,0.0%,WR,2023
230,231,Geordon Porter,0,0,0,0.0,0,0,0,0,0,0,0,0,0.0,0.0,0.0%,WR,2023
231,232,Ayir Asante,0,0,0,0.0,0,0,0,0,0,0,0,0,0.0,0.0,0.0%,WR,2023
232,233,Mason Tipton,0,0,0,0.0,0,0,0,0,0,0,0,0,0.0,0.0,0.0%,WR,2023
233,234,Corey Crooms,0,0,0,0.0,0,0,0,0,0,0,0,0,0.0,0.0,0.0%,WR,2023
234,235,Tre Mosley,0,0,0,0.0,0,0,0,0,0,0,0,0,0.0,0.0,0.0%,WR,2023
235,236,Drake Stoops,0,0,0,0.0,0,0,0,0,0,0,0,0,0.0,0.0,0.0%,WR,2023
236,237,Jalon Calhoun,0,0,0,0.0,0,0,0,0,0,0,0,0,0.0,0.0,0.0%,WR,2023
237,238,Xavier Johnson,0,0,0,0.0,0,0,0,0,0,0,0,0,0.0,0.0,0.0%,WR,2023
238,239,Devin Carter,0,0,0,0.0,0,0,0,0,0,0,0,0,0.0,0.0,0.0%,WR,2023
239,240,Ahmarean Brown,0,0,0,0.0,0,0,0,0,0,0,0,0,0.0,0.0,0.0%,WR,2023
240,241,Xavier White,0,0,0,0.0,0,0,0,0,0,0,0,0,0.0,0.0,0.0%,WR,2023
241,242,Jeshaun Jones,0,0,0,0.0,0,0,0,0,0,0,0,0,0.0,0.0,0.0%,WR,2023
242,243,Leon Johnson,0,0,0,0.0,0,0,0,0,0,0,0,0,0.0,0.0,0.0%,WR,2023
243,244,Jeff Foreman,0,0,0,0.0,0,0,0,0,0,0,0,0,0.0,0.0,0.0%,WR,2023
244,245,Jaelen Gill,0,0,0,0.0,0,0,0,0,0,0,0,0,0.0,0.0,0.0%,WR,2023
245,246,Jaylen Johnson,0,0,0,0.0,0,0,0,0,0,0,0,0,0.0,0.0,0.0%,WR,2023
246,247,Jermaine Jackson,0,0,0,0.0,0,0,0,0,0,0,0,0,0.0,0.0,0.0%,WR,2023
247,248,Talik Keaton,0,0,0,0.0,0,0,0,0,0,0,0,0,0.0,0.0,0.0%,WR,2023
248,249,Julian Hicks,0,0,0,0.0,0,0,0,0,0,0,0,0,0.0,0.0,0.0%,WR,2023
249,250,Ty James,0,0,0,0.0,0,0,0,0,0,0,0,0,0.0,0.0,0.0%,WR,2023
250,251,Praise Olatoke,0,0,0,0.0,0,0,0,0,0,0,0,0,0.0,0.0,0.0%,WR,2023
251,252,Dakereon Joyner,0,0,0,0.0,0,0,0,0,0,0,0,0,0.0,0.0,0.0%,WR,2023
252,253,Latreal Jones,0,0,0,0.0,0,0,0,0,0,0,0,0,0.0,0.0,0.0%,WR,2023
253,254,Treveyon Pratt,0,0,0,0.0,0,0,0,0,0,0,0,0,0.0,0.0,0.0%,WR,2023
254,255,Xavier Wade,0,0,0,0.0,0,0,0,0,0,0,0,0,0.0,0.0,0.0%,WR,2023
255,256,Peter LeBlanc,0,0,0,0.0,0,0,0,0,0,0,0,0,0.0,0.0,0.0%,WR,2023
256,257,Dakota Caton,0,0,0,0.0,0,0,0,0,0,0,0,0,0.0,0.0,0.0%,WR,2023
257,258,John Jiles,0,0,0,0.0,0,0,0,0,0,0,0,0,0.0,0.0,0.0%,WR,2023
258,259,Tanner Knue,0,0,0,0.0,0,0,0,0,0,0,0,0,0.0,0.0,0.0%,WR,2023
259,260,Caleb Chapman,0,0,0,0.0,0,0,0,0,0,0,0,0,0.0,0.0,0.0%,WR,2023
260,261,John Jackson,0,0,0,0.0,0,0,0,0,0,0,0,0,0.0,0.0,0.0%,WR,2023
261,262,Hamze El-Zayat,0,0,0,0.0,0,0,0,0,0,0,0,0,0.0,0.0,0.0%,WR,2023
262,263,David Wallis,0,0,0,0.0,0,0,0,0,0,0,0,0,0.0,0.0,0.0%,WR,2023
263,264,Kaylon Horton,0,0,0,0.0,0,0,0,0,0,0,0,0,0.0,0.0,0.0%,WR,2023
264,265,Dimitri Stanley,0,0,0,0.0,0,0,0,0,0,0,0,0,0.0,0.0,0.0%,WR,2023
265,266,Sam Wiglusz,0,0,0,0.0,0,0,0,0,0,0,0,0,0.0,0.0,0.0%,WR,2023
266,267,Joseph Scates,0,0,0,0.0,0,0,0,0,0,0,0,0,0.0,0.0,0.0%,WR,2023
267,268,Zach Mathis,0,0,0,0.0,0,0,0,0,0,0,0,0,0.0,0.0,0.0%,WR,2023
268,269,Jaaron Hayek,0,0,0,0.0,0,0,0,0,0,0,0,0,0.0,0.0,0.0%,WR,2023
269,270,Brevin Easton,0,0,0,0.0,0,0,0,0,0,0,0,0,0.0,0.0,0.0%,WR,2023
270,271,Cole Burgess,0,0,0,0.0,0,0,0,0,0,0,0,0,0.0,0.0,0.0%,WR,2023
271,272,David White,0,0,0,0.0,0,0,0,0,0,0,0,0,0.0,0.0,0.0%,WR,2023
272,273,RJ Mobley,0,0,0,0.0,0,0,0,0,0,0,0,0,0.0,0.0,0.0%,WR,2023
273,274,JJ Laap,0,0,0,0.0,0,0,0,0,0,0,0,0,0.0,0.0,0.0%,WR,2023
274,275,Marcus Riley,0,0,0,0.0,0,0,0,0,0,0,0,0,0.0,0.0,0.0%,WR,2023
275,276,Phillip Brooks,0,0,0,0.0,0,0,0,0,0,0,0,0,0.0,0.0,0.0%,WR,2023
276,277,Cole Beck,0,0,0,0.0,0,0,0,0,0,0,0,0,0.0,0.0,0.0%,WR,2023
277,278,Qadir Ismail,0,0,0,0.0,0,0,0,0,0,0,0,0,0.0,0.0,0.0%,WR,2023
278,279,Hayden Hatten,0,0,0,0.0,0,0,0,0,0,0,0,0,0.0,0.0,0.0%,WR,2023
279,280,Casey Washington,0,0,0,0.0,0,0,0,0,0,0,0,0,0.0,0.0,0.1%,WR,2023
280,281,Chase Cota,0,0,0,0.0,0,0,0,0,0,0,0,0,0.0,0.0,0.0%,WR,2023
281,282,Ladd McConkey,0,0,0,0.0,0,0,0,0,0,0,0,0,0.0,0.0,76.1%,WR,2023
282,283,Xavier Legette,0,0,0,0.0,0,0,0,0,0,0,0,0,0.0,0.0,32.9%,WR,2023
283,284,Jamari Thrash,0,0,0,0.0,0,0,0,0,0,0,0,0,0.0,0.0,0.1%,WR,2023
284,285,Roman Wilson,0,0,0,0.0,0,0,0,0,0,0,0,0,0.0,0.0,2.4%,WR,2023
285,286,Jaxon Janke,0,0,0,0.0,0,0,0,0,0,0,0,0,0.0,0.0,0.0%,WR,2023
286,287,Anthony Gould,0,0,0,0.0,0,0,0,0,0,0,0,0,0.0,0.0,0.1%,WR,2023
287,288,Ryan Flournoy,0,0,0,0.0,0,0,0,0,0,0,0,0,0.0,0.0,0.2%,WR,2023
288,289,Jalen Coker,0,0,0,0.0,0,0,0,0,0,0,0,0,0.0,0.0,0.0%,WR,2023
289,290,Lideatrick Griffin,0,0,0,0.0,0,0,0,0,0,0,0,0,0.0,0.0,0.0%,WR,2023
290,291,Dayton Wade,0,0,0,0.0,0,0,0,0,0,0,0,0,0.0,0.0,0.0%,WR,2023
291,292,Jadon Janke,0,0,0,0.0,0,0,0,0,0,0,0,0,0.0,0.0,0.0%,WR,2023
292,293,Devaughn Vele,0,0,0,0.0,0,0,0,0,0,0,0,0,0.0,0.0,0.0%,WR,2023
293,294,Tejhaun Palmer,0,0,0,0.0,0,0,0,0,0,0,0,0,0.0,0.0,0.0%,WR,2023
294,295,Tahj Washington,0,0,0,0.0,0,0,0,0,0,0,0,0,0.0,0.0,0.0%,WR,2023
295,296,Isaiah Williams,0,0,0,0.0,0,0,0,0,0,0,0,0,0.0,0.0,0.0%,WR,2023
296,297,Ja'Lynn Polk,0,0,0,0.0,0,0,0,0,0,0,0,0,0.0,0.0,3.6%,WR,2023
297,298,Je'Quan Burton,0,0,0,0.0,0,0,0,0,0,0,0,0,0.0,0.0,0.0%,WR,2023
298,299,Brenden Rice,0,0,0,0.0,0,0,0,0,0,0,0,0,0.0,0.0,1.2%,WR,2023
299,300,Ricky Pearsall,0,0,0,0.0,0,0,0,0,0,0,0,0,0.0,0.0,7.0%,WR,2023
300,301,Jha'Quan Jackson,0,0,0,0.0,0,0,0,0,0,0,0,0,0.0,0.0,0.0%,WR,2023
301,302,Malik Washington,0,0,0,0.0,0,0,0,0,0,0,0,0,0.0,0.0,0.5%,WR,2023
302,303,Luke McCaffrey,0,0,0,0.0,0,0,0,0,0,0,0,0,0.0,0.0,3.4%,WR,2023
303,304,Marcus Rosemy-Jacksaint,0,0,0,0.0,0,0,0,0,0,0,0,0,0.0,0.0,0.0%,WR,2023
304,305,Bub Means,0,0,0,0.0,0,0,0,0,0,0,0,0,0.0,0.0,0.3%,WR,2023
305,306,Joshua Cephus,0,0,0,0.0,0,0,0,0,0,0,0,0,0.0,0.0,0.0%,WR,2023
306,307,Jalen Camp,0,0,0,0.0,0,0,0,0,0,0,0,0,0.0,0.0,0.0%,WR,2023
307,308,Terrace Marshall,0,0,0,0.0,0,0,0,0,0,0,0,0,0.0,0.0,0.2%,WR,2023
308,309,Jacob Harris,0,0,0,0.0,0,0,0,0,0,0,0,0,0.0,0.0,0.0%,WR,2023
309,310,Racey McMath,0,0,0,0.0,0,0,0,0,0,0,0,0,0.0,0.0,0.0%,WR,2023
310,311,Kawaan Baker,0,0,0,0.0,0,0,0,0,0,0,0,0,0.0,0.0,0.0%,WR,2023
311,312,Jordan Whittington,0,0,0,0.0,0,0,0,0,0,0,0,0,0.0,0.0,0.1%,WR,2023
312,313,Ainias Smith,0,0,0,0.0,0,0,0,0,0,0,0,0,0.0,0.0,0.2%,WR,2023
313,314,Simi Fehoko,0,0,0,0.0,0,0,0,0,0,0,0,1,0.0,0.0,0.1%,WR,2023
314,315,Drake London,0,0,0,0.0,0,0,0,0,0,0,0,0,0.0,0.0,93.0%,WR,2023
315,316,Jalen McMillan,0,0,0,0.0,0,0,0,0,0,0,0,0,0.0,0.0,1.1%,WR,2023
316,317,Calvin Austin,0,0,0,0.0,0,0,0,0,0,0,0,1,0.0,0.0,0.8%,WR,2023
317,318,Erik Ezukanma,0,0,0,0.0,0,0,0,0,0,0,0,0,0.0,0.0,0.1%,WR,2023
318,319,Joseph Ngata,0,0,0,0.0,0,0,0,0,0,0,0,0,0.0,0.0,0.0%,WR,2023
319,320,Alec Pierce,0,0,0,0.0,0,0,0,0,0,0,0,0,0.0,0.0,2.3%,WR,2023
320,321,Michael Bandy,0,0,0,0.0,0,0,0,0,0,0,0,0,0.0,0.0,0.0%,WR,2023
321,322,DJ Turner,0,0,0,0.0,0,0,0,0,0,0,0,1,0.0,0.0,0.1%,WR,2023
322,323,Mike Strachan,0,0,0,0.0,0,0,0,0,0,0,0,1,0.0,0.0,0.0%,WR,2023
323,324,Tim Jones,0,0,0,0.0,0,0,0,0,0,0,0,1,0.0,0.0,0.0%,WR,2023
324,325,Ramel Keyton,0,0,0,0.0,0,0,0,0,0,0,0,0,0.0,0.0,0.0%,WR,2023
325,326,Kearis Jackson,0,0,0,0.0,0,0,0,0,0,0,0,0,0.0,0.0,0.0%,WR,2023
326,327,Jacob Copeland,0,0,0,0.0,0,0,0,0,0,0,0,0,0.0,0.0,0.0%,WR,2023
327,328,Jermaine Burton,0,0,0,0.0,0,0,0,0,0,0,0,0,0.0,0.0,2.6%,WR,2023
328,329,Malik Cunningham,0,0,0,0.0,0,0,0,0,0,0,0,0,0.0,0.0,0.1%,WR,2023
329,330,Kayshon Boutte,0,0,0,0.0,0,0,0,0,0,0,0,0,0.0,0.0,0.1%,WR,2023
330,331,Brian Thomas,0,0,0,0.0,0,0,0,0,0,0,0,0,0.0,0.0,71.2%,WR,2023
331,332,Ben Skowronek,0,0,0,0.0,0,0,0,0,0,0,0,1,0.0,0.0,0.1%,WR,2023
332,333,Joshua Palmer,0,0,0,0.0,0,0,0,0,0,0,0,1,0.0,0.0,25.6%,WR,2023
333,334,Javon Baker,0,0,0,0.0,0,0,0,0,0,0,0,0,0.0,0.0,1.0%,WR,2023
334,335,Treylon Burks,0,0,0,0.0,0,0,0,0,0,0,0,0,0.0,0.0,6.1%,WR,2023
335,336,Tyquan Thornton,0,0,0,0.0,0,0,0,0,0,0,0,0,0.0,0.0,0.2%,WR,2023
336,337,David Bell,0,0,0,0.0,0,0,0,0,0,0,0,1,0.0,0.0,0.2%,WR,2023
337,338,Marvin Harrison,0,0,0,0.0,0,0,0,0,0,0,0,0,0.0,0.0,96.9%,WR,2023
338,339,Troy Franklin,0,0,0,0.0,0,0,0,0,0,0,0,0,0.0,0.0,1.9%,WR,2023
339,340,Parker Washington,0,0,0,0.0,0,0,0,0,0,0,0,1,0.0,0.0,2.6%,WR,2023
340,341,Ronnie Bell,0,0,0,0.0,0,0,0,0,0,0,0,1,0.0,0.0,0.1%,WR,2023
341,342,Cornelius Johnson,0,0,0,0.0,0,0,0,0,0,0,0,0,0.0,0.0,0.1%,WR,2023
342,343,Xavier Worthy,0,0,0,0.0,0,0,0,0,0,0,0,0,0.0,0.0,80.8%,WR,2023
343,344,Chris Autman-Bell,0,0,0,0.0,0,0,0,0,0,0,0,0,0.0,0.0,0.0%,WR,2023
344,345,Dareke Young,0,0,0,0.0,0,0,0,0,0,0,0,0,0.0,0.0,0.0%,WR,2023
345,346,Montrell Washington,0,0,0,0.0,0,0,0,0,0,0,0,0,0.0,0.0,0.0%,WR,2023
346,347,Josh Downs,0,0,0,0.0,0,0,0,0,0,0,0,0,0.0,0.0,26.9%,WR,2023
347,348,Rashid Shaheed,0,0,0,0.0,0,0,0,0,0,0,0,0,0.0,0.0,45.3%,WR,2023
348,349,Ethan Fernea,0,0,0,0.0,0,0,0,0,0,0,0,0,0.0,0.0,0.0%,WR,2023
349,350,Irvin Charles,0,0,0,0.0,0,0,0,0,0,0,0,1,0.0,0.0,0.0%,WR,2023
350,351,Dennis Houston,0,0,0,0.0,0,0,0,0,0,0,0,0,0.0,0.0,0.0%,WR,2023
351,352,Raleigh Webb,0,0,0,0.0,0,0,0,0,0,0,0,0,0.0,0.0,0.0%,WR,2023
352,353,Lance McCutcheon,0,0,0,0.0,0,0,0,0,0,0,0,0,0.0,0.0,0.0%,WR,2023
353,354,Kaden Davis,0,0,0,0.0,0,0,0,0,0,0,0,0,0.0,0.0,0.0%,WR,2023
354,355,Kwamie Lassiter,0,0,0,0.0,0,0,0,0,0,0,0,0,0.0,0.0,0.0%,WR,2023
355,356,Kendric Pryor,0,0,0,0.0,0,0,0,0,0,0,0,0,0.0,0.0,0.0%,WR,2023
356,357,Jalen Nailor,0,0,0,0.0,0,0,0,0,0,0,0,1,0.0,0.0,0.1%,WR,2023
357,358,Danny Gray,0,0,0,0.0,0,0,0,0,0,0,0,0,0.0,0.0,0.1%,WR,2023
358,359,Velus Jones,0,0,0,0.0,0,0,0,0,0,0,0,0,0.0,0.0,0.2%,WR,2023
359,360,Samori Toure,0,0,0,0.0,0,0,0,0,0,0,0,0,0.0,0.0,0.0%,WR,2023
360,361,Michael Woods,0,0,0,0.0,0,0,0,0,0,0,0,0,0.0,0.0,0.0%,WR,2023
361,362,Xavier Weaver,0,0,0,0.0,0,0,0,0,0,0,0,0,0.0,0.0,0.0%,WR,2023
362,363,Tay Martin,0,0,0,0.0,0,0,0,0,0,0,0,0,0.0,0.0,0.0%,WR,2023
363,364,Bo Melton,0,0,0,0.0,0,0,0,0,0,0,0,0,0.0,0.0,0.3%,WR,2023
364,365,Justin Shorter,0,0,0,0.0,0,0,0,0,0,0,0,0,0.0,0.0,0.1%,WR,2023
365,366,Jalen Virgil,0,0,0,0.0,0,0,0,0,0,0,0,0,0.0,0.0,0.0%,WR,2023
366,367,Adonai Mitchell,0,0,0,0.0,0,0,0,0,0,0,0,0,0.0,0.0,15.5%,WR,2023
367,368,Mitchell Tinsley,0,0,0,0.0,0,0,0,0,0,0,0,0,0.0,0.0,0.0%,WR,2023
368,369,A.T. Perry,0,0,0,0.0,0,0,0,0,0,0,0,0,0.0,0.0,0.8%,WR,2023
369,370,Johnny Johnson,0,0,0,0.0,0,0,0,0,0,0,0,0,0.0,0.0,0.0%,WR,2023
370,371,Braylon Sanders,0,0,0,0.0,0,0,0,0,0,0,0,0,0.0,0.0,0.0%,WR,2023
371,372,Brandon Johnson,0,0,0,0.0,0,0,0,0,0,0,0,0,0.0,0.0,2.0%,WR,2023
372,373,Britain Covey,0,0,0,0.0,0,0,0,0,0,0,0,1,0.0,0.0,0.1%,WR,2023
373,374,N'Keal Harry,0,0,0,0.0,0,0,0,0,0,0,0,1,0.0,0.0,0.1%,WR,2023
374,375,Patrick Edwards,0,0,0,0.0,0,0,0,0,0,0,0,0,0.0,0.0,0.0%,WR,2023
375,376,Jordan Matthews,0,0,0,0.0,0,0,0,0,0,0,0,0,0.0,0.0,0.0%,WR,2023
376,377,Kenny McKinley,0,0,0,0.0,0,0,0,0,0,0,0,0,0.0,0.0,0.0%,WR,2023
377,378,Mike Furrey,0,0,0,0.0,0,0,0,0,0,0,0,0,0.0,0.0,0.0%,WR,2023
378,379,Nate Hughes,0,0,0,0.0,0,0,0,0,0,0,0,0,0.0,0.0,0.0%,WR,2023
379,380,Maurice Purify,0,0,0,0.0,0,0,0,0,0,0,0,0,0.0,0.0,0.0%,WR,2023
380,381,Marko Mitchell,0,0,0,0.0,0,0,0,0,0,0,0,0,0.0,0.0,0.0%,WR,2023
381,382,Bobby Wade,0,0,0,0.0,0,0,0,0,0,0,0,0,0.0,0.0,0.0%,WR,2023
382,383,Chris Henry,0,0,0,0.0,0,0,0,0,0,0,0,0,0.0,0.0,0.0%,WR,2023
383,384,Demario Ballard,0,0,0,0.0,0,0,0,0,0,0,0,0,0.0,0.0,0.0%,WR,2023
384,385,Rod Harper,0,0,0,0.0,0,0,0,0,0,0,0,0,0.0,0.0,0.0%,WR,2023
385,386,Sam Giguere,0,0,0,0.0,0,0,0,0,0,0,0,0,0.0,0.0,0.0%,WR,2023
386,387,Justin Hardee,0,0,0,0.0,0,0,0,0,0,0,0,0,0.0,0.0,0.0%,WR,2023
387,388,David Moore,0,0,0,0.0,0,0,0,0,0,0,0,0,0.0,0.0,0.1%,WR,2023
388,389,Kendrick Bourne,0,0,0,0.0,0,0,0,0,0,0,0,0,0.0,0.0,4.5%,WR,2023
389,390,Zach Pascal,0,0,0,0.0,0,0,0,0,0,0,0,0,0.0,0.0,0.1%,WR,2023
390,391,Mike Williams,0,0,0,0.0,0,0,0,0,0,0,0,0,0.0,0.0,48.2%,WR,2023
391,392,John Ross,0,0,0,0.0,0,0,0,0,0,0,0,0,0.0,0.0,0.0%,WR,2023
392,393,JuJu Smith-Schuster,0,0,0,0.0,0,0,0,0,0,0,0,0,0.0,0.0,7.0%,WR,2023
393,394,Tim Patrick,0,0,0,0.0,0,0,0,0,0,0,0,0,0.0,0.0,0.6%,WR,2023
394,395,Trent Taylor,0,0,0,0.0,0,0,0,0,0,0,0,1,0.0,0.0,0.0%,WR,2023
395,396,Isaiah McKenzie,0,0,0,0.0,0,0,0,0,0,0,0,0,0.0,0.0,0.2%,WR,2023
396,397,Noah Brown,0,0,0,0.0,0,0,0,0,0,0,0,0,0.0,0.0,23.5%,WR,2023
397,398,Mack Hollins,0,0,0,0.0,0,0,0,0,0,0,0,0,0.0,0.0,0.3%,WR,2023
398,399,Trent Sherfield,0,0,0,0.0,0,0,0,0,0,0,0,1,0.0,0.0,0.1%,WR,2023
399,400,Keith Kirkwood,0,0,0,0.0,0,0,0,0,0,0,0,0,0.0,0.0,0.0%,WR,2023
400,401,Cam Sims,0,0,0,0.0,0,0,0,0,0,0,0,0,0.0,0.0,0.0%,WR,2023
401,402,KhaDarel Hodge,0,0,0,0.0,0,0,0,0,0,0,0,0,0.0,0.0,0.1%,WR,2023
402,403,Tre'Quan Smith,0,0,0,0.0,0,0,0,0,0,0,0,0,0.0,0.0,0.0%,WR,2023
403,404,Dante Pettis,0,0,0,0.0,0,0,0,0,0,0,0,0,0.0,0.0,0.1%,WR,2023
404,405,Braxton Berrios,0,0,0,0.0,0,0,0,0,0,0,0,0,0.0,0.0,1.2%,WR,2023
405,406,River Cracraft,0,0,0,0.0,0,0,0,0,0,0,0,1,0.0,0.0,0.1%,WR,2023
406,407,DJ Chark,0,0,0,0.0,0,0,0,0,0,0,0,1,0.0,0.0,4.6%,WR,2023
407,408,Alex McGough,0,0,0,0.0,0,0,0,0,0,0,0,0,0.0,0.0,0.0%,WR,2023
408,409,Allen Lazard,0,1,0,0.0,0,0,0,0,0,0,0,1,0.0,0.0,4.8%,WR,2023
409,410,Daurice Fountain,0,0,0,0.0,0,0,0,0,0,0,0,0,0.0,0.0,0.0%,WR,2023
410,411,Marquez Valdes-Scantling,0,3,0,0.0,0,0,0,0,0,0,0,1,0.0,0.0,1.3%,WR,2023
411,412,Ray-Ray McCloud,0,0,0,0.0,0,0,0,0,0,0,0,1,0.0,0.0,0.6%,WR,2023
412,413,DeAndre Carter,0,0,0,0.0,0,0,0,0,0,0,0,1,0.0,0.0,0.0%,WR,2023
413,414,Chris Conley,0,0,0,0.0,0,0,0,0,0,0,0,0,0.0,0.0,0.1%,WR,2023
414,415,Phillip Dorsett,0,0,0,0.0,0,0,0,0,0,0,0,0,0.0,0.0,0.0%,WR,2023
415,416,Damiere Byrd,0,0,0,0.0,0,0,0,0,0,0,0,0,0.0,0.0,0.0%,WR,2023
416,417,Derek Slywka,0,0,0,0.0,0,0,0,0,0,0,0,0,0.0,0.0,0.0%,WR,2023
417,418,Deonte Harty,0,1,0,0.0,0,0,0,1,-2,0,0,1,-0.2,-0.2,0.1%,WR,2023
418,419,Derius Davis,1,1,-3,-3.0,0,0,0,0,0,0,0,1,-0.3,-0.3,0.3%,WR,2023
419,420,Garrett Wilson,2,8,9,4.5,5,0,0,0,0,0,1,1,-1.1,-1.1,97.7%,WR,2023
420,421,Xavier Gipson,1,2,7,7.0,7,0,0,0,0,0,1,1,-1.3,-1.3,0.7%,WR,2023
421,422,Tyler Scott,1,2,4,4.0,4,0,0,0,0,0,1,1,-1.6,-1.6,0.3%,WR,2023
