,Rank,Player,Receiving Receptions,Receiving Target,Receiving Yards,Yards/Reception,Longest Reception,Receiving 20+,Receiving Touchdowns,Rushing Attempts,Rushing Yards,Rushing Touchdown,Fumbles,Games Played,Fantasy Football Points,FTPS/Game,ROST,Position,Year
0,1,Stefon Diggs,6,7,120,20.0,55,1,3,0,0,0,0,1,30.0,30.0,99.7%,WR,2023
1,2,A.J. Brown,9,13,175,19.4,59,3,2,0,0,0,0,1,29.5,29.5,99.9%,WR,2023
2,3,Nico Collins,7,9,168,24.0,52,3,2,0,0,0,0,1,28.8,28.8,95.7%,WR,2023
3,4,Puka Nacua,9,10,163,18.1,32,5,1,0,0,0,0,1,22.3,22.3,96.9%,WR,2023
4,5,Justin Jefferson,6,9,85,14.2,30,2,2,0,0,0,0,1,20.5,20.5,100.0%,WR,2023
5,6,Michael Wilson,7,7,76,10.9,33,1,2,0,0,0,0,1,19.6,19.6,8.2%,WR,2023
6,7,DJ Moore,8,9,131,16.4,29,3,1,0,0,0,0,1,19.1,19.1,97.7%,WR,2023
7,8,Brandon Aiyuk,6,6,148,24.7,42,4,0,0,0,0,0,1,14.8,14.8,98.3%,WR,2023
8,9,Gabe Davis,3,3,61,20.3,34,1,1,0,0,0,0,1,12.1,12.1,54.0%,WR,2023
9,10,Allen Lazard,3,3,61,20.3,39,1,1,0,0,0,0,1,12.1,12.1,4.8%,WR,2023
10,11,Amon-Ra St.,5,7,56,11.2,24,1,1,0,0,0,0,1,11.6,11.6,100.0%,WR,2023
11,12,Deven Thompkins,4,4,45,11.3,26,1,1,1,11,0,0,1,11.6,11.6,0.1%,WR,2023
12,13,Chris Godwin,8,11,114,14.3,42,2,0,0,0,0,0,1,11.4,11.4,90.4%,WR,2023
13,14,Braxton Berrios,6,6,43,7.2,15,0,1,1,11,0,0,1,11.4,11.4,1.2%,WR,2023
14,15,Curtis Samuel,7,8,51,7.3,15,0,0,1,1,1,0,1,11.2,11.2,49.2%,WR,2023
15,16,Nick Westbrook-Ikhine,5,6,51,10.2,22,1,1,0,0,0,0,1,11.1,11.1,0.2%,WR,2023
16,17,CeeDee Lamb,4,6,36,9.0,20,1,1,1,12,0,0,1,10.8,10.8,100.0%,WR,2023
17,18,Calvin Ridley,2,2,38,19.0,30,1,1,0,0,0,0,1,9.8,9.8,95.2%,WR,2023
18,19,Hollywood Brown,7,10,96,13.7,41,1,0,0,0,0,0,1,9.6,9.6,79.1%,WR,2023
19,20,Romeo Doubs,9,13,95,10.6,16,0,0,0,0,0,0,1,9.5,9.5,43.4%,WR,2023
20,21,DK Metcalf,3,4,34,11.3,16,0,1,0,0,0,0,1,9.4,9.4,98.5%,WR,2023
21,22,Keenan Allen,3,5,32,10.7,22,1,1,0,0,0,0,1,9.2,9.2,91.1%,WR,2023
22,23,Drake London,3,7,28,9.3,15,0,1,0,0,0,0,1,8.8,8.8,93.0%,WR,2023
23,24,Jahan Dotson,4,9,27,6.8,10,0,1,0,0,0,0,1,8.7,8.7,30.7%,WR,2023
24,25,Courtland Sutton,3,5,27,9.0,13,0,1,0,0,0,0,1,8.7,8.7,83.4%,WR,2023
25,26,Terry McLaurin,8,10,86,10.8,24,1,0,0,0,0,0,1,8.6,8.6,90.3%,WR,2023
26,27,Christian Watson,2,4,25,12.5,24,1,1,0,0,0,0,1,8.5,8.5,74.9%,WR,2023
27,28,Christian Kirk,8,12,84,10.5,30,1,0,0,0,0,0,1,8.4,8.4,70.7%,WR,2023
28,29,Adam Thielen,7,8,76,10.9,22,1,0,1,6,0,0,1,8.2,8.2,74.6%,WR,2023
29,30,DeVonta Smith,7,9,78,11.1,37,1,0,0,0,0,0,1,7.8,7.8,98.1%,WR,2023
30,31,Joshua Palmer,3,8,77,25.7,51,1,0,0,0,0,0,1,7.7,7.7,25.6%,WR,2023
31,32,Jayden Reed,3,5,55,18.3,44,1,0,0,0,0,0,1,7.5,7.5,77.3%,WR,2023
32,33,Davante Adams,8,13,75,9.4,19,0,0,0,0,0,0,1,7.5,7.5,99.9%,WR,2023
33,34,Ja'Marr Chase,7,9,73,10.4,17,0,0,0,0,0,0,1,7.3,7.3,99.4%,WR,2023
34,35,Tyreek Hill,3,5,58,19.3,20,1,0,1,14,0,0,1,7.2,7.2,100.0%,WR,2023
35,36,Josh Reynolds,3,6,69,23.0,26,3,0,0,0,0,0,1,6.9,6.9,7.4%,WR,2023
36,37,Derius Davis,2,2,16,8.0,11,0,0,3,51,0,0,1,6.7,6.7,0.3%,WR,2023
37,38,Trey Palmer,2,3,6,3.0,5,0,1,0,0,0,0,1,6.6,6.6,1.5%,WR,2023
38,39,Brandon Johnson,1,1,4,4.0,4,0,1,0,0,0,0,1,6.4,6.4,2.0%,WR,2023
39,40,DeAndre Hopkins,4,6,63,15.8,38,1,0,0,0,0,0,1,6.3,6.3,92.5%,WR,2023
40,41,Michael Gallup,5,6,60,12.0,29,1,0,0,0,0,0,1,6.0,6.0,6.4%,WR,2023
41,42,Garrett Wilson,9,14,60,6.7,14,0,0,0,0,0,0,1,6.0,6.0,97.7%,WR,2023
42,43,Terrace Marshall,9,10,56,6.2,14,0,0,0,0,0,0,1,5.6,5.6,0.2%,WR,2023
43,44,Tyler Lockett,4,6,54,13.5,23,1,0,0,0,0,0,1,5.4,5.4,88.8%,WR,2023
44,45,Michael Thomas,4,6,53,13.3,20,1,0,0,0,0,0,1,5.3,5.3,17.1%,WR,2023
45,46,Jalen Tolbert,4,4,53,13.3,18,0,0,0,0,0,0,1,5.3,5.3,1.6%,WR,2023
46,47,Jerry Jeudy,3,5,52,17.3,25,1,0,0,0,0,0,1,5.2,5.2,62.5%,WR,2023
47,48,Dyami Brown,2,3,51,25.5,35,1,0,0,0,0,0,1,5.1,5.1,0.2%,WR,2023
48,49,KaVontae Turpin,1,1,5,5.0,5,0,0,1,46,0,0,1,5.1,5.1,0.7%,WR,2023
49,50,Darnell Mooney,4,4,51,12.8,17,0,0,0,0,0,0,1,5.1,5.1,39.1%,WR,2023
50,51,Zay Flowers,3,4,56,18.7,43,1,0,1,-6,0,0,1,5.0,5.0,92.0%,WR,2023
51,52,Marvin Mims,2,2,47,23.5,48,1,0,0,0,0,0,1,4.7,4.7,6.8%,WR,2023
52,53,Wan'Dale Robinson,5,6,40,8.0,12,0,0,1,7,0,0,1,4.7,4.7,9.6%,WR,2023
53,54,Jaylen Waddle,4,5,46,11.5,17,0,0,0,0,0,0,1,4.6,4.6,96.3%,WR,2023
54,55,DeMario Douglas,2,3,45,22.5,42,1,0,0,0,0,0,1,4.5,4.5,21.4%,WR,2023
55,56,Chris Moore,1,3,44,44.0,44,1,0,0,0,0,0,1,4.4,4.4,0.1%,WR,2023
56,57,Mike Evans,3,3,40,13.3,18,0,0,0,0,0,0,1,4.0,4.0,98.1%,WR,2023
57,58,Alec Pierce,1,2,38,38.0,38,1,0,0,0,0,0,1,3.8,3.8,2.3%,WR,2023
58,59,Kalif Raymond,1,1,-2,-2.0,0,0,0,1,40,0,0,1,3.8,3.8,1.3%,WR,2023
59,60,Kendrick Bourne,2,3,36,18.0,20,1,0,0,0,0,0,1,3.6,3.6,4.5%,WR,2023
60,61,Samori Toure,1,1,35,35.0,35,1,0,0,0,0,0,1,3.5,3.5,0.0%,WR,2023
61,62,Michael Pittman,1,5,15,15.0,15,0,0,0,0,0,0,1,3.5,3.5,97.2%,WR,2023
62,63,Josh Downs,2,3,34,17.0,30,1,0,0,0,0,0,1,3.4,3.4,26.9%,WR,2023
63,64,DeVante Parker,2,4,33,16.5,22,1,0,0,0,0,0,1,3.3,3.3,1.7%,WR,2023
64,65,Rashid Shaheed,3,7,33,11.0,12,0,0,0,0,0,0,1,3.3,3.3,45.3%,WR,2023
65,66,Jakobi Meyers,2,4,33,16.5,25,1,0,0,0,0,0,1,3.3,3.3,75.0%,WR,2023
66,67,Rashee Rice,3,5,32,10.7,18,0,0,0,0,0,0,1,3.2,3.2,89.6%,WR,2023
67,68,Calvin Austin,3,5,24,8.0,12,0,0,1,5,0,0,1,2.9,2.9,0.8%,WR,2023
68,69,Tank Dell,1,3,16,16.0,16,0,0,2,13,0,0,1,2.9,2.9,60.2%,WR,2023
69,70,Van Jefferson,2,3,29,14.5,16,0,0,0,0,0,0,1,2.9,2.9,1.4%,WR,2023
70,71,DJ Chark,2,3,28,14.0,18,0,0,0,0,0,0,1,2.8,2.8,4.6%,WR,2023
71,72,Brandin Cooks,4,4,27,6.8,11,0,0,0,0,0,0,1,2.7,2.7,43.5%,WR,2023
72,73,Robert Woods,3,6,26,8.7,13,0,0,0,0,0,0,1,2.6,2.6,2.7%,WR,2023
73,74,Tyler Boyd,4,7,26,6.5,9,0,0,0,0,0,0,1,2.6,2.6,28.0%,WR,2023
74,75,George Pickens,3,7,25,8.3,17,0,0,0,0,0,0,1,2.5,2.5,87.0%,WR,2023
75,76,Isaiah Hodgins,3,3,24,8.0,11,0,0,0,0,0,0,1,2.4,2.4,0.6%,WR,2023
76,77,Tutu Atwell,5,9,24,4.8,11,0,0,0,0,0,0,1,2.4,2.4,9.4%,WR,2023
77,78,Darius Slayton,2,3,23,11.5,12,0,0,0,0,0,0,1,2.3,2.3,2.7%,WR,2023
78,79,John Metchie,1,2,22,22.0,22,1,0,0,0,0,0,1,2.2,2.2,0.8%,WR,2023
79,80,Ray-Ray McCloud,2,2,22,11.0,14,0,0,0,0,0,0,1,2.2,2.2,0.6%,WR,2023
80,81,Kadarius Toney,2,2,22,11.0,15,0,0,0,0,0,0,1,2.2,2.2,5.9%,WR,2023
81,82,Equanimeous St.,1,1,21,21.0,21,1,0,0,0,0,0,1,2.1,2.1,0.1%,WR,2023
82,83,Skyy Moore,0,2,0,0.0,0,0,0,2,19,0,0,1,1.9,1.9,6.4%,WR,2023
83,84,Tyler Scott,0,0,0,0.0,0,0,0,2,19,0,0,1,1.9,1.9,0.3%,WR,2023
84,85,Tee Higgins,2,4,19,9.5,10,0,0,0,0,0,0,1,1.9,1.9,94.5%,WR,2023
85,86,Laviska Shenault,1,1,12,12.0,12,0,0,1,7,0,0,1,1.9,1.9,0.2%,WR,2023
86,87,KhaDarel Hodge,2,2,19,9.5,10,0,0,0,0,0,0,1,1.9,1.9,0.1%,WR,2023
87,88,Trent Sherfield,2,3,18,9.0,9,0,0,0,0,0,0,1,1.8,1.8,0.1%,WR,2023
88,89,Quentin Johnston,1,3,18,18.0,18,0,0,0,0,0,0,1,1.8,1.8,19.4%,WR,2023
89,90,Xavier Gipson,1,1,4,4.0,4,0,0,2,13,0,0,1,1.7,1.7,0.7%,WR,2023
90,91,Trenton Irwin,1,1,17,17.0,17,0,0,0,0,0,0,1,1.7,1.7,0.6%,WR,2023
91,92,Cedrick Wilson,1,2,16,16.0,16,0,0,0,0,0,0,1,1.6,1.6,1.1%,WR,2023
92,93,K.J. Osborn,1,2,16,16.0,16,0,0,0,0,0,0,1,1.6,1.6,15.4%,WR,2023
93,94,Amari Cooper,1,6,16,16.0,16,0,0,0,0,0,0,1,1.6,1.6,91.5%,WR,2023
94,95,Byron Pringle,1,2,15,15.0,15,0,0,0,0,0,0,1,1.5,1.5,0.0%,WR,2023
95,96,Parris Campbell,3,5,15,5.0,8,0,0,0,0,0,0,1,1.5,1.5,0.7%,WR,2023
96,97,JuJu Smith-Schuster,1,5,14,14.0,14,0,0,0,0,0,0,1,1.4,1.4,7.0%,WR,2023
97,98,Hunter Renfrow,2,4,12,6.0,12,0,0,0,0,0,0,1,1.2,1.2,0.7%,WR,2023
98,99,Lil'Jordan Humphrey,1,1,11,11.0,11,0,0,0,0,0,0,1,1.1,1.1,0.1%,WR,2023
99,100,Olamide Zaccheaus,1,2,11,11.0,11,0,0,0,0,0,0,1,1.1,1.1,0.1%,WR,2023
100,101,Zach Pascal,3,4,10,3.3,9,0,0,0,0,0,0,1,1.0,1.0,0.1%,WR,2023
101,102,Velus Jones,0,0,0,0.0,0,0,0,1,10,0,0,1,1.0,1.0,0.2%,WR,2023
102,103,Cody Thompson,1,1,10,10.0,10,0,0,0,0,0,0,1,1.0,1.0,0.0%,WR,2023
103,104,Jalin Hyatt,2,2,10,5.0,7,0,0,0,0,0,0,1,1.0,1.0,3.5%,WR,2023
104,105,Deonte Harty,2,2,10,5.0,7,0,0,0,0,0,0,1,1.0,1.0,0.1%,WR,2023
105,106,Willie Snead,1,1,9,9.0,9,0,0,0,0,0,0,1,0.9,0.9,0.0%,WR,2023
106,107,Randall Cobb,2,4,8,4.0,5,0,0,0,0,0,0,1,0.8,0.8,0.0%,WR,2023
107,108,Devin Duvernay,2,2,8,4.0,10,0,0,0,0,0,0,1,0.8,0.8,0.2%,WR,2023
108,109,Allen Robinson,1,2,8,8.0,8,0,0,0,0,0,0,1,0.8,0.8,0.6%,WR,2023
109,110,Donovan Peoples-Jones,1,4,7,7.0,7,0,0,0,0,0,0,1,0.7,0.7,1.8%,WR,2023
110,111,Ronnie Bell,1,1,7,7.0,7,0,0,0,0,0,0,1,0.7,0.7,0.1%,WR,2023
111,112,Marquez Valdes-Scantling,1,2,6,6.0,6,0,0,0,0,0,0,1,0.6,0.6,1.3%,WR,2023
112,113,Sterling Shepard,1,1,6,6.0,6,0,0,0,0,0,0,1,0.6,0.6,0.1%,WR,2023
113,114,Deebo Samuel,0,0,0,0.0,0,0,0,3,6,0,0,1,0.6,0.6,98.8%,WR,2023
114,115,Isaiah McKenzie,1,3,6,6.0,6,0,0,0,0,0,0,1,0.6,0.6,0.2%,WR,2023
115,116,Cedric Tillman,1,3,5,5.0,5,0,0,0,0,0,0,1,0.5,0.5,0.8%,WR,2023
116,117,Justin Watson,1,1,5,5.0,5,0,0,0,0,0,0,1,0.5,0.5,1.8%,WR,2023
117,118,Jaxon Smith-Njigba,3,6,5,1.7,3,0,0,0,0,0,0,1,0.5,0.5,76.1%,WR,2023
118,119,Chris Olave,1,6,4,4.0,4,0,0,0,0,0,0,1,0.4,0.4,98.8%,WR,2023
119,120,Nelson Agholor,1,2,4,4.0,4,0,0,0,0,0,0,1,0.4,0.4,0.9%,WR,2023
120,121,Rakim Jarrett,1,1,3,3.0,3,0,0,0,0,0,0,1,0.3,0.3,0.0%,WR,2023
121,122,Dee Eskridge,0,0,0,0.0,0,0,0,0,0,0,0,0,0.0,0.0,0.1%,WR,2023
122,123,Chris Blair,0,0,0,0.0,0,0,0,0,0,0,0,0,0.0,0.0,0.0%,WR,2023
123,124,Jalen Guyton,0,0,0,0.0,0,0,0,0,0,0,0,0,0.0,0.0,1.1%,WR,2023
124,125,D.J. Montgomery,0,0,0,0.0,0,0,0,0,0,0,0,0,0.0,0.0,0.0%,WR,2023
125,126,Steven Sims,0,0,0,0.0,0,0,0,0,0,0,0,0,0.0,0.0,0.0%,WR,2023
126,127,Malik Taylor,0,0,0,0.0,0,0,0,0,0,0,0,0,0.0,0.0,0.0%,WR,2023
127,128,Alex Bachman,0,0,0,0.0,0,0,0,0,0,0,0,0,0.0,0.0,0.0%,WR,2023
128,129,Nsimba Webster,0,0,0,0.0,0,0,0,0,0,0,0,0,0.0,0.0,0.0%,WR,2023
129,130,Tom Kennedy,0,0,0,0.0,0,0,0,0,0,0,0,0,0.0,0.0,0.0%,WR,2023
130,131,Marquez Callaway,0,0,0,0.0,0,0,0,0,0,0,0,0,0.0,0.0,0.1%,WR,2023
131,132,Easop Winston,0,0,0,0.0,0,0,0,0,0,0,0,0,0.0,0.0,0.0%,WR,2023
132,133,James Proche,0,0,0,0.0,0,0,0,0,0,0,0,0,0.0,0.0,0.0%,WR,2023
133,134,Denzel Mims,0,0,0,0.0,0,0,0,0,0,0,0,0,0.0,0.0,0.0%,WR,2023
134,135,Gunner Olszewski,0,0,0,0.0,0,0,0,0,0,0,0,0,0.0,0.0,0.1%,WR,2023
135,136,KJ Hamler,0,0,0,0.0,0,0,0,0,0,0,0,0,0.0,0.0,0.1%,WR,2023
136,137,Jalen Reagor,0,0,0,0.0,0,0,0,0,0,0,0,0,0.0,0.0,0.1%,WR,2023
137,138,Keelan Doss,0,0,0,0.0,0,0,0,0,0,0,0,1,0.0,0.0,0.0%,WR,2023
138,139,Davion Davis,0,0,0,0.0,0,0,0,0,0,0,0,0,0.0,0.0,0.0%,WR,2023
139,140,Andy Isabella,0,0,0,0.0,0,0,0,0,0,0,0,0,0.0,0.0,0.0%,WR,2023
140,141,Collin Johnson,0,0,0,0.0,0,0,0,0,0,0,0,0,0.0,0.0,0.0%,WR,2023
141,142,David Sills,0,0,0,0.0,0,0,0,0,0,0,0,0,0.0,0.0,0.0%,WR,2023
142,143,Greg Dortch,0,0,0,0.0,0,0,0,0,0,0,0,1,0.0,0.0,4.4%,WR,2023
143,144,Scotty Miller,0,0,0,0.0,0,0,0,0,0,0,0,1,0.0,0.0,0.1%,WR,2023
144,145,Quinton Bell,0,0,0,0.0,0,0,0,0,0,0,0,0,0.0,0.0,0.0%,WR,2023
145,146,Jeff Smith,0,0,0,0.0,0,0,0,0,0,0,0,0,0.0,0.0,0.0%,WR,2023
146,147,Tyron Billy-Johnson,0,0,0,0.0,0,0,0,0,0,0,0,0,0.0,0.0,0.0%,WR,2023
147,148,Juwann Winfree,0,0,0,0.0,0,0,0,0,0,0,0,0,0.0,0.0,0.0%,WR,2023
148,149,Mecole Hardman,0,0,0,0.0,0,0,0,0,0,0,0,1,0.0,0.0,1.2%,WR,2023
149,150,Stanley Morgan,0,0,0,0.0,0,0,0,0,0,0,0,0,0.0,0.0,0.0%,WR,2023
150,151,Diontae Johnson,0,0,0,0.0,0,0,0,0,0,0,0,0,0.0,0.0,83.3%,WR,2023
151,152,Chase Claypool,0,0,0,0.0,0,0,0,0,0,0,0,0,0.0,0.0,0.8%,WR,2023
152,153,Tyler Johnson,0,0,0,0.0,0,0,0,0,0,0,0,0,0.0,0.0,0.0%,WR,2023
153,154,Miles Boykin,0,0,0,0.0,0,0,0,0,0,0,0,1,0.0,0.0,0.0%,WR,2023
154,155,Ashton Dulin,0,0,0,0.0,0,0,0,0,0,0,0,0,0.0,0.0,0.1%,WR,2023
155,156,Amari Rodgers,0,0,0,0.0,0,0,0,0,0,0,0,1,0.0,0.0,0.0%,WR,2023
156,157,Ihmir Smith-Marsette,0,0,0,0.0,0,0,0,0,0,0,0,1,0.0,0.0,0.1%,WR,2023
157,158,Dez Fitzpatrick,0,0,0,0.0,0,0,0,0,0,0,0,0,0.0,0.0,0.0%,WR,2023
158,159,Elijah Moore,2,4,20,10.0,13,0,0,1,-20,0,0,1,0.0,0.0,23.3%,WR,2023
159,160,Seth Williams,0,0,0,0.0,0,0,0,0,0,0,0,0,0.0,0.0,0.0%,WR,2023
160,161,Anthony Schwartz,0,0,0,0.0,0,0,0,0,0,0,0,0,0.0,0.0,0.0%,WR,2023
161,162,Austin Watkins,0,0,0,0.0,0,0,0,0,0,0,0,0,0.0,0.0,0.0%,WR,2023
162,163,Dan Chisena,0,0,0,0.0,0,0,0,0,0,0,0,0,0.0,0.0,0.0%,WR,2023
163,164,Andre Baccellia,0,0,0,0.0,0,0,0,0,0,0,0,0,0.0,0.0,0.0%,WR,2023
164,165,Lynn Bowden,0,1,0,0.0,0,0,0,0,0,0,0,1,0.0,0.0,0.0%,WR,2023
165,166,Tylan Wallace,0,0,0,0.0,0,0,0,0,0,0,0,0,0.0,0.0,0.1%,WR,2023
166,167,Justyn Ross,0,0,0,0.0,0,0,0,0,0,0,0,1,0.0,0.0,0.2%,WR,2023
167,168,Rondale Moore,0,2,0,0.0,0,0,0,0,0,0,0,1,0.0,0.0,5.3%,WR,2023
168,169,Rashod Bateman,0,0,0,0.0,0,0,0,0,0,0,0,0,0.0,0.0,9.5%,WR,2023
169,170,Cody White,0,0,0,0.0,0,0,0,0,0,0,0,0,0.0,0.0,0.0%,WR,2023
170,171,Freddie Swain,0,0,0,0.0,0,0,0,0,0,0,0,0,0.0,0.0,0.0%,WR,2023
171,172,Scotty Washington,0,0,0,0.0,0,0,0,0,0,0,0,0,0.0,0.0,0.0%,WR,2023
172,173,Trishton Jackson,0,0,0,0.0,0,0,0,0,0,0,0,0,0.0,0.0,0.0%,WR,2023
173,174,Jauan Jennings,0,0,0,0.0,0,0,0,0,0,0,0,0,0.0,0.0,0.8%,WR,2023
174,175,Tyrie Cleveland,0,0,0,0.0,0,0,0,0,0,0,0,0,0.0,0.0,0.0%,WR,2023
175,176,Quez Watkins,0,0,0,0.0,0,0,0,0,0,0,0,0,0.0,0.0,0.2%,WR,2023
176,177,Austin Mack,0,0,0,0.0,0,0,0,0,0,0,0,0,0.0,0.0,0.0%,WR,2023
177,178,Lawrence Cager,0,0,0,0.0,0,0,0,0,0,0,0,1,0.0,0.0,0.0%,WR,2023
178,179,Mason Kinsey,0,0,0,0.0,0,0,0,0,0,0,0,1,0.0,0.0,0.0%,WR,2023
179,180,Jaylon Moore,0,0,0,0.0,0,0,0,0,0,0,0,0,0.0,0.0,0.0%,WR,2023
180,181,Kristian Wilkerson,0,0,0,0.0,0,0,0,0,0,0,0,0,0.0,0.0,0.0%,WR,2023
181,182,Jaelon Darden,0,0,0,0.0,0,0,0,0,0,0,0,0,0.0,0.0,0.0%,WR,2023
182,183,Dax Milne,0,0,0,0.0,0,0,0,0,0,0,0,0,0.0,0.0,0.0%,WR,2023
183,184,Zavier Scott,0,0,0,0.0,0,0,0,0,0,0,0,0,0.0,0.0,0.0%,WR,2023
184,185,Jason Brownlee,0,0,0,0.0,0,0,0,0,0,0,0,0,0.0,0.0,0.1%,WR,2023
185,186,Nikko Remigio,0,0,0,0.0,0,0,0,0,0,0,0,0,0.0,0.0,0.0%,WR,2023
186,187,Shedrick Jackson,0,0,0,0.0,0,0,0,0,0,0,0,0,0.0,0.0,0.0%,WR,2023
187,188,Thyrick Pitts,0,0,0,0.0,0,0,0,0,0,0,0,0,0.0,0.0,0.0%,WR,2023
188,189,Tyrell Shavers,0,0,0,0.0,0,0,0,0,0,0,0,0,0.0,0.0,0.0%,WR,2023
189,190,Brycen Tremayne,0,0,0,0.0,0,0,0,0,0,0,0,0,0.0,0.0,0.0%,WR,2023
190,191,Daniel Arias,0,0,0,0.0,0,0,0,0,0,0,0,0,0.0,0.0,0.0%,WR,2023
191,192,Isaiah Winstead,0,0,0,0.0,0,0,0,0,0,0,0,1,0.0,0.0,0.0%,WR,2023
192,193,Duece Watts,0,0,0,0.0,0,0,0,0,0,0,0,0,0.0,0.0,0.0%,WR,2023
193,194,Malik Heath,0,0,0,0.0,0,0,0,0,0,0,0,0,0.0,0.0,0.2%,WR,2023
194,195,Daewood Davis,0,0,0,0.0,0,0,0,0,0,0,0,0,0.0,0.0,0.0%,WR,2023
195,196,Devontez Walker,0,0,0,0.0,0,0,0,0,0,0,0,0,0.0,0.0,0.9%,WR,2023
196,197,Keon Coleman,0,0,0,0.0,0,0,0,0,0,0,0,0,0.0,0.0,78.6%,WR,2023
197,198,Sean Ryan,0,0,0,0.0,0,0,0,0,0,0,0,0,0.0,0.0,0.0%,WR,2023
198,199,Dylan Drummond,0,0,0,0.0,0,0,0,0,0,0,0,0,0.0,0.0,0.0%,WR,2023
199,200,Ryan Miller,0,0,0,0.0,0,0,0,0,0,0,0,0,0.0,0.0,0.0%,WR,2023
200,201,Tre'Shaun Harrison,0,0,0,0.0,0,0,0,0,0,0,0,0,0.0,0.0,0.0%,WR,2023
201,202,Bryan Thompson,0,0,0,0.0,0,0,0,0,0,0,0,0,0.0,0.0,0.0%,WR,2023
202,203,David Durden,0,0,0,0.0,0,0,0,0,0,0,0,0,0.0,0.0,0.0%,WR,2023
203,204,John Stephens,0,0,0,0.0,0,0,0,0,0,0,0,0,0.0,0.0,0.0%,WR,2023
204,205,Lucky Jackson,0,0,0,0.0,0,0,0,0,0,0,0,0,0.0,0.0,0.0%,WR,2023
205,206,Xavier Smith,0,0,0,0.0,0,0,0,0,0,0,0,0,0.0,0.0,0.0%,WR,2023
206,207,Malachi Corley,0,0,0,0.0,0,0,0,0,0,0,0,0,0.0,0.0,2.0%,WR,2023
207,208,Andrei Iosivas,0,0,0,0.0,0,0,0,0,0,0,0,1,0.0,0.0,0.5%,WR,2023
208,209,Josh Ali,0,0,0,0.0,0,0,0,0,0,0,0,0,0.0,0.0,0.0%,WR,2023
209,210,Jacob Cowing,0,0,0,0.0,0,0,0,0,0,0,0,0,0.0,0.0,0.3%,WR,2023
210,211,Johnny Wilson,0,0,0,0.0,0,0,0,0,0,0,0,0,0.0,0.0,0.3%,WR,2023
211,212,Xavier Hutchinson,0,0,0,0.0,0,0,0,0,0,0,0,1,0.0,0.0,0.1%,WR,2023
212,213,Charlie Jones,0,0,0,0.0,0,0,0,0,0,0,0,0,0.0,0.0,0.2%,WR,2023
213,214,Maurice Alexander,0,0,0,0.0,0,0,0,0,0,0,0,0,0.0,0.0,0.0%,WR,2023
214,215,Tre Tucker,0,0,0,0.0,0,0,0,0,0,0,0,1,0.0,0.0,0.6%,WR,2023
215,216,Jake Bobo,0,1,0,0.0,0,0,0,0,0,0,0,1,0.0,0.0,0.3%,WR,2023
216,217,Bryce Ford-Wheaton,0,0,0,0.0,0,0,0,0,0,0,0,0,0.0,0.0,0.0%,WR,2023
217,218,Jaray Jenkins,0,0,0,0.0,0,0,0,0,0,0,0,0,0.0,0.0,0.0%,WR,2023
218,219,Daylen Baldwin,0,0,0,0.0,0,0,0,0,0,0,0,0,0.0,0.0,0.0%,WR,2023
219,220,Jalen Cropper,0,0,0,0.0,0,0,0,0,0,0,0,0,0.0,0.0,0.0%,WR,2023
220,221,Cephus Johnson,0,0,0,0.0,0,0,0,0,0,0,0,1,0.0,0.0,0.0%,WR,2023
221,222,Colton Dowell,0,1,0,0.0,0,0,0,0,0,0,0,1,0.0,0.0,0.0%,WR,2023
222,223,Jalen Brooks,0,0,0,0.0,0,0,0,0,0,0,0,0,0.0,0.0,0.1%,WR,2023
223,224,Grant DuBose,0,0,0,0.0,0,0,0,0,0,0,0,0,0.0,0.0,0.0%,WR,2023
224,225,Jared Wayne,0,0,0,0.0,0,0,0,0,0,0,0,0,0.0,0.0,0.0%,WR,2023
225,226,Thayer Thomas,0,0,0,0.0,0,0,0,0,0,0,0,0,0.0,0.0,0.0%,WR,2023
226,227,Malik Knowles,0,0,0,0.0,0,0,0,0,0,0,0,0,0.0,0.0,0.0%,WR,2023
227,228,Shaquan Davis,0,0,0,0.0,0,0,0,0,0,0,0,0,0.0,0.0,0.0%,WR,2023
228,229,Matt Landers,0,0,0,0.0,0,0,0,0,0,0,0,0,0.0,0.0,0.0%,WR,2023
229,230,Kazmeir Allen,0,0,0,0.0,0,0,0,0,0,0,0,0,0.0,0.0,0.0%,WR,2023
230,231,Elijah Cooks,0,0,0,0.0,0,0,0,0,0,0,0,0,0.0,0.0,0.0%,WR,2023
231,232,Antoine Green,0,0,0,0.0,0,0,0,0,0,0,0,1,0.0,0.0,0.1%,WR,2023
232,233,Malik Nabers,0,0,0,0.0,0,0,0,0,0,0,0,0,0.0,0.0,91.5%,WR,2023
233,234,Rome Odunze,0,0,0,0.0,0,0,0,0,0,0,0,0,0.0,0.0,76.6%,WR,2023
234,235,Sam Pinckney,0,0,0,0.0,0,0,0,0,0,0,0,0,0.0,0.0,0.0%,WR,2023
235,236,Isaiah Wooden,0,0,0,0.0,0,0,0,0,0,0,0,0,0.0,0.0,0.0%,WR,2023
236,237,JaQuae Jackson,0,0,0,0.0,0,0,0,0,0,0,0,0,0.0,0.0,0.0%,WR,2023
237,238,Sam Schnee,0,0,0,0.0,0,0,0,0,0,0,0,0,0.0,0.0,0.0%,WR,2023
238,239,Bryce Oliver,0,0,0,0.0,0,0,0,0,0,0,0,0,0.0,0.0,0.0%,WR,2023
239,240,Isaiah Washington,0,0,0,0.0,0,0,0,0,0,0,0,0,0.0,0.0,0.0%,WR,2023
240,241,Lawrence Keys,0,0,0,0.0,0,0,0,0,0,0,0,0,0.0,0.0,0.0%,WR,2023
241,242,Kameron Johnson,0,0,0,0.0,0,0,0,0,0,0,0,0,0.0,0.0,0.0%,WR,2023
242,243,Terique Owens,0,0,0,0.0,0,0,0,0,0,0,0,0,0.0,0.0,0.0%,WR,2023
243,244,OJ Hiliare,0,0,0,0.0,0,0,0,0,0,0,0,0,0.0,0.0,0.0%,WR,2023
244,245,Tyler Harrell,0,0,0,0.0,0,0,0,0,0,0,0,0,0.0,0.0,0.0%,WR,2023
245,246,Dee Williams,0,0,0,0.0,0,0,0,0,0,0,0,0,0.0,0.0,0.0%,WR,2023
246,247,Cam Johnson,0,0,0,0.0,0,0,0,0,0,0,0,0,0.0,0.0,0.0%,WR,2023
247,248,Geordon Porter,0,0,0,0.0,0,0,0,0,0,0,0,0,0.0,0.0,0.0%,WR,2023
248,249,Ayir Asante,0,0,0,0.0,0,0,0,0,0,0,0,0,0.0,0.0,0.0%,WR,2023
249,250,Mason Tipton,0,0,0,0.0,0,0,0,0,0,0,0,0,0.0,0.0,0.0%,WR,2023
250,251,Corey Crooms,0,0,0,0.0,0,0,0,0,0,0,0,0,0.0,0.0,0.0%,WR,2023
251,252,Tre Mosley,0,0,0,0.0,0,0,0,0,0,0,0,0,0.0,0.0,0.0%,WR,2023
252,253,Drake Stoops,0,0,0,0.0,0,0,0,0,0,0,0,0,0.0,0.0,0.0%,WR,2023
253,254,Jalon Calhoun,0,0,0,0.0,0,0,0,0,0,0,0,0,0.0,0.0,0.0%,WR,2023
254,255,Xavier Johnson,0,0,0,0.0,0,0,0,0,0,0,0,0,0.0,0.0,0.0%,WR,2023
255,256,Devin Carter,0,0,0,0.0,0,0,0,0,0,0,0,0,0.0,0.0,0.0%,WR,2023
256,257,Ahmarean Brown,0,0,0,0.0,0,0,0,0,0,0,0,0,0.0,0.0,0.0%,WR,2023
257,258,Xavier White,0,0,0,0.0,0,0,0,0,0,0,0,0,0.0,0.0,0.0%,WR,2023
258,259,Jeshaun Jones,0,0,0,0.0,0,0,0,0,0,0,0,0,0.0,0.0,0.0%,WR,2023
259,260,Leon Johnson,0,0,0,0.0,0,0,0,0,0,0,0,0,0.0,0.0,0.0%,WR,2023
260,261,Jeff Foreman,0,0,0,0.0,0,0,0,0,0,0,0,0,0.0,0.0,0.0%,WR,2023
261,262,Jaelen Gill,0,0,0,0.0,0,0,0,0,0,0,0,0,0.0,0.0,0.0%,WR,2023
262,263,Jaylen Johnson,0,0,0,0.0,0,0,0,0,0,0,0,0,0.0,0.0,0.0%,WR,2023
263,264,Jermaine Jackson,0,0,0,0.0,0,0,0,0,0,0,0,0,0.0,0.0,0.0%,WR,2023
264,265,Talik Keaton,0,0,0,0.0,0,0,0,0,0,0,0,0,0.0,0.0,0.0%,WR,2023
265,266,Julian Hicks,0,0,0,0.0,0,0,0,0,0,0,0,0,0.0,0.0,0.0%,WR,2023
266,267,Ty James,0,0,0,0.0,0,0,0,0,0,0,0,0,0.0,0.0,0.0%,WR,2023
267,268,Praise Olatoke,0,0,0,0.0,0,0,0,0,0,0,0,0,0.0,0.0,0.0%,WR,2023
268,269,Dakereon Joyner,0,0,0,0.0,0,0,0,0,0,0,0,0,0.0,0.0,0.0%,WR,2023
269,270,Latreal Jones,0,0,0,0.0,0,0,0,0,0,0,0,0,0.0,0.0,0.0%,WR,2023
270,271,Treveyon Pratt,0,0,0,0.0,0,0,0,0,0,0,0,0,0.0,0.0,0.0%,WR,2023
271,272,Xavier Wade,0,0,0,0.0,0,0,0,0,0,0,0,0,0.0,0.0,0.0%,WR,2023
272,273,Peter LeBlanc,0,0,0,0.0,0,0,0,0,0,0,0,0,0.0,0.0,0.0%,WR,2023
273,274,Dakota Caton,0,0,0,0.0,0,0,0,0,0,0,0,0,0.0,0.0,0.0%,WR,2023
274,275,John Jiles,0,0,0,0.0,0,0,0,0,0,0,0,0,0.0,0.0,0.0%,WR,2023
275,276,Tanner Knue,0,0,0,0.0,0,0,0,0,0,0,0,0,0.0,0.0,0.0%,WR,2023
276,277,Caleb Chapman,0,0,0,0.0,0,0,0,0,0,0,0,0,0.0,0.0,0.0%,WR,2023
277,278,John Jackson,0,0,0,0.0,0,0,0,0,0,0,0,0,0.0,0.0,0.0%,WR,2023
278,279,Hamze El-Zayat,0,0,0,0.0,0,0,0,0,0,0,0,0,0.0,0.0,0.0%,WR,2023
279,280,David Wallis,0,0,0,0.0,0,0,0,0,0,0,0,0,0.0,0.0,0.0%,WR,2023
280,281,Kaylon Horton,0,0,0,0.0,0,0,0,0,0,0,0,0,0.0,0.0,0.0%,WR,2023
281,282,Dimitri Stanley,0,0,0,0.0,0,0,0,0,0,0,0,0,0.0,0.0,0.0%,WR,2023
282,283,Sam Wiglusz,0,0,0,0.0,0,0,0,0,0,0,0,0,0.0,0.0,0.0%,WR,2023
283,284,Joseph Scates,0,0,0,0.0,0,0,0,0,0,0,0,0,0.0,0.0,0.0%,WR,2023
284,285,Zach Mathis,0,0,0,0.0,0,0,0,0,0,0,0,0,0.0,0.0,0.0%,WR,2023
285,286,Jaaron Hayek,0,0,0,0.0,0,0,0,0,0,0,0,0,0.0,0.0,0.0%,WR,2023
286,287,Brevin Easton,0,0,0,0.0,0,0,0,0,0,0,0,0,0.0,0.0,0.0%,WR,2023
287,288,Cole Burgess,0,0,0,0.0,0,0,0,0,0,0,0,0,0.0,0.0,0.0%,WR,2023
288,289,David White,0,0,0,0.0,0,0,0,0,0,0,0,0,0.0,0.0,0.0%,WR,2023
289,290,RJ Mobley,0,0,0,0.0,0,0,0,0,0,0,0,0,0.0,0.0,0.0%,WR,2023
290,291,JJ Laap,0,0,0,0.0,0,0,0,0,0,0,0,0,0.0,0.0,0.0%,WR,2023
291,292,Marcus Riley,0,0,0,0.0,0,0,0,0,0,0,0,0,0.0,0.0,0.0%,WR,2023
292,293,Phillip Brooks,0,0,0,0.0,0,0,0,0,0,0,0,0,0.0,0.0,0.0%,WR,2023
293,294,Cole Beck,0,0,0,0.0,0,0,0,0,0,0,0,0,0.0,0.0,0.0%,WR,2023
294,295,Qadir Ismail,0,0,0,0.0,0,0,0,0,0,0,0,0,0.0,0.0,0.0%,WR,2023
295,296,Hayden Hatten,0,0,0,0.0,0,0,0,0,0,0,0,0,0.0,0.0,0.0%,WR,2023
296,297,Casey Washington,0,0,0,0.0,0,0,0,0,0,0,0,0,0.0,0.0,0.1%,WR,2023
297,298,Chase Cota,0,0,0,0.0,0,0,0,0,0,0,0,0,0.0,0.0,0.0%,WR,2023
298,299,Ladd McConkey,0,0,0,0.0,0,0,0,0,0,0,0,0,0.0,0.0,76.1%,WR,2023
299,300,Xavier Legette,0,0,0,0.0,0,0,0,0,0,0,0,0,0.0,0.0,32.9%,WR,2023
300,301,Jamari Thrash,0,0,0,0.0,0,0,0,0,0,0,0,0,0.0,0.0,0.1%,WR,2023
301,302,Roman Wilson,0,0,0,0.0,0,0,0,0,0,0,0,0,0.0,0.0,2.4%,WR,2023
302,303,Jaxon Janke,0,0,0,0.0,0,0,0,0,0,0,0,0,0.0,0.0,0.0%,WR,2023
303,304,Anthony Gould,0,0,0,0.0,0,0,0,0,0,0,0,0,0.0,0.0,0.1%,WR,2023
304,305,Ryan Flournoy,0,0,0,0.0,0,0,0,0,0,0,0,0,0.0,0.0,0.2%,WR,2023
305,306,Jalen Coker,0,0,0,0.0,0,0,0,0,0,0,0,0,0.0,0.0,0.0%,WR,2023
306,307,Lideatrick Griffin,0,0,0,0.0,0,0,0,0,0,0,0,0,0.0,0.0,0.0%,WR,2023
307,308,Dayton Wade,0,0,0,0.0,0,0,0,0,0,0,0,0,0.0,0.0,0.0%,WR,2023
308,309,Jadon Janke,0,0,0,0.0,0,0,0,0,0,0,0,0,0.0,0.0,0.0%,WR,2023
309,310,Devaughn Vele,0,0,0,0.0,0,0,0,0,0,0,0,0,0.0,0.0,0.0%,WR,2023
310,311,Tejhaun Palmer,0,0,0,0.0,0,0,0,0,0,0,0,0,0.0,0.0,0.0%,WR,2023
311,312,Tahj Washington,0,0,0,0.0,0,0,0,0,0,0,0,0,0.0,0.0,0.0%,WR,2023
312,313,Isaiah Williams,0,0,0,0.0,0,0,0,0,0,0,0,0,0.0,0.0,0.0%,WR,2023
313,314,Ja'Lynn Polk,0,0,0,0.0,0,0,0,0,0,0,0,0,0.0,0.0,3.6%,WR,2023
314,315,Je'Quan Burton,0,0,0,0.0,0,0,0,0,0,0,0,0,0.0,0.0,0.0%,WR,2023
315,316,Brenden Rice,0,0,0,0.0,0,0,0,0,0,0,0,0,0.0,0.0,1.2%,WR,2023
316,317,Ricky Pearsall,0,0,0,0.0,0,0,0,0,0,0,0,0,0.0,0.0,7.0%,WR,2023
317,318,Jha'Quan Jackson,0,0,0,0.0,0,0,0,0,0,0,0,0,0.0,0.0,0.0%,WR,2023
318,319,Malik Washington,0,0,0,0.0,0,0,0,0,0,0,0,0,0.0,0.0,0.5%,WR,2023
319,320,Luke McCaffrey,0,0,0,0.0,0,0,0,0,0,0,0,0,0.0,0.0,3.4%,WR,2023
320,321,Marcus Rosemy-Jacksaint,0,0,0,0.0,0,0,0,0,0,0,0,0,0.0,0.0,0.0%,WR,2023
321,322,Bub Means,0,0,0,0.0,0,0,0,0,0,0,0,0,0.0,0.0,0.3%,WR,2023
322,323,Joshua Cephus,0,0,0,0.0,0,0,0,0,0,0,0,0,0.0,0.0,0.0%,WR,2023
323,324,Jacob Harris,0,0,0,0.0,0,0,0,0,0,0,0,1,0.0,0.0,0.0%,WR,2023
324,325,Austin Trammell,0,0,0,0.0,0,0,0,0,0,0,0,1,0.0,0.0,0.0%,WR,2023
325,326,Racey McMath,0,0,0,0.0,0,0,0,0,0,0,0,0,0.0,0.0,0.0%,WR,2023
326,327,Jalen Camp,0,0,0,0.0,0,0,0,0,0,0,0,0,0.0,0.0,0.0%,WR,2023
327,328,Kawaan Baker,0,0,0,0.0,0,0,0,0,0,0,0,0,0.0,0.0,0.0%,WR,2023
328,329,Simi Fehoko,0,0,0,0.0,0,0,0,0,0,0,0,1,0.0,0.0,0.1%,WR,2023
329,330,Jalen McMillan,0,0,0,0.0,0,0,0,0,0,0,0,0,0.0,0.0,1.1%,WR,2023
330,331,Ramel Keyton,0,0,0,0.0,0,0,0,0,0,0,0,0,0.0,0.0,0.0%,WR,2023
331,332,Jordan Whittington,0,0,0,0.0,0,0,0,0,0,0,0,0,0.0,0.0,0.1%,WR,2023
332,333,Ainias Smith,0,0,0,0.0,0,0,0,0,0,0,0,0,0.0,0.0,0.2%,WR,2023
333,334,Jordan Addison,0,1,0,0.0,0,0,0,0,0,0,0,1,0.0,0.0,88.6%,WR,2023
334,335,Jameson Williams,0,0,0,0.0,0,0,0,0,0,0,0,0,0.0,0.0,42.1%,WR,2023
335,336,Khalil Shakir,0,1,0,0.0,0,0,0,0,0,0,0,1,0.0,0.0,11.3%,WR,2023
336,337,Michael Bandy,0,0,0,0.0,0,0,0,0,0,0,0,0,0.0,0.0,0.0%,WR,2023
337,338,Mike Strachan,0,0,0,0.0,0,0,0,0,0,0,0,0,0.0,0.0,0.0%,WR,2023
338,339,DJ Turner,0,0,0,0.0,0,0,0,0,0,0,0,0,0.0,0.0,0.1%,WR,2023
339,340,David Bell,0,0,0,0.0,0,0,0,0,0,0,0,1,0.0,0.0,0.2%,WR,2023
340,341,Parker Washington,0,0,0,0.0,0,0,0,0,0,0,0,1,0.0,0.0,2.6%,WR,2023
341,342,Joseph Ngata,0,0,0,0.0,0,0,0,0,0,0,0,0,0.0,0.0,0.0%,WR,2023
342,343,Jacob Copeland,0,0,0,0.0,0,0,0,0,0,0,0,0,0.0,0.0,0.0%,WR,2023
343,344,Jermaine Burton,0,0,0,0.0,0,0,0,0,0,0,0,0,0.0,0.0,2.6%,WR,2023
344,345,Kearis Jackson,0,0,0,0.0,0,0,0,0,0,0,0,0,0.0,0.0,0.0%,WR,2023
345,346,Malik Cunningham,0,0,0,0.0,0,0,0,0,0,0,0,0,0.0,0.0,0.1%,WR,2023
346,347,Javon Baker,0,0,0,0.0,0,0,0,0,0,0,0,0,0.0,0.0,1.0%,WR,2023
347,348,Cornell Powell,0,0,0,0.0,0,0,0,0,0,0,0,0,0.0,0.0,0.0%,WR,2023
348,349,Ben Skowronek,0,0,0,0.0,0,0,0,0,0,0,0,1,0.0,0.0,0.1%,WR,2023
349,350,Treylon Burks,0,0,0,0.0,0,0,0,0,0,0,0,0,0.0,0.0,6.1%,WR,2023
350,351,Tyquan Thornton,0,0,0,0.0,0,0,0,0,0,0,0,0,0.0,0.0,0.2%,WR,2023
351,352,Kayshon Boutte,0,0,0,0.0,0,0,0,0,0,0,0,0,0.0,0.0,0.1%,WR,2023
352,353,Marvin Harrison,0,0,0,0.0,0,0,0,0,0,0,0,0,0.0,0.0,96.9%,WR,2023
353,354,Troy Franklin,0,0,0,0.0,0,0,0,0,0,0,0,0,0.0,0.0,1.9%,WR,2023
354,355,Brian Thomas,0,0,0,0.0,0,0,0,0,0,0,0,0,0.0,0.0,71.2%,WR,2023
355,356,Chris Autman-Bell,0,0,0,0.0,0,0,0,0,0,0,0,0,0.0,0.0,0.0%,WR,2023
356,357,Cornelius Johnson,0,0,0,0.0,0,0,0,0,0,0,0,0,0.0,0.0,0.1%,WR,2023
357,358,Xavier Worthy,0,0,0,0.0,0,0,0,0,0,0,0,0,0.0,0.0,80.8%,WR,2023
358,359,Jonathan Mingo,0,0,0,0.0,0,0,0,0,0,0,0,0,0.0,0.0,7.1%,WR,2023
359,360,Erik Ezukanma,0,0,0,0.0,0,0,0,0,0,0,0,0,0.0,0.0,0.1%,WR,2023
360,361,Montrell Washington,0,0,0,0.0,0,0,0,0,0,0,0,1,0.0,0.0,0.0%,WR,2023
361,362,Dareke Young,0,0,0,0.0,0,0,0,0,0,0,0,0,0.0,0.0,0.0%,WR,2023
362,363,Irvin Charles,0,0,0,0.0,0,0,0,0,0,0,0,0,0.0,0.0,0.0%,WR,2023
363,364,Ethan Fernea,0,0,0,0.0,0,0,0,0,0,0,0,0,0.0,0.0,0.0%,WR,2023
364,365,Dennis Houston,0,0,0,0.0,0,0,0,0,0,0,0,0,0.0,0.0,0.0%,WR,2023
365,366,Raleigh Webb,0,0,0,0.0,0,0,0,0,0,0,0,0,0.0,0.0,0.0%,WR,2023
366,367,Lance McCutcheon,0,0,0,0.0,0,0,0,0,0,0,0,0,0.0,0.0,0.0%,WR,2023
367,368,Kaden Davis,0,0,0,0.0,0,0,0,0,0,0,0,0,0.0,0.0,0.0%,WR,2023
368,369,Kwamie Lassiter,0,0,0,0.0,0,0,0,0,0,0,0,0,0.0,0.0,0.0%,WR,2023
369,370,Kendric Pryor,0,0,0,0.0,0,0,0,0,0,0,0,0,0.0,0.0,0.0%,WR,2023
370,371,Jalen Nailor,0,0,0,0.0,0,0,0,0,0,0,0,0,0.0,0.0,0.1%,WR,2023
371,372,Danny Gray,0,0,0,0.0,0,0,0,0,0,0,0,0,0.0,0.0,0.1%,WR,2023
372,373,Justin Shorter,0,0,0,0.0,0,0,0,0,0,0,0,0,0.0,0.0,0.1%,WR,2023
373,374,Jalen Virgil,0,0,0,0.0,0,0,0,0,0,0,0,0,0.0,0.0,0.0%,WR,2023
374,375,Kyle Philips,0,0,0,0.0,0,0,0,0,0,0,0,0,0.0,0.0,0.1%,WR,2023
375,376,Michael Woods,0,0,0,0.0,0,0,0,0,0,0,0,0,0.0,0.0,0.0%,WR,2023
376,377,Xavier Weaver,0,0,0,0.0,0,0,0,0,0,0,0,0,0.0,0.0,0.0%,WR,2023
377,378,Tay Martin,0,0,0,0.0,0,0,0,0,0,0,0,0,0.0,0.0,0.0%,WR,2023
378,379,Bo Melton,0,0,0,0.0,0,0,0,0,0,0,0,0,0.0,0.0,0.3%,WR,2023
379,380,Dontayvion Wicks,0,1,0,0.0,0,0,0,0,0,0,0,1,0.0,0.0,6.5%,WR,2023
380,381,Adonai Mitchell,0,0,0,0.0,0,0,0,0,0,0,0,0,0.0,0.0,15.5%,WR,2023
381,382,Mitchell Tinsley,0,0,0,0.0,0,0,0,0,0,0,0,0,0.0,0.0,0.0%,WR,2023
382,383,A.T. Perry,0,0,0,0.0,0,0,0,0,0,0,0,0,0.0,0.0,0.8%,WR,2023
383,384,Braylon Sanders,0,0,0,0.0,0,0,0,0,0,0,0,0,0.0,0.0,0.0%,WR,2023
384,385,Johnny Johnson,0,0,0,0.0,0,0,0,0,0,0,0,0,0.0,0.0,0.0%,WR,2023
385,386,Britain Covey,0,0,0,0.0,0,0,0,0,0,0,0,1,0.0,0.0,0.1%,WR,2023
386,387,Marquise Goodwin,1,1,0,0.0,0,0,0,0,0,0,0,1,0.0,0.0,0.0%,WR,2023
387,388,Patrick Edwards,0,0,0,0.0,0,0,0,0,0,0,0,0,0.0,0.0,0.0%,WR,2023
388,389,Marvin Jones,0,1,0,0.0,0,0,0,0,0,0,0,1,0.0,0.0,0.1%,WR,2023
389,390,Jordan Matthews,0,0,0,0.0,0,0,0,0,0,0,0,0,0.0,0.0,0.0%,WR,2023
390,391,Odell Beckham,0,0,0,0.0,0,0,0,0,0,0,0,0,0.0,0.0,33.2%,WR,2023
391,392,Kenny McKinley,0,0,0,0.0,0,0,0,0,0,0,0,0,0.0,0.0,0.0%,WR,2023
392,393,Mike Furrey,0,0,0,0.0,0,0,0,0,0,0,0,0,0.0,0.0,0.0%,WR,2023
393,394,Nate Hughes,0,0,0,0.0,0,0,0,0,0,0,0,0,0.0,0.0,0.0%,WR,2023
394,395,Maurice Purify,0,0,0,0.0,0,0,0,0,0,0,0,0,0.0,0.0,0.0%,WR,2023
395,396,Matthew Slater,0,0,0,0.0,0,0,0,0,0,0,0,1,0.0,0.0,0.0%,WR,2023
396,397,Marko Mitchell,0,0,0,0.0,0,0,0,0,0,0,0,0,0.0,0.0,0.0%,WR,2023
397,398,Bobby Wade,0,0,0,0.0,0,0,0,0,0,0,0,0,0.0,0.0,0.0%,WR,2023
398,399,Chris Henry,0,0,0,0.0,0,0,0,0,0,0,0,0,0.0,0.0,0.0%,WR,2023
399,400,Demario Ballard,0,0,0,0.0,0,0,0,0,0,0,0,0,0.0,0.0,0.0%,WR,2023
400,401,Rod Harper,0,0,0,0.0,0,0,0,0,0,0,0,0,0.0,0.0,0.0%,WR,2023
401,402,Sam Giguere,0,0,0,0.0,0,0,0,0,0,0,0,0,0.0,0.0,0.0%,WR,2023
402,403,Justin Hardee,0,0,0,0.0,0,0,0,0,0,0,0,0,0.0,0.0,0.0%,WR,2023
403,404,David Moore,0,0,0,0.0,0,0,0,0,0,0,0,0,0.0,0.0,0.1%,WR,2023
404,405,Mike Williams,0,0,0,0.0,0,0,0,0,0,0,0,0,0.0,0.0,48.2%,WR,2023
405,406,John Ross,0,0,0,0.0,0,0,0,0,0,0,0,0,0.0,0.0,0.0%,WR,2023
406,407,Trent Taylor,0,0,0,0.0,0,0,0,0,0,0,0,1,0.0,0.0,0.0%,WR,2023
407,408,Tim Patrick,0,0,0,0.0,0,0,0,0,0,0,0,0,0.0,0.0,0.6%,WR,2023
408,409,Zay Jones,0,0,0,0.0,0,0,0,0,0,0,0,0,0.0,0.0,16.7%,WR,2023
409,410,Cooper Kupp,0,0,0,0.0,0,0,0,0,0,0,0,0,0.0,0.0,97.9%,WR,2023
410,411,Noah Brown,0,0,0,0.0,0,0,0,0,0,0,0,0,0.0,0.0,23.5%,WR,2023
411,412,Mack Hollins,0,3,0,0.0,0,0,0,0,0,0,0,1,0.0,0.0,0.3%,WR,2023
412,413,Cam Sims,0,0,0,0.0,0,0,0,0,0,0,0,0,0.0,0.0,0.0%,WR,2023
413,414,Brandon Powell,0,0,0,0.0,0,0,0,0,0,0,0,1,0.0,0.0,0.7%,WR,2023
414,415,Keith Kirkwood,0,0,0,0.0,0,0,0,0,0,0,0,1,0.0,0.0,0.0%,WR,2023
415,416,N'Keal Harry,0,0,0,0.0,0,0,0,0,0,0,0,0,0.0,0.0,0.1%,WR,2023
416,417,Tre'Quan Smith,0,0,0,0.0,0,0,0,0,0,0,0,0,0.0,0.0,0.0%,WR,2023
417,418,Dante Pettis,0,0,0,0.0,0,0,0,0,0,0,0,0,0.0,0.0,0.1%,WR,2023
418,419,River Cracraft,0,0,0,0.0,0,0,0,0,0,0,0,0,0.0,0.0,0.1%,WR,2023
419,420,Alex McGough,0,0,0,0.0,0,0,0,0,0,0,0,0,0.0,0.0,0.0%,WR,2023
420,421,Daurice Fountain,0,0,0,0.0,0,0,0,0,0,0,0,0,0.0,0.0,0.0%,WR,2023
421,422,DeAndre Carter,0,0,0,0.0,0,0,0,0,0,0,0,1,0.0,0.0,0.0%,WR,2023
422,423,Chris Conley,0,0,0,0.0,0,0,0,0,0,0,0,0,0.0,0.0,0.1%,WR,2023
423,424,Jamison Crowder,0,0,0,0.0,0,0,0,0,0,0,0,1,0.0,0.0,0.3%,WR,2023
424,425,Ty Montgomery,0,0,0,0.0,0,0,0,0,0,0,0,1,0.0,0.0,0.0%,WR,2023
425,426,Phillip Dorsett,0,0,0,0.0,0,0,0,0,0,0,0,0,0.0,0.0,0.0%,WR,2023
426,427,Damiere Byrd,0,0,0,0.0,0,0,0,0,0,0,0,0,0.0,0.0,0.0%,WR,2023
427,428,Demarcus Robinson,0,0,0,0.0,0,0,0,0,0,0,0,1,0.0,0.0,15.2%,WR,2023
428,429,Robbie Chosen,0,1,0,0.0,0,0,0,0,0,0,0,1,0.0,0.0,0.0%,WR,2023
429,430,Laquon Treadwell,0,0,0,0.0,0,0,0,0,0,0,0,1,0.0,0.0,0.0%,WR,2023
430,431,Derek Slywka,0,0,0,0.0,0,0,0,0,0,0,0,0,0.0,0.0,0.0%,WR,2023
431,432,Tim Jones,1,1,-1,-1.0,0,0,0,0,0,0,0,1,-0.1,-0.1,0.0%,WR,2023
