,Rank,Player,Receiving Receptions,Receiving Target,Receiving Yards,Yards/Reception,Longest Reception,Receiving 20+,Receiving Touchdowns,Rushing Attempts,Rushing Yards,Rushing Touchdown,Fumbles,Games Played,Fantasy Football Points,FTPS/Game,ROST,Position,Year
0,1,DJ Moore,8,10,230,28.8,58,5,3,0,0,0,0,1,41.0,41.0,97.7%,WR,2023
1,2,Ja'Marr Chase,15,19,192,12.8,63,1,3,0,0,0,0,1,37.2,37.2,99.4%,WR,2023
2,3,Tyreek Hill,8,9,181,22.6,69,2,1,0,0,0,0,1,24.1,24.1,100.0%,WR,2023
3,4,George Pickens,6,10,130,21.7,41,4,1,1,16,0,0,1,20.6,20.6,87.0%,WR,2023
4,5,Adam Thielen,11,13,107,9.7,30,1,1,0,0,0,0,1,16.7,16.7,74.6%,WR,2023
5,6,Stefon Diggs,8,11,121,15.1,48,1,1,0,0,0,1,1,16.1,16.1,99.7%,WR,2023
6,7,Gabe Davis,6,8,100,16.7,29,2,1,0,0,0,0,1,16.0,16.0,54.0%,WR,2023
7,8,DeAndre Hopkins,8,11,140,17.5,36,3,0,0,0,0,0,1,14.0,14.0,92.5%,WR,2023
8,9,Josh Reynolds,4,5,76,19.0,27,3,1,0,0,0,0,1,13.6,13.6,7.4%,WR,2023
9,10,Calvin Ridley,7,8,122,17.4,32,2,0,2,14,0,0,1,13.6,13.6,95.2%,WR,2023
10,11,Jakobi Meyers,7,10,75,10.7,18,0,1,1,0,0,0,1,13.5,13.5,75.0%,WR,2023
11,12,Puka Nacua,7,11,71,10.1,22,1,1,0,0,0,0,1,13.1,13.1,96.9%,WR,2023
12,13,A.J. Brown,6,8,127,21.2,38,3,0,0,0,0,0,1,12.7,12.7,99.9%,WR,2023
13,14,Curtis Samuel,6,7,65,10.8,25,1,1,0,0,0,0,1,12.5,12.5,49.2%,WR,2023
14,15,Jordan Addison,6,9,64,10.7,16,0,1,0,0,0,0,1,12.4,12.4,88.6%,WR,2023
15,16,Hollywood Brown,4,10,61,15.3,25,1,1,0,0,0,0,1,12.1,12.1,79.1%,WR,2023
16,17,Cooper Kupp,8,12,118,14.8,39,1,0,0,0,0,0,1,11.8,11.8,97.9%,WR,2023
17,18,DJ Chark,3,6,42,14.0,18,0,1,0,0,0,0,1,10.2,10.2,4.6%,WR,2023
18,19,Josh Downs,6,6,97,16.2,38,2,0,0,0,0,0,1,9.7,9.7,26.9%,WR,2023
19,20,Jaylen Waddle,5,10,35,7.0,20,1,1,0,0,0,0,1,9.5,9.5,96.3%,WR,2023
20,21,Rashee Rice,4,5,33,8.3,13,0,1,0,0,0,0,1,9.3,9.3,89.6%,WR,2023
21,22,Drake London,6,9,78,13.0,32,2,0,0,0,0,0,1,8.7,8.7,93.0%,WR,2023
22,23,KaVontae Turpin,1,1,26,26.0,26,1,1,0,0,0,0,1,8.6,8.6,0.7%,WR,2023
23,24,Christian Watson,3,7,91,30.3,77,1,0,1,-5,0,0,1,8.6,8.6,74.9%,WR,2023
24,25,Deebo Samuel,3,3,55,18.3,42,1,0,5,30,0,0,1,8.5,8.5,98.8%,WR,2023
25,26,Christian Kirk,6,8,78,13.0,30,2,0,1,6,0,0,1,8.4,8.4,70.7%,WR,2023
26,27,Zay Jones,3,5,23,7.7,10,0,1,0,0,0,0,1,8.3,8.3,16.7%,WR,2023
27,28,Rondale Moore,3,5,26,8.7,19,0,0,3,50,0,0,1,7.6,7.6,5.3%,WR,2023
28,29,Zay Flowers,5,11,73,14.6,29,2,0,0,0,0,0,1,7.3,7.3,92.0%,WR,2023
29,30,Chris Olave,2,5,12,6.0,7,0,1,0,0,0,0,1,7.2,7.2,98.8%,WR,2023
30,31,Tutu Atwell,2,5,9,4.5,6,0,1,0,0,0,0,1,6.9,6.9,9.4%,WR,2023
31,32,Michael Thomas,4,7,65,16.3,26,1,0,0,0,0,0,1,6.5,6.5,17.1%,WR,2023
32,33,Nelson Agholor,4,5,64,16.0,30,1,0,0,0,0,0,1,6.4,6.4,0.9%,WR,2023
33,34,Deonte Harty,2,2,62,31.0,43,1,0,0,0,0,0,1,6.2,6.2,0.1%,WR,2023
34,35,Trenton Irwin,8,10,60,7.5,13,0,0,0,0,0,0,1,6.0,6.0,0.6%,WR,2023
35,36,Brandon Aiyuk,4,7,58,14.5,23,1,0,0,0,0,0,1,5.8,5.8,98.3%,WR,2023
36,37,Justin Watson,2,3,56,28.0,33,2,0,0,0,0,0,1,5.6,5.6,1.8%,WR,2023
37,38,Garrett Wilson,3,7,54,18.0,32,1,0,0,0,0,0,1,5.4,5.4,97.7%,WR,2023
38,39,Tank Dell,3,4,57,19.0,29,2,0,2,-4,0,0,1,5.3,5.3,60.2%,WR,2023
39,40,Brandon Powell,4,6,43,10.8,26,1,0,1,9,0,0,1,5.2,5.2,0.7%,WR,2023
40,41,Michael Pittman,5,7,52,10.4,27,1,0,0,0,0,0,1,5.2,5.2,97.2%,WR,2023
41,42,Cedrick Wilson,4,4,52,13.0,23,1,0,0,0,0,0,1,5.2,5.2,1.1%,WR,2023
42,43,Jerry Jeudy,6,7,50,8.3,23,2,0,0,0,0,0,1,5.0,5.0,62.5%,WR,2023
43,44,K.J. Osborn,5,9,49,9.8,27,1,0,0,0,0,0,1,4.9,4.9,15.4%,WR,2023
44,45,Terry McLaurin,4,5,49,12.3,32,1,0,0,0,0,0,1,4.9,4.9,90.3%,WR,2023
45,46,CeeDee Lamb,4,5,49,12.3,29,1,0,0,0,0,0,1,4.9,4.9,100.0%,WR,2023
46,47,Jonathan Mingo,5,7,48,9.6,13,0,0,0,0,0,0,1,4.8,4.8,7.1%,WR,2023
47,48,Davante Adams,4,4,45,11.3,21,1,0,0,0,0,0,1,4.5,4.5,99.9%,WR,2023
48,49,Kalif Raymond,3,3,45,15.0,23,1,0,0,0,0,0,1,4.5,4.5,1.3%,WR,2023
49,50,Kendrick Bourne,2,5,43,21.5,28,1,0,0,0,0,0,1,4.3,4.3,4.5%,WR,2023
50,51,Tyler Boyd,6,7,39,6.5,14,0,0,0,0,0,0,1,3.9,3.9,28.0%,WR,2023
51,52,Nico Collins,3,4,39,13.0,25,1,0,0,0,0,0,1,3.9,3.9,95.7%,WR,2023
52,53,Darius Slayton,2,4,35,17.5,20,1,0,0,0,0,0,1,3.5,3.5,2.7%,WR,2023
53,54,Allen Lazard,3,4,33,11.0,12,0,0,0,0,0,0,1,3.3,3.3,4.8%,WR,2023
54,55,Jahan Dotson,3,5,30,10.0,14,0,0,0,0,0,0,1,3.0,3.0,30.7%,WR,2023
55,56,Robert Woods,3,9,30,10.0,13,0,0,0,0,0,0,1,3.0,3.0,2.7%,WR,2023
56,57,Mack Hollins,2,2,29,14.5,19,0,0,0,0,0,0,1,2.9,2.9,0.3%,WR,2023
57,58,Allen Robinson,5,9,29,5.8,10,0,0,0,0,0,0,1,2.9,2.9,0.6%,WR,2023
58,59,Rashid Shaheed,2,2,28,14.0,25,1,0,0,0,0,0,1,2.8,2.8,45.3%,WR,2023
59,60,Justyn Ross,2,4,28,14.0,20,1,0,0,0,0,0,1,2.8,2.8,0.2%,WR,2023
60,61,Justin Jefferson,3,6,28,9.3,14,0,0,0,0,0,0,1,2.8,2.8,100.0%,WR,2023
61,62,Laviska Shenault,0,0,0,0.0,0,0,0,5,27,0,0,1,2.7,2.7,0.2%,WR,2023
62,63,Kadarius Toney,5,6,26,5.2,9,0,0,1,1,0,0,1,2.7,2.7,5.9%,WR,2023
63,64,DeMario Douglas,1,2,24,24.0,24,1,0,0,0,0,0,1,2.4,2.4,21.4%,WR,2023
64,65,Parris Campbell,2,2,23,11.5,17,0,0,0,0,0,0,1,2.3,2.3,0.7%,WR,2023
65,66,Marvin Jones,2,2,22,11.0,16,0,0,0,0,0,0,1,2.2,2.2,0.1%,WR,2023
66,67,Jamison Crowder,2,2,21,10.5,11,0,0,0,0,0,0,1,2.1,2.1,0.3%,WR,2023
67,68,John Metchie,2,2,20,10.0,14,0,0,0,0,0,0,1,2.0,2.0,0.8%,WR,2023
68,69,DeVante Parker,2,4,20,10.0,14,0,0,0,0,0,0,1,2.0,2.0,1.7%,WR,2023
69,70,Wan'Dale Robinson,5,6,18,3.6,7,0,0,1,1,0,0,1,1.9,1.9,9.6%,WR,2023
70,71,Jauan Jennings,1,1,19,19.0,19,0,0,0,0,0,0,1,1.9,1.9,0.8%,WR,2023
71,72,Isaiah Hodgins,2,2,19,9.5,15,0,0,0,0,0,0,1,1.9,1.9,0.6%,WR,2023
72,73,Michael Wilson,1,2,18,18.0,18,0,0,0,0,0,0,1,1.8,1.8,8.2%,WR,2023
73,74,Tre Tucker,0,1,0,0.0,0,0,0,1,16,0,0,1,1.6,1.6,0.6%,WR,2023
74,75,Michael Gallup,2,5,15,7.5,8,0,0,0,0,0,0,1,1.5,1.5,6.4%,WR,2023
75,76,Courtland Sutton,1,3,13,13.0,13,0,0,0,0,0,0,1,1.3,1.3,83.4%,WR,2023
76,77,Braxton Berrios,2,2,13,6.5,13,0,0,0,0,0,0,1,1.3,1.3,1.2%,WR,2023
77,78,Sterling Shepard,1,2,13,13.0,13,0,0,0,0,0,0,1,1.3,1.3,0.1%,WR,2023
78,79,Odell Beckham,2,4,13,6.5,7,0,0,0,0,0,0,1,1.3,1.3,33.2%,WR,2023
79,80,Brandin Cooks,1,4,7,7.0,7,0,0,1,6,0,0,1,1.3,1.3,43.5%,WR,2023
80,81,Marquez Valdes-Scantling,1,2,12,12.0,12,0,0,0,0,0,0,1,1.2,1.2,1.3%,WR,2023
81,82,Dyami Brown,1,3,11,11.0,11,0,0,0,0,0,0,1,1.1,1.1,0.2%,WR,2023
82,83,Skyy Moore,2,2,11,5.5,7,0,0,0,0,0,0,1,1.1,1.1,6.4%,WR,2023
83,84,KhaDarel Hodge,1,1,11,11.0,11,0,0,1,0,0,0,1,1.1,1.1,0.1%,WR,2023
84,85,Khalil Shakir,1,1,11,11.0,11,0,0,0,0,0,0,1,1.1,1.1,11.3%,WR,2023
85,86,Alec Pierce,1,2,10,10.0,10,0,0,0,0,0,0,1,1.0,1.0,2.3%,WR,2023
86,87,Byron Pringle,1,2,10,10.0,10,0,0,0,0,0,0,1,1.0,1.0,0.0%,WR,2023
87,88,Scotty Miller,2,2,10,5.0,7,0,0,0,0,0,0,1,1.0,1.0,0.1%,WR,2023
88,89,Dontayvion Wicks,1,1,10,10.0,10,0,0,0,0,0,0,1,1.0,1.0,6.5%,WR,2023
89,90,Andrei Iosivas,1,2,9,9.0,9,0,0,0,0,0,0,1,0.9,0.9,0.5%,WR,2023
90,91,Nick Westbrook-Ikhine,1,3,9,9.0,9,0,0,0,0,0,0,1,0.9,0.9,0.2%,WR,2023
91,92,Brandon Johnson,1,1,9,9.0,9,0,0,0,0,0,0,1,0.9,0.9,2.0%,WR,2023
92,93,Rashod Bateman,1,3,8,8.0,8,0,0,0,0,0,0,1,0.8,0.8,9.5%,WR,2023
93,94,Hunter Renfrow,1,2,7,7.0,7,0,0,0,0,0,0,1,0.7,0.7,0.7%,WR,2023
94,95,Jayden Reed,1,2,7,7.0,7,0,0,0,0,0,0,1,0.7,0.7,77.3%,WR,2023
95,96,JuJu Smith-Schuster,3,4,6,2.0,3,0,0,0,0,0,0,1,0.6,0.6,7.0%,WR,2023
96,97,DeVonta Smith,1,5,6,6.0,6,0,0,0,0,0,0,1,0.6,0.6,98.1%,WR,2023
97,98,Romeo Doubs,1,4,4,4.0,4,0,0,0,0,0,0,1,0.4,0.4,43.4%,WR,2023
98,99,Quez Watkins,2,3,4,2.0,5,0,0,0,0,0,0,1,0.4,0.4,0.2%,WR,2023
99,100,Isaiah McKenzie,0,0,0,0.0,0,0,0,1,4,0,0,1,0.4,0.4,0.2%,WR,2023
100,101,DeAndre Carter,0,1,0,0.0,0,0,0,2,3,0,0,1,0.3,0.3,0.0%,WR,2023
101,102,Trent Sherfield,1,1,3,3.0,3,0,0,0,0,0,0,1,0.3,0.3,0.1%,WR,2023
102,103,Kwamie Lassiter,1,1,2,2.0,2,0,0,0,0,0,0,1,0.2,0.2,0.0%,WR,2023
103,104,Jameson Williams,2,3,2,1.0,4,0,0,0,0,0,0,1,0.2,0.2,42.1%,WR,2023
104,105,Keith Kirkwood,1,1,1,1.0,1,0,0,0,0,0,0,1,0.1,0.1,0.0%,WR,2023
105,106,Jamal Agnew,0,0,0,0.0,0,0,0,1,1,0,0,1,0.1,0.1,1.0%,WR,2023
106,107,Ray-Ray McCloud,1,1,1,1.0,1,0,0,0,0,0,0,1,0.1,0.1,0.6%,WR,2023
107,108,Chris Blair,0,0,0,0.0,0,0,0,0,0,0,0,0,0.0,0.0,0.0%,WR,2023
108,109,Dee Eskridge,0,0,0,0.0,0,0,0,0,0,0,0,0,0.0,0.0,0.1%,WR,2023
109,110,Jaelon Darden,0,0,0,0.0,0,0,0,0,0,0,0,0,0.0,0.0,0.0%,WR,2023
110,111,Austin Watkins,0,0,0,0.0,0,0,0,0,0,0,0,0,0.0,0.0,0.0%,WR,2023
111,112,Dax Milne,0,0,0,0.0,0,0,0,0,0,0,0,0,0.0,0.0,0.0%,WR,2023
112,113,D.J. Montgomery,0,0,0,0.0,0,0,0,0,0,0,0,0,0.0,0.0,0.0%,WR,2023
113,114,Steven Sims,0,0,0,0.0,0,0,0,0,0,0,0,0,0.0,0.0,0.0%,WR,2023
114,115,Jalen Guyton,0,0,0,0.0,0,0,0,0,0,0,0,0,0.0,0.0,1.1%,WR,2023
115,116,Nsimba Webster,0,0,0,0.0,0,0,0,0,0,0,0,0,0.0,0.0,0.0%,WR,2023
116,117,Malik Taylor,0,0,0,0.0,0,0,0,0,0,0,0,0,0.0,0.0,0.0%,WR,2023
117,118,Alex Bachman,0,0,0,0.0,0,0,0,0,0,0,0,0,0.0,0.0,0.0%,WR,2023
118,119,Olamide Zaccheaus,0,0,0,0.0,0,0,0,0,0,0,0,1,0.0,0.0,0.1%,WR,2023
119,120,Tee Higgins,0,0,0,0.0,0,0,0,0,0,0,0,0,0.0,0.0,94.5%,WR,2023
120,121,James Proche,0,0,0,0.0,0,0,0,0,0,0,0,0,0.0,0.0,0.0%,WR,2023
121,122,Denzel Mims,0,0,0,0.0,0,0,0,0,0,0,0,0,0.0,0.0,0.0%,WR,2023
122,123,Donovan Peoples-Jones,0,0,0,0.0,0,0,0,0,0,0,0,0,0.0,0.0,1.8%,WR,2023
123,124,Devin Duvernay,0,1,0,0.0,0,0,0,0,0,0,0,1,0.0,0.0,0.2%,WR,2023
124,125,KJ Hamler,0,0,0,0.0,0,0,0,0,0,0,0,0,0.0,0.0,0.1%,WR,2023
125,126,Jalen Reagor,0,0,0,0.0,0,0,0,0,0,0,0,0,0.0,0.0,0.1%,WR,2023
126,127,Tom Kennedy,0,0,0,0.0,0,0,0,0,0,0,0,0,0.0,0.0,0.0%,WR,2023
127,128,Tyron Billy-Johnson,0,0,0,0.0,0,0,0,0,0,0,0,0,0.0,0.0,0.0%,WR,2023
128,129,Andy Isabella,0,0,0,0.0,0,0,0,0,0,0,0,0,0.0,0.0,0.0%,WR,2023
129,130,Cody Thompson,0,0,0,0.0,0,0,0,0,0,0,0,0,0.0,0.0,0.0%,WR,2023
130,131,Davion Davis,0,0,0,0.0,0,0,0,0,0,0,0,0,0.0,0.0,0.0%,WR,2023
131,132,Collin Johnson,0,0,0,0.0,0,0,0,0,0,0,0,0,0.0,0.0,0.0%,WR,2023
132,133,David Sills,0,0,0,0.0,0,0,0,0,0,0,0,0,0.0,0.0,0.0%,WR,2023
133,134,Jeff Smith,0,0,0,0.0,0,0,0,0,0,0,0,0,0.0,0.0,0.0%,WR,2023
134,135,Quinton Bell,0,0,0,0.0,0,0,0,0,0,0,0,0,0.0,0.0,0.0%,WR,2023
135,136,Juwann Winfree,0,0,0,0.0,0,0,0,0,0,0,0,0,0.0,0.0,0.0%,WR,2023
136,137,Diontae Johnson,0,0,0,0.0,0,0,0,0,0,0,0,0,0.0,0.0,83.3%,WR,2023
137,138,Greg Dortch,0,0,0,0.0,0,0,0,0,0,0,0,1,0.0,0.0,4.4%,WR,2023
138,139,Mecole Hardman,0,0,0,0.0,0,0,0,0,0,0,0,0,0.0,0.0,1.2%,WR,2023
139,140,Lil'Jordan Humphrey,0,0,0,0.0,0,0,0,0,0,0,0,1,0.0,0.0,0.1%,WR,2023
140,141,Ashton Dulin,0,0,0,0.0,0,0,0,0,0,0,0,0,0.0,0.0,0.1%,WR,2023
141,142,Stanley Morgan,0,0,0,0.0,0,0,0,0,0,0,0,0,0.0,0.0,0.0%,WR,2023
142,143,Chase Claypool,0,0,0,0.0,0,0,0,0,0,0,0,0,0.0,0.0,0.8%,WR,2023
143,144,Tyler Johnson,0,0,0,0.0,0,0,0,0,0,0,0,0,0.0,0.0,0.0%,WR,2023
144,145,Miles Boykin,0,1,0,0.0,0,0,0,0,0,0,0,1,0.0,0.0,0.0%,WR,2023
145,146,Amari Rodgers,0,0,0,0.0,0,0,0,0,0,0,0,1,0.0,0.0,0.0%,WR,2023
146,147,Anthony Schwartz,0,0,0,0.0,0,0,0,0,0,0,0,0,0.0,0.0,0.0%,WR,2023
147,148,Andre Baccellia,0,0,0,0.0,0,0,0,0,0,0,0,0,0.0,0.0,0.0%,WR,2023
148,149,Dan Chisena,0,0,0,0.0,0,0,0,0,0,0,0,0,0.0,0.0,0.0%,WR,2023
149,150,Dez Fitzpatrick,0,0,0,0.0,0,0,0,0,0,0,0,0,0.0,0.0,0.0%,WR,2023
150,151,Elijah Moore,0,0,0,0.0,0,0,0,0,0,0,0,0,0.0,0.0,23.3%,WR,2023
151,152,Ihmir Smith-Marsette,0,0,0,0.0,0,0,0,0,0,0,0,1,0.0,0.0,0.1%,WR,2023
152,153,Seth Williams,0,0,0,0.0,0,0,0,0,0,0,0,0,0.0,0.0,0.0%,WR,2023
153,154,Van Jefferson,0,0,0,0.0,0,0,0,0,0,0,0,1,0.0,0.0,1.4%,WR,2023
154,155,Lawrence Cager,0,0,0,0.0,0,0,0,0,0,0,0,0,0.0,0.0,0.0%,WR,2023
155,156,Tylan Wallace,0,0,0,0.0,0,0,0,0,0,0,0,0,0.0,0.0,0.1%,WR,2023
156,157,Amon-Ra St.,0,0,0,0.0,0,0,0,0,0,0,0,0,0.0,0.0,100.0%,WR,2023
157,158,Cody White,0,0,0,0.0,0,0,0,0,0,0,0,0,0.0,0.0,0.0%,WR,2023
158,159,Freddie Swain,0,0,0,0.0,0,0,0,0,0,0,0,0,0.0,0.0,0.0%,WR,2023
159,160,Mason Kinsey,0,0,0,0.0,0,0,0,0,0,0,0,0,0.0,0.0,0.0%,WR,2023
160,161,Austin Mack,0,0,0,0.0,0,0,0,0,0,0,0,0,0.0,0.0,0.0%,WR,2023
161,162,Lynn Bowden,0,0,0,0.0,0,0,0,0,0,0,0,1,0.0,0.0,0.0%,WR,2023
162,163,Easop Winston,0,0,0,0.0,0,0,0,0,0,0,0,0,0.0,0.0,0.0%,WR,2023
163,164,Marquez Callaway,0,0,0,0.0,0,0,0,0,0,0,0,0,0.0,0.0,0.1%,WR,2023
164,165,Trishton Jackson,0,0,0,0.0,0,0,0,0,0,0,0,0,0.0,0.0,0.0%,WR,2023
165,166,Tyrie Cleveland,0,0,0,0.0,0,0,0,0,0,0,0,0,0.0,0.0,0.0%,WR,2023
166,167,Darnell Mooney,0,4,0,0.0,0,0,0,0,0,0,0,1,0.0,0.0,39.1%,WR,2023
167,168,Kristian Wilkerson,0,0,0,0.0,0,0,0,0,0,0,0,0,0.0,0.0,0.0%,WR,2023
168,169,Scotty Washington,0,0,0,0.0,0,0,0,0,0,0,0,0,0.0,0.0,0.0%,WR,2023
169,170,Jaylon Moore,0,0,0,0.0,0,0,0,0,0,0,0,0,0.0,0.0,0.0%,WR,2023
170,171,Cornell Powell,0,0,0,0.0,0,0,0,0,0,0,0,0,0.0,0.0,0.0%,WR,2023
171,172,Jason Brownlee,0,0,0,0.0,0,0,0,0,0,0,0,0,0.0,0.0,0.1%,WR,2023
172,173,Thyrick Pitts,0,0,0,0.0,0,0,0,0,0,0,0,0,0.0,0.0,0.0%,WR,2023
173,174,Zavier Scott,0,0,0,0.0,0,0,0,0,0,0,0,0,0.0,0.0,0.0%,WR,2023
174,175,Nikko Remigio,0,0,0,0.0,0,0,0,0,0,0,0,0,0.0,0.0,0.0%,WR,2023
175,176,Shedrick Jackson,0,0,0,0.0,0,0,0,0,0,0,0,0,0.0,0.0,0.0%,WR,2023
176,177,Daewood Davis,0,0,0,0.0,0,0,0,0,0,0,0,0,0.0,0.0,0.0%,WR,2023
177,178,Xavier Smith,0,0,0,0.0,0,0,0,0,0,0,0,0,0.0,0.0,0.0%,WR,2023
178,179,Brycen Tremayne,0,0,0,0.0,0,0,0,0,0,0,0,0,0.0,0.0,0.0%,WR,2023
179,180,Daniel Arias,0,0,0,0.0,0,0,0,0,0,0,0,0,0.0,0.0,0.0%,WR,2023
180,181,Duece Watts,0,0,0,0.0,0,0,0,0,0,0,0,0,0.0,0.0,0.0%,WR,2023
181,182,Malik Heath,0,0,0,0.0,0,0,0,0,0,0,0,0,0.0,0.0,0.2%,WR,2023
182,183,Tyrell Shavers,0,0,0,0.0,0,0,0,0,0,0,0,0,0.0,0.0,0.0%,WR,2023
183,184,Devontez Walker,0,0,0,0.0,0,0,0,0,0,0,0,0,0.0,0.0,0.9%,WR,2023
184,185,Keon Coleman,0,0,0,0.0,0,0,0,0,0,0,0,0,0.0,0.0,78.6%,WR,2023
185,186,Tre'Shaun Harrison,0,0,0,0.0,0,0,0,0,0,0,0,0,0.0,0.0,0.0%,WR,2023
186,187,Sean Ryan,0,0,0,0.0,0,0,0,0,0,0,0,0,0.0,0.0,0.0%,WR,2023
187,188,Ryan Miller,0,0,0,0.0,0,0,0,0,0,0,0,0,0.0,0.0,0.0%,WR,2023
188,189,Dylan Drummond,0,0,0,0.0,0,0,0,0,0,0,0,1,0.0,0.0,0.0%,WR,2023
189,190,Bryan Thompson,0,0,0,0.0,0,0,0,0,0,0,0,0,0.0,0.0,0.0%,WR,2023
190,191,David Durden,0,0,0,0.0,0,0,0,0,0,0,0,0,0.0,0.0,0.0%,WR,2023
191,192,John Stephens,0,0,0,0.0,0,0,0,0,0,0,0,0,0.0,0.0,0.0%,WR,2023
192,193,Lucky Jackson,0,0,0,0.0,0,0,0,0,0,0,0,0,0.0,0.0,0.0%,WR,2023
193,194,Elijah Cooks,0,0,0,0.0,0,0,0,0,0,0,0,0,0.0,0.0,0.0%,WR,2023
194,195,Trey Palmer,0,0,0,0.0,0,0,0,0,0,0,0,0,0.0,0.0,1.5%,WR,2023
195,196,Jalin Hyatt,0,0,0,0.0,0,0,0,0,0,0,0,1,0.0,0.0,3.5%,WR,2023
196,197,Cedric Tillman,0,0,0,0.0,0,0,0,0,0,0,0,0,0.0,0.0,0.8%,WR,2023
197,198,Jacob Cowing,0,0,0,0.0,0,0,0,0,0,0,0,0,0.0,0.0,0.3%,WR,2023
198,199,Johnny Wilson,0,0,0,0.0,0,0,0,0,0,0,0,0,0.0,0.0,0.3%,WR,2023
199,200,Xavier Hutchinson,0,0,0,0.0,0,0,0,0,0,0,0,1,0.0,0.0,0.1%,WR,2023
200,201,Daylen Baldwin,0,0,0,0.0,0,0,0,0,0,0,0,0,0.0,0.0,0.0%,WR,2023
201,202,Derius Davis,0,0,0,0.0,0,0,0,0,0,0,0,0,0.0,0.0,0.3%,WR,2023
202,203,Charlie Jones,0,0,0,0.0,0,0,0,0,0,0,0,0,0.0,0.0,0.2%,WR,2023
203,204,Jake Bobo,0,0,0,0.0,0,0,0,0,0,0,0,0,0.0,0.0,0.3%,WR,2023
204,205,Bryce Ford-Wheaton,0,0,0,0.0,0,0,0,0,0,0,0,0,0.0,0.0,0.0%,WR,2023
205,206,Jaray Jenkins,0,0,0,0.0,0,0,0,0,0,0,0,0,0.0,0.0,0.0%,WR,2023
206,207,Josh Ali,0,0,0,0.0,0,0,0,0,0,0,0,0,0.0,0.0,0.0%,WR,2023
207,208,Maurice Alexander,0,0,0,0.0,0,0,0,0,0,0,0,0,0.0,0.0,0.0%,WR,2023
208,209,Kazmeir Allen,0,0,0,0.0,0,0,0,0,0,0,0,0,0.0,0.0,0.0%,WR,2023
209,210,Thayer Thomas,0,0,0,0.0,0,0,0,0,0,0,0,0,0.0,0.0,0.0%,WR,2023
210,211,Matt Landers,0,0,0,0.0,0,0,0,0,0,0,0,0,0.0,0.0,0.0%,WR,2023
211,212,Antoine Green,0,0,0,0.0,0,0,0,0,0,0,0,1,0.0,0.0,0.1%,WR,2023
212,213,Colton Dowell,0,0,0,0.0,0,0,0,0,0,0,0,0,0.0,0.0,0.0%,WR,2023
213,214,Jalen Brooks,0,0,0,0.0,0,0,0,0,0,0,0,0,0.0,0.0,0.1%,WR,2023
214,215,Grant DuBose,0,0,0,0.0,0,0,0,0,0,0,0,0,0.0,0.0,0.0%,WR,2023
215,216,Jared Wayne,0,0,0,0.0,0,0,0,0,0,0,0,0,0.0,0.0,0.0%,WR,2023
216,217,Malik Knowles,0,0,0,0.0,0,0,0,0,0,0,0,0,0.0,0.0,0.0%,WR,2023
217,218,Cephus Johnson,0,0,0,0.0,0,0,0,0,0,0,0,0,0.0,0.0,0.0%,WR,2023
218,219,Shaquan Davis,0,0,0,0.0,0,0,0,0,0,0,0,0,0.0,0.0,0.0%,WR,2023
219,220,Tyler Scott,0,0,0,0.0,0,0,0,0,0,0,0,1,0.0,0.0,0.3%,WR,2023
220,221,Jalen Cropper,0,0,0,0.0,0,0,0,0,0,0,0,0,0.0,0.0,0.0%,WR,2023
221,222,Malik Nabers,0,0,0,0.0,0,0,0,0,0,0,0,0,0.0,0.0,91.5%,WR,2023
222,223,Rome Odunze,0,0,0,0.0,0,0,0,0,0,0,0,0,0.0,0.0,76.6%,WR,2023
223,224,Malachi Corley,0,0,0,0.0,0,0,0,0,0,0,0,0,0.0,0.0,2.0%,WR,2023
224,225,Sam Pinckney,0,0,0,0.0,0,0,0,0,0,0,0,0,0.0,0.0,0.0%,WR,2023
225,226,Isaiah Wooden,0,0,0,0.0,0,0,0,0,0,0,0,0,0.0,0.0,0.0%,WR,2023
226,227,JaQuae Jackson,0,0,0,0.0,0,0,0,0,0,0,0,0,0.0,0.0,0.0%,WR,2023
227,228,Sam Schnee,0,0,0,0.0,0,0,0,0,0,0,0,0,0.0,0.0,0.0%,WR,2023
228,229,Bryce Oliver,0,0,0,0.0,0,0,0,0,0,0,0,0,0.0,0.0,0.0%,WR,2023
229,230,Isaiah Washington,0,0,0,0.0,0,0,0,0,0,0,0,0,0.0,0.0,0.0%,WR,2023
230,231,Lawrence Keys,0,0,0,0.0,0,0,0,0,0,0,0,0,0.0,0.0,0.0%,WR,2023
231,232,Kameron Johnson,0,0,0,0.0,0,0,0,0,0,0,0,0,0.0,0.0,0.0%,WR,2023
232,233,Terique Owens,0,0,0,0.0,0,0,0,0,0,0,0,0,0.0,0.0,0.0%,WR,2023
233,234,OJ Hiliare,0,0,0,0.0,0,0,0,0,0,0,0,0,0.0,0.0,0.0%,WR,2023
234,235,Tyler Harrell,0,0,0,0.0,0,0,0,0,0,0,0,0,0.0,0.0,0.0%,WR,2023
235,236,Dee Williams,0,0,0,0.0,0,0,0,0,0,0,0,0,0.0,0.0,0.0%,WR,2023
236,237,Cam Johnson,0,0,0,0.0,0,0,0,0,0,0,0,0,0.0,0.0,0.0%,WR,2023
237,238,Geordon Porter,0,0,0,0.0,0,0,0,0,0,0,0,0,0.0,0.0,0.0%,WR,2023
238,239,Ayir Asante,0,0,0,0.0,0,0,0,0,0,0,0,0,0.0,0.0,0.0%,WR,2023
239,240,Mason Tipton,0,0,0,0.0,0,0,0,0,0,0,0,0,0.0,0.0,0.0%,WR,2023
240,241,Corey Crooms,0,0,0,0.0,0,0,0,0,0,0,0,0,0.0,0.0,0.0%,WR,2023
241,242,Tre Mosley,0,0,0,0.0,0,0,0,0,0,0,0,0,0.0,0.0,0.0%,WR,2023
242,243,Drake Stoops,0,0,0,0.0,0,0,0,0,0,0,0,0,0.0,0.0,0.0%,WR,2023
243,244,Jalon Calhoun,0,0,0,0.0,0,0,0,0,0,0,0,0,0.0,0.0,0.0%,WR,2023
244,245,Xavier Johnson,0,0,0,0.0,0,0,0,0,0,0,0,0,0.0,0.0,0.0%,WR,2023
245,246,Devin Carter,0,0,0,0.0,0,0,0,0,0,0,0,0,0.0,0.0,0.0%,WR,2023
246,247,Ahmarean Brown,0,0,0,0.0,0,0,0,0,0,0,0,0,0.0,0.0,0.0%,WR,2023
247,248,Xavier White,0,0,0,0.0,0,0,0,0,0,0,0,0,0.0,0.0,0.0%,WR,2023
248,249,Jeshaun Jones,0,0,0,0.0,0,0,0,0,0,0,0,0,0.0,0.0,0.0%,WR,2023
249,250,Leon Johnson,0,0,0,0.0,0,0,0,0,0,0,0,0,0.0,0.0,0.0%,WR,2023
250,251,Jeff Foreman,0,0,0,0.0,0,0,0,0,0,0,0,0,0.0,0.0,0.0%,WR,2023
251,252,Jaelen Gill,0,0,0,0.0,0,0,0,0,0,0,0,0,0.0,0.0,0.0%,WR,2023
252,253,Jaylen Johnson,0,0,0,0.0,0,0,0,0,0,0,0,0,0.0,0.0,0.0%,WR,2023
253,254,Jermaine Jackson,0,0,0,0.0,0,0,0,0,0,0,0,0,0.0,0.0,0.0%,WR,2023
254,255,Talik Keaton,0,0,0,0.0,0,0,0,0,0,0,0,0,0.0,0.0,0.0%,WR,2023
255,256,Julian Hicks,0,0,0,0.0,0,0,0,0,0,0,0,0,0.0,0.0,0.0%,WR,2023
256,257,Ty James,0,0,0,0.0,0,0,0,0,0,0,0,0,0.0,0.0,0.0%,WR,2023
257,258,Praise Olatoke,0,0,0,0.0,0,0,0,0,0,0,0,0,0.0,0.0,0.0%,WR,2023
258,259,Dakereon Joyner,0,0,0,0.0,0,0,0,0,0,0,0,0,0.0,0.0,0.0%,WR,2023
259,260,Latreal Jones,0,0,0,0.0,0,0,0,0,0,0,0,0,0.0,0.0,0.0%,WR,2023
260,261,Treveyon Pratt,0,0,0,0.0,0,0,0,0,0,0,0,0,0.0,0.0,0.0%,WR,2023
261,262,Xavier Wade,0,0,0,0.0,0,0,0,0,0,0,0,0,0.0,0.0,0.0%,WR,2023
262,263,Peter LeBlanc,0,0,0,0.0,0,0,0,0,0,0,0,0,0.0,0.0,0.0%,WR,2023
263,264,Dakota Caton,0,0,0,0.0,0,0,0,0,0,0,0,0,0.0,0.0,0.0%,WR,2023
264,265,John Jiles,0,0,0,0.0,0,0,0,0,0,0,0,0,0.0,0.0,0.0%,WR,2023
265,266,Tanner Knue,0,0,0,0.0,0,0,0,0,0,0,0,0,0.0,0.0,0.0%,WR,2023
266,267,Caleb Chapman,0,0,0,0.0,0,0,0,0,0,0,0,0,0.0,0.0,0.0%,WR,2023
267,268,John Jackson,0,0,0,0.0,0,0,0,0,0,0,0,0,0.0,0.0,0.0%,WR,2023
268,269,Hamze El-Zayat,0,0,0,0.0,0,0,0,0,0,0,0,0,0.0,0.0,0.0%,WR,2023
269,270,David Wallis,0,0,0,0.0,0,0,0,0,0,0,0,0,0.0,0.0,0.0%,WR,2023
270,271,Kaylon Horton,0,0,0,0.0,0,0,0,0,0,0,0,0,0.0,0.0,0.0%,WR,2023
271,272,Dimitri Stanley,0,0,0,0.0,0,0,0,0,0,0,0,0,0.0,0.0,0.0%,WR,2023
272,273,Sam Wiglusz,0,0,0,0.0,0,0,0,0,0,0,0,0,0.0,0.0,0.0%,WR,2023
273,274,Joseph Scates,0,0,0,0.0,0,0,0,0,0,0,0,0,0.0,0.0,0.0%,WR,2023
274,275,Zach Mathis,0,0,0,0.0,0,0,0,0,0,0,0,0,0.0,0.0,0.0%,WR,2023
275,276,Jaaron Hayek,0,0,0,0.0,0,0,0,0,0,0,0,0,0.0,0.0,0.0%,WR,2023
276,277,Brevin Easton,0,0,0,0.0,0,0,0,0,0,0,0,0,0.0,0.0,0.0%,WR,2023
277,278,Cole Burgess,0,0,0,0.0,0,0,0,0,0,0,0,0,0.0,0.0,0.0%,WR,2023
278,279,David White,0,0,0,0.0,0,0,0,0,0,0,0,0,0.0,0.0,0.0%,WR,2023
279,280,RJ Mobley,0,0,0,0.0,0,0,0,0,0,0,0,0,0.0,0.0,0.0%,WR,2023
280,281,JJ Laap,0,0,0,0.0,0,0,0,0,0,0,0,0,0.0,0.0,0.0%,WR,2023
281,282,Marcus Riley,0,0,0,0.0,0,0,0,0,0,0,0,0,0.0,0.0,0.0%,WR,2023
282,283,Phillip Brooks,0,0,0,0.0,0,0,0,0,0,0,0,0,0.0,0.0,0.0%,WR,2023
283,284,Cole Beck,0,0,0,0.0,0,0,0,0,0,0,0,0,0.0,0.0,0.0%,WR,2023
284,285,Qadir Ismail,0,0,0,0.0,0,0,0,0,0,0,0,0,0.0,0.0,0.0%,WR,2023
285,286,Hayden Hatten,0,0,0,0.0,0,0,0,0,0,0,0,0,0.0,0.0,0.0%,WR,2023
286,287,Casey Washington,0,0,0,0.0,0,0,0,0,0,0,0,0,0.0,0.0,0.1%,WR,2023
287,288,Chase Cota,0,0,0,0.0,0,0,0,0,0,0,0,0,0.0,0.0,0.0%,WR,2023
288,289,Ladd McConkey,0,0,0,0.0,0,0,0,0,0,0,0,0,0.0,0.0,76.1%,WR,2023
289,290,Xavier Legette,0,0,0,0.0,0,0,0,0,0,0,0,0,0.0,0.0,32.9%,WR,2023
290,291,Roman Wilson,0,0,0,0.0,0,0,0,0,0,0,0,0,0.0,0.0,2.4%,WR,2023
291,292,Jamari Thrash,0,0,0,0.0,0,0,0,0,0,0,0,0,0.0,0.0,0.1%,WR,2023
292,293,Jalen Coker,0,0,0,0.0,0,0,0,0,0,0,0,0,0.0,0.0,0.0%,WR,2023
293,294,Tahj Washington,0,0,0,0.0,0,0,0,0,0,0,0,0,0.0,0.0,0.0%,WR,2023
294,295,Ryan Flournoy,0,0,0,0.0,0,0,0,0,0,0,0,0,0.0,0.0,0.2%,WR,2023
295,296,Anthony Gould,0,0,0,0.0,0,0,0,0,0,0,0,0,0.0,0.0,0.1%,WR,2023
296,297,Isaiah Williams,0,0,0,0.0,0,0,0,0,0,0,0,0,0.0,0.0,0.0%,WR,2023
297,298,Lideatrick Griffin,0,0,0,0.0,0,0,0,0,0,0,0,0,0.0,0.0,0.0%,WR,2023
298,299,Dayton Wade,0,0,0,0.0,0,0,0,0,0,0,0,0,0.0,0.0,0.0%,WR,2023
299,300,Jadon Janke,0,0,0,0.0,0,0,0,0,0,0,0,0,0.0,0.0,0.0%,WR,2023
300,301,Devaughn Vele,0,0,0,0.0,0,0,0,0,0,0,0,0,0.0,0.0,0.0%,WR,2023
301,302,Tejhaun Palmer,0,0,0,0.0,0,0,0,0,0,0,0,0,0.0,0.0,0.0%,WR,2023
302,303,Jha'Quan Jackson,0,0,0,0.0,0,0,0,0,0,0,0,0,0.0,0.0,0.0%,WR,2023
303,304,Jaxon Janke,0,0,0,0.0,0,0,0,0,0,0,0,0,0.0,0.0,0.0%,WR,2023
304,305,Ja'Lynn Polk,0,0,0,0.0,0,0,0,0,0,0,0,0,0.0,0.0,3.6%,WR,2023
305,306,Je'Quan Burton,0,0,0,0.0,0,0,0,0,0,0,0,0,0.0,0.0,0.0%,WR,2023
306,307,Brenden Rice,0,0,0,0.0,0,0,0,0,0,0,0,0,0.0,0.0,1.2%,WR,2023
307,308,Ricky Pearsall,0,0,0,0.0,0,0,0,0,0,0,0,0,0.0,0.0,7.0%,WR,2023
308,309,Joshua Cephus,0,0,0,0.0,0,0,0,0,0,0,0,0,0.0,0.0,0.0%,WR,2023
309,310,Malik Washington,0,0,0,0.0,0,0,0,0,0,0,0,0,0.0,0.0,0.5%,WR,2023
310,311,Luke McCaffrey,0,0,0,0.0,0,0,0,0,0,0,0,0,0.0,0.0,3.4%,WR,2023
311,312,Marcus Rosemy-Jacksaint,0,0,0,0.0,0,0,0,0,0,0,0,0,0.0,0.0,0.0%,WR,2023
312,313,Bub Means,0,0,0,0.0,0,0,0,0,0,0,0,0,0.0,0.0,0.3%,WR,2023
313,314,Ben Skowronek,0,1,0,0.0,0,0,0,0,0,0,0,1,0.0,0.0,0.1%,WR,2023
314,315,Racey McMath,0,0,0,0.0,0,0,0,0,0,0,0,0,0.0,0.0,0.0%,WR,2023
315,316,Terrace Marshall,0,0,0,0.0,0,0,0,0,0,0,0,0,0.0,0.0,0.2%,WR,2023
316,317,Jacob Harris,0,0,0,0.0,0,0,0,0,0,0,0,0,0.0,0.0,0.0%,WR,2023
317,318,Austin Trammell,0,0,0,0.0,0,0,0,0,0,0,0,1,0.0,0.0,0.0%,WR,2023
318,319,Jalen Camp,0,0,0,0.0,0,0,0,0,0,0,0,0,0.0,0.0,0.0%,WR,2023
319,320,Kawaan Baker,0,0,0,0.0,0,0,0,0,0,0,0,0,0.0,0.0,0.0%,WR,2023
320,321,Ramel Keyton,0,0,0,0.0,0,0,0,0,0,0,0,0,0.0,0.0,0.0%,WR,2023
321,322,Jordan Whittington,0,0,0,0.0,0,0,0,0,0,0,0,0,0.0,0.0,0.1%,WR,2023
322,323,Ainias Smith,0,0,0,0.0,0,0,0,0,0,0,0,0,0.0,0.0,0.2%,WR,2023
323,324,Simi Fehoko,0,0,0,0.0,0,0,0,0,0,0,0,0,0.0,0.0,0.1%,WR,2023
324,325,Jalen McMillan,0,0,0,0.0,0,0,0,0,0,0,0,0,0.0,0.0,1.1%,WR,2023
325,326,Michael Bandy,0,0,0,0.0,0,0,0,0,0,0,0,0,0.0,0.0,0.0%,WR,2023
326,327,Calvin Austin,0,1,0,0.0,0,0,0,0,0,0,0,1,0.0,0.0,0.8%,WR,2023
327,328,Erik Ezukanma,0,0,0,0.0,0,0,0,0,0,0,0,0,0.0,0.0,0.1%,WR,2023
328,329,Jalen Tolbert,0,0,0,0.0,0,0,0,0,0,0,0,1,0.0,0.0,1.6%,WR,2023
329,330,Mike Strachan,0,0,0,0.0,0,0,0,0,0,0,0,0,0.0,0.0,0.0%,WR,2023
330,331,DJ Turner,0,0,0,0.0,0,0,0,0,0,0,0,0,0.0,0.0,0.1%,WR,2023
331,332,Tim Jones,0,1,0,0.0,0,0,0,0,0,0,0,1,0.0,0.0,0.0%,WR,2023
332,333,Quentin Johnston,0,0,0,0.0,0,0,0,0,0,0,0,0,0.0,0.0,19.4%,WR,2023
333,334,Jermaine Burton,0,0,0,0.0,0,0,0,0,0,0,0,0,0.0,0.0,2.6%,WR,2023
334,335,Kearis Jackson,0,0,0,0.0,0,0,0,0,0,0,0,0,0.0,0.0,0.0%,WR,2023
335,336,Malik Cunningham,0,0,0,0.0,0,0,0,0,0,0,0,0,0.0,0.0,0.1%,WR,2023
336,337,Kayshon Boutte,0,0,0,0.0,0,0,0,0,0,0,0,0,0.0,0.0,0.1%,WR,2023
337,338,Jacob Copeland,0,0,0,0.0,0,0,0,0,0,0,0,0,0.0,0.0,0.0%,WR,2023
338,339,Rakim Jarrett,0,0,0,0.0,0,0,0,0,0,0,0,0,0.0,0.0,0.0%,WR,2023
339,340,Joshua Palmer,0,0,0,0.0,0,0,0,0,0,0,0,0,0.0,0.0,25.6%,WR,2023
340,341,Javon Baker,0,0,0,0.0,0,0,0,0,0,0,0,0,0.0,0.0,1.0%,WR,2023
341,342,Treylon Burks,0,0,0,0.0,0,0,0,0,0,0,0,0,0.0,0.0,6.1%,WR,2023
342,343,Tyquan Thornton,0,0,0,0.0,0,0,0,0,0,0,0,0,0.0,0.0,0.2%,WR,2023
343,344,Brian Thomas,0,0,0,0.0,0,0,0,0,0,0,0,0,0.0,0.0,71.2%,WR,2023
344,345,David Bell,0,0,0,0.0,0,0,0,0,0,0,0,0,0.0,0.0,0.2%,WR,2023
345,346,Marvin Harrison,0,0,0,0.0,0,0,0,0,0,0,0,0,0.0,0.0,96.9%,WR,2023
346,347,Jaxon Smith-Njigba,0,0,0,0.0,0,0,0,0,0,0,0,0,0.0,0.0,76.1%,WR,2023
347,348,Troy Franklin,0,0,0,0.0,0,0,0,0,0,0,0,0,0.0,0.0,1.9%,WR,2023
348,349,Parker Washington,0,0,0,0.0,0,0,0,0,0,0,0,0,0.0,0.0,2.6%,WR,2023
349,350,Ronnie Bell,0,1,0,0.0,0,0,0,0,0,0,0,1,0.0,0.0,0.1%,WR,2023
350,351,Cornelius Johnson,0,0,0,0.0,0,0,0,0,0,0,0,0,0.0,0.0,0.1%,WR,2023
351,352,Xavier Worthy,0,0,0,0.0,0,0,0,0,0,0,0,0,0.0,0.0,80.8%,WR,2023
352,353,Chris Autman-Bell,0,0,0,0.0,0,0,0,0,0,0,0,0,0.0,0.0,0.0%,WR,2023
353,354,Joseph Ngata,0,0,0,0.0,0,0,0,0,0,0,0,0,0.0,0.0,0.0%,WR,2023
354,355,Montrell Washington,0,0,0,0.0,0,0,0,0,0,0,0,1,0.0,0.0,0.0%,WR,2023
355,356,Dareke Young,0,0,0,0.0,0,0,0,0,0,0,0,0,0.0,0.0,0.0%,WR,2023
356,357,Ethan Fernea,0,0,0,0.0,0,0,0,0,0,0,0,0,0.0,0.0,0.0%,WR,2023
357,358,Irvin Charles,0,0,0,0.0,0,0,0,0,0,0,0,1,0.0,0.0,0.0%,WR,2023
358,359,Raleigh Webb,0,0,0,0.0,0,0,0,0,0,0,0,0,0.0,0.0,0.0%,WR,2023
359,360,Lance McCutcheon,0,0,0,0.0,0,0,0,0,0,0,0,0,0.0,0.0,0.0%,WR,2023
360,361,Dennis Houston,0,0,0,0.0,0,0,0,0,0,0,0,0,0.0,0.0,0.0%,WR,2023
361,362,Kaden Davis,0,0,0,0.0,0,0,0,0,0,0,0,0,0.0,0.0,0.0%,WR,2023
362,363,Kendric Pryor,0,0,0,0.0,0,0,0,0,0,0,0,0,0.0,0.0,0.0%,WR,2023
363,364,Jalen Nailor,0,0,0,0.0,0,0,0,0,0,0,0,0,0.0,0.0,0.1%,WR,2023
364,365,Danny Gray,0,0,0,0.0,0,0,0,0,0,0,0,0,0.0,0.0,0.1%,WR,2023
365,366,Justin Shorter,0,0,0,0.0,0,0,0,0,0,0,0,0,0.0,0.0,0.1%,WR,2023
366,367,Kyle Philips,0,1,0,0.0,0,0,0,0,0,0,0,1,0.0,0.0,0.1%,WR,2023
367,368,Samori Toure,0,0,0,0.0,0,0,0,0,0,0,0,1,0.0,0.0,0.0%,WR,2023
368,369,Michael Woods,0,0,0,0.0,0,0,0,0,0,0,0,0,0.0,0.0,0.0%,WR,2023
369,370,Xavier Weaver,0,0,0,0.0,0,0,0,0,0,0,0,0,0.0,0.0,0.0%,WR,2023
370,371,Tay Martin,0,0,0,0.0,0,0,0,0,0,0,0,0,0.0,0.0,0.0%,WR,2023
371,372,Bo Melton,0,0,0,0.0,0,0,0,0,0,0,0,0,0.0,0.0,0.3%,WR,2023
372,373,Velus Jones,0,0,0,0.0,0,0,0,0,0,0,0,1,0.0,0.0,0.2%,WR,2023
373,374,A.T. Perry,0,0,0,0.0,0,0,0,0,0,0,0,0,0.0,0.0,0.8%,WR,2023
374,375,Adonai Mitchell,0,0,0,0.0,0,0,0,0,0,0,0,0,0.0,0.0,15.5%,WR,2023
375,376,Mitchell Tinsley,0,0,0,0.0,0,0,0,0,0,0,0,0,0.0,0.0,0.0%,WR,2023
376,377,Jalen Virgil,0,0,0,0.0,0,0,0,0,0,0,0,0,0.0,0.0,0.0%,WR,2023
377,378,Braylon Sanders,0,0,0,0.0,0,0,0,0,0,0,0,0,0.0,0.0,0.0%,WR,2023
378,379,Johnny Johnson,0,0,0,0.0,0,0,0,0,0,0,0,0,0.0,0.0,0.0%,WR,2023
379,380,Britain Covey,0,0,0,0.0,0,0,0,0,0,0,0,1,0.0,0.0,0.1%,WR,2023
380,381,Keenan Allen,0,0,0,0.0,0,0,0,0,0,0,0,0,0.0,0.0,91.1%,WR,2023
381,382,Patrick Edwards,0,0,0,0.0,0,0,0,0,0,0,0,0,0.0,0.0,0.0%,WR,2023
382,383,Mike Evans,0,0,0,0.0,0,0,0,0,0,0,0,0,0.0,0.0,98.1%,WR,2023
383,384,Jordan Matthews,0,0,0,0.0,0,0,0,0,0,0,0,0,0.0,0.0,0.0%,WR,2023
384,385,Kenny McKinley,0,0,0,0.0,0,0,0,0,0,0,0,0,0.0,0.0,0.0%,WR,2023
385,386,Mike Furrey,0,0,0,0.0,0,0,0,0,0,0,0,0,0.0,0.0,0.0%,WR,2023
386,387,Nate Hughes,0,0,0,0.0,0,0,0,0,0,0,0,0,0.0,0.0,0.0%,WR,2023
387,388,Maurice Purify,0,0,0,0.0,0,0,0,0,0,0,0,0,0.0,0.0,0.0%,WR,2023
388,389,Matthew Slater,0,0,0,0.0,0,0,0,0,0,0,0,1,0.0,0.0,0.0%,WR,2023
389,390,Marko Mitchell,0,0,0,0.0,0,0,0,0,0,0,0,0,0.0,0.0,0.0%,WR,2023
390,391,Bobby Wade,0,0,0,0.0,0,0,0,0,0,0,0,0,0.0,0.0,0.0%,WR,2023
391,392,Chris Henry,0,0,0,0.0,0,0,0,0,0,0,0,0,0.0,0.0,0.0%,WR,2023
392,393,Randall Cobb,0,1,0,0.0,0,0,0,0,0,0,0,1,0.0,0.0,0.0%,WR,2023
393,394,Demario Ballard,0,0,0,0.0,0,0,0,0,0,0,0,0,0.0,0.0,0.0%,WR,2023
394,395,Rod Harper,0,0,0,0.0,0,0,0,0,0,0,0,0,0.0,0.0,0.0%,WR,2023
395,396,Sam Giguere,0,0,0,0.0,0,0,0,0,0,0,0,0,0.0,0.0,0.0%,WR,2023
396,397,Justin Hardee,0,0,0,0.0,0,0,0,0,0,0,0,1,0.0,0.0,0.0%,WR,2023
397,398,David Moore,0,0,0,0.0,0,0,0,0,0,0,0,0,0.0,0.0,0.1%,WR,2023
398,399,Zach Pascal,0,1,0,0.0,0,0,0,0,0,0,0,1,0.0,0.0,0.1%,WR,2023
399,400,Mike Williams,0,0,0,0.0,0,0,0,0,0,0,0,0,0.0,0.0,48.2%,WR,2023
400,401,John Ross,0,0,0,0.0,0,0,0,0,0,0,0,0,0.0,0.0,0.0%,WR,2023
401,402,Chris Godwin,0,0,0,0.0,0,0,0,0,0,0,0,0,0.0,0.0,90.4%,WR,2023
402,403,Trent Taylor,0,0,0,0.0,0,0,0,0,0,0,0,1,0.0,0.0,0.0%,WR,2023
403,404,Tim Patrick,0,0,0,0.0,0,0,0,0,0,0,0,0,0.0,0.0,0.6%,WR,2023
404,405,Noah Brown,0,0,0,0.0,0,0,0,0,0,0,0,0,0.0,0.0,23.5%,WR,2023
405,406,Cam Sims,0,0,0,0.0,0,0,0,0,0,0,0,0,0.0,0.0,0.0%,WR,2023
406,407,DK Metcalf,0,0,0,0.0,0,0,0,0,0,0,0,0,0.0,0.0,98.5%,WR,2023
407,408,N'Keal Harry,0,0,0,0.0,0,0,0,0,0,0,0,1,0.0,0.0,0.1%,WR,2023
408,409,Tre'Quan Smith,0,0,0,0.0,0,0,0,0,0,0,0,0,0.0,0.0,0.0%,WR,2023
409,410,River Cracraft,0,0,0,0.0,0,0,0,0,0,0,0,0,0.0,0.0,0.1%,WR,2023
410,411,Dante Pettis,0,0,0,0.0,0,0,0,0,0,0,0,0,0.0,0.0,0.1%,WR,2023
411,412,Alex McGough,0,0,0,0.0,0,0,0,0,0,0,0,0,0.0,0.0,0.0%,WR,2023
412,413,Equanimeous St.,0,1,0,0.0,0,0,0,0,0,0,0,1,0.0,0.0,0.1%,WR,2023
413,414,Daurice Fountain,0,0,0,0.0,0,0,0,0,0,0,0,0,0.0,0.0,0.0%,WR,2023
414,415,Chris Conley,0,0,0,0.0,0,0,0,0,0,0,0,0,0.0,0.0,0.1%,WR,2023
415,416,Phillip Dorsett,0,0,0,0.0,0,0,0,0,0,0,0,0,0.0,0.0,0.0%,WR,2023
416,417,Tyler Lockett,0,0,0,0.0,0,0,0,0,0,0,0,0,0.0,0.0,88.8%,WR,2023
417,418,Ty Montgomery,1,4,5,5.0,5,0,0,1,0,0,0,1,0.0,0.0,0.0%,WR,2023
418,419,Damiere Byrd,0,0,0,0.0,0,0,0,0,0,0,0,0,0.0,0.0,0.0%,WR,2023
419,420,Amari Cooper,0,0,0,0.0,0,0,0,0,0,0,0,0,0.0,0.0,91.5%,WR,2023
420,421,Robbie Chosen,0,0,0,0.0,0,0,0,0,0,0,0,1,0.0,0.0,0.0%,WR,2023
421,422,Chris Moore,0,0,0,0.0,0,0,0,0,0,0,0,1,0.0,0.0,0.1%,WR,2023
422,423,Demarcus Robinson,0,0,0,0.0,0,0,0,0,0,0,0,0,0.0,0.0,15.2%,WR,2023
423,424,Laquon Treadwell,0,0,0,0.0,0,0,0,0,0,0,0,1,0.0,0.0,0.0%,WR,2023
424,425,Derek Slywka,0,0,0,0.0,0,0,0,0,0,0,0,0,0.0,0.0,0.0%,WR,2023
425,426,Marvin Mims,1,1,4,4.0,4,0,0,0,0,0,1,1,-1.6,-1.6,6.8%,WR,2023
426,427,Xavier Gipson,0,0,0,0.0,0,0,0,0,0,0,1,1,-2.0,-2.0,0.7%,WR,2023
427,428,Gunner Olszewski,0,0,0,0.0,0,0,0,0,0,0,1,1,-2.0,-2.0,0.1%,WR,2023
