,Rank,Player,Receiving Receptions,Receiving Target,Receiving Yards,Yards/Reception,Longest Reception,Receiving 20+,Receiving Touchdowns,Rushing Attempts,Rushing Yards,Rushing Touchdown,Fumbles,Games Played,Fantasy Football Points,FTPS/Game,ROST,Position,Year
0,1,Tyreek Hill,6,10,163,27.2,47,4,1,0,0,0,0,1,22.3,22.3,100.0%,WR,2023
1,2,Cooper Kupp,7,9,148,21.1,49,3,1,0,0,0,0,1,20.8,20.8,97.9%,WR,2023
2,3,Amon-Ra St.,12,15,124,10.3,27,2,1,0,0,0,0,1,18.4,18.4,100.0%,WR,2023
3,4,Adam Thielen,11,13,115,10.5,27,1,1,0,0,0,0,1,17.5,17.5,74.6%,WR,2023
4,5,Rashid Shaheed,2,6,85,42.5,51,2,1,2,18,0,0,1,16.3,16.3,45.3%,WR,2023
5,6,Keenan Allen,7,11,85,12.1,23,2,1,0,0,0,0,1,14.5,14.5,91.1%,WR,2023
6,7,A.J. Brown,7,9,131,18.7,49,2,0,0,0,0,0,1,13.1,13.1,99.9%,WR,2023
7,8,Drake London,9,12,125,13.9,32,2,0,0,0,0,0,1,12.5,12.5,93.0%,WR,2023
8,9,Jakobi Meyers,5,7,61,12.2,16,0,1,0,0,0,0,1,12.1,12.1,75.0%,WR,2023
9,10,CeeDee Lamb,7,7,117,16.7,23,2,0,0,0,0,0,1,11.7,11.7,100.0%,WR,2023
10,11,Jameson Williams,2,3,53,26.5,45,1,1,0,0,0,0,1,11.3,11.3,42.1%,WR,2023
11,12,Zay Flowers,6,8,50,8.3,14,0,1,1,1,0,0,1,11.1,11.1,92.0%,WR,2023
12,13,Jaylen Waddle,7,9,51,7.3,17,0,1,0,0,0,0,1,11.1,11.1,96.3%,WR,2023
13,14,Brandin Cooks,4,4,36,9.0,17,0,1,1,14,0,0,1,11.0,11.0,43.5%,WR,2023
14,15,Michael Pittman,9,14,109,12.1,40,1,0,0,0,0,0,1,10.9,10.9,97.2%,WR,2023
15,16,Christian Kirk,3,6,49,16.3,29,1,1,0,0,0,0,1,10.9,10.9,70.7%,WR,2023
16,17,Amari Cooper,4,8,108,27.0,58,2,0,0,0,0,0,1,10.8,10.8,91.5%,WR,2023
17,18,Courtland Sutton,4,6,46,11.5,21,1,1,0,0,0,0,1,10.6,10.6,83.4%,WR,2023
18,19,Curtis Samuel,4,4,42,10.5,16,0,1,1,0,0,0,1,10.2,10.2,49.2%,WR,2023
19,20,Stefon Diggs,10,16,100,10.0,28,1,0,0,0,0,0,1,10.0,10.0,99.7%,WR,2023
20,21,Tyler Boyd,7,7,38,5.4,9,0,1,0,0,0,0,1,9.8,9.8,28.0%,WR,2023
21,22,Chris Olave,7,10,96,13.7,24,1,0,0,0,0,0,1,9.6,9.6,98.8%,WR,2023
22,23,Tyler Lockett,6,8,94,15.7,36,2,0,0,0,0,0,1,9.4,9.4,88.8%,WR,2023
23,24,Kendrick Bourne,10,11,89,8.9,36,1,0,1,4,0,0,1,9.3,9.3,4.5%,WR,2023
24,25,Garrett Wilson,8,12,90,11.3,33,1,0,0,0,0,0,1,9.0,9.0,97.7%,WR,2023
25,26,Jordan Addison,3,5,28,9.3,15,0,1,0,0,0,0,1,8.8,8.8,88.6%,WR,2023
26,27,Terry McLaurin,6,11,81,13.5,22,1,0,0,0,0,0,1,8.1,8.1,90.3%,WR,2023
27,28,Josh Downs,5,8,21,4.2,9,0,1,0,0,0,0,1,8.1,8.1,26.9%,WR,2023
28,29,Ja'Marr Chase,6,13,80,13.3,31,2,0,0,0,0,0,1,8.0,8.0,99.4%,WR,2023
29,30,Nico Collins,4,6,80,20.0,28,2,0,0,0,0,0,1,8.0,8.0,95.7%,WR,2023
30,31,Chris Godwin,6,7,77,12.8,23,1,0,0,0,0,0,1,7.7,7.7,90.4%,WR,2023
31,32,Brandon Aiyuk,4,10,76,19.0,33,2,0,0,0,0,0,1,7.6,7.6,98.3%,WR,2023
32,33,Rashee Rice,4,4,72,18.0,28,2,0,0,0,0,0,1,7.2,7.2,89.6%,WR,2023
33,34,Darius Slayton,4,6,69,17.3,31,2,0,0,0,0,0,1,6.9,6.9,2.7%,WR,2023
34,35,DK Metcalf,4,9,69,17.3,30,1,0,0,0,0,0,1,6.9,6.9,98.5%,WR,2023
35,36,Robert Woods,1,3,6,6.0,6,0,1,0,0,0,0,1,6.6,6.6,2.7%,WR,2023
36,37,Kadarius Toney,3,6,9,3.0,5,0,1,2,-5,0,0,1,6.4,6.4,5.9%,WR,2023
37,38,Andrei Iosivas,1,1,3,3.0,3,0,1,0,0,0,0,1,6.3,6.3,0.5%,WR,2023
38,39,Deonte Harty,1,1,3,3.0,3,0,1,0,0,0,0,1,6.3,6.3,0.1%,WR,2023
39,40,Michael Wilson,3,4,62,20.7,26,1,0,0,0,0,0,1,6.2,6.2,8.2%,WR,2023
40,41,Wan'Dale Robinson,8,8,62,7.8,13,0,0,0,0,0,0,1,6.2,6.2,9.6%,WR,2023
41,42,Tre Tucker,2,2,57,28.5,48,1,0,1,4,0,0,1,6.1,6.1,0.6%,WR,2023
42,43,Joshua Palmer,4,7,60,15.0,26,1,0,0,0,0,0,1,6.0,6.0,25.6%,WR,2023
43,44,DJ Moore,5,8,51,10.2,24,1,0,0,0,0,0,1,5.1,5.1,97.7%,WR,2023
44,45,Josh Reynolds,3,3,50,16.7,21,2,0,0,0,0,0,1,5.0,5.0,7.4%,WR,2023
45,46,Mike Evans,4,10,49,12.3,18,0,0,0,0,0,0,1,4.9,4.9,98.1%,WR,2023
46,47,Darnell Mooney,2,3,48,24.0,39,1,0,0,0,0,0,1,4.8,4.8,39.1%,WR,2023
47,48,Jaxon Smith-Njigba,4,5,48,12.0,18,0,0,0,0,0,0,1,4.8,4.8,76.1%,WR,2023
48,49,K.J. Osborn,4,5,48,12.0,21,1,0,0,0,0,0,1,4.8,4.8,15.4%,WR,2023
49,50,Trey Palmer,2,7,47,23.5,26,2,0,0,0,0,0,1,4.7,4.7,1.5%,WR,2023
50,51,Michael Thomas,5,8,45,9.0,16,0,0,0,0,0,0,1,4.5,4.5,17.1%,WR,2023
51,52,DeVonta Smith,5,11,44,8.8,22,1,0,0,0,0,0,1,4.4,4.4,98.1%,WR,2023
52,53,Jake Bobo,2,2,43,21.5,23,2,0,0,0,0,0,1,4.3,4.3,0.3%,WR,2023
53,54,Mack Hollins,3,4,41,13.7,18,0,0,0,0,0,0,1,4.1,4.1,0.3%,WR,2023
54,55,Nelson Agholor,2,3,40,20.0,21,1,0,0,0,0,0,1,4.0,4.0,0.9%,WR,2023
55,56,Noah Brown,2,5,37,18.5,34,1,0,0,0,0,0,1,3.7,3.7,23.5%,WR,2023
56,57,Hollywood Brown,4,11,34,8.5,22,1,0,0,0,0,0,1,3.4,3.4,79.1%,WR,2023
57,58,Odell Beckham,2,4,34,17.0,32,1,0,0,0,0,0,1,3.4,3.4,33.2%,WR,2023
58,59,Tutu Atwell,1,1,30,30.0,30,1,0,0,0,0,0,1,3.0,3.0,9.4%,WR,2023
59,60,Davante Adams,2,5,29,14.5,21,1,0,0,0,0,0,1,2.9,2.9,99.9%,WR,2023
60,61,Elijah Moore,4,7,19,4.8,9,0,0,1,8,0,0,1,2.7,2.7,23.3%,WR,2023
61,62,Ray-Ray McCloud,1,2,4,4.0,4,0,0,2,23,0,0,1,2.7,2.7,0.6%,WR,2023
62,63,Jauan Jennings,2,4,26,13.0,17,0,0,0,0,0,0,1,2.6,2.6,0.8%,WR,2023
63,64,Rondale Moore,4,7,30,7.5,9,0,0,3,-4,0,0,1,2.6,2.6,5.3%,WR,2023
64,65,DJ Chark,3,6,26,8.7,24,1,0,0,0,0,0,1,2.6,2.6,4.6%,WR,2023
65,66,Kalif Raymond,3,3,23,7.7,12,0,0,1,3,0,0,1,2.6,2.6,1.3%,WR,2023
66,67,Puka Nacua,4,7,26,6.5,9,0,0,0,0,0,0,1,2.6,2.6,96.9%,WR,2023
67,68,Calvin Ridley,4,8,30,7.5,10,0,0,1,-4,0,0,1,2.6,2.6,95.2%,WR,2023
68,69,Alec Pierce,3,6,25,8.3,14,0,0,0,0,0,0,1,2.5,2.5,2.3%,WR,2023
69,70,Nick Westbrook-Ikhine,3,4,25,8.3,10,0,0,0,0,0,0,1,2.5,2.5,0.2%,WR,2023
70,71,Marquise Goodwin,1,2,4,4.0,4,0,0,1,20,0,0,1,2.4,2.4,0.0%,WR,2023
71,72,Michael Gallup,3,10,24,8.0,11,0,0,0,0,0,0,1,2.4,2.4,6.4%,WR,2023
72,73,Isaiah McKenzie,2,2,23,11.5,12,0,0,0,0,0,0,1,2.3,2.3,0.2%,WR,2023
73,74,Skyy Moore,2,4,22,11.0,12,0,0,0,0,0,0,1,2.2,2.2,6.4%,WR,2023
74,75,Jonathan Mingo,2,3,21,10.5,11,0,0,0,0,0,0,1,2.1,2.1,7.1%,WR,2023
75,76,Jalin Hyatt,3,4,21,7.0,12,0,0,0,0,0,0,1,2.1,2.1,3.5%,WR,2023
76,77,Randall Cobb,0,3,0,0.0,0,0,0,0,0,0,0,1,2.0,2.0,0.0%,WR,2023
77,78,Braxton Berrios,2,2,20,10.0,10,0,0,0,0,0,0,1,2.0,2.0,1.2%,WR,2023
78,79,DeAndre Hopkins,1,5,20,20.0,20,1,0,0,0,0,0,1,2.0,2.0,92.5%,WR,2023
79,80,Tee Higgins,2,4,20,10.0,11,0,0,0,0,0,0,1,2.0,2.0,94.5%,WR,2023
80,81,Velus Jones,1,1,5,5.0,5,0,0,2,15,0,0,1,2.0,2.0,0.2%,WR,2023
81,82,Brandon Powell,3,4,20,6.7,9,0,0,1,-1,0,0,1,1.9,1.9,0.7%,WR,2023
82,83,Xavier Gipson,0,0,0,0.0,0,0,0,1,18,0,0,1,1.8,1.8,0.7%,WR,2023
83,84,Laviska Shenault,3,3,15,5.0,8,0,0,1,2,0,0,1,1.7,1.7,0.2%,WR,2023
84,85,Rashod Bateman,2,3,15,7.5,8,0,0,0,0,0,0,1,1.5,1.5,9.5%,WR,2023
85,86,Xavier Hutchinson,0,0,0,0.0,0,0,0,2,15,0,0,1,1.5,1.5,0.1%,WR,2023
86,87,Jerry Jeudy,3,5,14,4.7,13,0,0,0,0,0,0,1,1.4,1.4,62.5%,WR,2023
87,88,Khalil Shakir,1,1,13,13.0,13,0,0,0,0,0,0,1,1.3,1.3,11.3%,WR,2023
88,89,Tyler Scott,2,4,12,6.0,7,0,0,0,0,0,0,1,1.2,1.2,0.3%,WR,2023
89,90,Deebo Samuel,0,1,0,0.0,0,0,0,2,11,0,0,1,1.1,1.1,98.8%,WR,2023
90,91,Allen Lazard,1,3,8,8.0,8,0,0,0,0,0,0,1,0.8,0.8,4.8%,WR,2023
91,92,DeVante Parker,1,3,7,7.0,7,0,0,0,0,0,0,1,0.7,0.7,1.7%,WR,2023
92,93,Chris Moore,1,1,6,6.0,6,0,0,0,0,0,0,1,0.6,0.6,0.1%,WR,2023
93,94,David Bell,1,3,6,6.0,6,0,0,0,0,0,0,1,0.6,0.6,0.2%,WR,2023
94,95,Tyquan Thornton,1,2,6,6.0,6,0,0,0,0,0,0,1,0.6,0.6,0.2%,WR,2023
95,96,Marvin Jones,1,1,5,5.0,5,0,0,0,0,0,0,1,0.5,0.5,0.1%,WR,2023
96,97,Olamide Zaccheaus,1,2,5,5.0,5,0,0,0,0,0,0,1,0.5,0.5,0.1%,WR,2023
97,98,Scotty Miller,1,2,4,4.0,4,0,0,0,0,0,0,1,0.4,0.4,0.1%,WR,2023
98,99,Deven Thompkins,2,4,-2,-1.0,0,0,0,1,5,0,0,1,0.3,0.3,0.1%,WR,2023
99,100,Gabe Davis,3,4,21,7.0,9,0,0,0,0,0,1,1,0.1,0.1,54.0%,WR,2023
100,101,Chris Blair,0,0,0,0.0,0,0,0,0,0,0,0,0,0.0,0.0,0.0%,WR,2023
101,102,Dee Eskridge,0,0,0,0.0,0,0,0,0,0,0,0,0,0.0,0.0,0.1%,WR,2023
102,103,Jaelon Darden,0,0,0,0.0,0,0,0,0,0,0,0,1,0.0,0.0,0.0%,WR,2023
103,104,Austin Watkins,0,0,0,0.0,0,0,0,0,0,0,0,0,0.0,0.0,0.0%,WR,2023
104,105,Dax Milne,0,0,0,0.0,0,0,0,0,0,0,0,0,0.0,0.0,0.0%,WR,2023
105,106,Cornell Powell,0,0,0,0.0,0,0,0,0,0,0,0,0,0.0,0.0,0.0%,WR,2023
106,107,Steven Sims,0,0,0,0.0,0,0,0,0,0,0,0,0,0.0,0.0,0.0%,WR,2023
107,108,Jalen Guyton,0,0,0,0.0,0,0,0,0,0,0,0,0,0.0,0.0,1.1%,WR,2023
108,109,Nsimba Webster,0,0,0,0.0,0,0,0,0,0,0,0,0,0.0,0.0,0.0%,WR,2023
109,110,Alex Bachman,0,0,0,0.0,0,0,0,0,0,0,0,0,0.0,0.0,0.0%,WR,2023
110,111,D.J. Montgomery,0,0,0,0.0,0,0,0,0,0,0,0,0,0.0,0.0,0.0%,WR,2023
111,112,Jeff Smith,0,0,0,0.0,0,0,0,0,0,0,0,0,0.0,0.0,0.0%,WR,2023
112,113,Tyron Billy-Johnson,0,0,0,0.0,0,0,0,0,0,0,0,0,0.0,0.0,0.0%,WR,2023
113,114,Malik Taylor,0,0,0,0.0,0,0,0,0,0,0,0,0,0.0,0.0,0.0%,WR,2023
114,115,Devin Duvernay,0,0,0,0.0,0,0,0,0,0,0,0,1,0.0,0.0,0.2%,WR,2023
115,116,Jalen Reagor,0,0,0,0.0,0,0,0,0,0,0,0,1,0.0,0.0,0.1%,WR,2023
116,117,Justin Jefferson,0,0,0,0.0,0,0,0,0,0,0,0,0,0.0,0.0,100.0%,WR,2023
117,118,KJ Hamler,0,0,0,0.0,0,0,0,0,0,0,0,0,0.0,0.0,0.1%,WR,2023
118,119,Donovan Peoples-Jones,0,1,0,0.0,0,0,0,0,0,0,0,1,0.0,0.0,1.8%,WR,2023
119,120,Denzel Mims,0,0,0,0.0,0,0,0,0,0,0,0,0,0.0,0.0,0.0%,WR,2023
120,121,James Proche,0,0,0,0.0,0,0,0,0,0,0,0,0,0.0,0.0,0.0%,WR,2023
121,122,Tom Kennedy,0,0,0,0.0,0,0,0,0,0,0,0,0,0.0,0.0,0.0%,WR,2023
122,123,Gunner Olszewski,0,0,0,0.0,0,0,0,0,0,0,0,0,0.0,0.0,0.1%,WR,2023
123,124,Davion Davis,0,0,0,0.0,0,0,0,0,0,0,0,0,0.0,0.0,0.0%,WR,2023
124,125,Parris Campbell,0,0,0,0.0,0,0,0,0,0,0,0,1,0.0,0.0,0.7%,WR,2023
125,126,Andy Isabella,0,0,0,0.0,0,0,0,0,0,0,0,0,0.0,0.0,0.0%,WR,2023
126,127,Collin Johnson,0,0,0,0.0,0,0,0,0,0,0,0,0,0.0,0.0,0.0%,WR,2023
127,128,Hunter Renfrow,0,0,0,0.0,0,0,0,0,0,0,0,1,0.0,0.0,0.7%,WR,2023
128,129,KaVontae Turpin,0,0,0,0.0,0,0,0,0,0,0,0,1,0.0,0.0,0.7%,WR,2023
129,130,Quinton Bell,0,0,0,0.0,0,0,0,0,0,0,0,0,0.0,0.0,0.0%,WR,2023
130,131,Miles Boykin,0,0,0,0.0,0,0,0,0,0,0,0,0,0.0,0.0,0.0%,WR,2023
131,132,Ashton Dulin,0,0,0,0.0,0,0,0,0,0,0,0,0,0.0,0.0,0.1%,WR,2023
132,133,Juwann Winfree,0,0,0,0.0,0,0,0,0,0,0,0,0,0.0,0.0,0.0%,WR,2023
133,134,Tyler Johnson,0,0,0,0.0,0,0,0,0,0,0,0,0,0.0,0.0,0.0%,WR,2023
134,135,Trenton Irwin,0,0,0,0.0,0,0,0,0,0,0,0,1,0.0,0.0,0.6%,WR,2023
135,136,Chase Claypool,0,0,0,0.0,0,0,0,0,0,0,0,0,0.0,0.0,0.8%,WR,2023
136,137,Mecole Hardman,0,2,0,0.0,0,0,0,0,0,0,0,1,0.0,0.0,1.2%,WR,2023
137,138,Cody Thompson,0,0,0,0.0,0,0,0,0,0,0,0,1,0.0,0.0,0.0%,WR,2023
138,139,Keelan Doss,0,0,0,0.0,0,0,0,0,0,0,0,1,0.0,0.0,0.0%,WR,2023
139,140,David Sills,0,0,0,0.0,0,0,0,0,0,0,0,0,0.0,0.0,0.0%,WR,2023
140,141,Greg Dortch,0,1,0,0.0,0,0,0,0,0,0,0,1,0.0,0.0,4.4%,WR,2023
141,142,Lil'Jordan Humphrey,0,0,0,0.0,0,0,0,0,0,0,0,1,0.0,0.0,0.1%,WR,2023
142,143,Stanley Morgan,0,0,0,0.0,0,0,0,0,0,0,0,0,0.0,0.0,0.0%,WR,2023
143,144,Diontae Johnson,0,0,0,0.0,0,0,0,0,0,0,0,0,0.0,0.0,83.3%,WR,2023
144,145,Isaiah Hodgins,0,0,0,0.0,0,0,0,0,0,0,0,1,0.0,0.0,0.6%,WR,2023
145,146,Seth Williams,0,0,0,0.0,0,0,0,0,0,0,0,0,0.0,0.0,0.0%,WR,2023
146,147,Amari Rodgers,0,2,0,0.0,0,0,0,0,0,0,0,1,0.0,0.0,0.0%,WR,2023
147,148,Anthony Schwartz,0,0,0,0.0,0,0,0,0,0,0,0,0,0.0,0.0,0.0%,WR,2023
148,149,Andre Baccellia,0,0,0,0.0,0,0,0,0,0,0,0,0,0.0,0.0,0.0%,WR,2023
149,150,Dan Chisena,0,0,0,0.0,0,0,0,0,0,0,0,0,0.0,0.0,0.0%,WR,2023
150,151,Ihmir Smith-Marsette,0,0,0,0.0,0,0,0,0,0,0,0,1,0.0,0.0,0.1%,WR,2023
151,152,Dez Fitzpatrick,0,0,0,0.0,0,0,0,0,0,0,0,0,0.0,0.0,0.0%,WR,2023
152,153,Dyami Brown,0,1,0,0.0,0,0,0,0,0,0,0,1,0.0,0.0,0.2%,WR,2023
153,154,Tyrie Cleveland,0,0,0,0.0,0,0,0,0,0,0,0,0,0.0,0.0,0.0%,WR,2023
154,155,Austin Mack,0,0,0,0.0,0,0,0,0,0,0,0,0,0.0,0.0,0.0%,WR,2023
155,156,Lawrence Cager,0,0,0,0.0,0,0,0,0,0,0,0,1,0.0,0.0,0.0%,WR,2023
156,157,Mason Kinsey,0,0,0,0.0,0,0,0,0,0,0,0,0,0.0,0.0,0.0%,WR,2023
157,158,Quez Watkins,0,0,0,0.0,0,0,0,0,0,0,0,0,0.0,0.0,0.2%,WR,2023
158,159,Freddie Swain,0,0,0,0.0,0,0,0,0,0,0,0,0,0.0,0.0,0.0%,WR,2023
159,160,Cody White,0,0,0,0.0,0,0,0,0,0,0,0,0,0.0,0.0,0.0%,WR,2023
160,161,Trishton Jackson,0,0,0,0.0,0,0,0,0,0,0,0,1,0.0,0.0,0.0%,WR,2023
161,162,Marquez Callaway,0,0,0,0.0,0,0,0,0,0,0,0,0,0.0,0.0,0.1%,WR,2023
162,163,Van Jefferson,0,2,0,0.0,0,0,0,0,0,0,0,1,0.0,0.0,1.4%,WR,2023
163,164,Easop Winston,0,0,0,0.0,0,0,0,0,0,0,0,0,0.0,0.0,0.0%,WR,2023
164,165,Lynn Bowden,0,0,0,0.0,0,0,0,0,0,0,0,1,0.0,0.0,0.0%,WR,2023
165,166,Justyn Ross,0,0,0,0.0,0,0,0,0,0,0,0,1,0.0,0.0,0.2%,WR,2023
166,167,Jaylon Moore,0,0,0,0.0,0,0,0,0,0,0,0,0,0.0,0.0,0.0%,WR,2023
167,168,Tylan Wallace,0,0,0,0.0,0,0,0,0,0,0,0,0,0.0,0.0,0.1%,WR,2023
168,169,Scotty Washington,0,0,0,0.0,0,0,0,0,0,0,0,0,0.0,0.0,0.0%,WR,2023
169,170,Kristian Wilkerson,0,0,0,0.0,0,0,0,0,0,0,0,0,0.0,0.0,0.0%,WR,2023
170,171,Ben Skowronek,0,0,0,0.0,0,0,0,0,0,0,0,1,0.0,0.0,0.1%,WR,2023
171,172,Zavier Scott,0,0,0,0.0,0,0,0,0,0,0,0,0,0.0,0.0,0.0%,WR,2023
172,173,Jason Brownlee,0,0,0,0.0,0,0,0,0,0,0,0,0,0.0,0.0,0.1%,WR,2023
173,174,Nikko Remigio,0,0,0,0.0,0,0,0,0,0,0,0,0,0.0,0.0,0.0%,WR,2023
174,175,Shedrick Jackson,0,0,0,0.0,0,0,0,0,0,0,0,0,0.0,0.0,0.0%,WR,2023
175,176,Thyrick Pitts,0,0,0,0.0,0,0,0,0,0,0,0,0,0.0,0.0,0.0%,WR,2023
176,177,Tyrell Shavers,0,0,0,0.0,0,0,0,0,0,0,0,0,0.0,0.0,0.0%,WR,2023
177,178,Xavier Smith,0,0,0,0.0,0,0,0,0,0,0,0,0,0.0,0.0,0.0%,WR,2023
178,179,Brycen Tremayne,0,0,0,0.0,0,0,0,0,0,0,0,0,0.0,0.0,0.0%,WR,2023
179,180,Daniel Arias,0,0,0,0.0,0,0,0,0,0,0,0,0,0.0,0.0,0.0%,WR,2023
180,181,Duece Watts,0,0,0,0.0,0,0,0,0,0,0,0,0,0.0,0.0,0.0%,WR,2023
181,182,Malik Heath,0,0,0,0.0,0,0,0,0,0,0,0,0,0.0,0.0,0.2%,WR,2023
182,183,Daewood Davis,0,0,0,0.0,0,0,0,0,0,0,0,0,0.0,0.0,0.0%,WR,2023
183,184,Devontez Walker,0,0,0,0.0,0,0,0,0,0,0,0,0,0.0,0.0,0.9%,WR,2023
184,185,Keon Coleman,0,0,0,0.0,0,0,0,0,0,0,0,0,0.0,0.0,78.6%,WR,2023
185,186,Sean Ryan,0,0,0,0.0,0,0,0,0,0,0,0,0,0.0,0.0,0.0%,WR,2023
186,187,Dylan Drummond,0,0,0,0.0,0,0,0,0,0,0,0,0,0.0,0.0,0.0%,WR,2023
187,188,Ryan Miller,0,0,0,0.0,0,0,0,0,0,0,0,0,0.0,0.0,0.0%,WR,2023
188,189,Tre'Shaun Harrison,0,0,0,0.0,0,0,0,0,0,0,0,0,0.0,0.0,0.0%,WR,2023
189,190,Bryan Thompson,0,0,0,0.0,0,0,0,0,0,0,0,0,0.0,0.0,0.0%,WR,2023
190,191,David Durden,0,0,0,0.0,0,0,0,0,0,0,0,0,0.0,0.0,0.0%,WR,2023
191,192,John Stephens,0,0,0,0.0,0,0,0,0,0,0,0,0,0.0,0.0,0.0%,WR,2023
192,193,Lucky Jackson,0,0,0,0.0,0,0,0,0,0,0,0,0,0.0,0.0,0.0%,WR,2023
193,194,Malachi Corley,0,0,0,0.0,0,0,0,0,0,0,0,0,0.0,0.0,2.0%,WR,2023
194,195,Johnny Wilson,0,0,0,0.0,0,0,0,0,0,0,0,0,0.0,0.0,0.3%,WR,2023
195,196,Daylen Baldwin,0,0,0,0.0,0,0,0,0,0,0,0,0,0.0,0.0,0.0%,WR,2023
196,197,Josh Ali,0,0,0,0.0,0,0,0,0,0,0,0,0,0.0,0.0,0.0%,WR,2023
197,198,Cedric Tillman,0,0,0,0.0,0,0,0,0,0,0,0,0,0.0,0.0,0.8%,WR,2023
198,199,Jacob Cowing,0,0,0,0.0,0,0,0,0,0,0,0,0,0.0,0.0,0.3%,WR,2023
199,200,DeMario Douglas,0,0,0,0.0,0,0,0,0,0,0,0,0,0.0,0.0,21.4%,WR,2023
200,201,Derius Davis,0,0,0,0.0,0,0,0,0,0,0,0,1,0.0,0.0,0.3%,WR,2023
201,202,Charlie Jones,0,0,0,0.0,0,0,0,0,0,0,0,0,0.0,0.0,0.2%,WR,2023
202,203,Bryce Ford-Wheaton,0,0,0,0.0,0,0,0,0,0,0,0,0,0.0,0.0,0.0%,WR,2023
203,204,Jaray Jenkins,0,0,0,0.0,0,0,0,0,0,0,0,0,0.0,0.0,0.0%,WR,2023
204,205,Maurice Alexander,0,0,0,0.0,0,0,0,0,0,0,0,0,0.0,0.0,0.0%,WR,2023
205,206,Jalen Cropper,0,0,0,0.0,0,0,0,0,0,0,0,0,0.0,0.0,0.0%,WR,2023
206,207,Elijah Cooks,0,0,0,0.0,0,0,0,0,0,0,0,1,0.0,0.0,0.0%,WR,2023
207,208,Malik Knowles,0,0,0,0.0,0,0,0,0,0,0,0,0,0.0,0.0,0.0%,WR,2023
208,209,Antoine Green,0,0,0,0.0,0,0,0,0,0,0,0,1,0.0,0.0,0.1%,WR,2023
209,210,Colton Dowell,0,0,0,0.0,0,0,0,0,0,0,0,1,0.0,0.0,0.0%,WR,2023
210,211,Jalen Brooks,0,0,0,0.0,0,0,0,0,0,0,0,1,0.0,0.0,0.1%,WR,2023
211,212,Grant DuBose,0,0,0,0.0,0,0,0,0,0,0,0,0,0.0,0.0,0.0%,WR,2023
212,213,Jared Wayne,0,0,0,0.0,0,0,0,0,0,0,0,0,0.0,0.0,0.0%,WR,2023
213,214,Thayer Thomas,0,0,0,0.0,0,0,0,0,0,0,0,0,0.0,0.0,0.0%,WR,2023
214,215,Cephus Johnson,0,0,0,0.0,0,0,0,0,0,0,0,0,0.0,0.0,0.0%,WR,2023
215,216,Shaquan Davis,0,0,0,0.0,0,0,0,0,0,0,0,0,0.0,0.0,0.0%,WR,2023
216,217,Kazmeir Allen,0,0,0,0.0,0,0,0,0,0,0,0,0,0.0,0.0,0.0%,WR,2023
217,218,Matt Landers,0,0,0,0.0,0,0,0,0,0,0,0,0,0.0,0.0,0.0%,WR,2023
218,219,Tank Dell,0,0,0,0.0,0,0,0,0,0,0,0,0,0.0,0.0,60.2%,WR,2023
219,220,Malik Nabers,0,0,0,0.0,0,0,0,0,0,0,0,0,0.0,0.0,91.5%,WR,2023
220,221,Rome Odunze,0,0,0,0.0,0,0,0,0,0,0,0,0,0.0,0.0,76.6%,WR,2023
221,222,Sam Pinckney,0,0,0,0.0,0,0,0,0,0,0,0,0,0.0,0.0,0.0%,WR,2023
222,223,Isaiah Wooden,0,0,0,0.0,0,0,0,0,0,0,0,0,0.0,0.0,0.0%,WR,2023
223,224,JaQuae Jackson,0,0,0,0.0,0,0,0,0,0,0,0,0,0.0,0.0,0.0%,WR,2023
224,225,Sam Schnee,0,0,0,0.0,0,0,0,0,0,0,0,0,0.0,0.0,0.0%,WR,2023
225,226,Bryce Oliver,0,0,0,0.0,0,0,0,0,0,0,0,0,0.0,0.0,0.0%,WR,2023
226,227,Isaiah Washington,0,0,0,0.0,0,0,0,0,0,0,0,0,0.0,0.0,0.0%,WR,2023
227,228,Lawrence Keys,0,0,0,0.0,0,0,0,0,0,0,0,0,0.0,0.0,0.0%,WR,2023
228,229,Kameron Johnson,0,0,0,0.0,0,0,0,0,0,0,0,0,0.0,0.0,0.0%,WR,2023
229,230,Terique Owens,0,0,0,0.0,0,0,0,0,0,0,0,0,0.0,0.0,0.0%,WR,2023
230,231,OJ Hiliare,0,0,0,0.0,0,0,0,0,0,0,0,0,0.0,0.0,0.0%,WR,2023
231,232,Tyler Harrell,0,0,0,0.0,0,0,0,0,0,0,0,0,0.0,0.0,0.0%,WR,2023
232,233,Dee Williams,0,0,0,0.0,0,0,0,0,0,0,0,0,0.0,0.0,0.0%,WR,2023
233,234,Cam Johnson,0,0,0,0.0,0,0,0,0,0,0,0,0,0.0,0.0,0.0%,WR,2023
234,235,Geordon Porter,0,0,0,0.0,0,0,0,0,0,0,0,0,0.0,0.0,0.0%,WR,2023
235,236,Ayir Asante,0,0,0,0.0,0,0,0,0,0,0,0,0,0.0,0.0,0.0%,WR,2023
236,237,Mason Tipton,0,0,0,0.0,0,0,0,0,0,0,0,0,0.0,0.0,0.0%,WR,2023
237,238,Corey Crooms,0,0,0,0.0,0,0,0,0,0,0,0,0,0.0,0.0,0.0%,WR,2023
238,239,Tre Mosley,0,0,0,0.0,0,0,0,0,0,0,0,0,0.0,0.0,0.0%,WR,2023
239,240,Drake Stoops,0,0,0,0.0,0,0,0,0,0,0,0,0,0.0,0.0,0.0%,WR,2023
240,241,Jalon Calhoun,0,0,0,0.0,0,0,0,0,0,0,0,0,0.0,0.0,0.0%,WR,2023
241,242,Xavier Johnson,0,0,0,0.0,0,0,0,0,0,0,0,0,0.0,0.0,0.0%,WR,2023
242,243,Devin Carter,0,0,0,0.0,0,0,0,0,0,0,0,0,0.0,0.0,0.0%,WR,2023
243,244,Ahmarean Brown,0,0,0,0.0,0,0,0,0,0,0,0,0,0.0,0.0,0.0%,WR,2023
244,245,Xavier White,0,0,0,0.0,0,0,0,0,0,0,0,0,0.0,0.0,0.0%,WR,2023
245,246,Jeshaun Jones,0,0,0,0.0,0,0,0,0,0,0,0,0,0.0,0.0,0.0%,WR,2023
246,247,Leon Johnson,0,0,0,0.0,0,0,0,0,0,0,0,0,0.0,0.0,0.0%,WR,2023
247,248,Jeff Foreman,0,0,0,0.0,0,0,0,0,0,0,0,0,0.0,0.0,0.0%,WR,2023
248,249,Jaelen Gill,0,0,0,0.0,0,0,0,0,0,0,0,0,0.0,0.0,0.0%,WR,2023
249,250,Jaylen Johnson,0,0,0,0.0,0,0,0,0,0,0,0,0,0.0,0.0,0.0%,WR,2023
250,251,Jermaine Jackson,0,0,0,0.0,0,0,0,0,0,0,0,0,0.0,0.0,0.0%,WR,2023
251,252,Talik Keaton,0,0,0,0.0,0,0,0,0,0,0,0,0,0.0,0.0,0.0%,WR,2023
252,253,Julian Hicks,0,0,0,0.0,0,0,0,0,0,0,0,0,0.0,0.0,0.0%,WR,2023
253,254,Ty James,0,0,0,0.0,0,0,0,0,0,0,0,0,0.0,0.0,0.0%,WR,2023
254,255,Praise Olatoke,0,0,0,0.0,0,0,0,0,0,0,0,0,0.0,0.0,0.0%,WR,2023
255,256,Dakereon Joyner,0,0,0,0.0,0,0,0,0,0,0,0,0,0.0,0.0,0.0%,WR,2023
256,257,Latreal Jones,0,0,0,0.0,0,0,0,0,0,0,0,0,0.0,0.0,0.0%,WR,2023
257,258,Treveyon Pratt,0,0,0,0.0,0,0,0,0,0,0,0,0,0.0,0.0,0.0%,WR,2023
258,259,Xavier Wade,0,0,0,0.0,0,0,0,0,0,0,0,0,0.0,0.0,0.0%,WR,2023
259,260,Peter LeBlanc,0,0,0,0.0,0,0,0,0,0,0,0,0,0.0,0.0,0.0%,WR,2023
260,261,Dakota Caton,0,0,0,0.0,0,0,0,0,0,0,0,0,0.0,0.0,0.0%,WR,2023
261,262,John Jiles,0,0,0,0.0,0,0,0,0,0,0,0,0,0.0,0.0,0.0%,WR,2023
262,263,Tanner Knue,0,0,0,0.0,0,0,0,0,0,0,0,0,0.0,0.0,0.0%,WR,2023
263,264,Caleb Chapman,0,0,0,0.0,0,0,0,0,0,0,0,0,0.0,0.0,0.0%,WR,2023
264,265,John Jackson,0,0,0,0.0,0,0,0,0,0,0,0,0,0.0,0.0,0.0%,WR,2023
265,266,Hamze El-Zayat,0,0,0,0.0,0,0,0,0,0,0,0,0,0.0,0.0,0.0%,WR,2023
266,267,David Wallis,0,0,0,0.0,0,0,0,0,0,0,0,0,0.0,0.0,0.0%,WR,2023
267,268,Kaylon Horton,0,0,0,0.0,0,0,0,0,0,0,0,0,0.0,0.0,0.0%,WR,2023
268,269,Dimitri Stanley,0,0,0,0.0,0,0,0,0,0,0,0,0,0.0,0.0,0.0%,WR,2023
269,270,Sam Wiglusz,0,0,0,0.0,0,0,0,0,0,0,0,0,0.0,0.0,0.0%,WR,2023
270,271,Joseph Scates,0,0,0,0.0,0,0,0,0,0,0,0,0,0.0,0.0,0.0%,WR,2023
271,272,Zach Mathis,0,0,0,0.0,0,0,0,0,0,0,0,0,0.0,0.0,0.0%,WR,2023
272,273,Jaaron Hayek,0,0,0,0.0,0,0,0,0,0,0,0,0,0.0,0.0,0.0%,WR,2023
273,274,Brevin Easton,0,0,0,0.0,0,0,0,0,0,0,0,0,0.0,0.0,0.0%,WR,2023
274,275,Cole Burgess,0,0,0,0.0,0,0,0,0,0,0,0,0,0.0,0.0,0.0%,WR,2023
275,276,David White,0,0,0,0.0,0,0,0,0,0,0,0,0,0.0,0.0,0.0%,WR,2023
276,277,RJ Mobley,0,0,0,0.0,0,0,0,0,0,0,0,0,0.0,0.0,0.0%,WR,2023
277,278,JJ Laap,0,0,0,0.0,0,0,0,0,0,0,0,0,0.0,0.0,0.0%,WR,2023
278,279,Marcus Riley,0,0,0,0.0,0,0,0,0,0,0,0,0,0.0,0.0,0.0%,WR,2023
279,280,Phillip Brooks,0,0,0,0.0,0,0,0,0,0,0,0,0,0.0,0.0,0.0%,WR,2023
280,281,Cole Beck,0,0,0,0.0,0,0,0,0,0,0,0,0,0.0,0.0,0.0%,WR,2023
281,282,Qadir Ismail,0,0,0,0.0,0,0,0,0,0,0,0,0,0.0,0.0,0.0%,WR,2023
282,283,Hayden Hatten,0,0,0,0.0,0,0,0,0,0,0,0,0,0.0,0.0,0.0%,WR,2023
283,284,Casey Washington,0,0,0,0.0,0,0,0,0,0,0,0,0,0.0,0.0,0.1%,WR,2023
284,285,Chase Cota,0,0,0,0.0,0,0,0,0,0,0,0,0,0.0,0.0,0.0%,WR,2023
285,286,Ladd McConkey,0,0,0,0.0,0,0,0,0,0,0,0,0,0.0,0.0,76.1%,WR,2023
286,287,Xavier Legette,0,0,0,0.0,0,0,0,0,0,0,0,0,0.0,0.0,32.9%,WR,2023
287,288,Jamari Thrash,0,0,0,0.0,0,0,0,0,0,0,0,0,0.0,0.0,0.1%,WR,2023
288,289,Roman Wilson,0,0,0,0.0,0,0,0,0,0,0,0,0,0.0,0.0,2.4%,WR,2023
289,290,Jaxon Janke,0,0,0,0.0,0,0,0,0,0,0,0,0,0.0,0.0,0.0%,WR,2023
290,291,Anthony Gould,0,0,0,0.0,0,0,0,0,0,0,0,0,0.0,0.0,0.1%,WR,2023
291,292,Ryan Flournoy,0,0,0,0.0,0,0,0,0,0,0,0,0,0.0,0.0,0.2%,WR,2023
292,293,Jalen Coker,0,0,0,0.0,0,0,0,0,0,0,0,0,0.0,0.0,0.0%,WR,2023
293,294,Lideatrick Griffin,0,0,0,0.0,0,0,0,0,0,0,0,0,0.0,0.0,0.0%,WR,2023
294,295,Dayton Wade,0,0,0,0.0,0,0,0,0,0,0,0,0,0.0,0.0,0.0%,WR,2023
295,296,Jadon Janke,0,0,0,0.0,0,0,0,0,0,0,0,0,0.0,0.0,0.0%,WR,2023
296,297,Devaughn Vele,0,0,0,0.0,0,0,0,0,0,0,0,0,0.0,0.0,0.0%,WR,2023
297,298,Tejhaun Palmer,0,0,0,0.0,0,0,0,0,0,0,0,0,0.0,0.0,0.0%,WR,2023
298,299,Tahj Washington,0,0,0,0.0,0,0,0,0,0,0,0,0,0.0,0.0,0.0%,WR,2023
299,300,Isaiah Williams,0,0,0,0.0,0,0,0,0,0,0,0,0,0.0,0.0,0.0%,WR,2023
300,301,Ja'Lynn Polk,0,0,0,0.0,0,0,0,0,0,0,0,0,0.0,0.0,3.6%,WR,2023
301,302,Je'Quan Burton,0,0,0,0.0,0,0,0,0,0,0,0,0,0.0,0.0,0.0%,WR,2023
302,303,Brenden Rice,0,0,0,0.0,0,0,0,0,0,0,0,0,0.0,0.0,1.2%,WR,2023
303,304,Ricky Pearsall,0,0,0,0.0,0,0,0,0,0,0,0,0,0.0,0.0,7.0%,WR,2023
304,305,Jha'Quan Jackson,0,0,0,0.0,0,0,0,0,0,0,0,0,0.0,0.0,0.0%,WR,2023
305,306,Malik Washington,0,0,0,0.0,0,0,0,0,0,0,0,0,0.0,0.0,0.5%,WR,2023
306,307,Luke McCaffrey,0,0,0,0.0,0,0,0,0,0,0,0,0,0.0,0.0,3.4%,WR,2023
307,308,Marcus Rosemy-Jacksaint,0,0,0,0.0,0,0,0,0,0,0,0,0,0.0,0.0,0.0%,WR,2023
308,309,Bub Means,0,0,0,0.0,0,0,0,0,0,0,0,0,0.0,0.0,0.3%,WR,2023
309,310,Joshua Cephus,0,0,0,0.0,0,0,0,0,0,0,0,0,0.0,0.0,0.0%,WR,2023
310,311,Racey McMath,0,0,0,0.0,0,0,0,0,0,0,0,0,0.0,0.0,0.0%,WR,2023
311,312,Terrace Marshall,0,3,0,0.0,0,0,0,0,0,0,0,1,0.0,0.0,0.2%,WR,2023
312,313,Jacob Harris,0,0,0,0.0,0,0,0,0,0,0,0,0,0.0,0.0,0.0%,WR,2023
313,314,Jalen Camp,0,0,0,0.0,0,0,0,0,0,0,0,0,0.0,0.0,0.0%,WR,2023
314,315,Kawaan Baker,0,0,0,0.0,0,0,0,0,0,0,0,0,0.0,0.0,0.0%,WR,2023
315,316,Simi Fehoko,0,0,0,0.0,0,0,0,0,0,0,0,0,0.0,0.0,0.1%,WR,2023
316,317,Ainias Smith,0,0,0,0.0,0,0,0,0,0,0,0,0,0.0,0.0,0.2%,WR,2023
317,318,Quentin Johnston,0,2,0,0.0,0,0,0,0,0,0,0,1,0.0,0.0,19.4%,WR,2023
318,319,Ramel Keyton,0,0,0,0.0,0,0,0,0,0,0,0,0,0.0,0.0,0.0%,WR,2023
319,320,Jordan Whittington,0,0,0,0.0,0,0,0,0,0,0,0,0,0.0,0.0,0.1%,WR,2023
320,321,Jalen McMillan,0,0,0,0.0,0,0,0,0,0,0,0,0,0.0,0.0,1.1%,WR,2023
321,322,Michael Bandy,0,0,0,0.0,0,0,0,0,0,0,0,0,0.0,0.0,0.0%,WR,2023
322,323,Calvin Austin,0,0,0,0.0,0,0,0,0,0,0,0,0,0.0,0.0,0.8%,WR,2023
323,324,Erik Ezukanma,0,0,0,0.0,0,0,0,0,0,0,0,0,0.0,0.0,0.1%,WR,2023
324,325,Joseph Ngata,0,0,0,0.0,0,0,0,0,0,0,0,0,0.0,0.0,0.0%,WR,2023
325,326,Mike Strachan,0,0,0,0.0,0,0,0,0,0,0,0,0,0.0,0.0,0.0%,WR,2023
326,327,DJ Turner,0,0,0,0.0,0,0,0,0,0,0,0,0,0.0,0.0,0.1%,WR,2023
327,328,Tim Jones,0,0,0,0.0,0,0,0,0,0,0,0,1,0.0,0.0,0.0%,WR,2023
328,329,Parker Washington,0,0,0,0.0,0,0,0,0,0,0,0,0,0.0,0.0,2.6%,WR,2023
329,330,Jermaine Burton,0,0,0,0.0,0,0,0,0,0,0,0,0,0.0,0.0,2.6%,WR,2023
330,331,Kearis Jackson,0,0,0,0.0,0,0,0,0,0,0,0,0,0.0,0.0,0.0%,WR,2023
331,332,George Pickens,0,0,0,0.0,0,0,0,0,0,0,0,0,0.0,0.0,87.0%,WR,2023
332,333,Malik Cunningham,0,0,0,0.0,0,0,0,0,0,0,0,1,0.0,0.0,0.1%,WR,2023
333,334,Kayshon Boutte,0,0,0,0.0,0,0,0,0,0,0,0,0,0.0,0.0,0.1%,WR,2023
334,335,Brian Thomas,0,0,0,0.0,0,0,0,0,0,0,0,0,0.0,0.0,71.2%,WR,2023
335,336,Jacob Copeland,0,0,0,0.0,0,0,0,0,0,0,0,0,0.0,0.0,0.0%,WR,2023
336,337,Javon Baker,0,0,0,0.0,0,0,0,0,0,0,0,0,0.0,0.0,1.0%,WR,2023
337,338,John Metchie,0,0,0,0.0,0,0,0,0,0,0,0,1,0.0,0.0,0.8%,WR,2023
338,339,Treylon Burks,0,0,0,0.0,0,0,0,0,0,0,0,0,0.0,0.0,6.1%,WR,2023
339,340,Rakim Jarrett,0,0,0,0.0,0,0,0,0,0,0,0,1,0.0,0.0,0.0%,WR,2023
340,341,Jahan Dotson,0,1,0,0.0,0,0,0,0,0,0,0,1,0.0,0.0,30.7%,WR,2023
341,342,Marvin Harrison,0,0,0,0.0,0,0,0,0,0,0,0,0,0.0,0.0,96.9%,WR,2023
342,343,Marvin Mims,0,0,0,0.0,0,0,0,0,0,0,0,1,0.0,0.0,6.8%,WR,2023
343,344,Troy Franklin,0,0,0,0.0,0,0,0,0,0,0,0,0,0.0,0.0,1.9%,WR,2023
344,345,Ronnie Bell,0,0,0,0.0,0,0,0,0,0,0,0,1,0.0,0.0,0.1%,WR,2023
345,346,Cornelius Johnson,0,0,0,0.0,0,0,0,0,0,0,0,0,0.0,0.0,0.1%,WR,2023
346,347,Xavier Worthy,0,0,0,0.0,0,0,0,0,0,0,0,0,0.0,0.0,80.8%,WR,2023
347,348,Jayden Reed,0,0,0,0.0,0,0,0,0,0,0,0,0,0.0,0.0,77.3%,WR,2023
348,349,Chris Autman-Bell,0,0,0,0.0,0,0,0,0,0,0,0,0,0.0,0.0,0.0%,WR,2023
349,350,Romeo Doubs,0,0,0,0.0,0,0,0,0,0,0,0,0,0.0,0.0,43.4%,WR,2023
350,351,Dareke Young,0,0,0,0.0,0,0,0,0,0,0,0,0,0.0,0.0,0.0%,WR,2023
351,352,Montrell Washington,0,0,0,0.0,0,0,0,0,0,0,0,1,0.0,0.0,0.0%,WR,2023
352,353,Ethan Fernea,0,0,0,0.0,0,0,0,0,0,0,0,0,0.0,0.0,0.0%,WR,2023
353,354,Irvin Charles,0,0,0,0.0,0,0,0,0,0,0,0,1,0.0,0.0,0.0%,WR,2023
354,355,Dennis Houston,0,0,0,0.0,0,0,0,0,0,0,0,0,0.0,0.0,0.0%,WR,2023
355,356,Raleigh Webb,0,0,0,0.0,0,0,0,0,0,0,0,0,0.0,0.0,0.0%,WR,2023
356,357,Lance McCutcheon,0,0,0,0.0,0,0,0,0,0,0,0,0,0.0,0.0,0.0%,WR,2023
357,358,Kaden Davis,0,0,0,0.0,0,0,0,0,0,0,0,0,0.0,0.0,0.0%,WR,2023
358,359,Kwamie Lassiter,0,0,0,0.0,0,0,0,0,0,0,0,0,0.0,0.0,0.0%,WR,2023
359,360,Kendric Pryor,0,0,0,0.0,0,0,0,0,0,0,0,0,0.0,0.0,0.0%,WR,2023
360,361,Jalen Nailor,0,0,0,0.0,0,0,0,0,0,0,0,0,0.0,0.0,0.1%,WR,2023
361,362,Danny Gray,0,0,0,0.0,0,0,0,0,0,0,0,0,0.0,0.0,0.1%,WR,2023
362,363,Justin Shorter,0,0,0,0.0,0,0,0,0,0,0,0,0,0.0,0.0,0.1%,WR,2023
363,364,Jalen Virgil,0,0,0,0.0,0,0,0,0,0,0,0,0,0.0,0.0,0.0%,WR,2023
364,365,Michael Woods,0,0,0,0.0,0,0,0,0,0,0,0,0,0.0,0.0,0.0%,WR,2023
365,366,Samori Toure,0,0,0,0.0,0,0,0,0,0,0,0,0,0.0,0.0,0.0%,WR,2023
366,367,Christian Watson,0,0,0,0.0,0,0,0,0,0,0,0,0,0.0,0.0,74.9%,WR,2023
367,368,Xavier Weaver,0,0,0,0.0,0,0,0,0,0,0,0,0,0.0,0.0,0.0%,WR,2023
368,369,Tay Martin,0,0,0,0.0,0,0,0,0,0,0,0,0,0.0,0.0,0.0%,WR,2023
369,370,Bo Melton,0,0,0,0.0,0,0,0,0,0,0,0,0,0.0,0.0,0.3%,WR,2023
370,371,A.T. Perry,0,0,0,0.0,0,0,0,0,0,0,0,0,0.0,0.0,0.8%,WR,2023
371,372,Dontayvion Wicks,0,0,0,0.0,0,0,0,0,0,0,0,0,0.0,0.0,6.5%,WR,2023
372,373,Adonai Mitchell,0,0,0,0.0,0,0,0,0,0,0,0,0,0.0,0.0,15.5%,WR,2023
373,374,Mitchell Tinsley,0,0,0,0.0,0,0,0,0,0,0,0,0,0.0,0.0,0.0%,WR,2023
374,375,Braylon Sanders,0,0,0,0.0,0,0,0,0,0,0,0,0,0.0,0.0,0.0%,WR,2023
375,376,Johnny Johnson,0,0,0,0.0,0,0,0,0,0,0,0,0,0.0,0.0,0.0%,WR,2023
376,377,Brandon Johnson,0,2,0,0.0,0,0,0,0,0,0,0,1,0.0,0.0,2.0%,WR,2023
377,378,Britain Covey,0,0,0,0.0,0,0,0,0,0,0,0,1,0.0,0.0,0.1%,WR,2023
378,379,Patrick Edwards,0,0,0,0.0,0,0,0,0,0,0,0,0,0.0,0.0,0.0%,WR,2023
379,380,Allen Robinson,0,0,0,0.0,0,0,0,0,0,0,0,0,0.0,0.0,0.6%,WR,2023
380,381,Jordan Matthews,0,0,0,0.0,0,0,0,0,0,0,0,0,0.0,0.0,0.0%,WR,2023
381,382,Kenny McKinley,0,0,0,0.0,0,0,0,0,0,0,0,0,0.0,0.0,0.0%,WR,2023
382,383,Mike Furrey,0,0,0,0.0,0,0,0,0,0,0,0,0,0.0,0.0,0.0%,WR,2023
383,384,Nate Hughes,0,0,0,0.0,0,0,0,0,0,0,0,0,0.0,0.0,0.0%,WR,2023
384,385,Maurice Purify,0,0,0,0.0,0,0,0,0,0,0,0,0,0.0,0.0,0.0%,WR,2023
385,386,Marko Mitchell,0,0,0,0.0,0,0,0,0,0,0,0,0,0.0,0.0,0.0%,WR,2023
386,387,Bobby Wade,0,0,0,0.0,0,0,0,0,0,0,0,0,0.0,0.0,0.0%,WR,2023
387,388,Chris Henry,0,0,0,0.0,0,0,0,0,0,0,0,0,0.0,0.0,0.0%,WR,2023
388,389,Demario Ballard,0,0,0,0.0,0,0,0,0,0,0,0,0,0.0,0.0,0.0%,WR,2023
389,390,Rod Harper,0,0,0,0.0,0,0,0,0,0,0,0,0,0.0,0.0,0.0%,WR,2023
390,391,Sam Giguere,0,0,0,0.0,0,0,0,0,0,0,0,0,0.0,0.0,0.0%,WR,2023
391,392,N'Keal Harry,0,0,0,0.0,0,0,0,0,0,0,0,1,0.0,0.0,0.1%,WR,2023
392,393,Justin Hardee,0,0,0,0.0,0,0,0,0,0,0,0,0,0.0,0.0,0.0%,WR,2023
393,394,David Moore,0,0,0,0.0,0,0,0,0,0,0,0,0,0.0,0.0,0.1%,WR,2023
394,395,Zach Pascal,0,1,0,0.0,0,0,0,0,0,0,0,1,0.0,0.0,0.1%,WR,2023
395,396,Jamal Agnew,0,0,0,0.0,0,0,0,0,0,0,0,1,0.0,0.0,1.0%,WR,2023
396,397,Mike Williams,0,0,0,0.0,0,0,0,0,0,0,0,0,0.0,0.0,48.2%,WR,2023
397,398,John Ross,0,0,0,0.0,0,0,0,0,0,0,0,0,0.0,0.0,0.0%,WR,2023
398,399,JuJu Smith-Schuster,0,0,0,0.0,0,0,0,0,0,0,0,0,0.0,0.0,7.0%,WR,2023
399,400,Trent Taylor,0,1,0,0.0,0,0,0,0,0,0,0,1,0.0,0.0,0.0%,WR,2023
400,401,Tim Patrick,0,0,0,0.0,0,0,0,0,0,0,0,0,0.0,0.0,0.6%,WR,2023
401,402,Zay Jones,0,0,0,0.0,0,0,0,0,0,0,0,0,0.0,0.0,16.7%,WR,2023
402,403,Cam Sims,0,0,0,0.0,0,0,0,0,0,0,0,0,0.0,0.0,0.0%,WR,2023
403,404,Keith Kirkwood,0,0,0,0.0,0,0,0,0,0,0,0,1,0.0,0.0,0.0%,WR,2023
404,405,Trent Sherfield,0,0,0,0.0,0,0,0,0,0,0,0,1,0.0,0.0,0.1%,WR,2023
405,406,KhaDarel Hodge,0,1,0,0.0,0,0,0,0,0,0,0,1,0.0,0.0,0.1%,WR,2023
406,407,Dante Pettis,0,0,0,0.0,0,0,0,0,0,0,0,0,0.0,0.0,0.1%,WR,2023
407,408,Tre'Quan Smith,0,0,0,0.0,0,0,0,0,0,0,0,0,0.0,0.0,0.0%,WR,2023
408,409,Cedrick Wilson,0,0,0,0.0,0,0,0,0,0,0,0,1,0.0,0.0,1.1%,WR,2023
409,410,River Cracraft,0,0,0,0.0,0,0,0,0,0,0,0,0,0.0,0.0,0.1%,WR,2023
410,411,Byron Pringle,0,0,0,0.0,0,0,0,0,0,0,0,1,0.0,0.0,0.0%,WR,2023
411,412,Alex McGough,0,0,0,0.0,0,0,0,0,0,0,0,0,0.0,0.0,0.0%,WR,2023
412,413,Justin Watson,0,1,0,0.0,0,0,0,0,0,0,0,1,0.0,0.0,1.8%,WR,2023
413,414,Equanimeous St.,0,0,0,0.0,0,0,0,0,0,0,0,0,0.0,0.0,0.1%,WR,2023
414,415,Daurice Fountain,0,0,0,0.0,0,0,0,0,0,0,0,0,0.0,0.0,0.0%,WR,2023
415,416,Marquez Valdes-Scantling,0,1,0,0.0,0,0,0,0,0,0,0,1,0.0,0.0,1.3%,WR,2023
416,417,DeAndre Carter,0,1,0,0.0,0,0,0,0,0,0,0,1,0.0,0.0,0.0%,WR,2023
417,418,Chris Conley,0,0,0,0.0,0,0,0,0,0,0,0,0,0.0,0.0,0.1%,WR,2023
418,419,Phillip Dorsett,0,0,0,0.0,0,0,0,0,0,0,0,0,0.0,0.0,0.0%,WR,2023
419,420,Jamison Crowder,0,0,0,0.0,0,0,0,0,0,0,0,1,0.0,0.0,0.3%,WR,2023
420,421,Damiere Byrd,0,0,0,0.0,0,0,0,0,0,0,0,0,0.0,0.0,0.0%,WR,2023
421,422,Ty Montgomery,1,1,9,9.0,9,0,0,0,0,0,0,1,0.0,0.0,0.0%,WR,2023
422,423,Demarcus Robinson,0,0,0,0.0,0,0,0,0,0,0,0,0,0.0,0.0,15.2%,WR,2023
423,424,Robbie Chosen,0,0,0,0.0,0,0,0,0,0,0,0,1,0.0,0.0,0.0%,WR,2023
424,425,Derek Slywka,0,0,0,0.0,0,0,0,0,0,0,0,0,0.0,0.0,0.0%,WR,2023
425,426,Sterling Shepard,0,0,0,0.0,0,0,0,0,0,0,0,1,0.0,0.0,0.1%,WR,2023
426,427,Kyle Philips,1,2,6,6.0,6,0,0,0,0,0,1,1,-1.4,-1.4,0.1%,WR,2023
427,428,Austin Trammell,0,0,0,0.0,0,0,0,0,0,0,1,1,-2.0,-2.0,0.0%,WR,2023
428,429,Jalen Tolbert,0,0,0,0.0,0,0,0,0,0,0,1,1,-2.0,-2.0,1.6%,WR,2023
