,Rk,Date,G#,Week,Age,Tm,Unnamed: 6_level_1,Opp,Result,Int,Tgt,Cmp,Cmp%,Yds,Yds/Cmp,Yds/Tgt,TD,Rat,DADOT,Air,YAC,Bltz,Hrry,QBKD,Sk,Prss,Comb,MTkl,MTkl%,Year
0,1.0,2019-09-08,1.0,1.0,29.364,LAC,,IND,W 30-24,0,6,3,50.0%,34,11.3,5.7,0,67.4,11.8,31,3,0,0,0,0.0,0,3.0,0,0.0%,2019
1,2.0,2019-09-15,2.0,2.0,30.006,LAC,@,DET,L 10-13,1,4,2,50.0%,37,18.5,9.3,1,82.3,30.5,35,2,0,0,0,0.0,0,3.0,0,0.0%,2019
2,3.0,2019-09-22,3.0,3.0,30.013,LAC,,HOU,L 20-27,0,5,4,80.0%,27,6.8,5.4,0,89.2,5.8,18,9,0,0,0,0.0,0,3.0,1,25.0%,2019
3,4.0,2019-09-29,4.0,4.0,30.02,LAC,@,MIA,W 30-10,0,4,3,75.0%,45,15.0,11.3,0,111.5,17.0,36,9,0,0,0,0.0,0,4.0,1,20.0%,2019
4,5.0,2019-10-06,5.0,5.0,30.027,LAC,,DEN,L 13-20,0,3,1,33.3%,6,6.0,2.0,0,42.4,5.0,6,0,0,0,0,0.0,0,0.0,0,,2019
5,6.0,2019-10-13,6.0,6.0,30.034,LAC,,PIT,L 17-24,0,0,0,,0,,,0,,,0,0,0,0,0,,0,,0,,2019
6,7.0,2019-10-20,7.0,7.0,30.041,LAC,@,TEN,L 20-23,0,5,5,100.0%,71,14.2,14.2,0,118.7,7.2,36,35,0,0,0,0.0,0,5.0,1,16.7%,2019
7,8.0,2019-10-27,8.0,8.0,30.048,LAC,@,CHI,W 17-16,1,4,1,25.0%,6,6.0,1.5,0,0.0,9.3,6,0,0,0,0,0.0,0,2.0,0,0.0%,2019
8,9.0,2019-11-03,9.0,9.0,30.055,LAC,,GNB,W 26-11,0,0,0,,0,,,0,,,0,0,0,0,0,,0,,0,,2019
9,10.0,2019-11-07,10.0,10.0,30.059,LAC,@,OAK,L 24-26,0,4,1,25.0%,6,6.0,1.5,0,39.6,15.0,5,1,0,0,0,0.0,0,2.0,0,0.0%,2019
10,11.0,2019-11-18,11.0,11.0,30.07,LAC,,KAN,L 17-24,0,1,1,100.0%,16,16.0,16.0,0,118.7,16.0,16,0,0,0,0,0.0,0,1.0,0,0.0%,2019
11,12.0,2019-12-01,12.0,13.0,30.083,LAC,@,DEN,L 20-23,0,3,3,100.0%,41,13.7,13.7,2,158.3,13.3,40,1,0,0,0,0.0,0,1.0,0,0.0%,2019
12,13.0,2019-12-08,13.0,14.0,30.09,LAC,@,JAX,W 45-10,0,4,2,50.0%,9,4.5,2.3,0,56.2,5.8,5,4,0,0,0,0.0,0,3.0,0,0.0%,2019
13,14.0,2019-12-15,14.0,15.0,30.097,LAC,,MIN,L 10-39,0,2,2,100.0%,26,13.0,13.0,0,118.7,12.5,25,1,0,0,0,0.0,0,2.0,0,0.0%,2019
14,15.0,2019-12-22,15.0,16.0,30.104,LAC,,OAK,L 17-24,0,3,2,66.7%,26,13.0,8.7,0,93.7,8.7,22,4,0,0,0,0.0,0,3.0,0,0.0%,2019
15,16.0,2019-12-29,16.0,17.0,30.111,LAC,@,KAN,L 21-31,0,0,0,,0,,,0,,,0,0,0,0,0,,0,,0,,2019
16,,16 Games,,,,,,,5-11-0,2,48,30,62.5%,350,11.7,7.3,3,88.0,11.8,281,69,0,0,0,0.0,0,32.0,3,8.6%,2019
