,Rk,Date,G#,Week,Age,Tm,Unnamed: 6_level_1,Opp,Result,Int,Tgt,Cmp,Cmp%,Yds,Yds/Cmp,Yds/Tgt,TD,Rat,DADOT,Air,YAC,Bltz,Hrry,QBKD,Sk,Prss,Comb,MTkl,MTkl%,Year
0,1.0,2019-09-08,1.0,1.0,24.024,LAC,,IND,W 30-24,0,0,0,,0,,,0,,,0,0,0,0,0,0.0,0,1.0,0,0.0%,2019
1,2.0,2019-09-15,2.0,2.0,24.031,LAC,@,DET,L 10-13,0,0,0,,0,,,0,,,0,0,0,0,0,,0,,0,,2019
2,3.0,2019-09-22,3.0,3.0,24.038,LAC,,HOU,L 20-27,0,0,0,,0,,,0,,,0,0,0,0,0,0.0,0,1.0,0,0.0%,2019
3,4.0,2019-09-29,4.0,4.0,24.045,LAC,@,MIA,W 30-10,0,2,1,50.0%,7,7.0,3.5,0,58.3,1.0,-1,8,2,0,0,0.0,0,3.0,0,0.0%,2019
4,5.0,2019-10-06,5.0,5.0,24.052,LAC,,DEN,L 13-20,0,1,1,100.0%,6,6.0,6.0,0,91.7,6.0,6,0,0,0,0,0.0,0,7.0,0,0.0%,2019
5,6.0,2019-10-13,6.0,6.0,24.059,LAC,,PIT,L 17-24,0,0,0,,0,,,0,,,0,0,0,0,0,0.0,0,5.0,3,37.5%,2019
6,7.0,2019-10-20,7.0,7.0,24.066,LAC,@,TEN,L 20-23,0,3,3,100.0%,57,19.0,19.0,1,158.3,5.7,17,40,2,0,0,0.0,0,1.0,1,50.0%,2019
7,8.0,2019-10-27,8.0,8.0,24.073,LAC,@,CHI,W 17-16,0,3,1,33.3%,24,24.0,8.0,0,63.2,12.7,19,5,0,0,0,0.0,0,6.0,0,0.0%,2019
8,9.0,2019-11-03,9.0,9.0,24.08,LAC,,GNB,W 26-11,0,4,4,100.0%,36,9.0,9.0,0,104.2,6.5,26,10,0,0,0,0.0,0,5.0,1,16.7%,2019
9,10.0,2019-11-07,10.0,10.0,24.084,LAC,@,OAK,L 24-26,0,3,3,100.0%,32,10.7,10.7,0,111.1,4.3,13,19,2,0,0,0.0,0,14.0,0,0.0%,2019
10,11.0,2019-12-01,12.0,13.0,24.108,LAC,@,DEN,L 20-23,0,3,2,66.7%,-3,-1.5,-1.0,0,70.1,5.0,-4,1,0,0,0,0.0,0,7.0,1,12.5%,2019
11,12.0,2019-12-08,13.0,14.0,24.115,LAC,@,JAX,W 45-10,0,8,5,62.5%,31,6.2,3.9,0,70.3,4.0,25,6,4,0,0,0.0,0,8.0,0,0.0%,2019
12,13.0,2019-12-15,14.0,15.0,24.122,LAC,,MIN,L 10-39,0,2,2,100.0%,14,7.0,7.0,0,95.8,5.5,11,3,0,0,0,0.0,0,4.0,1,20.0%,2019
13,14.0,2019-12-22,15.0,16.0,24.129,LAC,,OAK,L 17-24,0,6,6,100.0%,46,7.7,7.7,0,98.6,1.8,11,35,0,0,0,0.0,0,7.0,0,0.0%,2019
14,15.0,2019-12-29,16.0,17.0,24.136,LAC,@,KAN,L 21-31,0,2,2,100.0%,48,24.0,24.0,0,118.7,20.0,40,8,0,0,0,0.0,0,6.0,1,14.3%,2019
15,,15 Games,,,,,,,5-10-0,0,37,30,81.1%,298,9.9,8.1,1,109.2,5.7,163,135,10,0,0,0.0,0,75.0,8,9.6%,2019
