,Rk,Date,G#,Week,Age,Tm,Unnamed: 6_level_1,Opp,Result,Int,Tgt,Cmp,Cmp%,Yds,Yds/Cmp,Yds/Tgt,TD,Rat,DADOT,Air,YAC,Bltz,Hrry,QBKD,Sk,Prss,Comb,MTkl,MTkl%
0,1.0,2022-09-11,1.0,1.0,26.018,DET,,PHI,L 35-38,0,0,0,,0.0,,,0.0,,,0.0,0.0,0,0,0,0.0,0,3,1,25.0%
1,2.0,2022-09-18,2.0,2.0,26.025,DET,,WAS,W 36-27,0,0,0,,0.0,,,0.0,,,0.0,0.0,0,0,0,0.0,0,4,0,0.0%
2,3.0,2022-09-25,3.0,3.0,26.032,DET,@,MIN,L 24-28,0,0,0,,0.0,,,0.0,,,0.0,0.0,0,0,0,0.0,0,2,0,0.0%
3,4.0,2022-10-02,4.0,4.0,26.039,DET,,SEA,L 45-48,0,0,0,,0.0,,,0.0,,,0.0,0.0,0,0,0,0.0,0,1,0,0.0%
4,5.0,2022-10-09,5.0,5.0,26.046,DET,@,NWE,L 0-29,0,0,0,,0.0,,,0.0,,,0.0,0.0,0,0,0,0.0,0,5,0,0.0%
5,6.0,2022-10-23,6.0,7.0,26.06,DET,@,DAL,L 6-24,0,0,0,,0.0,,,0.0,,,0.0,0.0,0,1,0,0.0,1,0,0,
6,7.0,2022-10-30,7.0,8.0,26.067,DET,,MIA,L 27-31,0,0,0,,0.0,,,0.0,,,0.0,0.0,0,0,0,0.0,0,2,0,0.0%
7,8.0,2022-11-06,8.0,9.0,26.074,DET,,GNB,W 15-9,0,0,0,,0.0,,,0.0,,,0.0,0.0,0,0,2,0.0,2,0,0,
8,9.0,2022-11-13,9.0,10.0,26.081,DET,@,CHI,W 31-30,0,0,0,,0.0,,,0.0,,,0.0,0.0,0,1,0,0.0,1,4,0,0.0%
9,10.0,2022-11-20,10.0,11.0,26.088,DET,@,NYG,W 31-18,0,0,0,,0.0,,,0.0,,,0.0,0.0,0,0,1,0.0,1,2,0,0.0%
10,11.0,2022-11-24,11.0,12.0,26.092,DET,,BUF,L 25-28,0,0,0,,0.0,,,0.0,,,0.0,0.0,0,0,1,0.0,1,4,1,20.0%
11,12.0,2022-12-04,12.0,13.0,26.102,DET,,JAX,W 40-14,0,0,0,,0.0,,,0.0,,,0.0,0.0,0,0,0,0.0,0,0,0,
12,13.0,2022-12-11,13.0,14.0,26.109,DET,,MIN,W 34-23,0,0,0,,0.0,,,0.0,,,0.0,0.0,0,0,2,1.0,3,1,0,0.0%
13,14.0,2022-12-18,14.0,15.0,26.116,DET,@,NYJ,W 20-17,0,0,0,,0.0,,,0.0,,,0.0,0.0,0,0,0,0.0,0,4,0,0.0%
14,15.0,2022-12-24,15.0,16.0,26.122,DET,@,CAR,L 23-37,0,0,0,,0.0,,,0.0,,,0.0,0.0,0,0,0,0.0,0,6,0,0.0%
15,16.0,2023-01-01,16.0,17.0,26.13,DET,,CHI,W 41-10,0,0,0,,0.0,,,0.0,,,0.0,0.0,0,0,2,0.0,2,1,0,0.0%
16,17.0,2023-01-08,17.0,18.0,26.137,DET,@,GNB,W 20-16,0,0,0,,0.0,,,0.0,,,0.0,0.0,0,0,0,0.0,0,7,0,0.0%
17,,17 Games,,,,,,,9-8-0,0,0,0,,,,,,,,,,0,2,8,1.0,11,46,2,4.2%
