,Rk,Date,G#,Week,Age,Tm,Unnamed: 6_level_1,Opp,Result,Int,Tgt,Cmp,Cmp%,Yds,Yds/Cmp,Yds/Tgt,TD,Rat,DADOT,Air,YAC,Bltz,Hrry,QBKD,Sk,Prss,Comb,MTkl,MTkl%,Year
0,1.0,2022-09-11,1.0,1.0,23.221,DET,,PHI,L 35-38,0,6,2,33.3%,21,10.5,3.5,0,44.4,4.7,15,6,0,0,0,0.0,0,10,0,0.0%,2022
1,2.0,2022-09-18,2.0,2.0,23.228,DET,,WAS,W 36-27,0,6,4,66.7%,39,9.8,6.5,0,84.7,8.3,6,33,0,0,0,0.0,0,5,1,16.7%,2022
2,3.0,2022-09-25,3.0,3.0,23.235,DET,@,MIN,L 24-28,0,8,6,75.0%,48,8.0,6.0,0,89.6,3.8,15,33,0,0,0,0.0,0,3,0,0.0%,2022
3,4.0,2022-10-02,4.0,4.0,23.242,DET,,SEA,L 45-48,0,7,6,85.7%,135,22.5,19.3,0,118.7,14.0,89,46,0,0,0,0.0,0,5,1,16.7%,2022
4,5.0,2022-10-09,5.0,5.0,23.249,DET,@,NWE,L 0-29,0,6,4,66.7%,44,11.0,7.3,0,88.2,11.2,11,33,0,0,0,0.0,0,1,0,0.0%,2022
5,6.0,2022-10-23,6.0,7.0,23.263,DET,@,DAL,L 6-24,0,5,3,60.0%,22,7.3,4.4,0,70.4,14.2,18,4,0,0,0,0.0,0,15,0,0.0%,2022
6,7.0,2022-10-30,7.0,8.0,23.27,DET,,MIA,L 27-31,0,1,1,100.0%,18,18.0,18.0,0,118.7,14.0,14,4,0,0,0,0.0,0,5,0,0.0%,2022
7,8.0,2022-11-06,8.0,9.0,23.277,DET,,GNB,W 15-9,0,6,5,83.3%,112,22.4,18.7,1,158.3,15.5,76,36,0,0,0,0.0,0,5,0,0.0%,2022
8,9.0,2022-11-13,9.0,10.0,23.284,DET,@,CHI,W 31-30,1,3,0,0.0%,0,,0.0,0,0.0,10.3,0,0,0,0,0,0.0,0,1,0,0.0%,2022
9,10.0,2022-11-20,10.0,11.0,23.291,DET,@,NYG,W 31-18,0,1,1,100.0%,7,7.0,7.0,0,95.8,5.0,5,2,0,0,0,0.0,0,3,0,0.0%,2022
10,11.0,2022-12-04,12.0,13.0,23.305,DET,,JAX,W 40-14,0,8,2,25.0%,13,6.5,1.6,0,39.6,11.6,9,4,1,0,0,0.0,0,2,0,0.0%,2022
11,12.0,2022-12-11,13.0,14.0,23.312,DET,,MIN,W 34-23,0,3,3,100.0%,23,7.7,7.7,0,98.6,3.3,10,13,0,0,0,0.0,0,5,1,16.7%,2022
12,13.0,2022-12-18,14.0,15.0,23.319,DET,@,NYJ,W 20-17,0,13,5,38.5%,105,21.0,8.1,0,67.8,15.0,89,16,0,0,0,0.0,0,6,0,0.0%,2022
13,14.0,2022-12-24,15.0,16.0,23.325,DET,@,CAR,L 23-37,0,3,3,100.0%,78,26.0,26.0,0,118.7,14.7,44,34,1,0,0,0.0,0,6,3,33.3%,2022
14,15.0,2023-01-01,16.0,17.0,23.333,DET,,CHI,W 41-10,0,1,1,100.0%,16,16.0,16.0,0,118.7,10.0,10,6,0,0,0,0.0,0,1,0,0.0%,2022
15,,15 Games,,,,,,,8-7-0,1,77,46,59.7%,681,14.8,8.8,1,87.6,10.9,411,270,2,0,0,0.0,0,73,6,7.6%,2022
