,Rk,Date,G#,Week,Age,Tm,Unnamed: 6_level_1,Opp,Result,Int,Tgt,Cmp,Cmp%,Yds,Yds/Cmp,Yds/Tgt,TD,Rat,DADOT,Air,YAC,Bltz,Hrry,QBKD,Sk,Prss,Comb,MTkl,MTkl%,Year
0,1.0,2019-09-08,1.0,1.0,26.229,NYJ,,BUF,L 16-17,0,0,0,,0.0,,,0.0,,,0.0,0.0,0,0,0,0.0,0,0.0,0,,2019
1,2.0,2019-09-16,2.0,2.0,26.237,NYJ,,CLE,L 3-23,0,0,0,,0.0,,,0.0,,,0.0,0.0,0,0,0,0.0,0,0.0,0,,2019
2,3.0,2019-09-22,3.0,3.0,26.243,NYJ,@,NWE,L 14-30,0,0,0,,0.0,,,0.0,,,0.0,0.0,0,0,0,0.0,0,0.0,0,,2019
3,4.0,2019-10-06,4.0,5.0,26.257,NYJ,@,PHI,L 6-31,0,0,0,,0.0,,,0.0,,,0.0,0.0,0,0,0,0.0,0,0.0,0,,2019
4,5.0,2019-10-13,5.0,6.0,26.264,NYJ,,DAL,W 24-22,0,0,0,,0.0,,,0.0,,,0.0,0.0,0,0,0,0.0,0,0.0,0,,2019
5,6.0,2019-10-21,6.0,7.0,26.272,NYJ,,NWE,L 0-33,0,0,0,,0.0,,,0.0,,,0.0,0.0,0,0,0,0.0,0,0.0,0,,2019
6,7.0,2019-10-27,7.0,8.0,26.278,NYJ,@,JAX,L 15-29,0,0,0,,0.0,,,0.0,,,0.0,0.0,0,0,0,0.0,0,0.0,0,,2019
7,8.0,2019-11-03,8.0,9.0,26.285,NYJ,@,MIA,L 18-26,0,0,0,,0.0,,,0.0,,,0.0,0.0,0,0,0,,0,,0,,2019
8,9.0,2019-11-10,9.0,10.0,26.292,NYJ,,NYG,W 34-27,0,0,0,,0.0,,,0.0,,,0.0,0.0,0,0,0,0.0,0,0.0,0,,2019
9,10.0,2019-11-17,10.0,11.0,26.299,NYJ,@,WAS,W 34-17,0,0,0,,0.0,,,0.0,,,0.0,0.0,0,0,0,0.0,0,1.0,0,0.0%,2019
10,11.0,2019-11-24,11.0,12.0,26.306,NYJ,,OAK,W 34-3,0,0,0,,0.0,,,0.0,,,0.0,0.0,0,0,0,0.0,0,0.0,0,,2019
11,12.0,2019-12-01,12.0,13.0,26.313,NYJ,@,CIN,L 6-22,0,0,0,,0.0,,,0.0,,,0.0,0.0,0,0,0,0.0,0,0.0,0,,2019
12,13.0,2019-12-08,13.0,14.0,26.32,NYJ,,MIA,W 22-21,0,0,0,,0.0,,,0.0,,,0.0,0.0,0,0,0,0.0,0,0.0,0,,2019
13,14.0,2019-12-12,14.0,15.0,26.324,NYJ,@,BAL,L 21-42,0,0,0,,0.0,,,0.0,,,0.0,0.0,0,0,0,0.0,0,0.0,0,,2019
14,15.0,2019-12-22,15.0,16.0,26.334,NYJ,,PIT,W 16-10,0,0,0,,0.0,,,0.0,,,0.0,0.0,0,0,0,0.0,0,0.0,0,,2019
15,16.0,2019-12-29,16.0,17.0,26.341,NYJ,@,BUF,W 13-6,0,0,0,,0.0,,,0.0,,,0.0,0.0,0,0,0,0.0,0,1.0,0,0.0%,2019
16,,16 Games,,,,,,,7-9-0,0,0,0,,,,,,,,,,0,0,0,0.0,0,2.0,0,0.0%,2019
