,Rk,Date,G#,Week,Age,Tm,Unnamed: 6_level_1,Opp,Result,Tgt,Rec,Yds,TD,1D,YBC,YBC/R,YAC,YAC/R,ADOT,BrkTkl,Rec/Br,Drop,Drop%,Int,Rat,Att,Yds,TD,1D,YBC,YBC/Att,YAC,YAC/Att,BrkTkl,Att/Br,Year
0,1.0,2019-10-06,4.0,5.0,23.119,NYJ,@,PHI,L 6-31,0,0,0,0,0.0,0,,0,,,0,,0,0.0,,,1,19,1,1.0,19,19.0,0,0.0,0,,2019
1,2.0,2019-10-13,5.0,6.0,23.126,NYJ,,DAL,W 24-22,1,1,5,0,,4,4.0,1,1.0,4.0,0,,0,0.0,0.0,87.5,0,0,0,,0,,0,,0,,2019
2,3.0,2019-10-21,6.0,7.0,23.134,NYJ,,NWE,L 0-33,1,0,0,0,,0,,0,,16.0,0,,0,0.0,0.0,39.6,0,0,0,,0,,0,,0,,2019
3,4.0,2019-10-27,7.0,8.0,23.14,NYJ,@,JAX,L 15-29,4,2,10,0,1.0,9,4.5,1,0.5,18.3,0,,0,0.0,1.0,16.7,1,13,0,1.0,6,6.0,7,7.0,0,,2019
4,5.0,2019-11-03,8.0,9.0,23.147,NYJ,@,MIA,L 18-26,3,1,20,0,1.0,20,20.0,0,0.0,14.0,0,,1,33.3,0.0,57.6,0,0,0,0.0,0,,0,,0,,2019
5,6.0,2019-11-10,9.0,10.0,23.154,NYJ,,NYG,W 34-27,1,0,0,0,,0,,0,,40.0,0,,0,0.0,0.0,39.6,0,0,0,,0,,0,,0,,2019
6,7.0,2019-11-17,10.0,11.0,23.161,NYJ,@,WAS,W 34-17,1,0,0,0,,0,,0,,13.0,0,,1,100.0,0.0,39.6,0,0,0,,0,,0,,0,,2019
7,8.0,2019-11-24,11.0,12.0,23.168,NYJ,,OAK,W 34-3,1,1,22,0,1.0,13,13.0,9,9.0,13.0,0,,0,0.0,0.0,118.7,0,0,0,0.0,0,,0,,0,,2019
8,9.0,2019-12-01,12.0,13.0,23.175,NYJ,@,CIN,L 6-22,3,2,23,0,2.0,12,6.0,11,5.5,7.3,0,,0,0.0,0.0,89.6,0,0,0,0.0,0,,0,,0,,2019
9,10.0,2019-12-08,13.0,14.0,23.182,NYJ,,MIA,W 22-21,3,1,37,0,1.0,7,7.0,30,30.0,9.3,0,,0,0.0,1.0,41.7,0,0,0,0.0,0,,0,,0,,2019
10,11.0,2019-12-12,14.0,15.0,23.186,NYJ,@,BAL,L 21-42,5,3,40,0,1.0,3,1.0,37,12.3,4.2,2,1.5,0,0.0,0.0,85.4,0,0,0,0.0,0,,0,,0,,2019
11,12.0,2019-12-22,15.0,16.0,23.196,NYJ,,PIT,W 16-10,4,3,32,0,2.0,21,7.0,11,3.7,15.3,0,,0,0.0,0.0,97.9,0,0,0,0.0,0,,0,,0,,2019
12,13.0,2019-12-29,16.0,17.0,23.203,NYJ,@,BUF,W 13-6,4,3,36,0,2.0,31,10.3,5,1.7,10.0,0,,0,0.0,0.0,102.1,1,20,0,1.0,19,19.0,1,1.0,0,,2019
13,,13 Games,,,,,,,7-6-0,31,17,225,0,11.0,120,7.1,105,6.2,12.0,2,8.5,2,6.5,2.0,51.1,3,52,1,3.0,44,14.7,8,2.7,0,,2019
