,Rk,Date,G#,Week,Age,Tm,Unnamed: 6_level_1,Opp,Result,Tgt,Rec,Yds,TD,1D,YBC,YBC/R,YAC,YAC/R,ADOT,BrkTkl,Rec/Br,Drop,Drop%,Int,Rat,Year
0,1.0,2018-09-09,1.0,1.0,29.353,SEA,@,DEN,L 24-27,1,0,0,0,,0,,0,,7.0,0,,0,0.0,0,39.6,2018
1,2.0,2018-09-30,4.0,4.0,30.009,SEA,@,ARI,W 20-17,7,5,41,0,1.0,35,7.0,6,1.2,9.4,0,,0,0.0,0,86.0,2018
2,3.0,2018-10-07,5.0,5.0,30.016,SEA,,LAR,L 31-33,1,1,1,0,,1,1.0,0,0.0,1.0,0,,0,0.0,0,79.2,2018
3,4.0,2018-10-14,6.0,6.0,30.023,SEA,@,OAK,W 27-3,8,6,91,0,4.0,69,11.5,22,3.7,16.0,0,,0,0.0,1,72.4,2018
4,5.0,2018-10-28,7.0,8.0,30.037,SEA,@,DET,W 28-14,3,2,26,0,1.0,22,11.0,4,2.0,7.7,0,,0,0.0,0,93.7,2018
5,6.0,2018-11-04,8.0,9.0,30.044,SEA,,LAC,L 17-25,4,4,77,0,4.0,48,12.0,29,7.3,12.0,1,4.0,0,0.0,0,118.7,2018
6,7.0,2018-11-11,9.0,10.0,30.051,SEA,@,LAR,L 31-36,5,5,39,0,3.0,30,6.0,9,1.8,6.0,1,5.0,0,0.0,0,99.2,2018
7,8.0,2018-11-15,10.0,11.0,30.055,SEA,,GNB,W 27-24,10,7,52,1,3.0,43,6.1,9,1.3,9.1,0,,1,10.0,0,115.4,2018
8,9.0,2018-11-25,11.0,12.0,30.065,SEA,@,CAR,W 30-27,7,5,39,0,2.0,13,2.6,26,5.2,7.9,0,,0,0.0,0,84.8,2018
9,10.0,2018-12-02,12.0,13.0,30.072,SEA,,SFO,W 43-16,4,2,22,1,2.0,6,3.0,16,8.0,8.3,1,2.0,0,0.0,0,106.2,2018
10,11.0,2018-12-16,14.0,15.0,30.086,SEA,@,SFO,L 23-26,6,4,77,2,4.0,61,15.3,16,4.0,14.7,1,4.0,0,0.0,0,149.3,2018
11,12.0,2018-12-23,15.0,16.0,30.093,SEA,,KAN,W 38-31,12,7,126,1,6.0,118,16.9,8,1.1,16.4,0,,1,8.3,0,122.2,2018
12,13.0,2018-12-30,16.0,17.0,30.1,SEA,,ARI,W 27-24,5,2,27,0,2.0,16,8.0,11,5.5,12.6,0,,1,20.0,0,57.9,2018
13,,13 Games,,,,,,,8-5-0,73,50,618,5,32.0,462,9.2,156,3.1,11.4,4,12.5,3,4.1,1,111.6,2018
