,Rk,Date,G#,Week,Age,Tm,Unnamed: 6_level_1,Opp,Result,Int,Tgt,Cmp,Cmp%,Yds,Yds/Cmp,Yds/Tgt,TD,Rat,DADOT,Air,YAC,Bltz,Hrry,QBKD,Sk,Prss,Comb,MTkl,MTkl%,Year
0,1.0,2018-09-09,1.0,1.0,25.267,SEA,@,DEN,L 24-27,0,0,0,,0,,,0,,,0,0,0,0,1,0.0,1,5,0,0.0%,2018
1,2.0,2018-09-17,2.0,2.0,25.275,SEA,@,CHI,L 17-24,0,0,0,,0,,,0,,,0,0,0,0,0,0.0,0,2,1,33.3%,2018
2,3.0,2018-09-23,3.0,3.0,25.281,SEA,,DAL,W 24-13,0,0,0,,0,,,0,,,0,0,0,1,0,2.0,3,3,0,0.0%,2018
3,4.0,2018-09-30,4.0,4.0,25.288,SEA,@,ARI,W 20-17,0,0,0,,0,,,0,,,0,0,0,0,0,1.0,1,5,0,0.0%,2018
4,5.0,2018-10-07,5.0,5.0,25.295,SEA,,LAR,L 31-33,0,0,0,,0,,,0,,,0,0,0,0,0,0.0,0,5,0,0.0%,2018
5,6.0,2018-10-14,6.0,6.0,25.302,SEA,@,OAK,W 27-3,0,0,0,,0,,,0,,,0,0,0,0,1,1.0,2,5,0,0.0%,2018
6,7.0,2018-10-28,7.0,8.0,25.316,SEA,@,DET,W 28-14,0,1,1,100.0%,6,6.0,6.0,0,91.7,3.0,3,3,0,0,1,0.0,1,1,0,0.0%,2018
7,8.0,2018-11-04,8.0,9.0,25.323,SEA,,LAC,L 17-25,0,0,0,,0,,,0,,,0,0,0,0,1,1.0,2,5,0,0.0%,2018
8,9.0,2018-11-11,9.0,10.0,25.33,SEA,@,LAR,L 31-36,0,0,0,,0,,,0,,,0,0,0,0,0,0.0,0,1,0,0.0%,2018
9,10.0,2018-11-15,10.0,11.0,25.334,SEA,,GNB,W 27-24,0,0,0,,0,,,0,,,0,0,0,0,0,0.5,1,2,0,0.0%,2018
10,11.0,2018-11-25,11.0,12.0,25.344,SEA,@,CAR,W 30-27,0,0,0,,0,,,0,,,0,0,0,0,0,0.0,0,3,1,25.0%,2018
11,12.0,2018-12-02,12.0,13.0,25.351,SEA,,SFO,W 43-16,0,0,0,,0,,,0,,,0,0,0,1,5,1.0,7,2,0,0.0%,2018
12,13.0,2018-12-10,13.0,14.0,25.359,SEA,,MIN,W 21-7,0,0,0,,0,,,0,,,0,0,0,3,0,0.0,3,2,0,0.0%,2018
13,14.0,2018-12-16,14.0,15.0,26.0,SEA,@,SFO,L 23-26,0,0,0,,0,,,0,,,0,0,0,1,2,2.0,5,3,0,0.0%,2018
14,15.0,2018-12-23,15.0,16.0,26.007,SEA,,KAN,W 38-31,0,0,0,,0,,,0,,,0,0,0,2,1,0.0,3,3,1,25.0%,2018
15,16.0,2018-12-30,16.0,17.0,26.014,SEA,,ARI,W 27-24,0,0,0,,0,,,0,,,0,0,0,0,0,2.0,2,3,1,25.0%,2018
16,,16 Games,,,,,,,10-6-0,0,1,1,100.0%,6,6.0,6.0,0,91.7,3.0,3,3,0,8,12,10.5,31,50,4,7.4%,2018
