,Rk,Date,G#,Week,Age,Tm,Unnamed: 6_level_1,Opp,Result,Int,Tgt,Cmp,Cmp%,Yds,Yds/Cmp,Yds/Tgt,TD,Rat,DADOT,Air,YAC,Bltz,Hrry,QBKD,Sk,Prss,Comb,MTkl,MTkl%
0,1.0,2023-09-10,1.0,1.0,24.176,MIN,,TAM,L 17-20,0,4,3,75.0%,24,8.0,6.0,0,89.6,12.8,12,12,0,0,0,0.0,0,1.0,1,50.0%
1,2.0,2023-09-14,2.0,2.0,24.18,MIN,@,PHI,L 28-34,0,0,0,,0,,,0,,,0,0,0,0,0,0.0,0,1.0,0,0.0%
2,3.0,2023-09-24,3.0,3.0,24.19,MIN,,LAC,L 24-28,0,5,5,100.0%,49,9.8,9.8,1,147.1,6.4,32,17,0,0,0,0.0,0,5.0,0,0.0%
3,4.0,2023-10-01,4.0,4.0,24.197,MIN,@,CAR,W 21-13,0,0,0,,0,,,0,,,0,0,0,0,0,,0,,0,
4,5.0,2023-10-08,5.0,5.0,24.204,MIN,,KAN,L 20-27,0,3,2,66.7%,28,14.0,9.3,0,96.5,17.3,21,7,0,0,0,0.0,0,4.0,0,0.0%
5,6.0,2023-10-15,6.0,6.0,24.211,MIN,@,CHI,W 19-13,0,0,0,,0,,,0,,,0,0,0,0,0,,0,,0,
6,7.0,2023-10-29,8.0,8.0,24.225,MIN,@,GNB,W 24-10,0,4,0,0.0%,0,,0.0,0,39.6,17.5,0,0,0,0,0,0.0,0,0.0,0,
7,8.0,2023-11-05,9.0,9.0,24.232,MIN,@,ATL,W 31-28,0,2,0,0.0%,0,,0.0,0,39.6,24.0,0,0,0,0,0,0.0,0,1.0,0,0.0%
8,9.0,2023-11-12,10.0,10.0,24.239,MIN,,NOR,W 27-19,1,5,2,40.0%,19,9.5,3.8,0,11.7,16.8,14,5,0,0,0,0.0,0,2.0,0,0.0%
9,10.0,2023-11-19,11.0,11.0,24.246,MIN,@,DEN,L 20-21,0,7,6,85.7%,80,13.3,11.4,1,153.9,11.4,59,21,0,0,0,0.0,0,7.0,0,0.0%
10,11.0,2023-11-27,12.0,12.0,24.254,MIN,,CHI,L 10-12,0,4,3,75.0%,17,5.7,4.3,0,82.3,-1.8,3,14,0,0,0,0.0,0,6.0,0,0.0%
11,12.0,2023-12-10,13.0,14.0,24.267,MIN,@,LVR,W 3-0,0,2,2,100.0%,12,6.0,6.0,0,91.7,2.5,5,7,0,0,0,0.0,0,4.0,0,0.0%
12,,12 Games,,,,,,,6-6-0,1,36,23,63.9%,229,10.0,6.4,2,88.8,11.5,146,83,0,0,0,0.0,0,31.0,1,3.1%
