,Rk,Date,G#,Week,Age,Tm,Unnamed: 6_level_1,Opp,Result,Int,Tgt,Cmp,Cmp%,Yds,Yds/Cmp,Yds/Tgt,TD,Rat,DADOT,Air,YAC,Bltz,Hrry,QBKD,Sk,Prss,Comb,MTkl,MTkl%
0,1.0,2021-09-12,1.0,1.0,25.132,SFO,@,DET,W 41-33,0,0,0,,0,,,0,,,0,0,0,0,0,0.0,0,1.0,0,0.0%
1,2.0,2021-09-19,2.0,2.0,25.139,SFO,@,PHI,W 17-11,0,1,0,0.0%,0,,0.0,0,39.6,-8.0,0,0,0,0,1,0.0,1,1.0,0,0.0%
2,3.0,2021-09-26,3.0,3.0,25.146,SFO,,GNB,L 28-30,0,0,0,,0,,,0,,,0,0,0,0,0,,0,,0,
3,4.0,2021-10-03,4.0,4.0,25.153,SFO,,SEA,L 21-28,0,0,0,,0,,,0,,,0,0,0,0,0,0.0,0,2.0,0,0.0%
4,5.0,2021-10-10,5.0,5.0,25.16,SFO,@,ARI,L 10-17,0,0,0,,0,,,0,,,0,0,0,0,0,0.0,0,1.0,0,0.0%
5,6.0,2021-10-24,6.0,7.0,25.174,SFO,,IND,L 18-30,0,0,0,,0,,,0,,,0,0,0,0,0,0.0,0,2.0,1,33.3%
6,7.0,2021-10-31,7.0,8.0,25.181,SFO,@,CHI,W 33-22,0,0,0,,0,,,0,,,0,0,0,0,1,0.0,1,0.0,1,100.0%
7,8.0,2021-11-07,8.0,9.0,25.188,SFO,,ARI,L 17-31,0,0,0,,0,,,0,,,0,0,0,0,1,1.0,2,1.0,0,0.0%
8,9.0,2021-11-15,9.0,10.0,25.196,SFO,,LAR,W 31-10,0,0,0,,0,,,0,,,0,0,0,0,0,1.0,1,2.0,0,0.0%
9,10.0,2021-11-21,10.0,11.0,25.202,SFO,@,JAX,W 30-10,0,0,0,,0,,,0,,,0,0,0,1,0,1.0,2,2.0,0,0.0%
10,11.0,2021-11-28,11.0,12.0,25.209,SFO,,MIN,W 34-26,0,0,0,,0,,,0,,,0,0,0,0,0,0.0,0,2.0,0,0.0%
11,12.0,2021-12-05,12.0,13.0,25.216,SFO,@,SEA,L 23-30,0,0,0,,0,,,0,,,0,0,0,0,0,0.5,1,3.0,0,0.0%
12,13.0,2021-12-12,13.0,14.0,25.223,SFO,@,CIN,W 26-23,0,1,1,100.0%,0,0.0,0.0,0,79.2,-4.0,-4,4,0,0,0,0.5,1,1.0,0,0.0%
13,14.0,2021-12-19,14.0,15.0,25.23,SFO,,ATL,W 31-13,0,0,0,,0,,,0,,,0,0,0,0,1,1.0,2,1.0,0,0.0%
14,15.0,2021-12-23,15.0,16.0,25.234,SFO,@,TEN,L 17-20,0,1,1,100.0%,-3,-3.0,-3.0,0,79.2,-4.0,-4,1,0,0,1,0.0,1,1.0,0,0.0%
15,16.0,2022-01-02,16.0,17.0,25.244,SFO,,HOU,W 23-7,0,0,0,,0,,,0,,,0,0,0,0,3,1.0,4,1.0,0,0.0%
16,17.0,2022-01-09,17.0,18.0,25.251,SFO,@,LAR,W 27-24,0,0,0,,0,,,0,,,0,0,0,0,2,0.5,3,1.0,0,0.0%
17,,17 Games,,,,,,,10-7-0,0,3,2,66.7%,-3,-1.5,-1.0,0,70.1,-5.3,-8,5,0,1,10,6.5,19,22.0,2,8.3%
