,Rk,Date,G#,Week,Age,Tm,Unnamed: 6_level_1,Opp,Result,Tgt,Rec,Yds,TD,1D,YBC,YBC/R,YAC,YAC/R,ADOT,BrkTkl,Rec/Br,Drop,Drop%,Int,Rat,Att,Yds,TD,1D,YBC,YBC/Att,YAC,YAC/Att,BrkTkl,Att/Br
0,1.0,2021-09-12,1.0,1.0,30.142,SFO,@,DET,W 41-33,1.0,1.0,7.0,0.0,,5.0,5.0,2.0,2.0,5.0,0.0,,0.0,0.0,0.0,95.8,0.0,0.0,0.0,,0.0,,0.0,,0.0,
1,2.0,2021-09-19,2.0,2.0,30.149,SFO,@,PHI,W 17-11,3.0,2.0,15.0,0.0,1.0,12.0,6.0,3.0,1.5,3.0,0.0,,0.0,0.0,0.0,78.5,1.0,2.0,0.0,0.0,2.0,2.0,0.0,0.0,0.0,
2,3.0,2021-09-26,3.0,3.0,30.156,SFO,,GNB,L 28-30,4.0,4.0,37.0,1.0,3.0,22.0,5.5,15.0,3.8,5.5,1.0,4.0,0.0,0.0,0.0,144.8,5.0,14.0,0.0,2.0,6.0,1.2,8.0,1.6,0.0,
3,4.0,2021-10-03,4.0,4.0,30.163,SFO,,SEA,L 21-28,4.0,4.0,41.0,0.0,2.0,9.0,2.3,32.0,8.0,2.3,0.0,,0.0,0.0,0.0,109.4,0.0,0.0,0.0,0.0,0.0,,0.0,,0.0,
4,5.0,2021-10-10,5.0,5.0,30.17,SFO,@,ARI,L 10-17,4.0,3.0,35.0,0.0,2.0,8.0,2.7,27.0,9.0,12.3,1.0,3.0,0.0,0.0,0.0,101.0,1.0,0.0,0.0,0.0,0.0,0.0,0.0,0.0,0.0,
5,6.0,2021-10-24,6.0,7.0,30.184,SFO,,IND,L 18-30,,,,,,,,,,,,,,0.0,,,,,,,,,,,,
6,7.0,2021-10-31,7.0,8.0,30.191,SFO,@,CHI,W 33-22,2.0,1.0,11.0,0.0,1.0,5.0,5.0,6.0,6.0,11.5,0.0,,0.0,0.0,0.0,66.7,0.0,0.0,0.0,0.0,0.0,,0.0,,0.0,
7,8.0,2021-11-07,8.0,9.0,30.198,SFO,,ARI,L 17-31,2.0,2.0,14.0,0.0,2.0,14.0,7.0,0.0,0.0,7.0,0.0,,0.0,0.0,0.0,95.8,0.0,0.0,0.0,0.0,0.0,,0.0,,0.0,
8,9.0,2021-11-15,9.0,10.0,30.206,SFO,,LAR,W 31-10,1.0,1.0,6.0,0.0,,6.0,6.0,0.0,0.0,6.0,0.0,,0.0,0.0,0.0,91.7,0.0,0.0,0.0,,0.0,,0.0,,0.0,
9,10.0,2021-11-21,10.0,11.0,30.212,SFO,@,JAX,W 30-10,2.0,1.0,7.0,0.0,,4.0,4.0,3.0,3.0,5.0,0.0,,0.0,0.0,0.0,58.3,0.0,0.0,0.0,,0.0,,0.0,,0.0,
10,11.0,2021-11-28,11.0,12.0,30.219,SFO,,MIN,W 34-26,2.0,2.0,37.0,0.0,1.0,24.0,12.0,13.0,6.5,12.0,0.0,,0.0,0.0,0.0,118.7,0.0,0.0,0.0,0.0,0.0,,0.0,,0.0,
11,12.0,2021-12-05,12.0,13.0,30.226,SFO,@,SEA,L 23-30,3.0,2.0,21.0,0.0,1.0,19.0,9.5,2.0,1.0,13.3,0.0,,0.0,0.0,0.0,86.8,0.0,0.0,0.0,0.0,0.0,,0.0,,0.0,
12,13.0,2021-12-12,13.0,14.0,30.233,SFO,@,CIN,W 26-23,2.0,1.0,5.0,0.0,1.0,5.0,5.0,0.0,0.0,5.0,0.0,,0.0,0.0,0.0,56.2,0.0,0.0,0.0,0.0,0.0,,0.0,,0.0,
13,14.0,2021-12-19,14.0,15.0,30.24,SFO,,ATL,W 31-13,1.0,1.0,6.0,0.0,0.0,5.0,5.0,1.0,1.0,5.0,0.0,,0.0,0.0,0.0,91.7,1.0,6.0,1.0,1.0,6.0,6.0,0.0,0.0,0.0,
14,15.0,2021-12-23,15.0,16.0,30.244,SFO,@,TEN,L 17-20,5.0,3.0,45.0,0.0,2.0,3.0,1.0,42.0,14.0,8.4,1.0,3.0,0.0,0.0,0.0,89.6,0.0,0.0,0.0,0.0,0.0,,0.0,,0.0,
15,16.0,2022-01-02,16.0,17.0,30.254,SFO,,HOU,W 23-7,2.0,2.0,9.0,0.0,,4.0,2.0,5.0,2.5,2.0,0.0,,0.0,0.0,0.0,85.4,0.0,0.0,0.0,,0.0,,0.0,,0.0,
16,17.0,2022-01-09,17.0,18.0,30.261,SFO,@,LAR,W 27-24,,,,,,,,,,,,,,0.0,,,,,,,,,,,,
17,,17 Games,,,,,,,10-7-0,38.0,30.0,296.0,1.0,16.0,145.0,4.8,151.0,5.0,7.2,3.0,10.0,0.0,0.0,0.0,107.9,8.0,22.0,1.0,3.0,14.0,1.8,8.0,1.0,0.0,
