,Rk,Date,G#,Week,Age,Tm,Unnamed: 6_level_1,Opp,Result,Int,Tgt,Cmp,Cmp%,Yds,Yds/Cmp,Yds/Tgt,TD,Rat,DADOT,Air,YAC,Bltz,Hrry,QBKD,Sk,Prss,Comb,MTkl,MTkl%,Year
0,1.0,2022-09-11,1.0,1.0,24.317,CHI,,SFO,W 19-10,0,0,0,,0.0,,,0.0,,,0.0,0.0,0,0,0,0.0,0,0.0,0,,2022
1,2.0,2022-09-18,2.0,2.0,24.324,CHI,@,GNB,L 10-27,0,0,0,,0.0,,,0.0,,,0.0,0.0,0,0,0,0.0,0,0.0,0,,2022
2,3.0,2022-09-25,3.0,3.0,24.331,CHI,,HOU,W 23-20,0,0,0,,0.0,,,0.0,,,0.0,0.0,0,0,0,0.0,0,0.0,0,,2022
3,4.0,2022-10-02,4.0,4.0,24.338,CHI,@,NYG,L 12-20,0,0,0,,0.0,,,0.0,,,0.0,0.0,0,0,0,0.0,0,0.0,0,,2022
4,5.0,2022-10-09,5.0,5.0,24.345,CHI,@,MIN,L 22-29,0,0,0,,0.0,,,0.0,,,0.0,0.0,0,0,0,0.0,0,1.0,0,0.0%,2022
5,6.0,2022-10-13,6.0,6.0,24.349,CHI,,WAS,L 7-12,0,0,0,,0.0,,,0.0,,,0.0,0.0,0,0,0,0.0,0,0.0,0,,2022
6,7.0,2022-10-24,7.0,7.0,24.36,CHI,@,NWE,W 33-14,0,0,0,,0.0,,,0.0,,,0.0,0.0,0,0,0,0.0,0,0.0,0,,2022
7,8.0,2022-10-30,8.0,8.0,25.001,CHI,@,DAL,L 29-49,0,0,0,,0.0,,,0.0,,,0.0,0.0,0,0,0,0.0,0,0.0,0,,2022
8,9.0,2022-11-06,9.0,9.0,25.008,CHI,,MIA,L 32-35,0,0,0,,0.0,,,0.0,,,0.0,0.0,0,0,0,0.0,0,0.0,0,,2022
9,10.0,2022-11-13,10.0,10.0,25.015,CHI,,DET,L 30-31,0,0,0,,0.0,,,0.0,,,0.0,0.0,0,0,0,0.0,0,0.0,0,,2022
10,11.0,2022-11-20,11.0,11.0,25.022,CHI,@,ATL,L 24-27,0,0,0,,0.0,,,0.0,,,0.0,0.0,0,0,0,0.0,0,1.0,0,0.0%,2022
11,12.0,2022-11-27,12.0,12.0,25.029,CHI,@,NYJ,L 10-31,0,0,0,,0.0,,,0.0,,,0.0,0.0,0,0,0,,0,,0,,2022
12,,12 Games,,,,,,,3-9-0,0,0,0,,,,,,,,,,0,0,0,0.0,0,2.0,0,0.0%,2022
