,Rk,Date,G#,Week,Age,Tm,Unnamed: 6_level_1,Opp,Result,Int,Tgt,Cmp,Cmp%,Yds,Yds/Cmp,Yds/Tgt,TD,Rat,DADOT,Air,YAC,Bltz,Hrry,QBKD,Sk,Prss,Comb,MTkl,MTkl%,Year
0,1.0,2022-09-11,1.0,1.0,31.125,CHI,,SFO,W 19-10,0,0,0,,0,,,0,,,0,0,0,0,0,0.0,0,1.0,0,0.0%,2022
1,2.0,2022-09-18,2.0,2.0,31.132,CHI,@,GNB,L 10-27,0,0,0,,0,,,0,,,0,0,0,1,0,0.0,1,1.0,1,50.0%,2022
2,3.0,2022-09-25,3.0,3.0,31.139,CHI,,HOU,W 23-20,0,0,0,,0,,,0,,,0,0,0,0,1,0.0,1,0.0,0,,2022
3,4.0,2022-10-02,4.0,4.0,31.146,CHI,@,NYG,L 12-20,0,0,0,,0,,,0,,,0,0,0,0,0,0.0,0,4.0,0,0.0%,2022
4,5.0,2022-10-09,5.0,5.0,31.153,CHI,@,MIN,L 22-29,0,0,0,,0,,,0,,,0,0,0,1,0,0.0,1,2.0,0,0.0%,2022
5,6.0,2022-10-13,6.0,6.0,31.157,CHI,,WAS,L 7-12,0,0,0,,0,,,0,,,0,0,0,0,0,0.0,0,1.0,0,0.0%,2022
6,7.0,2022-10-24,7.0,7.0,31.168,CHI,@,NWE,W 33-14,0,0,0,,0,,,0,,,0,0,0,0,0,0.0,0,2.0,0,0.0%,2022
7,8.0,2022-10-30,8.0,8.0,31.174,CHI,@,DAL,L 29-49,0,0,0,,0,,,0,,,0,0,0,0,0,,0,,0,,2022
8,9.0,2022-11-06,9.0,9.0,31.181,CHI,,MIA,L 32-35,0,0,0,,0,,,0,,,0,0,0,0,1,0.0,1,0.0,0,,2022
9,10.0,2022-11-13,10.0,10.0,31.188,CHI,,DET,L 30-31,0,1,1,100.0%,6,6.0,6.0,0,91.7,-6.0,-6,12,0,0,0,0.0,0,2.0,0,0.0%,2022
10,11.0,2022-11-20,11.0,11.0,31.195,CHI,@,ATL,L 24-27,0,0,0,,0,,,0,,,0,0,0,0,0,0.0,0,1.0,0,0.0%,2022
11,12.0,2022-11-27,12.0,12.0,31.202,CHI,@,NYJ,L 10-31,0,0,0,,0,,,0,,,0,0,0,0,0,0.0,0,4.0,0,0.0%,2022
12,13.0,2022-12-04,13.0,13.0,31.209,CHI,,GNB,L 19-28,0,0,0,,0,,,0,,,0,0,0,0,0,,0,,0,,2022
13,14.0,2022-12-18,14.0,15.0,31.223,CHI,,PHI,L 20-25,0,1,1,100.0%,-13,-13.0,-13.0,0,79.2,-7.0,-7,-6,0,0,0,0.0,0,2.0,0,0.0%,2022
14,15.0,2022-12-24,15.0,16.0,31.229,CHI,,BUF,L 13-35,0,0,0,,0,,,0,,,0,0,0,0,0,0.0,0,2.0,0,0.0%,2022
15,16.0,2023-01-01,16.0,17.0,31.237,CHI,@,DET,L 10-41,0,0,0,,0,,,0,,,0,0,0,0,0,0.0,0,3.0,0,0.0%,2022
16,17.0,2023-01-08,17.0,18.0,31.244,CHI,,MIN,L 13-29,0,0,0,,0,,,0,,,0,0,0,0,0,0.0,0,1.0,0,0.0%,2022
17,,17 Games,,,,,,,3-14-0,0,2,2,100.0%,-7,-3.5,-3.5,0,79.2,-6.5,-13,6,0,2,2,0.0,4,26.0,1,3.7%,2022
