,Rk,Date,G#,Week,Age,Tm,Unnamed: 6_level_1,Opp,Result,Cmp,Att,Yds,1D,1D%,IAY,IAY/PA,CAY,CAY/Cmp,CAY/PA,YAC,YAC/Cmp,Drops,Drop%,BadTh,Bad%,Sk,Bltz,Hrry,Hits,Prss,Prss%,Scrm,Yds/Scr,Year
0,1.0,2020-09-13,1.0,1.0,25.152,CLE,@,BAL,L 6-38,21,39,189,10,24.4,358,9.2,155,7.4,4.0,34,1.6,1,2.9%,6,17.1%,2,21,4,4,10,23.8%,1,4.0,2020
1,2.0,2020-09-17,2.0,2.0,25.156,CLE,,CIN,W 35-30,16,23,219,9,39.1,210,9.1,146,9.1,6.3,73,4.6,0,0.0%,4,19.0%,0,14,3,0,3,12.5%,1,8.0,2020
2,3.0,2020-09-27,3.0,3.0,25.166,CLE,,WAS,W 34-20,16,23,156,12,48.0,189,8.2,90,5.6,3.9,66,4.1,2,9.1%,3,13.6%,2,4,4,2,8,30.8%,1,1.0,2020
3,4.0,2020-10-04,4.0,4.0,25.173,CLE,@,DAL,W 49-38,19,30,165,13,40.6,258,8.6,121,6.4,4.0,44,2.3,0,0.0%,6,23.1%,2,12,2,1,5,15.2%,1,8.0,2020
4,5.0,2020-10-11,5.0,5.0,25.18,CLE,,IND,W 32-23,21,37,247,14,36.8,323,8.7,167,8.0,4.5,80,3.8,2,5.4%,12,32.4%,1,8,3,2,6,15.4%,1,16.0,2020
5,6.0,2020-10-18,6.0,6.0,25.187,CLE,@,PIT,L 7-38,10,18,119,6,27.3,117,6.5,61,6.1,3.4,58,5.8,1,5.9%,4,23.5%,4,9,3,2,9,39.1%,1,5.0,2020
6,7.0,2020-10-25,7.0,7.0,25.194,CLE,@,CIN,W 37-34,22,28,297,15,53.6,267,9.5,183,8.3,6.5,114,5.2,1,3.7%,3,11.1%,0,9,1,5,6,21.4%,0,,2020
7,8.0,2020-11-01,8.0,8.0,25.201,CLE,,LVR,L 6-16,12,25,122,5,20.0,193,7.7,48,4.0,1.9,74,6.2,6,24.0%,5,20.0%,0,4,3,1,4,13.8%,4,6.3,2020
8,9.0,2020-11-15,9.0,10.0,25.215,CLE,,HOU,W 10-7,12,20,132,5,23.8,165,8.3,77,6.4,3.9,55,4.6,0,0.0%,6,31.6%,1,8,1,1,3,13.6%,1,3.0,2020
9,10.0,2020-11-22,10.0,11.0,25.222,CLE,,PHI,W 22-17,12,22,204,9,36.0,260,11.8,162,13.5,7.4,42,3.5,1,5.6%,5,27.8%,3,7,3,0,6,24.0%,0,,2020
10,11.0,2020-11-29,11.0,12.0,25.229,CLE,@,JAX,W 27-25,19,29,258,15,48.4,235,8.1,141,7.4,4.9,117,6.2,0,0.0%,7,25.9%,2,10,2,0,4,12.5%,1,4.0,2020
11,12.0,2020-12-06,12.0,13.0,25.236,CLE,@,TEN,W 41-35,25,33,334,17,51.5,207,6.3,145,5.8,4.4,189,7.6,2,6.7%,0,0.0%,0,12,2,0,2,5.7%,2,2.0,2020
12,13.0,2020-12-14,13.0,14.0,25.244,CLE,,BAL,L 42-47,28,47,343,17,36.2,449,9.6,216,7.7,4.6,127,4.5,2,4.7%,9,20.9%,0,22,3,4,7,13.5%,5,4.6,2020
13,14.0,2020-12-20,14.0,15.0,25.25,CLE,@,NYG,W 20-6,27,32,297,16,48.5,235,7.3,190,7.0,5.9,107,4.0,0,0.0%,2,6.7%,1,13,6,0,7,20.0%,2,4.5,2020
14,15.0,2020-12-27,15.0,16.0,25.257,CLE,@,NYJ,L 16-23,28,53,285,12,21.1,412,7.8,165,5.9,3.1,120,4.3,2,4.0%,9,18.0%,4,15,7,5,16,28.1%,0,,2020
15,16.0,2021-01-03,16.0,17.0,25.264,CLE,,PIT,W 24-22,17,27,196,13,41.9,246,9.1,136,8.0,5.0,60,3.5,1,3.8%,4,15.4%,4,11,2,0,6,17.1%,4,10.5,2020
16,,16 Games,,,,,,,11-5-0,305,486,3563,188,36.7,4124,8.5,2203,7.2,4.5,1360,4.5,21,4.6%,85,18.8%,26,179,49,27,102,19.0%,25,6.1,2020
