,Rk,Date,G#,Week,Age,Tm,Unnamed: 6_level_1,Opp,Result,Att,Yds,TD,1D,YBC,YBC/Att,YAC,YAC/Att,BrkTkl,Att/Br,Tgt,Rec,Yds.1,TD.1,1D.1,YBC.1,YBC/R,YAC.1,YAC/R,ADOT,BrkTkl.1,Rec/Br,Drop,Drop%,Int,Rat,Year,Position,Player_Name,Team
0,1.0,2020-09-13,1.0,1.0,25.038,CLE,@,BAL,L 6-38,13,72,0,4.0,25,1.9,47,3.6,2,6.5,6,4,9,0,0.0,-2,-0.5,11,2.8,0.2,1,4.0,0,0.0,0.0,70.1,2020,Running back,Kareem Hunt,Browns
1,2.0,2020-09-17,2.0,2.0,25.042,CLE,,CIN,W 35-30,10,86,1,6.0,25,2.5,61,6.1,0,,2,2,15,1,1.0,14,7.0,1,0.5,7.0,0,,0,0.0,0.0,137.5,2020,Running back,Kareem Hunt,Browns
2,3.0,2020-09-27,3.0,3.0,25.052,CLE,,WAS,W 34-20,16,46,0,1.0,11,0.7,35,2.2,0,,3,2,18,1,2.0,14,7.0,4,2.0,5.3,0,,1,33.3,0.0,122.2,2020,Running back,Kareem Hunt,Browns
3,4.0,2020-10-04,4.0,4.0,25.059,CLE,@,DAL,W 49-38,11,71,2,5.0,29,2.6,42,3.8,0,,0,0,0,0,0.0,0,,0,,,0,,0,0.0,,,2020,Running back,Kareem Hunt,Browns
4,5.0,2020-10-11,5.0,5.0,25.066,CLE,,IND,W 32-23,20,72,0,4.0,28,1.4,44,2.2,0,,4,3,21,1,2.0,-1,-0.3,22,7.3,0.5,1,3.0,0,0.0,0.0,126.0,2020,Running back,Kareem Hunt,Browns
5,6.0,2020-10-18,6.0,6.0,25.073,CLE,@,PIT,L 7-38,13,40,0,1.0,13,1.0,27,2.1,1,13.0,3,2,17,0,2.0,0,0.0,17,8.5,0.7,1,2.0,0,0.0,0.0,81.2,2020,Running back,Kareem Hunt,Browns
6,7.0,2020-10-25,7.0,7.0,25.08,CLE,@,CIN,W 37-34,18,76,0,4.0,33,1.8,43,2.4,3,6.0,4,3,26,1,2.0,-6,-2.0,32,10.7,-2.8,1,3.0,1,25.0,0.0,131.2,2020,Running back,Kareem Hunt,Browns
7,8.0,2020-11-01,8.0,8.0,25.087,CLE,,LVR,L 6-16,14,66,0,5.0,44,3.1,22,1.6,1,14.0,3,2,7,0,0.0,-10,-5.0,17,8.5,-3.3,0,,1,33.3,0.0,70.1,2020,Running back,Kareem Hunt,Browns
8,9.0,2020-11-15,9.0,10.0,25.101,CLE,,HOU,W 10-7,19,104,0,5.0,74,3.9,30,1.6,3,6.3,4,3,28,0,1.0,-6,-2.0,34,11.3,0.3,1,3.0,0,0.0,0.0,93.7,2020,Running back,Kareem Hunt,Browns
9,10.0,2020-11-22,10.0,11.0,25.108,CLE,,PHI,W 22-17,13,11,1,1.0,0,0.0,11,0.8,2,6.5,1,1,10,0,1.0,2,2.0,8,8.0,2.0,0,,0,0.0,0.0,108.3,2020,Running back,Kareem Hunt,Browns
10,11.0,2020-11-29,11.0,12.0,25.115,CLE,@,JAX,W 27-25,10,62,0,2.0,22,2.2,40,4.0,3,3.3,2,0,0,0,0.0,0,,0,,13.5,0,,0,0.0,0.0,39.6,2020,Running back,Kareem Hunt,Browns
11,12.0,2020-12-06,12.0,13.0,25.122,CLE,@,TEN,W 41-35,14,33,0,0.0,12,0.9,21,1.5,2,7.0,3,3,24,0,2.0,-9,-3.0,33,11.0,-3.0,0,,0,0.0,0.0,100.0,2020,Running back,Kareem Hunt,Browns
12,13.0,2020-12-14,13.0,14.0,25.13,CLE,,BAL,L 42-47,6,33,1,3.0,18,3.0,15,2.5,0,,7,6,77,1,4.0,26,4.3,51,8.5,4.1,0,,0,0.0,0.0,152.1,2020,Running back,Kareem Hunt,Browns
13,14.0,2020-12-20,14.0,15.0,25.136,CLE,@,NYG,W 20-6,7,21,0,1.0,14,2.0,7,1.0,0,,3,3,7,0,1.0,1,0.3,6,2.0,0.3,0,,0,0.0,0.0,79.2,2020,Running back,Kareem Hunt,Browns
14,15.0,2020-12-27,15.0,16.0,25.143,CLE,@,NYJ,L 16-23,4,11,1,2.0,2,0.5,9,2.3,0,,5,3,41,0,1.0,-2,-0.7,43,14.3,0.6,0,,1,20.0,0.0,86.2,2020,Running back,Kareem Hunt,Browns
15,16.0,2021-01-03,16.0,17.0,25.15,CLE,,PIT,W 24-22,10,37,0,,26,2.6,11,1.1,1,10.0,1,1,4,0,,3,3.0,1,1.0,3.0,0,,0,0.0,0.0,83.3,2020,Running back,Kareem Hunt,Browns
16,,16 Games,,,,,,,11-5-0,198,841,6,44.0,376,1.9,465,2.3,18,11.0,51,38,304,5,19.0,24,0.6,280,7.4,1.4,5,7.6,4,7.8,0.0,121.7,2020,Running back,Kareem Hunt,Browns
