,Rk,Date,G#,Week,Age,Tm,Unnamed: 6_level_1,Opp,Result,Int,Tgt,Cmp,Cmp%,Yds,Yds/Cmp,Yds/Tgt,TD,Rat,DADOT,Air,YAC,Bltz,Hrry,QBKD,Sk,Prss,Comb,MTkl,MTkl%,Year
0,1.0,2020-09-13,1.0,1.0,23.312,CLE,@,BAL,L 6-38,0,0,0,,0,,,0,,,0,0,0,0,0,0.0,0,2.0,0,0.0%,2020
1,2.0,2020-09-17,2.0,2.0,23.316,CLE,,CIN,W 35-30,0,0,0,,0,,,0,,,0,0,0,0,0,,0,,0,,2020
2,3.0,2020-09-27,3.0,3.0,23.326,CLE,,WAS,W 34-20,0,0,0,,0,,,0,,,0,0,0,0,0,,0,,0,,2020
3,4.0,2020-10-04,4.0,4.0,23.333,CLE,@,DAL,W 49-38,0,0,0,,0,,,0,,,0,0,0,0,0,,0,,0,,2020
4,5.0,2020-10-11,5.0,5.0,23.34,CLE,,IND,W 32-23,1,0,0,,0,,,0,,,0,0,0,0,0,0.0,0,1.0,0,0.0%,2020
5,6.0,2020-10-18,6.0,6.0,23.347,CLE,@,PIT,L 7-38,0,2,2,100.0%,8,4.0,4.0,0,83.3,1.5,3,5,3,0,0,0.5,1,6.0,1,14.3%,2020
6,7.0,2020-10-25,7.0,7.0,23.354,CLE,@,CIN,W 37-34,0,0,0,,0,,,0,,,0,0,0,0,0,0.0,0,1.0,1,50.0%,2020
7,8.0,2020-11-01,8.0,8.0,23.361,CLE,,LVR,L 6-16,0,0,0,,0,,,0,,,0,0,0,0,0,,0,,0,,2020
8,9.0,2020-11-15,9.0,10.0,24.009,CLE,,HOU,W 10-7,0,1,1,100.0%,29,29.0,29.0,0,118.7,23.0,23,6,2,1,0,0.0,1,2.0,0,0.0%,2020
9,10.0,2020-11-22,10.0,11.0,24.016,CLE,,PHI,W 22-17,0,0,0,,0,,,0,,,0,0,1,0,0,0.0,0,1.0,1,50.0%,2020
10,11.0,2020-12-06,12.0,13.0,24.03,CLE,@,TEN,W 41-35,0,2,1,50.0%,19,19.0,9.5,0,83.3,3.5,3,16,1,0,0,0.0,0,1.0,0,0.0%,2020
11,12.0,2020-12-14,13.0,14.0,24.038,CLE,,BAL,L 42-47,0,1,1,100.0%,15,15.0,15.0,0,118.7,14.0,14,1,0,0,0,0.0,0,2.0,0,0.0%,2020
12,13.0,2020-12-20,14.0,15.0,24.044,CLE,@,NYG,W 20-6,0,1,1,100.0%,7,7.0,7.0,0,95.8,6.0,6,1,0,0,0,0.0,0,8.0,0,0.0%,2020
13,14.0,2020-12-27,15.0,16.0,24.051,CLE,@,NYJ,L 16-23,0,1,0,0.0%,0,,0.0,0,39.6,45.0,0,0,1,0,0,0.0,0,2.0,0,0.0%,2020
14,15.0,2021-01-03,16.0,17.0,24.058,CLE,,PIT,W 24-22,0,0,0,,0,,,0,,,0,0,0,0,0,0.0,0,1.0,0,0.0%,2020
15,,15 Games,,,,,,,10-5-0,1,8,6,75.0%,78,13.0,9.8,0,65.6,12.3,49,29,8,1,0,0.5,2,27.0,3,10.0%,2020
