,Rk,Date,G#,Week,Age,Tm,Unnamed: 6_level_1,Opp,Result,Att,Yds,TD,1D,YBC,YBC/Att,YAC,YAC/Att,BrkTkl,Att/Br,Tgt,Rec,Yds,TD,1D,YBC,YBC/R,YAC,YAC/R,ADOT,BrkTkl,Rec/Br,Drop,Drop%,Int,Rat,Year
0,1.0,2020-09-13,1.0,1.0,25.316,PHI,@,WAS,L 17-27,6.0,19.0,0.0,1.0,10.0,1.7,9.0,1.5,0.0,,2.0,2.0,2.0,0.0,1.0,-6.0,-3.0,8.0,4.0,-3.0,0.0,,0.0,0.0,0.0,79.2,2020
1,2.0,2020-09-20,2.0,2.0,25.323,PHI,,LAR,L 19-37,,,,,,,,,,,,,,,,,,,,,,,,0.0,,,2020
2,3.0,2020-09-27,3.0,3.0,25.33,PHI,,CIN,T 23-23,3.0,8.0,0.0,,6.0,2.0,2.0,0.7,0.0,,0.0,0.0,0.0,0.0,,0.0,,0.0,,,0.0,,0.0,0.0,,,2020
3,4.0,2020-10-04,4.0,4.0,25.337,PHI,@,SFO,W 25-20,2.0,3.0,0.0,,0.0,0.0,3.0,1.5,0.0,,0.0,0.0,0.0,0.0,,0.0,,0.0,,,0.0,,0.0,0.0,,,2020
4,5.0,2020-10-11,5.0,5.0,25.344,PHI,@,PIT,L 29-38,,,,,,,,,,,,,,,,,,,,,,,,0.0,,,2020
5,6.0,2020-10-18,6.0,6.0,25.351,PHI,,BAL,L 28-30,0.0,0.0,0.0,,0.0,,0.0,,0.0,,0.0,0.0,0.0,0.0,,0.0,,0.0,,,0.0,,0.0,0.0,,,2020
6,7.0,2020-10-22,7.0,7.0,25.355,PHI,,NYG,W 22-21,2.0,9.0,0.0,,4.0,2.0,5.0,2.5,0.0,,1.0,1.0,12.0,0.0,,1.0,1.0,11.0,11.0,1.0,0.0,,0.0,0.0,0.0,116.7,2020
7,8.0,2020-11-01,8.0,8.0,25.365,PHI,,DAL,W 23-9,5.0,24.0,0.0,1.0,16.0,3.2,8.0,1.6,0.0,,2.0,1.0,4.0,0.0,1.0,1.0,1.0,3.0,3.0,-1.0,0.0,,1.0,50.0,0.0,56.2,2020
8,9.0,2020-11-15,9.0,10.0,26.013,PHI,@,NYG,L 17-27,1.0,5.0,1.0,1.0,3.0,3.0,2.0,2.0,0.0,,0.0,0.0,0.0,0.0,0.0,0.0,,0.0,,,0.0,,0.0,0.0,,,2020
9,10.0,2020-11-30,11.0,12.0,26.028,PHI,,SEA,L 17-23,1.0,6.0,0.0,,3.0,3.0,3.0,3.0,0.0,,0.0,0.0,0.0,0.0,,0.0,,0.0,,,0.0,,0.0,0.0,,,2020
10,11.0,2020-12-06,12.0,13.0,26.034,PHI,@,GNB,L 16-30,,,,,,,,,,,,,,,,,,,,,,,,0.0,,,2020
11,12.0,2020-12-13,13.0,14.0,26.041,PHI,,NOR,W 24-21,,,,,,,,,,,,,,,,,,,,,,,,0.0,,,2020
12,13.0,2020-12-20,14.0,15.0,26.048,PHI,@,ARI,L 26-33,0.0,0.0,0.0,,0.0,,0.0,,0.0,,0.0,0.0,0.0,0.0,,0.0,,0.0,,,0.0,,0.0,0.0,,,2020
13,14.0,2020-12-27,15.0,16.0,26.055,PHI,@,DAL,L 17-37,,,,,,,,,,,,,,,,,,,,,,,,0.0,,,2020
14,15.0,2021-01-03,16.0,17.0,26.062,PHI,,WAS,L 14-20,1.0,1.0,0.0,,1.0,1.0,0.0,0.0,0.0,,1.0,1.0,7.0,0.0,,-3.0,-3.0,10.0,10.0,-3.0,0.0,,0.0,0.0,0.0,95.8,2020
15,,15 Games,,,,,,,4-10-1,21.0,75.0,1.0,3.0,43.0,2.0,32.0,1.5,0.0,,6.0,5.0,25.0,0.0,2.0,-7.0,-1.4,32.0,6.4,-1.7,0.0,,1.0,16.7,0.0,84.0,2020
