,Rk,Date,G#,Week,Age,Tm,Unnamed: 6_level_1,Opp,Result,Tgt,Rec,Yds,TD,1D,YBC,YBC/R,YAC,YAC/R,ADOT,BrkTkl,Rec/Br,Drop,Drop%,Int,Rat,Att,Yds,TD,1D,YBC,YBC/Att,YAC,YAC/Att,BrkTkl,Att/Br,Year
0,1.0,2020-09-13,1.0,1.0,21.255,PHI,@,WAS,L 17-27,4,1,55,0,1.0,52,52.0,3,3.0,34.0,0,,0,0.0,1,39.6,0,0,0,0.0,0,,0,,0,,2020
1,2.0,2020-09-20,2.0,2.0,21.262,PHI,,LAR,L 19-37,4,4,41,0,2.0,15,3.8,26,6.5,3.8,0,,0,0.0,0,109.4,0,0,0,0.0,0,,0,,0,,2020
2,3.0,2020-11-01,8.0,8.0,21.304,PHI,,DAL,W 23-9,6,3,16,1,2.0,10,3.3,6,2.0,12.5,1,3.0,1,16.7,1,56.2,1,6,0,0.0,6,6.0,0,0.0,0,,2020
3,4.0,2020-11-15,9.0,10.0,21.318,PHI,@,NYG,L 17-27,7,4,47,0,3.0,31,7.8,16,4.0,13.7,0,,0,0.0,0,77.7,0,0,0,0.0,0,,0,,0,,2020
4,5.0,2020-11-22,10.0,11.0,21.325,PHI,@,CLE,L 17-22,5,4,52,0,3.0,29,7.3,23,5.8,8.2,0,,0,0.0,0,110.0,0,0,0,0.0,0,,0,,0,,2020
5,6.0,2020-11-30,11.0,12.0,21.333,PHI,,SEA,L 17-23,7,3,11,0,,-8,-2.7,19,6.3,9.1,1,3.0,0,0.0,0,50.3,0,0,0,,0,,0,,0,,2020
6,7.0,2020-12-06,12.0,13.0,21.339,PHI,@,GNB,L 16-30,1,1,34,0,1.0,31,31.0,3,3.0,31.0,0,,0,0.0,0,118.7,1,11,0,1.0,11,11.0,0,0.0,0,,2020
7,8.0,2020-12-13,13.0,14.0,21.346,PHI,,NOR,W 24-21,4,2,46,0,1.0,1,0.5,45,22.5,15.0,1,2.0,0,0.0,0,91.7,1,19,0,1.0,17,17.0,2,2.0,0,,2020
8,9.0,2020-12-20,14.0,15.0,21.353,PHI,@,ARI,L 26-33,8,5,49,0,3.0,23,4.6,26,5.2,13.0,0,,0,0.0,0,79.7,1,-10,0,0.0,-10,-10.0,0,0.0,0,,2020
9,10.0,2020-12-27,15.0,16.0,21.36,PHI,@,DAL,L 17-37,7,3,30,0,2.0,6,2.0,24,8.0,7.1,0,,0,0.0,1,16.1,0,0,0,0.0,0,,0,,0,,2020
10,11.0,2021-01-03,16.0,17.0,22.001,PHI,,WAS,L 14-20,1,1,15,0,1.0,15,15.0,0,0.0,15.0,0,,0,0.0,0,118.7,0,0,0,0.0,0,,0,,0,,2020
11,,11 Games,,,,,,,2-9-0,54,31,396,1,19.0,205,6.6,191,6.2,12.7,3,10.3,1,1.9,3,63.5,4,26,0,2.0,24,6.0,2,0.5,0,,2020
