,Rk,Date,G#,Week,Age,Tm,Unnamed: 6_level_1,Opp,Result,Int,Tgt,Cmp,Cmp%,Yds,Yds/Cmp,Yds/Tgt,TD,Rat,DADOT,Air,YAC,Bltz,Hrry,QBKD,Sk,Prss,Comb,MTkl,MTkl%,Year
0,1.0,2020-09-13,1.0,1.0,30.246,PHI,@,WAS,L 17-27,0,0,0,,0.0,,,0.0,,,0.0,0.0,0,0,2,0.0,2,2.0,0,0.0%,2020
1,2.0,2020-09-20,2.0,2.0,30.253,PHI,,LAR,L 19-37,0,0,0,,0.0,,,0.0,,,0.0,0.0,0,0,1,0.0,1,3.0,0,0.0%,2020
2,3.0,2020-09-27,3.0,3.0,30.26,PHI,,CIN,T 23-23,0,0,0,,0.0,,,0.0,,,0.0,0.0,0,0,3,0.5,4,2.0,0,0.0%,2020
3,4.0,2020-10-04,4.0,4.0,30.267,PHI,@,SFO,W 25-20,0,0,0,,0.0,,,0.0,,,0.0,0.0,0,0,2,0.0,2,1.0,0,0.0%,2020
4,5.0,2020-10-11,5.0,5.0,30.274,PHI,@,PIT,L 29-38,0,0,0,,0.0,,,0.0,,,0.0,0.0,0,1,0,0.0,1,1.0,1,50.0%,2020
5,6.0,2020-10-18,6.0,6.0,30.281,PHI,,BAL,L 28-30,0,0,0,,0.0,,,0.0,,,0.0,0.0,0,1,1,1.0,3,4.0,1,20.0%,2020
6,7.0,2020-11-01,8.0,8.0,30.295,PHI,,DAL,W 23-9,0,0,0,,0.0,,,0.0,,,0.0,0.0,0,0,0,,0,,0,,2020
7,8.0,2020-11-15,9.0,10.0,30.309,PHI,@,NYG,L 17-27,0,0,0,,0.0,,,0.0,,,0.0,0.0,0,0,0,,0,,0,,2020
8,9.0,2020-11-22,10.0,11.0,30.316,PHI,@,CLE,L 17-22,0,0,0,,0.0,,,0.0,,,0.0,0.0,0,0,0,0.0,0,1.0,0,0.0%,2020
9,10.0,2020-11-30,11.0,12.0,30.324,PHI,,SEA,L 17-23,0,0,0,,0.0,,,0.0,,,0.0,0.0,0,0,0,0.0,0,1.0,0,0.0%,2020
10,11.0,2020-12-06,12.0,13.0,30.33,PHI,@,GNB,L 16-30,0,0,0,,0.0,,,0.0,,,0.0,0.0,0,0,0,0.0,0,1.0,0,0.0%,2020
11,12.0,2020-12-13,13.0,14.0,30.337,PHI,,NOR,W 24-21,0,0,0,,0.0,,,0.0,,,0.0,0.0,0,1,1,0.0,2,2.0,0,0.0%,2020
12,13.0,2020-12-20,14.0,15.0,30.344,PHI,@,ARI,L 26-33,0,0,0,,0.0,,,0.0,,,0.0,0.0,0,1,0,0.0,1,3.0,0,0.0%,2020
13,14.0,2020-12-27,15.0,16.0,30.351,PHI,@,DAL,L 17-37,0,0,0,,0.0,,,0.0,,,0.0,0.0,0,0,0,0.0,0,2.0,0,0.0%,2020
14,15.0,2021-01-03,16.0,17.0,30.358,PHI,,WAS,L 14-20,0,0,0,,0.0,,,0.0,,,0.0,0.0,0,1,0,1.0,2,5.0,0,0.0%,2020
15,,15 Games,,,,,,,3-11-1,0,0,0,,,,,,,,,,0,5,10,2.5,18,28.0,2,6.7%,2020
